{"segGroups": [{"objectId": 1, "id": 1, "partId": 1, "index": 0, "dominantNormal": [0, -2.220446049250313e-16, 1], "obb": {"axesLengths": [5.662805989204821, 0.22774993864260826, 3.712810304264472], "centroid": [0.8546639383308415, 0.4650859737974078, -1.3029749493381009], "normalizedAxes": [0.9345368146896362, 0.35586652159690857, 7.901824119403068e-17, 0, -2.220446049250313e-16, 1, 0.35586652159690857, -0.9345368146896362, -2.0750885780565747e-16]}, "segments": [13245, 6009, 7792, 11488, 18120, 18033, 17571, 8696, 6390, 6299, 10112, 381, 1062, 1220, 1309, 1310, 1315, 1492, 1561, 1579, 1636, 1744, 1817, 2265, 2385, 3093, 3098, 3102, 3297, 5477, 5479, 5538, 5548, 5552, 5574, 5591, 5613, 5631, 5662, 5666, 5693, 5702, 5713, 5776, 5806, 5957, 6100, 6115, 6158, 6170, 6217, 6234, 6250, 6251, 6374, 6415, 6449, 6464, 6470, 6473, 6484, 6508, 6987, 7006, 7052, 7060, 7135, 7162, 7703, 7750, 7809, 7817, 8135, 8419, 8424, 8450, 8646, 8736, 8787, 8817, 8821, 8834, 8839, 8891, 8894, 8929, 9060, 9099, 9132, 9441, 9537, 9842, 10074, 10105, 10116, 10155, 10160, 10185, 10213, 10246, 10487, 10525, 10552, 10555, 10644, 11169, 11288, 11290, 11325, 11365, 11383, 11385, 11498, 11501, 11510, 11543, 11544, 11819, 11875, 11892, 12036, 12045, 12078, 12099, 12104, 12142, 12149, 12253, 12277, 12298, 12299, 12310, 12313, 12330, 12336, 12368, 12372, 12381, 12388, 12419, 12421, 12715, 12720, 12726, 12891, 12893, 12905, 12917, 12974, 12979, 13004, 13006, 13040, 13049, 13057, 13069, 13239, 13365, 13417, 13421, 13434, 13437, 13464, 13471, 13499, 13566, 13979, 14017, 14032, 14041, 14053, 14060, 14226, 14238, 14259, 14289, 14480, 14499, 16092, 16639, 16685, 17465, 17598, 18076, 18116, 18126, 18150, 18272, 18315, 18330, 18344, 18357, 18401, 18424, 18432, 18801, 18821, 18871, 18873, 19000, 19300, 19483, 19798, 19801, 19807, 19823, 20755, 20758, 20770, 20800, 20962, 21008, 21011, 21046, 21058, 21065, 21077, 21098, 21166, 21181, 21519, 21655, 21659, 21664, 21666, 21668, 23410, 23482, 23483, 23486, 23488, 23491, 23595, 23598, 23672, 23675, 23856, 23858, 24115, 24309, 24313, 24328, 24357, 24360, 24364, 24399, 24400, 24423, 24427, 24428, 24450, 24633, 24634, 24637, 24641, 24645, 24772, 24778, 24998, 25109, 26822, 26824, 26827, 26833, 26953, 26957, 26961, 26966, 27393, 27492, 27496, 27521, 27573, 27574, 27579, 27588, 27614, 28724, 10469, 1650, 10043, 17861, 7038, 8122, 8397, 10563, 12343, 17884, 17885, 17903, 24317], "label": "floor"}, {"objectId": 2, "id": 2, "partId": 2, "index": 1, "dominantNormal": [0, -2.220446049250313e-16, 1], "obb": {"axesLengths": [1.260076696255723, 0.6809339967161265, 0.9388711184119597], "centroid": [1.9226796602403682, 1.010510622566168, -0.9703629489161896], "normalizedAxes": [-0.6936623454093933, 0.7203003168106079, 1.5993879927358632e-16, 0, -2.220446049250313e-16, 1, 0.7203003168106079, 0.6936623454093933, 1.5402398143779934e-16]}, "segments": [29554, 29531, 20725, 4, 15735, 25732, 22567, 21526, 25813, 15897, 17278, 15227, 15106, 27482, 25958, 18305, 18264, 25722, 8876, 15753, 8198, 716, 8918, 40, 175, 176, 515, 546, 585, 2102, 2506, 2563, 2608, 2643, 2661, 2704, 2713, 2714, 2716, 2781, 2803, 2823, 2838, 2850, 2851, 2886, 2903, 2915, 2927, 2935, 2959, 2983, 2986, 2992, 2996, 3048, 3052, 3057, 7942, 7952, 7965, 7975, 7988, 8826, 8939, 14694, 14696, 14721, 14724, 14730, 15128, 15134, 15138, 15179, 15193, 15194, 15256, 15770, 15791, 16720, 16731, 18139, 18165, 18286, 18304, 18352, 18383, 20645, 20697, 20710, 20730, 20814, 20822, 20879, 21506, 21535, 21834, 21837, 22416, 22427, 22440, 22455, 22557, 25379, 25381, 25572, 25575, 25602, 25609, 25612, 25640, 25770, 25887, 25894, 25962, 25982, 25984, 27505, 27518, 20811, 27524, 18996, 27390, 20490, 18908, 20847, 27545], "label": "armchair"}, {"objectId": 3, "id": 3, "partId": 3, "index": 2, "dominantNormal": [0, -2.220446049250313e-16, 1], "obb": {"axesLengths": [1.2734076662816252, 0.6768799868923425, 1.0073776376788985], "centroid": [0.0299516797895083, 0.41165524533139164, -0.9684399541071058], "normalizedAxes": [0.05745420232415199, 0.9983481168746948, 2.216778131890906e-16, 0, -2.220446049250313e-16, 1, 0.9983481168746948, -0.05745420232415199, -1.2757395656349145e-17]}, "segments": [17350, 26584, 25463, 16874, 23921, 9386, 8814, 24085, 24103, 9982, 12411, 12582, 8587, 9357, 10864, 25486, 9831, 8607, 9808, 8555, 8560, 8758, 8761, 8788, 8806, 9319, 9334, 9409, 9410, 9424, 9916, 9930, 9994, 10751, 10872, 11639, 11642, 11646, 11670, 11697, 11699, 11702, 11732, 12434, 12452, 12467, 12471, 12529, 12531, 12540, 12546, 12559, 12594, 12599, 12628, 14963, 14967, 15005, 23862, 23895, 23897, 23954, 23957, 24073, 24080, 24082, 24320, 24372, 24458, 24461, 24472, 24508, 24523, 24539, 24547, 24551, 24570, 24591, 24592, 24616, 25132, 25517, 25519], "label": "armchair"}, {"objectId": 4, "id": 4, "partId": 4, "index": 3, "dominantNormal": [0.3400353491306305, -0.9404126405715942, -2.088135532422251e-16], "obb": {"axesLengths": [4.4813182012171024, 0.9582970226191646, 0.8727980128752163], "centroid": [1.4627008911163442, -1.2367246107084302, -0.8820214912588552], "normalizedAxes": [0.9404126405715942, 0.3400353491306305, 7.550301475825594e-17, 0, -2.220446049250313e-16, 1, 0.3400353491306305, -0.9404126405715942, -2.088135532422251e-16]}, "segments": [9005, 13341, 1302, 27028, 27254, 7200, 10856, 12118, 17978, 19939, 25854, 26843, 19098, 8498, 8707, 112, 196, 208, 254, 256, 261, 268, 463, 916, 925, 938, 944, 990, 1000, 1011, 1032, 1034, 1042, 1050, 1101, 1102, 1105, 1128, 1132, 1133, 1137, 1828, 1835, 2045, 2216, 2274, 2383, 2656, 3123, 3129, 3174, 3194, 3937, 3985, 4003, 4019, 4048, 4050, 4095, 4571, 4580, 4596, 4608, 4622, 4655, 4658, 4661, 4918, 4932, 4943, 4953, 5018, 5073, 5155, 5175, 5206, 5249, 5257, 5264, 5827, 7885, 8051, 8073, 8146, 8150, 8175, 8218, 8226, 8339, 9535, 10016, 10473, 10774, 10778, 10865, 10936, 10939, 10997, 11006, 11019, 11035, 11048, 11066, 11131, 12062, 12211, 12663, 12684, 13107, 13111, 13121, 13145, 13174, 13175, 13178, 13206, 13665, 13841, 13908, 13917, 14006, 14030, 14096, 14341, 14349, 14353, 14373, 14377, 14439, 14837, 14900, 14974, 15384, 16235, 16240, 16310, 16322, 16664, 16738, 16823, 16842, 16863, 16876, 16879, 16955, 16978, 17022, 17040, 17069, 17071, 17207, 17611, 17652, 17879, 18055, 18083, 19222, 19500, 19506, 19745, 20111, 20201, 20204, 20213, 20262, 20273, 20279, 20317, 20324, 20328, 21399, 21465, 21502, 21505, 21683, 21704, 21721, 21730, 21754, 21758, 21867, 21891, 21896, 21898, 21921, 21950, 22087, 22668, 22902, 22911, 22971, 22974, 22976, 22982, 23005, 23258, 23269, 23298, 23303, 23326, 23335, 23336, 23462, 23475, 24436, 24439, 24491, 24620, 24621, 24628, 24882, 25151, 25202, 25264, 25301, 25318, 25358, 25361, 25399, 25425, 25431, 25445, 25579, 25660, 25662, 25667, 25669, 25674, 25716, 25857, 25995, 26093, 26368, 26376, 26461, 26604, 26679, 26819, 26840, 27452, 27577, 29183, 29199, 29202, 29289, 29326, 29328, 18584, 14863, 14700, 13582, 13478, 29322, 13688, 5122, 4112], "label": "counter"}, {"objectId": 5, "id": 5, "partId": 5, "index": 4, "dominantNormal": [0.8744428157806396, 0.48512861132621765, 1.0772019083975907e-16], "obb": {"axesLengths": [0.5903039775639708, 0.6917449677345534, 0.562115190631067], "centroid": [1.1065855398484197, 0.5392014520717787, -0.9689774389793543], "normalizedAxes": [-0.48512861132621765, 0.8744428157806396, 1.9416530955954406e-16, 0, -2.220446049250313e-16, 1, 0.8744428157806396, 0.48512861132621765, 1.0772019083975907e-16]}, "segments": [23374, 27694, 27733, 19842, 14676, 27702, 8068, 8246, 4147, 4224, 4227, 4694, 4708, 4722, 5236, 8014, 8015, 8127, 8259, 19644, 19688, 19836, 19843, 23027, 23029, 23360, 23684, 23739, 27720, 8116], "label": "table"}, {"objectId": 6, "id": 6, "partId": 6, "index": 5, "dominantNormal": [0, -2.220446049250313e-16, 1], "obb": {"axesLengths": [0.7412615750460263, 0.5578900450939672, 0.7420871760167113], "centroid": [0.8279202287289025, 1.314931367268822, -1.04894496577356], "normalizedAxes": [0.9454801082611084, -0.32567986845970154, -7.231545772417059e-17, 0, -2.220446049250313e-16, 1, -0.32567986845970154, -0.9454801082611084, -2.0993875710331364e-16]}, "segments": [6721, 5278, 6811, 5859, 6798, 6752, 6765, 10290, 19035, 19048, 19060, 23549, 23551, 23557], "label": "table"}, {"objectId": 7, "id": 7, "partId": 7, "index": 6, "dominantNormal": [0, -2.220446049250313e-16, 1], "obb": {"axesLengths": [0.6231133573160411, 0.5338359355814171, 0.6959513073527126], "centroid": [3.1992971489479154, -0.5073551705019088, -1.0408119419780677], "normalizedAxes": [0.6529760956764221, 0.7573785185813904, 1.681718139371103e-16, 0, -2.220446049250313e-16, 1, 0.7573785185813904, -0.6529760956764221, -1.449898191899606e-16]}, "segments": [23939, 9313, 9136, 11384, 11427, 28030, 24117, 13117, 21459, 21463, 24127, 1800, 13765, 13767, 13785, 21444, 24131, 11553, 1748, 11627, 13897, 22109, 24192, 11689, 24197, 24193, 1784, 21475, 11309, 5049, 10137, 5182], "label": "stool"}, {"objectId": 8, "id": 8, "partId": 8, "index": 7, "dominantNormal": [0.7352875471115112, 0.6777552962303162, 1.5049190698730811e-16], "obb": {"axesLengths": [0.9190532515424735, 0.5770900120491528, 0.5654642867068167], "centroid": [2.864876129078996, -0.6894176229424654, -1.0385449687716735], "normalizedAxes": [-0.6777552962303162, 0.7352875471115112, 1.6326663290467086e-16, 0, -2.220446049250313e-16, 1, 0.7352875471115112, 0.6777552962303162, 1.5049190698730811e-16]}, "segments": [17307, 15443, 21435, 21310, 12771, 21321, 21324, 9903, 9746, 9865, 16995, 9636, 6976, 9173, 9186, 9543, 9634, 9730, 15339, 15392, 15447, 16612, 16788, 16797, 16811, 16911, 16967, 17083, 17140, 17280, 17308, 17318, 21306, 21315, 21343, 21372, 21378, 21382, 21393, 22088, 22096, 22097, 23679, 23682, 27385, 27682, 5207, 8245, 6204, 8362, 3576, 26815, 26786, 8461, 8392, 8188, 317, 21357, 8435, 8409], "label": "stool"}, {"objectId": 10, "id": 10, "partId": 10, "index": 8, "dominantNormal": [0.3465965688228607, -0.9380142688751221, -2.0828100774641857e-16], "obb": {"axesLengths": [4.465540378208713, 1.2155599471429, 1.1167615859475266], "centroid": [1.4834932507539347, -1.430263995615543, -0.7177799500276151], "normalizedAxes": [0.9380142688751221, 0.3465965986251831, 7.695990481008843e-17, 0, -2.220446049250313e-16, 1, 0.3465965986251831, -0.9380142688751221, -2.0828100774641857e-16]}, "segments": [19620, 848, 26449, 7550, 22066, 21910, 21968, 3135, 1110, 17627, 11993, 25647, 17221, 26366, 10954, 24338, 17132, 26323, 16470, 24340, 10772, 15490, 26606, 15012, 19861, 19126, 26589, 7903, 13272, 9522, 17941, 26185, 1346, 20486, 27026, 27125, 3595, 7329, 7548, 3888, 1357, 18471, 26506, 15607, 15669, 107, 133, 165, 170, 212, 1380, 1404, 1416, 1434, 1460, 3108, 3201, 3338, 3379, 3408, 3434, 3452, 3465, 3477, 3483, 3487, 3496, 3518, 3525, 3549, 3586, 3592, 3744, 3765, 3770, 3826, 3849, 3853, 3858, 3900, 3914, 3915, 4242, 4335, 4354, 4360, 4411, 4459, 4474, 4488, 4564, 4873, 4891, 7210, 7231, 7255, 7259, 7283, 7419, 7525, 7537, 7578, 7592, 7593, 7916, 8080, 8096, 9581, 9582, 9584, 9601, 9640, 9661, 9675, 9677, 9706, 13265, 14212, 14783, 14788, 14796, 14803, 14805, 15028, 15043, 15564, 15594, 15599, 15612, 15615, 15643, 15657, 15658, 15698, 15715, 15730, 15737, 15834, 15851, 15891, 15900, 15929, 16003, 16026, 16045, 16078, 16081, 16106, 16133, 16196, 16207, 16238, 16246, 16248, 16279, 16283, 16288, 16309, 16339, 16341, 16375, 16422, 16449, 16557, 16624, 17398, 17486, 17715, 17730, 17738, 17746, 17748, 17792, 17798, 17810, 17812, 17817, 17927, 17992, 18013, 18468, 18474, 18475, 18659, 18728, 18822, 19240, 19345, 19354, 19538, 19547, 19854, 19871, 19874, 19967, 20883, 20891, 20915, 20935, 20950, 20991, 21000, 21035, 21044, 21069, 21078, 21079, 21101, 21123, 21151, 21157, 21203, 21300, 21585, 21587, 21596, 21608, 21632, 22860, 22912, 22952, 22959, 22961, 22964, 23142, 23602, 23603, 23610, 23616, 23641, 23660, 23668, 24735, 24896, 24946, 25076, 25081, 25100, 25107, 25115, 25148, 25188, 25189, 25257, 25419, 25422, 25549, 25562, 25906, 26472, 26611, 26615, 26669, 26672, 26688, 26717, 26719, 26721, 26755, 26756, 26780, 27764, 27771, 27772, 27774, 27786, 27792, 27869, 27872, 27925, 27973, 27983, 29117, 29132, 29139, 29167, 29171, 29178, 29181, 29208, 29216, 29229, 29236, 29503, 6583, 23113, 4648, 23244, 23203, 3276, 1463, 2993, 3568, 2611, 3696, 5572, 4499, 259, 361, 389, 1566, 1677, 1743, 1750, 1753, 2348, 2394, 2395, 2408, 2470, 2578, 2667, 2699, 2718, 2760, 3078, 3134, 3186, 3189, 3210, 3220, 3227, 3271, 3303, 3373, 3471, 3613, 3681, 4312, 4347, 4366, 4407, 4447, 4448, 4461, 4517, 4699, 4787, 4870, 4875, 4894, 4908, 4929, 4935, 4954, 4956, 5346, 5360, 5382, 5453, 5542, 5560, 5562, 5571, 5725, 5833, 5848, 5915, 5930, 5936, 5999, 6007, 6038, 6058, 6106, 6123, 6124, 6226, 6328, 6781, 6920, 6950, 6957, 6962, 6967, 6982, 7111, 7142, 7156, 7284, 7293, 7315, 7369, 7396, 7398, 10284, 10338, 14613, 21549, 21555, 21566, 21569, 21571, 21686, 21692, 21698, 21706, 21726, 21737, 21743, 21746, 21852, 21859, 21863, 21883, 21886, 22115, 22135, 22151, 22161, 22163, 22167, 22352, 22359, 22363, 22438, 22451, 22458, 22474, 22499, 22547, 22553, 22761, 22816, 22823, 22939, 22943, 22948, 22968, 22987, 22996, 23031, 23035, 23048, 23058, 23060, 23126, 23167, 24183, 357, 363, 21592, 617, 26899, 3507, 22675, 5771, 2210, 1963, 23919, 7870, 7879, 27631, 25159, 16884, 26243, 15515, 15593, 16916, 4075, 23267, 4996], "label": "window"}, {"objectId": 11, "id": 11, "partId": 11, "index": 9, "dominantNormal": [0.4145631194114685, -0.9100205898284912, -2.020651623421113e-16], "obb": {"axesLengths": [0.8643483833808604, 0.6335740543848112, 0.548992773989506], "centroid": [1.3744443806699067, -1.0558923608092134, -0.998562978612713], "normalizedAxes": [0.9100205302238464, 0.4145631194114685, 9.20515040662081e-17, 0, -2.220446049250313e-16, 1, 0.4145631194114685, -0.9100205302238464, -2.020651491072215e-16]}, "segments": [20426, 22388, 1205, 632, 635, 659, 664, 676, 677, 696, 1184, 2246, 2268, 2301, 2309, 2315, 2331, 2337, 2389, 2391, 2410, 20372, 20387, 20389, 21814, 22339, 22346, 22350, 22368, 22370, 29349, 29394, 20461, 29388, 20295, 322, 19121, 1987, 16124, 19127, 18569, 1936, 72, 93, 304, 318, 321, 350, 597, 610, 613, 621, 1886, 2015, 2016, 2058, 2068, 2115, 2119, 2120, 2122, 2126, 2150, 2152, 2158, 2182, 2185, 21699, 22157, 22165, 22185, 22246, 22249, 22251, 22259, 22266, 22276, 22306, 131, 111, 17830, 16215, 25882, 16265, 16212, 1988, 29410, 20471], "label": "stool"}, {"objectId": 13, "id": 13, "partId": 13, "index": 10, "dominantNormal": [0, -2.220446049250313e-16, 1], "obb": {"axesLengths": [0.8651974624005997, 0.5459060546925798, 0.7796897551267553], "centroid": [0.40435349709578683, -1.5678414939106264, -1.0472169675555003], "normalizedAxes": [0.9347766637802124, 0.3552359640598297, 7.887822929482751e-17, 0, -2.220446049250313e-16, 1, 0.3552359640598297, -0.9347766637802124, -2.0756211500221609e-16]}, "segments": [12184, 29231, 11321, 24708, 25285, 13095, 27571, 24728, 19436, 19457, 13182, 25223, 14375, 14382, 13116, 20326, 14418, 29298, 25218, 26894, 11952, 13678, 17051, 17076, 4653, 27744, 13766, 3772, 12193, 25276], "label": "stool"}, {"objectId": 18, "id": 18, "partId": 18, "index": 11, "dominantNormal": [0.6672686338424683, -0.7448171377182007, -1.653826270860305e-16], "obb": {"axesLengths": [0.6136705723296147, 1.1363000168733288, 0.35572828301539455], "centroid": [3.60784005191677, -0.21721035429469876, -0.7381499859359112], "normalizedAxes": [0.7448171377182007, 0.6672686338424683, 1.4816340018041624e-16, 0, -2.220446049250313e-16, 1, 0.6672686338424683, -0.7448171377182007, -1.653826270860305e-16]}, "segments": [829, 1049], "label": "wall"}, {"objectId": 19, "id": 19, "partId": 19, "index": 12, "dominantNormal": [0.2587940990924835, -0.9659324884414673, -2.1448009778023797e-16], "obb": {"axesLengths": [0.525830255487196, 0.601019965089411, 0.34488168189954643], "centroid": [0.44203733855309757, 2.3798592469174613, -1.0705099257712818], "normalizedAxes": [0.9659324884414673, 0.2587940990924835, 5.746383348991991e-17, 0, -2.220446049250313e-16, 1, 0.2587940990924835, -0.9659324884414673, -2.1448009778023797e-16]}, "segments": [6601, 6652, 7083, 6678, 5941, 5948, 6176, 6231, 23575, 5355, 5412], "label": "table"}, {"objectId": 20, "id": 20, "partId": 20, "index": 13, "dominantNormal": [0, -2.220446049250313e-16, 1], "obb": {"axesLengths": [0.338949406730541, 0.25999995484948263, 0.27606758877351895], "centroid": [2.6165137126710767, -0.7265119109659559, -0.45999996267259124], "normalizedAxes": [0.0570947602391243, 0.9983687400817871, 2.216823924609617e-16, 0, -2.220446049250313e-16, 1, 0.9983687400817871, -0.0570947602391243, -1.2677583480585741e-17]}, "segments": [7418, 23400, 7400, 27127, 6849, 6718, 6812, 7073, 7267, 7321, 7322, 7328, 7381, 7506, 7547, 7660, 7678, 7688, 23406, 27229, 7793, 23520, 7803, 7743], "label": "item"}, {"objectId": 21, "id": 21, "partId": 21, "index": 14, "dominantNormal": [0.9585629105567932, -0.2848809063434601, -6.325626829971844e-17], "obb": {"axesLengths": [0.18718599560690274, 0.21367695450014712, 0.07098742125394464], "centroid": [-0.00847059091084379, -1.5421495009230166, -0.5123734601801598], "normalizedAxes": [0.2848808765411377, 0.9585629105567932, 2.1284372277037127e-16, 0, -2.220446049250313e-16, 1, 0.9585629105567932, -0.2848808765411377, -6.325626168227354e-17]}, "segments": [19082, 13622], "label": "item"}, {"objectId": 22, "id": 22, "partId": 22, "index": 15, "dominantNormal": [0.9346076250076294, 0.3556804955005646, 7.897693510296224e-17], "obb": {"axesLengths": [0.1406073323857426, 0.17837202150288167, 0.07211995479933193], "centroid": [1.2112923683890406, 0.502880488864383, -0.7122909658635184], "normalizedAxes": [-0.3556804955005646, 0.9346076250076294, 2.0752458085474088e-16, 0, -2.220446049250313e-16, 1, 0.9346076250076294, 0.3556804955005646, 7.897693510296224e-17]}, "segments": [5226, 5208], "label": "item"}, {"objectId": 23, "id": 23, "partId": 23, "index": 16, "dominantNormal": [0.9955171942710876, 0.09458069503307343, 2.100113306215366e-17], "obb": {"axesLengths": [0.21082078273274898, 0.29045301026583425, 0.11567883870859652], "centroid": [0.8915078783609358, 1.354128156973925, -0.6683684531218896], "normalizedAxes": [-0.09458069503307343, 0.9955171942710876, 2.210492220979993e-16, 0, -2.220446049250313e-16, 1, 0.9955171942710876, 0.09458069503307343, 2.100113306215366e-17]}, "segments": [24800, 15125, 15116, 12399, 21493], "label": "item"}, {"objectId": 24, "id": 24, "partId": 24, "index": 17, "dominantNormal": [0, -2.220446049250313e-16, 1], "obb": {"axesLengths": [0.2085645092262269, 0.08427798559640376, 0.1436103530529699], "centroid": [0.9471273919033337, -1.2945471428213093, -0.5581779746373443], "normalizedAxes": [-0.33307337760925293, 0.9429008960723877, 2.0936605695185133e-16, 0, -2.220446049250313e-16, 1, 0.9429008960723877, 0.33307337760925293, 7.395714654229234e-17]}, "segments": [20481, 1469], "label": "item"}, {"objectId": 25, "id": 25, "partId": 25, "index": 18, "dominantNormal": [0.9792294502258301, -0.20275527238845825, -4.502071435396232e-17], "obb": {"axesLengths": [0.22759574951245226, 0.1900960164495702, 0.0647704732808584], "centroid": [1.851097743830477, -0.8981567278837813, -0.5201149857763568], "normalizedAxes": [0.20275525748729706, 0.9792294502258301, 2.1743261640635005e-16, 0, -2.220446049250313e-16, 1, 0.9792294502258301, -0.20275525748729706, -4.502071104523987e-17]}, "segments": [23080, 23089, 19016], "label": "item"}], "scan_id": "0cac753c-8d6f-2d13-8e27-e0664fc33bb9", "annId": "3908", "appId": "stk.v1"}