{"segGroups": [{"objectId": 16, "id": 16, "partId": 16, "index": 0, "dominantNormal": [-0.6215421557426453, -0.7833806872367859, -1.7394545520339164e-16], "obb": {"axesLengths": [0.2194983392619966, 0.29007998950600633, 0.17835673518334966], "centroid": [-2.021709892416996, 0.7813211477895422, -0.2728040827155729], "normalizedAxes": [0.7833806872367859, -0.6215421557426453, -1.3801008241612795e-16, 0, -2.220446049250313e-16, 1, -0.6215421557426453, -0.7833806872367859, -1.7394545520339164e-16]}, "segments": [13227, 13099, 12877, 13158], "label": "kettle"}, {"objectId": 17, "id": 17, "partId": 17, "index": 1, "dominantNormal": [0.8320170640945435, -0.5547500252723694, -1.231792501937544e-16], "obb": {"axesLengths": [0.428830628064503, 0.2203779767369185, 0.14306732195657396], "centroid": [-1.78836895930777, 1.1866075909280318, -0.33981107898195995], "normalizedAxes": [0.5547500252723694, 0.8320170640945435, 1.8474490028775735e-16, 0, -2.220446049250313e-16, 1, 0.8320170640945435, -0.5547500252723694, -1.231792501937544e-16]}, "segments": [24074, 13353, 24079, 24112], "label": "box"}, {"objectId": 18, "id": 18, "partId": 18, "index": 2, "dominantNormal": [0.8043663501739502, -0.5941336750984192, -1.319241771598854e-16], "obb": {"axesLengths": [0.7122131354198515, 2.6792300340705344, 0.17578656553214522], "centroid": [1.6594031848769886, -0.05935859930834586, -0.009615093177372414], "normalizedAxes": [0.5941336154937744, 0.8043663501739502, 1.7860520843936416e-16, 0, -2.220446049250313e-16, 1, 0.8043663501739502, -0.5941336154937744, -1.319241639249956e-16]}, "segments": [904, 1983, 1716, 2310, 21264, 2569, 1794, 2483, 1872, 2185, 1855, 1845, 21103, 21119, 2618, 2443, 1815], "label": "wall"}, {"objectId": 19, "id": 19, "partId": 19, "index": 3, "dominantNormal": [0, -2.220446049250313e-16, 1], "obb": {"axesLengths": [0.288335291344042, 0.19557097117071653, 0.1992714795520063], "centroid": [1.6560583600744896, 0.1828233150470755, -0.35659558266277425], "normalizedAxes": [0.43240171670913696, 0.9016810655593872, 2.0021341597051539e-16, 0, -2.220446049250313e-16, 1, 0.9016810655593872, -0.43240171670913696, -9.601246835558563e-17]}, "segments": [2096, 2041, 21329, 2223, 21286, 3279, 21308], "label": "pack"}, {"objectId": 20, "id": 20, "partId": 20, "index": 4, "dominantNormal": [0.8956634402275085, -0.4447324872016907, -9.875044941802595e-17], "obb": {"axesLengths": [0.08750779290332399, 0.1468799975466728, 0.04472115107219148], "centroid": [1.5463357887236286, 0.1928994364128428, -0.39126909386972475], "normalizedAxes": [0.4447324872016907, 0.8956634402275085, 1.9887723473111153e-16, 0, -2.220446049250313e-16, 1, 0.8956634402275085, -0.4447324872016907, -9.875044941802595e-17]}, "segments": [21321], "label": "item"}, {"objectId": 22, "id": 22, "partId": 22, "index": 5, "dominantNormal": [-0.6110521554946899, -0.7915903329849243, -1.757683627501115e-16], "obb": {"axesLengths": [0.18489083625117725, 0.3229809629250846, 0.12245877968812219], "centroid": [1.2740387189893134, 0.3087936446910469, -0.4285095684535185], "normalizedAxes": [0.7915903329849243, -0.6110521554946899, -1.3568083445540723e-16, 0, -2.220446049250313e-16, 1, -0.6110521554946899, -0.7915903329849243, -1.757683627501115e-16]}, "segments": [22857, 4901, 3280], "label": "item"}, {"objectId": 23, "id": 23, "partId": 23, "index": 6, "dominantNormal": [0, -2.220446049250313e-16, 1], "obb": {"axesLengths": [0.3435697242297895, 0.1843699771679197, 0.3507646541744579], "centroid": [-0.3634340742571564, 1.6951632756166921, -0.35781507876645935], "normalizedAxes": [0.9972991347312927, -0.07344713807106018, -1.6308540755862784e-17, 0, -2.220446049250313e-16, 1, -0.07344713807106018, -0.9972991347312927, -2.2144489236348546e-16]}, "segments": [10719, 10464, 10869, 17069], "label": "kitchen appliance"}, {"objectId": 24, "id": 24, "partId": 24, "index": 7, "dominantNormal": [0.996405303478241, 0.0847141295671463, 1.8810315431304914e-17], "obb": {"axesLengths": [0.2948872417523972, 0.18289497085895445, 0.13483699251315923], "centroid": [-0.5089632906337523, 1.6255133558825112, -0.36144757945297457], "normalizedAxes": [-0.0847141295671463, 0.996405303478241, 2.2124642195603194e-16, 0, -2.220446049250313e-16, 1, 0.996405303478241, 0.0847141295671463, 1.8810315431304914e-17]}, "segments": [23607, 23632, 10482, 10735, 23529, 25513], "label": "kitchen appliance"}, {"objectId": 25, "id": 25, "partId": 25, "index": 8, "dominantNormal": [0, -2.220446049250313e-16, 1], "obb": {"axesLengths": [0.5170513909655399, 0.19076898267636477, 0.39081401470748334], "centroid": [-0.6220140564990653, 1.811046822507067, -0.36665458149952235], "normalizedAxes": [0.006213212851434946, 0.9999806880950928, 2.2204031682073583e-16, 0, -2.220446049250313e-16, 1, 0.9999806880950928, -0.006213212851434946, -1.3796103929119998e-18]}, "segments": [11267, 10357, 10739, 10916, 10828, 16844, 10750, 11238, 12643, 23527, 23549, 23709, 23778, 11323, 11212, 10850, 11210], "label": "kitchen appliance"}, {"objectId": 26, "id": 26, "partId": 26, "index": 9, "dominantNormal": [0, -2.220446049250313e-16, 1], "obb": {"axesLengths": [0.25297129663799917, 0.07120040645002407, 0.23428269638044835], "centroid": [-1.071685931110045, 1.9620166514416837, -0.11439988871232298], "normalizedAxes": [0.5399933457374573, 0.8416692614555359, 1.8688811863743735e-16, 0, -2.220446049250313e-16, 1, 0.8416692614555359, -0.5399933457374573, -1.1990260911641954e-16]}, "segments": [27291, 20542], "label": "basket"}, {"objectId": 27, "id": 27, "partId": 27, "index": 10, "dominantNormal": [0.7964881062507629, -0.6046541929244995, -1.3426020138418415e-16], "obb": {"axesLengths": [0.12078345527843895, 0.11999997228384074, 0.10804044703481858], "centroid": [-1.675440775675201, 1.2788733066364908, -0.39000008120849894], "normalizedAxes": [0.6046541929244995, 0.7964881062507629, 1.7685588687993702e-16, 0, -2.220446049250313e-16, 1, 0.7964881062507629, -0.6046541929244995, -1.3426020138418415e-16]}, "segments": [12406], "label": "jar"}, {"objectId": 28, "id": 28, "partId": 28, "index": 11, "dominantNormal": [0.9531351923942566, 0.30254462361335754, 6.717840142242027e-17], "obb": {"axesLengths": [0.15551794996829515, 0.1342369884050565, 0.07177697941737982], "centroid": [-1.7293489971808733, 1.2349726747828296, -0.38288157314789095], "normalizedAxes": [-0.30254462361335754, 0.9531351923942566, 2.116385272353264e-16, 0, -2.220446049250313e-16, 1, 0.9531351923942566, 0.30254462361335754, 6.717840142242027e-17]}, "segments": [12410], "label": "coffee"}, {"objectId": 29, "id": 29, "partId": 29, "index": 12, "dominantNormal": [0, -2.220446049250313e-16, 1], "obb": {"axesLengths": [0.2087127142967032, 0.15136697550042766, 0.16116692885695252], "centroid": [-1.9237709875390394, 0.9356624818373902, -0.3743165796002057], "normalizedAxes": [0.8319702744483948, -0.5548202395439148, -1.231948408939398e-16, 0, -2.220446049250313e-16, 1, -0.5548202395439148, -0.8319702744483948, -1.8473451089926369e-16]}, "segments": [13637, 24100, 12893], "label": "kitchen appliance"}, {"objectId": 30, "id": 30, "partId": 30, "index": 13, "dominantNormal": [-0.7020050287246704, -0.7121719717979431, -1.5813394411655482e-16], "obb": {"axesLengths": [0.25455182071712873, 0.2200000087916848, 0.14255380097007253], "centroid": [-1.8403443661228192, 0.579650621442668, -0.3200000824750977], "normalizedAxes": [0.7121719717979431, -0.7020050287246704, -1.558764292585547e-16, 0, -2.220446049250313e-16, 1, -0.7020050287246704, -0.7121719717979431, -1.5813394411655482e-16]}, "segments": [23520, 11221, 23887], "label": "box"}, {"objectId": 1, "id": 1, "partId": 1, "index": 14, "dominantNormal": [0, -2.220446049250313e-16, 1], "obb": {"axesLengths": [4.179215650274549, 0.7665399737684434, 2.270102829522416], "centroid": [-0.4712469559089045, 0.27871898867416567, -1.0532700779274866], "normalizedAxes": [0.9744234085083008, -0.22471988201141357, -4.989783742002398e-17, 0, -2.220446049250313e-16, 1, -0.22471988201141357, -0.9744234085083008, -2.1636546077192804e-16]}, "segments": [8429, 19607, 834, 5849, 5406, 331, 5874, 9073, 8462, 9925], "label": "floor"}, {"objectId": 2, "id": 2, "partId": 2, "index": 15, "dominantNormal": [0.8082741498947144, -0.5888063311576843, -1.3074126917926517e-16], "obb": {"axesLengths": [2.7918043882795387, 1.9803889547201468, 0.1873302857948692], "centroid": [-1.791135541302833, 1.2583207969937023, 0.5461353836355602], "normalizedAxes": [0.5888063311576843, 0.8082741498947144, 1.7947291428448738e-16, 0, -2.220446049250313e-16, 1, 0.8082741498947144, -0.5888063311576843, -1.3074126917926517e-16]}, "segments": [12349, 19173, 1421, 8401, 13612, 14145, 20389], "label": "wall"}, {"objectId": 4, "id": 4, "partId": 4, "index": 16, "dominantNormal": [-0.6054667234420776, -0.7958706021308899, -1.7671877342160023e-16], "obb": {"axesLengths": [3.6079048156432716, 2.2250679234027575, 0.1875833039112386], "centroid": [0.386579396009881, 1.296196352008962, 0.6574658903329209], "normalizedAxes": [0.7958706021308899, -0.6054667830467224, -1.3444063263683912e-16, 0, -2.220446049250313e-16, 1, -0.6054667830467224, -0.7958706021308899, -1.7671877342160023e-16]}, "segments": [9943, 2694, 3037, 19353, 14976, 2705, 9686, 3213, 17021, 9668, 10081, 2706, 3874], "label": "wall"}, {"objectId": 6, "id": 6, "partId": 6, "index": 17, "dominantNormal": [0, -2.220446049250313e-16, 1], "obb": {"axesLengths": [2.264501377596199, 0.279999965131284, 0.8361969207428942], "centroid": [-1.4934450670592583, 1.5199417575107925, 1.6299998694686577], "normalizedAxes": [0.7970311641693115, 0.6039381623268127, 1.3410121065300656e-16, 0, -2.220446049250313e-16, 1, 0.6039381623268127, -0.7970311641693115, -1.7697646996091255e-16]}, "segments": [3148, 9724], "label": "ceiling"}, {"objectId": 7, "id": 7, "partId": 7, "index": 18, "dominantNormal": [0, -2.220446049250313e-16, 1], "obb": {"axesLengths": [3.652369575178443, 0.8399999866634609, 1.970142091546748], "centroid": [0.0594669291673684, 0.8397922713794315, 0.4499999026609942], "normalizedAxes": [0.9317619800567627, -0.36306965351104736, -8.061765777412852e-17, 0, -2.220446049250313e-16, 1, -0.36306965351104736, -0.9317619800567627, -2.0689272074586877e-16]}, "segments": [2947, 26583, 10048, 13404, 21085, 404, 968, 13954, 13912, 2966, 19690, 13691, 13714, 26578, 3099, 18287, 3103, 14350, 10134, 18437, 4283, 13988, 23772, 13420, 13971, 9053, 16968, 25449, 17036, 17029, 25481, 25450, 10152, 16975, 17006, 14286, 25202, 16897], "label": "kitchen cabinet"}, {"objectId": 8, "id": 8, "partId": 8, "index": 19, "dominantNormal": [0.9793315529823303, -0.20226159691810608, -4.4911096379186794e-17], "obb": {"axesLengths": [0.8175577947185203, 2.2102069956763004, 0.5073044062780052], "centroid": [-2.0056436107948574, 0.3456115566637694, -0.24489658515848745], "normalizedAxes": [0.20226159691810608, 0.9793315529823303, 2.174552877725789e-16, 0, -2.220446049250313e-16, 1, 0.9793315529823303, -0.20226159691810608, -4.4911096379186794e-17]}, "segments": [25016, 5549, 11245, 13013, 1527, 1679], "label": "refrigerator"}, {"objectId": 9, "id": 9, "partId": 9, "index": 20, "dominantNormal": [0, -2.220446049250313e-16, 1], "obb": {"axesLengths": [3.540772928501653, 0.983010031662657, 1.8587893529387296], "centroid": [-0.18083623672161014, 0.3670368066053853, -0.8815050821386665], "normalizedAxes": [0.9608959555625916, -0.27690958976745605, -6.148628045986727e-17, 0, -2.220446049250313e-16, 1, -0.27690958976745605, -0.9608959555625916, -2.1336176282695608e-16]}, "segments": [16657, 2276, 15884, 25025, 15279, 24961, 20385, 25535, 24151, 8121, 6977, 8224, 7644, 1416, 1574], "label": "kitchen cabinet"}, {"objectId": 10, "id": 10, "partId": 10, "index": 21, "dominantNormal": [0, -2.220446049250313e-16, 1], "obb": {"axesLengths": [3.9117314873650186, 0.6454269741752671, 1.658914639365975], "centroid": [-0.10540140750331001, 0.8239856045095316, -0.6464765820666457], "normalizedAxes": [0.9611704349517822, -0.2759554088115692, -6.127440972649039e-17, 0, -2.220446049250313e-16, 1, -0.2759554088115692, -0.9611704349517822, -2.13422709494489e-16]}, "segments": [8529, 15101, 20976, 17111, 11360, 16771, 12530, 12241, 21008, 19229, 19288, 17901, 17251, 26834, 18768, 14757, 25803, 23945, 26886, 17855, 982, 5515, 4138, 5510, 7572, 5536, 21462, 24901, 15647, 15626, 24645, 16165, 24235, 15584, 14369, 24227, 15407, 15415, 18148, 19026, 18956, 18894, 18070, 18220, 14815, 14600, 24817, 15494, 6774, 1909, 12968, 13485], "label": "kitchen counter"}, {"objectId": 11, "id": 11, "partId": 11, "index": 22, "dominantNormal": [-0.5748968124389648, -0.8182259202003479, -1.8168265119030644e-16], "obb": {"axesLengths": [0.6316012851970595, 0.5811070073893587, 0.24705859259253776], "centroid": [-0.09738685124482233, 0.9517512089540787, -0.9194465967363168], "normalizedAxes": [0.8182259202003479, -0.5748968124389648, -1.2765273559066977e-16, 0, -2.220446049250313e-16, 1, -0.5748968124389648, -0.8182259202003479, -1.8168265119030644e-16]}, "segments": [13283, 27073, 27161, 27316, 12730, 12731, 12743, 12777, 13036, 13412, 15042, 15079, 15080, 15087, 15089, 15094, 15099, 15103, 15220, 15249, 15544, 19929, 23712, 23714, 24215, 24486, 24490, 24502, 24510, 24514, 24521, 27515, 19880, 18418, 19949, 20120, 27056, 16059, 27136, 19885, 27040, 15889, 18351, 27041, 27068, 27352, 15258, 19944, 19958, 20177, 20224, 20230, 27301, 27304, 27420, 19978, 27227, 13507], "label": "oven"}, {"objectId": 12, "id": 12, "partId": 12, "index": 23, "dominantNormal": [-0.6021885871887207, -0.7983538508415222, -1.7727016540048317e-16], "obb": {"axesLengths": [1.3199499791986646, 0.7010020158960961, 0.6086658598820601], "centroid": [1.0428445196137408, 0.45134059473051513, -0.6405010824510247], "normalizedAxes": [0.7983538508415222, -0.6021885871887207, -1.3371272693268226e-16, 0, -2.220446049250313e-16, 1, -0.6021885871887207, -0.7983538508415222, -1.7727016540048317e-16]}, "segments": [22805, 9497, 8724, 22824, 25345, 23200, 3332, 5036, 9170, 9001, 9220, 6853, 3400, 3415, 3486, 3495, 3518, 3527, 3565, 3566, 3659, 3762, 3789, 3979, 3991, 4017, 4569, 4630, 4637, 4651, 4744, 4774, 4877, 5079, 5084, 5160, 5190, 5330, 5359, 5396, 5419, 5555, 5597, 5609, 5613, 5643, 5644, 5660, 5663, 5688, 5692, 5694, 5727, 5732, 5739, 5763, 5765, 5768, 5778, 5782, 5811, 5823, 5832, 5838, 5875, 5894, 5899, 5965, 6581, 6606, 6611, 6621, 6623, 6637, 6850, 6919, 7003, 7101, 7133, 7188, 8741, 8797, 8834, 8889, 8909, 8928, 8960, 9133, 9145, 9200, 9225, 9284, 9285, 9298, 9302, 9354, 9393, 9424, 15311, 15474, 21404, 21440, 21442, 21465, 21466, 21825, 21828, 21862, 21939, 21944, 21976, 21979, 21985, 22005, 22017, 22028, 22040, 22050, 22075, 22087, 22245, 22392, 22508, 22526, 22816, 22868, 22904, 23084, 23088, 23163, 23212, 23337, 23363, 23378, 23406, 23458, 23466, 23470, 23471, 24677, 24762, 3505, 1402, 3413, 3475, 3524, 3598, 3602, 3604, 3642, 3683, 3712, 3909, 3910, 3925, 3926, 21381, 21409, 21416, 21422, 21434, 3371, 6479, 21564, 6009, 8634, 8561, 23245, 6759, 22472, 1581, 3444, 3865, 3995, 4049, 4064, 4079, 4135, 4144, 4180, 4187, 4190, 4262, 4269, 4316, 4383, 4408, 4416, 4420, 4473, 4584, 4795, 4830, 4859, 5339, 5372, 5395, 5434, 5453, 5460, 5468, 5489, 5507, 5714, 5987, 6008, 6025, 6075, 6094, 6100, 6136, 6787, 6909, 6942, 6970, 7208, 7211, 7219, 7227, 7235, 7242, 7247, 7264, 7267, 7294, 7302, 7314, 7342, 7383, 7397, 7431, 7487, 9400, 15306, 15321, 15372, 15444, 15471, 15487, 16295, 21445, 21559, 21650, 21659, 21661, 21666, 21675, 21716, 21970, 22071, 22154, 22406, 22409, 22423, 22487, 22495, 22500, 22502, 22512, 22530, 22545, 22562, 22589, 22623, 22631, 22958, 23006, 24680, 24684, 24753, 24756, 24759, 24764, 24783, 21729, 21551, 4451, 21774, 21664, 4328, 4075, 21454, 21797, 22323, 22209, 22171, 6368, 6226, 6026, 24625, 24668, 5228, 21809, 4441, 4535, 4415, 4233, 4167, 4147, 4230, 3884, 6162, 6268, 6285, 6286, 4867, 6288, 22660, 7401], "label": "sink"}, {"objectId": 13, "id": 13, "partId": 13, "index": 24, "dominantNormal": [-0.5695834755897522, -0.8219335079193115, -1.8250590104058862e-16], "obb": {"axesLengths": [0.3384600445590417, 0.5380579988347438, 0.12087792722291671], "centroid": [-0.03947664181387789, 1.5500998124218643, -0.23902909008810824], "normalizedAxes": [0.8219335079193115, -0.5695834755897522, -1.2647293780915274e-16, 0, -2.220446049250313e-16, 1, -0.5695834755897522, -0.8219335079193115, -1.8250590104058862e-16]}, "segments": [17090, 14965], "label": "cutting board"}, {"objectId": 14, "id": 14, "partId": 14, "index": 25, "dominantNormal": [0.8401997089385986, 0.5422771573066711, 1.2040971715402885e-16], "obb": {"axesLengths": [0.2499172064721125, 0.3125439812419417, 0.3111563906755645], "centroid": [-1.2454149265134031, 1.6093776523545285, -0.3062720825583056], "normalizedAxes": [0.8401996493339539, 0.5422771573066711, 1.2040971715402885e-16, 0, -2.220446049250313e-16, 1, 0.5422771573066711, -0.8401996493339539, -1.8656179919450763e-16]}, "segments": [25132, 13816, 25103, 25145, 16719, 25118, 13749, 20541, 20262, 20276, 25107, 17099], "label": "juicer"}, {"objectId": 15, "id": 15, "partId": 15, "index": 26, "dominantNormal": [0, -2.220446049250313e-16, 1], "obb": {"axesLengths": [0.5633734072526243, 0.31927599789330335, 0.4345704026726307], "centroid": [-0.9480597758932946, 1.9902486503082066, -0.2896380806021859], "normalizedAxes": [0.9991535544395447, 0.04113592952489853, 9.134011219580025e-18, 0, -2.220446049250313e-16, 1, 0.04113592952489853, -0.9991535544395447, -2.2185665625496946e-16]}, "segments": [24528, 19766, 23818, 24555, 24586, 19832, 27110, 11011, 11051, 11166, 24565, 24588, 24595, 24599, 27160], "label": "microwave"}], "scan_id": "2a7f9476-080c-26f9-86e9-c7ce1c76fc07", "annId": "5400", "appId": "stk.v1"}