{"segGroups": [{"objectId": 1, "id": 1, "partId": 1, "index": 0, "dominantNormal": [0, -2.220446049250313e-16, 1], "obb": {"axesLengths": [6.72605792866881, 0.28000008434056906, 5.43618876244699], "centroid": [0.6093518005720239, 1.1137302774517523, -1.3100000159442424], "normalizedAxes": [-0.097854383289814, 0.9952007532119751, 2.209789580680466e-16, 0, -2.220446049250313e-16, 1, 0.9952007532119751, 0.097854383289814, 2.1728037877769334e-17]}, "segments": [46544, 52070, 32282, 67183, 28117, 17682, 42141, 3431, 19104, 67269, 44661, 16958, 17968, 24891, 36027, 19936, 51858, 43834, 45991, 43816, 494, 578, 648, 1072, 1095, 1107, 1123, 1126, 1148, 1158, 1173, 1189, 1196, 1202, 1213, 1675, 1706, 1715, 1723, 1729, 1802, 1810, 1824, 1828, 1831, 1841, 1854, 1874, 1901, 1902, 1926, 1940, 1973, 1983, 1988, 1996, 1998, 2016, 2024, 2033, 2046, 2052, 2059, 2164, 2206, 2213, 2218, 2233, 2238, 2300, 2308, 2314, 2329, 2348, 2358, 2372, 2379, 2388, 2398, 2404, 2432, 2435, 2451, 2479, 2485, 2535, 2546, 2553, 2803, 2808, 2828, 3018, 3470, 3482, 3510, 3512, 3517, 3582, 3592, 3613, 3616, 3710, 3713, 3736, 3757, 3764, 3765, 3781, 3802, 3810, 3817, 3818, 3833, 3853, 3889, 3916, 3967, 3984, 3994, 4007, 4019, 4024, 4030, 4037, 4053, 4059, 4091, 4092, 4104, 4108, 4117, 4121, 4133, 4144, 4337, 4339, 4528, 4569, 4684, 4696, 4781, 4819, 4850, 4856, 4869, 4872, 4875, 4889, 4902, 4909, 4911, 4913, 4928, 4949, 4952, 4968, 4976, 5001, 5003, 5005, 5046, 5070, 5074, 5078, 5093, 5094, 5795, 5848, 5881, 6079, 6084, 6650, 6652, 6654, 6673, 6684, 6699, 6701, 6724, 6735, 6771, 6792, 6809, 6818, 7523, 7706, 7727, 7728, 7730, 7737, 7738, 7758, 7772, 7778, 7782, 7805, 7829, 7834, 7849, 7872, 7873, 7903, 7909, 7918, 7920, 7932, 7948, 7955, 7960, 7963, 7974, 8038, 8210, 8214, 8257, 8267, 8373, 8409, 8411, 8414, 8437, 8444, 8449, 8451, 8531, 8540, 8550, 8573, 8602, 8604, 8607, 8631, 8636, 8637, 8650, 8653, 8673, 8701, 8723, 8728, 8743, 8756, 8772, 8791, 8805, 8818, 8822, 8827, 8834, 8835, 8843, 8900, 8906, 8908, 8916, 9011, 10506, 11441, 11495, 11518, 11529, 11554, 11598, 11602, 11610, 11636, 11637, 11642, 11649, 11651, 11678, 11689, 11736, 11742, 11759, 11786, 11794, 11804, 11809, 11828, 11867, 12167, 12287, 12293, 12330, 12351, 12359, 12364, 12376, 12379, 12387, 12396, 12497, 12527, 12528, 12530, 12540, 12547, 12591, 12616, 12717, 12731, 12807, 12825, 12841, 12854, 12896, 12914, 12926, 12928, 12934, 12936, 12942, 12952, 13022, 13552, 13591, 13616, 13643, 13690, 13764, 13787, 13811, 13872, 13890, 13915, 14043, 14044, 14065, 14085, 14098, 14108, 14112, 14132, 14159, 14186, 14188, 14223, 14231, 14260, 14295, 14316, 14772, 14784, 15124, 15661, 15670, 15687, 15714, 15721, 15744, 15751, 15775, 15782, 15784, 15797, 15848, 15865, 15870, 15871, 15888, 15904, 15907, 15915, 16695, 16730, 18612, 18615, 20582, 20689, 21200, 21322, 21365, 23981, 25202, 25250, 30703, 31028, 31034, 31072, 32000, 32442, 32517, 32526, 32568, 32573, 32688, 32691, 32706, 32792, 32833, 32858, 38296, 38480, 38893, 39477, 40348, 40378, 40386, 40412, 40415, 40467, 40472, 40475, 40513, 40519, 40543, 40547, 40571, 40582, 40631, 40635, 40649, 40655, 40656, 40665, 40668, 40682, 40683, 40685, 40688, 40710, 40715, 40719, 40721, 40739, 40883, 40905, 40915, 40916, 40933, 40941, 40955, 40958, 40965, 40995, 41642, 41712, 41715, 41750, 41761, 41851, 41864, 41909, 41952, 41959, 41994, 42002, 42005, 42027, 42040, 42049, 42063, 42083, 42093, 42104, 42122, 42142, 42145, 42159, 42162, 42231, 42232, 42234, 42247, 42256, 42260, 42261, 42274, 42295, 42385, 42386, 42492, 42851, 42875, 42921, 42996, 43094, 43112, 43166, 43283, 43289, 43302, 43307, 43330, 43340, 43364, 43365, 43377, 43401, 43422, 43456, 43503, 43530, 43555, 43556, 43576, 43671, 43886, 43919, 43924, 44076, 44114, 44143, 44201, 44383, 44477, 44507, 44511, 44573, 44616, 44632, 44642, 44650, 44656, 44657, 44699, 44704, 44802, 44846, 44869, 44935, 44960, 45348, 45449, 45479, 45494, 45498, 45557, 45560, 45561, 45625, 45712, 45731, 45797, 45799, 45815, 45821, 45843, 45848, 45851, 45925, 45940, 45957, 45971, 46006, 46058, 46070, 46136, 46247, 46264, 46423, 46486, 46803, 46804, 46831, 47021, 47029, 47133, 47152, 47164, 47203, 47208, 47264, 47296, 47300, 47305, 47360, 47367, 47380, 47420, 47528, 47540, 47569, 47578, 47601, 47609, 47618, 47726, 47729, 47739, 47748, 47755, 47788, 47848, 47871, 47898, 47911, 47946, 47961, 47963, 47967, 48123, 48145, 48154, 48292, 48323, 48338, 48341, 48353, 48448, 48489, 48947, 48983, 48996, 48997, 49033, 49036, 49042, 49049, 49051, 49052, 49058, 49069, 49076, 49099, 49133, 49187, 49192, 49208, 49536, 49583, 49723, 49737, 49872, 49936, 49939, 49958, 49987, 49990, 50146, 50192, 50674, 50874, 52193, 52195, 52203, 52840, 52847, 52850, 52852, 53115, 53118, 53122, 53123, 53128, 53142, 53150, 53155, 53156, 53210, 53211, 53249, 53260, 53264, 53266, 53271, 53273, 53275, 53277, 53346, 53351, 53358, 53419, 53439, 53444, 53449, 53452, 53456, 53467, 53472, 53474, 53489, 53493, 53538, 53541, 53544, 53577, 53590, 53597, 53617, 53623, 53652, 53681, 54028, 54072, 54074, 54079, 54188, 54195, 54199, 54201, 54204, 54214, 54220, 54230, 54234, 54259, 54261, 54263, 54270, 54272, 54274, 54278, 54280, 54282, 54283, 54288, 54289, 54295, 54299, 54302, 54304, 54309, 54317, 54321, 54331, 54808, 54813, 55153, 55175, 55178, 55212, 55213, 55217, 55223, 55233, 55368, 55371, 55378, 55400, 55471, 55504, 55508, 55609, 55622, 55625, 55627, 55635, 55636, 55640, 55652, 55736, 55739, 55844, 55852, 55944, 55988, 56184, 59191, 59236, 59258, 59262, 59267, 60062, 60067, 60075, 60089, 60098, 60106, 60112, 60118, 60124, 60127, 60308, 60312, 60316, 60324, 60384, 60443, 61106, 61230, 61233, 61246, 61258, 61334, 61395, 61575, 61581, 61620, 61731, 61732, 61734, 61749, 61758, 61764, 61765, 61843, 61855, 61858, 61895, 61901, 61922, 61950, 61989, 61994, 61996, 62007, 62014, 62018, 62020, 62025, 62034, 62212, 62214, 62219, 62225, 62231, 62309, 62311, 62317, 62320, 62326, 62327, 62328, 62341, 62360, 62363, 62368, 62375, 62409, 62418, 62453, 62455, 62457, 62459, 62466, 62468, 62470, 62474, 62483, 62496, 62517, 62545, 62547, 62554, 62631, 62786, 62811, 62813, 62844, 62858, 63050, 63374, 63513, 63515, 63516, 63526, 63534, 63544, 63547, 63555, 63578, 63581, 63583, 63584, 63596, 63598, 63658, 63660, 63670, 63674, 63677, 63684, 63693, 63699, 63702, 65792, 65903, 66171, 66293, 66391, 67649, 47459, 67302, 47339, 5599, 16708, 16762, 16763, 16778, 16786, 16799, 16811, 16847, 17026, 17112, 17134, 17137, 17147, 17173, 17215, 17234, 17269, 17272, 17392, 17542, 17743, 17862, 18169, 18176, 18187, 18228, 23685, 23808, 23873, 37664, 37696, 37702, 39186, 39222, 39244, 39295, 39378, 39432, 39450, 39453, 39466, 39540, 39556, 41182, 41197, 41231, 41253, 41257, 41260, 41296, 41340, 41348, 41826, 41828, 43184, 43220, 43230, 43238, 43250, 43260, 43285, 43316, 43324, 43357, 43630, 43865, 43891, 43899, 43949, 44003, 44010, 44113, 44118, 44199, 44216, 44228, 44239, 44367, 47408, 48317, 48330, 48363, 48390, 48477, 48612, 48677, 48698, 48906, 49286, 49322, 49361, 49394, 49403, 49406, 49414, 49416, 49418, 49419, 49426, 49456, 49507, 49516, 49522, 49571, 49578, 49585, 49621, 49686, 49711, 49763, 49777, 49785, 49800, 49851, 49892, 49909, 49918, 50019, 50027, 50034, 50065, 50069, 50081, 50084, 50093, 50127, 50151, 50176, 52315, 53952, 56235, 61035, 61706, 61730, 61769, 62145, 62191, 62194, 62196, 62200, 62203, 62205, 62886, 63053, 63056, 63553, 63600, 63613, 63626, 63633, 63664, 63669, 63678, 63692, 63695, 63706, 63717, 63718, 63721, 63729, 63730, 63732, 63733, 63735, 66796, 66992, 18159, 18192, 18213, 21387, 21388, 21522, 39652, 39765, 39784, 41267, 52250, 52264, 56231, 62199, 18151, 18179, 18208, 56236, 56237, 56250, 49601, 67597, 49429, 49156, 48356, 41456, 22256, 43972, 43781, 2675, 44334, 44327, 14081], "label": "floor"}, {"objectId": 2, "id": 2, "partId": 2, "index": 1, "dominantNormal": [0.10794418305158615, -0.9941569566726685, -2.2074718867785414e-16], "obb": {"axesLengths": [5.743512501633429, 3.378359957523047, 0.23096789800010953], "centroid": [1.1136052585554235, -2.172957032153616, 0.31015999108195214], "normalizedAxes": [0.9941569566726685, 0.10794418305158615, 2.3968423479644707e-17, 0, -2.220446049250313e-16, 1, 0.10794418305158615, -0.9941569566726685, -2.2074718867785414e-16]}, "segments": [10699, 17098, 64986, 21178, 25515, 27954, 16477, 22137, 9444, 11274, 42469, 45186, 5709, 52113, 15759, 51049, 27573, 47330, 51146, 48219, 41417, 39277, 38371, 38695, 38282, 36433, 34295, 31184, 29891, 28887, 29511, 35072, 59200, 37811, 37480, 59657, 39546, 39896, 36101, 59205, 28146, 5284, 11751, 11776, 11831, 12174, 12200, 12216, 15986, 16003, 16218, 16222, 16245, 16253, 16261, 16430, 27474, 27477, 27485, 27486, 27496, 29599, 32022, 33203, 33297, 33328, 33470, 35027, 35042, 35206, 35228, 35232, 35941, 35970, 36091, 37322, 37587, 37689, 37713, 37805, 37809, 37893, 38151, 38209, 38491, 38506, 38624, 38630, 38641, 38783, 38852, 38909, 38921, 38932, 38941, 38966, 38967, 39077, 39100, 39130, 39141, 39219, 39226, 39230, 39260, 39340, 39354, 39402, 39486, 39494, 39498, 39510, 41146, 41166, 41196, 41634, 41647, 41757, 42611, 42980, 43016, 43033, 43042, 43056, 43126, 43155, 43161, 43242, 43505, 44277, 44318, 44329, 45637, 45769, 46711, 47137, 47366, 47768, 47962, 48151, 48606, 48672, 48724, 48727, 48737, 48970, 49061, 50239, 50255, 50262, 50432, 50444, 50445, 50471, 50485, 51078, 51546, 52047, 53768, 54185, 57761, 59270, 59274, 59405, 59607, 59609, 59628, 59633, 59705, 59716, 59795, 59816, 59836, 59839, 60128, 60251, 60255, 60256, 60260, 61037, 61240, 61476, 64004, 64007, 65623], "label": "wall"}, {"objectId": 4, "id": 4, "partId": 4, "index": 2, "dominantNormal": [0.9912775158882141, 0.13179124891757965, 2.9263535798480434e-17], "obb": {"axesLengths": [2.7235165345479886, 2.8801999640420077, 0.3605473892177671], "centroid": [2.059713185525956, 1.9048138543631403, 0.08989991232976413], "normalizedAxes": [-0.13179124891757965, 0.9912775158882141, 2.2010782438646495e-16, 0, -2.220446049250313e-16, 1, 0.9912775158882141, 0.13179124891757965, 2.9263535798480434e-17]}, "segments": [30039, 20120, 16938, 59819, 58244, 17166, 16238, 22574], "label": "wall"}, {"objectId": 5, "id": 5, "partId": 5, "index": 3, "dominantNormal": [0.9909701943397522, 0.13408228754997253, 2.9772248566478095e-17], "obb": {"axesLengths": [2.5013972692755075, 2.8612099246410283, 0.2964342448490612], "centroid": [-1.4577892170701472, 1.7339117737365366, 0.06748499011654285], "normalizedAxes": [-0.13408230245113373, 0.9909701943397522, 2.2003958529465177e-16, 0, -2.220446049250313e-16, 1, 0.9909701943397522, 0.13408230245113373, 2.9772251875200546e-17]}, "segments": [39704, 63193, 5923, 587, 832, 1911, 469, 3099, 3252, 4628, 5326, 5938, 5956, 5977, 5999, 9646, 9662, 9734, 9751, 9753, 9772, 9824, 20802, 27719, 27922, 30069, 30080, 30096, 30181, 62873, 62960, 63290, 5300], "label": "wall"}, {"objectId": 6, "id": 6, "partId": 6, "index": 4, "dominantNormal": [0.9981306195259094, 0.06111649051308632, 1.3570586990382676e-17], "obb": {"axesLengths": [0.5071797255491434, 2.2599999399483206, 0.24902901025976354], "centroid": [-1.2900537226366722, 0.2828369377096609, -0.24000004701316358], "normalizedAxes": [-0.06111649051308632, 0.9981306195259094, 2.216295190762073e-16, 0, -2.220446049250313e-16, 1, 0.9981306195259094, 0.06111649051308632, 1.3570586990382676e-17]}, "segments": [6446, 63224, 63282, 57053], "label": "pillar"}, {"objectId": 7, "id": 7, "partId": 7, "index": 5, "dominantNormal": [0.12154033780097961, -0.9925864934921265, -2.2039847580138138e-16], "obb": {"axesLengths": [3.86558443837176, 1.9240589903877892, 0.4322201717745562], "centroid": [0.7887057814284627, -2.301794291104908, 0.3679704751527937], "normalizedAxes": [0.9925864934921265, 0.12154033780097961, 2.6987376289473367e-17, 0, -2.220446049250313e-16, 1, 0.12154033780097961, -0.9925864934921265, -2.2039847580138138e-16]}, "segments": [64394, 51263, 51296, 51300, 51343, 64339, 50889, 50844, 50903, 50967, 51013, 51046, 51048, 64251, 64263, 64268, 50825, 50959, 50973, 64428, 64431, 15183, 15549, 14481, 15145, 15147, 15187, 15210, 15233, 15354, 15356, 15391, 15512, 15520, 51158, 51170, 51182, 51221, 51295, 51460, 54723, 64276, 64302, 64316, 15569, 14525, 14494, 14521, 14589, 14587, 14641, 14319, 14107, 14195, 14196, 54408, 54366, 13398, 13420, 13426, 13472, 13506, 13507, 14244, 12593, 12845, 12691, 12797, 12804, 13547, 13733, 13734, 13745, 13760, 54242, 54373, 54379, 54381, 64433, 40164, 39999, 12652, 12713, 12749, 12752, 12769, 12826, 12837, 13728, 13873, 13917, 13959, 13964, 14013, 14094, 14389, 14403, 14755, 14802, 14813, 14823, 14878, 14931, 15025, 15066, 15070, 15076, 15080, 15084, 15089, 15098, 15104, 39922, 39936, 39949, 39966, 39987, 39991, 39997, 40039, 40104, 40107, 40112, 40116, 40151, 40297, 40310, 40376, 40410, 40429, 47499, 47507, 47514, 47529, 47562, 47614, 47704, 47710, 50524, 50562, 50568, 50589, 50593, 50594, 50595, 50603, 50644, 50657, 50677, 50682, 50695, 50739, 50745, 50765, 51017, 51378, 51403, 51502, 51506, 51508, 54249, 54384, 54387, 54388, 54575, 54579, 54583, 54598, 59850, 59852, 59857, 59862, 59865, 59920, 59931, 59933, 59935, 59942, 63529, 64032, 64175, 64192, 64219, 64243, 64248, 64254, 64259, 64347, 64436, 64438, 64443, 64448, 64454, 64458, 64464, 64420, 50330, 46642, 16644, 16715, 10547, 11478, 18186, 56621, 19283, 23233, 23061, 18003, 5124, 10438, 10591, 11301, 11359, 11361, 11363, 16193, 16328, 16348, 16365, 16369, 16389, 16419, 16434, 16436, 16452, 16506, 16538, 16539, 16566, 16593, 16601, 17377, 17402, 17467, 17495, 17509, 17524, 17540, 17557, 17565, 17569, 17576, 17588, 17711, 17747, 17748, 17769, 17796, 17801, 17827, 17853, 17944, 17959, 17980, 17981, 18002, 18147, 18160, 18173, 19294, 19317, 19319, 21933, 21936, 21992, 22005, 22043, 22053, 22078, 22089, 22123, 22135, 22178, 22202, 22237, 22248, 22282, 22294, 22442, 22607, 22654, 22738, 22770, 22840, 22937, 22940, 22953, 22955, 22967, 22994, 23034, 23043, 23046, 23073, 23080, 23111, 23148, 23172, 23181, 23189, 25570, 25581, 25904, 25994, 26015, 26041, 26042, 26053, 26085, 26089, 26104, 26155, 26180, 26191, 26211, 26236, 46623, 46767, 46776, 46782, 46794, 46826, 46846, 46849, 46919, 46929, 46962, 46992, 47041, 47064, 50338, 50349, 50375, 50392, 50400, 50875, 52459, 52462, 52467, 52469, 52473, 52486, 52488, 52496, 55110, 55112, 55114, 55121, 55130, 55137, 55143, 55148, 55351, 55355, 55361, 55388, 55393, 55399, 56257, 56260, 56302, 56307, 56311, 56352, 56356, 56363, 56425, 56450, 56467, 56500, 56642, 56835, 56838, 56841, 56850, 56854, 56858, 56862, 56865, 56871, 56872, 56878, 56891, 56894, 56896, 56914, 56921, 63370, 63428, 63432, 63436, 63488, 63492, 63504, 63508, 63787, 63972, 63975, 63978, 63981, 63915, 18168, 11172, 26204, 5182, 46956, 5441, 53912, 1511, 1536, 4167, 5058, 5131, 5158, 5175, 5207, 5209, 5232, 5252, 5273, 5278, 5368, 5374, 5379, 5428, 5434, 5447, 5478, 5496, 5500, 5513, 5523, 5528, 5530, 5537, 5541, 5545, 5582, 15047, 15333, 15443, 16043, 16054, 16093, 16110, 16129, 16273, 16310, 16376, 17788, 17848, 18094, 19130, 19136, 19142, 19156, 19182, 19188, 19229, 19232, 25590, 25592, 25675, 46675, 46681, 46717, 46941, 46965, 47048, 47083, 47122, 53765, 53780, 53783, 53789, 55096, 55098, 55103, 55804, 56524, 56552, 56554, 56569, 63376, 63441, 63445, 63457, 20277, 1324, 1326, 1342, 1344, 1373, 1377, 1395, 1398, 1425, 1432, 1447, 1485, 1540, 4192, 4197, 9355, 9363, 9375, 9381, 9411, 9856, 10656, 10660, 10676, 10685, 10688, 10723, 10759, 10776, 10817, 10834, 10840, 10855, 10857, 10874, 10875, 10903, 10909, 10921, 10949, 10956, 11076, 14616, 15357, 15395, 15485, 15494, 15516, 15539, 19202, 20436, 20439, 20447, 20843, 38841, 38884, 52271, 52807, 53173, 53175, 53183, 53190, 53203, 53790, 54839, 54842, 54846, 54850, 54852, 54855, 54859, 54870, 54874, 54878, 54881, 54903, 54905, 54915, 54937, 54939, 54944, 54947, 55664, 55685, 55708, 55743, 55813, 55823, 61401, 61404, 61449, 61457, 4155, 4158, 9359, 10735, 10827, 10876, 10961, 11090, 51059, 51442, 54918, 54927, 54931, 55056, 55075, 55085, 16139, 55002, 54985, 10939, 61390, 15131, 14384, 14386, 14414, 14532, 14936, 14953, 15158, 15166, 15214, 15236, 15277, 15320, 15368, 16615, 17345, 19098, 19168, 20758, 21920, 22304, 22329, 22403, 25738, 25804, 25806, 55670, 56321, 56829, 56831, 56833, 14501, 55573, 13434, 55561, 55291, 12075, 12022, 30100, 58649, 5743, 5751, 10532, 10575, 10719, 11916, 11955, 11965, 11977, 12012, 12067, 12080, 12088, 12093, 12098, 12136, 12148, 13179, 13187, 13201, 13210, 13235, 13249, 13257, 13262, 13266, 13271, 13286, 13292, 13298, 13301, 13302, 13303, 13306, 13408, 13423, 13447, 13478, 13489, 13490, 13493, 13824, 14369, 14405, 14464, 14487, 14512, 14550, 14582, 14894, 14923, 14924, 18632, 18645, 18650, 18657, 18684, 18694, 18712, 18736, 18737, 18740, 18744, 18747, 18759, 18775, 18801, 18805, 18812, 18825, 18826, 18828, 18841, 18845, 18848, 18850, 18867, 19269, 19403, 19409, 19435, 19436, 19437, 19901, 20014, 20070, 20072, 20173, 20455, 21114, 27204, 27224, 27226, 27232, 27251, 27278, 27288, 27302, 29933, 30029, 30215, 30272, 30398, 30446, 30514, 30544, 30561, 30588, 30684, 30689, 30743, 30856, 31002, 31064, 31368, 31402, 31412, 31422, 31485, 31523, 31539, 31553, 31563, 31601, 31602, 31605, 31614, 31669, 31676, 31682, 31683, 32199, 32242, 32503, 32582, 32626, 32627, 32716, 32727, 32778, 33800, 33913, 33952, 33955, 33971, 33995, 34004, 34005, 34044, 34051, 34119, 34135, 34163, 34174, 34221, 34310, 34312, 34313, 34401, 34403, 34434, 35289, 35461, 35542, 35590, 35642, 35679, 35725, 35728, 35792, 35798, 35806, 40833, 40838, 40852, 40858, 40867, 40869, 40886, 40887, 40889, 40900, 40929, 41006, 52277, 52282, 52283, 52289, 52298, 52303, 53954, 53955, 54825, 54907, 54912, 55238, 55239, 55249, 55253, 55254, 55260, 55267, 55276, 55284, 55288, 55298, 55300, 55527, 55533, 55538, 55541, 55549, 55556, 55595, 55598, 55601, 56408, 56419, 56422, 56426, 56434, 56437, 56456, 57301, 57332, 57526, 57529, 57535, 57576, 57592, 57595, 57851, 58154, 58247, 58251, 58255, 58348, 58359, 58374, 58556, 58612, 58673, 58763, 58800, 58811, 58814, 58820, 62038, 62044, 62049, 62052, 62057, 62085, 65043, 33930, 57794, 38821, 13827, 14645, 2588, 10770, 10773, 11719, 11720, 11725, 11981, 12949, 12973, 13161, 14890, 14937, 14946, 14952, 15365, 16588, 16606, 19412, 20784, 20928, 20945, 20946, 20951, 21926, 22362, 23000, 25548, 25707, 25709, 25710, 25713, 35572, 35671, 35686, 35852, 53786, 55617, 55680, 55712, 55714, 55718, 55719, 55735, 56507, 56824, 62615, 64799], "label": "window"}, {"objectId": 8, "id": 8, "partId": 8, "index": 6, "dominantNormal": [0, -2.220446049250313e-16, 1], "obb": {"axesLengths": [6.643000899107533, 0.6199999909102927, 5.860073677346765], "centroid": [0.6120775675561229, 0.42411870386631867, 1.7399998681992304], "normalizedAxes": [0.9641379117965698, 0.2654017508029938, 5.893102690346236e-17, 0, -2.220446049250313e-16, 1, 0.2654017508029938, -0.9641379117965698, -2.1408162171811403e-16]}, "segments": [40810, 18574, 3559, 60704, 22790, 22837, 21559, 21628, 22426, 30882, 30851, 26983, 27004, 26907, 334, 342, 346, 589, 2466, 2776, 2898, 3130, 3281, 3611, 3614, 3700, 6660, 6857, 8491, 8541, 8574, 8609, 8778, 8897, 8939, 8945, 8977, 9071, 9116, 9128, 9160, 9175, 9249, 9313, 15938, 15941, 15945, 16062, 18377, 18379, 18383, 18384, 18915, 19052, 20085, 20099, 20104, 21300, 21317, 21357, 21491, 21530, 21545, 21574, 21639, 21813, 21816, 22350, 22779, 22805, 26870, 26901, 26905, 26908, 26930, 26953, 26968, 26988, 30788, 30838, 36768, 36782, 36790, 36801, 36811, 36816, 36835, 36840, 36877, 36879, 36918, 36930, 36968, 36969, 36979, 37003, 37026, 37038, 37040, 37066, 37118, 37148, 37150, 37154, 37172, 37179, 37223, 37268, 37271, 37317, 40134, 52185, 52188, 52323, 52363, 52485, 53625, 53631, 53636, 53641, 53644, 53678, 53715, 53724, 53731, 53739, 53749, 53756, 53759, 56030, 56033, 56041, 56803, 56808, 56963, 56965, 57546, 57548, 57552, 57558, 58546, 60580, 60581, 60588, 60592, 60598, 60689, 60699, 60986, 60991, 60992, 60999, 61805, 61809, 61812, 61815, 63343, 63344, 61827, 3026, 2974, 9052, 9095, 9137, 13103, 32173, 28658, 28039, 28038, 17309, 24039, 27959, 30222, 35677, 29006, 34779, 34455, 35060, 16200, 27964, 34101, 34150, 34179, 34409, 34453, 34471, 34491, 34492, 34518, 34547, 34553, 34571, 34574, 34579, 34583, 34596, 34699, 34737, 34770, 34789, 34841, 34893, 34895, 34932, 34939, 35088, 35177, 35227, 41051, 41060, 45941, 59709, 59777, 59784, 59789, 59829, 59831, 59833, 59869, 59742, 34122, 33932, 33863, 9198, 33860, 33870, 33884, 33900, 33902, 33903, 33942, 33974, 34013, 34292, 34361, 34595, 53751, 59666, 59667, 59692, 59770, 33891, 33513, 33550, 33635, 33656, 33688, 33699, 59605, 34347, 33937, 33492, 33758, 24353, 26582, 23690, 20073, 9376, 9659, 11110, 28955, 35637, 35364, 27296], "label": "ceiling"}, {"objectId": 12, "id": 12, "partId": 12, "index": 7, "dominantNormal": [0.06689336150884628, -0.9977601170539856, -2.2154725100120522e-16], "obb": {"axesLengths": [3.723282792951148, 2.9199998918175707, 0.5023813379031108], "centroid": [0.1259925984462098, 3.116592933753034, 0.06999994844198221], "normalizedAxes": [0.9977601170539856, 0.06689336895942688, 1.4853311682700294e-17, 0, -2.220446049250313e-16, 1, 0.06689336895942688, -0.9977601170539856, -2.2154725100120522e-16]}, "segments": [58960, 59104, 57885, 57933, 57564, 29114, 26143, 20861, 26073, 26284, 26312, 28277, 28288, 28337, 28361, 28455, 28728, 28768, 28804, 28838, 29101, 29212, 29252, 29254, 29257, 29294, 29300, 29308, 29411, 29444, 29803, 29812, 29820, 30257, 30262, 30277, 31864, 37775, 57436, 57565, 57757, 57762, 57830, 57853, 57856, 57869, 57920, 58069, 58072, 58114, 58993, 58998, 59002, 28301, 26094, 26122, 26225, 26264, 26265, 26278, 26294, 26406, 26444, 26465, 26532, 28191, 28203, 28379, 29158, 29229, 29268, 29281, 29325, 29362, 29477, 29501, 29965, 29968, 31955, 57313, 57822, 57828, 57966, 57999, 58018, 58103, 58943, 31337, 27087, 28891, 25809, 25815, 29714, 57340, 58020, 58035, 58931, 46290, 46181, 6127, 63319, 63352, 6107, 20886, 20920, 20971, 20986, 21001, 46029, 46041, 46210, 46259, 57393, 63322, 57484, 26655, 912, 5638, 5747, 5899, 9283, 9291, 9389, 9696, 9899, 18081, 18098, 21032, 21044, 21078, 21082, 21095, 21101, 21110, 21120, 21132, 21137, 21158, 21198, 21242, 24431, 24432, 24711, 24712, 24745, 24749, 24752, 24972, 24978, 24986, 25213, 25739, 25880, 26117, 26647, 26653, 37372, 37397, 38749, 39028, 39092, 39099, 39144, 52215, 52502, 52507, 52510, 52512, 52516, 53091, 56660, 56685, 56715, 57442, 57538, 61505, 62520, 63357, 26845, 56778, 26493, 57476, 52334, 6877, 7111, 6367, 4743, 84, 4962, 6634, 6635, 6636, 6878, 6881, 6901, 6906, 7330, 7336, 7688, 7723, 8101, 8866, 12425, 12494, 12654, 12684, 12748, 13400, 13500, 14056, 14103, 14444, 15186, 15417, 15420, 15599, 15607, 15608, 15933, 16227, 16620, 52330, 52351, 52366, 52421, 52427, 52543, 52549, 52609, 52618, 52649, 52655, 52705, 62607, 63058, 5008, 4466, 12153, 305, 877, 4217, 4219, 4681, 6279, 52438, 52788, 52790, 52793, 52800, 53077, 53934, 52862, 762, 11807, 56, 127, 326, 400, 963, 3171, 21224, 52994, 38738, 45399, 345, 53007, 52916, 52987, 57130, 40073, 57169, 17413, 57174, 36595, 23709, 57222, 23344, 1203, 2846, 16772, 19724, 23124, 23131, 23731, 23755, 23778, 23930, 23952, 25355, 25360, 25369, 25401, 27928, 27930, 28680, 32153, 36109, 36366, 36368, 36382, 36399, 36409, 36457, 36468, 36535, 36612, 36683, 36729, 36740, 37975, 37990, 38066, 38115, 39903, 40011, 40014, 42746, 46272, 52313, 52319, 52882, 57193, 57199, 57202, 57208, 57212, 60170, 60174, 60178, 60181, 60184, 60187, 60269, 60320, 60329, 60332, 60335, 60340, 60343, 60376, 60378, 60433, 60451, 60453, 61093, 61095, 61104, 61146, 61167, 62497, 62506, 62533, 62556, 62600, 62605, 19619, 23433, 36394, 36451, 36453, 36511, 36520, 60286, 60288, 19653, 27122, 36589, 60273, 897, 19847, 5606, 913, 23009], "label": "window"}, {"objectId": 13, "id": 13, "partId": 13, "index": 8, "dominantNormal": [0, -2.220446049250313e-16, 1], "obb": {"axesLengths": [2.281990044932165, 0.247408980561592, 1.2630607558997382], "centroid": [-0.3666952798739713, 1.422460536682434, -0.6755925098301663], "normalizedAxes": [0.9816430807113647, 0.1907270848751068, 4.2349920209596006e-17, 0, -2.220446049250313e-16, 1, 0.1907270848751068, -0.9816430807113647, -2.179685500339456e-16]}, "segments": [18450, 31096, 54646, 11106, 10086, 63172, 63152, 63125, 63117, 27194, 10416, 10460, 54781, 10272, 10366, 10028, 54093, 4207, 7183, 2883], "label": "desk"}, {"objectId": 14, "id": 14, "partId": 14, "index": 9, "dominantNormal": [0, -2.220446049250313e-16, 1], "obb": {"axesLengths": [0.6587678630766653, 0.5102340464986699, 0.5641165544674297], "centroid": [0.34221666718648297, 1.1633409940262842, -0.7846030547931117], "normalizedAxes": [0.9532782435417175, 0.3020937144756317, 6.707827948107686e-17, 0, -2.220446049250313e-16, 1, 0.3020937144756317, -0.9532782435417175, -2.1167029097084845e-16]}, "segments": [25424, 57292, 25646, 31059, 31217, 31219, 31233, 31712, 31725, 33231, 33275, 33344, 57289, 59460, 59577, 59505, 59545, 25428, 31832, 59436, 25194, 25615, 25624, 25628, 31142, 31159, 31191, 31204, 32343, 32970, 32983, 33122, 33129, 33139, 33159, 33179, 33184, 33240, 59315, 59318, 59409, 59582], "label": "chair"}, {"objectId": 15, "id": 15, "partId": 15, "index": 10, "dominantNormal": [0, -2.220446049250313e-16, 1], "obb": {"axesLengths": [0.5512361595725623, 0.16415899625065178, 0.4374952811114384], "centroid": [-1.1830112868432117, 1.7389729864121464, -0.9791205436932927], "normalizedAxes": [0.9997798204421997, 0.020982498303055763, 4.659050546042157e-18, 0, -2.220446049250313e-16, 1, 0.020982498303055763, -0.9997798204421997, -2.2199571524210697e-16]}, "segments": [3376, 3654, 4429, 53435, 53593, 53706, 53431, 3222, 4438, 4440, 6025, 2108, 3579], "label": "chair"}, {"objectId": 16, "id": 16, "partId": 16, "index": 11, "dominantNormal": [0, -2.220446049250313e-16, 1], "obb": {"axesLengths": [0.5855933546915217, 0.19744997775293927, 0.31694325285951425], "centroid": [-0.34449858390296684, 1.7778356497218002, -0.9312750023318461], "normalizedAxes": [0.9471044540405273, 0.3209255039691925, 7.125977673920592e-17, 0, -2.220446049250313e-16, 1, 0.3209255039691925, -0.9471044540405273, -2.1029943432016637e-16]}, "segments": [54166, 4261, 53585, 59304, 4276, 2917, 4238, 17602, 53587, 56206, 28064, 2926, 2945, 32900], "label": "chair"}, {"objectId": 17, "id": 17, "partId": 17, "index": 12, "dominantNormal": [0.9971997737884521, 0.07478354126214981, 1.6605281874448832e-17], "obb": {"axesLengths": [0.8665658415240909, 1.0430640047103756, 0.42924914172535966], "centroid": [1.9706837508733244, 1.4105504327182585, -0.8504980295785219], "normalizedAxes": [-0.07478354126214981, 0.9971997737884521, 2.2142282980218745e-16, 0, -2.220446049250313e-16, 1, 0.9971997737884521, 0.07478354126214981, 1.6605281874448832e-17]}, "segments": [27825, 22187, 22615, 23272, 23313, 27864, 57686, 57642, 57651, 57615, 19518, 27764, 27784, 22196, 23323, 19792, 27537, 19513], "label": "trash can"}, {"objectId": 18, "id": 18, "partId": 18, "index": 13, "dominantNormal": [0.877694308757782, -0.4792208969593048, -1.0640841473714797e-16], "obb": {"axesLengths": [1.0094459393031898, 0.598180936317572, 0.2535719365283765], "centroid": [-0.6296987895150916, 0.4969209679828668, 0.8826694160848225], "normalizedAxes": [0.4792208969593048, 0.877694308757782, 1.9488728603307015e-16, 0, -2.220446049250313e-16, 1, 0.877694308757782, -0.4792208969593048, -1.0640841473714797e-16]}, "segments": [60499, 6414, 6415, 6432, 26347, 26359, 26896, 34776, 34916, 35109, 35115, 37789, 44878, 45018, 45025, 47072, 53157, 54055, 60573, 60469, 46282, 35924, 37196, 55465, 54052, 47522, 51524, 33722, 33775, 53112], "label": "tv"}, {"objectId": 19, "id": 19, "partId": 19, "index": 14, "dominantNormal": [0.996587336063385, 0.08254479616880417, 1.832862665391936e-17], "obb": {"axesLengths": [1.157954166380197, 1.079999914467336, 0.10338902617875825], "centroid": [1.8173355041561545, 4.084764169460666, -0.7699999991059311], "normalizedAxes": [-0.08254479616880417, 0.996587336063385, 2.2128684130948373e-16, 0, -2.220446049250313e-16, 1, 0.996587336063385, 0.08254479616880417, 1.832862665391936e-17]}, "segments": [37952, 38546, 37468, 37499, 37529, 37885, 37894, 38578, 61009, 61011, 61018, 61020, 61338, 61341, 61709, 61712, 26781, 26811, 37461, 57541, 57542, 61268, 26758, 30957, 61006, 38539, 24345, 24362, 24303, 24306, 24327, 24330, 25553, 24414, 24410, 24364, 24396, 30954], "label": "wall"}], "scan_id": "8eabc414-5af7-2f32-8797-72769173455b", "annId": "4543", "appId": "stk.v1"}