{"segGroups": [{"objectId": 16, "id": 16, "partId": 16, "index": 0, "dominantNormal": [-0.1961541771888733, -0.9805730581283569, -2.1773095729224078e-16], "obb": {"axesLengths": [0.6345448254865358, 1.0504300061517204, 0.5593916849387323], "centroid": [-0.962383295301922, 0.8675810365030658, -0.8152150402302661], "normalizedAxes": [0.9805730581283569, -0.19615419209003448, -4.355498008702041e-17, 0, -2.220446049250313e-16, 1, -0.19615419209003448, -0.9805730581283569, -2.1773095729224078e-16]}, "segments": [26633, 27094, 25919, 47369, 26773, 27093, 27121, 48743, 29055, 26653, 26711, 47418, 47752, 27913, 32343, 27410, 47594, 27915, 47503, 48695, 48766, 34170, 49785, 34136, 49832], "label": "chair"}, {"objectId": 17, "id": 17, "partId": 17, "index": 1, "dominantNormal": [0.6914450526237488, -0.7224290370941162, -1.6041147012793382e-16], "obb": {"axesLengths": [0.5189933705380644, 0.39023900649907406, 0.1891741459997849], "centroid": [-2.3388363763977775, 1.5063244823599808, -0.35488054835899474], "normalizedAxes": [0.7224290370941162, 0.6914450526237488, 1.5353164353720778e-16, 0, -2.220446049250313e-16, 1, 0.6914450526237488, -0.7224290370941162, -1.6041147012793382e-16]}, "segments": [5188, 4203, 4323, 4375, 4712, 5155, 42143, 42145, 42148, 42151, 3505, 2754, 4363, 4385, 4404, 4428, 41991], "label": "tv"}, {"objectId": 18, "id": 18, "partId": 18, "index": 2, "dominantNormal": [-0.2702694535255432, -0.9627847075462341, -2.1378115001496537e-16], "obb": {"axesLengths": [0.6706681665136205, 0.8399999866634607, 0.05426190497238578], "centroid": [-1.1081930799318367, 1.3028373404536786, 0.44999994000956467], "normalizedAxes": [0.9627847075462341, -0.2702694535255432, -6.001187403138335e-17, 0, -2.220446049250313e-16, 1, -0.2702694535255432, -0.9627847075462341, -2.1378115001496537e-16]}, "segments": [35040, 36858], "label": "picture"}, {"objectId": 19, "id": 19, "partId": 19, "index": 3, "dominantNormal": [-0.3169020414352417, -0.9484582543373108, -2.1060003837221304e-16], "obb": {"axesLengths": [1.73852256380973, 1.222650023788585, 0.6408430548138497], "centroid": [-0.9352802848986146, 1.0027262173775044, -0.7413250562012557], "normalizedAxes": [0.9484582543373108, -0.3169020414352417, -7.036638859042414e-17, 0, -2.220446049250313e-16, 1, -0.3169020414352417, -0.9484582543373108, -2.1060003837221304e-16]}, "segments": [48603, 48564, 34259, 32151, 31955, 31336, 32099, 29946, 30181, 28746, 28720, 25790, 47354, 25821, 28935, 34421, 39365, 45933, 21279, 21332, 46189, 20383, 46010, 18381, 18497, 44979, 16768, 18475, 47622, 17485, 25077, 22536, 4566, 18514, 18631, 325, 13, 90, 136, 175, 201, 227, 330, 336, 396, 398, 4581, 4623, 4639, 4657, 12247, 17561, 17652, 18388, 18393, 18479, 18527, 18559, 18645, 19515, 19939, 21239, 21245, 21262, 21345, 21417, 21575, 26050, 26072, 27151, 27408, 27648, 27682, 27684, 27699, 27700, 27739, 27908, 28417, 28581, 28742, 28758, 28838, 28950, 29613, 29676, 29680, 29849, 29933, 29978, 30015, 30045, 30101, 30139, 31292, 31312, 31604, 32007, 32022, 32083, 32086, 32087, 32121, 32363, 32436, 32701, 32742, 32852, 32874, 33039, 33041, 33047, 33095, 33822, 34697, 34728, 34733, 34743, 41857, 41860, 42022, 42037, 44990, 45000, 45114, 45121, 45129, 45857, 45859, 47323, 47596, 47598, 47913, 47931, 47941, 48095, 48101, 48502, 48517, 48542, 48665, 48669, 48685, 48798, 48839, 48842, 48844, 48896, 48955, 48960, 49013, 49792, 49796, 49798, 49851, 49937, 48986, 29614, 29799, 31035, 29878], "label": "computer desk"}, {"objectId": 20, "id": 20, "partId": 20, "index": 4, "dominantNormal": [-0.2901366353034973, -0.9569852352142334, -2.1249340847223261e-16], "obb": {"axesLengths": [0.8210198101177416, 0.8603700207091114, 0.45855720818921053], "centroid": [-2.0705182010371614, 1.3720782724259952, -0.9601850218789648], "normalizedAxes": [0.9569852352142334, -0.2901366353034973, -6.442327456024295e-17, 0, -2.220446049250313e-16, 1, -0.2901366353034973, -0.9569852352142334, -2.1249340847223261e-16]}, "segments": [17767, 2026, 23173, 21513, 18230, 17702, 2226, 17606, 2204, 2221, 2134, 614, 41897, 17546, 622], "label": "cabinet"}, {"objectId": 21, "id": 21, "partId": 21, "index": 5, "dominantNormal": [-0.10096178203821182, -0.9948903322219849, -2.2091003076196377e-16], "obb": {"axesLengths": [0.34150619667102117, 0.33544992650784716, 0.24565701929633083], "centroid": [0.022193033491859637, 0.907673968409938, -1.1705750485141193], "normalizedAxes": [0.9948903322219849, -0.10096178203821182, -2.2418019005201866e-17, 0, -2.220446049250313e-16, 1, -0.10096178203821182, -0.9948903322219849, -2.2091003076196377e-16]}, "segments": [47885, 7559, 43032, 7664, 47897, 29970, 47869], "label": "storage bin"}, {"objectId": 22, "id": 22, "partId": 22, "index": 6, "dominantNormal": [0, -2.220446049250313e-16, 1], "obb": {"axesLengths": [0.5329512683805372, 0.419500013750046, 0.4253826997546432], "centroid": [-2.289258465180743, 1.4910866874125446, -0.640250049948915], "normalizedAxes": [0.8429139256477356, 0.538048505783081, 1.1947076789710766e-16, 0, -2.220446049250313e-16, 1, 0.538048505783081, -0.8429139256477356, -1.8716448960625867e-16]}, "segments": [46368, 46382, 46421, 46339, 2800, 2133, 2741, 4494, 2074], "label": "object"}, {"objectId": 23, "id": 23, "partId": 23, "index": 7, "dominantNormal": [0.9731025695800781, -0.23037226498126984, -5.1152918563450686e-17], "obb": {"axesLengths": [0.34773987140730844, 0.29999997541308443, 0.03709759172539005], "centroid": [-0.07663749631551409, -1.318327032007704, 0.5599999229849884], "normalizedAxes": [0.23037226498126984, 0.9731025695800781, 2.1607217561394124e-16, 0, -2.220446049250313e-16, 1, 0.9731025695800781, -0.23037226498126984, -5.1152918563450686e-17]}, "segments": [25953], "label": "clock"}, {"objectId": 24, "id": 24, "partId": 24, "index": 8, "dominantNormal": [0, -2.220446049250313e-16, 1], "obb": {"axesLengths": [0.4941346035976501, 0.16834202032516843, 0.46528303977646257], "centroid": [-1.4511928597774946, 1.1937225598855628, -0.5463200460211927], "normalizedAxes": [0.9221655130386353, -0.3867954611778259, -8.588584536402564e-17, 0, -2.220446049250313e-16, 1, -0.3867954611778259, -0.9221655130386353, -2.0476187701815257e-16]}, "segments": [45047, 19506, 13828, 21286, 134], "label": "printer"}, {"objectId": 1, "id": 1, "partId": 1, "index": 9, "dominantNormal": [0, -2.220446049250313e-16, 1], "obb": {"axesLengths": [3.8909589999790906, 0.7022600016982846, 4.073120915347612], "centroid": [-1.3455601008273683, -0.4212653683493671, -1.1211300165458769], "normalizedAxes": [0.9900946021080017, 0.1404016762971878, 3.11754347442212e-17, 0, -2.220446049250313e-16, 1, 0.1404016762971878, -0.9900946021080017, -2.198451647634773e-16]}, "segments": [29637, 11601, 11718, 33619, 49431, 33640, 35606, 39881, 277, 1227, 1425, 1698, 21686, 21612, 26158, 26484, 33798, 13339, 816, 1984, 1994, 7621, 7634, 11645, 18783, 19109, 19133, 19136, 21503, 31151, 33695, 38973, 48046, 31076, 15458, 12677, 23204], "label": "floor"}, {"objectId": 2, "id": 2, "partId": 2, "index": 10, "dominantNormal": [0.9766574501991272, -0.2148028165102005, -4.769580652879146e-17], "obb": {"axesLengths": [3.529876243571446, 2.5443900254877634, 0.47174459167595645], "centroid": [0.022705883404318117, -0.7959281472548795, -0.12742506410557697], "normalizedAxes": [0.2148028314113617, 0.9766574501991272, 2.1686151767655364e-16, 0, -2.220446049250313e-16, 1, 0.9766574501991272, -0.2148028314113617, -4.769580983751391e-17]}, "segments": [33516, 20108, 3010, 5958, 35345, 9203, 9171, 6734, 30911, 52361, 15478, 35601, 28214, 13746, 13895, 29510, 29530, 30876, 33252, 37399, 37562, 37614, 38733, 38991, 39036, 39120, 39137, 39164, 47631, 47632, 51794, 52440, 31435, 7575], "label": "wall"}, {"objectId": 3, "id": 3, "partId": 3, "index": 11, "dominantNormal": [-0.27940046787261963, -0.9601746797561646, -2.1320160742547601e-16], "obb": {"axesLengths": [3.1491914952710216, 0.4999999888241291, 0.09160689244697208], "centroid": [-1.874819341260532, -2.0275590295230677, 0.8999999040605138], "normalizedAxes": [0.9601746797561646, -0.27940043807029724, -6.203935988719983e-17, 0, -2.220446049250313e-16, 1, -0.27940043807029724, -0.9601746797561646, -2.1320160742547601e-16]}, "segments": [41047, 2580, 40749], "label": "wall"}, {"objectId": 4, "id": 4, "partId": 4, "index": 12, "dominantNormal": [0.9590821862220764, -0.2831278443336487, -6.286701033834079e-17], "obb": {"axesLengths": [3.476518101508191, 2.519189897495733, 0.35878421363719865], "centroid": [-2.876475872544761, 0.05370167562865297, -0.11040507737968008], "normalizedAxes": [0.2831278443336487, 0.9590821862220764, 2.1295902513031626e-16, 0, -2.220446049250313e-16, 1, 0.9590821862220764, -0.2831278443336487, -6.286701033834079e-17]}, "segments": [7009, 6331, 2864, 4408, 7199, 19093, 42018, 4863, 3541, 7200, 41943, 41945, 41963, 7060, 45261, 44171, 5337, 4012], "label": "wall"}, {"objectId": 5, "id": 5, "partId": 5, "index": 13, "dominantNormal": [-0.2727054953575134, -0.9620975852012634, -2.1362857820534119e-16], "obb": {"axesLengths": [2.7843807385521853, 2.294589945049808, 0.19019470269429034], "centroid": [-1.085794864866864, 1.2832514529933488, -0.017295054531804244], "normalizedAxes": [0.9620975852012634, -0.2727054953575134, -6.055278397754403e-17, 0, -2.220446049250313e-16, 1, -0.2727054953575134, -0.9620975852012634, -2.1362857820534119e-16]}, "segments": [460, 512, 531, 2119, 2811, 2845, 2848, 3048, 35395, 28843, 34312], "label": "wall"}, {"objectId": 6, "id": 6, "partId": 6, "index": 14, "dominantNormal": [0, -2.220446049250313e-16, 1], "obb": {"axesLengths": [4.613016903682108, 0.3190100121719386, 4.347781898187222], "centroid": [-1.48635610540194, -0.4208137880828301, 1.0295049394272646], "normalizedAxes": [-0.3182646334171295, 0.9480019211769104, 2.1049871205589774e-16, 0, -2.220446049250313e-16, 1, 0.9480019211769104, 0.3182646334171295, 7.066894478871644e-17]}, "segments": [8922, 20751, 3152, 3173, 6559, 6961, 9472, 9481, 10967, 41752, 41754, 42551, 42700, 45373, 52013, 52772], "label": "ceiling"}, {"objectId": 7, "id": 7, "partId": 7, "index": 15, "dominantNormal": [-0.2990041673183441, -0.9542518258094788, -2.118864696608555e-16], "obb": {"axesLengths": [3.1243506290838194, 2.1467399117334196, 0.7191327645527497], "centroid": [-1.8176461396459447, -1.8195034624684883, -0.30337004413209767], "normalizedAxes": [0.9542518258094788, -0.2990041673183441, -6.639226220313968e-17, 0, -2.220446049250313e-16, 1, -0.2990041673183441, -0.9542518258094788, -2.118864696608555e-16]}, "segments": [25459, 29333, 16139, 47105, 25084, 25091, 46998, 23852, 19372, 46933, 50578, 34528, 27185, 31823, 27336, 34080, 49681, 27312, 25859, 49647, 16853, 17374, 20666, 36562, 37693, 38009, 30415, 20364, 45296, 20442, 49536, 16224, 50586, 20548, 50531, 37962, 37909, 50438, 4962, 38649, 36868, 15586, 39734, 1149, 39440, 50729, 24708, 41668, 41637, 41640, 30318, 36251, 915, 1173, 4893, 4899, 6747, 13459, 13460, 15869, 15874, 15885, 15920, 16189, 16228, 16298, 16319, 16376, 16402, 16669, 16698, 19258, 19319, 19320, 19450, 19454, 19467, 19474, 19485, 19579, 19587, 19606, 19635, 19652, 19681, 19940, 19974, 19992, 20027, 20096, 20102, 20113, 20133, 20147, 20175, 20453, 22136, 22139, 22147, 22163, 22190, 22780, 22800, 22868, 22948, 22954, 23347, 23461, 23487, 24023, 24067, 24118, 24231, 24237, 24261, 24381, 24422, 24506, 24518, 24537, 24546, 24608, 24617, 24729, 24947, 25009, 25280, 25284, 25559, 26239, 26241, 27237, 29130, 29172, 29249, 30546, 31388, 32234, 32513, 32558, 32609, 32627, 33752, 33941, 33972, 34075, 35126, 35525, 35815, 35816, 35866, 35868, 35891, 35899, 35953, 35968, 36055, 36097, 36292, 36309, 36325, 36329, 36372, 36643, 36650, 36685, 36866, 36886, 36926, 37166, 37497, 37509, 37516, 37567, 37594, 37599, 37978, 38052, 38060, 38329, 38351, 38375, 38545, 38818, 38876, 38904, 38999, 39017, 39055, 39110, 39419, 39522, 40116, 40150, 40173, 40226, 40239, 40392, 40537, 40547, 40551, 40569, 40774, 40825, 40971, 41317, 41346, 41394, 41441, 41678, 43979, 43980, 45289, 45318, 45338, 45353, 45366, 45385, 46251, 46257, 46829, 46881, 46891, 46895, 46918, 46961, 46973, 46997, 47050, 47055, 47058, 47274, 47496, 47758, 47765, 47778, 47783, 47838, 49982, 49990, 50103, 50110, 50231, 50243, 50281, 50330, 50333, 50336, 50697, 50700, 50762, 50771, 50821, 50838, 50844, 50896, 50898, 50904, 51005, 51020, 51058, 51287, 51332, 51362, 51377, 51381, 51761, 51822, 52238, 52239, 52642, 52664, 52689, 52743, 52857, 52864, 52878, 52915, 52974, 52986, 53120, 52660, 40104, 41192, 41157, 40334, 40316, 52785, 29239, 47115, 24051, 50432, 3106, 6211, 6340, 13101, 13272, 23978, 24609, 27819, 28014, 39755, 39772, 41171, 42214, 46842, 52714, 52822, 49056], "label": "armoire"}, {"objectId": 8, "id": 8, "partId": 8, "index": 16, "dominantNormal": [0.957327663898468, -0.2890046536922455, -6.417192415059014e-17], "obb": {"axesLengths": [1.739757640810718, 2.5188899669299274, 0.40681702029571026], "centroid": [-2.819895985615032, 0.12589505938757206, -0.14944504595134345], "normalizedAxes": [0.2890046536922455, 0.957327663898468, 2.125694429141385e-16, 0, -2.220446049250313e-16, 1, 0.957327663898468, -0.2890046536922455, -6.417192415059014e-17]}, "segments": [46511, 9348, 9435, 46305, 22656, 7232, 22653, 7160, 2862, 37454, 4139, 42403, 7878, 42833, 35684, 7313, 15257, 42428, 5978, 7365, 7873, 2459, 2508, 2958, 4080, 7319, 7372, 7394, 7402, 7465, 7715, 7722, 7777, 7819, 7849, 7957, 8106, 8343, 8499, 8503, 8518, 8634, 8948, 9052, 9443, 9484, 9493, 14379, 14420, 37333, 37413, 42327, 42329, 42333, 42455, 42469, 42487, 42663, 42697, 42803, 44312, 44315, 51098, 51225, 46751, 10100, 46692, 10749, 46550, 3210, 20846, 21964, 51674, 51665, 3187, 3216, 3218, 3241, 3250, 3276, 3277, 3300, 3308, 3318, 3728, 3797, 3879, 3882, 3900, 3923, 4992, 5016, 5331, 5768, 5823, 6605, 6655, 8603, 10235, 10267, 10572, 10577, 10588, 10596, 10639, 10657, 10677, 10714, 10731, 10782, 12808, 12862, 12884, 12940, 12990, 13112, 13262, 13311, 13318, 13334, 13923, 14012, 14049, 14108, 14188, 14251, 14693, 14848, 14965, 14967, 15188, 17295, 17309, 19053, 20618, 20885, 20895, 20900, 20907, 20932, 20939, 21017, 21076, 21100, 21188, 22018, 22051, 22058, 22065, 36462, 37303, 37455, 38723, 38774, 38776, 39587, 41934, 41936, 41938, 41951, 42215, 42244, 42283, 43161, 43178, 43182, 43186, 43216, 43219, 43225, 43227, 43824, 43856, 43861, 43993, 43997, 44000, 44303, 44512, 45133, 45419, 45457, 45527, 45574, 45590, 45594, 45596, 45604, 45607, 45612, 45634, 45645, 45661, 45666, 45669, 45673, 45690, 45696, 45698, 45701, 46076, 46085, 46087, 46114, 46770, 46808, 50795, 51177, 51683, 52075, 19059, 19122, 21175, 45431], "label": "curtain"}, {"objectId": 9, "id": 9, "partId": 9, "index": 17, "dominantNormal": [0.8921408653259277, -0.4517573118209839, -1.0031027382528454e-16], "obb": {"axesLengths": [1.0945047579745306, 1.3199999633431436, 0.5807209714594688], "centroid": [-3.027811334373008, 0.15950174219542435, 0.2099999516697233], "normalizedAxes": [0.4517573118209839, 0.8921408653259277, 1.9809506597877119e-16, 0, -2.220446049250313e-16, 1, 0.8921408653259277, -0.4517573118209839, -1.0031027382528454e-16]}, "segments": [10432, 42996, 9838, 10901, 8203, 42931, 9963, 8782, 8223, 5377, 11568, 12324, 12580, 11157, 43803, 12760, 43732, 12219, 5690, 5901, 8146, 8202, 8253, 8276, 8292, 8293, 8423, 8748, 8760, 8822, 8840, 9624, 9667, 9732, 9801, 9828, 9899, 9911, 9917, 9959, 10327, 10342, 10429, 10440, 10866, 10878, 10940, 10963, 10973, 11230, 11367, 12315, 12351, 12371, 12411, 12435, 12437, 12446, 12471, 12479, 12499, 12503, 12522, 12524, 12598, 12606, 12663, 12714, 12881, 12929, 12997, 13066, 13185, 13199, 13214, 13254, 13913, 13920, 13993, 14525, 14551, 14552, 14561, 14589, 14984, 14989, 38621, 42514, 42515, 42538, 42721, 42799, 42909, 42952, 43121, 43125, 43129, 43371, 43682, 43801, 43817, 43852, 43908, 43982, 44324, 44328, 44409, 44413, 44421, 44423, 44426, 44591, 44599, 44602, 51437, 44050, 5729, 7440, 42754, 43100, 43065, 10785, 10820, 12181, 13971, 14787, 43989, 14579, 13038, 43835, 13010, 43869, 43839, 12982, 44378, 14562, 13146], "label": "window"}, {"objectId": 10, "id": 10, "partId": 10, "index": 18, "dominantNormal": [0.8211456537246704, 0.5707187056541443, 1.267250095202997e-16], "obb": {"axesLengths": [0.24880876779378439, 1.0599999786913394, 0.2834885225199187], "centroid": [-3.1304405886716475, -0.23512278486747484, 0.1399999603869022], "normalizedAxes": [0.8211456537246704, 0.5707187056541443, 1.267250095202997e-16, 0, -2.220446049250313e-16, 1, 0.5707187056541443, -0.8211456537246704, -1.82330962267201e-16]}, "segments": [42884, 42503, 8399, 42527, 43618, 7760], "label": "plant"}, {"objectId": 11, "id": 11, "partId": 11, "index": 19, "dominantNormal": [0.9911441206932068, -0.1327904760837555, -2.948540879982431e-17], "obb": {"axesLengths": [0.3416565363074253, 0.464704998626448, 0.3028405019704712], "centroid": [-3.029072992318885, 0.1321621008534667, -0.18235255166681408], "normalizedAxes": [0.1327904760837555, 0.9911441206932068, 2.2007820470309065e-16, 0, -2.220446049250313e-16, 1, 0.9911441206932068, -0.1327904760837555, -2.948540879982431e-17]}, "segments": [43649, 11059, 11313, 43606, 11484, 43590, 8094, 11082, 43338, 11261, 11010, 8249, 8289, 11069, 11071, 11090, 11116, 11166, 11179, 11203, 11222, 11274, 11308, 11342, 11386, 11404, 11407, 11409, 11428, 43303, 43316, 43324, 43384, 43513, 43517, 43537, 43644, 5399], "label": "plant"}, {"objectId": 12, "id": 12, "partId": 12, "index": 20, "dominantNormal": [-0.14632368087768555, -0.9892367720603943, -2.196546882294635e-16], "obb": {"axesLengths": [0.42328477284046834, 0.5599999898672104, 0.3079150490561361], "centroid": [-2.894140505143518, 0.5320214584707134, -0.1300000443069631], "normalizedAxes": [0.9892367720603943, -0.14632368087768555, -3.2490383911662046e-17, 0, -2.220446049250313e-16, 1, -0.14632368087768555, -0.9892367720603943, -2.196546882294635e-16]}, "segments": [14864, 12626, 43715, 12532, 51389, 44492, 51446, 44524], "label": "plant"}, {"objectId": 13, "id": 13, "partId": 13, "index": 21, "dominantNormal": [0.9514287710189819, -0.3078688681125641, -6.836062118877086e-17], "obb": {"axesLengths": [0.9165792289775468, 0.8043409704191762, 0.15905681804890412], "centroid": [-2.9207778115943652, 0.2106321126066193, -0.8478295388317959], "normalizedAxes": [0.3078688979148865, 0.9514287710189819, 2.1125962557521792e-16, 0, -2.220446049250313e-16, 1, 0.9514287710189819, -0.3078688979148865, -6.836062780621576e-17]}, "segments": [3804, 5567, 5625, 6437, 44795, 4054, 16099, 44732, 14226], "label": "radiator"}, {"objectId": 14, "id": 14, "partId": 14, "index": 22, "dominantNormal": [0.9590448141098022, -0.28325432538986206, -6.289509477449819e-17], "obb": {"axesLengths": [0.7797621337499029, 0.5936499105323122, 0.40912717076878274], "centroid": [-0.19816596237231265, -1.1650786378773832, -1.086825011047013], "normalizedAxes": [0.28325432538986206, 0.9590448141098022, 2.1295072685441113e-16, 0, -2.220446049250313e-16, 1, 0.9590448141098022, -0.28325432538986206, -6.289509477449819e-17]}, "segments": [37099, 44845, 33175, 34783, 15762, 15824, 33133, 33162, 33184, 35298, 37421, 37623, 37741, 37768, 44818, 51124, 32259, 37013, 17856], "label": "side table"}, {"objectId": 15, "id": 15, "partId": 15, "index": 23, "dominantNormal": [0.4665278196334839, -0.8845065236091614, -1.9639990158840912e-16], "obb": {"axesLengths": [0.388532726419239, 0.37696992508389204, 0.3626839658725664], "centroid": [-0.17740197892538778, -1.2877857913017032, -1.1784850019315258], "normalizedAxes": [0.8845065236091614, 0.4665278196334839, 1.035899853970532e-16, 0, -2.220446049250313e-16, 1, 0.4665278196334839, -0.8845065236091614, -1.9639990158840912e-16]}, "segments": [35310, 50067, 50087, 37833, 51238, 35256, 51242, 15681, 51746, 49976, 51255, 15751, 15692, 51127, 37730], "label": "stool"}, {"objectId": 28, "id": 28, "initialPoint": [0.23575392155557107, -0.2659518655170916, 0.48039160061002995], "index": 24, "dominantNormal": [0.9543464183807373, -0.29870203137397766, -6.632517454673918e-17], "obb": {"axesLengths": [1.5189329287913118, 2.1229899647163597, 0.13641205044037294], "centroid": [0.2552186156638985, -0.24845228778526587, -0.3314950315825267], "normalizedAxes": [0.29870203137397766, 0.9543464183807373, 2.1190747343096945e-16, 0, -2.220446049250313e-16, 1, 0.9543464183807373, -0.29870203137397766, -6.632517454673918e-17]}, "segments": [39294, 554, 20771, 19926, 17849], "partId": 28, "label": "door"}], "scan_id": "5630cfcf-12bf-2860-8784-83d28a611a83", "annId": "3475", "appId": "stk.v1"}