{"segGroups": [{"objectId": 1, "id": 1, "partId": 1, "index": 0, "dominantNormal": [0, -2.220446049250313e-16, 1], "obb": {"axesLengths": [6.494163028400414, 0.26087998760759845, 4.7185837470952094], "centroid": [0.7654672673307289, 2.628296345361995, -1.3604400505772238], "normalizedAxes": [-0.08720756322145462, 0.9961901903152466, 2.2119865723874068e-16, 0, -2.220446049250313e-16, 1, 0.9961901903152466, 0.08720756322145462, 1.9363968921982582e-17]}, "segments": [43188, 22599, 12605, 37649, 8284, 10759, 10937, 11062, 11162, 17391, 17577, 17647, 17665, 17680, 17692, 17694, 17727, 17793, 17883, 17885, 17910, 18059, 18163, 20707, 21758, 22620, 23519, 23707, 23710, 23717, 23721, 23753, 23774, 23788, 24669, 24680, 24716, 25117, 25561, 25624, 26938, 27081, 27088, 27138, 27381, 28616, 28622, 28992, 29028, 29202, 29322, 29360, 29382, 29397, 29486, 29493, 29519, 29577, 29992, 30127, 31269, 32375, 33630, 33663, 33697, 33870, 33884, 34921, 35084, 35092, 35105, 35111, 35151, 35157, 36031, 36038, 36071, 36151, 36168, 36185, 36216, 36229, 36315, 36341, 36455, 36456, 36472, 36477, 36496, 36499, 36502, 36510, 36541, 36584, 36616, 36623, 36629, 37108, 38005, 38181, 38321, 38417, 38430, 38447, 38869, 41356, 42582, 43389, 43710, 43994, 44221, 44231, 44289, 44298, 46925, 46955, 47435, 49785, 50117, 50126, 50139, 50189, 50197, 50222, 50583, 50688, 50690, 50714, 50739, 50751, 53247, 54268, 54678, 55015, 55017, 55105, 55465, 55493, 55498, 55527, 55529, 55548, 55564, 55592, 55599, 55609, 55880, 56123, 56429, 59287, 63087, 63088, 63312, 63752, 64426, 64432, 64439, 64448, 64451, 64453, 64457, 64513, 47471, 39530, 11264, 13164, 14877, 21932, 28424, 28573, 30112, 35411, 35854, 37132, 46867, 47711, 58423, 59425, 61404, 20203, 10541, 10705, 20150, 20193, 20201, 20261, 20271, 25899, 28330, 28408, 28433, 28444, 29097, 38015, 54259, 54591, 54595, 64303, 42586, 40158, 10954, 41395, 41486, 41487, 50188, 63074, 63096, 19814, 63524, 45925, 13605], "label": "floor"}, {"objectId": 2, "id": 2, "partId": 2, "index": 1, "dominantNormal": [0, -2.220446049250313e-16, 1], "obb": {"axesLengths": [3.247667660788879, 0.8451299478457127, 1.9646345378877321], "centroid": [0.2382725647416989, 1.884912356761205, -0.9644550521421064], "normalizedAxes": [-0.39265313744544983, 0.9196866154670715, 2.0421145118622509e-16, 0, -2.220446049250313e-16, 1, 0.9196866154670715, 0.39265313744544983, 8.718651077664892e-17]}, "segments": [24140, 54753, 26156, 54356, 61908, 56881, 26312, 31038, 31005, 31961, 29793, 31985, 31600, 37767, 39585, 55746, 57704, 36108, 49545, 43014, 44932, 11259, 62657, 34848, 32267, 47945, 28165, 32045, 38303, 10562, 47997, 61974, 7847, 7997, 8033, 9310, 10281, 11058, 11059, 11076, 11099, 23391, 23448, 24053, 26917, 27896, 29124, 29130, 29742, 29765, 30124, 30146, 30201, 30238, 31041, 31069, 31103, 31240, 31266, 31467, 31705, 31727, 31730, 31782, 31831, 31938, 31977, 32214, 32473, 33108, 33134, 35934, 36014, 36020, 36088, 36098, 36302, 36947, 36965, 37001, 37017, 37020, 37091, 38642, 38683, 38778, 38804, 38810, 39216, 39345, 39415, 39551, 39698, 39713, 39714, 39763, 44418, 44511, 45177, 47003, 47007, 47075, 47492, 47518, 47646, 47771, 47955, 47965, 47967, 48013, 48035, 49340, 49356, 49396, 49523, 50143, 50526, 50536, 50639, 50771, 54360, 54668, 55101, 55297, 55353, 55360, 55387, 55390, 55429, 55440, 55463, 55780, 55799, 56837, 56861, 56862, 57094, 57095, 57227, 57262, 57368, 57419, 57462, 57544, 57564, 57654, 57749, 57791, 58046, 58053, 58215, 58591, 60369, 60377, 60404, 60416, 60537, 61772, 61790, 61793, 61805, 61835, 61863, 62806, 39369, 28954, 11051], "label": "sofa"}, {"objectId": 3, "id": 3, "partId": 3, "index": 2, "dominantNormal": [0, -2.220446049250313e-16, 1], "obb": {"axesLengths": [1.3027139144633593, 0.49698202691267346, 0.8814726953651171], "centroid": [1.2657121494412544, 2.560195230293342, -1.108199070583306], "normalizedAxes": [-0.30013570189476013, 0.9538965225219727, 2.1180757648275265e-16, 0, -2.220446049250313e-16, 1, 0.9538965225219727, 0.30013570189476013, 6.664351335111898e-17]}, "segments": [46634, 34644, 29417, 29445, 55263, 56393, 33505, 29939, 32252, 32361, 33280, 33429, 33438, 33443, 33480, 33498, 33533, 33549, 33551, 34714, 34727, 35540, 44180, 55270, 55828, 56424, 56494, 59642, 33576, 35079], "label": "couch table"}, {"objectId": 4, "id": 4, "partId": 4, "index": 3, "dominantNormal": [0, -2.220446049250313e-16, 1], "obb": {"axesLengths": [1.0430942407802117, 0.8041519938971398, 0.9427500259817919], "centroid": [2.008242897996282, 5.250117266406729, -0.9988140296456076], "normalizedAxes": [0.9150512218475342, -0.40333762764930725, -8.955894418278981e-17, 0, -2.220446049250313e-16, 1, -0.40333762764930725, -0.9150512218475342, -2.031821870413029e-16]}, "segments": [61252, 53665, 54602, 54648, 19891, 30357, 55888, 55924, 35484, 46574, 46541, 46581, 16298, 25394, 25018, 28806, 9260, 9269, 9284, 9289, 11171, 11228, 19555, 20243, 21105, 22838, 25089, 25631, 25646, 25647, 26046, 26050, 26347, 26542, 28801, 33729, 33734, 33736, 33757, 36548, 36663, 36682, 36820, 37226, 37883, 50720, 51502, 54089, 54093, 54254, 54257, 54504, 54666, 54970, 54984, 54991, 55142, 55146, 55607, 55614, 55634, 55933, 55934, 59653, 16275, 54946, 19928, 42404, 22738], "label": "armchair"}, {"objectId": 5, "id": 5, "partId": 5, "index": 4, "dominantNormal": [0.9981055855751038, 0.06152433902025223, 1.3661147551025594e-17], "obb": {"axesLengths": [4.929225215479937, 2.5799998660385626, 0.20611677791751817], "centroid": [2.9671001859344717, 3.5925335862864007, -0.12000006727874357], "normalizedAxes": [-0.06152433902025223, 0.9981055855751038, 2.2162396042249094e-16, 0, -2.220446049250313e-16, 1, 0.9981055855751038, 0.06152433902025223, 1.3661147551025594e-17]}, "segments": [2961, 2417, 42904, 5468, 11991, 2751, 6176, 8050, 10624, 11452, 11979, 13446, 14060, 15010, 18880, 22059, 37896, 42487, 52428, 2081, 3343, 3510, 13702, 13873, 51084, 6201, 2041, 3169, 3185, 3206, 3214, 3225, 3246, 3248, 3602, 3607, 3652, 4414, 4457, 4460, 8121, 8276, 9453, 9493, 9548, 12850, 12936, 12942, 12959, 13731, 13795, 14721, 14835, 14850, 14904, 14953, 15346, 19468, 19501, 19596, 19692, 43241, 51042, 51044, 51046, 51913, 52039, 53354, 59968, 2051], "label": "wall"}, {"objectId": 6, "id": 6, "partId": 6, "index": 5, "dominantNormal": [0.12057425081729889, -0.9927043318748474, -2.2042464117851766e-16], "obb": {"axesLengths": [0.5608629041300378, 2.4653798982788637, 0.06589668893679666], "centroid": [2.907752127500162, 1.1116781045397583, -0.18269008548505572], "normalizedAxes": [0.9927043318748474, 0.12057425081729889, 2.6772861886858765e-17, 0, -2.220446049250313e-16, 1, 0.12057425081729889, -0.9927043318748474, -2.2042464117851766e-16]}, "segments": [8112, 21892], "label": "wall"}, {"objectId": 7, "id": 7, "partId": 7, "index": 6, "dominantNormal": [0.9152639508247375, -0.40285471081733704, -8.945171510562334e-17], "obb": {"axesLengths": [1.1906197874834656, 2.5653799198855465, 0.3242239818094914], "centroid": [2.5376116456841764, 0.509043731971963, -0.13269007468171434], "normalizedAxes": [0.40285471081733704, 0.9152639508247375, 2.0322942236300213e-16, 0, -2.220446049250313e-16, 1, 0.9152639508247375, -0.40285471081733704, -8.945171510562334e-17]}, "segments": [19000, 4187, 4135, 413, 6387, 7468, 42357, 7273, 5983, 2309, 270, 15787, 14536, 10524, 5771, 15766, 48813, 210, 267, 2338, 3692, 3745, 5713, 6016, 6040, 7285, 7298, 13403, 13497, 13631, 13656, 13694, 15772, 15911, 50765, 50769, 51499, 51714, 51717, 51756, 53162], "label": "wall"}, {"objectId": 8, "id": 8, "partId": 8, "index": 7, "dominantNormal": [0.05794462561607361, -0.9983198046684265, -2.216715266164352e-16], "obb": {"axesLengths": [2.4215442962135074, 2.4353899411397433, 0.18033733440206676], "centroid": [0.28599859164172114, 5.783849022643931, -0.18769508739497476], "normalizedAxes": [0.9983198046684265, 0.05794462561607361, 1.2866291502449913e-17, 0, -2.220446049250313e-16, 1, 0.05794462561607361, -0.9983198046684265, -2.216715266164352e-16]}, "segments": [9771, 23584, 22689, 47177, 5680, 46076, 46184, 26114, 493, 4973, 5802, 13575, 32479, 30666, 10445, 61746, 48283, 49214, 29683, 59510, 23258], "label": "wall"}, {"objectId": 9, "id": 9, "partId": 9, "index": 8, "dominantNormal": [0.06639804691076279, -0.9977931976318359, -2.215545963650447e-16], "obb": {"axesLengths": [1.5653582099428098, 2.5025200284454208, 0.43257100812138727], "centroid": [2.092779894423691, 5.808206831117202, -0.1812600508795683], "normalizedAxes": [0.9977931976318359, 0.06639804691076279, 1.474332809409402e-17, 0, -2.220446049250313e-16, 1, 0.06639804691076279, -0.9977931976318359, -2.215545963650447e-16]}, "segments": [56039, 27697, 60643, 45838, 60750, 55181, 27740, 32719, 16939, 34275, 27785, 26845, 24357, 61070, 60962, 24318, 61005, 52407, 11735, 1493, 1549, 1738, 1869, 6918, 7810, 7814, 9609, 10163, 11138, 11180, 11244, 11261, 11390, 11484, 11485, 11493, 11500, 11548, 11826, 11829, 16638, 16907, 17114, 17187, 17194, 22345, 22397, 24152, 24166, 24271, 24422, 24452, 26587, 26588, 26663, 26671, 26712, 26872, 27558, 27629, 27630, 27655, 27688, 30476, 30509, 32691, 34080, 34089, 34340, 45745, 46187, 46223, 46295, 50703, 52276, 52316, 52331, 52377, 52415, 53187, 53228, 53939, 54386, 54716, 54729, 54777, 54779, 55972, 56077, 56097, 56107, 56114, 56154, 58123, 60555, 60662, 60665, 60714, 60720, 60837, 60841, 60845, 61175, 61190, 61193, 43077, 9570, 9650, 10106, 10062, 11654, 24647, 24341, 14160, 43016, 12100, 1444, 7874, 12133, 12367, 14094, 24590, 27430, 42689, 42842, 50708, 52336, 53223, 53953, 55994, 59229, 59248, 17055, 30810, 61630, 61606, 61672, 6846, 6880, 6977, 16908, 32768, 56361, 58118, 63129], "label": "curtain"}, {"objectId": 10, "id": 10, "partId": 10, "index": 9, "dominantNormal": [0.32368379831314087, -0.9461653232574463, -2.100909053964642e-16], "obb": {"axesLengths": [0.8857345334696314, 2.010938957089059, 0.493870195999278], "centroid": [1.0852523091202138, 5.679362842300937, -0.4020905460695072], "normalizedAxes": [0.9461653232574463, 0.32368379831314087, 7.187224111707488e-17, 0, -2.220446049250313e-16, 1, 0.32368379831314087, -0.9461653232574463, -2.100909053964642e-16]}, "segments": [35276, 33321, 35739, 37602, 37629, 13981, 60464, 38217, 27272, 31550, 35297, 35302, 35370, 35375, 35395, 37457, 38265, 45655, 48075, 48120, 48631, 48651, 48711, 54765, 60440, 60444, 60446, 60469, 40232, 38216, 7011, 16976, 16981, 17002, 17031, 17032, 17053, 17059, 17947, 27216, 30641, 30668, 30687, 30725, 30789, 32667, 32688, 32693, 32710, 32749, 32755, 32759, 32809, 32814, 32815, 32840, 32876, 32886, 32899, 32904, 32931, 32962, 32964, 32977, 32981, 32988, 32989, 32994, 33019, 33944, 33966, 33971, 34029, 34235, 34271, 34296, 34314, 34317, 34318, 34374, 34389, 34408, 34514, 34545, 35352, 35373, 35710, 35771, 36608, 36620, 36671, 36680, 36693, 36707, 36742, 36749, 36758, 36784, 36793, 36840, 36846, 37384, 37541, 37592, 39825, 39841, 39860, 39861, 39862, 39904, 39942, 39947, 39980, 40056, 40267, 45150, 46759, 47201, 48148, 48992, 49186, 53232, 53242, 54767, 54769, 54773, 55192, 55201, 55672, 55678, 55679, 55689, 55701, 55940, 56118, 56211, 56214, 56219, 56300, 57023, 57028, 57275, 57322, 57356, 58056, 58058, 58065, 58133, 58134, 58154, 58157, 60453, 62212, 62477, 62526, 30734, 34486, 32832, 32708, 56978, 30698, 30731, 32499, 32553, 32567, 32615, 32632, 34355, 34368, 34417, 34433, 34499, 48671, 51649, 56207, 56351, 62034, 27353], "label": "showcase"}, {"objectId": 11, "id": 11, "partId": 11, "index": 10, "dominantNormal": [0.09628993272781372, -0.9953533411026001, -2.2101283938593677e-16], "obb": {"axesLengths": [1.5006248711632875, 1.1045729867091847, 0.6099330449658553], "centroid": [-0.16085089170203193, 5.5314923975328405, -0.9421835387010095], "normalizedAxes": [0.9953533411026001, 0.09628993272781372, 2.138066007080524e-17, 0, -2.220446049250313e-16, 1, 0.09628993272781372, -0.9953533411026001, -2.2101283938593677e-16]}, "segments": [47834, 28316, 54826, 13703, 9668, 58626, 51917, 8982, 14520, 23244, 8386, 8402, 8427, 8490, 8714, 8767, 8792, 8808, 8825, 8885, 9998, 10009, 10057, 10090, 10093, 10097, 10366, 13137, 13367, 13415, 13560, 14470, 14561, 14562, 18008, 19363, 19367, 19381, 19740, 19765, 19799, 19824, 19888, 19890, 19931, 22967, 22975, 23004, 23015, 23114, 23122, 23185, 23212, 23284, 23289, 24959, 28379, 28421, 32091, 32186, 32536, 32644, 39133, 40484, 40590, 40616, 40620, 40642, 40685, 40692, 40706, 40733, 40737, 40756, 41501, 41593, 41667, 41714, 47865, 48251, 50291, 50357, 50399, 50649, 51904, 51908, 51911, 52140, 52152, 52207, 54237, 54244, 54345, 56416, 58336, 58360, 58363, 58369, 58402, 58407, 58416, 58417, 58699, 61756, 61885, 63548, 63629, 64218, 54320, 5044, 47837, 4877, 4920, 4936, 4965, 4990, 5004, 5030, 5032, 5034, 5052, 5110, 9733, 20328, 23821, 27337, 41524, 43940, 51366, 53428, 58765, 59192, 32750], "label": "table"}, {"objectId": 12, "id": 12, "partId": 12, "index": 11, "dominantNormal": [0.9985479712486267, 0.05386948958039284, 1.1961429531391418e-17], "obb": {"axesLengths": [2.3423377739174884, 2.423229878621624, 0.3884169958644501], "centroid": [-1.2690069165643503, 4.119570389423396, -0.20161503661539504], "normalizedAxes": [-0.053869493305683136, 0.9985479712486267, 2.2172218977459284e-16, 0, -2.220446049250313e-16, 1, 0.9985479712486267, 0.053869493305683136, 1.196143035857203e-17]}, "segments": [19821, 18361, 56725, 16972, 20, 675, 924, 1015, 1124, 1219, 1784, 3011, 7049, 16327, 16529, 18375, 18426, 18594, 19301, 20285, 20971, 27917, 35506, 47371, 50776, 50814, 50828, 50851, 50852, 51041, 53192, 53196, 53197, 53200, 55425, 55937, 59317, 59328, 59753, 47417], "label": "wall"}, {"objectId": 13, "id": 13, "partId": 13, "index": 12, "dominantNormal": [0.7715657949447632, -0.636149525642395, -1.4125357009451168e-16], "obb": {"axesLengths": [0.7146543874045947, 2.4799999636411663, 0.3481237901403139], "centroid": [-0.974466187211326, 5.434971986443191, -0.2100000986456867], "normalizedAxes": [0.636149525642395, 0.7715657949447632, 1.7132202211217766e-16, 0, -2.220446049250313e-16, 1, 0.7715657949447632, -0.636149525642395, -1.4125357009451168e-16]}, "segments": [24036, 22078, 2028, 6617, 54332, 58809, 23806, 59526, 40557], "label": "wall"}, {"objectId": 14, "id": 14, "partId": 14, "index": 13, "dominantNormal": [0.999369204044342, 0.03551298379898071, 7.88546645735371e-18], "obb": {"axesLengths": [0.8246713822261345, 0.942119994563162, 0.39478501051144366], "centroid": [-1.058791006516574, 3.8872585540216233, -0.9210600404949493], "normalizedAxes": [-0.03551298379898071, 0.999369204044342, 2.2190454008626893e-16, 0, -2.220446049250313e-16, 1, 0.999369204044342, 0.03551298379898071, 7.88546645735371e-18]}, "segments": [5521, 59566, 39979, 25791, 41008, 2957, 5469, 7093, 7124, 51428], "label": "commode"}, {"objectId": 15, "id": 15, "partId": 15, "index": 14, "dominantNormal": [0.9990683197975159, -0.043156370520591736, -9.58263924224306e-18], "obb": {"axesLengths": [0.8287391438831343, 1.4200400076052535, 0.3779913720369787], "centroid": [-1.1598797975417878, 4.848638317217761, -0.680020070336312], "normalizedAxes": [0.043156374245882034, 0.9990683197975159, 2.2183773036255425e-16, 0, -2.220446049250313e-16, 1, 0.9990683197975159, -0.043156374245882034, -9.582640069423672e-18]}, "segments": [1636, 11650, 46071, 11882, 1621, 1795, 1439, 901, 50957, 6488, 14367, 60823, 976, 985, 1329, 1331, 1376, 1420, 1455, 1488, 1506, 1535, 1592, 1749, 1805, 5126, 5140, 5155, 5223, 5232, 5267, 6470, 6530, 14297, 14315, 20688, 21509, 21510, 21534, 21638, 46077, 46080, 46081, 50843, 50921, 50970, 50979, 51373, 51560, 53744, 53756, 53774, 60760, 60766, 60785, 60801, 60832], "label": "commode"}, {"objectId": 16, "id": 16, "partId": 16, "index": 15, "dominantNormal": [0.9993746280670166, -0.03536061942577362, -7.851634770300291e-18], "obb": {"axesLengths": [1.0934747214053135, 1.0898619646609875, 0.3796475872137619], "centroid": [2.784201055285479, 4.800174188426372, -0.20506906609828057], "normalizedAxes": [0.03536061942577362, 0.9993746280670166, 2.219057444612408e-16, 0, -2.220446049250313e-16, 1, 0.9993746280670166, -0.03536061942577362, -7.851634770300291e-18]}, "segments": [20909, 53576, 53579, 53581, 53611, 53637, 20796, 24909, 59387, 19108, 19121, 20960, 20981, 41822, 53644, 59403, 53313, 20725, 10131, 10126, 52150, 52190, 43629, 43662, 6267, 6465, 13149, 45282, 52125, 52627, 52633, 52650, 10259, 45317, 13501, 15014, 43679, 43719, 45354, 59369, 45332, 24815, 24837, 25204, 42153, 42630, 59181, 59488, 59125, 20998, 25187, 25223, 25260, 54513, 54515, 54527, 54538, 54545, 58570, 60284, 41104, 25287, 41033], "label": "shelf"}, {"objectId": 18, "id": 18, "partId": 18, "index": 16, "dominantNormal": [0.9706383943557739, 0.24054333567619324, 5.3411349937569516e-17], "obb": {"axesLengths": [0.906024478124276, 1.3102919762516319, 0.3806127063744922], "centroid": [2.7590108544748344, 3.7102993483549565, -0.14514607425452808], "normalizedAxes": [-0.24054333567619324, 0.9706383943557739, 2.1552501879979456e-16, 0, -2.220446049250313e-16, 1, 0.9706383943557739, 0.24054333567619324, 5.3411349937569516e-17]}, "segments": [12506, 12651, 12675, 40790, 1982, 2011, 2033, 5557, 7459, 7634, 9201, 9227, 40801, 40803, 40820, 51266, 51267, 58470, 6100, 21334, 5756, 5854, 51007, 7636, 45001, 20100, 4214], "label": "cabinet"}, {"objectId": 19, "id": 19, "partId": 19, "index": 17, "dominantNormal": [0.9988893866539001, -0.04711660370230675, -1.0461987654487969e-17], "obb": {"axesLengths": [0.887140230153294, 1.2753499461259699, 0.4483898072015194], "centroid": [2.970435718015464, 1.553089196352316, -0.7676750305814677], "normalizedAxes": [0.04711660370230675, 0.9988893866539001, 2.217979992233721e-16, 0, -2.220446049250313e-16, 1, 0.9988893866539001, -0.04711660370230675, -1.0461987654487969e-17]}, "segments": [12580, 8302, 58538, 12741, 40898, 54101, 53321, 19514, 19434, 58318, 52902, 45217, 13058, 12702, 12824, 15430, 15589, 52947], "label": "cabinet"}, {"objectId": 20, "id": 20, "partId": 20, "index": 18, "dominantNormal": [0.9969992637634277, 0.07741095870733261, 1.7188685743037582e-17], "obb": {"axesLengths": [1.6372727689583504, 0.6436699484958509, 0.5188658426068761], "centroid": [2.8108569026867896, 2.8265436034148297, -1.0817450099048407], "normalizedAxes": [-0.07741095870733261, 0.9969992637634277, 2.213783076328974e-16, 0, -2.220446049250313e-16, 1, 0.9969992637634277, 0.07741095870733261, 1.7188685743037582e-17]}, "segments": [15971, 20630, 15358, 15421, 15480, 18920, 18958, 37879, 42019, 42054, 59044, 20784, 49910, 15374, 16022, 18459, 18477, 18510, 18519, 18537, 18559, 18599, 18641, 20793, 22556, 22561, 37890, 45099, 48408, 48439, 48844, 48899, 48943, 49013, 49016, 49037, 49042, 49075, 49117, 49586, 49605, 49618, 49623, 49653, 49663, 49684, 49691, 49939, 53255, 53282, 53288, 62592, 62597, 62602, 62605, 62608, 62628, 62858, 62860, 62862, 62865, 62874, 62920, 63057, 63059, 48034, 42060, 62326, 33439, 41931, 22587], "label": "tv stand"}, {"objectId": 21, "id": 21, "partId": 21, "index": 19, "dominantNormal": [0.9937235713005066, 0.11186341941356659, 2.483866876924847e-17], "obb": {"axesLengths": [0.814540783746053, 0.5044809765112179, 0.20226573702120013], "centroid": [2.9046737837656673, 2.679243197710051, -0.6479755402063847], "normalizedAxes": [-0.11186341941356659, 0.9937235713005066, 2.2065095779411217e-16, 0, -2.220446049250313e-16, 1, 0.9937235713005066, 0.11186341941356659, 2.483866876924847e-17]}, "segments": [15927, 10711, 10922, 10957, 13757, 13769, 52773, 52252, 10796, 10900, 52242, 10656, 10761, 10770, 10777, 10819, 10934, 13755, 13809, 13843, 52244, 42283, 10723, 41868, 42241, 20549, 13855, 44040, 13867, 18893, 20608, 41899, 13938], "label": "tv"}, {"objectId": 22, "id": 22, "partId": 22, "index": 20, "dominantNormal": [0, -2.220446049250313e-16, 1], "obb": {"axesLengths": [1.7018950936484936, 0.1400000011920928, 0.26161950953955565], "centroid": [2.977615339531606, 2.462845532707089, 0.01999993577599457], "normalizedAxes": [-0.06456561386585236, 0.9979134798049927, 2.215813043726628e-16, 0, -2.220446049250313e-16, 1, 0.9979134798049927, 0.06456561386585236, 1.433644622258531e-17]}, "segments": [51296, 6299, 7454, 6664, 6785, 12403, 6676, 8562], "label": "shelf"}, {"objectId": 23, "id": 23, "partId": 23, "index": 21, "dominantNormal": [0.43628358840942383, -0.8998092412948608, -1.9979778749120954e-16], "obb": {"axesLengths": [0.5346909840891477, 0.6356509185809434, 0.4039358940776293], "centroid": [-0.12604111071185153, 5.308492207262632, -0.8046745235918211], "normalizedAxes": [0.8998092412948608, 0.43628358840942383, 9.687441702364548e-17, 0, -2.220446049250313e-16, 1, 0.43628358840942383, -0.8998092412948608, -1.9979778749120954e-16]}, "segments": [4542, 13355, 8814, 4668, 4671, 8896, 8924, 8986, 9031, 9144, 9204, 9244, 13088, 13099, 13117, 13289, 51329, 51952, 51954, 51998, 52001, 52002, 52611, 52620, 54921, 8648, 54925, 52739, 55021], "label": "chair"}, {"objectId": 24, "id": 24, "partId": 24, "index": 22, "dominantNormal": [0.04720775783061981, -0.9988850951194763, -2.2179704631130644e-16], "obb": {"axesLengths": [0.861323651477339, 0.7599999585747724, 0.04784860023706642], "centroid": [-0.3390522485597731, 5.7916815952237055, 0.14999991506338128], "normalizedAxes": [0.9988850951194763, 0.04720775783061981, 1.0482227936896529e-17, 0, -2.220446049250313e-16, 1, 0.04720775783061981, -0.9988850951194763, -2.2179704631130644e-16]}, "segments": [190, 122, 23771, 2627, 2682], "label": "clock"}, {"objectId": 25, "id": 25, "partId": 25, "index": 23, "dominantNormal": [-0.5689637660980225, -0.8223626017570496, -1.8260117901226493e-16], "obb": {"axesLengths": [0.47876858387854837, 0.3446739834992439, 0.3086214073230455], "centroid": [1.9997801903161454, 5.295590002800845, -0.8473130331043981], "normalizedAxes": [0.8223626017570496, -0.5689637660980225, -1.2633533465989332e-16, 0, -2.220446049250313e-16, 1, -0.5689637660980225, -0.8223626017570496, -1.8260117901226493e-16]}, "segments": [46556, 25501, 25431, 46542], "label": "pillow"}, {"objectId": 26, "id": 26, "partId": 26, "index": 24, "dominantNormal": [0.9383739233016968, 0.3456217646598816, 7.674344818739556e-17], "obb": {"axesLengths": [0.444805709462176, 0.86451793764864, 0.4747654111054055], "centroid": [-0.06676077279953341, 4.035026203306056, -0.7168410167059089], "normalizedAxes": [0.9383739233016968, 0.3456217646598816, 7.674344818739556e-17, 0, -2.220446049250313e-16, 1, 0.3456217646598816, -0.9383739233016968, -2.083608670714769e-16]}, "segments": [18810, 53916, 54033, 2248, 3807, 3863, 51212, 3944, 2251, 2265, 3712, 3775, 3795, 3796, 3825, 3848, 3865, 3866, 3877, 3884, 3913, 3926, 3940, 3947, 3949, 3970, 3979, 3980, 4001, 7142, 7181, 7220, 7692, 7759, 51122, 51129, 51134, 51142, 51187, 51190, 51198, 51200, 51216, 51256, 51695, 51700, 51804, 49950, 61343, 12267, 7697, 4265, 12131, 4268, 6081, 7177, 7652, 7660, 7696, 7704, 7755, 12136, 12142, 12159, 12182, 12188, 12190, 12239, 12269, 18864, 49905, 49931, 49982, 50027, 51508, 51772, 51799, 51802, 52438, 52446, 52458, 52503, 61206, 61370], "label": "furniture"}, {"objectId": 28, "id": 28, "partId": 28, "index": 25, "dominantNormal": [0, -2.220446049250313e-16, 1], "obb": {"axesLengths": [0.6131939169197197, 0.20613801018585232, 0.5082816870671187], "centroid": [0.04412832764369712, 1.71283462182439, -0.8673280339540251], "normalizedAxes": [-0.4160217344760895, 0.9093546867370605, 2.0191730215325622e-16, 0, -2.220446049250313e-16, 1, 0.9093546867370605, 0.4160217344760895, 9.237538167196956e-17]}, "segments": [60490, 32431, 55641, 57624], "label": "pillow"}, {"objectId": 29, "id": 29, "partId": 29, "index": 26, "dominantNormal": [0, -2.220446049250313e-16, 1], "obb": {"axesLengths": [0.49675205711509013, 0.288949959972129, 0.3895689206939707], "centroid": [0.37999409279031815, 1.08926618651319, -0.8313560355896659], "normalizedAxes": [0.9198798537254333, 0.3922002613544464, 8.708595208394208e-17, 0, -2.220446049250313e-16, 1, 0.3922002613544464, -0.9198798537254333, -2.0425435869895944e-16]}, "segments": [57392, 56803, 37650], "label": "pillow"}, {"objectId": 30, "id": 30, "partId": 30, "index": 27, "dominantNormal": [-0.49535420536994934, -0.868691086769104, -1.928881691635418e-16], "obb": {"axesLengths": [0.42907403579718834, 0.33036004758566495, 0.29526001268115304], "centroid": [0.16175413899336055, 1.3420059341501587, -0.8048200483287875], "normalizedAxes": [0.868691086769104, -0.49535420536994934, -1.0999072882932322e-16, 0, -2.220446049250313e-16, 1, -0.49535420536994934, -0.868691086769104, -1.928881691635418e-16]}, "segments": [36906, 57047], "label": "pillow"}, {"objectId": 31, "id": 31, "partId": 31, "index": 28, "dominantNormal": [0.9994336366653442, 0.03365162014961243, 7.472160701207914e-18], "obb": {"axesLengths": [0.437481595489008, 0.30940198206748093, 0.2751825822663796], "centroid": [-0.06728160810899897, 2.2332471029356102, -0.808322059549645], "normalizedAxes": [-0.03365161642432213, 0.9994336366653442, 2.2191884700214365e-16, 0, -2.220446049250313e-16, 1, 0.9994336366653442, 0.03365161642432213, 7.472159874027302e-18]}, "segments": [30213, 31382], "label": "pillow"}, {"objectId": 32, "id": 32, "partId": 32, "index": 29, "dominantNormal": [0, -2.220446049250313e-16, 1], "obb": {"axesLengths": [0.8140392487446867, 0.32451402415676345, 0.36666242635235635], "centroid": [-0.14858560569470658, 2.4329487855084095, -0.8077430600432385], "normalizedAxes": [0.20328587293624878, 0.9791194200515747, 2.1740818479977768e-16, 0, -2.220446049250313e-16, 1, 0.9791194200515747, -0.20328587293624878, -4.5138531342969474e-17]}, "segments": [57972, 38680, 39615], "label": "pillow"}, {"objectId": 33, "id": 33, "partId": 33, "index": 30, "dominantNormal": [0.998343825340271, 0.057529233396053314, 1.2774055901066575e-17], "obb": {"axesLengths": [0.5019157029019164, 0.4281099939023704, 0.2853356675691172], "centroid": [-0.1673535501820016, 2.9587783845547992, -0.7559450751704349], "normalizedAxes": [-0.057529233396053314, 0.998343825340271, 2.2167686027702493e-16, 0, -2.220446049250313e-16, 1, 0.998343825340271, 0.057529233396053314, 1.2774055901066575e-17]}, "segments": [62280, 48348, 39271, 57896], "label": "pillow"}, {"objectId": 34, "id": 34, "partId": 34, "index": 31, "dominantNormal": [0.9999992251396179, 0.0012244181707501411, 2.718754489872446e-19], "obb": {"axesLengths": [0.2800976979008268, 0.30423780595724675, 0.1599409726491432], "centroid": [3.0498481321244353, 1.9499508161982666, 0.17788103756574225], "normalizedAxes": [-0.0012244181707501411, 0.9999992251396179, 2.220444328714639e-16, 0, -2.220446049250313e-16, 1, 0.9999992251396179, 0.0012244181707501411, 2.718754489872446e-19]}, "segments": [51294, 3391, 51282, 51077], "label": "picture"}, {"objectId": 35, "id": 35, "partId": 35, "index": 32, "dominantNormal": [-0.44730791449546814, -0.8943800330162048, -1.9859226108391966e-16], "obb": {"axesLengths": [0.308054637231233, 0.3248119877693356, 0.18563534405750562], "centroid": [3.044812298128504, 1.3302269912355174, 0.007593938911094611], "normalizedAxes": [0.8943800330162048, -0.44730791449546814, -9.932230915398591e-17, 0, -2.220446049250313e-16, 1, -0.44730791449546814, -0.8943800330162048, -1.9859226108391966e-16]}, "segments": [8297, 8102, 8268, 3252, 8232, 51054], "label": "plant"}, {"objectId": 36, "id": 36, "partId": 36, "index": 33, "dominantNormal": [0.991938591003418, -0.12671947479248047, -2.813737571660379e-17], "obb": {"axesLengths": [0.5212289316128487, 0.2724959789403683, 0.2211265982045542], "centroid": [-1.0564268727631352, 3.6197536548107863, 0.566247921818912], "normalizedAxes": [0.12671947479248047, 0.991938591003418, 2.2025461254924616e-16, 0, -2.220446049250313e-16, 1, 0.991938591003418, -0.12671947479248047, -2.813737571660379e-17]}, "segments": [16426, 17850, 52778, 17024], "label": "box"}, {"objectId": 37, "id": 37, "partId": 37, "index": 34, "dominantNormal": [0.9807508587837219, -0.19526337087154388, -4.335717804150183e-17], "obb": {"axesLengths": [0.45494031737396967, 0.2711809812967256, 0.24269289376329586], "centroid": [-1.0962512339238975, 4.15097161941237, 0.5655904229970901], "normalizedAxes": [0.1952633559703827, 0.9807508587837219, 2.177704369685167e-16, 0, -2.220446049250313e-16, 1, 0.9807508587837219, -0.1952633559703827, -4.335717473277938e-17]}, "segments": [18982, 18943, 53035, 19186, 53027], "label": "box"}, {"objectId": 38, "id": 38, "partId": 38, "index": 35, "dominantNormal": [0.9552050828933716, -0.2959446907043457, -6.571292192710703e-17], "obb": {"axesLengths": [0.44473742329215327, 0.23999998740851897, 0.2270016799562341], "centroid": [-1.1062674736170717, 3.8752311649457694, 0.08999992985278338], "normalizedAxes": [0.2959446907043457, 0.9552050828933716, 2.1209813525344047e-16, 0, -2.220446049250313e-16, 1, 0.9552050828933716, -0.2959446907043457, -6.571292192710703e-17]}, "segments": [44428, 55451, 679, 50823, 643, 59672, 59751], "label": "decoration"}, {"objectId": 39, "id": 39, "partId": 39, "index": 36, "dominantNormal": [0, -2.220446049250313e-16, 1], "obb": {"axesLengths": [1.1000127361113594, 0.12358219645361185, 0.24647394129325845], "centroid": [-1.167873763158271, 3.931381487481888, -0.008208965699176396], "normalizedAxes": [-0.16064119338989258, 0.9870128631591797, 2.1916088125610404e-16, 0, -2.220446049250313e-16, 1, 0.9870128631591797, 0.16064119338989258, 3.566951032094425e-17]}, "segments": [59689, 59709, 50896], "label": "shelf"}, {"objectId": 40, "id": 40, "partId": 40, "index": 37, "dominantNormal": [0, -2.220446049250313e-16, 1], "obb": {"axesLengths": [1.0621256826655765, 0.060000001043081515, 0.24962110739363846], "centroid": [-1.1223592825844277, 3.8879931827818517, 0.43999992258846676], "normalizedAxes": [-0.0668049231171608, 0.9977660775184631, 2.215485744901853e-16, 0, -2.220446049250313e-16, 1, 0.9977660775184631, 0.0668049231171608, 1.483367276059706e-17]}, "segments": [17532, 17681], "label": "shelf"}, {"objectId": 260, "id": 260, "initialPoint": [0.2259026134105192, 5.393864507506244, -1.273865405467829], "index": 38, "dominantNormal": [-0.32751572132110596, -0.9448457360267639, -2.0979789817116321e-16], "obb": {"axesLengths": [0.2684274288437052, 0.20048999338246873, 0.1328096141458606], "centroid": [0.2690935242651109, 5.445369855892588, -1.2910550004008052], "normalizedAxes": [0.9448457360267639, -0.32751572132110596, -7.272309894748163e-17, 0, -2.220446049250313e-16, 1, -0.32751572132110596, -0.9448457360267639, -2.0979789817116321e-16]}, "segments": [45710, 59078, 45780, 14460, 14496, 34687, 34681, 34719, 39057, 39064, 45718, 45727, 45772, 45795, 55211, 59069, 31880], "partId": 260, "label": "trash can"}], "scan_id": "dbeb4cee-faf9-2324-991e-79c1f7e0b908", "annId": "6376", "appId": "stk.v1"}