{"segGroups": [{"objectId": 1, "id": 1, "partId": 1, "index": 0, "dominantNormal": [0, -2.220446049250313e-16, 1], "obb": {"axesLengths": [0.6117070830852075, 0.5090899949724226, 0.5268563075137662], "centroid": [0.5345799854725297, -3.3743995820189094, -1.2045449548596494], "normalizedAxes": [0.9643658399581909, 0.2645723819732666, 5.874687002932846e-17, 0, -2.220446049250313e-16, 1, 0.2645723819732666, -0.9643658399581909, -2.1413223193671247e-16]}, "segments": [31712, 94434, 30142, 31171, 30106, 66720, 45726, 94381, 45704, 97134, 84076], "label": "chair"}, {"objectId": 2, "id": 2, "partId": 2, "index": 1, "dominantNormal": [0.8486769795417786, 0.5289115309715271, 1.174419519348662e-16], "obb": {"axesLengths": [0.6772687608749092, 1.013689972154275, 0.66452750280133], "centroid": [0.9086814018908382, -4.2147154815866585, -1.2368449793623735], "normalizedAxes": [-0.5289115309715271, 0.8486769795417786, 1.884441446313231e-16, 0, -2.220446049250313e-16, 1, 0.8486769795417786, 0.5289115309715271, 1.174419519348662e-16]}, "segments": [32660, 88203, 32693, 32625, 31847, 24643, 24609, 31779, 34581, 34316, 29407, 29417, 31735, 31764, 31788, 31796, 32148, 32177, 32295, 32530, 32533, 32568, 32587, 32632, 32667, 32685, 32707, 32715, 33142, 33876, 33897, 34353, 34370, 87970, 87971, 88020, 88098, 88163, 88166, 88169, 88185, 88713, 88717, 89076, 33526, 26746, 32422, 32483, 88142, 32523, 32313, 32128, 32337, 33615], "label": "desk chair"}, {"objectId": 3, "id": 3, "partId": 3, "index": 2, "dominantNormal": [0.9999557733535767, 0.009404213167726994, 2.0881547974587175e-18], "obb": {"axesLengths": [0.6208562619700656, 0.7020789227915049, 0.4930931733575384], "centroid": [0.46144982857477856, -1.6107604543654097, -1.0888904591060298], "normalizedAxes": [-0.009404213167726994, 0.9999557733535767, 2.2203478463679908e-16, 0, -2.220446049250313e-16, 1, 0.9999557733535767, 0.009404213167726994, 2.0881547974587175e-18]}, "segments": [26967, 13010, 12461, 12539, 12646, 12903, 12989, 26328, 26563, 26685, 84679, 84712, 84734, 86799, 86864, 86875, 86877, 86880, 86963, 86966, 86978, 86981, 86986, 86989, 86993, 86997, 87090, 26237, 26242, 24918, 24926, 26276, 26331, 27381, 86780, 97590, 26555, 26419, 27283, 87048, 87134], "label": "desk chair"}, {"objectId": 4, "id": 4, "partId": 4, "index": 3, "dominantNormal": [0, -2.220446049250313e-16, 1], "obb": {"axesLengths": [1.4722787172931249, 0.8074099241030973, 0.8637952318725962], "centroid": [0.8306839281083686, -1.5016897319588929, -1.3137049584660287], "normalizedAxes": [-0.30941933393478394, 0.9509257078170776, 2.1114792310529876e-16, 0, -2.220446049250313e-16, 1, 0.9509257078170776, 0.30941933393478394, 6.870489375971543e-17]}, "segments": [25672, 22347, 86722, 22335, 22082, 27974, 23769, 62062, 22944, 54724, 23202, 62141, 22455, 96309, 88356, 87775, 28570, 28464, 32810, 86840, 24827, 27254, 24853, 24092], "label": "desk"}, {"objectId": 5, "id": 5, "partId": 5, "index": 4, "dominantNormal": [0.16697077453136444, -0.9859618544578552, -2.1892751044424568e-16], "obb": {"axesLengths": [1.153683156911514, 1.0055519713710548, 0.9778089086192147], "centroid": [-0.10917534724356337, -1.1666172806004629, -1.2472239657274462], "normalizedAxes": [0.9859618544578552, 0.16697075963020325, 3.7074956356120847e-17, 0, -2.220446049250313e-16, 1, 0.16697075963020325, -0.9859618544578552, -2.1892751044424568e-16]}, "segments": [28659, 19608, 83116, 87320, 83208, 81477, 81282, 9502, 19302, 62727, 83176, 80903, 95060, 19612, 6522, 103681, 57210, 45874, 62039, 6393, 65838, 6377, 6385, 6422, 6467, 6569, 6617, 6632, 6635, 6750, 6789, 6854, 7118, 7121, 7157, 7201, 9577, 9586, 12080, 12608, 15836, 18037, 18114, 19188, 27379, 27394, 28006, 28020, 28112, 28253, 28264, 28300, 28340, 28384, 28437, 28695, 34769, 35743, 46453, 46479, 46615, 57218, 61837, 61863, 61886, 61887, 61992, 65832, 65883, 65959, 65961, 65987, 65994, 66042, 80883, 80921, 82299, 82305, 82747, 84635, 84641, 84643, 84735, 84739, 84741, 84745, 84749, 84752, 85975, 87055, 87328, 87339, 87363, 89121, 89130, 89227, 90121, 90162, 90164, 92828, 92829, 94042, 94045, 94051, 94054, 94068, 94075, 94095, 94233, 94236, 98543, 102029, 102122, 103692, 79554], "label": "desk"}, {"objectId": 6, "id": 6, "partId": 6, "index": 5, "dominantNormal": [0, -2.220446049250313e-16, 1], "obb": {"axesLengths": [2.2887801248511126, 1.0668049812285971, 1.2824045474633974], "centroid": [1.6409443006612157, -4.018629339758775, -1.2365974412781542], "normalizedAxes": [-0.04711902141571045, 0.9988892674446106, 2.217979727535925e-16, 0, -2.220446049250313e-16, 1, 0.9988892674446106, 0.04711902141571045, 1.0462524494705516e-17]}, "segments": [60328, 38931, 28101, 32583, 22744, 12466, 22965, 23687, 23612, 13882, 58432, 12462, 39059, 105398, 39414, 89928, 102324, 105499, 58431, 12376, 30866, 23563, 25055, 87834, 23486, 23253, 23301, 85570, 51260, 58045, 14282, 88982, 88804, 33471, 33931, 33343, 88985, 87848, 31607, 31375, 23484, 86494, 31667, 58266, 30508, 33041, 20410, 80533, 74474, 14152, 74684, 41713, 60358, 94609, 41588, 89248, 89376, 41327, 41566, 89298, 67221, 41243, 89336, 34682, 93634, 95791, 105443, 93726, 94487, 94500, 50049, 93164, 49832, 93713, 50159, 58738, 66420, 63055, 82641, 22816, 49520, 49365, 88846, 102461, 18907, 87568, 30759, 33937, 20499, 58238, 58293, 34664, 34674, 17018], "label": "desk"}, {"objectId": 7, "id": 7, "partId": 7, "index": 6, "dominantNormal": [0, -2.220446049250313e-16, 1], "obb": {"axesLengths": [0.44562050609613235, 0.29089998548701423, 0.30985037397515125], "centroid": [1.2000538110372645, -3.362058632277779, -1.6159399291942997], "normalizedAxes": [0.7770296931266785, 0.6294639110565186, 1.397690654451097e-16, 0, -2.220446049250313e-16, 1, 0.6294639110565186, -0.7770296931266785, -1.7253525122533164e-16]}, "segments": [33055, 25687, 24951, 83639, 34008, 93597, 25810, 33713, 32018, 58459, 33294, 93624], "label": "garbage"}, {"objectId": 8, "id": 8, "partId": 8, "index": 7, "dominantNormal": [0.35172680020332336, -0.9361026883125305, -2.0785655159561556e-16], "obb": {"axesLengths": [0.5581622140975359, 0.3999999672174459, 0.22303508133681774], "centroid": [1.8118091442110187, -4.1652284685341225, -1.5499999678042506], "normalizedAxes": [0.9361026883125305, 0.35172680020332336, 7.809903839269236e-17, 0, -2.220446049250313e-16, 1, 0.35172680020332336, -0.9361026883125305, -2.0785655159561556e-16]}, "segments": [30340, 30748, 29576, 104185, 40, 52, 74, 76, 18734, 18737, 30613, 54108, 54110, 54132, 54150, 54174, 54192, 54214, 54284, 54292, 80800, 80913, 80954, 80973, 84502, 84506, 87591, 92390, 92411, 92440, 104315, 104408, 104437], "label": "pc"}, {"objectId": 9, "id": 9, "partId": 9, "index": 8, "dominantNormal": [-0.6438273191452026, -0.7651708126068115, -1.6990205078544463e-16], "obb": {"axesLengths": [0.6016499227593426, 0.3981680185012215, 0.13604609602345805], "centroid": [2.2587044620930037, -3.9811118099962814, -0.8266659993586065], "normalizedAxes": [0.7651708126068115, -0.6438273191452026, -1.4295838271953857e-16, 0, -2.220446049250313e-16, 1, -0.6438273191452026, -0.7651708126068115, -1.6990205078544463e-16]}, "segments": [37151, 66931, 37089, 37101, 37118, 37143, 37145, 37446, 45995, 46037, 75421, 89709, 90966, 90968, 90974, 92799, 94509, 94511, 94550, 94553, 94578, 99217, 99222], "label": "monitor"}, {"objectId": 10, "id": 10, "partId": 10, "index": 9, "dominantNormal": [0, -2.220446049250313e-16, 1], "obb": {"axesLengths": [2.2624235906524857, 1.0836199279810497, 1.6897549054514072], "centroid": [2.4160004525989853, -3.698569307738585, -1.2718099572757608], "normalizedAxes": [-0.5736030340194702, 0.8191334009170532, 1.8188415238752436e-16, 0, -2.220446049250313e-16, 1, 0.8191334009170532, 0.5736030340194702, 1.2736545907265256e-16]}, "segments": [54052, 14659, 105582, 14752, 14584, 77374, 72725, 70468, 68405, 72435, 82842, 63271, 46114, 92763, 63294, 41806, 102328, 38955, 102346, 82872, 61215, 105716, 15371, 14485, 14940, 13873, 50845, 42593, 55751, 62256, 62085, 65318, 20950, 61415, 7956, 69115, 53788, 54830, 85663, 14718, 102577, 70511, 42764, 102388, 76531, 52810, 14341, 14316, 41684, 72708, 63215, 14440, 105949, 106003, 40732, 69895, 54095, 10140, 15993, 15873, 9055, 18566, 104363, 54106, 104368, 12847, 12920, 12933, 14678, 97310], "label": "desk"}, {"objectId": 11, "id": 11, "partId": 11, "index": 10, "dominantNormal": [0, -2.220446049250313e-16, 1], "obb": {"axesLengths": [0.30542992005811437, 0.27550005296990143, 0.2977841042325665], "centroid": [2.5542803575293056, -3.619361681954243, -1.611379935552327], "normalizedAxes": [-0.634945809841156, 0.7725566625595093, 1.7154203892022696e-16, 0, -2.220446049250313e-16, 1, 0.7725566625595093, 0.634945809841156, 1.4098629149498354e-16]}, "segments": [94959, 62592, 62557, 80030, 7886, 7896, 7900, 18122, 42334, 42370, 56679, 62509, 83655, 90546, 90548, 90549, 94886, 94905, 94938, 94942, 103984, 103989, 103993, 104010, 37350, 104052, 92997, 37381, 62541], "label": "trash can"}, {"objectId": 12, "id": 12, "partId": 12, "index": 11, "dominantNormal": [0.9937724471092224, 0.11142832785844803, 2.4742059036785952e-17], "obb": {"axesLengths": [0.5480000879013406, 0.4127399829162659, 0.21452260598911907], "centroid": [3.1584749601022626, -4.173199924094263, -1.5457299507526288], "normalizedAxes": [-0.11142832785844803, 0.9937724471092224, 2.2066181040374886e-16, 0, -2.220446049250313e-16, 1, 0.9937724471092224, 0.11142832785844803, 2.4742059036785952e-17]}, "segments": [70895, 99419, 37820, 37794, 37827, 37846, 69694, 70963, 70978, 71039, 71055, 89787, 99379, 99411, 103880, 106012, 99355, 64959, 64997, 65007, 65009, 65023, 70949, 79747, 79780, 100042, 100046, 103876, 65046, 73425, 81793, 37804], "label": "pc"}, {"objectId": 13, "id": 13, "partId": 13, "index": 12, "dominantNormal": [0, -2.220446049250313e-16, 1], "obb": {"axesLengths": [0.5360446322750276, 0.06002598866762243, 0.28582064520981343], "centroid": [2.45763097248555, -3.8109185873074494, -1.016756949413484], "normalizedAxes": [0.9572226405143738, -0.2893524467945099, -6.424914973257809e-17, 0, -2.220446049250313e-16, 1, -0.2893524467945099, -0.9572226405143738, -2.125461230383094e-16]}, "segments": [37258, 14850], "label": "keyboard"}, {"objectId": 14, "id": 14, "partId": 14, "index": 13, "dominantNormal": [0.4414452016353607, 0.8972882032394409, 1.9923800459219286e-16], "obb": {"axesLengths": [0.6746676848692656, 0.8248859459559778, 0.6927461006621988], "centroid": [3.13218427097361, -3.2854373894120856, -1.3469069204333337], "normalizedAxes": [0.44144517183303833, 0.8972882032394409, 1.9923800459219286e-16, 0, -2.220446049250313e-16, 1, 0.8972882032394409, -0.44144517183303833, -9.802051877572955e-17]}, "segments": [15067, 7830, 13020, 87457, 29836, 56672, 13006, 93010, 15188, 8844, 8314, 7863, 7864, 7870, 8333, 8868, 9090, 9096, 9121, 15017, 15023, 15029, 15034, 15066, 15115, 15179, 15198, 15215, 15220, 15240, 29726, 29790, 29852, 29875, 29908, 30012, 30042, 30135, 36547, 36564, 36607, 41078, 42118, 42177, 42179, 42180, 42187, 85687, 85689, 85694, 85699, 85704, 85708, 85715, 85737, 87465, 87556, 87560, 89663, 89670, 89671, 89673, 89677, 90476, 92499, 93050, 41018, 87550, 90500, 90511, 8309, 8789, 92529, 9106, 84829, 8123], "label": "desk chair"}, {"objectId": 15, "id": 15, "partId": 15, "index": 14, "dominantNormal": [0.9331380128860474, -0.3595184087753296, -7.982912303979397e-17], "obb": {"axesLengths": [1.19440332735729, 1.2786499572101984, 0.8568378376431225], "centroid": [2.160031258121536, -4.626256872491051, -0.9064049721475296], "normalizedAxes": [0.3595184087753296, 0.9331380128860474, 2.0719826141181116e-16, 0, -2.220446049250313e-16, 1, 0.9331380128860474, -0.3595184087753296, -7.982912303979397e-17]}, "segments": [53910, 71314, 49413, 49418, 49440, 49517, 49582, 49594, 49632, 49639, 49720, 50519, 50535, 91309, 91322, 91349, 91423, 92328, 92369, 97180, 97181, 72901, 99798, 49381, 17208, 10030, 10161, 10169, 10334, 10418, 12814, 42922, 42954, 43080, 49456, 49680, 49806, 50502, 50504, 50625, 50726, 77869, 77888, 84459, 91508, 91513, 91515, 91559, 97219, 97318, 97327, 99790, 99792, 9970, 10008, 42897, 43038, 49305, 49731, 49777, 53834, 57830, 68650, 84330, 84456, 92316, 92349, 12765, 17259, 49687, 49780, 58063, 58119, 68567, 68577, 68609, 68753, 68785, 68815, 68933, 68934, 68937, 68950, 91439, 95004, 95787, 99157, 99159, 17484, 37562, 37567, 37570, 37614, 37639, 37640, 37647, 49564, 49785, 58185, 68778, 68986, 69000, 78104, 80616, 80621, 81225, 89716, 89723, 90567, 93571, 95815, 17073, 12821, 12886, 12928, 12961, 77929, 78098, 78274, 78363, 102702, 102705, 43053, 78189, 49468, 49611, 93527, 37012, 50227, 53884], "label": "plant"}, {"objectId": 16, "id": 16, "partId": 16, "index": 15, "dominantNormal": [0, -2.220446049250313e-16, 1], "obb": {"axesLengths": [0.37779775158608025, 0.2881700928173192, 0.29754551048988415], "centroid": [0.8962236049128829, -2.0402624768991826, -1.5740849525221043], "normalizedAxes": [0.9228819608688354, 0.38508301973342896, 8.550560698004727e-17, 0, -2.220446049250313e-16, 1, 0.38508301973342896, -0.9228819608688354, -2.0492096039355877e-16]}, "segments": [86562, 25348, 25142, 25442, 86474, 25393, 25335, 25358, 25454, 24108], "label": "trash can"}, {"objectId": 17, "id": 17, "partId": 17, "index": 16, "dominantNormal": [0, -2.220446049250313e-16, 1], "obb": {"axesLengths": [0.43433260720253114, 0.048378049245967336, 0.22430530836801088], "centroid": [0.7559199805838251, -1.2106205009111533, -0.9861909730001293], "normalizedAxes": [0.8456487655639648, -0.5337398052215576, -1.1851404418318392e-16, 0, -2.220446049250313e-16, 1, -0.5337398052215576, -0.8456487655639648, -1.87771746054991e-16]}, "segments": [25863, 25631], "label": "keyboard"}, {"objectId": 18, "id": 18, "partId": 18, "index": 17, "dominantNormal": [0.93773353099823, 0.3473554849624634, 7.712841142703283e-17], "obb": {"axesLengths": [0.3441135335067546, 0.4796000611871465, 0.2707338768613561], "centroid": [2.796484183520003, -1.3658038699633424, -1.5131299658817774], "normalizedAxes": [-0.3473554849624634, 0.93773353099823, 2.0821867141545658e-16, 0, -2.220446049250313e-16, 1, 0.93773353099823, 0.3473554849624634, 7.712841142703283e-17]}, "segments": [73834, 73686, 73666, 73788, 100087, 60246, 73749, 73780, 100161, 100177, 67217, 100108, 73782, 77585, 100187], "label": "trash can"}, {"objectId": 19, "id": 19, "partId": 19, "index": 18, "dominantNormal": [0.2235194593667984, -0.9746994376182556, -2.1642675154659577e-16], "obb": {"axesLengths": [0.60891705692793, 0.540000009387731, 0.523861706906549], "centroid": [2.8609368881524375, -1.9766993404172346, -1.2199999620673037], "normalizedAxes": [0.9746994376182556, 0.2235194593667984, 4.963129004815734e-17, 0, -2.220446049250313e-16, 1, 0.2235194593667984, -0.9746994376182556, -2.1642675154659577e-16]}, "segments": [21889, 97445, 101684, 75431, 75364, 97450, 104494, 78020, 70697, 99300, 21546, 66275, 100550, 100993, 101715, 21585], "label": "chair"}, {"objectId": 20, "id": 20, "partId": 20, "index": 19, "dominantNormal": [0, -2.220446049250313e-16, 1], "obb": {"axesLengths": [1.0647897323057582, 0.579199956822396, 0.6687185410466072], "centroid": [1.98246005890159, -0.06844583711780228, -1.219599955305157], "normalizedAxes": [0.8637669682502747, -0.5038915276527405, -1.1188639518272325e-16, 0, -2.220446049250313e-16, 1, -0.5038915276527405, -0.8637669682502747, -1.917947952124243e-16]}, "segments": [45253, 43645, 38289, 39458, 90258, 41487, 42305, 2233, 8228, 38313, 38345, 38370, 39229, 39232, 39241, 39253, 39527, 39546, 39558, 39568, 39577, 39600, 41520, 41651, 41658, 41674, 43671, 43691, 45351, 90013, 90036, 90068, 90070, 90074, 90077, 90266, 90714, 93052, 101359, 2222, 45368, 90721, 48163, 39534], "label": "chair"}, {"objectId": 21, "id": 21, "partId": 21, "index": 20, "dominantNormal": [0, -2.220446049250313e-16, 1], "obb": {"axesLengths": [0.5582371713843967, 0.20205008531994917, 0.5576636055250929], "centroid": [1.8599076479847476, 0.2558900629095868, -1.273754976000597], "normalizedAxes": [-0.689794659614563, 0.7240050435066223, 1.6076141384915806e-16, 0, -2.220446049250313e-16, 1, 0.7240050435066223, 0.689794659614563, 1.5316518267351209e-16]}, "segments": [47983, 48025, 92881, 48380, 48417, 48421, 56198, 92553, 39127, 39139, 39178, 39206, 48204, 48441, 48442, 48461, 53688, 55046, 91065, 91124, 91129, 91157, 91161, 91191, 92562], "label": "bag"}, {"objectId": 22, "id": 22, "partId": 22, "index": 21, "dominantNormal": [0, -2.220446049250313e-16, 1], "obb": {"axesLengths": [0.6487692148154657, 0.46791707423514683, 0.49121193381490535], "centroid": [1.9265571341931194, 0.26632266083983813, -1.1408214815429982], "normalizedAxes": [0.8578006625175476, 0.5139825344085693, 1.141270487911171e-16, 0, -2.220446049250313e-16, 1, 0.5139825344085693, -0.8578006625175476, -1.9047000921313897e-16]}, "segments": [53511, 89703, 48347, 48309, 48127, 48478, 48122, 48162], "label": "chair"}, {"objectId": 23, "id": 23, "partId": 23, "index": 22, "dominantNormal": [0, -2.220446049250313e-16, 1], "obb": {"axesLengths": [2.242047084434803, 0.8703199430483588, 1.8438723000004136], "centroid": [0.8358960415344501, 1.1971007942015808, -1.3051599473750572], "normalizedAxes": [0.9804501533508301, 0.19676755368709564, 4.369117372051604e-17, 0, -2.220446049250313e-16, 1, 0.19676755368709564, -0.9804501533508301, -2.1770366694947143e-16]}, "segments": [53081, 11410, 96733, 96937, 97027, 57472, 19548, 37708, 19929, 19752, 19776, 16577, 16594, 57295, 57677, 41440, 102297, 29117, 29132, 62992, 62907, 16729, 102243, 43936, 43891, 43986, 48737, 45450, 83421, 86184, 20102, 21603, 40795, 96086, 40239, 48271, 51657, 94737, 22231, 53505, 19671, 86150, 18287, 94709, 63725, 97132, 11365, 68119, 44962, 39950, 16722, 67016, 96730, 16562, 16637, 29227, 65118, 83256, 61577, 64764, 95867, 35467, 89443, 35362, 62967, 63486, 20006, 61683, 61702, 63522, 61762, 61711, 61797, 96036, 40695, 90182, 22204, 39921, 44819, 41149, 55578], "label": "desk"}, {"objectId": 24, "id": 24, "partId": 24, "index": 23, "dominantNormal": [0.5066546201705933, -0.8621491193771362, -1.9143556059855987e-16], "obb": {"axesLengths": [0.5599359654740461, 0.29094993417821957, 0.2762699385359556], "centroid": [1.0764181903305698, 2.0153097073825244, -0.8954749408538252], "normalizedAxes": [0.8621491193771362, 0.5066546201705933, 1.1249992496922118e-16, 0, -2.220446049250313e-16, 1, 0.5066546201705933, -0.8621491193771362, -1.9143556059855987e-16]}, "segments": [5024, 5124, 86208, 86231, 5110, 20853, 86318, 4997, 5028, 5111, 5113, 16035, 16042, 16063, 16495, 16678, 20891, 20936, 86302, 103869], "label": "bag"}, {"objectId": 25, "id": 25, "partId": 25, "index": 24, "dominantNormal": [0, -2.220446049250313e-16, 1], "obb": {"axesLengths": [0.45832477518954334, 0.04353898666339395, 0.20771829283657742], "centroid": [0.8754421831622224, 1.089435195562395, -0.9847004396815472], "normalizedAxes": [0.3834942579269409, 0.9235432744026184, 2.0506780149589918e-16, 0, -2.220446049250313e-16, 1, 0.9235432744026184, -0.3834942579269409, -8.515283099240565e-17]}, "segments": [47031, 47047], "label": "keyboard"}, {"objectId": 26, "id": 26, "partId": 26, "index": 25, "dominantNormal": [0.9994566440582275, 0.03296073526144028, 7.318753439165055e-18], "obb": {"axesLengths": [0.4476592367299655, 0.3161329556375825, 0.10650123268978377], "centroid": [1.1607451437118244, 1.107112991681913, -0.7541794811652689], "normalizedAxes": [-0.03296073526144028, 0.9994566440582275, 2.2192395566960677e-16, 0, -2.220446049250313e-16, 1, 0.9994566440582275, 0.03296073526144028, 7.318753439165055e-18]}, "segments": [64027, 96380, 97147, 64033, 64078, 64107, 91572, 96342, 50981], "label": "monitor"}, {"objectId": 27, "id": 27, "partId": 27, "index": 26, "dominantNormal": [0.9999133944511414, 0.013158884830772877, 2.921859383502951e-18], "obb": {"axesLengths": [0.6853546384974087, 0.8122529801967814, 0.5988234417643051], "centroid": [0.3151086612381634, 1.749004476944216, -1.3008634658617466], "normalizedAxes": [-0.013158885762095451, 0.9999133944511414, 2.2202537463015068e-16, 0, -2.220446049250313e-16, 1, 0.9999133944511414, 0.013158885762095451, 2.921859590298104e-18]}, "segments": [89988, 79815, 67112, 16569, 77336, 66978, 79009, 91966, 52524, 27849, 27169, 83266, 102605], "label": "desk chair"}, {"objectId": 28, "id": 28, "partId": 28, "index": 27, "dominantNormal": [0, -2.220446049250313e-16, 1], "obb": {"axesLengths": [7.151540324458863, 0.30000006482004904, 3.495019817556944], "centroid": [1.1512705881059973, -1.4231129586569549, -1.6799999601301525], "normalizedAxes": [-0.43848463892936707, 0.89873868227005, 1.995600756354965e-16, 0, -2.220446049250313e-16, 1, 0.89873868227005, 0.43848463892936707, 9.736314841676631e-17]}, "segments": [34729, 65373, 79053, 61331, 39718, 55429, 21622, 73096, 98372, 52582, 100338, 90582, 39017, 47772, 56067, 5382, 64661, 97855, 74382, 42570, 16907, 78977, 8586, 8575, 8516, 97860, 20056, 20177, 77637, 32093, 94615, 63599, 52049, 88238, 15705, 41173, 99037, 39822, 16696, 65043, 70851, 52897, 52929, 26320, 26301, 23883, 26027, 7074, 28422, 8615, 8585], "label": "floor"}, {"objectId": 29, "id": 29, "partId": 29, "index": 28, "dominantNormal": [0.45006781816482544, -0.8929944038391113, -1.9828458960071934e-16], "obb": {"axesLengths": [3.070612136810465, 2.9384398995688565, 0.8765778030429683], "centroid": [2.5050662030107036, -4.321896979122755, -0.2825299939600352], "normalizedAxes": [0.8929943442344666, 0.45006781816482544, 9.99351308738795e-17, 0, -2.220446049250313e-16, 1, 0.45006781816482544, -0.8929943442344666, -1.9828457636582954e-16]}, "segments": [37414, 76427, 93217, 102766, 1149, 12083, 11436, 15136, 58577, 19915, 93334, 72940, 50061, 62267, 64442, 51291, 47446, 15838, 93286, 24452, 6588, 1130, 1029, 85486, 1326, 14388, 2021, 1967, 7732, 105926, 8409, 97503, 68340, 73451, 97501, 90591, 81789, 65016, 31331, 33929, 7767, 40439, 2884, 62248], "label": "wall"}, {"objectId": 30, "id": 30, "partId": 30, "index": 29, "dominantNormal": [0, -2.220446049250313e-16, 1], "obb": {"axesLengths": [6.853371274981173, 0.5999999508261689, 3.73938774577541], "centroid": [0.9178548943758029, -1.139631934495581, 1.089999988684358], "normalizedAxes": [-0.5319672226905823, 0.8467649221420288, 1.8801958260140168e-16, 0, -2.220446049250313e-16, 1, 0.8467649221420288, 0.5319672226905823, 1.181204517953965e-16]}, "segments": [53976, 10172, 20530, 47174, 2958, 80295, 2569, 2672, 88527, 88548, 28682, 7865, 88466, 17050, 7856, 30998, 67660, 30858, 439, 2459, 30837, 2081, 74620, 5764, 5059, 88662, 20366, 59711, 51868, 47305, 47300, 22799, 17434, 20979, 18668, 18645, 78236, 36967, 35149, 18685, 56615, 18510, 38247, 22666, 78090, 96497, 43946, 36749, 19044], "label": "ceiling"}, {"objectId": 31, "id": 31, "partId": 31, "index": 30, "dominantNormal": [0.3952576816082001, -0.9185702800750732, -2.03963574935145e-16], "obb": {"axesLengths": [2.6575890532139064, 2.939999991506337, 0.17757133436724318], "centroid": [-0.296963152188713, 1.86042241263908, -0.27999995565980473], "normalizedAxes": [0.9185702800750732, 0.3952576816082001, 8.77648357562766e-17, 0, -2.220446049250313e-16, 1, 0.3952576816082001, -0.9185702800750732, -2.03963574935145e-16]}, "segments": [46174, 57333, 32019, 71777, 56703, 73930], "label": "wall"}, {"objectId": 32, "id": 32, "partId": 32, "index": 31, "dominantNormal": [0.9037786722183228, 0.4280000925064087, 9.503511144846237e-17], "obb": {"axesLengths": [6.57430012456562, 2.9792099525211, 0.5090508673749494], "centroid": [2.4230501009382333, -0.4690907781065441, -0.28039495563190364], "normalizedAxes": [-0.4280001223087311, 0.9037786722183228, 2.0067917821238684e-16, 0, -2.220446049250313e-16, 1, 0.9037786722183228, 0.4280001223087311, 9.503511806590727e-17]}, "segments": [41119, 20792, 69436, 80412, 81616, 76683, 35869, 16794, 61254, 96697, 96682, 101431, 2210, 93446, 55121, 101387, 3142, 7757, 40517, 40025, 56003, 56148, 40015, 21454, 66496, 3237, 9209, 9203, 81614, 3015, 56443, 55135, 8494, 11651, 8731, 101674], "label": "wall"}, {"objectId": 33, "id": 33, "partId": 33, "index": 32, "dominantNormal": [0.9229072332382202, 0.3850224018096924, 8.54921470971198e-17], "obb": {"axesLengths": [1.9099738252021903, 1.739999970644713, 0.4438985246511789], "centroid": [2.7110630744879383, -0.8431371865778523, 0.01999998995095753], "normalizedAxes": [-0.3850224018096924, 0.9229072332382202, 2.0492657198683433e-16, 0, -2.220446049250313e-16, 1, 0.9229072332382202, 0.3850224018096924, 8.54921470971198e-17]}, "segments": [10503, 5, 5830, 11631, 85181, 38709, 85335, 81864, 9439, 9727, 700, 1010, 1881, 1904, 5569, 5581, 5817, 5822, 5878, 9447, 9491, 9516, 9634, 11120, 11989, 42053, 42197, 51305, 51420, 84052, 84082, 84084, 85038, 85040, 85083, 85247, 85343, 85460, 85462, 89931, 90379, 90424, 90456, 90842, 90847, 90326, 1719, 85125, 85169, 41885, 42065, 90837, 3736, 84200, 990, 1579, 1581, 10348, 11910, 11868, 83971, 832], "label": "curtain"}, {"objectId": 34, "id": 34, "partId": 34, "index": 33, "dominantNormal": [0.9293102622032166, 0.36929991841316223, 8.20010544828969e-17], "obb": {"axesLengths": [2.3729083618102873, 1.719999990165233, 0.2485878393300365], "centroid": [1.7904691947148512, 1.1683344793049515, 0.009999999711217455], "normalizedAxes": [-0.36929991841316223, 0.9293102622032166, 2.0634833002369047e-16, 0, -2.220446049250313e-16, 1, 0.9293102622032166, 0.36929991841316223, 8.20010544828969e-17]}, "segments": [60317, 7530, 31833, 67717, 7242, 30428, 59306, 51769, 61098, 91978, 76907, 76899, 94521, 30435, 16872, 46882, 73335, 92053, 47622, 67720, 2126, 7448, 20647, 31790, 36053, 36081, 36163, 36189, 36277, 46896, 47642, 53184, 53188, 53204, 53213, 53263, 61021, 61048, 61102, 65616, 65630, 89697, 4455, 58195, 57111, 7374, 59262], "label": "curtain"}, {"objectId": 35, "id": 35, "partId": 35, "index": 34, "dominantNormal": [0.9257505536079407, 0.3781348168849945, 8.396279602362766e-17], "obb": {"axesLengths": [0.9872110884395517, 1.3399999438226229, 0.04255261343204054], "centroid": [0.547646538984795, -4.173468119706843, -0.03999998128980198], "normalizedAxes": [-0.3781347870826721, 0.9257505536079407, 2.055579159350042e-16, 0, -2.220446049250313e-16, 1, 0.9257505536079407, 0.3781347870826721, 8.396278940618276e-17]}, "segments": [28143], "label": "shades"}, {"objectId": 36, "id": 36, "partId": 36, "index": 35, "dominantNormal": [0.93153315782547, 0.3636564612388611, 8.074795526421787e-17], "obb": {"axesLengths": [1.194124842307342, 1.2799999427795419, 0.0571046220370651], "centroid": [0.03458719347325896, -2.9365665687621396, -0.06999998181134237], "normalizedAxes": [-0.3636564612388611, 0.93153315782547, 2.0684191200392332e-16, 0, -2.220446049250313e-16, 1, 0.93153315782547, 0.3636564612388611, 8.074795526421787e-17]}, "segments": [28772, 13601], "label": "shades"}, {"objectId": 37, "id": 37, "partId": 37, "index": 36, "dominantNormal": [0.9176516532897949, 0.39738577604293823, 8.823736764428119e-17], "obb": {"axesLengths": [1.2447205703678514, 1.299999923259021, 0.05423629023129129], "centroid": [-0.406617485582105, -1.8300167694821579, 9.47147849039709e-09], "normalizedAxes": [-0.39738577604293823, 0.9176516532897949, 2.0375959881353432e-16, 0, -2.220446049250313e-16, 1, 0.9176516532897949, 0.39738577604293823, 8.823736764428119e-17]}, "segments": [68552, 68358, 28849], "label": "shades"}, {"objectId": 38, "id": 38, "partId": 38, "index": 37, "dominantNormal": [0.9268344044685364, 0.3754703402519226, 8.337116336230524e-17], "obb": {"axesLengths": [1.2151979775457262, 1.3799999643862249, 0.05558625400483168], "centroid": [-0.8632802913848936, -0.7112380228936839, 9.47147804630788e-09], "normalizedAxes": [-0.375470370054245, 0.9268344044685364, 2.0579857917114283e-16, 0, -2.220446049250313e-16, 1, 0.9268344044685364, 0.375470370054245, 8.337116997975014e-17]}, "segments": [73554, 34274], "label": "shades"}, {"objectId": 39, "id": 39, "partId": 39, "index": 38, "dominantNormal": [0.9240958094596863, 0.38216087222099304, 8.485675989011577e-17], "obb": {"axesLengths": [6.575007882236355, 2.98010998263709, 0.37233333152501213], "centroid": [-0.33926176078744796, -1.6952660702609783, -0.28005497074570296], "normalizedAxes": [-0.38216087222099304, 0.9240958094596863, 2.0519048892435305e-16, 0, -2.220446049250313e-16, 1, 0.9240958094596863, 0.38216087222099304, 8.485675989011577e-17]}, "segments": [19134, 14033, 65370, 35708, 35608, 82477, 95740, 65417, 69306, 22960, 26860, 100468, 19197, 50448, 95159, 35931, 95470, 40369, 36570, 81671, 66582, 26160, 66297, 33284, 26730, 95242, 34393, 33975, 79526, 76571, 32370, 43625, 43419, 3256, 3327, 32698, 32672, 34201, 19421, 47837, 45510, 49052, 47833, 47227, 47278, 97657, 57095, 33231, 33107, 21398, 26705, 54907], "label": "wall"}, {"objectId": 40, "id": 40, "partId": 40, "index": 39, "dominantNormal": [0.4372207224369049, -0.8993542194366455, -1.9969675234246986e-16], "obb": {"axesLengths": [1.3487029555564962, 2.417224949213304, 0.5483116779464791], "centroid": [-0.7839631283479762, 1.4133642532519675, -0.5270074989478075], "normalizedAxes": [0.8993542194366455, 0.4372207224369049, 9.708250257853932e-17, 0, -2.220446049250313e-16, 1, 0.4372207224369049, -0.8993542194366455, -1.9969675234246986e-16]}, "segments": [103403, 49875, 49082, 48706, 48507, 50998, 49074, 49922, 49947, 49962, 49977, 50881, 51178, 363, 977, 19507, 1434, 19464, 44438, 44446, 44448, 44509, 44512, 44517, 44567, 46270, 46374, 46383, 46410, 46442, 46467, 48860, 49161, 51088, 51108, 51151, 52167, 55239, 55244, 55247, 56249, 80487, 91010, 91264, 91367, 91649, 91869, 91879, 91889, 9014, 41879, 20337, 93065, 103513, 8531, 20307, 39911, 41331, 41348, 41353, 44070, 44079, 44091, 44651, 44765, 44781, 46657, 48937, 48985, 48995, 49256, 52324, 52712, 56912, 56925, 56945, 56963, 56978, 56983, 69822, 71308, 71313, 71356, 71357, 71368, 71383, 71491, 72387, 72391, 72393, 74090, 74120, 74158, 74240, 74339, 78600, 78692, 78736, 81492, 81506, 81508, 90766, 91256, 91267, 91268, 92295, 93092, 93116, 99178, 99521, 99523, 99529, 99532, 99622, 99626, 100360, 100361, 103319, 103554, 103582, 103705, 104619, 104815, 104827, 104831, 104837, 104843, 104846, 103339, 68159, 69725, 71261, 71458, 71466, 74428, 100534, 46278, 46317, 100436, 67919, 18389, 18441, 44731, 46418, 49281, 50907, 56924, 67872, 67925, 67946, 68238, 71374, 71453, 71473, 71498, 73125, 74133, 74455, 78620, 79366, 82171, 82281, 82285, 86079, 86083, 86084, 97646, 97652, 103280, 106070, 97571, 104725, 100592, 13269, 43114, 68763, 71318, 74873, 78962, 80634, 80817, 82101, 82298, 82331, 82336, 82339, 99613, 100568, 100603, 100614, 106150, 106211, 68144, 13129, 13151, 13191, 13224, 13230, 13239, 13283, 13299, 13316, 13326, 13340, 13408, 13416, 13447, 13481, 13486, 13497, 13513, 13527, 17237, 17849, 17864, 18173, 18514, 46579, 58948, 64431, 64459, 68861, 68868, 68892, 71797, 71849, 71925, 74683, 74872, 75043, 75141, 75268, 75564, 76188, 76198, 76254, 78891, 78894, 79912, 79936, 79954, 80992, 81238, 81935, 82102, 82337, 85516, 85517, 85559, 85780, 85802, 85817, 91760, 91935, 91953, 93667, 97565, 100683, 100920, 101736, 103665, 103917, 103920, 103923, 103926, 106050, 106059, 106074, 18153, 76264, 73140, 58914, 62353, 70587, 79295, 79339, 82350, 103565, 103732, 106345, 62393, 17653, 17759, 17881, 17949, 62647, 70294, 72959, 81914, 81962, 86011, 93657, 99224, 100560, 103417, 103968, 17899, 17599, 17938, 18032, 18187, 18206, 18493, 64310, 73435, 17892, 64350, 70214, 73099, 81932, 93630, 106443, 103377, 48281, 17762, 92270, 47714, 50256, 53690, 104555], "label": "cabinet"}, {"objectId": 41, "id": 41, "partId": 41, "index": 40, "dominantNormal": [0.47873246669769287, -0.8779608607292175, -1.9494647246025954e-16], "obb": {"axesLengths": [0.649402221388753, 0.5359710037118715, 0.1600874048314651], "centroid": [-0.3917778795036533, 1.3746937715537846, 0.17798550976279248], "normalizedAxes": [0.8779608607292175, 0.4787324368953705, 1.0629995481523002e-16, 0, -2.220446049250313e-16, 1, 0.4787324368953705, -0.8779608607292175, -1.9494647246025954e-16]}, "segments": [81012, 81000, 17518, 48762], "label": "box"}, {"objectId": 42, "id": 42, "partId": 42, "index": 41, "dominantNormal": [0.9405261874198914, 0.3397212326526642, 7.543326688900546e-17], "obb": {"axesLengths": [0.3675339345520331, 1.52000000655651, 0.3170609549122985], "centroid": [3.155352626084963, -1.7034540735528543, 0.030000009993019106], "normalizedAxes": [-0.3397212326526642, 0.9405261874198914, 2.0883876570729573e-16, 0, -2.220446049250313e-16, 1, 0.9405261874198914, 0.3397212326526642, 7.543326688900546e-17]}, "segments": [66792, 84401, 3463, 3721, 3929, 11280, 11275, 83882, 11841, 83856, 263, 243, 13450, 4872, 4865, 4186, 84527, 4900, 159, 485, 10567, 97542, 10243, 12579, 15299, 4628, 84088, 3730, 4895, 11727, 4290, 166, 171, 224, 226, 229, 277, 279, 288, 298, 303, 315, 321, 336, 438, 456, 465, 486, 492, 499, 517, 519, 575, 579, 591, 607, 651, 1270, 1282, 1291, 3514, 3532, 3540, 3558, 3575, 3601, 3629, 3638, 3639, 3661, 3766, 3968, 3996, 4003, 4004, 4147, 4149, 4163, 4169, 4170, 4217, 4222, 4230, 4244, 4262, 4317, 4372, 4394, 4484, 4600, 4603, 4610, 4630, 4637, 4648, 4652, 4826, 4840, 4848, 4854, 4857, 4866, 4898, 4923, 10617, 11003, 11526, 11676, 11815, 11840, 11980, 12304, 12333, 12483, 12527, 12529, 12550, 12569, 13171, 13376, 13660, 13925, 15274, 15276, 83675, 83689, 83704, 83744, 83764, 83797, 83804, 83816, 83819, 83821, 83874, 83892, 83907, 83939, 83948, 83953, 83963, 83966, 83980, 84078, 84079, 84096, 84101, 84107, 84113, 84117, 84120, 84127, 84135, 84137, 84142, 84186, 84188, 84230, 84233, 84238, 84240, 84243, 84449, 84453, 84465, 84495, 84508, 84510, 84512, 84516, 84536, 84574, 85380, 85905, 97549], "label": "window"}, {"objectId": 43, "id": 43, "partId": 43, "index": 42, "dominantNormal": [0.7386893630027771, 0.674045979976654, 1.4966827332522171e-16], "obb": {"axesLengths": [0.5802037080239425, 1.6999999500811103, 0.4481966900472166], "centroid": [2.3016632957119603, 0.10201322288904535, 0.040000000232758515], "normalizedAxes": [-0.674045979976654, 0.7386893630027771, 1.6402198777027468e-16, 0, -2.220446049250313e-16, 1, 0.7386893630027771, 0.674045979976654, 1.4966827332522171e-16]}, "segments": [59505, 59924, 44363, 101542, 60032, 2067, 42211, 44372, 42218, 2028, 60127, 85056, 9969, 9933, 9901, 7303, 61623, 73337, 7324, 2051, 2118, 2125, 7294, 7368, 7594, 7607, 7610, 7633, 9687, 9700, 9753, 9866, 9980, 9992, 10004, 10027, 10080, 29696, 30168, 30174, 30175, 30215, 30271, 30972, 44316, 51758, 51791, 51824, 59271, 59522, 59641, 59735, 59757, 59780, 59802, 59804, 59807, 59818, 59855, 59922, 59960, 59977, 59979, 59981, 59986, 59990, 60015, 60085, 60118, 60121, 60123, 60141, 60147, 61615, 61625, 73309, 85044, 85045, 85061, 90768, 91687, 91705, 93860, 93865, 94019, 94026, 94081, 94226, 94349, 94357, 59260], "label": "window"}, {"objectId": 45, "id": 45, "partId": 45, "index": 43, "dominantNormal": [0.191379114985466, -0.9815161824226379, -2.179403729535596e-16], "obb": {"axesLengths": [0.08207500633554539, 0.23117100675766888, 0.04888931448039051], "centroid": [0.8581840448618617, -0.9346640084159689, -0.8144144735151246], "normalizedAxes": [0.9815161824226379, 0.1913791000843048, 4.249469666912749e-17, 0, -2.220446049250313e-16, 1, 0.1913791000843048, -0.9815161824226379, -2.179403729535596e-16]}, "segments": [86632, 25503], "label": "item"}, {"objectId": 47, "id": 47, "partId": 47, "index": 44, "dominantNormal": [0, -2.220446049250313e-16, 1], "obb": {"axesLengths": [0.44620403907675804, 0.11343592151770165, 0.3368967902637015], "centroid": [1.8065860660773205, -4.0402100469714615, -0.9932819586166273], "normalizedAxes": [0.9327157735824585, -0.3606124222278595, -8.007204282464364e-17, 0, -2.220446049250313e-16, 1, -0.3606124222278595, -0.9327157735824585, -2.0710450545246195e-16]}, "segments": [105564], "label": "keyboard"}], "scan_id": "210cdba9-9e8d-2832-862b-b37293fcc0e1", "annId": "3849", "appId": "stk.v1"}