{"segGroups": [{"objectId": 1, "id": 1, "partId": 1, "index": 0, "dominantNormal": [0.971748411655426, -0.2360190898180008, -5.2406765553403466e-17], "obb": {"axesLengths": [3.4386218508656463, 1.8893597895795151, 1.32617134227112], "centroid": [0.24336127111744932, 0.9866041383278394, -2.42531987632841], "normalizedAxes": [0.2360190749168396, 0.971748411655426, 2.1577149215255576e-16, 0, -2.220446049250313e-16, 1, 0.971748411655426, -0.2360190749168396, -5.2406762244681015e-17]}, "segments": [654, 6800, 21165, 6479, 17680, 9282, 21868, 7275, 7535, 7551, 13932, 11066, 9577, 21547, 9645, 3174, 9407, 10124, 8499, 558, 980, 1326, 1337, 1341, 3092, 3129, 3570, 3575, 4558, 4877, 4894, 5833, 5978, 7208, 7214, 7218, 7222, 7254, 7324, 7394, 7400, 7647, 7654, 7658, 7667, 7669, 7671, 7679, 7690, 7705, 7719, 7756, 7758, 7765, 7768, 7777, 8182, 8251, 8252, 8290, 8314, 8570, 8596, 8602, 8616, 8695, 9042, 9066, 9086, 9746, 9804, 9836, 9858, 9946, 9947, 9948, 9959, 9965, 9974, 9978, 9991, 9997, 10004, 10033, 10080, 10128, 10133, 10136, 10174, 10179, 10207, 10220, 10226, 10234, 10254, 10266, 10270, 10282, 10300, 11224, 11252, 11261, 11266, 11283, 11315, 11326, 11357, 11368, 11406, 15015, 15020, 15044, 15050, 15077, 15079, 15088, 15095, 15096, 15105, 15184, 15295, 15355, 17722, 20447, 20449, 20468, 20471, 20674, 20873, 20929, 21088, 21189, 21217, 21220, 21226, 21239, 21409, 21436, 21606, 21633, 21635, 21638, 21686, 21691, 21693, 21694, 21701, 21710, 21743, 21778, 21841, 21844, 21846, 21857, 21883, 22063, 22268, 22271, 22279, 22284, 22338, 22343, 23725, 23741, 23754, 23764, 23768, 23770, 23810, 23813, 23816, 23818, 23823, 23899, 23929, 23967, 24001, 24009, 24025, 23920, 10169, 24013, 10295, 15349, 10185, 10249, 4826, 10302, 21860], "label": "stairs"}, {"objectId": 2, "id": 2, "partId": 2, "index": 1, "dominantNormal": [0.9404536485671997, -0.33992189168930054, -7.547782214552002e-17], "obb": {"axesLengths": [3.3285408664030185, 2.0630959407293203, 0.2771242117984013], "centroid": [0.8588036194978727, 0.8119887748541625, -0.47627196700262964], "normalizedAxes": [0.33992189168930054, 0.9404536485671997, 2.088226588464081e-16, 0, -2.220446049250313e-16, 1, 0.9404536485671997, -0.33992189168930054, -7.547782214552002e-17]}, "segments": [1751, 22190, 1602, 2267, 4049, 4277, 5611, 6549, 7309, 7562, 11646, 15772, 15868, 15933, 15967, 15975, 15991, 16003, 16048, 16064, 17839, 17895, 17946, 17959, 17968, 18493, 18539, 18570, 19055, 19062, 19086, 19108, 19121, 19985, 20014, 20019, 20446, 20732, 22474, 22509, 22539, 24030, 26191, 26196, 26200, 15725, 23760], "label": "wall"}, {"objectId": 3, "id": 3, "partId": 3, "index": 2, "dominantNormal": [0.9444420337677002, -0.32867807149887085, -7.298119253348797e-17], "obb": {"axesLengths": [2.3758796612395905, 1.1280300365083653, 0.10335089939959638], "centroid": [0.8725597354795404, 1.3077258507658758, -2.0451948986531434], "normalizedAxes": [0.32867804169654846, 0.9444420337677002, 2.0970825826254207e-16, 0, -2.220446049250313e-16, 1, 0.9444420337677002, -0.32867804169654846, -7.298118591604307e-17]}, "segments": [10630, 1573, 1643, 1804, 21922, 1800, 1802, 6373, 7608, 7617, 10657, 10663, 10683, 22080, 22087, 22088, 22094, 22099, 22103], "label": "wall"}, {"objectId": 4, "id": 4, "partId": 4, "index": 3, "dominantNormal": [-0.3313892185688019, -0.9434941411018372, -2.0949778381003917e-16], "obb": {"axesLengths": [2.1189577005537266, 2.2149900894986807, 0.13566586819633814], "centroid": [0.47697772207551153, 2.6686289544878052, -2.1374949540012698], "normalizedAxes": [0.9434941411018372, -0.3313892185688019, -7.358318811352446e-17, 0, -2.220446049250313e-16, 1, -0.3313892185688019, -0.9434941411018372, -2.0949778381003917e-16]}, "segments": [6617, 5516, 3787, 5217, 11175, 20711, 20816, 20819, 23656, 23676, 10590, 23687, 8289, 8409, 8466, 8473, 8559, 9015, 21402, 14913], "label": "wall"}, {"objectId": 5, "id": 5, "partId": 5, "index": 4, "dominantNormal": [-0.24532608687877655, -0.9694406390190125, -2.152590636892465e-16], "obb": {"axesLengths": [1.7271312830045358, 1.1799999211728585, 0.7220003744062102], "centroid": [0.021760970454275025, 3.173846480099278, -2.23999986074865], "normalizedAxes": [0.9694406390190125, -0.24532608687877655, -5.4473334038801846e-17, 0, -2.220446049250313e-16, 1, -0.24532608687877655, -0.9694406390190125, -2.152590636892465e-16]}, "segments": [16080, 25432, 4526, 4454, 25414, 16507, 16447, 15617, 18678, 18656, 25701, 18218, 3833, 3683, 3936, 3435, 8236, 4027, 4354, 4402, 3316, 19034, 586, 2892, 3668, 3866, 3926, 4005, 4012, 4016, 4313, 4953, 4992, 5024, 9339, 14182, 14183, 14206, 18594, 19009, 19426, 19455, 19559, 19578, 19580, 19596, 19617, 20349, 20490, 24299, 24304, 24305, 25580, 25672, 25759, 25762, 25808, 25976, 26031, 26141, 26155, 26159, 3343, 26103, 4470, 4513, 15462, 15494, 26163], "label": "window"}, {"objectId": 6, "id": 6, "partId": 6, "index": 5, "dominantNormal": [-0.29279083013534546, -0.9561765193939209, -2.123138374874147e-16], "obb": {"axesLengths": [0.9000039891856588, 2.026339962489754, 0.19409980551026648], "centroid": [-0.15726172085975515, -0.5537328648514028, -0.5031699630654605], "normalizedAxes": [0.9561765193939209, -0.29279083013534546, -6.501262420307473e-17, 0, -2.220446049250313e-16, 1, -0.29279083013534546, -0.9561765193939209, -2.123138374874147e-16]}, "segments": [5542, 4977, 20439], "label": "door"}, {"objectId": 7, "id": 7, "partId": 7, "index": 6, "dominantNormal": [0.9410122632980347, -0.33837246894836426, -7.513378118514697e-17], "obb": {"axesLengths": [2.4051681419051016, 2.462752942828395, 0.3382839571626414], "centroid": [-0.2506235261663327, 0.6745140787613615, -0.658623432920348], "normalizedAxes": [0.33837246894836426, 0.9410122632980347, 2.0894669623362165e-16, 0, -2.220446049250313e-16, 1, 0.9410122632980347, -0.33837246894836426, -7.513378118514697e-17]}, "segments": [17656, 20958, 11536, 4679, 4908, 6336, 6682, 6692, 6719, 6733, 7087, 7417, 7469, 7479, 7487, 8033, 8692, 8706, 9336, 9362, 9371, 10416, 10431, 10446, 10461, 10464, 10471, 10770, 11753, 11787, 11789, 12175, 12203, 12225, 12251, 12310, 12332, 12338, 12366, 12371, 14009, 14017, 14033, 14039, 14042, 14043, 14120, 14162, 14627, 15522, 15539, 15560, 15575, 15580, 15583, 15595, 15612, 15624, 19802, 20871, 21066, 21072, 21178, 21246, 21887, 21902, 21904, 22429, 22433, 22591, 22630, 22633, 22637, 22652, 22658, 22659, 23239, 24095, 24625, 25533, 11533, 6221, 21160, 21161, 14609, 14028, 435, 2498, 2579, 2697, 5097, 12169, 12950, 12951, 12983, 13031, 13034, 14004, 14005, 14088, 14161, 20443, 23198, 23201, 23267, 23309, 23312, 26151, 26417, 26620, 26634, 26702, 478, 14102, 2463, 206, 7092, 457, 20830, 20856, 20847, 3553], "label": "wall"}, {"objectId": 8, "id": 8, "partId": 8, "index": 7, "dominantNormal": [0.902238130569458, -0.43123823404312134, -9.575412330667306e-17], "obb": {"axesLengths": [3.362011214051395, 2.33670002959594, 1.4232089751085024], "centroid": [0.4171830402224508, 0.9222623177904061, 0.1616500375051051], "normalizedAxes": [0.43123820424079895, 0.902238130569458, 2.0033710925059412e-16, 0, -2.220446049250313e-16, 1, 0.902238130569458, -0.43123820424079895, -9.575411668922816e-17]}, "segments": [22243, 12583, 22796, 1178, 1037, 11825, 14259, 1076, 1106, 1123, 1142, 1161, 1193, 1820, 1853, 2053, 4095, 4099, 4102, 4117, 4566, 4649, 4684, 4701, 4737, 4750, 4938, 7839, 8904, 8922, 8976, 9384, 10890, 10969, 11856, 11880, 11912, 11921, 11944, 11947, 11965, 11971, 11980, 11983, 11995, 12450, 12455, 12490, 12554, 12610, 12676, 13011, 13029, 13066, 13069, 13078, 13084, 13113, 13157, 13180, 13183, 13189, 13198, 13315, 13358, 13409, 13422, 13472, 13475, 13477, 13491, 13542, 13588, 13603, 13616, 13625, 13630, 13682, 13705, 14380, 14410, 14429, 14441, 14451, 14461, 14793, 14897, 16420, 16710, 16807, 16850, 16863, 16889, 16919, 16931, 17012, 17021, 17036, 17050, 17083, 17106, 17123, 17128, 17136, 17152, 17246, 17280, 17375, 17391, 17395, 17407, 17416, 17429, 17449, 17470, 17522, 17571, 19216, 19218, 19230, 19232, 19754, 19757, 19800, 19837, 19871, 19883, 20354, 20357, 20429, 20450, 20453, 20454, 20457, 20488, 20563, 20626, 20629, 22440, 22450, 22454, 22456, 22461, 22466, 22675, 22769, 22830, 22971, 22974, 22976, 22980, 22983, 22985, 22991, 22994, 22999, 23003, 23011, 23016, 23019, 23022, 23027, 23030, 23033, 23043, 23068, 23072, 23077, 23127, 23147, 23152, 23251, 23253, 23317, 23376, 23379, 23384, 23397, 23482, 23485, 23489, 23502, 23554, 24338, 25257, 25325, 25352, 26348, 26351, 26384, 25007, 4440, 22915, 20632, 22919, 8733, 4157, 13344, 19897, 25231, 18201, 24242, 14747, 8869, 64, 79, 85, 105, 110, 120, 157, 172, 1871, 1901, 1925, 1941, 1956, 2051, 4292, 4331, 4357, 4362, 4400, 4424, 4446, 4483, 4507, 4551, 4552, 4611, 7869, 7897, 8623, 8649, 8740, 8750, 8754, 8815, 8819, 8850, 8860, 8921, 8945, 12505, 12528, 12574, 12649, 12697, 12807, 12941, 12975, 12979, 13006, 13014, 13025, 13062, 13277, 13467, 14660, 14781, 16290, 16309, 16337, 16340, 16365, 16391, 16394, 16876, 16878, 17565, 17930, 17935, 18000, 18014, 18072, 18085, 20360, 20364, 20369, 20371, 20382, 20387, 20510, 20515, 20524, 20566, 20576, 20581, 21413, 21415, 21416, 21417, 22674, 22809, 22911, 22917, 22925, 22938, 22966, 23531, 23536, 23561, 23580, 23584, 23746, 23749, 24221, 24303, 24311, 24318, 24321, 24327, 24336, 24968, 25258, 25345, 26329, 26358, 26624, 27034, 16490, 395, 539, 2125, 2231, 4186, 4336, 4394, 5748, 5764, 5775, 6971, 6976, 6978, 6988, 6998, 7000, 7007, 7026, 7843, 7867, 7873, 7890, 7910, 7911, 7956, 7969, 7976, 8022, 11502, 11552, 11562, 11594, 11614, 11615, 12809, 12828, 12839, 12919, 13426, 15491, 16579, 16587, 16901, 16914, 16957, 16989, 19324, 19586, 19639, 19657, 19683, 19689, 19731, 20404, 20680, 21483, 21486, 22832, 22834, 23744, 24359, 24760, 24958, 25450, 25451, 25810, 25861, 26041, 26365, 26413, 26694, 27136, 27157, 24103, 18922, 26814, 14555, 15749, 4225, 20261, 20288, 747, 25463, 5182, 13652, 12942, 2506, 1734, 8140, 15458, 27074, 27107, 14990, 24189, 20480, 11427, 13347, 22144, 5839, 3371, 17206, 16127, 24164, 15730, 26048, 25889, 18027, 18028, 20442, 2722, 20684, 24265, 12836, 25598, 17852], "label": "ceiling"}, {"objectId": 9, "id": 9, "partId": 9, "index": 8, "dominantNormal": [0.942982017993927, -0.33284369111061096, -7.390614589444477e-17], "obb": {"axesLengths": [2.8572507824622955, 1.3799999643862255, 0.9852200789892791], "centroid": [0.30105099733485474, 0.838002131420033, 0.020000019595027396], "normalizedAxes": [0.33284369111061096, 0.942982017993927, 2.0938406963687029e-16, 0, -2.220446049250313e-16, 1, 0.942982017993927, -0.33284369111061096, -7.390614589444477e-17]}, "segments": [18940, 15084, 15183, 17797, 25892, 3436, 12431, 20209, 12715, 20066, 15987, 16246, 12336, 25979, 15801, 26665, 15213, 18894, 4810, 20333, 19035, 19313, 18902, 8361, 18970, 15843, 15673, 11019, 10876, 16907, 16965, 22695, 25651, 17527, 25637, 26016, 12547, 12246], "label": "window"}, {"objectId": 17, "id": 17, "initialPoint": [0.060789928216355066, -0.33982022638227716, -1.5788974335746075], "index": 9, "dominantNormal": [0, -2.220446049250313e-16, 1], "obb": {"axesLengths": [3.4221729608288305, 0.13243996800988977, 1.1600076743272576], "centroid": [0.6156007889735277, 0.8362052919704479, -1.516219960163086], "normalizedAxes": [0.5285599827766418, 0.8488959670066833, 1.8849276961645142e-16, 0, -2.220446049250313e-16, 1, 0.8488959670066833, -0.5285599827766418, -1.173638925548208e-16]}, "segments": [6828, 6902, 4769, 323, 21342, 1774, 21303, 2290, 3946], "partId": 17, "label": "floor"}], "scan_id": "422885c3-192d-25fc-844a-645180810bfd", "annId": "1753", "appId": "stk.v1"}