{"segGroups": [{"objectId": 1, "id": 1, "partId": 1, "index": 0, "dominantNormal": [0, -2.220446049250313e-16, 1], "obb": {"axesLengths": [4.746952103139413, 0.5999998912215257, 3.1699042498993846], "centroid": [-1.4688883819469523, 0.6795334303961478, -1.510000040531159], "normalizedAxes": [0.8828628659248352, -0.4696308672428131, -1.0427900037753026e-16, 0, -2.220446049250313e-16, 1, -0.4696308672428131, -0.8828628659248352, -1.9603493626726092e-16]}, "segments": [13143, 24464, 4658, 12372, 21135, 23041, 116, 390, 392, 462, 465, 473, 525, 530, 539, 562, 618, 629, 659, 660, 674, 682, 702, 705, 717, 1096, 1121, 1137, 1144, 1173, 1212, 1328, 1376, 1420, 1664, 2563, 2578, 2909, 2969, 3164, 3166, 3201, 3202, 4009, 4089, 4097, 5004, 5050, 5063, 5249, 8939, 8948, 8975, 9678, 9933, 9954, 10217, 10768, 10864, 11678, 11849, 11866, 11874, 12146, 12166, 12176, 12235, 12236, 12278, 12291, 12306, 13072, 13810, 16489, 16863, 16872, 19369, 19485, 19751, 19757, 19763, 19798, 23475, 24255, 25561, 25673, 25676, 25833, 25842, 25845, 26362, 26484, 26517, 27567, 27664, 27996, 30641, 30729, 30734, 30738, 33516, 33523, 33648, 33853, 33922, 34036, 309, 207, 24209, 16447, 2950, 1987, 18390, 16902, 5353, 9861], "label": "floor"}, {"objectId": 2, "id": 2, "partId": 2, "index": 1, "dominantNormal": [0, -2.220446049250313e-16, 1], "obb": {"axesLengths": [0.9369656111708445, 0.7799999539554126, 0.8378721551583401], "centroid": [-2.5783036351993123, 2.5219597813458288, -1.040000022426249], "normalizedAxes": [0.511831521987915, 0.8590858578681946, 1.9075537990702486e-16, 0, -2.220446049250313e-16, 1, 0.8590858578681946, -0.511831521987915, -1.1364942808798407e-16]}, "segments": [30202, 30526, 30338, 8130, 4248, 2376, 2381, 2386, 2549, 4221, 4263, 4268, 4275, 4376, 4377, 4378, 4385, 4400, 4448, 4506, 4557, 5016, 8161, 8162, 8212, 8219, 8230, 8273, 8314, 9374, 9379, 9410, 9421, 9447, 9460, 11649, 11735, 11737, 11742, 11749, 11763, 11822, 19081, 19093, 19330, 19576, 19641, 25633, 25635, 26426, 27070, 27074, 27076, 27081, 27203, 27206, 27207, 27240, 27252, 30095, 30194, 30251, 30363, 30489, 30551, 30580, 30662, 19068, 321, 322, 359, 2553, 8098, 8321, 9585, 11703, 11802, 11811, 11813, 11830, 19044, 19053, 19060, 19526, 25646, 25662, 25663, 26394, 27561, 30092, 30097, 30170, 4243, 2585, 26073, 23939, 2513, 5107, 3840, 33450, 19532, 30676, 5177, 2746, 3674], "label": "chair"}, {"objectId": 3, "id": 3, "partId": 3, "index": 2, "dominantNormal": [-0.6422431468963623, -0.7665009498596191, -1.7019740058624036e-16], "obb": {"axesLengths": [3.7673220806259997, 2.774980006181148, 0.31282778427457675], "centroid": [-1.170611372248687, 1.9680135569989359, -0.05749007372208004], "normalizedAxes": [0.7665009498596191, -0.6422431468963623, -1.4260662581841162e-16, 0, -2.220446049250313e-16, 1, -0.6422431468963623, -0.7665009498596191, -1.7019740058624036e-16]}, "segments": [15164, 180, 8226, 7360, 12679, 14893, 12952, 18192, 4, 17, 227, 261, 325, 346, 369, 574, 1936, 2124, 4521, 4549, 6185, 6233, 6711, 6731, 6736, 6741, 6750, 6758, 6818, 7021, 7063, 7235, 7240, 7263, 7385, 7403, 7965, 7967, 8013, 8037, 8481, 8496, 8514, 8522, 8576, 8582, 8588, 8635, 8788, 9128, 9144, 9162, 9205, 9389, 9499, 9552, 9557, 9588, 9660, 10446, 10636, 10672, 10697, 10704, 10927, 10941, 10952, 11388, 12337, 12343, 12614, 12626, 12947, 12967, 12981, 13021, 13240, 13247, 13409, 13493, 14076, 14085, 14686, 14699, 14740, 14759, 14764, 15021, 15314, 15331, 15332, 15352, 15389, 15404, 15446, 15459, 15464, 15488, 15552, 15567, 15570, 16780, 17317, 18075, 18087, 18130, 18149, 18150, 19679, 20068, 21996, 25598, 25600, 25642, 25647, 26730, 26735, 26739, 26742, 26865, 26867, 26960, 26962, 26967, 27059, 27061, 27150, 27197, 27258, 27921, 27923, 28085, 28098, 28111, 28131, 30030, 30035, 12172, 11200, 11190, 27276, 12369, 17302, 22478, 10993, 11479, 11438], "label": "wall"}, {"objectId": 4, "id": 4, "partId": 4, "index": 3, "dominantNormal": [0.7970635294914246, -0.6038954854011536, -1.3409173447190916e-16], "obb": {"axesLengths": [1.8822712879302355, 2.9731599620023363, 0.5132817318165103], "centroid": [-2.9006833579652276, 2.5629106118276606, -0.0034200790505116707], "normalizedAxes": [0.6038954854011536, 0.7970634698867798, 1.769836432711846e-16, 0, -2.220446049250313e-16, 1, 0.7970634698867798, -0.6038954854011536, -1.3409173447190916e-16]}, "segments": [17473, 28796, 2224, 20662, 6657, 34310, 25102, 24939, 33485, 33493, 34514, 23285, 7592, 13485, 929, 962, 1313, 1662, 1742, 1748, 1943, 2005, 2018, 2047, 2093, 2103, 2137, 2260, 2336, 2337, 2555, 2587, 2658, 2674, 2711, 2716, 2724, 2741, 2782, 2834, 2836, 3054, 3353, 3434, 3476, 3510, 3525, 3616, 3668, 3673, 3702, 3705, 3707, 3748, 3753, 3822, 3845, 3957, 4354, 4685, 4703, 4705, 4724, 4726, 4830, 4875, 4903, 4939, 4953, 4957, 4969, 4975, 5058, 5086, 5105, 6234, 6353, 6612, 6624, 6627, 6635, 7171, 7174, 7269, 7871, 7875, 7929, 7949, 8726, 8731, 8760, 8766, 8798, 10412, 11163, 11330, 11542, 11917, 12108, 12149, 12877, 14343, 14624, 14672, 15993, 16223, 16709, 16740, 17758, 17821, 17899, 17938, 18098, 18166, 18334, 18499, 18531, 18755, 18859, 18972, 19013, 19065, 19585, 19658, 20117, 20190, 20607, 20705, 21006, 21146, 21574, 21711, 21913, 23252, 23287, 23325, 23345, 23405, 23412, 23413, 23414, 23426, 23445, 23490, 23508, 23519, 23521, 23548, 23555, 23733, 23861, 23888, 23896, 23906, 23958, 24090, 24141, 24440, 24475, 24503, 24510, 24514, 24519, 24541, 24620, 24622, 24638, 24691, 24776, 24822, 24936, 24983, 24992, 25046, 25056, 25083, 25092, 25513, 25575, 26049, 26061, 26068, 26087, 26092, 26102, 26107, 26110, 26152, 26180, 26320, 26332, 26338, 26350, 26457, 26478, 26574, 26832, 27104, 27160, 27571, 27880, 28757, 28789, 28948, 29347, 29406, 29439, 29450, 29488, 30187, 30296, 30671, 30719, 31238, 32592, 33076, 33077, 33084, 33086, 33148, 33156, 33162, 33176, 33221, 33246, 33271, 33365, 33403, 33510, 34261, 34280, 34284, 34338, 34919, 34942, 34973, 34992, 35034, 35036, 35041, 35043, 35106, 35231, 35271, 35335, 35369, 35414, 15051, 397, 4202, 4322, 4401, 4403, 11185, 11268, 11349, 11521, 19592, 26052, 26377, 26380, 26384, 26415, 26661, 30659, 30666, 30673, 10490, 7296, 104, 2442, 133, 25606, 342], "label": "wall"}, {"objectId": 5, "id": 5, "partId": 5, "index": 4, "dominantNormal": [-0.6242522597312927, -0.7812228798866272, -1.7346632572282132e-16], "obb": {"axesLengths": [4.104099209733087, 2.743929920853749, 0.4050424224815465], "centroid": [-1.9738747675501482, 0.7050079808298542, -0.06196513074714627], "normalizedAxes": [0.7812228202819824, -0.6242522597312927, -1.3861184638559292e-16, 0, -2.220446049250313e-16, 1, -0.6242522597312927, -0.7812228202819824, -1.7346631248793152e-16]}, "segments": [12464, 31520, 31931, 7458, 21239, 22080, 17119, 17253, 1503, 1505, 1519, 1537, 1552, 1574, 1575, 1601, 1608, 1652, 1663, 1703, 1733, 1750, 1786, 1792, 6267, 6279, 6281, 6292, 6300, 6363, 6372, 6401, 6405, 6414, 6430, 6463, 6867, 6873, 6904, 7099, 7115, 7138, 7141, 7172, 7194, 7210, 7467, 7530, 7533, 7543, 12460, 12462, 12908, 13970, 16607, 16610, 16618, 16959, 17085, 17096, 17099, 17125, 17145, 17212, 17364, 17367, 17410, 17526, 17539, 17557, 17561, 17576, 18627, 18662, 18711, 18775, 21210, 21251, 21269, 21280, 21296, 21299, 21349, 21353, 21383, 21401, 21429, 21471, 21484, 21489, 21503, 21535, 21548, 21565, 21583, 21587, 21604, 21612, 21654, 21668, 21706, 21725, 21726, 21909, 21961, 25948, 25954, 25955, 26815, 26825, 26952, 26972, 26973, 27094, 27672, 27694, 27733, 27739, 27744, 27917, 27919, 29118, 29125, 29128, 29130, 29324, 29356, 29791, 29860, 31266, 31272, 31277, 31280, 31285, 31417, 31420, 31432, 31434, 31449, 31452, 31572, 31579, 31730, 31733, 31736, 31840, 31846, 31855, 31877, 31879, 32059, 32062, 32064, 32065, 32101, 13887, 27913, 7043, 31617, 6524, 12424, 18495, 21693, 27677, 31750, 31881, 31905, 12935, 32741, 14374, 32727, 27937, 7696, 27969, 22884, 7629, 7633, 7635, 7647, 7650, 7666, 7700, 7703, 7708, 7713, 7714, 7750, 7783, 7790, 7799, 7842, 7851, 7852, 7854, 9270, 10350, 10368, 10377, 10390, 12915, 14196, 14198, 14241, 14274, 14298, 14311, 14333, 14334, 14335, 14337, 14372, 14376, 14393, 19908, 19930, 19932, 19959, 19976, 20017, 20060, 20086, 20088, 20097, 20099, 20134, 20140, 20192, 20212, 20213, 20216, 20244, 20246, 20256, 21741, 22606, 22613, 22664, 22686, 22690, 22694, 22866, 26984, 26988, 27924, 27926, 27970, 27973, 27976, 27987, 30873, 30915, 30918, 32582, 32646, 22703, 32898, 22241, 32618, 22209, 8661, 11577, 16427, 16631, 16636, 16966, 16971, 17034, 17042, 17458, 17464, 19864, 19878, 19890, 20533, 20812, 20813, 20815, 20818, 20854, 20860, 20868, 20926, 20929, 21967, 22150, 22269, 22289, 22297, 22302, 22310, 22385, 22389, 22420, 22465, 22473, 22640, 22715, 22727, 22775, 22777, 22793, 22797, 22801, 22804, 22809, 22835, 22838, 22906, 22945, 29011, 29014, 29017, 29105, 29284, 30746, 30782, 31245, 31249, 31252, 31257, 31816, 32083, 32103, 32104, 32586, 32589, 32603, 32638, 32804, 15881, 17638, 17687, 5944, 5970, 17593, 17619, 17656, 17741, 17752, 17901, 17962, 17967, 17982, 17996, 18795, 26706, 29364, 29365, 28818, 29983, 6039, 6045, 17603, 17784, 17795, 18787, 18801, 18835, 18844, 29377, 17745, 17698, 17792, 26716, 16146, 15711, 15884, 17862, 18865, 29886, 6299, 6478, 6529, 15714, 15790, 17483, 26822, 29132, 31789, 31887, 16414, 18261, 3064, 18297, 29523, 20405, 3103, 3015, 3018, 3020, 3033, 3039, 3040, 26223, 26227, 3591, 1026, 1050, 25864, 25866, 25868, 25431, 821, 832, 862, 900, 902, 913, 921, 943, 1013, 1036, 1042, 1078, 25291, 25340, 25341, 25385, 25410, 25445, 25496, 25504, 25527, 25531, 25853, 25883, 25896, 25904, 25908, 25914, 32906, 3085, 3595, 3606, 21823, 22005, 22459, 25192, 25273, 25309, 25427, 26318, 30922, 30961, 3658, 32928, 22122], "label": "wall"}, {"objectId": 6, "id": 6, "partId": 6, "index": 5, "dominantNormal": [0, -2.220446049250313e-16, 1], "obb": {"axesLengths": [0.7659226763944605, 0.6675070375016245, 0.7265262688531475], "centroid": [-0.7359547260836015, 0.1651824927384027, -0.9369165930096093], "normalizedAxes": [0.8145604133605957, 0.5800787210464478, 1.2880335044017594e-16, 0, -2.220446049250313e-16, 1, 0.5800787210464478, -0.8145604133605957, -1.8086874517222367e-16]}, "segments": [17131, 31080, 20489, 8625, 9730, 8699, 8847, 8869, 8886, 8889, 8909, 12052, 12083, 12086, 20075, 20081, 20121, 20342, 20346, 20355, 20426, 20571, 20594, 20603, 20612, 20615, 20630, 27263, 27462, 27465, 27577, 27581, 27585, 30863, 31045, 31052, 31057, 19914, 12033, 12121, 11218, 11254, 11290, 11380, 11437, 12043, 12094, 12103, 12130, 17115, 17154, 17179, 17203, 19721, 19856, 20048, 20332, 20337, 20360, 20395, 20396, 20400, 20451, 20478, 20514, 20519, 20526, 29144, 30846, 30847, 30853, 30869, 31047, 31064, 31135, 31137, 31144, 31147, 20383], "label": "chair"}, {"objectId": 7, "id": 7, "partId": 7, "index": 6, "dominantNormal": [0.5217742919921875, -0.8530835509300232, -1.8942260003429982e-16], "obb": {"axesLengths": [0.7183468409784161, 0.8199999745190146, 0.6175237111829901], "centroid": [-1.6353329910603276, 0.8131018957037637, -1.0000000316649686], "normalizedAxes": [0.853083610534668, 0.5217742919921875, 1.158571665254432e-16, 0, -2.220446049250313e-16, 1, 0.5217742919921875, -0.853083610534668, -1.8942261326918963e-16]}, "segments": [9045, 9062, 10503, 15912, 6138, 15915, 15946, 15948, 18562, 27408, 28740, 9058, 29174, 9941, 27449, 28842, 9092, 9300, 9814, 9884, 10130, 10525, 10528, 10539, 10541, 10555, 10572, 10573, 10586, 10817, 10820, 10823, 10836, 10838, 14453, 14464, 14487, 14546, 14579, 15719, 15947, 15960, 15983, 15997, 15999, 16001, 16013, 16017, 16026, 16055, 16088, 16090, 16092, 16093, 16102, 16114, 16212, 16329, 16341, 16431, 16598, 17330, 17385, 17402, 17422, 17475, 18493, 18532, 18543, 18569, 18622, 18655, 18747, 27285, 27312, 27323, 27347, 27350, 27352, 27354, 27365, 27367, 27415, 27417, 27446, 27454, 28750, 28759, 28763, 28767, 28776, 28779, 28781, 29289, 29291, 29592, 29646, 29683, 29787, 29801, 29802], "label": "chair"}, {"objectId": 8, "id": 8, "partId": 8, "index": 7, "dominantNormal": [0.7753862738609314, -0.6314871907234192, -1.402183237793995e-16], "obb": {"axesLengths": [1.1487737603710182, 1.081730013749077, 0.08549871322008133], "centroid": [-3.647501206454982, 1.265372050933981, -0.8908650769099966], "normalizedAxes": [0.6314871907234192, 0.7753862738609314, 1.7217033884374264e-16, 0, -2.220446049250313e-16, 1, 0.7753862738609314, -0.6314871907234192, -1.402183237793995e-16]}, "segments": [1261, 24903, 1332, 1239, 1249, 1390, 24104, 31584], "label": "commode"}, {"objectId": 10, "id": 10, "partId": 10, "index": 8, "dominantNormal": [0, -2.220446049250313e-16, 1], "obb": {"axesLengths": [0.8881613076091324, 0.11425697548113067, 0.4006750392624735], "centroid": [-1.2605694084428523, 0.5111224099388536, 0.6671284045920856], "normalizedAxes": [0.7892471551895142, -0.6140756607055664, -1.3635218747544506e-16, 0, -2.220446049250313e-16, 1, -0.6140756607055664, -0.7892471551895142, -1.7524807276226055e-16]}, "segments": [22143, 8450, 27100], "label": "ceiling"}, {"objectId": 11, "id": 11, "partId": 11, "index": 9, "dominantNormal": [0, -2.220446049250313e-16, 1], "obb": {"axesLengths": [3.346782222183129, 1.8383798188333245, 2.6802573233827824], "centroid": [-1.760183465222309, 2.1458222028914724, 2.1291898366989943], "normalizedAxes": [0.7996128797531128, -0.6005158424377441, -1.3334130298531125e-16, 0, -2.220446049250313e-16, 1, -0.6005158424377441, -0.7996128797531128, -1.775497259777465e-16]}, "segments": [1908, 1965, 4770, 4577, 4563, 4582, 4811, 25970, 25987, 25973, 4791, 25994, 26012, 26014, 10726, 10739, 6018, 13617, 13577, 3443, 3457, 5955, 5962, 10279, 13680, 13681, 13739, 14824, 14840, 14859, 27317, 27802, 27808, 27824, 27825, 27830, 27861, 27872, 27874, 28012, 28070, 28077, 28081, 13666, 13677, 13687, 13695, 13716, 13718, 27794, 27833, 27864, 3292, 4959, 5923, 26238, 26041, 3190, 3243, 4825, 5854, 5906, 6083, 25990, 26023, 26251, 5198, 26214, 5737, 26312, 5312, 5131, 5683, 5820, 26159, 6422, 4128, 16272, 28731, 1481, 32190, 4228, 3913], "label": "ceiling"}, {"objectId": 16, "id": 16, "partId": 16, "index": 10, "dominantNormal": [0.8440430760383606, -0.5362753868103027, -1.1907705639531202e-16], "obb": {"axesLengths": [0.42633681050474687, 0.39749001568205616, 0.2728631602026984], "centroid": [-2.8597215921624652, 2.120639279562104, -1.2112550110834477], "normalizedAxes": [0.5362753868103027, 0.8440430760383606, 1.8741521135864594e-16, 0, -2.220446049250313e-16, 1, 0.8440430760383606, -0.5362753868103027, -1.1907705639531202e-16]}, "segments": [5528, 5454, 5575, 19210, 26656, 30372, 5770, 5703, 9401, 9467, 27210, 27243, 30414, 11606, 34133, 19111, 19248, 19278, 30249, 30352], "label": "plant"}, {"objectId": 17, "id": 17, "partId": 17, "index": 11, "dominantNormal": [-0.6494924426078796, -0.7603680491447449, -1.6883562306996167e-16], "obb": {"axesLengths": [0.3633727184072045, 0.40439595868298467, 0.15443343711792698], "centroid": [-1.0536432460804517, 1.753312811794506, -0.5321980688974715], "normalizedAxes": [0.7603680491447449, -0.6494924426078796, -1.442162928206602e-16, 0, -2.220446049250313e-16, 1, -0.6494924426078796, -0.7603680491447449, -1.6883562306996167e-16]}, "segments": [8489, 28621, 9207, 15501, 8487], "label": "plant"}, {"objectId": 18, "id": 18, "partId": 18, "index": 12, "dominantNormal": [-0.6699103116989136, -0.7424420714378357, -1.648552564321361e-16], "obb": {"axesLengths": [0.40683678226083697, 0.19999998360872295, 0.13273614435341935], "centroid": [-1.9060883796233672, 2.462007428687188, -0.6500000752508643], "normalizedAxes": [0.7424420714378357, -0.6699103116989136, -1.4874997049638984e-16, 0, -2.220446049250313e-16, 1, -0.6699103116989136, -0.7424420714378357, -1.648552564321361e-16]}, "segments": [19028, 19036, 17992, 8001], "label": "plant"}, {"objectId": 19, "id": 19, "partId": 19, "index": 13, "dominantNormal": [-0.5700411200523376, -0.8216161727905273, -1.824354384872889e-16], "obb": {"axesLengths": [0.16973461734738718, 0.2093090368216699, 0.11421458348333625], "centroid": [-1.620183459969297, 2.2214352734168097, -0.6346545617732151], "normalizedAxes": [0.8216161727905273, -0.5700411200523376, -1.2657455529304365e-16, 0, -2.220446049250313e-16, 1, -0.5700411200523376, -0.8216161727905273, -1.824354384872889e-16]}, "segments": [10958, 7017], "label": "plant"}, {"objectId": 20, "id": 20, "partId": 20, "index": 14, "dominantNormal": [-0.6797948479652405, -0.7334023118019104, -1.6284802657515982e-16], "obb": {"axesLengths": [0.3970980735462457, 0.23939698399461098, 0.12703227404931683], "centroid": [0.006467231388969319, 0.8833486029548212, -0.6209685607783089], "normalizedAxes": [0.7334023118019104, -0.6797948479652405, -1.5094477844651355e-16, 0, -2.220446049250313e-16, 1, -0.6797948479652405, -0.7334023118019104, -1.6284802657515982e-16]}, "segments": [13034], "label": "plant"}, {"objectId": 21, "id": 21, "partId": 21, "index": 15, "dominantNormal": [0.994361162185669, 0.10604667663574219, 2.3547092417195922e-17], "obb": {"axesLengths": [0.20498329315129749, 0.254509920153545, 0.2721539849254609], "centroid": [-1.2480180873899598, 0.2435406768625341, -1.2047850462469836], "normalizedAxes": [0.994361162185669, 0.10604668408632278, 2.3547094071557147e-17, 0, -2.220446049250313e-16, 1, 0.10604668408632278, -0.994361162185669, -2.2079253141031184e-16]}, "segments": [28828, 11373, 8950, 11461], "label": "lamp"}, {"objectId": 22, "id": 22, "partId": 22, "index": 16, "dominantNormal": [0.782929539680481, -0.6221103668212891, -1.3813625062059944e-16], "obb": {"axesLengths": [0.6546095366526967, 0.5485309835851716, 0.4047209193803465], "centroid": [-3.1495798986428, 2.128520900297986, -1.1157345466524107], "normalizedAxes": [0.6221103668212891, 0.782929539680481, 1.7384528032248902e-16, 0, -2.220446049250313e-16, 1, 0.782929539680481, -0.6221103668212891, -1.3813625062059944e-16]}, "segments": [5408, 5672, 3565, 5425, 5383, 26595, 5368, 26921, 741, 896, 992, 996, 3274, 3284, 3295, 3297, 3305, 3326, 3386, 3408, 3417, 3426, 3427, 3431, 3494, 3773, 3783, 3809, 3827, 3886, 3914, 3919, 5367, 5488, 5535, 5661, 5733, 5766, 5771, 5778, 19475, 19610, 24116, 24126, 24753, 24874, 24883, 24952, 25863, 25894, 26298, 26580, 26626, 26630, 26635, 30583, 33478, 34497, 35169, 35250, 35287, 35292, 35294, 35304], "label": "plant"}, {"objectId": 23, "id": 23, "partId": 23, "index": 17, "dominantNormal": [0.9991225004196167, 0.04188390448689461, 9.30009502451026e-18], "obb": {"axesLengths": [0.13908629267550907, 0.21122999017171573, 0.10234728519213454], "centroid": [-2.180436717114759, 2.789485129483559, -0.34438506675396163], "normalizedAxes": [-0.04188390448689461, 0.9991225004196167, 2.2184976087738322e-16, 0, -2.220446049250313e-16, 1, 0.9991225004196167, 0.04188390448689461, 9.30009502451026e-18]}, "segments": [22008], "label": "flower"}, {"objectId": 24, "id": 24, "partId": 24, "index": 18, "dominantNormal": [0, -2.220446049250313e-16, 1], "obb": {"axesLengths": [0.1916376599134143, 0.10000000670552234, 0.1355274747696052], "centroid": [-1.6865843359491444, 2.385287967436181, -0.2800000862032177], "normalizedAxes": [-0.301987886428833, 0.9533117413520813, 2.1167772897891652e-16, 0, -2.220446049250313e-16, 1, 0.9533117413520813, 0.301987886428833, 6.705478093423545e-17]}, "segments": [6708], "label": "flower"}, {"objectId": 25, "id": 25, "partId": 25, "index": 19, "dominantNormal": [-0.15991704165935516, -0.9871304631233215, -2.1918699369368112e-16], "obb": {"axesLengths": [0.18537821148172995, 0.2599999846518042, 0.15622336364646486], "centroid": [-1.4753498387041326, 2.2325164564766946, -0.3200000695139176], "normalizedAxes": [0.9871304631233215, -0.15991704165935516, -3.550871633603129e-17, 0, -2.220446049250313e-16, 1, -0.15991704165935516, -0.9871304631233215, -2.1918699369368112e-16]}, "segments": [7579], "label": "flower"}, {"objectId": 26, "id": 26, "partId": 26, "index": 20, "dominantNormal": [-0.521316647529602, -0.8533633351325989, -1.89484724607025e-16], "obb": {"axesLengths": [0.20413718525242475, 0.1800000031292437, 0.12012072792061586], "centroid": [-1.2018976410258817, 1.9953593703727688, -0.3800000705569988], "normalizedAxes": [0.8533633351325989, -0.521316647529602, -1.1575554904155229e-16, 0, -2.220446049250313e-16, 1, -0.521316647529602, -0.8533633351325989, -1.89484724607025e-16]}, "segments": [10992], "label": "flower"}, {"objectId": 27, "id": 27, "partId": 27, "index": 21, "dominantNormal": [-0.32446640729904175, -0.9458972215652466, -2.1003137486213998e-16], "obb": {"axesLengths": [0.21477007724357433, 0.21999999389052421, 0.1068036691558067], "centroid": [-0.9027641702393526, 1.7122246316701013, -0.3800000854581598], "normalizedAxes": [0.9458972215652466, -0.32446640729904175, -7.204601522016002e-17, 0, -2.220446049250313e-16, 1, -0.32446640729904175, -0.9458972215652466, -2.1003137486213998e-16]}, "segments": [9151], "label": "flower"}], "scan_id": "352e9c57-69fb-27a7-8bc7-4cf12e417e21", "annId": "4837", "appId": "stk.v1"}