{"segGroups": [{"objectId": 1, "id": 1, "partId": 1, "index": 0, "dominantNormal": [0, -2.220446049250313e-16, 1], "obb": {"axesLengths": [9.174554829174744, 0.47134994406960895, 6.566918762540014], "centroid": [-1.1565423530404124, 0.586912842842542, -1.205674982841873], "normalizedAxes": [0.8940064311027527, 0.44805407524108887, 9.948799012195783e-17, 0, -2.220446049250313e-16, 1, 0.44805407524108887, -0.8940064311027527, -1.9850930479464794e-16]}, "segments": [37826, 7265, 9817, 9861, 9874, 9899, 9902, 9908, 9939, 9952, 10089, 11022, 11053, 11057, 11059, 11060, 11141, 11148, 11166, 11192, 11222, 11245, 11246, 11306, 11319, 11323, 11344, 11347, 11630, 11676, 11944, 11945, 11952, 11954, 11974, 11992, 12020, 12059, 12087, 12101, 12175, 12728, 12825, 12837, 12969, 13027, 13036, 13061, 13085, 13136, 13187, 13221, 13299, 13365, 13366, 13384, 13389, 13395, 13411, 13415, 13825, 13916, 14697, 14880, 15285, 15479, 15493, 15511, 15565, 16021, 16055, 16060, 16072, 16087, 16106, 16123, 16127, 16135, 16631, 16651, 16661, 16673, 16747, 18791, 19456, 19511, 19524, 19643, 19656, 19657, 19661, 19674, 19680, 19683, 19699, 21588, 22042, 22051, 22065, 22601, 22602, 22629, 22646, 22688, 22758, 22809, 23025, 24927, 24970, 26502, 26832, 27191, 27313, 27534, 28663, 28712, 28793, 28837, 28883, 28888, 30210, 30286, 30299, 30336, 30425, 31596, 31597, 31607, 31610, 31654, 31665, 32246, 32252, 32291, 32310, 32323, 32334, 32337, 32345, 33163, 33452, 33465, 33490, 33493, 33848, 33898, 33954, 33970, 34090, 34096, 34237, 34323, 34791, 34802, 34810, 34882, 34888, 34905, 34919, 35001, 35053, 35096, 35135, 35157, 35174, 35178, 35202, 35209, 35234, 35264, 35270, 35284, 35287, 35876, 35885, 35887, 35891, 35900, 35936, 35937, 36333, 36352, 36365, 37827, 38568, 38587, 39495, 39500, 39506, 39533, 39535, 39538, 39549, 39571, 39572, 39708, 39712, 39716, 39742, 39745, 39749, 39750, 39754, 39763, 39766, 39834, 39860, 39884, 39888, 39908, 40662, 40689, 41335, 41339, 41346, 41613, 41619, 42293, 42294, 42297, 42300, 42409, 42410, 42412, 42418, 42431, 42787, 43434, 44174, 44177, 45027, 45249, 45555, 45839, 21073, 2, 45, 50, 61, 68, 109, 111, 117, 151, 210, 213, 216, 224, 227, 229, 233, 235, 274, 279, 313, 332, 384, 397, 434, 466, 500, 503, 551, 587, 614, 634, 640, 645, 651, 657, 675, 687, 701, 711, 938, 1374, 1387, 1404, 1406, 1417, 1418, 1458, 1470, 1550, 1769, 1920, 2140, 2654, 4486, 4535, 4580, 4666, 4988, 5031, 5071, 5075, 5134, 5135, 5140, 5226, 5228, 5793, 5833, 5866, 5925, 5949, 5969, 6058, 6070, 6088, 6100, 6106, 6236, 6476, 6496, 6877, 7154, 7673, 7832, 7856, 7900, 7903, 7942, 7958, 7966, 7980, 8030, 8040, 8051, 8082, 8469, 8527, 8528, 8563, 9003, 10306, 13148, 13409, 15328, 15449, 15508, 15579, 17249, 17898, 18517, 19469, 19746, 19759, 20051, 27088, 29208, 29269, 29301, 29499, 29507, 29521, 29528, 29533, 29566, 29636, 30142, 30167, 30267, 30321, 30356, 30374, 30420, 30469, 30721, 30828, 31101, 31158, 31160, 32837, 33251, 33262, 33316, 33663, 33673, 33680, 33698, 33760, 33786, 33791, 34109, 34133, 34144, 34190, 34199, 34200, 34210, 34596, 34620, 34625, 34642, 34657, 34659, 34670, 34687, 34718, 34926, 34927, 34943, 35081, 35278, 35453, 35810, 35831, 35845, 35849, 36269, 36307, 36441, 36540, 36605, 36717, 36817, 36881, 36963, 36997, 37007, 37079, 37361, 37402, 37470, 38046, 38056, 38222, 38473, 38917, 38919, 38923, 38974, 38987, 38995, 39027, 39029, 39031, 39035, 39039, 39041, 39045, 39096, 39097, 39106, 39147, 39152, 39245, 39269, 39329, 39352, 39364, 39387, 39419, 39424, 39429, 39436, 39445, 39449, 39453, 39457, 39458, 39460, 41720, 41725, 42370, 42783, 42803, 42805, 42828, 42829, 42850, 42859, 42860, 42868, 42871, 44710, 45369, 45702, 3819, 7718, 8071, 16076, 16134, 16310, 16389, 16406, 16625, 16627, 21313, 21873, 26615, 28820, 28840, 29321, 31960, 32117, 32157, 32168, 32188, 32189, 32199, 32200, 32208, 32785, 33266, 33289, 36489, 39861, 39880, 39918, 39921, 39934, 39936, 41174, 41602, 41719, 42366, 42374, 42786, 1308, 5574, 22683, 7429, 45909, 8190, 1286, 34113, 4089, 29677, 1299, 1344, 1497, 1547, 1553, 1785, 1796, 1806, 1826, 1844, 1845, 1889, 1916, 2165, 2179, 2348, 2383, 2980, 3209, 3230, 3330, 3351, 3444, 3455, 3497, 3504, 3528, 3567, 3579, 3586, 3588, 3635, 3667, 3720, 3781, 3793, 4244, 4245, 4253, 4263, 4272, 4274, 4303, 4550, 4551, 4566, 4572, 4611, 4646, 4673, 4830, 4835, 4843, 4853, 4857, 4895, 4922, 5040, 5043, 5063, 5117, 5147, 5163, 5222, 5290, 5347, 5385, 5401, 5407, 6899, 7735, 7839, 8347, 19639, 19712, 27631, 29676, 29688, 29771, 29777, 29782, 29783, 29797, 29810, 31343, 31936, 31985, 31991, 32042, 32061, 32063, 32066, 38418, 38467, 38959, 38966, 38969, 39155, 39163, 39164, 39165, 39167, 39171, 39174, 39194, 39236, 39243, 39249, 39252, 39255, 39272, 39281, 39286, 39288, 39289, 39293, 39299, 39311, 39315, 40463, 40684, 41762, 41772, 41776, 42840, 42842, 42845, 42857, 44486, 44643, 29651, 2240, 28870, 16706, 26629, 19504, 31363, 19519, 28753, 16698, 16659, 29860, 8871, 8879, 8793], "label": "floor"}, {"objectId": 2, "id": 2, "partId": 2, "index": 1, "dominantNormal": [-0.25015732645988464, -0.9682052135467529, -2.1498474412834432e-16], "obb": {"axesLengths": [3.6077577750860947, 2.1599999183416374, 0.4517688967698409], "centroid": [-0.866132386728673, 3.6866609918654825, -0.30999999933317457], "normalizedAxes": [0.9682052135467529, -0.25015732645988464, -5.554608472288717e-17, 0, -2.220446049250313e-16, 1, -0.25015732645988464, -0.9682052135467529, -2.1498474412834432e-16]}, "segments": [24054, 21655, 21401, 16001, 42612, 18709, 21644, 18892, 18734, 23606, 15083, 11781, 11850, 24232, 24317, 15049, 15051, 23736, 25941, 31218, 38650, 30907, 31112, 42237, 14962, 15011, 14932, 15019, 42218, 30985, 31191, 42344, 31837, 31878, 43609, 30482, 17959, 16376, 16241, 6645, 10184, 7174, 10587, 5529, 6173, 24749, 8807, 23384, 43694, 41860, 30110, 23476, 41866, 5567, 5927, 5941, 6201, 6218, 6504, 6507, 6670, 6767, 7166, 7290, 9638, 9662, 9669, 10412, 10437, 10472, 10473, 14079, 14891, 14893, 14946, 14975, 14999, 16003, 16004, 16410, 16529, 16572, 16605, 17122, 17150, 17167, 17171, 17924, 18305, 18708, 18774, 18775, 19023, 19039, 19042, 19045, 19061, 19086, 20340, 20352, 21391, 22591, 22896, 22919, 23123, 23124, 23149, 23186, 23329, 23358, 23363, 23408, 23423, 23452, 23480, 23548, 23594, 24417, 24442, 24443, 24476, 24486, 24499, 24606, 24662, 27401, 27435, 29875, 29919, 29925, 29934, 29952, 29964, 29988, 30006, 30012, 30029, 30043, 30046, 30071, 30080, 30083, 30616, 30710, 30723, 30724, 30832, 30835, 30849, 30864, 30924, 30925, 30930, 30962, 30975, 31020, 31050, 31061, 31085, 31126, 31127, 31134, 31135, 31140, 31153, 31155, 31181, 31239, 31248, 31775, 31798, 31858, 31907, 31911, 35813, 38691, 38742, 38743, 38774, 38776, 39350, 39413, 40018, 40045, 40113, 40114, 40122, 40128, 40131, 40137, 40751, 40762, 40764, 41781, 41787, 41799, 41801, 41803, 41807, 41809, 41813, 42151, 42158, 42160, 42162, 42175, 42302, 42355, 42359, 42360, 42890, 43439, 43442, 43446, 43496, 6312], "label": "wall"}, {"objectId": 3, "id": 3, "partId": 3, "index": 2, "dominantNormal": [0, -2.220446049250313e-16, 1], "obb": {"axesLengths": [2.549004650166626, 1.0001200214001527, 1.297408601738093], "centroid": [-1.056512924155047, 3.1616269054751305, -0.8900599915558115], "normalizedAxes": [0.9523977637290955, -0.30485814809799194, -6.76921070525953e-17, 0, -2.220446049250313e-16, 1, -0.30485814809799194, -0.9523977637290955, -2.1147478517871031e-16]}, "segments": [12370, 13347, 13285, 13294, 13318, 39514, 33104, 13141, 33034, 26138, 13190, 13212, 19075, 20832, 25358, 32395, 32709, 33045, 33115, 41161, 42745, 33007, 8700, 14470, 21046, 21729, 25257, 25456, 28294, 32421, 33114, 40379, 40385, 40387, 40884, 40892, 42963, 37608, 23676, 13624, 13641, 13642, 13645, 13654, 13662, 17392, 17417, 17438, 17445, 17463, 17465, 17486, 17494, 17509, 17510, 17527, 17534, 17536, 17537, 17554, 17570, 17576, 17578, 17582, 17584, 17590, 17616, 17620, 17628, 17634, 17642, 17646, 18308, 18318, 20309, 20328, 20977, 22240, 22744, 22760, 22774, 25176, 25229, 25784, 25793, 26165, 26263, 37461, 37490, 37704, 38251, 38252, 38268, 38269, 38273, 38313, 38314, 38317, 38325, 38338, 39941, 39942, 39947, 39954, 39957, 39961, 39965, 39971, 40372, 40375, 40694, 40851, 41562, 42953, 43806, 43890, 44107, 44111, 28949, 10591, 10633, 13512, 13688, 18211, 25087, 27646, 27722, 27739, 39770, 41543, 44025, 13737, 3687, 22786, 22805, 25120, 38119, 40699, 26046, 40558, 19812, 19818, 22079, 31038, 31432, 32362, 32516, 33500, 33501, 33580, 38925, 40050, 40654, 41359, 41362, 28995, 28985, 14159, 28312, 10559, 24907, 41712, 22123, 22119, 24855, 28184, 14260, 14246, 18902, 15106, 15161], "label": "sofa"}, {"objectId": 4, "id": 4, "partId": 4, "index": 3, "dominantNormal": [0, -2.220446049250313e-16, 1], "obb": {"axesLengths": [2.375564936376925, 0.9295000226162364, 2.2017311260284744], "centroid": [-1.6299524488776365, -0.22868810234254378, -0.9147499932069344], "normalizedAxes": [0.7593780755996704, -0.6506496667861938, -1.4447324820614368e-16, 0, -2.220446049250313e-16, 1, -0.6506496667861938, -0.7593780755996704, -1.6861580478525937e-16]}, "segments": [26861, 40724, 40106, 28904, 19939, 40081, 11124, 14274, 16026, 19132, 28907, 33371, 23060, 41448, 25729, 3142, 6801, 12535, 16029, 19903, 20891, 21349, 23059, 25023, 25025, 25027, 25038, 25347, 25352, 25381, 25622, 26495, 27770, 27782, 27797, 27817, 27819, 27837, 27863, 27867, 38449, 40391, 40796, 40801, 41436, 41440, 14294, 15396, 21131, 42140, 42394, 43922, 43961, 9454, 22611, 7089, 36915, 21112, 14584, 27854, 4355, 31365, 4305, 3566, 25326, 20600], "label": "couch"}, {"objectId": 5, "id": 5, "partId": 5, "index": 4, "dominantNormal": [0, -2.220446049250313e-16, 1], "obb": {"axesLengths": [2.784314433806742, 0.2456300203733891, 1.4895497577918304], "centroid": [-1.4706859687431133, 3.1948212227472745, 1.5528149218935878], "normalizedAxes": [0.9945255517959595, 0.10449354350566864, 2.3202227584932764e-17, 0, -2.220446049250313e-16, 1, 0.10449354350566864, -0.9945255517959595, -2.2082903323638258e-16]}, "segments": [13903, 21212, 13963, 4785, 8125, 9553, 12028, 12057, 12977, 23035, 24273, 26351, 40110, 40134, 7405, 26352, 2993, 7496, 8155, 8156, 8174, 8653, 12038, 14848, 24240, 29195, 41000, 41152, 8144, 8165, 10730, 24144, 8433, 8212, 8261, 9314, 9614, 9621, 11380, 24109, 24213, 7898, 41124, 29190, 14756, 11452, 11332, 8651, 8369, 8141, 8548, 39373], "label": "ceiling"}, {"objectId": 6, "id": 6, "partId": 6, "index": 5, "dominantNormal": [-0.23787137866020203, -0.9712966680526733, -2.1567118492275513e-16], "obb": {"axesLengths": [2.7733506478691834, 2.2182899813736223, 0.21913115456485519], "centroid": [-3.0203731327470136, -3.046941288873125, -0.2791450298060856], "normalizedAxes": [0.9712966680526733, -0.23787139356136322, -5.281805960629953e-17, 0, -2.220446049250313e-16, 1, -0.23787139356136322, -0.9712966680526733, -2.1567118492275513e-16]}, "segments": [37949, 28500, 16921, 22549, 17834, 1015, 1049, 1112, 1245, 1595, 2958, 2960, 6982, 16867, 20419, 27407, 28408, 36106, 37070, 44827, 19550, 11614, 36530, 28421, 19560, 2180], "label": "wall"}, {"objectId": 7, "id": 7, "partId": 7, "index": 6, "dominantNormal": [0, -2.220446049250313e-16, 1], "obb": {"axesLengths": [0.7895575312800381, 0.45120005791187134, 0.8232851356735845], "centroid": [-3.4217848673138316, -2.4873706670986317, -1.175599999678881], "normalizedAxes": [-0.3967110812664032, 0.91794353723526, 2.0382441006888907e-16, 0, -2.220446049250313e-16, 1, 0.91794353723526, 0.3967110812664032, 8.808755530918049e-17]}, "segments": [3219, 3240, 2689, 2551, 35989, 35958, 43422], "label": "side table"}, {"objectId": 8, "id": 8, "partId": 8, "index": 7, "dominantNormal": [0, -2.220446049250313e-16, 1], "obb": {"axesLengths": [0.8061394166721583, 0.6004099115637707, 0.6153681340631799], "centroid": [-2.4118121958572916, -2.784531044459975, -1.0902049634597097], "normalizedAxes": [0.12375893443822861, 0.9923123121261597, 2.2033759530829748e-16, 0, -2.220446049250313e-16, 1, 0.9923123121261597, -0.12375893443822861, -2.7480003703279323e-17]}, "segments": [2907, 39525, 21849, 7333, 2752, 9216, 3760, 32479, 38653, 45943, 39804], "label": "side table"}, {"objectId": 9, "id": 9, "partId": 9, "index": 8, "dominantNormal": [-0.5622719526290894, -0.8269523978233337, -1.8362031846648946e-16], "obb": {"axesLengths": [0.42735577334562186, 0.7971579403320411, 0.3630903627926228], "centroid": [-3.42778326510773, -2.51778306392659, -0.6177209739933702], "normalizedAxes": [0.8269523978233337, -0.5622719526290894, -1.2484945358195206e-16, 0, -2.220446049250313e-16, 1, -0.5622719526290894, -0.8269523978233337, -1.8362031846648946e-16]}, "segments": [21378, 25855, 25838, 25871, 27920, 41248, 3007, 18646, 22852, 25791, 25870, 26902, 26913, 41183, 41197, 41270, 25755, 41294, 21377, 17833, 21512, 40013, 39317, 41217, 22829, 25899], "label": "decoration"}, {"objectId": 10, "id": 10, "partId": 10, "index": 9, "dominantNormal": [0.9902111887931824, -0.13957716524600983, -3.099235651360606e-17], "obb": {"axesLengths": [0.5591624324729327, 0.8585259275467854, 0.45686856222306343], "centroid": [-2.4810490060444472, -2.835875733796771, -0.5744769707103764], "normalizedAxes": [0.13957718014717102, 0.9902111887931824, 2.1987105220792777e-16, 0, -2.220446049250313e-16, 1, 0.9902111887931824, -0.13957718014717102, -3.099235982232851e-17]}, "segments": [12346, 12250, 12229, 12326, 35607, 39673, 21854, 11523, 11556, 11578, 11596, 12300, 12331, 12344, 12350, 12414, 35480, 35497, 35578, 35592, 35629, 39558, 39661, 43206, 35554, 35407, 35341, 35342, 35349, 35443, 35462, 35523, 35797, 43142, 43169, 43181, 43207, 43310, 35760, 35570, 35793, 43357, 43341, 35782], "label": "decoration"}, {"objectId": 11, "id": 11, "partId": 11, "index": 10, "dominantNormal": [0.9799332618713379, -0.19932594895362854, -4.4259251586715407e-17], "obb": {"axesLengths": [0.7135758936681653, 0.6184689860388116, 0.13008508240184477], "centroid": [-1.623145664623272, -2.9676407114976024, -1.1013054640336613], "normalizedAxes": [0.19932594895362854, 0.9799332618713379, 2.1758889398511847e-16, 0, -2.220446049250313e-16, 1, 0.9799332618713379, -0.19932594895362854, -4.4259251586715407e-17]}, "segments": [26720], "label": "side table"}, {"objectId": 12, "id": 12, "partId": 12, "index": 11, "dominantNormal": [-0.6479690670967102, -0.7616666555404663, -1.6912397161405275e-16], "obb": {"axesLengths": [0.5164384344225031, 0.4860629330710407, 0.3782490415041411], "centroid": [0.4758698895168836, 3.261367901816973, -1.1669684724479519], "normalizedAxes": [0.7616666555404663, -0.6479690670967102, -1.4387803550713012e-16, 0, -2.220446049250313e-16, 1, -0.6479690670967102, -0.7616666555404663, -1.6912397161405275e-16]}, "segments": [21425, 18714, 40037, 40407], "label": "stool"}, {"objectId": 14, "id": 14, "partId": 14, "index": 12, "dominantNormal": [0, -2.220446049250313e-16, 1], "obb": {"axesLengths": [0.5798146056152612, 0.37999998673796664, 0.4554234286285198], "centroid": [-0.45947323856107497, 3.0005224538985615, -0.7399999968744827], "normalizedAxes": [0.9421048164367676, -0.33531859517097473, -7.44556849887556e-17, 0, -2.220446049250313e-16, 1, -0.33531859517097473, -0.9421048164367676, -2.091892917636712e-16]}, "segments": [38213, 23695, 38235], "label": "pillow"}, {"objectId": 15, "id": 15, "partId": 15, "index": 13, "dominantNormal": [0, -2.220446049250313e-16, 1], "obb": {"axesLengths": [0.5988032701121258, 0.3715809500609124, 0.4936245792466858], "centroid": [-1.5351167267822419, 3.262032605275465, -0.7355574839847363], "normalizedAxes": [0.5721341371536255, 0.8201600313186646, 1.8211211012945417e-16, 0, -2.220446049250313e-16, 1, 0.8201600313186646, -0.5721341371536255, -1.2703929844840045e-16]}, "segments": [40218, 20554, 40278, 20982, 25446, 14375, 20758], "label": "pillow"}, {"objectId": 30, "id": 30, "initialPoint": [-1.4582388200881353, 0.3429669136176249, -0.7596081420596521], "index": 14, "dominantNormal": [0, -2.220446049250313e-16, 1], "obb": {"axesLengths": [0.39845179738372644, 0.2022329523660328, 0.2758656439909198], "centroid": [-1.4954079168877707, 0.3816801948031928, -0.8311164828177594], "normalizedAxes": [0.9782962203025818, -0.2072111815214157, -4.60101249369717e-17, 0, -2.220446049250313e-16, 1, -0.2072111815214157, -0.9782962203025818, -2.1722539773673817e-16]}, "segments": [23237, 40051, 40709], "partId": 30, "label": "pillow"}], "scan_id": "6bde608d-9162-246f-8dde-3f158d134d50", "annId": "5581", "appId": "stk.v1"}