{"segGroups": [{"objectId": 25, "id": 25, "partId": 25, "index": 0, "dominantNormal": [0, -2.220446049250313e-16, 1], "obb": {"axesLengths": [0.8423278689302125, 0.29742603829295833, 0.4995106041929343], "centroid": [-0.9659325794277304, -1.07260638728592, -0.8212871413311293], "normalizedAxes": [-0.31771260499954224, 0.9481870532035828, 2.1053981962361918e-16, 0, -2.220446049250313e-16, 1, 0.9481870532035828, 0.31771260499954224, 7.054636985682588e-17]}, "segments": [35749, 38122, 35402, 38131, 11777, 9921], "label": "pillow"}, {"objectId": 26, "id": 26, "partId": 26, "index": 1, "dominantNormal": [0, -2.220446049250313e-16, 1], "obb": {"axesLengths": [0.6460396371192811, 0.32822798948970444, 0.521401013663754], "centroid": [-1.0961437046147378, -0.7830065339901584, -0.820723132392549], "normalizedAxes": [-0.4599595367908478, 0.8879398703575134, 1.9716225771071759e-16, 0, -2.220446049250313e-16, 1, 0.8879398703575134, 0.4599595367908478, 1.021315336282242e-16]}, "segments": [12308, 12317, 30784, 17270, 41586, 41526, 9853], "label": "pillow"}, {"objectId": 27, "id": 27, "partId": 27, "index": 2, "dominantNormal": [0.8947672247886658, -0.44653284549713135, -9.915020926446058e-17], "obb": {"axesLengths": [0.6619708961477384, 0.703821941379712, 0.42402452776096616], "centroid": [-0.34752378783841975, 1.609148692778672, -1.2014491334899744], "normalizedAxes": [0.44653284549713135, 0.8947672247886658, 1.9867823492806597e-16, 0, -2.220446049250313e-16, 1, 0.8947672247886658, -0.44653284549713135, -9.915020926446058e-17]}, "segments": [8986, 13512, 37976, 20107, 8930, 8959, 8967, 11043, 11083, 11115, 11119, 11122, 11143, 11215, 11294, 11322, 18231, 18247, 18282, 18301, 18328, 18331, 18409, 18432, 18438, 18447, 18480, 18489, 19191, 19278, 20059, 20081, 20100, 20271, 20403, 20832, 20850, 20862, 20876, 20877, 20902, 20940, 20957, 20969, 35267, 35553, 35559, 35888, 35891, 37094, 37118, 37259, 37262, 37598, 37600, 37681, 37683, 37685, 37765, 8999], "label": "cabinet"}, {"objectId": 28, "id": 28, "partId": 28, "index": 3, "dominantNormal": [0.9154697060585022, 0.4023869037628174, 8.934784107302138e-17], "obb": {"axesLengths": [0.6557546287001258, 0.5799999703466896, 0.13274327488742463], "centroid": [0.5259645686309644, 1.1540283743396573, -0.4200001310478161], "normalizedAxes": [-0.4023869037628174, 0.9154697060585022, 2.0327510920259466e-16, 0, -2.220446049250313e-16, 1, 0.9154697060585022, 0.4023869037628174, 8.934784107302138e-17]}, "segments": [21390, 21743, 21356, 23228, 23249, 23326, 42287], "label": "whiteboard"}, {"objectId": 29, "id": 29, "partId": 29, "index": 4, "dominantNormal": [0.9406166076660156, 0.33947083353996277, 7.53776671169521e-17], "obb": {"axesLengths": [0.39082695208250434, 0.459999983161688, 0.10514876535020029], "centroid": [0.7054401773212897, 0.7006574528717693, -0.340000142074675], "normalizedAxes": [-0.3394708037376404, 0.9406166076660156, 2.0885884303512361e-16, 0, -2.220446049250313e-16, 1, 0.9406166076660156, 0.3394708037376404, 7.53776604995072e-17]}, "segments": [5168, 7816, 20806, 37753, 5347, 5170, 20052], "label": "paper holder"}, {"objectId": 300, "id": 300, "partId": 300, "index": 5, "dominantNormal": [0.4312811493873596, -0.9022175669670105, -2.0033254321361282e-16], "obb": {"axesLengths": [0.23870491363607058, 0.20285599970394363, 0.1142774560410739], "centroid": [1.0972255266249, -0.5512584147164503, -0.5085721543671493], "normalizedAxes": [0.9022175669670105, 0.4312811493873596, 9.576365242732968e-17, 0, -2.220446049250313e-16, 1, 0.4312811493873596, -0.9022175669670105, -2.0033254321361282e-16]}, "segments": [26335, 40156, 26533, 26559, 26646, 40057, 40063, 40194], "label": "plant"}, {"objectId": 31, "id": 31, "partId": 31, "index": 6, "dominantNormal": [0.7858725786209106, 0.6183884739875793, 1.3730982439676506e-16], "obb": {"axesLengths": [0.31594552905614137, 0.43023400537146594, 0.21176857556911607], "centroid": [0.6214897020440988, 0.48438537328182374, -0.5904091510006269], "normalizedAxes": [-0.6183884739875793, 0.7858725786209106, 1.744987662412957e-16, 0, -2.220446049250313e-16, 1, 0.7858725786209106, 0.6183884739875793, 1.3730982439676506e-16]}, "segments": [4934, 4925, 35249, 8796, 35244, 8857, 35230, 35233], "label": "item"}, {"objectId": 33, "id": 33, "partId": 33, "index": 7, "dominantNormal": [0.3646807372570038, -0.9311326146125793, -2.0675297354446161e-16], "obb": {"axesLengths": [0.3519980047110628, 0.3249819802124354, 0.1783404225414748], "centroid": [0.21151272632283913, 1.6993593544066234, -0.6524911422391768], "normalizedAxes": [0.9311326146125793, 0.3646807372570038, 8.097539022800055e-17, 0, -2.220446049250313e-16, 1, 0.3646807372570038, -0.9311326146125793, -2.0675297354446161e-16]}, "segments": [23888, 23861, 20742], "label": "paper"}, {"objectId": 34, "id": 34, "partId": 34, "index": 8, "dominantNormal": [0, -2.220446049250313e-16, 1], "obb": {"axesLengths": [0.6035042235608342, 0.23800002996623437, 0.2380737388917057], "centroid": [0.0861007596167297, 1.7174288325290816, -1.3598501125677684], "normalizedAxes": [0.9647156000137329, 0.2632940411567688, 5.846302134776966e-17, 0, -2.220446049250313e-16, 1, 0.2632940411567688, -0.9647156000137329, -2.1420989427006385e-16]}, "segments": [15388, 37638, 15280, 15332], "label": "item"}, {"objectId": 35, "id": 35, "partId": 35, "index": 9, "dominantNormal": [0, -2.220446049250313e-16, 1], "obb": {"axesLengths": [1.8349199062252195, 0.2104439688374704, 0.8738671037402177], "centroid": [-0.7092529317760838, -1.2121597435596347, -0.9501681458833522], "normalizedAxes": [-0.06697747856378555, 0.9977545142173767, 2.2154600692156394e-16, 0, -2.220446049250313e-16, 1, 0.9977545142173767, 0.06697747856378555, 1.4871987766570516e-17]}, "segments": [9579, 10348, 13205, 13224, 19350, 36400, 35602, 16307, 11862, 38247, 7637, 7467, 9608, 33581, 7905, 15827, 38144, 21651], "label": "blanket"}, {"objectId": 36, "id": 36, "partId": 36, "index": 10, "dominantNormal": [0, -2.220446049250313e-16, 1], "obb": {"axesLengths": [0.6554269233918681, 0.4010399490362415, 0.4031832381073424], "centroid": [1.338746516402968, -1.3754975518237007, -1.3305200980408505], "normalizedAxes": [-0.5911600589752197, 0.8065542578697205, 1.790910215392839e-16, 0, -2.220446049250313e-16, 1, 0.8065542578697205, 0.5911600589752197, 1.3126390174261087e-16]}, "segments": [854, 992, 1463, 583, 34487], "label": "furniture"}, {"objectId": 37, "id": 37, "partId": 37, "index": 11, "dominantNormal": [0.503755509853363, -0.8638462424278259, -1.9181239761585943e-16], "obb": {"axesLengths": [0.19014064081783744, 0.1800000012665986, 0.07969784659267], "centroid": [-0.7644420323154765, -2.03486915987078, -0.06000015552297322], "normalizedAxes": [0.8638462424278259, 0.503755509853363, 1.118561931641977e-16, 0, -2.220446049250313e-16, 1, 0.503755509853363, -0.8638462424278259, -1.9181239761585943e-16]}, "segments": [35195, 8614, 29665], "label": "lamp"}, {"objectId": 38, "id": 38, "partId": 38, "index": 12, "dominantNormal": [0.7919195890426636, -0.6106253862380981, -1.3558607264443315e-16], "obb": {"axesLengths": [0.28622434546707276, 0.2301832050789175, 0.19325194629526352], "centroid": [0.12341116344377012, 2.008321761980499, -0.15490855570297635], "normalizedAxes": [0.6106253862380981, 0.7919195890426636, 1.7584147228137139e-16, 0, -2.220446049250313e-16, 1, 0.7919195890426636, -0.6106253862380981, -1.3558607264443315e-16]}, "segments": [42742, 42761, 42778, 24108], "label": "plant"}, {"objectId": 39, "id": 39, "partId": 39, "index": 13, "dominantNormal": [0.9263928532600403, 0.3765585124492645, 8.361278612795443e-17], "obb": {"axesLengths": [0.5056281437253368, 0.6199999909102912, 0.039790988469788645], "centroid": [-1.2873523377829832, -0.87005258297625, 0.15999983929887307], "normalizedAxes": [-0.3765585124492645, 0.9263928532600403, 2.0570053510749815e-16, 0, -2.220446049250313e-16, 1, 0.9263928532600403, 0.3765585124492645, 8.361278612795443e-17]}, "segments": [22834], "label": "picture"}, {"objectId": 7, "id": 7, "partId": 7, "index": 14, "dominantNormal": [0.9499529004096985, 0.31239309906959534, 6.936520226421446e-17], "obb": {"axesLengths": [0.2937875058636122, 0.37999998673796664, 0.08207409250833428], "centroid": [-0.9015639618759941, -1.7776573764758052, 0.09999983825579228], "normalizedAxes": [-0.31239309906959534, 0.9499529004096985, 2.109319164688591e-16, 0, -2.220446049250313e-16, 1, 0.9499529004096985, 0.31239309906959534, 6.936520226421446e-17]}, "segments": [21244, 21231, 30006, 21265], "label": "picture"}, {"objectId": 9, "id": 9, "partId": 9, "index": 15, "dominantNormal": [0.9392554759979248, 0.3432188630104065, 7.620989683996415e-17], "obb": {"axesLengths": [0.25880655647866835, 0.3599999913573265, 0.082543340564644], "centroid": [-0.7103516182533448, -2.318817605797422, 0.029999839522390825], "normalizedAxes": [-0.3432188630104065, 0.9392554759979248, 2.0855661109163144e-16, 0, -2.220446049250313e-16, 1, 0.9392554759979248, 0.3432188630104065, 7.620989683996415e-17]}, "segments": [31531, 32150, 32128, 8580, 42570], "label": "picture"}, {"objectId": 10, "id": 10, "partId": 10, "index": 16, "dominantNormal": [0.3509140610694885, -0.9364076852798462, -2.079242745267265e-16], "obb": {"axesLengths": [1.3618147390293665, 2.4697849794525277, 0.12903783907991082], "centroid": [-1.2652504042003085, 0.8380323942869687, -0.35510766166163643], "normalizedAxes": [0.9364076852798462, 0.3509140610694885, 7.791857405281289e-17, 0, -2.220446049250313e-16, 1, 0.3509140610694885, -0.9364076852798462, -2.079242745267265e-16]}, "segments": [9485, 29024, 4821, 3408, 8105, 43914], "label": "wardrobe"}, {"objectId": 11, "id": 11, "partId": 11, "index": 17, "dominantNormal": [0.9619765877723694, 0.27313193678855896, 6.06474729966242e-17], "obb": {"axesLengths": [3.494432819570324, 2.5785399099020667, 0.5941609745807485], "centroid": [0.7497817150579384, 0.4783200448277751, -0.2642801688320935], "normalizedAxes": [-0.27313193678855896, 0.9619765877723694, 2.1360171137904546e-16, 0, -2.220446049250313e-16, 1, 0.9619765877723694, 0.27313193678855896, 6.06474729966242e-17]}, "segments": [5167, 42040, 30766, 156, 2133, 7076, 9776, 10055, 10233, 12475, 12506, 12533, 12584, 13480, 14856, 14862, 14874, 20538, 20539, 21772, 21791, 23700, 27072, 27088, 30279, 30825, 34293, 34492, 34523, 35948, 40284, 40290, 42039, 43532, 1902, 40599, 3557, 3794, 3659, 2183, 12287, 6465, 37446, 28485, 4565, 42067, 28476, 42366, 9450, 28545, 680, 4500, 1396, 34772, 1354, 1437, 3846, 3633, 3593, 13769, 3675, 25125], "label": "wall"}, {"objectId": 12, "id": 12, "partId": 12, "index": 18, "dominantNormal": [0.9205904006958008, 0.390529602766037, 8.67149913577141e-17], "obb": {"axesLengths": [1.1931425755016654, 1.2320469938506107, 0.24349746020856297], "centroid": [1.0644728227423224, -0.35774231681626284, 0.006023342706184209], "normalizedAxes": [-0.3905295729637146, 0.9205904006958008, 2.0441213182027535e-16, 0, -2.220446049250313e-16, 1, 0.9205904006958008, 0.3905295729637146, 8.67149847402692e-17]}, "segments": [2463, 41631, 29728, 41474, 30178, 30204, 25467, 39796, 27895, 39772, 1649, 1707, 1718, 1735, 1749, 1751, 1755, 3043, 3048, 3071, 3083, 3115, 4155, 7972, 25427, 25435, 25470, 25476, 26599, 26638, 27766, 29828, 29855, 30144, 39831, 39837, 40181, 40493, 40618, 41366, 41442, 41515, 41518, 41639, 41721, 40508, 1766, 29676, 25571, 7937, 35072, 6308, 1644, 6264, 6271, 6317, 6341, 29692, 29711, 27925, 34535, 34578, 2158, 40541], "label": "curtain"}, {"objectId": 14, "id": 14, "partId": 14, "index": 20, "dominantNormal": [0.9230307936668396, 0.3847261369228363, 8.542636307736469e-17], "obb": {"axesLengths": [0.892162634103876, 2.0056999771513038, 0.18373065030892916], "centroid": [-1.742801088296722, 0.19291794815447416, -0.5928501548647143], "normalizedAxes": [-0.3847261369228363, 0.9230307936668396, 2.049540079133915e-16, 0, -2.220446049250313e-16, 1, 0.9230307936668396, 0.3847261369228363, 8.542636307736469e-17]}, "segments": [7038, 41215, 40848, 15802, 30057, 30070, 41257, 40334, 12241, 27225, 40329, 56, 86, 2438, 4075, 7635, 9668, 16088, 17498, 27097, 27263, 29374, 39998, 40000, 40041, 40671, 41207, 41291, 41297, 41648, 41651, 17140, 7361, 40699], "label": "mirror"}, {"objectId": 15, "id": 15, "partId": 15, "index": 21, "dominantNormal": [0.3286955952644348, -0.9444358944892883, -2.0970689506889258e-16], "obb": {"axesLengths": [0.8138549633759917, 0.8221799547483033, 0.4439206172642195], "centroid": [-1.1336872737096289, -0.23316737629074658, -1.1010901131158333], "normalizedAxes": [0.9444358944892883, 0.3286955952644348, 7.298508359108942e-17, 0, -2.220446049250313e-16, 1, 0.3286955952644348, -0.9444358944892883, -2.0970689506889258e-16]}, "segments": [39901, 25888, 36621, 25889, 39971, 6182, 16572, 36696, 36507, 36771, 16511, 16477, 36603, 12788, 39439, 24449, 39406, 39939, 12599, 12671, 12684, 12733, 12738, 12779, 12799, 12827, 12876, 16246, 16394, 16488, 16542, 18201, 24406, 24410, 24420, 24424, 24453, 24456, 24490, 24504, 24518, 24519, 24562, 24564, 24569, 24576, 24595, 24609, 24666, 35795, 35807, 36499, 36629, 36630, 36639, 36667, 36750, 39399, 39420, 39473, 39474, 39484, 39529, 39533, 39548, 39851, 39852, 12826, 17151, 22715, 22678, 28258, 40680, 16227, 16229, 16454, 17153, 17167, 17175, 22698, 26086, 36796, 38726, 38728, 38730, 38733, 38798, 39465, 39535], "label": "items"}, {"objectId": 16, "id": 16, "partId": 16, "index": 22, "dominantNormal": [0.38510575890541077, -0.9228724241256714, -2.0491884281119063e-16], "obb": {"axesLengths": [0.9901333553734338, 2.519999924600125, 0.5436414968557909], "centroid": [-0.11243359264837238, 1.7227744533706928, -0.27000012844011323], "normalizedAxes": [0.9228724241256714, 0.38510575890541077, 8.551065609050629e-17, 0, -2.220446049250313e-16, 1, 0.38510575890541077, -0.9228724241256714, -2.0491884281119063e-16]}, "segments": [13285, 13598, 13858, 20395, 12042, 13616, 13967, 13977, 15708, 15736, 15774, 15794, 15800, 15908, 15937, 15969, 16029, 16030, 16034, 16037, 17524, 17579, 17580, 17615, 17638, 17759, 21289, 22468, 24061, 24089, 24169, 24171, 24172, 36822, 36829, 36894, 38635, 38960, 38984, 39253, 39259, 39329, 15728, 43273, 23059, 11484, 12085, 13242, 13251, 13983, 15334, 15682, 15721, 15889, 16069, 16933, 16949, 17358, 17441, 17468, 17692, 17720, 18216, 18632, 19176, 19232, 19252, 19258, 20196, 20279, 20748, 22975, 23502, 23522, 23621, 23633, 23659, 23692, 23871, 30297, 30393, 30397, 30401, 30403, 30493, 30551, 30589, 31942, 31958, 32367, 32464, 32475, 32507, 32561, 32591, 36171, 36496, 36887, 36944, 38882, 41795, 41814, 41843, 41857, 41889, 41920, 41978, 41981, 41984, 43157, 43159, 43212, 43226, 43299, 43301, 43323, 43338, 43342, 24272, 21861, 18962, 21877, 12112, 36818, 23032, 23401, 11446, 32088, 17367, 38928, 22170], "label": "wall"}, {"objectId": 17, "id": 17, "partId": 17, "index": 23, "dominantNormal": [0.26567867398262024, -0.9640616178512573, -2.1406468105916894e-16], "obb": {"axesLengths": [0.5419034002385734, 0.4399999877810479, 0.2600630948376064], "centroid": [0.047820063307498994, 1.8385884828720735, 0.6699998183627418], "normalizedAxes": [0.9640616178512573, 0.26567867398262024, 5.89925162014771e-17, 0, -2.220446049250313e-16, 1, 0.26567867398262024, -0.9640616178512573, -2.1406468105916894e-16]}, "segments": [31063, 23468, 23068, 30269, 30462, 41785, 41874, 42449], "label": "magazine files"}, {"objectId": 18, "id": 18, "partId": 18, "index": 24, "dominantNormal": [0.9493528604507446, 0.314211905002594, 6.976905830904245e-17], "obb": {"axesLengths": [0.6859283735535611, 2.414999907873572, 0.34396481197526474], "centroid": [-0.6416308886496095, 1.4212164889243981, -0.33750012216299874], "normalizedAxes": [-0.314211905002594, 0.9493528604507446, 2.1079868083323397e-16, 0, -2.220446049250313e-16, 1, 0.9493528604507446, 0.314211905002594, 6.976905830904245e-17]}, "segments": [32043, 23926, 23934, 20563, 20722, 37729, 12093, 9997, 9683, 9694, 12192, 20626, 20680, 21924, 22004, 22069, 23993, 35682, 35685, 37699, 37705, 38365, 10136, 10065, 35312, 10084, 36152, 9708, 9750, 9993, 10082, 10126, 10162, 10169, 10219, 10220, 10256, 10752, 10807, 10815, 11617, 11622, 11667, 11668, 11681, 11692, 11714, 11732, 11739, 11765, 13458, 13501, 15089, 18219, 18223, 35335, 35358, 35458, 35478, 35588, 35591, 35599, 36101, 36108, 36127, 36133, 36139, 36157, 37083, 10413, 12212, 22915, 37157, 10652, 18844, 18827, 35531, 10899, 11091, 10551, 37035, 37019, 2962, 3391, 9779, 10428, 10460, 10574, 11047, 11048, 11128, 11138, 11237, 11629, 12273, 12288, 13009, 15502, 15863, 17360, 17378, 17423, 17431, 17606, 18264, 18384, 18423, 18453, 18460, 18540, 18630, 18646, 18650, 18711, 18752, 18772, 20514, 21920, 21932, 21963, 22052, 22090, 22764, 22782, 22899, 22909, 23373, 35377, 35427, 35457, 35481, 35486, 35494, 35543, 35552, 36405, 36410, 36419, 36453, 36461, 36909, 37099, 37107, 37113, 37146, 38344, 38921, 39061], "label": "shelf"}, {"objectId": 1, "id": 1, "partId": 1, "index": 25, "dominantNormal": [0, -2.220446049250313e-16, 1], "obb": {"axesLengths": [4.426155781855119, 0.2000000432133664, 4.139345626296748], "centroid": [-0.5405584662092824, -0.8462758915752765, -1.5300000907401756], "normalizedAxes": [-0.49662283062934875, 0.8679664731025696, 1.9272727260823288e-16, 0, -2.220446049250313e-16, 1, 0.8679664731025696, 0.49662283062934875, 1.1027242022384448e-16]}, "segments": [6754, 5759, 44468, 490, 609, 633, 653, 934, 1318, 1760, 1827, 1829, 1836, 1843, 1871, 1952, 1966, 6898, 7860, 9111, 9129, 9131, 13417, 13420, 15518, 24568, 24789, 33955, 35874, 35876, 43917, 43983, 44183, 44538, 44545, 15712, 11553, 11570, 13749, 33965, 798, 778, 146, 14, 452, 740, 754, 4270, 6560, 17645, 17731, 20998, 21012, 21036, 21058, 28174, 34898, 36573, 6069, 6134, 14438, 14626, 17575, 17578, 17600, 26173, 26211, 26212, 26234, 28096, 28112, 28134, 40669, 42710, 42714, 42735], "label": "floor"}, {"objectId": 2, "id": 2, "partId": 2, "index": 26, "dominantNormal": [0.9767675995826721, -0.2143014520406723, -4.7584481253231626e-17], "obb": {"axesLengths": [0.4188144499092947, 0.5489089962338878, 0.4207092108372132], "centroid": [-0.16143094016824222, 0.5834778232439104, -1.2643456221811742], "normalizedAxes": [0.9767675995826721, -0.2143014371395111, -4.7584477944509176e-17, 0, -2.220446049250313e-16, 1, -0.2143014371395111, -0.9767675995826721, -2.168859757529056e-16]}, "segments": [6426, 35094, 7697, 7396, 8126, 7856, 7852, 35007, 7732], "label": "stool"}, {"objectId": 3, "id": 3, "partId": 3, "index": 27, "dominantNormal": [0.888691246509552, 0.45850616693496704, 1.0180882069276521e-16], "obb": {"axesLengths": [1.9240161574890229, 0.7747599905410407, 0.7292027919501689], "centroid": [0.3056347589098056, 0.9378637436240449, -1.1573801125347623], "normalizedAxes": [-0.45850619673728943, 0.888691246509552, 1.9732909673154708e-16, 0, -2.220446049250313e-16, 1, 0.888691246509552, 0.45850619673728943, 1.0180882731021011e-16]}, "segments": [38406, 8713, 8384, 7093, 8450, 21825, 23207, 7001, 7174, 8396, 8508, 8511, 8756, 14189, 18905, 18927, 18970, 22278, 22300, 22309, 22319, 34978, 35937, 35938, 35945, 38605, 38606, 38608, 38614, 7024, 34954, 34824, 5111, 7546, 34809], "label": "table"}, {"objectId": 4, "id": 4, "partId": 4, "index": 28, "dominantNormal": [0.9059253334999084, 0.4234374463558197, 9.402200048654212e-17], "obb": {"axesLengths": [1.1663573854657898, 1.0331150062431014, 0.5877773236246893], "centroid": [0.9615429035999696, -0.4900199675211094, -1.0272526258765358], "normalizedAxes": [-0.4234374463558197, 0.9059253334999084, 2.011558327685644e-16, 0, -2.220446049250313e-16, 1, 0.9059253334999084, 0.4234374463558197, 9.402200048654212e-17]}, "segments": [2620, 25045, 1597, 25298, 99, 1160, 838, 1519, 3188, 3207, 3235, 3237, 3238, 3255, 3262, 3300, 3327, 3330, 3334, 3339, 3762, 3777, 3880, 4240, 4675, 25202, 25255, 26139, 26143, 26149, 27116, 27119, 34327, 34604, 34607, 34610, 34627, 39580, 40003, 40008, 40013, 40016, 40020, 40023, 40281, 40391, 40412, 40489, 4627, 34791, 4241, 35136], "label": "commode"}, {"objectId": 5, "id": 5, "partId": 5, "index": 29, "dominantNormal": [0, -2.220446049250313e-16, 1], "obb": {"axesLengths": [2.23735452313721, 0.8462099243802593, 0.9588485883942093], "centroid": [-0.6341159035315356, -1.3325148420227988, -1.113105097931811], "normalizedAxes": [-0.3634102940559387, 0.9316291809082031, 2.0686323341139248e-16, 0, -2.220446049250313e-16, 1, 0.9316291809082031, 0.3634102940559387, 8.069329516934037e-17]}, "segments": [43573, 43792, 34246, 19024, 44634, 33932, 33741, 10702, 11034, 33561, 43686, 19035, 17290, 7279, 6564, 9963, 9982, 10517, 11441, 12617, 14121, 16565, 17130, 17263, 18063, 18067, 19075, 19120, 19391, 19415, 19432, 19460, 19470, 20017, 21140, 21184, 24524, 27318, 30743, 33512, 33656, 35907, 36812, 36938, 37434, 37440, 38647, 38705, 38750, 41642, 42441, 43620, 44578, 44581, 44735], "label": "sofa"}, {"objectId": 6, "id": 6, "partId": 6, "index": 30, "dominantNormal": [0.9317882657051086, 0.36300230026245117, 8.060270234865356e-17], "obb": {"axesLengths": [3.535607798555723, 1.9738119399440597, 0.26259892742282714], "centroid": [-1.238595754374565, -0.9246249857824491, 0.17802383644124786], "normalizedAxes": [-0.36300230026245117, 0.9317882657051086, 2.0689855733227095e-16, 0, -2.220446049250313e-16, 1, 0.9317882657051086, 0.36300230026245117, 8.060270234865356e-17]}, "segments": [11271, 28054, 27528, 10804, 14077, 14089, 14507, 19728, 24353, 25893, 26787, 26863, 30830, 35905, 35986, 41036], "label": "wall"}, {"objectId": 8, "id": 8, "partId": 8, "index": 31, "dominantNormal": [0.9338804483413696, 0.3575853109359741, 7.939988909377285e-17], "obb": {"axesLengths": [0.5854744341279922, 0.4199999886751181, 0.03780043983000569], "centroid": [-1.0123290371628055, -1.5433767945841206, 0.2599998404164605], "normalizedAxes": [-0.3575853109359741, 0.9338804483413696, 2.0736311519917053e-16, 0, -2.220446049250313e-16, 1, 0.9338804483413696, 0.3575853109359741, 7.939988909377285e-17]}, "segments": [23663], "label": "picture"}, {"objectId": 19, "id": 19, "partId": 19, "index": 32, "dominantNormal": [0, -2.220446049250313e-16, 1], "obb": {"axesLengths": [0.3496056894857524, 0.2599999846518042, 0.3483372217253898], "centroid": [0.2903753568820111, 1.5319761662280889, -0.680000145501942], "normalizedAxes": [0.7945613265037537, -0.6071839332580566, -1.3482191657711176e-16, 0, -2.220446049250313e-16, 1, -0.6071839332580566, -0.7945613265037537, -1.764280558322348e-16]}, "segments": [23164, 32283, 20558, 32333, 43107], "label": "box"}, {"objectId": 20, "id": 20, "partId": 20, "index": 33, "dominantNormal": [0.7229503393173218, -0.6909000277519226, -1.5341062370486882e-16], "obb": {"axesLengths": [0.8020173285995675, 0.3416229782635796, 0.24137976905919015], "centroid": [-0.03627212027889304, 1.8040773427772616, 0.2791883353404283], "normalizedAxes": [0.6909000277519226, 0.7229503393173218, 1.6052722247413204e-16, 0, -2.220446049250313e-16, 1, 0.7229503393173218, -0.6909000277519226, -1.5341062370486882e-16]}, "segments": [12062, 16914, 43173, 23495], "label": "magazine files"}, {"objectId": 21, "id": 21, "partId": 21, "index": 34, "dominantNormal": [0.4525441527366638, -0.8917419910430908, -1.980064980962239e-16], "obb": {"axesLengths": [0.27536754628424215, 0.47539200316238345, 0.23838464908544113], "centroid": [-0.3275826507898217, 1.435539740475785, 0.08227384942947191], "normalizedAxes": [0.8917419910430908, 0.45254412293434143, 1.0048498098810064e-16, 0, -2.220446049250313e-16, 1, 0.45254412293434143, -0.8917419910430908, -1.980064980962239e-16]}, "segments": [35756, 12082, 35762, 21930, 38330], "label": "object"}, {"objectId": 22, "id": 22, "partId": 22, "index": 35, "dominantNormal": [0, -2.220446049250313e-16, 1], "obb": {"axesLengths": [3.5270982023916257, 0.4257999563410886, 2.389382072152086], "centroid": [-0.45457947932393683, 0.40692928501006964, 0.962899807858169], "normalizedAxes": [0.7477900385856628, 0.6639353036880493, 1.474232522031936e-16, 0, -2.220446049250313e-16, 1, 0.6639353036880493, -0.7477900385856628, -1.6604274368462742e-16]}, "segments": [21881, 24663, 31717, 31438, 31511, 31431, 22154, 30802, 31078, 31080, 31626, 31673, 31997, 32755, 42463, 42825, 42726, 31904, 10598, 6558, 1813, 2024, 2034, 2317, 2324, 2363, 2774, 2789, 6157, 6159, 6515, 21182, 21220, 21824, 31093, 34854, 27192, 2243, 34583, 16869, 11961, 11940, 14336, 43446, 2261, 40257, 27999, 1069, 10043, 5553, 10132, 39371, 19690, 5285, 25574, 39385, 25491, 31175, 25855, 19469, 11397, 11511, 11558, 31151, 31188, 31200, 42532, 42471, 42614, 31246, 31605, 42482], "label": "ceiling"}, {"objectId": 23, "id": 23, "partId": 23, "index": 36, "dominantNormal": [0.9514927268028259, 0.30767130851745605, 6.831675414652595e-17], "obb": {"axesLengths": [1.2740546617828865, 0.3827919874461294, 0.31121909013694393], "centroid": [0.47917037704316745, 1.047550609857291, 0.5913308383305886], "normalizedAxes": [-0.30767130851745605, 0.9514927268028259, 2.1127382661197423e-16, 0, -2.220446049250313e-16, 1, 0.9514927268028259, 0.30767130851745605, 6.831675414652595e-17]}, "segments": [36321, 13085, 13055, 14729, 14594, 14605, 14642, 15604, 13076, 16761, 14756, 36076, 15622, 13748, 40806, 13152, 35902, 12477, 28668, 35859, 14257, 35988], "label": "shelf"}, {"objectId": 24, "id": 24, "partId": 24, "index": 37, "dominantNormal": [0, -2.220446049250313e-16, 1], "obb": {"axesLengths": [1.0306499237288325, 0.4868039976029692, 0.9457304160317634], "centroid": [-0.4003585638839798, -2.013692811803873, -0.8465981637622861], "normalizedAxes": [0.798670768737793, 0.6017682552337646, 1.3361939448980668e-16, 0, -2.220446049250313e-16, 1, 0.6017682552337646, -0.798670768737793, -1.7734053530955429e-16]}, "segments": [34267, 14479, 34116, 34141, 7257], "label": "pillow"}, {"objectId": 42, "id": 42, "partId": 42, "index": 38, "dominantNormal": [0.9519140124320984, 0.30636531114578247, 6.802676447609956e-17], "obb": {"axesLengths": [0.1601028794473519, 0.19139200021195402, 0.17205542297700613], "centroid": [-1.4612944949989821, -0.2456311667247112, 0.534303827495485], "normalizedAxes": [0.9519140124320984, 0.30636531114578247, 6.802676447609956e-17, 0, -2.220446049250313e-16, 1, 0.30636531114578247, -0.9519140124320984, -2.1136737081308663e-16]}, "segments": [35289, 35275], "label": "light"}, {"objectId": 360, "id": 360, "partId": 360, "index": 39, "dominantNormal": [0.914368212223053, 0.40488365292549133, 8.990223075444422e-17], "obb": {"axesLengths": [0.691153550711444, 0.11999999836087252, 0.0815101163053697], "centroid": [-0.9780635747097686, -1.558508785641638, -0.010000153101533904], "normalizedAxes": [-0.40488365292549133, 0.914368212223053, 2.0303052843907498e-16, 0, -2.220446049250313e-16, 1, 0.914368212223053, 0.40488365292549133, 8.990223075444422e-17]}, "segments": [21272, 41320, 22389, 24441, 24485], "label": "wood box"}, {"objectId": 361, "id": 361, "partId": 361, "index": 40, "dominantNormal": [0.4005810618400574, -0.9162613153457642, -2.0345088177403973e-16], "obb": {"axesLengths": [0.9784293108842528, 2.518861952747509, 0.27959544790980634], "centroid": [-1.0038931473597223, 0.8777132389853077, -0.38648917860890153], "normalizedAxes": [0.9162613153457642, 0.4005810618400574, 8.894686361672507e-17, 0, -2.220446049250313e-16, 1, 0.4005810618400574, -0.9162613153457642, -2.0345088177403973e-16]}, "segments": [9183, 23905, 15159, 9679, 35349, 9130], "label": "door"}], "scan_id": "0cac767c-8d6f-2d13-8e22-50ba98af68e6", "annId": "6290", "appId": "stk.v1"}