{"segGroups": [{"objectId": 3, "id": 3, "partId": 3, "index": 0, "dominantNormal": [0, -2.220446049250313e-16, 1], "obb": {"axesLengths": [2.902890976858053, 0.4399999579787257, 0.9204647677378395], "centroid": [-1.787182784664907, 0.13241681237810043, -0.5500000378061827], "normalizedAxes": [0.5964556336402893, 0.8026460409164429, 1.7822322304993207e-16, 0, -2.220446049250313e-16, 1, 0.8026460409164429, -0.5964556336402893, -1.3243975552696725e-16]}, "segments": [12199, 11320, 37177, 12457, 10626, 20976, 9107, 9119, 9133, 9167, 11026, 11488, 11617, 11623, 11738, 12267, 12290, 12293, 28140, 28301, 28387, 28394, 34303, 34338, 34497, 34499, 34501, 34561, 34628, 34643, 36261, 38765, 38794, 38798, 9162, 9229, 10996, 37001, 28097, 35779, 21374, 21395, 33534, 18720, 15624, 16708], "label": "kitchen counter"}, {"objectId": 4, "id": 4, "partId": 4, "index": 1, "dominantNormal": [0, -2.220446049250313e-16, 1], "obb": {"axesLengths": [0.8743615423595184, 0.2313190050873383, 0.7391657726915519], "centroid": [-1.5287477195467738, 0.448116343116425, -0.6343405337723973], "normalizedAxes": [0.8783043026924133, 0.47810205817222595, 1.0615998262069625e-16, 0, -2.220446049250313e-16, 1, 0.47810205817222595, -0.8783043026924133, -1.9502273189529203e-16]}, "segments": [18565, 19722, 22598, 19667, 23351, 23975], "label": "sink"}, {"objectId": 5, "id": 5, "partId": 5, "index": 2, "dominantNormal": [0.7294189929962158, -0.6840671896934509, -1.5189342887765876e-16], "obb": {"axesLengths": [2.8546617523093634, 0.9600000055134293, 0.6258419708388375], "centroid": [-1.9082394369426823, 0.21986837309054308, 0.42999995004937075], "normalizedAxes": [0.6840671896934509, 0.7294189929962158, 1.6196355212465892e-16, 0, -2.220446049250313e-16, 1, 0.7294189929962158, -0.6840671896934509, -1.5189342887765876e-16]}, "segments": [18324, 27067, 15175, 32120, 2130, 2454, 2461, 17044, 30854, 32710, 4438, 23038, 2508, 36646, 4514, 4546, 36612, 13596, 31397, 31297, 30620, 18179, 19173, 12501, 12671, 35445, 13538, 34763, 16364], "label": "kitchen cabinet"}, {"objectId": 6, "id": 6, "partId": 6, "index": 3, "dominantNormal": [-0.635614812374115, -0.7720063328742981, -1.7141984118269573e-16], "obb": {"axesLengths": [3.0468869667268064, 2.4993400015084433, 0.1892498477427987], "centroid": [-1.8272718034546924, -1.6138620129278594, -0.2112800366462766], "normalizedAxes": [0.7720063328742981, -0.635614812374115, -1.4113483989810826e-16, 0, -2.220446049250313e-16, 1, -0.635614812374115, -0.7720063328742981, -1.7141984118269573e-16]}, "segments": [16743, 19129, 11433, 1853, 9757, 9783, 9803, 9804, 9812, 9837, 9873, 9876, 12153, 12196, 32624, 32639, 32911, 33974, 34007, 35351, 38861, 26708, 3147], "label": "wall"}, {"objectId": 7, "id": 7, "partId": 7, "index": 4, "dominantNormal": [-0.6388624906539917, -0.7693209648132324, -1.708235696924981e-16], "obb": {"axesLengths": [2.027530084094291, 0.870950023734196, 0.1729061398291747], "centroid": [-1.4744642430969568, -2.031092935677769, -1.0254750255334002], "normalizedAxes": [0.7693209648132324, -0.6388624906539917, -1.418559693386871e-16, 0, -2.220446049250313e-16, 1, -0.6388624906539917, -0.7693209648132324, -1.708235696924981e-16]}, "segments": [18916, 5308, 32936, 21031, 36014], "label": "wall"}, {"objectId": 8, "id": 8, "partId": 8, "index": 5, "dominantNormal": [-0.6753403544425964, -0.7375061511993408, -1.6375926197283804e-16], "obb": {"axesLengths": [2.077415352942341, 1.4248959699668884, 0.4353830798102686], "centroid": [-1.5110977095857892, -2.1205655691244276, 0.08244795075354028], "normalizedAxes": [0.7375062108039856, -0.6753403544425964, -1.4995568219213694e-16, 0, -2.220446049250313e-16, 1, -0.6753403544425964, -0.7375062108039856, -1.6375927520772784e-16]}, "segments": [31968, 40057, 28033, 30744, 28045, 18481, 16858, 12874, 12887, 12905, 12914, 12924, 12929, 12934, 12957, 16429, 16455, 16467, 16525, 17182, 17245, 17295, 17368, 17396, 17812, 17987, 18226, 18246, 19435, 19461, 22031, 23447, 23457, 24027, 24032, 24034, 27165, 27347, 27371, 27398, 27413, 27437, 27478, 27486, 27511, 27521, 27537, 27565, 27568, 27575, 27613, 27623, 27644, 27654, 27659, 27780, 27929, 27934, 27943, 27961, 28004, 28173, 28176, 28179, 28187, 28253, 28466, 28470, 28537, 28553, 28564, 28579, 28752, 29000, 29009, 29017, 29080, 29098, 29110, 29120, 29129, 29140, 29164, 29165, 29207, 29211, 29214, 29237, 29259, 29282, 29293, 29332, 29356, 29362, 29500, 29527, 29556, 29571, 29610, 29647, 29673, 29690, 29712, 29732, 29735, 29850, 29879, 29884, 29902, 29916, 29937, 29950, 29951, 29961, 29962, 29982, 30011, 30017, 30024, 30036, 30041, 30042, 30053, 30490, 30538, 30546, 31338, 35365, 35389, 35420, 35753, 35765, 35766, 35839, 35844, 35856, 35882, 35886, 36707, 38425, 38427, 38428, 38457, 38463, 38470, 38478, 38488, 38493, 38495, 38498, 38501, 38503, 38533, 38548, 38550, 38642, 38754, 39180, 39193, 39199, 39204, 39275, 39278, 39289, 39293, 39295, 39298, 39303, 39308, 39311, 39315, 39325, 39335, 39339, 39342, 39349, 39454, 39457, 39470, 39484, 39493, 39957, 39975, 39982, 39983, 28984, 40015, 30775, 17287, 19641], "label": "window"}, {"objectId": 9, "id": 9, "partId": 9, "index": 6, "dominantNormal": [0.7510640621185303, -0.6602293252944946, -1.4660035969493604e-16], "obb": {"axesLengths": [2.7602171589397173, 1.060000008493661, 0.6276853794346038], "centroid": [-2.056076138341772, 0.3163933103726221, -0.3800000547190001], "normalizedAxes": [0.6602293252944946, 0.7510640621185303, 1.6676972294649823e-16, 0, -2.220446049250313e-16, 1, 0.7510640621185303, -0.6602293252944946, -1.4660035969493604e-16]}, "segments": [12058, 5941, 15705, 4008, 10309, 10317, 10329, 10333, 10344, 10360, 10365, 11013, 11039, 11213, 12054, 15684, 15686, 15688, 15692, 15729, 15809, 15833, 15883, 15995, 15997, 16028, 16049, 16052, 16059, 16089, 16113, 16131, 16151, 16157, 16173, 17508, 21211, 34240, 34243, 34334, 34336, 35261, 35276, 35281, 35678, 38553, 15359, 21100, 10381, 10400, 16116, 35308], "label": "wall"}, {"objectId": 10, "id": 10, "partId": 10, "index": 7, "dominantNormal": [-0.6503511667251587, -0.7596336603164673, -1.686725559927254e-16], "obb": {"axesLengths": [2.445103911407509, 2.4929099717830865, 0.25036814255080014], "centroid": [0.7818057671513137, 1.125669159941818, -0.21635507401224086], "normalizedAxes": [0.7596336603164673, -0.6503512263298035, -1.4440698111291083e-16, 0, -2.220446049250313e-16, 1, -0.6503512263298035, -0.7596336603164673, -1.686725559927254e-16]}, "segments": [25113, 26379, 39588, 23187, 23832, 22705, 21286, 2283, 2316, 21050, 19900], "label": "wall"}, {"objectId": 11, "id": 11, "partId": 11, "index": 8, "dominantNormal": [-0.6073213219642639, -0.7944563031196594, -1.764047359564057e-16], "obb": {"axesLengths": [1.2406647784340255, 2.201889942544178, 0.823310466512003], "centroid": [1.0290958823218037, 0.65832098728969, -0.3709450215952472], "normalizedAxes": [0.7944563031196594, -0.6073213219642639, -1.3485242299810272e-16, 0, -2.220446049250313e-16, 1, -0.6073213219642639, -0.7944563031196594, -1.764047359564057e-16]}, "segments": [35898, 25381, 33465, 25577, 25444, 37562, 24606, 5655, 34879, 34906, 3638, 3462, 38899, 30071, 19504, 35149, 14955, 36733, 36722, 37879, 2648, 2893, 5595, 34794, 2391, 2649, 2660, 2681, 2846, 2869, 2896, 2989, 3032, 3396, 3453, 3460, 3512, 4150, 4602, 4622, 4690, 4729, 4748, 4761, 4872, 5086, 5478, 5583, 5616, 5663, 5699, 5711, 5767, 5842, 5843, 7667, 7747, 7822, 7839, 7858, 7947, 8032, 8045, 8136, 8149, 8204, 8269, 8341, 8372, 8595, 8597, 8610, 8622, 8655, 8664, 11048, 11069, 11109, 11197, 11271, 11287, 11319, 11360, 12282, 12415, 13640, 13676, 14397, 14406, 14409, 14435, 14626, 14631, 14663, 14668, 14749, 14761, 14820, 14846, 14951, 14982, 15027, 15087, 18294, 18458, 18475, 18487, 18619, 18621, 18786, 18788, 18925, 18992, 19417, 19479, 19942, 19990, 20224, 21680, 22654, 22662, 22750, 22760, 22805, 22823, 22869, 22938, 22968, 23561, 23727, 24486, 24660, 25297, 25386, 25443, 25456, 25480, 25566, 25585, 25832, 25879, 26773, 26850, 26851, 26914, 26939, 28518, 28655, 28681, 28711, 29089, 29128, 29750, 30340, 31092, 31094, 31116, 31355, 31411, 31437, 31469, 31486, 31503, 31571, 31614, 31697, 31706, 31739, 31768, 31788, 31816, 31846, 32161, 32209, 32686, 32713, 32716, 32719, 32737, 32745, 32749, 32795, 32822, 32842, 33045, 33049, 33060, 33062, 33067, 33128, 33130, 33133, 33138, 33143, 33150, 33156, 33163, 33181, 33657, 33659, 33741, 34256, 34770, 34777, 34849, 34851, 35125, 35135, 35140, 35157, 35161, 35162, 35176, 35179, 35200, 35371, 35757, 35832, 35951, 36080, 36085, 36358, 36401, 36403, 36409, 36445, 36765, 36797, 37447, 37451, 37453, 37506, 37758, 37825, 37842, 38423, 38454, 38843, 39502, 39517, 39903, 39906, 39910, 39917, 40291, 40301, 40345, 40357, 40368, 40402, 40409, 40412, 40429, 40457, 40679, 40756, 40832, 40854, 40864, 40926, 40929, 40932, 40942, 40974, 40981, 40769, 40667, 25325, 3582, 3616, 5180, 5212, 11420, 11429, 14577, 21644, 21745, 21762, 21771, 21779, 22684, 22980, 23821, 23824, 23836, 30130, 31647, 32186, 32188, 38959, 39519, 39858, 39915, 33188, 33816, 4315, 6294, 33883, 4378, 23787, 35892, 19938, 4301, 4417, 5358, 5400, 6323, 8738, 11497, 21799, 21806, 21835, 32662, 32706, 33183, 33207, 33846, 33854, 25569], "label": "shelf"}, {"objectId": 12, "id": 12, "partId": 12, "index": 9, "dominantNormal": [0, -2.220446049250313e-16, 1], "obb": {"axesLengths": [4.078029662221846, 0.21178894761676476, 3.3049556715473383], "centroid": [-0.6262978571476263, -0.21650792396512777, 0.9626454263016848], "normalizedAxes": [0.707421600818634, 0.7067918181419373, 1.5693931002357103e-16, 0, -2.220446049250313e-16, 1, 0.7067918181419373, -0.707421600818634, -1.570791498692068e-16]}, "segments": [29777, 40562, 17633, 29652, 2086, 4, 2815, 15289, 14077, 13541, 13324, 26631, 29829, 21910, 25605, 29309], "label": "ceiling"}, {"objectId": 13, "id": 13, "partId": 13, "index": 10, "dominantNormal": [0.7965993285179138, -0.6045076847076416, -1.3422767002505367e-16], "obb": {"axesLengths": [1.1711887253338722, 0.8769409572271785, 0.1744796305183052], "centroid": [-0.2680162571396129, 1.2837280863434286, 0.48847042516118755], "normalizedAxes": [0.6045076847076416, 0.7965993285179138, 1.768805831843054e-16, 0, -2.220446049250313e-16, 1, 0.7965993285179138, -0.6045076847076416, -1.3422767002505367e-16]}, "segments": [20530, 26250, 10014, 10035, 10043, 10049, 10084, 10092, 10113, 10128, 10130, 10186, 10665, 10678, 10700, 10727, 10728, 10733, 10745, 10822, 10846, 10856, 10887, 11957, 11986, 34167, 34175, 34300, 34474, 34476, 24907, 39941, 35926, 4218, 10716, 10900, 17435, 34287, 34412, 11893], "label": "kitchen cabinet"}, {"objectId": 14, "id": 14, "partId": 14, "index": 11, "dominantNormal": [0.6680222153663635, -0.7441413402557373, -1.6523256990546849e-16], "obb": {"axesLengths": [1.252710160545672, 0.9340699702336642, 0.5645531443521988], "centroid": [-0.19675928740425008, 1.1624057479162897, -0.9970349977400529], "normalizedAxes": [0.7441413402557373, 0.6680222153663635, 1.4833072889216837e-16, 0, -2.220446049250313e-16, 1, 0.6680222153663635, -0.7441413402557373, -1.6523256990546849e-16]}, "segments": [24841, 20920, 28196, 25646, 30674, 27566, 1589, 1769, 1927, 3325, 3541, 3681, 4023, 5158, 6094, 6109, 6121, 6400, 6407, 6962, 7412, 8879, 22504, 22560, 22561, 22577, 22578, 22585, 26388, 30621, 32300, 32302, 36372, 36377, 36379, 36384, 30472], "label": "kitchen cabinet"}, {"objectId": 15, "id": 15, "partId": 15, "index": 12, "dominantNormal": [0, -2.220446049250313e-16, 1], "obb": {"axesLengths": [1.1696399702582698, 0.13999998256564186, 0.5946853652757618], "centroid": [-0.2378168308724084, 1.2005990646628892, -0.5200000223834811], "normalizedAxes": [0.5555257201194763, 0.8314993381500244, 1.8462994203494718e-16, 0, -2.220446049250313e-16, 1, 0.8314993381500244, -0.5555257201194763, -1.2335148904962264e-16]}, "segments": [803, 31207, 31, 820, 10297, 10407, 10419, 10517, 10524, 10567, 10568, 12991, 12992, 32374, 32406, 32420, 32429], "label": "kitchen counter"}, {"objectId": 16, "id": 16, "partId": 16, "index": 13, "dominantNormal": [0.7523757219314575, -0.6587342023849487, -1.4626837571917156e-16], "obb": {"axesLengths": [1.1856315397067383, 0.6599999593198305, 0.3758342302801203], "centroid": [-0.5812262267535787, 1.530070870859578, -0.2600000340063868], "normalizedAxes": [0.6587342023849487, 0.7523757219314575, 1.670609699314557e-16, 0, -2.220446049250313e-16, 1, 0.7523757219314575, -0.6587342023849487, -1.4626837571917156e-16]}, "segments": [8757, 8522, 33545, 36133, 33631, 33639, 16284, 8822, 13012], "label": "wall"}, {"objectId": 17, "id": 17, "partId": 17, "index": 14, "dominantNormal": [0.7806956171989441, 0.6249114274978638, 1.387582110319005e-16], "obb": {"axesLengths": [0.2690868743058473, 0.2722130058956218, 0.10607029164956794], "centroid": [-1.4295849959530469, 1.0020306043175236, -0.41389354975953285], "normalizedAxes": [-0.6249114274978638, 0.7806956171989441, 1.7334924988764302e-16, 0, -2.220446049250313e-16, 1, 0.7806956171989441, 0.6249114274978638, 1.387582110319005e-16]}, "segments": [15815, 18598, 15693, 18608], "label": "coffee machine"}, {"objectId": 18, "id": 18, "partId": 18, "index": 15, "dominantNormal": [-0.7040026187896729, -0.7101973295211792, -1.576954854523425e-16], "obb": {"axesLengths": [0.5812404502028103, 0.2863629992374106, 0.13990718471803448], "centroid": [-1.2009470054239522, 1.1642570358744675, -0.4107095442126052], "normalizedAxes": [0.7101973295211792, -0.7040026783943176, -1.5631999659023013e-16, 0, -2.220446049250313e-16, 1, -0.7040026783943176, -0.7101973295211792, -1.576954854523425e-16]}, "segments": [21291, 21089, 16016, 21239, 21218, 21205, 36239, 9527, 15818, 16018, 16039, 16405, 21160, 21287, 21344, 33903, 35264, 36131, 36253, 36254, 36258], "label": "kettle"}, {"objectId": 19, "id": 19, "partId": 19, "index": 16, "dominantNormal": [0, -2.220446049250313e-16, 1], "obb": {"axesLengths": [0.6009839644539918, 0.4249519759799843, 0.5731803825766806], "centroid": [-0.1913911478988043, 1.6276975913033565, -0.3575240451968307], "normalizedAxes": [0.6026232242584229, 0.7980258464813232, 1.771973338019091e-16, 0, -2.220446049250313e-16, 1, 0.7980258464813232, -0.6026232242584229, -1.3380923574911005e-16]}, "segments": [26553, 7348, 20697, 7214, 33394, 33571, 641, 618, 37697, 655, 7322, 33385, 506, 541, 620, 646, 674, 695, 736, 999, 7283, 7289, 7314, 7318, 7320, 7343, 25164, 32572, 32573, 32578, 32603, 32606, 37426, 37441, 37443, 440, 33508, 198, 222, 233, 236, 241, 290, 344, 360, 550, 7398, 7405, 7723, 7740, 8621, 8623, 8628, 8716, 32480, 32491, 32496, 32512, 32525, 32529, 32531, 32537, 32539, 32544, 32550, 33475, 33482, 33484, 33486, 33487, 32505, 7785, 7848, 416, 8694], "label": "microwave"}, {"objectId": 20, "id": 20, "partId": 20, "index": 17, "dominantNormal": [0, -2.220446049250313e-16, 1], "obb": {"axesLengths": [0.5004792934110086, 0.2762369749791105, 0.395842001213184], "centroid": [-0.3484315308048171, 1.1660571569764084, -0.43188154569726755], "normalizedAxes": [-0.42262715101242065, 0.9063036441802979, 2.0123983461413039e-16, 0, -2.220446049250313e-16, 1, 0.9063036441802979, 0.42262715101242065, 9.384207877714449e-17]}, "segments": [12680, 32446, 15777, 5202, 7443, 32307, 15612, 32317, 32304, 10536, 14002, 7498, 15609], "label": "multicooker"}, {"objectId": 21, "id": 21, "partId": 21, "index": 18, "dominantNormal": [0, -2.220446049250313e-16, 1], "obb": {"axesLengths": [0.35977566578371983, 0.22087800009076286, 0.23509205988781037], "centroid": [-0.45748964565240335, 0.933621963309897, -0.4491850568108626], "normalizedAxes": [-0.48632559180259705, 0.8737776875495911, 1.940176214242564e-16, 0, -2.220446049250313e-16, 1, 0.8737776875495911, 0.48632559180259705, 1.079859738967397e-16]}, "segments": [19812, 19888, 20975, 24124, 32563], "label": "kitchen appliance"}, {"objectId": 22, "id": 22, "partId": 22, "index": 19, "dominantNormal": [0, -2.220446049250313e-16, 1], "obb": {"axesLengths": [0.4321372313837135, 0.2842199738870567, 0.4461334697081398], "centroid": [0.5996565858063327, 0.5985175113305097, -1.3238400455768398], "normalizedAxes": [0.761398196220398, -0.6482844948768616, -1.439480745439562e-16, 0, -2.220446049250313e-16, 1, -0.6482844948768616, -0.761398196220398, -1.6906436167038973e-16]}, "segments": [6677, 5058, 2956, 5137, 5157, 6529, 6531, 6551, 6615, 6648, 33222, 33225, 33372, 34964, 6553, 33382, 5016, 2867, 33270, 2990, 2877, 2934, 2959, 2971, 5005, 5007, 5566, 5570, 5637, 5679, 5686, 5730, 6593, 23017, 32750, 32847, 32852, 32855, 32899, 32966, 32969, 33039, 33218, 33258, 33309, 34927, 34932, 34934, 36467, 5771], "label": "box"}, {"objectId": 23, "id": 23, "partId": 23, "index": 20, "dominantNormal": [0, -2.220446049250313e-16, 1], "obb": {"axesLengths": [0.4484755144534226, 0.23427998495966218, 0.26998734973271116], "centroid": [0.9453292055125591, 0.20257631700841972, -1.344710075036658], "normalizedAxes": [0.7649495005607605, -0.6440902352333069, -1.430167618184501e-16, 0, -2.220446049250313e-16, 1, -0.6440902352333069, -0.7649495005607605, -1.6985290963961408e-16]}, "segments": [1701, 1655, 3074, 26841, 32732, 25806, 26863, 1581, 1603, 1617, 1634, 1680, 1752, 1759, 2740, 2985, 25775, 25817, 26741, 26744, 32618, 32619, 32621, 32751, 32777, 37804], "label": "box"}, {"objectId": 24, "id": 24, "partId": 24, "index": 21, "dominantNormal": [0.9978718757629395, 0.06520555168390274, 1.4478540962570894e-17], "obb": {"axesLengths": [0.4054475678787052, 0.4491900105210389, 0.14792245756132577], "centroid": [1.2042787149787493, 0.08755469457484066, -1.214595045748911], "normalizedAxes": [-0.06520555168390274, 0.9978718757629395, 2.2157206641958182e-16, 0, -2.220446049250313e-16, 1, 0.9978718757629395, 0.06520555168390274, 1.4478540962570894e-17]}, "segments": [16934, 25761], "label": "box"}, {"objectId": 25, "id": 25, "partId": 25, "index": 22, "dominantNormal": [0, -2.220446049250313e-16, 1], "obb": {"axesLengths": [1.7964165897000257, 0.27999996513128345, 0.2869735347126875], "centroid": [-1.531134954003327, -1.9601089926809816, -0.5100000321437419], "normalizedAxes": [0.7700367569923401, -0.6379994750022888, -1.416643413692606e-16, 0, -2.220446049250313e-16, 1, -0.6379994750022888, -0.7700367569923401, -1.709825074841165e-16]}, "segments": [19556, 25935, 23544, 39105, 18865, 39150, 39034, 36321, 21997], "label": "windowsill"}, {"objectId": 26, "id": 26, "partId": 26, "index": 23, "dominantNormal": [0, -2.220446049250313e-16, 1], "obb": {"axesLengths": [0.574544495012339, 0.15473997247055227, 0.3242580565242321], "centroid": [-1.7862156150914452, -1.6228877760178926, -1.421359977574498], "normalizedAxes": [0.9007167816162109, -0.4344068467617035, -9.645769666593107e-17, 0, -2.220446049250313e-16, 1, -0.4344068467617035, -0.9007167816162109, -1.9999930192331726e-16]}, "segments": [34988, 14028, 24619, 13900, 13904, 13911, 13941, 13944, 14009, 24573, 24580, 24643, 34982, 36933, 13152, 35030, 24688, 24549], "label": "basket"}, {"objectId": 27, "id": 27, "partId": 27, "index": 24, "dominantNormal": [0, -2.220446049250313e-16, 1], "obb": {"axesLengths": [1.4532821995279586, 0.23583995768785587, 0.3936615652540945], "centroid": [-1.1346447942180933, -2.1340960312546757, -1.4035000422132007], "normalizedAxes": [0.7806008458137512, -0.6250298619270325, -1.387845087579348e-16, 0, -2.220446049250313e-16, 1, -0.6250298619270325, -0.7806008458137512, -1.7332820641285967e-16]}, "segments": [1089, 4678, 4604, 4662, 1156, 1486, 1477, 1068, 5431, 33021, 5437, 13170, 13878, 35003], "label": "clutter"}, {"objectId": 28, "id": 28, "partId": 28, "index": 25, "dominantNormal": [-0.36082494258880615, -0.9326335787773132, -2.0708625453942658e-16], "obb": {"axesLengths": [0.3071746061111697, 0.37999998673796664, 0.16153831417184925], "centroid": [-1.00169434162006, -2.534462037460145, -0.38000003981783936], "normalizedAxes": [0.9326335787773132, -0.36082491278648376, -8.011922520678367e-17, 0, -2.220446049250313e-16, 1, -0.36082491278648376, -0.9326335787773132, -2.0708625453942658e-16]}, "segments": [27800, 28617], "label": "cutting board"}, {"objectId": 29, "id": 29, "partId": 29, "index": 26, "dominantNormal": [0.9059949517250061, -0.4232885539531708, -9.39889397318196e-17], "obb": {"axesLengths": [0.2824296598764436, 0.387206962990605, 0.2579480869433931], "centroid": [-2.173951571384769, -1.5536625528528116, -0.39238353034190454], "normalizedAxes": [0.4232885241508484, 0.9059949517250061, 2.011712911198518e-16, 0, -2.220446049250313e-16, 1, 0.9059949517250061, -0.4232885241508484, -9.39889331143747e-17]}, "segments": [17395, 17161], "label": "pack"}, {"objectId": 30, "id": 30, "partId": 30, "index": 27, "dominantNormal": [0, -2.220446049250313e-16, 1], "obb": {"axesLengths": [0.44336324013962464, 0.20092299131476157, 0.4227898535867968], "centroid": [-1.8792800943020114, -1.759042283812576, -0.4695385375294421], "normalizedAxes": [0.47534415125846863, 0.8797999620437622, 1.9535483498506472e-16, 0, -2.220446049250313e-16, 1, 0.8797999620437622, -0.47534415125846863, -1.0554760426961099e-16]}, "segments": [16547, 17244], "label": "cutting board"}, {"objectId": 31, "id": 31, "partId": 31, "index": 28, "dominantNormal": [0, -2.220446049250313e-16, 1], "obb": {"axesLengths": [0.30488158582620706, 0.15115698834157767, 0.258505112906501], "centroid": [-1.6775038312451416, -1.8991887987958285, -0.49442153901603403], "normalizedAxes": [0.04399358481168747, 0.9990318417549133, 2.2182963060999613e-16, 0, -2.220446049250313e-16, 1, 0.9990318417549133, -0.04399358481168747, -9.768538158747002e-18]}, "segments": [23499, 23441, 36788], "label": "item"}, {"objectId": 1, "id": 1, "partId": 1, "index": 29, "dominantNormal": [0, -2.220446049250313e-16, 1], "obb": {"axesLengths": [3.929340067967968, 0.2514200154374537, 2.752424537646323], "centroid": [-0.37813485873212827, -0.5107971437621415, -1.3957100133384013], "normalizedAxes": [0.7035987377166748, 0.7105975151062012, 1.577843445024654e-16, 0, -2.220446049250313e-16, 1, 0.7105975151062012, -0.7035987377166748, -1.5623030374204978e-16]}, "segments": [6862, 2844, 2148, 23517, 19920, 23685, 7925, 8513, 1331, 1518, 2027, 2696, 3012, 3201, 3770, 4820, 6199, 6402, 6982, 7011, 13202, 13425, 17771, 17921, 20066, 20790, 20916, 21544, 22351, 23271, 23308, 27221, 32615, 35969, 37927, 2192, 5357], "label": "floor"}, {"objectId": 2, "id": 2, "partId": 2, "index": 30, "dominantNormal": [0.6981749534606934, -0.7159271836280823, -1.5896776864378787e-16], "obb": {"axesLengths": [2.654243117656918, 0.9264000447154027, 0.5568128638196219], "centroid": [-1.7495156272802441, 0.03481701949719351, -0.9932000349809222], "normalizedAxes": [0.7159271836280823, 0.6981749534606934, 1.5502598170973178e-16, 0, -2.220446049250313e-16, 1, 0.6981749534606934, -0.7159271836280823, -1.5896776864378787e-16]}, "segments": [24753, 8125, 8274, 19055, 8275, 7972, 7989, 8054, 8063, 8099, 9400, 10447, 13357, 26108, 33471, 33912, 9264, 9540, 9563, 9686, 9627, 9956, 9224, 9277, 9305, 9327, 9426, 9447, 9479, 9541, 9582, 9614, 9635, 9656, 9672, 9768, 9824, 9841, 9895, 9905, 9906, 33956, 33963, 33978, 33991, 34005, 34056, 34062, 9715], "label": "kitchen cabinet"}], "scan_id": "422885c7-192d-25fc-85f5-67ba0d80ade5", "annId": "6449", "appId": "stk.v1"}