{"segGroups": [{"objectId": 50, "id": 50, "partId": 50, "index": 0, "dominantNormal": [-0.6436789631843567, -0.7652956247329712, -1.699297646446876e-16], "obb": {"axesLengths": [0.7438097134746535, 2.6226100335431823, 0.4021094536549813], "centroid": [1.7994363010329495, 3.12609599556351, -0.1855750222690029], "normalizedAxes": [0.7652956247329712, -0.6436789631843567, -1.4292544107882425e-16, 0, -2.220446049250313e-16, 1, -0.6436789631843567, -0.7652956247329712, -1.699297646446876e-16]}, "segments": [67133, 10700, 10628, 4274, 4251, 4254, 4286, 4374, 10551, 10584, 10595, 10597, 31894, 47986, 50405, 51455, 53278, 53321, 53323, 54417, 8872, 4312, 8633, 10348, 10356, 10377, 13433, 32316, 32317, 50462, 50489, 54322, 55115, 64480, 64514, 64516, 64521, 64523, 70019, 70078, 70170, 70175, 48067, 10355, 23381, 48041, 61318, 70029, 70815, 50424, 35887, 35958, 37059, 39989, 45929, 45958, 46048, 46135, 47636, 47672, 47693, 47709, 48061, 48098, 49366, 49563, 50429, 61359, 61631, 61799, 61801, 61805, 64474, 67115, 67257, 69005, 69007, 70051, 70104, 70738, 70781, 70849, 42811, 11355, 42697, 61810, 69001, 44116, 38589, 64495, 36580, 8349, 34912, 34982, 35002, 35014, 66676, 35230, 35383, 35741, 42883, 44044, 47364, 55107, 62787, 66694, 61866, 51515, 37238], "label": "curtain"}, {"objectId": 51, "id": 51, "partId": 51, "index": 1, "dominantNormal": [0, -2.220446049250313e-16, 1], "obb": {"axesLengths": [3.8571160867972094, 0.6599999518692495, 1.3858113201044167], "centroid": [2.243316937326008, 2.9463493918126584, 1.4799999083636703], "normalizedAxes": [-0.6842030882835388, 0.7292914986610413, 1.619352426953749e-16, 0, -2.220446049250313e-16, 1, 0.7292914986610413, 0.6842030882835388, 1.519236044264047e-16]}, "segments": [2956, 11490, 54660, 2469, 3007, 92, 58, 174, 345, 536, 682, 2073, 1663, 122, 63, 227, 262, 291, 491, 2089, 2094, 2400, 2478, 2619, 2653, 2999, 3023, 52753, 52835, 2925, 496, 2531, 3173, 11542, 52754, 52857, 54690, 11308, 3615, 3636, 3640, 3644, 3645, 3667, 3682, 3713, 11052, 11667, 53076, 2649, 3813, 3867, 3890, 3895, 53187, 53238, 53239, 4194, 3286, 3369, 3970, 53220, 3337, 3375, 53092, 53065, 2509, 3942, 2406, 127, 128, 54696, 11561, 4946, 4921, 4927, 4908, 4922, 4097, 4079, 4497, 4523, 4537, 4567, 4582, 4638, 4759, 5010, 11500, 53392, 53397, 53532, 53541, 53543, 53547, 53459, 4833], "label": "ceiling"}, {"objectId": 54, "id": 54, "partId": 54, "index": 2, "dominantNormal": [0.7518572211265564, -0.6593259572982788, -1.4639977170511438e-16], "obb": {"axesLengths": [0.5949791835500121, 2.7399999482929704, 0.21351462628271192], "centroid": [3.386978552871764, 1.4393751673249817, -0.1400000005902351], "normalizedAxes": [0.6593259572982788, 0.7518572211265564, 1.6694583962507812e-16, 0, -2.220446049250313e-16, 1, 0.7518572211265564, -0.6593259572982788, -1.4639977170511438e-16]}, "segments": [776, 852, 59967, 60016, 31061, 27985, 30630, 31228, 338, 370, 371, 622, 747, 965, 1441, 1450, 27959, 30539, 30543, 30565, 30724, 30802, 31032, 31187, 31264, 52700, 52726, 58532, 58534, 58535, 58575, 58584, 58585, 58590, 58598, 58602, 58604, 58961, 59313, 60137, 60946, 60949, 60951], "label": "wall"}, {"objectId": 1, "id": 1, "partId": 1, "index": 3, "dominantNormal": [0, -2.220446049250313e-16, 1], "obb": {"axesLengths": [6.409485236268367, 0.5497399445681294, 3.4819979279065882], "centroid": [0.47890034774745505, 0.3130180862725336, -1.3848699798033388], "normalizedAxes": [0.8119037747383118, 0.5837913155555725, 1.2962771202120138e-16, 0, -2.220446049250313e-16, 1, 0.5837913155555725, -0.8119037747383118, -1.8027885289891005e-16]}, "segments": [26581, 23331, 21902, 35578, 34201, 51011, 51031, 51683, 40939, 37822, 32071, 5755, 19564, 19636, 19686, 20480, 21473, 21598, 22369, 22378, 22474, 22487, 22501, 22549, 22643, 22660, 22664, 22729, 22731, 22735, 22746, 22943, 22947, 25041, 25872, 25875, 25906, 25927, 26330, 29969, 32101, 35876, 36319, 36346, 36382, 36383, 36401, 36436, 36471, 36479, 36643, 37391, 39407, 39419, 39438, 39464, 39480, 39489, 39497, 39499, 39502, 39505, 39534, 39587, 39693, 40258, 40268, 40275, 40282, 40302, 40328, 40340, 40347, 40352, 40374, 40388, 40414, 40500, 40512, 40523, 40531, 40533, 40550, 40573, 40663, 45051, 45084, 45103, 45109, 45164, 45165, 45182, 45188, 45363, 45871, 48126, 48133, 48301, 49864, 49917, 52127, 52131, 52220, 56362, 56365, 56411, 56499, 56501, 58284, 58290, 58309, 58311, 61707, 61735, 61738, 61880, 61943, 62740, 62762, 62764, 62765, 62956, 62959, 63040, 63044, 63050, 63070, 63138, 63141, 64927, 64940, 67270, 67373, 67378, 69031, 69401, 24962, 24179, 30684, 28895, 14941, 59906, 4229, 4244, 4279, 4341, 4672, 4675, 4684, 6417, 6426, 6442, 6470, 6498, 6515, 6676, 6798, 6834, 6875, 6958, 6992, 7016, 7021, 7066, 7085, 7138, 7150, 7163, 7268, 7278, 7284, 7296, 7368, 7382, 7392, 7442, 7465, 7571, 7577, 7628, 7718, 7874, 7909, 7911, 7938, 7946, 7963, 7970, 7983, 7998, 8024, 8034, 8083, 8099, 8252, 8288, 8300, 8371, 8430, 8457, 8472, 8487, 8498, 8507, 8556, 8619, 8827, 8849, 8870, 8902, 8918, 9068, 9128, 9276, 9319, 9354, 9388, 9389, 10071, 10107, 11063, 11082, 11165, 11201, 11291, 11354, 19737, 19746, 23835, 23844, 23845, 23938, 24248, 24879, 24899, 24905, 24915, 24929, 24938, 24978, 24998, 25007, 25032, 25040, 25100, 25110, 27709, 27717, 27753, 27813, 27850, 27861, 28858, 28864, 28985, 30716, 39470, 52732, 52736, 53176, 53202, 53213, 53265, 53269, 53309, 53329, 53405, 53409, 53410, 53412, 53467, 53470, 53522, 53580, 53668, 53679, 53719, 53816, 53944, 54001, 54010, 57940, 57943, 57946, 57997, 58001, 58008, 58010, 58013, 58015, 58017, 58312, 59190, 59192, 59211, 62166, 65934, 45708, 40616, 40597, 38960, 62975, 61952, 37795, 62777, 63929, 62770, 35777, 40331, 69679, 35765], "label": "floor"}, {"objectId": 2, "id": 2, "partId": 2, "index": 4, "dominantNormal": [0, -2.220446049250313e-16, 1], "obb": {"axesLengths": [2.4384096739830396, 0.7233059840655477, 1.0315593895880504], "centroid": [0.6048375376965758, 2.0273954796527436, -1.129646979497962], "normalizedAxes": [0.7407317757606506, 0.6718009114265442, 1.4916976796598296e-16, 0, -2.220446049250313e-16, 1, 0.6718009114265442, -0.7407317757606506, -1.6447549450419055e-16]}, "segments": [59158, 20799, 13834, 28774, 32289, 31933, 36003, 47532, 31055, 47564, 33194, 20113, 22815, 23134, 31024, 31041, 47414, 47417, 57077, 57085, 57091, 57094, 57419, 57464, 59184, 66876, 16688, 23283], "label": "sofa"}, {"objectId": 3, "id": 3, "partId": 3, "index": 5, "dominantNormal": [0, -2.220446049250313e-16, 1], "obb": {"axesLengths": [1.0742222078346073, 0.8844099443165221, 0.8890545936429669], "centroid": [2.374826952384042, 1.9168760922279775, -1.0677950025784597], "normalizedAxes": [0.561389684677124, 0.8275516033172607, 1.837533688136574e-16, 0, -2.220446049250313e-16, 1, 0.8275516033172607, -0.561389684677124, -1.246535507431199e-16]}, "segments": [48217, 67646, 46593, 67503, 67803, 48788, 46456, 67719, 67735, 67759, 67651, 48517, 40797, 64242, 39697, 40853, 40882, 41833, 41845, 41859, 41868, 42674, 43170, 43181, 43653, 43657, 44526, 44545, 44565, 44577, 44581, 44589, 44591, 44608, 44629, 44653, 44656, 44657, 44694, 44709, 44730, 44738, 44741, 44751, 44758, 44760, 44765, 44767, 44778, 44805, 44813, 44817, 44823, 44855, 44858, 44859, 45305, 45331, 45341, 45396, 45406, 45428, 45459, 45474, 45551, 45558, 46239, 46241, 46272, 46328, 46329, 46486, 46532, 46563, 46576, 46614, 47839, 47851, 47867, 48116, 48327, 48487, 48609, 48612, 48657, 48662, 48664, 48677, 48678, 48682, 48690, 48691, 48698, 48747, 48754, 48776, 48802, 48819, 48820, 48841, 48843, 48847, 48855, 48872, 48915, 48924, 48934, 48956, 48966, 48968, 48979, 49797, 49825, 51156, 63160, 63391, 64798, 64818, 64820, 64832, 64834, 64844, 64858, 64866, 64879, 64881, 64996, 65011, 65018, 65035, 65045, 65085, 65999, 66010, 66100, 67621, 67827, 67832, 67834, 67864, 67901, 67969, 67976, 67980, 68028, 68057, 43147, 40802, 42699, 67906], "label": "armchair"}, {"objectId": 4, "id": 4, "partId": 4, "index": 6, "dominantNormal": [0, -2.220446049250313e-16, 1], "obb": {"axesLengths": [0.9291690893622008, 0.48403095117142136, 0.5341992502589133], "centroid": [1.2958783117804993, 1.2652832902253774, -1.2158344892540314], "normalizedAxes": [0.6199193596839905, 0.7846655249595642, 1.7423074648793873e-16, 0, -2.220446049250313e-16, 1, 0.7846655249595642, -0.6199193596839905, -1.3764974930641005e-16]}, "segments": [35085, 42890, 63882, 35460, 34413, 34133, 32426, 35092, 35125, 35459, 35489, 36663, 39910, 45787, 45820, 45844, 45845, 45878, 46150, 48305, 61526, 61541, 61733, 67305, 67370, 61388, 36892, 67309], "label": "couch table"}, {"objectId": 5, "id": 5, "partId": 5, "index": 7, "dominantNormal": [0.7589587569236755, -0.6511387228965759, -1.4458184047695964e-16], "obb": {"axesLengths": [5.119812227287948, 2.9232599081860475, 0.5839087422179262], "centroid": [-0.16325669105672824, 1.9878148968024991, 0.008370023635550172], "normalizedAxes": [0.6511387228965759, 0.7589587569236755, 1.685226973355104e-16, 0, -2.220446049250313e-16, 1, 0.7589587569236755, -0.6511387228965759, -1.4458184047695964e-16]}, "segments": [20996, 51970, 68612, 10838, 12041, 14833, 14893, 15440, 16677, 16680, 17292, 17624, 17674, 17685, 17707, 17724, 17948, 18100, 18523, 18538, 18561, 18599, 20459, 20467, 20785, 20945, 21121, 21521, 21522, 21534, 21551, 21555, 21583, 21587, 21644, 22002, 22048, 22052, 22057, 22075, 22076, 22096, 22100, 22109, 22110, 22154, 24008, 24015, 24054, 24470, 27053, 27076, 27167, 29188, 30090, 30776, 31111, 32850, 33030, 33269, 33703, 39327, 39376, 39389, 39945, 41106, 41178, 42507, 43305, 43511, 43527, 43542, 44198, 44200, 44209, 44796, 45063, 45121, 46013, 46068, 47068, 47118, 49985, 50002, 52030, 55478, 55481, 56142, 56185, 56188, 56727, 56730, 56744, 56757, 56767, 56774, 56777, 56779, 56784, 59943, 60869, 62690, 62705, 63179, 64166, 64179, 65804, 66518, 68462, 68502, 68796, 68967, 68973, 70390, 70984, 17444, 22453, 55970, 14887, 14931, 15058, 16604, 16628, 18565, 18572, 20525, 21597, 24682, 25169, 25200, 29534, 31365, 38929, 55559, 55997, 56004, 56247, 57919, 62456, 64192, 68127, 68168, 8098, 1647, 5737, 37527, 1225, 4474, 5254, 12460, 15764, 20576, 27066, 27292, 29648, 31471, 44208, 44976, 46810, 46840, 47197, 52118, 52252, 52320, 52324, 54302, 55714, 61136, 40974, 50091, 5330, 17342, 63210, 41190, 41099], "label": "wall"}, {"objectId": 6, "id": 6, "partId": 6, "index": 8, "dominantNormal": [0.7718555927276611, -0.6357978582382202, -1.4117548424468667e-16], "obb": {"axesLengths": [1.369053261464996, 1.181522968824439, 0.3911697968662752], "centroid": [-1.2149267257557883, 0.6980254901323675, -0.8706884816822004], "normalizedAxes": [0.6357978582382202, 0.7718555927276611, 1.7138637014638938e-16, 0, -2.220446049250313e-16, 1, 0.7718555927276611, -0.6357978582382202, -1.4117548424468667e-16]}, "segments": [20251, 20199, 58986, 28103, 65867, 46191, 28336, 28271, 28212, 30248, 30299, 62434, 11940, 54799, 24092, 59654, 31684, 19878, 59241, 28554, 59149, 58689, 58703, 29017, 59250, 26070, 24406, 59715, 17203, 59282, 57823, 27401, 30864, 11896, 11926, 11947, 11950, 11955, 11986, 11997, 12005, 12030, 12047, 12074, 14381, 14426, 14448, 14536, 14537, 14539, 14571, 14615, 14617, 14643, 14650, 14698, 14702, 14710, 14722, 17063, 17207, 17223, 19868, 19877, 19927, 19932, 19941, 20130, 20231, 20280, 20327, 23953, 23966, 23970, 24152, 24274, 24275, 24276, 24279, 24305, 24329, 24343, 24364, 24462, 24509, 25360, 25401, 25420, 25509, 25516, 25517, 25525, 25531, 25583, 26033, 27428, 27432, 28180, 28194, 28232, 28321, 28352, 28391, 28399, 28406, 28420, 28427, 28478, 28492, 28505, 28508, 28596, 28597, 28607, 28622, 28623, 28707, 28717, 28734, 29046, 29438, 29464, 29519, 29547, 29639, 29671, 29681, 29693, 29732, 29747, 29782, 29804, 30042, 30052, 30076, 30079, 30080, 30180, 30195, 30251, 30273, 30280, 30283, 30294, 30356, 30375, 30384, 30445, 30449, 30767, 30847, 30850, 30909, 30942, 31296, 31413, 39653, 42651, 42659, 42665, 46187, 55333, 55336, 55340, 55348, 56555, 57763, 57775, 57795, 57798, 57891, 58099, 58114, 58231, 58261, 58268, 59040, 59051, 59064, 59066, 59068, 59081, 59112, 59123, 59220, 59222, 59228, 59247, 59379, 59386, 59387, 59397, 59399, 59472, 59503, 59522, 59525, 59536, 59671, 60028, 60114, 60120, 60242, 62789, 62793, 65832, 26139, 14445, 17245, 21423, 21426, 24334, 24476, 24477, 24565, 24737, 24747, 25306, 25394, 25460, 25490, 25963, 26149, 26171, 26180, 26192, 26197, 26237, 26255, 26337, 26366, 26373, 26376, 26379, 26391, 26408, 26418, 26421, 27482, 27535, 27544, 27549, 27567, 27597, 27605, 27609, 27630, 28463, 29111, 29148, 29787, 38867, 58138, 58333, 58388, 58395, 58413, 58414, 58458, 58470, 58518, 58521, 58523, 58737, 58761, 58764, 58776, 58833, 58875, 58878, 58884, 59290, 62729, 56721, 26130, 24732, 58479, 15446, 24428, 24710, 24765, 25322, 25415, 26487, 56541, 56548, 58156, 58437, 58529, 58806, 58887], "label": "shelf"}, {"objectId": 7, "id": 7, "partId": 7, "index": 9, "dominantNormal": [-0.6844173669815063, -0.7290904521942139, -1.6189060141207664e-16], "obb": {"axesLengths": [0.6713936171307834, 2.6418599491895733, 0.14114136033159813], "centroid": [-1.5753763929323144, 0.016242986503738566, -0.15093006168626144], "normalizedAxes": [0.7290904521942139, -0.6844173669815063, -1.5197118385523874e-16, 0, -2.220446049250313e-16, 1, -0.6844173669815063, -0.7290904521942139, -1.6189060141207664e-16]}, "segments": [3029, 48234, 6086, 2818, 2830, 6242, 19789, 20968, 42843, 52592], "label": "wall"}, {"objectId": 8, "id": 8, "partId": 8, "index": 10, "dominantNormal": [0.7538782954216003, 0.6570141315460205, 1.4588644326929867e-16], "obb": {"axesLengths": [0.46641468703877814, 0.8399999549984938, 0.2897387932553455], "centroid": [-1.5405326106840431, 0.1399813044283711, -0.9699999951513112], "normalizedAxes": [-0.6570141315460205, 0.7538782954216003, 1.6739460826844529e-16, 0, -2.220446049250313e-16, 1, 0.7538782954216003, 0.6570141315460205, 1.4588644326929867e-16]}, "segments": [29797, 4625, 60333, 60403, 60371, 30913, 4440, 18396, 18432, 21403, 30826, 30956, 31657, 31738, 19820, 31600, 29903, 30838, 30849, 31583, 56521, 60223, 60251], "label": "shelf"}, {"objectId": 9, "id": 9, "partId": 9, "index": 11, "dominantNormal": [0.7610110640525818, -0.6487389206886292, -1.4404897734379788e-16], "obb": {"axesLengths": [2.621010640996081, 2.3409699870429184, 0.20979015675679646], "centroid": [1.4293276767025351, -0.8763320916443482, -0.30048502622369644], "normalizedAxes": [0.6487389206886292, 0.7610110640525818, 1.6897840106113322e-16, 0, -2.220446049250313e-16, 1, 0.7610110640525818, -0.6487389206886292, -1.4404897734379788e-16]}, "segments": [28584, 16531, 11650, 66143, 18684, 18696, 18845, 18860, 18874, 19090, 19199, 23343, 27034, 32710, 32711, 34092, 34302, 36724, 36749, 43005, 43261, 45210, 45656, 46708, 46735, 48324, 50248, 50279, 50284, 50294, 50307, 50309, 50315, 56314, 56348, 58573, 59188, 62033, 64263, 66101, 66468, 66500, 66617, 66662, 69941, 69966, 69975, 70000, 70017], "label": "wall"}, {"objectId": 10, "id": 10, "partId": 10, "index": 12, "dominantNormal": [0.7679572701454163, -0.640501081943512, -1.4221980969420222e-16], "obb": {"axesLengths": [0.9004525641657484, 1.03999999821186, 0.3389014082877523], "centroid": [1.36504485627944, -0.8885610090193943, 0.14999998458310926], "normalizedAxes": [0.640501081943512, 0.7679572701454163, 1.705207686487445e-16, 0, -2.220446049250313e-16, 1, 0.7679572701454163, -0.640501081943512, -1.4221980969420222e-16]}, "segments": [4390, 18806, 2704, 3484, 3488, 3535, 3566, 3805, 9102, 10311, 10319, 18793, 54112, 54377, 54381, 54382, 10493, 9053, 10497, 13015, 10473], "label": "window"}, {"objectId": 11, "id": 11, "partId": 11, "index": 13, "dominantNormal": [0.67744380235672, -0.7355745434761047, -1.6333035889906194e-16], "obb": {"axesLengths": [0.37814105370048967, 1.3799999643862249, 0.23030112420872956], "centroid": [0.9824161891916834, -1.2861739740565064, -0.040000038588195785], "normalizedAxes": [0.7355745434761047, 0.67744380235672, 1.5042274145320888e-16, 0, -2.220446049250313e-16, 1, 0.67744380235672, -0.7355745434761047, -1.6333035889906194e-16]}, "segments": [9126, 47204, 9182, 61983, 9504, 61995, 47234, 9101, 9190, 10266, 47200, 62226, 67026, 19248, 47143], "label": "curtain"}, {"objectId": 12, "id": 12, "partId": 12, "index": 14, "dominantNormal": [0.7576010227203369, -0.6527179479598999, -1.4493249888223312e-16], "obb": {"axesLengths": [0.39164213936328734, 1.3799999643862249, 0.2760243413879895], "centroid": [1.7220268486042045, -0.4910257561901461, -0.01999999850407308], "normalizedAxes": [0.6527179479598999, 0.7576010227203369, 1.6822121978073688e-16, 0, -2.220446049250313e-16, 1, 0.7576010227203369, -0.6527179479598999, -1.4493249888223312e-16]}, "segments": [13569, 13552, 13641, 56401, 18760, 56327, 33919, 66403, 33986, 46886, 56367, 18985, 2715, 2781, 2789, 18894, 18949, 18989, 19025, 19105, 33827, 33914, 33983, 34006, 34048, 34452, 36215, 56387, 59455, 59458, 59463, 59524, 59650, 66457, 66461, 36116, 46871, 19126, 2750], "label": "curtain"}, {"objectId": 13, "id": 13, "partId": 13, "index": 15, "dominantNormal": [-0.6590508222579956, -0.7520983815193176, -1.6699938798921235e-16], "obb": {"axesLengths": [1.0461274904631415, 2.6621599794441453, 0.3852692916950504], "centroid": [3.1440389004600986, 1.791680606208867, -0.15892000453516886], "normalizedAxes": [0.7520983815193176, -0.6590508222579956, -1.4633867945379366e-16, 0, -2.220446049250313e-16, 1, -0.6590508222579956, -0.7520983815193176, -1.6699938798921235e-16]}, "segments": [67566, 67544, 2557, 2209, 11030, 11008, 51170, 12188, 70557, 1159, 1838, 793, 425, 432, 443, 461, 653, 1324, 1779, 1986, 2013, 2017, 2164, 11768, 11811, 12208, 12216, 15889, 15895, 15984, 24807, 25164, 25443, 25724, 35178, 43877, 48333, 48374, 48380, 48606, 48723, 52740, 52750, 52802, 52859, 54592, 55724, 56587, 56592, 56639, 56736, 56749, 57035, 60207, 60299, 60303, 60355, 61093, 67470, 67597, 67854, 67873, 67874, 67877, 67939, 63007, 58907, 57258, 51206, 57351, 50038, 35583, 20862, 20856, 67551, 22271, 23234, 32881, 57277, 60109, 67941, 70488], "label": "curtain"}, {"objectId": 14, "id": 14, "partId": 14, "index": 16, "dominantNormal": [-0.039471372961997986, 0.9992207288742065, 2.2187157197577502e-16], "obb": {"axesLengths": [0.9119115217040458, 2.6075000180117764, 1.0802514423917347], "centroid": [1.6140469092118033, 3.4852789672186515, -0.14625002429239453], "normalizedAxes": [-0.03947136923670769, 0.9992207288742065, 2.2187157197577502e-16, 0, -2.220446049250313e-16, 1, 0.9992207288742065, 0.03947136923670769, 8.764404588014793e-18]}, "segments": [35052, 9318, 33262, 62260, 60447, 8141, 33734, 33707, 9944, 10023, 10060, 9688, 61677, 35295, 61668, 4202, 4211, 8426, 8959, 8971, 9209, 9221, 9303, 9353, 9404, 9563, 9683, 9857, 9897, 9982, 10028, 15644, 32654, 32814, 32937, 32946, 32992, 33025, 33485, 33569, 33649, 33886, 33987, 34003, 34016, 34026, 34051, 34082, 34246, 34252, 34256, 34259, 34296, 34308, 34326, 34571, 34716, 34768, 34777, 34784, 35249, 35360, 35713, 36124, 36149, 36177, 36195, 36198, 36202, 36232, 37971, 38575, 38634, 38679, 54033, 54038, 54123, 54154, 54170, 54243, 60730, 60736, 60779, 60806, 60816, 60824, 60827, 60830, 60942, 60957, 60968, 60972, 61083, 61086, 61089, 61161, 61167, 61295, 61445, 61525, 61594, 61599, 61655, 62045, 62113, 62138, 62174, 62229, 62303, 9630, 8769, 32378, 32328, 32394], "label": "curtain"}, {"objectId": 15, "id": 15, "partId": 15, "index": 17, "dominantNormal": [0, -2.220446049250313e-16, 1], "obb": {"axesLengths": [1.2961019875116675, 0.6422860478843884, 0.9425752782611717], "centroid": [0.8767838115981034, -0.595319139287908, -0.8888570051837638], "normalizedAxes": [0.8044525384902954, -0.5940169095993042, -1.3189825001076554e-16, 0, -2.220446049250313e-16, 1, -0.5940169095993042, -0.8044525384902954, -1.7862434609001619e-16]}, "segments": [42162, 33398, 34221, 42021, 34678, 34679, 38333, 41962, 42033, 42034, 36081, 32592, 64427, 25702, 32179, 32189, 38374, 36065, 32593, 38420, 39039, 39170, 41204, 43764, 43800, 43801, 43860, 61964, 64374, 64398, 64399, 66660, 42204, 64376], "label": "table"}, {"objectId": 16, "id": 16, "partId": 16, "index": 18, "dominantNormal": [0, -2.220446049250313e-16, 1], "obb": {"axesLengths": [0.5789688838847581, 0.389131000880949, 0.4915001353580353], "centroid": [1.565004143370518, -0.15707186174753907, -1.152174494882647], "normalizedAxes": [-0.36191505193710327, 0.9322111010551453, 2.0699244564051817e-16, 0, -2.220446049250313e-16, 1, 0.9322111010551453, 0.36191505193710327, 8.036128472379628e-17]}, "segments": [38052, 41382, 41366, 47844, 38072, 38116, 38155, 41475, 41623, 64535, 38110, 38112, 38158, 38161, 38164, 38179, 38185, 38188, 38200, 38251, 38257, 38277, 41033, 41046, 41402, 41407, 41414, 41417, 41485, 41490, 41492, 41501, 41514, 41521, 41528, 41552, 41562, 41581, 41584, 41608, 41609, 41613, 41637, 41653, 47642, 47648, 47660, 47678, 47698, 47958, 62182, 62185, 62194, 62196, 62206, 62210, 62213, 62219, 63220, 63221, 63229, 63232, 63249, 63251, 63254, 63328, 63332, 63335, 63337, 63339, 63342, 63484, 63488, 64102, 64530, 64589, 41463, 64116, 41711, 64152, 40630, 41702, 41719, 42982, 43480, 43496, 63381, 63384, 64119, 64141], "label": "chair"}, {"objectId": 17, "id": 17, "partId": 17, "index": 19, "dominantNormal": [0, -2.220446049250313e-16, 1], "obb": {"axesLengths": [0.5571200325489213, 0.3871980222940885, 0.5782922485659215], "centroid": [0.4791219593951754, -1.1337125633674217, -1.1440109833120333], "normalizedAxes": [0.9877941608428955, 0.15576471388339996, 3.4586714355500084e-17, 0, -2.220446049250313e-16, 1, 0.15576471388339996, -0.9877941608428955, -2.1933436419161356e-16]}, "segments": [27892, 35213, 60713, 27917, 40406, 37008, 56615, 21699, 33832, 33834, 33865, 35196, 52441, 56594, 61055, 61427], "label": "chair"}, {"objectId": 18, "id": 18, "partId": 18, "index": 20, "dominantNormal": [-0.6936788558959961, -0.7202844619750977, -1.599352787928993e-16], "obb": {"axesLengths": [1.7852872243948805, 2.3271699623651054, 0.3812047361106143], "centroid": [-0.07594891379735008, -1.2487712221753622, -0.2935850138847904], "normalizedAxes": [0.7202844619750977, -0.6936788558959961, -1.5402764750227418e-16, 0, -2.220446049250313e-16, 1, -0.6936788558959961, -0.7202844619750977, -1.599352787928993e-16]}, "segments": [5564, 32211, 14549, 19718, 14717, 5438, 1963, 3326, 5429, 5494, 5618, 5658, 5669, 5674, 5691, 6025, 6041, 6527, 6583, 6648, 6726, 6740, 6830, 6833, 6857, 6859, 6890, 6903, 7115, 7125, 7130, 7157, 7308, 7333, 7337, 7400, 7432, 7478, 7497, 7505, 7514, 7597, 7734, 7829, 7835, 7846, 9784, 10934, 11693, 12650, 12712, 13923, 14003, 14045, 14088, 14148, 14207, 14457, 14475, 14477, 14547, 14625, 14659, 14997, 15022, 17036, 17454, 18584, 18626, 19174, 19953, 21197, 21711, 21712, 21715, 21733, 21775, 25777, 31415, 32732, 33128, 33808, 37536, 37986, 43553, 43768, 44459, 44787, 45681, 50579, 53675, 53784, 53797, 53798, 53806, 53812, 53814, 53826, 53831, 53851, 53857, 53878, 53890, 54062, 54231, 54323, 54445, 54522, 54531, 54534, 54557, 54599, 54964, 54972, 55113, 55361, 55364, 55465, 55469, 55477, 55485, 55507, 55517, 55520, 55527, 55529, 55534, 55739, 55744, 55746, 55788, 55791, 55835, 56871, 56928, 65620, 65631, 15289, 25819, 25831, 53868], "label": "shelf"}, {"objectId": 19, "id": 19, "partId": 19, "index": 21, "dominantNormal": [-0.6827951669692993, -0.7306098341941833, -1.6222797198799007e-16], "obb": {"axesLengths": [1.74601381147466, 2.7399999482929704, 0.6188753510273627], "centroid": [2.4844113068306672, 2.8071868941187406, -0.17999996154919384], "normalizedAxes": [0.7306098341941833, -0.6827951669692993, -1.5161098309441885e-16, 0, -2.220446049250313e-16, 1, -0.6827951669692993, -0.7306098341941833, -1.6222797198799007e-16]}, "segments": [55005, 2445, 12680, 13142, 12977, 64609, 37138, 15344, 55577, 15293, 12566, 14269, 13918, 13969, 16027, 49542, 66967, 51253, 57102, 51859, 70648, 44351, 65054, 49142, 49066, 37457, 70355, 37626, 50703, 64673, 49755, 49860, 11378, 12268, 12306, 12317, 12325, 12389, 12390, 12433, 12495, 12700, 12708, 12733, 12763, 12962, 13064, 13196, 13227, 13232, 13434, 13462, 13880, 13887, 13901, 13941, 13953, 13994, 14000, 14002, 14069, 14097, 14242, 14283, 14314, 15203, 15233, 15276, 15313, 15354, 15531, 15564, 15605, 15608, 15713, 15802, 15814, 16091, 16144, 16167, 16216, 16235, 16250, 16297, 16310, 16323, 16421, 16436, 16454, 16476, 16503, 16510, 16812, 16831, 16887, 16923, 16957, 16987, 17002, 17008, 17490, 17500, 17537, 20004, 20048, 23539, 23601, 23608, 23624, 23630, 23659, 23917, 26146, 26207, 26311, 26350, 26640, 26677, 26683, 26704, 26862, 26922, 27299, 27325, 27400, 35613, 35636, 35656, 35663, 35674, 35780, 36239, 36307, 36406, 36922, 36958, 37048, 37126, 37504, 37519, 37543, 37554, 37561, 37600, 37607, 37634, 37635, 37648, 37659, 37677, 37718, 39013, 39049, 39056, 39073, 39190, 39219, 40179, 41052, 42500, 42519, 42535, 42544, 42993, 43237, 43284, 43290, 44315, 44321, 44324, 44329, 44348, 44370, 44388, 44408, 44439, 44443, 45508, 46786, 46985, 49269, 49379, 49444, 49647, 49723, 49756, 49805, 49851, 50553, 50580, 50605, 50606, 50655, 50667, 50700, 50729, 51194, 51480, 51530, 51557, 51583, 51757, 51766, 51779, 51826, 51837, 51922, 54847, 54932, 54935, 54963, 55022, 55075, 55094, 55173, 55178, 55179, 55207, 55231, 55236, 55564, 55594, 55610, 55652, 55762, 55874, 55886, 55892, 55941, 56032, 56069, 56089, 56092, 56096, 56101, 56132, 56134, 57013, 57072, 57095, 57096, 57118, 57122, 57124, 57129, 57133, 57136, 57179, 57215, 57381, 57604, 57614, 60747, 60750, 60896, 61589, 61591, 61897, 61898, 61904, 61906, 61911, 61913, 61927, 61933, 61939, 62522, 62549, 62576, 62661, 62679, 62797, 63831, 63898, 64087, 64129, 64168, 64170, 64175, 64641, 64726, 65696, 65734, 65932, 66942, 66992, 67022, 67272, 67282, 67359, 67381, 67386, 67486, 67491, 68163, 68984, 68990, 70311, 70335, 70378, 70676, 70971, 70975, 70978, 70981, 70991, 59326, 18777, 10952, 22891, 23174, 38588, 38768, 55774, 55917, 57207, 59367, 37737, 37814, 16402, 16375, 11702, 10948, 55684, 68152, 49168, 15666, 55952, 23438, 23587, 40259, 32786, 37674, 35757, 35718], "label": "shelf"}, {"objectId": 20, "id": 20, "partId": 20, "index": 22, "dominantNormal": [-0.6534051895141602, -0.7570083737373352, -1.6808962527144704e-16], "obb": {"axesLengths": [1.8219838609181893, 2.3370799495932464, 0.2652103720113595], "centroid": [-0.11085385385067142, -1.2672682705796179, -0.2985400074988602], "normalizedAxes": [0.7570083737373352, -0.6534051895141602, -1.450850971616369e-16, 0, -2.220446049250313e-16, 1, -0.6534051895141602, -0.7570083737373352, -1.6808962527144704e-16]}, "segments": [39465, 21791, 26792, 26778, 65262, 7089, 65223, 65388, 11678, 56416, 23063, 15106, 23792, 18012, 7171, 21037, 18011, 4050], "label": "wall"}, {"objectId": 21, "id": 21, "partId": 21, "index": 23, "dominantNormal": [0.7416880130767822, 0.6707450151443481, 1.4893531189316093e-16], "obb": {"axesLengths": [1.393643038757067, 0.699999972432852, 0.23986909700763762], "centroid": [0.1321264368209153, -1.304987922101271, -0.06000001906767505], "normalizedAxes": [-0.6707450151443481, 0.7416880130767822, 1.6468782184126556e-16, 0, -2.220446049250313e-16, 1, 0.7416880130767822, 0.6707450151443481, 1.4893531189316093e-16]}, "segments": [41438, 23060, 42639, 10080, 6635, 6668, 7292, 6794, 6628, 6808, 6660, 56811, 56937, 6754, 52425, 50805, 29662, 56918, 21099, 8332, 8318, 9694, 65000, 9626, 67471], "label": "cabinet"}, {"objectId": 22, "id": 22, "partId": 22, "index": 24, "dominantNormal": [-0.6776362657546997, -0.735397219657898, -1.6329098510190442e-16], "obb": {"axesLengths": [1.3505557211796888, 0.4799999785423281, 0.21076368334822598], "centroid": [0.08404392261771626, -1.3195091419750051, 0.3299999728111922], "normalizedAxes": [0.735397219657898, -0.6776362657546997, -1.5046547691237582e-16, 0, -2.220446049250313e-16, 1, -0.6776362657546997, -0.735397219657898, -1.6329098510190442e-16]}, "segments": [4710, 18196, 19466, 9854, 17484, 17760, 17970, 18037, 18065, 18248, 18253, 18318, 18344, 18915, 19074, 19124, 19242, 19347, 19348, 19383, 19426, 19444, 21631, 55242, 55309, 55562, 62826, 18466, 18472, 19587, 5846, 55582, 7084], "label": "shelf"}, {"objectId": 23, "id": 23, "partId": 23, "index": 25, "dominantNormal": [-0.6556882262229919, -0.7550317645072937, -1.676507298558713e-16], "obb": {"axesLengths": [0.46753337148279617, 0.9349270254017328, 0.06512301618929613], "centroid": [-0.23292446359220476, -1.1174287836693466, -1.004226531137082], "normalizedAxes": [0.7550317645072937, -0.6556882262229919, -1.455920331456788e-16, 0, -2.220446049250313e-16, 1, -0.6556882262229919, -0.7550317645072937, -1.676507298558713e-16]}, "segments": [30399, 30807, 21229, 13772], "label": "chair"}, {"objectId": 24, "id": 24, "partId": 24, "index": 26, "dominantNormal": [0.7729462385177612, 0.6344715356826782, 1.408809814768382e-16], "obb": {"axesLengths": [0.6515819461622275, 0.9400000362098204, 0.26482249745497777], "centroid": [0.252348031413844, -1.4433105280909628, -0.9999999956728518], "normalizedAxes": [-0.6344715356826782, 0.7729462385177612, 1.716285421599653e-16, 0, -2.220446049250313e-16, 1, 0.7729462385177612, 0.6344715356826782, 1.408809814768382e-16]}, "segments": [58568, 44828, 52123, 52427, 52431, 52571, 51589, 20695, 6324, 8413, 65526, 20636, 20618, 52480, 41006, 35271, 53035, 52008, 21170, 52241, 20637, 20672, 21703, 32463, 35132, 45670, 45672, 52087, 52103, 52104, 52466, 53029, 56567, 56675, 56966, 56632], "label": "chair"}, {"objectId": 26, "id": 26, "partId": 26, "index": 27, "dominantNormal": [0, -2.220446049250313e-16, 1], "obb": {"axesLengths": [0.961089170282191, 0.19275599287250644, 0.4778700615715889], "centroid": [1.5176649813873886, -1.0755111162911457, -0.6136219842609321], "normalizedAxes": [0.5988767147064209, 0.800841212272644, 1.7782247058676238e-16, 0, -2.220446049250313e-16, 1, 0.800841212272644, -0.5988767147064209, -1.3297734351578792e-16]}, "segments": [47942, 50318, 37840, 41394, 68142, 60694, 36026, 35810, 37899, 39239, 70599, 43066], "label": "windowsill"}, {"objectId": 27, "id": 27, "partId": 27, "index": 28, "dominantNormal": [0.7123326659202576, -0.7018420100212097, -1.5584023183494938e-16], "obb": {"axesLengths": [0.3281913591468806, 0.2812689926936701, 0.26198933102159605], "centroid": [0.8606786407819231, -0.5147265015026941, 0.29933146896053464], "normalizedAxes": [0.7018420100212097, 0.7123326659202576, 1.581696253794579e-16, 0, -2.220446049250313e-16, 1, 0.7123326659202576, -0.7018420100212097, -1.5584023183494938e-16]}, "segments": [10110, 54285, 5894, 5913, 10102, 10090, 54297], "label": "lamp"}, {"objectId": 28, "id": 28, "partId": 28, "index": 29, "dominantNormal": [-0.5645188093185425, -0.8254202008247375, -1.8328010238926885e-16], "obb": {"axesLengths": [0.38918856984871786, 0.43333901986467044, 0.1751701541526973], "centroid": [1.1999994682547621, -0.7968974508189053, -0.5066695131302734], "normalizedAxes": [0.8254202008247375, -0.5645188093185425, -1.2534835598788485e-16, 0, -2.220446049250313e-16, 1, -0.5645188093185425, -0.8254202008247375, -1.8328010238926885e-16]}, "segments": [42400, 63576, 63600, 63635, 63636, 63802, 63806, 63578, 42013, 41961, 41998, 42255, 42410, 63595, 63631, 63690, 42283, 42334, 42252, 39275, 63531, 63514, 18832, 39271, 63517, 42222, 63562], "label": "flower"}, {"objectId": 29, "id": 29, "partId": 29, "index": 30, "dominantNormal": [-0.37986207008361816, -0.9250431060791016, -2.0540083102795793e-16], "obb": {"axesLengths": [0.1942921817240557, 0.1966122903686994, 0.14815480756199917], "centroid": [-0.35054897305252164, 1.3852368716877406, -0.038362864808227704], "normalizedAxes": [0.9250431060791016, -0.37986209988594055, -8.434632989516645e-17, 0, -2.220446049250313e-16, 1, -0.37986209988594055, -0.9250431060791016, -2.0540083102795793e-16]}, "segments": [11105, 11200, 11144, 11167, 11187, 57827, 11121, 11202], "label": "lamp"}, {"objectId": 30, "id": 30, "partId": 30, "index": 31, "dominantNormal": [0.3945375084877014, -0.9188798069953918, -2.040323037178808e-16], "obb": {"axesLengths": [0.8773412139012253, 0.5066439396148037, 0.37283046656339264], "centroid": [0.7742322115030038, 2.584004747897599, -0.7766779965846689], "normalizedAxes": [0.9188798666000366, 0.3945375084877014, 8.760492520025785e-17, 0, -2.220446049250313e-16, 1, 0.3945375084877014, -0.9188798666000366, -2.040323169527706e-16]}, "segments": [20055, 20079, 21923, 56973, 27284], "label": "pillow"}, {"objectId": 31, "id": 31, "partId": 31, "index": 32, "dominantNormal": [0, -2.220446049250313e-16, 1], "obb": {"axesLengths": [0.8450489433850741, 0.44179605450191933, 0.7059028751334743], "centroid": [1.0264939596046787, 2.889524848204809, -0.8094220160764005], "normalizedAxes": [0.9356365203857422, -0.35296499729156494, -7.837397337597028e-17, 0, -2.220446049250313e-16, 1, -0.35296499729156494, -0.9356365203857422, -2.0775304152248313e-16]}, "segments": [58646, 32514, 47528, 32116], "label": "pillow"}, {"objectId": 32, "id": 32, "partId": 32, "index": 33, "dominantNormal": [0, -2.220446049250313e-16, 1], "obb": {"axesLengths": [0.6584915574084333, 0.25999998465180435, 0.5742789777823418], "centroid": [0.6243485441204735, 2.0682439036079323, -0.8999999740661687], "normalizedAxes": [0.3762441873550415, 0.9265205264091492, 2.0572888424145156e-16, 0, -2.220446049250313e-16, 1, 0.9265205264091492, -0.3762441873550415, -8.354299193658965e-17]}, "segments": [57424, 23008, 31846, 23383, 23407], "label": "pillow"}, {"objectId": 33, "id": 33, "partId": 33, "index": 34, "dominantNormal": [0, -2.220446049250313e-16, 1], "obb": {"axesLengths": [0.4653238942656577, 0.366031936570288, 0.3841743449514112], "centroid": [0.22288039333862614, 1.856286220092222, -0.8469839981069268], "normalizedAxes": [0.5303635597229004, 0.8477703332901001, 1.882428287225624e-16, 0, -2.220446049250313e-16, 1, 0.8477703332901001, -0.5303635597229004, -1.1776436708530466e-16]}, "segments": [22833, 22777, 22851, 22971, 22829], "label": "pillow"}, {"objectId": 34, "id": 34, "partId": 34, "index": 35, "dominantNormal": [-0.6235909461975098, -0.7817507982254028, -1.7358354714178744e-16], "obb": {"axesLengths": [0.6329393824653795, 0.41033296860010227, 0.35383085329611375], "centroid": [-0.23013576021151438, 1.451199744523086, -0.8327234679538728], "normalizedAxes": [0.7817507982254028, -0.6235909461975098, -1.384650052832525e-16, 0, -2.220446049250313e-16, 1, -0.6235909461975098, -0.7817507982254028, -1.7358354714178744e-16]}, "segments": [20816, 13791, 14124, 55537], "label": "pillow"}, {"objectId": 35, "id": 35, "partId": 35, "index": 36, "dominantNormal": [0.963334858417511, -0.26830193400382996, -5.957499693650225e-17], "obb": {"axesLengths": [0.660498078118193, 0.5135210041659842, 0.4068032335653604], "centroid": [-0.037931807549141605, 1.7982602091083333, -0.7780295318747419], "normalizedAxes": [0.26830193400382996, 0.963334858417511, 2.139033080478272e-16, 0, -2.220446049250313e-16, 1, 0.963334858417511, -0.26830193400382996, -5.957499693650225e-17]}, "segments": [1025, 58021, 14140, 22861], "label": "pillow"}, {"objectId": 36, "id": 36, "partId": 36, "index": 37, "dominantNormal": [0.7022832632064819, -0.711897611618042, -1.580730239188015e-16], "obb": {"axesLengths": [0.7201746236761303, 0.42678295612075257, 0.39123908443565725], "centroid": [0.31747305250432745, 2.2526983416230335, -0.736608506809134], "normalizedAxes": [0.711897611618042, 0.7022832632064819, 1.5593820972414506e-16, 0, -2.220446049250313e-16, 1, 0.7022832632064819, -0.711897611618042, -1.580730239188015e-16]}, "segments": [20080, 21085], "label": "pillow"}, {"objectId": 37, "id": 37, "partId": 37, "index": 38, "dominantNormal": [0.7681719660758972, -0.6402435898780823, -1.4216263497026255e-16], "obb": {"axesLengths": [4.041847293246341, 0.4618599907638138, 0.31030638278967404], "centroid": [-0.3961647851061343, 1.649838412808489, 0.8209299379437422], "normalizedAxes": [0.6402435898780823, 0.7681719660758972, 1.7056844072180715e-16, 0, -2.220446049250313e-16, 1, 0.7681719660758972, -0.6402435898780823, -1.4216263497026255e-16]}, "segments": [20926, 66507, 49042, 39829, 40420, 33496, 68925, 68905, 68959, 26335, 26277, 57639, 57662, 12881, 6438, 27716, 6467, 23685, 27071, 17860, 52205, 24611, 44251, 40490, 27534, 61722, 31787, 33666, 46816, 40452, 29504, 56200, 52375, 31367, 45262, 48998, 48533, 64185, 66022, 56156, 4061, 17673, 9876, 57655], "label": "shelf"}, {"objectId": 38, "id": 38, "partId": 38, "index": 39, "dominantNormal": [0.9158819317817688, 0.40144777297973633, 8.913931214931921e-17], "obb": {"axesLengths": [0.7971770095574086, 0.843195002305619, 0.461898614897251], "centroid": [-1.7015703984372244, -1.1826042482034955, -1.0484025126249525], "normalizedAxes": [-0.40144777297973633, 0.9158819317817688, 2.0336664170045733e-16, 0, -2.220446049250313e-16, 1, 0.9158819317817688, 0.40144777297973633, 8.913931214931921e-17]}, "segments": [13741, 13760, 38775, 13454, 13465, 13537, 13570, 13571, 13595, 13603, 13616, 13646, 13647, 13662, 13775, 54173, 54192, 54209, 54850, 38801, 25266, 25239, 10168, 10172, 10191, 62404, 38758, 38766, 11417, 11606, 23831, 24166, 29925, 29932, 29935, 30490, 53834, 53836, 57765, 59420, 59761, 59824, 59926, 59931, 30152, 62374, 53778, 10294, 8124, 8188, 10326, 13327, 13499, 38746, 62324, 25244, 24210, 8170, 8208, 8625, 53391, 7820, 7779, 7826, 8151, 16073, 16189, 16258, 29886, 29895, 29913, 53383, 53386, 53394, 59416, 16074, 7729, 16366, 29918], "label": "chair"}, {"objectId": 39, "id": 39, "partId": 39, "index": 40, "dominantNormal": [-0.6284008622169495, -0.7778896689414978, -1.7272620421537828e-16], "obb": {"axesLengths": [0.3566823029488765, 0.8292200379993009, 0.2664369003797741], "centroid": [-1.5159913311110744, -1.4031561745388275, -1.0646099986537545], "normalizedAxes": [0.7778896689414978, -0.6284008622169495, -1.3953302118551158e-16, 0, -2.220446049250313e-16, 1, -0.6284008622169495, -0.7778896689414978, -1.7272620421537828e-16]}, "segments": [59518, 59817, 29393, 29933], "label": "chair"}, {"objectId": 45, "id": 45, "partId": 45, "index": 44, "dominantNormal": [0.8214173316955566, -0.5703275799751282, -1.2663816217342653e-16], "obb": {"axesLengths": [0.2531206392993158, 0.25458597567857844, 0.23090981458444265], "centroid": [-0.9908677352747735, 1.0242997865389811, -0.3227070082060919], "normalizedAxes": [0.5703275799751282, 0.8214173316955566, 1.8239128689491327e-16, 0, -2.220446049250313e-16, 1, 0.8214173316955566, -0.5703275799751282, -1.2663816217342653e-16]}, "segments": [63854, 3053, 62686, 38812, 29983, 29562, 29502], "label": "lamp"}], "scan_id": "f62fd5f4-9a3f-2f44-8b81-246b93170189", "annId": "5038", "appId": "stk.v1"}