{"segGroups": [{"objectId": 3, "id": 3, "partId": 3, "index": 0, "dominantNormal": [0.5487891435623169, -0.8359608054161072, -1.856205867714305e-16], "obb": {"axesLengths": [1.5583191640974436, 2.151669931001887, 0.5324595260382342], "centroid": [-3.971808193874839, 2.3408799158998654, -0.4658350442771986], "normalizedAxes": [0.8359608054161072, 0.5487891435623169, 1.2185566856944094e-16, 0, -2.220446049250313e-16, 1, 0.5487891435623169, -0.8359608054161072, -1.856205867714305e-16]}, "segments": [2098, 4551, 6353, 6055, 3601, 5839, 3084, 1827, 1835, 876, 1280, 38447, 2565, 4087, 121, 122, 279, 413, 423, 429, 430, 866, 1101, 1125, 1130, 1192, 1209, 1289, 1775, 1800, 1802, 1830, 2533, 2600, 3716, 4035, 5726, 5788, 6197, 28768, 29814, 29830, 29838, 29853, 29868, 34877, 35097, 35100, 35117, 35283, 35285, 38951, 38954, 38958, 38977, 38980, 38987, 5471, 5583], "label": "wall"}, {"objectId": 4, "id": 4, "partId": 4, "index": 1, "dominantNormal": [0.9116174578666687, 0.4110396206378937, 9.126913017307585e-17], "obb": {"axesLengths": [0.9540468089011882, 0.9297279507727633, 0.7295391305245897], "centroid": [-2.480897495597935, -0.42665348187000807, -1.0699760575089], "normalizedAxes": [-0.4110395908355713, 0.9116175174713135, 2.0241975150965563e-16, 0, -2.220446049250313e-16, 1, 0.9116175174713135, 0.4110395908355713, 9.126912355563095e-17]}, "segments": [33434, 32747, 34352, 32266, 32336, 30861, 17024, 9330, 35730, 19141, 33692, 9621, 16099, 8695, 9629, 16397, 17073, 22919, 33705, 40046, 39953], "label": "armchair"}, {"objectId": 5, "id": 5, "partId": 5, "index": 2, "dominantNormal": [0.9154354929924011, 0.40246468782424927, 8.936511260421149e-17], "obb": {"axesLengths": [0.9706670407242998, 0.9318389088249446, 0.7552329786458208], "centroid": [-1.6466229978253466, 0.059392957102474275, -1.0674005408657226], "normalizedAxes": [-0.4024646580219269, 0.9154354929924011, 2.0326751237584897e-16, 0, -2.220446049250313e-16, 1, 0.9154354929924011, 0.4024646580219269, 8.936510598676659e-17]}, "segments": [39624, 28712, 11313, 34162, 29653, 39651, 25767, 19378, 36721, 42615, 12635, 34115, 21422, 21445, 38072, 29018, 38085, 38087, 42631, 42668], "label": "armchair"}, {"objectId": 6, "id": 6, "partId": 6, "index": 3, "dominantNormal": [0, -2.220446049250313e-16, 1], "obb": {"axesLengths": [0.5832883665227829, 0.49125002716667865, 0.5760173309412976], "centroid": [-1.817447437108879, 1.1205357484449763, -1.3411250609144187], "normalizedAxes": [-0.6742602586746216, 0.738493800163269, 1.639785640968381e-16, 0, -2.220446049250313e-16, 1, 0.738493800163269, 0.6742602586746216, 1.4971585275405576e-16]}, "segments": [20547, 20178, 21031, 37969, 20685, 26033, 26051, 26106, 37984, 26009, 26083, 20632], "label": "cube"}, {"objectId": 7, "id": 7, "partId": 7, "index": 4, "dominantNormal": [-0.3119359016418457, -0.9501031637191772, -2.1096528162604705e-16], "obb": {"axesLengths": [0.8857604707576527, 0.8799099725504966, 0.8128690255489781], "centroid": [-3.6164268590973543, -0.9466568297226909, -0.9299550643064445], "normalizedAxes": [0.9501031637191772, -0.3119359016418457, -6.926368404199705e-17, 0, -2.220446049250313e-16, 1, -0.3119359016418457, -0.9501031637191772, -2.1096528162604705e-16]}, "segments": [8771, 28505, 35121, 28501, 4672, 8081, 37127, 4464, 4504, 4700, 4758, 4789, 6272, 26523, 38117, 38214, 12331, 8418, 38201, 28521, 7612, 26507, 35065, 37096], "label": "armchair"}, {"objectId": 8, "id": 8, "partId": 8, "index": 5, "dominantNormal": [0.45038673281669617, -0.8928335905075073, -1.9824888186803665e-16], "obb": {"axesLengths": [0.881479085716666, 0.8199999596178537, 0.6601460091888837], "centroid": [-2.150547484838433, 3.777761557141144, -0.3000000623104717], "normalizedAxes": [0.8928335905075073, 0.45038673281669617, 1.0000594415175893e-16, 0, -2.220446049250313e-16, 1, 0.45038673281669617, -0.8928335905075073, -1.9824888186803665e-16]}, "segments": [14880, 23129, 23123, 16915, 31791, 32250, 11034, 6499, 6506, 8829, 8842, 23154, 23180, 23204, 23815, 31449, 31467, 31512, 31752, 32519, 32570, 35052, 35134, 37273, 37311, 38877, 39019, 39029, 37178, 31610, 12259, 12206, 6934, 23116, 16093, 23097, 23109, 23115, 37257, 38899, 8110, 8431, 9302, 22867, 22872, 23836], "label": "lamp"}, {"objectId": 9, "id": 9, "partId": 9, "index": 6, "dominantNormal": [0.05984688550233841, -0.9982075691223145, -2.216466053189402e-16], "obb": {"axesLengths": [1.520587598217121, 1.3504199381823845, 0.4615212734280246], "centroid": [-3.196596091757103, -1.6761421807969796, -0.8252100511457021], "normalizedAxes": [0.9982075691223145, 0.05984688177704811, 1.3288677220179703e-17, 0, -2.220446049250313e-16, 1, 0.05984688177704811, -0.9982075691223145, -2.216466053189402e-16]}, "segments": [29091, 12059, 9609, 39755, 39733, 14491, 2516, 13099, 13325, 13354, 13361, 13371, 13379, 13772, 13788, 14458, 14478, 14481, 14490, 14553, 14581, 14607, 14608, 14764, 32116, 32129, 32184, 35396, 35551, 35553, 35556, 35564, 39526, 39531, 39535, 29117, 33198, 70, 78, 919, 2420, 12580, 12587, 12597, 12610, 17788, 17817, 17863, 17964, 17991, 17998, 18008, 29167, 29203, 30438, 30453, 30456, 30472, 31612, 33892, 33904, 33906, 34496, 34498, 34503, 34505, 34510, 34513, 35347, 38879, 39725, 39790, 39816, 39819, 31617, 27673, 31410, 31413, 31416, 31423, 39130, 39294, 34192, 33114, 6020], "label": "wardrobe"}, {"objectId": 10, "id": 10, "partId": 10, "index": 7, "dominantNormal": [-0.35818177461624146, -0.933651864528656, -2.0731235939678428e-16], "obb": {"axesLengths": [0.43621899173619444, 1.4399999207258234, 0.3187080534553506], "centroid": [-1.7534838294114885, -1.339341619011968, -0.8300000367549805], "normalizedAxes": [0.933651864528656, -0.35818180441856384, -7.953233725345484e-17, 0, -2.220446049250313e-16, 1, -0.35818180441856384, -0.933651864528656, -2.0731235939678428e-16]}, "segments": [36855, 3296, 35393, 2704, 2730, 2962, 3472, 3791, 7435, 7440, 9403, 9411, 9422, 19384, 20995, 34664, 36876, 36881, 36886, 7796, 2909, 3794, 7413, 7417, 19407, 8063, 36916], "label": "pillar"}, {"objectId": 11, "id": 11, "partId": 11, "index": 8, "dominantNormal": [0.9500437378883362, 0.312116801738739, 6.930385193254263e-17], "obb": {"axesLengths": [0.86362501613977, 0.9430500058148054, 0.4332396931981963], "centroid": [-3.5442062764768196, 3.37847630565301, -1.0815250830247611], "normalizedAxes": [-0.312116801738739, 0.9500437378883362, 2.109520864409156e-16, 0, -2.220446049250313e-16, 1, 0.9500437378883362, 0.312116801738739, 6.930385193254263e-17]}, "segments": [28782, 26279, 15721, 28623], "label": "wall"}, {"objectId": 12, "id": 12, "partId": 12, "index": 9, "dominantNormal": [0.7867690920829773, -0.6172474026679993, -1.3705645566641761e-16], "obb": {"axesLengths": [0.4377909134169851, 1.3799999792873856, 0.2819138470993078], "centroid": [-3.0547015684303314, 3.673921097234325, -0.8000000660357616], "normalizedAxes": [0.6172474026679993, 0.7867690920829773, 1.7469783221879027e-16, 0, -2.220446049250313e-16, 1, 0.7867690920829773, -0.6172474026679993, -1.3705645566641761e-16]}, "segments": [25935, 32742, 32274, 32278, 32298, 32300, 35050, 25011, 24557, 5045, 5087, 5173, 24564, 24904, 24945, 25500, 25503, 25826, 28463, 28465, 37750, 37804, 37807, 37837, 38629, 38632, 38745, 38747, 38764, 38767, 39155, 7957, 37939, 4832, 24974, 32969, 37754, 12428], "label": "pillar"}, {"objectId": 13, "id": 13, "partId": 13, "index": 10, "dominantNormal": [0, -2.220446049250313e-16, 1], "obb": {"axesLengths": [0.7495072702042482, 0.50840996559538, 0.5361028152504683], "centroid": [-2.462891388928504, 5.110460415252784, -1.3242050907802192], "normalizedAxes": [0.9958145618438721, 0.0913965180516243, 2.029410374229641e-17, 0, -2.220446049250313e-16, 1, 0.0913965180516243, -0.9958145618438721, -2.2111525096321573e-16]}, "segments": [3121, 32656, 29030, 31151, 39241, 30218, 32671, 39289, 17781, 3272], "label": "puf"}, {"objectId": 17, "id": 17, "partId": 17, "index": 14, "dominantNormal": [0, -2.220446049250313e-16, 1], "obb": {"axesLengths": [0.8316769058787814, 0.540000009387731, 0.7264431768260344], "centroid": [-0.07088232465041822, 3.013953137548742, -1.1000000488994264], "normalizedAxes": [0.9586564898490906, 0.28456589579582214, 6.318632190712096e-17, 0, -2.220446049250313e-16, 1, 0.28456589579582214, -0.9586564898490906, -2.128645015473586e-16]}, "segments": [15527, 38291, 15615, 26427, 26440, 26808, 35939, 38094, 38097, 38300, 13000, 8274, 8341], "label": "chair"}, {"objectId": 20, "id": 20, "partId": 20, "index": 17, "dominantNormal": [0.3592347204685211, -0.9332472681999207, -2.0722252096481612e-16], "obb": {"axesLengths": [0.5891426835233975, 0.3301159814719262, 0.16171747163391342], "centroid": [-0.9526385962728818, -0.7494996987349865, -0.2750580671280316], "normalizedAxes": [0.9332472681999207, 0.35923469066619873, 7.976612496434193e-17, 0, -2.220446049250313e-16, 1, 0.35923469066619873, -0.9332472681999207, -2.0722252096481612e-16]}, "segments": [4745, 4223, 5048], "label": "lamp"}, {"objectId": 25, "id": 25, "partId": 25, "index": 20, "dominantNormal": [0.8427242040634155, 0.5383455157279968, 1.1953671735298528e-16], "obb": {"axesLengths": [0.7719771054254452, 0.9236760231030875, 0.6535548147437931], "centroid": [-3.480582977038532, 4.597874425602864, -0.9442620711802233], "normalizedAxes": [-0.5383455157279968, 0.8427242040634155, 1.8712236295202256e-16, 0, -2.220446049250313e-16, 1, 0.8427242040634155, 0.5383455157279968, 1.1953671735298528e-16]}, "segments": [4859, 7210, 7167, 4863, 2206, 4881, 35691, 2832, 2308, 34415, 6518], "label": "armchair"}, {"objectId": 1, "id": 1, "partId": 1, "index": 22, "dominantNormal": [0, -2.220446049250313e-16, 1], "obb": {"axesLengths": [7.571872538129524, 0.22439002489171941, 5.829674565390746], "centroid": [-2.2799894656829975, 1.499709357900043, -1.52219502699811], "normalizedAxes": [0.14833639562129974, 0.9889369606971741, 2.1958811673376523e-16, 0, -2.220446049250313e-16, 1, 0.9889369606971741, -0.14833639562129974, -3.2937296361734646e-17]}, "segments": [12527, 33512, 28322, 28175, 33050, 27887, 27450, 29914, 32059, 1577, 7649, 26749, 10145, 23569, 588, 595, 1960, 2067, 2275, 2376, 3803, 3890, 3906, 3927, 3945, 3977, 3994, 4008, 4282, 7856, 8133, 8159, 9547, 9637, 9759, 9790, 9793, 10078, 10101, 10225, 10234, 11183, 11271, 11329, 11436, 12094, 12099, 12133, 12177, 12181, 12182, 12190, 12215, 12216, 12234, 12271, 12276, 12279, 12282, 17442, 20804, 20878, 20887, 21137, 21141, 21144, 21146, 21151, 21160, 21171, 22064, 22765, 22986, 23282, 23286, 23311, 23314, 23325, 23337, 23347, 23348, 23362, 23363, 23435, 23444, 23453, 23470, 23526, 23583, 23734, 24177, 24178, 24181, 24191, 24202, 24237, 24259, 24281, 24308, 24318, 24339, 24346, 24360, 24362, 24367, 24389, 24391, 24397, 24408, 24419, 24753, 24789, 25199, 25201, 25208, 25264, 25282, 25520, 25742, 25809, 26154, 26159, 26177, 26194, 26197, 26229, 26385, 27031, 27200, 27214, 27412, 27465, 27779, 27792, 27798, 27879, 27884, 27914, 27923, 27929, 27930, 27934, 27935, 28721, 28802, 28821, 28828, 28859, 29355, 29599, 29608, 29612, 29622, 29628, 29891, 29982, 29993, 30048, 30059, 30064, 30210, 30530, 30692, 30704, 30706, 30734, 30744, 30815, 30836, 30852, 30916, 31072, 31080, 31081, 31089, 31431, 31567, 31679, 31710, 31759, 31793, 31821, 31858, 31859, 31902, 31965, 31990, 32416, 32433, 32440, 32457, 32487, 32522, 32529, 32535, 32536, 32542, 32562, 32606, 32811, 32827, 32837, 32839, 32853, 32857, 32861, 32863, 32869, 32905, 32912, 33391, 33407, 34099, 35018, 35021, 35025, 35404, 35406, 35617, 37317, 37318, 37323, 37325, 37326, 37328, 37330, 37331, 37336, 37344, 37353, 37355, 37365, 37366, 37370, 37373, 37656, 37658, 37660, 37677, 37682, 37683, 37689, 37696, 37707, 37715, 37920, 38005, 38009, 38013, 38015, 38516, 38525, 38532, 38543, 38598, 38601, 38620, 38628, 38905, 38910, 38912, 39010, 39012, 39018, 39201, 39207, 39209, 39338, 39345, 39358, 39382, 39384, 39549, 39562, 39565, 39702, 39704, 39711, 39717, 41088, 42490, 11691, 14946, 14286, 28705, 14007, 9188, 0, 61, 135, 143, 153, 226, 238, 247, 276, 385, 405, 1348, 1351, 2310, 2628, 3950, 3966, 4296, 4297, 4303, 5067, 5116, 5142, 5149, 5163, 5217, 5225, 5238, 5239, 5269, 5270, 5303, 5305, 5406, 5415, 5449, 5451, 5456, 5483, 5496, 5501, 5536, 5542, 5543, 5544, 5550, 5553, 5687, 5700, 5702, 5745, 5765, 5779, 5829, 5843, 5856, 5863, 5866, 5871, 5944, 5963, 5965, 5989, 6022, 6067, 6127, 6156, 6323, 6386, 6389, 6423, 6428, 6433, 6446, 6570, 6681, 6731, 6752, 6766, 6767, 6778, 6842, 6844, 6898, 7113, 7127, 7315, 7323, 7376, 7384, 7543, 7770, 7830, 7923, 7960, 7964, 8266, 8325, 8366, 8601, 8614, 8628, 8633, 8647, 8987, 9058, 9601, 9878, 9935, 10011, 10104, 10332, 10375, 10398, 10411, 10433, 10449, 10462, 10467, 10496, 10515, 10521, 10543, 10564, 10589, 10898, 11026, 11040, 11041, 11052, 11060, 11236, 11552, 11721, 11728, 11734, 11735, 11751, 11763, 11774, 11791, 11794, 11844, 12239, 12253, 12508, 12540, 12571, 12981, 13115, 13150, 13153, 13157, 13163, 13164, 13241, 13242, 13249, 13262, 13269, 13293, 13309, 13395, 13399, 13438, 13454, 13468, 13469, 13473, 13475, 13534, 13546, 13553, 13554, 13560, 13561, 13585, 13598, 13605, 13617, 13619, 13623, 13624, 13636, 14057, 14066, 14123, 14132, 14133, 14143, 14163, 14194, 14205, 14207, 14364, 14601, 14731, 14771, 14776, 14778, 14788, 14803, 14808, 14819, 14871, 14872, 14876, 15129, 15151, 15153, 15190, 15206, 15214, 15234, 15237, 15266, 15280, 15326, 15329, 15338, 15340, 15363, 15372, 15384, 15387, 15389, 15403, 15414, 15420, 15425, 15432, 15550, 15643, 15646, 15656, 15660, 15677, 15687, 15696, 15705, 15728, 15730, 15731, 15744, 15747, 15748, 15751, 15758, 15764, 15765, 15780, 15798, 15815, 15840, 15856, 15876, 15878, 15923, 15926, 15941, 15982, 15997, 16013, 16020, 16076, 16085, 16094, 16131, 16147, 16152, 16160, 16174, 16178, 16186, 16199, 16207, 16211, 16229, 16253, 16276, 16322, 16352, 16355, 16363, 16379, 16391, 16431, 16461, 16472, 16482, 16496, 16512, 16568, 16587, 16595, 16598, 16607, 16613, 16622, 16628, 16793, 16803, 16838, 16862, 16874, 16911, 16974, 17036, 17079, 17080, 17085, 17103, 17113, 17116, 17132, 17139, 17430, 17504, 17528, 17536, 17552, 17563, 17566, 17572, 17593, 17594, 17608, 17618, 17631, 17684, 17692, 17718, 17727, 17733, 17765, 17818, 17850, 17869, 17878, 17911, 17924, 17941, 17943, 18030, 18154, 18295, 18616, 18629, 18689, 18692, 18694, 18828, 19081, 19086, 19112, 19123, 19139, 19202, 19204, 19205, 19227, 19229, 19232, 19258, 19298, 19408, 19466, 19478, 19490, 19503, 19517, 19548, 19554, 19562, 19577, 19586, 19615, 19639, 19678, 19683, 19746, 19750, 19752, 19777, 19790, 19801, 19829, 19832, 19842, 19853, 19860, 19861, 19873, 19881, 20075, 20080, 20119, 20393, 20395, 20457, 20500, 21262, 21278, 21303, 21365, 21379, 21384, 21394, 21546, 21548, 21569, 21594, 21752, 21759, 21764, 21780, 21782, 21784, 22308, 22457, 22519, 22572, 22581, 22614, 22615, 22616, 22632, 22683, 22693, 22708, 22934, 23242, 23249, 23270, 23731, 23735, 23781, 24035, 25295, 26131, 26164, 26232, 26247, 26598, 26668, 26696, 26737, 26747, 26909, 26913, 26941, 26969, 26976, 27026, 28245, 28444, 28448, 28451, 28456, 28922, 29313, 29998, 30876, 30895, 31185, 31213, 31219, 31238, 31345, 31355, 31495, 31579, 31984, 32474, 32592, 32626, 33254, 33564, 33570, 33583, 33585, 33587, 33592, 33631, 33634, 33645, 33648, 33672, 34413, 34425, 34451, 34476, 34478, 34481, 34483, 34486, 34487, 34516, 34523, 34527, 34528, 34547, 34551, 34583, 34585, 34587, 34592, 34594, 34629, 34632, 34646, 34647, 34654, 34656, 34659, 34662, 34688, 34691, 34694, 34699, 34710, 34715, 34722, 34725, 34735, 34737, 34742, 34745, 34748, 34751, 34754, 34841, 34843, 34848, 34860, 34885, 34917, 34921, 34924, 34933, 35010, 35081, 35140, 35147, 35312, 35506, 35515, 35567, 35588, 35630, 35633, 35639, 35648, 35655, 35740, 35744, 35747, 35751, 35753, 35758, 35764, 35772, 35795, 35837, 35839, 35842, 35845, 35848, 35851, 35856, 35859, 35861, 35864, 35867, 35880, 35884, 35889, 35903, 35906, 35910, 35912, 35919, 35922, 35924, 35928, 35935, 35971, 35976, 35990, 35992, 36004, 36005, 36008, 36010, 36012, 36018, 36027, 36033, 36036, 36039, 36043, 36090, 36108, 36112, 36115, 36120, 36124, 36128, 36131, 36134, 36136, 36138, 36140, 36141, 36147, 36150, 36153, 36157, 36160, 36165, 36193, 36195, 36202, 36204, 36241, 36248, 36254, 36257, 36258, 36303, 36305, 36307, 36309, 36319, 36323, 36331, 36340, 36347, 36356, 36365, 36371, 36463, 36619, 36669, 36673, 36677, 37138, 37146, 37149, 37153, 37206, 37235, 38302, 38315, 38316, 38322, 39352, 39354, 39356, 39456, 39538, 39541, 39544, 39547, 39548, 39552, 39555, 39558, 39693, 39696, 40405, 41173, 41490, 41620, 41725, 42253, 42283, 24880, 1113, 1731, 7867, 7901, 7943, 11891, 11944, 39291, 21525, 40513, 40550, 422, 522, 13952], "label": "floor"}, {"objectId": 2, "id": 2, "partId": 2, "index": 23, "dominantNormal": [0.5309456586837769, -0.8474059104919434, -1.8816191060632e-16], "obb": {"axesLengths": [3.598622081685841, 1.359999924302102, 1.310279200649808], "centroid": [-3.3600655633394645, 1.7532158814090144, -0.8700000349668412], "normalizedAxes": [0.8474058508872986, 0.5309456586837769, 1.1789361901909975e-16, 0, -2.220446049250313e-16, 1, 0.5309456586837769, -0.8474058508872986, -1.881618973714302e-16]}, "segments": [33260, 33738, 38507, 22402, 1691, 8913, 10280, 38350, 1229, 683, 2325, 2652, 2663, 9322, 26650, 31271, 32951, 34852, 35503, 39406, 12835, 31909, 38477, 1441, 6191, 7109, 27736, 29369, 30584, 39054, 1397, 31923], "label": "sofa"}], "scan_id": "0cac7564-8d6f-2d13-8cb2-8b01c0a1b3d5", "annId": "3935", "appId": "stk.v1"}