{"segGroups": [{"objectId": 4, "id": 4, "partId": 4, "index": 0, "dominantNormal": [0, -2.220446049250313e-16, 1], "obb": {"axesLengths": [1.0845013493306372, 0.8619469658595252, 0.9892620477165612], "centroid": [0.18855708328240395, 1.8560660241333469, 0.2609734532764516], "normalizedAxes": [-0.3873261511325836, 0.9219427704811096, 2.047124182349668e-16, 0, -2.220446049250313e-16, 1, 0.9219427704811096, 0.3873261511325836, 8.60036822053675e-17]}, "segments": [54991, 38053, 29583, 35514, 30332, 52869, 29589, 56254, 37849, 56223, 36698, 37877, 37870, 28017, 28754, 28779, 28871, 29749, 29757, 30275, 30592, 30884, 30952, 30953, 34133, 34137, 34957, 34994, 35038, 35404, 35409, 36436, 36459, 36941, 37136, 37688, 37697, 37766, 37785, 37836, 37894, 37920, 37925, 37942, 39542, 39551, 39570, 39594, 40657, 41415, 50961, 51629, 52128, 52771, 52828, 52955, 52974, 55020, 56205, 56207, 34176, 37018, 56313, 30818, 30866, 31273], "label": "window"}, {"objectId": 5, "id": 5, "partId": 5, "index": 1, "dominantNormal": [0.5466098189353943, -0.8373874425888062, -1.859373638588138e-16], "obb": {"axesLengths": [0.9722582914598039, 1.6599999295175083, 0.121032952085923], "centroid": [-0.2590486007327095, -0.8756508035990682, -0.5800000020116574], "normalizedAxes": [0.8373874425888062, 0.5466098189353943, 1.2137176129365252e-16, 0, -2.220446049250313e-16, 1, 0.5466098189353943, -0.8373874425888062, -1.859373638588138e-16]}, "segments": [6856, 7619, 8598, 26624, 27357], "label": "wall"}, {"objectId": 6, "id": 6, "partId": 6, "index": 2, "dominantNormal": [0.5166704654693604, -0.8561843633651733, -1.9011111870640936e-16], "obb": {"axesLengths": [1.0729584194583301, 2.3656799264472728, 0.2532374212920534], "centroid": [0.5677266673059609, -0.2682269843979632, -0.29284002908676876], "normalizedAxes": [0.8561843037605286, 0.5166704654693604, 1.1472388938157615e-16, 0, -2.220446049250313e-16, 1, 0.5166704654693604, -0.8561843037605286, -1.9011110547151956e-16]}, "segments": [11547, 26993, 34949, 33728, 28536, 56056, 33498, 10990, 8030, 8732, 10400, 10408, 10427, 26956, 31756, 33607, 34443, 34447, 34612, 44334, 50409, 50429, 51156, 51193, 51212, 51231, 51378], "label": "door"}, {"objectId": 7, "id": 7, "partId": 7, "index": 3, "dominantNormal": [0.8209964632987976, 0.5709332227706909, 1.2677264188869295e-16], "obb": {"axesLengths": [2.6935035809012, 2.3078719457714563, 0.6470801619860748], "centroid": [-3.2091948702193136, 0.5294401441947376, -0.30312400565019315], "normalizedAxes": [-0.5709332227706909, 0.8209964632987976, 1.8229783533802948e-16, 0, -2.220446049250313e-16, 1, 0.8209964632987976, 0.5709332227706909, 1.2677264188869295e-16]}, "segments": [5698, 8064, 24069, 12890, 14445, 13443, 14994, 14966, 8853, 3537, 4799, 8559, 8564, 8584, 8593, 8605, 8628, 8667, 13894, 14818, 14840, 14871, 14882, 14889, 14893, 14898, 14904, 14913, 14934, 14969, 14976, 15310, 15331, 17107, 17124, 17813, 17820, 22228, 27737, 27765, 27803, 28334, 28349, 32039, 32045, 34361, 38472, 38507, 41020, 44394, 44408, 46595, 46604, 46608, 46611, 46612, 46615, 47255, 47414, 53542, 53547, 53549, 53552, 53554, 53566, 56855, 56858, 56900, 50549, 53236, 166, 4462, 53630, 43822, 4343, 5317, 38456, 1529, 22300, 13861, 1526, 38463], "label": "wardrobe"}, {"objectId": 8, "id": 8, "partId": 8, "index": 4, "dominantNormal": [0.9740124940872192, -0.2264941781759262, -5.0291810310893183e-17], "obb": {"axesLengths": [0.7956736267208765, 0.933419981596917, 0.8287510847689478], "centroid": [-0.37230748387216006, -0.6161248066119112, -0.966930012026504], "normalizedAxes": [0.9740124940872192, -0.2264941930770874, -5.0291813619615633e-17, 0, -2.220446049250313e-16, 1, -0.2264941930770874, -0.9740124940872192, -2.16274219441641e-16]}, "segments": [6513, 33335, 31376, 33366, 32715, 32663, 35994, 6023, 6198, 6231, 8221, 8237, 18039, 44091, 44108, 52169, 9751], "label": "refrigerator"}, {"objectId": 9, "id": 9, "partId": 9, "index": 5, "dominantNormal": [0.4007706344127655, -0.9161784052848816, -2.0343247204232675e-16], "obb": {"axesLengths": [1.0088880200685744, 1.0799999591708185, 0.6521541818645775], "centroid": [-2.5388432943375596, 3.263042890774682, 0.40999995559453906], "normalizedAxes": [0.9161784052848816, 0.4007706344127655, 8.898895718373667e-17, 0, -2.220446049250313e-16, 1, 0.4007706344127655, -0.9161784052848816, -2.0343247204232675e-16]}, "segments": [53078, 24516, 3940, 4999, 239, 4972, 8080, 8093, 8100, 8825, 44332, 54655, 40039, 54751, 5938, 221, 2195, 2284, 2299, 2302, 3426, 3463, 3905, 6254, 9097, 39904, 40033, 40264, 44059, 44392, 54564, 54609, 54612, 54646, 54678, 54699, 54701, 54711, 54796, 24591, 39961, 40129, 9123, 40027, 49517, 54582, 54615, 54618, 54632, 22283, 22255], "label": "window clutter"}, {"objectId": 10, "id": 10, "partId": 10, "index": 6, "dominantNormal": [0.5566531419754028, -0.8307450413703918, -1.8446245450451745e-16], "obb": {"axesLengths": [1.069137763568795, 0.8399999549984938, 0.48895709354141775], "centroid": [-2.302896894618095, 2.820021138455574, 0.2299999524652958], "normalizedAxes": [0.8307450413703918, 0.5566531419754028, 1.2360182699020568e-16, 0, -2.220446049250313e-16, 1, 0.5566531419754028, -0.8307450413703918, -1.8446245450451745e-16]}, "segments": [17623, 56795, 56777, 42106, 12492, 23990, 47393, 12825, 56732, 22247, 17792, 42720, 12389, 57025, 8871, 56816, 47405], "label": "window"}, {"objectId": 11, "id": 11, "partId": 11, "index": 7, "dominantNormal": [0.5528799295425415, -0.8332609534263611, -1.8502109920301126e-16], "obb": {"axesLengths": [3.1029824319972152, 2.115759921466709, 0.323963215773595], "centroid": [-2.550100531636369, 2.5105739514338277, -0.1878800070759663], "normalizedAxes": [0.8332609534263611, 0.5528799295425415, 1.2276400552625277e-16, 0, -2.220446049250313e-16, 1, 0.5528799295425415, -0.8332609534263611, -1.8502109920301126e-16]}, "segments": [55670, 41991, 27886, 3492, 126, 164, 3020, 20964, 21084, 23604, 32041, 32156, 39474, 49448, 53700, 53716, 55507, 468, 488, 1592, 1647, 1662, 1759, 1981, 12836, 17469, 17527, 17532, 18941, 43746, 43786, 47403, 55025, 8891, 8172, 7588, 2001, 42937], "label": "wall"}, {"objectId": 12, "id": 12, "partId": 12, "index": 8, "dominantNormal": [0.5508975386619568, -0.8345729112625122, -1.8531241236241773e-16], "obb": {"axesLengths": [2.1298255300587963, 2.099999976903199, 0.491074987535958], "centroid": [-2.630983702568705, 2.287418440804862, -0.4000000584870571], "normalizedAxes": [0.8345729112625122, 0.5508975386619568, 1.2232382632636636e-16, 0, -2.220446049250313e-16, 1, 0.5508975386619568, -0.8345729112625122, -1.8531241236241773e-16]}, "segments": [9341, 44630, 52709, 56988, 6470, 9464, 37182, 38805, 43664, 318, 12120, 12149, 534, 541, 546, 628, 665, 676, 687, 731, 738, 767, 839, 914, 1169, 1206, 1216, 1244, 1279, 1310, 1339, 1343, 1386, 1387, 1449, 1453, 1512, 1648, 1705, 1712, 1855, 1911, 2027, 2033, 2043, 2059, 2063, 2079, 2110, 2122, 2148, 2209, 2978, 2994, 3008, 3747, 3944, 3964, 3998, 4063, 4064, 4131, 4142, 4155, 4163, 4195, 4199, 4218, 4241, 4267, 4290, 4384, 6123, 6134, 6451, 6515, 6648, 7257, 7269, 7300, 7322, 7329, 7365, 7382, 7457, 7460, 7554, 9289, 9391, 9548, 9554, 9611, 9635, 9725, 9753, 9778, 9816, 9904, 9931, 9940, 9953, 9989, 10014, 10050, 10119, 10166, 10176, 10199, 10237, 10254, 10298, 10393, 10448, 10587, 10612, 10696, 10739, 10742, 10758, 10773, 10779, 10831, 10911, 10945, 10964, 10972, 10996, 11018, 11087, 11216, 11224, 11262, 11285, 11311, 11335, 11375, 11430, 11526, 11631, 11645, 11681, 11691, 11750, 11752, 11791, 11930, 11961, 12007, 12015, 12353, 12592, 12723, 12918, 12925, 12960, 12994, 13059, 13080, 13223, 14012, 28399, 28403, 37241, 37269, 37332, 38798, 40391, 42613, 42625, 42963, 43008, 43078, 43216, 43220, 43223, 43225, 43245, 43317, 43373, 43402, 43479, 43510, 43574, 43598, 43609, 43651, 43658, 43661, 43693, 43695, 43700, 43780, 43802, 43828, 43829, 43836, 43858, 43860, 43884, 44114, 44136, 44190, 44193, 44197, 44208, 44256, 44261, 44280, 44638, 44682, 44745, 44748, 44754, 44788, 44856, 44862, 44865, 44893, 45005, 45134, 45148, 45167, 45172, 45216, 45226, 45339, 45384, 45442, 45537, 45560, 45589, 45599, 45602, 45608, 45613, 45616, 45651, 45825, 45893, 45960, 45972, 45986, 46027, 46032, 46035, 46039, 46043, 46058, 46114, 46183, 46230, 46233, 46237, 46281, 46287, 46570, 46690, 53625, 54869, 3367, 45918, 45818, 45883, 3996, 45200, 11885, 2078, 30310, 3316, 43259, 43474, 343, 353, 357, 367, 412, 641, 941, 1007, 1697, 1849, 2279, 2476, 3011, 3186, 3421, 3436, 3438, 3836, 3914, 4137, 5593, 5750, 10625, 11049, 11069, 11075, 11081, 11398, 12189, 12237, 12299, 12731, 13131, 13187, 13211, 13734, 14049, 14059, 14473, 15609, 15633, 15726, 16379, 16419, 16540, 16545, 16555, 16600, 16699, 16719, 16758, 16767, 16835, 16965, 27727, 28034, 28451, 28457, 28477, 28481, 28538, 29856, 42718, 43099, 43103, 43112, 43190, 43273, 43276, 43283, 43316, 43336, 43455, 43764, 44176, 45244, 45721, 45728, 45731, 45896, 46177, 46222, 46372, 46392, 46408, 46535, 46650, 46692, 46893, 46954, 46968, 47054, 47069, 47141, 47241, 47809, 57101, 46416, 13974, 14189, 14231, 14295, 14321, 14351, 14573, 14661, 14680, 15687, 15699, 15877, 15942, 15974, 16001, 16057, 16064, 16094, 16187, 16280, 16298, 16506, 16528, 16535, 16581, 16597, 16640, 16657, 16771, 16799, 16846, 16948, 17154, 17214, 17219, 17308, 17355, 18222, 38792, 46519, 46540, 46546, 46589, 46747, 46771, 46778, 47048, 47062, 47267, 47300, 47837, 47519, 17232, 17213, 48818, 18389, 1611, 5231, 10410, 14068, 14117, 14568, 15603, 15872, 15927, 15930, 15988, 16000, 16048, 16073, 16735, 16929, 17218, 17248, 17416, 17426, 17962, 18029, 18049, 18066, 18068, 18102, 18201, 18204, 18208, 18242, 18336, 18410, 18696, 18774, 18808, 18946, 20415, 20478, 20483, 20519, 20521, 20557, 20586, 20612, 20652, 20698, 20699, 20750, 20751, 20803, 20829, 20831, 20857, 20863, 20880, 20902, 20909, 20911, 20927, 20936, 20986, 21030, 21071, 21081, 21180, 21189, 21211, 21375, 21468, 21503, 21537, 21540, 21569, 21582, 21592, 21667, 22624, 22656, 22715, 23250, 23336, 43761, 44965, 46448, 46746, 47284, 47499, 47564, 47574, 47623, 47632, 47652, 47680, 47684, 47790, 47795, 47964, 47965, 47984, 47989, 47992, 48018, 48024, 48032, 48041, 48044, 48048, 48051, 48053, 48233, 48255, 48261, 48369, 48384, 48412, 48418, 48421, 48456, 48471, 48569, 48611, 48765, 48797, 48877, 48937, 48979, 49102, 49113, 49435, 49619, 49681, 55523, 49757, 17943, 15565, 22723, 22767, 22958, 22985, 23551, 23850, 28374, 48862, 48922, 48994, 48998, 49270, 49273, 49432, 3728], "label": "shelf"}, {"objectId": 1, "id": 1, "partId": 1, "index": 9, "dominantNormal": [0, -2.220446049250313e-16, 1], "obb": {"axesLengths": [4.79668127317588, 0.3350399657702445, 3.9903119043566795], "centroid": [-1.4449390129390085, 0.6679586004154446, -1.4375199670898924], "normalizedAxes": [0.8059751391410828, -0.5919494032859802, -1.314391713882435e-16, 0, -2.220446049250313e-16, 1, -0.5919494032859802, -0.8059751391410828, -1.7896243134997886e-16]}, "segments": [27363, 6060, 5520, 13523, 13560, 13593, 15025, 15028, 15598, 19205, 21253, 28724, 38837, 46294, 46296, 50299, 8500, 2878, 2904, 8327, 14317, 15045, 16450, 43116, 24377, 22054, 22158, 22316, 24219, 27077, 27086, 28195, 47921, 50191, 41193, 41130, 50211, 50136, 24218, 47905, 19368, 19419, 21686], "label": "floor"}, {"objectId": 2, "id": 2, "partId": 2, "index": 10, "dominantNormal": [0.8196321129798889, 0.5728902220726013, 1.272071830255242e-16], "obb": {"axesLengths": [4.232269685312859, 2.3504179786797303, 0.3201145044697657], "centroid": [-0.1519359891722578, 1.653620219660323, -0.3010310482003311], "normalizedAxes": [-0.5728902220726013, 0.8196321129798889, 1.8199488871048806e-16, 0, -2.220446049250313e-16, 1, 0.8196321129798889, 0.5728902220726013, 1.272071830255242e-16]}, "segments": [27974, 53909, 6372, 7676, 7682, 9683, 35290, 37599, 38727, 40083, 51820, 52126, 53611, 54082, 29494, 30217, 30677, 30685, 30838, 31014, 31064, 31070, 31092, 33617, 33656, 33671, 33729, 33746, 33932, 33946, 34694, 34733, 34749, 34781, 35355, 35990, 36113, 39133, 39146, 39147, 39170, 39350, 39780, 40290, 41215, 51011, 51041, 51790, 51911, 52743, 53600, 53637, 53642, 54096, 54338, 54347, 54455, 54510, 54560, 56530, 39356, 19308, 19702, 19838, 19862, 19875, 19884, 19902, 19924, 20117, 28361, 32183, 33667, 36990, 39449, 39752, 39812, 40433, 41606, 41665, 41666, 41708, 41738, 41832, 47911, 51169, 53703, 54433, 54446, 54490, 56366, 56421, 56564, 56569, 56580, 56582, 36145, 19315, 40729], "label": "wall"}, {"objectId": 3, "id": 3, "partId": 3, "index": 11, "dominantNormal": [0.8232690095901489, 0.5676513910293579, 1.2604392885625824e-16], "obb": {"axesLengths": [0.9041573891681353, 1.0999999694526195, 0.16230587098245478], "centroid": [-0.21060463957397602, 1.6007765537131535, -0.7000000189989809], "normalizedAxes": [-0.5676514506340027, 0.8232690095901489, 1.8280244198146643e-16, 0, -2.220446049250313e-16, 1, 0.8232690095901489, 0.5676514506340027, 1.2604394209114804e-16]}, "segments": [35553, 52931, 34251], "label": "heater"}, {"objectId": 14, "id": 14, "partId": 14, "index": 12, "dominantNormal": [0.7781794667243958, 0.6280419826507568, 1.3945333391402067e-16], "obb": {"axesLengths": [1.2060941143298525, 1.3264499233711522, 0.44918768958537064], "centroid": [-1.2030211737143837, 2.7530327450153806, -0.5926950944357723], "normalizedAxes": [-0.6280419826507568, 0.7781794667243958, 1.7279055224959e-16, 0, -2.220446049250313e-16, 1, 0.7781794667243958, 0.6280419826507568, 1.3945333391402067e-16]}, "segments": [34053, 39517, 30540, 19317, 19912, 19932, 23944, 25994, 27735, 27851, 27900, 29188, 30764, 31209, 33483, 33493, 33581, 33813, 36277, 36772, 36780, 39229, 39716, 39739, 39740, 41687, 41690, 47898, 49784, 50404, 51044, 51863, 51865, 52462, 52641, 53870, 54459], "label": "kitchen cabinet"}, {"objectId": 15, "id": 15, "partId": 15, "index": 13, "dominantNormal": [0, -2.220446049250313e-16, 1], "obb": {"axesLengths": [1.3703609858778336, 0.4839310537890107, 0.9293951977734355], "centroid": [-1.2611738401478585, 2.6794847246800986, -0.8280345333061849], "normalizedAxes": [-0.3990990221500397, 0.9169078469276428, 2.0359444062370953e-16, 0, -2.220446049250313e-16, 1, 0.9169078469276428, 0.3990990221500397, 8.861778469927188e-17]}, "segments": [23450, 23463, 36186, 25428, 22915, 22388, 23504, 23531, 23567, 25371, 25426, 25522, 25597, 25600, 25605, 25624, 25629, 25652, 25663, 25697, 25730, 25868, 29864, 29887, 29895, 29902, 29940, 29994, 29995, 30013, 30026, 30046, 30464, 30470, 30473, 49704, 49766, 49773, 49808, 50726, 50756, 50759, 50783, 50796, 50828, 50860, 50912, 50929, 50934, 23498, 49276, 50886, 30039, 49894, 30403, 25726, 52666, 29111, 50804, 26141, 30042, 50948, 24157, 26059, 20123, 52475], "label": "table"}, {"objectId": 16, "id": 16, "partId": 16, "index": 14, "dominantNormal": [0, -2.220446049250313e-16, 1], "obb": {"axesLengths": [1.1093931503833956, 0.48000000834464984, 1.0030676004218042], "centroid": [-1.4067890040572129, 2.8936449161413833, -1.210000042766332], "normalizedAxes": [0.9863515496253967, -0.164653018116951, -3.6560314357492405e-17, 0, -2.220446049250313e-16, 1, -0.164653018116951, -0.9863515496253967, -2.1901404015376363e-16]}, "segments": [24699, 23365, 23088, 23136, 23675, 23688, 23695, 23704, 49545, 56450, 56372, 23016, 23083, 23176, 23196, 23317, 23320, 23657, 23668, 23723, 23739, 24739, 24775, 24866, 49172, 49240, 49341, 49418, 49901, 50295, 50325, 49549, 54827, 20382, 20418, 20623, 20641, 20870, 20915, 21013, 21023, 21042, 21198, 23059, 23062, 23126, 23132, 23169, 23199, 23234, 23268, 23763, 25093, 25098, 25169, 27662, 27722, 38936, 38971, 39271, 41744, 48046, 48263, 49134, 49230, 49232, 49353, 49670, 56413, 56419, 20959, 23058, 23376, 40516, 48360, 56578, 38844, 56456, 28093], "label": "box"}, {"objectId": 17, "id": 17, "partId": 17, "index": 15, "dominantNormal": [0.4945013225078583, -0.8691768646240234, -1.929960335154187e-16], "obb": {"axesLengths": [0.3027096387648965, 0.3297799751956765, 0.21295052439361362], "centroid": [-1.0311571938213318, 2.276880256222598, -1.273029986254201], "normalizedAxes": [0.8691768646240234, 0.49450135231018066, 1.0980135740860778e-16, 0, -2.220446049250313e-16, 1, 0.49450135231018066, -0.8691768646240234, -1.929960335154187e-16]}, "segments": [50604, 52000, 29132, 29049, 29257, 29119], "label": "box"}, {"objectId": 18, "id": 18, "partId": 18, "index": 16, "dominantNormal": [0, -2.220446049250313e-16, 1], "obb": {"axesLengths": [0.7168263549783838, 0.33385001866854686, 0.3968312024408221], "centroid": [-0.7725386220594129, 2.2916917685485796, -1.2862649589121726], "normalizedAxes": [-0.4824712574481964, 0.8759117722511292, 1.9449148341868597e-16, 0, -2.220446049250313e-16, 1, 0.8759117722511292, 0.4824712574481964, 1.0713013974776784e-16]}, "segments": [50567, 28583, 37251, 37255, 50573, 51776, 36085, 36035, 36095, 37549, 40485, 40580, 51784, 51789, 53172, 37462, 38157, 55804], "label": "box"}, {"objectId": 19, "id": 19, "partId": 19, "index": 17, "dominantNormal": [0.09343953430652618, -0.9956249594688416, -2.2107315077875923e-16], "obb": {"axesLengths": [0.6812245499465727, 1.3870700008331978, 0.5216307359579342], "centroid": [-0.7536902079648693, -0.9265027222193876, -0.7235350307404621], "normalizedAxes": [0.9956249594688416, 0.09343953430652618, 2.0747744479471516e-17, 0, -2.220446049250313e-16, 1, 0.09343953430652618, -0.9956249594688416, -2.2107315077875923e-16]}, "segments": [26697, 32865, 26525, 26562, 26486, 26490, 27308, 27327, 27332, 32737, 51086, 51404, 32976, 27460, 31868, 31871, 31873, 31899, 31911, 31933, 31937, 31957, 31974, 31975, 32895, 32941, 34790, 51104, 51110, 51122, 51455, 51620, 51924, 52168, 31513, 31820, 34791, 27132, 31311, 31658, 31550, 27172, 27191, 27413, 29025, 29026, 29065, 29093, 31306, 31619, 31625, 31646, 31694, 31696, 31706, 31711, 32005, 32988, 34839, 34878, 35648, 35777, 35795, 35881, 35892, 38301, 50578, 50582, 51047, 51050, 51064, 51065, 51484, 51941, 51990, 51993, 51996, 52269, 52321, 52343, 52345, 52443, 52449, 53168, 50442, 26297, 26630, 26632, 32456, 26749, 26718, 26724, 26743, 50397, 52087], "label": "shelf"}, {"objectId": 20, "id": 20, "partId": 20, "index": 18, "dominantNormal": [0, -2.220446049250313e-16, 1], "obb": {"axesLengths": [5.098205419003618, 0.13334202468375744, 3.526174063084616], "centroid": [-1.21854321073247, 1.439718215289289, 0.83260793426764], "normalizedAxes": [0.9133214950561523, -0.40723931789398193, -9.042529345170845e-17, 0, -2.220446049250313e-16, 1, -0.40723931789398193, -0.9133214950561523, -2.0279811053928228e-16]}, "segments": [23751, 26922, 35218, 832, 1127, 1128, 1136, 1140, 1202, 2376, 2620, 2641, 2666, 2669, 2678, 2687, 2701, 3153, 4770, 5048, 5306, 5312, 5337, 5354, 6250, 6266, 9033, 9040, 9083, 9102, 22426, 22431, 23914, 23967, 24034, 24952, 24959, 25869, 25882, 26157, 30556, 35254, 35255, 38124, 39868, 41019, 41024, 41292, 41330, 41956, 41973, 41976, 41982, 41984, 41999, 43122, 44056, 44077, 44084, 44086, 44412, 44441, 44485, 48577, 48582, 48588, 48970, 49414, 49421, 49424, 55778, 56126, 56139, 56203, 56591, 56594, 56596, 56600, 56606, 56611, 56613, 56616, 56623, 56629], "label": "ceiling"}, {"objectId": 21, "id": 21, "partId": 21, "index": 19, "dominantNormal": [0.9864904880523682, -0.16381868720054626, -3.637505567878258e-17], "obb": {"axesLengths": [0.16410298279428545, 0.23291920349927525, 0.09586920013893631], "centroid": [-2.632281828604132, 2.5849620183007183, -0.03354043252303307], "normalizedAxes": [0.16381868720054626, 0.9864904880523682, 2.190448906818894e-16, 0, -2.220446049250313e-16, 1, 0.9864904880523682, -0.16381868720054626, -3.637505567878258e-17]}, "segments": [42216, 12910], "label": "bottle"}, {"objectId": 22, "id": 22, "partId": 22, "index": 20, "dominantNormal": [-0.514752984046936, -0.857338547706604, -1.90367399112513e-16], "obb": {"axesLengths": [0.4836349675551557, 0.43999995797872615, 0.36537874892022804], "centroid": [-2.548640472533614, 2.407850379958614, -0.3100000122189528], "normalizedAxes": [0.857338547706604, -0.514752984046936, -1.1429812297668286e-16, 0, -2.220446049250313e-16, 1, -0.514752984046936, -0.857338547706604, -1.90367399112513e-16]}, "segments": [15120, 15033, 15187, 46719, 46672, 13002, 14599, 14513, 14510, 14536, 46102, 13148], "label": "box"}, {"objectId": 23, "id": 23, "partId": 23, "index": 21, "dominantNormal": [0, -2.220446049250313e-16, 1], "obb": {"axesLengths": [0.3973876763930181, 0.30000000521540615, 0.36019697481213436], "centroid": [-3.312087262796817, 1.9320322696818937, 0.5199999674409619], "normalizedAxes": [0.9973813891410828, -0.07232153415679932, -1.605860647941866e-17, 0, -2.220446049250313e-16, 1, -0.07232153415679932, -0.9973813891410828, -2.2146315651141063e-16]}, "segments": [9270, 6731, 44600, 7896, 7479, 7480, 44310], "label": "basket"}, {"objectId": 24, "id": 24, "partId": 24, "index": 22, "dominantNormal": [0.9601700305938721, 0.27941644191741943, 6.204291345511136e-17], "obb": {"axesLengths": [0.28601518081158495, 0.45818302501328956, 0.22910752364980874], "centroid": [-1.030328078848433, 2.7493244510376798, 0.3607734715020616], "normalizedAxes": [-0.27941644191741943, 0.9601700305938721, 2.1320057510407155e-16, 0, -2.220446049250313e-16, 1, 0.9601700305938721, 0.27941644191741943, 6.204291345511136e-17]}, "segments": [34439, 34492, 53663, 39249, 33723, 34481], "label": "counter"}, {"objectId": 25, "id": 25, "partId": 25, "index": 23, "dominantNormal": [0, -2.220446049250313e-16, 1], "obb": {"axesLengths": [0.41261737424637795, 0.2683739974713173, 0.3581710195819428], "centroid": [-1.335470972581115, 3.164357455171325, -0.011901033776231085], "normalizedAxes": [0.7870755195617676, -0.6168566346168518, -1.3696968772888325e-16, 0, -2.220446049250313e-16, 1, -0.6168566346168518, -0.7870755195617676, -1.7476587278725643e-16]}, "segments": [34037, 34024, 53742, 39463], "label": "box"}, {"objectId": 26, "id": 26, "partId": 26, "index": 24, "dominantNormal": [0.8050094842910767, -0.5932619571685791, -1.31730616896548e-16], "obb": {"axesLengths": [0.3225486933855934, 0.4999999888241291, 0.23624619828813354], "centroid": [-1.1469576430806199, 2.902158638428776, 0.1199999704211947], "normalizedAxes": [0.5932619571685791, 0.8050094842910767, 1.7874801290031531e-16, 0, -2.220446049250313e-16, 1, 0.8050094842910767, -0.5932619571685791, -1.31730616896548e-16]}, "segments": [34552, 19750, 34428, 19865], "label": "item"}, {"objectId": 27, "id": 27, "partId": 27, "index": 25, "dominantNormal": [-0.3054237961769104, -0.9522165060043335, -2.1143453787882593e-16], "obb": {"axesLengths": [0.570179686155042, 0.2767289964095726, 0.22827972881076372], "centroid": [0.03569545196648782, 1.7672857800541997, -0.036468529258627536], "normalizedAxes": [0.9522165060043335, -0.3054237961769104, -6.781770615680536e-17, 0, -2.220446049250313e-16, 1, -0.3054237961769104, -0.9522165060043335, -2.1143453787882593e-16]}, "segments": [33111, 27622, 37653], "label": "box"}, {"objectId": 28, "id": 28, "partId": 28, "index": 26, "dominantNormal": [0, -2.220446049250313e-16, 1], "obb": {"axesLengths": [0.4263221354382406, 0.413603967124135, 0.41851101511422595], "centroid": [-0.37008818763905316, -0.7161153884027323, -0.3831980086893294], "normalizedAxes": [0.07380795478820801, 0.9972724914550781, 2.2143897636774448e-16, 0, -2.220446049250313e-16, 1, 0.9972724914550781, -0.07380795478820801, -1.638865816127222e-17]}, "segments": [51647, 32573, 32634, 32529, 26606, 51437, 9815], "label": "item"}, {"objectId": 29, "id": 29, "partId": 29, "index": 27, "dominantNormal": [-0.6497783064842224, -0.7601237893104553, -1.687813864915578e-16], "obb": {"axesLengths": [0.5674689448449732, 0.4727629615493946, 0.40614090945123066], "centroid": [-0.7079961597004316, -0.9219383736156064, -0.5063815171335304], "normalizedAxes": [0.7601237893104553, -0.6497783064842224, -1.4427976735214507e-16, 0, -2.220446049250313e-16, 1, -0.6497783064842224, -0.7601237893104553, -1.687813864915578e-16]}, "segments": [26417, 26385, 32791, 51398, 27024, 27296, 27304, 27417], "label": "box"}, {"objectId": 30, "id": 30, "partId": 30, "index": 28, "dominantNormal": [0, -2.220446049250313e-16, 1], "obb": {"axesLengths": [0.3397986956252831, 0.08886098663074549, 0.22343501946852798], "centroid": [-1.6456890405441307, 0.6203918932048322, 0.7855694397784139], "normalizedAxes": [0.9499631524085999, 0.31236201524734497, 6.935830026918332e-17, 0, -2.220446049250313e-16, 1, 0.31236201524734497, -0.9499631524085999, -2.1093419286990486e-16]}, "segments": [781, 55867, 1131], "label": "light"}, {"objectId": 31, "id": 31, "partId": 31, "index": 29, "dominantNormal": [0.8449314832687378, 0.5348745584487915, 1.1876601001521248e-16], "obb": {"axesLengths": [0.9657703382412681, 0.32000004529952886, 0.23587566104929253], "centroid": [-2.112067584191825, -1.114922819837322, -1.3100000047683718], "normalizedAxes": [-0.5348744988441467, 0.8449314832687378, 1.8761247739112758e-16, 0, -2.220446049250313e-16, 1, 0.8449314832687378, 0.5348744988441467, 1.1876599678032268e-16]}, "segments": [24227, 49943, 19766, 19445, 49482, 330, 24317, 15452, 15460, 15462, 15469, 15472, 19622, 19624, 19633, 21955, 21971, 22141, 24271, 24316, 24344, 24354, 24395, 24414, 24421, 46744, 47324, 47330, 47340, 47904, 47912, 49472, 49474, 49502, 49504, 49505], "label": "wall"}, {"objectId": 33, "id": 33, "partId": 33, "index": 30, "dominantNormal": [0, -2.220446049250313e-16, 1], "obb": {"axesLengths": [0.4180444673268232, 0.24198996479831716, 0.37656949568421283], "centroid": [-2.374807856568802, -0.543825600806435, -1.3309950251654907], "normalizedAxes": [0.4309445023536682, 0.9023784399032593, 2.0036826418118531e-16, 0, -2.220446049250313e-16, 1, 0.9023784399032593, -0.4309445023536682, -9.568890176973448e-17]}, "segments": [48717, 22337, 20155, 48714, 13484, 13492, 13905, 13911, 13922, 13942, 13950, 46310, 46312, 22197, 13466, 13471, 22168, 22309, 22321, 22332, 22346, 46327, 46333, 13621], "label": "basket"}, {"objectId": 34, "id": 34, "partId": 34, "index": 31, "dominantNormal": [-0.21222223341464996, -0.9772214293479919, -2.1698674620384927e-16], "obb": {"axesLengths": [0.29573004339980336, 0.2863000567339345, 0.22516149026763002], "centroid": [-3.568265247824585, 1.7500750010086954, -1.2931500104855747], "normalizedAxes": [0.9772214293479919, -0.21222221851348877, -4.712279866614128e-17, 0, -2.220446049250313e-16, 1, -0.21222221851348877, -0.9772214293479919, -2.1698674620384927e-16]}, "segments": [94, 4519, 43447], "label": "water"}, {"objectId": 52, "id": 52, "partId": 52, "index": 32, "dominantNormal": [0, -2.220446049250313e-16, 1], "obb": {"axesLengths": [0.6474010230120907, 0.1800000031292437, 0.22351324088239585], "centroid": [-0.21795482923399856, 1.7478265043192964, -0.22000002555549147], "normalizedAxes": [0.7235252857208252, -0.6902978420257568, -1.5327691161321085e-16, 0, -2.220446049250313e-16, 1, -0.6902978420257568, -0.7235252857208252, -1.6065488622115103e-16]}, "segments": [27512, 33263, 56324], "label": "toilet paper"}], "scan_id": "5630cfcd-12bf-2860-87f0-65937859709c", "annId": "6256", "appId": "stk.v1"}