{"segGroups": [{"objectId": 11, "id": 11, "partId": 11, "index": 0, "dominantNormal": [0, -2.220446049250313e-16, 1], "obb": {"axesLengths": [1.9140933943810061, 0.21946000562325096, 0.45274748079023563], "centroid": [0.13060721612110604, -1.0743471410292755, -0.7590569773975713], "normalizedAxes": [0.9473404288291931, -0.3202282786369324, -7.110496161576049e-17, 0, -2.220446049250313e-16, 1, -0.3202282786369324, -0.9473404288291931, -2.1035183124888792e-16]}, "segments": [5165, 6332, 32584, 947, 957, 3960, 3979, 4044, 4050, 4094, 4115, 4738, 4776, 4781, 4795, 4798, 4812, 4820, 4903, 4911, 5009, 5137, 5173, 5430, 6100, 6127, 6155, 6156, 6167, 6217, 6222, 6232, 6303, 6319, 6358, 6367, 6725, 7053, 7061, 7076, 7083, 7099, 8533, 13779, 13820, 13826, 13863, 13895, 32282, 32296, 32308, 32583, 32600, 32606, 32612, 32620, 32621, 32623, 32699, 32772, 32849, 6416, 5166, 6269, 5022, 7142, 34033], "label": "shelf"}, {"objectId": 12, "id": 12, "partId": 12, "index": 1, "dominantNormal": [-0.2969808280467987, -0.9548834562301636, -2.120267197880751e-16], "obb": {"axesLengths": [1.8466943862594725, 0.9644100003448869, 0.25333076862068116], "centroid": [0.5851129748000026, 0.5418788028912975, -0.6522050071463383], "normalizedAxes": [0.9548834562301636, -0.2969808280467987, -6.594299063396008e-17, 0, -2.220446049250313e-16, 1, -0.2969808280467987, -0.9548834562301636, -2.120267197880751e-16]}, "segments": [9958, 15670, 13627, 11350, 24557, 12164, 12189, 12215, 12235, 13444, 13457, 13470, 13472, 13576, 15689, 19554, 20203, 20227, 20237, 33760, 33912, 33931, 33936, 35671, 35997, 37504, 38642, 38646], "label": "shelf"}, {"objectId": 13, "id": 13, "partId": 13, "index": 2, "dominantNormal": [0.9271150231361389, -0.3747769296169281, -8.321719527180707e-17], "obb": {"axesLengths": [0.6663835003015843, 2.5034800208327157, 0.21697052235474196], "centroid": [-0.3836250236461469, 0.599719560516736, -0.4017400145590324], "normalizedAxes": [0.3747768998146057, 0.9271150231361389, 2.0586088903232523e-16, 0, -2.220446049250313e-16, 1, 0.9271150231361389, -0.3747768998146057, -8.321718865436216e-17]}, "segments": [16148, 15661, 34673, 9728, 13642, 15063, 15073, 16108, 17161, 17190, 34002, 34012, 34480, 34816, 35184, 20522], "label": "wall"}, {"objectId": 15, "id": 15, "partId": 15, "index": 3, "dominantNormal": [0.9923418760299683, 0.12352147698402405, 2.7427277556673967e-17], "obb": {"axesLengths": [1.1931528518401175, 2.540000024288891, 0.7357974089025737], "centroid": [2.857843121292838, 0.8947748909815778, -0.42000001628712], "normalizedAxes": [-0.12352147698402405, 0.9923418760299683, 2.203441598136387e-16, 0, -2.220446049250313e-16, 1, 0.9923418760299683, 0.12352147698402405, 2.7427277556673967e-17]}, "segments": [25352, 39497, 26651, 39407, 25251, 28269, 28182, 22866, 3019, 3024, 3084, 3094, 3100, 3162, 16055, 18457, 18468, 18506, 18587, 18668, 18690, 22154, 22173, 22176, 22191, 22211, 22240, 22301, 22365, 22382, 22394, 22419, 22451, 22458, 22485, 22512, 22525, 22555, 22568, 22599, 22641, 22673, 22674, 22785, 22834, 22883, 25260, 25628, 25662, 25678, 25682, 25739, 25750, 25773, 25775, 25814, 25828, 26261, 26378, 26379, 26402, 26403, 26441, 26449, 26457, 26463, 26519, 26525, 26530, 26547, 26570, 26606, 26619, 26658, 26662, 26667, 26735, 26766, 26798, 26816, 28193, 28203, 28222, 28247, 30725, 35093, 35095, 35097, 35102, 35112, 36250, 36253, 36255, 36256, 36314, 36320, 36356, 36371, 37953, 37958, 37960, 38307, 38316, 38321, 38331, 38337, 38401, 38410, 38463, 38510, 38550, 39678, 39714, 39717, 39721, 12605, 21559, 20267, 42440, 25901, 42377, 18742, 14461, 18714, 3010, 14511, 15646, 15665, 15695, 15759, 15766, 15815, 15838, 15843, 15861, 15867, 16626, 18667, 18717, 25291, 25297, 28170, 32114, 34230, 34287, 35071, 35398, 11402], "label": "wall"}, {"objectId": 16, "id": 16, "partId": 16, "index": 4, "dominantNormal": [-0.21512679755687714, -0.976586103439331, -2.1684567551346202e-16], "obb": {"axesLengths": [1.787983371495856, 1.1399999900162217, 0.5123550321846997], "centroid": [0.493374071660064, 0.4505438560027215, 0.299999981328694], "normalizedAxes": [0.976586103439331, -0.21512679755687714, -4.7767744772303974e-17, 0, -2.220446049250313e-16, 1, -0.21512679755687714, -0.976586103439331, -2.1684567551346202e-16]}, "segments": [34786, 15314, 34440, 34810, 15795, 14894, 13759, 21639, 14574, 21752, 21695, 21613, 2129, 2145, 2206, 2216, 2310, 2605, 2664, 2687, 13743, 14572, 14579, 14586, 15302, 31678, 31715, 31719, 31729, 31738, 34442, 36523, 15273, 2113, 3283, 34298, 865, 1272, 31931, 1303, 1105, 31765, 12340, 31671, 14614, 34551, 15189, 15243, 13935, 33961, 14175, 33707, 34394, 14143, 14099, 34417, 3583, 3570, 14991, 3389, 14625, 14681, 34602, 34610, 34608, 13499, 13493, 13924, 33940, 34247, 14189, 14218, 516, 587, 698, 1341, 2218, 2636, 2638, 2715, 2877, 3047, 3147, 3397, 3423, 3424, 3443, 3522, 3550, 3600, 3639, 11566, 11574, 11602, 11607, 11611, 11633, 12301, 12311, 12361, 12960, 12972, 12977, 13495, 14014, 14078, 14106, 14107, 14968, 15118, 15122, 15144, 15173, 15222, 22308, 31684, 31785, 32122, 33715, 33841, 33846, 33947, 33953, 34174, 34335, 34370, 34376, 34625, 15368, 12322], "label": "cabinet"}, {"objectId": 17, "id": 17, "partId": 17, "index": 5, "dominantNormal": [0, -2.220446049250313e-16, 1], "obb": {"axesLengths": [3.26168874286637, 0.31999998569488597, 1.957297790059248], "centroid": [0.9203868544639415, -1.0148248188518658, 0.9899999486206452], "normalizedAxes": [0.9999923706054688, 0.003913104999810457, 8.688838537130777e-19, 0, -2.220446049250313e-16, 1, 0.003913104999810457, -0.9999923706054688, -2.220429108591368e-16]}, "segments": [28313, 24002, 26539, 24180, 35135, 9078, 37758, 10972, 11036, 11822, 13420, 14267, 18381, 26953, 29196, 33491, 35390, 36582, 30323, 24443, 38613, 2909, 3194, 30635, 41739, 17996, 41754, 27729, 1711, 1721, 2920, 2972, 16271, 17984, 18044, 30663, 38594, 38621, 27451, 24740, 16922, 14543, 17022, 24482, 10103, 17939, 24945, 30682], "label": "ceiling"}, {"objectId": 20, "id": 20, "partId": 20, "index": 7, "dominantNormal": [0.9910374283790588, -0.13358460366725922, -2.966174054536346e-17], "obb": {"axesLengths": [0.3299566094554228, 0.5950380132711375, 0.1538889835224808], "centroid": [0.6688614931077681, -1.026072165059449, 0.5818279910720556], "normalizedAxes": [0.13358460366725922, 0.9910374283790588, 2.2005451425034713e-16, 0, -2.220446049250313e-16, 1, 0.9910374283790588, -0.13358460366725922, -2.966174054536346e-17]}, "segments": [11705, 32127, 36130, 11950, 3179], "label": "lamp"}, {"objectId": 21, "id": 21, "partId": 21, "index": 8, "dominantNormal": [0.714324414730072, -0.6998146772384644, -1.5539007352815312e-16], "obb": {"axesLengths": [0.6820996919164735, 0.899999956041575, 0.6298974721123675], "centroid": [2.103704016964503, -1.5423256023327023, -1.1799999897630538], "normalizedAxes": [0.6998146772384644, 0.7143244743347168, 1.5861189569193286e-16, 0, -2.220446049250313e-16, 1, 0.7143244743347168, -0.6998146772384644, -1.5539007352815312e-16]}, "segments": [19519, 19603, 19641, 40309, 40587, 40389, 40371, 29332, 24601, 37363, 24694, 29376, 40567, 29370, 23301, 37286, 40364, 23778, 37292, 23289, 8019, 23352, 39177, 17685, 27493, 39133, 38896, 38970, 1557, 22999, 1646, 23871, 37254, 37426, 23415, 17265], "label": "sink"}, {"objectId": 22, "id": 22, "partId": 22, "index": 9, "dominantNormal": [-0.31079670786857605, -0.9504764080047607, -2.1104815850597996e-16], "obb": {"axesLengths": [0.4273180768414259, 0.6399999713897708, 0.1428562439173468], "centroid": [1.1719836016633978, -1.5213271217138198, -0.8099999932648267], "normalizedAxes": [0.9504764080047607, -0.31079673767089844, -6.901073882812324e-17, 0, -2.220446049250313e-16, 1, -0.31079673767089844, -0.9504764080047607, -2.1104815850597996e-16]}, "segments": [11322, 11484, 8781, 33546], "label": "bag"}, {"objectId": 24, "id": 24, "partId": 24, "index": 10, "dominantNormal": [0.9790158867835999, -0.2037840485572815, -4.5249148551924966e-17], "obb": {"axesLengths": [0.3890858612260569, 0.4129260090084519, 0.11530822082967894], "centroid": [-0.2766812355123748, 0.7144039183951516, -0.7836079810201848], "normalizedAxes": [0.2037840336561203, 0.9790158867835999, 2.173851957961936e-16, 0, -2.220446049250313e-16, 1, 0.9790158867835999, -0.2037840336561203, -4.5249145243202515e-17]}, "segments": [12802, 13584, 12857, 7420, 7421, 7410, 15407, 11331, 7431, 11329, 11346, 11367, 13607, 15398, 34016], "label": "box"}, {"objectId": 25, "id": 25, "partId": 25, "index": 11, "dominantNormal": [0.9617918133735657, -0.2737818956375122, -6.079179285245755e-17], "obb": {"axesLengths": [0.3067504284903676, 0.253915989683956, 0.20758009721004494], "centroid": [2.4018815580142547, -1.1365782534670734, -0.609741996055799], "normalizedAxes": [0.2737818956375122, 0.9617918133735657, 2.1356068322066283e-16, 0, -2.220446049250313e-16, 1, 0.9617918133735657, -0.2737818956375122, -6.079179285245755e-17]}, "segments": [37809, 37871, 37754, 37851, 25793, 7942, 37484, 37880], "label": "item"}, {"objectId": 28, "id": 28, "partId": 28, "index": 12, "dominantNormal": [0.7852511405944824, -0.6191774010658264, -1.3748500139816909e-16], "obb": {"axesLengths": [0.4487145432098172, 0.5862289834120349, 0.12904129761583352], "centroid": [-0.17656043270044508, -0.73732629278471, 0.5168854835877057], "normalizedAxes": [0.6191774010658264, 0.7852511405944824, 1.7436077928023206e-16, 0, -2.220446049250313e-16, 1, 0.7852511405944824, -0.6191774010658264, -1.3748500139816909e-16]}, "segments": [2692, 6584, 32098, 32102, 38356, 2737, 38345, 27656, 32107, 2757, 27568, 27574, 27587, 32105, 32108, 38324], "label": "light"}, {"objectId": 32, "id": 32, "partId": 32, "index": 13, "dominantNormal": [0, -2.220446049250313e-16, 1], "obb": {"axesLengths": [0.5015834617721303, 0.12565302567959513, 0.41442711381713604], "centroid": [0.057705280445580764, -0.9797509723654285, -0.7079214981366382], "normalizedAxes": [0.9140692353248596, 0.4055582284927368, 9.005201661976532e-17, 0, -2.220446049250313e-16, 1, 0.4055582284927368, -0.9140692353248596, -2.0296414223183393e-16]}, "segments": [4766, 4136], "label": "breadboard"}, {"objectId": 33, "id": 33, "partId": 33, "index": 14, "dominantNormal": [0, -2.220446049250313e-16, 1], "obb": {"axesLengths": [0.4721660729536582, 0.22086899978960295, 0.3938389275500929], "centroid": [-0.5719233063871703, -0.8303395831447824, -0.759490511771655], "normalizedAxes": [0.9931336641311646, -0.1169852688908577, -2.5975947812919053e-17, 0, -2.220446049250313e-16, 1, -0.1169852688908577, -0.9931336641311646, -2.2051997208975317e-16]}, "segments": [6174, 6137, 6254, 7003], "label": "breadboard"}, {"objectId": 34, "id": 34, "partId": 34, "index": 15, "dominantNormal": [0, -2.220446049250313e-16, 1], "obb": {"axesLengths": [0.4203304054017721, 0.15097999235287318, 0.3046494567771704], "centroid": [1.1508858646057032, -1.4647642223362949, -1.6054899423535944], "normalizedAxes": [0.8611516952514648, -0.5083480477333069, -1.1287594142335308e-16, 0, -2.220446049250313e-16, 1, -0.5083480477333069, -0.8611516952514648, -1.9121408795263247e-16]}, "segments": [5915, 5961, 5995], "label": "box"}, {"objectId": 35, "id": 35, "partId": 35, "index": 16, "dominantNormal": [0.6152138113975525, -0.7883602976799011, -1.7505115083691372e-16], "obb": {"axesLengths": [0.12594841211571883, 0.14000004217028517, 0.0474452472220912], "centroid": [-0.24575914480561778, -1.1176394484327627, -0.6599999906571234], "normalizedAxes": [0.7883602976799011, 0.6152138113975525, 1.3660490769619227e-16, 0, -2.220446049250313e-16, 1, 0.6152138113975525, -0.7883602976799011, -1.7505115083691372e-16]}, "segments": [4245], "label": "plant"}, {"objectId": 26, "id": 26, "partId": 26, "index": 17, "dominantNormal": [0.995060920715332, -0.09926614165306091, -2.2041511205786105e-17], "obb": {"axesLengths": [0.7095325936205614, 1.525500025030224, 0.4275815976367895], "centroid": [0.8069469808137346, -0.9122082280083316, -1.7725900105256605], "normalizedAxes": [0.09926613420248032, 0.995060920715332, 2.209479090165738e-16, 0, -2.220446049250313e-16, 1, 0.995060920715332, -0.09926613420248032, -2.204150955142488e-17]}, "segments": [33176, 33200, 808, 33161, 5358, 33461, 5747, 5746, 5539, 5560, 5613, 10680, 32476, 9017, 31640, 33476, 33422, 5550, 5603, 5618, 5621, 5681, 5710, 5754, 6660, 6800, 9294, 9503, 9579, 9603, 25593, 29756, 29774, 31664, 32485, 33434, 32520, 8325, 8656, 8659, 8706, 8795, 31585, 31588, 33472, 32545, 5766, 5771, 5782, 5785, 5795, 5796, 7524, 7664, 7888, 7902, 7909, 7917, 8068, 8293, 14908, 15525, 31591, 31603, 31611, 32493, 32495, 32556, 33481, 5675], "label": "chair"}, {"objectId": 14, "id": 14, "partId": 14, "index": 18, "dominantNormal": [0.9441454410552979, 0.3295289874076843, 7.317013382028488e-17], "obb": {"axesLengths": [0.3875663482539405, 0.2776150641378372, 0.1652091683895031], "centroid": [0.3626366765204502, -0.7942448451085251, -0.9614724987864705], "normalizedAxes": [-0.3295289874076843, 0.9441454410552979, 2.0964240145089305e-16, 0, -2.220446049250313e-16, 1, 0.9441454410552979, 0.3295289874076843, 7.317013382028488e-17]}, "segments": [32143, 32205, 32169, 4297, 4309, 4356, 32149, 32186, 5283, 4395, 4691, 32366, 4635, 4658, 32229], "label": "stool"}, {"objectId": 39, "id": 39, "partId": 39, "index": 19, "dominantNormal": [0.8147071003913879, -0.5798726677894592, -1.287575974261344e-16], "obb": {"axesLengths": [0.34492110846701624, 0.3403039498559246, 0.2272379574826168], "centroid": [-0.40563220443820236, -0.487236125425396, -1.0285579720165312], "normalizedAxes": [0.5798726677894592, 0.8147071599960327, 1.8090132947091336e-16, 0, -2.220446049250313e-16, 1, 0.8147071599960327, -0.5798726677894592, -1.287575974261344e-16]}, "segments": [24309, 6686, 32657, 32625, 23584, 23957, 24331, 32628, 23949, 32686, 23130, 23056, 23185, 22528, 22662, 22679, 23103, 23133, 23134, 31492, 31511], "label": "stool"}, {"objectId": 1, "id": 1, "partId": 1, "index": 20, "dominantNormal": [0, -2.220446049250313e-16, 1], "obb": {"axesLengths": [4.853336253338854, 0.27999996513128345, 3.0800954334465254], "centroid": [0.6151585450347851, -0.339543464890831, -1.5900000068248823], "normalizedAxes": [0.9921156167984009, 0.12532606720924377, 2.7827977080284455e-17, 0, -2.220446049250313e-16, 1, 0.12532606720924377, -0.9921156167984009, -2.2029392017195468e-16]}, "segments": [11734, 25395, 12452, 11130, 96, 157, 909, 920, 926, 3674, 3816, 3834, 4312, 4505, 4532, 4844, 4916, 6572, 9178, 10583, 10591, 10595, 10612, 10623, 11211, 11592, 11982, 12457, 12502, 12653, 12659, 12678, 12717, 12726, 12729, 14163, 15474, 15475, 16360, 16372, 16378, 16614, 17046, 18124, 20409, 20528, 25037, 26954, 27964, 32022, 32025, 32027, 33657, 33658, 33703, 33819, 33829, 39010, 39036, 40509, 42327, 42344], "label": "floor"}, {"objectId": 2, "id": 2, "partId": 2, "index": 21, "dominantNormal": [0.9637754559516907, -0.26671501994132996, -5.922263123044446e-17], "obb": {"axesLengths": [1.973650817325287, 0.7599999734759336, 0.20672547725182905], "centroid": [2.519637884247513, -0.9917932355523725, -0.5099999880494206], "normalizedAxes": [0.26671501994132996, 0.9637754559516907, 2.1400114035323507e-16, 0, -2.220446049250313e-16, 1, 0.9637754559516907, -0.26671501994132996, -5.922263123044446e-17]}, "segments": [9968, 25096, 23646, 9936, 17822, 17911, 18318, 24093, 24191, 24234, 24240, 24247, 24362, 36822, 36854, 36862, 37037, 37041, 37889, 40703], "label": "wall"}, {"objectId": 3, "id": 3, "partId": 3, "index": 22, "dominantNormal": [-0.28151676058769226, -0.9595563411712646, -2.1306430867868201e-16], "obb": {"axesLengths": [3.3164725656981378, 2.583410026503874, 0.4462323211576232], "centroid": [0.7291321603234147, -1.4880599090044053, -0.3817050163515301], "normalizedAxes": [0.9595563411712646, -0.28151676058769226, -6.250927788446875e-17, 0, -2.220446049250313e-16, 1, -0.28151676058769226, -0.9595563411712646, -2.1306430867868201e-16]}, "segments": [31386, 5502, 3795, 30964, 3767, 3776, 3902, 4014, 4426, 4550, 5047, 5890, 5905, 5993, 6036, 8601, 9168, 9337, 12260, 13775, 13871, 14407, 16621, 17132, 17783, 17873, 17895, 17897, 19324, 19328, 19329, 19667, 20711, 20733, 20751, 20761, 20919, 20996, 21044, 21067, 21075, 21120, 21152, 21218, 21249, 21299, 21307, 21354, 21366, 21397, 21407, 21428, 21455, 21459, 21470, 21499, 21502, 21539, 21545, 21708, 21719, 21790, 21796, 21838, 21840, 22124, 22126, 22734, 22773, 22891, 22893, 22915, 22948, 22960, 22976, 23005, 23036, 23039, 23040, 23043, 23120, 26221, 26334, 26342, 27496, 27537, 27561, 27603, 27688, 27689, 27698, 27710, 27731, 27762, 27808, 27854, 27912, 27935, 27983, 27993, 28036, 28059, 28104, 28661, 28683, 28693, 28703, 28946, 29463, 30299, 30301, 30344, 30352, 30870, 30896, 32178, 32264, 32303, 32558, 32968, 33070, 33528, 34517, 34998, 35393, 35478, 35806, 36217, 36350, 36378, 36396, 36400, 36416, 36421, 36426, 36428, 36438, 36446, 36479, 36488, 36496, 36691, 36720, 36838, 36841, 36845, 36848, 36947, 37735, 38553, 38867, 38869, 38968, 39012, 39061, 39117, 39126, 39129, 39205, 39260, 39263, 39288, 39312, 39813, 39822, 39830, 39845, 39952, 40449, 40618, 40674, 40881, 41405, 24494, 40815, 30191, 3335, 19368, 20947, 20986, 20987, 21767, 21808, 22008, 22016, 22018, 22819, 28017, 30132, 30145, 35278, 36104, 36132, 36757, 37536, 40797, 41342, 41345, 41348, 41351, 41490, 39917, 21292, 36829, 28659], "label": "wall"}, {"objectId": 4, "id": 4, "partId": 4, "index": 23, "dominantNormal": [0.9576717615127563, -0.28786250948905945, -6.391831719222628e-17], "obb": {"axesLengths": [1.9666624554772176, 1.0681139886055733, 0.18487468259089765], "centroid": [2.242602402622353, -0.8981337386654633, 0.3840569827095317], "normalizedAxes": [0.28786250948905945, 0.9576717615127563, 2.1264584793295879e-16, 0, -2.220446049250313e-16, 1, 0.9576717615127563, -0.28786250948905945, -6.391831719222628e-17]}, "segments": [15976, 6517, 25432, 31107, 11506, 8787, 8825, 8826, 16423, 16430, 16445, 24299, 25421, 25577, 26013, 26029, 26065, 26169, 29819, 31060, 38021, 38062, 38227, 38232], "label": "kitchen cabinet"}, {"objectId": 5, "id": 5, "partId": 5, "index": 24, "dominantNormal": [0.9629887342453003, -0.26954156160354614, -5.985024955713539e-17], "obb": {"axesLengths": [1.968533443625724, 0.9313559920037684, 0.09734659180649552], "centroid": [1.9866142973974303, -0.8308669358113281, -1.1928820135248768], "normalizedAxes": [0.26954156160354614, 0.9629887342453003, 2.1382645304275367e-16, 0, -2.220446049250313e-16, 1, 0.9629887342453003, -0.26954156160354614, -5.985024955713539e-17]}, "segments": [23975, 22832, 16995, 1318, 1462, 1463, 1538, 9111, 9143, 9158, 10878, 10894, 24629, 24634, 24656, 33694, 37590], "label": "kitchen cabinet"}, {"objectId": 6, "id": 6, "partId": 6, "index": 25, "dominantNormal": [0, -2.220446049250313e-16, 1], "obb": {"axesLengths": [1.973444655868177, 0.45999996826052714, 0.6369276505704311], "centroid": [2.253896065425489, -0.8990271950424151, -0.6599999906571237], "normalizedAxes": [0.2861124575138092, 0.9581960439682007, 2.1276226202364705e-16, 0, -2.220446049250313e-16, 1, 0.9581960439682007, -0.2861124575138092, -6.352972759278357e-17]}, "segments": [18287, 7577, 1269, 7632, 7635, 8638, 8673, 10014, 10031, 16822, 16854, 16856, 16865, 16889, 16906, 18317, 29285, 35110, 35114, 29683, 14504, 29276, 20067, 24583, 1259, 37637, 40696, 29668, 16860, 8663], "label": "kitchen counter"}, {"objectId": 7, "id": 7, "partId": 7, "index": 26, "dominantNormal": [-0.3297739028930664, -0.9440599679946899, -2.0962342261891863e-16], "obb": {"axesLengths": [1.010289879370504, 2.5741299411476404, 0.19272116002290526], "centroid": [2.357205699448967, 0.0930132975759641, -0.35706499319393403], "normalizedAxes": [0.9440599679946899, -0.3297739028930664, -7.322451598247657e-17, 0, -2.220446049250313e-16, 1, -0.3297739028930664, -0.9440599679946899, -2.0962342261891863e-16]}, "segments": [28379, 29041, 11489, 14497, 14527, 39806, 39809, 41670, 28137], "label": "wall"}, {"objectId": 8, "id": 8, "partId": 8, "index": 27, "dominantNormal": [-0.33431383967399597, -0.9424617886543274, -2.0926855551868848e-16], "obb": {"axesLengths": [1.6941365539512925, 0.9468900349686282, 0.45811739742265123], "centroid": [0.4779316930466523, 0.45049213720990866, -1.1834449891424574], "normalizedAxes": [0.9424617886543274, -0.33431386947631836, -7.423259106882759e-17, 0, -2.220446049250313e-16, 1, -0.33431386947631836, -0.9424617886543274, -2.0926855551868848e-16]}, "segments": [27336, 22355, 35763, 38735, 9637, 9652, 9669, 9739, 9742, 9766, 9773, 9805, 9819, 9843, 12025, 12046, 12047, 12050, 12066, 13009, 13037, 13046, 13057, 13130, 13566, 13583, 14706, 14727, 14740, 14741, 14786, 16153, 16243, 16252, 16284, 18895, 18897, 18901, 18926, 18965, 18980, 18988, 19015, 19023, 19027, 19053, 19061, 19084, 19088, 19115, 19131, 19132, 19149, 19152, 19188, 19209, 19215, 19244, 19265, 19292, 19323, 19345, 19357, 19360, 19384, 19413, 19414, 19464, 19474, 19566, 19610, 19849, 19914, 20011, 20017, 20066, 20079, 20099, 20114, 20184, 20258, 20578, 22449, 22468, 28966, 28979, 33572, 33748, 33848, 33850, 33851, 33859, 33861, 33910, 34366, 34369, 34999, 35438, 35450, 35455, 35483, 35492, 35497, 35524, 35527, 35548, 35551, 35556, 35589, 35592, 35600, 35624, 35640, 35693, 35968, 35983, 36209, 36632, 36664, 36667, 36682, 36683, 38575, 38676, 38695, 38855, 20022], "label": "commode"}, {"objectId": 9, "id": 9, "partId": 9, "index": 28, "dominantNormal": [0, -2.220446049250313e-16, 1], "obb": {"axesLengths": [0.45118989611066895, 0.3600000062584874, 0.4239457311420971], "centroid": [0.25872123546986303, 0.5415996501867175, -1.0499999974371514], "normalizedAxes": [0.837380588054657, -0.5466203093528748, -1.2137409063425747e-16, 0, -2.220446049250313e-16, 1, -0.5466203093528748, -0.837380588054657, -1.859358418464867e-16]}, "segments": [7432, 20311, 19707, 36031, 11916, 19888, 20039, 35691, 35710, 35746, 19732], "label": "box"}, {"objectId": 10, "id": 10, "partId": 10, "index": 29, "dominantNormal": [0.9746700525283813, -0.22364763915538788, -4.9659751678674064e-17], "obb": {"axesLengths": [0.6794189669626928, 2.6030569686802396, 0.17557771143288264], "centroid": [-0.7959815662093592, -0.693857134378583, -0.38179153249148845], "normalizedAxes": [0.22364763915538788, 0.9746700525283813, 2.1642022674592395e-16, 0, -2.220446049250313e-16, 1, 0.9746700525283813, -0.22364763915538788, -4.9659751678674064e-17]}, "segments": [23135, 38262, 25202, 30972, 37826, 37829, 37838, 12135, 6767, 7315, 25163, 25436, 25525, 25554, 25573, 21386], "label": "wall"}], "scan_id": "5341b7c3-8a66-2cdd-8651-225a7489523a", "annId": "3551", "appId": "stk.v1"}