{"segGroups": [{"objectId": 9, "id": 9, "partId": 9, "index": 0, "dominantNormal": [0.8608738780021667, 0.5088183283805847, 1.1298036470388178e-16], "obb": {"axesLengths": [1.2530508546095058, 1.0502599839062987, 0.4191851303960571], "centroid": [-2.0787977260327652, 0.01831419221116304, -0.9551301515445854], "normalizedAxes": [-0.5088183283805847, 0.8608739376068115, 1.9115241336616052e-16, 0, -2.220446049250313e-16, 1, 0.8608739376068115, 0.5088183283805847, 1.1298036470388178e-16]}, "segments": [25809, 10383, 20577, 7859, 7902, 7928, 7990, 7994, 7997, 7998, 8058, 8070, 8116, 8202, 8210, 8596, 8633, 8636, 8642, 8722, 8869, 8994, 9037, 9080, 9104, 9117, 14930, 15224, 15240, 15347, 15402, 18025, 18071, 18072, 18126, 20346, 20376, 20381, 20412, 22425, 25753, 25814, 25818, 25823, 25826, 25951, 9100, 9414, 9453, 15948, 20553, 21071, 20730, 6637, 9892, 9946, 10000, 10022, 10500, 19904, 20681, 20787, 20958, 9698, 8171, 9325, 9702, 9859, 10024, 10607, 15020, 17983, 20435, 20741, 7717, 26716, 18056, 26736, 14300, 18657, 7742, 7786, 7815, 8772, 12058, 12654, 14160, 14931, 15059, 15424, 15426, 15443, 15447, 15573, 15574, 15604, 15628, 15681, 16533, 16553, 16582, 16584, 16587, 16597, 16601, 16603, 16609, 16611, 16613, 16614, 16643, 16656, 16712, 16758, 16773, 16776, 16807, 16821, 16843, 16857, 16875, 16886, 16887, 17552, 17584, 17693, 18092, 18111, 18183, 18298, 18652, 18783, 18822, 18836, 18855, 18879, 18887, 18971, 20364, 20919, 21575, 22526, 22648, 22807, 23178, 23373, 23383, 24413, 24422, 24460, 24474, 24479, 24485, 24491, 24507, 24569, 24572, 24580, 25204, 25246, 25285, 25288, 25290, 25301, 25318, 25321, 25324, 25665, 25725, 25831, 25837, 25958, 26061, 26081, 26158, 26274, 26380, 26388, 26395, 26499, 26675, 26678, 26681, 26684, 26688, 26756, 26762, 26802, 26817, 26858, 26929, 24955, 2486, 2510, 2531, 2573, 4251, 5325, 11307, 11313, 15502, 15562, 15592, 15594, 15621, 15655, 15666, 16908, 16912, 16924, 16956, 16995, 17035, 17054, 17084, 17098, 17128, 17154, 17172, 17175, 17203, 17218, 17355, 17613, 18273, 18688, 18779, 18979, 19015, 19020, 19038, 19470, 20355, 21356, 23390, 24337, 24343, 24351, 24354, 24824, 24830, 24848, 24852, 25046, 25820, 26037, 26063, 26165, 26642, 26645, 2577, 24395, 23500], "label": "bicycle"}, {"objectId": 10, "id": 10, "partId": 10, "index": 1, "dominantNormal": [0, -2.220446049250313e-16, 1], "obb": {"axesLengths": [1.176801963700996, 0.962662019670113, 1.0984140927800383], "centroid": [-1.3733410638176093, 0.11473563362937012, -0.9886691479682401], "normalizedAxes": [0.9618898630142212, 0.2734372019767761, 6.071525548473924e-17, 0, -2.220446049250313e-16, 1, 0.2734372019767761, -0.9618898630142212, -2.1358245461438523e-16]}, "segments": [4538, 7071, 19184, 12294, 19019, 4548, 24535, 4249, 4684, 24676, 16141, 25599, 18550, 21278, 9419, 21165, 1721, 21305, 9553, 9585, 21284, 1689, 20982, 7049, 4460, 1679, 8529, 19599, 23171, 3007, 3028, 3236, 18849, 11517, 18232, 1578, 19335, 19384, 1296, 4424, 1174, 17990, 2263, 18268, 21342, 3607, 4312, 4273], "label": "armchair"}, {"objectId": 11, "id": 11, "partId": 11, "index": 2, "dominantNormal": [0, -2.220446049250313e-16, 1], "obb": {"axesLengths": [0.43050329408522986, 0.3317019865281434, 0.3597370258239767], "centroid": [-1.1330746264245413, 0.06539504276476032, -0.8064821610641029], "normalizedAxes": [0.3955537974834442, 0.9184427857398987, 2.0393526550586098e-16, 0, -2.220446049250313e-16, 1, 0.9184427857398987, -0.3955537974834442, -8.783058668880721e-17]}, "segments": [22147, 4779, 4792, 3957, 3982, 4033, 4096, 4097, 4107, 4804, 4805, 4828, 4838, 4913, 4938, 4989, 5017, 8436, 18892, 19779, 19926, 19953, 19956, 19967, 19977, 19988, 21059, 8388, 21032, 4090], "label": "box"}, {"objectId": 12, "id": 12, "partId": 12, "index": 3, "dominantNormal": [0.9510522484779358, -0.30903005599975586, -6.861845669442609e-17], "obb": {"axesLengths": [0.6500529479083214, 0.5211109998573882, 0.293897132740961], "centroid": [-1.4010081990012595, 0.1961143483834975, -0.7150756389258319], "normalizedAxes": [0.30903005599975586, 0.9510522484779358, 2.1117602077634596e-16, 0, -2.220446049250313e-16, 1, 0.9510522484779358, -0.30903005599975586, -6.861845669442609e-17]}, "segments": [16414, 13808, 2470, 3227, 17839, 25524, 25546, 3047, 3219, 19107], "label": "cushion"}, {"objectId": 13, "id": 13, "partId": 13, "index": 4, "dominantNormal": [0, -2.220446049250313e-16, 1], "obb": {"axesLengths": [1.1852852931411504, 1.0419339900776594, 1.1458238683685418], "centroid": [0.0652777237738646, 1.0122491561790148, -0.9273431522248012], "normalizedAxes": [0.968968391418457, -0.2471846342086792, -5.488601444640455e-17, 0, -2.220446049250313e-16, 1, -0.2471846342086792, -0.968968391418457, -2.151542036573544e-16]}, "segments": [10614, 11246, 11194, 13654, 13764, 21756, 22684, 22688, 22692, 12193, 22059, 999, 6046, 22012, 22031, 6115, 14301, 6341, 6171, 63, 12567, 22694, 22579, 22080, 2413, 10896, 2103, 1845, 9663, 9641, 22551, 22487, 21601, 22102, 10396, 10427, 2170, 19433, 19447, 22019, 11026, 9045, 11986, 977, 21900, 21935, 1100, 21706, 12503], "label": "armchair"}, {"objectId": 14, "id": 14, "partId": 14, "index": 5, "dominantNormal": [0, -2.220446049250313e-16, 1], "obb": {"axesLengths": [0.33965784209430605, 0.2734270034709496, 0.3982304568987727], "centroid": [-0.12922467984999916, 1.2619186056618903, -0.5332866620282863], "normalizedAxes": [0.017717622220516205, 0.9998430013656616, 2.2200974422529587e-16, 0, -2.220446049250313e-16, 1, 0.9998430013656616, -0.017717622220516205, -3.934102426165477e-18]}, "segments": [21634, 11928, 10768, 11888], "label": "clothes"}, {"objectId": 15, "id": 15, "partId": 15, "index": 6, "dominantNormal": [0.9998235702514648, -0.018784545361995697, -4.171006953600664e-18], "obb": {"axesLengths": [0.7582874064899289, 1.1601249614330011, 0.386944984250378], "centroid": [0.6836836735994468, 0.7594240724260097, -0.8535676389135234], "normalizedAxes": [0.018784543499350548, 0.9998235702514648, 2.220054296512208e-16, 0, -2.220446049250313e-16, 1, 0.9998235702514648, -0.018784543499350548, -4.1710065400103575e-18]}, "segments": [7029, 1897, 22592, 22616, 4477, 10457, 12811, 25963, 22734], "label": "stand"}, {"objectId": 16, "id": 16, "partId": 16, "index": 7, "dominantNormal": [0.9859006404876709, -0.16733190417289734, -3.715514655342419e-17], "obb": {"axesLengths": [0.45989497229249093, 0.8621600077563515, 0.3017398660551233], "centroid": [1.2855191247355031, 1.4646804498533117, -1.0056401396772268], "normalizedAxes": [0.16733190417289734, 0.9859006404876709, 2.189139182124202e-16, 0, -2.220446049250313e-16, 1, 0.9859006404876709, -0.16733190417289734, -3.715514655342419e-17]}, "segments": [19230, 12135, 13264, 189], "label": "wall"}, {"objectId": 18, "id": 18, "partId": 18, "index": 9, "dominantNormal": [0, -2.220446049250313e-16, 1], "obb": {"axesLengths": [0.6814179145481649, 0.222565049918777, 0.40571374805042665], "centroid": [-1.0617406910738607, -1.257393740487231, -1.0024176444317958], "normalizedAxes": [0.4077605903148651, 0.913088858127594, 2.0274645476438957e-16, 0, -2.220446049250313e-16, 1, 0.913088858127594, -0.4077605903148651, -9.054103918046177e-17]}, "segments": [10213, 9067, 8232, 8190, 10246, 6395, 10180], "label": "table"}, {"objectId": 1, "id": 1, "partId": 1, "index": 12, "dominantNormal": [0, -2.220446049250313e-16, 1], "obb": {"axesLengths": [4.523926637231022, 0.2799999651312837, 2.8586626728471614], "centroid": [-0.27400393952180213, 0.6487248379860076, -1.470000157803297], "normalizedAxes": [0.7398197054862976, 0.6728051900863647, 1.4939276262423745e-16, 0, -2.220446049250313e-16, 1, 0.6728051900863647, -0.7398197054862976, -1.6427297422045797e-16]}, "segments": [859, 8916, 9390, 23941, 12377, 23611, 1955, 5090, 3790, 7892, 10821, 4410, 816, 9119, 12443], "label": "floor"}, {"objectId": 2, "id": 2, "partId": 2, "index": 13, "dominantNormal": [0.5178966522216797, -0.8554431796073914, -1.8994654285173581e-16], "obb": {"axesLengths": [3.7864512963198806, 1.4100699631109086, 0.10858679940162569], "centroid": [-0.9817431479239719, 1.502996577067978, -0.7750351423389841], "normalizedAxes": [0.8554431796073914, 0.5178966522216797, 1.149961575345592e-16, 0, -2.220446049250313e-16, 1, 0.5178966522216797, -0.8554431796073914, -1.8994654285173581e-16]}, "segments": [15930, 5472, 7328, 1087, 2056, 5474], "label": "wall"}, {"objectId": 3, "id": 3, "partId": 3, "index": 14, "dominantNormal": [0.800150454044342, 0.5997993350028992, 1.3318220637501525e-16], "obb": {"axesLengths": [0.8504489045519056, 1.0182440053319028, 0.3728443120865278], "centroid": [0.7050359546689384, 2.0457727897593116, -0.9028581607448007], "normalizedAxes": [-0.5997993350028992, 0.800150454044342, 1.7766909144886035e-16, 0, -2.220446049250313e-16, 1, 0.800150454044342, 0.5997993350028992, 1.3318220637501525e-16]}, "segments": [12901, 10672, 21620, 21630, 2097, 2393, 22948, 13610], "label": "rolled carpet"}, {"objectId": 4, "id": 4, "partId": 4, "index": 15, "dominantNormal": [0.7393726706504822, 0.6732963919639587, 1.4950183135108624e-16], "obb": {"axesLengths": [0.5240293152853817, 0.7656559773015381, 0.3913321828492957], "centroid": [0.6073392477986433, 2.1917543115904428, -1.1471721105909651], "normalizedAxes": [-0.6732963919639587, 0.7393726706504822, 1.641737125469516e-16, 0, -2.220446049250313e-16, 1, 0.7393726706504822, 0.6732963919639587, 1.4950183135108624e-16]}, "segments": [19756, 3090, 5548, 11423, 11482, 14634, 19643, 24067, 19411, 3461, 14458, 23051, 4116, 19542, 3941, 3914, 22935, 14604, 14408, 3128, 2873, 14612, 22923, 3386, 19801, 4564, 19481, 4695, 23072, 2979, 3057, 3412, 3413, 3472, 4528, 4555, 4626, 4633, 5395, 5459, 5461, 5507, 5662, 6453, 11360, 11377, 11411, 11413, 11443, 11481, 11582, 11666, 11749, 11759, 11773, 11777, 12728, 12743, 12786, 12797, 12800, 12803, 14335, 14362, 14379, 14392, 14434, 14481, 14560, 14618, 19370, 19390, 19473, 19478, 19484, 19489, 19670, 19676, 19699, 19701, 19795, 19813, 19867, 21845, 21848, 21856, 21863, 22852, 22899, 22927, 22959, 22963, 22968, 22971, 22988, 23105, 23108], "label": "folded beach chairs"}, {"objectId": 5, "id": 5, "partId": 5, "index": 16, "dominantNormal": [-0.48003292083740234, -0.8772504925727844, -1.9478873904361303e-16], "obb": {"axesLengths": [1.2659325078864543, 1.3355879932138017, 0.6003242221567405], "centroid": [1.0684239130964863, 2.0171308480760572, -0.770076158939093], "normalizedAxes": [0.8772504925727844, -0.48003292083740234, -1.0658872025834983e-16, 0, -2.220446049250313e-16, 1, -0.48003292083740234, -0.8772504925727844, -1.9478873904361303e-16]}, "segments": [12854, 95, 14033, 13353, 13331, 18527], "label": "wall"}, {"objectId": 6, "id": 6, "partId": 6, "index": 17, "dominantNormal": [0.5199543237686157, -0.8541940450668335, -1.8966917926617943e-16], "obb": {"axesLengths": [2.2152104405134536, 1.2714200182686732, 0.23137901563778415], "centroid": [-1.0882749908217884, 1.3269376765977676, -0.8457101599340886], "normalizedAxes": [0.8541940450668335, 0.5199543237686157, 1.154530524002641e-16, 0, -2.220446049250313e-16, 1, 0.5199543237686157, -0.8541940450668335, -1.8966917926617943e-16]}, "segments": [7144, 22409, 22415, 13157, 22458, 13504, 15979, 454, 490, 7140, 469, 23546, 23517, 23286, 19085, 15734, 6571, 15305, 466, 3737, 5543, 5564, 7624, 15184, 15201, 15208, 15242, 15328, 15335, 16060, 23526, 23422, 25118, 25127, 1429, 1382, 5686, 5223, 10719, 6983, 20049, 20127, 5083, 20078, 20095, 10933, 20221, 21383, 5100, 21427, 21456, 3887, 21490, 21372, 5179, 20239, 9829, 5972, 19689, 20204, 20403, 20314, 20329, 3892, 2308, 6014], "label": "curtain"}, {"objectId": 7, "id": 7, "partId": 7, "index": 18, "dominantNormal": [0.5164229273796082, -0.8563336730003357, -1.901442721053605e-16], "obb": {"axesLengths": [1.5715170513890362, 0.8785099190806614, 0.24554310429739443], "centroid": [-1.1265530517804638, 1.3008010892136042, -0.8692551191317666], "normalizedAxes": [0.8563336730003357, 0.5164229273796082, 1.1466892488423323e-16, 0, -2.220446049250313e-16, 1, 0.5164229273796082, -0.8563336730003357, -1.901442721053605e-16]}, "segments": [7384, 8956, 15796, 22248, 22233, 5905, 5614], "label": "air conditioner"}, {"objectId": 8, "id": 8, "partId": 8, "index": 19, "dominantNormal": [0.8495845794677734, 0.5274524688720703, 1.1711797506743123e-16], "obb": {"axesLengths": [2.4207476284725327, 1.4199999774992464, 0.28916714724765197], "centroid": [-1.9056559136998097, -0.45997246097021904, -0.7800001495331523], "normalizedAxes": [-0.5274524092674255, 0.8495845794677734, 1.8864567229832062e-16, 0, -2.220446049250313e-16, 1, 0.8495845794677734, 0.5274524092674255, 1.1711796183254143e-16]}, "segments": [10037, 20368, 7413, 7420, 20852, 397, 26567, 1753, 15076, 7987, 2389, 2385, 7248, 4313, 13253, 8044, 6283, 13202, 20493, 16545, 16518, 16648, 762, 10205, 20645, 16431, 16765, 7645, 26213, 11424, 10603, 709, 10604, 11972, 808, 11801, 22253, 839, 11770, 14714, 18583, 14778, 26695, 26291, 14080, 25206, 13626, 17522, 25327, 13289, 687, 12740, 19892, 23262, 7499, 6524, 25421, 17966, 14800, 17276, 15407, 18282, 26612, 15532, 25443, 20611, 21228], "label": "curtain"}], "scan_id": "0958220d-e2c2-2de1-9710-c37018da1883", "annId": "6487", "appId": "stk.v1"}