{"segGroups": [{"objectId": 20, "id": 20, "partId": 20, "index": 0, "dominantNormal": [0.5110157132148743, -0.8595713376998901, -1.9086317808445278e-16], "obb": {"axesLengths": [0.6580192106866952, 0.7919359626188283, 0.6058433878610314], "centroid": [1.9709186300440704, -1.3615538572731505, -1.0860019871293303], "normalizedAxes": [0.8595713376998901, 0.5110157132148743, 1.1346828215127986e-16, 0, -2.220446049250313e-16, 1, 0.5110157132148743, -0.8595713376998901, -1.9086317808445278e-16]}, "segments": [70120, 45712, 68991, 47870, 48023, 48068, 68749, 33610, 45785, 47890, 49376, 70315, 35199, 51299, 35043, 33655, 35024, 35027, 35198, 35211, 46656, 46665, 46696, 48026, 48088, 48092, 48097, 49356, 49359, 64287, 70201], "label": "chair"}, {"objectId": 21, "id": 21, "partId": 21, "index": 1, "dominantNormal": [0.41257426142692566, -0.910923957824707, -2.0226575033193295e-16], "obb": {"axesLengths": [0.7218282714835729, 0.7958879292930376, 0.5681332471995395], "centroid": [1.1425243573030452, -1.612763388024097, -1.0760460149187736], "normalizedAxes": [0.910923957824707, 0.41257429122924805, 9.160989549822319e-17, 0, -2.220446049250313e-16, 1, 0.41257429122924805, -0.910923957824707, -2.0226575033193295e-16]}, "segments": [31380, 28455, 64117, 35393, 32277, 35351, 28031, 28361, 28475, 28509, 28511, 31325, 31450, 32294, 32295, 33785, 33799, 62441, 62455, 62545, 63617, 64136, 64274, 64277, 64440, 34765, 25740, 30930, 30973, 63271], "label": "chair"}, {"objectId": 22, "id": 22, "partId": 22, "index": 2, "dominantNormal": [0.9066271185874939, 0.42193281650543213, 9.36879055458544e-17], "obb": {"axesLengths": [3.4055749452815385, 1.9887100013633807, 1.832920141387591], "centroid": [-1.0957167416582048, -2.4446619583838993, -0.4843550705978632], "normalizedAxes": [-0.42193281650543213, 0.9066271185874939, 2.013116603610796e-16, 0, -2.220446049250313e-16, 1, 0.9066271185874939, 0.42193281650543213, 9.36879055458544e-17]}, "segments": [5347, 47625, 56954, 19838, 20035, 19860, 20050, 19823, 20984, 31810, 75014, 52756, 74964, 55102, 51628, 5307, 5356, 5357, 5387, 5418, 5439, 5444, 5446, 5456, 5460, 5476, 5535, 5584, 5590, 5712, 5715, 5742, 5789, 5810, 5816, 5879, 5929, 5937, 6002, 6032, 6052, 6059, 6069, 6076, 6084, 6098, 6104, 6117, 6167, 6171, 6204, 6219, 6242, 6253, 6263, 19830, 19850, 19987, 20024, 20075, 20077, 20714, 20715, 20943, 20962, 20963, 20986, 27169, 27226, 32179, 32410, 32468, 32598, 32600, 33354, 37192, 39920, 40024, 40030, 40150, 40166, 40333, 45723, 45750, 45779, 45805, 45812, 45839, 49386, 49403, 50352, 50373, 50383, 50427, 50439, 50457, 50462, 50472, 52615, 52621, 52629, 52660, 52678, 52683, 52705, 52794, 52900, 52902, 52991, 52992, 53012, 53054, 53055, 53181, 54581, 54592, 54595, 54635, 54650, 54654, 54661, 54669, 54674, 54676, 54688, 54754, 55086, 55768, 55787, 55790, 55791, 55804, 56695, 56710, 56712, 56716, 56726, 56728, 56962, 57883, 58509, 58520, 58533, 58539, 58544, 58587, 58612, 58641, 58652, 58657, 58660, 58664, 58668, 58700, 58730, 58736, 58744, 60897, 60908, 60999, 61003, 61006, 61009, 61028, 61030, 61032, 61152, 61155, 61158, 67240, 67242, 72297, 72725, 72737, 72742, 72754, 72755, 72757, 72767, 72770, 72774, 73506, 73553, 73647, 74836, 74856, 75144, 75161, 48885, 67626, 51044, 69617, 18083, 69114, 43185, 38504, 32524, 34383, 36143, 23196, 340, 17901, 17915, 17916, 17917, 17919, 17941, 17956, 17968, 17976, 18051, 18074, 19353, 19383, 19411, 19453, 19459, 19493, 21417, 21463, 21465, 21514, 22426, 22454, 22459, 22503, 22522, 22524, 22542, 22590, 22653, 22663, 22682, 23573, 23575, 23672, 23749, 23787, 24503, 24521, 24552, 25741, 25929, 27084, 27665, 27705, 27750, 27784, 27829, 27848, 27852, 27886, 27893, 27935, 27948, 27953, 27961, 27973, 28232, 28313, 28410, 29434, 29471, 29491, 29515, 29543, 29958, 29981, 33147, 33903, 33909, 33923, 33967, 33996, 34019, 34038, 34049, 34064, 34088, 34108, 34128, 34130, 34153, 34191, 34197, 34199, 34227, 34288, 34311, 34313, 34337, 34349, 34382, 34386, 34447, 34483, 34487, 34509, 34517, 34528, 34542, 34583, 34585, 34586, 34604, 34628, 34635, 34655, 34659, 34992, 35529, 35727, 35804, 35895, 35969, 35982, 35986, 38618, 38746, 38826, 39098, 39105, 39145, 39208, 39243, 39256, 39492, 39503, 40302, 40390, 40428, 40437, 41443, 43186, 43376, 43408, 43413, 43424, 43501, 43520, 43566, 43659, 43662, 43694, 43718, 43735, 43740, 43933, 45894, 48965, 48993, 49002, 49025, 49040, 49083, 49342, 50437, 51212, 51214, 51248, 51340, 51367, 51391, 54978, 55010, 55136, 55212, 60490, 60491, 60772, 60900, 60903, 60914, 60965, 61046, 61400, 61410, 61428, 61462, 61483, 61718, 61722, 61755, 62753, 62755, 62761, 62764, 63042, 64081, 64083, 64194, 64489, 64558, 64564, 64567, 64733, 64766, 64860, 65074, 66618, 66665, 66687, 66776, 66888, 67000, 67320, 67921, 67927, 68355, 69351, 69558, 69572, 69589, 75000, 3018, 21552, 38476, 19592, 69128, 61695, 61776, 30383, 27401, 64801, 49, 62, 73, 74, 80, 89, 113, 119, 150, 163, 164, 169, 541, 768, 915, 924, 984, 1119, 1156, 2025, 3124, 6348, 8663, 8681, 9326, 9670, 11138, 13797, 13939, 14016, 14067, 18184, 18196, 18204, 18212, 18239, 18251, 18741, 19176, 19346, 19358, 19359, 19437, 19472, 19499, 19516, 19524, 19529, 19538, 19539, 19545, 19555, 19561, 19580, 19583, 19587, 21304, 21449, 21510, 21531, 22343, 22376, 22742, 22748, 22770, 22807, 22820, 22821, 22928, 22952, 22966, 22969, 23016, 23024, 23049, 23614, 23622, 23696, 23703, 25007, 25051, 25256, 25330, 25439, 25627, 25629, 25630, 26333, 27469, 29274, 29616, 29681, 30117, 30342, 32082, 35799, 35896, 39004, 39433, 55202, 57002, 57071, 57769, 57838, 57844, 58515, 58524, 59456, 59914, 59919, 59933, 59935, 60019, 60022, 60332, 60425, 60428, 60468, 60786, 60792, 60807, 60812, 60815, 60818, 60822, 60825, 60826, 60830, 60842, 60844, 60849, 60852, 60853, 60970, 62009, 62264, 62477, 62614, 64615, 64846, 64850, 64855, 66620, 72168, 72174, 72302, 72313, 72448, 72451, 72454, 72847, 74009, 74029, 74850, 74852, 75147, 75156, 36450, 69471, 45795, 47589, 47295, 48617, 68931, 50773, 46990, 44010, 49119, 49179, 66814, 8453, 8573, 8532], "label": "kitchen cabinet"}, {"objectId": 23, "id": 23, "partId": 23, "index": 3, "dominantNormal": [0, -2.220446049250313e-16, 1], "obb": {"axesLengths": [2.9980310115979725, 0.7342999115370233, 1.8915331867695984], "centroid": [-1.0427660499616864, -2.985280924928613, -0.6971500104854996], "normalizedAxes": [0.7631305456161499, -0.6462443470954895, -1.4349507073585277e-16, 0, -2.220446049250313e-16, 1, -0.6462443470954895, -0.7631305456161499, -1.694490205075616e-16]}, "segments": [6319, 53397, 56509, 54058, 22448, 67148, 44850, 45076, 5105, 5165, 5178, 22210, 22288, 40808, 40943, 45011, 52820, 52845, 53829, 53916, 53950, 53962, 54004, 54038, 54059, 54081, 54085, 54940, 55121, 55162, 55188, 55207, 55210, 55324, 55376, 55410, 55415, 55506, 55589, 55600, 55601, 56163, 70262, 70289, 71427, 71516, 71600, 54853, 6309, 52582, 41746, 68135, 36759, 36846, 32936, 31126, 36838, 42275, 65552, 42217, 65695, 65226, 67124, 37193, 40656, 64908, 38987, 29987, 41024, 37360, 38992, 1408, 1435, 5651, 5657, 5679, 5688, 5702, 6886, 6913, 6922, 8502, 8561, 19799, 22316, 22322, 22443, 22495, 22509, 24430, 26439, 28096, 29398, 29412, 29847, 29905, 29989, 31867, 32063, 32380, 33117, 33145, 33148, 33161, 33218, 33247, 33255, 33257, 33299, 33317, 33335, 33367, 33398, 34682, 34728, 34748, 34774, 34786, 34788, 34965, 35009, 35023, 35058, 35089, 35095, 35115, 36390, 36791, 36824, 37087, 37318, 37325, 37329, 37349, 37356, 37709, 37720, 37732, 37746, 37750, 37761, 37787, 38011, 38016, 38039, 38093, 38119, 38926, 38971, 39375, 40643, 40800, 40870, 40878, 40947, 40951, 40960, 41033, 41070, 41134, 41135, 41194, 41274, 41316, 41360, 41505, 41541, 41563, 41605, 41651, 42170, 43928, 44083, 44097, 44149, 44528, 44534, 44549, 46895, 46904, 46911, 47026, 47106, 47165, 47208, 47219, 47292, 47540, 48011, 48404, 48416, 48424, 48441, 48442, 48476, 48485, 48488, 49090, 49110, 49267, 50756, 52331, 52480, 52497, 52520, 52563, 52596, 52786, 52884, 52892, 53051, 53347, 53358, 53382, 53389, 53404, 53410, 53458, 53517, 53533, 53649, 53655, 53846, 53912, 53921, 54068, 54130, 54292, 54362, 54528, 54897, 55900, 56535, 56548, 56604, 56613, 56673, 57653, 57673, 57754, 58590, 58593, 58599, 58608, 58941, 60888, 60891, 60894, 60974, 61715, 61821, 61848, 61852, 61860, 61978, 62408, 62443, 62594, 62602, 62821, 62876, 62958, 62961, 62969, 63048, 63049, 63052, 63057, 63064, 63069, 63639, 63772, 63776, 63837, 63840, 63901, 63906, 64031, 64039, 64215, 65057, 65146, 65207, 65589, 67058, 67074, 67077, 67083, 67096, 68005, 68013, 68190, 68198, 68370, 68927, 70131, 70135, 70236, 70237, 70239, 72315, 72322, 72347, 72383, 72395, 72423, 72429, 72637, 72658, 72678, 72717, 74217, 74329, 26757], "label": "kitchen counter"}, {"objectId": 24, "id": 24, "partId": 24, "index": 4, "dominantNormal": [0.9407908916473389, -0.33898743987083435, -7.527033216066722e-17], "obb": {"axesLengths": [2.1339558961134606, 1.5005019567794653, 0.24072135683902726], "centroid": [-2.084926347602737, -2.193002398191255, 0.034714947058746226], "normalizedAxes": [0.33898743987083435, 0.9407908916473389, 2.088975418529013e-16, 0, -2.220446049250313e-16, 1, 0.9407908916473389, -0.33898743987083435, -7.527033216066722e-17]}, "segments": [45191, 4573, 24964, 1999, 608, 1267, 1370, 1379, 1710, 4151, 4188, 4193, 4230, 4659, 5851, 22296, 58006, 42963, 68313, 4248, 1575, 31590], "label": "wall"}, {"objectId": 1, "id": 1, "partId": 1, "index": 5, "dominantNormal": [0, -2.220446049250313e-16, 1], "obb": {"axesLengths": [8.228487817786188, 0.227669949211107, 4.669945518525433], "centroid": [1.2276200678516447, 0.11689496525671694, -1.4374950100593635], "normalizedAxes": [0.48936352133750916, 0.8720799088478088, 1.9364063882316903e-16, 0, -2.220446049250313e-16, 1, 0.8720799088478088, -0.48936352133750916, -1.0866052976010935e-16]}, "segments": [39995, 8147, 14253, 11106, 11107, 14293, 17394, 19075, 25775, 26063, 26162, 26377, 27462, 28091, 28846, 30469, 31002, 31309, 33468, 34525, 36670, 36837, 40378, 44703, 44705, 56261, 59488, 59504, 62775, 63375, 64283, 67150, 23859, 18516, 18537, 18553, 39799, 63809, 63810, 63813, 63816, 64938, 43026, 50822, 11175, 25747, 26415, 28908, 30312, 30374, 30445, 30942, 32563, 32647, 34828, 34871, 36728, 36902, 44280, 45613, 45631, 45661, 45670, 46069, 46441, 47787, 47802, 47932, 48632, 48641, 49031, 49968, 50117, 68668, 16261, 71264, 24520, 44215, 46399], "label": "floor"}, {"objectId": 2, "id": 2, "partId": 2, "index": 6, "dominantNormal": [0, -2.220446049250313e-16, 1], "obb": {"axesLengths": [3.439049311516729, 0.803119939495922, 2.302328362231973], "centroid": [0.36104445320103057, 1.9332006408499351, -1.0715600204416353], "normalizedAxes": [0.9429308772087097, 0.33298856019973755, 7.393831329410573e-17, 0, -2.220446049250313e-16, 1, 0.33298856019973755, -0.9429308772087097, -2.0937271410142116e-16]}, "segments": [22075, 24830, 1490, 65774, 19677, 65898, 10138, 10918, 9321, 28578, 27053, 29287, 62206, 26856, 26843, 30549, 59945, 16644, 13141, 13169, 1174, 40427, 20818, 1978, 3350, 3422, 3907, 4662, 4721, 4771, 8263, 13154, 13330, 13382, 13383, 14071, 14096, 15652, 16911, 17774, 17789, 19299, 19329, 22090, 26883, 28777, 28810, 30581, 58483, 59808, 59810, 59868, 62256], "label": "sofa"}, {"objectId": 3, "id": 3, "partId": 3, "index": 7, "dominantNormal": [0, -2.220446049250313e-16, 1], "obb": {"axesLengths": [0.9923676373966532, 0.4998189695219925, 0.7443806480001157], "centroid": [0.7627195526796207, 0.8100510496732116, -1.22454052344239], "normalizedAxes": [0.36375534534454346, 0.9314945340156555, 2.0683333579533237e-16, 0, -2.220446049250313e-16, 1, 0.9314945340156555, -0.36375534534454346, -8.076991194639748e-17]}, "segments": [11245, 10684, 10634, 9475, 27746, 10629, 15500, 16733, 60057, 17884, 10042], "label": "sofa couch"}, {"objectId": 4, "id": 4, "partId": 4, "index": 8, "dominantNormal": [-0.33046209812164307, -0.9438192844390869, -2.095699801339028e-16], "obb": {"axesLengths": [3.140776930267555, 2.6374298936703067, 0.2504227228889479], "centroid": [1.194674900452854, 2.567900481197148, -0.16220502620469723], "normalizedAxes": [0.9438192844390869, -0.33046209812164307, -7.337732602011717e-17, 0, -2.220446049250313e-16, 1, -0.33046209812164307, -0.9438192844390869, -2.095699801339028e-16]}, "segments": [27559, 41512, 41557, 7939, 7974, 8013, 8997, 10748, 11965, 12000, 12483, 13086, 15149, 27669, 29017, 57935, 59105, 59114, 59116, 59122, 59288, 62615, 68204, 41370, 41259, 43726, 35566], "label": "wall"}, {"objectId": 5, "id": 5, "partId": 5, "index": 9, "dominantNormal": [0.9427229762077332, -0.3335767388343811, -7.40689151866605e-17], "obb": {"axesLengths": [2.557301827800945, 2.5840399879804243, 0.31581042944096616], "centroid": [-0.6418559688097205, 1.853611096879534, -0.16202007299609322], "normalizedAxes": [0.3335767388343811, 0.9427229762077332, 2.093265508057958e-16, 0, -2.220446049250313e-16, 1, 0.9427229762077332, -0.3335767388343811, -7.40689151866605e-17]}, "segments": [18193, 40432, 33113, 25157, 42903, 43954, 1183, 3145, 12290, 12300, 18817, 18872, 18939, 20899, 21394, 21866, 24360, 25148, 25572, 33107, 40492, 40523, 40527, 42368, 42398, 43922, 44929, 44946, 44949, 44952, 44973, 44985, 45365, 47255, 47257, 48727, 50266, 50677, 60536, 61413, 61421, 61661, 61847, 67158, 67160, 67907, 67910, 68097, 68114, 68298, 69638, 69641, 69833, 71352, 71425, 71515, 44870, 20179, 20193, 20390, 20395, 44886, 44890, 47236, 47265, 47331, 47336, 47369, 47398, 47472, 47597, 61150, 68253, 68257, 68259, 68289, 68840, 68842, 71512, 43985, 33040, 20424, 25267, 68007, 69870, 47469, 46197], "label": "wall"}, {"objectId": 6, "id": 6, "partId": 6, "index": 10, "dominantNormal": [0.9410148859024048, -0.33836519718170166, -7.513216652859126e-17], "obb": {"axesLengths": [0.7738694298706562, 1.3599999839067456, 0.13272308660194598], "centroid": [-0.696561738624665, 1.6985265371389922, 0.1299999433458605], "normalizedAxes": [0.33836519718170166, 0.9410148859024048, 2.0894727856877288e-16, 0, -2.220446049250313e-16, 1, 0.9410148859024048, -0.33836519718170166, -7.513216652859126e-17]}, "segments": [48725, 18946], "label": "blinds"}, {"objectId": 7, "id": 7, "partId": 7, "index": 11, "dominantNormal": [0.9364036917686462, -0.35092461109161377, -7.792091662830764e-17], "obb": {"axesLengths": [0.47844242470692105, 1.2268640124753705, 0.1155125310062778], "centroid": [-0.894985234529817, 1.1713904574027119, 0.0634319576301734], "normalizedAxes": [0.35092461109161377, 0.9364036917686462, 2.0792338778910985e-16, 0, -2.220446049250313e-16, 1, 0.9364036917686462, -0.35092461109161377, -7.792091662830764e-17]}, "segments": [43324, 25431], "label": "blinds"}, {"objectId": 8, "id": 8, "partId": 8, "index": 12, "dominantNormal": [0, -2.220446049250313e-16, 1], "obb": {"axesLengths": [2.008953535009166, 0.7986330211468108, 1.037383584217626], "centroid": [1.1742980902929543, -1.913162015747116, -1.076313550360868], "normalizedAxes": [0.9570586085319519, -0.28989455103874207, -6.436952105531681e-17, 0, -2.220446049250313e-16, 1, -0.28989455103874207, -0.9570586085319519, -2.1250970062157746e-16]}, "segments": [39221, 37018, 71762, 15028, 16814, 21940, 21949, 21961, 27245, 32883, 35303, 35324, 37050, 38831, 49740, 70574, 60275, 11580, 15004, 27306, 32177, 32178, 32208, 32238, 32241, 35259, 35347, 64293, 64403, 24336, 51973, 67704, 16017, 16062, 49377, 49411, 49422, 15965, 60174], "label": "table"}, {"objectId": 9, "id": 9, "partId": 9, "index": 13, "dominantNormal": [0.9501312375068665, -0.31185024976730347, -6.924466550535323e-17], "obb": {"axesLengths": [5.42034820501473, 2.1142699245899172, 0.5566439535551372], "centroid": [2.6856271481171117, -0.7455895037817182, -0.42713503012496834], "normalizedAxes": [0.31185027956962585, 0.9501312375068665, 2.1097151525914325e-16, 0, -2.220446049250313e-16, 1, 0.9501312375068665, -0.31185027956962585, -6.924467212279814e-17]}, "segments": [4125, 7402, 71800, 1842, 1849, 1949, 4876, 17351, 23490, 23512, 23513, 24093, 51387, 50561, 48335, 71889, 2231, 51535, 42110, 42260, 12558, 12602, 12682, 12745, 40138, 51722, 50466, 7459, 1918, 515, 534, 552, 564, 645, 1866, 2176, 2723, 2772, 2821, 3234, 3250, 3298, 3596, 4063, 4223, 12085, 12104, 12619, 12705, 12719, 12722, 12736, 12783, 12784, 12808, 12838, 12859, 12860, 12886, 12890, 24073, 24313, 24326, 34284, 34307, 34370, 34374, 41685, 42191, 42197, 42213, 44597, 44832, 44834, 45120, 45601, 46135, 46747, 46750, 48343, 48347, 50405, 50424, 50444, 50517, 51119, 51382, 51499, 57994, 58164, 58235, 58237, 58307, 58373, 59760, 64198, 67168, 67682, 67904, 68384, 68387, 68390, 71790, 19045, 22176], "label": "wall"}, {"objectId": 11, "id": 11, "partId": 11, "index": 14, "dominantNormal": [0.9504480957984924, -0.31088322401046753, -6.902994265322427e-17], "obb": {"axesLengths": [2.478995034565191, 1.1405039621776942, 0.2605166517110105], "centroid": [2.7652680501185456, 0.034759537361918724, 0.40025193412046267], "normalizedAxes": [0.3108832538127899, 0.9504480957984924, 2.1104187193332456e-16, 0, -2.220446049250313e-16, 1, 0.9504480957984924, -0.3108832538127899, -6.902994927066917e-17]}, "segments": [11877, 58414, 4204, 1128, 297, 664, 792, 1676, 58102, 58205, 58207, 3509, 7914, 58158, 1646, 58450], "label": "cabinet"}, {"objectId": 12, "id": 12, "partId": 12, "index": 15, "dominantNormal": [0.982448399066925, -0.18653449416160583, -4.1418978061004327e-17], "obb": {"axesLengths": [1.9262123817405719, 0.6050000055506825, 0.5528412041713943], "centroid": [2.640306283805779, -0.24568776301272133, -1.1925000175572176], "normalizedAxes": [0.18653450906276703, 0.982448399066925, 2.1814736663004487e-16, 0, -2.220446049250313e-16, 1, 0.982448399066925, -0.18653450906276703, -4.141898136972678e-17]}, "segments": [44750, 51768, 45188, 42723, 42745, 42746, 43227, 43234, 43405, 43426, 43460, 43463, 43879, 68154, 68156, 68158, 68187, 68223, 42734, 71365, 69065, 47072, 68374, 69576], "label": "cabinet"}, {"objectId": 13, "id": 13, "partId": 13, "index": 16, "dominantNormal": [0.9567370414733887, -0.29095402359962463, -6.460477122152689e-17], "obb": {"axesLengths": [0.6900922991793159, 0.8951100506981448, 0.24191359705886648], "centroid": [3.072185788111066, 0.9108174049024509, -1.0375550349155427], "normalizedAxes": [0.29095402359962463, 0.9567370414733887, 2.1243829839110188e-16, 0, -2.220446049250313e-16, 1, 0.9567370414733887, -0.29095402359962463, -6.460477122152689e-17]}, "segments": [51022, 71747, 17672, 51487], "label": "cabinet"}, {"objectId": 14, "id": 14, "partId": 14, "index": 17, "dominantNormal": [-0.35327810049057007, -0.9355183839797974, -2.0772680997089784e-16], "obb": {"axesLengths": [2.618077419880998, 0.6138309997208935, 0.27392733060381674], "centroid": [0.9706978697783819, 2.4877613130124616, 0.03691544618653997], "normalizedAxes": [0.9355183243751526, -0.35327810049057007, -7.844349625209414e-17, 0, -2.220446049250313e-16, 1, -0.35327810049057007, -0.9355183243751526, -2.0772679673600804e-16]}, "segments": [22867, 39651, 187, 67172, 155, 218, 252, 330, 5786, 5964, 6505, 6648, 7375, 11097, 11664, 11971, 15837, 57908], "label": "cabinet"}, {"objectId": 15, "id": 15, "partId": 15, "index": 18, "dominantNormal": [-0.3315936326980591, -0.9434223175048828, -2.0948183576782915e-16], "obb": {"axesLengths": [2.4640545483420655, 0.6805109825616107, 0.17588949373128743], "centroid": [0.9730544931271746, 2.262050405998793, 0.5958314511069327], "normalizedAxes": [0.9434223175048828, -0.3315936326980591, -7.362857716809647e-17, 0, -2.220446049250313e-16, 1, -0.3315936326980591, -0.9434223175048828, -2.0948183576782915e-16]}, "segments": [24132, 24212, 46249, 69836, 47363, 47387, 47410, 48205, 9651, 47115, 11754], "label": "cabinet"}, {"objectId": 16, "id": 16, "partId": 16, "index": 19, "dominantNormal": [-0.32470783591270447, -0.9458143711090088, -2.100129783653168e-16], "obb": {"axesLengths": [3.128586391387427, 2.5972599402682484, 0.33345530091697845], "centroid": [-0.9387480434427431, -3.630550874288824, -0.18863002961948405], "normalizedAxes": [0.9458143711090088, -0.32470783591270447, -7.209962314129836e-17, 0, -2.220446049250313e-16, 1, -0.32470783591270447, -0.9458143711090088, -2.100129783653168e-16]}, "segments": [16260, 8909, 7855, 46748, 4198, 4236, 4237, 4257, 4650, 4719, 4736, 4775, 4795, 4802, 4817, 5609, 5835, 5868, 6590, 7652, 8713, 8752, 8858, 54670, 58064, 58078, 58079, 58540, 58603, 71453, 71474, 71477, 36403, 74543, 55531, 57463, 5741, 3968, 8700], "label": "wall"}, {"objectId": 17, "id": 17, "partId": 17, "index": 20, "dominantNormal": [-0.19086073338985443, -0.9816171526908875, -2.1796279285688224e-16], "obb": {"axesLengths": [1.4055713985146003, 2.075089944710806, 0.4554983327932097], "centroid": [0.9342250087171337, -3.7500485518145985, -0.447545060749015], "normalizedAxes": [0.9816171526908875, -0.19086071848869324, -4.237959283252951e-17, 0, -2.220446049250313e-16, 1, -0.19086071848869324, -0.9816171526908875, -2.1796279285688224e-16]}, "segments": [20255, 21276, 20141, 2326, 69984, 49531, 39766, 2260, 2280, 2299, 15370, 47939, 49495, 53507, 63686, 70098, 70159, 70496, 49550, 14883, 2267, 10947, 15242, 16134, 16155, 16156, 21024, 28253, 31293, 62316, 63520, 49666], "label": "curtain"}, {"objectId": 18, "id": 18, "partId": 18, "index": 21, "dominantNormal": [-0.2830463945865631, -0.9591062068939209, -2.12964358790906e-16], "obb": {"axesLengths": [1.8217469631235172, 2.4930790105518907, 0.5040398183141432], "centroid": [0.5793967394682196, -3.933544426071902, -0.2522605494946861], "normalizedAxes": [0.9591062068939209, -0.2830463945865631, -6.284892486142793e-17, 0, -2.220446049250313e-16, 1, -0.2830463945865631, -0.9591062068939209, -2.12964358790906e-16]}, "segments": [52131, 21752, 830, 19006, 60635, 63819, 17191, 19746, 37433, 35367, 5196, 10333, 16632, 22261, 22279, 25939, 25957, 26005, 26093, 30281, 30381, 31088, 31104, 31118, 31127, 31161, 31184, 31243, 31261, 31272, 33542, 36211, 36262, 36292, 37351, 37431, 37474, 40912, 40922, 40945, 40950, 54473, 63072, 63078, 63082, 63333, 63353, 63356, 63370, 64003, 64190, 64896, 64899, 64903, 65000, 65003, 65034, 65594, 65672, 70258, 70447, 63786, 32368, 36296, 30288, 31108, 65662, 54456, 37499, 26038, 72696, 25961, 26018], "label": "cabinet"}, {"objectId": 19, "id": 19, "partId": 19, "index": 22, "dominantNormal": [0, -2.220446049250313e-16, 1], "obb": {"axesLengths": [0.5808132690881221, 0.45440994677521385, 0.5655846102562966], "centroid": [0.86471755022963, -1.1144173725099873, -1.2365450476434436], "normalizedAxes": [0.9421340823173523, 0.3352363407611847, 7.443742084083042e-17, 0, -2.220446049250313e-16, 1, 0.3352363407611847, -0.9421340823173523, -2.0919579009456342e-16]}, "segments": [28368, 26563, 62528, 62142, 14578, 59884, 59888, 62134, 14457, 14195, 14579, 14581, 14606, 14615, 14629, 14630, 14633, 14637, 59891, 59896, 59901, 26642, 9797, 26238, 26271, 26276, 26652, 26658, 26665, 26667, 62195, 9768, 59478, 26299, 26322, 26323, 62051, 9828, 9847, 9902, 14674, 26348, 26354, 26360], "label": "chair"}, {"objectId": 25, "id": 25, "partId": 25, "index": 23, "dominantNormal": [0.8990605473518372, -0.4378243088722229, -9.721652569010761e-17], "obb": {"axesLengths": [0.5154204192585939, 0.9963949994058529, 0.5977556690759216], "centroid": [2.279236426356761, 1.9123623131609637, -0.9718025450302831], "normalizedAxes": [0.8990605473518372, -0.4378243088722229, -9.721652569010761e-17, 0, -2.220446049250313e-16, 1, -0.4378243088722229, -0.8990605473518372, -1.9963154404042108e-16]}, "segments": [29233, 29230, 29080, 29091, 29118, 62618, 62625, 67523, 31983, 29962, 30029, 31976, 32013, 32034, 31907, 42169, 31881, 29050, 29670, 29815, 30019, 33243, 33246, 33252, 36546, 36557, 41738, 41764, 62621, 67307, 67497, 67501, 67579, 29028, 29061, 29908, 62796, 62905, 67586, 62889], "label": "lamp"}, {"objectId": 26, "id": 26, "partId": 26, "index": 24, "dominantNormal": [-0.6334713697433472, -0.7737661600112915, -1.7181060130406578e-16], "obb": {"axesLengths": [0.8400340938396216, 1.320079967675805, 0.4438320281314364], "centroid": [4.210821959907856, 2.8922573448803655, -0.830040030806287], "normalizedAxes": [0.7737661004066467, -0.6334713697433472, -1.4065890002597995e-16, 0, -2.220446049250313e-16, 1, -0.6334713697433472, -0.7737661004066467, -1.7181058806917598e-16]}, "segments": [8898, 1340, 7851, 7680, 9105, 59084, 7640, 48557, 6997, 6974, 7127, 58945], "label": "wall"}, {"objectId": 27, "id": 27, "partId": 27, "index": 25, "dominantNormal": [0.8553668260574341, 0.5180227756500244, 1.150241625613778e-16], "obb": {"axesLengths": [0.44777991625759606, 0.7915339292988044, 0.48289054351346034], "centroid": [0.30923750595792787, -1.5524090194095863, -1.0789230118484863], "normalizedAxes": [0.8553668260574341, 0.5180227756500244, 1.150241625613778e-16, 0, -2.220446049250313e-16, 1, 0.5180227756500244, -0.8553668260574341, -1.8992958895790093e-16]}, "segments": [42813, 59722, 44518, 59714, 16510, 16009, 16013, 16028, 16032, 16065, 16080, 16083, 16313, 16421, 43083, 60112, 60120, 60164, 60186, 60188, 60226, 16519, 60235, 60266, 16531, 48593, 47302, 47329, 57823, 46621, 46510, 57829, 59688, 59683, 57815], "label": "chair"}, {"objectId": 28, "id": 28, "partId": 28, "index": 26, "dominantNormal": [0.9999855160713196, -0.00538482004776597, -1.195670240098583e-18], "obb": {"axesLengths": [0.4199939052755769, 1.5676899499962482, 0.23220746538189824], "centroid": [-1.5405683251923528, -0.7002661980985397, -0.6938450224135433], "normalizedAxes": [0.00538482004776597, 0.9999855160713196, 2.220413888468097e-16, 0, -2.220446049250313e-16, 1, 0.9999855160713196, -0.00538482004776597, -1.195670240098583e-18]}, "segments": [60459, 18622, 21049, 61206, 39557, 6847, 39582, 65061, 2925, 2932, 2938, 3077, 6620, 44829, 59667, 60798, 61200, 62792, 39588, 39569, 21017, 36700, 46484], "label": "wall"}, {"objectId": 29, "id": 29, "partId": 29, "index": 27, "dominantNormal": [-0.28278860449790955, -0.9591822624206543, -2.1298124651029189e-16], "obb": {"axesLengths": [0.7766658915680362, 0.2816189911599684, 0.23541457025116438], "centroid": [-1.8337318581157862, -3.1991369660090068, 0.24428744385501489], "normalizedAxes": [0.9591822624206543, -0.28278860449790955, -6.279168396303926e-17, 0, -2.220446049250313e-16, 1, -0.28278860449790955, -0.9591822624206543, -2.1298124651029189e-16]}, "segments": [7253, 58490, 5571, 5358, 5405, 5168, 58108, 5170, 58111, 58484, 7210, 58758, 7149, 8175, 8187, 58485, 58898, 8600, 58510, 58517, 58522, 58865, 58822, 8321, 9543, 7414, 7024, 9601, 58191], "label": "plant"}, {"objectId": 30, "id": 30, "partId": 30, "index": 28, "dominantNormal": [0.9999635815620422, -0.008532934822142124, -1.8946921414335903e-18], "obb": {"axesLengths": [0.24525240822540267, 0.20752495063413035, 0.1639816876441446], "centroid": [-0.7738528119900401, -3.1366764393510373, 0.6195504335117241], "normalizedAxes": [0.008532934822142124, 0.9999635815620422, 2.22036518407363e-16, 0, -2.220446049250313e-16, 1, 0.9999635815620422, -0.008532934822142124, -1.8946921414335903e-18]}, "segments": [11986, 11966, 59171, 11867], "label": "lamp"}, {"objectId": 33, "id": 33, "partId": 33, "index": 30, "dominantNormal": [0, -2.220446049250313e-16, 1], "obb": {"axesLengths": [0.49411038184218536, 0.45672999791659397, 0.4606000249742558], "centroid": [0.5063638029297797, -3.4515108993988823, -1.2583649963058152], "normalizedAxes": [0.6505518555641174, 0.7594618201255798, 1.6863439980542957e-16, 0, -2.220446049250313e-16, 1, 0.7594618201255798, -0.6505518555641174, -1.4445152975198049e-16]}, "segments": [29383, 18241, 62704, 18306, 14385, 26452, 26467, 60180, 60538, 60554, 62271, 62292, 62359, 62734, 16124, 16167, 19929, 19933, 19953, 19964, 19974, 21085, 26502, 27205, 60995, 62352, 62309], "label": "stool"}, {"objectId": 34, "id": 34, "partId": 34, "index": 31, "dominantNormal": [-0.6298023462295532, -0.7767554521560669, -1.7247435749735793e-16], "obb": {"axesLengths": [0.6313156895875877, 0.7124340374968785, 0.44848216391652707], "centroid": [1.5108798348290304, -2.5241863997935505, -1.093783045505291], "normalizedAxes": [0.7767554521560669, -0.6298023462295532, -1.3984421314939893e-16, 0, -2.220446049250313e-16, 1, -0.6298023462295532, -0.7767554521560669, -1.7247435749735793e-16]}, "segments": [67217, 38197, 38198, 38235, 38242, 66199, 66203, 66206, 66209, 66213, 67807, 38182, 41950, 41972, 41982, 66193, 67774, 37226, 37305, 29148, 38382, 65348, 38299, 29156, 29674, 18613, 41968, 18651, 24054, 24086, 24123, 24125, 41638, 60617, 61648, 38337, 24097, 25114, 38167, 66260], "label": "chair"}, {"objectId": 35, "id": 35, "partId": 35, "index": 32, "dominantNormal": [-0.07688389718532562, -0.9970400333404541, -2.2138736029752117e-16], "obb": {"axesLengths": [0.5280633141455151, 0.4501500029083337, 0.39772224832731196], "centroid": [1.1562504055638547, -2.1713914152968616, -1.2409850571381653], "normalizedAxes": [0.9970400333404541, -0.07688389718532562, -1.7071654575612354e-17, 0, -2.220446049250313e-16, 1, -0.07688389718532562, -0.9970400333404541, -2.2138736029752117e-16]}, "segments": [66176, 66183, 38148, 27346, 34491, 37610, 37646, 37742, 65739, 63825, 32661, 32675, 64480, 34505, 37999, 66043, 35679, 64477, 30830, 35644, 35645, 35646, 38096, 64470, 65700, 66066, 66070, 37771, 65735, 30779, 34450, 37578, 37599, 37601, 37799, 64454, 65685, 65697, 65711, 65729, 65741, 66029, 36811, 30197, 30201, 30226, 36739, 36775, 65708], "label": "chair"}, {"objectId": 36, "id": 36, "partId": 36, "index": 33, "dominantNormal": [-0.28063473105430603, -0.9598146677017212, -2.131216686910789e-16], "obb": {"axesLengths": [0.4155043499321148, 0.6765609232359914, 0.27960082334822617], "centroid": [0.6096785642275809, -2.1077786884398306, -1.0216695033682988], "normalizedAxes": [0.9598146677017212, -0.28063473105430603, -6.23134279851958e-17, 0, -2.220446049250313e-16, 1, -0.28063473105430603, -0.9598146677017212, -2.131216686910789e-16]}, "segments": [30708, 13563, 13592, 63203, 20556, 20570, 20583, 20613, 20645, 39239, 39264, 63153, 66732, 13700, 13710, 62396], "label": "chair"}, {"objectId": 38, "id": 38, "partId": 38, "index": 34, "dominantNormal": [0.9457002878189087, -0.32503998279571533, -7.217337456471358e-17], "obb": {"axesLengths": [1.1883486205499747, 0.7599999883770943, 0.1106548805921528], "centroid": [2.867860444542684, 0.015107226999469758, -0.6100000422000128], "normalizedAxes": [0.32503998279571533, 0.9457002878189087, 2.0998764678623798e-16, 0, -2.220446049250313e-16, 1, 0.9457002878189087, -0.32503998279571533, -7.217337456471358e-17]}, "segments": [40738, 3472, 17645, 60396, 5022, 12361, 12420, 17634, 41087, 58422, 60333, 72013, 12272, 70166, 45922], "label": "tv"}, {"objectId": 39, "id": 39, "partId": 39, "index": 35, "dominantNormal": [0.4072704613208771, -0.9133076071739197, -2.0279502680995868e-16], "obb": {"axesLengths": [0.21173453942452355, 0.252353960595564, 0.1413761802277893], "centroid": [2.475098718263141, -0.9478176786596844, -0.8561770320345373], "normalizedAxes": [0.9133076071739197, 0.4072704315185547, 9.04322020641845e-17, 0, -2.220446049250313e-16, 1, 0.4072704315185547, -0.9133076071739197, -2.0279502680995868e-16]}, "segments": [48329, 46384], "label": "lamp"}, {"objectId": 40, "id": 40, "partId": 40, "index": 36, "dominantNormal": [0.8937742114067078, -0.44851720333099365, -9.959082521571042e-17], "obb": {"axesLengths": [0.3258909858267716, 1.179999980777502, 0.21856116223408256], "centroid": [-0.9310472177445366, 0.8862347467042408, 0.01999996130175985], "normalizedAxes": [0.44851720333099365, 0.8937742114067078, 1.9845774166398384e-16, 0, -2.220446049250313e-16, 1, 0.8937742114067078, -0.44851720333099365, -9.959082521571042e-17]}, "segments": [67946, 43676, 35513, 43294, 25383, 29667], "label": "curtain"}, {"objectId": 41, "id": 41, "partId": 41, "index": 37, "dominantNormal": [0.8916336894035339, -0.4527575671672821, -1.0053237512847748e-16], "obb": {"axesLengths": [0.3358267529020835, 1.2599999623000624, 0.2398593812095866], "centroid": [-0.2435742842715919, 2.8972243540355316, 0.059999952063040096], "normalizedAxes": [0.4527575671672821, 0.8916336894035339, 1.9798245030145577e-16, 0, -2.220446049250313e-16, 1, 0.8916336894035339, -0.4527575671672821, -1.0053237512847748e-16]}, "segments": [17294, 886, 58038, 25221, 33112, 8795, 69811, 907, 271], "label": "curtain"}, {"objectId": 42, "id": 42, "partId": 42, "index": 38, "dominantNormal": [0, -2.220446049250313e-16, 1], "obb": {"axesLengths": [0.47231425380941816, 0.4252300167404853, 0.47760420726975594], "centroid": [2.0687698745214522, 1.587083762594986, -1.2626149861972402], "normalizedAxes": [0.9982477426528931, -0.05917278304696083, -1.3138997233977008e-17, 0, -2.220446049250313e-16, 1, -0.05917278304696083, -0.9982477426528931, -2.2165552563466597e-16]}, "segments": [31673, 64058, 31555, 31706, 28657, 28709, 31663, 31722, 65234, 65247, 65316, 63555], "label": "stool"}, {"objectId": 43, "id": 43, "partId": 43, "index": 39, "dominantNormal": [0.8198121190071106, 0.5726326107978821, 1.2714998183180494e-16], "obb": {"axesLengths": [0.5843613218776492, 0.40000002682208935, 0.3341380142216433], "centroid": [1.2594288694343987, 1.9510760068475848, -0.9100000250636776], "normalizedAxes": [-0.5726326107978821, 0.8198121190071106, 1.8203485807768662e-16, 0, -2.220446049250313e-16, 1, 0.8198121190071106, 0.5726326107978821, 1.2714998183180494e-16]}, "segments": [32774, 32770, 11410, 63006, 11481], "label": "pillow"}, {"objectId": 44, "id": 44, "partId": 44, "index": 40, "dominantNormal": [0, -2.220446049250313e-16, 1], "obb": {"axesLengths": [0.4913028634944608, 0.37999998673796664, 0.4774837737294797], "centroid": [1.6032113880096333, 1.968857560234916, -0.920000045105739], "normalizedAxes": [0.9999057650566101, -0.013727745041251183, -3.0481717241961764e-18, 0, -2.220446049250313e-16, 1, -0.013727745041251183, -0.9999057650566101, -2.2202368056425617e-16]}, "segments": [10126, 32772, 26699, 62232], "label": "pillow"}, {"objectId": 45, "id": 45, "partId": 45, "index": 41, "dominantNormal": [0, -2.220446049250313e-16, 1], "obb": {"axesLengths": [0.6310828857021801, 0.2599999846518042, 0.31283054239687214], "centroid": [0.8903481116171004, 2.2438412829662338, -0.9800000461488201], "normalizedAxes": [0.9613149762153625, -0.27545151114463806, -6.116252196811402e-17, 0, -2.220446049250313e-16, 1, -0.27545151114463806, -0.9613149762153625, -2.1345480410225605e-16]}, "segments": [37885, 30651, 11309], "label": "pillow"}, {"objectId": 46, "id": 46, "partId": 46, "index": 42, "dominantNormal": [0.45973625779151917, -0.8880555033683777, -1.9718793339693123e-16], "obb": {"axesLengths": [0.5695389538956296, 0.3178189921866581, 0.2758913343015984], "centroid": [0.17663897886851948, 2.138102312304073, -0.9510905423813931], "normalizedAxes": [0.8880555033683777, 0.45973625779151917, 1.0208195573103022e-16, 0, -2.220446049250313e-16, 1, 0.45973625779151917, -0.8880555033683777, -1.9718793339693123e-16]}, "segments": [18979, 59804, 61560, 59977], "label": "pillow"}, {"objectId": 47, "id": 47, "partId": 47, "index": 43, "dominantNormal": [0, -2.220446049250313e-16, 1], "obb": {"axesLengths": [0.6212252970562311, 0.35475104254295564, 0.3710856919048741], "centroid": [0.25822074168641546, 2.421131813868242, -0.9126245367237652], "normalizedAxes": [0.9882901906967163, -0.15258608758449554, -3.388091753475554e-17, 0, -2.220446049250313e-16, 1, -0.15258608758449554, -0.9882901906967163, -2.1944450494453622e-16]}, "segments": [14830, 23698, 61599, 59857, 61588], "label": "pillow"}, {"objectId": 48, "id": 48, "partId": 48, "index": 44, "dominantNormal": [0, -2.220446049250313e-16, 1], "obb": {"axesLengths": [0.5666854428684969, 0.23064100226817263, 0.2788691412829278], "centroid": [-0.3853856637364632, 1.1115760890067252, -0.9216295168481871], "normalizedAxes": [0.8890917301177979, 0.4577290117740631, 1.0163625758209685e-16, 0, -2.220446049250313e-16, 1, 0.4577290117740631, -0.8890917301177979, -1.9741802195611898e-16]}, "segments": [1811, 1787, 58375, 58381, 61432], "label": "pillow"}, {"objectId": 49, "id": 49, "partId": 49, "index": 45, "dominantNormal": [0, -2.220446049250313e-16, 1], "obb": {"axesLengths": [0.4296837603167393, 0.19508403103610794, 0.3798758948318411], "centroid": [-0.5149430607329722, 1.3322747014903862, -0.8324580198274246], "normalizedAxes": [0.9764225482940674, 0.2158680111169815, 4.7932327244422425e-17, 0, -2.220446049250313e-16, 1, 0.2158680111169815, -0.9764225482940674, -2.168093589758485e-16]}, "segments": [1751, 4562, 20397], "label": "pillow"}, {"objectId": 50, "id": 50, "partId": 50, "index": 46, "dominantNormal": [0.7819339632987976, -0.6233612895011902, -1.3841401125284984e-16], "obb": {"axesLengths": [0.8133058460193152, 0.37713401666729096, 0.30705213161882], "centroid": [-0.15387662954808112, 2.0646386126485536, -0.8914030186815625], "normalizedAxes": [0.6233612895011902, 0.7819339632987976, 1.7362421795814545e-16, 0, -2.220446049250313e-16, 1, 0.7819339632987976, -0.6233612895011902, -1.3841401125284984e-16]}, "segments": [59781, 4371, 61392], "label": "pillow"}, {"objectId": 52, "id": 52, "partId": 52, "index": 47, "dominantNormal": [0.9367310404777527, -0.3500499725341797, -7.772670785536999e-17], "obb": {"axesLengths": [0.5165849835756495, 0.5217240336152006, 0.4103556500700506], "centroid": [-0.5259515984178286, 1.6558137304839553, -0.9090980279944527], "normalizedAxes": [0.3500499725341797, 0.9367310404777527, 2.079960738038961e-16, 0, -2.220446049250313e-16, 1, 0.9367310404777527, -0.3500499725341797, -7.772670785536999e-17]}, "segments": [4808, 61100, 4576, 8303, 22803], "label": "pillow"}, {"objectId": 53, "id": 53, "partId": 53, "index": 48, "dominantNormal": [0, -2.220446049250313e-16, 1], "obb": {"axesLengths": [0.3471649325603616, 0.13770597865344625, 0.30968042404708435], "centroid": [1.3596227481155978, -2.0834270471529575, -0.6680930299290334], "normalizedAxes": [0.695261538028717, 0.7187568545341492, 1.5959608180219335e-16, 0, -2.220446049250313e-16, 1, 0.7187568545341492, -0.695261538028717, -1.543790735311561e-16]}, "segments": [36342, 60884, 66277, 65046, 38690, 25057, 38646], "label": "item"}, {"objectId": 54, "id": 54, "partId": 54, "index": 49, "dominantNormal": [0, -2.220446049250313e-16, 1], "obb": {"axesLengths": [0.5277104573982656, 0.0746859891410323, 0.1839107010350887], "centroid": [1.7466619285005154, -2.3418352030438356, -0.7040750418734909], "normalizedAxes": [0.9509004354476929, 0.3094969689846039, 6.872213220368104e-17, 0, -2.220446049250313e-16, 1, 0.3094969689846039, -0.9509004354476929, -2.111423115120232e-16]}, "segments": [23185, 25036, 23194], "label": "item"}, {"objectId": 55, "id": 55, "partId": 55, "index": 50, "dominantNormal": [0, -2.220446049250313e-16, 1], "obb": {"axesLengths": [1.0866416783556756, 0.6000000700354559, 0.8838526324665662], "centroid": [-1.283210045405642, -3.344017816538832, -0.8900000445841981], "normalizedAxes": [-0.5314629673957825, 0.8470815420150757, 1.880898863360238e-16, 0, -2.220446049250313e-16, 1, 0.8470815420150757, 0.5314629673957825, 1.1800848462768131e-16]}, "segments": [56860, 56863, 57280, 73729, 56327, 57704, 73832, 56109, 55934, 55905, 53767, 56271, 46559, 52163, 52168, 52170, 54190, 54191, 55839, 55950, 55953, 56057, 56148, 56151, 56196, 56202, 56211, 56246, 56300, 56352, 56419, 57159, 57264, 57265, 57277, 57327, 57351, 57353, 57505, 57711, 57720, 72202, 72682, 72684, 72935, 73095, 73110, 73148, 73640, 73679, 73747, 73753, 73807, 73808, 74090, 74114, 74152, 74184, 74185, 74233, 74269, 74298, 75160, 73691, 51950, 57083, 57399, 57656, 57605, 57698, 57697, 57636, 56230, 57520, 50628, 50654, 50745, 51866, 51878, 51881, 51923, 52005, 52116, 52120, 53014, 53023, 53035, 53041, 53073, 53693, 54154, 54566, 54617, 55588, 55964, 56008, 56019, 56037, 56191, 56242, 56510, 57026, 57424, 57435, 57511, 57665, 70020, 72836, 72839, 72887, 73784, 73964, 73965], "label": "sink"}, {"objectId": 56, "id": 56, "partId": 56, "index": 51, "dominantNormal": [0.9079287648200989,