{"segGroups": [{"objectId": 1, "id": 1, "partId": 1, "index": 0, "dominantNormal": [0, -2.220446049250313e-16, 1], "obb": {"axesLengths": [5.755905614006868, 0.27175008643232135, 4.6558439998028875], "centroid": [-2.217728538791734, 0.1608519296550408, -1.4258750449177247], "normalizedAxes": [0.9248082041740417, -0.38043373823165894, -8.447325910580149e-17, 0, -2.220446049250313e-16, 1, -0.38043373823165894, -0.9248082041740417, -2.053486723272528e-16]}, "segments": [31103, 6196, 32903, 870, 14031, 482, 553, 555, 1490, 1933, 1941, 1962, 1968, 1970, 1974, 1980, 1982, 1997, 2002, 2007, 2033, 2047, 2058, 2066, 2093, 2101, 2126, 2136, 2152, 2160, 2292, 2298, 2308, 2325, 2406, 2458, 2474, 2480, 2481, 2607, 2619, 2777, 2778, 2870, 2929, 2949, 3026, 3037, 3049, 3111, 3117, 3135, 3148, 3229, 8132, 8142, 8541, 9273, 9762, 9775, 9785, 9791, 9851, 9857, 9871, 9919, 9973, 10398, 10509, 10513, 10808, 11045, 11051, 11112, 11141, 11250, 11256, 11268, 11320, 11348, 11353, 11354, 11357, 11361, 11367, 11396, 11431, 11495, 11506, 11549, 11550, 11561, 11568, 11577, 11584, 11613, 11637, 11681, 11682, 11692, 11701, 11707, 11727, 11738, 11765, 11787, 11791, 11792, 11796, 11866, 11871, 11890, 11903, 11921, 11928, 11937, 12002, 12007, 12039, 12047, 12051, 12058, 12063, 12069, 12097, 12112, 12118, 12157, 12178, 12184, 12194, 12219, 12280, 12285, 12287, 12297, 12312, 12368, 12372, 12392, 12420, 12483, 12487, 12498, 12508, 12509, 12516, 12541, 12545, 12551, 12563, 12574, 12586, 12594, 12598, 12605, 12617, 12642, 12645, 12818, 12852, 12865, 12872, 12921, 12974, 13060, 13094, 13139, 13151, 13160, 13174, 13175, 13214, 13228, 13233, 13236, 13238, 13259, 13417, 13421, 13430, 13433, 13438, 13445, 13472, 13475, 13591, 13706, 13784, 13794, 14231, 14812, 14818, 14975, 14993, 15049, 15090, 15133, 15668, 15690, 16846, 16877, 17164, 17221, 17271, 17272, 17277, 17415, 17905, 17931, 17947, 17994, 18005, 18030, 18036, 18054, 18060, 18061, 18410, 18435, 18471, 18498, 18501, 18529, 18544, 18555, 18580, 18605, 18635, 18658, 18662, 18669, 18675, 18677, 18707, 18749, 18783, 18786, 18798, 18800, 18803, 18838, 18846, 18847, 18854, 18870, 19041, 19048, 19077, 19080, 19104, 19127, 19146, 19156, 19161, 19172, 19173, 19191, 19207, 19213, 19222, 19231, 19242, 19259, 19300, 19348, 19364, 19391, 19691, 19790, 19798, 19799, 19819, 19822, 19830, 20450, 20454, 20468, 20553, 20563, 20578, 20591, 20592, 20597, 20601, 20609, 20618, 20627, 20649, 20680, 21386, 21439, 21445, 21523, 21531, 21590, 21605, 21620, 21623, 21636, 21666, 21667, 21677, 21700, 21862, 21868, 21875, 21877, 21879, 21881, 21896, 21915, 21924, 21967, 21973, 22052, 22159, 22175, 22222, 22452, 22545, 22548, 22580, 22585, 22587, 22757, 22789, 22827, 22844, 22856, 22956, 22962, 22977, 22980, 23041, 23085, 23205, 23238, 23243, 23292, 23387, 23456, 23514, 23588, 23597, 24338, 24401, 24429, 24439, 24543, 24545, 24551, 24729, 24734, 24736, 24737, 24744, 24756, 24787, 25715, 26444, 26499, 26533, 26577, 26608, 26618, 26658, 26742, 27010, 27034, 27046, 27055, 27078, 27117, 27559, 29735, 29800, 29806, 30111, 30403, 30448, 30449, 30531, 30538, 30549, 30560, 30564, 30578, 30693, 30739, 30753, 30945, 30983, 30985, 31007, 31034, 31049, 31066, 31067, 31077, 31082, 31097, 31117, 31119, 31122, 31594, 31620, 31652, 31686, 31851, 32190, 32337, 32465, 32589, 32593, 32602, 32604, 32620, 32629, 32660, 32666, 32694, 32717, 32871, 32879, 32885, 32924, 32930, 32936, 32937, 32941, 32943, 32947, 32951, 32954, 32961, 32968, 32972, 32983, 32998, 33003, 33008, 33010, 33033, 33040, 33050, 33084, 33090, 33094, 33097, 33105, 33108, 33112, 33122, 33125, 33128, 33131, 33153, 33158, 33162, 33165, 33167, 33170, 33172, 33177, 33181, 33234, 33251, 33255, 33259, 33266, 33271, 33272, 33275, 33278, 33293, 33379, 33380, 33391, 33409, 33412, 33415, 33421, 33437, 33442, 33449, 33458, 33465, 33468, 33477, 33483, 33485, 33489, 33495, 33567, 33569, 33572, 33601, 33603, 33607, 33609, 33816, 34051, 34277, 34286, 35319, 35337, 35459, 35519, 35523, 35526, 35531, 35532, 35541, 35553, 35556, 35560, 35563, 35570, 35586, 35589, 35596, 35602, 35614, 35622, 35625, 35629, 35640, 35644, 35661, 35682, 35688, 35702, 35705, 35709, 35738, 35761, 36337, 36344, 36375, 36377, 36381, 36383, 36415, 36426, 36428, 36442, 36444, 36454, 36456, 36459, 36486, 36488, 36490, 36495, 36498, 36506, 36509, 36517, 36518, 36523, 36526, 36539, 36593, 36601, 36622, 36627, 36633, 36667, 36669, 36725, 36790, 36795, 36950, 36952, 37038, 37041, 37280, 37827, 37836, 38126, 38129, 38692, 38725, 38857, 38871, 38874, 39350, 39353, 41291, 41294, 41582, 41610, 41617, 41635, 42067, 42117, 42190, 42191, 42245, 42261, 42263, 42270, 42272, 42282, 42290, 42295, 42351, 42732, 42937, 36566, 10639, 10660, 10663, 10687, 10716, 10725, 10728, 10739, 10741, 10747, 10758, 10782, 10796, 10941, 13507, 18987, 19703, 20026, 20044, 20052, 20055, 28610, 30106, 31170, 31662, 31675, 31713, 31716, 31719, 31733, 31743, 31745, 31778, 31779, 31842, 31865, 31870, 31972, 32098, 32114, 32232, 32300, 32700, 33247, 33314, 34119, 34255, 34291, 35354, 35358, 35360, 35369, 35373, 35376, 35851, 36948, 31392, 21803, 25328, 42498, 425, 430, 9802, 19400, 1713, 1763, 10363, 10374, 10402, 10419, 10441, 11926, 11973, 12076, 18819, 22651, 22658, 24018, 24423, 24476, 24516, 24537, 24547, 24558, 24560, 26348, 30620, 30660, 30770, 31948, 31965, 31982, 32000, 32001, 32111, 35325, 36404, 38070, 38081, 38084, 38092, 38094, 38103, 41614, 42443, 42452, 43702], "label": "floor"}, {"objectId": 2, "id": 2, "partId": 2, "index": 1, "dominantNormal": [0.9999841451644897, 0.005626990459859371, 1.2494428735763943e-18], "obb": {"axesLengths": [2.907438472586312, 2.526969972395077, 0.5212748639100964], "centroid": [0.3356393911310227, 0.05628943974128242, -0.1640850359657784], "normalizedAxes": [-0.005626990459859371, 0.9999841451644897, 2.2204108444434428e-16, 0, -2.220446049250313e-16, 1, 0.9999841451644897, 0.005626990459859371, 1.2494428735763943e-18]}, "segments": [15344, 1148, 23489, 2984, 3019, 4959, 5531, 5707, 6010, 21047, 33321, 33323, 38919, 18304, 6130, 19778, 1604, 5113, 16940, 16985, 16992, 17075, 17189, 17434, 33325, 35717, 35723, 35756, 4671, 32, 17886, 220, 697], "label": "wall"}, {"objectId": 3, "id": 3, "partId": 3, "index": 2, "dominantNormal": [0.08659465610980988, -0.9962436556816101, -2.2121052893489204e-16], "obb": {"axesLengths": [4.984953030738793, 3.2151099916895465, 0.4296196919887227], "centroid": [-1.5931613015990838, -1.5120684360221512, 0.19584493483666288], "normalizedAxes": [0.9962436556816101, 0.08659464865922928, 1.9227874550160457e-17, 0, -2.220446049250313e-16, 1, 0.08659464865922928, -0.9962436556816101, -2.2121052893489204e-16]}, "segments": [20714, 11072, 9551, 6821, 6172, 4194, 5260, 1689, 6101, 5249, 3803, 1653, 1670, 1622, 1667, 5012, 5112, 9169, 9193, 9211, 9228, 9254, 33723, 33726, 6769, 7160, 7134, 7711, 5945, 6546, 7531, 7641, 5522, 6291, 6345, 6522, 7227, 7232, 7246, 7276, 7287, 7303, 7540, 7560, 7581, 7664, 23553, 23572, 34375, 34448, 34451, 34455, 34525, 34526, 34528, 34579, 5727], "label": "wall"}, {"objectId": 4, "id": 4, "partId": 4, "index": 3, "dominantNormal": [0, -2.220446049250313e-16, 1], "obb": {"axesLengths": [3.6212576029561028, 1.020000077337025, 1.749181148452684], "centroid": [0.994905005980216, -0.420203997051683, 2.159999909263998], "normalizedAxes": [0.3334910273551941, 0.942753255367279, 2.0933327412981463e-16, 0, -2.220446049250313e-16, 1, 0.942753255367279, -0.3334910273551941, -7.404988341512688e-17]}, "segments": [13317, 3600, 33696, 33694, 33650, 6665, 7462, 12700, 3568, 3591, 3597, 3615, 3620, 3701, 3717, 3726, 6655, 6722, 7323, 13299, 13318, 13323, 13324, 13335, 13344, 13380, 13411, 15252, 33652, 33672, 33681, 35796, 35804, 35805, 26838, 15292, 15289, 23841, 15265, 23960, 26872, 37007, 37009, 37021, 37026, 37859, 9201, 13648, 5043, 2752, 19501, 3484, 3516, 3989, 3995, 3996, 4005, 4017, 4042, 4324, 4458, 5109, 5110, 5155, 5296, 5315, 5342, 5353, 8571, 8888, 9183, 13596, 13598, 13629, 13643, 13669, 13674, 19461, 21969, 21970, 33647, 33764, 33996, 34014, 36640, 36642, 36644, 37325, 37378, 37860, 36664, 10891, 5912, 37365, 5402, 5335, 5900, 5909, 34117, 7919, 7938], "label": "ceiling"}, {"objectId": 7, "id": 7, "partId": 7, "index": 4, "dominantNormal": [0.226533442735672, -0.9740033745765686, -2.1627219450350146e-16], "obb": {"axesLengths": [2.768677034786916, 0.899999956041575, 0.691798177512506], "centroid": [-1.1206687965758642, -1.0950353997107212, -0.9600000257669392], "normalizedAxes": [0.9740033745765686, 0.2265334576368332, 5.030053210327194e-17, 0, -2.220446049250313e-16, 1, 0.2265334576368332, -0.9740033745765686, -2.1627219450350146e-16]}, "segments": [23173, 25220, 38969, 15299, 19119, 16295, 16267, 16645, 16700, 16701, 18733, 18735, 18815, 18851, 19687, 25267, 25699, 26967, 27174, 27186, 27198, 35935, 36140, 36145, 36148, 36152, 36154, 16582, 22586, 39130, 31345, 27247, 24832, 22649, 29201, 16257, 16394, 23066, 23088, 23111, 23122, 23137, 23144, 23189, 23194, 23234, 23307, 23349, 23356, 23406, 24689, 24855, 25586, 25616, 27386, 27495, 27546, 27632, 28527, 28567, 28579, 28624, 28719, 28730, 28734, 28754, 28848, 28862, 28863, 28875, 28923, 28953, 29031, 29078, 31360, 31375, 37796, 37798, 37800, 37802, 37806, 37810, 37823, 37825, 37828, 37832, 37916, 37959, 37971, 37982, 37986, 37989, 38010, 38375, 38381, 38435, 38476, 38571, 38593, 38600, 38603, 38637, 38899, 38903, 41116, 42177, 29169, 41099, 41520, 32522, 28436, 11442, 26591, 26600, 26602, 26628, 26643, 26655, 26667, 26676, 26693, 26709, 26714, 26745, 26766, 26778, 26818, 26825, 26866, 26875, 26893, 27895, 27906, 27969, 28261, 28296, 28383, 28385, 28390, 28430, 28432, 28683, 28699, 28748, 28753, 28809, 28811, 28813, 28864, 28865, 28868, 28871, 28881, 28887, 28944, 29367, 29377, 29452, 38741, 38772, 38774, 38776, 38778, 39429, 39431, 39436, 39445, 39929, 40094, 40104, 40698, 40700, 40714, 41177, 41197, 41575, 29319, 10257, 10285, 10308, 10338, 10424, 11338, 11485, 26513, 27931, 28318, 39442, 39450, 39467, 40982, 41014, 29264, 29341, 10314], "label": "kitchen cabinet"}, {"objectId": 8, "id": 8, "partId": 8, "index": 5, "dominantNormal": [0, -2.220446049250313e-16, 1], "obb": {"axesLengths": [2.519243129745963, 0.35126196552972555, 0.7995147482094831], "centroid": [-1.0761593847420814, -1.1931548033818715, -0.4256310458592105], "normalizedAxes": [0.9998114705085754, -0.01941610500216484, -4.311241364388616e-18, 0, -2.220446049250313e-16, 1, -0.01941610500216484, -0.9998114705085754, -2.2200274296859122e-16]}, "segments": [15385, 24672, 14641, 14685, 18111, 19313, 19368, 19387, 35939, 35966, 3914, 14614, 3788, 35970, 35981, 36048, 18257, 20990], "label": "kitchen counter"}, {"objectId": 9, "id": 9, "partId": 9, "index": 6, "dominantNormal": [0, -2.220446049250313e-16, 1], "obb": {"axesLengths": [0.9477102403881964, 0.3625939705388102, 0.7689075197478215], "centroid": [-1.9037758612605977, -1.341732294976909, -0.6308920482226015], "normalizedAxes": [0.8074731826782227, 0.5899043083190918, 1.309850690842866e-16, 0, -2.220446049250313e-16, 1, 0.5899043083190918, -0.8074731826782227, -1.7929506383534358e-16]}, "segments": [22482, 24925, 38335, 20910, 38406, 20903, 20915, 20923, 24130, 24214, 24245, 24860, 24867, 24916, 24921, 24956, 24965, 24988, 25061, 25072, 25073, 26128, 26130, 37083, 37088, 37091, 37092, 37096, 37271, 37958, 37968, 38004, 38304, 38308, 38349, 38365, 38383, 38400, 38683, 24159, 20898, 28465, 11521, 11553, 11627, 11767, 24105, 24179, 25056, 25082, 27660, 27685, 27706, 27740, 27747, 28522, 34353, 37384, 38367, 38425, 40086, 40895, 31540, 11527, 21006, 22465, 22474, 22497, 22524, 23657, 23705, 23716, 23743, 23758, 23858, 23873, 24177, 24189, 28583, 29213, 37408, 37410, 37417, 38442, 39408, 27713, 11693, 11709, 11746, 11947, 23718, 23755, 37880, 40880, 23666, 39417], "label": "sink"}, {"objectId": 10, "id": 10, "partId": 10, "index": 7, "dominantNormal": [0.14711104333400726, -0.9891200065612793, -2.1962876108034364e-16], "obb": {"axesLengths": [2.506821273555844, 1.628693961455807, 0.4152535159273455], "centroid": [-1.0851121735706302, -1.4208135913210496, 0.20436294502415442], "normalizedAxes": [0.9891200065612793, 0.14711104333400726, 3.2665213497208803e-17, 0, -2.220446049250313e-16, 1, 0.14711104333400726, -0.9891200065612793, -2.1962876108034364e-16]}, "segments": [36802, 3090, 34085, 3318, 6091, 5033, 2901, 2842, 2853, 2860, 2957, 2961, 3123, 3145, 3290, 3400, 4745, 4749, 4848, 4874, 5814, 5815, 5999, 8639, 8676, 33591, 33596, 33616, 33624, 33853, 33912, 34899, 34901, 36810, 17255, 2845, 2880, 2924, 2930, 34206, 35868, 4072, 3931, 4471, 4530, 4621, 6228, 6231, 6434, 6469, 6473, 8694, 34275, 34928, 35010, 36476, 36839, 34793, 6793, 4517, 6399, 7875, 34663, 34665, 34667, 34998, 19923, 34848, 9017, 9251, 9331, 9351, 9369, 34906, 34988, 8768, 8030, 8054, 8077, 8901, 9085, 9102, 9123, 9257, 10035, 10071, 10123, 10150, 34741, 34831, 34946, 34948, 34951, 35015, 35243, 35264, 40394, 7056, 8319, 8328, 8381, 8390, 8412, 8466, 8759, 8827, 8833, 8837, 8862, 8905, 9742, 9765, 9884, 9921, 10021, 10033, 34864, 34868, 34870, 34903, 35073, 35105, 35110, 35207, 8368, 8250, 8342, 8467, 9994, 34371, 35056, 34465, 7726, 7048, 7006, 7075, 8181, 8330, 8401, 8513, 8731, 9600, 9726, 9743, 9784, 9801, 9947, 9948, 9992, 34356, 35081, 9620, 8141, 8171, 34338, 8164, 6945, 6994, 8189, 40224, 35142, 6896, 2892, 4702, 4832, 6900, 7936, 34648, 34655, 5853, 13778, 24874, 23799, 24895, 26156, 24099, 23573, 24080, 23824], "label": "kitchen cabinet"}, {"objectId": 11, "id": 11, "partId": 11, "index": 8, "dominantNormal": [0.1045890673995018, -0.9945155382156372, -2.2082680977489604e-16], "obb": {"axesLengths": [3.4624253580328137, 1.010330028601064, 1.0087293654636404], "centroid": [-1.3653525283313328, 0.5123345071151859, -0.9151650702423223], "normalizedAxes": [0.9945155382156372, 0.1045890599489212, 2.3223436495838624e-17, 0, -2.220446049250313e-16, 1, 0.1045890599489212, -0.9945155382156372, -2.2082680977489604e-16]}, "segments": [15952, 14491, 39807, 14796, 28125, 25468, 163, 21702, 14751, 723, 1002, 25280, 27838, 24174, 26091, 20825, 28160, 21072, 21254, 21083, 26020, 14050, 14063, 14128, 14129, 14144, 14795, 15109, 15169, 15888, 15915, 15919, 15923, 15935, 15938, 15963, 15981, 16012, 16032, 16040, 16053, 16057, 16063, 16067, 16072, 16114, 16119, 16125, 16129, 16202, 16205, 16210, 16227, 16230, 16261, 16263, 16270, 16280, 16289, 16291, 16340, 16366, 16436, 16441, 16479, 16533, 17043, 17056, 17090, 17094, 17095, 17121, 17480, 17508, 17526, 21070, 21118, 21223, 21263, 21265, 21340, 22295, 22368, 22431, 22470, 22472, 24165, 24382, 24386, 26044, 26092, 26098, 27321, 27369, 27411, 27421, 27434, 28027, 28177, 29650, 33327, 35462, 35463, 35468, 35470, 35475, 35478, 35482, 35493, 35495, 35498, 35501, 35514, 35516, 35915, 35916, 35920, 36112, 36116, 36119, 36177, 36179, 36181, 36217, 36223, 36227, 36250, 36262, 36480, 36481, 37053, 37078, 37246, 37381, 37405, 38677, 39344, 39345, 39490, 39506, 25935, 20833, 29671, 41350, 41941, 30265, 30615, 21798, 21801, 30262, 30275, 30283, 30285, 41579, 27464, 14331, 26460, 37292, 37927], "label": "kitchen cabinet"}, {"objectId": 12, "id": 12, "partId": 12, "index": 9, "dominantNormal": [0, -2.220446049250313e-16, 1], "obb": {"axesLengths": [0.39892943657445556, 0.0480139840838166, 0.2987203541343], "centroid": [-0.7612912973060542, 0.4070450824460795, -0.5459930567473246], "normalizedAxes": [-0.17879006266593933, 0.983887255191803, 2.1846685686983735e-16, 0, -2.220446049250313e-16, 1, 0.983887255191803, 0.17879006266593933, 3.969936882918009e-17]}, "segments": [14251], "label": "stove"}, {"objectId": 13, "id": 13, "partId": 13, "index": 10, "dominantNormal": [0.1448258012533188, -0.9894571900367737, -2.1970363085194704e-16], "obb": {"axesLengths": [1.032423737740795, 0.8426300098904216, 0.38462266843976883], "centroid": [-0.8332924718656974, 0.2454789876472806, -0.9513150331708418], "normalizedAxes": [0.9894571900367737, 0.1448258012533188, 3.2157787822244274e-17, 0, -2.220446049250313e-16, 1, 0.1448258012533188, -0.9894571900367737, -2.1970363085194704e-16]}, "segments": [29472, 28921, 40757, 41441, 13869, 13873, 14296, 14308, 14337, 14341, 14372, 14396, 14424, 14426, 14437, 14441, 14460, 15803, 15846, 15878, 15917, 17342, 17351, 17365, 17383, 17428, 17431, 17456, 17472, 17487, 17541, 17572, 17587, 17616, 17647, 17651, 17664, 17668, 17687, 24384, 24409, 24420, 24486, 25630, 25643, 25644, 25849, 25857, 29405, 29463, 29655, 29750, 29785, 29811, 29820, 29849, 29853, 29855, 29877, 29903, 29926, 29943, 29950, 29988, 30014, 30022, 30039, 30049, 30068, 30076, 30141, 30144, 35933, 36092, 36093, 36095, 36097, 36099, 36102, 36109, 36187, 36191, 36196, 36198, 36200, 36203, 36208, 36246, 36248, 36254, 36257, 36269, 38067, 38088, 38643, 41297, 41302, 41309, 41338, 41351, 41355, 41362, 41376, 41456, 41459, 41464, 15874, 22213, 25648, 40727, 29498], "label": "oven"}, {"objectId": 14, "id": 14, "partId": 14, "index": 11, "dominantNormal": [0, -2.220446049250313e-16, 1], "obb": {"axesLengths": [1.6835796430288563, 0.20292502188105063, 1.0498677912274126], "centroid": [-2.284342228301594, 0.40705122313246656, -0.667642557736132], "normalizedAxes": [0.9825930595397949, 0.18577103316783905, 4.124945566626771e-17, 0, -2.220446049250313e-16, 1, 0.18577103316783905, -0.9825930595397949, -2.1817948770759153e-16]}, "segments": [4121, 33841, 25526, 8615, 9717, 25527, 32244, 33982, 33989, 38878, 41918], "label": "table"}, {"objectId": 15, "id": 15, "partId": 15, "index": 12, "dominantNormal": [0, -2.220446049250313e-16, 1], "obb": {"axesLengths": [0.4326920078405292, 0.25867100971927476, 0.4400332983533191], "centroid": [-1.785991327281963, 0.5130529794478356, -0.5231545690366359], "normalizedAxes": [0.15110090374946594, 0.9885183572769165, 2.1949516810269387e-16, 0, -2.220446049250313e-16, 1, 0.9885183572769165, -0.15110090374946594, -3.355114047686535e-17]}, "segments": [34600, 28403, 12180, 12334, 39963, 38716, 11379, 38721, 34635, 12482, 12425, 12430], "label": "plate"}, {"objectId": 16, "id": 16, "partId": 16, "index": 13, "dominantNormal": [-0.30956560373306274, -0.9508780837059021, -2.1113734842834788e-16], "obb": {"axesLengths": [0.3648713581882333, 0.32583899067702166, 0.22358299272659976], "centroid": [-1.3238722179607154, 0.6434607432191111, -0.4064485654162948], "normalizedAxes": [0.9508780837059021, -0.30956560373306274, -6.873737217928671e-17, 0, -2.220446049250313e-16, 1, -0.30956560373306274, -0.9508780837059021, -2.1113734842834788e-16]}, "segments": [39385, 26038, 28107, 38675, 39428, 39359, 28075, 28020, 28022, 28031, 28071, 39362, 39390, 39421, 39495, 23507, 27794, 20793], "label": "price tag"}, {"objectId": 17, "id": 17, "partId": 17, "index": 14, "dominantNormal": [-0.6772615313529968, -0.7357423305511475, -1.6336761511385133e-16], "obb": {"axesLengths": [0.37088984792965, 0.24700697704389, 0.17266973354883983], "centroid": [-0.4904181949345672, 0.8095457458596701, -0.44649656026728834], "normalizedAxes": [0.7357423305511475, -0.6772615313529968, -1.5038226916019788e-16, 0, -2.220446049250313e-16, 1, -0.6772615313529968, -0.7357423305511475, -1.6336761511385133e-16]}, "segments": [15832, 35435, 15790, 15612, 15662, 15291, 15853, 15796, 15577], "label": "object"}, {"objectId": 18, "id": 18, "partId": 18, "index": 15, "dominantNormal": [0.5496489405632019, -0.8353957533836365, -1.8549512001611845e-16], "obb": {"axesLengths": [0.6761510729848367, 0.8519080090841346, 0.6481410677548802], "centroid": [-3.429523598499931, 0.3602068412513873, -0.9952260422162861], "normalizedAxes": [0.8353957533836365, 0.5496489405632019, 1.2204658185481818e-16, 0, -2.220446049250313e-16, 1, 0.5496489405632019, -0.8353957533836365, -1.8549512001611845e-16]}, "segments": [22018, 7824, 21245, 20451, 25557, 25540, 4541, 8565, 19973, 20746, 36160, 36359, 36373, 7527, 37455, 36436, 21643, 36079, 37461, 6538, 25558, 32172], "label": "chair"}, {"objectId": 20, "id": 20, "partId": 20, "index": 16, "dominantNormal": [0, -2.220446049250313e-16, 1], "obb": {"axesLengths": [0.6060745860500352, 0.5337100505744652, 0.679901472396092], "centroid": [-2.5405459628259655, 0.9584332534457664, -0.8231450524102524], "normalizedAxes": [0.9838045239448547, 0.17924480140209198, 3.980034111219321e-17, 0, -2.220446049250313e-16, 1, 0.17924480140209198, -0.9838045239448547, -2.1844848684279377e-16]}, "segments": [32811, 6495, 32402, 32425, 32440, 32443, 32559, 32570, 40912, 40928, 41086, 41088, 42299, 42320, 42355, 42367, 30474, 29063, 32431, 28234, 6377, 42371, 32471, 30501, 32725], "label": "chair"}, {"objectId": 22, "id": 22, "partId": 22, "index": 17, "dominantNormal": [0.9991245269775391, -0.04183536767959595, -9.289317688309306e-18], "obb": {"axesLengths": [0.39814118758868416, 0.3199999875575305, 0.19890192685035174], "centroid": [0.3775354300894702, -0.26715302978580213, -0.19000006111994394], "normalizedAxes": [0.04183536767959595, 0.9991245269775391, 2.2185021086363645e-16, 0, -2.220446049250313e-16, 1, 0.9991245269775391, -0.04183536767959595, -9.289317688309306e-18]}, "segments": [18685, 911, 20362, 20214], "label": "shelf"}, {"objectId": 23, "id": 23, "partId": 23, "index": 18, "dominantNormal": [0.9999891519546509, 0.0046633402816951275, 1.0354695504799788e-18], "obb": {"axesLengths": [0.400167034772934, 0.35829497072931427, 0.18664009447361013], "centroid": [0.3637108197409131, -0.29035385195208685, 0.3491474146707172], "normalizedAxes": [-0.00466333981603384, 0.9999891519546509, 2.2204219617508755e-16, 0, -2.220446049250313e-16, 1, 0.9999891519546509, 0.00466333981603384, 1.0354694470824022e-18]}, "segments": [1068, 33355, 33368, 1214, 33350, 33333, 1037, 33335, 33337], "label": "shelf"}, {"objectId": 24, "id": 24, "partId": 24, "index": 19, "dominantNormal": [0.9958065152168274, 0.09148462861776352, 2.0313668218144514e-17], "obb": {"axesLengths": [0.831331877163512, 0.5799999852478505, 0.11960986018516002], "centroid": [0.3023395132032016, 0.6196787563798423, 0.11999992595329911], "normalizedAxes": [-0.09148462116718292, 0.9958065152168274, 2.2111346425309262e-16, 0, -2.220446049250313e-16, 1, 0.9958065152168274, 0.09148462116718292, 2.031366656378329e-17]}, "segments": [37775, 383, 596, 608, 22719, 616, 727, 37471, 22751, 21784], "label": "shelf"}], "scan_id": "c7895f35-339c-2d13-805c-47570e126422", "annId": "6026", "appId": "stk.v1"}