{"segGroups": [{"objectId": 1, "id": 1, "partId": 1, "index": 0, "dominantNormal": [0, -2.220446049250313e-16, 1], "obb": {"axesLengths": [5.85924303056685, 0.3483300131187578, 4.140117277324904], "centroid": [1.117160515241191, -0.10247770629541447, -1.4749950447864453], "normalizedAxes": [0.8539279699325562, -0.5203912258148193, -1.1555006414250431e-16, 0, -2.220446049250313e-16, 1, -0.5203912258148193, -0.8539279699325562, -1.8961009871810844e-16]}, "segments": [16244, 47540, 7691, 16205, 17963, 23623, 23626, 23632, 23665, 23681, 23691, 23710, 23724, 23725, 25068, 44517, 56113, 56114, 56127, 56130, 61180, 61356, 61358, 61365, 34247, 164, 688, 5627, 5635, 6910, 7573, 7594, 7936, 7956, 8109, 9173, 11638, 11697, 12888, 14076, 15377, 16269, 17201, 19336, 28815, 28831, 28886, 29062, 29364, 32546, 34137, 34142, 34158, 34179, 34376, 35916, 35948, 36607, 38069, 38113, 39025, 39180, 40057, 40115, 40189, 40207, 41569, 41982, 42614, 42653, 42689, 42698, 45648, 45653, 45657, 46517, 53032, 53613, 53615, 53710, 53740, 53742, 53743, 53752, 53754, 53756, 53759, 57425, 58621, 60048, 60283, 60696, 60697, 62607, 44262, 31988, 4341, 4348, 9327, 9466, 9532, 9581, 9614, 9668, 9700, 9701, 9742, 9753, 9772, 9783, 9808, 9823, 9843, 9873, 9912, 9970, 15675, 17855, 26139, 28202, 30016, 30041, 30125, 30279, 30329, 30337, 30344, 30348, 38889, 41274, 42250, 47299, 47420, 53546, 53548, 54168, 54173, 54176, 54182, 54188, 54190, 54201, 54281, 54320, 54327, 54330, 57564, 57578, 57585, 57700, 57703, 57724, 62522, 63403, 20390, 9398, 10046, 62068, 61956, 4376, 9311, 54411, 10199, 9600, 47461, 61961, 47359, 63424, 63384, 28765, 16800, 21915, 21784, 22139, 27267, 27081, 27181, 27052, 22677, 22686, 27325, 27324, 27345, 27156, 13827, 36543, 9762, 9712, 61728, 10070, 9948, 9957, 9814, 9435, 9420, 9621, 9833, 9678, 20398, 3377, 9582, 3355, 3409, 3396, 3360, 49578, 54257, 9764, 54265, 9792, 54212, 53556, 4383, 10145, 10056, 10072, 54385, 9903, 54286, 9860, 9998, 9836, 9850, 54241, 9888, 9735, 9674, 9583, 20756, 58022, 55923], "label": "floor"}, {"objectId": 2, "id": 2, "partId": 2, "index": 1, "dominantNormal": [-0.319924920797348, -0.947442889213562, -2.1037458202445558e-16], "obb": {"axesLengths": [4.569015729174191, 2.4799999636411667, 0.21393278535835183], "centroid": [0.267517482051147, -1.484129497669377, -0.27000003559499985], "normalizedAxes": [0.947442889213562, -0.319924920797348, -7.103760264411907e-17, 0, -2.220446049250313e-16, 1, -0.319924920797348, -0.947442889213562, -2.1037458202445558e-16]}, "segments": [46789, 26550, 18361, 38533, 21115, 59782, 47051, 30599, 30651, 43938, 59800, 15175, 16959, 34206, 26445, 14942, 9844, 42501, 40107], "label": "wall"}, {"objectId": 3, "id": 3, "partId": 3, "index": 2, "dominantNormal": [-0.3885134756565094, -0.9214430451393127, -2.046014569188765e-16], "obb": {"axesLengths": [3.360191189311056, 0.960069992540702, 0.6819217813384305], "centroid": [-0.28969503135045627, -1.077928041050211, -1.0100350165171554], "normalizedAxes": [0.9214430451393127, -0.3885134756565094, -8.62673212102004e-17, 0, -2.220446049250313e-16, 1, -0.3885134756565094, -0.9214430451393127, -2.046014569188765e-16]}, "segments": [11057, 64109, 12162, 13018, 45150, 13041, 51297, 13048, 13117, 13166, 15893, 58080, 11086, 58132, 16842, 49117, 16817, 16875, 59163, 15970, 34804, 33061, 33162, 25528, 32378, 63776, 47833, 63895, 11273, 63756, 5193, 5261, 5510, 5573, 5607, 5875, 5923, 5929, 5951, 5990, 10792, 11031, 11371, 12320, 12331, 13051, 13067, 13489, 14883, 15985, 16211, 16219, 16225, 18501, 18531, 22228, 25379, 25424, 25443, 25459, 25473, 25477, 25482, 25566, 32288, 32301, 32342, 32419, 32436, 34732, 34882, 34888, 34906, 34967, 35046, 35047, 35069, 35070, 39260, 39497, 40130, 40136, 40635, 41507, 41521, 41700, 42558, 42599, 44695, 47684, 47692, 47736, 47744, 47746, 47765, 47796, 47801, 47806, 47811, 47878, 47914, 47950, 47952, 48400, 48427, 53666, 53682, 54600, 54626, 54642, 54644, 54648, 54766, 54809, 54815, 55054, 55357, 55905, 58140, 58319, 58349, 58356, 58382, 58629, 58639, 58724, 58746, 58763, 60172, 60204, 60286, 60338, 63719, 63741, 63742, 63744, 63765, 63836, 63876, 64477, 64548, 64559, 64562, 64585, 64610, 66040, 66062, 12046, 5265, 15005, 15084, 54618], "label": "desk"}, {"objectId": 4, "id": 4, "partId": 4, "index": 3, "dominantNormal": [0.9320634603500366, -0.3622950613498688, -8.044566376372159e-17], "obb": {"axesLengths": [1.9970711250334023, 2.4074099717868114, 0.3915077301042872], "centroid": [-1.5114504823875068, 0.9116191455282865, -0.29062508997026737], "normalizedAxes": [0.3622950613498688, 0.9320634603500366, 2.0695966281848146e-16, 0, -2.220446049250313e-16, 1, 0.9320634603500366, -0.3622950613498688, -8.044566376372159e-17]}, "segments": [8302, 6010, 4743, 4182, 61049, 43099, 60937, 5798, 3923, 3952, 4084, 4399, 5457, 6651, 14593, 15251, 17521, 17537, 17545, 20212, 20245, 53685, 55208, 55264, 55395, 55693, 55768, 55777, 60958, 61091, 53565, 2834, 1601, 1800, 2165, 2281, 2336, 2341, 2384, 5375, 5755, 5881, 5992, 6496, 6770, 6808, 7209, 14639, 14663, 14677, 16060, 16084, 16102, 19966, 19981, 19983, 20005, 28260, 28464, 29513, 29550, 29551, 29589, 31772, 31782, 45800, 46071, 46073, 46309, 55063, 55075, 55107, 55235, 55481, 55486, 55513, 55617, 55624, 55626, 57346, 57409, 57414, 57478, 57492, 57508, 57543, 62991, 63058, 1876, 654, 699, 757, 1010, 2989, 3373, 12740, 28467, 32016, 39727, 39799, 39801, 43515, 43517, 46029, 47111, 47127, 47164, 47202, 50571, 52034, 52082, 54695, 54737, 54740, 54845, 63092, 63202, 63287, 65665, 65691, 56273, 1265, 32483, 44606, 732, 58453, 66659, 44970, 7272, 20017, 62992, 63225, 65571, 16144, 55189, 20247, 60988, 37367, 37508, 55638, 25885, 36794, 36816, 36850, 62713, 36916, 58444, 33728, 64694, 23872, 56203, 56183, 25714, 33178, 7556, 57512, 13255, 38831, 13294, 12849, 12809, 31805, 31786, 29601, 15755, 15306, 37442, 20215, 1158, 1168, 2172, 2319, 2390, 7213, 7497, 7502, 7530, 7557, 7563, 15291, 16644, 17287, 25163, 25187, 25228, 25307, 25612, 25852, 25982, 36010, 48661, 48746, 53106, 53113, 53116, 53120, 53679, 54928, 56489, 56754, 56756, 56770, 56774, 56777, 59061, 59738, 59746, 64613, 64817, 64820, 7184, 1072, 64674], "label": "curtain"}, {"objectId": 5, "id": 5, "partId": 5, "index": 4, "dominantNormal": [0.9539986252784729, -0.2998109459877014, -6.657140305403906e-17], "obb": {"axesLengths": [2.869130787911709, 2.4432799866062394, 0.2811921151274936], "centroid": [-1.4810686013978902, 0.5601286010705674, -0.2716400871616593], "normalizedAxes": [0.2998109459877014, 0.9539986252784729, 2.118302478489815e-16, 0, -2.220446049250313e-16, 1, 0.9539986252784729, -0.2998109459877014, -6.657140305403906e-17]}, "segments": [43867, 65441, 17542, 15836, 65222, 65255, 13021, 14317, 9027, 12772, 12873, 12881, 13130, 13221, 13371, 14534, 15124, 16869, 17802, 10030, 11862, 18102, 59555, 59467, 9493, 8815, 17315, 59522, 8870, 17396, 59601, 19157, 11062, 17395, 12101, 15792, 64433, 65307, 2649, 18797, 65324, 49162, 26273, 26241, 64868, 65353], "label": "curtain"}, {"objectId": 6, "id": 6, "partId": 6, "index": 5, "dominantNormal": [0.7284963130950928, -0.6850497126579285, -1.5211159280113595e-16], "obb": {"axesLengths": [0.7143629010150407, 2.499999884516002, 0.4490767765388977], "centroid": [-0.8500818809206929, 1.9688033032763257, -0.30000003611654114], "normalizedAxes": [0.6850497126579285, 0.7284963130950928, 1.6175867603054179e-16, 0, -2.220446049250313e-16, 1, 0.7284963130950928, -0.6850497126579285, -1.5211159280113595e-16]}, "segments": [1104, 25955, 48529, 25256, 59326, 25905, 64840, 1319, 1191, 1224, 1253, 1316, 1380, 20903, 20939, 25255, 48790, 55877, 58077, 65146, 27236, 20863, 48550, 30758, 43680, 65176, 43620, 48861, 59359, 35321, 36797, 65042, 31321, 34625, 22643, 65067, 47282, 58229, 63373, 58215, 31277, 59324], "label": "curtain"}, {"objectId": 7, "id": 7, "partId": 7, "index": 6, "dominantNormal": [0, -2.220446049250313e-16, 1], "obb": {"axesLengths": [4.728170497622821, 0.14901095295673075, 3.366461847849154], "centroid": [0.7118992192750443, 0.05294753415333592, 0.924505420617785], "normalizedAxes": [0.9495015740394592, -0.31376218795776367, -6.966920106549505e-17, 0, -2.220446049250313e-16, 1, -0.31376218795776367, -0.9495015740394592, -2.108317018832871e-16]}, "segments": [1869, 31020, 14419, 31544, 15037, 19053, 29819, 3990, 31513, 21361, 38404, 34725, 31677, 14473, 18817, 38946, 46139, 63536, 25137, 1748, 3110, 2056, 39990, 47625, 48218, 1959, 1532, 50540, 21448, 31504, 55927, 21531, 55893, 21234, 31499, 31662, 38466, 234], "label": "ceiling"}, {"objectId": 8, "id": 8, "partId": 8, "index": 7, "dominantNormal": [-0.30388620495796204, -0.95270836353302, -2.1154375218946253e-16], "obb": {"axesLengths": [4.55096727135883, 2.420049017219639, 0.23105590929509867], "centroid": [1.303533953166858, 1.560220321420437, -0.23655557213584655], "normalizedAxes": [0.95270836353302, -0.30388620495796204, -6.747629232205777e-17, 0, -2.220446049250313e-16, 1, -0.30388620495796204, -0.95270836353302, -2.1154375218946253e-16]}, "segments": [46598, 37001, 45962, 46146, 20992, 26243, 57737, 20261, 50767, 52957, 57857, 48873, 49023, 60265, 60240, 41425, 46396, 41965, 42042, 18865, 55479, 66737, 48288, 22812, 17773, 22107, 21747, 19316, 20690], "label": "wall"}, {"objectId": 9, "id": 9, "partId": 9, "index": 8, "dominantNormal": [0.9611536264419556, -0.2760140299797058, -6.128742624060952e-17], "obb": {"axesLengths": [3.3772339054237746, 2.5147450004202483, 0.8107260970468155], "centroid": [3.1600986810052256, -0.7393639668532961, -0.283487582929562], "normalizedAxes": [0.2760140299797058, 0.9611536264419556, 2.1341897725556515e-16, 0, -2.220446049250313e-16, 1, 0.9611536264419556, -0.2760140299797058, -6.128742624060952e-17]}, "segments": [40210, 48477, 3876, 48209, 46566, 41721, 28728, 2183, 2189, 3545, 20579, 21573, 21650, 22045, 22091, 27858, 28308, 28325, 28520, 28550, 29918, 29941, 29957, 29993, 29998, 30022, 30073, 30077, 30097, 30118, 30126, 30166, 30173, 30185, 30196, 30206, 30215, 33236, 33345, 35331, 35371, 35409, 35412, 35512, 35529, 35556, 37725, 37741, 37919, 40226, 40228, 40298, 40795, 40871, 41130, 41255, 41291, 41306, 41313, 41406, 41444, 41523, 41861, 42486, 44358, 44712, 44872, 45095, 45185, 45192, 45203, 45216, 45363, 45535, 45952, 46269, 48102, 48131, 48245, 48391, 52431, 53398, 53400, 57560, 57563, 57581, 57595, 57650, 57653, 58901, 59988, 59992, 60111, 61119, 61146, 61372, 61382, 61626, 61629, 61633, 63903, 63989, 64027, 64066, 64070, 64073, 66104, 66351, 66749, 45744, 66171, 26431, 66232, 66137, 45835, 2710, 45404, 57580, 57558, 29921, 9274, 57567, 30203, 30004, 18742, 45424, 9285, 9227, 9242, 9226, 9234, 9309, 54136, 9328, 9334, 9330, 9322, 54134], "label": "wall"}, {"objectId": 10, "id": 10, "partId": 10, "index": 9, "dominantNormal": [-0.30179470777511597, -0.9533729553222656, -2.11691321210742e-16], "obb": {"axesLengths": [2.6799849731776058, 1.019999928325416, 0.18206359736317212], "centroid": [1.5006470448445248, 1.466188828947379, -0.6600000274738674], "normalizedAxes": [0.9533729553222656, -0.30179470777511597, -6.70118866563909e-17, 0, -2.220446049250313e-16, 1, -0.30179470777511597, -0.9533729553222656, -2.11691321210742e-16]}, "segments": [49682, 52271, 36702, 30444, 26297, 22847, 24297, 65480, 59091, 65786, 66732, 58429, 24229, 57794, 11547, 312], "label": "upholstered wall"}, {"objectId": 11, "id": 11, "partId": 11, "index": 10, "dominantNormal": [0, -2.220446049250313e-16, 1], "obb": {"axesLengths": [2.3221503051217165, 0.7426090074492464, 2.425061671201875], "centroid": [1.2992136719141356, 0.4555349035320374, -1.2023655514447646], "normalizedAxes": [0.8783294558525085, -0.47805577516555786, -1.0614970572876589e-16, 0, -2.220446049250313e-16, 1, -0.47805577516555786, -0.8783294558525085, -1.95028317018788e-16]}, "segments": [10433, 13409, 13435, 13441, 13808, 13844, 54468, 55015, 19863, 14206, 11830, 5158, 55853, 7596, 21449, 53708, 14138, 21713, 21364, 8106, 7648, 45677, 24982, 23587, 14995, 8232, 37291, 4610, 27925, 28122, 28130, 5698, 5759, 53642, 11439, 14004, 7262, 7001, 26818, 857, 27758], "label": "bed"}, {"objectId": 12, "id": 12, "partId": 12, "index": 11, "dominantNormal": [0, -2.220446049250313e-16, 1], "obb": {"axesLengths": [0.7724229179529688, 0.747265024171806, 0.7682676871650227], "centroid": [-0.46240314931011106, 1.318792967913694, -1.1022375288662876], "normalizedAxes": [0.9620658159255981, -0.27281737327575684, -6.057762586570022e-17, 0, -2.220446049250313e-16, 1, -0.27281737327575684, -0.9620658159255981, -2.1362152400907733e-16]}, "segments": [42905, 42847, 29103, 29187, 29208, 40848, 40872, 40913, 42729, 57443, 60409, 60724, 60736, 60747, 60830, 60836, 60883, 39947, 28861, 28873, 39619, 39913, 40792, 40947, 40960, 60642, 39568, 40896, 41753, 41819, 42072, 42099, 42103, 42130, 42143, 42163, 42362, 42407, 60779, 60810, 42406, 29214, 40803, 60603, 60866, 60236, 27168, 56902, 60518, 37202, 38277, 39966, 57458, 41195], "label": "armchair"}, {"objectId": 13, "id": 13, "partId": 13, "index": 12, "dominantNormal": [0, -2.220446049250313e-16, 1], "obb": {"axesLengths": [0.3831490267106397, 0.28111579385886043, 0.336468681040971], "centroid": [-0.4795149598916504, 1.9329376084519247, -0.0494421571430097], "normalizedAxes": [0.9924633502960205, 0.12254161387681961, 2.7209704240154145e-17, 0, -2.220446049250313e-16, 1, 0.12254161387681961, -0.9924633502960205, -2.2037113251905283e-16]}, "segments": [47622, 47602, 56750, 19501, 63162, 48758], "label": "lamp"}, {"objectId": 14, "id": 14, "partId": 14, "index": 13, "dominantNormal": [0, -2.220446049250313e-16, 1], "obb": {"axesLengths": [0.49298006142137135, 0.4843950163335718, 0.506179571982502], "centroid": [-0.7801233495666764, 0.5155784215027127, -1.226582560447845], "normalizedAxes": [0.809288740158081, 0.5874110460281372, 1.304314536439171e-16, 0, -2.220446049250313e-16, 1, 0.5874110460281372, -0.809288740158081, -1.7969819857867743e-16]}, "segments": [31134, 58526, 33864, 31169, 31173, 31186, 31189, 31190, 31191, 33884, 33887, 33893, 33899, 33906, 33911, 38810, 58541, 58544, 58548, 61150, 30874, 33993, 33979, 34021, 31205, 31226, 34335, 61639, 34353, 30985, 31207, 31231, 32525, 34019, 34061, 34063, 34072, 34099, 34110, 34355, 38803, 58562], "label": "coffee table"}, {"objectId": 16, "id": 16, "partId": 16, "index": 14, "dominantNormal": [0.7880644202232361, -0.6155927777290344, -1.3668905512554606e-16], "obb": {"axesLengths": [0.7827686807925917, 0.8789009255416481, 0.8190087487180349], "centroid": [-0.9979511791773861, -0.7265868836522631, -1.0905495351242387], "normalizedAxes": [0.7880644202232361, -0.6155927777290344, -1.3668905512554606e-16, 0, -2.220446049250313e-16, 1, -0.6155927777290344, -0.7880644202232361, -1.749854528439423e-16]}, "segments": [37129, 35222, 36286, 36784, 37015, 35254, 35263, 58813, 58843, 35272, 58823, 47213, 33045, 36998, 59154, 47234, 39441, 22253, 22287, 36360, 36366, 36979, 37047, 37151, 39270, 39309, 39351, 59185, 59400, 60085, 60092, 60101, 60113, 60116, 60122, 60162, 60164, 60170, 39452, 39412, 40600, 40616, 39010, 39059, 60533, 41854, 38987, 38995, 59995, 60021, 60023, 60043, 41868, 60558, 41917, 36434, 38976, 38980, 39048, 41888, 59196, 59198, 59999, 60012, 60020, 60025, 39128, 39028, 39123, 36590, 41524, 41501, 13636, 54582, 10874, 13691, 13873, 13877, 36602, 39189, 60290, 60335, 60342, 60504, 35903], "label": "chair"}, {"objectId": 17, "id": 17, "partId": 17, "index": 15, "dominantNormal": [-0.4330858290195465, -0.9013527035713196, -2.0014050496260251e-16], "obb": {"axesLengths": [0.8509358097905825, 0.5860369987181497, 0.10298487476905738], "centroid": [0.5135658511327827, -1.420880068804548, -0.3230185587214267], "normalizedAxes": [0.9013527035713196, -0.4330857992172241, -9.616436518582996e-17, 0, -2.220446049250313e-16, 1, -0.4330857992172241, -0.9013527035713196, -2.0014050496260251e-16]}, "segments": [3796, 27074, 50225, 50628, 50955, 50719], "label": "tv"}, {"objectId": 18, "id": 18, "partId": 18, "index": 16, "dominantNormal": [-0.36781951785087585, -0.9298971891403198, -2.0647865398355943e-16], "obb": {"axesLengths": [0.8979505311652501, 0.8646839961852726, 0.23821234145489134], "centroid": [0.5030600515324447, -1.4990260742372656, -0.3423420572314708], "normalizedAxes": [0.9298971891403198, -0.36781951785087585, -8.167233952491323e-17, 0, -2.220446049250313e-16, 1, -0.36781951785087585, -0.9298971891403198, -2.0647865398355943e-16]}, "segments": [50140, 49978, 66552, 49996, 51536, 51269, 22016, 50445, 4481, 11108, 2402, 24673, 34521, 50199, 50276, 50284, 50300, 50305, 50308, 50318, 50353, 50362, 50365, 50400, 50425, 50427, 50676, 50702, 51209, 51231, 51281, 51286, 51303, 51334, 51348, 51374, 51392, 51410, 51525, 53040, 65709, 65713, 65721, 65729, 65732, 65739, 65774, 65898, 65901, 65930, 66054, 35252], "label": "tv stand"}, {"objectId": 19, "id": 19, "partId": 19, "index": 17, "dominantNormal": [-0.5306540727615356, -0.8475884795188904, -1.8820244907378e-16], "obb": {"axesLengths": [0.5546309844171795, 0.36415802618507964, 0.3469739522423637], "centroid": [0.29927577926595755, 1.6911420857408497, -1.001221039472647], "normalizedAxes": [0.8475884795188904, -0.5306540727615356, -1.17828873938194e-16, 0, -2.220446049250313e-16, 1, -0.5306540727615356, -0.8475884795188904, -1.8820244907378e-16]}, "segments": [17117, 23181, 23058, 27942, 18145, 23155, 23982, 27981, 55456, 55462, 55981, 11002, 57264, 28062, 53558, 55972, 23083, 18108, 18250, 55465, 18157, 18332], "label": "shelf"}, {"objectId": 20, "id": 20, "partId": 20, "index": 18, "dominantNormal": [-0.015579271130263805, -0.9998786449432373, -2.2201765868939678e-16], "obb": {"axesLengths": [0.5175493427207956, 0.3244860695789886, 0.31194696786231785], "centroid": [2.5897815783128078, 0.9926147637681857, -1.0596170497583521], "normalizedAxes": [0.9998786449432373, -0.01557927019894123, -3.4592928963442195e-18, 0, -2.220446049250313e-16, 1, -0.01557927019894123, -0.9998786449432373, -2.2201765868939678e-16]}, "segments": [23465, 24889, 56658, 55454, 55897, 55899, 23974, 22974, 23399, 23409, 23491, 56008, 24939, 56734], "label": "shelf"}, {"objectId": 21, "id": 21, "partId": 21, "index": 19, "dominantNormal": [0, -2.220446049250313e-16, 1], "obb": {"axesLengths": [0.3185483337869431, 0.22461701427511083, 0.28078458348953456], "centroid": [-1.0827364560603006, -0.780976102268202, -0.2675065572929418], "normalizedAxes": [0.6000365614891052, 0.7999725937843323, 1.7762959853769462e-16, 0, -2.220446049250313e-16, 1, 0.7999725937843323, -0.6000365614891052, -1.3323488123642263e-16]}, "segments": [24430, 56493, 24445, 32192, 56501, 29759, 24361, 32213], "label": "lamp"}, {"objectId": 22, "id": 22, "partId": 22, "index": 20, "dominantNormal": [0, -2.220446049250313e-16, 1], "obb": {"axesLengths": [0.834219255075084, 0.16244202489162918, 0.5400754787184905], "centroid": [1.0956663773343684, 1.3388101252145383, -0.8487790346230792], "normalizedAxes": [0.9739352464675903, -0.22682633996009827, -5.036556504303086e-17, 0, -2.220446049250313e-16, 1, -0.22682633996009827, -0.9739352464675903, -2.162570670244591e-16]}, "segments": [11964, 11991, 54962, 54966, 12604, 12480, 13431], "label": "pillow"}, {"objectId": 23, "id": 23, "partId": 23, "index": 21, "dominantNormal": [0, -2.220446049250313e-16, 1], "obb": {"axesLengths": [0.8936624663028228, 0.1652700268044316, 0.478325717837844], "centroid": [1.8592986234471383, 1.11803935928346, -0.847365033666678], "normalizedAxes": [0.9523839950561523, -0.3049011528491974, -6.770165602558662e-17, 0, -2.220446049250313e-16, 1, -0.3049011528491974, -0.9523839950561523, -2.1147172791916632e-16]}, "segments": [20999, 20641, 25324, 13851, 54968, 25415], "label": "pillow"}, {"objectId": 24, "id": 24, "partId": 24, "index": 22, "dominantNormal": [0, -2.220446049250313e-16, 1], "obb": {"axesLengths": [0.5651802854238765, 0.10462897782111957, 0.49665844362396366], "centroid": [0.6441931169590495, -0.1321546092216753, -0.8550175546290537], "normalizedAxes": [0.998020589351654, -0.0628877803683281, -1.3963892346497552e-17, 0, -2.220446049250313e-16, 1, -0.0628877803683281, -0.998020589351654, -2.2160508746963493e-16]}, "segments": [4997, 49584, 4822, 4833, 4835], "label": "clothes"}, {"objectId": 25, "id": 25, "partId": 25, "index": 23, "dominantNormal": [-0.37168461084365845, -0.9283590316772461, -2.0613711441735873e-16], "obb": {"axesLengths": [0.47914919697122776, 0.46082006854966123, 0.39430949506310004], "centroid": [1.6750380255435335, -1.8123935107898888, -1.2804100238252434], "normalizedAxes": [0.9283590316772461, -0.37168461084365845, -8.253056257149415e-17, 0, -2.220446049250313e-16, 1, -0.37168461084365845, -0.9283590316772461, -2.0613711441735873e-16]}, "segments": [15642, 41140, 41115, 49030, 15566, 14848, 14881, 55048, 55049], "label": "bag"}, {"objectId": 26, "id": 26, "partId": 26, "index": 24, "dominantNormal": [-0.20415782928466797, -0.9789379835128784, -2.173678977952239e-16], "obb": {"axesLengths": [0.59626531886089, 0.6931519949476718, 0.25253663070958277], "centroid": [-0.8449679090142688, -0.47543247718580184, -0.9918440667684967], "normalizedAxes": [0.9789379835128784, -0.20415784418582916, -4.5332147854588536e-17, 0, -2.220446049250313e-16, 1, -0.20415784418582916, -0.9789379835128784, -2.173678977952239e-16]}, "segments": [47209, 37177, 36368, 58893, 36401, 35153, 36121, 36728, 60476, 37147, 33027], "label": "clothes"}, {"objectId": 35, "id": 35, "partId": 35, "index": 28, "dominantNormal": [0, -2.220446049250313e-16, 1], "obb": {"axesLengths": [0.31243443417416294, 0.23715996212154686, 0.2376033205186942], "centroid": [-0.09511466111736278, 1.858723158765489, -1.3203900172286482], "normalizedAxes": [0.38562461733818054, 0.9226557612419128, 2.0487073398676455e-16, 0, -2.220446049250313e-16, 1, 0.9226557612419128, -0.38562461733818054, -8.562586580622268e-17]}, "segments": [27570, 27573, 26996, 26998, 27000, 27003, 27019, 27482, 27516, 27522, 56881, 56892, 56951, 56954, 56968, 56982, 56985, 57042, 57053, 27548, 26956, 27533, 56875, 27064, 27208, 27070, 27137, 27521, 56988, 22153, 27008, 27011, 27098, 56884, 56894, 56896, 56964], "label": "bag"}, {"objectId": 36, "id": 36, "partId": 36, "index": 29, "dominantNormal": [0.042189836502075195, -0.9991096258163452, -2.2184690214118623e-16], "obb": {"axesLengths": [0.34225952606763843, 0.33559989179075006, 0.2521799017415898], "centroid": [-1.473285526813286, -0.47549650861348136, -1.3158300235866758], "normalizedAxes": [0.9991096258163452, 0.0421898327767849, 9.368024750774339e-18, 0, -2.220446049250313e-16, 1, 0.0421898327767849, -0.9991096258163452, -2.2184690214118623e-16]}, "segments": [35825, 58907, 58932, 33463, 58947, 33484, 33526, 33564, 33600, 35697, 35722, 35735, 35793, 58953, 58958, 58971, 59011, 35673, 47944, 11182, 33553, 33512, 35871], "label": "trash can"}], "scan_id": "a38a57de-8a91-2e91-90b2-910244171e92", "annId": "4530", "appId": "stk.v1"}