{"segGroups": [{"objectId": 24, "id": 24, "partId": 24, "index": 2, "dominantNormal": [0.33905377984046936, -0.9407669901847839, -2.0889223466209116e-16], "obb": {"axesLengths": [0.09566477091745208, 0.19999998360872295, 0.05271852609761197], "centroid": [2.110543585455022, 0.07858016694667802, -0.5499999493360526], "normalizedAxes": [0.9407669901847839, 0.33905380964279175, 7.528506921046046e-17, 0, -2.220446049250313e-16, 1, 0.33905380964279175, -0.9407669901847839, -2.0889223466209116e-16]}, "segments": [17335, 17159, 17371], "label": "treadmill"}, {"objectId": 27, "id": 27, "partId": 27, "index": 5, "dominantNormal": [0.97535640001297, -0.22063514590263367, -4.899084380452693e-17], "obb": {"axesLengths": [0.2469742713619391, 0.2799999874830249, 0.2520981793348548], "centroid": [0.20889854852384837, -0.7605169329415307, -0.2099999719858172], "normalizedAxes": [0.97535640001297, -0.22063514590263367, -4.899084380452693e-17, 0, -2.220446049250313e-16, 1, -0.22063514590263367, -0.97535640001297, -2.1657262650198072e-16]}, "segments": [16263, 15820, 16304, 16398], "label": "frame"}, {"objectId": 28, "id": 28, "partId": 28, "index": 6, "dominantNormal": [-0.306398868560791, -0.951903223991394, -2.1136497529803267e-16], "obb": {"axesLengths": [0.26571549646395215, 0.29068609422401875, 0.18302509771506048], "centroid": [0.42332670543976114, -0.6699311949873967, -0.2282899213219447], "normalizedAxes": [0.951903223991394, -0.306398868560791, -6.803421571905744e-17, 0, -2.220446049250313e-16, 1, -0.306398868560791, -0.951903223991394, -2.1136497529803267e-16]}, "segments": [23422, 9612, 51990, 9630], "label": "frame"}, {"objectId": 29, "id": 29, "partId": 29, "index": 7, "dominantNormal": [0, -2.220446049250313e-16, 1], "obb": {"axesLengths": [0.2687619547277578, 0.17999998822808297, 0.19035993210108906], "centroid": [0.6993135322510966, -0.6009811241775838, -0.25999997161328836], "normalizedAxes": [0.8499827980995178, -0.5268104076385498, -1.1697540883449649e-16, 0, -2.220446049250313e-16, 1, -0.5268104076385498, -0.8499827980995178, -1.8873409459708009e-16]}, "segments": [53309, 9785, 25651, 53320], "label": "box"}, {"objectId": 30, "id": 30, "partId": 30, "index": 8, "dominantNormal": [-0.697661817073822, 0.716427206993103, 1.590787961343272e-16], "obb": {"axesLengths": [0.5535003497029957, 1.0267419287545543, 0.5600148346482465], "centroid": [-1.2982955180164035, -1.3660474778728129, -0.556629043669349], "normalizedAxes": [-0.697661817073822, 0.716427206993103, 1.590787961343272e-16, 0, -2.220446049250313e-16, 1, 0.716427206993103, 0.697661817073822, 1.5491204254343627e-16]}, "segments": [62182, 53177, 53129, 29652, 62104, 38128, 63203, 55797, 57867, 30691, 30267, 29694, 21672, 21717, 21725, 21748, 21782, 21805, 21841, 23644, 23657, 23696, 23710, 25260, 25291, 25310, 25328, 25334, 25351, 25381, 25399, 29903, 30087, 30212, 30633, 33467, 33520, 33664, 33687, 33739, 37979, 38044, 38164, 38203, 38251, 38443, 38470, 38691, 45806, 45817, 45848, 45857, 45866, 45869, 45871, 45878, 45887, 45972, 47837, 47847, 52452, 52456, 52481, 52484, 53080, 53206, 53216, 54473, 55803, 55805, 55811, 55813, 57289, 57334, 57337, 57341, 57346, 57483, 57837, 62015, 62039, 62045, 62047, 62096, 62131, 63040, 63178, 47887, 45948, 33264, 33718, 33415, 33418, 33429, 37998, 38028, 55779, 33382, 33394], "label": "plant"}, {"objectId": 31, "id": 31, "partId": 31, "index": 9, "dominantNormal": [-0.45859456062316895, -0.888645589351654, -1.9731895880595963e-16], "obb": {"axesLengths": [0.432689716543607, 0.43301998601064096, 0.35297401278400614], "centroid": [-1.24746312497641, -1.205858995993562, -1.0865099578385802], "normalizedAxes": [0.888645589351654, -0.45859459042549133, -1.0182845465178477e-16, 0, -2.220446049250313e-16, 1, -0.45859459042549133, -0.888645589351654, -1.9731895880595963e-16]}, "segments": [53242, 53279, 23721, 24096, 23293, 24326, 34640, 19462, 19482, 23238, 23244, 23283, 23331, 24074, 24089, 24093, 24113, 24124, 24130, 24136, 24179, 52651, 52655, 52661, 52663, 52664, 52693, 52775, 52777, 52918, 52923, 52944, 23730], "label": "stool"}, {"objectId": 32, "id": 32, "partId": 32, "index": 10, "dominantNormal": [0.6884726881980896, -0.7252622246742249, -1.6104056414483755e-16], "obb": {"axesLengths": [0.7083295289786473, 0.5320299744897339, 0.5217721808559311], "centroid": [-1.7338945954488358, -1.3642871453369372, -1.0360149304714434], "normalizedAxes": [0.7252622246742249, 0.6884726881980896, 1.5287164605261907e-16, 0, -2.220446049250313e-16, 1, 0.6884726881980896, -0.7252622246742249, -1.6104056414483755e-16]}, "segments": [57622, 25041, 25690, 25704, 37150, 37155, 53108, 57612, 57615, 57618, 24986, 25449, 36572, 36493, 15582, 22261, 22267, 22276, 22285, 22301, 22321, 22336, 22355, 22358, 22360, 22378, 22904, 23243, 24759, 24763, 24771, 24772, 36491, 36558, 36583, 36624, 36663, 36674, 52540, 52543, 52546, 53046, 56758, 57233, 57242, 57256, 57257, 57301, 57343, 57349, 57350, 57355, 57357, 57401, 57704, 57392, 57684, 56887], "label": "stool"}, {"objectId": 34, "id": 34, "partId": 34, "index": 11, "dominantNormal": [0.8318933844566345, -0.5549354553222656, -1.2322042393592483e-16], "obb": {"axesLengths": [0.2709455640667231, 0.20792704355879765, 0.13870320527915952], "centroid": [-1.6879065040210781, -1.3818892361718782, -0.74312745795114], "normalizedAxes": [0.5549354553222656, 0.8318933844566345, 1.847174378914206e-16, 0, -2.220446049250313e-16, 1, 0.8318933844566345, -0.5549354553222656, -1.2322042393592483e-16]}, "segments": [35907, 35981, 36042, 36004, 35928, 56769, 36060, 36023, 56842, 56845, 35949], "label": "plant"}, {"objectId": 35, "id": 35, "partId": 35, "index": 12, "dominantNormal": [0, -2.220446049250313e-16, 1], "obb": {"axesLengths": [0.38292549651837676, 0.33546601976157664, 0.3546472602308866], "centroid": [-1.9382121141982656, -1.1293347674225984, -1.141266955630474], "normalizedAxes": [-0.22868677973747253, 0.9735000729560852, 2.161604390940231e-16, 0, -2.220446049250313e-16, 1, 0.9735000729560852, 0.22868677973747253, 5.0778665658384744e-17]}, "segments": [37618, 36545, 53041, 57240, 37661, 36609, 36552, 36633, 36670, 37689, 37743, 57360, 57370, 57997, 58018, 58019, 37740, 22884, 22888, 25062, 36617], "label": "stool"}, {"objectId": 36, "id": 36, "partId": 36, "index": 13, "dominantNormal": [0, -2.220446049250313e-16, 1], "obb": {"axesLengths": [0.5871033383988996, 0.3599999913573268, 0.41791806372044343], "centroid": [-1.7152762786073092, -1.6938439756285653, 0.07000001922249788], "normalizedAxes": [0.935947597026825, 0.35213935375213623, 7.819064368244893e-17, 0, -2.220446049250313e-16, 1, 0.35213935375213623, -0.935947597026825, -2.0782211441235375e-16]}, "segments": [42532, 56619, 35762, 62240, 45770, 46392, 46302], "label": "lamp"}, {"objectId": 37, "id": 37, "partId": 37, "index": 14, "dominantNormal": [0.6466730833053589, -0.7627673149108887, -1.6936836708911522e-16], "obb": {"axesLengths": [0.743580073901113, 1.482297923811571, 0.284649285323419], "centroid": [-1.441646811980418, -1.7173319488025576, 0.47879097844382446], "normalizedAxes": [0.7627673149108887, 0.6466730833053589, 1.4359026929819027e-16, 0, -2.220446049250313e-16, 1, 0.6466730833053589, -0.7627673149108887, -1.6936836708911522e-16]}, "segments": [56917, 34778, 32148, 33029, 42314, 57323, 35894, 35360, 32867, 32138, 42470, 35055], "label": "curtain"}, {"objectId": 38, "id": 38, "partId": 38, "index": 15, "dominantNormal": [0.5539224743843079, -0.8325682282447815, -1.848672833137458e-16], "obb": {"axesLengths": [0.7403749337873907, 2.469009940273836, 0.3651089515417248], "centroid": [-1.0100414207379496, -1.3987489556345052, -0.06450501871470316], "normalizedAxes": [0.8325682282447815, 0.5539224743843079, 1.2299549698375941e-16, 0, -2.220446049250313e-16, 1, 0.5539224743843079, -0.8325682282447815, -1.848672833137458e-16]}, "segments": [29204, 57120, 32679, 28425, 28058, 31277, 55499, 28239, 31257, 57064, 21794, 28665, 31140, 32058, 55369, 31628, 31451, 20077, 31857, 31292, 20047, 21038, 60479, 21045, 51930, 35328, 14999, 52104, 24277], "label": "curtain"}, {"objectId": 41, "id": 41, "partId": 41, "index": 16, "dominantNormal": [0.9883202910423279, 0.15239103138446808, 3.383760635788226e-17], "obb": {"axesLengths": [0.23021900085502983, 0.3154219914505929, 0.15203545013433487], "centroid": [-2.7495005337698286, 0.02676115496593945, -0.5622229543576469], "normalizedAxes": [-0.15239103138446808, 0.9883202910423279, 2.1945118856388565e-16, 0, -2.220446049250313e-16, 1, 0.9883202910423279, 0.15239103138446808, 3.383760635788226e-17]}, "segments": [17521, 51351, 16978, 17453, 17481, 17488, 17542, 17579, 51366], "label": "item"}, {"objectId": 42, "id": 42, "partId": 42, "index": 17, "dominantNormal": [0.9944334626197815, 0.10536666214466095, 2.3396098868180493e-17], "obb": {"axesLengths": [0.250215887101606, 0.26774198708514885, 0.18427685139566108], "centroid": [-3.3989763907376016, 1.0329997147718328, -0.24387096999874003], "normalizedAxes": [-0.10536665469408035, 0.9944334626197815, 2.2080858533164027e-16, 0, -2.220446049250313e-16, 1, 0.9944334626197815, 0.10536665469408035, 2.3396097213819267e-17]}, "segments": [50513, 23038, 12733, 12636, 12661, 12669, 16312, 50504, 12713, 52630, 52639, 52641, 52644], "label": "fan"}, {"objectId": 43, "id": 43, "partId": 43, "index": 18, "dominantNormal": [0.9375860095024109, 0.34775352478027344, 7.72167940211229e-17], "obb": {"axesLengths": [0.8692812754006286, 0.5260320039235349, 0.28371332068727956], "centroid": [-3.0617970332213282, 0.5206997662226063, -0.4069839792627694], "normalizedAxes": [-0.34775352478027344, 0.9375860095024109, 2.0818591506319948e-16, 0, -2.220446049250313e-16, 1, 0.9375860095024109, 0.34775352478027344, 7.72167940211229e-17]}, "segments": [21191, 19223, 19326, 26243, 21240, 19118, 19122, 19169, 19218, 19231, 19267, 19269, 19285, 19315, 19317, 19334, 20935, 20940, 21170, 21232, 21252, 21267, 21338, 21359, 21371, 21372, 21392, 21410, 21462, 21464, 23829, 23833, 23880, 23886, 23887, 23910, 26204, 26205, 26209, 26215, 26229, 27498, 27506, 27581, 51904, 51908, 52340, 52393, 52423, 52789, 52790, 53617, 53637, 53647, 23936, 27763, 3721, 3761, 8465, 53648, 16935, 24477, 52987, 12953, 20848, 20856, 23077, 26199, 26295, 27751, 53649, 27518], "label": "tv"}, {"objectId": 44, "id": 44, "partId": 44, "index": 19, "dominantNormal": [0, -2.220446049250313e-16, 1], "obb": {"axesLengths": [0.2915508638791431, 0.1766539772602771, 0.22107974980494172], "centroid": [-1.2168312276482, 0.9984388506316203, -0.8065579744452686], "normalizedAxes": [0.19797112047672272, 0.9802078604698181, 2.1764986712243098e-16, 0, -2.220446049250313e-16, 1, 0.9802078604698181, -0.19797112047672272, -4.395841923281967e-17]}, "segments": [50982, 15495, 50958, 50966, 50988, 23526, 15375, 15393, 23380, 23384, 23451, 23467, 23560, 36738, 52583, 52697, 52700, 52713, 52725, 52732, 57438, 23432, 50963, 23370], "label": "plate"}, {"objectId": 50, "id": 50, "partId": 50, "index": 22, "dominantNormal": [-0.12867020070552826, -0.9916874170303345, -2.2019884072362538e-16], "obb": {"axesLengths": [1.3884987950340257, 1.1600000002980224, 0.5738674936241391], "centroid": [1.0125544379958442, 0.9005103645501432, -0.7699999730288981], "normalizedAxes": [0.9916874170303345, -0.12867021560668945, -2.857052719000596e-17, 0, -2.220446049250313e-16, 1, -0.12867021560668945, -0.9916874170303345, -2.2019884072362538e-16]}, "segments": [54102, 14317, 54021, 27348, 27371, 27392, 27405, 53981, 54012, 54014, 54163, 56607, 56612, 58561, 27135, 26862, 26904, 26927, 26937, 26941, 26944, 26993, 27000, 27019, 27045, 27061, 27065, 27112, 27125, 27150, 27166, 27175, 27184, 27210, 27251, 27272, 27297, 27319, 27416, 27426, 40440, 40472, 53859, 53860, 53862, 53899, 53902, 53911, 53968, 53975, 53985, 54006, 54064, 54084, 54091, 58461, 58537, 58548, 58553, 58618, 27031, 27064, 40463, 41396, 53965, 58545, 40370, 58465, 7365, 40344, 40353, 40433, 53873, 53920, 58434, 58453, 58459, 54133, 40418, 54031, 14295, 14308, 50759, 13231, 13240, 14478, 14495, 22159, 26795, 26803, 30074, 30076, 30085, 30246, 30507, 30516, 30522, 30523, 31100, 31110, 31143, 31149, 31637, 31643, 31657, 31658, 31716, 33243, 39169, 39170, 50691, 50765, 50804, 55547, 55574, 55679, 55687, 22127, 31153], "label": "decoration"}, {"objectId": 51, "id": 51, "partId": 51, "index": 23, "dominantNormal": [0, -2.220446049250313e-16, 1], "obb": {"axesLengths": [5.1825484238619035, 1.4616999299444267, 1.7751941774281392], "centroid": [-2.0958634949089596, -0.2838656982176908, 2.1725198941859616], "normalizedAxes": [-0.5484675168991089, 0.8361718654632568, 1.856674515162153e-16, 0, -2.220446049250313e-16, 1, 0.8361718654632568, 0.5484675168991089, 1.2178425310407557e-16]}, "segments": [48534, 2618, 49229, 3485, 49276, 65034, 44930, 1109, 1550, 2255, 45445, 61719, 158, 61385, 1521, 2561, 2733, 3616, 40869, 41280, 45469, 49194, 49233, 49297, 49324, 64968, 61571, 44812, 61523, 1823, 1448, 44801, 44839, 49160, 61395, 61532, 1542, 334, 5749, 5781, 6024, 6070, 29158, 50557, 50668, 50744, 50878, 50991, 51152, 51496, 6061, 5752, 6011, 51082, 641, 51331, 62231, 570, 36584, 36434, 271, 14642, 13752, 8820, 49132, 22087, 36248, 37528, 38569, 41684, 38109, 15071, 19783, 19439], "label": "ceiling"}, {"objectId": 57, "id": 57, "partId": 57, "index": 26, "dominantNormal": [0, -2.220446049250313e-16, 1], "obb": {"axesLengths": [0.5161968217070423, 0.22284799316120152, 0.3230550523829511], "centroid": [-0.9293137323345981, 2.734178817161048, -0.7614239377210147], "normalizedAxes": [0.9676564931869507, -0.25227150321006775, -5.601552626412326e-17, 0, -2.220446049250313e-16, 1, -0.25227150321006775, -0.9676564931869507, -2.1486290373283771e-16]}, "segments": [42684, 14627, 50833], "label": "pillow"}, {"objectId": 58, "id": 58, "partId": 58, "index": 27, "dominantNormal": [0, -2.220446049250313e-16, 1], "obb": {"axesLengths": [0.6429410883549553, 0.35535197655814904, 0.38820296525369136], "centroid": [-1.0591583207257442, 3.098706188888387, -0.582484956849702], "normalizedAxes": [0.8528643250465393, -0.5221325755119324, -1.159367214480361e-16, 0, -2.220446049250313e-16, 1, -0.5221325755119324, -0.8528643250465393, -1.893739221096123e-16]}, "segments": [52130, 15165, 57488, 37921], "label": "pillow"}, {"objectId": 59, "id": 59, "partId": 59, "index": 28, "dominantNormal": [0.9511812925338745, 0.3086327314376831, 6.853023291901364e-17], "obb": {"axesLengths": [0.5182935472931204, 0.3409769756873626, 0.29220441480351994], "centroid": [-1.232792656891366, 2.975051672600137, -0.65737445114461], "normalizedAxes": [-0.3086327314376831, 0.9511812925338745, 2.112046743127648e-16, 0, -2.220446049250313e-16, 1, 0.9511812925338745, 0.3086327314376831, 6.853023291901364e-17]}, "segments": [53385, 24846], "label": "pillow"}, {"objectId": 60, "id": 60, "partId": 60, "index": 29, "dominantNormal": [0, -2.220446049250313e-16, 1], "obb": {"axesLengths": [0.909163869763143, 0.1572809780251759, 0.5728277051196119], "centroid": [-2.3325724454691286, 2.436957214178708, -0.780800453630079], "normalizedAxes": [-0.44117602705955505, 0.8974205851554871, 1.9926739928244054e-16, 0, -2.220446049250313e-16, 1, 0.8974205851554871, 0.44117602705955505, 9.796075663083382e-17]}, "segments": [9910, 9126, 50307, 41576, 9940], "label": "blanket"}, {"objectId": 61, "id": 61, "partId": 61, "index": 30, "dominantNormal": [0.39848077297210693, -0.9171766638755798, -2.0365412997671136e-16], "obb": {"axesLengths": [0.6386248387024263, 0.5282239795873167, 0.4450761542261565], "centroid": [-1.5859677407149917, 2.7778321131482393, -0.6058879750396012], "normalizedAxes": [0.9171766638755798, 0.39848077297210693, 8.848050580481258e-17, 0, -2.220446049250313e-16, 1, 0.39848077297210693, -0.9171766638755798, -2.0365412997671136e-16]}, "segments": [21532, 53457, 24819, 21547, 11718], "label": "pillow"}, {"objectId": 62, "id": 62, "partId": 62, "index": 31, "dominantNormal": [0, -2.220446049250313e-16, 1], "obb": {"axesLengths": [0.7497194617601206, 0.359592995950736, 0.36949921801789654], "centroid": [-2.118928560235659, 2.6947340589933484, -0.6612194572861607], "normalizedAxes": [0.8039963245391846, -0.5946342945098877, -1.3203533699932273e-16, 0, -2.220446049250313e-16, 1, -0.5946342945098877, -0.8039963245391846, -1.785230462434805e-16]}, "segments": [25619, 9111], "label": "pillow"}, {"objectId": 1, "id": 1, "partId": 1, "index": 32, "dominantNormal": [0, -2.220446049250313e-16, 1], "obb": {"axesLengths": [6.907695603113746, 0.28349005542345235, 5.094071447005857], "centroid": [-1.460928593472464, 0.8894297164533205, -1.2153749585440379], "normalizedAxes": [0.8450219631195068, -0.5347315669059753, -1.1873425951458024e-16, 0, -2.220446049250313e-16, 1, -0.5347315669059753, -0.8450219631195068, -1.8763256795384527e-16]}, "segments": [30399, 43736, 43285, 42190, 42912, 8321, 34687, 8067, 32830, 35117, 46157, 48332, 5296, 5423, 5434, 5571, 5728, 5804, 5819, 5826, 5878, 5919, 5930, 5933, 5973, 5990, 5998, 6006, 6049, 6078, 6105, 6243, 6490, 6807, 6871, 6946, 6947, 6976, 7179, 7183, 7191, 7206, 7212, 7220, 12860, 14288, 14864, 15823, 16633, 16720, 16736, 16805, 18323, 18362, 18480, 19940, 22922, 22934, 24172, 26078, 27629, 27792, 27835, 27855, 27863, 27895, 27906, 27919, 27920, 27926, 27944, 27950, 27956, 27965, 27995, 28006, 28010, 28037, 28046, 28266, 30175, 30179, 30238, 31124, 31131, 31165, 31180, 31193, 31549, 31618, 31668, 31676, 31682, 31689, 31702, 31743, 31766, 31785, 31786, 31790, 32332, 32393, 32400, 32412, 32451, 32470, 32520, 32530, 32532, 32712, 32776, 32887, 32898, 32947, 32963, 32969, 32971, 35169, 39521, 41667, 41733, 41990, 42075, 42088, 42110, 42119, 42186, 42226, 42250, 42269, 42297, 42328, 42369, 42410, 42429, 42437, 42458, 42459, 42468, 42477, 42503, 42533, 42591, 42613, 42616, 42626, 42637, 42645, 42930, 42932, 42933, 42957, 43109, 43131, 43155, 43171, 43178, 43183, 43190, 43191, 43224, 43244, 43332, 43342, 43357, 43383, 43392, 43393, 43397, 43600, 43601, 43685, 43689, 43693, 43698, 43699, 43933, 43945, 43946, 43968, 43986, 44002, 44033, 44042, 44050, 44057, 44093, 45110, 46320, 48359, 49678, 49683, 49686, 49688, 49725, 49728, 49804, 49807, 50552, 50764, 54399, 54412, 54422, 54437, 54441, 54497, 55437, 55567, 55571, 55657, 55664, 55668, 55669, 55674, 55691, 55693, 55698, 55707, 55840, 55844, 55848, 55850, 55944, 55946, 55949, 58954, 58965, 59759, 59772, 59789, 59807, 59809, 59813, 59840, 59841, 59844, 59846, 59869, 59874, 59881, 59887, 59896, 59980, 60003, 60020, 60022, 60026, 60035, 60038, 60050, 60076, 60081, 60148, 60180, 60643, 60995, 61066, 64905, 64909, 64925, 64946, 26184, 5411, 5430, 5452, 5459, 5497, 5502, 5503, 5593, 5604, 6606, 12854, 12858, 13790, 13799, 13825, 13930, 14337, 14342, 41668, 42127, 42162, 43006, 43011, 43029, 43070, 43125, 43942, 43989, 45507, 48338, 49715, 49717, 49720, 49734, 49736, 49745, 50547, 59760, 59765, 59985, 60001, 60852, 16886, 27983, 42618, 43001, 45018, 55468, 55854, 59862, 59943, 15584, 35816, 39935, 15061, 20141, 18659], "label": "floor"}, {"objectId": 2, "id": 2, "partId": 2, "index": 33, "dominantNormal": [0, -2.220446049250313e-16, 1], "obb": {"axesLengths": [3.6956883754946466, 0.8863799373869606, 2.102926507520905], "centroid": [-0.9908968639020275, 2.2574513479426104, -0.8331899251820901], "normalizedAxes": [0.9035842418670654, -0.4284104108810425, -9.512622042985141e-17, 0, -2.220446049250313e-16, 1, -0.4284104108810425, -0.9035842418670654, -2.0063600600185648e-16]}, "segments": [21593, 14698, 43967, 18208, 13022, 6416, 24027, 21974, 51959, 9249, 8029, 11557, 11560, 9136, 9203, 9208, 9219, 9265, 9729, 9739, 9746, 9755, 11681, 11690, 12060, 12141, 12150, 14087, 14169, 14409, 15120, 15935, 20246, 22847, 24814, 37995, 40027, 41453, 49939, 50045, 50076, 50332, 50408, 50484, 50486, 50493, 52151, 52191, 52430, 58226, 58382, 28337, 2345, 16553, 22769, 22818, 28371, 28478, 28487, 28490, 28492, 38747, 38815, 39391, 39400, 39809, 39886, 39927, 54499, 54543, 55162, 58321, 58396, 58424, 58425, 40154, 12545, 14950, 14969, 28401, 38284, 38299, 38909, 39233, 39254, 39421, 39468, 39884, 39903, 58334, 58430], "label": "sofa"}, {"objectId": 3, "id": 3, "partId": 3, "index": 34, "dominantNormal": [0, -2.220446049250313e-16, 1], "obb": {"axesLengths": [0.9343250740301585, 0.5035989767998683, 0.940003867103734], "centroid": [-1.2962960494752849, 1.0353219260643416, -1.0182004436507714], "normalizedAxes": [0.9653499722480774, -0.2609587013721466, -5.794447174792752e-17, 0, -2.220446049250313e-16, 1, -0.2609587013721466, -0.9653499722480774, -2.1435075320221428e-16]}, "segments": [24878, 23487, 23527, 37829, 22698, 21929, 52328, 20683, 52315, 15773, 22947, 22958, 23589, 24391, 25148, 38467, 38492, 52741, 52968, 53078, 58211, 58296, 25245, 15520, 15789, 24398, 24453], "label": "coffee table"}, {"objectId": 4, "id": 4, "partId": 4, "index": 35, "dominantNormal": [0.8944665193557739, 0.44713491201400757, 9.928389488633895e-17], "obb": {"axesLengths": [5.769636726113883, 4.214809919562712, 1.0668684662028352], "centroid": [-2.542957784065675, 0.008143446648520514, 0.8035749818330635], "normalizedAxes": [-0.44713491201400757, 0.8944665193557739, 1.986114649090207e-16, 0, -2.220446049250313e-16, 1, 0.8944665193557739, 0.44713491201400757, 9.928389488633895e-17]}, "segments": [32697, 459, 13045, 48831, 923, 41471, 43258, 24668, 131, 139, 150, 214, 315, 358, 368, 399, 412, 539, 571, 667, 724, 730, 766, 906, 912, 1721, 1724, 1934, 2017, 2070, 2146, 2188, 2195, 2220, 2237, 2397, 2576, 2580, 2683, 3121, 3124, 3171, 3195, 3209, 3224, 3258, 3275, 3297, 3302, 4551, 4575, 4607, 4625, 4702, 5000, 5702, 6631, 6763, 7076, 7627, 7982, 8907, 8909, 8911, 9316, 9426, 10140, 10231, 10507, 10528, 10584, 10620, 10739, 11346, 11670, 11995, 12243, 12330, 12348, 12625, 12664, 12734, 12799, 12800, 12809, 12983, 13204, 13207, 13307, 13321, 13346, 13505, 13533, 14226, 14240, 14250, 14257, 14259, 15168, 15470, 16464, 16487, 17047, 17055, 21511, 22043, 23831, 25834, 28749, 28763, 28815, 28868, 28923, 29857, 29868, 31445, 35752, 35810, 35946, 37353, 37432, 37438, 37513, 37568, 37685, 39734, 40001, 40110, 40963, 41142, 41173, 41517, 41522, 41719, 41748, 42772, 43590, 46825, 47274, 49074, 49078, 49079, 49136, 49168, 49173, 49174, 49177, 49178, 49212, 49361, 49365, 49373, 49375, 49405, 49412, 49614, 49629, 50122, 50136, 50692, 50694, 51181, 51196, 51207, 51229, 51232, 54637, 54640, 54646, 55471, 56614, 56872, 59763, 61778, 61927, 63361, 63388, 63993, 48751, 45019, 46424, 46568, 40581, 47831, 16798, 64176, 29232, 52959, 29229, 29321, 56750, 29364, 708, 23791, 51073, 38423, 5289], "label": "wall"}, {"objectId": 5, "id": 5, "partId": 5, "index": 36, "dominantNormal": [0.8909297585487366, 0.45414116978645325, 1.0083959662542458e-16], "obb": {"axesLengths": [2.11867397720282, 2.2399999594688413, 0.35491913559079885], "centroid": [-2.214518761503517, -1.1150950124033634, -0.10999999135732641], "normalizedAxes": [-0.45414116978645325, 0.8909297585487366, 1.9782614625290775e-16, 0, -2.220446049250313e-16, 1, 0.8909297585487366, 0.45414116978645325, 1.0083959662542458e-16]}, "segments": [65001, 47653, 46945, 46497, 46113, 46572, 47133, 47634, 63226, 44639, 62819, 44726, 44663, 11140, 10971, 9387, 10019, 10024, 10062, 10102, 10135, 10321, 10357, 10372, 10431, 10437, 10715, 10735, 10740, 10862, 10912, 10916, 10922, 10974, 11099, 11118, 11200, 11241, 11259, 11298, 11357, 11568, 11587, 17514, 17891, 17947, 17955, 17972, 17991, 18027, 24757, 25812, 26357, 26377, 26383, 26406, 28957, 28958, 28980, 29027, 29034, 29036, 29041, 29185, 29199, 29234, 29250, 29276, 29516, 30595, 30596, 30610, 30625, 30660, 30716, 30784, 30807, 30845, 30882, 31218, 31229, 31232, 31317, 31323, 31378, 31403, 31434, 31441, 31486, 31903, 31916, 31921, 31934, 31964, 31990, 32050, 32117, 32165, 32214, 32232, 32984, 32996, 33009, 33013, 33019, 33020, 33046, 33107, 33165, 33186, 33187, 33279, 33283, 33284, 33288, 33316, 33320, 33405, 33446, 33460, 33498, 33535, 33543, 33560, 33782, 33838, 33880, 33912, 33953, 33976, 33997, 34009, 34040, 34056, 34080, 34114, 34158, 34168, 34187, 34202, 34249, 34254, 34322, 34324, 34938, 34958, 35026, 35431, 35435, 35478, 35527, 35546, 35557, 36961, 36974, 37012, 37185, 37219, 37222, 37597, 38124, 39171, 39197, 39358, 40759, 40764, 40797, 40798, 40839, 40842, 40846, 40848, 40867, 41925, 41927, 44136, 44169, 44172, 44177, 44303, 44315, 44342, 44384, 44421, 44483, 44502, 44506, 44523, 44535, 44544, 44632, 44683, 44720, 44785, 44860, 44869, 44879, 44919, 44922, 45182, 45226, 45233, 45246, 45252, 45259, 45268, 45308, 45351, 45365, 45433, 45449, 45453, 45456, 45460, 45498, 45510, 45582, 45599, 45618, 45687, 45724, 46018, 46023, 46138, 46178, 46194, 46212, 46249, 46305, 46322, 46417, 46469, 46477, 46484, 46493, 46540, 46542, 46595, 46620, 46657, 46662, 46671, 46703, 46710, 46761, 46763, 46772, 46908, 47001, 47008, 47038, 47106, 47219, 47315, 47344, 47364, 47427, 47475, 47578, 47817, 48018, 48049, 48079, 48096, 48108, 48109, 48136, 48160, 48172, 48184, 48194, 48222, 48230, 48246, 48546, 48793, 48794, 48982, 50184, 50215, 50238, 50328, 51668, 51676, 52955, 52995, 54658, 54681, 54705, 55592, 55600, 55609, 55617, 55635, 55650, 55782, 55796, 55800, 55971, 56084, 56117, 56137, 56173, 56197, 56210, 56214, 56237, 56242, 56246, 56277, 56303, 56312, 56315, 56321, 56343, 56366, 56368, 56417, 56447, 56457, 56461, 56648, 56689, 56701, 56709, 56711, 56717, 56719, 56727, 56730, 56735, 56740, 56748, 56753, 56999, 57017, 57522, 57562, 57572, 57609, 57702, 57709, 58342, 58650, 58652, 58658, 58664, 61185, 61202, 61205, 61209, 61231, 61244, 61254, 61269, 61329, 61373, 61378, 61392, 61556, 61576, 61716, 61739, 61744, 61746, 61749, 61751, 61804, 61818, 61834, 61871, 61883, 61978, 61986, 61993, 62212, 62270, 62292, 62340, 62379, 62393, 62417, 62420, 62464, 62466, 62473, 62519, 62551, 62553, 62558, 62574, 62578, 62589, 62639, 62646, 62653, 62670, 62684, 62710, 62752, 62774, 62792, 62919, 62926, 62977, 63000, 63025, 63028, 63036, 63217, 63250, 63274, 63291, 63302, 63322, 63328, 63338, 63351, 63849, 64305, 64826, 64841, 64883, 65110], "label": "shelf"}, {"objectId": 6, "id": 6, "partId": 6, "index": 37, "dominantNormal": [-0.6353300213813782, -0.7722407579421997, -1.7147189400428247e-16], "obb": {"axesLengths": [0.4923313129866803, 1.5200000065565098, 0.32609142004351455], "centroid": [-3.572645768423454, 1.7713718731989312, 0.2100000241398805], "normalizedAxes": [0.7722407579421997, -0.6353300213813782, -1.410716035946398e-16, 0, -2.220446049250313e-16, 1, -0.6353300213813782, -0.7722407579421997, -1.7147189400428247e-16]}, "segments": [54514, 51829, 28651, 28623, 17172, 842, 2060, 2738, 49431, 925, 2090, 2503], "label": "cabinet"}, {"objectId": 8, "id": 8, "partId": 8, "index": 39, "dominantNormal": [0.8698590397834778, 0.4933004081249237, 1.0953469423145539e-16], "obb": {"axesLengths": [0.6420053238031919, 0.6825020160711848, 0.3561189934783059], "centroid": [-3.2808944611045776, 1.0825522895348365, 0.6213650173388787], "normalizedAxes": [-0.4933003783226013, 0.8698590397834778, 1.9314750682918942e-16, 0, -2.220446049250313e-16, 1, 0.8698590397834778, 0.4933003783226013, 1.0953468761401049e-16]}, "segments": [10267, 54619, 10619, 28937, 10531, 10594, 10632, 18824, 28662, 2459, 2451], "label": "cabinet"}, {"objectId": 9, "id": 9, "partId": 9, "index": 40, "dominantNormal": [0.8955205678939819, 0.4450201690196991, 9.881432761364974e-17], "obb": {"axesLengths": [2.3529755867004973, 1.0807799455349154, 0.45200986896509837], "centroid": [-3.1211958871108627, 0.8312862055039402, -0.7303899456473445], "normalizedAxes": [-0.4450201392173767, 0.8955205678939819, 1.988455107002589e-16, 0, -2.220446049250313e-16, 1, 0.8955205678939819, 0.4450201392173767, 9.881432099620484e-17]}, "segments": [50605, 4932, 53524, 49664, 4470, 17081, 53503, 3966, 4320, 18332, 8458, 8759, 10220, 11442, 9875, 9082, 13183, 6737, 16079, 2541, 2567, 2646, 3691, 3822, 3866, 3878, 3884, 3886, 3959, 3978, 4094, 4148, 4210, 4247, 4266, 4344, 4432, 4498, 4765, 4767, 4797, 4844, 4923, 5120, 5162, 5189, 5208, 8124, 8145, 8244, 8509, 8539, 8542, 8555, 8566, 8592, 8600, 8746, 8831, 9062, 9086, 9451, 16232, 16982, 17126, 17139, 18295, 18406, 18456, 18547, 18570, 18626, 26472, 26480, 26524, 26551, 26558, 26567, 26571, 26580, 26589, 26605, 26634, 27715, 41539, 41544, 49520, 49522, 49554, 49555, 49644, 49650, 49670, 49872, 49878, 49886, 50625, 51290, 51712, 51762, 51797, 51823, 53662, 53665, 53667, 53669, 53671, 53673, 53675, 53677, 53680, 53753, 9103, 9367, 9449, 12963, 17416, 17462, 17468, 23086, 27496, 27525], "label": "tv stand"}, {"objectId": 10, "id": 10, "partId": 10, "index": 41, "dominantNormal": [0.922362208366394, 0.3863261938095093, 8.578164707662356e-17], "obb": {"axesLengths": [0.5198260890089048, 0.6400000011920925, 0.18621043195301826], "centroid": [-2.816250024846971, -0.041826477984758026, -0.46999998271465293], "normalizedAxes": [-0.3863261938095093, 0.922362208366394, 2.0480555215449537e-16, 0, -2.220446049250313e-16, 1, 0.922362208366394, 0.3863261938095093, 8.578164707662356e-17]}, "segments": [17509, 27507, 17458], "label": "picture"}, {"objectId": 11, "id": 11, "partId": 11, "index": 42, "dominantNormal": [0.462767630815506, -0.8864796161651611, -1.968380161454866e-16], "obb": {"axesLengths": [4.901567486959535, 2.9146398846513044, 0.4244950951181814], "centroid": [0.25848420773129943, -0.8116458213515856, 0.19268001744121266], "normalizedAxes": [0.8864796161651611, 0.462767630815506, 1.0275505575652177e-16, 0, -2.220446049250313e-16, 1, 0.462767630815506, -0.8864796161651611, -1.968380161454866e-16]}, "segments": [9068, 12758, 14085, 25714, 6855, 7340, 7351, 8754, 10554, 10602, 10616, 11746, 11751, 11770, 15228, 15322, 15338, 15359, 15451, 15674, 16442, 16518, 16562, 16567, 16590, 20269, 20278, 20286, 20298, 20322, 20329, 20399, 20429, 20487, 20497, 20498, 20505, 20513, 20519, 20533, 20538, 20552, 20560, 21604, 22564, 25734, 25755, 25761, 25875, 34726, 34776, 35720, 50381, 50384, 50681, 52247, 52260, 52261, 52268, 52274, 52288, 52290, 52305, 52306, 52311, 53354, 56623, 56624, 10004, 9593, 73, 83, 14036, 50888, 17218, 17321, 39941, 39518, 58238, 58328, 44456, 37455, 37609, 39305, 40564, 40843, 37522, 62563, 46758, 46859, 62564, 40561, 29555, 29462, 21642], "label": "wall"}, {"objectId": 12, "id": 12, "partId": 12, "index": 43, "dominantNormal": [0.5151726007461548, -0.8570864796638489, -1.903114287635452e-16], "obb": {"axesLengths": [1.8218465115951725, 1.1405960066483314, 0.5209296708600664], "centroid": [0.7072462830845552, -0.4472199003176096, -0.7054419750993994], "normalizedAxes": [0.8570864796638489, 0.5151726007461548, 1.1439129660088083e-16, 0, -2.220446049250313e-16, 1, 0.5151726007461548, -0.8570864796638489, -1.903114287635452e-16]}, "segments": [51645, 22373, 22679, 23607, 15358, 52604, 29795, 52093, 24359, 23301, 52045, 18941, 19627, 19164, 21253, 21379, 7767, 7867, 3484, 6552, 7400, 7443, 7461, 7476, 7642, 7665, 7686, 7697, 7718, 7725, 7751, 7824, 7834, 7842, 7883, 7899, 7914, 7915, 7917, 7935, 7940, 7948, 7951, 9665, 9709, 14551, 14567, 14581, 14592, 14603, 14910, 14923, 15400, 15716, 15859, 15995, 16108, 16147, 16151, 19065, 19163, 19194, 19224, 19235, 19264, 19274, 19293, 19339, 19396, 19504, 19508, 19512, 19522, 19529, 19545, 19579, 19727, 19734, 19744, 19764, 19792, 19793, 19809, 19828, 19897, 19916, 19920, 20128, 20147, 20190, 20366, 20416, 20442, 20489, 20493, 20515, 20814, 20822, 20837, 20847, 20907, 20976, 20993, 21024, 21107, 21111, 21143, 21215, 21269, 21299, 21351, 21360, 21409, 21678, 22089, 23198, 23570, 24609, 29261, 29284, 29300, 29308, 29346, 29350, 29371, 29387, 29400, 29412, 29437, 29464, 29470, 29534, 29771, 32299, 49817, 49825, 49831, 49833, 49836, 49840, 49842, 49855, 49858, 50699, 50718, 50720, 50815, 50819, 50994, 51015, 51020, 51024, 51057, 51065, 51070, 51124, 51142, 51146, 51149, 51178, 51314, 51448, 51449, 51480, 54742, 54779, 54782, 54785, 54787, 54789, 54792, 54938, 55005, 55013, 55018], "label": "commode"}, {"objectId": 13, "id": 13, "partId": 13, "index": 44, "dominantNormal": [-0.005053735803812742, -0.9999872446060181, -2.2204177265861393e-16], "obb": {"axesLengths": [0.7302240512829797, 0.9658300064691151, 0.6879332253159332], "centroid": [-0.414610003951996, -0.9871831748070596, -0.7929149782006069], "normalizedAxes": [0.9999872446060181, -0.005053735803812742, -1.1221547699530859e-18, 0, -2.220446049250313e-16, 1, -0.005053735803812742, -0.9999872446060181, -2.2204177265861393e-16]}, "segments": [55191, 18255, 3424, 55116, 3346, 3493, 14812, 14831, 14859, 19824, 19898, 19946, 51952, 51955, 51958, 52895], "label": "commode"}, {"objectId": 14, "id": 14, "partId": 14, "index": 45, "dominantNormal": [0.3853697180747986, -0.9227622747421265, -2.0489438473483867e-16], "obb": {"axesLengths": [0.8780368107979576, 2.4295999460756774, 0.3641308069537869], "centroid": [-0.8685150610900181, -1.3450571918327312, -0.01519999805390837], "normalizedAxes": [0.9227622747421265, 0.3853697180747986, 8.556926679998935e-17, 0, -2.220446049250313e-16, 1, 0.3853697180747986, -0.9227622747421265, -2.0489438473483867e-16]}, "segments": [4604, 53001, 53847, 55323, 30002, 4542, 20038, 20086, 20087, 21009, 21073, 24275, 24283, 24284, 24288, 26790, 27616, 27836, 30826, 31620, 31662, 31954, 31955, 36347, 36373, 37180, 52100, 53069, 55269, 55444, 57544, 25373, 3190, 3213, 3304, 59282, 5194], "label": "curtain"}, {"objectId": 15, "id": 15, "partId": 15, "index": 46, "dominantNormal": [0.4709111452102661, -0.8821806311607361, -1.958834497186004e-16], "obb": {"axesLengths": [1.7436202270753507, 0.35999997645616594, 0.27214867494253947], "centroid": [0.7341183415988801, -0.5543397252947015, 0.5100000144541259], "normalizedAxes": [0.8821806311607361, 0.4709111750125885, 1.0456328581045249e-16, 0, -2.220446049250313e-16, 1, 0.4709111750125885, -0.8821806311607361, -1.958834497186004e-16]}, "segments": [59571, 16709, 59038, 14160, 59095, 35591, 41231, 57915, 57758, 36247, 11028, 16695, 16777, 35698, 36246, 36367, 36376, 37277, 37332, 37386, 37507, 41019, 41103, 41124, 41134, 41155, 41164, 41175, 41249, 41272, 41275, 41319, 41826, 51215, 57730, 57926, 58767, 58770, 58778, 58809, 58822, 58966, 58972, 59122, 59127, 59134, 59146, 59564, 37537, 41914, 41960, 57939, 57943, 57949, 59695, 11950, 41757, 11885, 12818, 35587, 37252, 36328, 36251, 36284, 36300, 36303, 36309, 36317, 57182, 10807, 16913, 59167, 41383, 36486, 36278, 59718], "label": "shelf"}, {"objectId": 16, "id": 16, "partId": 16, "index": 47, "dominantNormal": [0.8823641538619995, 0.4705672264099121, 1.0448691387885669e-16], "obb": {"axesLengths": [0.15915771664419742, 0.09305399448303914, 0.07713048231352018], "centroid": [0.13086108184343792, -0.8092249660798967, 0.4122460001205055], "normalizedAxes": [-0.4705672264099121, 0.8823641538619995, 1.9592419994429722e-16, 0, -2.220446049250313e-16, 1, 0.8823641538619995, 0.4705672264099121, 1.0448691387885669e-16]}, "segments": [13873, 50387, 13944, 50369, 13728], "label": "lamp"}, {"objectId": 17, "id": 17, "partId": 17, "index": 48, "dominantNormal": [0.8055791854858398, 0.5924881100654602, 1.3155878832226358e-16], "obb": {"axesLengths": [0.16785709214470182, 0.09880301135473668, 0.07337553705106166], "centroid": [0.43452004396906707, -0.6403694600345684, 0.41182651754111355], "normalizedAxes": [-0.5924881100654602, 0.8055791854858398, 1.7887451197703182e-16, 0, -2.220446049250313e-16, 1, 0.8055791854858398, 0.5924881100654602, 1.3155878832226358e-16]}, "segments": [59738, 41872, 59157], "label": "lamp"}, {"objectId": 18, "id": 18, "partId": 18, "index": 49, "dominantNormal": [0, -2.220446049250313e-16, 1], "obb": {"axesLengths": [0.22751060854683805, 0.13775601675161675, 0.21882115476287062], "centroid": [0.6722930709040558, -0.4706225960515642, 0.4110630118609293], "normalizedAxes": [0.8651977777481079, 0.5014307498931885, 1.1133999275729522e-16, 0, -2.220446049250313e-16, 1, 0.5014307498931885, -0.8651977777481079, -1.9211249874209366e-16]}, "segments": [59707, 41880, 41944, 59163, 59741], "label": "lamp"}, {"objectId": 19, "id": 19, "partId": 19, "index": 50, "dominantNormal": [0, -2.220446049250313e-16, 1], "obb": {"axesLengths": [0.2869335733096796, 0.14510100755614763, 0.2522447791586567], "centroid": [1.0342458890179085, -0.31819494605903675, 0.4146145098370051], "normalizedAxes": [0.9083163738250732, 0.4182837903499603, 9.287765897480156e-17, 0, -2.220446049250313e-16, 1, 0.4182837903499603, -0.9083163738250732, -2.0168675037292544e-16]}, "segments": [58673, 37404, 58874, 35682, 41381], "label": "lamp"}, {"objectId": 20, "id": 20, "partId": 20, "index": 51, "dominantNormal": [0, -2.220446049250313e-16, 1], "obb": {"axesLengths": [0.31047857982952687, 0.16812198978389814, 0.2612085295356891], "centroid": [1.3027091968636166, -0.16146219678356766, 0.4259390046610161], "normalizedAxes": [0.7236870527267456, 0.6901282668113708, 1.5323925835172744e-16, 0, -2.220446049250313e-16, 1, 0.6901282668113708, -0.7236870527267456, -1.6069080571207053e-16]}, "segments": [36407, 37503, 57964, 37446], "label": "lamp"}], "scan_id": "0cac7584-8d6f-2d13-8df8-c05e4307b418", "annId": "3943", "appId": "stk.v1"}