{"segGroups": [{"objectId": 1, "id": 1, "partId": 1, "index": 0, "dominantNormal": [0, -2.220446049250313e-16, 1], "obb": {"axesLengths": [6.65012776982867, 0.7968399346581112, 3.7593295285552446], "centroid": [-0.32340245453222277, 0.46447451650787125, -1.028420059482233], "normalizedAxes": [0.8841628432273865, 0.4671787917613983, 1.0373453024601316e-16, 0, -2.220446049250313e-16, 1, 0.4671787917613983, -0.8841628432273865, -1.9632358921381742e-16]}, "segments": [18176, 41182, 42792, 46843, 70675, 45686, 54844, 48837, 31249, 25912, 22093, 22163, 54706, 54674, 20903, 20724, 21474, 21747, 23066, 21456, 5115, 18610, 18646, 19471, 20141, 20143, 20210, 20245, 20259, 20275, 20318, 20323, 20372, 20405, 20449, 20476, 20490, 20498, 20520, 20521, 20531, 20537, 20538, 20540, 20548, 20553, 20575, 20598, 20603, 20608, 20609, 20618, 20630, 20650, 20937, 21002, 21021, 21050, 21067, 21071, 21096, 21302, 21321, 21632, 21789, 21803, 21837, 21863, 21864, 21872, 26861, 26909, 26938, 26947, 26956, 26989, 27050, 27095, 27108, 27121, 27124, 27127, 29184, 29187, 33233, 34174, 38953, 42533, 46272, 46278, 46289, 46323, 46326, 47454, 47916, 47921, 47922, 47955, 47958, 47969, 47999, 48025, 48057, 48125, 48320, 48331, 48361, 48367, 48378, 48390, 48395, 48397, 48407, 48409, 48411, 48433, 48446, 48474, 48477, 48483, 48486, 49379, 49417, 51916, 52149, 54669, 54693, 60470, 63271, 63327, 63395, 63398, 63399, 63404, 63409, 63422, 63431, 63445, 63446, 63459, 63462, 63535, 63543, 63546, 63919, 63920, 63936, 63944, 67452, 67509, 67546, 67548, 67553, 67557, 67751, 67876, 70244, 70698, 70699, 70889, 70019, 5282, 54573, 23694, 60941, 67516, 38905, 54937, 31444, 42452, 49423, 47269, 47222, 47141, 69011, 54067, 18859, 19392, 20629, 20841, 21004, 21056, 21295, 22626, 22630, 22653, 22679, 24419, 24443, 24444, 24858, 25042, 25442, 25481, 27163, 28590, 29832, 29855, 29977, 30023, 34070, 34944, 34957, 34974, 35011, 36024, 36037, 38036, 38341, 38779, 38930, 39005, 39039, 39356, 39363, 39416, 39935, 41217, 41252, 42543, 42870, 42910, 42920, 45809, 46967, 46994, 47028, 47030, 47036, 47057, 47072, 47088, 47113, 47129, 47167, 47239, 47255, 47287, 47321, 47337, 47364, 47373, 47375, 47381, 47402, 47737, 47743, 47744, 47752, 47770, 47781, 47813, 47862, 47963, 48007, 48018, 48024, 48100, 48115, 48116, 48168, 48173, 48182, 48195, 48453, 48470, 48505, 48512, 48513, 49327, 49437, 49451, 49452, 49529, 49537, 49971, 53714, 53740, 53764, 53827, 53834, 53969, 53972, 53980, 54004, 54111, 54151, 54153, 54161, 54164, 54168, 54178, 54238, 54253, 54258, 54528, 55856, 56326, 56499, 56501, 56520, 56568, 63589, 63591, 63814, 63821, 63948, 63952, 64302, 65028, 65031, 65157, 65380, 65471, 65556, 65562, 65578, 65579, 65862, 66336, 66338, 67346, 67348, 67465, 67468, 67475, 67480, 67485, 67488, 67489, 67500, 67521, 67524, 67525, 67527, 67534, 67541, 67865, 67879, 68047, 68159, 69061, 69062, 69063, 69143, 69147, 69162, 69165, 69171, 70734, 70837, 72228, 72539, 72543, 72584, 73977, 69252, 69208, 47580], "label": "floor"}, {"objectId": 2, "id": 2, "partId": 2, "index": 1, "dominantNormal": [0, -2.220446049250313e-16, 1], "obb": {"axesLengths": [1.2681737725315019, 1.02061299188555, 1.1627460703991732], "centroid": [1.4809838072016428, 0.4311702924369868, -0.7851735989978135], "normalizedAxes": [-0.5991925597190857, 0.8006049394607544, 1.7777000748359182e-16, 0, -2.220446049250313e-16, 1, 0.8006049394607544, 0.5991925597190857, 1.330474751968426e-16]}, "segments": [65144, 31926, 23226, 59484, 17631, 37471, 31907, 17402, 32532, 33946, 32588, 34010, 65423, 22547, 35743, 59468, 17661, 17155, 17131, 16142, 17792, 23256, 17731, 18029, 22594, 30374, 30396, 33935, 37486, 50115, 60412, 68111, 18021, 16930, 16652, 22262, 68088, 34187, 22638], "label": "armchair"}, {"objectId": 3, "id": 3, "partId": 3, "index": 2, "dominantNormal": [0, -2.220446049250313e-16, 1], "obb": {"axesLengths": [1.1635640729863486, 1.0533059301978507, 1.1434011483479514], "centroid": [-0.7984286984008634, -0.495849034869855, -0.7887170801493464], "normalizedAxes": [0.27807632088661194, 0.9605590105056763, 2.1328694599491189e-16, 0, -2.220446049250313e-16, 1, 0.9605590105056763, -0.27807632088661194, -6.174534681027398e-17]}, "segments": [44743, 46452, 23766, 66808, 44217, 24587, 26386, 42064, 66668, 42028, 43487, 47725, 44228, 44795, 23878, 23881, 23902, 26248, 27351, 28473, 42000, 43446, 43537, 44180, 63614, 67395, 32897, 32938, 24664, 26226, 29958, 30008, 30908, 30983, 31010, 35928, 45747, 31083], "label": "armchair"}, {"objectId": 4, "id": 4, "partId": 4, "index": 3, "dominantNormal": [0.5903969407081604, -0.807112991809845, -1.7921508539627706e-16], "obb": {"axesLengths": [2.43842918350138, 0.9023500479232501, 0.5574035750015071], "centroid": [-0.8832172221040349, 1.948405636786749, -0.8411751119424777], "normalizedAxes": [0.8071130514144897, 0.5903969407081604, 1.310944554484906e-16, 0, -2.220446049250313e-16, 1, 0.5903969407081604, -0.8071130514144897, -1.7921509863116686e-16]}, "segments": [27322, 50897, 27303, 31379, 30955, 29873, 18300, 26473, 26560, 29794, 45917, 45926, 45936, 45991, 46003, 46032, 52074, 52084, 52095, 52100, 52297, 52300, 52354, 52369, 52719, 52735, 52943, 53031, 63607, 63611, 67407, 67414, 67427, 67444, 67447, 67448, 68727, 68937, 45890], "label": "commode"}, {"objectId": 5, "id": 5, "partId": 5, "index": 4, "dominantNormal": [0.5255729556083679, -0.8507485389709473, -1.8890412322635159e-16], "obb": {"axesLengths": [4.045624910150517, 2.9000000305473788, 0.36933882620658737], "centroid": [-0.7443903175100294, 2.2083971250999674, 0.11999989108301667], "normalizedAxes": [0.8507485389709473, 0.5255729556083679, 1.1670063928734107e-16, 0, -2.220446049250313e-16, 1, 0.5255729556083679, -0.8507485389709473, -1.8890412322635159e-16]}, "segments": [18243, 52587, 52525, 52386, 71781, 58868, 33390, 40813, 49085, 49408, 72158, 58268, 58328, 37003, 37007, 65353, 36983, 58121, 71094, 58264, 71244, 71241, 58206, 71079, 57230, 36636, 33650, 24567, 24799, 24737, 32477], "label": "wall"}, {"objectId": 6, "id": 6, "partId": 6, "index": 5, "dominantNormal": [0.4173378348350525, -0.9087514281272888, -2.0178335183358183e-16], "obb": {"axesLengths": [2.4067627613730145, 2.02125991833374, 0.43028895712193904], "centroid": [0.560151933007188, -0.8745305347127843, -0.28957010827869256], "normalizedAxes": [0.9087514281272888, 0.4173378348350525, 9.26676146562172e-17, 0, -2.220446049250313e-16, 1, 0.4173378348350525, -0.9087514281272888, -2.0178335183358183e-16]}, "segments": [73125, 59535, 58722, 57191, 57386, 28763, 71062, 28982, 61306, 30584, 56074, 69499, 55384, 25497, 37708, 57685, 73851, 57748, 25703, 66499, 41655, 66867, 69382, 44278, 572, 64241, 61595, 12913, 6619, 6599, 63778, 1433, 1447, 45061, 44910, 68288, 50642, 16603, 68180, 83, 87, 167, 226, 240, 333, 350, 466, 486, 513, 865, 888, 900, 930, 1053, 1114, 1375, 1390, 1711, 1765, 1809, 1961, 2090, 2128, 2282, 2680, 3325, 5173, 5264, 5274, 5332, 5370, 5454, 5500, 5577, 5637, 5676, 5708, 5799, 5824, 5897, 5927, 6097, 6289, 6383, 6417, 6521, 7078, 7261, 7271, 7300, 7313, 7342, 7384, 7395, 7398, 9797, 10570, 13149, 13854, 13863, 14461, 14471, 14819, 14869, 15625, 16604, 18765, 20180, 20569, 24781, 24848, 25168, 25489, 25536, 25861, 26323, 27289, 28741, 28750, 28775, 28946, 28974, 29060, 29063, 29437, 29609, 29643, 30577, 30623, 30719, 30730, 33194, 33675, 34702, 36947, 43381, 43735, 43741, 43800, 44313, 44334, 44986, 45020, 49617, 50543, 50584, 50757, 50795, 55027, 55077, 55096, 55404, 55506, 55528, 55683, 55712, 56178, 56267, 56885, 56901, 56902, 56913, 56961, 57112, 57159, 57247, 57404, 58646, 58664, 58669, 58696, 58706, 59011, 59090, 59179, 59245, 59264, 59878, 60490, 60547, 60880, 61014, 61053, 61099, 61103, 61111, 61169, 61181, 61284, 61365, 61476, 61478, 61481, 61492, 61497, 61614, 61646, 61663, 61802, 61805, 61837, 62301, 62314, 62857, 62938, 63665, 63738, 63840, 63852, 64073, 64095, 64114, 64123, 64147, 64210, 64214, 64236, 64372, 65444, 66533, 67148, 68223, 68319, 69285, 69294, 69390, 69412, 69432, 69459, 69466, 69550, 69573, 71047, 71057, 71107, 71118, 71147, 72223, 72374, 72376, 72378, 72381, 72502, 73095, 73098, 73155, 73815, 73883, 74029, 74043, 74077, 74083, 74103, 74118, 74141, 74158, 74214, 74248, 74251, 65081, 24963, 11134, 41610, 7335, 5040, 3238, 62035, 3208, 61746, 38208, 60683, 59908, 60454, 60016, 73221, 13885, 25739, 72524, 287, 61214, 62888, 15075], "label": "bookshelf"}, {"objectId": 7, "id": 7, "partId": 7, "index": 6, "dominantNormal": [0.48090091347694397, -0.8767749667167664, -1.9468315109278186e-16], "obb": {"axesLengths": [1.0308244300293938, 1.3864499318648138, 0.34050672306564295], "centroid": [-0.5282902631914925, 2.782575016020644, 0.40322486975591554], "normalizedAxes": [0.8767749667167664, 0.48090091347694397, 1.0678145334107469e-16, 0, -2.220446049250313e-16, 1, 0.48090091347694397, -0.8767749667167664, -1.9468315109278186e-16]}, "segments": [7470, 8136, 8514, 9669, 10815, 7593, 7457, 8379, 9653, 9701, 4007, 4837, 4849, 7911, 7983, 7994, 8030, 8038, 8055, 8066, 8067, 8167, 8182, 8184, 8654, 8683, 9142, 9268, 9390, 61406, 61412, 61413, 61876, 62016, 62081, 62222, 61929, 8098, 4854, 4863, 4877, 4889, 4922, 7998, 61415, 61903, 61993, 37077, 4678, 4721, 4724, 4745, 4757, 4758, 4777, 4804, 7871, 7876, 8015, 8406, 8821, 61382, 61390, 61402, 61857, 61950, 62026, 4699], "label": "window"}, {"objectId": 8, "id": 8, "partId": 8, "index": 7, "dominantNormal": [0.5275400876998901, -0.8495301008224487, -1.8863357560904264e-16], "obb": {"axesLengths": [0.8020566678194281, 0.5599999302625669, 0.2273321955209878], "centroid": [-0.23904874217133987, 2.425027197500941, -1.010000078891144], "normalizedAxes": [0.8495301008224487, 0.5275400876998901, 1.1713743035543847e-16, 0, -2.220446049250313e-16, 1, 0.5275400876998901, -0.8495301008224487, -1.8863357560904264e-16]}, "segments": [12528, 15389, 63317, 63321, 39091, 18272, 40883, 18291], "label": "heater"}, {"objectId": 9, "id": 9, "partId": 9, "index": 8, "dominantNormal": [0, -2.220446049250313e-16, 1], "obb": {"axesLengths": [5.421756469346556, 0.6600000114738941, 4.7529552039057865], "centroid": [0.08758978778375753, 0.6657357943061106, 1.2599998810992377], "normalizedAxes": [0.5576213598251343, 0.8300954103469849, 1.84318207440578e-16, 0, -2.220446049250313e-16, 1, 0.8300954103469849, -0.5576213598251343, -1.2381681454013067e-16]}, "segments": [46054, 51723, 55544, 55933, 15358, 51897, 52324, 42707, 42185, 44534, 44067, 41185, 43871, 43817, 16922, 2473, 2513, 2619, 2620, 2649, 2738, 2775, 2839, 2905, 2929, 2966, 3020, 3491, 3624, 7177, 9716, 12194, 12374, 12461, 12484, 15903, 16384, 27713, 30239, 43627, 43651, 43656, 43738, 43750, 44178, 44261, 45656, 45784, 46125, 46588, 47560, 48267, 48270, 49956, 50196, 50356, 59842, 61375, 61376, 62275, 66101, 67620, 4582, 6963, 4626, 8479, 10665, 40008, 3116, 3615, 11835, 11911, 13776, 24743, 24852, 27458, 32182, 32189, 32221, 32332, 32404, 32412, 32459, 40248, 43094, 64777, 64780, 64787, 64792, 64796, 64811, 64815, 65047, 42345, 24269, 30162, 53236, 27376, 42222, 24820, 32381, 53208, 148, 1871, 2010, 4645, 5197, 8272, 9869, 10370, 11912, 15431, 23824, 28053, 32125, 32140, 32213, 32228, 32253, 32301, 32315, 53127, 53141, 53146, 53154, 53174, 53193, 53217, 53219, 53243, 53292, 63460, 63507, 63510, 64798, 71305, 72221, 12238, 13548, 14422, 60220, 14237, 60237, 57775, 19055, 12067, 71308, 71400, 58351, 12109, 14206, 14213, 14292, 24287, 36589, 36597, 36600, 36661, 36704, 36713, 36780, 36790, 57735, 62772, 65226, 65252, 65256, 65266, 71001, 72184, 72194, 73326, 73331, 36649, 36491, 71475, 36486, 10489], "label": "ceiling"}, {"objectId": 10, "id": 10, "partId": 10, "index": 9, "dominantNormal": [0.9452466368675232, 0.3263569176197052, 7.246579283741843e-17], "obb": {"axesLengths": [0.7530578862712263, 2.0039299874619387, 0.8660432015914662], "centroid": [0.9580920446420391, 2.4520781893658135, -0.29196514206152413], "normalizedAxes": [0.9452466368675232, 0.3263569176197052, 7.246579283741843e-17, 0, -2.220446049250313e-16, 1, 0.3263569176197052, -0.9452466368675232, -2.0988691603996372e-16]}, "segments": [19741, 19897, 29363, 31760, 22712, 30505, 36298, 36292, 30803, 19846, 20060, 20214, 27506, 27529, 31811, 36314, 64593, 31724, 65202, 15551, 18022, 29353, 20291, 20564, 30262], "label": "door"}, {"objectId": 11, "id": 11, "partId": 11, "index": 10, "dominantNormal": [0, -2.220446049250313e-16, 1], "obb": {"axesLengths": [1.605780498297887, 0.5137369517891788, 0.9495941189899749], "centroid": [0.32785816953303637, 0.9409587452644385, -1.0331315681278386], "normalizedAxes": [0.054283257573843, 0.9985255599021912, 2.2171721345602772e-16, 0, -2.220446049250313e-16, 1, 0.9985255599021912, -0.054283257573843, -1.2053304482027683e-17]}, "segments": [36398, 65848, 40353, 34820, 37991, 22470, 36380, 41482, 33712, 29769, 39820, 39838, 20088, 20090, 24105, 24253, 24313, 24319, 24343, 24353, 24373, 24399, 28528, 29814, 29823, 29826, 29839, 30418, 31631, 32012, 32804, 33414, 37348, 37419, 38397, 39803, 39862, 39878, 41496, 41502, 55476, 63635, 63641, 63644, 64020, 64295, 64550, 64688, 65364, 65368, 65371, 65449, 65545, 65548, 65551, 65702, 65704, 65707, 65716, 65789, 65869, 28525, 29757, 35522, 33731, 39750, 39936, 21396, 43990, 24395, 55221, 32048, 21984], "label": "coffee table"}, {"objectId": 12, "id": 12, "partId": 12, "index": 11, "dominantNormal": [0, -2.220446049250313e-16, 1], "obb": {"axesLengths": [0.4866726785596596, 0.3684208981300688, 0.5244737365366648], "centroid": [1.812069641738018, -0.12517962026017537, 0.152517439006695], "normalizedAxes": [0.7416185140609741, 0.6708219051361084, 1.4895238490100402e-16, 0, -2.220446049250313e-16, 1, 0.6708219051361084, -0.7416185140609741, -1.6467238995975777e-16]}, "segments": [13209, 62985, 10966, 13117, 13362, 10990, 15013, 62720, 62740, 63020, 63037, 13387, 11011, 15947, 63029, 63038, 63045], "label": "lamp"}, {"objectId": 13, "id": 13, "partId": 13, "index": 12, "dominantNormal": [0.9928397536277771, 0.11945366859436035, 2.6524042649880364e-17], "obb": {"axesLengths": [0.6780145496750366, 2.0168299820237596, 0.14989049205617128], "centroid": [1.3969142897052174, 1.6674714798524743, -0.3184151198219145], "normalizedAxes": [-0.11945367604494095, 0.9928397536277771, 2.2045471084814519e-16, 0, -2.220446049250313e-16, 1, 0.9928397536277771, 0.11945367604494095, 2.652404430424159e-17]}, "segments": [4173, 58854, 56714, 55767, 57556, 3658, 3745, 3893, 2908, 58816, 56782, 3049], "label": "door"}, {"objectId": 14, "id": 14, "partId": 14, "index": 13, "dominantNormal": [0.9105286598205566, 0.41344597935676575, 9.18034491441157e-17], "obb": {"axesLengths": [3.943398841522159, 2.7640200235541146, 0.33408335858928584], "centroid": [1.5560685187112329, 1.525161467334447, 0.06798989249348564], "normalizedAxes": [-0.41344597935676575, 0.9105286598205566, 2.0217797654277373e-16, 0, -2.220446049250313e-16, 1, 0.9105286598205566, 0.41344597935676575, 9.18034491441157e-17]}, "segments": [23399, 9559, 17192, 13289, 18438, 7689, 7792, 2009, 4167, 4303, 7635, 11246, 11636, 13282, 14996, 16328, 16522, 18103, 18208, 18219, 18449, 18453, 19024, 19061, 19071, 19218, 19499, 19525, 19570, 19634, 19816, 21353, 21380, 21415, 21480, 21511, 21567, 22838, 24121, 24166, 24196, 24209, 24214, 24264, 24522, 24639, 24640, 24667, 24684, 24724, 24725, 28660, 28677, 29904, 32480, 50068, 50235, 56444, 56724, 56738, 58425, 59459, 63269, 63348, 63363, 63378, 63479, 63480, 63486, 63491, 63494, 63518, 63522, 63531, 64685, 64827, 64832, 65355, 69000, 72310, 72326, 72663, 73686], "label": "wall"}, {"objectId": 15, "id": 15, "partId": 15, "index": 14, "dominantNormal": [0.42093563079833984, -0.9070904850959778, -2.0141454839439139e-16], "obb": {"axesLengths": [3.7752820817492627, 2.8469899256455156, 0.23702836519654089], "centroid": [0.6938188299841084, -1.0136502344358007, 0.10650486336570175], "normalizedAxes": [0.9070904850959778, 0.42093563079833984, 9.346648583948621e-17, 0, -2.220446049250313e-16, 1, 0.42093563079833984, -0.9070904850959778, -2.0141454839439139e-16]}, "segments": [48545, 10797, 2400, 16006, 407, 781, 877, 1138, 1198, 1319, 1437, 1880, 2055, 2158, 2206, 2269, 3921, 3924, 5552, 5843, 6159, 6416, 6434, 6475, 6713, 6764, 7743, 7786, 8245, 8284, 9821, 10555, 12984, 13089, 13620, 15079, 20734, 24136, 29046, 29066, 29165, 30714, 40448, 40503, 40568, 40954, 41099, 43215, 43730, 44291, 44390, 45106, 55001, 55603, 56168, 56336, 56834, 56838, 58872, 58987, 59024, 59804, 60841, 61050, 61067, 61369, 61732, 62616, 62744, 62754, 62770, 62880, 63031, 63034, 64157, 64180, 66493, 66554, 66560, 66570, 67155, 68377, 73349, 73817, 73967, 62382, 8308], "label": "wall"}, {"objectId": 16, "id": 16, "partId": 16, "index": 15, "dominantNormal": [0.9032060503959656, 0.4292072355747223, 9.530315105415405e-17], "obb": {"axesLengths": [3.449527934247082, 2.862639840037229, 0.1600956462072895], "centroid": [-1.7199793588097212, -0.28453728192456906, 0.1356198839437206], "normalizedAxes": [-0.4292072355747223, 0.9032060503959656, 2.005520306260701e-16, 0, -2.220446049250313e-16, 1, 0.9032060503959656, 0.4292072355747223, 9.530315105415405e-17]}, "segments": [43184, 66946, 46638, 13985, 25319, 33011, 39701, 10226, 10503, 10505, 10531, 10540, 10541, 11220, 16592, 27919, 35573, 36512, 36563, 36668, 36720, 36729, 36784, 36831, 36852, 36859, 36860, 36862, 36872, 36882, 36907, 36908, 36918, 36923, 36940, 36964, 37048, 38226, 38248, 38262, 56695, 62250, 65246, 65272, 65286, 65290, 65303, 65307, 65316, 65326, 65331, 65569, 67054, 67086], "label": "wall"}, {"objectId": 17, "id": 17, "partId": 17, "index": 16, "dominantNormal": [-0.6801630258560181, -0.733060896396637, -1.6277221712638056e-16], "obb": {"axesLengths": [0.42648919845526595, 0.7820600096420941, 0.3757948143163803], "centroid": [-0.9197861480791081, -1.5348046187486974, -0.9010300948880618], "normalizedAxes": [0.733060896396637, -0.6801630258560181, -1.5102653036081339e-16, 0, -2.220446049250313e-16, 1, -0.6801630258560181, -0.733060896396637, -1.6277221712638056e-16]}, "segments": [44485, 43177, 41035, 67116, 37885, 37903, 37917, 38223, 43607, 44495, 65465, 67126, 67906, 67911, 68163, 68164, 38278], "label": "side table"}, {"objectId": 18, "id": 18, "partId": 18, "index": 17, "dominantNormal": [0.8073938488960266, -0.5900128483772278, -1.3100916981861394e-16], "obb": {"axesLengths": [0.6148904264062666, 2.0038199572901427, 0.1827573544849438], "centroid": [-2.544352160811767, 0.45127707894699837, -0.2919101269756261], "normalizedAxes": [0.5900128483772278, 0.8073938488960266, 1.7927744819701865e-16, 0, -2.220446049250313e-16, 1, 0.8073938488960266, -0.5900128483772278, -1.3100916981861394e-16]}, "segments": [26744, 51163, 51368, 55943, 51749, 27941, 55977, 53464, 53416, 23915, 23926, 26824, 44665, 48861, 51081, 67859, 67862, 68431], "label": "door"}, {"objectId": 19, "id": 19, "initialPoint": [-2.094725959001081, 0.49347117657028444, 0.6675049698487174], "index": 18, "dominantNormal": [0.8489059805870056, 0.5285438299179077, 1.1736030589968476e-16], "obb": {"axesLengths": [1.0120305554395859, 1.9923299701736121, 0.45583697573502796], "centroid": [-2.1592104288998177, 0.24568638667302178, -0.2861651334173603], "normalizedAxes": [-0.5285438299179077, 0.8489059805870056, 1.8849499307793796e-16, 0, -2.220446049250313e-16, 1, 0.8489059805870056, 0.5285438299179077, 1.1736030589968476e-16]}, "segments": [53622, 58250, 17559, 51641, 48566, 22322, 48520, 26583, 53600, 53532], "partId": 19, "label": "doorframe"}, {"objectId": 20, "id": 20, "initialPoint": [-1.3806779402880978, 1.5329111105783175, -0.21501969232587603], "index": 19, "dominantNormal": [0.8244611620903015, 0.565918505191803, 1.2565915090507817e-16], "obb": {"axesLengths": [0.2122059572337339, 0.44893818835307214, 0.17718725693813428], "centroid": [-1.4529016505632382, 1.5542272891357665, -0.23671300477125845], "normalizedAxes": [-0.565918505191803, 0.8244611620903015, 1.830671530123732e-16, 0, -2.220446049250313e-16, 1, 0.8244611620903015, 0.565918505191803, 1.2565915090507817e-16]}, "segments": [29523, 29639, 29704, 29515, 64029], "partId": 20, "label": "vase"}, {"objectId": 21, "id": 21, "initialPoint": [-0.5013168604529937, 2.5243874924710816, -0.43007631104002986], "index": 20, "dominantNormal": [0, -2.220446049250313e-16, 1], "obb": {"axesLengths": [1.3998527262756364, 0.27999996513128345, 0.3062857371648926], "centroid": [-0.46355936315921237, 2.587407409425872, -0.3900000879808525], "normalizedAxes": [0.8486140370368958, 0.5290125012397766, 1.1746437183818883e-16, 0, -2.220446049250313e-16, 1, 0.5290125012397766, -0.8486140370368958, -1.884301685876934e-16]}, "segments": [10608], "partId": 21, "label": "windowsill"}, {"objectId": 22, "id": 22, "initialPoint": [-0.9406029638312976, 2.2172951018669336, 0.5062720718601121], "index": 21, "dominantNormal": [0.5261887907981873, -0.8503677845001221, -1.8881957875030377e-16], "obb": {"axesLengths": [1.4161116566704164, 1.6322999827794726, 0.3020921540558488], "centroid": [-0.4463470051489419, 2.589365831938495, 0.31384986758127775], "normalizedAxes": [0.8503677845001221, 0.5261887907981873, 1.1683738216876344e-16, 0, -2.220446049250313e-16, 1, 0.5261887907981873, -0.8503677845001221, -1.8881957875030377e-16]}, "segments": [35902, 32078, 63573, 37150, 21779, 30120], "partId": 22, "label": "wall"}, {"objectId": 25, "id": 25, "initialPoint": [1.383120192117078, 2.119294436218043, 0.6144829799346572], "index": 24, "dominantNormal": [0.9341369271278381, 0.35691484808921814, 7.925101643584801e-17], "obb": {"axesLengths": [1.033584235780082, 1.9780299817465985, 0.38537275158146717], "centroid": [1.3648028145255138, 2.3936021673035954, -0.31901510016281254], "normalizedAxes": [-0.35691484808921814, 0.9341369271278381, 2.0742006492998358e-16, 0, -2.220446049250313e-16, 1, 0.9341369271278381, 0.35691484808921814, 7.925101643584801e-17]}, "segments": [15049, 19792, 3900, 37142, 31191, 30273, 64461, 64419], "partId": 25, "label": "doorframe"}, {"objectId": 27, "id": 27, "initialPoint": [0.03586809937819058, -1.2562608244560085, 0.36860773638096855], "index": 25, "dominantNormal": [0.44224193692207336, -0.8968958258628845, -1.9915087931263387e-16], "obb": {"axesLengths": [0.1797607034429514, 0.24000000417232492, 0.12014222922674539], "centroid": [0.03852864716190474, -1.2800180719022887, 0.36999988549508034], "normalizedAxes": [0.8968958258628845, 0.44224193692207336, 9.81974361651424e-17, 0, -2.220446049250313e-16, 1, 0.44224193692207336, -0.8968958258628845, -1.9915087931263387e-16]}, "segments": [23646, 267, 705], "partId": 27, "label": "book"}, {"objectId": 28, "id": 28, "initialPoint": [-0.306040155788137, -1.461214506415224, 0.37865881335242246], "index": 26, "dominantNormal": [0.3240365982055664, -0.9460445642471313, -2.1006409150972768e-16], "obb": {"axesLengths": [0.19273116965031273, 0.2599999846518042, 0.0800904561104821], "centroid": [-0.2900506555440296, -1.4584471389150528, 0.3799998757348204], "normalizedAxes": [0.9460445642471313, 0.3240365982055664, 7.19505784298061e-17, 0, -2.220446049250313e-16, 1, 0.3240365982055664, -0.9460445642471313, -2.1006409150972768e-16]}, "segments": [11731], "partId": 28, "label": "book"}, {"objectId": 29, "id": 29, "initialPoint": [0.5511699470836634, -0.9274146820727931, 0.005842524584226183], "index": 27, "dominantNormal": [0.8916023373603821, 0.4528193175792694, 1.0054608647431116e-16], "obb": {"axesLengths": [0.17133186921684293, 0.21999999389052394, 0.12547543412823456], "centroid": [0.603796927376983, -0.9780643335526573, -1.1100314667444877e-07], "normalizedAxes": [-0.4528193175792694, 0.8916022777557373, 1.9797547551453072e-16, 0, -2.220446049250313e-16, 1, 0.8916022777557373, 0.4528193175792694, 1.0054608647431116e-16]}, "segments": [2086, 2015, 1950], "partId": 29, "label": "vase"}, {"objectId": 30, "id": 30, "initialPoint": [-0.9910051047045426, -1.6192539580367407, -0.4842829039123768], "index": 28, "dominantNormal": [0.9941394925117493, -0.1081051304936409, -2.4004160990829448e-17], "obb": {"axesLengths": [0.28685348696880625, 0.17999997332692197, 0.1633865381448593], "centroid": [-0.9919074134239152, -1.6475402556993557, -0.5600000859691954], "normalizedAxes": [0.1081051304936409, 0.9941394925117493, 2.2074331085514249e-16, 0, -2.220446049250313e-16, 1, 0.9941394925117493, -0.1081051304936409, -2.4004160990829448e-17]}, "segments": [49741, 67924, 67899], "partId": 30, "label": "item"}], "scan_id": "43b8cae1-6678-2e38-9865-c19c07c25015", "annId": "1918", "appId": "stk.v1"}