{"segGroups": [{"objectId": 1, "id": 1, "partId": 1, "index": 0, "dominantNormal": [0, -2.220446049250313e-16, 1], "obb": {"axesLengths": [5.614562846545361, 0.28174995746277326, 4.78481106274937], "centroid": [-0.44149364913396405, 2.298235983301738, -1.210875087360851], "normalizedAxes": [0.2940048575401306, 0.9558039307594299, 2.122311061912696e-16, 0, -2.220446049250313e-16, 1, 0.9558039307594299, -0.2940048575401306, -6.528219243853841e-17]}, "segments": [33120, 26397, 152, 1842, 2565, 5133, 7851, 12123, 12131, 12174, 12177, 12192, 12619, 12632, 12641, 13745, 13748, 14275, 14373, 17828, 17847, 17867, 20047, 23105, 23251, 23284, 23287, 23351, 23394, 23401, 23507, 23526, 23545, 23623, 23707, 23715, 24056, 24063, 24987, 25932, 26144, 26862, 28065, 28158, 30545, 31432, 31634, 31649, 32467, 33425, 33447, 33448, 33473, 35378, 35992, 36293, 38404, 38483, 39830, 42083, 42088, 42222, 42266, 42911, 42950, 45640, 46461, 46514, 46572, 46580, 46661, 46766, 54272, 54277, 62723, 62724, 62766, 63004, 63007, 63696, 63705, 64117, 64558, 64596, 65812, 66021, 69027, 69030, 69309, 69314, 69317, 69319, 69322, 69325, 70431, 70456, 70461, 70531, 70537, 72393, 75936, 76018, 77377, 24261, 1899, 1903, 1919, 1954, 1957, 2658, 2659, 5013, 5571, 5657, 15640, 16152, 16154, 24489, 24654, 28060, 30102, 39110, 39121, 39127, 44734, 44769, 44858, 44887, 44895, 45852, 62726, 62730, 62732, 64405, 64450, 64683, 76281, 77155, 77399, 1881, 16187, 23463, 2522, 59679, 19802, 5719], "label": "floor"}, {"objectId": 2, "id": 2, "partId": 2, "index": 1, "dominantNormal": [0.940160870552063, -0.3407309055328369, -7.565745930478694e-17], "obb": {"axesLengths": [2.465397176650196, 2.4437899043308953, 0.1354696927533004], "centroid": [-2.623040068771471, 2.401193229372655, -0.029325087830611052], "normalizedAxes": [0.3407309055328369, 0.940160870552063, 2.0875764906770633e-16, 0, -2.220446049250313e-16, 1, 0.940160870552063, -0.3407309055328369, -7.565745930478694e-17]}, "segments": [5882, 20070, 7007, 17277, 20540, 37384, 37837, 38182, 38499, 38710, 39062, 41522, 41525, 41531, 41608, 41621, 41626, 41630, 41659, 41677, 41717, 41763, 41909, 42406, 42414, 42575, 42576, 42602, 42734, 42799, 42835, 42915, 43048, 54918, 55547, 59301, 59706, 61491, 61913, 68167, 68318, 68338, 68365, 35704, 66288, 39971], "label": "wall"}, {"objectId": 3, "id": 3, "partId": 3, "index": 2, "dominantNormal": [0.9542449116706848, -0.29902610182762146, -6.639713264258639e-17], "obb": {"axesLengths": [1.0204937042924065, 2.5650499485794453, 0.23958240979084924], "centroid": [-2.066728880514283, 3.890300941344181, -0.012525101843662956], "normalizedAxes": [0.29902613162994385, 0.9542449116706848, 2.118849344136386e-16, 0, -2.220446049250313e-16, 1, 0.9542449116706848, -0.29902613162994385, -6.639713926003129e-17]}, "segments": [5196, 63049, 63035, 63118, 67972, 70065, 70120, 70123, 44632, 44659, 4936, 8084, 9667, 9669, 19119, 26172, 41363, 41379, 63064, 63093, 63100, 68100, 70044, 26234, 22552, 46234, 70134, 27177, 6193, 9149, 18236, 19974, 20443, 21968, 45223, 45226, 45244, 45281, 50783, 54425, 58802, 59285, 63090, 64543, 64886, 26149, 45239, 9115, 9709, 19155, 22485, 24787, 58483, 60700, 18115], "label": "curtain"}, {"objectId": 4, "id": 4, "partId": 4, "index": 3, "dominantNormal": [0.8940675854682922, -0.4479321241378784, -9.946091153742529e-17], "obb": {"axesLengths": [0.925235196195513, 2.567469897103236, 0.29363266970668234], "centroid": [-1.8879872658708081, 4.441701803503005, -0.01373507610555813], "normalizedAxes": [0.4479321241378784, 0.8940675854682922, 1.985228837915836e-16, 0, -2.220446049250313e-16, 1, 0.8940675854682922, -0.4479321241378784, -9.946091153742529e-17]}, "segments": [74640, 74444, 20786, 70745, 19316, 70665, 17879, 71001, 17139, 21152, 66899, 66669, 10917, 11075, 12803, 13160, 13306, 13432, 13565, 17384, 17535, 17980, 18865, 19522, 19563, 20653, 21226, 21281, 21343, 38505, 38510, 45207, 45208, 45979, 46293, 46313, 47616, 56437, 57222, 57733, 60576, 63746, 63810, 63939, 63982, 63991, 64578, 66607, 66738, 66816, 66819, 66850, 66931, 66933, 70192, 70633, 70964, 74437, 74818, 68168, 11274, 12346, 13248, 10899, 10974, 10992, 11273, 12303, 12778, 12840, 19565, 32519, 66675, 66861, 66915, 17830, 70685, 33874, 33828, 66707, 19455, 11766, 12873, 57732, 17330, 18168, 18194, 18217, 19074, 29954, 33764, 33766, 33773, 33778, 33790, 33835, 33862, 64244, 66583, 66589, 66691, 67670], "label": "curtain"}, {"objectId": 5, "id": 5, "partId": 5, "index": 4, "dominantNormal": [0.9968298673629761, -0.07956244051456451, -1.7666410670927782e-17], "obb": {"axesLengths": [0.591555942295393, 2.522249880680816, 0.222006674697483], "centroid": [-1.6832319453794746, 5.038864442252065, 0.008874932105652045], "normalizedAxes": [0.07956244051456451, 0.9968298673629761, 2.2134069407608338e-16, 0, -2.220446049250313e-16, 1, 0.9968298673629761, -0.07956244051456451, -1.7666410670927782e-17]}, "segments": [25558, 67778, 37074, 25918, 36961, 25835, 67622, 13772, 14975, 11875, 12297, 12916, 12963, 13043, 13118, 13130, 13824, 13825, 14837, 14856, 14891, 14908, 14971, 15037, 15114, 15115, 15178, 15206, 15213, 15219, 15251, 15256, 15284, 15286, 15311, 15927, 16515, 16525, 16536, 16549, 18963, 25800, 29913, 29929, 29965, 30013, 36852, 36886, 36903, 63616, 63748, 63785, 63788, 63790, 63797, 64262, 64267, 64270, 64273, 64280, 64284, 64286, 64289, 64292, 64300, 64309, 64312, 64316, 64321, 64358, 64371, 64399, 64403, 64437, 64972, 64983, 64986, 64994, 65664, 65669, 67608, 67885, 67912, 68919], "label": "curtain"}, {"objectId": 6, "id": 6, "partId": 6, "index": 5, "dominantNormal": [0.948681652545929, -0.31623274087905884, -7.021777401285042e-17], "obb": {"axesLengths": [0.5755570893121978, 2.5185499820437274, 0.1607473758978869], "centroid": [-1.6725603807215073, 5.274198550971603, -0.009275099055282787], "normalizedAxes": [0.31623274087905884, 0.948681652545929, 2.1064964273918662e-16, 0, -2.220446049250313e-16, 1, 0.948681652545929, -0.31623274087905884, -7.021777401285042e-17]}, "segments": [16112, 41646, 15000, 16451], "label": "wall"}, {"objectId": 7, "id": 7, "partId": 7, "index": 6, "dominantNormal": [-0.3284352123737335, -0.9445264935493469, -2.0972701210138987e-16], "obb": {"axesLengths": [4.645650304866535, 3.2626599536241585, 0.2353906409887], "centroid": [0.47704856150528163, 4.779127917931078, 0.36132994417853515], "normalizedAxes": [0.9445264935493469, -0.3284352123737335, -7.292726697499441e-17, 0, -2.220446049250313e-16, 1, -0.3284352123737335, -0.9445264935493469, -2.0972701210138987e-16]}, "segments": [8085, 44466, 6686, 6690, 6702, 6721, 7546, 17097, 17119, 17137, 17156, 17522, 17524, 17529, 17534, 22038, 22064, 22752, 27759, 32140, 35383, 35423, 40324, 48163, 48221, 48628, 49066, 64757, 73650, 73971, 49347, 47050, 2788, 8872, 11505, 11529, 11556, 11594, 15397, 16310, 16315, 16335, 16918, 17183, 17246, 17612, 17626, 17726, 18646, 18666, 18688, 18695, 18698, 19201, 19209, 19217, 19295, 22652, 22661, 23225, 23248, 23283, 23315, 23577, 23627, 23634, 23636, 26400, 26437, 26466, 26475, 26509, 27627, 27637, 27652, 27660, 27661, 27663, 27671, 27680, 27707, 28514, 29723, 31564, 31575, 31603, 31633, 31636, 31675, 31688, 31995, 31996, 32001, 32376, 32867, 34727, 34752, 34756, 34765, 46060, 47839, 48440, 48541, 48578, 49248, 49253, 49292, 49958, 50080, 50867, 52016, 52023, 52054, 52165, 54736, 55405, 55448, 55631, 55645, 57691, 57697, 57708, 57716, 57720, 57731, 57756, 60274, 63611, 63612, 64474, 64556, 64802, 64859, 64869, 65011, 65288, 65987, 66016, 66026, 66029, 66034, 66094, 67253, 67255, 71388, 71392, 71393, 71404, 71408, 71412, 74115, 74292, 74328, 74332, 74467, 74470, 75291, 75362, 75388, 75422, 65025, 26498, 11565, 23214, 18023, 18583, 19185, 73743, 49973, 38687], "label": "wall"}, {"objectId": 8, "id": 8, "partId": 8, "index": 7, "dominantNormal": [0.942786455154419, -0.3333972096443176, -7.402905169858035e-17], "obb": {"axesLengths": [4.399012960878255, 3.3035898662301166, 0.17054867331701795], "centroid": [1.8441265024873688, 2.0353904389395434, 0.3782049128069347], "normalizedAxes": [0.3333972096443176, 0.942786455154419, 2.093406459634337e-16, 0, -2.220446049250313e-16, 1, 0.942786455154419, -0.3333972096443176, -7.402905169858035e-17]}, "segments": [28156, 44513, 36120, 1164, 18501, 20322, 27259, 27264, 31017, 35495, 35505, 35511, 35538, 35589, 37309, 65156, 65159, 65171, 71443, 71641, 71764, 47681, 791, 630, 831, 848, 857, 20193, 23902, 30273, 30313, 30337, 49717, 49725, 49738, 62719, 68332, 71445, 71449, 49178, 1322, 1968, 23142, 22524], "label": "wall"}, {"objectId": 9, "id": 9, "partId": 9, "index": 8, "dominantNormal": [0, -2.220446049250313e-16, 1], "obb": {"axesLengths": [3.396091924582164, 0.9446749476043511, 2.011303012921602], "centroid": [-0.8372348247071252, 2.017077101038621, -0.7976625588313684], "normalizedAxes": [0.5079526305198669, 0.8613849878311157, 1.91265889311313e-16, 0, -2.220446049250313e-16, 1, 0.8613849878311157, -0.5079526305198669, -1.1278814116441426e-16]}, "segments": [76716, 76648, 28988, 6274, 65773, 6030, 32677, 32666, 65641, 447, 5964, 9019, 1073, 58324, 53266, 13674, 76619, 56153, 74889, 73555, 76919, 58085, 30504, 74917, 54363, 48790, 77260, 56548, 218, 220, 267, 379, 693, 724, 739, 5906, 5907, 5926, 6273, 7791, 7935, 7962, 8648, 9005, 10531, 10565, 10838, 13619, 13627, 13929, 24148, 26082, 26545, 28414, 29012, 29027, 29043, 29066, 29798, 29902, 29963, 30074, 30108, 30175, 32731, 35624, 36241, 47736, 47743, 48021, 48231, 48287, 48788, 51421, 51448, 51492, 51540, 51544, 51554, 54664, 54978, 55839, 55858, 56133, 56201, 56252, 56511, 56628, 56886, 56965, 57073, 57106, 57351, 57505, 57594, 57806, 57937, 57974, 58425, 58589, 58624, 60103, 60180, 60353, 60412, 60638, 60648, 60800, 60978, 61041, 62645, 63243, 64082, 65519, 65526, 65744, 66305, 66337, 66340, 67369, 68314, 72332, 72390, 73540, 74943, 74963, 75038, 75052, 75065, 75145, 75165, 77088, 77094, 77117, 77131, 77134, 77138, 77141, 77148, 77476, 77577, 77656, 77664, 77693, 77888, 77910, 78468, 78512, 51391, 58971, 77197, 58472, 36612, 58482, 49110, 7908, 35901, 28305, 51665, 75653], "label": "sofa"}, {"objectId": 10, "id": 10, "partId": 10, "index": 9, "dominantNormal": [-0.4190807640552521, -0.9079489707946777, -2.01605170512193e-16], "obb": {"axesLengths": [0.9642077128806608, 1.963269964681491, 0.43363133943462484], "centroid": [0.16813109464858722, 4.710535856252324, -0.2716350997618959], "normalizedAxes": [0.9079489707946777, -0.4190807640552521, -9.305462268632871e-17, 0, -2.220446049250313e-16, 1, -0.4190807640552521, -0.9079489707946777, -2.01605170512193e-16]}, "segments": [8065, 21563, 73052, 60535, 60601, 8276, 8218, 20730, 50952, 63132, 6573, 52939, 53635, 53285, 54017, 54083, 54060, 2870, 2883, 2890, 5506, 6388, 6445, 6483, 6488, 6510, 6513, 6551, 6626, 6805, 6924, 7094, 7177, 7233, 7261, 7438, 8351, 8450, 8460, 8488, 8518, 8758, 8762, 12602, 14318, 14332, 14840, 15518, 15749, 20632, 20709, 20762, 20838, 37305, 37319, 50618, 50778, 50862, 50925, 51071, 51082, 51104, 51124, 51130, 51132, 51140, 51165, 51213, 51239, 51507, 52036, 52045, 52571, 52592, 52614, 52639, 52684, 52689, 52690, 52705, 52772, 52834, 52863, 52864, 52948, 53008, 53092, 53151, 53152, 53245, 53252, 53262, 53338, 53362, 53374, 53393, 53402, 53417, 53444, 53451, 53463, 53506, 53508, 53512, 53542, 53545, 53546, 53548, 53550, 53604, 53628, 53856, 53914, 53953, 53976, 54006, 54616, 54634, 54636, 55044, 55259, 55284, 55349, 55360, 56004, 56023, 60608, 63267, 63270, 63274, 64634, 64642, 64644, 68022, 69618, 70350, 70358, 71374, 71383, 72278, 72281, 72289, 72290, 72309, 72335, 72623, 72627, 72628, 72633, 72639, 72659, 72666, 72675, 72685, 72709, 72713, 72719, 72739, 72749, 72759, 72764, 72769, 72828, 72863, 72910, 72939, 72941, 72945, 72953, 72963, 73408, 73421, 73431, 73500, 73503, 74347, 74369, 74370, 74381, 74797, 74811, 74816, 74879, 75438, 75446, 77159, 77847, 78439, 16944, 55016, 73412, 54774, 52220, 73373, 63057, 55466, 60512, 55461, 53668], "label": "shelf"}, {"objectId": 11, "id": 11, "partId": 11, "index": 10, "dominantNormal": [-0.11345697194337845, -0.9935429096221924, -2.206108428431258e-16], "obb": {"axesLengths": [0.5441908778927381, 1.9732729351534029, 0.47486225659389425], "centroid": [0.7875506645002273, 4.502285883479982, -0.2633635845773634], "normalizedAxes": [0.9935429096221924, -0.11345696449279785, -2.5192506856796604e-17, 0, -2.220446049250313e-16, 1, -0.11345696449279785, -0.9935429096221924, -2.206108428431258e-16]}, "segments": [49123, 50530, 50339, 47935, 51469, 48135, 51524, 46147, 46276, 72163, 45787, 47287, 70822, 70769, 46738, 48518, 71250, 72168, 48146, 1975, 6812, 7161, 45397, 46127, 46194, 46685, 46756, 47079, 47097, 47103, 47116, 47152, 47166, 47379, 47386, 47422, 47441, 47452, 47453, 47461, 47841, 47900, 47947, 47977, 48140, 48490, 48509, 49999, 50030, 50088, 50090, 50119, 50121, 50134, 50279, 50391, 50416, 50457, 51345, 51505, 51763, 70813, 70898, 70907, 70911, 71082, 71086, 71089, 71114, 71192, 71205, 71222, 72008, 72014, 72023, 72077, 72094, 72132, 72214, 72231, 50034, 47655], "label": "shelf"}, {"objectId": 12, "id": 12, "partId": 12, "index": 11, "dominantNormal": [0.9425046443939209, -0.3341931402683258, -7.420578379953597e-17], "obb": {"axesLengths": [1.6586157734637565, 1.0867100115110715, 0.45167581155769587], "centroid": [-2.36821752074429, 2.6240867459928587, -0.7333550792182612], "normalizedAxes": [0.3341931402683258, 0.9425045847892761, 2.092780581695655e-16, 0, -2.220446049250313e-16, 1, 0.9425045847892761, -0.3341931402683258, -7.420578379953597e-17]}, "segments": [60023, 59782, 29611, 31822, 52712, 52100, 58596, 59881, 60290, 65946, 55272, 21521, 47620, 54273, 55318, 46633, 55203, 34182, 77616], "label": "commode"}, {"objectId": 13, "id": 13, "partId": 13, "index": 12, "dominantNormal": [0.9325147867202759, -0.36113178730010986, -8.018736503692333e-17], "obb": {"axesLengths": [1.3551869992665546, 1.5836219135607343, 0.43153972709651733], "centroid": [1.77110975516588, 2.2877658052714427, -0.4981890563326562], "normalizedAxes": [0.36113178730010986, 0.9325147867202759, 2.070598774040535e-16, 0, -2.220446049250313e-16, 1, 0.9325147867202759, -0.36113178730010986, -8.018736503692333e-17]}, "segments": [10754, 68492, 40111, 68522, 25257, 27802, 25498, 519, 30833, 30772, 22369, 27055, 43553, 36314, 33236, 26300, 469, 492, 570, 1235, 1247, 1258, 22233, 22244, 22254, 22385, 22386, 22397, 25277, 25297, 25303, 26549, 27098, 27374, 27441, 27469, 27493, 27533, 27596, 30745, 30748, 30777, 30818, 30837, 30842, 30848, 30856, 31912, 33310, 33320, 33332, 38766, 38773, 38827, 39972, 39976, 40097, 40264, 40618, 42523, 42540, 42667, 42713, 42765, 42768, 42785, 43566, 44300, 64778, 64961, 64965, 65214, 65543, 65815, 65829, 65831, 65836, 65905, 65909, 65913, 65916, 66510, 66514, 66519, 66521, 68459, 68567, 69050, 69151, 69154, 69156, 69210, 69212, 18308, 22351, 27434, 33346, 36338, 18251], "label": "showcase"}, {"objectId": 14, "id": 14, "partId": 14, "index": 13, "dominantNormal": [-0.4230743646621704, -0.9060949683189392, -2.0119349926493762e-16], "obb": {"axesLengths": [1.0779473232751857, 1.4321299769253282, 0.40677543476034034], "centroid": [1.738204695065431, 4.129933302274787, -0.566065065948703], "normalizedAxes": [0.9060949683189392, -0.4230743944644928, -9.394138677276516e-17, 0, -2.220446049250313e-16, 1, -0.4230743944644928, -0.9060949683189392, -2.0119349926493762e-16]}, "segments": [28086, 34527, 18344, 65478, 29777, 37199, 41771, 68717, 34490, 34354, 36274, 42457, 18385, 18402, 18407, 19317, 19318, 19624, 19628, 19638, 22796, 22805, 22854, 22890, 22930, 22952, 22977, 25789, 27917, 27952, 27973, 27999, 28007, 28009, 28061, 28064, 28067, 28072, 28404, 34466, 34562, 34568, 36269, 40512, 40974, 41733, 41794, 41816, 41860, 41901, 45737, 64805, 64820, 64823, 65305, 65348, 65351, 65446, 65476, 66278, 66345, 68165, 68558, 68928, 69036, 19342, 34501, 66508, 68540, 28276, 19390, 29771, 26031], "label": "shelf"}, {"objectId": 15, "id": 15, "partId": 15, "index": 14, "dominantNormal": [0, -2.220446049250313e-16, 1], "obb": {"axesLengths": [1.3219820056650329, 0.42999201051908686, 0.6501132248592364], "centroid": [-0.9157201007356071, 5.048120378502375, -0.6449960828945936], "normalizedAxes": [0.946352481842041, -0.32313624024391174, -7.175065880191939e-17, 0, -2.220446049250313e-16, 1, -0.32313624024391174, -0.946352481842041, -2.1013246295043886e-16]}, "segments": [58066, 39489, 24212, 35041, 35046, 36387, 55084, 55112, 77725, 16048, 16217, 55706, 16250, 16266, 55746, 55733, 55762, 74487], "label": "table"}, {"objectId": 16, "id": 16, "partId": 16, "index": 15, "dominantNormal": [-0.6024995446205139, -0.7981192469596863, -1.7721807287422703e-16], "obb": {"axesLengths": [0.49424168585821515, 0.6334110356849942, 0.37795723083469823], "centroid": [-1.0083709974764048, 4.8550523013459195, -0.8732945928731298], "normalizedAxes": [0.7981192469596863, -0.6024995446205139, -1.3378177335277328e-16, 0, -2.220446049250313e-16, 1, -0.6024995446205139, -0.7981192469596863, -1.7721807287422703e-16]}, "segments": [36518, 24197, 68651, 40775, 24209, 36394, 36487, 67427, 67430, 67482, 40839, 68678, 39767, 68359, 39647, 39801, 68431, 68670, 33404, 69360, 69303, 42910, 39788], "label": "chair"}, {"objectId": 17, "id": 17, "partId": 17, "index": 16, "dominantNormal": [0, -2.220446049250313e-16, 1], "obb": {"axesLengths": [0.8167465434487285, 0.5002649910688772, 0.6106930032879431], "centroid": [0.1115307656454202, 1.207637215336743, -0.9312375780663456], "normalizedAxes": [0.9891409277915955, -0.14697016775608063, -3.26339328351645e-17, 0, -2.220446049250313e-16, 1, -0.14697016775608063, -0.9891409277915955, -2.1963340652666373e-16]}, "segments": [52329, 11187, 46813, 24237, 24306, 72546, 5873, 5891, 6964, 11225, 24424, 24443, 24806, 24832, 24833, 24842, 24853, 24910, 24916, 24922, 24926, 24949, 24960, 42190, 42203, 42210, 42214, 46500, 46523, 46804, 46845, 46856, 52484, 63009, 63020, 64893, 64939, 70388, 70390, 72574, 73340, 70517, 42193, 3137, 72583, 70439, 70609, 69020, 11217], "label": "couch table"}, {"objectId": 18, "id": 18, "partId": 18, "index": 17, "dominantNormal": [0.9214298129081726, -0.3885449171066284, -8.627430261457035e-17], "obb": {"axesLengths": [1.9254736144955449, 0.8751229746239709, 0.5956311632407905], "centroid": [1.2050716306068276, 0.8566704857637264, -0.8252585699724001], "normalizedAxes": [0.3885449171066284, 0.9214298129081726, 2.045985187733407e-16, 0, -2.220446049250313e-16, 1, 0.9214298129081726, -0.3885449171066284, -8.627430261457035e-17]}, "segments": [69595, 31198, 52535, 66955, 31233, 55510, 10151, 23940, 19027, 39186, 9297, 9306, 9856, 9867, 9894, 9958, 9982, 15897, 24625, 24678, 24711, 24731, 29256, 29266, 29270, 29325, 29426, 29434, 29437, 29466, 29473, 29506, 29508, 29510, 29516, 29521, 29539, 29570, 29574, 29577, 31248, 31262, 31276, 31284, 31305, 31323, 31376, 31413, 34071, 34125, 39032, 41989, 42741, 42752, 42821, 43253, 43257, 43266, 43305, 43335, 43361, 51312, 51563, 52027, 52029, 53794, 53880, 54307, 54313, 55107, 55137, 55375, 55516, 56595, 56603, 56607, 56617, 56671, 62364, 62366, 62393, 62397, 62584, 62633, 63423, 63424, 64909, 65567, 65582, 65594, 65953, 65956, 65964, 65977, 66998, 67116, 67149, 68240, 68246, 68281, 68291, 69699, 18267, 31358], "label": "tv stand"}, {"objectId": 19, "id": 19, "partId": 19, "index": 18, "dominantNormal": [0.9097289443016052, -0.41520267724990845, -9.21935144337712e-17], "obb": {"axesLengths": [1.0231171693945007, 2.1003399021847557, 0.4685504626900044], "centroid": [-2.864902877770683, 1.2548165736798456, -0.22017006642736558], "normalizedAxes": [0.41520264744758606, 0.9097289443016052, 2.0200040402631574e-16, 0, -2.220446049250313e-16, 1, 0.9097289443016052, -0.41520264744758606, -9.21935078163263e-17]}, "segments": [44284, 61323, 40207, 39482, 42994, 43074, 43308, 43357, 43382, 43414, 44481, 44482, 68527, 68850, 68871, 79275, 79280, 79283, 4109, 3674, 3677, 3689, 3749, 3750, 4151, 4152, 4188, 39495, 40189, 40522, 40677, 43077, 43109, 43303, 43464, 43534, 44098, 61432, 61434, 61436, 61494, 62075, 62132, 62793, 62837, 62839, 68046, 68066, 77960, 77965, 77972, 77996, 78432, 78434, 78611, 45135, 3654, 3724, 41211, 45359, 68008, 68053, 69165, 73406, 46064, 78259, 3544, 3580, 3589, 3598, 3657, 3702, 3733, 37273, 40702, 40751, 40788, 41212, 44854, 45083, 45159, 45376, 45392, 45522, 45718, 45865, 46044, 56441, 56447, 56458, 56466, 56579, 62785, 69043, 69403, 73506, 41156, 61265, 61654, 3694, 3817, 3843, 3879, 3896, 3898, 3970, 4045, 56138, 56172, 56179, 61068, 61110, 61279, 61296, 61501, 61514, 61545, 61577, 61596, 61635, 62188, 62201, 62210, 62291, 62813, 62816, 62822, 62824, 62825, 78082, 78083, 78107, 61186, 61382, 35090, 35271, 62243, 66247, 66249, 66253, 78105, 78374, 46621, 3904, 49984, 55975, 62109, 62173, 66356, 66384, 79122, 50263, 39765, 35462, 40783, 40885, 41307, 41312, 58934, 58939, 68070, 68074, 56962, 3468, 3786, 45512, 20436], "label": "showcase"}, {"objectId": 20, "id": 20, "partId": 20, "index": 19, "dominantNormal": [0.9350560307502747, -0.3544999659061432, -7.871480487556663e-17], "obb": {"axesLengths": [0.8134088986829798, 0.5542808013942658, 0.5023610946772834], "centroid": [1.2327130696549116, 0.8891840052355562, -0.33285968006716105], "normalizedAxes": [0.3544999659061432, 0.9350560307502747, 2.0762414693071266e-16, 0, -2.220446049250313e-16, 1, 0.9350560307502747, -0.3544999659061432, -7.871480487556663e-17]}, "segments": [9379, 9124, 11946, 9130, 9623, 9179, 63388, 9244, 67499, 9248, 30281, 30491, 63331, 9186, 27644, 12572, 9068, 9084, 9108, 9151, 9211, 9218, 9267, 9271, 9278, 9332, 9343, 9356, 9369, 9422, 9490, 9495, 9514, 11973, 12026, 12050, 12061, 14486, 14612, 14625, 14752, 14779, 27351, 28051, 30295, 30296, 30896, 33550, 59149, 62571, 62582, 62586, 62588, 62592, 62596, 62599, 63323, 63329, 63330, 63334, 63397, 63401, 63617, 63681, 63684, 63694, 63717, 63720, 64119, 64123, 64126, 64208, 66570], "label": "tv"}, {"objectId": 21, "id": 21, "partId": 21, "index": 20, "dominantNormal": [0, -2.220446049250313e-16, 1], "obb": {"axesLengths": [0.7713763681091905, 0.2134939980470986, 0.2372667067186248], "centroid": [-1.1592550995402147, 1.3347702583759802, -0.7432530859130696], "normalizedAxes": [-0.18012046813964844, 0.9836445450782776, 2.184129643985683e-16, 0, -2.220446049250313e-16, 1, 0.9836445450782776, 0.18012046813964844, 3.9994778186979926e-17]}, "segments": [6136, 178, 6170], "label": "pillow"}, {"objectId": 22, "id": 22, "partId": 22, "index": 21, "dominantNormal": [0.9138565063476562, 0.40603724122047424, 9.015837881164984e-17], "obb": {"axesLengths": [0.47112572112130585, 0.3185669708572257, 0.27073430520280506], "centroid": [-1.2527624504655253, 0.9420945493636901, -0.6779395693256078], "normalizedAxes": [-0.40603724122047424, 0.9138565063476562, 2.029169069101347e-16, 0, -2.220446049250313e-16, 1, 0.9138565063476562, 0.40603724122047424, 9.015837881164984e-17]}, "segments": [59516, 56820, 74947, 77326], "label": "pillow"}, {"objectId": 23, "id": 23, "partId": 23, "index": 22, "dominantNormal": [0.9962307810783386, 0.08674244582653046, 1.9260692113782886e-17], "obb": {"axesLengths": [0.6143817309594078, 0.49070094919128043, 0.44905395358469435], "centroid": [-1.4781036710452329, 1.150464212836853, -0.6276365583173231], "normalizedAxes": [-0.08674244582653046, 0.9962307810783386, 2.2120767019869506e-16, 0, -2.220446049250313e-16, 1, 0.9962307810783386, 0.08674244582653046, 1.9260692113782886e-17]}, "segments": [18192, 59551, 61775, 18530], "label": "pillow"}, {"objectId": 24, "id": 24, "partId": 24, "index": 23, "dominantNormal": [0, -2.220446049250313e-16, 1], "obb": {"axesLengths": [0.5695875012231618, 0.2160729717595955, 0.23813063890991107], "centroid": [-1.3632949182179082, 1.3918868836198568, -0.6546215771595801], "normalizedAxes": [-0.4014359414577484, 0.9158871173858643, 2.0336779313587e-16, 0, -2.220446049250313e-16, 1, 0.9158871173858643, 0.4014359414577484, 8.913668502369374e-17]}, "segments": [6128, 10470, 17672], "label": "pillow"}, {"objectId": 25, "id": 25, "partId": 25, "index": 24, "dominantNormal": [0, -2.220446049250313e-16, 1], "obb": {"axesLengths": [0.4441626421834457, 0.24598901914084662, 0.28483209303959744], "centroid": [-1.2752531588882507, 1.6727468488541704, -0.7270055753661956], "normalizedAxes": [0.16700737178325653, 0.9859556555747986, 2.189261340157064e-16, 0, -2.220446049250313e-16, 1, 0.9859556555747986, -0.16700737178325653, -3.708308588718102e-17]}, "segments": [13599], "label": "pillow"}, {"objectId": 26, "id": 26, "partId": 26, "index": 25, "dominantNormal": [0.9665147066116333, -0.2566111981868744, -5.697913212074343e-17], "obb": {"axesLengths": [0.6424164801264565, 0.22496097777126023, 0.21330026743812788], "centroid": [-1.135734292122084, 2.161378830192233, -0.7424805501294034], "normalizedAxes": [0.2566112279891968, 0.9665147066116333, 2.1460937618381266e-16, 0, -2.220446049250313e-16, 1, 0.9665147066116333, -0.2566112279891968, -5.697913873818833e-17]}, "segments": [59231, 67354, 76819, 13589, 59256, 58219, 76976], "label": "pillow"}, {"objectId": 27, "id": 27, "partId": 27, "index": 26, "dominantNormal": [0.6696845293045044, -0.7426456809043884, -1.649004668156958e-16], "obb": {"axesLengths": [0.5603680735796628, 0.24000000417232492, 0.1929535501210653], "centroid": [-0.5933194084977558, 2.7014464199921884, -0.7100000427663337], "normalizedAxes": [0.7426456809043884, 0.6696845293045044, 1.4869983673382423e-16, 0, -2.220446049250313e-16, 1, 0.6696845293045044, -0.7426456809043884, -1.649004668156958e-16]}, "segments": [54894, 57641, 73578], "label": "pillow"}, {"objectId": 28, "id": 28, "partId": 28, "index": 27, "dominantNormal": [0.9240940809249878, -0.3821650445461273, -8.485768633240183e-17], "obb": {"axesLengths": [0.42346730964781243, 0.36971198686110984, 0.34347903307810596], "centroid": [-0.7957323796676494, 2.6829795639194693, -0.6451440514219412], "normalizedAxes": [0.3821650445461273, 0.9240940809249878, 2.0519010511254882e-16, 0, -2.220446049250313e-16, 1, 0.9240940809249878, -0.3821650445461273, -8.485768633240183e-17]}, "segments": [57632, 57519, 57263, 76594], "label": "pillow"}, {"objectId": 29, "id": 29, "partId": 29, "index": 28, "dominantNormal": [0.5826825499534607, -0.8126998543739319, -1.8045561808709018e-16], "obb": {"axesLengths": [0.4085893232981711, 0.3469210189524065, 0.2997922590190125], "centroid": [-0.6404085348345776, 2.995452934415762, -0.7100595580028115], "normalizedAxes": [0.8126998543739319, 0.5826825499534607, 1.29381516601126e-16, 0, -2.220446049250313e-16, 1, 0.5826825499534607, -0.8126998543739319, -1.8045561808709018e-16]}, "segments": [60409, 60177, 60236, 57089, 60087], "label": "pillow"}, {"objectId": 30, "id": 30, "partId": 30, "index": 29, "dominantNormal": [0.8629804253578186, -0.5052374005317688, -1.121852389944264e-16], "obb": {"axesLengths": [0.6322939330543413, 0.48840301137261805, 0.24428559652421952], "centroid": [-0.9043224315319647, 2.9519701880909617, -0.6057985792503098], "normalizedAxes": [0.505237340927124, 0.8629804253578186, 1.916201476066123e-16, 0, -2.220446049250313e-16, 1, 0.8629804253578186, -0.505237340927124, -1.121852257595366e-16]}, "segments": [75270, 77080, 57044], "label": "pillow"}, {"objectId": 32, "id": 32, "partId": 32, "index": 31, "dominantNormal": [0, -2.220446049250313e-16, 1], "obb": {"axesLengths": [5.804413240865735, 1.8800000724196408, 4.506201943892865], "centroid": [-0.29965012033175553, 3.7047224904503215, 2.189999928176401], "normalizedAxes": [0.9038323760032654, -0.4278867244720459, -9.500993868806116e-17, 0, -2.220446049250313e-16, 1, -0.4278867244720459, -0.9038323760032654, -2.006911028480974e-16]}, "segments": [13755, 12364, 12372, 15534, 16166, 16794, 32948, 3014, 3205, 3269, 62946, 4991, 62972, 4951, 4929, 3007, 3060, 2449, 1716, 2203, 36086, 2368, 62886, 77866, 63576, 13847, 17042, 5495, 482, 486, 937, 946, 1268, 1318, 1709, 1722, 1742, 1777, 1784, 1792, 2030, 2040, 2043, 2050, 2136, 2154, 2174, 2182, 2222, 2288, 2294, 2302, 2335, 2360, 2438, 2505, 3021, 3025, 3032, 3245, 4308, 4917, 5085, 5341, 5402, 9819, 12299, 12899, 15739, 15771, 15891, 16690, 16870, 30667, 32939, 36032, 36035, 62382, 62385, 62387, 62390, 62602, 62603, 62606, 62608, 63399, 63707, 63708, 67388, 68197, 68199, 7724, 5562, 7489, 7223, 41160, 68840, 10046, 10083, 766, 16851, 16847, 28265, 22472, 67920, 387, 128, 5413, 37124, 21723, 11929, 12003, 14605, 13376, 13124, 13464, 11743, 11550, 10827, 10452, 11408, 11345, 914, 955, 2078, 2205, 2207, 2215, 3330, 3343, 3349, 3382, 3388, 3953, 5427, 5561, 7242, 7302, 7601, 9699, 9702, 10012, 10016, 10087, 10106, 10270, 10336, 10396, 10515, 10551, 10676, 10677, 11730, 13487, 13489, 13895, 13901, 13917, 13936, 14009, 14016, 14028, 14050, 14065, 14072, 14097, 14141, 14153, 14161, 14169, 14173, 14183, 15302, 15393, 16841, 17244, 18425, 18428, 18429, 18436, 19160, 21635, 21821, 21842, 22506, 22515, 22523, 23041, 23060, 23063, 24569, 24571, 24586, 34194, 34199, 37758, 37760, 37769, 38067, 38093, 38096, 38123, 38130, 38133, 38143, 39061, 39379, 39397, 39674, 39699, 39705, 39810, 40458, 40916, 41054, 41230, 41280, 62404, 62406, 62409, 62416, 62419, 62421, 62461, 62468, 62471, 62482, 62488, 62503, 62515, 62552, 62555, 62559, 62562, 62669, 62737, 62747, 62782, 63170, 63222, 63229, 63235, 63240, 63470, 63474, 63478, 63482, 63484, 63489, 63510, 63535, 63538, 63544, 63565, 63722, 63803, 64445, 64684, 64691, 64696, 64698, 64730, 64748, 64830, 64833, 64836, 64838, 64844, 64851, 64855, 2543, 4595, 4881, 2850, 4094, 4515, 4664, 4887, 9900, 10417, 63168, 63176, 63416, 7431, 7441, 4838, 2967, 2643, 2656, 4269, 4276, 62683, 2903, 13038], "label": "ceiling"}, {"objectId": 36, "id": 36, "partId": 36, "index": 32, "dominantNormal": [0.9664178490638733, -0.25697579979896545, -5.706008994165522e-17], "obb": {"axesLengths": [1.6346675703840798, 0.3400000257790081, 0.31959379701190793], "centroid": [1.345534415948452, 0.8743779835312893, 0.559999909773468], "normalizedAxes": [0.25697579979896545, 0.9664178490638733, 2.1458786948788628e-16, 0, -2.220446049250313e-16, 1, 0.9664178490638733, -0.25697579979896545, -5.706008994165522e-17]}, "segments": [15670, 15745, 19955, 15702, 20324, 27303, 14198, 25151, 804, 67312, 15808, 30346], "label": "shelf"}, {"objectId": 37, "id": 37, "partId": 37, "index": 33, "dominantNormal": [0.9958881139755249, -0.09059178829193115, -2.011541784073393e-17], "obb": {"axesLengths": [0.23682400828652928, 0.2716819881271872, 0.20701591291309412], "centroid": [0.9872837517747153, 0.39687873719793876, -0.5181600689554219], "normalizedAxes": [0.09059178829193115, 0.9958881139755249, 2.2113158281722998e-16, 0, -2.220446049250313e-16, 1, 0.9958881139755249, -0.09059178829193115, -2.011541784073393e-17]}, "segments": [53679, 24541, 32029, 29982], "label": "book"}, {"objectId": 38, "id": 38, "partId": 38, "index": 34, "dominantNormal": [0.9982706308364868, 0.058785710483789444, 1.3053049859610298e-17], "obb": {"axesLengths": [0.22692453787513747, 0.2889250154288481, 0.16346238507900326], "centroid": [1.3654183664959987, 1.5596045495225939, -0.5293575760865774], "normalizedAxes": [-0.058785710483789444, 0.9982706308364868, 2.216606078323495e-16, 0, -2.220446049250313e-16, 1, 0.9982706308364868, 0.058785710483789444, 1.3053049859610298e-17]}, "segments": [33271, 68370, 33281, 39735], "label": "book"}, {"objectId": 39, "id": 39, "partId": 39, "index": 35, "dominantNormal": [0.9531722068786621, 0.30242809653282166, 6.715252721285962e-17], "obb": {"axesLengths": [0.33965513213036747, 0.2761119765912298, 0.18971660518170377], "centroid": [1.8739482041854685, 2.353004126892741, 0.2519439085883495], "normalizedAxes": [-0.30242812633514404, 0.9531722068786621, 2.1164674610189274e-16, 0, -2.220446049250313e-16, 1, 0.9531722068786621, 0.30242812633514404, 6.715253383030452e-17]}, "segments": [31010, 31040], "label": "photo frame"}, {"objectId": 40, "id": 40, "partId": 40, "index": 36, "dominantNormal": [0.9998704791069031, 0.016093257814645767, 3.573421073409692e-18], "obb": {"axesLengths": [0.3419913478711687, 0.21999999389052394, 0.20493292807006783], "centroid": [1.7647971562229139, 2.080098341083316, 0.2399999091774221], "normalizedAxes": [-0.016093257814645767, 0.9998704791069031, 2.2201584550949406e-16, 0, -2.220446049250313e-16, 1, 0.9998704791069031, 0.016093257814645767, 3.573421073409692e-18]}, "segments": [31903, 31881], "label": "photo frame"}, {"objectId": 41, "id": 41, "partId": 41, "index": 37, "dominantNormal": [0, -2.220446049250313e-16, 1], "obb": {"axesLengths": [0.3808707796142837, 0.20959899664821474, 0.33528500749771034], "centroid": [2.1723622705268624, 3.5085778344108456, 0.07479941957146985], "normalizedAxes": [-0.3394257128238678, 0.9406328797340393, 2.0886245616003925e-16, 0, -2.220446049250313e-16, 1, 0.9406328797340393, 0.3394257128238678, 7.536764830537286e-17]}, "segments": [43789, 43804, 43648, 39262, 39270, 39309, 39360, 43659, 43674, 43752, 68321, 69766, 69768, 69771, 69874, 69859, 23490, 29696, 39311, 43690, 43818, 65633], "label": "lamp"}, {"objectId": 43, "id": 43, "partId": 43, "index": 39, "dominantNormal": [0.16552525758743286, -0.9862055778503418, -2.1898162790864135e-16], "obb": {"axesLengths": [0.5484076972278287, 0.580000000149011, 0.2989226436929289], "centroid": [2.115738128572004, 4.14132436147884, 0.3799999215453853], "normalizedAxes": [0.9862055778503418, 0.16552524268627167, 3.675398711739312e-17, 0, -2.220446049250313e-16, 1, 0.16552524268627167, -0.9862055778503418, -2.1898162790864135e-16]}, "segments": [33016, 28933, 68886, 32167, 28715, 66113, 66394, 67565, 28753, 28759, 28765, 28766, 28851, 28852, 28871, 28879, 28905, 28906, 28917, 32086, 32114, 32160, 32200, 32216, 32224, 32230, 32254, 32293, 32304, 32317, 32339, 32354, 32998, 33004, 33017, 33020, 33075, 36674, 36686, 36708, 36721, 41399, 41443, 41444, 41445, 41509, 65484, 65486, 66103, 66104, 66132, 66133, 66145, 66191, 66442, 66444, 67597, 67606, 68855, 68866, 68868, 68881, 68906, 68910, 68913, 68917, 33042], "label": "plant"}, {"objectId": 44, "id": 44, "partId": 44, "index": 40, "dominantNormal": [0.8380146026611328, -0.5456477403640747, -1.2115813693737703e-16], "obb": {"axesLengths": [0.26560615580839275, 0.4205240066232377, 0.27088499827151186], "centroid": [1.5654523089027998, 4.2824945638331045, 0.3202619201631389], "normalizedAxes": [0.8380146026611328, -0.5456477999687195, -1.2115815017226683e-16, 0, -2.220446049250313e-16, 1, -0.5456477999687195, -0.8380146026611328, -1.8607662136929833e-16]}, "segments": [38206, 38181, 38226, 35184, 67262, 68103, 34250, 34214, 34243, 34288, 34315, 37956, 67155], "label": "decoration"}, {"objectId": 45, "id": 45, "partId": 45, "index": 41, "dominantNormal": [-0.33131060004234314, -0.9435217380523682, -2.0950391156401697e-16], "obb": {"axesLengths": [0.6006216820130561, 0.6400000030547377, 0.1710431627596028], "centroid": [-0.9037777355275687, 5.297735811436834, 0.34999992009252234], "normalizedAxes": [0.9435217380523682, -0.3313106298446655, -7.356573791132204e-17, 0, -2.220446049250313e-16, 1, -0.3313106298446655, -0.9435217380523682, -2.0950391156401697e-16]}, "segments": [17169, 17115, 22062, 22697], "label": "clock"}, {"objectId": 46, "id": 46, "partId": 46, "index": 42, "dominantNormal": [-0.3409135937690735, -0.9400946497917175, -2.0874294510513758e-16], "obb": {"axesLengths": [0.4640997456276266, 0.38598198325972277, 0.171564850664654], "centroid": [-0.8752054117803123, 5.209649825560536, -0.31700906752774927], "normalizedAxes": [0.9400946497917175, -0.3409135937690735, -7.569802424202654e-17, 0, -2.220446049250313e-16, 1, -0.3409135937690735, -0.9400946497917175, -2.0874294510513758e-16]}, "segments": [28608, 36224, 48968, 71332, 71306, 67410, 31943, 31997, 32018, 36201, 37406, 37412, 37446, 37469, 37495, 48935, 66077, 67930], "label": "monitor"}, {"objectId": 100, "id": 100, "partId": 100, "index": 43, "dominantNormal": [0.9628312587738037, -0.2701035141944885, -5.997502809817779e-17], "obb": {"axesLengths": [0.46547268560842137, 0.36000000625848755, 0.14573068330054786], "centroid": [0.7172940829350019, -0.16199162353623775, -0.9500000469386585], "normalizedAxes": [0.2701035141944885, 0.9628313183784485, 2.1379149969878963e-16, 0, -2.220446049250313e-16, 1, 0.9628313183784485, -0.2701035141944885, -5.997502809817779e-17]}, "segments": [24548, 31389], "label": "wardrobe"}, {"objectId": 101, "id": 101, "partId": 101, "index": 44, "dominantNormal": [0, -2.220446049250313e-16, 1], "obb": {"axesLengths": [0.41678892606841345, 0.09203403982444014, 0.4434429839960078], "centroid": [-0.07451368215069132, 1.196197923967181, -0.8760170647647163], "normalizedAxes": [0.571739912033081, 0.8204349279403687, 1.8217314944121569e-16, 0, -2.220446049250313e-16, 1, 0.8204349279403687, -0.571739912033081, -1.2695176288725764e-16]}, "segments": [3098, 64897, 3117], "label": "couch table"}, {"objectId": 102, "id": 102, "partId": 102, "index": 45, "dominantNormal": [0, -2.220446049250313e-16, 1], "obb": {"axesLengths": [0.468786957561366, 0.18933498436208854, 0.3494688085591501], "centroid": [0.19324715060062658, 1.0122784992906075, -1.0153325774073787], "normalizedAxes": [0.647422730922699, 0.7621310949325562, 1.6922709787538096e-16, 0, -2.220446049250313e-16, 1, 0.7621310949325562, -0.647422730922699, -1.4375672450721554e-16]}, "segments": [70412, 24908, 70377, 70375], "label": "couch table"}], "scan_id": "0cac7574-8d6f-2d13-8db6-4304f437e6d5", "annId": "6504", "appId": "stk.v1"}