{"segGroups": [{"objectId": 26, "id": 26, "partId": 26, "index": 0, "dominantNormal": [0.8324446082115173, 0.5541082620620728, 1.2303675013526866e-16], "obb": {"axesLengths": [0.8846440464076258, 1.7678089938802488, 0.45707659393916394], "centroid": [-0.8535266546953746, 1.3610229631976092, -0.3697855497271083], "normalizedAxes": [-0.5541082620620728, 0.8324446082115173, 1.8483983415229884e-16, 0, -2.220446049250313e-16, 1, 0.8324446082115173, 0.5541082620620728, 1.2303675013526866e-16]}, "segments": [97433, 18748, 86041, 18704, 81493, 18595, 18528, 81398, 12939, 12103, 11913, 66212, 12962, 18804, 76686, 11920, 11975, 11995, 12086, 12141, 12988, 18632, 18669, 18708, 18715, 18802, 18805, 18835, 18845, 18852, 18857, 33997, 34043, 35526, 35563, 35575, 35598, 35619, 35625, 36092, 64716, 64835, 65272, 65274, 65326, 66161, 66211, 66311, 66808, 66827, 67152, 67154, 67223, 67238, 75684, 75989, 76046, 76059, 76358, 76377, 76701, 76709, 76715, 76752, 77020, 77380, 77768, 80194, 81405, 81414, 81522, 81525, 86092, 86523, 86526, 86582, 86583, 86588, 86595, 86648, 86737, 86741, 86745, 86748, 86753, 86756, 87468, 88272, 88277, 88338, 88514, 88710, 93717, 97066, 97077, 97089, 97125, 97497, 97511, 97517, 104386, 65230, 12100, 35509, 35518, 67027, 77766, 86529, 86532, 86538, 97340, 59268, 65141], "label": "wardrobe"}, {"objectId": 27, "id": 27, "partId": 27, "index": 1, "dominantNormal": [0.8079749941825867, 0.5892167687416077, 1.308324046304338e-16], "obb": {"axesLengths": [0.9795926463798235, 1.158916983926661, 0.253075437951336], "centroid": [-0.7804631732530434, 1.3544977489341938, -0.06418255901643999], "normalizedAxes": [-0.5892167687416077, 0.8079749941825867, 1.7940648837257693e-16, 0, -2.220446049250313e-16, 1, 0.8079749941825867, 0.5892167687416077, 1.308324046304338e-16]}, "segments": [100708, 18222, 64571, 96673, 64483, 74818, 74817, 101360, 74873, 69339, 69317, 73499, 74779, 65668, 99177, 99065, 18251, 18295, 18305, 18313, 18323, 18324, 18386, 18463, 18476, 18485, 61290, 62388, 62393, 62394, 62400, 62414, 62419, 62923, 63002, 63028, 63041, 63074, 64515, 64561, 64647, 64658, 64675, 65896, 65944, 65972, 65973, 65977, 66009, 66014, 67480, 67493, 67497, 67502, 67513, 67514, 67517, 67518, 67553, 67563, 68205, 69149, 69151, 69181, 69201, 69233, 69369, 69435, 72408, 72453, 72511, 72555, 72556, 72573, 72621, 72627, 73490, 74279, 74281, 74295, 74687, 74788, 74792, 74848, 74887, 81356, 81359, 96553, 96625, 97868, 97870, 97876, 97879, 98107, 98989, 99164, 99186, 99213, 99232, 100192, 100198, 100203, 100205, 100210, 100933, 100948, 100966, 100971, 101257, 101262, 101330, 101363, 101366, 101368, 101419, 101426, 101431, 101501, 101513, 100419, 101298, 100453, 68213, 65951, 100983, 59393, 100945, 67474, 98944, 62975, 62440, 64491, 72725, 99090], "label": "clothes"}, {"objectId": 28, "id": 28, "partId": 28, "index": 2, "dominantNormal": [0, -2.220446049250313e-16, 1], "obb": {"axesLengths": [8.73442374333807, 1.1047398797108254, 5.091247092819736], "centroid": [0.7354333821740793, 1.4370790513630705, 1.7376299004714926], "normalizedAxes": [0.8785662651062012, 0.47762051224708557, 1.0605305794599519e-16, 0, -2.220446049250313e-16, 1, 0.47762051224708557, -0.8785662651062012, -1.9508089923596676e-16]}, "segments": [8201, 79722, 8124, 8145, 8305, 8311, 8458, 7509, 7410, 10702, 10682, 12526, 54881, 94351, 72909, 59147, 79769, 8548, 8555, 8623, 8624, 8543, 8629, 8532, 8573, 8584, 8674, 8577, 37436, 78032, 33159, 38089, 6815, 6880, 7078, 30701, 33261, 33773, 36777, 37052, 37191, 46382, 74098, 77903, 79543, 79546, 79796, 13915, 8759, 77920, 31662, 102, 11104, 33705, 78316, 264, 107, 11282, 11321, 80658, 32872, 14521, 36796, 72319, 337, 7163, 15230, 16576, 20641, 29795, 47835, 57302, 2148, 2219, 58140, 350, 1664, 4620, 4633, 4639, 4650, 4672, 7110, 7120, 7476, 7539, 7896, 8399, 8412, 10677, 10755, 10761, 10942, 19775, 19805, 21142, 27242, 27263, 27312, 27535, 27539, 32619, 32923, 33083, 34319, 34373, 34386, 35388, 35411, 41523, 41702, 54878, 54893, 58562, 59037, 59520, 61122, 61123, 61390, 61574, 61672, 61830, 62340, 64432, 70554, 72216, 73086, 73105, 74484, 76726, 77337, 77347, 77363, 77802, 77810, 77812, 78200, 78274, 78884, 79607, 79628, 79664, 79683, 80134, 88460, 93034, 94344, 94534, 95141, 95159, 99319, 100104, 103357, 5296, 5734, 6834, 8597, 19791, 39766, 48000, 51715, 70723, 84039, 5017, 7103, 93999, 3969, 4705, 4711, 4714, 41809, 46352, 57953, 57957, 73034, 78278, 84467, 88486, 3929, 78854, 68878, 5765, 21179, 42436, 88737, 68890, 3947, 5010, 5881, 5895, 5918, 6669, 6705, 6714, 21141, 32581, 42316, 55267, 55282, 56696, 56829, 62352, 62353, 67139, 79364, 79372, 79373, 79383, 79538, 88735, 93668, 93671, 3957, 27400, 27402, 27425, 41313, 46313, 46337, 46367, 56654, 56676, 56790, 56797, 78865, 84032, 84036, 89906, 93448, 42088, 24143, 33953, 33986, 36142, 36316, 39023, 39122, 39158, 39173, 41420, 41551, 41566, 42699, 42715, 42729, 42761, 42777, 43547, 43795, 43800, 48348, 56709, 56799, 57174, 57177, 57200, 57448, 67469, 70989, 84048, 86687, 93471, 94311, 94314, 94317, 66983, 67007, 67080, 67214, 97729, 97739, 97751, 97757, 2836, 24970, 24993, 28049, 28107, 28123, 28138, 56204, 56213, 56215, 56218, 56234, 61649, 66918, 69612, 69615, 81536, 82488, 87591, 93313, 95178, 95180, 99264, 46150, 46152, 48393, 48507, 48514, 48522, 48524, 61624, 62008, 62010, 62011, 90033, 100061, 56180, 70464, 70488, 100079, 100081, 49588, 49596, 52403, 70489, 72128, 89434, 100037, 100039, 73783, 73803, 12894, 52413, 52391, 52285, 47289, 51683, 47293, 16155, 48320, 55407], "label": "ceiling"}, {"objectId": 32, "id": 32, "partId": 32, "index": 3, "dominantNormal": [0.8250490427017212, 0.5650611519813538, 1.2546878025018277e-16], "obb": {"axesLengths": [1.0148807426255684, 1.3799999643862249, 0.3621199097884128], "centroid": [2.608688916124291, 3.8479248817965734, 0.29999993487477306], "normalizedAxes": [-0.5650611519813538, 0.8250489830970764, 1.8319767549558917e-16, 0, -2.220446049250313e-16, 1, 0.8250489830970764, 0.5650611519813538, 1.2546878025018277e-16]}, "segments": [14795, 80717, 14723, 34900, 34945, 12636, 12654, 12718, 13660, 13686, 14708, 14748, 14754, 15607, 30893, 30939, 31004, 34698, 34764, 34772, 34773, 34796, 34806, 34812, 34826, 34832, 34915, 80365, 80675, 86200, 86238, 86255, 86265, 86326, 34996, 14371, 11190, 14341, 14368, 14372, 15585, 31287, 31451, 31455, 36435, 36507, 80652, 80859, 80860, 80879, 80882, 80884, 86902, 86911, 87075, 36649, 31295, 36599, 14588, 14816, 14840, 15034, 15315, 15316, 15325, 15377, 15419, 31316, 31335, 31346, 31375, 36472, 36538, 36563, 36675, 36683, 36703, 36728, 71289, 78029, 80710, 80812, 80814, 80816, 80825, 80827, 80887, 85062, 85064, 85238, 85244, 87017, 87048, 87189, 87191, 29752, 14533, 14765, 14814, 15168, 35024, 86960, 86387, 14256, 14276, 14334, 31469, 86363, 76381, 100010, 76498, 11143, 11146, 11147, 11158, 11161, 11370, 12599, 13357, 13398, 13439, 13455, 13591, 13617, 13630, 13956, 13970, 14041, 14088, 14102, 14107, 14114, 14168, 14193, 14239, 44044, 44048, 44062, 44092, 80392, 80430, 80435, 80452, 80461, 80463, 80565, 80605, 80786, 100018, 100100, 36845, 14027, 14012, 30983, 31007, 13296, 13308, 76533, 80305, 44071, 11085], "label": "shelf"}, {"objectId": 33, "id": 33, "partId": 33, "index": 4, "dominantNormal": [0.5838420391082764, -0.8118672966957092, -1.8027075314635193e-16], "obb": {"axesLengths": [0.7411928631172734, 1.119999935030938, 0.41128249110389953], "centroid": [-1.529736652380277, 2.3084645347360775, -0.7300000358444455], "normalizedAxes": [0.8118672966957092, 0.5838419795036316, 1.296389616775321e-16, 0, -2.220446049250313e-16, 1, 0.5838419795036316, -0.8118672966957092, -1.8027075314635193e-16]}, "segments": [66881, 50961, 95134, 37789, 34008, 40837, 41538, 45837, 93123, 94699, 95144, 59763, 67637, 71853, 77742, 97274, 85914, 88395, 69530, 48378, 50031, 79588, 33122, 33142, 70088, 94665, 39568, 33979, 70396, 21833, 27420, 32306, 32942, 32944, 33128, 33593, 34016, 39523, 39532, 40877, 41012, 41300, 69058, 69093, 73189, 73333, 73417, 88301, 88314, 88392, 97888, 97896, 97900, 100923, 72203, 7569, 87697, 41736, 39665, 87715, 39682, 39685, 39652], "label": "shelf"}, {"objectId": 34, "id": 34, "partId": 34, "index": 5, "dominantNormal": [0.5943783521652222, -0.8041855096817017, -1.7856505378370839e-16], "obb": {"axesLengths": [2.161057993821427, 0.6929100000952926, 0.4859703150934027], "centroid": [-1.023370898303995, 2.723162117883027, 0.9364548902934424], "normalizedAxes": [0.8041855096817017, 0.5943783521652222, 1.3197850638251788e-16, 0, -2.220446049250313e-16, 1, 0.5943783521652222, -0.8041855096817017, -1.7856505378370839e-16]}, "segments": [24211, 93385, 24272, 93674, 62029, 46961, 50919, 23794, 23822, 23942, 24449, 32112, 32382, 50724, 50755, 50831, 55526, 55581, 56911, 89834, 93388, 35760, 29823, 58791, 83172, 35788, 29919, 92756, 84813, 29928, 29666, 58759, 84046, 92695, 83727, 4484, 4508, 22928, 27344, 50558, 56876, 58624, 58635, 58636, 58637, 79012, 79015, 79017, 92690, 92702, 94545, 94570, 58738, 31010, 39119], "label": "shelf"}, {"objectId": 35, "id": 35, "partId": 35, "index": 6, "dominantNormal": [-0.5531240105628967, -0.8330989480018616, -1.8498512677253255e-16], "obb": {"axesLengths": [0.2678512267372402, 0.21661999337479476, 0.18223296758030574], "centroid": [0.337906067712622, 2.300092674385299, 0.33214792283323424], "normalizedAxes": [0.8330989480018616, -0.553123950958252, -1.2281818916509745e-16, 0, -2.220446049250313e-16, 1, -0.553123950958252, -0.8330989480018616, -1.8498512677253255e-16]}, "segments": [36924, 90777, 95354, 62273, 90753], "label": "lamp"}, {"objectId": 36, "id": 36, "partId": 36, "index": 7, "dominantNormal": [0.8517894148826599, 0.5238842964172363, 1.1632568162439324e-16], "obb": {"axesLengths": [0.28101217718142757, 0.5943750010197979, 0.1886647084014744], "centroid": [0.1913404724435644, 2.4342744185071323, -0.12675557330767417], "normalizedAxes": [-0.5238842964172363, 0.8517894148826599, 1.891352441069438e-16, 0, -2.220446049250313e-16, 1, 0.8517894148826599, 0.5238842964172363, 1.1632568162439324e-16]}, "segments": [19737, 19610, 19725, 92202, 52062, 52115, 52111], "label": "lamp"}, {"objectId": 37, "id": 37, "partId": 37, "index": 8, "dominantNormal": [-0.6989058256149292, -0.7152137160301208, -1.5880934701287172e-16], "obb": {"axesLengths": [0.3712215475777221, 1.1241909312265153, 0.2968020493707463], "centroid": [0.2860297214424349, 2.344563788651676, -0.6712845372193047], "normalizedAxes": [0.7152137160301208, -0.6989058256149292, -1.5518826792846978e-16, 0, -2.220446049250313e-16, 1, -0.6989058256149292, -0.7152137160301208, -1.5880934701287172e-16]}, "segments": [52235, 52145, 52171, 95033, 52000, 52006, 92032, 92155, 92212, 92214, 92249, 62121, 25460, 92149], "label": "lamp"}, {"objectId": 38, "id": 38, "partId": 38, "index": 9, "dominantNormal": [0.9988881349563599, -0.04714297875761986, -1.0467844093224845e-17], "obb": {"axesLengths": [0.32280241846558677, 0.42404399609467375, 0.22849935569370075], "centroid": [0.4447890136287554, -1.289117074775794, -0.09797806774844187], "normalizedAxes": [0.047142982482910156, 0.9988881349563599, 2.2179772129068628e-16, 0, -2.220446049250313e-16, 1, 0.9988881349563599, -0.047142982482910156, -1.0467844920405457e-17]}, "segments": [49941, 49668, 59932, 90554, 50114, 49714, 49708, 49958, 49977, 50023, 50061, 50158, 59925, 90550, 90588, 90591, 94775, 94779], "label": "lamp"}, {"objectId": 42, "id": 42, "partId": 42, "index": 10, "dominantNormal": [0, -2.220446049250313e-16, 1], "obb": {"axesLengths": [0.6825383783370458, 0.3094199826698006, 0.5710503094965013], "centroid": [1.0858537520833464, 1.6366307482570877, -0.9247100253912064], "normalizedAxes": [0.5508917570114136, 0.8345766663551331, 1.853132461604752e-16, 0, -2.220446049250313e-16, 1, 0.8345766663551331, -0.5508917570114136, -1.2232254254205567e-16]}, "segments": [89761, 63395, 20190], "label": "blanket"}, {"objectId": 43, "id": 43, "partId": 43, "index": 11, "dominantNormal": [0, -2.220446049250313e-16, 1], "obb": {"axesLengths": [0.7163234261504337, 0.31687503344844936, 0.38029260139173654], "centroid": [2.2662449823194875, 0.025606477713608466, -1.0794725582193019], "normalizedAxes": [0.8487749695777893, 0.5287542343139648, 1.1740702506068176e-16, 0, -2.220446049250313e-16, 1, 0.5287542343139648, -0.8487749695777893, -1.884659027901557e-16]}, "segments": [93750, 93162, 30653, 57775, 58058, 93902, 60739, 93922, 105110, 105097, 57772, 60349, 60693, 97798, 93845, 57783, 30415, 30509, 30662, 57593, 57612, 57656, 57663, 57676, 57695, 57714, 57918, 58038, 58039, 58041, 60141, 60565, 60799, 60824, 60869, 60885, 93796, 93797, 93801, 93958, 52723, 30559, 30116, 58014, 57290, 92355], "label": "items"}, {"objectId": 45, "id": 45, "partId": 45, "index": 12, "dominantNormal": [0.575727641582489, 0.81764155626297, 1.8155289633069893e-16], "obb": {"axesLengths": [0.7495188972022828, 2.444570009904279, 0.791962686320329], "centroid": [0.3182339873663534, 3.389483755771619, -0.01228506419140829], "normalizedAxes": [0.575727641582489, 0.81764155626297, 1.8155289633069893e-16, 0, -2.220446049250313e-16, 1, 0.81764155626297, -0.575727641582489, -1.278372167196038e-16]}, "segments": [105943, 76154, 71093, 71183, 105496, 71163, 2488, 2503, 2513, 2517, 2520, 2526, 2542, 2547, 2609, 2616, 2680, 2690, 2707, 2728, 3299, 20153, 20742, 20967, 21010, 21155, 21232, 21343, 21456, 21461, 21468, 21513, 21540, 22292, 22304, 22312, 22313, 22323, 22331, 22342, 22367, 22418, 23137, 23154, 23156, 23180, 23198, 23211, 23226, 23243, 23250, 23271, 23283, 23288, 23297, 23842, 23873, 23938, 23953, 28682, 28849, 28870, 28884, 28887, 28974, 29062, 52790, 52797, 53989, 54908, 54925, 54929, 55674, 55692, 55712, 55759, 55778, 55787, 55979, 59230, 59243, 59279, 64069, 64144, 64255, 67649, 67680, 67742, 67753, 67762, 67767, 67809, 67831, 67841, 67843, 71107, 71138, 71142, 74086, 74995, 75003, 75005, 75031, 75032, 75045, 75056, 75565, 75600, 75614, 75648, 75650, 75689, 75723, 76225, 78055, 78099, 78681, 78702, 81586, 81621, 81686, 82471, 82477, 82480, 82503, 82650, 82652, 82654, 82658, 82660, 82661, 82669, 82703, 82709, 82718, 82726, 82728, 82782, 83150, 83169, 84148, 84609, 84636, 84681, 84683, 93042, 93069, 93093, 93231, 93239, 93260, 94365, 94404, 97968, 99642, 99662, 99673, 100790, 100831, 100835, 100892, 100900, 101577, 101604, 101630, 101675, 103487, 103549, 105559, 3337, 22553, 3468, 3545, 3667, 27479, 81691, 81767, 2420, 2600, 2614, 2622, 2644, 2661, 2687, 2691, 2705, 2712, 2714, 2723, 3375, 3706, 3719, 3777, 3819, 19845, 19892, 19934, 20080, 23181, 23860, 23919, 27465, 27477, 28626, 28659, 28663, 28983, 29007, 29013, 29024, 53946, 53959, 55702, 55994, 56088, 56101, 64139, 64145, 64164, 64181, 64201, 64212, 67693, 67757, 67761, 67808, 71653, 71684, 71691, 71715, 71732, 73691, 73856, 74097, 75105, 76166, 76175, 76178, 76185, 76236, 78052, 81599, 81609, 81671, 81712, 81729, 81775, 82493, 82507, 83156, 84624, 92522, 93271, 93277, 93280, 93283, 93295, 95914, 96379, 97925, 97949, 100818, 100846, 100861, 103622, 103633, 105576, 73677, 95908, 100718, 19913, 19993, 20179, 20252, 20337, 20391, 22572, 28835, 71688, 71702, 73703, 73928, 74023, 76368, 81619, 81801, 84633, 100748, 38484, 28738, 73601, 28690, 13502, 81870], "label": "shelf"}, {"objectId": 47, "id": 47, "partId": 47, "index": 13, "dominantNormal": [0.19752342998981476, -0.9802981615066528, -2.1766991798047926e-16], "obb": {"axesLengths": [0.25605393145595934, 2.3200000005960453, 0.22401585656165432], "centroid": [3.9249014147336365, 0.8486543726763045, -0.090000042102933], "normalizedAxes": [0.9802981615066528, 0.19752344489097595, 4.385901528424795e-17, 0, -2.220446049250313e-16, 1, 0.19752344489097595, -0.9802981615066528, -2.1766991798047926e-16]}, "segments": [12826, 24622, 51168, 47958, 47912, 24620, 24651, 24667, 49214, 51074, 51117, 57055, 57076, 57104, 90851, 90871, 90913, 12774, 12760, 90958], "label": "curtain"}, {"objectId": 48, "id": 48, "partId": 48, "index": 14, "dominantNormal": [0.8034929037094116, 0.5953143239021301, 1.321863338570606e-16], "obb": {"axesLengths": [0.49910491440496807, 0.3629429855284916, 0.31024060788554975], "centroid": [4.061071881874885, 1.4706186193214132, -0.6114715606461871], "normalizedAxes": [-0.5953143239021301, 0.8034929037094116, 1.7841126436422253e-16, 0, -2.220446049250313e-16, 1, 0.8034929037094116, 0.5953143239021301, 1.321863338570606e-16]}, "segments": [27043, 26362, 27000, 25592], "label": "pillow"}, {"objectId": 49, "id": 49, "partId": 49, "index": 15, "dominantNormal": [0.8543961644172668, -0.5196221470832825, -1.1537929435940397e-16], "obb": {"axesLengths": [0.5035586255188358, 0.4399999877810477, 0.3058694616580646], "centroid": [4.215687880111783, 1.1048348475829106, -0.6100000412088634], "normalizedAxes": [0.5196221470832825, 0.8543961644172668, 1.897140587774941e-16, 0, -2.220446049250313e-16, 1, 0.8543961644172668, -0.5196221470832825, -1.1537929435940397e-16]}, "segments": [25641, 25640, 25995, 25891], "label": "pillow"}, {"objectId": 1, "id": 1, "partId": 1, "index": 16, "dominantNormal": [0, -2.220446049250313e-16, 1], "obb": {"axesLengths": [8.087787473257828, 0.3052700689747162, 7.828390918098404], "centroid": [0.21605275469997182, 1.087541118651222, -1.1826350531954681], "normalizedAxes": [0.9991571307182312, 0.041048865765333176, 9.114679181484048e-18, 0, -2.220446049250313e-16, 1, 0.041048865765333176, -0.9991571307182312, -2.218574503483575e-16]}, "segments": [12738, 60972, 8710, 551, 579, 641, 661, 668, 698, 715, 718, 906, 1024, 1045, 1137, 1160, 1169, 1197, 1216, 1230, 1238, 1253, 1262, 1281, 1290, 1398, 3912, 6596, 6756, 7131, 7143, 7333, 8769, 8771, 8858, 8868, 8930, 9118, 10029, 11399, 15123, 15699, 15956, 15982, 15983, 16010, 16212, 16235, 16287, 16453, 16454, 16463, 16891, 17505, 17549, 18891, 18904, 19310, 19405, 19744, 20836, 25309, 30190, 30854, 31246, 31257, 31520, 33441, 33580, 35098, 36003, 36056, 37046, 37486, 37501, 37752, 37853, 38557, 38572, 38574, 38648, 38741, 39214, 39701, 39712, 39721, 40528, 40550, 40578, 40584, 40596, 40606, 40609, 40624, 42060, 45216, 45701, 45717, 46004, 47654, 47929, 48890, 49899, 52600, 53775, 53829, 54120, 54538, 55374, 55386, 56299, 56363, 57303, 57559, 58481, 64387, 66662, 66687, 67398, 70180, 70245, 70669, 71827, 71840, 71901, 73480, 75286, 75297, 75484, 76344, 76982, 78408, 78522, 78530, 78572, 78574, 78578, 78711, 79145, 79358, 79920, 80893, 81099, 83175, 88181, 88187, 88189, 88231, 90445, 93334, 93344, 93347, 94623, 96417, 96444, 97698, 98648, 99402, 99899, 100675, 103748, 105030, 105617, 554, 667, 732, 776, 779, 785, 807, 822, 823, 828, 861, 913, 926, 950, 971, 1003, 1006, 1014, 2800, 6453, 6613, 6628, 6629, 6735, 6784, 11384, 18369, 21991, 24095, 24742, 31554, 33723, 39028, 39041, 45076, 45080, 45134, 48084, 50034, 62449, 62802, 62817, 65341, 65348, 66720, 68227, 68249, 68252, 68260, 68261, 68308, 68309, 68318, 68368, 70583, 72970, 78357, 78449, 78452, 78456, 78507, 78511, 78557, 78560, 81388, 83179, 95417, 98289, 98296, 105387, 69022, 21705, 333, 892, 2297, 7486, 8327, 10533, 21530, 24577, 24583, 24656, 24657, 24668, 24670, 24729, 29657, 33166, 33718, 33928, 35167, 55469, 55482, 55486, 58990, 58994, 59000, 59006, 59020, 59711, 59757, 60069, 60090, 60124, 60150, 60194, 60618, 60672, 60675, 60694, 60704, 60713, 60721, 60725, 60757, 60771, 60804, 60807, 60833, 60846, 60891, 60928, 62224, 62235, 62253, 65351, 65396, 65428, 71471, 71474, 72930, 74185, 76414, 76428, 76432, 76457, 76484, 76513, 76540, 76553, 76574, 76601, 76610, 76616, 76624, 76638, 76660, 76908, 77593, 77605, 77621, 77631, 77657, 77660, 77668, 77679, 94321, 94583, 94864, 94884, 94887, 94891, 94898, 94908, 97138, 97140, 99762, 105622, 105628, 105637, 105638, 105644, 105646, 106086, 106170, 76943, 55629, 55077, 54489, 59667, 59610, 118, 890, 15128, 25040, 25047, 53784, 53786, 53807, 53819, 53821, 53824, 53849, 54392, 54411, 54421, 54765, 54847, 59096, 59101, 59108, 59463, 59619, 59624, 59726, 59729, 65829, 73137, 73198, 73224, 73231, 73240, 73271, 73304, 92858, 92985, 100626, 21508, 20460, 54715, 54801, 9562, 9567, 9667, 9676, 9919, 17347, 17383, 22748, 38661, 54790, 79999, 80000, 80003, 87431, 29960], "label": "floor"}, {"objectId": 2, "id": 2, "partId": 2, "index": 17, "dominantNormal": [0.5404762029647827, -0.8413592576980591, -1.8681928397558314e-16], "obb": {"axesLengths": [4.815407901676586, 2.600580038117317, 0.19031618506201164], "centroid": [2.427672809972133, -0.13814448752018715, 0.029709923788235004], "normalizedAxes": [0.8413592576980591, 0.5404762029647827, 1.2000982495869621e-16, 0, -2.220446049250313e-16, 1, 0.5404762029647827, -0.8413592576980591, -1.8681928397558314e-16]}, "segments": [133, 50279, 50307, 78400, 90319, 57486, 56644, 29801, 29886, 8136, 9353, 9354, 12949, 15791, 16074, 24192, 24319, 24325, 24815, 25112, 25216, 26348, 29234, 29828, 29843, 29850, 29961, 31454, 47770, 47781, 48713, 48727, 49297, 51153, 51154, 54579, 54647, 54709, 54734, 56359, 57120, 57135, 61060, 66813, 78663, 82354, 83362, 84783, 84786, 84789, 84987, 85195, 90072, 95009, 95089, 97177, 99346, 99395, 48588, 61909, 74870, 8897, 94989], "label": "wall"}, {"objectId": 3, "id": 3, "partId": 3, "index": 18, "dominantNormal": [0.557957112789154, -0.82986980676651, -1.842681133826818e-16], "obb": {"axesLengths": [1.1200492609781814, 1.2297720038196736, 0.12153252433080723], "centroid": [2.451966129790799, -0.11245510947129511, 0.4751139367647319], "normalizedAxes": [0.82986980676651, 0.557957112789154, 1.2389136667437885e-16, 0, -2.220446049250313e-16, 1, 0.557957112789154, -0.82986980676651, -1.842681133826818e-16]}, "segments": [27445, 50359, 48632, 30767], "label": "window"}, {"objectId": 4, "id": 4, "partId": 4, "index": 19, "dominantNormal": [0.5208253264427185, -0.8536632657051086, -1.8955132257250288e-16], "obb": {"axesLengths": [0.6760363871482651, 2.36594993548207, 0.18916527345401443], "centroid": [2.9646138667981616, 0.2561155948547075, -0.07297504858698711], "normalizedAxes": [0.8536632657051086, 0.5208253264427185, 1.156464538449239e-16, 0, -2.220446049250313e-16, 1, 0.5208253264427185, -0.8536632657051086, -1.8955132257250288e-16]}, "segments": [31442, 29939, 84894, 67305, 78598, 2031, 82251, 80989, 80922, 30329, 7968, 16297, 16340, 16372, 16405, 24125, 24148, 30328, 78609, 78625, 78628, 78632, 78636, 80995, 81002, 81009, 81051, 82254, 85218, 97201, 31448, 16026, 24745, 83315, 7680, 7685, 7700, 24827, 31187, 31438, 78515, 82292, 83204, 83310, 83326, 85198, 99362, 99392, 99399, 82283, 78620, 70137, 981, 85184, 31194, 31431, 67291, 1320, 91833, 70156], "label": "curtain"}, {"objectId": 5, "id": 5, "partId": 5, "index": 20, "dominantNormal": [0.5924322605133057, -0.8056202530860901, -1.788836308161046e-16], "obb": {"axesLengths": [0.5133952596663978, 2.345910019891484, 0.2985518419755791], "centroid": [1.8394698880309852, -0.4179227088075881, -0.06295509079169403], "normalizedAxes": [0.8056202530860901, 0.5924323201179504, 1.3154640046540998e-16, 0, -2.220446049250313e-16, 1, 0.5924323201179504, -0.8056202530860901, -1.788836308161046e-16]}, "segments": [92259, 16628, 50305, 172, 35363, 92298, 46618, 91034, 56216, 210, 408, 470, 16486, 35096, 35165, 35513, 37559, 46858, 48976, 49069, 49093, 50272, 51370, 81063, 90214, 90227, 91043, 91069, 94924, 94966, 94947, 375, 160, 90025], "label": "curtain"}, {"objectId": 6, "id": 6, "partId": 6, "index": 21, "dominantNormal": [0, -2.220446049250313e-16, 1], "obb": {"axesLengths": [1.2626375526706364, 0.5154700164019311, 0.9451582964350626], "centroid": [3.318220798278072, 1.0505523913082389, -0.7677350576054675], "normalizedAxes": [-0.33246028423309326, 0.9431172609329224, 2.094140996018284e-16, 0, -2.220446049250313e-16, 1, 0.9431172609329224, 0.33246028423309326, 7.382101246580081e-17]}, "segments": [26447, 26950, 51295, 25736, 25765, 25769, 25780, 83646, 91270, 8660, 75167, 102197, 28110, 45443, 28241, 91307, 4327, 84343, 5178, 5221], "label": "table"}, {"objectId": 7, "id": 7, "partId": 7, "index": 22, "dominantNormal": [-0.5069636702537537, -0.8619674444198608, -1.9139522065444688e-16], "obb": {"axesLengths": [0.9446383533283829, 0.8688000246405593, 0.8667914372595809], "centroid": [0.6625079319481779, -0.8139323900355275, -0.824400059638619], "normalizedAxes": [0.8619674444198608, -0.5069636702537537, -1.1256854787283858e-16, 0, -2.220446049250313e-16, 1, -0.5069636702537537, -0.8619674444198608, -1.9139522065444688e-16]}, "segments": [27442, 81951, 22826, 89252, 98728, 17449, 97481, 96029, 18333, 97556, 78037, 85127, 78048, 72338, 27277, 14381, 17217, 17893, 17947, 19611, 19653, 22458, 22547, 23185, 26616, 27063, 30041, 31055, 31106, 31116, 35340, 35811, 48333, 48380, 48409, 48416, 48472, 48536, 49263, 49354, 49369, 50070, 63523, 63535, 66801, 68909, 68952, 68956, 80254, 81047, 81065, 81255, 81818, 81822, 81891, 85135, 85143, 89001, 89283, 89404, 89406, 89598, 89600, 89605, 97320, 97522, 98796, 17864, 94277, 17520, 19580, 26778, 26932, 30083, 30117, 30124, 47986, 48177, 48180, 48215, 48250, 48293, 48346, 48497, 49879, 58872, 63544, 63556, 77908, 80369, 84853, 84856, 84860, 84870, 88973, 89061, 89076, 96021, 96059, 96089, 96042, 26723, 26772, 26985, 48221, 48445, 48651, 88955, 97267], "label": "armchair"}, {"objectId": 8, "id": 8, "partId": 8, "index": 23, "dominantNormal": [-0.6755280494689941, -0.7373343110084534, -1.637211057855422e-16], "obb": {"axesLengths": [0.474227072193404, 2.5089499389614907, 0.28229188885681533], "centroid": [0.3061949094434685, -1.313323548562611, -0.004475067761056106], "normalizedAxes": [0.7373343110084534, -0.6755280494689941, -1.499973588601198e-16, 0, -2.220446049250313e-16, 1, -0.6755280494689941, -0.7373343110084534, -1.637211057855422e-16]}, "segments": [22954, 23483, 90642, 100310, 72611, 35307, 23459, 23588, 23623, 23631, 23636, 29989, 29997, 30033, 30070, 30182, 35316, 35322, 35400, 35551, 35724, 35762, 39388, 39886, 45130, 50170, 63203, 64439, 64444, 64452, 72599, 72661, 77398, 77490, 77783, 77786, 77895, 82866, 82884, 82896, 82905, 82909, 82911, 82913, 84796, 84799, 84800, 23322, 23378, 23388, 63505, 63937, 82804, 82873, 82886, 82889, 82894, 23453, 23351, 53750], "label": "wall"}, {"objectId": 9, "id": 9, "partId": 9, "index": 24, "dominantNormal": [0, -2.220446049250313e-16, 1], "obb": {"axesLengths": [1.9083652579717265, 0.8760999543346474, 1.0576968128539208], "centroid": [1.2672976823485556, 1.8435347438312322, -0.8101700321618469], "normalizedAxes": [-0.5745919346809387, 0.8184400200843811, 1.817301909144711e-16, 0, -2.220446049250313e-16, 1, 0.8184400200843811, 0.5745919346809387, 1.2758503912933843e-16]}, "segments": [37596, 53460, 9685, 92906, 54163, 54168, 90803, 65819, 63405, 106371, 46711, 92932, 47414, 54057, 9746, 45421, 47115, 65197, 53123, 988, 1038, 1056, 8895, 8912, 8920, 8935, 8951, 8964, 12363, 12549, 12551, 19202, 37299, 37595, 37627, 37650, 37656, 37663, 37959, 38530, 44157, 44158, 46173, 46274, 47055, 47064, 47412, 47453, 47496, 47532, 48864, 50690, 50730, 52669, 54186, 58327, 58345, 61727, 65271, 77127, 77161, 77168, 79892, 79899, 88791, 88800, 89422, 89425, 90173, 90544, 90744, 90783, 90790, 91948, 91952, 94605, 99541, 53173, 18988, 20286, 37278, 51583, 51812, 51829, 51832, 51875, 52433, 52443, 65586, 65606, 65642, 70895, 87285, 89768, 90163, 91992, 91995, 92024, 92026, 92323, 92576, 94837, 103578, 51360, 49154, 53223, 92634, 89778, 37698, 94097, 47253, 48922, 70344, 37963, 61871, 105461, 9088, 230, 308, 9022, 9032, 9065, 9067, 9105, 20027, 37264, 37275, 37287, 37325, 37370, 37782, 37969, 37987, 37997, 38257, 38559, 44156, 44220, 44237, 44240, 44281, 45532, 47122, 47191, 47226, 48818, 49133, 51553, 53068, 53107, 53113, 58375, 58380, 58427, 58464, 58466, 58521, 58523, 58533, 58534, 59558, 61808, 61815, 61839, 61841, 61849, 61854, 61866, 61879, 61888, 61956, 61958, 61962, 65698, 75919, 75925, 75945, 75949, 77732, 79907, 79909, 87289, 87294, 87300, 87304, 89457, 92654, 92657, 94100, 94114, 94116, 95187, 95231, 95252, 95272, 95308, 103581, 20426, 20592, 65391, 20470], "label": "sofa"}, {"objectId": 10, "id": 10, "partId": 10, "index": 25, "dominantNormal": [0.2613024413585663, 0.9652569890022278, 2.1433010677412496e-16], "obb": {"axesLengths": [0.9164467181163242, 2.63297993020013, 0.9184548475107169], "centroid": [0.6865337110468266, 2.898990104739875, 0.07350991918526639], "normalizedAxes": [0.2613024413585663, 0.9652569890022278, 2.1433010677412496e-16, 0, -2.220446049250313e-16, 1, 0.9652569890022278, -0.2613024413585663, -5.802079735740901e-17]}, "segments": [75966, 36275, 69950, 61225, 23819, 13520, 27645, 38121, 42939, 50533, 52758, 55729, 70890, 70939, 94821, 99576, 103605], "label": "column"}, {"objectId": 11, "id": 11, "partId": 11, "index": 26, "dominantNormal": [0.5830599069595337, -0.8124291300773621, -1.8039550521761473e-16], "obb": {"axesLengths": [0.5176527797509415, 0.7999999791383744, 0.24858253512348275], "centroid": [-1.6313418794293526, 2.333499212855775, 0.22999992124021085], "normalizedAxes": [0.8124291300773621, 0.5830599069595337, 1.2946530668845517e-16, 0, -2.220446049250313e-16, 1, 0.5830599069595337, -0.8124291300773621, -1.8039550521761473e-16]}, "segments": [62922, 94081, 63997, 95879, 66418, 94063, 63816, 63554, 58588, 58685, 64093, 62871, 95950, 58267, 58619, 58688, 62812, 62949, 62978, 62981, 64103, 64111, 66635, 67588, 67836, 68024, 73846, 93882, 94065, 94070, 94222, 94384, 95195, 95212, 95228, 95316, 98762], "label": "ladder"}, {"objectId": 12, "id": 12, "partId": 12, "index": 27, "dominantNormal": [0.8330348134040833, 0.5532205700874329, 1.2283964292146462e-16], "obb": {"axesLengths": [3.418188952797223, 2.591309966341182, 0.6236188464569086], "centroid": [-1.0745794404522406, 0.7810686828517281, -0.015975068457684927], "normalizedAxes": [-0.5532205700874329, 0.8330348134040833, 1.8497088603110684e-16, 0, -2.220446049250313e-16, 1, 0.8330348134040833, 0.5532205700874329, 1.2283964292146462e-16]}, "segments": [35870, 89202, 43362, 43263, 42575, 42528, 88814, 5974, 6144, 57403, 58266, 59902, 76890, 56870, 47677, 46509, 44445, 101105, 31753, 4724, 4943, 5522, 5962, 5983, 5998, 6008, 6022, 6057, 6076, 6161, 6164, 6166, 6238, 6396, 6488, 6526, 7194, 7295, 7296, 7725, 7726, 7741, 7750, 7973, 8010, 8013, 8015, 10967, 11034, 11037, 17921, 18204, 19223, 19233, 31851, 31877, 32066, 32538, 32540, 32563, 32565, 32967, 32972, 32985, 33180, 33187, 33195, 33483, 33574, 33598, 33696, 33699, 33759, 33844, 34198, 34230, 34355, 34406, 34430, 34519, 35253, 35270, 35276, 35896, 35922, 35928, 35950, 35962, 38174, 38187, 38206, 38212, 38284, 38300, 38389, 38391, 38408, 38419, 38427, 38435, 39406, 40674, 40773, 40854, 40980, 41027, 41373, 41394, 41417, 41466, 41467, 41524, 41579, 41580, 41593, 41599, 41603, 41607, 41627, 41663, 42244, 42292, 42300, 42302, 42498, 42544, 42554, 42560, 42600, 43311, 43326, 43357, 43381, 43409, 43411, 43423, 43433, 43447, 43958, 43981, 43995, 44014, 44015, 44016, 44593, 44596, 44633, 44660, 44679, 44725, 44731, 44738, 44743, 44756, 44764, 44766, 44807, 44822, 44828, 44837, 44844, 44859, 45772, 45775, 45787, 45812, 45823, 45831, 45914, 45920, 45928, 46037, 46393, 46403, 46555, 46585, 46681, 46714, 46760, 46769, 46948, 46991, 47507, 47540, 47575, 47585, 47609, 47687, 55169, 55170, 55174, 55197, 55204, 55226, 55239, 55249, 55255, 55256, 56907, 56974, 57376, 57567, 57606, 58008, 58030, 58068, 58083, 58110, 58132, 58282, 58309, 58318, 58364, 58485, 58507, 59586, 60927, 61365, 61410, 61698, 62576, 62863, 62886, 69721, 71488, 71520, 71603, 74607, 76878, 76984, 79026, 79397, 79456, 79475, 79562, 79596, 81547, 81552, 83653, 84152, 85729, 85744, 85946, 85953, 85960, 85962, 86420, 86427, 86431, 86454, 86512, 86517, 86704, 86713, 86714, 87360, 87361, 87366, 87380, 87382, 87385, 87390, 87399, 87400, 88425, 88426, 88431, 88433, 88440, 88443, 88448, 88459, 88462, 88478, 88481, 88803, 88824, 88854, 88857, 88860, 88867, 88869, 89023, 89027, 89039, 89043, 89046, 89121, 89154, 89238, 89314, 89644, 89652, 89660, 89662, 89664, 89676, 89680, 89856, 89865, 89866, 89869, 89871, 89872, 89909, 93102, 93351, 93718, 93727, 93734, 93739, 93741, 94003, 94005, 94034, 94036, 94046, 94049, 94413, 95845, 95853, 95859, 97656, 97705, 97713, 98365, 98382, 98383, 101167, 101168, 101174, 101177, 6255, 79038, 4240, 4050, 79318, 3937, 3939, 3971, 3973, 3979, 3984, 3989, 3991, 3999, 4003, 4046, 4102, 4107, 4141, 4151, 4153, 4163, 4200, 4244, 4286, 5415, 5429, 5449, 5478, 11059, 57342, 78875, 78887, 78913, 79444, 79233, 3058, 3090, 3136, 3175, 3183, 3196, 3319, 3348, 3392, 3699, 3732, 4034, 4117, 4161, 4255, 5396, 78741, 78744, 78747, 78907, 78957, 79271, 79278, 3258, 3261, 3062, 78820, 2977, 2978, 3044, 3150, 3189, 3201, 3210, 3228, 3240, 3323, 3367, 13766, 78749, 78750, 78762, 78799, 3016, 3244, 3081, 34601, 41399, 88695, 34546, 42270, 42258, 7240], "label": "wall"}, {"objectId": 13, "id": 13, "partId": 13, "index": 28, "dominantNormal": [0, -2.220446049250313e-16, 1], "obb": {"axesLengths": [0.48768884919376876, 0.20319103740473743, 0.44515213353778915], "centroid": [0.5933963707906262, 1.108260704877905, -0.7265395467083268], "normalizedAxes": [0.09621444344520569, 0.9953606128692627, 2.2101445404249247e-16, 0, -2.220446049250313e-16, 1, 0.9953606128692627, -0.09621444344520569, -2.1363898082872465e-17]}, "segments": [19127, 89700, 75369, 89745, 89717, 17604, 19321, 44931, 44944, 89731, 89735, 17587, 19043, 103424, 19026], "label": "stool"}, {"objectId": 14, "id": 14, "partId": 14, "index": 29, "dominantNormal": [0, -2.220446049250313e-16, 1], "obb": {"axesLengths": [0.46567654491013344, 0.4472269911938831, 0.4841295673568265], "centroid": [0.36108764671325905, 1.5222225533838651, -1.0162265777012733], "normalizedAxes": [0.24269753694534302, 0.9701020121574402, 2.1540591802647672e-16, 0, -2.220446049250313e-16, 1, 0.9701020121574402, -0.24269753694534302, -5.388967870730688e-17]}, "segments": [14465, 17376, 94723, 14456, 90451, 90442, 18944, 17312, 13815, 13843, 17337, 18918, 49329, 49821, 49838, 49848, 60422, 78132, 78135, 78158, 90440, 94461, 90518], "label": "stool"}, {"objectId": 15, "id": 15, "partId": 15, "index": 30, "dominantNormal": [0.8370168209075928, 0.5471771955490112, 1.214977442096668e-16], "obb": {"axesLengths": [4.405639919323058, 2.5696999452330176, 0.2568812813649106], "centroid": [3.2496248220023243, 2.946336840619729, 0.045149970230384806], "normalizedAxes": [-0.5471771955490112, 0.837016761302948, 1.8585505607914232e-16, 0, -2.220446049250313e-16, 1, 0.837016761302948, 0.5471771955490112, 1.214977442096668e-16]}, "segments": [25585, 102353, 51866, 10771, 10816, 10848, 26260, 28577, 28588, 29126, 29132, 29259, 29341, 29362, 29367, 29414, 29420, 29762, 30397, 30406, 30458, 30487, 30525, 30534, 34296, 45096, 45545, 45604, 49126, 49241, 50565, 51597, 51728, 51745, 51760, 51763, 51947, 52819, 52840, 52879, 52892, 53352, 53631, 53642, 53692, 54020, 74566, 75318, 75825, 75887, 77826, 77848, 77855, 77869, 78205, 78211, 78217, 84604, 84757, 84767, 85011, 92539, 92558, 102865, 103205, 103343, 103347, 103353, 103360, 103442, 103467, 103561, 103573, 39196, 14890, 30624, 103127, 43694, 11603, 11679, 11709, 11716, 11741, 11748, 11772, 11785, 11849, 12248, 12249, 12292, 12721, 17656, 43711, 43755, 43768, 44573, 45620, 45625, 52218, 71306, 80186, 81343, 89590, 89844, 102766, 9908, 10168, 14579, 25269, 27318, 27394, 80834, 28092, 27015, 27025, 27993], "label": "wall"}, {"objectId": 16, "id": 16, "partId": 16, "index": 31, "dominantNormal": [0.8316588997840881, 0.5552868247032166, 1.2329844361130083e-16], "obb": {"axesLengths": [2.5463919739736482, 1.121458982196621, 0.36062180369449776], "centroid": [3.0979601287548433, 2.9520164548835837, -0.689270551302645], "normalizedAxes": [-0.5552868247032166, 0.8316588997840881, 1.8466537183494406e-16, 0, -2.220446049250313e-16, 1, 0.8316588997840881, 0.5552868247032166, 1.2329844361130083e-16]}, "segments": [15762, 16100, 26173, 24776, 25177, 24215, 70600, 27713, 27796, 14100, 14923, 14927, 14953, 25366, 25388, 27349, 27782, 27817, 27868, 27875, 27944, 27960, 28290, 28401, 83603, 84019, 84301, 84310, 84372, 84457, 84186, 14950, 5865, 80842, 14864, 87103], "label": "commode"}, {"objectId": 17, "id": 17, "partId": 17, "index": 32, "dominantNormal": [0, -2.220446049250313e-16, 1], "obb": {"axesLengths": [0.515937098355096, 0.44218896831149657, 0.44971078018320426], "centroid": [3.009110896706607, 0.7397503559541032, -0.5947025392715075], "normalizedAxes": [0.41791167855262756, 0.9084876775741577, 2.0172478744621308e-16, 0, -2.220446049250313e-16, 1, 0.9084876775741577, -0.41791167855262756, -9.279503355777487e-17]}, "segments": [8039, 83940, 10553, 51423, 282, 91854, 278, 293, 8004, 8012, 8171, 8197, 8200, 10158, 10488, 10625, 32897, 32928, 32943, 51400, 78322, 80022, 83956, 10283, 7862], "label": "chair"}, {"objectId": 18, "id": 18, "partId": 18, "index": 33, "dominantNormal": [0.915755033493042, 0.40173712372779846, 8.920356092185743e-17], "obb": {"axesLengths": [1.0745210421031044, 0.6696600168274336, 0.527959028525984], "centroid": [4.0260206196340445, 1.4531908351661853, -0.9248300393407791], "normalizedAxes": [-0.40173712372779846, 0.915755033493042, 2.0333846462007132e-16, 0, -2.220446049250313e-16, 1, 0.915755033493042, 0.40173712372779846, 8.920356092185743e-17]}, "segments": [28356, 84401, 26029, 27049, 84006, 4054, 4012, 12129, 26071, 27218, 28365, 28422, 28442, 28447, 28467, 28479, 84544, 84583, 84574, 13991, 6609, 6685, 6719, 6760, 6825, 6826, 6844, 6903, 6918, 6939, 6940, 6951, 7007, 7046, 7094, 7129, 7153, 7255, 7260, 7280, 7291, 7317, 7365, 7403, 7421, 7428, 7454, 7457, 7479, 7506, 7510, 7512, 7526, 7574, 7588, 7597, 11388, 11420, 11432, 11513, 11529, 11597, 11676, 11680, 11694, 11732, 11893, 11905, 11955, 11956, 11959, 11998, 12018, 12685, 12944, 12956, 13074, 13831, 13859, 13875, 13911, 13917, 13961, 13969, 14064, 14127, 14131, 14172, 14251, 14253, 14352, 14423, 14425, 14444, 14646, 25231, 25281, 25286, 26519, 26523, 26537, 26569, 26576, 26581, 26680, 26702, 26747, 26760, 26763, 78364, 78369, 78445, 78460, 79031, 79060, 79062, 79115, 79127, 79150, 79153, 79156, 79159, 79398, 79402, 79405, 79408, 79417, 79533, 79609, 79643, 79660, 83419, 83496, 83518, 83583, 83593, 83689, 83803, 83806, 83811, 83829, 83831, 83835, 83842, 83844, 83848, 83858, 84471, 104259, 11810], "label": "bench"}, {"objectId": 19, "id": 19, "partId": 19, "index": 34, "dominantNormal": [0.8377412557601929, -0.5460673570632935, -1.21251310561575e-16], "obb": {"axesLengths": [0.4989167822773569, 0.5526389356112716, 0.4995618963855099], "centroid": [1.4864747253808184, 3.525274517459164, -1.0336805160337579], "normalizedAxes": [0.8377412557601929, -0.5460673570632935, -1.21251310561575e-16, 0, -2.220446049250313e-16, 1, -0.5460673570632935, -0.8377412557601929, -1.8601592616467163e-16]}, "segments": [64810, 65748, 97571, 66430, 97530, 52573, 52546, 16701, 16753, 16757, 16759, 16853, 52561, 52568, 53984, 54010, 54091, 64838, 64840, 64874, 65754, 65764, 65787, 65793, 65805, 66379, 66393, 72003, 90476, 97220, 97262, 97593, 97630, 96901, 71975, 54286, 53830, 54263, 53626, 54192], "label": "stool"}, {"objectId": 20, "id": 20, "partId": 20, "index": 35, "dominantNormal": [0.5440956354141235, -0.8390231728553772, -1.8630056893961848e-16], "obb": {"axesLengths": [2.641139002721315, 2.572889985750093, 0.38660523797865404], "centroid": [0.9654337189667325, 4.103277375146931, 0.036444950474090465], "normalizedAxes": [0.8390231728553772, 0.5440956354141235, 1.2081350040696293e-16, 0, -2.220446049250313e-16, 1, 0.5440956354141235, -0.8390231728553772, -1.8630056893961848e-16]}, "segments": [19169, 55339, 42364, 43106, 50195, 2104, 2115, 2121, 2154, 2159, 2165, 2173, 10673, 10734, 11686, 11799, 11804, 12252, 17738, 17783, 17790, 17798, 21690, 21740, 38385, 38464, 38535, 42381, 42390, 42402, 43003, 43453, 43859, 43917, 56537, 72246, 72267, 75617, 77218, 78666, 81267, 81269, 81271, 81296, 81981, 81984, 82116, 82166, 87406, 100114, 103583, 103630, 105585, 43018, 3898, 82024, 21633], "label": "wall"}, {"objectId": 21, "id": 21, "partId": 21, "index