{"segGroups": [{"objectId": 5, "id": 5, "partId": 5, "index": 0, "dominantNormal": [0.9376986026763916, -0.34744974970817566, -7.714934240525288e-17], "obb": {"axesLengths": [0.6156129698785774, 1.020694024398311, 0.6043046810960403], "centroid": [-0.5768241583174275, -1.2000409011810453, -0.9594930336954514], "normalizedAxes": [0.34744974970817566, 0.9376986026763916, 2.0821091577003328e-16, 0, -2.220446049250313e-16, 1, 0.9376986026763916, -0.34744974970817566, -7.714934240525288e-17]}, "segments": [34629, 17556, 31239, 15419, 15445, 15453, 15454, 15846, 15867, 15896, 15923, 19460, 24508, 29562, 31146, 31155, 31159, 31181, 7740, 13810, 14409, 31111, 31112, 31116, 15426, 16320, 16348, 22098, 9598, 18193, 7554, 19620, 20720, 23221, 29293, 32096, 8170, 24421], "label": "chair"}, {"objectId": 6, "id": 6, "partId": 6, "index": 1, "dominantNormal": [-0.13858145475387573, -0.9903510212898254, -2.1990210125940056e-16], "obb": {"axesLengths": [0.5684697867721851, 0.9962129370224558, 0.4684240250609172], "centroid": [-1.0522440880365296, -0.8079057151776852, -0.9774534773867547], "normalizedAxes": [0.9903510212898254, -0.13858145475387573, -3.077126437076044e-17, 0, -2.220446049250313e-16, 1, -0.13858145475387573, -0.9903510212898254, -2.1990210125940056e-16]}, "segments": [23274, 33970, 34692, 20498, 25059, 24957, 34048, 13836, 19283, 19286, 19373, 19636, 24372, 24447, 24504, 24514, 25157, 25158, 25178, 25410, 32084, 33756, 34583, 34586, 34589, 34595, 34678, 34687, 34909, 30291, 12775, 12837, 32517, 11544, 12691, 17560, 24180, 16457, 33251, 19433], "label": "chair"}, {"objectId": 7, "id": 7, "partId": 7, "index": 2, "dominantNormal": [0.9928675889968872, -0.1192222610116005, -2.6472659844589795e-17], "obb": {"axesLengths": [1.8646030021576725, 2.4621699498108773, 0.6084872434629515], "centroid": [-1.2038056228122744, 0.1747999116743399, -0.2610849969808391], "normalizedAxes": [0.1192222610116005, 0.9928675889968872, 2.2046089154168218e-16, 0, -2.220446049250313e-16, 1, 0.9928675889968872, -0.1192222610116005, -2.6472659844589795e-17]}, "segments": [24195, 21708, 14674, 11680, 30380, 30372, 11831, 13519, 16786, 13028, 31899, 31923, 18162, 21356, 19217, 7425, 7467, 7622, 7627, 7658, 7685, 7744, 7851, 7880, 10704, 10720, 11149, 11220, 11267, 11607, 11632, 11644, 11660, 11817, 11865, 11891, 12092, 12094, 12185, 12209, 12215, 12222, 12243, 12244, 12246, 12279, 12280, 12358, 12360, 12396, 12406, 12418, 12422, 12427, 13019, 13044, 13663, 14252, 14603, 14609, 14620, 14625, 14646, 14942, 14944, 14949, 14983, 15066, 15076, 15081, 15084, 15097, 15219, 15269, 15294, 15321, 15323, 15324, 15661, 16686, 16702, 16738, 16744, 16749, 16848, 16870, 16903, 16938, 16941, 16964, 17024, 17027, 17869, 17882, 17890, 17964, 17970, 17994, 17998, 17999, 18029, 18047, 18048, 18060, 18062, 18084, 18089, 18105, 18114, 18135, 18139, 18150, 18313, 18318, 18335, 18871, 18913, 18922, 19176, 19181, 19190, 19192, 19198, 20029, 20073, 20099, 20128, 20154, 20157, 20710, 21056, 21070, 21807, 22524, 22678, 25631, 25680, 25777, 26012, 26567, 27153, 27224, 29531, 30254, 30269, 30377, 30416, 30434, 30441, 30470, 30476, 30481, 30497, 30506, 30507, 30509, 30521, 30535, 30540, 30629, 30691, 30859, 30928, 30977, 31039, 31057, 31080, 31421, 31436, 31547, 31587, 31590, 31623, 31626, 31747, 31774, 31786, 31799, 31849, 31853, 31859, 31930, 32156, 32162, 32165, 32171, 32177, 32181, 32183, 32467, 32533, 32560, 32563, 32576, 32614, 32796, 32878, 35393], "label": "cupboard"}, {"objectId": 8, "id": 8, "partId": 8, "index": 3, "dominantNormal": [0.41470441222190857, -0.909956157207489, -2.0205085542623658e-16], "obb": {"axesLengths": [1.1135392994468183, 3.302879974926709, 0.4440209130978945], "centroid": [-0.891186484835828, 1.1614132045100187, 0.17855998554386177], "normalizedAxes": [0.909956157207489, 0.41470441222190857, 9.208287737248101e-17, 0, -2.220446049250313e-16, 1, 0.41470441222190857, -0.909956157207489, -2.0205085542623658e-16]}, "segments": [7244, 23130, 20677, 16552, 23588, 33604, 21394, 20226, 33845, 33412, 14762], "label": "wall"}, {"objectId": 9, "id": 9, "partId": 9, "index": 4, "dominantNormal": [0.9999926686286926, -0.0038252812810242176, -8.493830707721401e-19], "obb": {"axesLengths": [0.43124736819981324, 0.782327992119014, 0.21641149686687305], "centroid": [-0.45339705950670395, 1.3454036685551818, 0.06116396131812052], "normalizedAxes": [0.0038252815138548613, 0.9999926686286926, 2.220429770335858e-16, 0, -2.220446049250313e-16, 1, 0.9999926686286926, -0.0038252815138548613, -8.493831224709283e-19]}, "segments": [35429, 35400, 11091, 11405, 15609, 15932, 21519, 23524, 23680, 23779, 24151, 24672, 24702, 24745, 24755, 24816, 24823, 26938, 27042, 30847, 33419, 33541, 33655, 33717, 33736, 33742, 33882, 33893, 33897, 33941, 35404, 23800, 32856], "label": "shelf"}, {"objectId": 10, "id": 10, "partId": 10, "index": 5, "dominantNormal": [0, -2.220446049250313e-16, 1], "obb": {"axesLengths": [2.221397735434951, 0.1283310027048512, 0.6796836078658599], "centroid": [0.6366353286924984, 0.4901571590207595, -0.5884244898530588], "normalizedAxes": [-0.12974289059638977, 0.9915476441383362, 2.201678049070424e-16, 0, -2.220446049250313e-16, 1, 0.9915476441383362, 0.12974289059638977, 2.8808708884306926e-17]}, "segments": [826, 3204, 5094, 32269, 3209, 32643, 5108], "label": "counter"}, {"objectId": 11, "id": 11, "partId": 11, "index": 6, "dominantNormal": [-0.09938468784093857, -0.9950490593910217, -2.2094527527350343e-16], "obb": {"axesLengths": [0.4961311612264592, 0.39999999701976763, 0.20214490917239422], "centroid": [0.6699983047144289, 1.5244054698272713, -0.4700000322081892], "normalizedAxes": [0.9950490593910217, -0.09938468039035797, -2.2067832092877542e-17, 0, -2.220446049250313e-16, 1, -0.09938468039035797, -0.9950490593910217, -2.2094527527350343e-16]}, "segments": [16097, 5303, 5191], "label": "object"}, {"objectId": 12, "id": 12, "partId": 12, "index": 7, "dominantNormal": [0.9994624257087708, 0.032785214483737946, 7.279779997424006e-18], "obb": {"axesLengths": [2.2014541740265803, 1.609199905189873, 0.27666330506825826], "centroid": [0.9830941990989097, 0.5117346240161756, 0.21459996300406736], "normalizedAxes": [-0.032785214483737946, 0.9994624257087708, 2.2192523945391746e-16, 0, -2.220446049250313e-16, 1, 0.9994624257087708, 0.032785214483737946, 7.279779997424006e-18]}, "segments": [5195, 5350, 4406, 2693, 29122, 2725, 29234, 5791, 29268, 29222, 4499, 3160, 28842, 4998, 4319, 29005, 3889, 8138, 1409, 29299, 29106, 1078, 8671, 1796, 1892, 1903, 2671, 8705, 8717, 9869, 12808, 29924, 29929, 9959, 1992], "label": "wall"}, {"objectId": 13, "id": 13, "partId": 13, "index": 8, "dominantNormal": [0.9970024824142456, 0.077369824051857, 1.717955201471377e-17], "obb": {"axesLengths": [2.2291928471256277, 0.926687935143233, 0.37695475450883537], "centroid": [0.537701057662601, 0.48836851939673304, -1.018445974868328], "normalizedAxes": [-0.077369824051857, 0.9970024824142456, 2.2137902231694664e-16, 0, -2.220446049250313e-16, 1, 0.9970024824142456, 0.077369824051857, 1.717955201471377e-17]}, "segments": [13200, 6448], "label": "kitchen cabinet"}, {"objectId": 14, "id": 14, "partId": 14, "index": 9, "dominantNormal": [0.9121430516242981, 0.4098719656467438, 9.100985868187723e-17], "obb": {"axesLengths": [0.7360545782635337, 1.6799999397993093, 0.44980709808998903], "centroid": [0.8173200455208538, -0.689920109285825, -0.5500000137307494], "normalizedAxes": [-0.4098719656467438, 0.9121430516242981, 2.025364435330297e-16, 0, -2.220446049250313e-16, 1, 0.9121430516242981, 0.4098719656467438, 9.100985868187723e-17]}, "segments": [5570, 5587, 10195, 8437, 29040, 29637, 8421], "label": "kitchen cabinet"}, {"objectId": 15, "id": 15, "partId": 15, "index": 10, "dominantNormal": [0.9940794110298157, 0.1086561307311058, 2.4126507620870942e-17], "obb": {"axesLengths": [1.6783816800006226, 0.7685168847028117, 0.4284732819148319], "centroid": [0.811565958625311, -0.20750048490997347, 0.42574151292342943], "normalizedAxes": [-0.10865612328052521, 0.9940794110298157, 2.2072997008622323e-16, 0, -2.220446049250313e-16, 1, 0.9940794110298157, 0.10865612328052521, 2.4126505966509716e-17]}, "segments": [12724, 14146, 1571, 23216, 29812, 1526, 2016, 9764, 9966, 29955, 10132, 8461, 8497, 9481, 29838, 33477, 1786, 8501, 8503, 8505, 8605, 8647, 9627, 9712, 9794, 9798, 9815, 10020, 10059, 16047, 29605, 29633, 29733, 29832, 29850, 29878, 29884, 29904, 29972, 29993, 30003, 30026, 30042, 30110, 34932, 29822, 9496], "label": "kitchen cabinet"}, {"objectId": 16, "id": 16, "partId": 16, "index": 11, "dominantNormal": [0, -2.220446049250313e-16, 1], "obb": {"axesLengths": [0.39851124858148296, 0.39281397179929955, 0.41637637675052036], "centroid": [0.7270489915829644, -0.32702598394595034, -0.7535930099497067], "normalizedAxes": [0.0376361645758152, 0.9992914795875549, 2.2188728178996862e-16, 0, -2.220446049250313e-16, 1, 0.9992914795875549, -0.0376361645758152, -8.356907294130345e-18]}, "segments": [470, 29053, 5496, 709, 638, 642, 5498, 457, 4912], "label": "sink"}, {"objectId": 18, "id": 18, "partId": 18, "index": 12, "dominantNormal": [0.9197302460670471, 0.3925510346889496, 8.716383941042007e-17], "obb": {"axesLengths": [0.43995934007640924, 2.408909922639057, 0.29102642943020923], "centroid": [1.0847271118492396, -1.0938742193004958, -0.2744550039585312], "normalizedAxes": [-0.3925510346889496, 0.9197302460670471, 2.042211391255593e-16, 0, -2.220446049250313e-16, 1, 0.9197302460670471, 0.3925510346889496, 8.716383941042007e-17]}, "segments": [3946, 35934, 10973, 10914, 35947, 27671, 3749, 3760, 3840, 10260, 10901, 27672, 28894, 28896, 30163, 35914], "label": "wall"}, {"objectId": 20, "id": 20, "partId": 20, "index": 13, "dominantNormal": [0, -2.220446049250313e-16, 1], "obb": {"axesLengths": [5.242773759167488, 1.8399998730421083, 4.271899370544069], "centroid": [-0.4789558190776654, 0.2671685666157577, 1.9499998558840916], "normalizedAxes": [0.9944136738777161, -0.10555312782526016, -2.3437502566561222e-17, 0, -2.220446049250313e-16, 1, -0.10555312782526016, -0.9944136738777161, -2.208041913482264e-16]}, "segments": [27974, 9285, 9263, 27939, 27959, 36060, 8360, 10860, 14061, 14069, 8280, 37, 8882, 8908, 9075, 10209, 10339, 10343, 10381, 10428, 10862, 14072, 30212, 30216, 30218, 10411, 135, 8850, 13246, 496, 8242, 27759, 27765, 578, 14356, 36083, 1278, 1348, 2195, 2615, 2649, 2683, 5673, 6236, 6254, 6366, 6746, 7393, 7394, 7403, 7808, 1350, 7780, 9236, 27343, 18786, 13210, 13336, 14522, 33833, 24752, 5131, 5139, 5146, 9271, 9298, 9370, 17169, 18510, 29490, 29492, 5184, 27246, 12663, 17304, 17233, 25311, 1311, 280, 289, 1302, 2338, 2570, 4025, 12515, 12547, 12552, 12555, 12572, 13079, 15952, 26087, 26298, 26941, 27848, 27858, 27870, 27884, 27889, 28644, 28646, 30562, 33891, 1863, 1871, 23447, 28301, 27361, 192, 1037, 23226, 23406, 23491, 23520, 27440, 27776, 28288, 28626, 28629, 28688, 33403, 33404, 35799, 12765, 23339, 1046, 1736, 12783, 14177, 16289, 16651, 23161, 2077, 9827, 21397, 1686, 1180, 1109, 462, 598, 802, 28576, 28607, 35161, 33673, 772, 14278, 14303, 26769, 26808, 14311, 14320, 33666, 9379, 6240, 13900, 18266, 4361, 20428, 3820, 2298, 1537, 28602], "label": "ceiling"}, {"objectId": 28, "id": 28, "partId": 28, "index": 19, "dominantNormal": [0.9998915195465088, 0.014729230664670467, 3.2705462037864102e-18], "obb": {"axesLengths": [0.9204365844820154, 2.4686789556887967, 0.10227753081971357], "centroid": [-1.5477042571902373, -0.20968053870551456, -0.2356605469132098], "normalizedAxes": [-0.014729230664670467, 0.9998915195465088, 2.2202051742559376e-16, 0, -2.220446049250313e-16, 1, 0.9998915195465088, 0.014729230664670467, 3.2705462037864102e-18]}, "segments": [27237, 26211, 21752, 8226, 25767, 17817], "label": "wall"}, {"objectId": 29, "id": 29, "partId": 29, "index": 20, "dominantNormal": [0.9866964817047119, 0.16257315874099731, 3.609849280405915e-17], "obb": {"axesLengths": [0.293139466567339, 0.29047804421608037, 0.07192247447454996], "centroid": [-0.49746968844914263, 1.3677598172892083, -0.9247610354321221], "normalizedAxes": [-0.16257315874099731, 0.9866964817047119, 2.1909063046104114e-16, 0, -2.220446049250313e-16, 1, 0.9866964817047119, 0.16257315874099731, 3.609849280405915e-17]}, "segments": [19989, 20115, 14088], "label": "chair"}, {"objectId": 30, "id": 30, "partId": 30, "index": 21, "dominantNormal": [-0.0057581025175750256, -0.9999834299087524, -2.2204092562566667e-16], "obb": {"axesLengths": [0.3998680121139697, 0.5399999777227642, 0.07800966844221169], "centroid": [0.03000383051726782, 1.584189641096752, 0.239999961198047], "normalizedAxes": [0.9999834299087524, -0.0057581025175750256, -1.2785555986327747e-18, 0, -2.220446049250313e-16, 1, -0.0057581025175750256, -0.9999834299087524, -2.2204092562566667e-16]}, "segments": [21979, 24266], "label": "clock"}, {"objectId": 31, "id": 31, "partId": 31, "index": 22, "dominantNormal": [0.9626736044883728, 0.27066487073898315, 6.009967429032218e-17], "obb": {"axesLengths": [0.15953955806493128, 0.25762700458704657, 0.11118104280964024], "centroid": [0.9065556182653186, 0.679878139622009, -0.4388135267531088], "normalizedAxes": [-0.27066487073898315, 0.9626736640930176, 2.1375649341526639e-16, 0, -2.220446049250313e-16, 1, 0.9626736640930176, 0.27066487073898315, 6.009967429032218e-17]}, "segments": [29280, 5976], "label": "plant"}, {"objectId": 32, "id": 32, "partId": 32, "index": 23, "dominantNormal": [0, -2.220446049250313e-16, 1], "obb": {"axesLengths": [0.3225064369688109, 0.11074101677370773, 0.2729893207822488], "centroid": [0.6521875655069488, 0.992392221818258, -0.5746295017676172], "normalizedAxes": [-0.26698368787765503, 0.963701069355011, 2.139846232107636e-16, 0, -2.220446049250313e-16, 1, 0.963701069355011, 0.26698368787765503, 5.928228749622178e-17]}, "segments": [32333, 5953], "label": "pan"}, {"objectId": 33, "id": 33, "partId": 33, "index": 24, "dominantNormal": [0, -2.220446049250313e-16, 1], "obb": {"axesLengths": [0.8184051270793913, 0.2607839645270116, 0.4632105709067814], "centroid": [0.7483803129598079, 1.166082105978221, -0.6803920108954163], "normalizedAxes": [-0.41844746470451355, 0.9082410335540771, 2.0167002147221716e-16, 0, -2.220446049250313e-16, 1, 0.9082410335540771, 0.41844746470451355, 9.291400198219469e-17]}, "segments": [14754, 31401, 5433, 14726, 31411, 7080, 6549, 6578, 6683, 6075, 6602, 6646, 6667, 6697, 6989, 7013, 7019, 7063, 7070, 7113, 14789, 29319, 29324, 30805, 30808, 29394, 6713, 7124, 20389, 20327, 32641], "label": "stove"}, {"objectId": 34, "id": 34, "partId": 34, "index": 25, "dominantNormal": [0, -2.220446049250313e-16, 1], "obb": {"axesLengths": [0.9422144442945373, 0.059999997317791015, 0.07784056141186457], "centroid": [0.9587022294727894, -0.0015277866671868368, -0.08000002729080613], "normalizedAxes": [-0.06449878215789795, 0.9979177713394165, 2.2158225728472847e-16, 0, -2.220446049250313e-16, 1, 0.9979177713394165, 0.06449878215789795, 1.4321606602396108e-17]}, "segments": [19238, 29794], "label": "light"}, {"objectId": 35, "id": 35, "partId": 35, "index": 26, "dominantNormal": [0.9850192070007324, 0.17244473099708557, 3.8290422165651166e-17], "obb": {"axesLengths": [0.27215633151690527, 0.21977698870501683, 0.12125030178142945], "centroid": [0.9965828055946363, -1.1190438861856098, 0.11988846490103389], "normalizedAxes": [-0.17244473099708557, 0.9850192070007324, 2.1871820066204526e-16, 0, -2.220446049250313e-16, 1, 0.9850192070007324, 0.17244473099708557, 3.8290422165651166e-17]}, "segments": [10286, 10246], "label": "plate"}, {"objectId": 36, "id": 36, "partId": 36, "index": 27, "dominantNormal": [0.9576073288917542, 0.2880767285823822, 6.396588338617053e-17], "obb": {"axesLengths": [0.33449075196236516, 0.33704199633653453, 0.123317616778103], "centroid": [1.003004102718098, -1.1056550660887396, 0.2585209707284495], "normalizedAxes": [-0.2880767285823822, 0.9576073288917542, 2.1263154101708407e-16, 0, -2.220446049250313e-16, 1, 0.9576073288917542, 0.2880767285823822, 6.396588338617053e-17]}, "segments": [27646, 10288], "label": "plate"}, {"objectId": 1, "id": 1, "partId": 1, "index": 28, "dominantNormal": [0, -2.220446049250313e-16, 1], "obb": {"axesLengths": [5.379455718048164, 0.1894199805836383, 3.588655777571666], "centroid": [0.34667062459519615, -0.20331331048255952, -1.4162600013921407], "normalizedAxes": [0.9995385408401489, 0.030376939103007317, 6.7450354419589945e-18, 0, -2.220446049250313e-16, 1, 0.030376939103007317, -0.9995385408401489, -2.2194214040819314e-16]}, "segments": [24159, 20930, 4075, 4, 69, 151, 3536, 3561, 3578, 3596, 3657, 3670, 4163, 4234, 5628, 5712, 6170, 7173, 7176, 7181, 7243, 7247, 7250, 7310, 9847, 11966, 12335, 20883, 22713, 22910, 24585, 28873, 29466, 30569, 33207, 34935, 3491, 7952, 3416, 3650, 5716, 5838, 5946, 5992, 6002, 6018, 6590, 6593, 6656, 6670, 6692, 6694, 6756, 7936, 11031, 11099, 26150, 26401, 28917, 28929, 6971, 21749, 34153, 18859, 19442], "label": "floor"}, {"objectId": 2, "id": 2, "partId": 2, "index": 29, "dominantNormal": [0.03132832795381546, -0.9995091557502747, -2.2193561560752132e-16], "obb": {"axesLengths": [1.6014564931400481, 3.7526898737395564, 0.3924185996990842], "centroid": [0.2539373532965272, 1.4601602712878878, 0.3936549643138425], "normalizedAxes": [0.9995091557502747, 0.03132832422852516, 6.956285376286156e-18, 0, -2.220446049250313e-16, 1, 0.03132832422852516, -0.9995091557502747, -2.2193561560752132e-16]}, "segments": [14684, 24206, 24914, 24596, 20648, 22226, 4921, 4978, 9876, 10047, 10586, 13364, 14002, 14732, 14765, 14768, 16540, 23872, 24778, 25560, 27088, 27099, 29916, 29922, 30747, 30749, 30813, 30819, 34051, 21897, 22708, 1441, 19329], "label": "wall"}, {"objectId": 3, "id": 3, "partId": 3, "index": 30, "dominantNormal": [0.9977480173110962, 0.06707392632961273, 1.4893403472629514e-17], "obb": {"axesLengths": [1.3234044685432529, 2.534689846604543, 1.045488541039569], "centroid": [-1.191885158375655, -1.222729835592843, -0.22744503029119212], "normalizedAxes": [-0.06707392632961273, 0.9977480173110962, 2.2154456431857565e-16, 0, -2.220446049250313e-16, 1, 0.9977480173110962, 0.06707392632961273, 1.4893403472629514e-17]}, "segments": [12015, 12141, 21298, 373, 11758, 32688, 11769, 11370, 11490, 13453, 30653, 31642, 16186, 31697, 17108, 28369, 28243, 36321, 36362, 27643, 36377, 26417, 26583, 35359, 17684, 11290, 11329, 11409, 11417, 11461, 11554, 12115, 12135, 13817, 15683, 15696, 17043, 17331, 17443, 17694, 17714, 17775, 17792, 17808, 17810, 18376, 18378, 18404, 18459, 18478, 18733, 18936, 18957, 18977, 19023, 19026, 19040, 19043, 19045, 19106, 19113, 19144, 19327, 19485, 19548, 20211, 20261, 21293, 22442, 22537, 22544, 22807, 22841, 22883, 22935, 23873, 25892, 25976, 26311, 26612, 26878, 26932, 26952, 27024, 27854, 28050, 28429, 28572, 30299, 30303, 30305, 30342, 31675, 31750, 31758, 31762, 31763, 31965, 32089, 32125, 32757, 32808, 32815, 32852, 32966, 33071, 33099, 33182, 33184, 33227, 34994, 35101, 35129, 35162, 35252, 35553, 35918, 36307, 32701, 32793, 31940, 18212, 8096, 11477, 11499, 11528, 11626, 11638, 13072, 13111, 13278, 13309, 13313, 13328, 13728, 14400, 14570, 15129, 15675, 15681, 16313, 16336, 16401, 16403, 17383, 18433, 18968, 18998, 19533, 20218, 22506, 22578, 22891, 22970, 22979, 24395, 29291, 29698, 30584, 30588, 30593, 32058, 32060, 32621, 32624, 33924, 13559, 13739, 35509, 35828, 27388, 34096, 36201, 26079, 35258, 26339, 35543, 36198, 14190, 14194, 14202, 14241, 14321, 14330, 15728, 17282, 17391, 17820, 18256, 19402, 19476, 19482, 25856, 26068, 26471, 28033, 30692, 32201, 33006, 34943, 35056, 35215, 35229, 35496, 22868, 19080, 26208, 26969, 26060, 17802, 15662, 35613, 26660, 32925, 22631], "label": "curtain"}, {"objectId": 4, "id": 4, "partId": 4, "index": 31, "dominantNormal": [0.5090064406394958, -0.8607627153396606, -1.9112771706179213e-16], "obb": {"axesLengths": [1.0999345936348344, 1.0600000084936612, 0.9867460460782269], "centroid": [-1.045163710393962, -1.2614131013005638, -0.9400000205107776], "normalizedAxes": [0.8607627153396606, 0.5090064406394958, 1.1302213401609326e-16, 0, -2.220446049250313e-16, 1, 0.5090064406394958, -0.8607627153396606, -1.9112771706179213e-16]}, "segments": [6480, 25399, 9506, 33019, 23078, 34084, 34903, 17102, 7594, 10449, 20537], "label": "table"}], "scan_id": "0cac7602-8d6f-2d13-8ca7-c26866c2e42f", "annId": "4135", "appId": "stk.v1"}