{"segGroups": [{"objectId": 34, "id": 34, "partId": 34, "index": 0, "dominantNormal": [-0.2975083589553833, -0.9547192454338074, -2.1199025766667376e-16], "obb": {"axesLengths": [1.340168896255696, 2.790780005065052, 0.11546682613561696], "centroid": [-0.40784924499377523, 5.640182309785719, -0.0016700122132156103], "normalizedAxes": [0.9547192454338074, -0.2975083291530609, -6.606011940869758e-17, 0, -2.220446049250313e-16, 1, -0.2975083291530609, -0.9547192454338074, -2.1199025766667376e-16]}, "segments": [65896, 16018, 53570, 88223, 55085, 17797, 17803, 17820, 17839, 21132, 21153, 21848, 21969, 22576, 30282, 46546, 54629, 54829, 55089, 55567, 82902, 82939, 88264, 88267, 88311, 88323, 88340, 88342, 17633], "label": "wall"}, {"objectId": 35, "id": 35, "partId": 35, "index": 1, "dominantNormal": [-0.2824954688549042, -0.9592686295509338, -2.1300042386561332e-16], "obb": {"axesLengths": [1.2850809765100988, 2.7887799116496748, 0.2446038503997771], "centroid": [-0.6538661768339846, 4.629146583346309, -0.004390010512099529], "normalizedAxes": [0.9592686295509338, -0.2824954688549042, -6.272659477499868e-17, 0, -2.220446049250313e-16, 1, -0.2824954688549042, -0.9592686295509338, -2.1300042386561332e-16]}, "segments": [3147, 70502, 72808, 14060, 2086, 2116, 2205, 2228, 2871, 2915, 2931, 3231, 12996, 13021, 13073, 15170, 27299, 27304, 27307, 27329, 27347, 27361, 27415, 27427, 27454, 27501, 27524, 27530, 33898, 33917, 33929, 33962, 34017, 34022, 34023, 34057, 34071, 37050, 38598, 38627, 38643, 38749, 38759, 40590, 43039, 43057, 43071, 43075, 43141, 43152, 47236, 50597, 50728, 50755, 61016, 61093, 62113, 64756, 65060, 67379, 69056, 74184, 74558, 75199, 75227, 76410, 76444, 77984, 80081, 80372, 80386, 80417, 81688, 81689, 81694, 81697, 81699, 81704, 81706, 81710, 81711, 81716, 81996, 81997, 82035, 82408, 83547, 83551, 84735, 84751, 84759, 84763, 84765, 85505, 85508, 85513, 85550, 85562, 85571, 12601, 24664, 15232, 86716], "label": "wall"}, {"objectId": 36, "id": 36, "partId": 36, "index": 2, "dominantNormal": [0.9630110859870911, -0.26946181058883667, -5.983254127458186e-17], "obb": {"axesLengths": [0.9780578902248186, 2.859999950379133, 0.6188140744716591], "centroid": [-1.1099760945324437, 4.2973169256214785, -0.02000004939734934], "normalizedAxes": [0.2694617807865143, 0.9630110859870911, 2.13831416126429e-16, 0, -2.220446049250313e-16, 1, 0.9630110859870911, -0.2694617807865143, -5.983253465713696e-17]}, "segments": [30538, 63299, 56939, 71, 7050, 7101, 7816, 21641, 33453, 93980], "label": "wall"}, {"objectId": 37, "id": 37, "partId": 37, "index": 3, "dominantNormal": [-0.4069031774997711, -0.9134712815284729, -2.0283136981735181e-16], "obb": {"axesLengths": [0.6130415703092952, 0.48454992880188064, 0.43273686841115994], "centroid": [-1.1021580839550866, 4.298645627534194, -1.1722749600796036], "normalizedAxes": [0.9134712815284729, -0.4069031774997711, -9.035065529067657e-17, 0, -2.220446049250313e-16, 1, -0.4069031774997711, -0.9134712815284729, -2.0283136981735181e-16]}, "segments": [7707, 35765, 60283, 87626, 89025, 17028, 13884, 13909, 13910, 15845, 16077, 26921, 60274, 60282], "label": "toilet"}, {"objectId": 38, "id": 38, "partId": 38, "index": 4, "dominantNormal": [-0.19856120645999908, -0.980088472366333, -2.1762335763815988e-16], "obb": {"axesLengths": [1.3251270437295788, 2.606779874709697, 0.17845072503344714], "centroid": [-0.8346063323318149, 3.813607909821703, -0.07406003048881926], "normalizedAxes": [0.980088472366333, -0.19856120645999908, -4.408944464184807e-17, 0, -2.220446049250313e-16, 1, -0.19856120645999908, -0.980088472366333, -2.1762335763815988e-16]}, "segments": [45314, 8929, 89765, 14731, 57174, 56572, 56718, 56511, 90], "label": "wall"}, {"objectId": 39, "id": 39, "partId": 39, "index": 5, "dominantNormal": [-0.25797203183174133, -0.9661523699760437, -2.145289212887133e-16], "obb": {"axesLengths": [0.8451541356767227, 2.0913169512603353, 0.10400965083944827], "centroid": [-0.5076192594034379, 3.878916387017464, -0.34489151995871614], "normalizedAxes": [0.9661523699760437, -0.25797203183174133, -5.72812978897866e-17, 0, -2.220446049250313e-16, 1, -0.25797203183174133, -0.9661523699760437, -2.145289212887133e-16]}, "segments": [35583, 6508, 6944, 30866, 6643, 86518, 41637, 1535, 8296, 8299, 8574, 8605, 9994, 81829, 81832, 81918, 81928, 81931, 81933, 81937, 82114, 82117], "label": "door"}, {"objectId": 40, "id": 40, "partId": 40, "index": 6, "dominantNormal": [-0.2885502278804779, -0.9574647545814514, -2.1259988316068044e-16], "obb": {"axesLengths": [1.2913111635986472, 1.7762199243257948, 0.12696330676803722], "centroid": [-1.1098748152076394, 2.7170855309228603, -0.4981099944984173], "normalizedAxes": [0.9574647545814514, -0.2885502576828003, -6.407102796819337e-17, 0, -2.220446049250313e-16, 1, -0.2885502576828003, -0.9574647545814514, -2.1259988316068044e-16]}, "segments": [49381, 56334, 70883, 70869, 71379, 71619, 70386, 91462, 69743, 69640, 68209, 27710, 27758, 27771, 29693, 29710, 29722, 29921, 68155, 68166, 68185, 68212, 68242, 68248, 69005, 69072, 69386, 69418, 69421, 69446, 69495, 70135, 70214, 70218, 70220, 70221, 70248, 71319, 71548, 83741, 83744, 91293, 91303, 91306, 91310, 91417, 68000, 70517], "label": "wall"}, {"objectId": 41, "id": 41, "partId": 41, "index": 7, "dominantNormal": [0.9681417346000671, -0.2504028081893921, -5.560059261653196e-17], "obb": {"axesLengths": [0.9672950788370004, 2.7599999287724497, 0.19241535618143205], "centroid": [-1.6262219767332227, 3.412375658166204, 0.009999980926513885], "normalizedAxes": [0.2504028081893921, 0.9681417346000671, 2.1497064897070642e-16, 0, -2.220446049250313e-16, 1, 0.9681417346000671, -0.2504028081893921, -5.560059261653196e-17]}, "segments": [28115, 9668, 65109, 89438, 30894, 28739, 58390, 61104, 89529], "label": "wall"}, {"objectId": 42, "id": 42, "partId": 42, "index": 8, "dominantNormal": [-0.6868910789489746, -0.7267603874206543, -1.6137322309998188e-16], "obb": {"axesLengths": [0.9465780129223275, 0.685380026279836, 0.48571405375951454], "centroid": [-1.247208845397563, 3.2354812988473896, -1.0126900241667773], "normalizedAxes": [0.7267603874206543, -0.6868910789489746, -1.5252045825175356e-16, 0, -2.220446049250313e-16, 1, -0.6868910789489746, -0.7267603874206543, -1.6137322309998188e-16]}, "segments": [58784, 88890, 58624, 58639, 60786, 89176, 58628, 58679, 61506, 60766, 61495, 61517, 88914, 54668, 51703, 53651, 54715, 58703, 59863, 87027, 87760, 88402, 88925, 59884], "label": "toilet"}, {"objectId": 43, "id": 43, "partId": 43, "index": 9, "dominantNormal": [0.9608790278434753, -0.27696850895881653, -6.149936314843541e-17], "obb": {"axesLengths": [0.9839436418215831, 2.8027098744501933, 0.1977464557281638], "centroid": [-1.8099005375247175, 2.424088793039866, 0.008644988567120926], "normalizedAxes": [0.27696850895881653, 0.9608789682388306, 2.1335799088336284e-16, 0, -2.220446049250313e-16, 1, 0.9608789682388306, -0.27696850895881653, -6.149936314843541e-17]}, "segments": [33423, 29229, 67840, 34337, 67779, 67793, 68766, 68823, 68874, 91276, 91277, 67889, 29022, 68884, 68407, 69792, 69707, 69321, 71588, 71649], "label": "wall"}, {"objectId": 44, "id": 44, "partId": 44, "index": 10, "dominantNormal": [-0.2569156587123871, -0.9664338231086731, -2.145914164383529e-16], "obb": {"axesLengths": [0.5519850551132613, 0.652800008964538, 0.2967694295474443], "centroid": [-1.5778603645023863, 2.4393888361897433, -0.7564000113368035], "normalizedAxes": [0.9664338231086731, -0.2569156587123871, -5.704673593784617e-17, 0, -2.220446049250313e-16, 1, -0.2569156587123871, -0.9664338231086731, -2.145914164383529e-16]}, "segments": [70533, 69336, 70588, 71531, 71928, 71950, 72137, 70622, 71961], "label": "toilet"}, {"objectId": 45, "id": 45, "partId": 45, "index": 11, "dominantNormal": [-0.19576017558574677, -0.9806517958641052, -2.177484405816677e-16], "obb": {"axesLengths": [1.228353214606381, 0.48000000834464984, 0.06442277044853338], "centroid": [-1.134086205604195, 2.8230700679497645, 0.9699999976158136], "normalizedAxes": [0.9806517958641052, -0.19576017558574677, -4.34674908479919e-17, 0, -2.220446049250313e-16, 1, -0.19576017558574677, -0.9806517958641052, -2.177484405816677e-16]}, "segments": [13943, 11895], "label": "wall"}, {"objectId": 46, "id": 46, "partId": 46, "index": 12, "dominantNormal": [-0.18520858883857727, -0.9826992154121399, -2.1820305904632684e-16], "obb": {"axesLengths": [1.0040865594901243, 0.5669029824382887, 0.052238167144694946], "centroid": [-1.5241760989892665, 1.878639344365474, 1.0665484931346354], "normalizedAxes": [0.9826992154121399, -0.18520858883857727, -4.1124567937384453e-17, 0, -2.220446049250313e-16, 1, -0.18520858883857727, -0.9826992154121399, -2.1820305904632684e-16]}, "segments": [52774, 52122], "label": "wall"}, {"objectId": 47, "id": 47, "partId": 47, "index": 13, "dominantNormal": [0.9965253472328186, 0.08328994363546371, 1.8494082628764666e-17], "obb": {"axesLengths": [1.463208490439399, 1.8360899872461698, 0.6627805451271667], "centroid": [-2.3196211927352084, -0.9254899836283044, 0.3480450042029086], "normalizedAxes": [-0.08328994363546371, 0.9965253472328186, 2.2127307702409085e-16, 0, -2.220446049250313e-16, 1, 0.9965253472328186, 0.08328994363546371, 1.8494082628764666e-17]}, "segments": [34571, 36877, 85883, 38634, 42206, 49801, 42661, 32396, 32408, 32409, 32441, 32467, 32469, 34530, 34541, 34558, 34888, 35661, 35750, 35771, 38391, 38404, 39393, 39412, 39427, 39442, 39488, 39529, 39541, 39600, 39610, 39623, 39652, 39679, 39680, 39727, 39730, 39828, 39866, 39885, 39887, 40418, 40427, 40436, 40859, 41654, 41659, 41671, 41691, 41892, 41936, 42036, 42233, 42312, 42486, 42506, 42549, 42596, 42606, 42635, 42644, 42646, 42657, 42683, 42707, 42806, 42824, 42828, 42862, 42871, 42876, 42883, 42886, 42898, 42907, 42914, 42927, 42935, 43696, 43700, 43719, 43741, 43756, 43774, 43775, 43826, 43855, 43878, 43891, 43903, 43904, 43922, 43943, 43986, 44022, 44037, 44056, 44057, 44063, 44076, 44175, 49059, 49514, 49517, 49538, 49546, 49560, 49588, 49590, 49619, 49628, 49687, 49695, 49699, 49705, 49707, 49733, 49761, 49766, 49788, 49813, 49836, 49845, 49857, 83754, 83755, 83759, 84576, 84618, 84621, 84773, 84775, 84786, 84788, 84797, 84799, 84801, 84997, 85017, 85025, 85034, 85038, 85040, 85051, 85077, 85245, 85335, 85613, 85624, 85629, 85631, 85640, 85643, 85704, 85705, 85708, 85776, 85826, 85958, 85965, 34719, 48966, 49015, 49126, 49141, 49778, 85526, 34408, 34149, 34742, 35645, 36013, 32507, 32522, 32566, 32580, 32586, 32605, 32641, 32647, 32655, 32667, 32710, 32714, 32731, 32741, 32748, 32849, 32851, 32871, 32917, 32959, 33353, 33356, 33501, 34594, 34664, 35018, 35623, 35747, 35778, 35811, 35823, 35866, 35891, 35895, 35943, 35956, 35978, 36002, 36027, 36062, 36070, 36097, 36127, 36159, 36163, 36227, 36415, 39432, 44066, 44614, 44627, 83570, 83575, 83862, 83864, 83869, 83871, 83877, 83879, 83886, 84032, 84037, 36041, 35009, 32583, 33365, 35060, 36032, 40408, 83608, 83876, 84036, 84041, 84043, 84052, 35027, 83817, 35038, 35081, 35192, 35198, 36177, 36229, 36308, 37371, 37407, 37417, 83791, 83794, 84022, 84119, 84168, 84237, 84239, 84257, 37347, 84425, 31515, 83770, 31427, 29492, 28329, 28432, 28435, 28457, 28471, 28472, 28505, 29561, 31252, 31262, 31265, 31276, 31317, 31368, 31415, 33394, 33399, 33499, 35053, 35089, 35141, 35153, 35205, 35274, 35284, 35287, 35356, 35382, 36238, 36290, 36397, 36421, 36462, 36527, 36534, 37470, 37473, 37487, 37500, 82954, 83420, 83424, 83430, 83433, 83472, 83774, 83788, 84165, 84184, 84188, 84305, 84323, 84334, 84340], "label": "wall"}, {"objectId": 1, "id": 1, "partId": 1, "index": 14, "dominantNormal": [0, -2.220446049250313e-16, 1], "obb": {"axesLengths": [7.852938162334412, 0.6000000104308126, 4.799879710780676], "centroid": [-0.34456558648013497, 1.7209468513547121, -1.429999984502792], "normalizedAxes": [0.4528290033340454, 0.8915973901748657, 1.9797439025356705e-16, 0, -2.220446049250313e-16, 1, 0.8915973901748657, -0.4528290033340454, -1.005482371439038e-16]}, "segments": [6838, 9049, 798, 1042, 1054, 1192, 1210, 1226, 8228, 8273, 9596, 9759, 9779, 9788, 9800, 9815, 9822, 9823, 9831, 9845, 9854, 9876, 9882, 9895, 9913, 9942, 9944, 9964, 9982, 10012, 10026, 10031, 10033, 10038, 10041, 10045, 10777, 10791, 10818, 10829, 10835, 14738, 14749, 14940, 14953, 21054, 22547, 25218, 25219, 25228, 25246, 25251, 25252, 25335, 25412, 25738, 25754, 25792, 35475, 47658, 47745, 47845, 47950, 48229, 48625, 48663, 48673, 48682, 48687, 50470, 50507, 50514, 50687, 51873, 51913, 51963, 52906, 52970, 53185, 53413, 53425, 54322, 54341, 54343, 54389, 54401, 54415, 54420, 55220, 55886, 55906, 55912, 55937, 56039, 60207, 60410, 60501, 60658, 60717, 60747, 61278, 62674, 62724, 62726, 62730, 64151, 64783, 64903, 64935, 66003, 67011, 67613, 67618, 68079, 68348, 71858, 71888, 71903, 72090, 75042, 81943, 82178, 82188, 82190, 82200, 82222, 82238, 82255, 82278, 82281, 82452, 82454, 83382, 83386, 85500, 86041, 87713, 87817, 87818, 87821, 87860, 87861, 88070, 89052, 89053, 89056, 89058, 90451, 76171, 45009, 64785, 95237, 9229, 21817, 15483, 3717, 1749, 49283, 47162, 48147, 93630, 47251, 48558, 41149, 41244, 41318, 54105, 64157, 50733, 54359, 54077, 64002, 63961, 63954, 54097, 54082, 54095, 54160, 54075, 54109, 54060, 48735, 93648, 48255, 41349, 41313, 86372, 51236, 17783], "label": "floor"}, {"objectId": 2, "id": 2, "partId": 2, "index": 15, "dominantNormal": [-0.2544477880001068, -0.9670864939689636, -2.147363384816722e-16], "obb": {"axesLengths": [0.9349754648063542, 0.549339997410625, 0.07957172806737028], "centroid": [-1.5091128458185346, -0.2755577941148828, 1.0446699531077592], "normalizedAxes": [0.9670864939689636, -0.2544477880001068, -5.649875856053184e-17, 0, -2.220446049250313e-16, 1, -0.2544477880001068, -0.9670864939689636, -2.147363384816722e-16]}, "segments": [28636], "label": "wall"}, {"objectId": 3, "id": 3, "partId": 3, "index": 16, "dominantNormal": [-0.27590620517730713, -0.961184561252594, -2.134258461633718e-16], "obb": {"axesLengths": [1.0471937530818556, 2.139999937862158, 0.25027223996523074], "centroid": [-1.4787473873632184, -0.2563404019899411, -0.30000001452863234], "normalizedAxes": [0.961184561252594, -0.27590620517730713, -6.126348432495979e-17, 0, -2.220446049250313e-16, 1, -0.27590620517730713, -0.961184561252594, -2.134258461633718e-16]}, "segments": [26843, 56099, 55508, 45264, 45331, 45361, 55594, 85367, 23755, 55250, 10270, 10653, 53608, 53035], "label": "door"}, {"objectId": 4, "id": 4, "partId": 4, "index": 17, "dominantNormal": [-0.2497205138206482, -0.968317985534668, -2.1500978453984753e-16], "obb": {"axesLengths": [1.0747967336766258, 2.4664099857268473, 0.30586161339033224], "centroid": [-2.3591484202228457, -0.09253322717282209, -0.12320501268196882], "normalizedAxes": [0.968317985534668, -0.249720498919487, -5.54490895242592e-17, 0, -2.220446049250313e-16, 1, -0.249720498919487, -0.968317985534668, -2.1500978453984753e-16]}, "segments": [11345, 40908, 14051, 54530, 29389], "label": "wall"}, {"objectId": 5, "id": 5, "partId": 5, "index": 18, "dominantNormal": [-0.2777879536151886, -0.960642397403717, -2.1330546160574327e-16], "obb": {"axesLengths": [2.8873788396560474, 2.70460992966719, 0.18176252391516962], "centroid": [-1.3339306022358102, -1.899337703708908, -0.0023049804798151996], "normalizedAxes": [0.960642397403717, -0.2777879536151886, -6.168131641341747e-17, 0, -2.220446049250313e-16, 1, -0.2777879536151886, -0.960642397403717, -2.1330546160574327e-16]}, "segments": [77369, 81174, 10930, 76972, 78291, 75747, 79833, 75797, 79589, 81153, 80764, 78590, 84921, 37580, 37986, 34186, 37656, 96483, 96480, 96364, 96375, 96370, 50301, 84969, 43415, 43378, 64045, 11365, 85070, 85971, 90366, 90360], "label": "wall"}, {"objectId": 6, "id": 6, "partId": 6, "index": 19, "dominantNormal": [-0.2637559473514557, -0.9645894765853882, -2.1418188924324526e-16], "obb": {"axesLengths": [0.9923977799216356, 2.019999995380639, 0.04940889368340718], "centroid": [-1.068827005398092, -2.043271595936636, -0.34000000528991237], "normalizedAxes": [0.9645894765853882, -0.2637559473514557, -5.856558512628134e-17, 0, -2.220446049250313e-16, 1, -0.2637559473514557, -0.9645894765853882, -2.1418188924324526e-16]}, "segments": [81523, 79739], "label": "door"}, {"objectId": 7, "id": 7, "partId": 7, "index": 20, "dominantNormal": [0.9765713214874268, -0.2151939570903778, -4.778265718438708e-17], "obb": {"axesLengths": [1.2587067064371256, 2.7206099617344877, 0.18796360051510416], "centroid": [0.16391146897061912, -1.7179733305717497, -0.010304996513464282], "normalizedAxes": [0.215193971991539, 0.9765713214874268, 2.1684239326079141e-16, 0, -2.220446049250313e-16, 1, 0.9765713214874268, -0.215193971991539, -4.778266049310953e-17]}, "segments": [75060, 74901, 74081, 80183, 95071, 4104, 31624, 94761, 37214, 94774], "label": "wall"}, {"objectId": 8, "id": 8, "partId": 8, "index": 21, "dominantNormal": [-0.2892456650733948, -0.9572548866271973, -2.1255328311369165e-16], "obb": {"axesLengths": [0.7104262668197001, 2.691239892887176, 0.13043499064811326], "centroid": [0.5932265386791807, -1.225580168356804, 0.006779959273785607], "normalizedAxes": [0.9572548866271973, -0.2892456650733948, -6.422543942749987e-17, 0, -2.220446049250313e-16, 1, -0.2892456650733948, -0.9572548866271973, -2.1255328311369165e-16]}, "segments": [72882, 76080, 72368, 69719, 91273], "label": "wall"}, {"objectId": 9, "id": 9, "partId": 9, "index": 22, "dominantNormal": [0.9702180027961731, -0.24223341047763824, -5.3786621929150123e-17], "obb": {"axesLengths": [4.613256161144808, 2.7135400165571255, 0.3836020863850809], "centroid": [1.458615000557588, 0.8965206819369002, -0.006770023924782986], "normalizedAxes": [0.24223342537879944, 0.9702180027961731, 2.1543167312202918e-16, 0, -2.220446049250313e-16, 1, 0.9702180027961731, -0.24223342537879944, -5.3786625237872574e-17]}, "segments": [10069, 69176, 16314, 35864, 7666, 68806, 16441, 1275, 1291, 1436, 1448, 1504, 1506, 1524, 1700, 1747, 1935, 1950, 1951, 1964, 2004, 2522, 2542, 2549, 2649, 2715, 2716, 2738, 2745, 2755, 2783, 3071, 7234, 7256, 7311, 7337, 7565, 15914, 16111, 16489, 16645, 28618, 31765, 32622, 36944, 46430, 46431, 52764, 56601, 56674, 59063, 59075, 59125, 59137, 60055, 60954, 60968, 61571, 62868, 69177, 70669, 70709, 81976, 81990, 82003, 82010, 82014, 82018, 82025, 82030, 82121, 82126, 82132, 82133, 82523, 2743, 92499, 72328, 5498, 66554, 66462, 76461, 11503, 17949, 52327, 60054, 71465, 72272, 70722, 70818, 68819, 63332, 64929, 70037, 89090, 62892, 4292, 64965, 60434, 89066, 69308, 14954, 14932, 47780, 60671, 67927, 2395, 31806, 56695, 89061, 66223], "label": "wall"}, {"objectId": 10, "id": 10, "partId": 10, "index": 23, "dominantNormal": [-0.21083883941173553, -0.9775208234786987, -2.1705322505531893e-16], "obb": {"axesLengths": [0.6507393113278723, 2.176829945068881, 0.18323733445308485], "centroid": [1.709672593204911, 3.156291123942939, -0.25841501708891235], "normalizedAxes": [0.9775208234786987, -0.21083883941173553, -4.681562680003094e-17, 0, -2.220446049250313e-16, 1, -0.21083883941173553, -0.9775208234786987, -2.1705322505531893e-16]}, "segments": [52625, 2573, 2482, 40162, 56085, 40045, 81771, 43344, 86056], "label": "wall"}, {"objectId": 11, "id": 11, "partId": 11, "index": 24, "dominantNormal": [0.9649144411087036, -0.2625645101070404, -5.830103291405218e-17], "obb": {"axesLengths": [1.9112540778877765, 2.716629921273217, 0.16382632160632532], "centroid": [1.6375110580061862, 4.114120997112883, 0.0019650365718062446], "normalizedAxes": [0.2625645101070404, 0.9649144411087036, 2.1425404586243948e-16, 0, -2.220446049250313e-16, 1, 0.9649144411087036, -0.2625645101070404, -5.830103291405218e-17]}, "segments": [50130, 46696, 30133, 48278, 25047, 44843, 46099, 48463, 32584, 86061, 32519, 64415], "label": "wall"}, {"objectId": 13, "id": 13, "partId": 13, "index": 25, "dominantNormal": [-0.24839726090431213, -0.9686582684516907, -2.1508534252572057e-16], "obb": {"axesLengths": [1.6027960043814358, 2.7111999382555485, 0.11166625304611151], "centroid": [1.1386849003079154, 5.218563731636701, 0.01439999570548478], "normalizedAxes": [0.9686582684516907, -0.24839724600315094, -5.515526835323546e-17, 0, -2.220446049250313e-16, 1, -0.24839724600315094, -0.9686582684516907, -2.1508534252572057e-16]}, "segments": [33065, 35214, 44688, 66716, 90531, 32168, 19758], "label": "wall"}, {"objectId": 14, "id": 14, "partId": 14, "index": 26, "dominantNormal": [0.9699566960334778, -0.24327771365642548, -5.401850381590589e-17], "obb": {"axesLengths": [6.181244768593472, 2.734309850611316, 0.20678591533469246], "centroid": [-0.3437781320981751, 2.4471900255019463, 0.006934990951380282], "normalizedAxes": [0.24327771365642548, 0.9699566960334778, 2.1537365136514226e-16, 0, -2.220446049250313e-16, 1, 0.9699566960334778, -0.24327771365642548, -5.401850381590589e-17]}, "segments": [67377, 83122, 37790, 6074, 7290, 7372, 7864, 8376, 12897, 13392, 13438, 17441, 19980, 20240, 20250, 21192, 22148, 23060, 24820, 30434, 37616, 47329, 56913, 57267, 65470, 67316, 67334, 67342, 67394, 72892, 73302, 82676, 82893, 84227, 84700, 87118, 87201, 91097, 91098, 91101, 91175, 94330, 67336, 8614, 21899, 12987, 22885, 22906, 22911, 22951, 22955, 24329, 65385, 90671, 90678, 30415, 19786, 42782, 18919, 7159, 56973, 56812, 56908, 56692, 24275, 24238, 82990], "label": "wall"}, {"objectId": 16, "id": 16, "partId": 16, "index": 27, "dominantNormal": [0, -2.220446049250313e-16, 1], "obb": {"axesLengths": [0.6046260061324348, 0.14049097581600445, 0.5407361441467631], "centroid": [0.7682596128492362, -0.6938069484446658, -0.45309849001992175], "normalizedAxes": [0.08906073868274689, 0.9960262179374695, 2.2116224805689854e-16, 0, -2.220446049250313e-16, 1, 0.9960262179374695, -0.08906073868274689, -1.9775456535141986e-17]}, "segments": [72045, 92278, 71452, 92003, 71687, 73275, 92292, 73773, 73953, 91986, 71717], "label": "sink"}, {"objectId": 17, "id": 17, "partId": 17, "index": 28, "dominantNormal": [0, -2.220446049250313e-16, 1], "obb": {"axesLengths": [4.559096837404819, 0.3363010212115705, 0.5902605215901976], "centroid": [1.1777186938924469, 0.9777504030214441, -0.6181504979397991], "normalizedAxes": [0.24429653584957123, 0.9697005748748779, 2.15316781043668e-16, 0, -2.220446049250313e-16, 1, 0.9697005748748779, -0.24429653584957123, -5.424472778727179e-17]}, "segments": [91951, 63048, 62022, 91834, 71491, 62443, 58559, 62363, 48408, 23015, 91559, 37078, 91752, 45630, 51386, 42336, 44197, 42343, 51674, 52042, 62994, 68646, 90774, 39074, 83352, 15114, 42407, 40879, 89634, 60675, 89152, 60681], "label": "counter"}, {"objectId": 18, "id": 18, "partId": 18, "index": 29, "dominantNormal": [0, -2.220446049250313e-16, 1], "obb": {"axesLengths": [0.7596137310729948, 0.27487697582966875, 0.6210656087850988], "centroid": [1.021991398075674, 0.18776980245317354, -0.4325615015053419], "normalizedAxes": [0.6829810738563538, 0.7304360866546631, 1.621893922842206e-16, 0, -2.220446049250313e-16, 1, 0.7304360866546631, -0.6829810738563538, -1.516522627157077e-16]}, "segments": [58295, 70940, 62302, 89550, 62345, 70983, 61952, 61988, 62392, 62496, 62500, 62504, 89078, 89274, 58251, 58185, 58206, 58542, 60079, 58454, 60544], "label": "sink"}, {"objectId": 19, "id": 19, "partId": 19, "index": 30, "dominantNormal": [0, -2.220446049250313e-16, 1], "obb": {"axesLengths": [0.5988719123196924, 0.22610699625074115, 0.5377395496448892], "centroid": [1.2005297060203362, 1.0311053434242425, -0.48994248941669305], "normalizedAxes": [0.3114500939846039, 0.9502624869346619, 2.1100065848648472e-16, 0, -2.220446049250313e-16, 1, 0.9502624869346619, -0.3114500939846039, -6.915581307267524e-17]}, "segments": [81765, 81909, 52414, 52387, 81874, 81890, 87237, 83696, 24553, 327, 21738, 22375, 24518, 33793, 41424, 83380, 62565, 87213], "label": "sink"}, {"objectId": 20, "id": 20, "partId": 20, "index": 31, "dominantNormal": [0, -2.220446049250313e-16, 1], "obb": {"axesLengths": [0.6659959894218467, 0.21164699915840468, 0.5446467752631179], "centroid": [1.4182909532441255, 1.8892323870845584, -0.4928605092422558], "normalizedAxes": [0.09246357530355453, 0.9957160949707031, 2.2109338692526473e-16, 0, -2.220446049250313e-16, 1, 0.9957160949707031, -0.09246357530355453, -2.053103804823365e-17]}, "segments": [15320, 15412, 86185, 15359, 15374, 15390, 82505, 14955, 44113, 14979, 44127, 82328, 86086, 86099, 12208, 44216, 44139, 15047], "label": "sink"}, {"objectId": 21, "id": 21, "partId": 21, "index": 32, "dominantNormal": [0, -2.220446049250313e-16, 1], "obb": {"axesLengths": [0.546931186013093, 0.1563459897858055, 0.5438122390564284], "centroid": [1.6334554922454154, 2.708176520319073, -0.4528599820391843], "normalizedAxes": [0.2301083356142044, 0.9731650352478027, 2.1608604577845253e-16, 0, -2.220446049250313e-16, 1, 0.9731650352478027, -0.2301083356142044, -5.109431447141253e-17]}, "segments": [51556, 42286, 51547, 42305, 17976, 63559, 63570, 63591, 87061, 63557, 35381, 35393, 63523, 90232, 87054], "label": "sink"}, {"objectId": 23, "id": 23, "partId": 23, "index": 33, "dominantNormal": [0, -2.220446049250313e-16, 1], "obb": {"axesLengths": [7.790978086014999, 0.4400000473856902, 3.4271092298666352], "centroid": [0.24522634490947348, 1.504635185151256, 1.2499999627470966], "normalizedAxes": [0.3813779652118683, 0.9244192242622375, 2.0526230143641245e-16, 0, -2.220446049250313e-16, 1, 0.9244192242622375, -0.3813779652118683, -8.468291961258163e-17]}, "segments": [4469, 43242, 733, 1328, 2323, 2920, 3746, 3754, 4584, 4653, 4864, 6280, 13719, 16070, 18221, 18402, 27167, 28318, 29344, 29396, 29417, 29431, 29441, 29530, 34167, 34169, 41196, 41825, 62212, 64511, 64513, 67687, 68178, 73526, 73543, 73609, 73621, 73643, 73648, 73702, 75881, 76619, 77133, 77201, 77434, 77441, 77460, 77470, 77571, 83668, 83734, 85351, 94471, 94472, 95486, 95518, 95736, 95760, 96022, 95924, 18375, 31620, 28187, 33496, 33531, 37332, 37399, 77485, 33128, 87420, 30283, 31694, 35384, 33167, 83496], "label": "ceiling"}, {"objectId": 24, "id": 24, "partId": 24, "index": 34, "dominantNormal": [0.9819751977920532, -0.18900975584983826, -4.196859656465396e-17], "obb": {"axesLengths": [0.6565618680669709, 2.042019977226406, 0.08037027955548176], "centroid": [-1.010059749840016, 0.1677875351488478, -0.33101001573331645], "normalizedAxes": [0.18900975584983826, 0.9819751977920532, 2.1804229483991593e-16, 0, -2.220446049250313e-16, 1, 0.9819751977920532, -0.18900975584983826, -4.196859656465396e-17]}, "segments": [20451, 15516, 57511], "label": "door"}, {"objectId": 25, "id": 25, "partId": 25, "index": 35, "dominantNormal": [0.9693818688392639, -0.24555811285972595, -5.45248541560741e-17], "obb": {"axesLengths": [0.6323156860637983, 2.012079968778491, 0.06595010102777994], "centroid": [-0.7509018857507018, 1.119516092608396, -0.33603999198883816], "normalizedAxes": [0.24555811285972595, 0.9693818688392639, 2.1524601408790287e-16, 0, -2.220446049250313e-16, 1, 0.9693818688392639, -0.24555811285972595, -5.45248541560741e-17]}, "segments": [72773, 33289, 73185, 72627, 72567, 94320], "label": "door"}, {"objectId": 26, "id": 26, "partId": 26, "index": 36, "dominantNormal": [-0.704349160194397, -0.7098537087440491, -1.5761918631264062e-16], "obb": {"axesLengths": [0.8273482142335853, 2.0983999498546124, 0.13501140543432258], "centroid": [-0.8688043378646991, 2.056018106583073, -0.319199981483818], "normalizedAxes": [0.7098537087440491, -0.704349160194397, -1.5639693100464246e-16, 0, -2.220446049250313e-16, 1, -0.704349160194397, -0.7098537087440491, -1.5761918631264062e-16]}, "segments": [6329, 5530, 10971, 27271, 91295, 91323, 68609, 54548, 55269], "label": "door"}, {"objectId": 27, "id": 27, "partId": 27, "index": 37, "dominantNormal": [-0.4113718569278717, -0.9114676117897034, -2.023864657618065e-16], "obb": {"axesLengths": [0.7399828610437804, 2.0730699433445188, 0.10170410948729884], "centroid": [-0.6666862918461544, 2.926950242201222, -0.32653501831289367], "normalizedAxes": [0.9114676117897034, -0.4113718271255493, -9.134289483138088e-17, 0, -2.220446049250313e-16, 1, -0.4113718271255493, -0.9114676117897034, -2.023864657618065e-16]}, "segments": [21585, 8599, 8600, 86251, 17546, 64696, 13590, 13591, 13593, 13608, 13617, 13642, 16826, 16898, 16925, 17499, 17508, 17510, 82635, 82897, 82899, 90616, 18059, 16889, 16895, 16912, 16917, 16943, 82530, 82534, 82535, 82540, 82543, 82548, 82629, 91000, 13675], "label": "door"}, {"objectId": 29, "id": 29, "partId": 29, "index": 38, "dominantNormal": [-0.42033159732818604, -0.9073705673217773, -2.0147673914156557e-16], "obb": {"axesLengths": [0.8174367978902881, 2.0766699445991965, 0.11624899889163692], "centroid": [-0.2246723638320238, 4.890943352365868, -0.32833501894023254], "normalizedAxes": [0.9073705673217773, -0.42033159732818604, -9.333236346624441e-17, 0, -2.220446049250313e-16, 1, -0.42033159732818604, -0.9073705673217773, -2.0147673914156557e-16]}, "segments": [23014, 82909, 23012, 88452], "label": "door"}, {"objectId": 30, "id": 30, "partId": 30, "index": 39, "dominantNormal": [0.9984621405601501, -0.05543769523501396, -1.2309641136412966e-17], "obb": {"axesLengths": [2.379396572087808, 2.813539918954522, 1.7539942084432396], "centroid": [-0.6213021736066613, 4.616476547903162, 0.016299953319877325], "normalizedAxes": [0.05543769523501396, 0.9984621405601501, 2.2170313153327962e-16, 0, -2.220446049250313e-16, 1, 0.9984621405601501, -0.05543769523501396, -1.2309641136412966e-17]}, "segments": [171, 3096, 3107, 7043, 7052, 7763, 7768, 7838, 8745, 9406, 12909, 13259, 16520, 16587, 18077, 18092, 18097, 19234, 20150, 20303, 20651, 20698, 21321, 21545, 21683, 51128, 51403, 51849, 51859, 51925, 52176, 52183, 53677, 53698, 53699, 53717, 53719, 53750, 53752, 53810, 53819, 53876, 57495, 57682, 57683, 57771, 57897, 57974, 58088, 58889, 58965, 59255, 59266, 59276, 59500, 74834, 81794, 81799, 81801, 81803, 81819, 81822, 81825, 81827, 81865, 81954, 82004, 82009, 82359, 82424, 82427, 82430, 82513, 87031, 87764, 87765, 87791, 88630, 89875, 90619, 93017, 5585, 6063, 6071, 15144, 15199, 22511, 32702, 33213, 36634, 91091, 6051, 52270, 6079, 6104, 6116, 49313, 52740, 55635, 82105, 82112, 88617, 82107, 14233, 10692, 13885, 16979, 17448, 21211, 21236, 21367, 23045, 23056, 23079, 26769, 26774, 28451, 29831, 30730, 38433, 38650, 41333, 41360, 42671, 42675, 42715, 46815, 46836, 46849, 46986, 47190, 47260, 48938, 48963, 48984, 49032, 49044, 49082, 49109, 49111, 49138, 49148, 49159, 49172, 49187, 49224, 49238, 49259, 49323, 49330, 55254, 56178, 56187, 56188, 56210, 56228, 59569, 61753, 63291, 65081, 66972, 66978, 67016, 67026, 83302, 84694, 86211, 86232, 86235, 86237, 86419, 86422, 86431, 88334, 88398, 88417, 88568, 88589, 88599, 88601, 89916, 91089, 11332, 20260, 20506, 20581, 22484, 22614, 24526, 34969, 34973, 35131, 35421, 37798, 51796, 66205, 82845, 82872, 90853], "label": "wall"}, {"objectId": 31, "id": 31, "partId": 31, "index": 40, "dominantNormal": [0, -2.220446049250313e-16, 1], "obb": {"axesLengths": [0.6299422495425452, 0.474790979740225, 0.4789173750569044], "centroid": [-0.8899534098036714, 5.234232847317655, -1.1526044740690782], "normalizedAxes": [0.888024091720581, -0.4597969055175781, -1.0209542223140258e-16, 0, -2.220446049250313e-16, 1, -0.4597969055175781, -0.888024091720581, -1.9718095861000619e-16]}, "segments": [86026, 88351, 1638, 11677, 12246, 54657, 88394, 88385], "label": "toilet"}, {"objectId": 32, "id": 32, "partId": 32, "index": 41, "dominantNormal": [0, -2.220446049250313e-16, 1], "obb": {"axesLengths": [1.2056273895486624, 0.14152002018272825, 1.049797888673544], "centroid": [-0.6464275060608357, 5.20461136518964, 1.3906799150851374], "normalizedAxes": [0.907037079334259, -0.4210507571697235, -9.349204902913655e-17, 0, -2.220446049250313e-16, 1, -0.4210507571697235, -0.907037079334259, -2.0140268993312983e-16]}, "segments": [9109, 12708, 82302, 10999], "label": "ceiling"}, {"objectId": 33, "id": 33, "partId": 33, "index": 42, "dominantNormal": [-0.22070614993572235, -0.9753403663635254, -2.165690663166243e-16], "obb": {"axesLengths": [1.225519942705898, 0.5719700327820321, 0.09033587030105093], "centroid": [-0.6807443295878012, 4.742968558063106, 1.0959849913570645], "normalizedAxes": [0.9753403663635254, -0.22070614993572235, -4.9006609867002193e-17, 0, -2.220446049250313e-16, 1, -0.22070614993572235, -0.9753403663635254, -2.165690663166243e-16]}, "segments": [13511, 12740, 14210], "label": "wall"}, {"objectId": 48, "id": 48, "partId": 48, "index": 43, "dominantNormal": [-0.26775306463241577, -0.9634875655174255, -2.1393721583549697e-16], "obb": {"axesLengths": [1.0527764943233375, 2.039999975860119, 0.08791394489391575], "centroid": [-1.0789210141063375, -2.0132940266197488, -0.3100000345706935], "normalizedAxes": [0.9634875655174255, -0.26775306463241577, -5.945312345377113e-17, 0, -2.220446049250313e-16, 1, -0.26775306463241577, -0.9634875655174255, -2.1393721583549697e-16]}, "segments": [96083, 96464, 96474, 96399, 95208, 95153, 95139], "label": "doorframe"}, {"objectId": 49, "id": 49, "partId": 49, "index": 44, "dominantNormal": [-0.31073132157325745, 0.9504978060722351, 2.1105290983141847e-16], "obb": {"axesLengths": [0.4488060837406986, 0.7250799970683452, 0.46303269425523147], "centroid": [0.13616360290065616, -1.317921862588622, -0.99253998899743], "normalizedAxes": [-0.31073132157325745, 0.9504978060722351, 2.1105290983141847e-16, 0, -2.220446049250313e-16, 1, 0.9504978060722351, 0.31073132157325745, 6.899621353656681e-17]}, "segments": [73033, 72468, 68227, 73986, 74006, 74007, 74010, 90322, 94934, 94961, 73030, 13797, 74577, 74581, 74592, 74625, 74661, 74709, 74751, 94954, 94956, 95022, 95124, 95129, 74654, 74550, 73929, 73856, 73857, 73860, 73881, 73899, 73900, 73906, 74203, 74217, 74234, 74297, 74308, 74330, 74341, 74376, 74382, 74480, 74497, 94508, 94560, 94779, 94784, 94802, 94811, 94815, 94824, 94879, 94884, 94886, 94893, 74114, 94861, 73804, 73806, 73817, 74025, 74138, 94481, 94898], "label": "trash can"}, {"objectId": 50, "id": 50, "partId": 50, "index": 45, "dominantNormal": [0.95218425989151, -0.30552440881729126, -6.784004665078919e-17], "obb": {"axesLengths": [0.2856686440461152, 0.5133429948983411, 0.14413288050396605], "centroid": [0.21086788629541556, -1.2984107249801982, 0.1266714958100419], "normalizedAxes": [0.30552440881729126, 0.95218425989151, 2.1142737780344367e-16, 0, -2.220446049250313e-16, 1, 0.95218425989151, -0.30552440881729126, -6.784004665078919e-17]}, "segments": [34269, 31679, 96133, 34274, 78838, 96150], "label": "hand dryer"}, {"objectId": 51, "id": 51, "partId": 51, "index": 46, "dominantNormal": [0, -2.220446049250313e-16, 1], "obb": {"axesLengths": [0.16331010062163534, 0.09599000000976021, 0.10949524946878893], "centroid": [1.1280566262588565, -0.32114588906524677, -0.19709299995542384], "normalizedAxes": [0.5891124606132507, 0.8080510497093201, 1.794233760919628e-16, 0, -2.220446049250313e-16, 1, 0.8080510497093201, -0.5891124606132507, -1.3080924357328233e-16]}, "segments": [70333, 60875, 70302], "label": "soap dispenser"}, {"objectId": 52, "id": 52, "partId": 52, "index": 47, "dominantNormal": [0.8910163044929504, -0.45397132635116577, -1.0080188380693706e-16], "obb": {"axesLengths": [0.11664732872360091, 0.12000000208616246, 0.10671825036589247], "centroid": [1.318691944267898, 0.519298995930602, -0.1900000026822095], "normalizedAxes": [0.4539712965488434, 0.8910163044929504, 1.9784536331289858e-16, 0, -2.220446049250313e-16, 1, 0.8910163044929504, -0.4539712965488434, -1.0080187718949216e-16]}, "segments": [88854, 59067, 59098, 59318], "label": "soap dispenser"}, {"objectId": 53, "id": 53, "partId": 53, "index": 48, "dominantNormal": [0.6200039386749268, -0.784598708152771, -1.7421591017647198e-16], "obb": {"axesLengths": [0.27288170866866585, 0.21417401252298018, 0.09803828505648451], "centroid": [1.5830006838868467, 1.4269457312462874, -0.2506820075061471], "normalizedAxes": [0.784598708152771, 0.6200039386749268, 1.3766852961503745e-16, 0, -2.220446049250313e-16, 1, 0.6200039386749268, -0.784598708152771, -1.7421591017647198e-16]}, "segments": [31856], "label": "soap dispenser"}, {"objectId": 54, "id": 54, "partId": 54, "index": 49, "dominantNormal": [0.9615951180458069, -0.27447184920310974, -6.094499331934727e-17], "obb": {"axesLengths": [0.3449865135737682, 0.5199999693036087, 0.12415224559297817], "centroid": [1.397652379713286, 3.4529067654566337, 0.12999998301267635], "normalizedAxes": [0.27447184920310974, 0.9615951180458069, 2.1351700808432003e-16, 0, -2.220446049250313e-16, 1, 0.9615951180458069, -0.27447184920310974, -6.094499331934727e-17]}, "segments": [40059, 84851, 40030, 39786, 84669], "label": "hand dryer"}, {"objectId": 55, "id": 55, "partId": 55, "index": 50, "dominantNormal": [-0.6461984515190125, -0.7631694078445435, -1.6945764965571174e-16], "obb": {"axesLengths": [0.36160235954466435, 0.7199810582403599, 0.29713693220458803], "centroid": [1.258023433209932, 3.58707552858328, -0.9804594986783082], "normalizedAxes": [0.7631694078445435, -0.6461984515190125, -1.4348487987070612e-16, 0, -2.220446049250313e-16, 1, -0.6461984515190125, -0.7631694078445435, -1.6945764965571174e-16]}, "segments": [26453, 83396, 24006, 28860, 28868, 28889, 83705, 83707, 83731, 86953, 28859, 83720, 86972], "label": "trash can"}, {"objectId": 57, "id": 57, "partId": 57, "index": 51, "dominantNormal": [0.9848538041114807, -0.17338675260543823, -3.8499592981508675e-17], "obb": {"axesLengths": [0.7167424686922212, 2.08824999433197, 0.19519836282804554], "centroid": [0.229028956927399, 5.008789446738284, -0.31412500372249674], "normalizedAxes": [0.17338675260543823, 0.9848538041114807, 2.186814738428479e-16, 0, -2.220446049250313e-16, 1, 0.9848538041114807, -0.17338675260543823, -3.8499592981508675e-17]}, "segments": [20772, 90825, 38975, 22792, 91084, 91057], "label": "doorframe"}, {"objectId": 58, "id": 58, "partId": 58, "index": 52, "dominantNormal": [0.9862455129623413, -0.1652870774269104, -3.670110380647138e-17], "obb": {"axesLengths": [0.83775036794758, 2.088302923255347, 0.3027724009599658], "centroid": [-0.009930695666979204, 4.115853867035302, -0.3072285080575541], "normalizedAxes": [0.1652870923280716, 0.9862455129623413, 2.1899049528480792e-16, 0, -2.220446049250313e-16, 1, 0.9862455129623413, -0.1652870923280716, -3.670110711519383e-17]}, "segments": [5610, 6809, 17082, 24742, 41599, 41584, 6693], "label": "doorframe"}, {"objectId": 59, "id": 59, "partId": 59, "index": 53, "dominantNormal": [0.978592574596405, -0.2058071494102478, -4.5698367181545364e-17], "obb": {"axesLengths": [0.6868685273696373, 2.081447912422241, 0.23977100992492312], "centroid": [-0.24699476451809543, 3.07765787436047, -0.3091560030172169], "normalizedAxes": [0.2058071494102478, 0.978592574596405, 2.1729120160882798e-16, 0, -2.220446049250313e-16, 1, 0.978592574596405, -0.2058071494102478, -4.5698367181545364e-17]}, "segments": [5136, 41958, 31294, 35164, 21523, 30629, 20055], "label": "doorframe"}, {"objectId": 60, "id": 60, "partId": 60, "index": 54, "dominantNormal": [0.9762242436408997, -0.2167629450559616, -4.8131042497337264e-17], "obb": {"axesLengths": [0.7141200409354507, 2.0846299659170953, 0.2604808317833726], "centroid": [-0.5193603955130692, 2.108660375497367, -0.3123149895150594], "normalizedAxes": [0.21676293015480042, 0.9762242436408997, 2.1676532649748107e-16, 0, -2.220446049250313e-16, 1, 0.9762242436408997, -0.21676293015480042, -4.8131039188614814e-17]}, "segments": [13387, 82658, 13468, 18633, 20344, 47311, 41148, 21428, 91246], "label": "doorframe"}, {"objectId": 61, "id": 61, "partId": 61, "index": 55, "dominantNormal": [0.9715896844863892, -0.23667167127132416, -5.2551667744388055e-17], "obb": {"axesLengths": [0.6433951858370698, 2.0632699862881747, 0.1329088109630667], "centroid": [-0.705885196454617, 1.1071888455003025, -0.32163503978472097], "normalizedAxes": [0.2366