{"segGroups": [{"objectId": 1, "id": 1, "partId": 1, "index": 0, "dominantNormal": [0, -2.220446049250313e-16, 1], "obb": {"axesLengths": [4.724221330951136, 0.45459996637851025, 4.002141207903504], "centroid": [-0.10390869009519627, 2.778129952001615, -1.3970700691550202], "normalizedAxes": [0.5038019418716431, 0.8638191819190979, 1.9180638897588984e-16, 0, -2.220446049250313e-16, 1, 0.8638191819190979, -0.5038019418716431, -1.1186650314335257e-16]}, "segments": [23538, 2305, 8698, 124, 132, 162, 822, 857, 891, 901, 937, 1268, 1374, 1431, 1442, 1536, 1611, 1919, 2112, 2168, 2410, 2433, 2465, 2585, 2599, 2618, 2678, 2688, 2783, 2899, 3125, 3145, 3256, 3285, 3287, 3298, 3305, 3443, 3449, 3518, 3521, 3525, 3529, 3635, 3637, 3654, 3671, 3677, 3680, 4069, 4100, 4109, 4128, 4172, 4206, 4819, 4841, 4865, 4900, 4926, 5082, 5163, 5211, 5346, 5348, 5886, 5941, 5947, 5960, 5964, 6006, 6205, 6241, 6252, 6302, 6363, 6431, 6450, 7672, 7682, 7694, 7701, 7722, 7755, 7786, 7874, 7919, 7972, 8045, 8134, 8164, 8289, 8329, 8330, 8639, 8725, 8733, 8935, 8936, 9122, 9136, 9201, 9207, 9615, 9689, 9712, 9719, 9757, 9947, 9957, 9996, 10012, 10039, 10072, 10074, 10142, 10152, 10256, 10417, 13541, 13572, 16714, 16731, 17736, 17760, 17786, 18728, 18734, 20387, 20392, 20482, 20683, 20745, 21483, 21506, 21946, 21979, 21993, 22005, 22006, 22017, 22027, 22036, 22400, 22407, 22413, 22466, 22475, 22486, 22662, 22674, 22800, 22808, 22812, 23036, 23069, 23080, 23094, 23175, 23225, 23230, 23259, 23338, 23980, 23985, 24096, 24143, 25051, 25059, 25522, 26024, 26025, 26066, 26069, 26078, 26082, 26084, 26086, 26089, 26095, 26102, 26150, 26152, 26155, 26160, 26204, 26593, 26595, 26633, 26752, 26898, 26900, 26902, 27053, 27058, 27061, 27067, 27070, 27093, 27210, 31271, 31755, 32829, 32863, 32865, 32907, 33224, 33265, 33383, 33387, 33390, 33862, 33869, 33873, 33875, 34176, 34182, 34200, 34203, 34206, 34208, 34210, 34472, 34626, 34629, 35420, 35494, 35729, 30348, 2156, 20752, 20759], "label": "floor"}, {"objectId": 2, "id": 2, "partId": 2, "index": 1, "dominantNormal": [0.8984958529472351, -0.4389820396900177, -9.747359357215439e-17], "obb": {"axesLengths": [4.233106818519883, 2.5428999094016858, 0.4702666470276979], "centroid": [-1.6589225276846067, 3.38988740519924, -0.16145007495321106], "normalizedAxes": [0.4389820098876953, 0.8984958529472351, 1.9950615669444785e-16, 0, -2.220446049250313e-16, 1, 0.8984958529472351, -0.4389820098876953, -9.747358695470949e-17]}, "segments": [3463, 18813, 32136, 154, 182, 189, 199, 214, 220, 226, 238, 245, 246, 264, 274, 443, 446, 514, 517, 523, 610, 788, 798, 799, 830, 866, 893, 930, 959, 960, 990, 991, 1024, 1055, 1060, 1081, 1103, 1112, 1125, 1169, 1210, 1245, 1246, 1291, 1317, 1328, 1333, 1411, 1451, 1719, 1727, 1760, 1814, 1880, 1895, 1904, 1918, 1938, 1951, 1955, 1958, 1960, 1962, 1974, 2017, 2220, 2226, 2529, 2566, 2587, 2639, 2649, 2674, 2709, 2725, 2807, 2825, 2999, 3080, 3122, 3166, 3173, 3183, 3191, 3195, 3212, 3217, 3227, 3233, 3728, 4487, 4510, 4535, 4559, 4561, 4578, 4632, 4661, 4671, 5034, 5232, 5270, 5721, 6833, 6837, 7401, 7425, 7430, 7447, 7455, 7470, 7519, 7536, 7537, 7892, 7935, 7944, 7959, 8355, 9251, 9252, 9372, 9378, 9404, 9407, 9418, 9466, 9467, 9515, 9545, 9672, 9690, 11431, 11487, 11490, 11540, 11568, 11614, 11879, 12023, 12028, 12050, 13221, 13479, 13487, 13648, 13664, 13785, 13826, 13933, 13996, 14109, 14150, 14156, 14291, 14300, 14321, 14442, 14481, 14613, 14712, 14714, 14814, 14901, 14915, 14920, 14932, 14978, 14982, 15008, 15214, 15220, 15223, 15575, 15713, 15715, 15813, 15871, 15877, 17557, 17564, 17566, 17586, 17598, 17602, 17616, 21072, 21219, 21449, 25373, 25379, 25381, 25389, 25395, 25417, 25418, 25441, 25482, 25487, 25497, 25506, 25520, 25531, 25980, 26021, 26133, 26162, 26164, 26166, 26214, 26219, 26226, 26228, 26234, 26312, 26336, 26344, 26393, 26398, 26561, 26652, 26665, 26666, 26685, 26687, 26691, 26766, 26768, 27147, 27154, 27156, 27166, 27427, 27433, 27443, 27445, 27897, 28551, 28552, 28555, 28558, 29198, 29293, 29352, 29356, 29363, 29390, 29416, 29539, 32037, 32070, 32191, 32678, 32691, 32701, 32756, 35826, 35836, 35838, 35844, 35848, 35857, 18288, 4403, 6026, 6035, 6055, 6069, 6112, 6129, 6142, 6144, 6657, 6677, 6683, 8683, 26647, 26908, 21884, 412, 497, 1170, 27176, 7821, 5030, 27451, 19872, 15696, 16252, 29547, 9619, 9600, 16353, 19592, 19417, 30920, 15738, 15011, 30016, 14940, 30968, 30926, 25187, 34557, 19272, 15769, 19256, 19046, 25137, 19168, 19601, 29476, 16189, 19613, 333, 382, 394, 401, 764, 1029, 1031, 1032, 1292, 3243, 3251, 4359, 4518, 4531, 4544, 4564, 4593, 4651, 4679, 4684, 4687, 4702, 4720, 4723, 4736, 4737, 4738, 4742, 4752, 5733, 5780, 5798, 8778, 8798, 8799, 8813, 8850, 8908, 8909, 8920, 8951, 8961, 9001, 9007, 9023, 9044, 9164, 9323, 9327, 9478, 9480, 9531, 9562, 9625, 9629, 9641, 9692, 11595, 13091, 13100, 13967, 13982, 14751, 14786, 14808, 14827, 14832, 14884, 14975, 14976, 15645, 15663, 15685, 15712, 15745, 15755, 16045, 16051, 16117, 16156, 16185, 16188, 16214, 16223, 16264, 16277, 16302, 16338, 16339, 16350, 16352, 16385, 16414, 16426, 16522, 16524, 19039, 19149, 19177, 19189, 19234, 19285, 19290, 19314, 19347, 19380, 19425, 19483, 19611, 19634, 19658, 19805, 19874, 20165, 20968, 21006, 21015, 21023, 21156, 21263, 21310, 21359, 21403, 21409, 21422, 21792, 21846, 21892, 25148, 25171, 25191, 25376, 25580, 25620, 25858, 25860, 25888, 26098, 26212, 26585, 26660, 26663, 26675, 26684, 26688, 26700, 26707, 26709, 26711, 26720, 26725, 26736, 26737, 26742, 26873, 26879, 27189, 27190, 27194, 27373, 27387, 27392, 27393, 27395, 27462, 27466, 27477, 27483, 27863, 28863, 29289, 29295, 29457, 29484, 29487, 29491, 29503, 29519, 29523, 29525, 29534, 29578, 30042, 30158, 30818, 30867, 30935, 30943, 30953, 30958, 31115, 31117, 31165, 31195, 31238, 32427, 32464, 32710, 34518, 34565, 36104, 36107, 25892, 36118, 6080, 3328, 4115, 26913, 6485], "label": "wall"}, {"objectId": 3, "id": 3, "partId": 3, "index": 2, "dominantNormal": [0.07689478993415833, -0.9970391988754272, -2.2138717500906396e-16], "obb": {"axesLengths": [0.8234893207556278, 1.4282439627890886, 0.7082939303872442], "centroid": [-1.7530945129633588, 2.5785200948594618, -0.41271809854988484], "normalizedAxes": [0.9970391988754272, 0.07689478993415833, 1.707407325172346e-17, 0, -2.220446049250313e-16, 1, 0.07689478993415833, -0.9970391988754272, -2.2138717500906396e-16]}, "segments": [16867, 29838, 12113, 28159, 10984, 10985, 11022, 11101, 11138, 11155, 11208, 11771, 11842, 11853, 11855, 11895, 11908, 11940, 12096, 13576, 13680, 15056, 15082, 15093, 27813, 28118, 28208, 28240, 28308, 28314, 28317, 28388, 29644, 29647, 29703, 27742, 11261, 13149, 30084, 11041, 11179, 11194, 11762, 11785, 11802, 12195, 12316, 12352, 12425, 12433, 12440, 12479, 12564, 12870, 12893, 12934, 13214, 13283, 13425, 13432, 13509, 13679, 15108, 15122, 16825, 28031, 28119, 28207, 28326, 28332, 28488, 28587, 29713, 29757, 29762, 29896, 29916, 11803, 11982, 12998, 13109, 28427, 12015, 12146, 12186, 28642, 29805, 10961, 11376, 12331, 12482, 12493, 12574, 12579, 12581, 12618, 12630, 12640, 12694, 12723, 12735, 12756, 13880, 13928, 15166, 16718, 16750, 16759, 28594, 28631, 28662, 28663, 28702, 12524, 11822, 5828, 10894, 10940, 11723, 11747, 10826, 8754, 10854, 11642, 11660, 27682, 28000, 28058, 16691, 29974, 30108, 12785, 9906, 9924, 9940, 9987, 10150, 10163, 10200, 10219, 10226, 10238, 10292, 10306, 10438, 10457, 12072, 12081, 12390, 12446, 12605, 12807, 12863, 12988, 13033, 14259, 14428, 15205, 15795, 15834, 15870, 15890, 15899, 17675, 17982, 18022, 18123, 18150, 18175, 18179, 18282, 18287, 18293, 18393, 18493, 18499, 18529, 20129, 27491, 27501, 27527, 28722, 28726, 28772, 28775, 28791, 28838, 29079, 29210, 30323, 30361, 30365, 30373, 30399, 30432, 31300, 31424, 31446, 31494, 31694, 33524, 10395, 10398, 10006, 10123, 10496, 10510, 10525, 10545, 12394, 12792, 13037, 14504, 15878, 16011, 20035, 27538, 27542, 27546, 28959, 29262, 29326, 30247, 33501, 10502, 10590, 10601, 10637, 10686, 10710, 10711, 14568, 15979, 16054, 16090, 16102, 16104, 16135, 16146, 17114, 17354, 17387, 17440, 19899, 20023, 27547, 27554, 27567, 27587, 27609, 27620, 30012, 30192, 30196, 30199, 30204, 30217, 30261, 30273, 31261, 31267, 31274, 33415, 17612, 17088, 17144, 10664, 10699, 20738, 23043, 27622, 33296, 33378, 33575, 33430, 20598, 22792, 22845, 22867, 22875, 22884, 22944, 23035, 25216, 33370, 33567, 5575, 5408, 5365, 5397, 5407, 5454, 5487, 5502, 5505, 5518, 5532, 6160, 26782, 5503, 5506, 5491, 5578, 6171, 26994, 5494, 5436, 5612, 27028, 5594, 6250, 26844, 26854, 26866, 10753, 27044, 27955, 27649, 10785, 10793, 27962, 31768, 5416, 5465, 5736, 5786, 5831, 5850, 5858, 5859, 5869, 5893, 5897, 5905, 6364, 9109, 9111, 9182, 9286, 9289, 9907, 10052, 10802, 10914, 10921, 11012, 11013, 11017, 11078, 11260, 11268, 11278, 11285, 11296, 11306, 11309, 11314, 11333, 11424, 11668, 11754, 12036, 12039, 12044, 12099, 12115, 12161, 12206, 12294, 12295, 12313, 12418, 12444, 12454, 12514, 12533, 12536, 12741, 12861, 12906, 13448, 13482, 13945, 13956, 14014, 14035, 14065, 14080, 14083, 14086, 14092, 14095, 14130, 14145, 14165, 14205, 14264, 14342, 14344, 14346, 14358, 14391, 14404, 14416, 14545, 14563, 14572, 14593, 14600, 14608, 14623, 14660, 14682, 14690, 14691, 14697, 17151, 17575, 17667, 17775, 17895, 18020, 18445, 18589, 18621, 20099, 20294, 20472, 20632, 20697, 20815, 20817, 20858, 21134, 21159, 21173, 21223, 21365, 21441, 21455, 22771, 23039, 26784, 26796, 26820, 26882, 26889, 27498, 27669, 27671, 27678, 27686, 27699, 27716, 27723, 27730, 27761, 27775, 27797, 27831, 27837, 27861, 27902, 27905, 27932, 27936, 28101, 28936, 29152, 29153, 29180, 29281, 29284, 29286, 29309, 29313, 29343, 29350, 29367, 29371, 29378, 29380, 29382, 29431, 29434, 30024, 30142, 30281, 30393, 30475, 31525, 31664, 31781, 31818, 32689], "label": "plant"}, {"objectId": 5, "id": 5, "partId": 5, "index": 3, "dominantNormal": [0.7299013733863831, -0.6835525035858154, -1.5177914560422843e-16], "obb": {"axesLengths": [1.1452299293784107, 0.8371070287278206, 0.6806401084414182], "centroid": [-1.0696544060992546, 4.221116281310074, -0.6594266127923138], "normalizedAxes": [0.6835525035858154, 0.7299013733863831, 1.6207066208781719e-16, 0, -2.220446049250313e-16, 1, 0.7299013733863831, -0.6835525035858154, -1.5177914560422843e-16]}, "segments": [8120, 3896, 3827, 30528, 27324, 3871, 34297, 15385, 15402, 15432, 29980, 34222, 34656, 16932, 23443, 23470, 24219, 30630, 30776, 5713, 7071, 13798, 13800, 16984, 17002, 17004, 17165, 17196, 17219, 17243, 23395, 23489, 23510, 30649, 34667, 16648, 16323, 16351, 16645, 16904, 17153, 17268, 17461, 24208, 30490, 30511, 30870, 34331, 34358, 29975, 15482, 34069, 29998, 34100, 15462, 35885, 35881, 34056, 15512, 34323, 23530, 34334, 23427, 34113, 23846, 23662, 25622, 13767, 30498, 3850, 3942, 3974, 3998, 4007, 4023, 4025, 7019, 7392, 7479, 8135, 8205, 8249, 8252, 8393, 8396, 8419, 8427, 8487, 8507, 8531, 8539, 8562, 8596, 8602, 8625, 8658, 8788, 11616, 11620, 13755, 15325, 15424, 16367, 16372, 16399, 16793, 16894, 16937, 16955, 17027, 17039, 17042, 17070, 17133, 23534, 23646, 23861, 25658, 26031, 26033, 26048, 26601, 26626, 26631, 27238, 27279, 27343, 27352, 27355, 27953, 30379, 30559, 30567, 30572, 30605, 30805, 34213, 4032, 4372, 34269, 4286, 4291, 4296, 4323, 7550, 8148, 8211, 8300, 8309, 8369, 8466, 8467, 8503, 8529, 8613, 22374, 22377, 26643, 27335, 27341, 30043], "label": "plant"}, {"objectId": 6, "id": 6, "partId": 6, "index": 4, "dominantNormal": [0, -2.220446049250313e-16, 1], "obb": {"axesLengths": [0.3179955073647792, 0.27720619118497825, 0.38870153237764704], "centroid": [-1.0027002979820865, 4.519083966416763, 0.06060978835948294], "normalizedAxes": [0.3971559703350067, 0.917751133441925, 2.0378168784461194e-16, 0, -2.220446049250313e-16, 1, 0.917751133441925, -0.3971559703350067, -8.818634052665402e-17]}, "segments": [28869, 9650, 13075, 13511, 29460, 23247, 14769], "label": "lamp"}, {"objectId": 7, "id": 7, "partId": 7, "index": 5, "dominantNormal": [0, -2.220446049250313e-16, 1], "obb": {"axesLengths": [0.5914983227406188, 0.35999997645616566, 0.46121027649830726], "centroid": [-0.42257555511153855, 2.7316260246059914, -0.5300000841915582], "normalizedAxes": [0.6524165868759155, 0.757860541343689, 1.6827884449092977e-16, 0, -2.220446049250313e-16, 1, 0.757860541343689, -0.6524165868759155, -1.4486558327940003e-16]}, "segments": [35953, 36042, 22516, 25713, 24597, 23803, 25796, 562, 581, 21715, 22540, 24564, 24613, 24780, 24792, 24809, 25766, 34958, 35000, 36017, 34854, 574, 34855, 35941, 24761, 24765, 22528], "label": "box"}, {"objectId": 8, "id": 8, "partId": 8, "index": 6, "dominantNormal": [0, -2.220446049250313e-16, 1], "obb": {"axesLengths": [0.3664747698570736, 0.22588496895391552, 0.31875976981171805], "centroid": [-0.09677229906958673, 2.682592108837207, -0.5370575868996021], "normalizedAxes": [0.5021230578422546, 0.8647961616516113, 1.9202332205461555e-16, 0, -2.220446049250313e-16, 1, 0.8647961616516113, -0.5021230578422546, -1.1149371600233207e-16]}, "segments": [34932, 24893, 24736, 34893, 23540, 24888, 566, 22244, 23559, 23573, 24650, 34374, 34989, 35957], "label": "box"}, {"objectId": 9, "id": 9, "partId": 9, "index": 7, "dominantNormal": [0, -2.220446049250313e-16, 1], "obb": {"axesLengths": [0.539828458298044, 0.21930601702691566, 0.4644752675427091], "centroid": [-0.30915858746016317, 2.342335490674972, -0.5603471029472249], "normalizedAxes": [0.4760470390319824, 0.8794198036193848, 1.952704228579149e-16, 0, -2.220446049250313e-16, 1, 0.8794198036193848, -0.4760470390319824, -1.057036767075875e-16]}, "segments": [23621, 36002, 25204, 25261, 34492, 34507, 34524, 23616, 23638, 23630, 23632, 23686, 23731, 23748, 23768, 23769, 23771, 23878, 34516, 35004, 35013], "label": "box"}, {"objectId": 10, "id": 10, "partId": 10, "index": 8, "dominantNormal": [0.8998118042945862, -0.43627825379371643, -9.687323250100831e-17], "obb": {"axesLengths": [2.5350645653075263, 0.8979499735396353, 0.11950743032227854], "centroid": [1.3781458784321445, 1.7062795432657372, -0.8789750940581758], "normalizedAxes": [0.4362782835960388, 0.8998118042945862, 1.9979835659147098e-16, 0, -2.220446049250313e-16, 1, 0.8998118042945862, -0.4362782835960388, -9.687323911845321e-17]}, "segments": [18417, 59, 66, 83, 356, 756, 1135, 1151, 1186, 1349, 1507, 1633, 1644, 4844, 18284, 18669, 19064, 19072, 22857, 23149, 26115, 33783, 34180, 2212, 6868, 2201, 2323, 2348, 2350, 2362, 2366, 2441, 17835, 17861, 17911, 17939, 18542, 18547, 18557, 18593, 20066, 20076, 20115, 20187, 20593, 20692, 20852, 20869, 20872, 20876, 20956, 20960, 26450, 26454, 26455, 26461, 26463, 31170, 17879, 4745, 4971, 25994, 1131, 1685, 20131, 4748, 19817, 20123, 20133, 20139], "label": "cabinet"}, {"objectId": 11, "id": 11, "partId": 11, "index": 9, "dominantNormal": [-0.4829721450805664, -0.8756357431411743, -1.9443019264401824e-16], "obb": {"axesLengths": [1.5659955456532977, 1.1814499829385428, 0.20901495338255013], "centroid": [2.3225609383480097, 3.50926945146714, -0.7207250935422231], "normalizedAxes": [0.8756357431411743, -0.4829721450805664, -1.0724135914420927e-16, 0, -2.220446049250313e-16, 1, -0.4829721450805664, -0.8756357431411743, -1.9443019264401824e-16]}, "segments": [31573, 6539, 6575, 55, 6518, 6524, 6545, 6548, 7022, 7040, 7046, 7049, 7086, 7092, 7098, 7115, 7169, 9768, 9889, 26358, 27071, 27078, 27080, 22168, 6339, 27401, 27410, 9809], "label": "wardrobe"}, {"objectId": 12, "id": 12, "partId": 12, "index": 10, "dominantNormal": [0, -2.220446049250313e-16, 1], "obb": {"axesLengths": [0.7712654294866839, 0.40363698295570183, 0.4092191869742196], "centroid": [0.20655657314226644, 2.617622607810436, -0.7118185802887691], "normalizedAxes": [0.900667130947113, 0.4345097839832306, 9.648055332061713e-17, 0, -2.220446049250313e-16, 1, 0.4345097839832306, -0.900667130947113, -1.9998827726011315e-16]}, "segments": [22265, 22369, 33202, 21360, 18392, 19673, 19808, 19664, 19694, 19734, 19737, 19787, 19824, 19841, 19869, 19903, 19931, 19943, 21036, 21070, 21080, 21104, 21108, 21129, 21192, 21206, 21232, 21252, 21376, 21417, 22191, 22207, 22212, 22392, 23738, 32973, 33005, 33007, 33011, 33026, 33084, 33085, 33105, 33106, 33109, 33110, 33613, 33791, 33798, 33801, 33858, 34404, 22088], "label": "table"}, {"objectId": 13, "id": 13, "partId": 13, "index": 11, "dominantNormal": [0.6886574029922485, -0.7250868678092957, -1.6100162709904345e-16], "obb": {"axesLengths": [0.5176817076255218, 0.8398229888121111, 0.439526880730001], "centroid": [-0.3467950701367093, 3.462683916863205, -0.8745186038795421], "normalizedAxes": [0.7250868678092957, 0.6886574029922485, 1.529126609761119e-16, 0, -2.220446049250313e-16, 1, 0.6886574029922485, -0.7250868678092957, -1.6100162709904345e-16]}, "segments": [33959, 33894, 18818, 18839, 18865, 19067, 21640, 21697, 22598, 31783, 31785, 31810, 33878, 22577, 21616, 18845, 18905, 18906, 19001, 19163, 19186, 19187, 24274, 24299, 24302, 24347, 31878, 31920, 34734, 24386, 18131, 18145, 22647, 31290, 31407, 33973, 33978, 34755, 34818, 34008, 18187, 19205, 19420, 22718, 31418, 31928, 34021, 34023, 34026, 34032, 34035, 2101, 32859, 18755, 18757, 18780, 18786, 18963, 19431, 19434, 20269, 20516, 20614, 20622, 22692, 22735, 32836, 33985, 34038, 34823, 18060, 18097, 18917, 19083, 19132, 19218, 19253, 19550, 19556, 19573, 20521, 22419, 24435, 24485, 31286, 31800, 31879, 31882, 31926, 31933, 31948, 31969, 32655, 32698, 24494, 24400, 2110, 19639, 21671, 22454, 24362, 19511, 19553], "label": "organizer"}, {"objectId": 14, "id": 14, "partId": 14, "index": 12, "dominantNormal": [0.9388124942779541, -0.3444285988807678, -7.647851216336217e-17], "obb": {"axesLengths": [0.6196534572719186, 0.7213799792219696, 0.5444630520351215], "centroid": [1.3937013225034975, 4.296304331936677, -0.550690092727018], "normalizedAxes": [0.3444285988807678, 0.9388124942779541, 2.0845824939063153e-16, 0, -2.220446049250313e-16, 1, 0.9388124942779541, -0.3444285988807678, -7.647851216336217e-17]}, "segments": [710, 697, 1866, 26131, 26132, 31718, 679, 26176, 31726, 2257, 2276, 18687, 26437, 31754, 1865, 2294, 18679, 20886, 22159, 26147, 26172, 26427, 2281, 2158, 2285, 26416, 2152, 17682, 17722, 17715, 31021, 31034, 23322], "label": "chair"}, {"objectId": 17, "id": 17, "partId": 17, "index": 14, "dominantNormal": [0, -2.220446049250313e-16, 1], "obb": {"axesLengths": [3.2754737597979195, 0.258409971183316, 1.6441523817459356], "centroid": [-0.9887765939806585, 3.8893537813519328, 1.3372248206907913], "normalizedAxes": [0.39266401529312134, 0.9196820259094238, 2.0421043209971042e-16, 0, -2.220446049250313e-16, 1, 0.9196820259094238, -0.39266401529312134, -8.718892614403758e-17]}, "segments": [17319, 24381, 3575, 3604, 7644, 11326, 11421, 11700, 17327, 17331, 18968, 19002, 23192, 23266, 25100, 25342, 25426, 25839, 25841, 25854, 26596, 27369, 27372, 30756, 30813, 32970, 34912, 35015, 30698, 16659, 18413, 18454, 18467, 21494, 21684, 24557, 24570, 24825, 25366, 26000, 26004, 26871, 27159, 34168, 31163, 10564, 13922, 14501, 19441, 16308, 16312, 19692, 32930, 35864, 19750, 18473, 19746, 22945, 32998], "label": "ceiling"}, {"objectId": 24, "id": 24, "partId": 24, "index": 20, "dominantNormal": [0, -2.220446049250313e-16, 1], "obb": {"axesLengths": [1.3190946566531523, 0.14781900909947576, 0.23215544190789864], "centroid": [1.5247142030272558, 1.8084277662202386, -0.39609059349989995], "normalizedAxes": [0.4832480549812317, 0.8754834532737732, 1.9439637750057708e-16, 0, -2.220446049250313e-16, 1, 0.8754834532737732, -0.4832480549812317, -1.073026234490974e-16]}, "segments": [25928, 25125, 25924, 25933, 25181, 20578, 20899, 20898], "label": "counter"}], "scan_id": "8eabc469-5af7-2f32-840f-c1be88e46c62", "annId": "6354", "appId": "stk.v1"}