{"segGroups": [{"objectId": 1, "id": 1, "partId": 1, "index": 0, "dominantNormal": [0, -2.220446049250313e-16, 1], "obb": {"axesLengths": [5.572860919857085, 0.7631999083638201, 4.789462471454907], "centroid": [1.1160268889836482, 1.3669509490740444, -1.3516000332295879], "normalizedAxes": [0.7832239270210266, 0.6217396855354309, 1.3805394284092796e-16, 0, -2.220446049250313e-16, 1, 0.6217396855354309, -0.7832239270210266, -1.739106474432154e-16]}, "segments": [27441, 2292, 31887, 25330, 2417, 2422, 2428, 2445, 2837, 2842, 2844, 3116, 10072, 13787, 15233, 15274, 16829, 19148, 25299, 25339, 25431, 27278, 27484, 28860, 29805, 29815, 31821, 31888, 31918, 31927, 31946, 31958, 31961, 31969, 31970, 31977, 31979, 31997, 32007, 32012, 32014, 32699, 32900, 40910, 41615, 43185, 45003, 45350, 47334, 47891, 49310, 49777, 49778, 49781, 49789, 49794, 49805, 50030, 51438, 53167, 53176, 53184, 53188, 53192, 53194, 53675, 53681, 53716, 17864, 20125, 21566, 22052, 29488, 29645, 32239, 35270, 2753, 18576, 29674, 1805, 1948, 2512, 2743, 3327, 4758, 5058, 21332, 21334, 22127, 23102, 27005, 29966, 30687, 35161, 35983, 36010, 38751, 39873, 45036, 47332, 48743, 51796, 51800, 43165, 17438, 39811, 45026], "label": "floor"}, {"objectId": 2, "id": 2, "partId": 2, "index": 1, "dominantNormal": [-0.1508629322052002, -0.9885547161102295, -2.195032413854724e-16], "obb": {"axesLengths": [5.544412985263812, 2.614986897670024, 0.20108217671421466], "centroid": [2.036002071602386, -1.2767964151967903, -0.42388657039359434], "normalizedAxes": [0.9885547161102295, -0.1508629322052002, -3.349830017933546e-17, 0, -2.220446049250313e-16, 1, -0.1508629322052002, -0.9885547161102295, -2.195032413854724e-16]}, "segments": [17600, 43231, 2252, 34328, 430, 514, 34136, 6899, 12571, 6089, 14362, 14480, 33521, 13584, 823, 2145, 4591, 6146, 6830, 6867, 7982, 12334, 12959, 13001, 13284, 13513, 13564, 13620, 13726, 14655, 17347, 18716, 18978, 21893, 24999, 26926, 34471, 35065, 36267, 37820, 40354, 40491, 40683, 42610, 42759, 42766, 42820, 47709, 52243, 52251, 52292, 52294, 53666, 53673, 40575, 31757, 39789, 52266, 31745], "label": "wall"}, {"objectId": 3, "id": 3, "partId": 3, "index": 2, "dominantNormal": [-0.1559949666261673, -0.9877578616142273, -2.1932630414372485e-16], "obb": {"axesLengths": [4.582010625535661, 2.4954009690418606, 0.21288271501913966], "centroid": [2.3059105988330395, 3.262639022035511, -0.32377958825425246], "normalizedAxes": [0.9877578616142273, -0.1559949666261673, -3.463784073480076e-17, 0, -2.220446049250313e-16, 1, -0.1559949666261673, -0.9877578616142273, -2.1932630414372485e-16]}, "segments": [43636, 22139, 13146, 13773, 31384, 15598, 35164, 54123, 22833, 15945, 12828, 12862, 12902, 13628, 13845, 13868, 13886, 13897, 13913, 13919, 13922, 13939, 13943, 14147, 14214, 14227, 14249, 14258, 14266, 14271, 14279, 14293, 14298, 14309, 14331, 15633, 15668, 15686, 15755, 15807, 15849, 15874, 15928, 15935, 15988, 15992, 15999, 16013, 16030, 19845, 19846, 19856, 19871, 19927, 19948, 19979, 20004, 20013, 20029, 20030, 20036, 20037, 20045, 20048, 21049, 22161, 22298, 22305, 22314, 22320, 22341, 22351, 22424, 22461, 22474, 22477, 22503, 22511, 22539, 22548, 22549, 22588, 22590, 22596, 22614, 22617, 22647, 22652, 22835, 22887, 22950, 25486, 25523, 25544, 25569, 25576, 25613, 25618, 25646, 25653, 25654, 25666, 25676, 26414, 26435, 26456, 26458, 26460, 26464, 26481, 26483, 26529, 26549, 26560, 26568, 26617, 26633, 26648, 26860, 27970, 30261, 31190, 31208, 31247, 31248, 31250, 31319, 31345, 31362, 31374, 31387, 31409, 31422, 31432, 31453, 31461, 31462, 35168, 35269, 35287, 35329, 37707, 44641, 44688, 44704, 45818, 46619, 47698, 47699, 47713, 47715, 47717, 47722, 47728, 47732, 47734, 47747, 47750, 47755, 47760, 47906, 48504, 48510, 48512, 48513, 48515, 48525, 48530, 48533, 48542, 48544, 48746, 48751, 48752, 48759, 48779, 48847, 48854, 48859, 48863, 48867, 48877, 49744, 49746, 49754, 49757, 49758, 49768, 49770, 54279, 54349, 55357, 55384, 13795, 13631, 37791, 37794, 37799, 45121, 44725, 53855, 25973], "label": "wall"}, {"objectId": 4, "id": 4, "partId": 4, "index": 3, "dominantNormal": [0, -2.220446049250313e-16, 1], "obb": {"axesLengths": [2.6687160499040825, 0.9631500028859817, 2.0605744335252276], "centroid": [1.628471875271796, 2.1031177508485115, -1.0915750742321815], "normalizedAxes": [0.22068744897842407, 0.9753445982933044, 2.1657000599380015e-16, 0, -2.220446049250313e-16, 1, 0.9753445982933044, -0.22068744897842407, -4.900245742032718e-17]}, "segments": [51941, 42353, 12239, 21172, 39845, 29116, 38796, 3115, 43752, 44995, 30914, 21001, 15114, 3680, 46075, 24503, 27497, 20203, 41160, 53030, 39970, 54187, 43825, 43132, 3700, 2195, 3571, 3713, 3778, 3838, 3868, 3900, 3925, 3962, 4024, 12202, 14023, 14064, 14852, 15027, 15101, 18419, 18465, 18466, 19192, 19196, 19246, 19269, 19319, 19368, 19519, 20261, 23148, 25118, 30349, 30893, 38340, 38358, 38412, 38442, 39269, 39291, 39356, 39490, 39666, 39707, 40053, 41200, 41485, 41595, 41599, 41642, 42194, 42313, 42905, 43797, 43859, 44061, 44225, 44316, 46186, 46193, 47353, 47696, 48113, 48119, 48212, 48331, 48368, 48449, 48702, 49729, 51857, 51893, 51901, 52065, 52124, 52145, 52300, 52303, 52977, 53056, 53082, 53087, 53118, 53744, 55484, 55581, 56172, 56183, 56222, 1498, 44067, 44047, 31721, 40041, 55471, 55506], "label": "bed"}, {"objectId": 5, "id": 5, "partId": 5, "index": 4, "dominantNormal": [0.9961652159690857, 0.08749201893806458, 1.9427130779195906e-17], "obb": {"axesLengths": [0.705424533696025, 0.5776330699555632, 0.5239974995789155], "centroid": [2.8717599693812783, 2.8947640290190972, -1.27925355614602], "normalizedAxes": [-0.08749201893806458, 0.9961652159690857, 2.2119311181991412e-16, 0, -2.220446049250313e-16, 1, 0.9961652159690857, 0.08749201893806458, 1.9427130779195906e-17]}, "segments": [46915, 41430, 56292, 44541, 44543, 44545, 44590, 44632, 44697, 44728, 45516, 45528, 46949, 46990, 47023, 53840, 54679, 54924, 56224, 41391, 35743, 47072, 1329, 56248], "label": "nightstand"}, {"objectId": 6, "id": 6, "partId": 6, "index": 5, "dominantNormal": [0.9854187369346619, 0.17014670372009277, 3.7780157606824355e-17], "obb": {"axesLengths": [0.6780199266287946, 0.6219009618036232, 0.554119696395077], "centroid": [0.7023731411234397, 3.225376430125329, -1.2889995113954051], "normalizedAxes": [-0.17014670372009277, 0.9854187369346619, 2.1880691412838035e-16, 0, -2.220446049250313e-16, 1, 0.9854187369346619, 0.17014670372009277, 3.7780157606824355e-17]}, "segments": [38584, 24004, 38595, 30234, 36655, 50486, 51746, 51748, 25414, 36629, 38907], "label": "nightstand"}, {"objectId": 7, "id": 7, "partId": 7, "index": 6, "dominantNormal": [-0.2520211338996887, -0.967721700668335, -2.1487738270227984e-16], "obb": {"axesLengths": [0.3778242001097512, 0.3975499779533598, 0.3153858720320312], "centroid": [2.650333976908581, 2.5128656966793903, -1.3487750115489578], "normalizedAxes": [0.967721700668335, -0.2520211637020111, -5.59599397269597e-17, 0, -2.220446049250313e-16, 1, -0.2520211637020111, -0.967721700668335, -2.1487738270227984e-16]}, "segments": [35988, 56167, 35947, 50187], "label": "bag"}, {"objectId": 8, "id": 8, "partId": 8, "index": 7, "dominantNormal": [0, -2.220446049250313e-16, 1], "obb": {"axesLengths": [0.24261365645767272, 0.23856204214925972, 0.24209956705344599], "centroid": [2.903321370067358, 3.051424391122796, -0.7145870591390042], "normalizedAxes": [0.9519855380058289, -0.30614301562309265, -6.79774049545873e-17, 0, -2.220446049250313e-16, 1, -0.30614301562309265, -0.9519855380058289, -2.1138325268084765e-16]}, "segments": [45875, 56114, 46135], "label": "lamp"}, {"objectId": 9, "id": 9, "partId": 9, "index": 8, "dominantNormal": [0.9907476305961609, -0.13571719825267792, -3.013527166754802e-17], "obb": {"axesLengths": [1.4316068420221943, 2.4827469032388865, 0.1398404275152929], "centroid": [-0.06818155941814119, 2.9504505731495496, -0.3190865570481145], "normalizedAxes": [0.13571719825267792, 0.9907476305961609, 2.199901662161354e-16, 0, -2.220446049250313e-16, 1, 0.9907476305961609, -0.13571719825267792, -3.013527166754802e-17]}, "segments": [29409, 29082, 8722, 32903, 37634, 12130, 43300, 33157], "label": "wall"}, {"objectId": 10, "id": 10, "partId": 10, "index": 9, "dominantNormal": [0.9874101281166077, -0.15818116068840027, -3.512327333163873e-17], "obb": {"axesLengths": [0.9033255987983411, 2.101869953381941, 0.1382810938280806], "centroid": [-0.09211046373750498, 2.9648499089363245, -0.500935049182138], "normalizedAxes": [0.15818116068840027, 0.9874101281166077, 2.192490917966267e-16, 0, -2.220446049250313e-16, 1, 0.9874101281166077, -0.15818116068840027, -3.512327333163873e-17]}, "segments": [43433, 3463, 51132, 33149, 9105, 9004, 51420, 51188], "label": "door"}, {"objectId": 11, "id": 11, "partId": 11, "index": 10, "dominantNormal": [-0.1806672364473343, -0.9835442900657654, -2.1839070331392327e-16], "obb": {"axesLengths": [0.7371037753141677, 2.467121903588132, 0.08511268277723644], "centroid": [-0.5075561339385781, 2.323428960867223, -0.30450904940123014], "normalizedAxes": [0.9835442900657654, -0.1806672364473343, -4.011618513984556e-17, 0, -2.220446049250313e-16, 1, -0.1806672364473343, -0.9835442900657654, -2.1839070331392327e-16]}, "segments": [15077], "label": "wall"}, {"objectId": 12, "id": 12, "partId": 12, "index": 11, "dominantNormal": [0.9831061959266663, -0.18303601443767548, -4.064215951286598e-17], "obb": {"axesLengths": [1.3750694737243743, 2.4380220225895477, 0.17130193427284168], "centroid": [-0.6097294095044963, -0.23711576494146414, -0.34563908459754833], "normalizedAxes": [0.18303602933883667, 0.9831061959266663, 2.1829342687388703e-16, 0, -2.220446049250313e-16, 1, 0.9831061959266663, -0.18303602933883667, -4.064216282158843e-17]}, "segments": [15393, 33931, 40746, 40426, 36075, 36212, 55786, 34564, 18720, 23346, 23378, 23389, 23399, 23410, 24142, 30553, 30569, 30619, 30626, 30657, 30661, 30670, 34530, 34595, 34613, 34638, 34674, 34711, 34750, 36216, 36225, 39067, 40473, 40665, 40684, 41991, 42143, 45595, 46270, 46292, 47000, 49574, 49589, 50051, 50087, 50098, 50226, 55042, 55058, 55684, 55700, 55722, 55866, 27011, 18722, 23263, 30550, 36123, 36232, 36253, 40542, 40573, 46275, 50216, 50219, 50220, 50239, 50316, 50319, 12558], "label": "wall"}, {"objectId": 13, "id": 13, "partId": 13, "index": 12, "dominantNormal": [0.9999716281890869, -0.0075292205438017845, -1.6718228010418966e-18], "obb": {"axesLengths": [2.004681881948786, 2.4831929247857705, 0.7398190461826282], "centroid": [-0.8126703106835858, 1.3928412820404419, -0.3187835568431714], "normalizedAxes": [0.007529221009463072, 0.9999716281890869, 2.220383051174861e-16, 0, -2.220446049250313e-16, 1, 0.9999716281890869, -0.007529221009463072, -1.6718229044394732e-18]}, "segments": [45586, 17208, 17002, 21802, 25928, 17041, 51059, 47981, 50859, 72, 85, 9281, 9554, 10911, 18582, 21633, 21673, 21676, 21715, 21722, 21776, 28309, 28377, 28380, 28546, 30467, 34226, 35901, 36492, 37148, 37151, 37170, 37267, 47445, 47463, 47488, 47503, 48497, 49015, 49049, 49059, 49096, 49125, 49129, 49136, 49138, 49156, 49173, 49180, 49325, 49911, 50684, 29068, 28754, 22962, 49204, 32695, 29714, 48000, 4353, 35200, 22987, 50960, 49120, 25897], "label": "wall"}, {"objectId": 14, "id": 14, "partId": 14, "index": 13, "dominantNormal": [0.976919412612915, -0.21360832452774048, -4.743057602846001e-17], "obb": {"axesLengths": [1.2326906544260712, 0.8163019832305164, 0.5943519761974697], "centroid": [-0.7857439754340159, 1.357468840600676, -1.1436190176661527], "normalizedAxes": [0.21360830962657928, 0.976919412612915, 2.1691968501722837e-16, 0, -2.220446049250313e-16, 1, 0.976919412612915, -0.21360830962657928, -4.743057271973756e-17]}, "segments": [22210, 50535, 30763, 34835, 30845, 50150, 28931, 28964, 23760, 23781, 23811, 23833, 23866, 23867, 23909, 23919, 28903, 28904, 29384, 29427, 29498, 29511, 30431, 34863, 34932, 34989, 34998, 36442, 36449, 36459, 36467, 37368, 37400, 48641, 49212, 49240, 50111, 50112, 50410, 50476, 50478, 50970, 51010, 51113, 32409], "label": "desk"}, {"objectId": 15, "id": 15, "partId": 15, "index": 14, "dominantNormal": [0.5217814445495605, -0.8530791997909546, -1.8942163388734436e-16], "obb": {"axesLengths": [0.713504257847255, 0.9415869502368501, 0.5645781484066275], "centroid": [-0.6451112485190804, 1.2721585777716853, -1.0527965316266592], "normalizedAxes": [0.8530791997909546, 0.5217814445495605, 1.158587547122193e-16, 0, -2.220446049250313e-16, 1, 0.5217814445495605, -0.8530791997909546, -1.8942163388734436e-16]}, "segments": [27091, 27145, 22758, 36289, 49602, 49823, 32170, 50351, 27022, 27524, 27532, 27549, 27568, 30702, 30713, 30875, 32057, 36306, 48900, 48902, 48910, 49614, 49647, 49878, 50178, 27621, 22976, 32246, 24284, 30812, 33319, 49902, 27153], "label": "chair"}, {"objectId": 16, "id": 16, "partId": 16, "index": 15, "dominantNormal": [-0.21675437688827515, -0.9762261509895325, -2.167657500139547e-16], "obb": {"axesLengths": [2.0131638575039577, 1.023486948978447, 0.6451370461064854], "centroid": [1.660690829042613, 0.040151361138043296, -1.0338865412618243], "normalizedAxes": [0.9762261509895325, -0.21675437688827515, -4.812913998192839e-17, 0, -2.220446049250313e-16, 1, -0.21675437688827515, -0.9762261509895325, -2.167657500139547e-16]}, "segments": [41829, 37828, 56030, 47160, 3517, 41137, 3988, 4055, 4100, 4115, 5065, 5109, 5140, 5178, 5198, 5571, 16783, 16795, 16812, 16926, 16990, 17029, 19451, 20910, 23523, 23575, 23625, 27029, 33034, 33054, 37064, 38106, 42376, 42418, 42625, 42650, 42668, 47097, 47106, 47180, 47199, 47342, 47392, 47789, 47801, 48052, 48578, 48583, 48590, 48593, 48596, 48601, 48604, 48607, 48610, 48613, 48619, 48666, 50607, 31025, 53422], "label": "commode"}, {"objectId": 17, "id": 17, "partId": 17, "index": 16, "dominantNormal": [0, -2.220446049250313e-16, 1], "obb": {"axesLengths": [2.8794542208919736, 1.165029916948901, 1.556276747640974], "centroid": [1.8412686396758056, 0.14735391257609232, -1.012515028134397], "normalizedAxes": [0.9939841032028198, 0.10952455550432205, 2.4319336656546853e-17, 0, -2.220446049250313e-16, 1, 0.10952455550432205, -0.9939841032028198, -2.2070880749743167e-16]}, "segments": [5475, 39102, 5492, 47922, 7132, 39111, 52985, 5436], "label": "wall"}, {"objectId": 18, "id": 18, "partId": 18, "index": 17, "dominantNormal": [0.9883297085762024, -0.152329683303833, -3.382398434755474e-17], "obb": {"axesLengths": [3.580794967461949, 1.1659399904473124, 0.2316653252546306], "centroid": [3.1295433482012083, 1.3688734329954593, -0.9929700546018019], "normalizedAxes": [0.1523296982049942, 0.9883297085762024, 2.1945327967647419e-16, 0, -2.220446049250313e-16, 1, 0.9883297085762024, -0.1523296982049942, -3.382398765627719e-17]}, "segments": [18437, 49507, 24099, 35881, 49412, 35596, 28475, 44569, 25738, 6528, 16413, 50488, 36794, 47131, 470, 32764, 32917, 47888], "label": "wall"}, {"objectId": 19, "id": 19, "partId": 19, "index": 18, "dominantNormal": [0, -2.220446049250313e-16, 1], "obb": {"axesLengths": [6.293969151368377, 0.21176397327116125, 4.842168309380546], "centroid": [1.5771265778273023, 1.6374785807193675, 0.8441179080906975], "normalizedAxes": [0.8931692242622375, 0.4497207701206207, 9.985807072801405e-17, 0, -2.220446049250313e-16, 1, 0.4497207701206207, -0.8931692242622375, -1.9832340753250522e-16]}, "segments": [9779, 7154, 9905, 10161, 10248, 10142, 11046, 6774, 7957, 6243, 7025, 7622, 10333, 11988, 11978, 11789, 6306, 6316, 7588, 7913, 8031, 8059, 8084, 8129, 8207, 8213, 8346, 8350, 9614, 10010, 10069, 10187, 10305, 10646, 10896, 10898, 10934, 10965, 10988, 10996, 11011, 11015, 11043, 11174, 11181, 11330, 11344, 11357, 12164, 12387, 47421, 47422, 47425, 47427, 47429, 47433, 47436, 47439, 47441, 47442, 47517, 47518, 47520, 47526, 47870, 32489, 1424, 6279, 10542, 10623, 11887, 11889, 11906, 11907, 11920, 11926, 12035, 13019, 13669, 15625, 15630, 15664, 47538, 49896, 1265, 738, 575, 251, 12783], "label": "ceiling"}, {"objectId": 20, "id": 20, "partId": 20, "index": 19, "dominantNormal": [0.9624214768409729, -0.2715601921081543, -6.029847557002073e-17], "obb": {"axesLengths": [0.3087798351216102, 0.3648359992019233, 0.2129806436212253], "centroid": [2.5489605162534437, 0.42857776337583453, -0.6465600560599551], "normalizedAxes": [0.2715601623058319, 0.9624214768409729, 2.13700496596519e-16, 0, -2.220446049250313e-16, 1, 0.9624214768409729, -0.2715601623058319, -6.029846895257583e-17]}, "segments": [34356, 34009, 33266, 40231, 24467, 51496, 34451, 24374, 24386, 24439, 34041, 34048, 34058, 34064, 34183, 34454, 40341, 40363, 40365, 48643, 50034, 51458, 51503, 51510, 51519, 51650, 51652, 34263, 51445, 34266, 50038], "label": "fan"}, {"objectId": 21, "id": 21, "partId": 21, "index": 20, "dominantNormal": [0.9506170749664307, -0.3103661835193634, -6.891513660164681e-17], "obb": {"axesLengths": [0.27097945266109946, 0.3701599753612282, 0.16203908217639496], "centroid": [-0.8508323313547428, 1.813862648826861, -1.3150800297734129], "normalizedAxes": [0.3103661835193634, 0.9506170749664307, 2.1107939284590997e-16, 0, -2.220446049250313e-16, 1, 0.9506170749664307, -0.3103661835193634, -6.891513660164681e-17]}, "segments": [35112, 34257], "label": "bin"}, {"objectId": 22, "id": 22, "partId": 22, "index": 21, "dominantNormal": [0.8066384196281433, -0.5910452008247375, -1.3123839810996464e-16], "obb": {"axesLengths": [0.249568806724291, 0.2236709842755423, 0.05051380999168133], "centroid": [-0.7509648975759151, 1.853245716710787, -0.4418355699933565], "normalizedAxes": [0.5910452008247375, 0.8066384196281433, 1.791097092036827e-16, 0, -2.220446049250313e-16, 1, 0.8066384196281433, -0.5910452008247375, -1.3123839810996464e-16]}, "segments": [9313], "label": "lamp"}, {"objectId": 23, "id": 23, "partId": 23, "index": 22, "dominantNormal": [0.9871944785118103, -0.15952135622501373, -3.542085652008836e-17], "obb": {"axesLengths": [1.6603897725784686, 0.5799999982863662, 0.14026659709531247], "centroid": [-1.0361535107481168, 1.4762435110126122, 0.25999992836564934], "normalizedAxes": [0.15952135622501373, 0.9871944785118103, 2.1920120796532723e-16, 0, -2.220446049250313e-16, 1, 0.9871944785118103, -0.15952135622501373, -3.542085652008836e-17]}, "segments": [25028, 15222, 23083, 33957, 37579, 48550, 48976, 87, 28134, 48982, 17274], "label": "blinds"}, {"objectId": 24, "id": 24, "partId": 24, "index": 23, "dominantNormal": [0.9802259206771851, -0.19788166880607605, -4.393855697195105e-17], "obb": {"axesLengths": [0.6219509315486496, 1.4010749742148443, 0.1296376143789283], "centroid": [-0.6522505420987863, -0.3044092707822794, -0.1905375801621918], "normalizedAxes": [0.19788168370723724, 0.9802259206771851, 2.1765387729404063e-16, 0, -2.220446049250313e-16, 1, 0.9802259206771851, -0.19788168370723724, -4.39385602806735e-17]}, "segments": [28640, 20481, 44405, 44350, 55330, 45252, 45245, 36840, 45300, 46322, 24174, 23201, 23253, 23326, 24224, 33882, 33928, 33964, 36857, 36876, 44332, 44750, 44754, 44780, 45240, 45251, 45269, 45291, 45314, 45590, 45733, 45745, 46246, 46255, 46304, 53831, 54680, 54685, 54870, 54872, 54875, 54880, 55704, 55707, 55741], "label": "door"}, {"objectId": 25, "id": 25, "partId": 25, "index": 24, "dominantNormal": [0, -2.220446049250313e-16, 1], "obb": {"axesLengths": [0.7284502104240217, 0.13365298210860077, 0.43025816063755246], "centroid": [1.5133504819727317, 3.1396655123310633, -0.8831735479092546], "normalizedAxes": [0.9770339131355286, -0.21308384835720062, -4.7314118924379894e-17, 0, -2.220446049250313e-16, 1, -0.21308384835720062, -0.9770339131355286, -2.169451092405358e-16]}, "segments": [48396, 20082, 40249], "label": "pillow"}, {"objectId": 26, "id": 26, "partId": 26, "index": 25, "dominantNormal": [0, -2.220446049250313e-16, 1], "obb": {"axesLengths": [0.5542941357790784, 0.23922299804040037, 0.4218026826385264], "centroid": [1.993050742619487, 3.0847038663068553, -0.8643935254694475], "normalizedAxes": [0.9794209003448486, -0.201828271150589, -4.4814878730334626e-17, 0, -2.220446049250313e-16, 1, -0.201828271150589, -0.9794209003448486, -2.1747512687239037e-16]}, "segments": [44270, 21236, 19667, 41783, 19655, 19680, 19738, 19759, 19764, 20996, 48406, 48417, 48457, 48462], "label": "pillow"}], "scan_id": "4d3d829e-8cf4-2e04-8318-b76f02d91c93", "annId": "6337", "appId": "stk.v1"}