{"segGroups": [{"objectId": 1, "id": 1, "partId": 1, "index": 0, "dominantNormal": [0, -2.220446049250313e-16, 1], "obb": {"axesLengths": [5.280151287011633, 0.18326997347317714, 3.5477880237376964], "centroid": [2.2952602509744415, 1.734895269242025, -1.3183649539567912], "normalizedAxes": [0.6932598352432251, 0.720687747001648, 1.6002482605729184e-16, 0, -2.220446049250313e-16, 1, 0.720687747001648, -0.6932598352432251, -1.5393460622697421e-16]}, "segments": [3219, 3778, 4009, 11811, 10094, 296, 27001, 28155, 10313, 11707, 13728, 17017, 22602, 25087, 7902, 28758, 22578, 22813, 22794, 22268, 22474, 11253, 26692, 26689, 28708, 14247, 13712, 13406, 27983, 27994, 10201, 28712, 13708, 13726, 13305, 10341, 14251, 26661, 12088, 22786, 27966, 28714, 28206], "label": "floor"}, {"objectId": 2, "id": 2, "partId": 2, "index": 1, "dominantNormal": [0, -2.220446049250313e-16, 1], "obb": {"axesLengths": [1.5393735317612396, 0.10374998814426356, 0.8818677110697594], "centroid": [3.2950590631873933, 3.306535118753458, -1.3018749717203906], "normalizedAxes": [-0.7034783959388733, 0.7107166647911072, 1.578108010471773e-16, 0, -2.220446049250313e-16, 1, 0.7107166647911072, 0.7034783959388733, 1.5620358249954187e-16]}, "segments": [24599, 24405, 6568, 26138, 12762, 26941, 12820, 12884, 16255, 26161, 27055, 31430, 12776, 12866, 12889, 27079, 30459, 3784, 26121, 273, 25982, 26006, 26222, 27114, 31531], "label": "rug"}, {"objectId": 3, "id": 3, "partId": 3, "index": 2, "dominantNormal": [0.7273573279380798, 0.6862589120864868, 1.5238008901052576e-16], "obb": {"axesLengths": [2.0713935983512055, 0.9126799796667694, 0.47473611843286384], "centroid": [3.21885493872768, 3.8280340446542533, -0.866339982680828], "normalizedAxes": [-0.6862589120864868, 0.7273573279380798, 1.6150577052133737e-16, 0, -2.220446049250313e-16, 1, 0.7273573279380798, 0.6862589120864868, 1.5238008901052576e-16]}, "segments": [8791, 25590, 25503, 34294, 10479, 353, 10556, 20634, 24071, 25394, 34297, 34315, 7436, 1651, 1678, 3320, 29521, 29522, 5529, 7408, 29514, 5466, 29256, 5473, 5493, 7392, 32723], "label": "bed"}, {"objectId": 4, "id": 4, "partId": 4, "index": 3, "dominantNormal": [0.48867273330688477, -0.8724671602249146, -1.9372662590220514e-16], "obb": {"axesLengths": [0.8232120505895706, 0.5738099685204778, 0.5593198050863681], "centroid": [2.3036403140143866, 4.011785503363398, -1.0569049535638477], "normalizedAxes": [0.8724671602249146, 0.48867273330688477, 1.0850714400476242e-16, 0, -2.220446049250313e-16, 1, 0.48867273330688477, -0.8724671602249146, -1.9372662590220514e-16]}, "segments": [3438, 217, 10564, 939, 3785, 2015, 28392, 29498, 29502, 29505, 29507, 30157, 33663], "label": "bedside table"}, {"objectId": 5, "id": 5, "partId": 5, "index": 4, "dominantNormal": [0.9266351461410522, -0.3759618103504181, -8.348029164615813e-17], "obb": {"axesLengths": [0.5100244510278624, 0.28889703104875153, 0.24795711630256925], "centroid": [2.3262014494327885, 4.303930743677438, -0.7944484827418222], "normalizedAxes": [0.3759618103504181, 0.9266351461410522, 2.057543349345386e-16, 0, -2.220446049250313e-16, 1, 0.9266351461410522, -0.3759618103504181, -8.348029164615813e-17]}, "segments": [3379, 11849, 3175, 2568, 2602, 2604, 3314, 28400, 28402, 28436, 2481, 1878], "label": "object"}, {"objectId": 6, "id": 6, "partId": 6, "index": 5, "dominantNormal": [0.7439010143280029, -0.668289840221405, -1.4839015354737418e-16], "obb": {"axesLengths": [5.174769537366315, 3.091439893288017, 0.22563597174657174], "centroid": [1.191067804328255, 3.0895969250507336, 0.20428000865250695], "normalizedAxes": [0.668289840221405, 0.7439010143280029, 1.6517920682979147e-16, 0, -2.220446049250313e-16, 1, 0.7439010143280029, -0.668289840221405, -1.4839015354737418e-16]}, "segments": [21799, 23783, 24354, 24086, 24309, 3931, 23830, 14319, 6339, 26655, 14069, 19662, 11025, 21116, 21648, 21361, 20249, 25391, 23336, 23413, 1530, 3075, 32004, 20859, 20344, 10998, 19441, 3275, 3280, 33487, 33668, 21172, 23241, 21420, 19592, 19556, 19602, 25622], "label": "wall"}, {"objectId": 7, "id": 7, "partId": 7, "index": 6, "dominantNormal": [0.6501637697219849, -0.7597940564155579, -1.687081710811795e-16], "obb": {"axesLengths": [0.902555452229891, 2.1392869471172915, 0.4497069592397478], "centroid": [1.5309207408069252, 3.1676037583245527, -0.2921864976990265], "normalizedAxes": [0.7597941160202026, 0.6501637697219849, 1.4436535738448716e-16, 0, -2.220446049250313e-16, 1, 0.6501637697219849, -0.7597941160202026, -1.687081843160693e-16]}, "segments": [16898, 511, 17485, 5140, 6475, 5961, 10614, 9169, 4371, 452, 573, 1009, 1019, 5635, 5879, 5962, 5999, 6378, 6415, 6447, 6485, 7795, 7846, 8460, 8472, 8548, 8567, 8590, 8876, 8898, 8906, 8908, 8974, 10237, 10377, 10392, 10393, 10423, 15548, 15569, 15574, 15584, 15596, 17497, 28875, 29561, 29676, 29693, 29785, 29795, 29798, 29865, 29900, 31060, 31065, 9811, 4372, 5225, 5928, 5953, 6165, 6344, 6523, 6527, 7857, 8493, 8509, 8514, 8917, 8971, 10282, 29803, 29909, 17746, 32687, 5567, 17358, 9545, 9550, 10960, 17369, 17373, 17391, 17414, 17423, 29751, 29759, 31500, 31507, 31509, 6364, 6530, 28444, 8656, 7770, 8591, 29818, 7645, 6845, 7572, 17615, 27711, 27763, 16901, 16921, 17528, 17554, 17569, 17592, 31513, 31515, 31520, 31523, 31551, 31900, 31903], "label": "rack"}, {"objectId": 8, "id": 8, "partId": 8, "index": 7, "dominantNormal": [0.7095944881439209, -0.704610288143158, -1.5645491305685998e-16], "obb": {"axesLengths": [1.7200630811025839, 0.6828600015597038, 0.45603857292919214], "centroid": [0.6779603311185756, 2.274426660617032, -0.9714299875178192], "normalizedAxes": [0.704610288143158, 0.7095944881439209, 1.5756162777689673e-16, 0, -2.220446049250313e-16, 1, 0.7095944881439209, -0.704610288143158, -1.5645491305685998e-16]}, "segments": [9965, 10009, 10909, 17622, 10079, 13667, 31403, 11344, 16686, 7008, 12064, 6976, 6989, 8146, 8158, 10870, 10943, 11440, 11484, 12323, 12337, 12341, 12362, 12374, 12918, 12936, 12942, 12944, 13572, 13633, 15325, 15400, 16642, 16693, 16728, 16822, 16825, 16885, 19812, 29492, 29496, 29633, 30020, 30079, 30082, 30086, 30587, 30606, 30980, 31424, 31437, 31472, 31474, 31914, 31927, 31818, 31783, 19901, 19942], "label": "tv stand"}, {"objectId": 9, "id": 9, "partId": 9, "index": 8, "dominantNormal": [0, -2.220446049250313e-16, 1], "obb": {"axesLengths": [0.2799787608922865, 0.12468898017654606, 0.1558369424956943], "centroid": [0.9484793514794547, 2.7987676239540837, -0.6323444757831589], "normalizedAxes": [0.5362212657928467, 0.844077467918396, 1.8742284789006103e-16, 0, -2.220446049250313e-16, 1, 0.844077467918396, -0.5362212657928467, -1.1906503911537285e-16]}, "segments": [32765, 10777], "label": "light"}, {"objectId": 10, "id": 10, "partId": 10, "index": 9, "dominantNormal": [0.7148268222808838, -0.6993014812469482, -1.5527612112696781e-16], "obb": {"axesLengths": [0.7934303813897017, 0.4645129785423056, 0.19925358663189952], "centroid": [0.5497196110621161, 2.309515342391158, -0.4422564836087124], "normalizedAxes": [0.6993014812469482, 0.7148268222808838, 1.587234393431744e-16, 0, -2.220446049250313e-16, 1, 0.7148268222808838, -0.6993014812469482, -1.5527612112696781e-16]}, "segments": [30832, 14836, 14922, 14979, 30904, 15113, 14726, 23012, 34128, 14870, 6824, 6766, 19726, 6732, 1805, 1823, 1831, 1873, 2040, 2047, 2129, 6820, 6823, 6830, 6838, 14070, 14166, 14736, 14759, 14778, 14839, 14885, 14949, 14961, 15010, 15026, 15061, 15073, 15142, 15156, 15175, 15534, 15593, 16052, 16080, 16598, 16615, 16628, 16630, 16650, 17407, 19702, 19727, 19739, 28486, 28638, 28791, 29454, 29457, 29462, 29475, 29489, 30846, 30848, 30963, 30967, 30974, 31386, 31399, 31495, 32840, 34124, 16545, 15389, 2147, 28487, 28633, 28626, 28789, 17053, 17360, 17409], "label": "tv"}, {"objectId": 11, "id": 11, "partId": 11, "index": 10, "dominantNormal": [0.7260190844535828, -0.6876745820045471, -1.526944308781857e-16], "obb": {"axesLengths": [0.389368047191058, 0.45999999806284886, 0.077719043148183], "centroid": [0.28017456579912015, 2.056799615696089, 0.3799999960511915], "normalizedAxes": [0.6876745820045471, 0.7260190844535828, 1.6120862077552872e-16, 0, -2.220446049250313e-16, 1, 0.7260190844535828, -0.6876745820045471, -1.526944308781857e-16]}, "segments": [23480, 34207], "label": "frame"}, {"objectId": 12, "id": 12, "partId": 12, "index": 11, "dominantNormal": [0.7983275055885315, -0.6022235751152039, -1.3372049581299536e-16], "obb": {"axesLengths": [0.3938638549593744, 0.45999999806284886, 0.09927047868572116], "centroid": [0.5289718649383213, 2.3346177417227416, 0.3799999960511915], "normalizedAxes": [0.6022235751152039, 0.7983274459838867, 1.772643023443014e-16, 0, -2.220446049250313e-16, 1, 0.7983274459838867, -0.6022235751152039, -1.3372049581299536e-16]}, "segments": [24705], "label": "frame"}, {"objectId": 13, "id": 13, "partId": 13, "index": 12, "dominantNormal": [0, -2.220446049250313e-16, 1], "obb": {"axesLengths": [1.21833006960222, 0.13999999746680258, 0.19512915234568842], "centroid": [0.6242237268652207, 2.3621412682942555, 0.1799999900907272], "normalizedAxes": [0.6573231816291809, 0.7536088228225708, 1.6733477333165565e-16, 0, -2.220446049250313e-16, 1, 0.7536088228225708, -0.6573231816291809, -1.4595506617291607e-16]}, "segments": [34325, 34301, 26067, 11577, 28531, 14357], "label": "shelf"}, {"objectId": 14, "id": 14, "partId": 14, "index": 13, "dominantNormal": [0.5121607184410095, -0.858889639377594, -1.9071181064980047e-16], "obb": {"axesLengths": [0.39859296796621535, 0.1599999928474427, 0.13474287502282659], "centroid": [0.8889149493276789, 2.664009702089297, 0.20999998316168744], "normalizedAxes": [0.858889639377594, 0.5121607184410095, 1.1372252438435416e-16, 0, -2.220446049250313e-16, 1, 0.5121607184410095, -0.858889639377594, -1.9071181064980047e-16]}, "segments": [28480, 13338], "label": "object"}, {"objectId": 15, "id": 15, "partId": 15, "index": 14, "dominantNormal": [0.8977432250976562, -0.4405190646648407, -9.781488167544887e-17], "obb": {"axesLengths": [0.17167713400368803, 0.13961797640581475, 0.12842031883806046], "centroid": [0.4279453704221081, 2.0995862378482744, 0.21980898522267434], "normalizedAxes": [0.4405190944671631, 0.8977432250976562, 1.9933903974093253e-16, 0, -2.220446049250313e-16, 1, 0.8977432250976562, -0.4405190944671631, -9.781488829289377e-17]}, "segments": [19528, 19522], "label": "object"}, {"objectId": 16, "id": 16, "partId": 16, "index": 15, "dominantNormal": [0.644355058670044, -0.764726459980011, -1.698033846819793e-16], "obb": {"axesLengths": [0.7721902119541822, 2.3021900139259532, 0.47304118417234325], "centroid": [-0.2059803055854128, 1.3321191654975748, -0.16109502514239393], "normalizedAxes": [0.764726459980011, 0.644355058670044, 1.4307556443383528e-16, 0, -2.220446049250313e-16, 1, 0.644355058670044, -0.764726459980011, -1.698033846819793e-16]}, "segments": [17297, 5735, 30341, 253, 11274, 13041, 2375, 13371, 13737, 15971, 15513, 14351, 2245, 15442, 1395, 1412, 2176, 2227, 2246, 2315, 2329, 2377, 2380, 5260, 5746, 8014, 9638, 11174, 11224, 11607, 11624, 11634, 12103, 12135, 12147, 12380, 12520, 12534, 12536, 12542, 12547, 12561, 12584, 12594, 12634, 12744, 12747, 13039, 13081, 13127, 13132, 13192, 13204, 13236, 13268, 13317, 13328, 14211, 14237, 14272, 14273, 14288, 14292, 14394, 14500, 15035, 15076, 15130, 15182, 15326, 15508, 15949, 15979, 15985, 16009, 16047, 16106, 16126, 16167, 16183, 16241, 17213, 17848, 17877, 17889, 19232, 22199, 23132, 28648, 28650, 28654, 28656, 28663, 28674, 28683, 28707, 28753, 29780, 30073, 30109, 30176, 30180, 30183, 30375, 30391, 30417, 30468, 30563, 30661, 30681, 31183, 31186, 32147, 32182, 32208, 32491, 32941, 32969, 14349, 9599, 19140, 18162, 23119, 5687, 5703, 18138, 18140, 18283, 18554, 28603, 28604, 29296, 29302], "label": "cabinet"}, {"objectId": 17, "id": 17, "partId": 17, "index": 16, "dominantNormal": [0.8037251234054565, 0.5950007438659668, 1.3211670510181834e-16], "obb": {"axesLengths": [1.5307896196947435, 0.9298430175369299, 0.911524946058037], "centroid": [1.8411300275344469, 0.9184093772815183, -0.8940384989074212], "normalizedAxes": [-0.5950007438659668, 0.8037251830101013, 1.7846284072977643e-16, 0, -2.220446049250313e-16, 1, 0.8037251830101013, 0.5950007438659668, 1.3211670510181834e-16]}, "segments": [10707, 19874, 19226, 5313, 33780, 21769, 9310, 33614, 21920, 33671, 29615, 7597, 8991, 33817, 18379, 22694, 18434, 22543, 3112, 3122, 3127, 5236, 5327, 5344, 5353, 5807, 6073, 6076, 6085, 6097, 6102, 6206, 6210, 6580, 6604, 6619, 6622, 6635, 6642, 6662, 7932, 9044, 15685, 15687, 15690, 15695, 15701, 15718, 15732, 15782, 15788, 15861, 15930, 18204, 18242, 18245, 18250, 18272, 18291, 18294, 18313, 18329, 19207, 19278, 19289, 19362, 19363, 19398, 19405, 19948, 19977, 20371, 20380, 21754, 21865, 22258, 22262, 22305, 22311, 22320, 22350, 22365, 22416, 22417, 22712, 29255, 29317, 29318, 29329, 29339, 29429, 29441, 29444, 29604, 29988, 31076, 31084, 31092, 32494, 32507, 32508, 32972, 33124, 33126, 33129, 33452, 33455, 33462, 33473, 33606, 33717, 33754, 33768, 33959, 33967, 33971, 33985, 33992, 34007, 5222, 6234, 29398, 29416, 5415, 6252, 6261, 6291, 6296, 6311, 6322, 6337, 28451, 29362, 29365, 29369, 29377, 29380, 29386, 1494, 1429, 1447, 1517, 1520, 1529, 1538, 1557, 1559, 28720, 28748, 28750, 28770, 28823, 28830, 28803, 20076, 20135, 22637, 33184, 20397, 20754, 20755, 20730, 1177, 616, 626, 1589, 1653, 5440, 28580, 29404, 1410, 1358], "label": "foosball table"}, {"objectId": 19, "id": 19, "partId": 19, "index": 17, "dominantNormal": [-0.151981920003891, -0.9883832931518555, -2.1946517784240515e-16], "obb": {"axesLengths": [0.8575949113937413, 0.8113200483176097, 0.7997314702277109], "centroid": [0.8903525010741025, -0.11769495934442364, -0.9156600088106096], "normalizedAxes": [0.9883832931518555, -0.1519819051027298, -3.374676207428924e-17, 0, -2.220446049250313e-16, 1, -0.1519819051027298, -0.9883832931518555, -2.1946517784240515e-16]}, "segments": [9892, 10052, 30206, 30201, 30243, 11525, 4609, 12426, 9888, 8289, 8264, 11562, 30259, 30261], "label": "bean bag"}, {"objectId": 20, "id": 20, "partId": 20, "index": 18, "dominantNormal": [0.9931513071060181, -0.11683541536331177, -2.5942673645598495e-17], "obb": {"axesLengths": [0.9817840565025655, 0.9172749314321217, 0.8116443425899416], "centroid": [2.758495709200022, 2.3189303731282505, -0.8784024574964692], "normalizedAxes": [0.11683541536331177, 0.9931513071060181, 2.2052388961713422e-16, 0, -2.220446049250313e-16, 1, 0.9931513071060181, -0.11683541536331177, -2.5942673645598495e-17]}, "segments": [2871, 304, 1969, 2863, 2776, 34414, 2059, 29016, 34446, 4884, 4304, 2738, 4336, 4341, 4813, 4846, 34465, 2774, 2557, 34023], "label": "bean bag"}, {"objectId": 21, "id": 21, "partId": 21, "index": 19, "dominantNormal": [-0.6637609004974365, -0.7479448318481445, -1.6607711469344023e-16], "obb": {"axesLengths": [1.7571168363749503, 1.9577709594867154, 0.2827951365657692], "centroid": [4.202954426684867, 4.672014503895799, 0.031114482556704015], "normalizedAxes": [0.7479448318481445, -0.6637609004974365, -1.473845269156363e-16, 0, -2.220446049250313e-16, 1, -0.6637609004974365, -0.7479448318481445, -1.6607711469344023e-16]}, "segments": [19769, 13808, 12228, 12077, 28046, 27614, 28196, 32527, 27525, 27480, 30001, 16554, 20054, 11320, 11249, 32, 134, 162, 165, 183, 190, 2392, 9067, 12276, 12315, 13566, 13646, 13651, 13699, 14004, 14703, 15811, 17112, 17160, 18066, 19609, 19623, 19627, 19993, 20046, 20122, 20209, 23682, 25847, 25936, 25967, 27539, 27562, 27624, 28111, 28133, 28135, 28371, 28499, 28501, 28566, 28842, 32324, 32351, 32356, 20042, 25904, 117, 108, 25930, 18440, 20153, 20311, 28888, 20201], "label": "wall"}, {"objectId": 22, "id": 22, "partId": 22, "index": 20, "dominantNormal": [0.7207526564598083, -0.6931923031806946, -1.5391961109682985e-16], "obb": {"axesLengths": [1.8458399376069874, 0.49999992921948566, 0.36687100740575296], "centroid": [2.526527855978975, -0.18016378413405887, -1.159999976083637], "normalizedAxes": [0.6931923031806946, 0.7207526564598083, 1.6003923885228496e-16, 0, -2.220446049250313e-16, 1, 0.7207526564598083, -0.6931923031806946, -1.5391961109682985e-16]}, "segments": [1791, 4603, 4607, 4670, 21549, 1425, 1430, 1445, 1450, 1454, 4400, 4495, 4527, 4598, 4630, 4645, 4656, 4675, 4680, 4686, 4937, 4972, 4979, 4987, 4995, 4998, 5016, 18035, 18046, 21486, 23721, 29187, 1223, 1220, 14009, 14549, 31302, 14492, 14494, 14535, 14557, 14575, 14595, 14606, 14618, 14621, 14625, 14637, 14649, 14654, 14663, 14665, 16308, 30714, 31288, 31336, 31367, 16458, 16514, 31373, 21551], "label": "rack"}, {"objectId": 23, "id": 23, "partId": 23, "index": 21, "dominantNormal": [-0.6969675421714783, -0.7171026468276978, -1.592287739055504e-16], "obb": {"axesLengths": [1.4653668857667157, 0.7800000135600559, 0.4758591923303498], "centroid": [3.410603861852093, 1.4433521250691281, -0.959999992474914], "normalizedAxes": [0.7171026468276978, -0.6969675421714783, -1.54757882547036e-16, 0, -2.220446049250313e-16, 1, -0.6969675421714783, -0.7171026468276978, -1.592287739055504e-16]}, "segments": [4300, 34060, 21463, 35128, 33428, 25664, 26769, 25362, 1189, 4356, 22917, 22944, 24488, 24499, 24516, 24525, 24548, 24883, 24893, 25247, 25267, 25287, 25309, 25318, 25361, 26239, 27152, 27202, 27207, 27371, 27387, 30297, 33385, 33389, 33431, 34080, 35176, 26628, 18488, 25326, 30298], "label": "object"}, {"objectId": 30, "id": 30, "initialPoint": [4.225503216933628, 4.401573061315309, 0.34720680462616316], "index": 23, "dominantNormal": [-0.6703712940216064, -0.7420257925987244, -1.6476282396176697e-16], "obb": {"axesLengths": [0.409629895540113, 0.29152996186472546, 0.2537202644129668], "centroid": [4.25538102746472, 4.536973743406824, 0.3757649743758511], "normalizedAxes": [0.7420257925987244, -0.6703713536262512, -1.488523423689994e-16, 0, -2.220446049250313e-16, 1, -0.6703713536262512, -0.7420257925987244, -1.6476282396176697e-16]}, "segments": [15147, 15781, 11673, 15742, 15980, 17099, 17104, 28561, 15352, 10793], "partId": 30, "label": "bag"}, {"objectId": 31, "id": 31, "initialPoint": [3.8340191804065697, 4.7919065765854025, 0.3495110915942674], "index": 24, "dominantNormal": [-0.4198852777481079, -0.9075772166252136, -2.0152262450450512e-16], "obb": {"axesLengths": [0.4570963154667952, 0.28934098133427677, 0.22961686995913538], "centroid": [3.966391604191636, 4.814213731474014, 0.374670484110627], "normalizedAxes": [0.9075772166252136, -0.4198852479457855, -9.323325399397076e-17, 0, -2.220446049250313e-16, 1, -0.4198852479457855, -0.9075772166252136, -2.0152262450450512e-16]}, "segments": [34199, 15828, 17336, 19937, 28926, 15112, 34159, 14848, 14872, 14886, 15104, 15160, 16012, 16019, 18215, 23049, 23377, 28533, 28536, 28783, 28870, 28859, 15805, 28577], "partId": 31, "label": "bag"}, {"objectId": 32, "id": 32, "initialPoint": [3.5635231441343453, 4.977291386132188, 0.43986683000581306], "index": 25, "dominantNormal": [0.14632642269134521, -0.9892363548278809, -2.196545955852349e-16], "obb": {"axesLengths": [0.3718776008534805, 0.32357799283613264, 0.24658015444303424], "centroid": [3.677640932018611, 5.024110155698226, 0.3970569823595058], "normalizedAxes": [0.9892363548278809, 0.14632642269134521, 3.2490992716592885e-17, 0, -2.220446049250313e-16, 1, 0.14632642269134521, -0.9892363548278809, -2.196545955852349e-16]}, "segments": [34389, 23396, 23380, 19795, 19840, 23175, 23433, 23073, 19813, 18899, 18962, 23647, 23418], "partId": 32, "label": "bag"}, {"objectId": 36, "id": 36, "initialPoint": [3.569257813602071, 3.940309304687384, -0.7529263562904742], "index": 26, "dominantNormal": [0, -2.220446049250313e-16, 1], "obb": {"axesLengths": [1.4310990962467558, 0.1841489631500326, 1.220600292848677], "centroid": [3.697742420107027, 4.063710495040137, -0.797925489814755], "normalizedAxes": [0.9849932193756104, -0.1725931018590927, -3.832336711508793e-17, 0, -2.220446049250313e-16, 1, -0.1725931018590927, -0.9849932193756104, -2.187124302500921e-16]}, "segments": [32749, 18870, 24851, 28231, 9483, 9449, 28334, 28361, 18761, 2534], "partId": 36, "label": "blanket"}, {"objectId": 37, "id": 37, "initialPoint": [2.664316367146319, 4.608561778693538, -0.6555642863683455], "index": 27, "dominantNormal": [0, -2.220446049250313e-16, 1], "obb": {"axesLengths": [0.17998618356428284, 0.1291249961601569, 0.13502860387730034], "centroid": [2.579189237720696, 4.5323629423060705, -0.25456249703699796], "normalizedAxes": [0.7908086180686951, -0.6120635271072388, -1.3590540406554802e-16, 0, -2.220446049250313e-16, 1, -0.6120635271072388, -0.7908086180686951, -1.7559478717037337e-16]}, "segments": [5107, 33146, 20869, 19504], "partId": 37, "label": "lamp"}, {"objectId": 39, "id": 39, "initialPoint": [2.9708188466091343, 4.258073605747287, -0.7248844791840326], "index": 28, "dominantNormal": [0, -2.220446049250313e-16, 1], "obb": {"axesLengths": [0.8980412096809551, 0.2599999846518042, 0.5647777443996351], "centroid": [3.0404842587994128, 4.390845113787014, -0.73999999858439], "normalizedAxes": [0.994042158126831, 0.10899630188941956, 2.420204079132561e-17, 0, -2.220446049250313e-16, 1, 0.10899630188941956, -0.994042158126831, -2.207216982800977e-16]}, "segments": [33363, 21097, 33374, 2491, 32758, 2987, 365, 2935], "partId": 39, "label": "pillow"}], "scan_id": "c7895f86-339c-2d13-82c8-3976988cd327", "annId": "6169", "appId": "stk.v1"}