{"segGroups": [{"objectId": 1, "id": 1, "partId": 1, "index": 0, "dominantNormal": [0, -2.220446049250313e-16, 1], "obb": {"axesLengths": [5.584626323556948, 0.28000008434057017, 5.333948189481063], "centroid": [0.9085340764775583, -1.3812850673199022, -1.3100000420212745], "normalizedAxes": [-0.39452171325683594, 0.9188866019248962, 2.040338124953181e-16, 0, -2.220446049250313e-16, 1, 0.9188866019248962, 0.39452171325683594, 8.760141795446062e-17]}, "segments": [30412, 7675, 13358, 2410, 21338, 7160, 7225, 5373, 12284, 27027, 27228, 25321, 29005, 30749, 23649, 8117, 21666, 16044, 40227, 15870, 12692, 15801, 11338, 17638, 36335, 25319], "label": "floor"}, {"objectId": 2, "id": 2, "partId": 2, "index": 1, "dominantNormal": [0, -2.220446049250313e-16, 1], "obb": {"axesLengths": [1.632400453936728, 0.07597994634553906, 1.4418947987592088], "centroid": [0.44561891873325243, -1.5334917367844905, -1.348860064174383], "normalizedAxes": [0.9894179701805115, -0.14509345591068268, -3.2217219094894984e-17, 0, -2.220446049250313e-16, 1, -0.14509345591068268, -0.9894179701805115, -2.1969492229445808e-16]}, "segments": [14706, 22642, 22659, 11625, 25450, 25368, 25280, 14068, 13319, 31300, 30621], "label": "rug"}, {"objectId": 3, "id": 3, "partId": 3, "index": 2, "dominantNormal": [-0.22539596259593964, -0.9742672443389893, -2.1633078536064981e-16], "obb": {"axesLengths": [3.456701962068624, 2.442859952683896, 0.31982702908487953], "centroid": [0.7827208965760787, 0.8823742404847572, -0.09444010977953532], "normalizedAxes": [0.9742672443389893, -0.22539596259593964, -5.004795746631255e-17, 0, -2.220446049250313e-16, 1, -0.22539596259593964, -0.9742672443389893, -2.1633078536064981e-16]}, "segments": [9862, 13408, 6953, 13514, 42249, 5731, 6569, 22841, 42281, 14392, 12894, 42316, 29312, 31869, 17079, 8920, 31669, 42557, 8923, 42540, 42433, 30887, 39272, 6043, 6208, 39059, 5483, 30989, 5613, 5328, 4549, 33407, 33732, 5271, 5256, 4508, 4369, 4331, 4354, 33391, 4302, 4392, 4436, 5254, 5394, 4722, 4739, 4727, 4781, 6118, 4783, 6058, 6101, 6148, 6025, 4813, 5650, 33825, 5351, 33816, 5334, 5413, 5482, 5619, 5545, 5514, 5432, 33427, 4580, 4538, 4469, 30907, 33830, 39316, 33828, 5569, 5516, 30760, 33904, 6081, 6077, 4758, 4731, 5273, 4809, 33835, 5427, 5462, 33786, 33779, 4764, 6087, 6167, 11894, 11786, 10686, 8268, 9898, 8363, 8294], "label": "wall"}, {"objectId": 4, "id": 4, "partId": 4, "index": 3, "dominantNormal": [-0.2268635332584381, -0.9739265441894531, -2.1625513473054817e-16], "obb": {"axesLengths": [1.1263362640398302, 1.339999958723784, 0.11025445210208071], "centroid": [0.14355859462699477, 0.9929710673282557, 0.4599999216943984], "normalizedAxes": [0.9739265441894531, -0.2268635332584381, -5.037382361426659e-17, 0, -2.220446049250313e-16, 1, -0.2268635332584381, -0.9739265441894531, -2.1625513473054817e-16]}, "segments": [9045, 15114], "label": "wall frame"}, {"objectId": 5, "id": 5, "partId": 5, "index": 4, "dominantNormal": [-0.23281404376029968, -0.9725212454795837, -2.1594309573371356e-16], "obb": {"axesLengths": [1.4940914046895322, 2.4010699450730533, 0.27972327578921513], "centroid": [1.488635421940121, 0.6442605044579335, -0.15053511260744035], "normalizedAxes": [0.9725212454795837, -0.23281405866146088, -5.1695105676477144e-17, 0, -2.220446049250313e-16, 1, -0.23281405866146088, -0.9725212454795837, -2.1594309573371356e-16]}, "segments": [13805, 16742, 17823, 36522, 16673, 17781, 3952, 3037, 3373, 33711, 33618, 5035, 5090, 31470, 39749, 30040, 404, 3166, 3218, 3238, 3240, 3246, 3276, 3340, 3342, 3357, 3400, 3473, 3647, 3898, 3924, 3929, 3932, 3965, 3974, 4037, 4606, 4627, 5042, 5050, 5053, 5113, 5142, 11117, 11203, 11278, 11361, 11478, 11525, 11598, 12044, 12083, 12098, 12113, 14335, 14993, 16684, 16725, 16768, 16790, 16811, 16866, 16869, 16885, 16967, 16972, 16978, 16995, 17734, 17760, 17848, 17894, 20924, 29933, 30078, 30303, 30322, 30341, 31358, 31521, 32842, 32854, 32869, 32891, 32926, 33328, 33348, 33357, 33359, 33376, 33665, 33667, 33695, 34016, 34052, 34809, 36053, 36061, 36180, 36250, 36269, 36292, 36360, 36378, 36390, 36440, 36448, 36525, 36530, 36533, 36640, 37411, 38696, 38726, 38728, 39413, 39556, 39606, 39622, 39656, 39711, 39757, 3606, 33704, 3505, 3583, 36227, 14818, 12065, 14498, 42157, 11033, 14140, 15835, 17397, 17434, 17466, 30045, 30256, 35897, 35905, 36310, 40775, 40984, 17425, 16036, 14154, 16030, 16063, 16115, 32543, 17489, 3575, 4277, 4336, 4377, 5238, 5244, 5258, 5282, 5301, 5302, 5375, 5418, 5423, 5454, 5472, 5495, 17100, 17110, 17152, 17170, 17186, 17204, 17292, 32263, 32331, 32376, 32403, 32446, 32485, 32492, 32494, 32528, 32544, 32564, 32566, 33291, 33386, 33394, 33396, 33401, 33425, 33430, 33798, 33841, 39037, 40483, 40546, 40574, 40635, 29782], "label": "curtain"}, {"objectId": 6, "id": 6, "partId": 6, "index": 5, "dominantNormal": [0.9660351276397705, -0.258410781621933, -5.737871991361065e-17], "obb": {"axesLengths": [3.0185112040638615, 1.0199999860674138, 0.3626357650967132], "centroid": [-1.0149201514975363, -0.21098540949304567, 0.47999992545694115], "normalizedAxes": [0.258410781621933, 0.9660351276397705, 2.1450288826047503e-16, 0, -2.220446049250313e-16, 1, 0.9660351276397705, -0.258410781621933, -5.737871991361065e-17]}, "segments": [32013, 31800, 35890, 1245, 1258, 1284, 7117, 7504, 7537, 7538, 7543, 11751, 11785, 11821, 11838, 11852, 12850, 12883, 12897, 12908, 20042, 21122, 21442, 21760, 25201, 26296, 28036, 28056, 28064, 28735, 28962, 29053, 29055, 29066, 29148, 29173, 29187, 29201, 30315, 30318, 30344, 30351, 30374, 31703, 31707, 31769, 31985, 31987, 31997, 32001, 32002, 32114, 32215, 32222, 32248, 32249, 32252, 32265, 32287, 32296, 32308, 32324, 32328, 33362, 34324, 34749, 34751, 34759, 37686, 38128, 38694, 39765, 39904, 39914, 39918, 39921, 39927, 39929, 39932, 40987, 42297, 42675, 42680, 42752, 42754, 15937, 16195, 27928, 27931, 27945, 27961, 27967, 27983, 28085, 28111, 28121, 28126, 28138, 28161, 28193, 28207, 30924, 39768, 39778, 41432], "label": "kitchen cabinet"}, {"objectId": 7, "id": 7, "partId": 7, "index": 6, "dominantNormal": [0.9873511791229248, -0.1585484743118286, -3.520483334003646e-17], "obb": {"axesLengths": [2.8210135997847563, 0.9635299526856095, 0.6625442478555011], "centroid": [-0.8760017017143393, -0.18053704832471118, -0.8317650314771015], "normalizedAxes": [0.1585484892129898, 0.9873511791229248, 2.1923600249061366e-16, 0, -2.220446049250313e-16, 1, 0.9873511791229248, -0.1585484892129898, -3.520483664875891e-17]}, "segments": [1594, 12523, 12593, 853, 64, 155, 179, 1135, 1141, 2267, 2333, 2819, 2831, 8136, 8737, 8804, 8916, 8934, 9191, 9350, 9439, 9453, 9458, 9474, 10496, 10507, 10538, 10850, 11377, 12342, 12519, 12552, 12557, 12990, 13016, 13605, 13699, 32936, 33042, 34188, 34422, 34425, 34427, 34433, 34600, 34861, 34903, 34933, 34934, 34940, 34941, 35689, 1049, 8091, 1565, 2344, 2363, 2892, 8775, 9183, 9292, 9391, 9415, 9422, 9436, 34335, 34399, 34455, 34464, 12411, 9298, 10524, 9979, 2877, 8596, 8618, 8701, 8859, 9259, 9265, 34175, 34241, 9926, 9971, 32107], "label": "kitchen cabinet"}, {"objectId": 8, "id": 8, "partId": 8, "index": 7, "dominantNormal": [0.9829392433166504, -0.1839306354522705, -4.084080528260936e-17], "obb": {"axesLengths": [3.1974878955611916, 1.480289008908964, 0.33360329050012005], "centroid": [-1.2475659039559603, -0.3363567970527461, 0.010144432779897627], "normalizedAxes": [0.18393062055110931, 0.9829392433166504, 2.1825635594755486e-16, 0, -2.220446049250313e-16, 1, 0.9829392433166504, -0.18393062055110931, -4.084080197388691e-17]}, "segments": [17068, 35429, 20317, 19656, 1907, 6748, 16302, 17283, 19408, 20615, 21127, 41858, 31010, 30983, 41786, 383, 888, 904, 906, 991, 1335, 1838, 1850, 1863, 1872, 1889, 2938, 3024, 3401, 6430, 6437, 6526, 6533, 6538, 6607, 6634, 6641, 6818, 6831, 6844, 7047, 7244, 7247, 7283, 7293, 7327, 7344, 7348, 7361, 7408, 7411, 8664, 9543, 16446, 17021, 17037, 17173, 18787, 18791, 18800, 18823, 18850, 18860, 18863, 18895, 18897, 18899, 18950, 18963, 18980, 19010, 19062, 19137, 19163, 19171, 19200, 19215, 19230, 19265, 19266, 19293, 19333, 19355, 19356, 19434, 19437, 19459, 19489, 19515, 19532, 19586, 20421, 20423, 20595, 20696, 20700, 20739, 20756, 20813, 20827, 20858, 20867, 20915, 20966, 21015, 21022, 28016, 28020, 30857, 30897, 30898, 30901, 30904, 30917, 30921, 30950, 30966, 30981, 30985, 31000, 31012, 31019, 31056, 31136, 31144, 31152, 31162, 31257, 33162, 33249, 33261, 33284, 33938, 33940, 33942, 33947, 34000, 34020, 34022, 34031, 34040, 34162, 34184, 34906, 34960, 34968, 34995, 35000, 35002, 35004, 35019, 35027, 35029, 35030, 35040, 35055, 35110, 35115, 35408, 35991, 35996, 35999, 36009, 36012, 41430, 41453, 41607, 41608, 41611, 41614, 41654, 41774, 41778, 41865, 41869, 41883, 41732, 35163, 21042, 36027, 21089, 20629, 41828, 19112, 6716, 3056, 6658, 6689, 6700, 8733, 8882, 19187, 20455, 20632, 20641, 20730, 20794, 20904, 20938, 21005, 32121, 33287, 33958, 34168, 34178, 34186, 34189, 34193, 34311, 34396, 35935, 41427, 41587], "label": "wall"}, {"objectId": 9, "id": 9, "partId": 9, "index": 8, "dominantNormal": [0, -2.220446049250313e-16, 1], "obb": {"axesLengths": [0.38407395373173575, 0.32684301599466004, 0.3798788790864769], "centroid": [-0.9212560582410685, 0.35273000259395526, -0.4465785615910922], "normalizedAxes": [0.5150130987167358, 0.8571823239326477, 1.9033271046634497e-16, 0, -2.220446049250313e-16, 1, 0.8571823239326477, -0.5150130987167358, -1.1435588003577376e-16]}, "segments": [33265, 2171, 3494, 33192], "label": "dish"}, {"objectId": 10, "id": 10, "partId": 10, "index": 9, "dominantNormal": [0.9853457808494568, -0.17056883871555328, -3.7873890405116414e-17], "obb": {"axesLengths": [0.24039495141266834, 0.20210799123105416, 0.172913422711631], "centroid": [-0.7395195770242777, 0.5848509242025874, -0.46894605340929285], "normalizedAxes": [0.1705688238143921, 0.9853457808494568, 2.1879071462326411e-16, 0, -2.220446049250313e-16, 1, 0.9853457808494568, -0.1705688238143921, -3.7873887096393963e-17]}, "segments": [34401, 2645, 2699, 2705, 9405, 34365], "label": "dish"}, {"objectId": 11, "id": 11, "partId": 11, "index": 10, "dominantNormal": [0.9968783855438232, 0.07895246148109436, 1.753096811742835e-17], "obb": {"axesLengths": [0.4281632280026462, 0.316416003188133, 0.28544211214427606], "centroid": [-1.035634044919927, 0.06113775834175872, -0.32820806850027995], "normalizedAxes": [-0.07895246148109436, 0.9968783855438232, 2.2135146727638127e-16, 0, -2.220446049250313e-16, 1, 0.9968783855438232, 0.07895246148109436, 1.753096811742835e-17]}, "segments": [33054, 33135, 691, 1390, 1313, 1324, 33083, 33085], "label": "object"}, {"objectId": 12, "id": 12, "partId": 12, "index": 11, "dominantNormal": [0.9946573972702026, 0.10323121398687363, 2.292193412564672e-17], "obb": {"axesLengths": [0.3415116905649361, 0.4171544816235939, 0.26475364092114523], "centroid": [-1.15982660090834, -0.16142257458739906, -0.2698318097032959], "normalizedAxes": [-0.10323122143745422, 0.9946573972702026, 2.2085830881262206e-16, 0, -2.220446049250313e-16, 1, 0.9946573972702026, 0.10323122143745422, 2.2921935780007946e-17]}, "segments": [497, 302, 33126, 348, 438, 442, 1456, 32940, 32945], "label": "object"}, {"objectId": 13, "id": 13, "partId": 13, "index": 12, "dominantNormal": [0, -2.220446049250313e-16, 1], "obb": {"axesLengths": [0.46280001533259635, 0.1797119636898048, 0.31202963464332123], "centroid": [-1.1001660976226455, -0.4623742131201838, -0.4198560564997196], "normalizedAxes": [-0.6163584589958191, 0.7874656915664673, 1.7485250837589279e-16, 0, -2.220446049250313e-16, 1, 0.7874656915664673, 0.6163584589958191, 1.3685907051992776e-16]}, "segments": [922, 1036, 3397, 8669, 1002, 884, 918, 945, 969, 32981, 32986, 32992, 32998, 33004, 33007], "label": "object"}, {"objectId": 14, "id": 14, "partId": 14, "index": 13, "dominantNormal": [0, -2.220446049250313e-16, 1], "obb": {"axesLengths": [0.4485399245383894, 0.20659401551051365, 0.29522422203344845], "centroid": [-1.2104435673931384, -0.7994770936951306, -0.44670306079008437], "normalizedAxes": [0.3274998962879181, 0.9448512196540833, 2.097991157810249e-16, 0, -2.220446049250313e-16, 1, 0.9448512196540833, -0.3274998962879181, -7.27195850842395e-17]}, "segments": [8511, 8539, 8673, 35248, 34253, 8148], "label": "object"}, {"objectId": 15, "id": 15, "partId": 15, "index": 14, "dominantNormal": [0, -2.220446049250313e-16, 1], "obb": {"axesLengths": [0.5158562198424951, 0.19067000916592747, 0.2899856607096983], "centroid": [-1.3229085244011354, -1.2080390252758961, -0.4853350504785403], "normalizedAxes": [0.301695853471756, 0.9534042477607727, 2.1169826952788744e-16, 0, -2.220446049250313e-16, 1, 0.9534042477607727, -0.301695853471756, -6.698993659165619e-17]}, "segments": [6498, 34220, 6886, 8208, 8222, 8229, 34003, 34097], "label": "object"}, {"objectId": 16, "id": 16, "partId": 16, "index": 15, "dominantNormal": [0.9443407654762268, -0.32896891236305237, -7.304577217827121e-17], "obb": {"axesLengths": [0.32602751245203376, 0.5386782168147364, 0.1479616526865596], "centroid": [-0.705082806900337, 0.29405259954071616, 0.35510183635871373], "normalizedAxes": [0.32896888256073, 0.9443407654762268, 2.0968577218477043e-16, 0, -2.220446049250313e-16, 1, 0.9443407654762268, -0.32896888256073, -7.304576556082631e-17]}, "segments": [27244, 38631, 37727, 25344, 37677], "label": "price tag"}, {"objectId": 38, "id": 38, "partId": 38, "index": 16, "dominantNormal": [0.9373221397399902, -0.3484639823436737, -7.737454729010411e-17], "obb": {"axesLengths": [0.6225188557502643, 0.8491599966028328, 0.6480283492263589], "centroid": [0.3716811517124723, 0.6962029580143101, -0.854580064760595], "normalizedAxes": [0.937322199344635, -0.3484639823436737, -7.737454729010411e-17, 0, -2.220446049250313e-16, 1, -0.3484639823436737, -0.937322199344635, -2.0812733744094092e-16]}, "segments": [10153, 7726, 7717, 7771, 7779, 7788, 10108, 10136, 10140, 10149, 12201, 34506, 34512, 7736, 8464, 9793, 9773, 9795, 35868, 12216, 10103, 7808, 6946, 10248, 34865, 12890, 11495, 11398, 12903, 12938], "label": "chair"}, {"objectId": 18, "id": 18, "partId": 18, "index": 17, "dominantNormal": [0, -2.220446049250313e-16, 1], "obb": {"axesLengths": [0.5989721484676109, 0.5730500391188996, 0.58118215447854], "centroid": [0.976571300252827, 0.5361817508294175, -0.756525076779909], "normalizedAxes": [-0.5693081617355347, 0.822124183177948, 1.8254823945306153e-16, 0, -2.220446049250313e-16, 1, 0.822124183177948, 0.5693081617355347, 1.2641180585316262e-16]}, "segments": [18239, 18307, 18300, 13896, 15252, 15249, 12826, 14305, 14309, 14425, 14442, 14446, 14468, 15243, 15268, 15271, 35751, 40694, 18840, 37388, 35776], "label": "chair"}, {"objectId": 19, "id": 19, "partId": 19, "index": 18, "dominantNormal": [0.5597674250602722, -0.8286497592926025, -1.8399720842334822e-16], "obb": {"axesLengths": [0.6388542961174943, 0.5383140026409771, 0.48840513551444253], "centroid": [1.6042859768528848, -0.547407656994596, -0.7150530599418357], "normalizedAxes": [0.8286497592926025, 0.5597674250602722, 1.2429333674741021e-16, 0, -2.220446049250313e-16, 1, 0.5597674250602722, -0.8286497592926025, -1.8399720842334822e-16]}, "segments": [23791, 23966, 22396, 15235, 15776, 22531, 36444, 37660, 22134, 22483, 38060], "label": "chair"}, {"objectId": 20, "id": 20, "partId": 20, "index": 19, "dominantNormal": [0.9458482265472412, -0.32460924983024597, -7.207773263356775e-17], "obb": {"axesLengths": [0.6495856517590823, 0.859999935477973, 0.36695446913298996], "centroid": [1.8198642861446885, 0.04145071766371866, -0.8800000146776443], "normalizedAxes": [0.32460924983024597, 0.9458482265472412, 2.1002049578272368e-16, 0, -2.220446049250313e-16, 1, 0.9458482265472412, -0.32460924983024597, -7.207773263356775e-17]}, "segments": [39784, 10366, 20651, 21164, 2535, 2487, 2611, 10343, 10353, 10604, 11835, 21139, 21154, 37379, 10711, 11723, 16256], "label": "chair"}, {"objectId": 21, "id": 21, "partId": 21, "index": 20, "dominantNormal": [0.9897848963737488, -0.14256884157657623, -3.165664210249025e-17], "obb": {"axesLengths": [1.6251019618363614, 1.1000000290572631, 1.0092356310958794], "centroid": [1.321896611641037, -0.07830640603692307, -1.0200000717490905], "normalizedAxes": [0.14256884157657623, 0.9897848963737488, 2.197763962760721e-16, 0, -2.220446049250313e-16, 1, 0.9897848963737488, -0.14256884157657623, -3.165664210249025e-17]}, "segments": [27238, 27257, 25947, 38032, 10588, 11271, 14178, 15696, 18249, 21569, 25945, 38972, 38987, 40667, 37664, 17676, 18667, 37530, 21643, 18352, 18345, 21689, 37486], "label": "dining table"}, {"objectId": 22, "id": 22, "partId": 22, "index": 21, "dominantNormal": [0, -2.220446049250313e-16, 1], "obb": {"axesLengths": [0.2056136334332644, 0.1592190230067292, 0.16963968456794565], "centroid": [1.3770785923660942, 0.41032676547093505, -0.5140345670871171], "normalizedAxes": [-0.16810618340969086, 0.9857689142227173, 2.1888466910596034e-16, 0, -2.220446049250313e-16, 1, 0.9857689142227173, 0.16810618340969086, 3.732707108065966e-17]}, "segments": [20802, 20742, 37474, 20800], "label": "object"}, {"objectId": 23, "id": 23, "partId": 23, "index": 22, "dominantNormal": [0, -2.220446049250313e-16, 1], "obb": {"axesLengths": [0.32830008493650775, 0.10955399029953794, 0.3147592988096813], "centroid": [1.31088940932477, -0.11149325980311531, -0.5152230538750513], "normalizedAxes": [0.8784661889076233, 0.4778045117855072, 1.0609391405081041e-16, 0, -2.220446049250313e-16, 1, 0.4778045117855072, -0.8784661889076233, -1.9505867785599113e-16]}, "segments": [21934, 21896, 21913, 21926, 21957, 24309, 38373, 21238, 22019, 37481, 38364, 38334, 21966, 38317], "label": "object"}, {"objectId": 24, "id": 24, "partId": 24, "index": 23, "dominantNormal": [-0.21719656884670258, -0.9761278629302979, -2.167439256806731e-16], "obb": {"axesLengths": [2.514664240345315, 2.194099973274022, 0.7192304881626183], "centroid": [-0.45705251091754384, -2.4327928235147906, -0.22705007023252533], "normalizedAxes": [0.9761278629302979, -0.21719656884670258, -4.8227326320638436e-17, 0, -2.220446049250313e-16, 1, -0.21719656884670258, -0.9761278629302979, -2.167439256806731e-16]}, "segments": [3614, 23917, 9664, 15588, 18402, 2083, 2096, 2123, 2149, 2594, 2666, 2985, 3100, 3101, 3120, 3427, 3686, 3776, 4207, 4245, 7009, 8353, 8403, 8406, 8444, 9024, 9589, 9601, 9603, 9612, 9631, 14270, 15427, 15432, 15501, 15520, 15523, 15803, 17580, 22582, 22590, 22618, 23450, 24969, 25036, 26136, 26231, 26240, 27820, 28337, 28343, 29481, 29505, 30482, 30518, 30530, 30550, 32652, 32859, 32868, 33186, 33189, 33289, 35938, 37288, 37384, 37433, 38415, 38421, 41105, 35780, 2466, 4916, 3033, 2050, 2513, 3705, 3793, 4073, 4255, 4932, 6239, 6240, 6269, 6271, 6289, 6304, 6326, 6378, 6777, 6780, 6783, 6796, 14610, 14837, 14902, 15346, 15376, 27773, 32764, 32843, 32861, 33931, 33933, 33967, 33970, 33993, 33995, 34854, 35844, 35848, 35852, 37438, 37455, 33176, 33074, 553, 534, 535, 1159, 1196, 1237, 24549, 30577, 30648, 32958, 33059, 30568, 21048, 41409, 41423, 22277, 30609, 41416, 41418, 22601, 24603, 25643, 24443], "label": "kitchen cabinet"}, {"objectId": 25, "id": 25, "partId": 25, "index": 24, "dominantNormal": [-0.3260621428489685, -0.94534832239151, -2.0990949476196397e-16], "obb": {"axesLengths": [1.2100761720926285, 2.3118929942274153, 0.5257334780477941], "centroid": [1.218745473625073, -3.026675501371007, -0.1784235590303651], "normalizedAxes": [0.94534832239151, -0.3260621428489685, -7.240033968990833e-17, 0, -2.220446049250313e-16, 1, -0.3260621428489685, -0.94534832239151, -2.0990949476196397e-16]}, "segments": [32691, 38522, 24716, 40875, 29254, 28536, 28563, 2007, 22919, 37714, 26527, 27096, 23539, 23524, 32838, 7522, 14055, 1475, 1704, 1716, 1781, 1796, 2214, 2321, 3304, 3313, 5000, 11501, 11721, 11883, 14053, 22303, 22311, 22356, 22365, 22380, 22389, 22413, 22423, 22445, 22525, 22532, 22574, 22627, 22628, 22651, 22686, 22701, 22705, 22729, 22762, 22850, 22891, 22909, 22920, 22931, 22987, 23051, 23108, 23245, 23257, 23269, 23352, 23396, 23402, 23438, 23443, 23554, 23604, 23641, 23667, 23744, 23752, 23866, 23877, 23991, 24011, 24035, 24043, 24078, 24092, 24097, 24129, 24137, 24138, 24147, 24175, 24195, 24221, 24224, 24228, 24451, 24502, 24556, 24558, 24583, 24610, 24613, 24632, 24851, 25313, 25759, 25762, 25776, 25810, 25871, 25917, 26333, 26350, 26351, 26364, 26372, 26566, 26573, 27114, 27134, 27175, 27409, 27417, 27455, 27470, 27493, 27547, 27564, 27569, 27654, 28435, 28469, 28485, 28497, 28538, 28698, 29307, 29308, 29309, 29322, 29329, 29416, 30113, 30181, 32661, 32826, 32831, 32832, 36589, 36620, 36638, 37765, 37769, 37771, 37772, 37782, 37787, 37790, 37802, 37896, 37906, 38024, 38086, 38146, 38163, 38180, 38183, 38185, 38216, 38237, 38451, 38453, 38477, 38495, 38496, 38498, 38499, 38574, 38596, 38676, 38679, 38685, 38698, 38700, 38732, 38769, 38864, 39320, 39351, 39369, 39379, 39383, 39410, 39449, 39454, 39824, 39867, 40782, 40813, 10487, 11455, 9734], "label": "kitchen cabinet"}, {"objectId": 26, "id": 26, "partId": 26, "index": 25, "dominantNormal": [0, -2.220446049250313e-16, 1], "obb": {"axesLengths": [1.0345941303430857, 0.2000000432133664, 0.4364197302979277], "centroid": [-1.205091174644427, -3.0537157699455264, 2.44999980479479], "normalizedAxes": [0.9574434161186218, -0.28862106800079346, -6.408675101727678e-17, 0, -2.220446049250313e-16, 1, -0.28862106800079346, -0.9574434161186218, -2.1259514507013174e-16]}, "segments": [31965, 23477, 31763, 22634, 22925, 22937, 23259, 23262, 23266, 23272, 23466, 25186, 25534, 28253, 29086, 29630, 31301, 32355, 32615, 32656, 32666, 32669, 32673, 29636, 33558, 33484, 25904, 22685, 25747, 25957, 25972, 26030, 29725, 29857, 32654], "label": "ceiling"}, {"objectId": 27, "id": 27, "partId": 27, "index": 26, "dominantNormal": [0, -2.220446049250313e-16, 1], "obb": {"axesLengths": [1.7228556076418728, 0.2000000432133664, 1.2228041194285633], "centroid": [-1.809520716145073, -2.2298752480525135, 1.8699998940527447], "normalizedAxes": [0.13466490805149078, 0.9908912181854248, 2.2002204906566565e-16, 0, -2.220446049250313e-16, 1, 0.9908912181854248, -0.13466490805149078, -2.990161630555894e-17]}, "segments": [3644, 4105, 4890, 4875, 5712, 4687, 3747, 4707, 4831, 4837, 5717, 33384, 33855, 5835, 5884, 27721, 5698, 5711, 5796, 5840, 5890, 27666, 33848, 39456, 39458, 39461, 39504, 4132, 33303, 3867, 27676], "label": "ceiling"}, {"objectId": 31, "id": 31, "partId": 31, "index": 27, "dominantNormal": [0, -2.220446049250313e-16, 1], "obb": {"axesLengths": [2.424764987919444, 0.17999994352460025, 0.6806621601117685], "centroid": [-1.405034798198404, 0.8385301427414749, 1.839999863728881], "normalizedAxes": [0.23986662924289703, 0.970805823802948, 2.1556219560524514e-16, 0, -2.220446049250313e-16, 1, 0.970805823802948, -0.23986662924289703, -5.3261090924938033e-17]}, "segments": [26705, 26865, 26769, 26670, 26840, 26781, 26977, 26947, 26970, 28667, 27194, 38789, 5967, 28952, 31087, 19850, 5976, 5982, 5993, 19870, 19902, 26516, 26686, 26747, 26806, 26814, 26817, 26836, 26863, 27210, 27213, 28611, 28642, 29090, 29091, 29127, 31079, 38649, 38797, 38799, 38803, 39337, 28689], "label": "ceiling"}], "scan_id": "c7895f5f-339c-2d13-82db-e99a08b5f679", "annId": "6525", "appId": "stk.v1"}