{"segGroups": [{"objectId": 8, "id": 8, "partId": 8, "index": 0, "dominantNormal": [0, -2.220446049250313e-16, 1], "obb": {"axesLengths": [0.9267881393793546, 0.39103995879650205, 0.5218196576244571], "centroid": [2.585628205108061, -1.8631783382160554, -1.2055199789512163], "normalizedAxes": [0.7261203527450562, -0.6875675916671753, -1.5267067425099319e-16, 0, -2.220446049250313e-16, 1, -0.6875675916671753, -0.7261203527450562, -1.6123110685330037e-16]}, "segments": [40635, 12833, 28936, 6462, 7310, 10216, 13137, 23885, 25168, 25373, 31130, 35603, 35785, 7308, 27555, 10343, 29256], "label": "bench"}, {"objectId": 9, "id": 9, "partId": 9, "index": 1, "dominantNormal": [0.8906278014183044, 0.4547330141067505, 1.009710124637021e-16], "obb": {"axesLengths": [0.7782929129000477, 0.9251000078372651, 0.4976646615554787], "centroid": [2.654722752568224, 0.8698417060524792, -0.8925500331249083], "normalizedAxes": [-0.4547330141067505, 0.8906278014183044, 1.9775909830117665e-16, 0, -2.220446049250313e-16, 1, 0.8906278014183044, 0.4547330141067505, 1.009710124637021e-16]}, "segments": [2196, 2124, 2364, 8185, 6579, 8841, 7919, 36123, 7917, 7437, 2343, 7492, 649, 654, 2358, 2365, 6513, 6561, 6562, 6584, 7059, 7064, 7072, 7347, 7354, 7377, 7393, 7421, 7436, 7450, 7474, 7931, 7951, 7962, 8822, 8827, 8831, 8859, 8860, 8884, 9330, 9374, 29869, 30078, 30586, 34617, 34618, 34960, 35612, 35614, 35696, 36007, 36048, 36052, 36058, 36060, 36063, 36066, 36069, 36139, 36613, 5350, 3448, 36321, 36590, 9280], "label": "shelf"}, {"objectId": 10, "id": 10, "partId": 10, "index": 2, "dominantNormal": [0.7552316784858704, 0.6554579138755798, 1.4554089353148832e-16], "obb": {"axesLengths": [0.8455545749802059, 0.7717899507629133, 0.4673605325789089], "centroid": [2.105955686045397, 1.553847665617865, -0.9758949676328532], "normalizedAxes": [-0.6554579138755798, 0.7552316784858704, 1.6769511967626335e-16, 0, -2.220446049250313e-16, 1, 0.7552316784858704, 0.6554579138755798, 1.4554089353148832e-16]}, "segments": [35419, 36668, 3597, 35296, 4771, 9870, 5465, 36548, 1857, 1917, 1921, 2310, 3549, 3594, 3625, 3627, 4678, 4690, 4691, 4704, 4743, 4755, 5377, 5432, 5439, 5471, 5879, 5932, 9869, 9893, 10221, 10228, 10243, 10253, 10261, 10267, 10583, 10817, 10839, 11306, 34948, 35251, 35256, 35263, 35265, 35273, 35279, 35289, 35293, 36142, 36422, 36426, 36428, 36535, 3515], "label": "shelf"}, {"objectId": 11, "id": 11, "partId": 11, "index": 3, "dominantNormal": [0.8338034749031067, 0.5520613789558411, 1.2258225078461772e-16], "obb": {"axesLengths": [0.6048385282349532, 0.9007779754524382, 0.5061453449814485], "centroid": [-0.6341868720464536, -0.4289866702471498, -0.9862109816921284], "normalizedAxes": [-0.5520614385604858, 0.8338034749031067, 1.8514156316997858e-16, 0, -2.220446049250313e-16, 1, 0.8338034749031067, 0.5520614385604858, 1.2258226401950752e-16]}, "segments": [28102, 41156, 22022, 22027, 22031, 22115, 22154, 22215, 28051, 28064, 28085, 28142, 28153, 40363, 40366, 41135, 42266, 42421, 18513, 18533, 18579, 21180, 21269, 24937, 24987, 25025, 25127, 29085, 29112, 39203, 39207, 40359, 42438, 25076, 40328, 18507, 18510, 18528, 18582, 22123, 22326, 24945, 24962, 28053, 39327, 39332, 39355, 39359, 39435, 40295, 40361, 41124, 41205, 22673, 20102, 20105, 21172, 21226, 21280, 21703, 21713, 21717, 21727, 21736, 21756, 21766, 21777, 21824, 21839, 21878, 22382, 24828, 24884, 28007, 28017, 28028, 28068, 28092, 28128, 29074, 29102, 30187, 30206, 30209, 30266, 30297, 30301, 30330, 30331, 30367, 30373, 30388, 30438, 30443, 30473, 30527, 30543, 30608, 30617, 39249, 39251, 39255, 39259, 39262, 39280, 39288, 39337, 39431, 39433, 40339, 40930, 40933, 40963, 40970, 40983, 41138, 42098, 29069, 29095, 29154, 29125, 29182, 38454, 32999, 19440, 40287, 29183, 46862, 39343, 18562, 18584, 18591, 18597, 20120, 20130, 24887, 29198, 38748, 38757, 38763, 30396], "label": "cabinet"}, {"objectId": 16, "id": 16, "partId": 16, "index": 7, "dominantNormal": [0.5501663684844971, -0.8350550532341003, -1.854194693860168e-16], "obb": {"axesLengths": [0.5499598024511214, 0.4838799130049363, 0.3193259718949136], "centroid": [2.417778905849705, -4.435915722175357, -1.2119399950964749], "normalizedAxes": [0.8350550532341003, 0.5501663684844971, 1.2216147393317935e-16, 0, -2.220446049250313e-16, 1, 0.5501663684844971, -0.8350550532341003, -1.854194693860168e-16]}, "segments": [8354, 8236, 16661, 8222, 8227, 8265, 8289, 8380, 8455, 8458, 9310, 16372, 16744, 35320, 35330, 35377, 42937, 9583, 3692, 8497, 9738, 11032, 12041, 39709, 40924, 40925, 40928, 10110, 4019, 8108, 10052, 35788], "label": "chair"}, {"objectId": 19, "id": 19, "partId": 19, "index": 10, "dominantNormal": [0, -2.220446049250313e-16, 1], "obb": {"axesLengths": [0.852490686088145, 0.5256839277069879, 0.8129935690380081], "centroid": [2.4271603532805988, -1.9432136022597515, -1.1671579833963963], "normalizedAxes": [0.7292293906211853, -0.6842693090438843, -1.5193830838897344e-16, 0, -2.220446049250313e-16, 1, -0.6842693090438843, -0.7292293906211853, -1.6192145194020242e-16]}, "segments": [38739, 40850, 34646, 27051, 43195, 12793, 39825, 797, 3131, 3143, 6111, 6116, 6148, 6418, 6480, 6484, 6644, 6678, 6725, 6761, 6777, 6817, 6825, 6830, 6840, 8539, 21196, 21291, 28644, 29528, 33144, 35392, 35472, 35475, 35487, 35590, 35621, 35632, 35635, 35638, 35639, 35782], "label": "table"}, {"objectId": 20, "id": 20, "partId": 20, "index": 11, "dominantNormal": [0, -2.220446049250313e-16, 1], "obb": {"axesLengths": [0.9149136353790812, 0.3817399654893581, 0.6109145944278521], "centroid": [2.2654477676272586, -2.179799849744735, -1.2391299645052112], "normalizedAxes": [-0.5724279284477234, 0.819955050945282, 1.8206659534342906e-16, 0, -2.220446049250313e-16, 1, 0.819955050945282, 0.5724279284477234, 1.2710453322022883e-16]}, "segments": [16955, 3177, 16895, 17413, 47638, 6047, 17976, 6324, 35546, 3536, 6125, 6136, 6159, 6172, 6275, 6280, 6288, 6305, 6367, 6370, 6373, 6404, 15926, 27673, 28535, 31902, 31980, 32231, 34613, 34614, 35480, 35489, 35521, 35526, 35657, 6358], "label": "bench"}, {"objectId": 21, "id": 21, "partId": 21, "index": 12, "dominantNormal": [0.4900878965854645, 0.871673047542572, 1.9355029746538844e-16], "obb": {"axesLengths": [0.549175500503978, 0.6799999919533728, 0.5919375871720124], "centroid": [-1.1888734907354652, 1.84047138821585, -0.929999988228083], "normalizedAxes": [0.4900878667831421, 0.871673047542572, 1.9355029746538844e-16, 0, -2.220446049250313e-16, 1, 0.871673047542572, -0.4900878667831421, -1.0882136675841416e-16]}, "segments": [27529, 20674, 39094, 39729, 27713, 15484, 15430, 15463, 37783, 15546, 14392, 15518, 15577, 15599, 20631, 26689, 37804, 37814, 40358, 39097, 40929, 14409, 15600, 15608, 15614, 15615, 37621, 37830, 15634, 15645, 15652, 37840, 15675, 15673, 15677, 37863, 37875], "label": "chair"}, {"objectId": 1, "id": 1, "partId": 1, "index": 13, "dominantNormal": [0, -2.220446049250313e-16, 1], "obb": {"axesLengths": [8.8100010419104, 0.3678599513800451, 5.06149629040582], "centroid": [1.378590221131787, -0.6231499993223668, -1.3660699736460309], "normalizedAxes": [-0.4413433074951172, 0.897338330745697, 1.9924913513451537e-16, 0, -2.220446049250313e-16, 1, 0.897338330745697, 0.4413433074951172, 9.79979003490599e-17]}, "segments": [1940, 5427, 8800, 30654, 7643, 9705, 1720, 8370, 45661, 41878, 28735, 30092, 22992, 46618, 25299, 46369, 24457, 26698, 46681, 27292, 45598, 13066, 12137, 13152, 31249, 31103, 30769, 30916, 31221, 25919, 26278, 43656, 38850, 41778, 38914, 39046, 20254, 20309, 27353, 42638, 14248, 26611, 26343, 14297, 33927, 45938, 45889, 26576, 23558, 449, 451, 459, 489, 508, 523, 536, 546, 566, 633, 634, 638, 647, 665, 680, 681, 705, 729, 738, 744, 770, 793, 805, 862, 929, 969, 1168, 1269, 1378, 1382, 1410, 1451, 1477, 1481, 1484, 1489, 1497, 1506, 1519, 1537, 1556, 1648, 1844, 1899, 1910, 1957, 1966, 1972, 2020, 2041, 2047, 2064, 2089, 2090, 2252, 2266, 2421, 2428, 2434, 2447, 2455, 2468, 2513, 2555, 2573, 2590, 2594, 2608, 2658, 2659, 2671, 2694, 2745, 2768, 2780, 2806, 2823, 2847, 2850, 2853, 2860, 2869, 2883, 2889, 2902, 2923, 2931, 2937, 2938, 2947, 2965, 2972, 2993, 3033, 3043, 3083, 3106, 3122, 3149, 3235, 3255, 3285, 3292, 3306, 3327, 3331, 3367, 3369, 3370, 3375, 3383, 3384, 3386, 3397, 3526, 3580, 3636, 3672, 3695, 3711, 3715, 3719, 3725, 3726, 3740, 3786, 3807, 3810, 3829, 3834, 3858, 3872, 3873, 3875, 3910, 3921, 3933, 3937, 4022, 4055, 4164, 4173, 4184, 4190, 4208, 4242, 4244, 4247, 4265, 4267, 4273, 4311, 4342, 4380, 4383, 4385, 4428, 4523, 4882, 4914, 4951, 4957, 4962, 4990, 5019, 5041, 5139, 5538, 5563, 5580, 5581, 5595, 5641, 5648, 5650, 5690, 5704, 5709, 5716, 5747, 5779, 5792, 5793, 5801, 5806, 6376, 6429, 6492, 6523, 6529, 6550, 6556, 6571, 6580, 6668, 6708, 6772, 6947, 6979, 6995, 7002, 7009, 7090, 7106, 7130, 7173, 7615, 7617, 7690, 7726, 7730, 7731, 7745, 7751, 7752, 7756, 7760, 7777, 7786, 7813, 7814, 7852, 7883, 8062, 8206, 8294, 8381, 8446, 8563, 8609, 8748, 8997, 9016, 9044, 9062, 9087, 9091, 9095, 9112, 9157, 9176, 9208, 9211, 9235, 9239, 9249, 9254, 9260, 9271, 9318, 9404, 9417, 9646, 9839, 9912, 9913, 9946, 9952, 9962, 9981, 9987, 10003, 10021, 10131, 10158, 10163, 10380, 10385, 10396, 10400, 10699, 10706, 10709, 10717, 10744, 11100, 11157, 11299, 11445, 11468, 11477, 11500, 11532, 11819, 11831, 11947, 11953, 11966, 11970, 12024, 12026, 12046, 12050, 12052, 12053, 12070, 12078, 12153, 12179, 12181, 12190, 12225, 12233, 12308, 12309, 12314, 12348, 12359, 12411, 12490, 12493, 12537, 12578, 12582, 12660, 12767, 12778, 12783, 12860, 12887, 12932, 12981, 13017, 13026, 13033, 13073, 13197, 13215, 13275, 13400, 13415, 13418, 13431, 13486, 13506, 13825, 13842, 13846, 13858, 13885, 13905, 13950, 13951, 13958, 13965, 13982, 14015, 14018, 14026, 14109, 14115, 14155, 14169, 14178, 14198, 14234, 14236, 14311, 14326, 14344, 14357, 14364, 14367, 14477, 14505, 14515, 14516, 14549, 14571, 14589, 14608, 14618, 14705, 14738, 14746, 14753, 14782, 14797, 14805, 14817, 14826, 14850, 14896, 14940, 14951, 14966, 14969, 14994, 15004, 15010, 15014, 15030, 15113, 15118, 15123, 15125, 15133, 15154, 15158, 15160, 15174, 15178, 15198, 15199, 15203, 15212, 15227, 15233, 15236, 15252, 15254, 15270, 15294, 15309, 15702, 15711, 15744, 15779, 15780, 15801, 15817, 15834, 15845, 15847, 15873, 15938, 15955, 15962, 15997, 15998, 16009, 16041, 16061, 16069, 16077, 16090, 16113, 16119, 16197, 16224, 16228, 16247, 16257, 16302, 16314, 16331, 16337, 16342, 16362, 16363, 16378, 16408, 16424, 16425, 16464, 16492, 17099, 17116, 17123, 17312, 17348, 17505, 17508, 17530, 17544, 17546, 17556, 17568, 17570, 17594, 17600, 17614, 17704, 17730, 17736, 17772, 17805, 17810, 17845, 17846, 17857, 17893, 17908, 17943, 17944, 18057, 18072, 18073, 18372, 18728, 18730, 18738, 18751, 18753, 18761, 18764, 18766, 18773, 18805, 18810, 18818, 18833, 18845, 18873, 18886, 18889, 18908, 18909, 18913, 18916, 18926, 18991, 18994, 19005, 19009, 19050, 19055, 19056, 19060, 19065, 19074, 19085, 19086, 19106, 19112, 19115, 19129, 19196, 19218, 19249, 19271, 19278, 19294, 19310, 19313, 19361, 19366, 19383, 19388, 19393, 19478, 19484, 19602, 19619, 19676, 19697, 19710, 19714, 19731, 19744, 19746, 19759, 19765, 19772, 19775, 19787, 19790, 19797, 19805, 19824, 19837, 19858, 19864, 19869, 19870, 19879, 19906, 19912, 19916, 19920, 19949, 19970, 20003, 20012, 20013, 20025, 20174, 20195, 20235, 20242, 20251, 20266, 20321, 20332, 20345, 20349, 20355, 20362, 20363, 20365, 20377, 20407, 20411, 20419, 20425, 20438, 20450, 20462, 20466, 20473, 20492, 20509, 20521, 20522, 20550, 20561, 20566, 20571, 20581, 20610, 20693, 20696, 20706, 20715, 20738, 20739, 20744, 20760, 20765, 20785, 20810, 20845, 20850, 20871, 20872, 20885, 20891, 20900, 20928, 20940, 20948, 20972, 20999, 21005, 21007, 21015, 21020, 21045, 21073, 21085, 21086, 21091, 21094, 21114, 21352, 21358, 21385, 21388, 21393, 21395, 21396, 21402, 21459, 21465, 21467, 21495, 21510, 21528, 21533, 21555, 21596, 21611, 21639, 21644, 21671, 21674, 21904, 21916, 21963, 21974, 21977, 21984, 21990, 21998, 22009, 22207, 22273, 22304, 22359, 22401, 22512, 22531, 22556, 22575, 22581, 22612, 22634, 22714, 22721, 22759, 22763, 22783, 22787, 22825, 22846, 22849, 22862, 22867, 22881, 22887, 22903, 22908, 22936, 22945, 22960, 22976, 22983, 22988, 23001, 23015, 23031, 23041, 23059, 23069, 23084, 23091, 23100, 23113, 23115, 23136, 23137, 23141, 23153, 23187, 23196, 23217, 23227, 23364, 23388, 23399, 23412, 23415, 23493, 23568, 23573, 23575, 23603, 23610, 23624, 23628, 23648, 23678, 23685, 23694, 23710, 23713, 23738, 23787, 23807, 23913, 23945, 23959, 23988, 24014, 24015, 24024, 24046, 24048, 24074, 24075, 24094, 24098, 24102, 24113, 24136, 24340, 24350, 24357, 24359, 24400, 24427, 24451, 24481, 24495, 24505, 24512, 24523, 24524, 24525, 24529, 24551, 24575, 24583, 24584, 24605, 24610, 24622, 24639, 24672, 24695, 24701, 24704, 24727, 24761, 25156, 25307, 25338, 25353, 25417, 25420, 25433, 25448, 25469, 25474, 25480, 25548, 25580, 25601, 25664, 25680, 25690, 25692, 25711, 25715, 25733, 25737, 25795, 25818, 25829, 25845, 25851, 25857, 25866, 25884, 25900, 25907, 25932, 25940, 25963, 25981, 25986, 26000, 26013, 26024, 26029, 26042, 26047, 26051, 26076, 26083, 26105, 26126, 26127, 26139, 26142, 26159, 26161, 26279, 26287, 26290, 26296, 26308, 26322, 26368, 26379, 26383, 26388, 26395, 26402, 26443, 26448, 26449, 26458, 26464, 26504, 26507, 26525, 26529, 26551, 26554, 26573, 26577, 26606, 26608, 26657, 26673, 26680, 26684, 26703, 26727, 26757, 26803, 26805, 26828, 26830, 26849, 26859, 26869, 26886, 26890, 26893, 26911, 26932, 26936, 26950, 26967, 27025, 27027, 27075, 27082, 27107, 27115, 27116, 27117, 27141, 27147, 27150, 27157, 27160, 27172, 27174, 27178, 27187, 27203, 27207, 27218, 27223, 27230, 27238, 27260, 27272, 27278, 27290, 27300, 27326, 27339, 27341, 27360, 27399, 27440, 27474, 27505, 27539, 27807, 27865, 27873, 27894, 27919, 27925, 27938, 27952, 27956, 27973, 27985, 27996, 28397, 28421, 28424, 28454, 28482, 28500, 28505, 28556, 28623, 28635, 28655, 28660, 28665, 28668, 28699, 28715, 28731, 28765, 28784, 28792, 28806, 28888, 28921, 28978, 28989, 28999, 29004, 29036, 29043, 29056, 29252, 29276, 29283, 29322, 29341, 29426, 29448, 29453, 29460, 29464, 29467, 29468, 29502, 29512, 29665, 29685, 29686, 29895, 29898, 29909, 29948, 29955, 29980, 30001, 30004, 30010, 30016, 30070, 30086, 30098, 30100, 30102, 30142, 30148, 30166, 30210, 30214, 30253, 30262, 30277, 30285, 30326, 30335, 30392, 30397, 30435, 30445, 30468, 30487, 30489, 30494, 30501, 30508, 30534, 30546, 30549, 30575, 30584, 30593, 30611, 30614, 30638, 30671, 30679, 30706, 30710, 30718, 30728, 30738, 30747, 30755, 30756, 30767, 30779, 30783, 30787, 30801, 30816, 30819, 30828, 30830, 30839, 30844, 30850, 30869, 30871, 30874, 30878, 30888, 30911, 30914, 30935, 30943, 30954, 30956, 30958, 30960, 30969, 30971, 31020, 31027, 31043, 31085, 31122, 31145, 31167, 31220, 31375, 31423, 31445, 31471, 31480, 31482, 31492, 31497, 31799, 31825, 31837, 31841, 31857, 31860, 31870, 31919, 31957, 31965, 32424, 32431, 32452, 32467, 32509, 32515, 32538, 32572, 32575, 32588, 32603, 32605, 32609, 32611, 32624, 32626, 32635, 32677, 32692, 32738, 32765, 32773, 32791, 32830, 32841, 32853, 32855, 33058, 33098, 33130, 33171, 33249, 33255, 33268, 33333, 33465, 33506, 33522, 33548, 33566, 33601, 33606, 33608, 33623, 33630, 33648, 33649, 33653, 33655, 33676, 33707, 33726, 33728, 33729, 33753, 33759, 33833, 33852, 34169, 34191, 34194, 34209, 34233, 34242, 34261, 34298, 34342, 34351, 34377, 34440, 34442, 34459, 34576, 34583, 34604, 34615, 34657, 34671, 34675, 34691, 34692, 34697, 34783, 34785, 34804, 34816, 34832, 34839, 34851, 34853, 34857, 34869, 34872, 34875, 34879, 34889, 34896, 34899, 34913, 34928, 34931, 34979, 34997, 35008, 35062, 35078, 35080, 35082, 35084, 35133, 35187, 35202, 35208, 35241, 35245, 35247, 35323, 35325, 35388, 35399, 35405, 35600, 35604, 35697, 35747, 35939, 35961, 35967, 35969, 35972, 35979, 35999, 36009, 36013, 36040, 36157, 36307, 36311, 36315, 36318, 36322, 36513, 36531, 36619, 36622, 36727, 36728, 36844, 37149, 37155, 37169, 37172, 37173, 37175, 37185, 37205, 37209, 37214, 37215, 37222, 37225, 37227, 37247, 37257, 37260, 37268, 37277, 37287, 37316, 37333, 37336, 37379, 37400, 37616, 37628, 37635, 37643, 37647, 37648, 37677, 37683, 37685, 37691, 37692, 37697, 37700, 37702, 37709, 37719, 37756, 37760, 37877, 37884, 37886, 37887, 37891, 37894, 37897, 37899, 37923, 37960, 37963, 37966, 37981, 37983, 37990, 37995, 37996, 37999, 38012, 38017, 38035, 38040, 38051, 38053, 38057, 38126, 38154, 38166, 38198, 38257, 38262, 38279, 38291, 38294, 38320, 38321, 38325, 38331, 38333, 38345, 38351, 38356, 38365, 38371, 38374, 38389, 38396, 38401, 38460, 38461, 38464, 38473, 38478, 38492, 38510, 38512, 38531, 38537, 38543, 38547, 38549, 38552, 38557, 38559, 38566, 38571, 38654, 38658, 38670, 38672, 38682, 38683, 38693, 38695, 38701, 38702, 38708, 38715, 38772, 38774, 38779, 38783, 38786, 38791, 38795, 38817, 38828, 38829, 38838, 38844, 38989, 38996, 39025, 39029, 39032, 39036, 39039, 39041, 39084, 39099, 39104, 39107, 39112, 39115, 39127, 39137, 39142, 39154, 39156, 39167, 39170, 39175, 39178, 39196, 39198, 39200, 39201, 39216, 39221, 39232, 39236, 39239, 39244, 39274, 39305, 39307, 39310, 39438, 39439, 39443, 39453, 39459, 39460, 39468, 39479, 39492, 39497, 39499, 39515, 39526, 39533, 39617, 39633, 39638, 39640, 39683, 39732, 39734, 39737, 39744, 39749, 39756, 39758, 39782, 39784, 39821, 39904, 39928, 39937, 39943, 39957, 39975, 39996, 40092, 40095, 40104, 40108, 40118, 40124, 40134, 40138, 40140, 40143, 40213, 40224, 40233, 40246, 40249, 40368, 40395, 40410, 40414, 40415, 40422, 40424, 40431, 40436, 40453, 40456, 40461, 40504, 40506, 40510, 40559, 40561, 40689, 40693, 40695, 40697, 40701, 40704, 40708, 40712, 40714, 40803, 40811, 40812, 40814, 40817, 40852, 40862, 40866, 40868, 40874, 40889, 40917, 40919, 40957, 41240, 41242, 41244, 41257, 41259, 41263, 41362, 41389, 41392, 41395, 41399, 41405, 41452, 41481, 41488, 41501, 41508, 41510, 41595, 41599, 41612, 41688, 41727, 41743, 41747, 41750, 41799, 41825, 41830, 41842, 41844, 41848, 41853, 41900, 41911, 41921, 42005, 42010, 42022, 42029, 42079, 42090, 42094, 42444, 42478, 42483, 42489, 42512, 42616, 42718, 42725, 42732, 42741, 42747, 42749, 42751, 42755, 42759, 42769, 42772, 42779, 42784, 42794, 42796, 42801, 42827, 42847, 42866, 42906, 42929, 42941, 42970, 42977, 43026, 43029, 43163, 43165, 43168, 43178, 43194, 43222, 43350, 43356, 43359, 43362, 43368, 43381, 43387, 43389, 43390, 43537, 43540, 43546, 43585, 43617, 43621, 43625, 43742, 43765, 43768, 43785, 43788, 43792, 44426, 44779, 45325, 46258, 46281, 46827, 47147, 47229, 47266, 47383, 47386, 47404, 47410, 47413, 47425, 47428, 47457, 47534, 47541, 47545, 47551, 47556, 47560, 47569, 47579, 5349, 6722, 2727, 3289, 5809, 35002, 13735, 39613, 22170, 2635, 2725, 4435, 4490, 4995, 5008, 5060, 5110, 5174, 5183, 5210, 5255, 5275, 5322, 5357, 5380, 5724, 5816, 5869, 5896, 5902, 5939, 5942, 5957, 6078, 6085, 6094, 6103, 6123, 6133, 6144, 6214, 6262, 6273, 6274, 6276, 6346, 6364, 6415, 6507, 6674, 6683, 6694, 6695, 6924, 6956, 9299, 9529, 9530, 9549, 9639, 9742, 11021, 11119, 11139, 11394, 11470, 12150, 13570, 13591, 13644, 13671, 13675, 13677, 13681, 13684, 13699, 13700, 13724, 13775, 13776, 13781, 13786, 15895, 15905, 20686, 20699, 20791, 21858, 22008, 22037, 22197, 22442, 22460, 23241, 23264, 23312, 23336, 23339, 23350, 23377, 23431, 23434, 23443, 23486, 23495, 23496, 23507, 23510, 23518, 23524, 23531, 23536, 24520, 24595, 25011, 25012, 25066, 25075, 25085, 25104, 26250, 26261, 26269, 29543, 29578, 29579, 29583, 29621, 29627, 29633, 31999, 32034, 32202, 32204, 32207, 32222, 33029, 33771, 34939, 34966, 34983, 34987, 34993, 35010, 35023, 35031, 35098, 35099, 35106, 37340, 37344, 37348, 37350, 37352, 37356, 37363, 37365, 37367, 37372, 37373, 39366, 39489, 39504, 39508, 39575, 39604, 42517, 42550, 42577, 43230, 44784, 47350, 11404, 1864, 10958, 10940, 9824, 6749], "label": "floor"}, {"objectId": 2, "id": 2, "partId": 2, "index": 14, "dominantNormal": [0.7356350421905518, 0.6773781180381775, 1.5040815660464834e-16], "obb": {"axesLengths": [2.1965786811595547, 2.0659799114023163, 0.31193538974157176], "centroid": [-0.20443051197853768, -1.0780393250879756, -0.40299000621609404], "normalizedAxes": [-0.6773781180381775, 0.7356350421905518, 1.633437923122098e-16, 0, -2.220446049250313e-16, 1, 0.7356350421905518, 0.6773781180381775, 1.5040815660464834e-16]}, "segments": [17196, 15510], "label": "wall"}, {"objectId": 3, "id": 3, "partId": 3, "index": 15, "dominantNormal": [0.7429596781730652, 0.6693361401557922, 1.4862247880293827e-16], "obb": {"axesLengths": [1.6234636830643085, 0.8752279682033958, 0.4014870272776528], "centroid": [0.0958229165574942, -1.1570710519630938, -0.9734359780676072], "normalizedAxes": [-0.6693361401557922, 0.7429596781730652, 1.6497018821516667e-16, 0, -2.220446049250313e-16, 1, 0.7429596781730652, 0.6693361401557922, 1.4862247880293827e-16]}, "segments": [18940, 18717, 12617, 38224, 39413, 14093, 10545, 11068, 1871, 106, 10873, 36792, 26, 81, 119, 167, 173, 177, 191, 224, 446, 464, 725, 807, 856, 7218, 8648, 8686, 8711, 9658, 9680, 9688, 9694, 9704, 9716, 10045, 10078, 10082, 10438, 10454, 10555, 10596, 10622, 10639, 10677, 10682, 10687, 10705, 10863, 10959, 10985, 10991, 10998, 11001, 11057, 11067, 11088, 11095, 11147, 11159, 11168, 11169, 11170, 11184, 11197, 11199, 11201, 11228, 11230, 11240, 11247, 11248, 11255, 11270, 12373, 12423, 12430, 12638, 12646, 12678, 14047, 14060, 15747, 15756, 15769, 17629, 17650, 17661, 17674, 17688, 17701, 17750, 17776, 17819, 18224, 20151, 22660, 34679, 34694, 34702, 36042, 36335, 36526, 36634, 36637, 36720, 36783, 36785, 36791, 36823, 36835, 36847, 36911, 36953, 36955, 36969, 37015, 37072, 37115, 37179, 37182, 37230, 37232, 37330, 37548, 37551, 37553, 37785, 37793, 38248, 38255, 43736, 12614, 10061], "label": "shelf"}, {"objectId": 4, "id": 4, "partId": 4, "index": 16, "dominantNormal": [0.7870392799377441, 0.6169028878211975, 1.369799580033687e-16], "obb": {"axesLengths": [0.8129867547532795, 0.6556539910513011, 0.4005983715667415], "centroid": [-0.194214535079398, -0.8631998183734966, -0.21061402647314975], "normalizedAxes": [-0.6169028878211975, 0.7870392799377441, 1.7475782597425752e-16, 0, -2.220446049250313e-16, 1, 0.7870392799377441, 0.6169028878211975, 1.369799580033687e-16]}, "segments": [43312, 15540, 16089, 15195, 13788, 13853, 13807, 16587, 37146, 39380, 20034, 7577, 16487, 15205, 13872, 37561, 7807, 13693, 13985, 37448, 7603, 32391, 35706, 35731, 37291, 32262, 7564, 7594, 7929, 14174, 14640, 14642, 14671, 15281, 15364, 15384, 16549, 32293, 32318, 35911, 35915, 35917, 35921, 37132, 37158, 37159, 37303, 37613, 39395, 43235, 43252, 43306, 35723, 7138], "label": "shelf"}, {"objectId": 5, "id": 5, "partId": 5, "index": 17, "dominantNormal": [0.5127593278884888, -0.8585324287414551, -1.9063249395522399e-16], "obb": {"axesLengths": [1.0014409415436238, 0.9110579287024301, 0.6561118757186861], "centroid": [-0.2612003270655854, 0.9978285057512051, -0.9653509956147301], "normalizedAxes": [0.8585324287414551, 0.512759268283844, 1.1385542914773428e-16, 0, -2.220446049250313e-16, 1, 0.512759268283844, -0.8585324287414551, -1.9063249395522399e-16]}, "segments": [29412, 28400, 18671, 43849, 18668, 28185, 28186, 28195, 28202, 28225, 28241, 28287, 28314, 28331, 28336, 28345, 28362, 28512, 28594, 28596, 28758, 28802, 28838, 28849, 28850, 28856, 28877, 28918, 28920, 28981, 29008, 29094, 29120, 29179, 29232, 29293, 29303, 29310, 29358, 29368, 31318, 31412, 31451, 31463, 31506, 31558, 31600, 31937, 31938, 31987, 32112, 32261, 32274, 32325, 32328, 32332, 32340, 32416, 32517, 32568, 32591, 32713, 32942, 32958, 32971, 33044, 33071, 33089, 33119, 33696, 33719, 33778, 33797, 33823, 33854, 33861, 33904, 33912, 40512, 40718, 40805, 41333, 42453, 42502, 42511, 42519, 42521, 42583, 42586, 42592, 43133, 44045, 44263, 44278, 44014, 33958, 28537, 33773, 40509, 32974, 28258, 31195, 19419, 44356, 44400, 41923, 44300, 44304, 17183, 17185, 17187, 17191, 17203, 17212, 17214, 17227, 19181, 19184, 19429, 19490, 19491, 19492, 19499, 19510, 19520, 19524, 19525, 19526, 19537, 19539, 19550, 19566, 28365, 28922, 31259, 31633, 31659, 31664, 31765, 31777, 31849, 31894, 32984, 33172, 33186, 33193, 33198, 38286, 38579, 38582, 38595, 38602, 38636, 38638, 38648, 41956, 41990, 43056, 43064, 28558, 33201, 16960, 17308, 17320, 19583, 19584, 33200, 33203, 33210, 33228, 38168, 44428], "label": "drying rack"}, {"objectId": 6, "id": 6, "partId": 6, "index": 18, "dominantNormal": [0.5758885741233826, -0.8175281882286072, -1.815277235702977e-16], "obb": {"axesLengths": [0.6171056313562248, 0.432068040250211, 0.4122225055546852], "centroid": [1.1078543946230248, 0.8287807279571848, -1.169806038890644], "normalizedAxes": [0.8175281882286072, 0.5758885741233826, 1.278729509220661e-16, 0, -2.220446049250313e-16, 1, 0.5758885741233826, -0.8175281882286072, -1.815277235702977e-16]}, "segments": [9767, 6240, 35159, 9484, 36397, 1608, 1657, 1674, 3430, 9803, 9808, 9812, 9821, 9848, 12734, 34919, 36373, 36400, 40722, 40724, 9466, 1594, 3454], "label": "box"}, {"objectId": 7, "id": 7, "partId": 7, "index": 19, "dominantNormal": [0, -2.220446049250313e-16, 1], "obb": {"axesLengths": [0.5692020425278386, 0.2736800847870091, 0.44003327615681675], "centroid": [1.9451779910402451, 0.247663964053085, -1.24496001388967], "normalizedAxes": [0.9034662842750549, 0.4286591708660126, 9.518145624243525e-17, 0, -2.220446049250313e-16, 1, 0.4286591708660126, -0.9034662842750549, -2.006098141549406e-16]}, "segments": [35462, 35450, 35505, 35754, 18400], "label": "box"}], "scan_id": "b1f2330c-d255-2761-965e-d203c6e253c3", "annId": "6399", "appId": "stk.v1"}