{"segGroups": [{"objectId": 1, "id": 1, "partId": 1, "index": 0, "dominantNormal": [0, -2.220446049250313e-16, 1], "obb": {"axesLengths": [7.23800225255222, 0.3194599080206484, 6.716555510946101], "centroid": [-1.5397344737704675, 2.898107252232168, -1.250269979899675], "normalizedAxes": [0.9958217740058899, -0.09131788462400436, -2.027664361392664e-17, 0, -2.220446049250313e-16, 1, -0.09131788462400436, -0.9958217740058899, -2.2111685238488163e-16]}, "segments": [32425, 57040, 37278, 43208, 32174, 43151, 37093, 58542, 39830, 28094, 28395, 30288, 59731, 42446, 40634, 36634, 56198, 8546, 45661, 31108, 16760, 19032, 42436, 9345, 970, 7329, 45351, 45740, 8105, 7972, 10201, 56923, 31285, 30079, 6457, 6351, 17455, 39899, 39954, 6550, 7028, 7086, 28001, 45837, 7013, 37007, 36998, 54315, 37162, 14469, 43000, 12759, 42201, 11973, 43088, 41747, 37865, 40255, 13027, 21352, 42725, 56125, 47920, 56145, 37874, 12824, 419, 435, 473, 477, 481, 489, 506, 511, 541, 631, 651, 896, 913, 962, 1046, 1111, 1150, 1162, 1163, 1182, 1190, 1191, 1193, 1202, 1207, 1223, 1226, 1229, 1270, 1281, 1283, 1285, 1296, 1302, 1320, 1335, 1358, 1360, 1381, 1431, 1468, 1603, 1612, 1697, 1758, 1768, 1787, 1800, 1806, 1831, 1833, 1841, 1843, 1900, 1912, 1927, 1991, 2040, 2049, 2104, 2111, 2114, 2170, 2181, 2203, 2252, 2830, 2845, 2849, 2860, 2914, 2942, 3025, 3734, 4445, 4456, 4473, 4482, 5781, 6214, 6260, 6262, 6264, 6267, 6290, 6302, 6434, 6452, 6459, 6476, 6477, 6554, 6567, 6943, 6956, 6957, 6964, 6998, 7009, 7039, 7055, 7065, 7070, 7096, 7101, 7104, 7113, 7124, 7137, 7145, 7214, 7250, 7265, 7315, 7339, 7358, 7381, 7385, 7401, 7417, 7419, 7428, 7477, 7482, 7487, 7522, 7535, 7567, 7574, 7598, 7634, 7672, 7705, 7745, 7777, 7815, 7821, 7842, 7940, 7978, 8710, 8784, 8800, 8879, 8898, 8899, 8941, 8949, 8951, 8975, 8983, 8987, 8997, 9149, 9323, 9431, 9998, 10045, 10073, 10415, 10542, 11266, 11283, 11292, 11304, 11824, 11850, 11864, 11931, 11953, 11968, 11970, 11989, 12079, 12100, 12117, 12121, 12240, 12312, 12349, 12405, 12409, 12476, 12487, 12510, 12523, 12524, 12532, 12581, 12630, 12643, 12646, 12650, 12657, 12693, 12701, 12719, 12723, 12770, 12787, 12873, 12877, 12887, 12888, 12908, 12919, 12977, 12997, 13040, 13045, 13061, 13067, 13071, 13084, 13087, 13088, 13118, 13123, 13134, 13144, 13148, 13163, 13164, 13177, 13178, 13205, 13206, 13225, 13241, 13445, 13455, 13466, 13470, 13512, 13516, 13544, 13548, 13550, 13559, 13577, 13588, 13602, 13611, 13614, 13618, 13622, 13629, 13636, 13664, 13665, 13676, 13678, 13854, 13857, 13859, 13879, 13892, 13904, 13932, 13939, 13943, 13945, 13951, 13968, 13982, 13993, 14023, 14073, 14080, 14093, 14114, 14128, 14163, 14193, 14214, 14233, 14262, 14278, 14288, 14297, 14311, 14321, 14335, 14348, 14378, 14484, 14497, 14521, 14533, 14534, 14539, 14550, 14560, 14570, 14635, 14659, 14805, 14818, 14838, 14848, 14854, 14860, 14883, 14887, 14900, 14913, 14953, 14984, 14994, 15004, 15008, 15010, 15024, 15030, 15032, 15050, 15541, 15559, 15565, 15578, 15597, 15766, 15783, 15794, 15825, 15855, 15888, 16125, 16332, 16335, 16355, 16361, 16367, 16370, 16684, 16692, 16746, 16753, 16832, 16833, 16835, 16838, 16839, 16846, 16871, 16890, 16928, 16947, 16955, 16957, 16972, 16986, 17015, 17071, 17081, 17164, 17181, 17184, 17187, 17216, 17264, 17271, 17290, 17301, 17343, 17345, 17353, 17381, 17487, 17518, 17527, 17545, 17553, 17558, 17559, 18317, 18471, 18572, 18657, 18674, 18682, 18715, 18722, 18725, 18731, 18732, 18743, 18744, 18752, 18754, 18761, 18796, 18805, 18896, 18925, 18938, 18954, 19159, 19341, 19582, 19665, 19669, 19747, 19869, 19936, 19944, 19963, 19984, 19990, 20002, 20153, 20204, 20484, 20495, 20498, 20971, 21376, 21381, 21390, 21400, 21422, 21423, 21425, 21430, 21445, 21454, 21459, 21509, 21528, 21534, 21535, 21543, 21808, 21841, 21855, 21872, 21951, 21968, 21975, 22109, 22133, 22147, 22184, 22189, 22224, 22227, 22256, 22271, 22367, 22376, 22452, 22461, 22497, 22517, 22521, 22523, 22526, 22540, 22556, 22561, 22580, 22602, 22638, 22642, 22830, 22908, 22918, 22949, 22952, 22966, 22979, 22983, 22996, 23058, 23065, 23118, 23135, 23154, 23201, 23214, 23219, 23229, 23233, 23247, 23264, 23283, 23289, 23518, 23558, 23580, 23626, 23787, 23794, 23879, 23893, 23910, 23911, 23951, 24371, 24412, 24452, 24468, 24482, 24497, 24509, 24525, 24532, 24538, 24544, 24548, 24558, 24582, 24612, 24658, 24689, 24886, 24909, 24933, 24937, 24947, 24999, 25077, 25095, 25162, 25167, 25168, 25181, 25183, 25216, 25221, 25229, 25246, 25256, 25272, 25353, 25395, 25401, 25443, 25464, 25472, 25490, 25502, 25598, 25775, 25807, 25856, 25903, 25906, 25910, 25915, 25919, 26223, 26224, 26233, 26250, 26483, 26489, 26497, 26501, 26518, 26525, 26668, 26717, 26745, 26765, 26766, 26775, 26818, 26982, 27018, 27034, 27045, 27055, 27057, 27066, 27071, 27080, 27160, 27200, 27596, 27690, 28074, 28083, 28096, 28106, 28123, 28317, 28349, 28351, 28405, 28431, 28445, 28460, 28462, 28471, 28488, 28501, 28503, 28517, 28576, 28587, 28600, 28652, 28656, 28667, 28702, 28719, 28746, 28753, 28769, 28780, 28782, 28785, 28812, 28826, 28844, 28871, 28927, 28941, 28993, 29008, 29014, 29038, 29041, 29088, 29089, 29121, 29124, 29126, 29134, 29223, 29226, 29425, 29441, 29452, 29453, 29457, 29458, 29466, 29509, 29510, 29511, 29514, 29572, 29654, 29660, 29696, 29708, 29737, 29758, 29762, 29773, 29840, 29841, 29852, 29867, 29900, 29906, 29915, 29916, 29922, 29936, 29946, 29960, 29981, 30002, 30020, 30025, 30051, 30062, 30067, 30111, 30310, 30315, 30463, 30468, 30518, 30539, 30540, 30567, 30570, 30578, 30608, 30612, 30636, 30670, 30671, 30674, 30690, 30701, 30717, 30743, 30751, 30755, 30763, 30781, 30794, 30795, 30798, 30807, 30911, 30916, 30925, 30932, 30950, 30953, 31068, 31282, 31301, 31347, 31518, 31519, 31525, 31532, 31535, 31550, 31553, 31555, 31598, 31602, 31604, 31623, 31627, 31758, 31812, 31823, 31855, 31863, 31865, 31873, 31878, 31890, 31917, 31956, 32041, 32121, 32142, 32158, 32251, 32264, 32282, 32290, 32310, 32329, 32343, 32377, 32379, 32412, 33160, 33362, 33566, 33572, 33597, 34123, 34197, 34794, 34825, 34879, 34962, 35723, 35810, 35864, 36054, 36141, 36233, 36273, 36296, 36317, 36386, 36404, 36405, 36620, 36662, 36716, 36717, 36734, 36737, 36765, 36798, 36807, 36946, 36951, 36966, 37050, 37120, 37123, 37129, 37163, 37245, 37262, 37580, 37616, 37658, 37662, 37689, 37699, 37711, 37722, 37742, 37747, 37749, 37759, 37761, 37771, 37811, 37815, 37826, 37829, 37850, 37859, 37870, 37871, 37873, 37878, 37886, 37911, 37912, 37914, 37921, 37926, 37927, 37930, 38237, 38240, 38252, 38253, 38256, 38263, 38272, 38315, 38345, 38412, 38464, 38470, 38493, 38537, 38538, 38561, 38563, 38569, 38579, 38601, 38607, 38757, 38767, 38770, 38785, 38806, 38807, 38808, 38818, 38837, 38864, 38866, 38903, 38907, 38910, 38912, 38916, 38958, 38971, 38972, 39035, 39054, 39056, 39064, 39074, 39095, 39126, 39133, 39166, 39198, 39228, 39240, 39256, 39262, 39341, 39374, 39394, 39410, 39415, 39441, 39444, 39445, 39460, 39465, 39500, 39525, 39538, 39539, 39544, 39571, 39598, 39609, 39626, 39628, 39642, 39667, 39668, 39677, 39693, 39710, 39769, 39798, 39805, 39840, 39883, 39937, 39972, 39977, 39989, 40008, 40015, 40020, 40024, 40041, 40058, 40105, 40188, 40214, 40230, 40265, 40266, 40289, 40302, 40306, 40311, 40319, 40344, 40391, 40401, 40429, 40434, 40435, 40455, 40494, 40503, 40504, 40507, 40529, 40573, 40577, 40639, 40650, 40917, 40987, 41041, 41071, 41079, 41101, 41159, 41173, 41237, 41255, 41257, 41261, 41270, 41285, 41288, 41298, 41300, 41319, 41331, 41339, 41345, 41355, 41369, 41410, 41445, 41459, 41463, 41503, 41504, 41519, 41520, 41558, 41606, 41680, 41686, 41799, 41843, 41858, 41893, 42131, 42142, 42213, 42249, 42250, 42265, 42297, 42304, 42324, 42334, 42343, 42352, 42367, 42510, 42575, 42646, 42647, 42679, 42706, 42736, 42743, 42747, 42912, 42921, 42948, 42955, 42964, 42965, 42971, 42995, 43019, 43026, 43031, 43080, 43082, 43087, 43128, 43165, 43192, 43198, 43224, 43247, 43372, 43390, 43408, 43411, 43412, 43440, 43448, 43454, 43490, 43494, 43499, 43509, 43528, 43530, 43592, 43669, 43769, 43770, 43780, 43783, 43796, 43802, 43810, 43902, 43906, 43908, 43924, 43929, 43931, 43943, 43951, 43954, 44084, 45163, 45172, 45174, 45178, 45181, 45184, 45188, 45253, 45255, 45257, 45264, 45266, 45269, 45275, 45276, 45279, 45282, 45285, 45288, 45308, 45332, 45336, 45344, 45637, 45643, 45673, 45707, 45715, 45743, 45746, 45749, 45763, 45765, 45766, 45770, 45772, 45779, 45830, 45840, 45850, 45877, 45883, 45894, 45903, 45907, 45910, 45985, 45995, 46032, 46035, 46041, 46046, 46163, 46199, 46244, 46314, 47643, 47649, 47655, 47659, 47664, 47668, 47673, 47676, 47683, 47685, 47686, 47693, 47695, 47696, 47712, 47721, 47731, 47872, 47876, 47889, 47892, 47894, 47897, 47899, 47913, 47929, 47930, 47940, 47948, 47951, 47952, 47958, 47994, 48017, 48019, 48028, 48087, 48090, 48091, 48093, 48097, 48098, 48102, 48120, 48122, 48138, 48159, 48169, 48181, 48188, 48196, 48256, 48259, 48279, 48281, 48283, 48288, 48294, 48406, 48410, 48419, 48602, 48728, 48730, 48827, 48842, 48860, 48864, 48873, 48904, 49051, 49088, 49166, 49180, 49185, 49189, 49195, 49205, 49542, 49559, 49566, 49569, 50054, 50057, 50060, 50066, 50205, 50210, 50213, 50216, 50245, 50294, 50297, 50301, 50306, 50310, 50323, 50385, 50389, 50422, 50446, 50447, 50449, 50453, 50465, 50466, 50471, 50474, 50476, 50480, 50637, 50670, 50675, 50682, 50684, 50719, 50720, 50726, 50727, 50734, 50737, 50793, 50797, 50868, 50945, 50952, 50973, 50975, 50977, 50985, 50988, 50996, 51023, 51031, 51038, 51041, 51048, 51049, 51052, 51509, 51513, 51521, 51526, 51527, 51542, 51547, 51550, 51555, 51561, 51566, 51576, 51581, 51591, 51618, 51634, 51719, 51732, 51752, 51766, 51773, 51775, 51778, 51780, 51805, 51817, 51819, 51820, 51840, 51841, 51845, 51853, 51855, 51864, 51899, 51924, 51933, 51940, 51945, 51958, 51959, 51961, 51967, 51972, 51982, 51984, 51995, 52140, 52143, 52145, 52147, 52149, 52188, 52190, 52192, 52200, 52206, 52244, 52252, 52258, 52262, 52267, 52302, 52404, 52593, 52610, 52737, 52944, 52947, 53290, 53298, 53300, 53424, 53983, 54338, 54341, 54364, 54376, 54433, 54434, 54437, 54439, 54447, 54464, 54468, 54471, 54478, 54486, 54491, 54496, 54499, 55037, 55044, 55051, 55053, 55056, 55065, 55072, 55074, 55090, 55094, 55097, 55113, 55327, 55334, 55340, 55360, 55366, 55370, 55380, 55382, 55384, 55547, 55569, 55572, 55671, 55677, 55716, 55718, 55721, 55726, 55741, 55755, 55767, 55769, 55772, 55778, 55781, 55786, 55788, 55792, 55795, 55796, 55804, 55814, 55819, 55822, 55828, 55835, 55839, 55847, 55849, 55851, 55890, 55896, 55898, 55907, 55908, 55920, 55921, 55925, 55926, 55969, 55979, 55981, 55984, 55987, 55993, 55998, 56001, 56006, 56170, 56176, 56200, 56202, 56211, 56220, 56224, 56225, 56228, 56233, 56234, 56238, 56337, 56348, 56352, 56388, 56401, 56445, 56457, 56463, 56466, 56467, 56572, 56574, 56579, 56595, 56820, 56825, 56838, 56842, 56848, 56967, 57807, 57899, 57940, 59191, 59207, 59370, 59903, 59948, 60232, 60237, 60239, 16391, 1858, 9, 266, 731, 787, 797, 799, 822, 851, 1021, 1027, 1056, 1063, 1090, 1093, 1123, 1216, 1235, 1293, 1311, 1312, 1328, 1350, 1371, 1393, 1411, 1537, 1548, 1554, 1555, 1581, 1587, 1740, 2475, 2505, 2519, 2591, 2703, 2722, 2746, 2760, 2894, 3011, 3051, 3060, 3070, 3126, 3134, 3162, 3163, 3189, 3190, 3209, 3219, 3270, 3275, 3285, 3369, 3423, 3502, 3507, 3512, 3859, 3862, 3868, 3923, 3945, 3947, 4004, 4063, 4064, 4070, 4102, 4284, 4384, 4570, 4597, 4675, 4685, 4720, 4741, 4759, 4878, 4947, 4950, 5022, 5040, 5042, 5047, 5059, 5088, 5128, 5190, 5513, 5530, 5564, 5636, 6276, 6580, 7879, 7883, 7887, 8036, 8096, 8165, 8170, 8786, 9279, 9884, 9903, 9921, 11377, 11452, 11453, 11478, 11489, 11499, 11818, 11888, 12148, 13156, 13165, 13496, 13501, 14050, 14060, 14062, 14077, 14092, 14105, 14145, 14148, 14192, 14224, 14255, 14273, 14350, 14370, 14612, 15262, 15283, 15284, 15387, 16465, 17681, 17720, 17897, 17904, 18190, 18215, 18265, 18299, 18395, 18417, 18425, 18543, 18547, 18550, 19579, 19627, 19673, 19702, 19736, 19800, 19812, 19829, 19858, 19881, 19997, 20237, 20262, 20263, 20315, 20336, 20342, 20354, 20363, 20389, 20410, 20416, 20443, 20445, 20452, 20525, 20555, 20606, 20743, 20745, 20753, 20776, 20780, 20799, 20842, 20847, 20948, 21684, 21977, 21978, 22024, 22028, 22036, 22069, 22103, 22325, 22327, 22335, 22341, 22525, 22770, 22905, 22924, 23029, 23101, 23136, 23235, 23337, 23351, 23359, 23368, 23391, 23690, 23699, 23731, 24169, 24222, 24224, 24284, 24289, 24299, 24320, 24336, 24343, 24358, 24363, 24387, 24702, 24809, 24818, 25066, 25883, 25914, 25927, 26067, 26070, 26089, 26139, 26299, 26373, 26399, 26455, 26507, 26582, 26672, 26774, 26796, 26832, 26865, 27005, 27133, 28260, 28303, 29032, 29046, 29075, 29614, 29628, 29630, 29694, 29817, 30028, 30336, 30337, 30361, 30377, 30384, 30442, 30985, 30993, 31022, 31249, 31313, 31358, 31364, 31565, 31639, 31683, 34063, 34104, 34235, 34240, 34256, 34389, 34394, 34544, 34610, 34623, 38826, 38990, 39113, 39136, 39148, 39191, 39264, 39390, 39771, 39812, 40976, 40981, 41026, 41048, 41083, 41149, 41226, 41245, 41248, 41254, 41381, 41425, 41431, 41442, 41546, 42855, 43532, 43563, 43659, 43681, 44133, 44926, 45290, 45302, 45306, 45521, 45524, 45528, 45533, 45535, 45537, 45542, 45551, 45554, 45558, 45564, 45603, 45646, 45678, 45680, 45704, 45997, 46030, 46294, 46297, 46305, 46307, 46311, 46319, 46326, 46329, 46382, 46432, 47790, 47845, 48030, 48266, 48312, 48320, 48356, 48367, 48372, 48381, 48387, 48391, 48393, 48401, 48523, 48560, 48573, 48577, 48595, 48875, 49033, 49082, 49083, 49085, 49563, 49669, 49739, 49760, 49768, 49770, 49777, 50186, 50230, 50232, 50240, 50460, 50461, 50468, 50667, 50699, 50705, 50712, 50819, 50821, 50877, 50879, 50884, 50887, 50933, 50937, 51745, 51751, 51918, 51926, 51989, 51991, 52092, 52100, 52112, 52172, 52285, 52799, 53520, 53524, 53528, 53535, 53585, 55042, 56327, 56345, 56355, 56360, 56374, 56380, 56390, 56400, 56402, 56469, 56490, 56525, 56535, 56553, 57303, 57577, 58567, 18189, 16437, 1260, 1282, 2688, 3046, 3056, 3722, 4018, 5374, 5377, 5610, 15306, 15353, 15359, 15367, 15381, 15406, 15413, 15418, 15429, 15430, 15440, 16467, 16472, 17757, 18198, 18223, 23662, 24053, 24109, 24141, 24156, 26533, 26694, 26808, 27050, 27068, 27979, 31443, 48359, 48363, 48366, 49164, 49171, 49802, 49818], "label": "floor"}, {"objectId": 2, "id": 2, "partId": 2, "index": 1, "dominantNormal": [0, -2.220446049250313e-16, 1], "obb": {"axesLengths": [1.6501845096012389, 0.26791798469607536, 1.4923759432407888], "centroid": [-1.0100477296000663, 1.326472357734894, -0.6239589897369824], "normalizedAxes": [0.11136499047279358, 0.9937795996665955, 2.2066339859052496e-16, 0, -2.220446049250313e-16, 1, 0.9937795996665955, -0.11136499047279358, -2.4727995312011326e-17]}, "segments": [36874, 8556, 9170, 11373, 36446, 36447, 36453, 36459, 36541, 36548, 36878, 36923, 36925, 46254, 54432, 54454, 54455, 55295, 55298, 55311, 8334], "label": "table"}, {"objectId": 3, "id": 3, "partId": 3, "index": 2, "dominantNormal": [0, -2.220446049250313e-16, 1], "obb": {"axesLengths": [1.6894199867854864, 0.5151349787011372, 1.4919446028397918], "centroid": [-0.05003688511119431, 4.11141011345911, -0.799672495130692], "normalizedAxes": [0.9920204281806946, -0.1260770559310913, -2.7994730074330245e-17, 0, -2.220446049250313e-16, 1, -0.1260770559310913, -0.9920204281806946, -2.2027278405294272e-16]}, "segments": [12426, 20472, 9268, 25750, 7223, 10241, 1633, 19037, 12299, 52535, 31136, 31154, 52529, 52540, 52591, 31501, 31116, 48686, 16195, 37341, 37274, 16209, 37322, 47449, 47363, 17, 1894, 3797, 5305, 10235, 10246, 10251, 10258, 10260, 10272, 10294, 10306, 10323, 10359, 10388, 10417, 10425, 10426, 10433, 10463, 10481, 10489, 10502, 10549, 10670, 10784, 10809, 10814, 10823, 10835, 10840, 10846, 10856, 10860, 10880, 10906, 10928, 10945, 10953, 10955, 11663, 11671, 11702, 11721, 12182, 12187, 12323, 12329, 13402, 13452, 15797, 15876, 16091, 16123, 19162, 19165, 19955, 20183, 20189, 20428, 31036, 31170, 31479, 31644, 31652, 31675, 36151, 36156, 37021, 37365, 43787, 43793, 46699, 46703, 46709, 46711, 46713, 46716, 46811, 46824, 46858, 47077, 47079, 47109, 47454, 47469, 47481, 48718, 49283, 50632], "label": "table"}, {"objectId": 4, "id": 4, "partId": 4, "index": 3, "dominantNormal": [0, -2.220446049250313e-16, 1], "obb": {"axesLengths": [1.548901762757312, 0.12082299320050324, 1.1001010917309633], "centroid": [-3.75042770241839, 2.4042453882196213, -0.5405504719756443], "normalizedAxes": [0.5961921215057373, 0.8028417825698853, 1.7826668642803806e-16, 0, -2.220446049250313e-16, 1, 0.8028417825698853, -0.5961921215057373, -1.323812440791577e-16]}, "segments": [51691, 29203, 13717, 4207, 4369, 2198, 3699, 45587, 2069, 3602, 45568, 2211, 2327, 2334, 3575, 3619, 3631, 3646, 3689, 45436, 45574, 45577, 45589], "label": "table"}, {"objectId": 5, "id": 5, "partId": 5, "index": 4, "dominantNormal": [0, -2.220446049250313e-16, 1], "obb": {"axesLengths": [1.308330352585517, 0.24000000417232506, 0.6046126577593531], "centroid": [-2.5609761019862542, 4.435984176982884, -0.6299999799545862], "normalizedAxes": [0.7242727279663086, 0.689513623714447, 1.5310278016810109e-16, 0, -2.220446049250313e-16, 1, 0.689513623714447, -0.7242727279663086, -1.6082085173925367e-16]}, "segments": [10371, 30896, 15679, 53986, 41136, 52388, 36394, 33422, 33461, 33453, 30907, 36399], "label": "table"}, {"objectId": 6, "id": 6, "partId": 6, "index": 5, "dominantNormal": [0.9966020584106445, 0.0823674350976944, 1.828924458495571e-17], "obb": {"axesLengths": [0.6736353394143747, 0.6993830047685723, 0.5997052979769563], "centroid": [-1.3283091265101479, 0.2576235334973487, -0.7361684861111982], "normalizedAxes": [-0.0823674276471138, 0.9966020584106445, 2.2129011032726454e-16, 0, -2.220446049250313e-16, 1, 0.9966020584106445, 0.0823674276471138, 1.8289242930594485e-17]}, "segments": [9758, 54103, 9767, 26648, 11411, 27456, 38135, 54119, 36502, 9212, 9085, 46286, 9125, 47141, 11353, 47074, 20881, 11413], "label": "chair"}, {"objectId": 7, "id": 7, "partId": 7, "index": 6, "dominantNormal": [0, -2.220446049250313e-16, 1], "obb": {"axesLengths": [0.7953608182738551, 0.637148038212626, 0.660890660363673], "centroid": [-1.748220769358803, 0.8848206993544572, -0.7514260082339645], "normalizedAxes": [0.3615363836288452, 0.9323580265045166, 2.0702506964387726e-16, 0, -2.220446049250313e-16, 1, 0.9323580265045166, -0.3615363836288452, -8.027720346889149e-17]}, "segments": [8117, 52675, 52719, 33275, 9103, 46351, 5837, 5871, 5879, 5896, 5940, 5943, 5956, 6013, 8473, 8498, 8500, 8523, 8533, 8666, 9094, 9120, 9133, 9139, 9579, 9585, 9605, 9612, 9616, 9618, 9625, 11568, 11615, 30838, 30840, 30848, 33262, 45713, 45993, 46068, 46070, 46075, 46134, 46140, 46150, 46157, 46302, 46367, 46373, 46464, 46483, 46494, 46503, 47220, 52338, 52385, 52807, 52811, 52813, 52814, 52817, 52820, 52825, 52828, 52831, 52862, 52930, 52933, 30833, 52367, 8197, 47214, 52329, 52750, 9552], "label": "chair"}, {"objectId": 8, "id": 8, "partId": 8, "index": 7, "dominantNormal": [0, -2.220446049250313e-16, 1], "obb": {"axesLengths": [0.9955421817887774, 0.5854859817291946, 0.5889001787798923], "centroid": [-1.4954234456976547, 1.4321410056374713, -0.7471869706957723], "normalizedAxes": [0.005506536457687616, 0.999984860420227, 2.220412432630219e-16, 0, -2.220446049250313e-16, 1, 0.999984860420227, -0.005506536457687616, -1.2226967122525282e-18]}, "segments": [35637, 53871, 37422, 6790, 46007, 6847, 48049, 40939, 10992, 6780, 6784, 6786, 6820, 6827, 6841, 6849, 6878, 7448, 7500, 7519, 7540, 7555, 7559, 7563, 7578, 7580, 7586, 7591, 7619, 7658, 7694, 7706, 7820, 7899, 7961, 7982, 8040, 8052, 8079, 10664, 11008, 11033, 13745, 33710, 33735, 35522, 35541, 35629, 35634, 35636, 37344, 37386, 37392, 37406, 37409, 37433, 37442, 37451, 37514, 40791, 40801, 40815, 40821, 40843, 40865, 40866, 40867, 45798, 45805, 45808, 45818, 45913, 45945, 45947, 45981, 46015, 46026, 52959, 52964, 52967, 53904, 54559, 54575, 54587, 54596, 54611, 54613, 54648, 56240, 56246, 56332, 13761, 7701, 45940], "label": "chair"}, {"objectId": 9, "id": 9, "partId": 9, "index": 8, "dominantNormal": [0.9744123816490173, -0.22476767003536224, -4.990844849292181e-17], "obb": {"axesLengths": [0.6530415106080151, 0.6226229826519714, 0.6042718797837314], "centroid": [-1.065567279696441, 2.5214292331363657, -0.7562684682812143], "normalizedAxes": [0.22476768493652344, 0.9744123816490173, 2.1636301231731488e-16, 0, -2.220446049250313e-16, 1, 0.9744123816490173, -0.22476768493652344, -4.990845180164426e-17]}, "segments": [9034, 51302, 49702, 20828, 27868, 11155, 50992, 26549, 9013, 9016, 9021, 9026, 9030, 9041, 9053, 9056, 9061, 9063, 9064, 9512, 9517, 9523, 9525, 9527, 9532, 9665, 9679, 9681, 9710, 9802, 9805, 11067, 11106, 11137, 20583, 20601, 20784, 26574, 26575, 26609, 27503, 27536, 27599, 27600, 27791, 27822, 27828, 27849, 27884, 46205, 46321, 46322, 46881, 49666, 49692, 49716, 49724, 49729, 49745, 50957, 51159, 51214, 51219, 51242, 51400, 51408, 51410, 51429, 51241, 51269, 51272, 27490, 11743, 51097, 11752, 47292], "label": "chair"}, {"objectId": 10, "id": 10, "partId": 10, "index": 9, "dominantNormal": [0.9190228581428528, -0.3942042291164398, -8.75309223139364e-17], "obb": {"axesLengths": [0.733148483097796, 0.8019950210602201, 0.6524489636134164], "centroid": [0.13628145829681548, 1.4394218284529854, -0.7982024956117761], "normalizedAxes": [0.39420419931411743, 0.9190228581428528, 2.0406406745340284e-16, 0, -2.220446049250313e-16, 1, 0.9190228581428528, -0.39420419931411743, -8.75309156964915e-17]}, "segments": [8807, 9446, 21691, 8724, 25524, 8736, 9403, 9461, 21562, 21590, 21665, 21695, 21698, 22734, 22737, 23817, 25322, 25340, 25512, 25531, 25537, 25546, 25563, 25635, 25684, 25686, 35476, 37530, 46166, 46175, 46281, 50174, 50177, 50180, 50789, 50800, 50817, 50823, 50826, 50829, 50832, 50833, 50836, 50845, 54661, 54962, 21563, 9325, 17632, 17646, 17647, 21640, 49074, 49578, 50125, 50127, 50784, 20232, 9296, 49581, 52560, 52567, 31256, 50861, 25763], "label": "chair"}, {"objectId": 11, "id": 11, "partId": 11, "index": 10, "dominantNormal": [0.6866056323051453, -0.7270300984382629, -1.6143311097633072e-16], "obb": {"axesLengths": [0.7512708155484975, 0.8695299729064854, 0.6874965038146691], "centroid": [-0.009445133741863287, 0.6215162163526413, -0.8344549785270177], "normalizedAxes": [0.7270300984382629, 0.6866056323051453, 1.524570763644973e-16, 0, -2.220446049250313e-16, 1, 0.6866056323051453, -0.7270300984382629, -1.6143311097633072e-16]}, "segments": [16013, 49882, 21155, 14698, 14699, 15991, 16276, 16291, 16292, 16300, 16315, 16895, 18061, 18075, 18082, 18113, 18122, 21112, 21116, 21127, 21190, 21213, 21230, 21290, 21303, 21308, 21309, 21320, 21627, 48246, 48670, 48808, 49804, 49821, 49826, 49830, 49836, 49841, 49864, 49875, 49877, 50033, 50008, 13408, 12041, 12045, 12102, 13363, 13394, 13398, 13400, 13405, 13410, 13411, 14730, 15708, 15901, 16088, 16886, 18130, 18136, 21211, 47488, 47491, 47496, 48007, 48011, 48665, 48668, 48788, 50950, 16083, 48810, 48778, 15968, 14811, 14812, 15916, 16847, 16863, 48639, 48734, 48739, 48741, 48745, 48818, 16261, 12108, 47498, 15731, 15764], "label": "chair"}, {"objectId": 12, "id": 12, "partId": 12, "index": 11, "dominantNormal": [-0.07457239925861359, -0.9972156286239624, -2.2142635028287447e-16], "obb": {"axesLengths": [0.6609309065372718, 0.6154409509426141, 0.5370079554500972], "centroid": [0.12822187975309451, 3.198804159555223, -0.9822794563525294], "normalizedAxes": [0.9972156286239624, -0.07457239180803299, -1.6558397277329326e-17, 0, -2.220446049250313e-16, 1, -0.07457239180803299, -0.9972156286239624, -2.2142635028287447e-16]}, "segments": [17601, 15639, 21039, 32339, 17609, 32025, 32062, 32457, 32458, 43717, 50608, 19763, 34785, 21325, 49122, 17588, 17908, 17920, 19824, 20185, 21234, 17882, 44024, 19331, 50647], "label": "chair"}, {"objectId": 13, "id": 13, "partId": 13, "index": 12, "dominantNormal": [0.831633985042572, -0.555324137210846, -1.2330672865231617e-16], "obb": {"axesLengths": [0.8478967733481142, 0.8802160423945771, 0.7328433384874677], "centroid": [0.8279048521798917, 3.6223914820568317, -0.8554920052966031], "normalizedAxes": [0.555324137210846, 0.831633985042572, 1.846598396510073e-16, 0, -2.220446049250313e-16, 1, 0.831633985042572, -0.555324137210846, -1.2330672865231617e-16]}, "segments": [16063, 55530, 15094, 31674, 13358, 46912, 14715, 56652, 38673, 55431, 16623, 19111, 55507, 15701, 41625, 3440, 3826, 55411, 14923, 46187, 12952, 38616, 41655, 46922, 46538, 46182, 46173, 1913, 2645, 3302, 3322, 3327, 3457, 3730, 3738, 3806, 3816, 3827, 12695, 12854, 12941, 12951, 12962, 13186, 14464, 14467, 15513, 15552, 15662, 16628, 16633, 16641, 19094, 19102, 19802, 19834, 20020, 20114, 37290, 38648, 38654, 41637, 46152, 46178, 46918, 46985, 47065, 47069, 49565, 55391, 55453, 55460, 56661, 56666, 56716, 56720, 60246], "label": "chair"}, {"objectId": 14, "id": 14, "partId": 14, "index": 13, "dominantNormal": [0.7428154349327087, 0.6694962382316589, 1.4865802771694335e-16], "obb": {"axesLengths": [0.6987149001888036, 0.7062839707817736, 0.6734322683701546], "centroid": [-0.7413897365599632, 3.3902325952913346, -0.7865879645927708], "normalizedAxes": [-0.6694962382316589, 0.7428154349327087, 1.649381597818486e-16, 0, -2.220446049250313e-16, 1, 0.7428154349327087, 0.6694962382316589, 1.4865802771694335e-16]}, "segments": [45138, 850, 44925, 595, 698, 323, 106, 10887, 49450, 22, 19126, 46738, 10676, 19147, 3785, 827, 2532, 49380, 625, 19150, 19078, 36, 56, 152, 163, 170, 224, 260, 312, 314, 321, 375, 378, 384, 392, 439, 467, 515, 547, 550, 571, 584, 608, 642, 656, 661, 664, 715, 726, 784, 940, 1478, 1552, 2464, 2706, 2721, 2811, 2842, 2852, 2909, 2926, 2940, 3223, 3248, 3533, 3536, 3539, 4045, 4152, 4435, 5160, 5341, 10807, 12223, 12243, 12255, 12261, 19187, 19205, 19234, 19276, 44123, 44183, 44195, 44488, 44501, 44505, 44539, 44593, 44605, 44636, 44640, 44726, 44781, 44917, 44931, 45009, 45019, 45156, 46098, 46104, 46106, 46763, 47640, 49292, 49307, 49316, 49468, 49276, 49278, 12202], "label": "chair"}, {"objectId": 15, "id": 15, "partId": 15, "index": 14, "dominantNormal": [0.11158856749534607, -0.993754506111145, -2.206578267019188e-16], "obb": {"axesLengths": [0.7463421216249136, 0.7993919670717721, 0.4791059706423031], "centroid": [-2.566385512711987, 3.981918598111209, -0.8214939637114715], "normalizedAxes": [0.993754506111145, 0.11158856749534607, 2.4777639383654308e-17, 0, -2.220446049250313e-16, 1, 0.11158856749534607, -0.993754506111145, -2.206578267019188e-16]}, "segments": [35406, 13327, 35027, 53367, 55198, 55181, 35152, 53554, 35376, 53623, 55121, 42450, 32751, 52763, 32670, 55189, 32647, 47978, 53631, 13217, 52772, 42084, 53448, 53444, 53437, 53434, 53522, 53390, 32747, 52758, 42906, 53396, 35101, 53451, 53541, 53530, 53457, 53557, 53533, 53636, 5677], "label": "chair"}, {"objectId": 16, "id": 16, "partId": 16, "index": 15, "dominantNormal": [-0.05133611336350441, -0.9986814260482788, -2.2175182269285694e-16], "obb": {"axesLengths": [0.7784571790144815, 0.6775309888080284, 0.6335900509370382], "centroid": [-2.988564142323856, 1.9578829546284497, -0.7465544760218755], "normalizedAxes": [0.9986814260482788, -0.05133611336350441, -1.1398907010185957e-17, 0, -2.220446049250313e-16, 1, -0.05133611336350441, -0.9986814260482788, -2.2175182269285694e-16]}, "segments": [40387, 35296, 56771, 41949, 42134, 13340, 56811, 32679, 54045, 54269, 32799, 51071, 32492, 43289, 52053, 30185, 52001, 30239, 30243, 54194, 53989, 32699, 49474, 40154, 30263, 56757, 56814, 53564, 40519, 40691, 43376, 55662, 55567, 51063, 55557, 19355, 19403, 54190, 54357, 32559, 32928, 32705, 13350, 19420, 19488, 30117, 30126, 30147, 30159, 30180, 30186, 30205, 30211, 30215, 32532, 32581, 32657, 32778, 32865, 32966, 32979, 33014, 33026, 33038, 33077, 33090, 33127, 33535, 35233, 35277, 35286, 35335, 35583, 40196, 40252, 40474, 40498, 40715, 42147, 43349, 49479, 49486, 49489, 51027, 52056, 52068, 52073, 52753, 52755, 52757, 53562, 53566, 53567, 53907, 54139, 54145, 54244, 55549, 55674, 55683, 56751, 56760, 56761], "label": "chair"}, {"objectId": 17, "id": 17, "partId": 17, "index": 16, "dominantNormal": [-0.11327587813138962, -0.9935635924339294, -2.206154353498867e-16], "obb": {"axesLengths": [0.7057348413683311, 0.8335669450409644, 0.7031497915796587], "centroid": [-3.438346111722571, 1.5677847863157375, -0.8599664662752349], "normalizedAxes": [0.9935635924339294, -0.11327587813138962, -2.51522976072204e-17, 0, -2.220446049250313e-16, 1, -0.11327587813138962, -0.9935635924339294, -2.206154353498867e-16]}, "segments": [35059, 41745, 35129, 31981, 41781, 54599, 41988, 40540, 40711, 54867, 54672, 52135, 26258, 31056, 31988, 31991, 34985, 35013, 35161, 35259, 35483, 35490, 35546, 35640, 35722, 35779, 37435, 37470, 37481, 37504, 38275, 38333, 38348, 38350, 38369, 38379, 38396, 38408, 38421, 38448, 38473, 38491, 38504, 40436, 40602, 41835, 41857, 41879, 41886, 41902, 41923, 41959, 41977, 41992, 41999, 52108, 52110, 52132, 52136, 52786, 52792, 52794, 53011, 53013, 53018, 53020, 53023, 53033, 53035, 53036, 53046, 53412, 53414, 53947, 54012, 54501, 54508, 54572, 54581, 54589, 54591, 54605, 54645, 54665, 54682, 54922, 54968, 54972, 32052, 26292, 26058, 52447, 26178, 19458, 19503, 21908, 21914, 21919, 21936, 21937, 26049, 26054, 26076, 26285, 28110, 28111, 31050, 32018, 35439, 35503, 42693, 42769, 50226, 50909, 50927, 51442, 52650, 52656, 19528, 21891, 19491, 19417, 21916, 21944, 33191, 35807, 36070, 36091, 36147, 36211, 36247, 42694, 42700, 49481, 49484, 52272, 52275, 52308, 52314, 52317, 52320, 52806, 32053, 42767], "label": "chair"}, {"objectId": 18, "id": 18, "partId": 18, "index": 17, "dominantNormal": [-0.040712274610996246, -0.9991708993911743, -2.218605076079015e-16], "obb": {"axesLengths": [0.5699468727602498, 0.741391970037103, 0.2712371951788147], "centroid": [1.345657486312013, 3.7842878155958397, -0.7990639764246205], "normalizedAxes": [0.9991708993911743, -0.040712274610996246, -9.039940931598044e-18, 0, -2.220446049250313e-16, 1, -0.040712274610996246, -0.9991708993911743, -2.218605076079015e-16]}, "segments": [3421, 4113, 11660, 46128, 11597, 15773, 12482, 46569, 43854, 2386, 2328, 2330, 2344, 2504, 2528, 2529, 2555, 2562, 2575, 2594, 2614, 2637, 2653, 2656, 4105, 4162, 4260, 4268, 4297, 4354, 4360, 4425, 11624, 11653, 12438, 12602, 12636, 43841, 43844, 43861, 43871, 43873, 43883, 43890, 44046, 44056, 44060, 44073, 46050, 46051, 46077, 46082, 46084, 46088, 46093], "label": "chair"}, {"objectId": 19, "id": 19, "partId": 19, "index": 18, "dominantNormal": [0.982531726360321, -0.18609526753425598, -4.1321450158061875e-17], "obb": {"axesLengths": [0.7111210639504685, 0.7761249964805317, 0.5482716339922686], "centroid": [-3.266453022545231, 2.811577760584016, -0.773107480408457], "normalizedAxes": [0.1860952526330948, 0.982531726360321, 2.1816586900598646e-16, 0, -2.220446049250313e-16, 1, 0.982531726360321, -0.1860952526330948, -4.1321446849339424e-17]}, "segments": [34166, 34332, 34679, 53233, 15149, 34608, 34650, 53270, 15082, 15091, 15179, 15189, 15190, 25235, 25261, 25283, 27780, 27820, 28143, 28161, 28179, 28185, 28186, 34021, 34049, 34052, 34309, 34338, 34348, 34358, 34369, 34373, 34374, 34402, 34423, 34568, 34632, 34747, 48323, 48344, 50184, 50235, 51801, 53094, 53097, 53103, 53106, 53109, 53111, 53194, 53206, 53214, 53265, 53278, 53280, 53281, 30489, 30563, 29543], "label": "chair"}, {"objectId": 20, "id": 20, "partId": 20, "index": 19, "dominantNormal": [0.9163950681686401, 0.4002750515937805, 8.887891569248752e-17], "obb": {"axesLengths": [0.4775314457578503, 0.5241700293681761, 0.2606979015123547], "centroid": [-0.9327720285914193, 4.088062594841183, -0.7920849730319912], "normalizedAxes": [-0.4002750515937805, 0.9163950681686401, 2.0348058086675283e-16, 0, -2.220446049250313e-16, 1, 0.9163950681686401, 0.4002750515937805, 8.887891569248752e-17]}, "segments": [47416, 10029, 11792, 11862, 11878, 11887, 47380, 47429, 47333, 6607, 10253, 6593, 6621, 6647, 6706, 7276, 10035, 10166, 10332, 11706, 11784, 11790, 11822, 45781, 45794, 46526, 10623, 6600, 11906, 11908, 11924, 11928, 11947, 31086, 31088, 31090, 45791, 45899, 52506, 7345, 6582, 45788, 6627, 9934], "label": "chair"}, {"objectId": 22, "id": 22, "partId": 22, "index": 20, "dominantNormal": [-0.45832088589668274, -0.888786792755127, -1.9735031225989784e-16], "obb": {"axesLengths": [0.501846799146538, 0.6059299870000036, 0.18772631748767626], "centroid": [1.1590864581402638, 4.717825515039212, -0.7729649806071454], "normalizedAxes": [0.888786792755127, -0.4583209156990051, -1.0176768665526417e-16, 0, -2.220446049250313e-16, 1, -0.4583209156990051, -0.888786792755127, -1.9735031225989784e-16]}, "segments": [44683, 5583, 5588, 5637, 5702, 5771, 5795, 44977, 45442, 45444, 45448, 45455, 45621, 45419, 8281, 5777, 5824, 8228, 8245, 8254, 8299, 8349, 8355, 44511, 44524, 44531, 45402, 45408, 45432, 44498, 758, 4587, 5773, 43471, 44517, 5723, 45384, 4630, 5718, 5822, 5866, 5904, 5917, 5952, 5986, 5999, 6012, 6018, 6636, 6671, 44541, 44983, 44994, 44996, 45001, 5948, 44795, 44124, 6563, 743, 754, 899, 922, 964, 4611, 4617, 4647, 4670, 4788, 4857, 4860, 4872, 4890, 4908, 4980, 5036, 5077, 5085, 5649, 5820, 6034, 6036, 6040, 6082, 6087, 6139, 6146, 6165, 6187, 6217, 6228, 6251, 6252, 6317, 6322, 6328, 6334, 6352, 6394, 6402, 6426, 6460, 6462, 6466, 6620, 6687, 43484, 44099, 44107, 44112, 44116, 44137, 44139, 44142, 44144, 44147, 44509, 44569, 44595, 44597, 44602, 44607, 44617, 44622, 44627, 44629, 44644, 44707, 44732, 44741, 44743, 44751, 44758, 44761, 44763, 44831, 44904, 44970, 45007, 45011, 45014, 44228, 965, 1015, 4561, 4901, 5052, 5135, 5154, 5156, 5200, 5210, 5227, 5243, 5250, 5281, 5292, 5351, 5929, 5959, 44175, 44179, 44202, 44318, 44611, 4966, 5627, 44312, 5017, 44274, 4889, 4936, 5265, 44359, 44401, 44935, 45470, 2793, 5728, 8221, 45493, 45622, 44665, 2766, 45650, 45654, 44118, 44119, 4745], "label": "chair"}, {"objectId": 23, "id": 23, "partId": 23, "index": 21, "dominantNormal": [0.15999135375022888, -0.9871184229850769, -2.1918432024594135e-16], "obb": {"axesLengths": [0.3069086481722253, 0.5389399706064169, 0.18208547228483257], "centroid": [0.5276495347202732, 4.941180401398922, -0.7394699724103521], "normalizedAxes": [0.9871184229850769, 0.15999135375022888, 3.55252169348905e-17, 0, -2.220446049250313e-16, 1, 0.15999135375022888, -0.9871184229850769, -2.1918432024594135e-16]}, "segments": [32473, 32575, 34280, 33689, 33869, 43458, 43487, 43638, 33381, 43574, 5468, 32673, 32906, 33103, 33158, 33159, 33378, 33945, 34420, 43479, 43554, 43559, 43565, 43582, 32935, 33385, 32615, 32790, 32993, 33155, 33171, 33355, 33486, 34228, 34316, 34419, 34469, 34524, 43468, 43586, 43667, 43549, 43587, 43543, 44436, 34850, 33510, 33632, 33634, 33668, 43502, 43511, 43513, 34008], "label": "chair"}, {"objectId": 26, "id": 26, "partId": 26, "index": 24, "dominantNormal": [0.9202147126197815, 0.39141401648521423, 8.691137065257909e-17], "obb": {"axesLengths": [0.3923419209102569, 0.39341591909343165, 0.1434522568334984], "centroid": [-4.062512707388697, 1.401529162821148, -1.029821967706711], "normalizedAxes": [-0.39141401648521423, 0.9202147126197815, 2.043287123098606e-16, 0, -2.220446049250313e-16, 1, 0.9202147126197815, 0.39141401648521423, 8.691137065257909e-17]}, "segments": [50525, 23385, 23393, 23396, 23451, 23469, 50491, 50496, 50499, 23311, 23309, 23346, 23483, 23501, 23519, 23525, 23526, 50484, 50548, 50553, 50557, 31792, 23427, 50485, 23336, 31781, 23563, 50574, 51489, 28215, 28358, 28365, 51495, 51508, 28210, 28217, 19294, 51461, 31721, 28242, 31677, 31697, 31716, 31740, 51454], "label": "chair"}, {"objectId": 28, "id": 28, "partId": 28, "index": 25, "dominantNormal": [0.9924414157867432, -0.12271946668624878, -2.724919549695865e-17], "obb": {"axesLengths": [0.7035248225531487, 0.5201980355337698, 0.35309849708683355], "centroid": [-2.0273607418407735, 4.635231831190688, -0.9079409920850923], "normalizedAxes": [0.12271947413682938, 0.9924414157867432, 2.2036626207960612e-16, 0, -2.220446049250313e-16, 1, 0.9924414157867432, -0.12271947413682938, -2.7249197151319876e-17]}, "segments": [21755, 53792, 33917, 36056, 33949, 36069, 33970, 50187, 56563, 37950, 37951, 56578, 42757, 42793, 55118, 55149, 55161, 33854, 52978, 33908, 38006, 53777, 35950, 36013, 35966, 35968, 53773, 35940, 53784], "label": "chair"}, {"objectId": 31, "id": 31, "partId": 31, "index": 26, "dominantNormal": [0.8265511989593506, -0.5628615021705627, -1.2498035987697226e-16], "obb": {"axesLengths": [0.3609701863866425, 0.16000002264976443, 0.12010316668516184], "centroid": [-3.6383659550592213, 4.381655200246018, -0.8899999944087122], "normalizedAxes": [0.5628615021705627, 0.8265512585639954, 1.8353124765812975e-16, 0, -2.220446049250313e-16, 1, 0.8265512585639954, -0.5628615021705627, -1.2498035987697226e-16]}, "segments": [24093, 24025, 24069, 30287, 30292, 4230], "label": "chair"}], "scan_id": "13af338e-7397-2e54-84fc-fa003f91ac0c", "annId": "3950", "appId": "stk.v1"}