{"segGroups": [{"objectId": 1, "id": 1, "partId": 1, "index": 0, "dominantNormal": [0, -2.220446049250313e-16, 1], "obb": {"axesLengths": [6.8148663400645555, 0.6029519303973333, 4.838419223016836], "centroid": [-1.1507934998719143, 0.29004247395880955, -1.248524047467321], "normalizedAxes": [0.7773861885070801, 0.6290236711502075, 1.3967131254904064e-16, 0, -2.220446049250313e-16, 1, 0.6290236711502075, -0.7773861885070801, -1.726144091012305e-16]}, "segments": [13210, 1549, 19540, 6, 549, 829, 1313, 1493, 1574, 1586, 1604, 1613, 1614, 1794, 1801, 1802, 1910, 1913, 1936, 1945, 1954, 1982, 2010, 2020, 2028, 2158, 2159, 2173, 2226, 2235, 2253, 2289, 2441, 2445, 2469, 2627, 2665, 4391, 4425, 4430, 4476, 4482, 4510, 4529, 4828, 4898, 4921, 4951, 4963, 5017, 5026, 5051, 5053, 5058, 5070, 5086, 5515, 5603, 6007, 6160, 6170, 6225, 6238, 6270, 6615, 6644, 6659, 6670, 6671, 6696, 6699, 6710, 6716, 6734, 6742, 6745, 6781, 6784, 6785, 6799, 6814, 6920, 6927, 6936, 6942, 6996, 7035, 7037, 7055, 7073, 7127, 7148, 7473, 7504, 7546, 7606, 7630, 7657, 7751, 7759, 7776, 7777, 7994, 8207, 8223, 8224, 9025, 9070, 9321, 9403, 9422, 9425, 9434, 9459, 9490, 9506, 9526, 9538, 9543, 9560, 9561, 9565, 9571, 9576, 9581, 9653, 9669, 9674, 9680, 9867, 10088, 10090, 10281, 10410, 10419, 10475, 10493, 10530, 10551, 10560, 10563, 10596, 10619, 10706, 10712, 10740, 10744, 10765, 10772, 10775, 10778, 10804, 10816, 10839, 10852, 10857, 10870, 11061, 11068, 11109, 11726, 11741, 11744, 11757, 11787, 11886, 11935, 11938, 11979, 11987, 11996, 12011, 12028, 12030, 12034, 12068, 12084, 12134, 12139, 12169, 12173, 12176, 12190, 12217, 12235, 12253, 12258, 12260, 12264, 12267, 12360, 12601, 12613, 12684, 12698, 12701, 12703, 12720, 12725, 12738, 12746, 13082, 13130, 13238, 13331, 13368, 13409, 13414, 13437, 13455, 13468, 13492, 13517, 13523, 13526, 13544, 13574, 13583, 13597, 13609, 13610, 13633, 13639, 13680, 13682, 13691, 13715, 13727, 13732, 13734, 13754, 13784, 13785, 13797, 13802, 13835, 13858, 13937, 14188, 14264, 14557, 14574, 14619, 14943, 15215, 15301, 15524, 15528, 15532, 15537, 15542, 15559, 15565, 15571, 15587, 15591, 15605, 15762, 15806, 15816, 15851, 15864, 15994, 16233, 16629, 16658, 16680, 16691, 16743, 16775, 16802, 16836, 16854, 16857, 16871, 16873, 16881, 16897, 16915, 16917, 16929, 17133, 17135, 17139, 17315, 17337, 17339, 17361, 17371, 17444, 17447, 17467, 17514, 17523, 17556, 17602, 17605, 17607, 17617, 17634, 17636, 17641, 17663, 17680, 17689, 17692, 18488, 19198, 19366, 19421, 19518, 19598, 19688, 19698, 19722, 19797, 19811, 19819, 19855, 19876, 19880, 19905, 19913, 19915, 19925, 19927, 19933, 19943, 19967, 20003, 20032, 20038, 20044, 20064, 20069, 20078, 20086, 20108, 20137, 20173, 20226, 20227, 20239, 20250, 20353, 20436, 20452, 20562, 20573, 20642, 20644, 20654, 21034, 21061, 21107, 21193, 21211, 21290, 21292, 21301, 21472, 21478, 21508, 21543, 21571, 21581, 21594, 21734, 21746, 21763, 21770, 21789, 21812, 21818, 21858, 21869, 21917, 22006, 22013, 22016, 22043, 22086, 22094, 22124, 22157, 22185, 22191, 22196, 22248, 22257, 22266, 22284, 22308, 22326, 22342, 22348, 22361, 22498, 22521, 22721, 23584, 23758, 23775, 23785, 23810, 23814, 23834, 23858, 23868, 23898, 23909, 23910, 23913, 23919, 23982, 23984, 23989, 24034, 24042, 24074, 24078, 24084, 24086, 24094, 24101, 24103, 24110, 24115, 24120, 24136, 24143, 24151, 24167, 24342, 24343, 24346, 24373, 24389, 24392, 24394, 24410, 26741, 26798, 26845, 27132, 27156, 27183, 27478, 27781, 27827, 27897, 28262, 28558, 28614, 28678, 28704, 29026, 29029, 29137, 29145, 29147, 29733, 29803, 29822, 29836, 29861, 30058, 30105, 30131, 30158, 30268, 30271, 30278, 30280, 30297, 30309, 30491, 30528, 30564, 30568, 30647, 30663, 30679, 30681, 30703, 30715, 30745, 30792, 30810, 30882, 30889, 31637, 31985, 32277, 32279, 32372, 32438, 32613, 32636, 32649, 32702, 32713, 32734, 32785, 33262, 33264, 33825, 34051, 34054, 34060, 34078, 34082, 34092, 34101, 34114, 34155, 34158, 34161, 34166, 34172, 34234, 34236, 34543, 34564, 34574, 34576, 34588, 34680, 34689, 34692, 34713, 35068, 35081, 35084, 35096, 35099, 35220, 35574, 35580, 35584, 35589, 35607, 35624, 35651, 35816, 36094, 36123, 36125, 36160, 36302, 36309, 36333, 36337, 36341, 36348, 36361, 36403, 36406, 36424, 36452, 36468, 36478, 36482, 36489, 36490, 36493, 36495, 36510, 36538, 36558, 36562, 36645, 36677, 36681, 36684, 36687, 36915, 36916, 36917, 36956, 36960, 36975, 36977, 36981, 36995, 36998, 37002, 37003, 37038, 37133, 37153, 37158, 37187, 37215, 37216, 37246, 37250, 37271, 37290, 37294, 37299, 37315, 37326, 37330, 37336, 37338, 37341, 37367, 37422, 37429, 37432, 38179, 38230, 38235, 38236, 38251, 38259, 38262, 38272, 38309, 38311, 38324, 38332, 38344, 38346, 38352, 38406, 38412, 38415, 38427, 38433, 38434, 38445, 38457, 38485, 38491, 38495, 38497, 38501, 38562, 38640, 38643, 38678, 38682, 38692, 38713, 38739, 38743, 38746, 38748, 38782, 38787, 38806, 38811, 38816, 38826, 38828, 38891, 38961, 38970, 38972, 38977, 39005, 39015, 39016, 39019, 39022, 39056, 39060, 39064, 39069, 39124, 39127, 39129, 39131, 39134, 39170, 39214, 39252, 39264, 39552, 39783, 39785, 39793, 39794, 39835, 39844, 39848, 39870, 39876, 39880, 39885, 39912, 40117, 40153, 40156, 40160, 40164, 40549, 40682, 40914, 41075, 41549, 42608, 42615, 42643, 42646, 42656, 43140, 43414, 43418, 43554, 43564, 43681, 43693, 43705, 43712, 44152, 44330, 44445, 44520, 44755, 44911, 45398, 45499, 45520, 45536, 45577, 45876, 8427, 44931, 14387, 44615, 17703, 14454, 14401, 32776, 15669, 28127, 21865, 15997, 16089, 16057, 36050, 36016, 35988, 15973, 15924, 32814, 32674, 27975, 32683, 35886, 15675, 340, 36906, 17792, 17751, 39548, 17745, 17776], "label": "floor"}, {"objectId": 2, "id": 2, "partId": 2, "index": 1, "dominantNormal": [0, -2.220446049250313e-16, 1], "obb": {"axesLengths": [1.8121619999117322, 0.47440998685933655, 0.5155436200736306], "centroid": [-1.8830683105204773, -1.6058134631283847, -1.1672050747900085], "normalizedAxes": [0.9321224093437195, -0.3621433973312378, -8.041198758662333e-17, 0, -2.220446049250313e-16, 1, -0.3621433973312378, -0.9321224093437195, -2.069727521244945e-16]}, "segments": [23131, 46422, 27687, 13195, 23158, 45897, 29100, 32408, 32382, 45947], "label": "bench"}, {"objectId": 3, "id": 3, "partId": 3, "index": 2, "dominantNormal": [-0.4132140576839447, -0.91063392162323, -2.0220134935816203e-16], "obb": {"axesLengths": [1.8255386892617471, 0.4740409745117802, 0.46942045958631917], "centroid": [-1.4104906331272904, -0.4451567763141935, -1.1772995681919272], "normalizedAxes": [0.91063392162323, -0.4132140576839447, -9.17519521879006e-17, 0, -2.220446049250313e-16, 1, -0.4132140576839447, -0.91063392162323, -2.0220134935816203e-16]}, "segments": [41508, 17230, 27482, 41530, 41522, 6099, 5375, 26346, 27538, 36910, 9604, 14890], "label": "bench"}, {"objectId": 4, "id": 4, "partId": 4, "index": 3, "dominantNormal": [0, -2.220446049250313e-16, 1], "obb": {"axesLengths": [1.8262293106271597, 0.6661799401153634, 1.2335424297556679], "centroid": [-1.046907625995187, 0.7017271476223154, -1.12309006885238], "normalizedAxes": [0.9454795718193054, -0.3256814181804657, -7.231580183130541e-17, 0, -2.220446049250313e-16, 1, -0.3256814181804657, -0.9454795718193054, -2.0993863798930544e-16]}, "segments": [25015, 40522, 12934, 12972, 12992, 14728, 14749, 18115, 18132, 19450, 19481, 22747, 22801, 22808, 22842, 25035, 28879, 28901, 28907, 28926, 38216, 39281, 39304, 39402, 40544, 40614, 40617, 42333, 42346, 42371, 20863, 19643, 25019, 9830, 9819, 10572, 9869, 40611, 40568, 42628, 40430], "label": "bench"}, {"objectId": 5, "id": 5, "partId": 5, "index": 4, "dominantNormal": [-0.24647310376167297, -0.969149649143219, -2.1519445095723877e-16], "obb": {"axesLengths": [1.1481142011283672, 0.48487602580615796, 0.471520563139674], "centroid": [-0.33364622288460244, 1.4711790978069417, -1.1950820771213917], "normalizedAxes": [0.969149649143219, -0.24647310376167297, -5.4728022949406923e-17, 0, -2.220446049250313e-16, 1, -0.24647310376167297, -0.969149649143219, -2.1519445095723877e-16]}, "segments": [10089, 13078, 13837, 10096, 10727, 8099], "label": "bench"}, {"objectId": 6, "id": 6, "partId": 6, "index": 5, "dominantNormal": [0.46174243092536926, -0.8870140314102173, -1.96956680167441e-16], "obb": {"axesLengths": [0.7198688840723286, 3.6791998517692104, 0.6605491729315628], "centroid": [-1.1599142839312646, 1.5954139745073987, 0.40577985370651026], "normalizedAxes": [0.8870140314102173, 0.46174246072769165, 1.0252742226939208e-16, 0, -2.220446049250313e-16, 1, 0.46174246072769165, -0.8870140314102173, -1.96956680167441e-16]}, "segments": [10235, 25652, 11313, 24005, 14170, 10876, 22423, 7180, 35601, 30392, 405, 18571, 17258], "label": "column"}, {"objectId": 7, "id": 7, "partId": 7, "index": 6, "dominantNormal": [0, -2.220446049250313e-16, 1], "obb": {"axesLengths": [1.8061042758205017, 0.8799999755620957, 1.3080720545722313], "centroid": [-1.0139799722021356, 0.7659577329164423, -1.070000063925982], "normalizedAxes": [0.9367858171463013, -0.3499033451080322, -7.76941500264599e-17, 0, -2.220446049250313e-16, 1, -0.3499033451080322, -0.9367858171463013, -2.0800823666762309e-16]}, "segments": [20288, 18059, 31067, 7094, 7157, 10007, 10020, 10036, 10046, 10060, 11162, 11176, 16097, 20782, 24853, 25928, 30248, 30258, 31089, 35659, 35662, 35666, 35669, 35672, 36644, 38738, 38942, 38945, 38948, 38954, 38956, 38965, 38969, 40444, 43188, 43200, 45538, 45569, 21655, 11001, 14207, 5266, 14224], "label": "table"}, {"objectId": 8, "id": 8, "partId": 8, "index": 7, "dominantNormal": [0, -2.220446049250313e-16, 1], "obb": {"axesLengths": [2.0182305114199126, 0.9422600058706099, 1.2202928144437284], "centroid": [-1.7137744386897125, -1.0870736438009756, -0.9811300769940763], "normalizedAxes": [0.9835792183876038, -0.1804768145084381, -4.00739029756543e-17, 0, -2.220446049250313e-16, 1, -0.1804768145084381, -0.9835792183876038, -2.1839845895934657e-16]}, "segments": [16113, 28304, 41923, 27741, 6985, 5122, 5286, 5314, 5316, 5325, 5382, 5402, 6831, 6926, 6944, 6997, 7018, 8145, 8161, 9209, 12330, 14286, 15328, 15343, 15349, 15354, 15391, 16170, 22585, 22594, 23298, 23370, 27724, 27822, 27867, 28334, 28870, 29940, 30067, 33040, 35070, 35102, 35103, 35110, 35832, 35837, 36371, 36938, 36941, 39412, 39421, 41756, 41758, 41762, 41765, 43152, 43138, 7858, 27794, 31741, 29716], "label": "table"}, {"objectId": 9, "id": 9, "partId": 9, "index": 8, "dominantNormal": [0.9435749650001526, -0.33115893602371216, -7.353205511677888e-17], "obb": {"axesLengths": [4.556036485146208, 2.0182209755877922, 0.5212505338043659], "centroid": [-2.8592686978872393, 0.9623331189644712, -0.46088960295417536], "normalizedAxes": [0.33115893602371216, 0.9435749650001526, 2.0951573032060913e-16, 0, -2.220446049250313e-16, 1, 0.9435749650001526, -0.33115893602371216, -7.353205511677888e-17]}, "segments": [1706, 43362, 41987, 42042, 20924, 20987, 194, 269, 1374, 1380, 13344, 13375, 13390, 13393, 13495, 13507, 13511, 13557, 13564, 13600, 20905, 20920, 20929, 20992, 21028, 22396, 22422, 24541, 28412, 28430, 28434, 28435, 28470, 28483, 28504, 28526, 28552, 32311, 32444, 32844, 33043, 35617, 41941, 42049, 42067, 45593, 5999, 29191, 5478, 13292, 16266, 31210, 1539, 32535, 32879, 45579, 46089, 42727, 36261, 12799, 36228, 10246, 10127, 10437, 36136, 10117, 36212, 10503, 16749, 16710, 10119, 10124, 10139, 10154, 10156, 10168, 10180, 10221, 10222, 10413, 10444, 10448, 10496, 10505, 10510, 11337, 11358, 11372, 12944, 12987, 13034, 14935, 14963, 16578, 16686, 16713, 17188, 35737, 35750, 35756, 35758, 35760, 35795, 35800, 35895, 35898, 35904, 35908, 35914, 36128, 36158, 10623, 12978, 11323, 8471, 46800, 31451, 28703, 42204, 20753, 26624, 36870, 4156, 18954, 460, 3019, 3088, 3135, 3300, 3304, 3323, 3325, 3328, 3329, 3356, 3374, 3427, 3448, 3455, 3463, 3478, 3542, 3621, 3622, 3690, 3695, 4165, 4171, 4175, 4201, 4205, 5444, 5580, 5639, 5646, 8201, 8218, 8230, 8241, 8267, 8272, 8305, 8327, 8355, 8359, 8387, 8408, 8414, 8418, 8467, 8493, 8495, 8498, 8562, 8573, 8581, 8606, 8607, 8619, 8624, 8646, 8648, 8666, 8690, 8692, 8712, 8728, 8758, 8783, 8864, 8875, 8888, 8902, 8903, 8911, 8935, 8963, 8983, 9026, 9036, 9050, 9088, 9092, 9093, 9150, 10634, 10649, 11448, 11530, 11531, 11564, 11633, 11663, 11705, 11713, 11748, 11777, 11803, 11827, 11835, 11855, 12783, 13199, 13204, 14941, 16102, 16119, 16123, 16311, 16395, 16470, 16479, 16481, 16533, 18334, 18343, 18405, 18424, 18436, 18531, 18539, 18560, 18599, 18629, 18633, 18639, 18646, 18654, 18676, 18712, 18725, 18731, 18745, 18747, 18771, 18778, 18811, 18834, 18879, 18898, 18899, 18951, 19042, 20458, 20490, 20498, 20563, 20588, 20594, 20676, 20720, 22426, 22467, 22556, 22596, 22601, 22613, 22624, 22678, 22689, 22697, 22709, 22744, 22758, 22798, 22819, 22824, 22858, 22865, 22892, 22906, 22998, 23008, 23012, 23013, 23019, 23030, 23084, 23135, 23178, 23203, 23235, 23258, 23983, 24184, 24446, 24454, 24516, 24521, 24535, 24568, 24583, 24624, 24633, 24651, 24665, 24682, 24683, 24695, 24698, 24726, 24734, 24746, 24747, 24748, 24762, 24779, 24780, 24787, 24796, 24812, 25466, 25467, 25480, 25481, 25487, 25492, 25501, 25512, 25531, 25539, 25547, 25553, 25573, 25594, 25612, 25626, 25660, 25691, 25704, 25707, 25726, 25756, 25768, 25770, 25773, 25778, 25787, 25796, 25838, 25843, 25953, 25992, 25993, 25994, 26040, 26047, 26070, 26086, 26139, 26153, 26169, 26177, 26248, 26252, 26607, 26619, 28581, 28660, 28672, 28685, 28696, 28721, 28799, 28823, 28826, 28828, 28880, 31310, 31462, 31508, 31521, 31532, 31537, 31552, 31579, 31580, 31583, 31881, 32103, 32151, 32153, 32182, 32274, 32276, 32289, 32439, 32447, 32459, 34253, 34266, 34304, 34309, 34312, 34316, 34318, 34477, 34482, 34485, 34490, 34494, 34495, 34498, 34501, 34509, 34527, 35079, 35086, 35116, 35118, 35120, 35208, 35218, 35223, 35254, 35258, 35266, 35274, 35310, 35321, 35327, 35332, 35335, 35337, 35349, 35355, 35366, 35384, 35389, 35393, 35396, 35403, 35417, 35535, 36092, 36594, 36691, 36697, 36720, 36722, 36727, 36742, 36757, 36760, 36812, 36846, 36865, 37116, 37181, 37184, 37755, 37759, 37787, 37788, 37809, 37834, 37841, 37931, 37936, 37956, 37978, 37981, 39949, 40195, 40223, 40267, 40271, 40279, 40284, 40293, 40330, 40354, 40363, 40383, 40410, 40685, 40694, 40699, 40701, 40702, 40720, 40725, 40778, 40791, 40814, 40816, 40819, 40823, 40835, 40847, 40920, 40939, 40951, 40960, 40967, 40973, 40993, 41144, 41154, 41157, 41177, 41183, 41636, 42115, 42261, 42662, 45922, 46159, 46219, 46334, 46339, 46725, 46729, 46778, 46789, 46819, 46976, 46993, 47015, 27039, 8999, 18400, 26933, 41484, 42323, 42339, 32466, 42310, 24660], "label": "window"}, {"objectId": 10, "id": 10, "partId": 10, "index": 9, "dominantNormal": [-0.35641956329345703, -0.9343259930610657, -2.0746204600043187e-16], "obb": {"axesLengths": [4.669747418394496, 2.9999999329447746, 1.0427638943699142], "centroid": [-0.11278516853420095, 2.2113415915762435, 0.00999989524483702], "normalizedAxes": [0.9343259930610657, -0.35641956329345703, -7.914104111904786e-17, 0, -2.220446049250313e-16, 1, -0.35641956329345703, -0.9343259930610657, -2.0746204600043187e-16]}, "segments": [37080, 6302, 36844, 36823, 11207, 5254, 19138, 38158, 2298, 2409, 1759, 2278, 2292, 2306, 2313, 2334, 2352, 2383, 2386, 2417, 2424, 2439, 2474, 2475, 2484, 2505, 2515, 2534, 5183, 5198, 5213, 5234, 6043, 6093, 6278, 6289, 6328, 14012, 14013, 14345, 28432, 34167, 34181, 34183, 34192, 34201, 34551, 34552, 34557, 36579, 36581, 36789, 38177, 2066, 18661, 561, 1265, 1437, 4071, 4092, 4377, 4453, 4546, 4818, 4835, 6091, 10070, 14006, 17815, 17826, 21247, 28131, 33555, 33556, 34450, 34473, 34535, 35034, 17847, 14342, 36766, 19805, 3484, 19764, 4061, 42440, 17953, 37665, 3999, 1386, 2033, 2459, 3351, 3592, 3605, 3612, 3643, 3651, 3711, 3723, 3728, 3757, 3761, 3764, 3964, 3978, 3981, 4005, 4056, 4095, 4181, 4525, 4589, 4599, 4601, 4623, 4626, 4640, 4705, 4716, 4718, 4726, 4733, 9034, 9067, 9076, 9106, 9112, 9128, 12498, 12529, 12535, 12550, 12581, 12591, 12798, 17854, 17875, 17881, 17883, 17896, 17905, 17917, 17923, 17937, 17987, 17997, 18008, 18271, 18851, 18855, 18904, 18979, 19003, 19017, 19021, 19028, 19037, 19071, 19077, 19102, 19299, 19323, 19328, 20362, 20541, 20608, 20814, 20831, 23385, 23399, 23402, 23408, 23420, 23423, 23439, 23440, 23443, 23476, 23485, 23499, 23513, 23518, 23533, 25002, 25149, 25156, 25169, 25176, 25194, 25209, 25215, 25224, 25225, 25226, 25235, 25239, 25241, 25250, 25254, 25259, 25307, 25309, 25326, 25331, 25356, 25370, 25396, 25408, 26335, 26554, 26565, 26587, 27915, 27970, 27980, 28026, 28058, 28092, 28183, 28217, 28236, 28245, 28256, 28277, 28976, 28996, 29504, 30335, 31895, 33720, 33735, 34323, 34335, 34341, 34359, 34361, 34364, 34459, 34460, 35453, 36376, 37496, 37506, 37514, 37644, 37648, 37651, 37672, 37674, 37677, 37748, 37750, 38001, 38002, 38021, 38030, 38038, 38053, 38071, 38089, 39456, 39461, 39464, 39473, 39478, 39483, 40622, 40631, 40636, 40642, 40644, 40652, 40656, 41851, 41893, 41907, 42374, 42375, 42451, 42452, 42603, 43312, 46342, 46532, 46558, 46656, 12503, 1348, 3228, 12439, 12445, 26860, 26861, 26870, 26893, 26947, 27000, 29254, 29301, 29337, 29353, 29400, 29416, 29448, 29484, 29486, 29519, 29551, 41556, 42392, 42396, 42496, 42583, 42593, 12422, 16947, 11591, 12478, 29227, 1412, 3752, 10969, 10984, 11410, 11460, 11462, 11487, 11494, 11499, 11512, 11524, 11527, 11536, 11541, 11558, 11586, 11636, 11650, 11678, 16313, 16361, 16408, 16430, 16436, 16444, 16951, 16971, 16974, 16983, 17000, 17004, 17022, 17026, 17934, 17961, 18743, 18749, 18765, 18799, 18801, 19798, 20874, 22471, 22509, 24789, 26928, 26981, 26991, 27018, 27021, 27031, 27044, 27047, 27060, 29217, 29287, 29360, 29512, 34425, 34437, 34441, 35922, 35938, 35950, 35997, 36065, 36087, 37195, 37198, 37200, 37204, 40423, 41558, 41585, 42387, 42388, 42404, 42406, 42579, 19262, 1752, 2450, 10981, 19259, 34164, 34196, 516, 33897, 3901, 437, 439, 446, 464, 468, 478, 492, 521, 1826, 1844, 2970, 3089, 3094, 3208, 3209, 3222, 3223, 3246, 3276, 3316, 3584, 3601, 3648, 3702, 3799, 3807, 3820, 3826, 3871, 3874, 3894, 3895, 3921, 12001, 12054, 33591, 33595, 33600, 33603, 33794, 33891, 33982, 33985, 12107, 4405, 2048, 27237, 33846, 6571], "label": "window"}, {"objectId": 13, "id": 13, "partId": 13, "index": 11, "dominantNormal": [0, -2.220446049250313e-16, 1], "obb": {"axesLengths": [2.6072041544845916, 0.31999992609024197, 1.8029605632303274], "centroid": [-1.3821392723591548, 1.7181063669467762, 2.1899997940659537], "normalizedAxes": [0.9624266028404236, 0.2715420722961426, 6.029445216352127e-17, 0, -2.220446049250313e-16, 1, 0.2715420722961426, -0.9624266028404236, -2.1370163479704187e-16]}, "segments": [7264, 17176, 16077, 7743, 22362, 5432, 5697, 5893, 7260, 7572, 7629, 7666, 7695, 7722, 7731, 7748, 7755, 7922, 7928, 7959, 8017, 8029, 8069, 8173, 8180, 8285, 8393, 13336, 15163, 15238, 15336, 15837, 15972, 16220, 16241, 16250, 16279, 16320, 16393, 16454, 18091, 33271, 33279, 33310, 33311, 33330, 33394, 33404, 33492, 45733, 28407, 45858, 11878, 14921, 4743, 14822, 45836, 28387, 42279, 32448, 42271, 2680, 3443, 3458, 3493, 3514, 4086, 4139, 4781, 5557, 5693, 5695, 6677, 6686, 6948, 7195, 11297, 11753, 11877, 14238, 14242, 14617, 14698, 14708, 14713, 14754, 14767, 14799, 14800, 14804, 14811, 14852, 14863, 27594, 28104, 28112, 28301, 28360, 30849, 30894, 31127, 31337, 31361, 31433, 31450, 31468, 31472, 31485, 31506, 31513, 32045, 32051, 32200, 32212, 32241, 32251, 32411, 32500, 32506, 32518, 32566, 32567, 32573, 32578, 33500, 33526, 33799, 33816, 34014, 34024, 39445, 39494, 39500, 39541, 39545, 39819, 40775, 40797, 41128, 42264, 42267, 42327, 42350, 45778], "label": "ceiling"}, {"objectId": 14, "id": 14, "partId": 14, "index": 12, "dominantNormal": [-0.3381657600402832, -0.9410865902900696, -2.089632001412033e-16], "obb": {"axesLengths": [1.7842322632834193, 0.5199999096989649, 0.443370485832753], "centroid": [-2.097574905937746, -2.261562553124067, -1.1700000557303432], "normalizedAxes": [0.9410865902900696, -0.3381657302379608, -7.508787596987272e-17, 0, -2.220446049250313e-16, 1, -0.3381657302379608, -0.9410865902900696, -2.089632001412033e-16]}, "segments": [27091, 27449, 31962, 33011, 17264, 27451, 45866, 46001, 23001, 13875, 31685], "label": "bench"}, {"objectId": 19, "id": 19, "partId": 19, "index": 16, "dominantNormal": [0, -2.220446049250313e-16, 1], "obb": {"axesLengths": [0.3580352706766615, 0.16840600590990462, 0.16943858297806638], "centroid": [-1.1209046504316882, 1.0692622438811197, -0.5991010885886627], "normalizedAxes": [0.8440365791320801, -0.5362855792045593, -1.1907931956146796e-16, 0, -2.220446049250313e-16, 1, -0.5362855792045593, -0.8440365791320801, -1.8741376875565765e-16]}, "segments": [36436, 6122, 6125, 6148, 6209, 30922, 34627, 43734, 45456, 45441], "label": "napkins"}, {"objectId": 20, "id": 20, "partId": 20, "index": 17, "dominantNormal": [0.9516963958740234, -0.30704057216644287, -6.817670254265337e-17], "obb": {"axesLengths": [0.2360420663467134, 0.1652750037921591, 0.09455820349701802], "centroid": [-1.5696767194198036, -1.1789979780119557, -0.5717685895762927], "normalizedAxes": [0.30704057216644287, 0.9516963958740234, 2.1131905023042373e-16, 0, -2.220446049250313e-16, 1, 0.9516963958740234, -0.30704057216644287, -6.817670254265337e-17]}, "segments": [5113, 14090], "label": "napkins"}, {"objectId": 21, "id": 21, "partId": 21, "index": 18, "dominantNormal": [0.9999510645866394, 0.009891620837152004, 2.1963810408536242e-18], "obb": {"axesLengths": [0.17026664361081045, 0.20799397957338456, 0.1357276518197241], "centroid": [-1.8627537696984142, -0.9891107566996293, -0.5539970628023827], "normalizedAxes": [-0.009891620837152004, 0.9999510645866394, 2.220337390805048e-16, 0, -2.220446049250313e-16, 1, 0.9999510645866394, 0.009891620837152004, 2.1963810408536242e-18]}, "segments": [28862, 28848, 11258, 36608], "label": "salt"}], "scan_id": "a644cb8e-0ee5-2f66-9c91-1db77b5a8f96", "annId": "4038", "appId": "stk.v1"}