{"segGroups": [{"objectId": 8, "id": 8, "partId": 8, "index": 0, "dominantNormal": [-0.40327325463294983, -0.9150795936584473, -2.031884868488481e-16], "obb": {"axesLengths": [3.1689880143010987, 2.6033599986875045, 0.19826998570506799], "centroid": [-0.6092693318500719, -1.5627296227608696, -0.43168002333462163], "normalizedAxes": [0.9150795936584473, -0.40327325463294983, -8.95446505018049e-17, 0, -2.220446049250313e-16, 1, -0.40327325463294983, -0.9150795936584473, -2.031884868488481e-16]}, "segments": [3674, 4195, 9817, 13790, 13800, 17219, 22107, 22108, 23536, 28908, 38841, 39575, 40297, 41083, 41192, 42032, 42871, 46544, 46812, 48799, 49305, 49311, 50706, 56204, 59401, 61638, 61640], "label": "wall"}, {"objectId": 9, "id": 9, "partId": 9, "index": 1, "dominantNormal": [0.9204702973365784, -0.3908125162124634, -8.677781076215382e-17], "obb": {"axesLengths": [3.725671710127867, 2.556092920390674, 0.3249961790753417], "centroid": [-1.3247662297470284, 0.7144425375421937, -0.46113347907811053], "normalizedAxes": [0.39081254601478577, 0.9204702973365784, 2.0438546351732664e-16, 0, -2.220446049250313e-16, 1, 0.9204702973365784, -0.39081254601478577, -8.677781737959872e-17]}, "segments": [3942, 5967, 6769, 6795, 10596, 11963, 14067, 14291, 14292, 16254, 17228, 19250, 26506, 26644, 27686, 28663, 28694, 28794, 29919, 30231, 31538, 32612, 32617, 32642, 33824, 35085, 35116, 36186, 43328, 44215, 46117, 46814, 46931, 46946, 46986, 47037, 47053, 47057, 50411, 53199, 53210, 53673, 53729, 54838, 54912, 59006, 59412, 59415, 59418, 59426, 59429, 60033, 60131, 24948, 22424, 3447, 24985], "label": "wall"}, {"objectId": 7, "id": 7, "partId": 7, "index": 2, "dominantNormal": [-0.4157649874687195, -0.9094721078872681, -2.019433748861639e-16], "obb": {"axesLengths": [1.1932463921987642, 2.0622899965430044, 0.17272407484350016], "centroid": [1.4193643088179027, -0.0412373537295076, -0.701145001847781], "normalizedAxes": [0.9094721078872681, -0.4157649874687195, -9.231837238415241e-17, 0, -2.220446049250313e-16, 1, -0.4157649874687195, -0.9094721078872681, -2.019433748861639e-16]}, "segments": [5081, 10800, 41478, 53555, 4666, 7716, 10277, 10417, 10443, 10459, 10500, 10780, 12297, 12493, 12512, 12801, 12939, 12965, 13016, 13304, 13319, 19943, 19944, 20057, 30219, 41385, 47202, 47229, 51201, 51243, 51253, 51258, 3616, 41983, 12955, 41956], "label": "door"}, {"objectId": 18, "id": 18, "partId": 18, "index": 3, "dominantNormal": [0.41873472929000854, -0.9081085920333862, -2.0164061354707968e-16], "obb": {"axesLengths": [0.3343123272879077, 0.2254619846017214, 0.14440885242060666], "centroid": [-1.8343702091755296, -0.6069028680450825, -0.3827310063079523], "normalizedAxes": [0.9081085920333862, 0.41873472929000854, 9.297778753358988e-17, 0, -2.220446049250313e-16, 1, 0.41873472929000854, -0.9081085920333862, -2.0164061354707968e-16]}, "segments": [14261, 14275, 14280, 46129, 46134, 46160, 46909, 51293, 51296, 58988, 58994, 58998, 59000, 59003, 59054], "label": "ventilator"}, {"objectId": 16, "id": 16, "partId": 16, "index": 4, "dominantNormal": [-0.4623963236808777, -0.8866733312606812, -1.9688102953733936e-16], "obb": {"axesLengths": [1.505175571372819, 1.0208100448367732, 0.8836903864068989], "centroid": [-1.2211747124350003, -0.8820672715889445, -1.2204049944042041], "normalizedAxes": [0.8866733312606812, -0.4623963236808777, -1.0267260901050738e-16, 0, -2.220446049250313e-16, 1, -0.4623963236808777, -0.8866733312606812, -1.9688102953733936e-16]}, "segments": [20374, 20438, 20479, 20512, 21872, 21884, 26925, 30622, 30636, 30647, 30929, 33860, 33867, 33891, 34156, 34165, 34206, 34405, 34416, 34573, 34575, 34583, 34618, 34691, 34708, 34734, 34771, 34779, 35020, 35112, 35221, 35443, 35537, 35545, 35548, 35699, 35714, 36126, 36213, 36215, 36325, 36360, 36372, 36392, 36577, 36627, 36754, 36920, 36990, 38039, 38964, 38986, 39004, 39067, 39121, 39184, 39711, 39821, 39868, 39918, 40007, 40040, 40258, 40310, 40328, 51868, 52644, 54309, 54630, 54804, 54963, 54991, 54994, 54997, 55198, 55224, 55279, 55321, 55325, 55326, 55436, 55455, 55581, 55595, 55598, 55744, 55760, 55762, 55769, 56066, 56183, 56215, 56234, 56276, 56665, 56679, 56892, 57528, 57637, 57664], "label": "desk"}, {"objectId": 17, "id": 17, "partId": 17, "index": 5, "dominantNormal": [0.13638515770435333, -0.9906558990478516, -2.199697977207319e-16], "obb": {"axesLengths": [0.35549096601578384, 0.3728270149344126, 0.27922712147748513], "centroid": [-1.563028030631389, -1.0195667001247162, -0.6635865066888962], "normalizedAxes": [0.9906558990478516, 0.13638517260551453, 3.0283591768823676e-17, 0, -2.220446049250313e-16, 1, 0.13638517260551453, -0.9906558990478516, -2.199697977207319e-16]}, "segments": [22154, 22280, 23615, 52735], "label": "lamp"}, {"objectId": 13, "id": 13, "partId": 13, "index": 6, "dominantNormal": [-0.4732917249202728, -0.8809057474136353, -1.9560036866065006e-16], "obb": {"axesLengths": [0.8514056025981895, 0.7000000320374955, 0.4488914475017332], "centroid": [-0.29040043450996667, 2.0786623060606546, -1.3799999736994506], "normalizedAxes": [0.8809057474136353, -0.4732917249202728, -1.0509187407420857e-16, 0, -2.220446049250313e-16, 1, -0.4732917249202728, -0.8809057474136353, -1.9560036866065006e-16]}, "segments": [25591, 25827, 25828, 25857, 25894, 25939, 25950, 25968, 26012, 31632, 32295, 32316, 32332, 32340, 32380, 32420, 32424, 32427, 32506, 32563, 36025, 37823, 38161, 38236, 39415, 39420, 39757, 39852, 53080, 53997, 54073, 54081, 54149, 54304, 56812, 56889], "label": "cabinet"}, {"objectId": 12, "id": 12, "partId": 12, "index": 7, "dominantNormal": [0, -2.220446049250313e-16, 1], "obb": {"axesLengths": [1.6304084376245607, 0.9000000156462186, 0.965431701809553], "centroid": [0.25406279226482775, -1.517728844216469, -1.2400000209361306], "normalizedAxes": [0.9487133026123047, -0.31613773107528687, -7.019667759850787e-17, 0, -2.220446049250313e-16, 1, -0.31613773107528687, -0.9487133026123047, -2.1065667046567087e-16]}, "segments": [47544, 47433, 60609, 61123, 34628, 41774, 45613, 42196, 22919, 22961, 34665, 40094, 42684, 42925, 43261, 43430, 43583, 45265, 45273, 45298, 45300, 45320, 45678, 47569, 47816, 47875, 48215, 48444, 56909, 58216, 58221, 58224, 60621, 60710, 60812, 60871, 60964, 61199, 44042, 46729, 58085, 58134, 59120, 10604, 48412, 40240, 10629, 51207, 51211], "label": "couch"}, {"objectId": 14, "id": 14, "partId": 14, "index": 8, "dominantNormal": [-0.02356204017996788, -0.9997223615646362, -2.2198295680833896e-16], "obb": {"axesLengths": [0.0802492634792102, 0.5999999508261689, 0.038277944805154424], "centroid": [-0.5703095843537076, 2.3976529667173745, -0.7499999627470979], "normalizedAxes": [0.9997223615646362, -0.02356204017996788, -5.2318239029886816e-18, 0, -2.220446049250313e-16, 1, -0.02356204017996788, -0.9997223615646362, -2.2198295680833896e-16]}, "segments": [26548], "label": "vase"}, {"objectId": 15, "id": 15, "partId": 15, "index": 9, "dominantNormal": [0, -2.220446049250313e-16, 1], "obb": {"axesLengths": [0.3646387715684277, 0.1000000216066832, 0.14102160580430104], "centroid": [-0.15231506375704007, 2.1750951483866023, -1.0799999684840444], "normalizedAxes": [-0.5945602655410767, 0.8040510416030884, 1.7853519587231767e-16, 0, -2.220446049250313e-16, 1, 0.8040510416030884, 0.5945602655410767, 1.3201889926619007e-16]}, "segments": [32248, 32303, 32321, 32925, 53991, 54020, 54021], "label": "object"}, {"objectId": 21, "id": 21, "partId": 21, "index": 10, "dominantNormal": [-0.32352516055107117, -0.9462195634841919, -2.1010294914618297e-16], "obb": {"axesLengths": [0.4838622693677118, 0.44000001758336943, 0.33598490339349457], "centroid": [-1.8704760780638012, -0.8752456981971491, -0.6300000053644179], "normalizedAxes": [0.9462195634841919, -0.32352516055107117, -7.183701645786992e-17, 0, -2.220446049250313e-16, 1, -0.32352516055107117, -0.9462195634841919, -2.1010294914618297e-16]}, "segments": [46978, 46989, 56112], "label": "vase"}, {"objectId": 22, "id": 22, "partId": 22, "index": 11, "dominantNormal": [0, -2.220446049250313e-16, 1], "obb": {"axesLengths": [0.43728705408724294, 0.2085000229962164, 0.2314675498468913], "centroid": [-1.5168758981186374, -0.7925123418855362, -1.534249936396257], "normalizedAxes": [0.8850672841072083, -0.46546313166618347, -1.0335357717798554e-16, 0, -2.220446049250313e-16, 1, -0.46546313166618347, -0.8850672841072083, -1.965244154316555e-16]}, "segments": [30543, 36540, 36478], "label": "printer"}, {"objectId": 23, "id": 23, "partId": 23, "index": 12, "dominantNormal": [-0.45624876022338867, -0.8898522853851318, -1.975868991499778e-16], "obb": {"axesLengths": [0.5258552551752614, 0.601173029813773, 0.454551958472327], "centroid": [-0.8113412399145963, -0.4062206265402689, -1.0826135128897385], "normalizedAxes": [0.8898522853851318, -0.4562487304210663, -1.0130756909389278e-16, 0, -2.220446049250313e-16, 1, -0.4562487304210663, -0.8898522853851318, -1.975868991499778e-16]}, "segments": [31177, 26759, 26024, 30456, 30790, 31142, 31146, 31150, 31160, 53914, 53792, 53662, 53668, 53795, 30866, 30423, 30443, 30446, 30683, 30780, 30828, 30890, 53615, 53888, 39368], "label": "chair"}, {"objectId": 24, "id": 24, "partId": 24, "index": 13, "dominantNormal": [0.8967986702919006, -0.44243890047073364, -9.82411708584893e-17], "obb": {"axesLengths": [0.8560431683780451, 0.5845299828530107, 0.5083271107254366], "centroid": [-1.1135909439900342, 0.6671734753865004, -1.4211550130436934], "normalizedAxes": [0.44243890047073364, 0.8967986702919006, 1.991293064422585e-16, 0, -2.220446049250313e-16, 1, 0.8967986702919006, -0.44243890047073364, -9.82411708584893e-17]}, "segments": [32139, 29604, 25808, 53147, 25675, 26411, 31824, 31882, 31900, 31921, 31929, 31948, 32121, 32713, 32729, 37776, 37788, 37789, 40655, 56660, 27120, 56775, 40618, 34784, 40765, 28582, 32409, 32504, 32535, 32537, 32544, 33274, 34792], "label": "table"}, {"objectId": 26, "id": 26, "partId": 26, "index": 14, "dominantNormal": [0.9586892127990723, -0.28445565700531006, -6.316184397843429e-17], "obb": {"axesLengths": [0.6226204074943088, 0.9711119315524707, 0.44131949217822847], "centroid": [0.5632158417872817, 1.4984992193168183, -1.230873953978554], "normalizedAxes": [0.28445565700531006, 0.9586892127990723, 2.1287176750185927e-16, 0, -2.220446049250313e-16, 1, 0.9586892127990723, -0.28445565700531006, -6.316184397843429e-17]}, "segments": [38754, 34007, 33674, 54235, 29670, 33626, 33754, 33757, 33987, 34010, 34033, 34899, 54276, 54686, 57000, 42316, 18331, 34934, 36701, 36780, 38760, 38775, 38777, 38799, 42296, 53529, 53536, 53545, 54717, 55481, 57027, 57031, 57465, 57469, 57471, 56147, 57068, 54756, 33644, 33647, 34441, 34458, 34499, 34971, 34976, 34986, 35005, 54730, 57033, 57482, 36134, 57461, 1429, 34500, 34502, 42113, 54779], "label": "chair"}, {"objectId": 29, "id": 29, "partId": 29, "index": 17, "dominantNormal": [0.9180869460105896, -0.3963789939880371, -8.801381712065506e-17], "obb": {"axesLengths": [0.9795857245744825, 0.6600000114738934, 0.35262935178920496], "centroid": [-1.276139558817822, 0.7560476243082899, -1.2600000014156096], "normalizedAxes": [0.3963790237903595, 0.9180869460105896, 2.0385625321374992e-16, 0, -2.220446049250313e-16, 1, 0.9180869460105896, -0.3963790237903595, -8.801382373809996e-17]}, "segments": [25546, 54382, 34320, 53766], "label": "radiator"}, {"objectId": 30, "id": 30, "partId": 30, "index": 18, "dominantNormal": [0, -2.220446049250313e-16, 1], "obb": {"axesLengths": [0.52727094892936, 0.18154000830188366, 0.4648717731552934], "centroid": [0.30070999810208976, -1.3559937621225013, -1.2304199752117695], "normalizedAxes": [0.9968938231468201, 0.07875716686248779, 1.748760400099587e-17, 0, -2.220446049250313e-16, 1, 0.07875716686248779, -0.9968938231468201, -2.213548951128397e-16]}, "segments": [60880, 47898, 43346, 60590, 43375, 43409, 43426, 47748, 47787, 47985, 48034, 48050, 60816, 60818, 60828, 60832, 60834, 60977, 48028], "label": "bag"}, {"objectId": 31, "id": 31, "partId": 31, "index": 19, "dominantNormal": [0, -2.220446049250313e-16, 1], "obb": {"axesLengths": [0.6793021333719397, 0.24000000417232506, 0.6019166608872141], "centroid": [0.7118876047878804, -1.6672389246112227, -1.1699999402463446], "normalizedAxes": [0.8718768358230591, -0.489725261926651, -1.087408523063107e-16, 0, -2.220446049250313e-16, 1, -0.489725261926651, -0.8718768358230591, -1.9359554755361754e-16]}, "segments": [57598, 45631, 58095, 58235, 43363, 43424, 43436, 43517, 43525, 43568, 43579, 45649, 57610, 57612, 58079, 58082, 58258, 58276, 58282, 58294], "label": "blanket"}, {"objectId": 32, "id": 32, "partId": 32, "index": 20, "dominantNormal": [0, -2.220446049250313e-16, 1], "obb": {"axesLengths": [0.6046218436832812, 0.21610998624317368, 0.3928130414318752], "centroid": [-0.047449094771269795, -1.2483507409993246, -1.2619449903381241], "normalizedAxes": [-0.5387258529663086, 0.8424811363220215, 1.870683910714147e-16, 0, -2.220446049250313e-16, 1, 0.8424811363220215, 0.5387258529663086, 1.196211691848045e-16]}, "segments": [48205, 61093, 48287, 48309, 41447, 47722, 47732, 47774, 48001, 48048, 48086, 48289, 48368, 60755, 60822, 61189, 61191], "label": "blanket"}, {"objectId": 5, "id": 5, "partId": 5, "index": 21, "dominantNormal": [0.9085084795951843, -0.41786643862724304, -9.278498827641602e-17], "obb": {"axesLengths": [3.767049944465656, 2.56500190723683, 0.8525741898109065], "centroid": [1.6328895580100797, -0.5541293361022446, -0.4485889666097844], "normalizedAxes": [0.41786643862724304, 0.9085084795951843, 2.0172940642275357e-16, 0, -2.220446049250313e-16, 1, 0.9085084795951843, -0.41786643862724304, -9.278498827641602e-17]}, "segments": [39, 46, 57, 2165, 2168, 20185, 20484, 21338, 21629, 23576, 23735, 23987, 24480, 27915, 28023, 29029, 41880, 44235, 44736, 47799, 48643, 48953, 49937, 52035, 52640, 53233, 22997, 28425, 52972, 53326, 41648, 52653, 11174, 44928, 46229], "label": "wall"}, {"objectId": 4, "id": 4, "partId": 4, "index": 22, "dominantNormal": [-0.12876588106155396, -0.9916750192642212, -2.201960878665468e-16], "obb": {"axesLengths": [0.5897407438279358, 0.7694689757495602, 0.5341784952307587], "centroid": [1.4350099883356187, 1.756375125627207, 0.06526548083278172], "normalizedAxes": [0.9916750192642212, -0.12876588106155396, -2.859176918813632e-17, 0, -2.220446049250313e-16, 1, -0.12876588106155396, -0.9916750192642212, -2.201960878665468e-16]}, "segments": [444, 515, 520, 527, 530, 538, 579, 682, 695, 712, 723, 747, 759, 760, 762, 764, 771, 813, 817, 850, 869, 880, 890, 907, 1355, 2609, 4700, 4710, 18270, 28647, 28734, 29100, 29130, 29135, 29180, 29186, 29232, 29236, 29247, 29295, 29340, 29344, 29367, 29391, 29394, 29457, 29472, 30039, 30050, 30060, 30085, 34180, 49818, 49829, 49836, 49838, 49845, 49848, 49851, 49858, 49872, 49881, 49886, 49911, 49921, 50099, 50102, 50105, 53336, 53342, 53356, 53363, 53367, 53375, 53377, 53388, 53519, 53521, 54200], "label": "window"}, {"objectId": 3, "id": 3, "partId": 3, "index": 23, "dominantNormal": [-0.40106478333473206, -0.9160497188568115, -2.0340389791524672e-16], "obb": {"axesLengths": [3.2019671880986675, 2.5474900033885968, 0.19708518961806368], "centroid": [0.8264984569502282, 1.7790147347896785, -0.4362550075444207], "normalizedAxes": [0.9160497188568115, -0.40106475353240967, -8.905426474745896e-17, 0, -2.220446049250313e-16, 1, -0.40106475353240967, -0.9160497188568115, -2.0340389791524672e-16]}, "segments": [1383, 1457, 9897, 10157, 10187, 15925, 15948, 16311, 18257, 23344, 25402, 25545, 26459, 27286, 27509, 28973, 29531, 31222, 32437, 33126, 33233, 33294, 33660, 33733, 33934, 36680, 49676, 54199, 54261, 54615, 9809, 25646], "label": "wall"}, {"objectId": 6, "id": 6, "partId": 6, "index": 24, "dominantNormal": [0, -2.220446049250313e-16, 1], "obb": {"axesLengths": [4.525389061839194, 0.19420796198678147, 4.196831055152452], "centroid": [0.10094255529831753, 0.10157128498203156, 0.7735499771635981], "normalizedAxes": [0.0642130970954895, 0.9979361891746521, 2.2158634686567693e-16, 0, -2.220446049250313e-16, 1, 0.9979361891746521, -0.0642130970954895, -1.4258171775580642e-17]}, "segments": [7435, 8400, 19044, 19108, 27042, 33423, 35674, 38647, 38652, 38664, 38665, 38674, 39541, 48977, 49239, 49272, 49273, 49688, 52144, 52148, 54224, 54232, 56070, 56073, 61256, 61451, 61623, 61627, 61632, 61636, 3333, 17234, 48640, 49340, 61442], "label": "ceiling"}, {"objectId": 10, "id": 10, "partId": 10, "index": 25, "dominantNormal": [0.9202592968940735, -0.39130908250808716, -8.688807062908469e-17], "obb": {"axesLengths": [1.7652742784426574, 1.7475129571367878, 0.4005431087538551], "centroid": [-1.3615190309704759, 0.7632496362124425, -0.10375652416594638], "normalizedAxes": [0.39130905270576477, 0.9202592968940735, 2.0433861200743164e-16, 0, -2.220446049250313e-16, 1, 0.9202592968940735, -0.39130905270576477, -8.688806401163979e-17]}, "segments": [1906, 1921, 1977, 1985, 3531, 4418, 4483, 4534, 4550, 4584, 4597, 4603, 4945, 4973, 5100, 5128, 5151, 5190, 5285, 5295, 5349, 5408, 5463, 7288, 7296, 7302, 7311, 7315, 7340, 7354, 7368, 7786, 7835, 7842, 7856, 7889, 7890, 7897, 7919, 7993, 8021, 8050, 8051, 8064, 8075, 8099, 8106, 8125, 8130, 8182, 8194, 8286, 8290, 8304, 8338, 8339, 8347, 8371, 8372, 8382, 8413, 8567, 8574, 8581, 8586, 8638, 8719, 8820, 8850, 8856, 8900, 8948, 9012, 9015, 9049, 9073, 9076, 9088, 9104, 9109, 9193, 9235, 9246, 9262, 9279, 9282, 9286, 9294, 10981, 11271, 11292, 11293, 11306, 11317, 11330, 11334, 11350, 11372, 11428, 11432, 11480, 11486, 11506, 11511, 11547, 11560, 11826, 11833, 11882, 11889, 11900, 11934, 11949, 11961, 11962, 11990, 11998, 12009, 12026, 12077, 12113, 12169, 12190, 12218, 12244, 12998, 13953, 14102, 14231, 14451, 14484, 14522, 15365, 15372, 15433, 15470, 15558, 15670, 15718, 15738, 15867, 16517, 16600, 16802, 16920, 16985, 16993, 17561, 17586, 17602, 17622, 17994, 18006, 18013, 18226, 18342, 18460, 18465, 18517, 18558, 18560, 18577, 18611, 18917, 19548, 20600, 20969, 21025, 21302, 21402, 21467, 21604, 23186, 23197, 23222, 23256, 23347, 23386, 23960, 23999, 24018, 24077, 24215, 24250, 24270, 24278, 24293, 24310, 24493, 24495, 24636, 25024, 25156, 25178, 25238, 34237, 38209, 38380, 38844, 38934, 38950, 39424, 40424, 40509, 49699, 50023, 50200, 50213, 50215, 50256, 50291, 50319, 50349, 50361, 50365, 50495, 50501, 50519, 50524, 50526, 50538, 50541, 50550, 50600, 50619, 50723, 50739, 50755, 50758, 50869, 50914, 50928, 50944, 50962, 50988, 51093, 51137, 51176, 51202, 51205, 51275, 51404, 51555, 51621, 51640, 51642, 51647, 51681, 51686, 51712, 51724, 51747, 51826, 52158, 52160, 52163, 52188, 52252, 52318, 52320, 52345, 52390, 52425, 52489, 52594, 52691, 52728, 52741, 52753, 52775, 52794, 52871, 52876, 53070, 53075, 55499, 55737, 55879, 56456, 56481, 56487, 56589, 56622, 58201, 59488, 59713, 59850, 55951, 21639, 7707, 9042, 12161, 12234, 14558, 14586, 14595, 15420, 15711, 15910, 17635, 17679, 19423, 21043, 21111, 21373, 21491, 21504, 21590, 21610, 21683, 22291, 23874, 23906, 23941, 23946, 37264, 37314, 37353, 37561, 38108, 38169, 38298, 38447, 38510, 38813, 38851, 39183, 39258, 39303, 39342, 39370, 39471, 39552, 46475, 49668, 49672, 49984, 51401, 51416, 51597, 52311, 52391, 52770, 55484, 55603, 55726, 55730, 59592, 59917, 52927, 12204, 3456, 1859], "label": "curtain"}, {"objectId": 2, "id": 2, "partId": 2, "index": 26, "dominantNormal": [0.8513652086257935, -0.5245734453201294, -1.1647870342027064e-16], "obb": {"axesLengths": [1.6894782260666952, 2.355984873563388, 0.7784258429654445], "centroid": [1.8017885381337355, 0.7218281678487687, -0.5934774836120571], "normalizedAxes": [0.5245734453201294, 0.8513652086257935, 1.8904105139623116e-16, 0, -2.220446049250313e-16, 1, 0.8513652086257935, -0.5245734453201294, -1.1647870342027064e-16]}, "segments": [2276, 2410, 2855, 2899, 2918, 5193, 5256, 5566, 10421, 11221, 12330, 12765, 13741, 13862, 13912, 19231, 19247, 20321, 20402, 22313, 22746, 23702, 23710, 23715, 23734, 23746, 23754, 23771, 23790, 23792, 23832, 23844, 24127, 24203, 24260, 24375, 24575, 24596, 24615, 24623, 24664, 24890, 24967, 27589, 27624, 27647, 27727, 27744, 27795, 27809, 27883, 28255, 28261, 28285, 28955, 40384, 40400, 40432, 40435, 40440, 40477, 40482, 40674, 41168, 41412, 41486, 41695, 41711, 43280, 43758, 44108, 44129, 44376, 45870, 46346, 46721, 53011, 53015, 53018, 53056, 53057, 53058, 53213, 53224, 53255, 56946, 56992, 57453, 57708, 57851, 57863, 58003, 58005, 58071, 59066, 59072, 59076, 59078, 59093], "label": "wardrobe"}, {"objectId": 1, "id": 1, "partId": 1, "index": 27, "dominantNormal": [0, -2.220446049250313e-16, 1], "obb": {"axesLengths": [5.537565908710376, 0.4199999476969249, 3.6978026040778946], "centroid": [1.108350780675953, -0.28215674332925766, -1.699999959394336], "normalizedAxes": [0.9299651384353638, -0.36764776706695557, -8.163420318995209e-17, 0, -2.220446049250313e-16, 1, -0.36764776706695557, -0.9299651384353638, -2.064937417579324e-16]}, "segments": [3173, 11771, 11797, 13411, 16839, 16890, 26127, 26208, 26216, 26218, 26232, 28230, 28400, 28538, 31017, 31025, 31038, 31040, 31041, 31060, 31308, 31920, 31956, 31959, 31967, 31975, 31985, 31990, 31994, 32057, 32068, 34548, 35244, 37400, 37429, 37446, 37459, 38335, 41130, 41670, 41798, 42564, 42569, 42577, 42589, 43640, 43701, 45912, 45978, 45982, 46577, 53111, 53116, 53129, 53927, 53932, 53938, 53942, 53944, 53969, 53971, 54624, 55616, 57501, 57505, 57509, 57517, 60520, 9677, 8504, 4984, 6533, 9953, 9674, 9610, 45437, 37594, 45131, 45115, 4183, 4324, 3744, 3739, 2999, 58379, 45593, 168, 201, 43852, 32898, 9587, 7216, 57532, 43452, 7045], "label": "floor"}], "scan_id": "10b17940-3938-2467-8a7a-958300ba83d3", "annId": "5180", "appId": "stk.v1"}