{"segGroups": [{"objectId": 28, "id": 28, "partId": 28, "index": 0, "dominantNormal": [0, -2.220446049250313e-16, 1], "obb": {"axesLengths": [0.6444066040980203, 0.17250305028625457, 0.25988765537877073], "centroid": [-1.052904858641618, 3.1695949003225, -0.8477675740412427], "normalizedAxes": [0.9717630743980408, 0.2359587848186493, 5.239337515364746e-17, 0, -2.220446049250313e-16, 1, 0.2359587848186493, -0.9717630743980408, -2.1577474793544677e-16]}, "segments": [21498, 31964, 21207], "label": "pillow"}, {"objectId": 29, "id": 29, "partId": 29, "index": 1, "dominantNormal": [0, -2.220446049250313e-16, 1], "obb": {"axesLengths": [0.5448498247993248, 0.1217150064919513, 0.5487965787532502], "centroid": [-0.43924465813404057, 1.6851912196944046, -1.0359025977215341], "normalizedAxes": [-0.3631628155708313, 0.9317256808280945, 2.0688466069798006e-16, 0, -2.220446049250313e-16, 1, 0.9317256808280945, 0.3631628155708313, 8.063834390688724e-17]}, "segments": [3898, 3289, 3271, 4696], "label": "pillow"}, {"objectId": 30, "id": 30, "partId": 30, "index": 2, "dominantNormal": [0.9291015863418579, 0.3698245584964752, 8.211754798292397e-17], "obb": {"axesLengths": [0.6651328850811599, 0.24396997144885413, 0.212814629261765], "centroid": [0.2665645398395662, 1.225147193265112, -0.9519850414040311], "normalizedAxes": [-0.3698245584964752, 0.9291015863418579, 2.063019946744977e-16, 0, -2.220446049250313e-16, 1, 0.9291015863418579, 0.3698245584964752, 8.211754798292397e-17]}, "segments": [10911, 14799, 10726], "label": "pillow"}, {"objectId": 31, "id": 31, "partId": 31, "index": 3, "dominantNormal": [0.8065240383148193, 0.5912013053894043, 1.3127306028635306e-16], "obb": {"axesLengths": [0.24209772554600884, 0.19074904492313305, 0.14099975544401164], "centroid": [0.35514280656480146, 1.9876640788516426, -0.6853745739688455], "normalizedAxes": [-0.5912013053894043, 0.8065240383148193, 1.7908431145015487e-16, 0, -2.220446049250313e-16, 1, 0.8065240383148193, 0.5912013053894043, 1.3127306028635306e-16]}, "segments": [26109, 26087, 26131], "label": "light"}, {"objectId": 32, "id": 32, "partId": 32, "index": 4, "dominantNormal": [0, -2.220446049250313e-16, 1], "obb": {"axesLengths": [0.640139937944337, 0.22729801623602178, 0.2647784628124589], "centroid": [-0.7052371349531972, 2.7846330173203224, -0.8763510702113576], "normalizedAxes": [-0.4462909400463104, 0.8948879241943359, 1.987050355799127e-16, 0, -2.220446049250313e-16, 1, 0.8948879241943359, 0.4462909400463104, 9.909649546420383e-17]}, "segments": [21870, 21950, 21188, 21933, 15630, 15635, 15638, 15646, 30934, 30941, 30943, 21900], "label": "stuffed animal"}, {"objectId": 33, "id": 33, "partId": 33, "index": 5, "dominantNormal": [0.9247575998306274, 0.38055673241615295, 8.450056930090554e-17], "obb": {"axesLengths": [0.4918680537152721, 0.2917599612826116, 0.25872683025475546], "centroid": [-0.7963723711699511, 2.69435503710832, -0.9158800352778285], "normalizedAxes": [-0.38055673241615295, 0.9247575998306274, 2.0533743590581187e-16, 0, -2.220446049250313e-16, 1, 0.9247575998306274, 0.38055673241615295, 8.450056930090554e-17]}, "segments": [32125, 15620, 21983], "label": "pillow"}, {"objectId": 34, "id": 34, "partId": 34, "index": 6, "dominantNormal": [0, -2.220446049250313e-16, 1], "obb": {"axesLengths": [0.4368504626965352, 0.20518803137865582, 0.22472397313709053], "centroid": [0.5675264844405212, 1.5402380848774042, -0.6725940867171276], "normalizedAxes": [-0.3265359401702881, 0.9451847672462463, 2.0987317822435044e-16, 0, -2.220446049250313e-16, 1, 0.9451847672462463, 0.3265359401702881, 7.250554382893528e-17]}, "segments": [7653, 10817, 27423], "label": "box"}, {"objectId": 35, "id": 35, "partId": 35, "index": 7, "dominantNormal": [0.9194697737693787, 0.3931606709957123, 8.729920586330315e-17], "obb": {"axesLengths": [0.2890751821709764, 0.22474604342700447, 0.1782573146086725], "centroid": [0.494672157679066, 1.6919049986461063, -0.6805630785338646], "normalizedAxes": [-0.39316070079803467, 0.9194697737693787, 2.041633026571296e-16, 0, -2.220446049250313e-16, 1, 0.9194697737693787, 0.39316070079803467, 8.729921248074805e-17]}, "segments": [21315, 21288, 31911, 9409], "label": "box"}, {"objectId": 36, "id": 36, "partId": 36, "index": 8, "dominantNormal": [0.8313373327255249, 0.5557681322097778, 1.2340531534644269e-16], "obb": {"axesLengths": [0.3969003179918534, 0.33201758566459433, 0.2325794396975272], "centroid": [-2.695812756935049, 1.7842732275164281, -0.15252128426452183], "normalizedAxes": [-0.5557681322097778, 0.8313373327255249, 1.8459396960446848e-16, 0, -2.220446049250313e-16, 1, 0.8313373327255249, 0.5557681322097778, 1.2340531534644269e-16]}, "segments": [14401, 14348, 14162, 14143, 14170, 14188, 14243, 14423, 14266], "label": "decoration"}, {"objectId": 37, "id": 37, "partId": 37, "index": 9, "dominantNormal": [0, -2.220446049250313e-16, 1], "obb": {"axesLengths": [0.39384221424361615, 0.21999999389052394, 0.37266453912160624], "centroid": [-2.801030592389837, 2.0810869865754134, -0.20000008943073366], "normalizedAxes": [-0.4505278766155243, 0.8927623629570007, 1.9823306617472463e-16, 0, -2.220446049250313e-16, 1, 0.8927623629570007, 0.4505278766155243, 1.0003728437080734e-16]}, "segments": [13863, 14048, 30690, 13999, 13772, 14086, 30715], "label": "plant"}, {"objectId": 38, "id": 38, "partId": 38, "index": 10, "dominantNormal": [0.9761992692947388, -0.21687538921833038, -4.8156010116946564e-17], "obb": {"axesLengths": [0.1655260256239959, 0.23702898091758073, 0.11567722699410503], "centroid": [-0.7013184746540854, 0.45729546321716974, 0.5285143867974482], "normalizedAxes": [0.21687538921833038, 0.9761992692947388, 2.1675978107865452e-16, 0, -2.220446049250313e-16, 1, 0.9761992692947388, -0.21687538921833038, -4.8156010116946564e-17]}, "segments": [15448, 30918, 15421], "label": "lamp"}, {"objectId": 39, "id": 39, "partId": 39, "index": 11, "dominantNormal": [0.8910678625106812, 0.45387014746665955, 1.0077941758150012e-16], "obb": {"axesLengths": [0.11044814590383714, 0.2649779856582435, 0.1104500510777915], "centroid": [-0.6344092106791605, -0.07074002012011205, 0.5675108886828801], "normalizedAxes": [0.8910678625106812, 0.45387014746665955, 1.0077941758150012e-16, 0, -2.220446049250313e-16, 1, 0.45387014746665955, -0.8910678625106812, -1.9785681149257631e-16]}, "segments": [5393, 4513, 29377], "label": "lamp"}, {"objectId": 1, "id": 1, "partId": 1, "index": 12, "dominantNormal": [0, -2.220446049250313e-16, 1], "obb": {"axesLengths": [4.159530961263545, 0.17772996028371263, 2.7026533576121476], "centroid": [-0.7518744656294294, 1.1639961122942482, -1.4188650842502328], "normalizedAxes": [-0.5748887062072754, 0.8182315826416016, 1.8168390850483752e-16, 0, -2.220446049250313e-16, 1, 0.8182315826416016, 0.5748887062072754, 1.2765093564565686e-16]}, "segments": [3383, 3836, 12833, 15118, 28774, 3586, 4372, 4397, 16016, 18059, 20181, 23838, 28724, 29221], "label": "floor"}, {"objectId": 2, "id": 2, "partId": 2, "index": 13, "dominantNormal": [0.49527525901794434, -0.8687360882759094, -1.9289816150534143e-16], "obb": {"axesLengths": [2.938235934264366, 2.5499499466281383, 0.17469558842869318], "centroid": [-1.7693692625944846, 2.8992191894546697, -0.20767512604716987], "normalizedAxes": [0.8687360882759094, 0.49527525901794434, 1.09973199217782e-16, 0, -2.220446049250313e-16, 1, 0.49527525901794434, -0.8687360882759094, -1.9289816150534143e-16]}, "segments": [21600, 10319, 8326, 18324, 7671, 11398, 12364, 13634, 19161, 23590, 9210, 5221, 11345, 20282, 26868, 34597, 22457, 12617], "label": "wall"}, {"objectId": 3, "id": 3, "partId": 3, "index": 14, "dominantNormal": [0.5356923937797546, -0.8444132208824158, -1.874974000243092e-16], "obb": {"axesLengths": [0.7027006512907505, 0.6799999621510511, 0.06719423531258124], "centroid": [-0.8999871837521234, 3.393132809590538, 0.42999989171929753], "normalizedAxes": [0.8444132208824158, 0.5356923937797546, 1.1894760593816992e-16, 0, -2.220446049250313e-16, 1, 0.5356923937797546, -0.8444132208824158, -1.874974000243092e-16]}, "segments": [13440, 1215, 13378, 13648, 18570], "label": "picture"}, {"objectId": 4, "id": 4, "partId": 4, "index": 15, "dominantNormal": [0.613937258720398, -0.7893548011779785, -1.7527197497324088e-16], "obb": {"axesLengths": [0.8134034332609018, 0.6999999575316913, 0.26678008530532804], "centroid": [-1.0217578418355904, 3.420758203755778, -0.18000007169835208], "normalizedAxes": [0.7893548011779785, 0.6139373183250427, 1.363214692962173e-16, 0, -2.220446049250313e-16, 1, 0.6139373183250427, -0.7893548011779785, -1.7527197497324088e-16]}, "segments": [27240, 27297, 24370, 24720, 24392, 24505, 24604, 24717, 24788, 25049, 25114, 25130, 25973, 25998, 26007, 27230, 27233, 33618, 33681, 34401, 34412, 34440, 35257, 26031, 25062, 33615, 35118, 35080, 13536, 25947, 24793], "label": "picture"}, {"objectId": 5, "id": 5, "partId": 5, "index": 16, "dominantNormal": [0.5024753212928772, -0.8645915389060974, -1.9197788667792924e-16], "obb": {"axesLengths": [0.4758838907166733, 0.3400000052899121, 0.04042041317581553], "centroid": [-1.399292041534264, 3.097671856831421, -0.16000009401284054], "normalizedAxes": [0.8645915389060974, 0.5024753212928772, 1.115719342010551e-16, 0, -2.220446049250313e-16, 1, 0.5024753212928772, -0.8645915389060974, -1.9197788667792924e-16]}, "segments": [8466, 8501], "label": "picture"}, {"objectId": 6, "id": 6, "partId": 6, "index": 17, "dominantNormal": [0.3372327983379364, -0.9414212703704834, -2.0903751404743507e-16], "obb": {"axesLengths": [0.21778997580295376, 0.3062589826525974, 0.14037815455058508], "centroid": [-1.739054643718625, 2.6884715696480357, -0.12999158306580338], "normalizedAxes": [0.9414212703704834, 0.3372327983379364, 7.488072347470984e-17, 0, -2.220446049250313e-16, 1, 0.3372327983379364, -0.9414212703704834, -2.0903751404743507e-16]}, "segments": [9620, 30156, 9677, 9570, 8574], "label": "picture"}, {"objectId": 7, "id": 7, "partId": 7, "index": 18, "dominantNormal": [0.8632215261459351, 0.5048252940177917, 1.1209373296634334e-16], "obb": {"axesLengths": [2.5804206778395393, 2.151990007937177, 0.18602266539614754], "centroid": [-2.3826610478765486, 1.0557001511584945, 0.005994884512016352], "normalizedAxes": [-0.5048252940177917, 0.8632215261459351, 1.9167368273585673e-16, 0, -2.220446049250313e-16, 1, 0.8632215261459351, 0.5048252940177917, 1.1209373296634334e-16]}, "segments": [12944, 10903, 9013, 9795, 34015, 11098, 33777, 16508, 492, 11077, 34871, 3682, 26426, 4357, 29163], "label": "wall"}, {"objectId": 8, "id": 8, "partId": 8, "index": 19, "dominantNormal": [0.8753768801689148, 0.4834411144256592, 1.0734549125716235e-16], "obb": {"axesLengths": [4.113976870079554, 2.2802040067269496, 0.4502254601072983], "centroid": [-1.8676358242077533, 0.500508716783146, -0.3402580855966799], "normalizedAxes": [-0.48344114422798157, 0.8753768801689148, 1.9437271351761316e-16, 0, -2.220446049250313e-16, 1, 0.8753768801689148, 0.48344114422798157, 1.0734549787460725e-16]}, "segments": [10071, 6889, 551, 34382, 135, 11066, 28099, 10142, 11060, 35700, 11991, 10560, 26632, 27931, 28447, 11085, 10881, 144, 27790, 26577, 34938, 7660, 8080, 8035, 7455, 31544, 1799, 6410, 6306, 6284, 913, 953, 961, 977, 1062, 1063, 1174, 1356, 2207, 2584, 2600, 2659, 2741, 4908, 4930, 4989, 5157, 5565, 5899, 5957, 6010, 6330, 6342, 6386, 6551, 6653, 6710, 6712, 6823, 6860, 6865, 6906, 7003, 7014, 7032, 7103, 7344, 7470, 7841, 7912, 7943, 7987, 8045, 8060, 8061, 8148, 8210, 8402, 8599, 8605, 8683, 8697, 11506, 11553, 11561, 11582, 11623, 11658, 11681, 11707, 11731, 11797, 13227, 13232, 13555, 13590, 13819, 14061, 15036, 15988, 16704, 16749, 16780, 16783, 16785, 17429, 17606, 17635, 17732, 17742, 17762, 17764, 17875, 18120, 18422, 18697, 18725, 19621, 19676, 19706, 19761, 19778, 19791, 19802, 19804, 19843, 19872, 19891, 20413, 20496, 20525, 20535, 20886, 20889, 20941, 21146, 21709, 22577, 22630, 22679, 22690, 23909, 24085, 25530, 25548, 25572, 25619, 25630, 25671, 26400, 26707, 26984, 28220, 28280, 28284, 28287, 28653, 29007, 29170, 29196, 29200, 29552, 29638, 29641, 29659, 29696, 29705, 29706, 29710, 29739, 29772, 29784, 29787, 29798, 29812, 29831, 29877, 29894, 29900, 29903, 29906, 29914, 30024, 30036, 30055, 30560, 30582, 30597, 30816, 30890, 30964, 31091, 31156, 31275, 31292, 31295, 31300, 31310, 31341, 31350, 31376, 31389, 31402, 31655, 31779, 32155, 32161, 32202, 32228, 32239, 32289, 32292, 32295, 32312, 32385, 32394, 35012, 35033, 35059, 35137, 35201, 35205, 19680, 20928, 32301, 17004, 5259], "label": "cabinet"}, {"objectId": 9, "id": 9, "partId": 9, "index": 20, "dominantNormal": [0.8426674008369446, 0.5384344458580017, 1.1955646380856815e-16], "obb": {"axesLengths": [1.1654203844343871, 0.7448319775276186, 0.2742217502097289], "centroid": [-2.35178940687841, 0.8868734571393587, -0.6024160787160836], "normalizedAxes": [-0.5384344458580017, 0.8426674008369446, 1.8710975010204236e-16, 0, -2.220446049250313e-16, 1, 0.8426674008369446, 0.5384344458580017, 1.1955646380856815e-16]}, "segments": [8795, 8804, 9818, 11671, 11807, 11831, 11901, 12017, 12047, 14919, 14953, 23130, 28046, 28221, 29926, 29928, 30518, 30520, 33688, 8738, 11585, 11607, 11675, 12223, 13564, 14536, 14549, 29908, 30020, 30041, 30220, 30223, 12634, 28030, 30526, 11639, 30131, 30188, 23020, 26764, 34216, 34276, 34241, 9695, 8607, 9717, 11423, 11431, 12384, 12420, 12445, 13643, 13656, 13766, 14468, 14499, 14502, 14507, 14510, 14514, 14522, 14533, 14576, 14608, 14611, 14628, 14820, 22758, 22766, 22938, 23152, 26561, 26682, 26721, 27573, 27576, 30113, 30216, 30218, 30229, 30231, 30247, 30362, 30365, 30368, 30370, 30373, 30376, 30649, 30674, 30676, 30833, 30842, 31227, 31287, 31305, 31307, 32680, 32685, 33086, 33088, 33106, 33110, 33114, 33392, 33397, 33519, 33569, 33571, 33574, 33577, 33580, 33584, 33586, 33887, 34213, 34291, 34295, 9031, 32691, 27694], "label": "tv"}, {"objectId": 10, "id": 10, "partId": 10, "index": 21, "dominantNormal": [0.8696419596672058, 0.49368298053741455, 1.0961964237164213e-16], "obb": {"axesLengths": [3.1520347843020624, 2.564809980284942, 0.44045803861503996], "centroid": [0.3732514842440837, 2.3153725603486714, -0.1875950965315467], "normalizedAxes": [-0.49368298053741455, 0.8696419596672058, 1.9309930536053473e-16, 0, -2.220446049250313e-16, 1, 0.8696419596672058, 0.49368298053741455, 1.0961964237164213e-16]}, "segments": [24691, 7142, 24165, 812, 1278, 1930, 6254, 6259, 7216, 15724, 15801, 18761, 20676, 21829, 21859, 23417, 23418, 23437, 23882, 24238, 24914, 25808, 30957, 31947, 31949, 31952, 32678, 32709, 32714, 32875, 32899, 33252, 33300, 33414, 34900, 12972, 7687, 20666, 2386, 12257, 9508, 12133, 7254, 32817, 8033, 33286], "label": "wall"}, {"objectId": 11, "id": 11, "partId": 11, "index": 22, "dominantNormal": [0.8886966705322266, 0.4584955871105194, 1.0180647149982556e-16], "obb": {"axesLengths": [0.5395371275455235, 0.6072069568811289, 0.06026509823178851], "centroid": [-0.056082852016102636, 2.8026468142338645, 0.3936033890843367], "normalizedAxes": [-0.4584955871105194, 0.8886966705322266, 1.9733030110651896e-16, 0, -2.220446049250313e-16, 1, 0.8886966705322266, 0.4584955871105194, 1.0180647149982556e-16]}, "segments": [28518], "label": "picture"}, {"objectId": 12, "id": 12, "partId": 12, "index": 23, "dominantNormal": [0.8527337908744812, 0.522345781326294, 1.1598406264885374e-16], "obb": {"axesLengths": [0.4039205004900771, 0.5199999991059304, 0.11499016858047308], "centroid": [-0.326029953475111, 3.4040486649374015, 0.34999991019673726], "normalizedAxes": [-0.522345781326294, 0.8527337908744812, 1.8934493770094845e-16, 0, -2.220446049250313e-16, 1, 0.8527337908744812, 0.522345781326294, 1.1598406264885374e-16]}, "segments": [23037, 27133, 35234, 6043], "label": "picture"}, {"objectId": 13, "id": 13, "partId": 13, "index": 24, "dominantNormal": [0.8994311690330505, 0.43706241250038147, 9.704735071122827e-17], "obb": {"axesLengths": [0.49209551990330774, 0.5199999786168339, 0.05178400055461997], "centroid": [-0.04080716838660592, 2.8139109970279907, -0.2500000806763014], "normalizedAxes": [-0.43706244230270386, 0.8994311690330505, 1.9971383858520276e-16, 0, -2.220446049250313e-16, 1, 0.8994311690330505, 0.43706244230270386, 9.704735732867317e-17]}, "segments": [24962, 15803], "label": "picture"}, {"objectId": 14, "id": 14, "partId": 14, "index": 25, "dominantNormal": [0.8528286218643188, 0.5221909284591675, 1.1594967840515113e-16], "obb": {"axesLengths": [0.46466104972951694, 0.5199999786168339, 0.07628569128903925], "centroid": [-0.3291359077490298, 3.352988278452344, -0.25000008067630164], "normalizedAxes": [-0.5221909284591675, 0.8528286218643188, 1.893659944106216e-16, 0, -2.220446049250313e-16, 1, 0.8528286218643188, 0.5221909284591675, 1.1594967840515113e-16]}, "segments": [1722, 33047, 1621], "label": "picture"}, {"objectId": 15, "id": 15, "partId": 15, "index": 26, "dominantNormal": [0.8783056139945984, 0.47809964418411255, 1.0615944660765931e-16], "obb": {"axesLengths": [0.2924162319757552, 0.6999999724328521, 0.03954245913712581], "centroid": [0.16573092526204625, 2.4190848845914523, -0.16000008376829267], "normalizedAxes": [-0.47809961438179016, 0.8783056139945984, 1.9502302306286765e-16, 0, -2.220446049250313e-16, 1, 0.8783056139945984, 0.47809961438179016, 1.0615943999021441e-16]}, "segments": [22153, 20626], "label": "picture"}, {"objectId": 16, "id": 16, "partId": 16, "index": 27, "dominantNormal": [0.9007446765899658, 0.4343489706516266, 9.644484558793444e-17], "obb": {"axesLengths": [0.31787764826411125, 0.5399999609589583, 0.0340987811357093], "centroid": [0.14777879840903796, 2.4463848407312057, 0.31999988918610023], "normalizedAxes": [-0.4343489706516266, 0.9007446765899658, 2.0000549585174406e-16, 0, -2.220446049250313e-16, 1, 0.9007446765899658, 0.4343489706516266, 9.644484558793444e-17]}, "segments": [26273], "label": "picture"}, {"objectId": 17, "id": 17, "partId": 17, "index": 28, "dominantNormal": [0, -2.220446049250313e-16, 1], "obb": {"axesLengths": [3.218045352932086, 0.8226200158308439, 1.89474059659558], "centroid": [-0.38989961281925667, 2.116083342857721, -1.041310079986303], "normalizedAxes": [0.7082415819168091, -0.7059701681137085, -1.5675686706766634e-16, 0, -2.220446049250313e-16, 1, -0.7059701681137085, -0.7082415819168091, -1.5726122224819707e-16]}, "segments": [11221, 29220, 2352, 10770, 26313, 10639, 15099, 11105, 32589, 8377, 12210, 10111, 9848, 9141, 10208, 9349, 26148, 22357, 3731, 18921, 2972, 3029, 4213, 4498, 4525, 4544, 5067, 5076, 5142, 8880, 9496, 9498, 10087, 10193, 10657, 10658, 15887, 15908, 15921, 17154, 18949, 23153, 23188, 26064, 28824, 28866, 30266, 30317, 30979, 32254, 32533, 32612, 32621, 34461, 16877, 19234, 16106, 27849, 20230, 19268, 17964, 19315, 34178, 18907, 21176, 21510, 23638, 15912, 15925, 19445, 19468, 20137, 20291, 20293, 20297, 20298, 20300, 20313, 20323, 20330, 20334, 20345, 21650, 22360, 23683, 23686, 23727, 25211, 25223, 25262, 25334, 33235, 33244, 34170], "label": "sofa"}, {"objectId": 18, "id": 18, "partId": 18, "index": 29, "dominantNormal": [0, -2.220446049250313e-16, 1], "obb": {"axesLengths": [0.7495140635050044, 0.4505549568558864, 0.6666472959307012], "centroid": [-1.355657756839069, 1.2717837902444622, -1.209302548879999], "normalizedAxes": [0.45031481981277466, 0.8928698301315308, 1.9825692868103556e-16, 0, -2.220446049250313e-16, 1, 0.8928698301315308, -0.45031481981277466, -9.998997625721421e-17]}, "segments": [27328, 21078, 15175, 15179, 24989, 31450, 15138, 20753, 20783, 20789, 20813, 20986, 20987, 21028, 23785, 25009, 25031, 27616, 27624, 27626, 27674, 31312, 31937, 33175, 33604, 35277, 35282, 35121, 26939, 22542], "label": "coffee table"}, {"objectId": 19, "id": 19, "partId": 19, "index": 30, "dominantNormal": [0, -2.220446049250313e-16, 1], "obb": {"axesLengths": [0.5782636516178464, 0.42053996576651986, 0.4775449840669448], "centroid": [-0.9336305510073636, 1.092250742244933, -1.2202700416921075], "normalizedAxes": [0.4242457449436188, 0.9055470824241638, 2.0107184415788822e-16, 0, -2.220446049250313e-16, 1, 0.9055470824241638, -0.4242457449436188, -9.420147882713143e-17]}, "segments": [19321, 19328, 19390, 23551, 31189, 31196, 31199, 31203, 17422, 19529, 21110, 31844, 33189, 31423, 20792], "label": "coffee table"}, {"objectId": 20, "id": 20, "partId": 20, "index": 31, "dominantNormal": [-0.423833966255188, -0.9057399034500122, -2.0111465902639396e-16], "obb": {"axesLengths": [0.44330650723456144, 0.4100050238518782, 0.2245001948897432], "centroid": [-0.641541587369753, 0.6487545375857642, 0.5950023979827961], "normalizedAxes": [0.9057399034500122, -0.423833966255188, -9.411004559094227e-17, 0, -2.220446049250313e-16, 1, -0.423833966255188, -0.9057399034500122, -2.0111465902639396e-16]}, "segments": [11904, 7985, 15438, 6938, 11468], "label": "lamp"}, {"objectId": 21, "id": 21, "partId": 21, "index": 32, "dominantNormal": [0, -2.220446049250313e-16, 1], "obb": {"axesLengths": [0.5193939550580473, 0.1870749550966555, 0.5489740550794534], "centroid": [-0.8959179187893547, 1.3278301049250971, 0.49646239211725174], "normalizedAxes": [-0.46157291531562805, 0.8871022462844849, 1.9697626780434626e-16, 0, -2.220446049250313e-16, 1, 0.8871022462844849, 0.46157291531562805, 1.0248977562535356e-16]}, "segments": [5424, 5498, 99, 602, 29565, 29609, 29620, 9408, 6162, 6114, 9334], "label": "lamp"}, {"objectId": 23, "id": 23, "partId": 23, "index": 33, "dominantNormal": [0, -2.220446049250313e-16, 1], "obb": {"axesLengths": [3.9213888784711854, 0.3000000052154067, 2.9799412102853022], "centroid": [-1.4409482069039505, 1.8890935921103145, 1.0799998980522911], "normalizedAxes": [0.46459153294563293, 0.885525107383728, 1.9662607262021581e-16, 0, -2.220446049250313e-16, 1, 0.885525107383728, -0.46459153294563293, -1.0316004338442773e-16]}, "segments": [7886, 7622, 7775, 7368, 7577, 29300, 29367, 29371, 29304, 7314, 7333, 29288, 29291, 4698, 4732, 4004, 1317, 434, 475, 505, 1183, 1749, 1754, 1894, 1895, 2095, 2149, 2685, 4482, 6490, 6744, 7536, 7537, 7540, 28835, 28979, 29294, 29362, 29040, 29084, 844, 862, 1240, 1244, 1247, 1283, 1302, 2624, 2631, 7508, 28847, 29050, 3301, 3044, 2182, 2266, 2286, 3088, 3719, 8192, 9036, 9042, 9139, 10941, 11005, 18226, 18245, 18276, 29695, 54, 321, 1199, 1282, 4407, 9008, 29251, 6641, 11300, 29854, 200, 4240, 6112, 6459, 6511, 6537, 6552, 6571, 7790, 7873, 10252, 10324, 10332, 10341, 10428, 10680, 24027, 28936, 29232, 29588, 29594, 33288, 28738, 5664, 383, 25249, 24051, 289, 298, 3336, 9904, 23749, 24365, 24770, 28951, 28991, 29395], "label": "ceiling"}, {"objectId": 24, "id": 24, "partId": 24, "index": 34, "dominantNormal": [0.8802303671836853, 0.4745466113090515, 1.0537051482663074e-16], "obb": {"axesLengths": [0.5459907304433331, 0.4021580129379478, 0.3495584855747913], "centroid": [-0.6254762308097834, 2.250232730069348, -0.8909310812532667], "normalizedAxes": [-0.4745466411113739, 0.8802303671836853, 1.9545040412431665e-16, 0, -2.220446049250313e-16, 1, 0.8802303671836853, 0.4745466411113739, 1.0537052144407564e-16]}, "segments": [5574, 3633, 3591, 15592, 16125], "label": "pillow"}, {"objectId": 25, "id": 25, "partId": 25, "index": 35, "dominantNormal": [0, -2.220446049250313e-16, 1], "obb": {"axesLengths": [0.6014846443523653, 0.4000000268220892, 0.533232975795588], "centroid": [-0.02184436190092065, 1.6333559758598395, -0.8900000865250068], "normalizedAxes": [0.8026832938194275, 0.5964055061340332, 1.3242862498464474e-16, 0, -2.220446049250313e-16, 1, 0.5964055061340332, -0.8026832938194275, -1.782314948560576e-16]}, "segments": [1951, 32630, 3479, 1956], "label": "pillow"}, {"objectId": 26, "id": 26, "partId": 26, "index": 36, "dominantNormal": [0, -2.220446049250313e-16, 1], "obb": {"axesLengths": [0.5283541640227049, 0.24930005708411182, 0.27823548104836066], "centroid": [-0.34850811978013063, 2.083423403070113, -0.9546500842216599], "normalizedAxes": [-0.5026679635047913, 0.8644795417785645, 1.9195301831999344e-16, 0, -2.220446049250313e-16, 1, 0.8644795417785645, 0.5026679635047913, 1.1161470936489143e-16]}, "segments": [3684, 3664, 4090], "label": "pillow"}, {"objectId": 27, "id": 27, "partId": 27, "index": 37, "dominantNormal": [0, -2.220446049250313e-16, 1], "obb": {"axesLengths": [0.695193805299206, 0.24496995855189926, 0.4834889042275237], "centroid": [-1.128094080295566, 2.8965395296223186, -0.970465073673389], "normalizedAxes": [0.9672379493713379, 0.25387150049209595, 5.637079702849234e-17, 0, -2.220446049250313e-16, 1, 0.25387150049209595, -0.9672379493713379, -2.1476996833665616e-16]}, "segments": [15810, 31864, 21562], "label": "pillow"}], "scan_id": "75c25975-9ca2-2844-9769-84677f46d4cf", "annId": "4838", "appId": "stk.v1"}