{"segGroups": [{"objectId": 23, "id": 23, "partId": 23, "index": 0, "dominantNormal": [-0.03361676633358002, -0.999434769153595, -2.2191909846504986e-16], "obb": {"axesLengths": [0.8275637994239188, 2.037149920229242, 0.5007912854055819], "centroid": [-0.01208594112899658, 0.1280967077862174, -0.42857497715894244], "normalizedAxes": [0.999434769153595, -0.03361676633358002, -7.464421599396868e-18, 0, -2.220446049250313e-16, 1, -0.03361676633358002, -0.999434769153595, -2.2191909846504986e-16]}, "segments": [1970, 9039, 8478, 461, 1715], "label": "doorframe"}, {"objectId": 25, "id": 25, "partId": 25, "index": 2, "dominantNormal": [0, -2.220446049250313e-16, 1], "obb": {"axesLengths": [0.600019157584476, 0.07999998152256049, 0.13151070677367385], "centroid": [-0.42150968767155916, 1.3274219531767866, -0.30999997308589666], "normalizedAxes": [0.0840333104133606, 0.9964629411697388, 2.2125922009446936e-16, 0, -2.220446049250313e-16, 1, 0.9964629411697388, -0.0840333104133606, -1.8659143211277173e-17]}, "segments": [3702, 1905], "label": "shelf"}, {"objectId": 26, "id": 26, "partId": 26, "index": 3, "dominantNormal": [0, -2.220446049250313e-16, 1], "obb": {"axesLengths": [0.5499148314620328, 0.07470289637067397, 0.2891693144653761], "centroid": [0.7608242256583814, 1.148661956574506, -0.00735142715719217], "normalizedAxes": [0.3414589464664459, 0.9398967027664185, 2.0869899203610897e-16, 0, -2.220446049250313e-16, 1, 0.9398967027664185, -0.3414589464664459, -7.58191168662594e-17]}, "segments": [493, 12617, 12533], "label": "windowsill"}, {"objectId": 1, "id": 1, "partId": 1, "index": 4, "dominantNormal": [0.9670147895812988, -0.25472021102905273, -5.655924862436662e-17], "obb": {"axesLengths": [0.5805897375553541, 0.44525002438016187, 0.40281891159610084], "centroid": [0.1269180938974821, 1.8531546975742599, -1.227374980714359], "normalizedAxes": [0.25472021102905273, 0.9670147895812988, 2.1472041690924178e-16, 0, -2.220446049250313e-16, 1, 0.9670147895812988, -0.25472021102905273, -5.655924862436662e-17]}, "segments": [1982, 2868, 2260, 2227, 2203, 17295, 3817, 3801], "label": "toilet"}, {"objectId": 2, "id": 2, "partId": 2, "index": 5, "dominantNormal": [0.9999504089355469, -0.009959395974874496, -2.2114301445329546e-18], "obb": {"axesLengths": [0.30604800786683406, 0.30726002960070903, 0.20138438854126187], "centroid": [-0.29008571372669484, 2.031391578750689, -1.3428699446398036], "normalizedAxes": [0.009959395043551922, 0.9999504089355469, 2.22033593496717e-16, 0, -2.220446049250313e-16, 1, 0.9999504089355469, -0.009959395043551922, -2.2114299377378015e-18]}, "segments": [21845, 8168, 4891, 4754, 17456, 20817], "label": "rubbish bin"}, {"objectId": 3, "id": 3, "partId": 3, "index": 6, "dominantNormal": [0, -2.220446049250313e-16, 1], "obb": {"axesLengths": [0.5383268239587158, 0.2466349546618396, 0.34346588893665864], "centroid": [-0.31006176261301566, 1.3150741318435064, -0.706682465058585], "normalizedAxes": [0.04341829940676689, 0.9990569949150085, 2.2183521573349208e-16, 0, -2.220446049250313e-16, 1, 0.9990569949150085, -0.04341829940676689, -9.640799138292276e-18]}, "segments": [19904, 3730, 17200, 3520, 17369, 9207, 1366, 1362, 1605, 9211, 20413, 20416, 20419, 20427, 20430, 20433, 13724, 13753], "label": "sink"}, {"objectId": 4, "id": 4, "partId": 4, "index": 7, "dominantNormal": [0.9897592663764954, -0.14274652302265167, -3.1696095308986577e-17], "obb": {"axesLengths": [1.8748110267081592, 2.500829998385234, 0.417196244512415], "centroid": [0.7147703602462213, 1.2872123751519289, -0.20880499758746573], "normalizedAxes": [0.14274652302265167, 0.9897592663764954, 2.1977070527345774e-16, 0, -2.220446049250313e-16, 1, 0.9897592663764954, -0.14274652302265167, -3.1696095308986577e-17]}, "segments": [692, 11822, 9538, 20949, 16786, 16778, 20920, 15352, 10503, 20970, 5482, 12962, 20896, 5893, 20899, 314, 415, 1081, 1150, 1159, 1426, 1479, 5932, 5947, 10256, 10340, 10540, 10547, 10556, 10576, 10579, 11312, 11574, 11643, 11698, 11799, 11928, 11943, 12076, 12190, 13173, 13187, 13911, 13989, 14666, 14859, 14910, 14918, 15096, 15228, 15247, 15253, 16319, 16405, 16791, 16817, 16969, 18696, 18709, 18727, 18774, 18800, 18802, 18867, 18882, 18966, 19045, 19061, 19740, 20860, 21171, 21191, 21538, 21713, 14007], "label": "wall"}, {"objectId": 5, "id": 5, "partId": 5, "index": 8, "dominantNormal": [-0.14548103511333466, -0.989361047744751, -2.1968228297469827e-16], "obb": {"axesLengths": [1.1705152933460954, 2.5145799551625547, 0.2886919010563611], "centroid": [0.1570234361321254, 2.132026268477431, -0.21270999580264194], "normalizedAxes": [0.989361047744751, -0.14548103511333466, -3.2303278965825e-17, 0, -2.220446049250313e-16, 1, -0.14548103511333466, -0.989361047744751, -2.1968228297469827e-16]}, "segments": [9614, 9794, 1331, 10130, 4887, 3930], "label": "wall"}, {"objectId": 6, "id": 6, "partId": 6, "index": 9, "dominantNormal": [0.9950696229934692, -0.09917856752872467, -2.2022065843946208e-17], "obb": {"axesLengths": [1.988729202955716, 2.5017599500322336, 0.1738889968227977], "centroid": [-0.49217107716734576, 1.3348819004339083, -0.2061899630656856], "normalizedAxes": [0.09917857497930527, 0.9950696229934692, 2.2094984131048473e-16, 0, -2.220446049250313e-16, 1, 0.9950696229934692, -0.09917857497930527, -2.2022067498307433e-17]}, "segments": [4801, 10844, 12520, 11458, 3110, 1744, 5823, 1815, 12936, 12007, 11946, 6797], "label": "wall"}, {"objectId": 7, "id": 7, "partId": 7, "index": 10, "dominantNormal": [0, -2.220446049250313e-16, 1], "obb": {"axesLengths": [1.5529990440250585, 0.11524498205084331, 1.2778316502823552], "centroid": [0.09031655649875468, 1.5053447903981958, 1.004507481968607], "normalizedAxes": [0.0018052712548524141, 0.9999983906745911, 2.2204424758300669e-16, 0, -2.220446049250313e-16, 1, 0.9999983906745911, -0.0018052712548524141, -4.008507425662198e-19]}, "segments": [11588], "label": "ceiling"}, {"objectId": 8, "id": 8, "partId": 8, "index": 11, "dominantNormal": [0, -2.220446049250313e-16, 1], "obb": {"axesLengths": [0.3545448668544146, 0.09277301819384798, 0.3332970053045847], "centroid": [0.08919516357283985, 1.271222080726123, 0.9916335048336489], "normalizedAxes": [0.866755485534668, -0.4987333118915558, -1.1074104120191292e-16, 0, -2.220446049250313e-16, 1, -0.4987333118915558, -0.866755485534668, -1.9245837935214904e-16]}, "segments": [5082, 9674, 11765], "label": "light"}, {"objectId": 9, "id": 9, "partId": 9, "index": 12, "dominantNormal": [0.9981177449226379, -0.0613270103931427, -1.361733179397866e-17], "obb": {"axesLengths": [0.9589331726275964, 0.707797958527551, 0.15084034119541123], "centroid": [-0.5265193735651528, 1.4512844523611466, 0.03610102008318039], "normalizedAxes": [0.061327014118433, 0.9981177449226379, 2.2162666034001032e-16, 0, -2.220446049250313e-16, 1, 0.9981177449226379, -0.061327014118433, -1.3617332621159272e-17]}, "segments": [17332, 2025, 10960, 11114, 1902, 1903, 1930, 3213, 11012, 19005, 19006], "label": "mirror"}, {"objectId": 10, "id": 10, "partId": 10, "index": 13, "dominantNormal": [-0.23114113509655, -0.9729202389717102, -2.1603169008604044e-16], "obb": {"axesLengths": [1.441529058895753, 2.4902098814351126, 0.5793133792508246], "centroid": [-0.11134663090593694, 0.08151787685262635, -0.19781497422013583], "normalizedAxes": [0.9729202389717102, -0.23114113509655, -5.132364202443673e-17, 0, -2.220446049250313e-16, 1, -0.23114113509655, -0.9729202389717102, -2.1603169008604044e-16]}, "segments": [6064, 14030, 17738, 17744, 1115, 458, 194, 201, 497, 833, 1030, 2180, 2257, 2311, 3139, 3855, 5679, 6703, 7876, 11330, 17075, 17082, 17091, 17115, 17463, 17466, 33], "label": "wall"}, {"objectId": 11, "id": 11, "partId": 11, "index": 14, "dominantNormal": [0.99864661693573, -0.052009157836437225, -1.15483529042753e-17], "obb": {"axesLengths": [0.9428885752413984, 2.0351599596032504, 0.25227147942892203], "centroid": [0.4585849536647673, 0.7164281159553835, -0.42757999684594616], "normalizedAxes": [0.052009157836437225, 0.99864661693573, 2.2174409351721324e-16, 0, -2.220446049250313e-16, 1, 0.99864661693573, -0.052009157836437225, -1.15483529042753e-17]}, "segments": [9123, 1690, 8279, 6282, 231, 233, 3375, 6368, 6382, 6438, 8314, 8364, 17468, 18196, 18691, 15649], "label": "door"}, {"objectId": 12, "id": 12, "partId": 12, "index": 15, "dominantNormal": [0, -2.220446049250313e-16, 1], "obb": {"axesLengths": [2.306227789153395, 0.16265999907270096, 1.34989136204181], "centroid": [0.07419677036114489, 0.9800574836459981, -1.4082799015403564], "normalizedAxes": [0.18373174965381622, 0.9829764366149902, 2.1826461451879059e-16, 0, -2.220446049250313e-16, 1, 0.9829764366149902, -0.18373174965381622, -4.079664376406638e-17]}, "segments": [5033, 21757, 570, 1339, 3676, 4738, 8178, 9086, 12036, 12096, 17444, 17452, 21980, 22025, 12066, 4761, 12010, 12011, 17429, 19746], "label": "floor"}, {"objectId": 13, "id": 13, "partId": 13, "index": 16, "dominantNormal": [0.324448823928833, -0.9459032416343689, -2.1003271158600987e-16], "obb": {"axesLengths": [0.466147436108532, 0.5521899934368579, 0.24237579641553145], "centroid": [-0.34495372511469413, 1.0845695418664854, -0.8460949544561296], "normalizedAxes": [0.9459032416343689, 0.3244488537311554, 7.204211754511367e-17, 0, -2.220446049250313e-16, 1, 0.3244488537311554, -0.9459032416343689, -2.1003271158600987e-16]}, "segments": [6113, 9242, 15607, 15540, 3745, 9281, 823, 835, 872, 876, 913, 1620, 1634, 1637, 1652, 1655, 1660, 17166, 17212, 17215, 18616, 5626, 17171, 793], "label": "towel"}, {"objectId": 14, "id": 14, "partId": 14, "index": 17, "dominantNormal": [0.9882996678352356, -0.1525246649980545, -3.3867278980815764e-17], "obb": {"axesLengths": [0.18760562189116797, 0.27999996513128345, 0.12794642010622315], "centroid": [0.5575544866781819, 1.3406607813692304, -0.8099999619100255], "normalizedAxes": [0.1525246649980545, 0.9882996678352356, 2.1944660929201456e-16, 0, -2.220446049250313e-16, 1, 0.9882996678352356, -0.1525246649980545, -3.3867278980815764e-17]}, "segments": [21049, 2941, 6506], "label": "toilet paper"}, {"objectId": 15, "id": 15, "partId": 15, "index": 18, "dominantNormal": [0.9979443550109863, -0.06408605724573135, -1.422996326233136e-17], "obb": {"axesLengths": [0.5509064969166957, 0.7199999622255572, 0.27255568297011806], "centroid": [0.908345004382136, 1.1609894232993385, 0.35000000392906294], "normalizedAxes": [0.06408605724573135, 0.9979443550109863, 2.2158816004557965e-16, 0, -2.220446049250313e-16, 1, 0.9979443550109863, -0.06408605724573135, -1.422996326233136e-17]}, "segments": [4657, 14929, 14950, 21206, 12781, 14295, 20784, 20538], "label": "window"}, {"objectId": 16, "id": 16, "partId": 16, "index": 19, "dominantNormal": [-0.6020709276199341, -0.7984426021575928, -1.7728987215139664e-16], "obb": {"axesLengths": [0.42382238773639463, 0.4562414894348051, 0.2972600432158559], "centroid": [0.8480742768707795, 1.1007078261435141, 0.2096462668732637], "normalizedAxes": [0.7984426021575928, -0.6020709276199341, -1.3368660126021538e-16, 0, -2.220446049250313e-16, 1, -0.6020709276199341, -0.7984426021575928, -1.7728987215139664e-16]}, "segments": [7684, 7699, 19067, 14472, 7638, 7382, 7400, 20448, 20709, 14346, 7288, 14487, 7453, 20483, 14322, 7275, 7315, 7409, 7615, 7654, 7658, 7716, 7754, 7770, 8020, 14223, 14226, 14265, 14288, 14290, 14407, 14433, 14459, 14499, 17930, 17932, 17937, 18018, 19404, 20437, 20590, 20664, 20681, 20813, 20473, 12690], "label": "plant"}, {"objectId": 18, "id": 18, "partId": 18, "index": 21, "dominantNormal": [0.015489660203456879, -0.9998800158500671, -2.220179630918622e-16], "obb": {"axesLengths": [1.1506622356507696, 1.082549905421959, 0.5485179939393046], "centroid": [1.5082154460304633, 1.998667442905937, -1.871274943529257], "normalizedAxes": [0.9998800158500671, 0.015489659272134304, 3.4393952735044096e-18, 0, -2.220446049250313e-16, 1, 0.015489659272134304, -0.9998800158500671, -2.220179630918622e-16]}, "segments": [9881, 9197, 8278, 8347, 8695, 6590, 7071, 7374, 17700, 7572, 8108, 5978, 6216, 6256, 6467, 6514, 6531, 6569, 6639, 6678, 6741, 6815, 6933, 6958, 6986, 6990, 7032, 7088, 7131, 7213, 7226, 7256, 7338, 7353, 7355, 7401, 7411, 7431, 8072, 8101, 8242, 8244, 8324, 8328, 8333, 8370, 8373, 8405, 8547, 8554, 8579, 8581, 8794, 8877, 8898, 8934, 8968, 9015, 9022, 9051, 9261, 9577, 9664, 9672, 9686, 9747, 9775, 9865, 9925, 9946, 10009, 10085, 10106, 10153, 10169, 10238, 10311, 10312, 10587, 10615, 10629, 10660, 10742, 10747, 10752, 10778, 10818, 10834, 10853, 10925, 10958, 10981, 11020, 11039, 11050, 11053, 11080, 11117, 17480, 17510, 17516, 17519, 17520, 17526, 17528, 17534, 17536, 17546, 17562, 17588, 17595, 17598, 17607, 17610, 17613, 17724, 17729, 17758, 17765, 17771, 17772, 17775, 17834, 17888, 17901, 17903, 17906, 17941, 17958, 17967, 18015, 18027, 18089, 18104, 18288, 18290, 18340, 18385, 18399, 18407, 18459, 18481, 18492, 18553, 10847, 6277, 6333, 7545, 10777], "label": "clutter"}, {"objectId": 19, "id": 19, "partId": 19, "index": 22, "dominantNormal": [0.9404707551002502, -0.33987459540367126, -7.546732026046305e-17], "obb": {"axesLengths": [0.5181012722022184, 0.55999998986721, 0.19921077298009565], "centroid": [0.8110986724812617, 1.8033674165057385, -1.189999978450314], "normalizedAxes": [0.3398745656013489, 0.9404707551002502, 2.0882645725978094e-16, 0, -2.220446049250313e-16, 1, 0.9404707551002502, -0.3398745656013489, -7.546731364301815e-17]}, "segments": [7460, 1281, 7518], "label": "clutter"}, {"objectId": 20, "id": 20, "partId": 20, "index": 23, "dominantNormal": [0, -2.220446049250313e-16, 1], "obb": {"axesLengths": [0.15474216576901453, 0.12139600244024384, 0.15225961687112147], "centroid": [0.6486414664271472, 2.101375780029682, -0.1706979757961351], "normalizedAxes": [0.6653684377670288, 0.746515154838562, 1.6575966262667708e-16, 0, -2.220446049250313e-16, 1, 0.746515154838562, -0.6653684377670288, -1.477414718935652e-16]}, "segments": [9970], "label": "toilet paper"}, {"objectId": 21, "id": 21, "partId": 21, "index": 24, "dominantNormal": [-0.6118128895759583, -0.7910025119781494, -1.7563784026689553e-16], "obb": {"axesLengths": [0.07661295082365821, 0.21999999947845927, 0.06375368722149222], "centroid": [0.29455065083207993, 2.186779550386454, -0.11999997692294517], "normalizedAxes": [0.7910025119781494, -0.6118128895759583, -1.3584975135393546e-16, 0, -2.220446049250313e-16, 1, -0.6118128895759583, -0.7910025119781494, -1.7563784026689553e-16]}, "segments": [9728, 9863], "label": "object"}, {"objectId": 22, "id": 22, "partId": 22, "index": 25, "dominantNormal": [0.993399441242218, -0.11470659077167511, -2.5469979630193842e-17], "obb": {"axesLengths": [0.5741286770638384, 0.7572800347816933, 0.14097131418128936], "centroid": [0.5404407676812223, 1.14887207101993, -1.0686399772147097], "normalizedAxes": [0.11470659077167511, 0.993399441242218, 2.2057898646337515e-16, 0, -2.220446049250313e-16, 1, 0.993399441242218, -0.11470659077167511, -2.5469979630193842e-17]}, "segments": [6164, 6408, 5995], "label": "radiator"}], "scan_id": "c92fb586-f771-2064-8678-a16eca03ac79", "annId": "3365", "appId": "stk.v1"}