{"segGroups": [{"objectId": 10, "id": 10, "partId": 10, "index": 0, "dominantNormal": [0.8008743524551392, -0.5988324284553528, -1.3296750999266589e-16], "obb": {"axesLengths": [1.1787577479958238, 2.072013927876637, 0.4245393263056882], "centroid": [1.45790888403857, -4.333816573981979, -0.33939294247285523], "normalizedAxes": [0.5988324284553528, 0.8008743524551392, 1.7782982918549165e-16, 0, -2.220446049250313e-16, 1, 0.8008743524551392, -0.5988324284553528, -1.3296750999266589e-16]}, "segments": [1192, 2769, 4041, 4123, 42314, 42426, 17536, 17237, 18664, 48867, 6325, 29145, 15409, 32586, 48937, 35952, 30732, 29230, 4665, 2828, 1203, 49041, 34247], "label": "wardrobe"}, {"objectId": 11, "id": 11, "partId": 11, "index": 1, "dominantNormal": [0.9004008173942566, -0.4350613057613373, -9.660301575594438e-17], "obb": {"axesLengths": [2.08716739271938, 1.6752539498674721, 0.326281363348164], "centroid": [2.2854261076612405, -3.0803494203680133, -0.19237296342105648], "normalizedAxes": [0.4350613057613373, 0.9004008173942566, 1.9992914377248296e-16, 0, -2.220446049250313e-16, 1, 0.9004008173942566, -0.4350613057613373, -9.660301575594438e-17]}, "segments": [4238, 1508, 1918, 39114, 2604, 3322, 29835, 15082, 6705, 28697, 4615, 15230, 15264, 31373, 33110, 2231, 3236, 27220, 19186, 41192, 42430, 4716, 33489, 33451, 8, 1231, 1253, 1283, 1353, 1369, 1383, 1417, 1419, 1459, 1476, 1506, 1546, 1609, 1657, 1903, 2259, 2268, 2276, 2280, 2465, 2487, 2573, 2583, 2617, 3068, 3242, 4619, 6657, 6666, 6668, 6694, 6718, 6719, 6774, 8128, 8236, 15954, 16051, 16181, 16321, 16554, 16583, 19005, 19007, 27985, 28008, 28607, 29823, 29826, 29837, 29852, 32765, 32817, 33437, 33444, 39427, 42544, 44295, 45543, 45733, 45738, 45743, 45746, 45754, 45767, 46139, 46820, 46878, 46886, 46924, 46964, 47519, 47528, 48096, 48514, 48519, 48561, 48576, 48672, 48676, 48678, 51323, 51333, 53209, 53229], "label": "rack"}, {"objectId": 12, "id": 12, "partId": 12, "index": 2, "dominantNormal": [0.8670300245285034, -0.4982559382915497, -1.1063504296949793e-16], "obb": {"axesLengths": [1.87966340048042, 0.5101199632111196, 0.452722608502649], "centroid": [2.214541037564576, -3.0074709917017373, -1.0850599363516293], "normalizedAxes": [0.4982559382915497, 0.8670300245285034, 1.9251933925457175e-16, 0, -2.220446049250313e-16, 1, 0.8670300245285034, -0.4982559382915497, -1.1063504296949793e-16]}, "segments": [30762, 20253, 18964, 21763, 28119, 15105, 19012, 53064, 7959, 41485], "label": "commode"}, {"objectId": 13, "id": 13, "partId": 13, "index": 3, "dominantNormal": [-0.4558238983154297, -0.8900699615478516, -1.976352329675305e-16], "obb": {"axesLengths": [3.36135038686897, 2.280099937019498, 0.25590385257548737], "centroid": [1.2060497995421815, 0.23286879560619944, -0.22994999562405205], "normalizedAxes": [0.8900699615478516, -0.4558238983154297, -1.0121323741683723e-16, 0, -2.220446049250313e-16, 1, -0.4558238983154297, -0.8900699615478516, -1.976352329675305e-16]}, "segments": [33813, 51835, 32809, 37782, 40602, 31535, 21229, 36933, 51882, 52021, 6251, 25759, 32270, 32266, 14756, 32684, 32656], "label": "wall"}, {"objectId": 14, "id": 14, "partId": 14, "index": 4, "dominantNormal": [-0.3974149525165558, -0.9176390171051025, -2.0375679301689654e-16], "obb": {"axesLengths": [0.5761971375350108, 1.0651699960566308, 0.429633006782608], "centroid": [1.7789503326751852, -0.23537857480371072, -0.8225849731889757], "normalizedAxes": [0.9176390171051025, -0.3974149525165558, -8.824384612283871e-17, 0, -2.220446049250313e-16, 1, -0.3974149525165558, -0.9176390171051025, -2.0375679301689654e-16]}, "segments": [28796, 35799, 29818, 36707, 36690, 39080, 39606, 49775, 49780, 37323], "label": "cabinet"}, {"objectId": 15, "id": 15, "partId": 15, "index": 5, "dominantNormal": [0.8247210383415222, 0.5655397772789001, 1.2557505641528358e-16], "obb": {"axesLengths": [0.5704515281941082, 0.5110999827586117, 0.4971288544043507], "centroid": [2.466659523505444, -0.5361630790962759, -1.0855499461253755], "normalizedAxes": [-0.5655397772789001, 0.8247210383415222, 1.831248571319049e-16, 0, -2.220446049250313e-16, 1, 0.8247210383415222, 0.5655397772789001, 1.2557505641528358e-16]}, "segments": [29520, 26155, 29224, 49210, 28974, 47355, 47315, 26191, 47053, 47487, 14652, 47711, 30835, 20185, 20214, 20222, 20234, 26102, 26167, 28866, 28906, 28911, 28915, 28923, 28933, 28941, 28951, 28969, 28985, 29027, 29049, 29121, 29128, 29152, 29153, 29179, 29189, 29191, 29207, 29226, 29228, 29235, 29274, 29305, 29326, 29487, 29578, 29587, 30832, 36480, 45955, 47035, 47099, 47102, 47115, 47137, 47141, 47155, 47246, 47318, 47404, 47434, 47471, 47475, 47708, 49219, 7482], "label": "stand"}, {"objectId": 16, "id": 16, "partId": 16, "index": 6, "dominantNormal": [-0.41840606927871704, -0.9082600474357605, -2.0167424340206363e-16], "obb": {"axesLengths": [0.35412348746080596, 0.5893719809642733, 0.06078598285122527], "centroid": [2.4064961200488035, -0.33728618839079627, 0.1153140067900551], "normalizedAxes": [0.9082600474357605, -0.41840606927871704, -9.2904810351228e-17, 0, -2.220446049250313e-16, 1, -0.41840606927871704, -0.9082600474357605, -2.0167424340206363e-16]}, "segments": [52154, 38397, 37802, 37750, 37820, 38150, 38379, 39163, 39219, 49695], "label": "picture"}, {"objectId": 18, "id": 18, "partId": 18, "index": 7, "dominantNormal": [0.8145771026611328, -0.5800553560256958, -1.28798162363374e-16], "obb": {"axesLengths": [0.6075727663933861, 0.7860600176589184, 0.41200699873864466], "centroid": [-0.4858397583974692, 0.8490725377712032, -0.9630299789237247], "normalizedAxes": [0.5800553560256958, 0.814577043056488, 1.808724377064781e-16, 0, -2.220446049250313e-16, 1, 0.814577043056488, -0.5800553560256958, -1.28798162363374e-16]}, "segments": [12091, 9953, 13167, 37033, 12329], "label": "wall"}, {"objectId": 19, "id": 19, "partId": 19, "index": 8, "dominantNormal": [0.9157151579856873, -0.40182802081108093, -8.922374412880372e-17], "obb": {"axesLengths": [1.0124246003661772, 1.1527239720659554, 0.47954404248139715], "centroid": [0.08336402596162729, -3.6981638428557053, -0.7936379781008229], "normalizedAxes": [0.4018280506134033, 0.9157151579856873, 2.0332961047879455e-16, 0, -2.220446049250313e-16, 1, 0.9157151579856873, -0.4018280506134033, -8.922375074624862e-17]}, "segments": [20597, 5902, 41497, 37436, 28808, 23518, 46745, 37998, 8097], "label": "commode"}, {"objectId": 20, "id": 20, "partId": 20, "index": 9, "dominantNormal": [0.31781673431396484, -0.9481521844863892, -2.1053207721308568e-16], "obb": {"axesLengths": [0.8011453989738706, 1.0399999684095385, 0.3800672587119024], "centroid": [0.13806683573121092, -1.5469389500262785, -0.8499999799290314], "normalizedAxes": [0.9481521844863892, 0.31781673431396484, 7.056949120930796e-17, 0, -2.220446049250313e-16, 1, 0.31781673431396484, -0.9481521844863892, -2.1053207721308568e-16]}, "segments": [23049, 43423, 3536, 1250, 909, 1327, 2020, 44231, 1306, 44201, 2932], "label": "wall"}, {"objectId": 21, "id": 21, "partId": 21, "index": 10, "dominantNormal": [0.8726912140846252, -0.4882725477218628, -1.0841828495463952e-16], "obb": {"axesLengths": [0.45363864001135845, 0.668885037253386, 0.42267174876782065], "centroid": [0.898226876839642, -1.9864049375101007, -0.9955574845481491], "normalizedAxes": [0.4882725477218628, 0.8726912140846252, 1.9377637585296653e-16, 0, -2.220446049250313e-16, 1, 0.8726912140846252, -0.4882725477218628, -1.0841828495463952e-16]}, "segments": [11153, 11637, 35041, 11142, 44052, 35187, 30966, 44071, 50899, 53217, 43158, 50790, 10523, 45410, 11484, 43724, 43945, 45379, 11312, 10227, 10241, 10267, 10286, 10287, 10314, 10346, 10447, 10465, 10509, 10521, 11111, 11240, 11260, 11265, 11318, 11424, 11469, 11711, 11725, 11770, 11783, 11805, 11820, 11825, 30945, 34582, 34804, 34817, 34849, 34861, 34879, 34896, 34902, 34937, 34955, 34959, 35036, 35174, 35202, 35284, 35287, 35319, 35347, 35554, 42994, 43004, 43044, 43092, 43128, 43173, 43241, 43767, 43816, 43848, 43855, 43860, 43892, 43901, 43959, 43962, 43965, 43982, 43991, 43996, 44000, 44008, 44038, 44049, 44130, 44146, 45256, 45259, 45315, 45336, 45342, 45349, 45361, 45376, 45383, 45386, 49064, 49099, 49100, 49803, 50805, 50935, 51153, 51205, 51237, 51280, 53223, 53234, 53285, 53290, 53296, 53316, 53318, 53326, 53360, 53380, 43090, 45264, 53215], "label": "box"}, {"objectId": 24, "id": 24, "partId": 24, "index": 12, "dominantNormal": [0, -2.220446049250313e-16, 1], "obb": {"axesLengths": [2.1377539091646325, 0.1631000005505978, 0.4790784430518848], "centroid": [0.9286809995860752, -4.89986681004179, 1.8284499336669588], "normalizedAxes": [0.8801785707473755, -0.47464266419410706, -1.053918428515448e-16, 0, -2.220446049250313e-16, 1, -0.47464266419410706, -0.8801785707473755, -1.954389030050797e-16]}, "segments": [38486, 17565, 20542, 36052, 17398, 17762, 18395, 27699, 49185, 49189, 50548, 17750, 18305, 19429, 19466, 19522, 27677, 36030, 38432, 18534, 19696], "label": "ceiling"}, {"objectId": 25, "id": 25, "partId": 25, "index": 13, "dominantNormal": [0, -2.220446049250313e-16, 1], "obb": {"axesLengths": [5.355880704935208, 0.20451998253494585, 0.9767489312148586], "centroid": [0.513838123839784, -2.13628345493294, 1.8077399426747842], "normalizedAxes": [0.8962360620498657, -0.443577378988266, -9.84939638711304e-17, 0, -2.220446049250313e-16, 1, -0.443577378988266, -0.8962360620498657, -1.9900438231742828e-16]}, "segments": [9175, 6675, 28334, 33477, 47431, 35436, 7471, 8047, 9608, 28314, 33666, 35167, 35184, 35198, 35203, 35210, 35236, 35315, 47394, 47408, 47500, 35412, 42072, 35250, 39605, 42246, 47401, 48053, 48055, 48059, 48062, 40227, 40744, 16376, 16415, 34556, 40295, 40720, 51765, 51768, 52192, 26897, 46980, 17703, 17710, 15710, 16434, 25179, 25201, 34047, 34070, 35154, 46599, 47390, 49312, 23809, 37627, 37509, 37519, 23694, 42257, 49287, 10533, 9940, 36911, 36265, 36219, 36321], "label": "ceiling"}, {"objectId": 28, "id": 28, "partId": 28, "index": 14, "dominantNormal": [0.8893563747406006, -0.4572146236896515, -1.0152204048311553e-16], "obb": {"axesLengths": [0.5923779209560912, 0.40000002682208935, 0.2887909627165139], "centroid": [2.0844082959904995, -3.444369724327111, -0.729999962941708], "normalizedAxes": [0.4572146236896515, 0.8893563747406006, 1.9747678486683475e-16, 0, -2.220446049250313e-16, 1, 0.8893563747406006, -0.4572146236896515, -1.0152204048311553e-16]}, "segments": [46111, 45861, 15628, 15595, 15646, 22520], "label": "pillow"}, {"objectId": 29, "id": 29, "partId": 29, "index": 15, "dominantNormal": [0.9445276260375977, -0.32843196392059326, -7.292654567350027e-17], "obb": {"axesLengths": [0.28686435391429516, 0.19999998360872295, 0.08944039765708038], "centroid": [2.6168421609172077, -2.5710451456105883, 0.3700000065109117], "normalizedAxes": [0.32843196392059326, 0.9445276260375977, 2.0972726356429609e-16, 0, -2.220446049250313e-16, 1, 0.9445276260375977, -0.32843196392059326, -7.292654567350027e-17]}, "segments": [33136, 3327], "label": "hanger"}, {"objectId": 30, "id": 30, "partId": 30, "index": 16, "dominantNormal": [0.8346818089485168, -0.5507325530052185, -1.222871921513976e-16], "obb": {"axesLengths": [0.4427510229397113, 0.11753201221975651, 0.09457180282101478], "centroid": [2.3092166067003745, -3.1053271135990252, 0.3487660012959075], "normalizedAxes": [0.5507325530052185, 0.8346817493438721, 1.8533657927119408e-16, 0, -2.220446049250313e-16, 1, 0.8346817493438721, -0.5507325530052185, -1.222871921513976e-16]}, "segments": [2223, 2706, 46934], "label": "hanger"}, {"objectId": 32, "id": 32, "partId": 32, "index": 17, "dominantNormal": [0.9713371396064758, -0.2377060204744339, -5.278133940454708e-17], "obb": {"axesLengths": [0.43173227616290527, 0.7017189703497517, 0.19029441054576982], "centroid": [1.168253628426433, -5.032230833753313, -1.0209704607219157], "normalizedAxes": [0.2377060204744339, 0.9713371396064758, 2.156801714129299e-16, 0, -2.220446049250313e-16, 1, 0.9713371396064758, -0.2377060204744339, -5.278133940454708e-17]}, "segments": [47857, 47886, 32008, 47822, 32147, 37540, 14929, 45521, 37567], "label": "object"}, {"objectId": 34, "id": 34, "partId": 34, "index": 18, "dominantNormal": [0, -2.220446049250313e-16, 1], "obb": {"axesLengths": [0.6873469189600365, 0.26552998426117025, 0.6190730946571894], "centroid": [1.3867045970353262, -2.996065249240268, 1.4972349766803887], "normalizedAxes": [0.5277580618858337, 0.8493947386741638, 1.8860351917430492e-16, 0, -2.220446049250313e-16, 1, 0.8493947386741638, -0.5277580618858337, -1.1718583034744018e-16]}, "segments": [47380, 42627, 20863, 20937, 33819, 33821, 33871, 33953, 33954, 34103, 34215, 34337, 34452, 34508, 34788, 34826, 34833, 34841, 35010, 35032, 35115, 39451, 42016, 42409, 42419, 42490, 42495, 42513, 42518, 42521, 42522, 42630, 42655, 42667, 42699, 45974, 45976, 47030, 47033, 47041, 47105, 47344, 49281, 49332, 49336, 49439, 49452, 49464, 49468, 49472, 49485, 42602, 49617, 33841, 43243, 49342, 47121, 33753, 34561, 34623, 47012, 47027, 34172, 33729, 34025, 33974, 34014, 49347], "label": "light"}, {"objectId": 36, "id": 36, "partId": 36, "index": 20, "dominantNormal": [0.9678617119789124, -0.2514830231666565, -5.584044852439274e-17], "obb": {"axesLengths": [0.19394677161144364, 0.40958529540333216, 0.18510355025431693], "centroid": [-0.14128922838800895, -3.9333133167436385, -0.10520733774079538], "normalizedAxes": [0.2514830231666565, 0.9678617119789124, 2.1490847145842204e-16, 0, -2.220446049250313e-16, 1, 0.9678617119789124, -0.2514830231666565, -5.584044852439274e-17]}, "segments": [45195, 9357, 45114, 9430, 9429, 9393], "label": "decoration"}, {"objectId": 37, "id": 37, "partId": 37, "index": 21, "dominantNormal": [0.23888170719146729, -0.9710486531257629, -2.156161145462938e-16], "obb": {"axesLengths": [0.15819942539324391, 0.2478429917728231, 0.12218691520302855], "centroid": [-0.08613512963844772, -3.7719640856842576, -0.1904704875104779], "normalizedAxes": [0.9710486531257629, 0.23888172209262848, 5.3042397605868814e-17, 0, -2.220446049250313e-16, 1, 0.23888172209262848, -0.9710486531257629, -2.156161145462938e-16]}, "segments": [23958, 23937, 24018, 24069, 46276, 46311, 46398, 46323], "label": "item"}, {"objectId": 38, "id": 38, "partId": 38, "index": 22, "dominantNormal": [0, -2.220446049250313e-16, 1], "obb": {"axesLengths": [0.2786018551797212, 0.1617730074724627, 0.17994326965815244], "centroid": [-0.06729530537017347, -4.114079007358899, 0.23954550642701422], "normalizedAxes": [0.991045355796814, -0.13352550566196442, -2.964861815212592e-17, 0, -2.220446049250313e-16, 1, -0.13352550566196442, -0.991045355796814, -2.2005627449069064e-16]}, "segments": [8984, 8523, 32390, 32216, 8981, 8956, 8516, 8989, 9000, 9007, 9009, 45029, 45033, 45055, 45065, 45071, 45073, 45075, 45079], "label": "lamp"}, {"objectId": 39, "id": 39, "partId": 39, "index": 23, "dominantNormal": [-0.4849633276462555, -0.8745344877243042, -1.9418566482005777e-16], "obb": {"axesLengths": [0.31869063620098065, 0.36000000439584257, 0.07557440858922164], "centroid": [-0.29804050221687683, -4.479203461325097, 0.15000001355171033], "normalizedAxes": [0.8745344877243042, -0.4849633574485779, -1.0768349710778621e-16, 0, -2.220446049250313e-16, 1, -0.4849633574485779, -0.8745344877243042, -1.9418566482005777e-16]}, "segments": [12240, 24849, 24569, 44993, 45933, 11773, 24412], "label": "picture"}, {"objectId": 40, "id": 40, "partId": 40, "index": 24, "dominantNormal": [-0.5296905636787415, -0.84819096326828, -1.8833622733988698e-16], "obb": {"axesLengths": [0.46003208967433185, 0.3599999950826167, 0.30784543896090716], "centroid": [-0.20531332709701855, -0.9124304925625544, -0.12999998790115286], "normalizedAxes": [0.84819096326828, -0.5296905636787415, -1.1761493194456328e-16, 0, -2.220446049250313e-16, 1, -0.5296905636787415, -0.84819096326828, -1.8833622733988698e-16]}, "segments": [17095, 17141, 45811, 1939, 2091, 38852, 39012, 1969, 2000, 2138, 17109, 38841, 38884, 38920, 50670], "label": "basket"}, {"objectId": 41, "id": 41, "partId": 41, "index": 25, "dominantNormal": [0, -2.220446049250313e-16, 1], "obb": {"axesLengths": [0.3773942436428037, 0.1599999928474427, 0.27760314107746825], "centroid": [0.3883133365381464, -1.235539123534087, -0.22999998901873986], "normalizedAxes": [0.7781974673271179, -0.6280196309089661, -1.3944837083034535e-16, 0, -2.220446049250313e-16, 1, -0.6280196309089661, -0.7781974673271179, -1.7279454918630986e-16]}, "segments": [38121, 38190, 22712, 46562, 46565, 46569, 24978, 46200, 38217, 25041], "label": "basket"}, {"objectId": 42, "id": 42, "partId": 42, "index": 26, "dominantNormal": [0.7854136228561401, 0.6189712882041931, 1.3743923514923775e-16], "obb": {"axesLengths": [0.2908752279659658, 0.13172859404097653, 0.13108073339156215], "centroid": [0.020992098963715344, -1.1415639142640823, -0.1509386874981533], "normalizedAxes": [-0.6189712882041931, 0.7854136228561401, 1.7439685758982918e-16, 0, -2.220446049250313e-16, 1, 0.7854136228561401, 0.6189712882041931, 1.3743923514923775e-16]}, "segments": [38083, 38867, 38954, 38049, 38078, 38862, 49701, 50821, 50824], "label": "shelf"}, {"objectId": 43, "id": 43, "partId": 43, "index": 27, "dominantNormal": [-0.6341216564178467, -0.7732332944869995, -1.716922813892462e-16], "obb": {"axesLengths": [0.2658662657909224, 0.14707400321049988, 0.14240180270844383], "centroid": [-0.5495964932702859, -0.836659701386999, -0.14353699032596667], "normalizedAxes": [0.7732332944869995, -0.6341216564178467, -1.408032926737072e-16, 0, -2.220446049250313e-16, 1, -0.6341216564178467, -0.7732332944869995, -1.716922813892462e-16]}, "segments": [52527, 44302, 1944, 2090, 2085], "label": "shelf"}, {"objectId": 44, "id": 44, "partId": 44, "index": 28, "dominantNormal": [-0.46784070134162903, -0.8838127851486206, -1.9624586070601704e-16], "obb": {"axesLengths": [0.27586324510021165, 0.13314399384385356, 0.10175989333953485], "centroid": [0.3697462862677534, -1.3006768878425365, 0.07657200648757656], "normalizedAxes": [0.8838127851486206, -0.46784070134162903, -1.0388150369725158e-16, 0, -2.220446049250313e-16, 1, -0.46784070134162903, -0.8838127851486206, -1.9624586070601704e-16]}, "segments": [19728, 29527, 29254, 28221], "label": "shelf"}, {"objectId": 46, "id": 46, "partId": 46, "index": 29, "dominantNormal": [-0.5427480340003967, -0.8398956060409546, -1.864942880216335e-16], "obb": {"axesLengths": [0.2561268208667321, 0.3599999615550048, 0.07650440726803037], "centroid": [0.37189338993383997, -1.3166749680235825, 0.40999998982161134], "normalizedAxes": [0.8398956060409546, -0.5427480340003967, -1.2051427278345555e-16, 0, -2.220446049250313e-16, 1, -0.5427480340003967, -0.8398956060409546, -1.864942880216335e-16]}, "segments": [4997, 4965, 4953, 18673], "label": "letter"}, {"objectId": 48, "id": 48, "partId": 48, "index": 30, "dominantNormal": [-0.4147454798221588, -0.9099374413490295, -2.020466996708391e-16], "obb": {"axesLengths": [0.256164227076741, 0.32000001549720714, 0.07159206948309478], "centroid": [-0.2640541338076594, -0.9916028379907158, 0.5100000039777142], "normalizedAxes": [0.9099374413490295, -0.4147454798221588, -9.20919962115538e-17, 0, -2.220446049250313e-16, 1, -0.4147454798221588, -0.9099374413490295, -2.020466996708391e-16]}, "segments": [28284, 28256, 46902], "label": "letter"}, {"objectId": 49, "id": 49, "partId": 49, "index": 31, "dominantNormal": [-0.471968412399292, -0.8816154599189758, -1.9575795649350876e-16], "obb": {"axesLengths": [0.2753582210145001, 0.4199999979883431, 0.07067141528892068], "centroid": [-0.5568988619899351, -0.8461987097407961, 0.22000000855982127], "normalizedAxes": [0.8816154599189758, -0.4719683825969696, -1.0479803305085014e-16, 0, -2.220446049250313e-16, 1, -0.4719683825969696, -0.8816154599189758, -1.9575795649350876e-16]}, "segments": [1172, 8603, 1095, 1922], "label": "letter"}, {"objectId": 50, "id": 50, "partId": 50, "index": 32, "dominantNormal": [-0.4783928096294403, -0.8781459331512451, -1.9498756679309118e-16], "obb": {"axesLengths": [0.2628854564742624, 0.35999999694526186, 0.07858059604935175], "centroid": [0.04420619685519456, -1.1545678417737875, 0.19000000803828065], "normalizedAxes": [0.8781459331512451, -0.4783928096294403, -1.0622454241314479e-16, 0, -2.220446049250313e-16, 1, -0.4783928096294403, -0.8781459331512451, -1.9498756679309118e-16]}, "segments": [46850, 50657, 38500, 46862, 50648], "label": "letter"}, {"objectId": 51, "id": 51, "partId": 51, "index": 33, "dominantNormal": [0.949980616569519, -0.31230881810188293, -6.934648813003606e-17], "obb": {"axesLengths": [0.4411504013686221, 2.3242200093518184, 0.18827193196553962], "centroid": [-1.036365839891946, -0.4337960906212721, -0.19210998773418542], "normalizedAxes": [0.31230881810188293, 0.949980616569519, 2.109380706926165e-16, 0, -2.220446049250313e-16, 1, 0.949980616569519, -0.31230881810188293, -6.934648813003606e-17]}, "segments": [19643, 4486, 42728], "label": "wall"}, {"objectId": 52, "id": 52, "partId": 52, "index": 34, "dominantNormal": [-0.5651019215583801, -0.8250210881233215, -1.8319148156716237e-16], "obb": {"axesLengths": [0.48153807586958775, 0.5306880057449337, 0.12520438493905495], "centroid": [-1.384016089738342, -0.20558903490340263, -0.6356069948472022], "normalizedAxes": [0.8250210881233215, -0.5651019215583801, -1.2547783291480655e-16, 0, -2.220446049250313e-16, 1, -0.5651019215583801, -0.8250210881233215, -1.8319148156716237e-16]}, "segments": [3976, 478, 40090, 4011], "label": "wall"}, {"objectId": 53, "id": 53, "partId": 53, "index": 35, "dominantNormal": [-0.44701817631721497, -0.894524872303009, -1.9862442186613572e-16], "obb": {"axesLengths": [0.44882784772836076, 0.3483899753900621, 0.03607998586021174], "centroid": [0.5071532226510078, 0.6250459709188245, 0.6041949952490238], "normalizedAxes": [0.894524872303009, -0.44701820611953735, -9.925798097210888e-17, 0, -2.220446049250313e-16, 1, -0.44701820611953735, -0.894524872303009, -1.9862442186613572e-16]}, "segments": [25217], "label": "picture"}, {"objectId": 54, "id": 54, "partId": 54, "index": 36, "dominantNormal": [-0.4787408113479614, -0.8779562711715698, -1.9494545337374488e-16], "obb": {"axesLengths": [0.47803787777082624, 0.20000001341104467, 0.0626462574756129], "centroid": [1.7676045851381903, -0.0332740025246987, 0.510000003977714], "normalizedAxes": [0.8779562711715698, -0.4787408113479614, -1.0630181431724704e-16, 0, -2.220446049250313e-16, 1, -0.4787408113479614, -0.8779562711715698, -1.9494545337374488e-16]}, "segments": [37004], "label": "picture"}, {"objectId": 56, "id": 56, "partId": 56, "index": 37, "dominantNormal": [-0.4182286858558655, -0.9083417654037476, -2.016923884359806e-16], "obb": {"axesLengths": [0.16434071561996097, 1.2200000311434256, 0.0908995706961103], "centroid": [1.5117416908027606, 0.09828398326438803, -0.46000000295132537], "normalizedAxes": [0.9083417654037476, -0.4182286858558655, -9.286542331918068e-17, 0, -2.220446049250313e-16, 1, -0.4182286858558655, -0.9083417654037476, -2.016923884359806e-16]}, "segments": [33032, 32977, 35452], "label": "towel"}, {"objectId": 57, "id": 57, "partId": 57, "index": 38, "dominantNormal": [-0.4572617709636688, -0.889332115650177, -1.974713982666858e-16], "obb": {"axesLengths": [0.2249858819933324, 0.34000002577900795, 0.05651394369463953], "centroid": [3.43441766289593, 0.4666017589014486, -1.1799999707648174], "normalizedAxes": [0.889332115650177, -0.4572618007659912, -1.015325158983929e-16, 0, -2.220446049250313e-16, 1, -0.4572618007659912, -0.889332115650177, -1.974713982666858e-16]}, "segments": [17575], "label": "wall"}, {"objectId": 59, "id": 59, "partId": 59, "index": 40, "dominantNormal": [0.044161953032016754, -0.9990243911743164, -2.2182797624877102e-16], "obb": {"axesLengths": [0.10074462223588367, 0.1692230067575795, 0.053739531145567676], "centroid": [0.8338013881584216, 0.2526490752177901, 0.61309548843349], "normalizedAxes": [0.9990243911743164, 0.044161953032016754, 9.805923413711949e-18, 0, -2.220446049250313e-16, 1, 0.044161953032016754, -0.9990243911743164, -2.2182797624877102e-16]}, "segments": [14214, 45493, 14227], "label": "light"}, {"objectId": 60, "id": 60, "partId": 60, "index": 41, "dominantNormal": [0.6431775093078613, -0.765717089176178, -1.700233485504694e-16], "obb": {"axesLengths": [0.1232989319180934, 0.2270169803421873, 0.06616016697603884], "centroid": [1.5553371740427986, -0.09159985222908595, 0.6348514813134467], "normalizedAxes": [0.765717089176178, 0.6431775093078613, 1.4281409595092972e-16, 0, -2.220446049250313e-16, 1, 0.6431775093078613, -0.765717089176178, -1.700233485504694e-16]}, "segments": [46702, 31748, 31702], "label": "light"}, {"objectId": 61, "id": 61, "partId": 61, "index": 42, "dominantNormal": [0, -2.220446049250313e-16, 1], "obb": {"axesLengths": [0.4094364073994098, 0.10655104875822996, 0.1137451163023002], "centroid": [0.77949283239878, 0.25877400879166945, 0.8567244915195276], "normalizedAxes": [0.8881004452705383, -0.45964938402175903, -1.0206266587914548e-16, 0, -2.220446049250313e-16, 1, -0.45964938402175903, -0.8881004452705383, -1.9719791250384107e-16]}, "segments": [6521, 6481, 6485, 44847, 44835], "label": "box"}, {"objectId": 1, "id": 1, "partId": 1, "index": 43, "dominantNormal": [0, -2.220446049250313e-16, 1], "obb": {"axesLengths": [7.735844847095476, 0.3820199881042541, 6.159792884919546], "centroid": [0.9714506307430979, -1.1766581941203198, -1.2610100125751642], "normalizedAxes": [-0.5856267809867859, 0.810580849647522, 1.7998510451978022e-16, 0, -2.220446049250313e-16, 1, 0.810580849647522, 0.5856267809867859, 1.300352672177287e-16]}, "segments": [15305, 34748, 35656, 37447, 150, 1696, 5286, 14561, 14658, 14696, 14709, 15894, 17332, 18044, 18107, 18119, 18152, 18767, 19060, 19061, 19085, 19359, 19360, 19431, 19685, 19762, 19798, 19825, 20078, 20100, 20367, 20490, 20501, 21208, 21216, 21659, 21663, 22051, 22108, 22619, 22639, 23169, 24494, 24567, 25904, 28834, 31017, 31031, 31033, 31310, 33525, 33962, 34046, 34794, 35827, 36428, 36454, 36464, 37160, 37161, 37233, 41067, 41112, 43294, 43687, 45504, 45508, 45515, 45952, 46011, 49167, 49198, 50268, 50517, 52376, 24148, 15341, 440, 451, 10763, 10767, 10954, 11926, 11947, 11961, 12224, 12381, 12406, 12426, 12520, 12547, 12549, 12617, 13013, 13216, 13231, 13232, 13255, 13257, 13303, 13576, 13751, 13763, 25386, 27623, 33535, 45292, 45390, 45403, 45413, 45419, 46242, 10988, 40429, 40547, 23601, 38625, 36345, 39560, 30374, 15717, 10846, 10746, 10843, 33563, 5789], "label": "floor"}, {"objectId": 2, "id": 2, "partId": 2, "index": 44, "dominantNormal": [-0.4506129324436188, -0.8927194476127625, -1.9822353705406802e-16], "obb": {"axesLengths": [2.27443553872621, 2.9455599126467114, 0.27402260310586624], "centroid": [-0.06908613240488026, -1.1266989709337352, 0.11722005152865944], "normalizedAxes": [0.8927194476127625, -0.4506129324436188, -1.0005617055855315e-16, 0, -2.220446049250313e-16, 1, -0.4506129324436188, -0.8927194476127625, -1.9822353705406802e-16]}, "segments": [42225, 42175, 39734, 30025, 23019, 24413, 52759, 30118, 27591, 8876, 35980, 42899, 42766, 52982, 27859, 1112, 52781, 41330, 53030, 53020, 30074, 4891, 52505, 36041, 28595], "label": "wall"}, {"objectId": 3, "id": 3, "partId": 3, "index": 45, "dominantNormal": [-0.4560627341270447, -0.8899476528167725, -1.9760807497365917e-16], "obb": {"axesLengths": [1.486487570513588, 1.1620959677823783, 0.4431366415304406], "centroid": [-0.010551387354508224, -0.9486320839888653, -0.7809519642089623], "normalizedAxes": [0.8899476528167725, -0.4560627043247223, -1.0126626300282433e-16, 0, -2.220446049250313e-16, 1, -0.4560627043247223, -0.8899476528167725, -1.9760807497365917e-16]}, "segments": [22455, 4464, 20730, 22279, 51084, 17166, 2168, 16493, 23220, 46205, 43382, 3015, 23024, 22291], "label": "commode"}, {"objectId": 4, "id": 4, "partId": 4, "index": 46, "dominantNormal": [0.7848067879676819, -0.6197405457496643, -1.376100446370075e-16], "obb": {"axesLengths": [0.5748069310962224, 1.4804199305082866, 0.26021912213073844], "centroid": [0.7463430691049101, -1.8644936310444606, -0.6502099536768368], "normalizedAxes": [0.6197405457496643, 0.7848067879676819, 1.7426211317676674e-16, 0, -2.220446049250313e-16, 1, 0.7848067879676819, -0.6197405457496643, -1.376100446370075e-16]}, "segments": [53122, 10355, 10822, 10837], "label": "wall"}, {"objectId": 5, "id": 5, "partId": 5, "index": 47, "dominantNormal": [0.8913561701774597, -0.45330366492271423, -1.0065363318883285e-16], "obb": {"axesLengths": [1.7713176233517176, 2.54968995117344, 0.25480213838334564], "centroid": [-0.1690754965029757, -3.5799984907689, -0.08484493495215006], "normalizedAxes": [0.45330366492271423, 0.8913561701774597, 1.9792082865454302e-16, 0, -2.220446049250313e-16, 1, 0.8913561701774597, -0.45330366492271423, -1.0065363318883285e-16]}, "segments": [5345, 14042, 14190, 5249, 45438, 24005, 46262, 4556, 10156, 8674, 44534, 44597, 11228, 7671, 7801, 7836, 7892, 8099, 8657, 11226, 11435, 11896, 11899, 11984, 44612, 44925, 44936, 44945, 44976, 44982, 45010, 45013, 7722, 11434, 11475, 11557, 10615, 5193, 9607, 23831, 7897, 7993, 9581, 44784, 14184, 6340, 44822, 45421, 45466], "label": "wall"}, {"objectId": 7, "id": 7, "partId": 7, "index": 48, "dominantNormal": [-0.4316866397857666, -0.9020236134529114, -2.0028947688220086e-16], "obb": {"axesLengths": [2.929293588264024, 3.2781099540417635, 0.2684813063873767], "centroid": [0.5589658103427478, -4.874038755539775, 0.28066504375550627], "normalizedAxes": [0.9020236134529114, -0.4316866397857666, -9.585368938264485e-17, 0, -2.220446049250313e-16, 1, -0.4316866397857666, -0.9020236134529114, -2.0028947688220086e-16]}, "segments": [22136, 17993, 9280, 6091, 19119, 5957, 5986, 5991, 6010, 6043, 7260, 7318, 7324, 7360, 7376, 9202, 10089, 11964, 11996, 12034, 13381, 13889, 14450, 14845, 14852, 14855, 14864, 16265, 17118, 22943, 23910, 25399, 28733, 39064, 43521, 43565, 44194, 44939, 44987, 45526, 51418, 51433, 51557, 51756, 44262, 21865, 635, 21869, 585, 15466, 4526, 12667, 27792, 46848], "label": "wall"}, {"objectId": 8, "id": 8, "partId": 8, "index": 49, "dominantNormal": [-0.4354306757450104, -0.9002222418785095, -1.9988949204263962e-16], "obb": {"axesLengths": [1.0870181935137642, 2.018999889068307, 0.15351962700483354], "centroid": [0.3674687971157043, -4.838498722561068, -0.35949997289195856], "normalizedAxes": [0.9002223014831543, -0.435430645942688, -9.668502575059534e-17, 0, -2.220446049250313e-16, 1, -0.435430645942688, -0.9002223014831543, -1.9988950527752942e-16]}, "segments": [39056], "label": "door"}, {"objectId": 9, "id": 9, "partId": 9, "index": 50, "dominantNormal": [0.885415256023407, -0.46480080485343933, -1.0320651108251851e-16], "obb": {"axesLengths": [3.8447451716536274, 2.5447099832137665, 0.6170704759068238], "centroid": [2.1713225451645215, -3.6172065561106166, -0.062354970492834116], "normalizedAxes": [0.46480080485343933, 0.885415256023407, 1.9660168071831285e-16, 0, -2.220446049250313e-16, 1, 0.885415256023407, -0.46480080485343933, -1.0320651108251851e-16]}, "segments": [4460, 3787, 33289, 1052, 32558, 31470, 28180, 44249, 13580, 3865, 3421, 47800, 31424, 27636, 27217, 792, 14888, 2375, 3496, 3590, 3604, 3562, 47506, 31885, 31891, 35465, 47503, 47510], "label": "wall"}], "scan_id": "0cac7597-8d6f-2d13-8c9c-6f8542021d5c", "annId": "6393", "appId": "stk.v1"}