{"segGroups": [{"objectId": 14, "id": 14, "partId": 14, "index": 0, "dominantNormal": [0.9891037344932556, 0.14722028374671936, 3.268946974149131e-17], "obb": {"axesLengths": [1.984608417476267, 2.533369961380139, 0.19749922126061203], "centroid": [0.3215862660435105, 0.8460297462515882, -0.11391495736960522], "normalizedAxes": [-0.14722028374671936, 0.9891037344932556, 2.19625147955428e-16, 0, -2.220446049250313e-16, 1, 0.9891037344932556, 0.14722028374671936, 3.268946974149131e-17]}, "segments": [6130, 11080, 12497, 228], "label": "wall"}, {"objectId": 15, "id": 15, "partId": 15, "index": 1, "dominantNormal": [0.9848064184188843, 0.17365579307079315, 3.8559331965347255e-17], "obb": {"axesLengths": [0.5020410393351794, 0.6337079860186279, 0.11614036359539912], "centroid": [0.33942068181347085, 0.5563593468513921, -0.4468539786677673], "normalizedAxes": [-0.17365579307079315, 0.9848064184188843, 2.1867095210545623e-16, 0, -2.220446049250313e-16, 1, 0.9848064184188843, 0.17365579307079315, 3.8559331965347255e-17]}, "segments": [11667, 15917, 18075, 18665, 18093, 18638, 13033], "label": "towel"}, {"objectId": 16, "id": 16, "partId": 16, "index": 2, "dominantNormal": [0.8745090961456299, 0.4850091338157654, 1.0769366150315327e-16], "obb": {"axesLengths": [0.8987468474475742, 0.7923062825432502, 0.3910671859062648], "centroid": [-1.2163280174255149, 0.29777067613570984, 0.35384684863201743], "normalizedAxes": [-0.4850091338157654, 0.8745090961456299, 1.941800267570026e-16, 0, -2.220446049250313e-16, 1, 0.8745090961456299, 0.4850091338157654, 1.0769366150315327e-16]}, "segments": [8402, 2623, 2639, 2645, 8382, 8383, 15923, 15933, 16474, 16477, 19604, 3579, 3654, 3541, 3134, 2262, 2925, 2963, 2983, 3203, 3222, 3511, 3632, 16013, 16017, 16018, 19709, 2264], "label": "mirror"}, {"objectId": 17, "id": 17, "partId": 17, "index": 3, "dominantNormal": [0.981970489025116, 0.1890343278646469, 4.197405264797436e-17], "obb": {"axesLengths": [0.6306192272667325, 0.21765559238965235, 0.1664219289778408], "centroid": [-1.0137854665460837, 0.229915816861192, -0.08117219050670843], "normalizedAxes": [-0.1890343278646469, 0.981970489025116, 2.1804124928362167e-16, 0, -2.220446049250313e-16, 1, 0.981970489025116, 0.1890343278646469, 4.197405264797436e-17]}, "segments": [2762, 11104, 2797, 16105, 3284, 2616, 2696, 3239, 3244, 10235], "label": "shelf"}, {"objectId": 18, "id": 18, "partId": 18, "index": 4, "dominantNormal": [0.9847762584686279, 0.17382670938968658, 3.859728301185119e-17], "obb": {"axesLengths": [0.903146462394909, 0.37151502732526415, 0.18492899074288932], "centroid": [-1.0293233568681162, 0.25862580414883646, -0.9322324716181509], "normalizedAxes": [-0.17382670938968658, 0.9847762584686279, 2.18664255251217e-16, 0, -2.220446049250313e-16, 1, 0.9847762584686279, 0.17382670938968658, 3.859728301185119e-17]}, "segments": [7894, 7795, 4933, 16928, 7980, 210, 756, 5165, 5199, 5237, 7839, 16483, 13958, 18568, 18595, 14007, 17019], "label": "shelf"}, {"objectId": 19, "id": 19, "partId": 19, "index": 5, "dominantNormal": [0, -2.220446049250313e-16, 1], "obb": {"axesLengths": [0.6001278251876528, 0.20871996413052152, 0.34048479685702093], "centroid": [-0.768537917547242, 0.17435889597874854, -1.2674100049054626], "normalizedAxes": [-0.11157368123531342, 0.9937561750411987, 2.2065819727883323e-16, 0, -2.220446049250313e-16, 1, 0.9937561750411987, 0.11157368123531342, 2.4774333969926546e-17]}, "segments": [14536, 7989, 18203, 18215, 18734, 7133, 12687, 18227, 6907, 7653, 7702, 17469, 18207], "label": "towel"}, {"objectId": 20, "id": 20, "partId": 20, "index": 6, "dominantNormal": [0.8890877366065979, -0.4577367901802063, -1.0163798473521586e-16], "obb": {"axesLengths": [0.20725008198095432, 0.2599999846518042, 0.1796319554275712], "centroid": [-1.2132817074814675, 1.4773512753235873, -0.21999998722307512], "normalizedAxes": [0.4577367901802063, 0.8890877366065979, 1.9741713521850233e-16, 0, -2.220446049250313e-16, 1, 0.8890877366065979, -0.4577367901802063, -1.0163798473521586e-16]}, "segments": [5578, 5607, 6727, 5634, 5668], "label": "objects"}, {"objectId": 21, "id": 21, "partId": 21, "index": 7, "dominantNormal": [0.9951547384262085, 0.09832131862640381, 2.1831718350107956e-17], "obb": {"axesLengths": [0.1458266175951582, 0.13148897592375475, 0.09084172083670404], "centroid": [0.2836508478095494, 1.017157009376022, -0.8842554722155906], "normalizedAxes": [-0.0983213260769844, 0.9951547384262085, 2.2096874073312034e-16, 0, -2.220446049250313e-16, 1, 0.9951547384262085, 0.0983213260769844, 2.183172000446918e-17]}, "segments": [17828, 6240, 16536], "label": "toilet paper dispenser"}, {"objectId": 1, "id": 1, "partId": 1, "index": 8, "dominantNormal": [0, -2.220446049250313e-16, 1], "obb": {"axesLengths": [2.2147406892325554, 0.17836999494500488, 1.416983831394738], "centroid": [-0.22170235281917305, 0.6977509324298844, -1.3191849823858972], "normalizedAxes": [-0.004199228249490261, 0.9999911785125732, 2.2204264616134078e-16, 0, -2.220446049250313e-16, 1, 0.9999911785125732, 0.004199228249490261, 9.324159776480958e-19]}, "segments": [11774, 11823, 984, 1033, 1087, 15795, 11721, 14315], "label": "floor"}, {"objectId": 2, "id": 2, "partId": 2, "index": 9, "dominantNormal": [0.9781812429428101, 0.2077532559633255, 4.6130489642265515e-17], "obb": {"axesLengths": [1.7692392017628669, 2.5056199467416103, 0.27875763629774775], "centroid": [-1.0998218681524667, 0.683367664224881, -0.10988997500717801], "normalizedAxes": [-0.2077532559633255, 0.9781812429428101, 2.1719986763431233e-16, 0, -2.220446049250313e-16, 1, 0.9781812429428101, 0.2077532559633255, 4.6130489642265515e-17]}, "segments": [1601, 2152, 2820, 8505, 15455, 10406, 17663, 11875, 13711, 3273, 3612, 14961, 17611, 15097, 2206, 8723, 7127, 15969, 17620], "label": "wall"}, {"objectId": 3, "id": 3, "partId": 3, "index": 10, "dominantNormal": [0.18339470028877258, -0.983039379119873, -2.1827859056242028e-16], "obb": {"axesLengths": [1.5914638181898253, 2.528329911939875, 0.2446750342703903], "centroid": [-0.5625811559581193, 1.6338857955997277, -0.12583499198857817], "normalizedAxes": [0.983039379119873, 0.1833946853876114, 4.0721800462242583e-17, 0, -2.220446049250313e-16, 1, 0.1833946853876114, -0.983039379119873, -2.1827859056242028e-16]}, "segments": [5808, 8192, 10490, 9034, 5924, 9952, 12920, 3901, 11181, 8917, 8197, 1078, 5544, 10523, 10667], "label": "wall"}, {"objectId": 5, "id": 5, "partId": 5, "index": 12, "dominantNormal": [0, -2.220446049250313e-16, 1], "obb": {"axesLengths": [2.0884340975508247, 0.10502993825756146, 1.991017182747383], "centroid": [-0.3933680300666338, 0.8058246675642454, 1.122515004331952], "normalizedAxes": [0.1243998259305954, 0.9922321438789368, 2.2031979438151534e-16, 0, -2.220446049250313e-16, 1, 0.9922321438789368, -0.1243998259305954, -2.762231020150172e-17]}, "segments": [2312, 19757], "label": "ceiling"}, {"objectId": 6, "id": 6, "partId": 6, "index": 13, "dominantNormal": [0.159194216132164, -0.9872472882270813, -2.1921293407769078e-16], "obb": {"axesLengths": [1.6039833863864528, 2.5272899301210794, 0.26668365924967735], "centroid": [-0.24989230368452497, -0.0852433376661984, -0.1047050266787044], "normalizedAxes": [0.9872472882270813, 0.159194216132164, 3.53482168274164e-17, 0, -2.220446049250313e-16, 1, 0.159194216132164, -0.9872472882270813, -2.1921293407769078e-16]}, "segments": [8327, 8196, 10077, 10113, 13122, 15582, 1234, 18795, 5491, 11707, 827, 1618, 5322, 1162, 821, 606], "label": "wall"}, {"objectId": 8, "id": 8, "partId": 8, "index": 14, "dominantNormal": [0, -2.220446049250313e-16, 1], "obb": {"axesLengths": [0.655858922940003, 0.15582197556297528, 0.2350294619019555], "centroid": [-1.1078656929876336, 0.24345782078355782, 0.6720890021221546], "normalizedAxes": [-0.2476237714290619, 0.9688562750816345, 2.15129308829639e-16, 0, -2.220446049250313e-16, 1, 0.9688562750816345, 0.2476237714290619, 5.49835224970123e-17]}, "segments": [2197, 17481, 19682, 19699], "label": "light"}, {"objectId": 9, "id": 9, "partId": 9, "index": 15, "dominantNormal": [0, -2.220446049250313e-16, 1], "obb": {"axesLengths": [0.6441394269194471, 0.352808020573675, 0.5832045298428662], "centroid": [-0.8948161291267377, 0.2789986489440575, -0.5264039898358148], "normalizedAxes": [-0.5217494964599609, 0.8530987501144409, 1.8942597493119904e-16, 0, -2.220446049250313e-16, 1, 0.8530987501144409, 0.5217494964599609, 1.1585166081128605e-16]}, "segments": [13540, 10924, 17490, 11858, 5006, 5008, 17911, 17805, 17924, 4469, 8008, 13410, 13572, 4983, 4984, 4996, 5020, 5056, 5066, 13479, 13575, 17991, 17999, 11760, 4522, 6395, 17886], "label": "sink"}, {"objectId": 10, "id": 10, "partId": 10, "index": 16, "dominantNormal": [0.5061913132667542, 0.8624212145805359, 1.9149597787050074e-16], "obb": {"axesLengths": [1.1164807296064438, 2.2672519773114024, 1.1555089218157382], "centroid": [-0.8446119821290223, 1.1815269068795007, -0.2676339917049422], "normalizedAxes": [0.5061913132667542, 0.8624212145805359, 1.9149597787050074e-16, 0, -2.220446049250313e-16, 1, 0.8624212145805359, -0.5061913132667542, -1.1239705017079918e-16]}, "segments": [15731, 15703, 15671, 19630, 15333, 13307, 13349, 13351, 13368, 18131, 18457, 18780, 14764, 19410, 12403, 13266, 13305, 13935, 13957, 13977, 13980, 14100, 14104, 14117, 14120, 14126, 14194, 14204, 14206, 14214, 14233, 14247, 14251, 14275, 14462, 14468, 14483, 14532, 14541, 14549, 14552, 14563, 14690, 15357, 15738, 18140, 18837, 18846, 19086, 19274, 19278, 19330, 19345, 19348, 14686, 12338, 12278, 12301, 12319, 12325, 12355, 12356, 13254, 13271, 13975, 14658, 15672, 18007, 18121, 18129, 18785, 8551, 17399, 18146, 8602, 14457, 5772, 5791, 5795, 6554, 6657, 6825, 6843, 7147, 8571, 8610, 8613, 8680, 8789, 9562, 11516, 14847, 14873, 15504, 16418, 16421, 16771, 17444, 18760, 19459, 19514, 19534, 18920, 11497, 13364, 4212, 8462, 4394, 4404, 17461, 16128, 14297], "label": "shower"}, {"objectId": 11, "id": 11, "partId": 11, "index": 17, "dominantNormal": [0.9303939342498779, 0.36656129360198975, 8.139295761866222e-17], "obb": {"axesLengths": [0.417280152524459, 0.1943799213831142, 0.07387190604491153], "centroid": [-0.6984445063282352, 0.39067014651500465, -1.2694299466671068], "normalizedAxes": [-0.36656126379966736, 0.9303939342498779, 2.065889535551597e-16, 0, -2.220446049250313e-16, 1, 0.9303939342498779, 0.36656126379966736, 8.139295100121732e-17]}, "segments": [14994], "label": "trash can"}, {"objectId": 12, "id": 12, "partId": 12, "index": 18, "dominantNormal": [0.9986400604248047, 0.052134934812784195, 1.1576281003296928e-17], "obb": {"axesLengths": [0.6045247326709262, 0.43947898359271154, 0.3958116292456274], "centroid": [-0.12077754349080627, 1.4631653925639347, -1.1208504717242618], "normalizedAxes": [-0.052134931087493896, 0.9986400604248047, 2.2174263767933515e-16, 0, -2.220446049250313e-16, 1, 0.9986400604248047, 0.052134931087493896, 1.1576280176116315e-17]}, "segments": [8373, 18670, 18683, 18715, 13487, 18819, 18585, 2505, 11690], "label": "toilet"}, {"objectId": 24, "id": 24, "partId": 24, "index": 21, "dominantNormal": [0.9186778664588928, 0.39500752091407776, 8.770928892378244e-17], "obb": {"axesLengths": [0.2702963781493752, 0.2769600091063971, 0.2433195228447471], "centroid": [-0.8814739392870956, 0.5605812456727703, -1.2284800069009516], "normalizedAxes": [-0.39500755071640015, 0.9186778664588928, 2.0398746391123553e-16, 0, -2.220446049250313e-16, 1, 0.9186778664588928, 0.39500755071640015, 8.770929554122734e-17]}, "segments": [18408, 14661, 14614], "label": "trash can"}, {"objectId": 32, "id": 32, "initialPoint": [-0.47438840839452534, 1.5799394887745817, -1.3096326544448453], "index": 22, "dominantNormal": [0.9971516728401184, -0.07542219758033752, -1.6747092064303698e-17], "obb": {"axesLengths": [0.14298434918174593, 0.12584995942153107, 0.08580588263939586], "centroid": [-0.4708520558389053, 1.5987352620082942, -1.3222649927311771], "normalizedAxes": [0.07542220503091812, 0.9971516728401184, 2.2141214924611816e-16, 0, -2.220446049250313e-16, 1, 0.9971516728401184, -0.07542220503091812, -1.6747093718664923e-17]}, "segments": [18652], "partId": 32, "label": "toilet brush"}], "scan_id": "d9725be1-7513-2d91-8723-770169ff5b75", "annId": "4525", "appId": "stk.v1"}