{"segGroups": [{"objectId": 48, "id": 48, "partId": 48, "index": 0, "dominantNormal": [-0.26434326171875, -0.9644286632537842, -2.1414618151056257e-16], "obb": {"axesLengths": [0.18360175143557667, 0.37527087982138496, 0.15884852392198048], "centroid": [-0.6049732198105393, -4.6980625380852405, 0.2623645325221602], "normalizedAxes": [0.9644286632537842, -0.2643432319164276, -5.86959884954891e-17, 0, -2.220446049250313e-16, 1, -0.2643432319164276, -0.9644286632537842, -2.1414618151056257e-16]}, "segments": [71067, 30651, 29852, 70929, 39421], "label": "decoration"}, {"objectId": 49, "id": 49, "partId": 49, "index": 1, "dominantNormal": [-0.18307429552078247, -0.983099102973938, -2.1829185192200073e-16], "obb": {"axesLengths": [0.3883095326589961, 0.6799999919533728, 0.06669501316894906], "centroid": [-3.1432447530202743, -5.201999702443826, -0.009999995827674413], "normalizedAxes": [0.983099102973938, -0.18307429552078247, -4.065065962084057e-17, 0, -2.220446049250313e-16, 1, -0.18307429552078247, -0.983099102973938, -2.1829185192200073e-16]}, "segments": [3957], "label": "picture"}, {"objectId": 50, "id": 50, "partId": 50, "index": 2, "dominantNormal": [-0.18910615146160126, -0.9819566607475281, -2.1803817878918787e-16], "obb": {"axesLengths": [0.7511825895439719, 0.7399999333918106, 0.03754713141279033], "centroid": [-3.2023644235291826, -5.157408237318769, 0.6799999565631163], "normalizedAxes": [0.9819566607475281, -0.18910615146160126, -4.199000069018438e-17, 0, -2.220446049250313e-16, 1, -0.18910615146160126, -0.9819566607475281, -2.1803817878918787e-16]}, "segments": [55636], "label": "picture"}, {"objectId": 51, "id": 51, "partId": 51, "index": 3, "dominantNormal": [-0.18653655052185059, -0.9824480414390564, -2.1814728722070606e-16], "obb": {"axesLengths": [0.22481565435586592, 0.2600000070035455, 0.033680506042602615], "centroid": [-4.027331641858273, -5.003380481589231, 0.19999999664723922], "normalizedAxes": [0.9824480414390564, -0.18653655052185059, -4.1419434664702456e-17, 0, -2.220446049250313e-16, 1, -0.18653655052185059, -0.9824480414390564, -2.1814728722070606e-16]}, "segments": [8673], "label": "picture"}, {"objectId": 70, "id": 70, "initialPoint": [-0.3124909968534233, 0.7680108419108045, -0.8312377931082827], "index": 4, "dominantNormal": [0, -2.220446049250313e-16, 1], "obb": {"axesLengths": [0.3685839071168787, 0.11587095001628356, 0.36017409374011106], "centroid": [-0.33174329340443287, 0.8202032328514441, -0.8823544837753208], "normalizedAxes": [0.633482038974762, 0.7737573981285095, 1.7180865577526506e-16, 0, -2.220446049250313e-16, 1, 0.7737573981285095, -0.633482038974762, -1.406612690712543e-16]}, "segments": [13581, 12264, 64514, 64508], "partId": 70, "label": "stool"}, {"objectId": 78, "id": 78, "initialPoint": [-3.655656098948972, -2.8860361291911403, 0.3614537325359197], "index": 5, "dominantNormal": [0.07759744673967361, 0.9969847798347473, 2.213750915546758e-16], "obb": {"axesLengths": [0.1830268003163935, 0.2874940122479047, 0.18371765838608964], "centroid": [-3.658366771720624, -2.8564690559558295, 0.37374699956744184], "normalizedAxes": [0.07759745419025421, 0.9969847798347473, 2.213750915546758e-16, 0, -2.220446049250313e-16, 1, 0.9969847798347473, -0.07759745419025421, -1.7230096058863212e-17]}, "segments": [9474, 13217, 8797, 9476, 13221, 13232, 63907], "partId": 78, "label": "plant"}, {"objectId": 80, "id": 80, "initialPoint": [-3.6295114571346083, -2.7667898303099454, 0.1246869510127313], "index": 6, "dominantNormal": [0.2595105767250061, 0.9657402634620667, 2.1443741526063024e-16], "obb": {"axesLengths": [0.16677817006919804, 0.283722284427532, 0.17298345598257905], "centroid": [-3.6259151526479285, -2.7159477611268743, 0.12228183640654788], "normalizedAxes": [0.2595105767250061, 0.9657402634620667, 2.1443741526063024e-16, 0, -2.220446049250313e-16, 1, 0.9657402634620667, -0.2595105767250061, -5.7622923482771e-17]}, "segments": [10100, 10056], "partId": 80, "label": "plant"}, {"objectId": 53, "id": 53, "partId": 53, "index": 9, "dominantNormal": [0.9314221143722534, -0.3639407157897949, -8.081107245367812e-17], "obb": {"axesLengths": [0.2968104701504279, 0.33264199645872405, 0.11920665186699211], "centroid": [-3.7186935995454498, -3.7112801958032593, -0.09480000634193342], "normalizedAxes": [0.36394068598747253, 0.9314221143722534, 2.0681725540422434e-16, 0, -2.220446049250313e-16, 1, 0.9314221143722534, -0.36394068598747253, -8.081106583623322e-17]}, "segments": [64803, 4360, 64821, 64826, 64071], "label": "item"}, {"objectId": 54, "id": 54, "partId": 54, "index": 10, "dominantNormal": [0, -2.220446049250313e-16, 1], "obb": {"axesLengths": [0.3651515983275654, 0.23090629508555754, 0.30254859143554413], "centroid": [-3.0119715271047727, -2.363388798424956, 0.041953844011862085], "normalizedAxes": [-0.6935054659843445, 0.7204513549804688, 1.5997233648434167e-16, 0, -2.220446049250313e-16, 1, 0.7204513549804688, 0.6935054659843445, 1.539891472078435e-16]}, "segments": [2737, 54074, 54107, 63289, 2697, 2700, 2706, 63293, 63307], "label": "lamp"}, {"objectId": 55, "id": 55, "partId": 55, "index": 11, "dominantNormal": [-0.1031283363699913, -0.9946680665016174, -2.208606778578964e-16], "obb": {"axesLengths": [0.8535365532940022, 1.6151789661829397, 0.5956327760818995], "centroid": [-2.9354342598731633, -1.6189195112997905, -0.48779048984220963], "normalizedAxes": [0.9946680665016174, -0.1031283289194107, -2.289908905148923e-17, 0, -2.220446049250313e-16, 1, -0.1031283289194107, -0.9946680665016174, -2.208606778578964e-16]}, "segments": [40078, 40027, 40130, 40179, 40201, 42944, 43020, 43900, 43921, 43955, 43957, 43972, 43996, 44000, 44007, 44014, 44059, 44061, 44084, 44088, 49792, 49873, 49883, 49884, 50110, 50139, 50163, 50196, 50202, 50278, 50427, 50430, 50455, 50633, 77005, 77021, 77024, 77047, 77055, 77151, 77340, 42931, 43228, 40030, 40123, 40144, 41068, 43015, 43033, 43092, 43095, 43198, 43201, 43242, 43249, 43849, 45655, 45782, 46056, 46103, 46157, 46160, 46332, 46354, 49856, 49994, 50042, 50125, 50267, 50291, 50299, 50485, 50539, 50576, 50671, 72759, 72762, 73407, 73423, 73425, 73486, 73503, 73506, 73531, 73555, 73613, 73808, 73859, 73873, 74754, 74885, 74888, 76966, 77009, 77012, 77015, 77027, 77030, 77044, 77207, 77294, 77383, 77403, 77406, 77522, 77524, 78218, 73849, 73530, 41076, 42972, 42979, 43109, 43155, 43274, 43322, 44143, 44168, 46320, 49857, 50262, 50319, 73414, 73416, 73505, 73508, 74718, 74720, 74727, 74748, 74751, 77034, 78273, 49729, 4231, 42881, 45997, 45998, 46009, 46039, 49688, 49710, 49717, 49756, 49791, 49872, 50522, 50651, 51570, 52700, 63235, 76982, 77398, 77774, 77777, 77784, 77786, 77802, 78560, 78567, 78574, 46152, 45571, 41015, 42998, 43001, 43064, 45586, 45668, 45780, 45995, 45996, 46021, 46074, 46076, 46209, 46215, 46227, 50184, 72803, 73539, 74791, 74874, 76953, 78039, 78547, 4204, 46146, 43941, 44150, 44288, 45019, 45039, 45961, 46049, 46060, 46309, 46338, 46372, 46401, 46437, 49708, 49742, 49939, 49976, 50030, 50116, 50217, 50247, 50285, 50302, 50309, 50482, 51536, 51938, 51947, 52005, 52011, 52109, 52170, 52980, 53003, 53020, 53031, 73805, 74857, 74918, 74973, 76963, 77062, 77132, 77156, 77158, 77950, 77991, 77996, 78906, 78976, 79133, 79145, 78890, 46067, 46123, 46128, 46139, 73983, 74861, 74868, 52036, 41084, 36303, 36294, 39635, 40256, 40307, 40316, 40333, 40350, 41028, 41230, 41266, 44252, 44298, 44352, 44402, 44436, 44448, 72434, 72562, 74006, 77301, 41255, 73931, 74115, 29890, 29937, 29985, 30013, 30039, 30062, 30063, 30100, 30124, 30133, 30136, 30162, 30466, 30471, 30480, 30569, 30607, 30619, 30622, 30672, 36275, 36351, 36499, 39859, 39877, 39991, 69122, 69195, 69769, 70570, 72068, 72088, 72170, 72204, 72209, 72269, 72274, 72328, 72336, 72827, 30682, 39727, 52174, 52226, 33098, 23728, 30157, 30158, 30167, 30185, 30225, 30345, 30351, 30637, 30648, 30747, 30802, 33097, 69136, 69140, 69152, 69299, 69348, 69763, 23542, 33045, 30289, 69149, 30483, 72107, 12017, 30143, 30239, 30363, 30564, 30625, 30994, 39075, 39106, 39710, 43871, 43875, 51870, 51892, 69336, 69352, 72185, 77529, 78359, 39829, 52288, 78396, 52277, 52353, 52428, 52445, 78366, 78479, 52461, 51459, 4139, 4170, 4174, 51435, 52396, 52456, 52492, 52660, 52663, 52672, 77735, 77762, 78458, 78537, 52267, 4097, 4141, 4186, 30325, 30326, 43932, 51501, 52432, 52512, 52518, 52532, 52542, 63233, 74358, 77766, 78428, 78443, 78016, 77502, 30295, 30348, 30463, 30847, 36022, 36339, 44077, 44381, 45123, 49114, 51175, 51190, 52113, 52130, 52131, 52147, 52503, 52910, 52913, 52920, 52934, 52937, 53008, 53022, 72163, 74411, 77166, 77625, 77667, 78001, 78006, 78214, 78799, 78825, 79005, 79198], "label": "plant"}, {"objectId": 57, "id": 57, "partId": 57, "index": 12, "dominantNormal": [0.9832918047904968, -0.1820363849401474, -4.042019717601595e-17], "obb": {"axesLengths": [1.8542002274177625, 1.2999999828636646, 0.18859450215085313], "centroid": [-2.9723182440126528, 0.6325540631437021, 0.3399999903887516], "normalizedAxes": [0.1820363849401474, 0.9832918047904968, 2.1833464032072688e-16, 0, -2.220446049250313e-16, 1, 0.9832918047904968, -0.1820363849401474, -4.042019717601595e-17]}, "segments": [50971, 3896, 3943, 51012, 77620, 52737, 47314, 78612, 34916, 34934, 52824], "label": "ceiling"}, {"objectId": 58, "id": 58, "partId": 58, "index": 13, "dominantNormal": [0.8453788161277771, 0.5341672301292419, 1.186089515779458e-16], "obb": {"axesLengths": [0.3817009080723359, 0.2502175047945043, 0.2264815831180776], "centroid": [-1.0989936527010937, 0.17223832219986912, 0.1448912467086787], "normalizedAxes": [-0.5341672301292419, 0.8453788161277771, 1.8771180523908295e-16, 0, -2.220446049250313e-16, 1, 0.8453788161277771, 0.5341672301292419, 1.186089515779458e-16]}, "segments": [60881, 61129, 61111, 61139, 61141, 83009, 83129, 61017], "label": "lamp"}, {"objectId": 59, "id": 59, "partId": 59, "index": 14, "dominantNormal": [0, -2.220446049250313e-16, 1], "obb": {"axesLengths": [0.364764027482271, 0.2681753821100953, 0.31170477767169646], "centroid": [-1.203802013469621, -0.5342605896587926, 0.1346083074639559], "normalizedAxes": [-0.5242066383361816, 0.8515911102294922, 1.8909121162857638e-16, 0, -2.220446049250313e-16, 1, 0.8515911102294922, 0.5242066383361816, 1.1639725590843622e-16]}, "segments": [5140, 16812, 16410, 16432, 16672, 17742, 16613], "label": "lamp"}, {"objectId": 60, "id": 60, "partId": 60, "index": 15, "dominantNormal": [0.9590724110603333, -0.2831609547138214, -6.287436231962516e-17], "obb": {"axesLengths": [0.5233409514782126, 0.42078598393233135, 0.3448706234417827], "centroid": [-3.3176368318665563, -3.4933432031092813, -0.6671339925274098], "normalizedAxes": [0.2831609547138214, 0.9590724110603333, 2.1295685460838892e-16, 0, -2.220446049250313e-16, 1, 0.9590724110603333, -0.2831609547138214, -6.287436231962516e-17]}, "segments": [38393, 57860, 57795, 38401], "label": "pillow"}, {"objectId": 61, "id": 61, "partId": 61, "index": 16, "dominantNormal": [0.83147132396698, -0.5555676817893982, -1.2336080641204243e-16], "obb": {"axesLengths": [0.5050026945010487, 0.3986839860971871, 0.3289614492343219], "centroid": [-3.0360229314010114, -2.276020822666568, -0.6437289775819551], "normalizedAxes": [0.5555676817893982, 0.83147132396698, 1.8462372163674079e-16, 0, -2.220446049250313e-16, 1, 0.83147132396698, -0.5555676817893982, -1.2336080641204243e-16]}, "segments": [71778, 41719, 73055], "label": "pillow"}, {"objectId": 62, "id": 62, "partId": 62, "index": 17, "dominantNormal": [0.3729468882083893, -0.9278526902198792, -2.0602468402850053e-16], "obb": {"axesLengths": [0.4790245947271354, 0.33527898039045195, 0.2017752326052753], "centroid": [-2.360472282875758, -1.5988249428562247, -0.6860744855685267], "normalizedAxes": [0.9278526902198792, 0.37294691801071167, 8.281085106769652e-17, 0, -2.220446049250313e-16, 1, 0.37294691801071167, -0.9278526902198792, -2.0602468402850053e-16]}, "segments": [42568, 45508], "label": "pillow"}, {"objectId": 63, "id": 63, "partId": 63, "index": 18, "dominantNormal": [0.9655131101608276, -0.2603543996810913, -5.781028981768162e-17], "obb": {"axesLengths": [1.240780788526194, 0.8697960331336546, 0.2421074850529452], "centroid": [0.2513892264728437, -0.3274129532402239, 0.63510200638096], "normalizedAxes": [0.2603543996810913, 0.9655131101608276, 2.143869770955992e-16, 0, -2.220446049250313e-16, 1, 0.9655131101608276, -0.2603543996810913, -5.781028981768162e-17]}, "segments": [45384, 74641, 36056, 36068, 36085, 45302, 45307, 45312, 45319, 45330, 45337, 45367, 74497, 74499, 74501, 74506, 74539, 74566, 74635, 74661, 36899, 36958, 37023, 70798, 71453, 33347, 33454, 33367, 33373, 33443, 33449, 33526, 36915, 36927, 36944, 36975, 37045, 37069, 37092, 37157, 37158, 37164, 37178, 37284, 37994, 38012, 38051, 38060, 38068, 38085, 38102, 69888, 70812, 70814, 70840, 70870, 70874, 70895, 71397, 71473, 33342, 38003, 71478, 71570, 38041, 37135, 70800, 36882, 37040, 37087, 37105, 37174, 70791, 70817, 70833, 71344, 71349, 71550, 74601, 33421, 69978, 61339, 62268, 71515, 61840, 61760, 36059, 71513, 33360, 33466, 33295, 33303, 33324, 33356, 33384, 33415, 33419, 33463, 33510, 33513, 33545, 33551, 33607, 33633, 38092, 61229, 61271, 61777, 61844, 62054, 62062, 62083, 69916, 70032, 83200, 83227, 33539, 33584, 33565, 33566, 83125], "label": "ceiling"}, {"objectId": 64, "id": 64, "partId": 64, "index": 19, "dominantNormal": [0.17336028814315796, -0.9848584532737732, -2.1868250616425238e-16], "obb": {"axesLengths": [0.34025289130684055, 0.6827870156738082, 0.23123679713986703], "centroid": [-0.5064344032368706, -0.873491494233116, -0.7486065067662324], "normalizedAxes": [0.9848584532737732, 0.17336028814315796, 3.84937166904371e-17, 0, -2.220446049250313e-16, 1, 0.17336028814315796, -0.9848584532737732, -2.1868250616425238e-16]}, "segments": [62947, 2656, 3333, 16059, 7115, 5243], "label": "backpack"}, {"objectId": 1, "id": 1, "partId": 1, "index": 20, "dominantNormal": [0, -2.220446049250313e-16, 1], "obb": {"axesLengths": [7.203513150555511, 0.2828099664417656, 3.7343233389530126], "centroid": [-1.7551179164627322, -2.285139572345914, -1.2100850129108494], "normalizedAxes": [0.21296750009059906, 0.9770593047142029, 2.1695074730359096e-16, 0, -2.220446049250313e-16, 1, 0.9770593047142029, -0.21296750009059906, -4.728828441948864e-17]}, "segments": [13167, 54331, 4362, 4364, 4372, 4491, 4665, 4903, 4974, 4977, 5010, 5029, 5089, 5093, 5099, 5233, 6068, 6196, 6255, 6323, 6360, 7519, 7910, 7977, 7995, 8000, 8006, 8010, 8027, 8029, 8048, 8057, 8062, 8273, 10919, 10920, 10935, 10955, 11660, 12099, 12741, 12870, 12932, 12941, 12967, 14013, 14043, 14070, 14110, 14729, 14927, 14963, 14977, 15003, 15009, 15579, 15620, 15624, 15633, 15662, 15664, 15672, 15697, 15740, 16020, 16075, 16654, 16873, 16910, 16946, 16955, 17457, 17468, 17490, 17506, 17513, 17519, 17521, 17522, 17525, 17531, 17535, 17552, 17555, 17563, 17570, 17576, 18677, 19618, 19627, 19629, 19646, 19650, 19662, 19670, 19693, 19695, 19705, 19961, 19963, 19964, 20085, 20193, 20218, 20223, 20237, 20240, 20284, 20333, 20338, 20353, 20358, 20393, 20517, 20528, 20558, 20562, 20571, 21029, 21505, 21598, 21828, 23040, 23050, 23455, 23750, 24654, 24655, 24662, 24668, 24672, 24679, 24697, 24707, 24712, 24715, 27147, 27150, 27166, 27201, 28171, 28179, 28181, 28228, 29111, 29435, 29438, 29440, 30407, 31228, 31232, 31626, 31630, 31968, 31983, 32119, 32130, 32145, 32162, 32163, 32171, 32181, 32192, 32222, 32243, 32256, 32262, 35789, 36759, 37326, 40902, 41350, 47002, 53991, 55750, 55753, 55815, 55823, 55831, 55834, 55839, 55849, 58080, 58530, 58537, 58557, 59437, 59538, 59850, 59878, 60112, 60117, 60200, 60203, 60362, 60371, 60401, 60403, 60467, 60501, 60514, 60541, 60560, 60561, 60575, 60580, 60581, 60593, 60594, 60601, 60617, 60621, 60627, 60629, 61236, 61257, 61265, 61279, 61290, 61293, 61372, 62119, 62135, 62146, 62154, 62159, 62170, 62502, 62553, 62856, 62990, 63025, 63027, 63046, 63111, 63314, 63318, 63876, 64564, 64571, 64707, 64716, 64721, 64951, 64992, 65010, 65014, 65017, 65020, 65028, 65030, 65177, 65179, 65181, 65215, 65302, 65306, 65308, 65526, 65529, 65534, 65591, 66522, 66588, 66638, 66646, 66656, 67431, 67448, 67450, 67820, 68751, 69380, 69403, 69531, 69547, 69553, 69554, 69564, 72671, 75128, 77733, 78730, 78786, 80384, 80388, 82956, 82981, 82989, 82991, 83120, 83233, 83544, 83661, 84622, 84687, 84780, 85456, 85470, 85476, 85484, 25286, 19946, 19950, 19236, 4313, 4404, 4415, 4428, 4537, 4556, 4621, 4797, 4826, 4870, 4937, 4960, 4965, 4969, 4998, 5075, 19245, 20070, 62988, 63001, 65191, 80390, 80419, 17788, 83985], "label": "floor"}, {"objectId": 2, "id": 2, "partId": 2, "index": 21, "dominantNormal": [0, -2.220446049250313e-16, 1], "obb": {"axesLengths": [2.3667345881740283, 0.8835069339683588, 1.6821970639791257], "centroid": [-1.1329010112750078, 0.1262584303353811, -0.8482464716230367], "normalizedAxes": [0.36975181102752686, 0.9291305541992188, 2.0630842683094092e-16, 0, -2.220446049250313e-16, 1, 0.9291305541992188, -0.36975181102752686, -8.210139479992204e-17]}, "segments": [12152, 14214, 9412, 4654, 14559, 11468, 11529, 7406, 4261, 6481, 6493, 8288, 8921, 9298, 10362, 10382, 10383, 10393, 10398, 10407, 11523, 11532, 11557, 11567, 11792, 12490, 13642, 15071, 17732, 17753, 17759, 19019, 19558, 21915, 22875, 25894, 29425, 29620, 29632, 31325, 32012, 32038, 64121, 64130, 64364, 64366, 64466, 66319, 66324, 68730, 68757, 69384, 69498, 27110, 64552, 15191, 66506, 19599, 66532, 64431, 12707, 13110, 12768, 7487, 27102, 29145, 22266, 11551, 69566, 19711, 64966, 64958, 15693, 7597, 9276, 7579, 7616, 9419, 63776, 7611], "label": "table"}, {"objectId": 3, "id": 3, "partId": 3, "index": 22, "dominantNormal": [0, -2.220446049250313e-16, 1], "obb": {"axesLengths": [2.3107671480348304, 0.8557170140210456, 1.0205693993811276], "centroid": [-3.14489225781844, -2.909843163567898, -0.8546414985215317], "normalizedAxes": [0.23921646177768707, 0.9709662795066833, 2.1559782392858903e-16, 0, -2.220446049250313e-16, 1, 0.9709662795066833, -0.23921646177768707, -5.311672474699038e-17]}, "segments": [25450, 58328, 82555, 82015, 47903, 26167, 28504, 73038, 38981, 71815, 31029, 23781, 26827, 26929, 30199, 30209, 30294, 30334, 30371, 30393, 30420, 30884, 30891, 30902, 30967, 30995, 31000, 31111, 31135, 32789, 33105, 33108, 34250, 34830, 34906, 36000, 36477, 36508, 36567, 38385, 38453, 38458, 39052, 39139, 39515, 41732, 41756, 47160, 48275, 54277, 58628, 58951, 58990, 64445, 69190, 69192, 69351, 71670, 71826, 71886, 73064, 73067, 81990, 81991, 84203, 57551, 47722, 23601, 39477, 70640, 82761, 59063, 82532, 82595], "label": "sofa"}, {"objectId": 4, "id": 4, "partId": 4, "index": 23, "dominantNormal": [0.4098421335220337, -0.9121564626693726, -2.025394213832349e-16], "obb": {"axesLengths": [0.7546854731218532, 0.6556439849217832, 0.6344240716523789], "centroid": [-2.388676722871859, -1.7199311924641643, -0.859067992663353], "normalizedAxes": [0.9121564626693726, 0.4098421633243561, 9.10032412369768e-17, 0, -2.220446049250313e-16, 1, 0.4098421633243561, -0.9121564626693726, -2.025394213832349e-16]}, "segments": [67063, 23228, 73214, 72534, 40222, 5320, 5328, 12008, 14184, 14189, 14197, 14200, 22395, 22436, 22636, 22685, 31903, 31919, 42739, 42796, 64393, 64444, 64621, 67061, 67098, 67110, 73237, 73308, 73328, 73360, 73362, 73366, 73368, 73373, 69482, 72414, 14191, 30935, 31922, 39153, 42731, 69220, 71873, 40385], "label": "armchair"}, {"objectId": 5, "id": 5, "partId": 5, "index": 24, "dominantNormal": [0, -2.220446049250313e-16, 1], "obb": {"axesLengths": [0.9657787942756055, 0.4764609826402144, 0.7547579442686315], "centroid": [-2.411953158350525, -3.662969780857387, -1.0493194580230227], "normalizedAxes": [0.08473034203052521, 0.9964039325714111, 2.2124611755356652e-16, 0, -2.220446049250313e-16, 1, 0.9964039325714111, -0.08473034203052521, -1.8813915321330745e-17]}, "segments": [59547, 82879, 82820, 57894, 58862, 59082, 53881, 59347, 32767, 59334, 59169, 10929, 57947, 25654], "label": "couch table"}, {"objectId": 6, "id": 6, "partId": 6, "index": 25, "dominantNormal": [0.9829416871070862, -0.18391738831996918, -4.0837863828351124e-17], "obb": {"axesLengths": [3.0725430476003086, 2.739999948292971, 0.3044590809170688], "centroid": [-0.4293240033851342, -4.192100221962459, 0.08000003553926915], "normalizedAxes": [0.18391738831996918, 0.9829416871070862, 2.182568985780367e-16, 0, -2.220446049250313e-16, 1, 0.9829416871070862, -0.18391738831996918, -4.0837863828351124e-17]}, "segments": [29573, 61514, 23417, 16339, 23541, 24094, 24101, 26446, 27115, 29212, 29256, 29875, 29911, 35935, 36172, 37579, 37678, 40623, 40709, 40880, 40887, 43630, 43735, 45695, 45879, 49298, 49599, 56993, 57004, 60739, 61489, 62219, 71054, 72610, 79338, 81638, 83154, 84812, 57153, 62116], "label": "wall"}, {"objectId": 8, "id": 8, "partId": 8, "index": 26, "dominantNormal": [0.9738438725471497, -0.22721832990646362, -5.045260429580614e-17], "obb": {"axesLengths": [0.5827696929801779, 0.5799999703466899, 0.12997490654815128], "centroid": [-0.43027456392815777, -3.9028774960691828, 0.41999997191131233], "normalizedAxes": [0.22721832990646362, 0.9738438725471497, 2.162367779383944e-16, 0, -2.220446049250313e-16, 1, 0.9738438725471497, -0.22721832990646362, -5.045260429580614e-17]}, "segments": [57984, 81920, 58104], "label": "picture"}, {"objectId": 9, "id": 9, "partId": 9, "index": 27, "dominantNormal": [0.9797227382659912, -0.20035818219184875, -4.44884534082865e-17], "obb": {"axesLengths": [2.3564622440143044, 2.4615399287296835, 0.2344730647636657], "centroid": [0.3492263774269331, -0.25000269492333294, -0.08077001949913698], "normalizedAxes": [0.20035816729068756, 0.9797227382659912, 2.1754214835434187e-16, 0, -2.220446049250313e-16, 1, 0.9797227382659912, -0.20035816729068756, -4.448845009956405e-17]}, "segments": [5384, 25742, 85223, 5741, 5771, 11197, 23815, 23822, 23846, 31716, 42467, 45292, 61210, 61870, 61893, 61936, 61953, 62358, 62438, 62463, 63443, 85206, 5833, 34148, 85283, 85247], "label": "wall"}, {"objectId": 10, "id": 10, "partId": 10, "index": 28, "dominantNormal": [0.9515371918678284, -0.30753374099731445, -6.828620802086559e-17], "obb": {"axesLengths": [0.5450405810785252, 2.6210799823459974, 0.19464524564388974], "centroid": [-4.061222630831142, -4.7787566652481885, 0.01399999266862939], "normalizedAxes": [0.30753371119499207, 0.9515371918678284, 2.1128369983976566e-16, 0, -2.220446049250313e-16, 1, 0.9515371918678284, -0.30753371119499207, -6.828620140342069e-17]}, "segments": [57617, 54986, 7735, 80676, 81027, 57067, 58065], "label": "wall"}, {"objectId": 11, "id": 11, "partId": 11, "index": 29, "dominantNormal": [0.9909870624542236, -0.1339576095342636, -2.974456448573717e-17], "obb": {"axesLengths": [0.896500751708315, 2.5199999246001252, 0.7606397049638695], "centroid": [-3.624151283164685, -4.236736523885309, -0.029999976307153453], "normalizedAxes": [0.1339576095342636, 0.9909870624542236, 2.2004333076846541e-16, 0, -2.220446049250313e-16, 1, 0.9909870624542236, -0.1339576095342636, -2.974456448573717e-17]}, "segments": [80236, 30320, 80300, 30043, 3318, 3994, 21171, 54962, 55139, 57132, 57134, 58283, 82184, 80614, 82122, 57313, 82487, 9467, 32291, 32344, 32446, 32447, 32452, 32481, 32496, 32529, 32582, 37343, 56422, 58315, 80480, 66870, 20985, 30314, 3984, 2490, 2456, 31370, 942, 1138, 3662, 9386, 32738, 58432, 58574, 63095, 63175, 82330, 82585, 47404, 69394, 55150, 888, 887], "label": "curtain"}, {"objectId": 12, "id": 12, "partId": 12, "index": 30, "dominantNormal": [0, -2.220446049250313e-16, 1], "obb": {"axesLengths": [0.4213629528491151, 0.26501590724998936, 0.3944133972673305], "centroid": [-3.456434103983446, -4.434619003921367, -0.1604920580500644], "normalizedAxes": [-0.04647362604737282, 0.9989195466041565, 2.2180469607761133e-16, 0, -2.220446049250313e-16, 1, 0.9989195466041565, 0.04647362604737282, 1.0319217935122542e-17]}, "segments": [56406, 80550, 55392, 56083, 56147, 56082, 56110, 56117, 56331, 56350, 80426, 80462, 80471, 80474, 80521, 56204, 55432, 56073], "label": "lamp"}, {"objectId": 13, "id": 13, "partId": 13, "index": 31, "dominantNormal": [-0.030706679448485374, -0.9995284676551819, -2.219399037118168e-16], "obb": {"axesLengths": [0.8389795936189257, 0.6541299673736843, 0.58288153739629], "centroid": [-3.4702961847436145, -4.309810859205341, -0.9570649704248081], "normalizedAxes": [0.9995284676551819, -0.030706677585840225, -6.818252093108207e-18, 0, -2.220446049250313e-16, 1, -0.030706677585840225, -0.9995284676551819, -2.219399037118168e-16]}, "segments": [58786, 58176, 8565, 58373, 8666, 53568, 53595, 63414, 63423, 78729, 78793, 59029, 58448, 58382, 82415, 58552, 82446], "label": "commode"}, {"objectId": 14, "id": 14, "partId": 14, "index": 32, "dominantNormal": [-0.20684756338596344, -0.9783731698989868, -2.1724248397947106e-16], "obb": {"axesLengths": [1.3806633248487583, 2.6436999445326625, 0.2513404098876651], "centroid": [-3.4903844036743816, -5.152863624690361, 0.021449977052585334], "normalizedAxes": [0.9783731698989868, -0.20684756338596344, -4.5929385491741623e-17, 0, -2.220446049250313e-16, 1, -0.20684756338596344, -0.9783731698989868, -2.1724248397947106e-16]}, "segments": [57630, 56490, 55926, 3616, 8636, 8717, 25369, 9932, 20874, 3661, 56612, 66810, 66814, 80560, 80571, 80575, 6447, 5601, 6082, 6086, 6094, 20838, 20842, 20843, 20845, 20854, 20861, 20869, 20871, 56519, 56560, 56617, 56624, 56646, 56650, 56656, 56664, 56679, 66820, 66854, 66861, 80556, 80590, 81880, 81897, 81907, 3816, 17014, 1715], "label": "wall"}, {"objectId": 15, "id": 15, "partId": 15, "index": 33, "dominantNormal": [-0.12526872754096985, -0.9921228289604187, -2.2029552159362058e-16], "obb": {"axesLengths": [1.4684498683354141, 2.6599999071657665, 0.2960195656100668], "centroid": [-1.4137275156341098, -5.5606917186816975, 0.040000014975666964], "normalizedAxes": [0.9921228289604187, -0.12526872754096985, -2.781524511629604e-17, 0, -2.220446049250313e-16, 1, -0.12526872754096985, -0.9921228289604187, -2.2029552159362058e-16]}, "segments": [76165, 21759, 3536, 17795, 19007, 21456, 35812, 43824, 49184, 49478, 49492, 49567, 49594, 51359, 76238, 76852, 77674, 77681, 77727, 12623, 11822, 21023, 21837, 51128, 21690, 13040, 13981, 11646, 64105, 3624, 11743, 11750, 13752, 21037, 21041, 21070, 21073, 21448, 35790, 43539, 43543, 43570, 43607, 43643, 43697, 43797, 43801, 43829, 44859, 44878, 44906, 44932, 44950, 44966, 44990, 45008, 49212, 49329, 49372, 49373, 49530, 49648, 51386, 65810, 65831, 73679, 73680, 74352, 76085, 76178, 76281, 76288, 76291, 76794, 76912, 76918, 77679, 77721, 77724, 77900, 77902, 77906, 77909, 77913], "label": "wall"}, {"objectId": 16, "id": 16, "partId": 16, "index": 34, "dominantNormal": [-0.18810059130191803, -0.9821497797966003, -2.1808105983214262e-16], "obb": {"axesLengths": [3.5010748951828043, 1.2399999147653593, 0.3345028449547214], "centroid": [-1.1596995477117173, 1.1741970936293775, -0.6899999617040158], "normalizedAxes": [0.9821497797966003, -0.18810057640075684, -4.176671817307672e-17, 0, -2.220446049250313e-16, 1, -0.18810057640075684, -0.9821497797966003, -2.1808105983214262e-16]}, "segments": [11177, 31885, 22086, 8092, 8145, 8153, 8170, 8175, 8183, 8366, 13124, 13176, 13436, 17346, 21383, 21396, 21406, 21417, 21449, 27498, 27996, 28044, 32532, 32538, 33194, 33216, 33244, 34952, 60473, 62222, 62285, 62309, 63875, 69289, 69852, 84908, 85079, 85192, 85194, 85197, 85202, 85204, 33052, 84946, 84978, 5361, 27580, 33269, 34994, 35045, 35529, 29301, 29258, 8194, 8108, 29265], "label": "wall"}, {"objectId": 17, "id": 17, "partId": 17, "index": 35, "dominantNormal": [0.9820926785469055, -0.1883983314037323, -4.183283306507686e-17], "obb": {"axesLengths": [4.995290929595183, 2.780000028461216, 0.22903601749322197], "centroid": [-3.5604367878763616, -2.128401143302516, 0.059999995455146005], "normalizedAxes": [0.1883983314037323, 0.9820926785469055, 2.180683808077134e-16, 0, -2.220446049250313e-16, 1, 0.9820926785469055, -0.1883983314037323, -4.183283306507686e-17]}, "segments": [81240, 15459, 36845, 17330, 80979, 69, 23525, 80679, 383, 421, 1289, 1726, 1729, 8863, 13294, 13303, 15429, 16489, 16520, 17034, 20063, 21549, 21570, 21582, 21593, 21978, 23061, 23342, 23474, 23483, 23515, 26508, 26523, 26742, 26817, 26861, 26878, 26885, 29398, 31479, 36862, 41890, 41894, 41930, 41939, 47058, 47100, 47792, 47845, 47856, 53112, 53143, 53144, 53145, 53156, 53158, 53196, 53198, 54307, 54469, 54727, 62625, 62654, 63089, 67791, 67793, 73080, 79308, 79311, 79905, 47869, 628, 747, 2119, 2121, 10038, 15825, 26822, 26830, 47737, 839, 34815, 80782, 31396], "label": "wall"}, {"objectId": 18, "id": 18, "partId": 18, "index": 36, "dominantNormal": [0.9405391812324524, -0.3396851420402527, -7.542525316323105e-17], "obb": {"axesLengths": [0.7068780318325703, 2.4834299724527447, 0.5417067650065168], "centroid": [-3.308672925001977, -1.843525898746679, -0.05171496119242169], "normalizedAxes": [0.3396851420402527, 0.9405391812324524, 2.0884165091327231e-16, 0, -2.220446049250313e-16, 1, 0.9405391812324524, -0.3396851420402527, -7.542525316323105e-17]}, "segments": [51235, 77916, 77936, 78113, 51146, 3129, 51186, 52124, 314, 2973, 3468, 41698, 45167, 51911, 63103, 74399, 74446, 74493, 77630, 77989, 79933, 87, 518, 63033, 588, 2959, 4033, 4413, 31392, 45824, 50881, 50911, 50942, 54737, 73197, 73206, 77600, 79204, 45812, 26552, 79238, 45221, 77955, 45099, 74361, 70567], "label": "curtain"}, {"objectId": 19, "id": 19, "partId": 19, "index": 37, "dominantNormal": [0.9717244505882263, -0.23611783981323242, -5.242869245708102e-17], "obb": {"axesLengths": [2.6401965799056084, 2.039999975860118, 0.5420466854185935], "centroid": [-2.9256398142154914, 0.2378246632912786, -0.3300000113248813], "normalizedAxes": [0.23611782491207123, 0.9717244505882263, 2.1576617172685582e-16, 0, -2.220446049250313e-16, 1, 0.9717244505882263, -0.23611782491207123, -5.242868914835857e-17]}, "segments": [35691, 28826, 24138, 39241, 39261, 71987, 37540, 29773, 5713, 25162, 34682, 34698, 8308, 4708, 28224, 5595, 28470, 24973, 67174, 25999, 63945, 33920, 33774, 71162, 71316, 4728, 4782, 4838, 4901, 4920, 5047, 5427, 5431, 5440, 5477, 5551, 5565, 5566, 5606, 5614, 5873, 5900, 5925, 5966, 6029, 6034, 9010, 9021, 9030, 9055, 9066, 9089, 9094, 9107, 9143, 9157, 9162, 9163, 14319, 14331, 14344, 14363, 14391, 22932, 22975, 23001, 24227, 24242, 24252, 24262, 24774, 24789, 24797, 24798, 24840, 24848, 24891, 24897, 24913, 24951, 24977, 25095, 25676, 25985, 25991, 26006, 26062, 26431, 26709, 26724, 26728, 27489, 28022, 28032, 28107, 28133, 28212, 28289, 28323, 28393, 28857, 28866, 28875, 28941, 28948, 28952, 28953, 28977, 28982, 29747, 29818, 32817, 32828, 32877, 32882, 32938, 32974, 32976, 32981, 33002, 33756, 33784, 33786, 33789, 33804, 33809, 33814, 33816, 33867, 33902, 33936, 33988, 34342, 34512, 34608, 34646, 35508, 35772, 36232, 36626, 36648, 36672, 36673, 36687, 36700, 36712, 37322, 37354, 37392, 37412, 37422, 37459, 37466, 37489, 37494, 37502, 37710, 37735, 37771, 38814, 63392, 63461, 63468, 63939, 63962, 63971, 63973, 63976, 63994, 67146, 67150, 67156, 67481, 67506, 67517, 67589, 67592, 67732, 67780, 67783, 67786, 67788, 67790, 67803, 68457, 68459, 68514, 68562, 68565, 68569, 68642, 68646, 69107, 69712, 69716, 69719, 70083, 70091, 70104, 70160, 70166, 70214, 70232, 70340, 70898, 70913, 71173, 71216, 71222, 71701, 39203, 72915, 73640, 74266, 74208, 44636, 78695, 38177, 40577, 44566, 51651, 50837, 50872, 54174, 9544, 9562, 10131, 18276, 26345, 26390, 26399, 27760, 27793, 27854, 27867, 27901, 27959, 28274, 28767, 28773, 33977, 34441, 34528, 34563, 35029, 35393, 35550, 35562, 35563, 35630, 35637, 35752, 36176, 36222, 36612, 36678, 37307, 37649, 37666, 37679, 37685, 37826, 38184, 38681, 38687, 38690, 38721, 38787, 38792, 38826, 38844, 38910, 39207, 39209, 41409, 41411, 41438, 41455, 41480, 41539, 41555, 41836, 41949, 42005, 42008, 42136, 42155, 42173, 42192, 42194, 43376, 43393, 43466, 44695, 44746, 44763, 46490, 47824, 48078, 48118, 48169, 48205, 48260, 49159, 50876, 51654, 51692, 53558, 53614, 54044, 54231, 54417, 54599, 54879, 54889, 64090, 68438, 70453, 70486, 70490, 70527, 70539, 70545, 70547, 71244, 71676, 72891, 72900, 72912, 72943, 72950, 72953, 73083, 73106, 73185, 73189, 73192, 73195, 74224, 75574, 75576, 75590, 75604, 75616, 77821, 77824, 77846, 77884, 79866, 79883, 80052, 80065, 80107, 81264, 4946, 11154, 18178, 10249, 11, 8906, 9498, 11104, 18176, 18224, 18251, 18261, 37846, 38145, 42099, 42123, 42143, 44727, 44777, 46479, 51596, 51608, 51621, 51646, 51794, 54656, 54659, 54854, 54905, 54907, 64279, 64294, 64298, 64300, 73084, 73118, 74276, 74348, 77820, 79890, 80056, 80096, 80098, 71148, 71198, 70130, 25961], "label": "shelf"}, {"objectId": 21, "id": 21, "partId": 21, "index": 38, "dominantNormal": [-0.6249597668647766, -0.7806569933891296, -1.7334067367905207e-16], "obb": {"axesLengths": [0.6840813058094658, 0.9565419936953033, 0.5553250101965933], "centroid": [-0.6831799885531895, -0.6439376274136457, -0.8235289922312862], "normalizedAxes": [0.7806569933891296, -0.6249597668647766, -1.38768944527529e-16, 0, -2.220446049250313e-16, 1, -0.6249597668647766, -0.7806569933891296, -1.7334067367905207e-16]}, "segments": [6342, 9974, 5209, 5211, 5226, 5672, 5826, 10966, 16154, 16158, 16319, 17690, 62850, 65383, 17669, 66620, 65315, 66641, 19631, 20158, 66540, 65413, 65336, 13945, 66692, 19602, 14122, 5149, 65429], "label": "chair"}, {"objectId": 22, "id": 22, "partId": 22, "index": 39, "dominantNormal": [0.9009580612182617, 0.433906227350235, 9.634653682649374e-17], "obb": {"axesLengths": [0.6387305504012865, 0.9300069601087201, 0.46640758287720496], "centroid": [-1.6937115633077617, 0.29405821588596837, -0.8131564729700271], "normalizedAxes": [-0.433906227350235, 0.9009580612182617, 2.000528767572311e-16, 0, -2.220446049250313e-16, 1, 0.9009580612182617, 0.433906227350235, 9.634653682649374e-17]}, "segments": [67244, 67239, 22833, 67023, 22526, 22446, 22453, 22462, 22468, 22799, 22805, 22872, 23291, 67116, 67119, 67135, 67323, 67326, 67329, 23283, 67393, 14604, 81832, 21914, 66998, 20489, 24642, 67390, 82803, 67410, 31617, 11359, 31578, 79503, 81843], "label": "chair"}, {"objectId": 23, "id": 23, "partId": 23, "index": 40, "dominantNormal": [0.9660090804100037, -0.2585081458091736, -5.740033910610034e-17], "obb": {"axesLengths": [0.5464069238305967, 0.9468250361049535, 0.34692581176616444], "centroid": [-0.45974642618505523, 0.13119972593158602, -0.8210375032342029], "normalizedAxes": [0.2585081458091736, 0.9660090804100037, 2.1449710461363206e-16, 0, -2.220446049250313e-16, 1, 0.9660090804100037, -0.2585081458091736, -5.740033910610034e-17]}, "segments": [15104, 15058, 66340, 17876, 65556, 9654, 9687, 12916, 12917, 13754, 13841, 13910, 15066, 15083, 15096, 17890, 17891, 17927, 17938, 17963, 17980, 18929, 64725, 65508, 13693, 17924, 64765, 14932, 17911], "label": "chair"}, {"objectId": 25, "id": 25, "partId": 25, "index": 41, "dominantNormal": [0.965661883354187, -0.25980204343795776, -5.768764209389715e-17], "obb": {"axesLengths": [0.43064443350561804, 0.9407429782880173, 0.27370766464776736], "centroid": [-1.8479006012649895, -0.3622051885887032, -0.8167484723013227], "normalizedAxes": [0.25980207324028015, 0.965661883354187, 2.1442001138054212e-16, 0, -2.220446049250313e-16, 1, 0.965661883354187, -0.25980207324028015, -5.768764871134205e-17]}, "segments": [67845, 7313, 67196, 67207, 6229, 6236, 6250, 7394, 7436, 7904, 23179, 27078, 27080, 63572, 67226, 67905, 7399, 7994, 23157, 7317, 7464, 7496, 7966, 7976, 27179, 63868, 27226, 6227, 6208, 27178, 6225], "label": "chair"}, {"objectId": 26, "id": 26, "partId": 26, "index": 42, "dominantNormal": [0, -2.220446049250313e-16, 1], "obb": {"axesLengths": [0.37797621871794174, 0.22302501895222773, 0.25683419069850844], "centroid": [-1.6288116231759386, 1.0365034033425236, -0.9139574915776207], "normalizedAxes": [0.1074007898569107, 0.9942157864570618, 2.2076025151408757e-16, 0, -2.220446049250313e-16, 1, 0.9942157864570618, -0.1074007898569107, -2.3847765952414047e-17]}, "segments": [68852, 22101, 69009, 22287, 66889, 29196, 22168, 66921, 21664, 21673, 21719, 22131, 22132, 22134, 22148, 22155, 22159, 22181, 22189, 22191, 22200, 22207, 22260, 22273, 22300, 22306, 22324, 22336, 22373, 29492, 29496, 29509, 29532, 29547, 29568, 29574, 29602, 29649, 66886, 66894, 66896, 66899, 66901, 66912, 66914, 66917, 66924, 66925, 66942, 66950, 66964, 68662, 68664, 68775, 68779, 68782, 68787, 68798, 68982, 29188, 68665, 29635, 29517, 68794, 68979, 22288, 29183], "label": "chair"}, {"objectId": 27, "id": 27, "partId": 27, "index": 43, "dominantNormal": [0.984157919883728, -0.17729401588439941, -3.9367179712623693e-17], "obb": {"axesLengths": [1.887629501642895, 1.5199999022483839, 0.44615259131962665], "centroid": [-0.6199994305964069, -4.116397282626751, -0.5499999679625035], "normalizedAxes": [0.17729401588439941, 0.984157919883728, 2.18526956504423e-16, 0, -2.220446049250313e-16, 1, 0.984157919883728, -0.17729401588439941, -3.9367179712623693e-17]}, "segments": [76674, 44375, 47782, 47787, 44400, 45229, 75856, 75937, 28685, 25071, 34638, 76016, 48449, 75681, 75779, 48503, 48380, 76625, 23852, 23859, 23867, 23875, 23891, 23916, 23917, 23932, 23951, 23983, 24002, 24006, 26190, 26207, 26252, 28570, 28573, 28595, 28604, 28606, 28681, 28722, 34312, 35082, 35103, 35154, 35220, 35259, 38222, 38265, 38317, 38581, 38603, 38614, 38663, 39340, 39419, 39466, 44187, 44204, 44217, 44228, 44247, 44305, 44338, 44573, 44595, 44693, 45063, 45096, 46626, 46785, 47397, 47401, 47468, 47476, 47510, 47537, 47561, 47569, 47653, 47664, 48100, 48406, 48531, 48597, 48606, 48611, 48623, 48705, 48718, 48732, 48733, 48744, 48759, 48780, 48841, 48849, 48928, 48943, 48954, 48960, 48966, 49016, 49028, 49048, 49051, 49171, 49181, 49287, 49347, 50371, 50380, 50425, 50464, 50604, 50618, 50627, 50632, 50645, 50650, 50662, 67360, 70434, 71584, 71589, 71675, 72023, 72029, 72034, 72040, 73238, 73240, 73390, 73405, 73534, 74441, 74821, 74852, 75190, 75261, 75273, 75276, 75363, 75437, 75479, 75485, 75491, 75512, 75526, 75529, 75564, 75668, 75847, 75903, 76020, 76059, 76076, 76081, 76087, 76276, 76284, 76548, 76748, 48378, 47440, 48408, 79636, 79685, 41572, 47349, 47550, 53297, 53306, 53308, 53393, 53746, 53758, 53774, 53791, 53815, 53854, 53856, 53901, 74542, 74560, 75656, 79443, 79702, 79733, 79736, 79738, 38133, 24179, 24400, 24555, 24968, 25312, 25328, 25354, 25418, 25572, 25625, 25645, 25779, 25798, 25814, 26477, 28443, 30268, 35208, 38737, 39400, 39748, 40153, 41639, 41709, 41803, 42128, 42208, 42264, 42268, 42557, 45545, 45555, 46457, 46589, 46615, 46618, 46694, 46835, 47483, 47505, 53266, 53649, 53650, 53657, 53663, 53693, 66972, 66990, 68154, 68398, 70935, 71292, 71601, 71668, 72347, 72599, 72638, 72651, 72800, 73072, 73790, 74046, 74408, 74419, 74437, 74544, 75340, 75804, 79474, 79566, 79577, 79587, 79623, 79554, 24956, 24418, 24883, 25046, 47361, 69883, 42891, 34382, 42150, 42390, 42494, 42572, 42694, 47438, 49374, 50888, 69584, 72629, 72647, 72668, 72728, 72783, 72791, 79426, 53412, 26577, 38314, 75451, 47451, 53322, 48906, 38623, 33339, 38259, 36241, 34525, 70726, 38504, 39773, 71376, 48607], "label": "shelf"}, {"objectId": 28, "id": 28, "partId": 28, "index": 44, "dominantNormal": [0.9950977563858032, -0.09889645874500275, -2.1959425110518792e-17], "obb": {"axesLengths": [0.3444905962830834, 0.6534619930357782, 0.3760276428382093], "centroid": [-1.2360644423056726, -5.230207451870986, -0.0927610059955486], "normalizedAxes": [0.9950977563858032, -0.09889645129442215, -2.1959423456157567e-17, 0, -2.220446049250313e-16, 1, -0.09889645129442215, -0.9950977563858032, -2.2095608817847073e-16]}, "segments": [3176, 3298, 3188, 4539, 63164, 3192, 63160, 4317, 48898, 4624, 4612, 4633, 48914, 63259, 3217], "label": "lamp"}, {"objectId": 29, "id": 29, "partId": 29, "index": 45, "dominantNormal": [-0.70632576