{"segGroups": [{"objectId": 1, "id": 1, "partId": 1, "index": 0, "dominantNormal": [0, -2.220446049250313e-16, 1], "obb": {"axesLengths": [5.688404333801668, 0.36411999842256393, 5.379326298020423], "centroid": [1.8268535021976262, 0.8134861223569424, -1.2120599682040523], "normalizedAxes": [0.9261091351509094, -0.3772556483745575, -8.376758139906515e-17, 0, -2.220446049250313e-16, 1, -0.3772556483745575, -0.9261091351509094, -2.056375370320461e-16]}, "segments": [18738, 32246, 4532, 5167, 21773, 33890, 42622, 42624, 42716, 43029, 43048, 43073, 43124, 43681, 46158, 47082, 49859, 49861, 51129, 53207, 53855, 53878, 53885, 54549, 55901, 56302, 72874, 72913, 83475, 83480, 83483, 83487, 83490, 43412, 49903, 48639, 10775, 93951, 11065, 49987, 40997, 20796, 76510, 9405, 27082, 94390, 29187, 46302, 43054, 43067, 46388, 80914, 46384, 46073, 48539, 41443], "label": "floor"}, {"objectId": 2, "id": 2, "partId": 2, "index": 1, "dominantNormal": [0.7776044011116028, -0.6287539005279541, -1.39611411437802e-16], "obb": {"axesLengths": [2.1959297702222744, 3.098189880739377, 0.26104771261832604], "centroid": [-0.46858849922307577, 1.7425194863934395, 0.2790949672045926], "normalizedAxes": [0.6287539005279541, 0.777604341506958, 1.7266284879790162e-16, 0, -2.220446049250313e-16, 1, 0.777604341506958, -0.6287539005279541, -1.39611411437802e-16]}, "segments": [13184, 14121, 51558, 18036, 23530, 45807, 11266, 31520, 28776, 29549, 84473, 29560, 84299, 31325], "label": "wall"}, {"objectId": 3, "id": 3, "partId": 3, "index": 2, "dominantNormal": [0.7986130714416504, -0.601844847202301, -1.3363640132320077e-16], "obb": {"axesLengths": [1.0382882722943587, 0.4799999785423284, 0.08538906940964261], "centroid": [-0.3523244393566527, 1.9185907680132015, 0.1499999670812484], "normalizedAxes": [0.601844847202301, 0.7986130714416504, 1.7732772393622706e-16, 0, -2.220446049250313e-16, 1, 0.7986130714416504, -0.601844847202301, -1.3363640132320077e-16]}, "segments": [12561, 12585, 12796, 14226, 86481, 14352, 13153], "label": "shelf"}, {"objectId": 4, "id": 4, "partId": 4, "index": 3, "dominantNormal": [0.7445628046989441, 0.6675524115562439, 1.4822641149075808e-16], "obb": {"axesLengths": [0.38851576378571684, 0.44470298786380147, 0.3043968138057059], "centroid": [-0.06965726420215557, 1.9987620605156413, 0.011048482347834288], "normalizedAxes": [-0.6675524115562439, 0.7445628046989441, 1.6532615381125029e-16, 0, -2.220446049250313e-16, 1, 0.7445628046989441, 0.6675524115562439, 1.4822641149075808e-16]}, "segments": [75207, 80290, 12551, 33625, 13886, 13831, 13757, 13793, 13853, 13871, 13929, 75051, 75059, 75061, 75070, 75076, 75087, 75102, 75137, 12526, 13911, 75090, 13718, 14531, 13858], "label": "lamp"}, {"objectId": 5, "id": 5, "partId": 5, "index": 4, "dominantNormal": [0.7987287640571594, -0.6016912460327148, -1.3360229501218398e-16], "obb": {"axesLengths": [0.4969757139957219, 0.6399999602139002, 0.32194358974431625], "centroid": [-0.997500966213472, 1.3179962504394036, 0.26999995985418557], "normalizedAxes": [0.6016912460327148, 0.7987287640571594, 1.773534128573305e-16, 0, -2.220446049250313e-16, 1, 0.7987287640571594, -0.6016912460327148, -1.3360229501218398e-16]}, "segments": [88512, 51622, 23911, 23795, 51397, 50779, 50733, 50653, 12119, 74737, 12068, 55660, 55620, 55518, 55531, 55584, 55324, 88558, 56053, 28394, 50826, 11982, 11985, 12025, 12036, 12051, 12062, 12100, 12153, 12162, 23924, 50015, 50027, 50628, 50644, 50697, 50734, 50738, 50745, 50761, 50789, 50796, 50808, 50823, 50855, 50858, 50885, 50886, 50912, 51356, 51357, 51378, 51417, 51455, 51484, 51495, 51497, 51513, 51540, 51555, 51592, 51593, 51604, 51640, 51659, 55290, 55321, 55349, 55376, 55387, 55390, 55409, 55417, 55418, 55419, 55445, 55461, 55487, 55500, 55508, 55516, 55517, 55527, 55549, 55581, 55587, 55600, 55621, 55630, 55634, 55652, 55658, 55674, 55694, 55700, 55713, 55722, 55742, 55759, 55829, 56116, 56131, 56141, 74721, 74725, 74729, 74733, 74755, 74757, 86450, 86452, 86456, 86458, 86466, 86468, 86690, 86692, 86729, 88123, 88126, 88156, 88159, 88168, 88173, 88174, 88186, 88189, 88190, 88194, 88219, 88259, 88269, 88300, 88504, 88510, 88630, 88645, 11984, 11919, 50617, 86502, 88133, 51334, 86671, 51353, 51367, 55368, 55274], "label": "mirror"}, {"objectId": 6, "id": 6, "partId": 6, "index": 5, "dominantNormal": [0.8210595846176147, -0.570842444896698, -1.2675248515152626e-16], "obb": {"axesLengths": [1.715194032335168, 1.2018739461479941, 0.5237532168156454], "centroid": [-0.4295686870021158, 1.5039102262081843, -0.8090629826567405], "normalizedAxes": [0.570842444896698, 0.8210595846176147, 1.8231185108632858e-16, 0, -2.220446049250313e-16, 1, 0.8210595846176147, -0.570842444896698, -1.2675248515152626e-16]}, "segments": [84615, 43247, 45770, 83518, 45747, 84748, 45729, 17980, 14706, 14709, 14719, 15160, 17931, 17942, 17974, 18016, 30317, 32816, 32817, 32821, 34689, 35390, 42249, 42501, 42559, 43289, 43332, 44379, 75247, 75260, 75601, 83524, 84143, 84622, 30304, 34417, 79553, 83128, 31485, 31487, 41059, 41980, 14699, 14143, 14444, 14467, 82716, 41982, 21900, 18060], "label": "cabinet"}, {"objectId": 7, "id": 7, "partId": 7, "index": 6, "dominantNormal": [0, -2.220446049250313e-16, 1], "obb": {"axesLengths": [0.5122908150767475, 0.12755000306181596, 0.44611404211205247], "centroid": [-0.8029853796703641, 1.1080682480933484, -0.3062250155926127], "normalizedAxes": [-0.22345322370529175, 0.9747146368026733, 2.1643012644349498e-16, 0, -2.220446049250313e-16, 1, 0.9747146368026733, 0.22345322370529175, 4.9616582776866147e-17]}, "segments": [45657, 84686, 45634, 23810, 23950, 84701, 23827, 42220, 45532, 45596, 45619, 45703, 45726, 77489, 83310], "label": "plate"}, {"objectId": 8, "id": 8, "partId": 8, "index": 7, "dominantNormal": [0.6872031092643738, -0.7264653444290161, -1.6130771039546768e-16], "obb": {"axesLengths": [2.1626921576396683, 2.3399999810755245, 0.6931021195773401], "centroid": [0.8545200021611157, 2.761584517385247, -0.20000000423401665], "normalizedAxes": [0.7264653444290161, 0.6872031092643738, 1.52589742899861e-16, 0, -2.220446049250313e-16, 1, 0.6872031092643738, -0.7264653444290161, -1.6130771039546768e-16]}, "segments": [24995, 49200, 50006, 27854, 58346, 49710, 46932, 42987, 47007, 27761, 26176, 26436, 26558, 41519, 39125, 38060, 19440, 19451, 20397, 24731, 25312, 25971, 26322, 26406, 26438, 26600, 27319, 28451, 28493, 37839, 38136, 38519, 39040, 39280, 39315, 39346, 39358, 40261, 40358, 40422, 40447, 40502, 40526, 40530, 40574, 40692, 41444, 41653, 42749, 42755, 42779, 42795, 42998, 43641, 43940, 44035, 44036, 44057, 44075, 44094, 47012, 47682, 49463, 49785, 49804, 77865, 78832, 78839, 79683, 83797, 83824, 83830, 83834, 85184, 85276, 85697, 85907, 88918, 41030, 79535, 34428, 40982, 42752, 76834, 82684, 76816, 21891], "label": "cabinet"}, {"objectId": 9, "id": 9, "partId": 9, "index": 8, "dominantNormal": [-0.6216011643409729, -0.7833338975906372, -1.7393506581489797e-16], "obb": {"axesLengths": [4.549929163045805, 3.3233199568840854, 0.4380747849015341], "centroid": [3.3531597258823522, 2.435622558294155, 0.31816998330660096], "normalizedAxes": [0.7833338975906372, -0.6216011643409729, -1.3802318495703079e-16, 0, -2.220446049250313e-16, 1, -0.6216011643409729, -0.7833338975906372, -1.7393506581489797e-16]}, "segments": [63453, 34130, 26816, 38661, 40889, 43555, 32862, 40986, 58353, 63870, 39539, 38277, 38786, 16307, 39082, 48137, 35780, 81130, 39698, 50048, 35587, 38637, 39049, 64659, 7485, 38326, 64646, 64568, 93398, 90567, 93389, 68928, 68938, 91627, 91617, 91610, 91831, 62305, 62320, 60490, 30071, 38429, 38507, 38572, 38607, 38473, 37388, 37148, 37215, 81795, 81785, 39028, 39434, 38863], "label": "wall"}, {"objectId": 10, "id": 10, "partId": 10, "index": 9, "dominantNormal": [0.09849914908409119, -0.9951371550559998, -2.209648364406291e-16], "obb": {"axesLengths": [0.272606067658572, 0.31999999314546584, 0.2635886190420156], "centroid": [2.450242544895679, 3.102710844419468, 0.08999997721403807], "normalizedAxes": [0.9951371550559998, 0.09849914163351059, 2.1871202989467562e-17, 0, -2.220446049250313e-16, 1, 0.09849914163351059, -0.9951371550559998, -2.209648364406291e-16]}, "segments": [68514, 68453, 25581, 68473, 68476, 68491, 68533, 68538, 91917, 68506, 91858, 67186], "label": "lamp"}, {"objectId": 11, "id": 11, "partId": 11, "index": 10, "dominantNormal": [0.9961099624633789, -0.08811897039413452, -1.956634196756613e-17], "obb": {"axesLengths": [0.2415612106717278, 0.42660778552425366, 0.24875701274845527], "centroid": [4.509384954050585, 1.4486915888479563, 0.13669607282900564], "normalizedAxes": [0.9961099624633789, -0.08811897039413452, -1.956634196756613e-17, 0, -2.220446049250313e-16, 1, -0.08811897039413452, -0.9961099624633789, -2.2118084307706874e-16]}, "segments": [16401, 85838, 85663, 85819, 5947, 6415, 6710, 6736, 16373, 16387, 16511, 19649, 19698, 21546, 75439, 82063, 17176, 16358, 16360, 16510], "label": "lamp"}, {"objectId": 12, "id": 12, "partId": 12, "index": 11, "dominantNormal": [0, -2.220446049250313e-16, 1], "obb": {"axesLengths": [2.63585330157932, 1.2882498065773436, 2.4644709709122883], "centroid": [2.9452373158404472, 1.5063602118778188, -0.6670851243065646], "normalizedAxes": [0.8468798398971558, 0.5317842960357666, 1.180798339185977e-16, 0, -2.220446049250313e-16, 1, 0.5317842960357666, -0.8468798398971558, -1.8804509946893772e-16]}, "segments": [53218, 48127, 52580, 49890, 46036, 52056, 21312, 34897, 21674, 51235, 16417, 16746, 21966, 22068, 32735, 34562, 34571, 34625, 34867, 34883, 45954, 46018, 47997, 48955, 48990, 49560, 50956, 51058, 52047, 52567, 52626, 52711, 52729, 52735, 52753, 52903, 53294, 53507, 53586, 53624, 53673, 53682, 53688, 53698, 53713, 53733, 53738, 59743, 64537, 76794, 76844, 76846, 76848, 80722, 80880, 80917, 80936, 80968, 81035, 86922, 86946, 87234, 87266, 87270, 87324, 87338, 87354, 87401, 89837, 26884, 90299, 17174, 14195, 16461, 17007, 17009, 17013, 17029, 17066, 17131, 27070, 27089, 34711, 34796, 35277, 35293, 47935, 48961, 51217, 51290, 51701, 51709, 51719, 51829, 52978, 53009, 61900, 61910, 62575, 63120, 63124, 72563, 72565, 72640, 72641, 72642, 72756, 85613, 86801, 86954, 89267, 92149, 92153, 92154, 92162, 92165, 92188, 92190, 92207, 15860, 89645, 64400, 33995, 89784, 50270, 45932, 64264, 64094, 53111, 21955, 90753, 90779, 59797, 90747, 91886, 63428, 80929, 60779, 91522, 62060, 10612, 62096, 60480, 62148, 58498, 34875, 59717, 26859, 89383, 60603, 90038, 29081, 60889, 90046, 60765, 60892, 90044, 10651, 60767, 60898, 60893, 60565, 60659, 91821, 60746], "label": "bed"}, {"objectId": 13, "id": 13, "partId": 13, "index": 12, "dominantNormal": [0.8038532733917236, 0.5948276519775391, 1.3207827098183668e-16], "obb": {"axesLengths": [0.4253232530729961, 0.3428560120719071, 0.34240929194302694], "centroid": [3.501697608095326, 1.418327964853401, -0.5585720173460544], "normalizedAxes": [-0.5948275923728943, 0.8038532733917236, 1.7849128250795846e-16, 0, -2.220446049250313e-16, 1, 0.8038532733917236, 0.5948275923728943, 1.3207825774694688e-16]}, "segments": [62954, 58786, 59366, 59370, 63209, 63239, 92215, 58848, 62977, 58867, 58893, 58961, 63318, 63367, 89429, 92026, 92257, 92288, 92292], "label": "pillow"}, {"objectId": 14, "id": 14, "partId": 14, "index": 13, "dominantNormal": [0, -2.220446049250313e-16, 1], "obb": {"axesLengths": [0.9563032228501236, 0.39260902123282054, 1.0016997416729432], "centroid": [3.631473984620212, 1.6975038978477373, -0.606304518501211], "normalizedAxes": [0.33033978939056396, 0.9438620805740356, 2.0957948278477981e-16, 0, -2.220446049250313e-16, 1, 0.9438620805740356, -0.33033978939056396, -7.335016802624582e-17]}, "segments": [29139, 61442, 89611, 89391, 58459, 63023, 63287, 62830, 61000, 92313, 63094, 92178, 62514, 89625], "label": "pillow"}, {"objectId": 15, "id": 15, "partId": 15, "index": 14, "dominantNormal": [0, -2.220446049250313e-16, 1], "obb": {"axesLengths": [1.1287702906144632, 0.4854559789868597, 0.818723494515043], "centroid": [3.06033030612957, 2.162323298958111, -0.5496990168033766], "normalizedAxes": [-0.24712833762168884, 0.9689827561378479, 2.151573932657964e-16, 0, -2.220446049250313e-16, 1, 0.9689827561378479, 0.24712833762168884, 5.487351409298765e-17]}, "segments": [62399, 62396, 64090, 62555, 62715, 92008, 62433, 62547, 63861, 15271, 63878, 92355, 63679, 14749, 62662], "label": "pillow"}, {"objectId": 16, "id": 16, "partId": 16, "index": 15, "dominantNormal": [0.8477581739425659, 0.5303829908370972, 1.1776868165937974e-16], "obb": {"axesLengths": [0.5696854465234664, 0.3600810089689264, 0.25187633785936014], "centroid": [2.722466927329927, 2.0234023722953607, -0.5928625240154006], "normalizedAxes": [-0.5303829908370972, 0.8477581739425659, 1.8824012880504302e-16, 0, -2.220446049250313e-16, 1, 0.8477581739425659, 0.5303829908370972, 1.1776868165937974e-16]}, "segments": [64002, 63911, 64527, 92456, 63933, 63982, 92453, 92480, 64085, 92471, 92476], "label": "pillow"}, {"objectId": 17, "id": 17, "partId": 17, "index": 16, "dominantNormal": [-0.7054404616355896, 0.7087692022323608, 1.5737837749271418e-16], "obb": {"axesLengths": [2.1515982115650765, 2.6885599489086864, 2.397880569846598], "centroid": [2.895394834295608, 1.4161193710805375, 0.04571995954632735], "normalizedAxes": [-0.7054404616355896, 0.7087692022323608, 1.5737837749271418e-16, 0, -2.220446049250313e-16, 1, 0.7087692022323608, 0.7054404616355896, 1.566392486020062e-16]}, "segments": [55970, 59901, 66419, 66752, 68121, 56619, 57223, 57929, 58000, 58091, 59964, 59969, 59972, 59995, 59998, 61251, 62838, 64182, 64821, 67103, 67298, 85231, 85243, 85407, 87943, 88937, 88939, 89873, 90665, 90791, 92483, 92488, 95284, 95455, 95673, 95675, 85337, 64458, 56062, 58238, 56758, 56793, 56476, 62908, 63039, 95488, 95627, 66776, 66742, 95708, 64858, 66978, 67128, 64806, 95775, 67216, 95378, 64803, 64888, 89916, 18806, 96019, 60025, 92756, 36560, 36590, 60150, 85385, 57260, 93452, 18812, 36548, 81328, 62793, 81491, 81542, 37927, 32138, 37006, 37062, 36998, 95951, 67116, 67175, 60070, 93436, 66488, 66821, 37858, 67664, 8851, 8970, 50668, 95016, 51390, 9258, 67724, 66480, 95923, 66754, 63348, 63489, 51004, 58405, 58048, 58137, 68086, 68180, 37779, 10654, 60972, 54327, 83427, 54140, 53084, 83808, 84022, 84209, 83120, 51764, 68810, 90076, 7734, 7766, 9196, 9207, 9230, 9300, 9347, 9504, 9550, 9628, 9640, 9647, 9660, 10728, 10901, 11258, 11321, 11412, 31926, 32004, 32008, 32032, 32047, 32057, 32082, 32134, 36316, 36341, 36409, 36469, 36488, 36500, 36505, 36515, 36540, 36614, 36997, 36999, 37029, 37036, 37757, 37769, 37812, 37852, 37882, 37899, 37915, 37953, 39556, 47810, 48145, 48259, 48311, 51576, 51692, 51846, 51858, 51981, 52066, 52885, 52891, 52923, 53136, 53302, 53982, 54024, 54586, 54623, 54742, 55400, 55439, 56531, 57581, 57850, 57874, 57881, 58020, 58043, 59075, 59161, 59188, 59839, 59858, 59910, 59981, 60016, 60078, 60103, 60167, 60182, 60224, 60257, 60262, 60326, 60392, 60522, 60637, 60842, 60904, 61019, 61058, 61101, 61611, 62504, 62545, 62551, 62586, 63129, 63179, 63281, 63451, 63504, 63507, 63522, 63542, 63569, 63583, 63813, 63816, 63828, 63842, 63850, 63959, 63980, 63992, 64771, 64908, 64973, 65061, 65159, 65188, 65265, 65683, 65684, 65855, 65889, 66056, 66069, 66133, 66345, 66364, 66413, 66470, 66528, 66590, 66612, 66640, 66646, 66671, 66695, 66740, 66743, 66753, 66795, 66834, 66847, 66855, 66858, 66887, 66889, 66960, 67345, 67348, 67362, 67378, 67399, 67429, 67443, 67449, 67487, 67493, 67551, 67581, 67597, 67599, 67607, 67638, 67793, 67796, 68209, 68220, 68226, 68243, 68265, 68301, 68320, 68321, 68325, 68334, 68344, 68349, 68374, 68380, 68407, 68695, 68759, 68814, 68868, 70355, 70362, 80011, 80013, 80016, 80028, 80032, 81248, 81357, 81388, 81398, 81451, 81478, 81482, 81484, 81487, 81545, 81548, 81844, 81864, 82202, 82740, 83048, 83057, 83088, 83094, 83404, 83408, 83415, 83548, 83719, 83780, 83839, 84043, 85062, 85365, 85371, 85431, 85659, 86032, 86437, 86680, 86916, 87305, 87308, 88650, 89905, 90178, 90183, 92034, 92042, 93466, 93469, 94582, 94633, 94673, 94843, 94847, 94890, 94918, 95195, 95199, 95266, 95452, 95460, 95664, 95665, 95669, 95731, 95733, 95738, 95740, 95746, 95748, 95753, 95781, 95946, 96021, 96026, 96029, 96033, 96036, 96043, 96046, 96048, 59155, 9039, 61224, 90637, 89558, 90466, 90521, 90482, 61180, 90601, 58666, 61209, 59131, 90728, 92490, 61304, 34785, 35155, 34781, 34813, 90322, 92634, 92627, 35130, 64150, 59083, 59087, 21931, 59498, 59518, 58908, 89145, 57736, 89243, 87088, 52188, 87219, 52407, 57665, 52759, 53166, 87114, 52727, 53414, 86957, 53345, 57761, 89201, 58985, 83904, 31906, 38703, 10952, 70833, 38665, 83885, 81691, 38674, 61928, 69069, 68974, 69091, 68998, 89940, 89935, 68750, 67810, 32072, 32088, 48237, 44338, 38662, 89854, 86930, 52660, 52653, 53048, 53170, 81706, 89227, 89141, 58735, 57707, 52584, 52613, 83177, 82818, 82796, 83872], "label": "canopy"}, {"objectId": 18, "id": 18, "partId": 18, "index": 17, "dominantNormal": [-0.5915727019309998, -0.8062516450881958, -1.79023828003765e-16], "obb": {"axesLengths": [0.70212587577735, 0.645369932531492, 0.4796917593814652], "centroid": [2.4463791573130225, 2.895174207537807, -1.0126849690841522], "normalizedAxes": [0.8062516450881958, -0.5915727019309998, -1.3135552688470215e-16, 0, -2.220446049250313e-16, 1, -0.5915727019309998, -0.8062516450881958, -1.79023828003765e-16]}, "segments": [49186, 18385, 29982, 64317, 15597, 15632, 17021, 17149, 17322, 17328, 17361, 18562, 18626, 18678, 18726, 18732, 18772, 19035, 21477, 28784, 28922, 29637, 29662, 64176, 73175, 74220, 74224, 74234, 75718, 75720, 75927, 75930, 75933, 76084, 81558, 85526, 85533, 75935, 75913, 81593, 16904], "label": "bedside table"}, {"objectId": 19, "id": 19, "partId": 19, "index": 18, "dominantNormal": [-0.5258157849311829, -0.8505984544754028, -1.8887079777383305e-16], "obb": {"axesLengths": [0.707077559664589, 0.6889339531451321, 0.45789283098241385], "centroid": [4.359748762145406, 1.3510630787480307, -1.015332994776078], "normalizedAxes": [0.8505984544754028, -0.5258157849311829, -1.1675455822838973e-16, 0, -2.220446049250313e-16, 1, -0.5258157849311829, -0.8505984544754028, -1.8887079777383305e-16]}, "segments": [26371, 26810, 27013, 26946, 89518, 27088, 26361, 26882, 26922, 26967, 26970, 27546, 27547, 27563, 27568, 27585, 28061, 58407, 59305, 59329, 78503, 78572, 78590, 78621, 78634, 78638, 78640, 78644, 78647, 78660, 78663, 78668, 78673, 78612, 9362, 27501, 89496, 25817], "label": "bedside table"}, {"objectId": 20, "id": 20, "partId": 20, "index": 19, "dominantNormal": [0.8565971255302429, 0.5159858465194702, 1.145718734373236e-16], "obb": {"axesLengths": [0.274313763334388, 0.3153529990758075, 0.2468580061041074], "centroid": [4.260595714913105, 1.4324060912662024, -0.6217864968100233], "normalizedAxes": [-0.5159858465194702, 0.8565971255302429, 1.9020277031828024e-16, 0, -2.220446049250313e-16, 1, 0.8565971255302429, 0.5159858465194702, 1.145718734373236e-16]}, "segments": [7596, 7652, 7590], "label": "price tag"}, {"objectId": 21, "id": 21, "partId": 21, "index": 20, "dominantNormal": [0.4452178180217743, 0.8954222798347473, 1.988236863669773e-16], "obb": {"axesLengths": [0.2071459632448311, 0.37999998673796664, 0.21156646333725324], "centroid": [4.563297593155397, 1.3906146864644846, -0.5600000104925038], "normalizedAxes": [0.4452178478240967, 0.8954222798347473, 1.988236863669773e-16, 0, -2.220446049250313e-16, 1, 0.8954222798347473, -0.4452178478240967, -9.885822112567426e-17]}, "segments": [3630, 3431], "label": "object"}, {"objectId": 22, "id": 22, "partId": 22, "index": 21, "dominantNormal": [0, -2.220446049250313e-16, 1], "obb": {"axesLengths": [0.2328225945574266, 0.14626300008007131, 0.20397433665792788], "centroid": [2.473762160361582, 3.052575226590152, -0.7031315018153604], "normalizedAxes": [0.6043738722801208, 0.7967008352279663, 1.7690312220163624e-16, 0, -2.220446049250313e-16, 1, 0.7967008352279663, -0.6043738722801208, -1.3419795769745076e-16]}, "segments": [64573, 87737, 64618], "label": "object"}, {"objectId": 23, "id": 23, "partId": 23, "index": 22, "dominantNormal": [-0.611981987953186, -0.7908716797828674, -1.7560878968378267e-16], "obb": {"axesLengths": [0.3586613237932074, 0.5283439749104384, 0.11030141633848826], "centroid": [2.0276483957555422, 1.0455572559734185, 0.3141719664573963], "normalizedAxes": [0.7908716797828674, -0.611981987953186, -1.3588729873630046e-16, 0, -2.220446049250313e-16, 1, -0.611981987953186, -0.7908716797828674, -1.7560878968378267e-16]}, "segments": [65716, 53876, 94741, 94743, 94746, 94770, 53441, 53685, 94697], "label": "price tag"}, {"objectId": 24, "id": 24, "partId": 24, "index": 23, "dominantNormal": [-0.6238315105438232, -0.7815588712692261, -1.735409307966287e-16], "obb": {"axesLengths": [1.1172623170952412, 0.4642589770795631, 0.2567893310102283], "centroid": [3.5288158708981716, 2.3180490839585812, 0.18212946828701693], "normalizedAxes": [0.7815588712692261, -0.6238315105438232, -1.3851842129848873e-16, 0, -2.220446049250313e-16, 1, -0.6238315105438232, -0.7815588712692261, -1.735409307966287e-16]}, "segments": [62002, 61837, 63478, 90922, 40715, 60225, 91463, 90886, 82609, 82597, 82649, 40866, 40597, 82434, 10161, 28843, 28879, 28882, 28910, 28916, 29321, 29354, 29364, 29433, 35552, 37586, 37621, 37650, 37664, 37682, 37692, 37696, 37701, 37726, 37737, 39911, 39982, 40506, 40509, 40516, 40532, 40535, 40546, 40547, 40576, 40607, 40610, 40687, 40713, 40732, 40741, 40783, 40827, 40837, 40845, 40887, 40898, 60230, 61626, 61655, 61662, 61675, 61687, 61689, 61702, 61706, 61710, 61711, 61733, 61739, 61748, 61750, 61825, 64625, 64666, 70315, 70317, 81419, 81422, 81423, 81431, 81439, 82081, 82323, 82327, 82421, 82424, 82435, 82471, 90824, 90833, 90836, 90912, 91005, 91607, 92350, 82337], "label": "shelf"}, {"objectId": 25, "id": 25, "partId": 25, "index": 24, "dominantNormal": [0.7977353930473328, -0.6030076146125793, -1.3389458755343572e-16], "obb": {"axesLengths": [2.5014327681280846, 2.358809895244019, 0.7094817726219338], "centroid": [4.570514802310242, 0.011781253963844884, -0.16940500035930506], "normalizedAxes": [0.6030076742172241, 0.7977353930473328, 1.7713284018390957e-16, 0, -2.220446049250313e-16, 1, 0.7977353930473328, -0.6030076742172241, -1.3389460078832552e-16]}, "segments": [7402, 10502, 24177, 9883, 45298, 46602, 65805, 52429, 53591, 584, 615, 625, 628, 2156, 2252, 2276, 2280, 2288, 2303, 2361, 2407, 2411, 2466, 2502, 2559, 2714, 3328, 3378, 3388, 3488, 3496, 3500, 3520, 3542, 3546, 3554, 3574, 3622, 3763, 4068, 9166, 9252, 9281, 9298, 9311, 9318, 9529, 9535, 9700, 9718, 9742, 9748, 9816, 9829, 9842, 9993, 11325, 11365, 11393, 11403, 11435, 11439, 11462, 11471, 11579, 11597, 11601, 11679, 11681, 11695, 11698, 11701, 11705, 11744, 11747, 11748, 11757, 12616, 12700, 13021, 17439, 23976, 24008, 24013, 24021, 24131, 24137, 24377, 24406, 24431, 24435, 24459, 24461, 24462, 24477, 24484, 24490, 24491, 24498, 24499, 24505, 24520, 24529, 24579, 24595, 26877, 27796, 29451, 29860, 29882, 29892, 29903, 29948, 29951, 29990, 29991, 30024, 31652, 35526, 35567, 35668, 35721, 36041, 36102, 36127, 36265, 36297, 36347, 36607, 36609, 45443, 45450, 45460, 47777, 50079, 51997, 64145, 64245, 65341, 66336, 66673, 67351, 67583, 67837, 67942, 68957, 68971, 69804, 69895, 70016, 70022, 70027, 70134, 70167, 70219, 70235, 70255, 70283, 71205, 71214, 71428, 72042, 72058, 72172, 72193, 72224, 72247, 72354, 72357, 72361, 72364, 72383, 72398, 72459, 72463, 72466, 73763, 73865, 73983, 73986, 74180, 74470, 74486, 74501, 74521, 74573, 74600, 74605, 74677, 74690, 74702, 74706, 77502, 77504, 77537, 77543, 77548, 77567, 77597, 77726, 84234, 51262, 43852, 767, 2124, 2135, 2356, 2381, 2393, 2419, 2427, 2435, 2441, 2449, 2489, 2540, 2596, 2663, 2696, 3962, 4311, 4315, 4352, 4398, 4456, 5635, 6167, 6543, 6640, 6802, 8475, 8499, 8502, 8507, 8515, 8524, 8560, 8575, 8589, 8665, 8706, 8709, 8712, 8721, 8725, 8740, 8752, 8757, 8760, 8781, 8807, 8810, 8826, 8855, 8868, 8910, 8929, 8942, 9117, 9120, 9247, 9472, 9519, 9567, 9569, 9574, 9581, 9606, 9611, 9617, 9642, 9667, 9731, 9739, 9854, 9863, 9919, 9959, 9976, 9980, 10013, 10016, 10017, 10032, 10241, 10832, 11330, 11368, 13369, 13381, 15265, 15276, 15332, 15513, 15529, 15562, 15595, 15600, 15614, 16039, 16062, 16976, 16995, 17100, 17113, 17187, 17300, 17458, 17526, 17598, 18081, 19043, 22149, 22162, 22163, 22280, 22325, 23733, 24159, 24597, 24598, 25077, 25405, 25430, 25548, 25558, 25580, 25630, 25654, 25656, 25834, 25849, 25855, 25861, 25882, 25890, 25892, 25895, 25897, 25908, 25924, 25927, 25933, 25943, 25944, 25947, 26098, 26549, 27130, 27137, 27165, 27184, 27269, 27378, 27848, 42475, 42493, 42632, 42776, 43292, 43775, 43796, 43800, 45003, 45040, 45190, 45237, 45409, 45553, 46751, 46805, 46806, 46819, 46949, 47704, 48182, 49046, 49081, 49096, 49126, 49147, 49256, 49266, 49271, 49350, 49404, 49450, 49451, 49455, 50320, 50358, 50363, 50367, 50547, 50630, 50889, 51270, 51313, 51461, 51506, 51786, 51839, 51843, 51844, 51875, 51878, 51880, 51953, 51962, 52144, 52146, 52180, 52254, 52341, 52342, 52344, 52384, 52427, 52936, 52948, 53635, 54064, 54310, 54316, 54343, 54566, 55162, 55569, 55603, 55907, 58011, 58014, 58047, 58050, 58053, 58072, 58553, 58568, 58578, 58871, 69171, 69173, 69176, 69192, 69326, 69328, 69330, 69334, 69338, 69342, 69347, 69353, 69373, 69378, 69384, 69391, 69392, 69397, 69401, 69404, 69408, 69410, 69418, 69424, 69427, 69456, 69493, 69549, 69551, 69554, 69556, 69562, 69584, 69610, 69614, 70321, 70322, 70328, 70330, 70333, 70341, 70350, 70352, 70363, 70366, 70370, 70427, 70429, 70434, 70499, 70563, 70581, 70585, 70619, 70642, 70661, 70687, 70692, 70763, 70767, 70789, 70826, 70842, 70884, 70891, 70894, 70917, 70954, 70958, 70961, 70963, 70971, 70981, 70982, 70986, 70988, 71113, 71120, 71124, 71127, 71147, 71249, 71253, 71256, 71519, 71714, 71722, 71727, 71752, 71892, 72046, 72050, 72054, 72070, 72104, 72105, 72109, 72115, 72125, 72142, 72147, 72151, 72216, 72220, 72240, 72395, 72476, 72627, 72630, 72633, 72638, 72831, 73495, 73497, 73501, 73556, 73564, 73599, 73602, 73692, 73694, 73699, 73702, 73988, 74182, 74185, 74188, 78912, 26424, 7012, 26437], "label": "cabinet"}, {"objectId": 26, "id": 26, "partId": 26, "index": 25, "dominantNormal": [0.7821068167686462, -0.6231443881988525, -1.3836584948886455e-16], "obb": {"axesLengths": [4.558234150890237, 3.2075498579245076, 0.17311859492657444], "centroid": [4.070755971905303, -1.1495273282815626, 0.3137749753176786], "normalizedAxes": [0.6231443881988525, 0.7821068167686462, 1.736625991385679e-16, 0, -2.220446049250313e-16, 1, 0.7821068167686462, -0.6231443881988525, -1.3836584948886455e-16]}, "segments": [17924, 79607, 15754, 15832, 15639, 6897, 6905, 6617, 6344, 5364], "label": "wall"}, {"objectId": 27, "id": 27, "partId": 27, "index": 26, "dominantNormal": [0.749186635017395, -0.6623589992523193, -1.4707324230752035e-16], "obb": {"axesLengths": [1.3630724769364357, 2.683260023223011, 0.3772625415599586], "centroid": [3.451477673418469, -1.7920364848761747, 0.008369961430207296], "normalizedAxes": [0.6623589992523193, 0.749186635017395, 1.663528503875511e-16, 0, -2.220446049250313e-16, 1, 0.749186635017395, -0.6623589992523193, -1.4707324230752035e-16]}, "segments": [18718, 76850, 29462, 22204, 20863, 76383, 19110, 17419, 19333, 18239, 20172, 20055, 79291, 16735, 79350, 21584, 49955, 76414, 76452, 16146, 16777, 16798, 16959, 17437, 17470, 17487, 17538, 17690, 17760, 17763, 17773, 17801, 17805, 18317, 18327, 18398, 18480, 18599, 18659, 18671, 18683, 18693, 18711, 18945, 18987, 19044, 19067, 19104, 19108, 19142, 19173, 19246, 19297, 19608, 19696, 19703, 19723, 19779, 19785, 19823, 19846, 19864, 19894, 19916, 19926, 19930, 19955, 19998, 20144, 20182, 20184, 20185, 20216, 20238, 20278, 20279, 20286, 20321, 20561, 20597, 20623, 20665, 20715, 20773, 20805, 20846, 20874, 20920, 20986, 20999, 21020, 21187, 22194, 22375, 22410, 22437, 22521, 22538, 22563, 29356, 29461, 29469, 29473, 75584, 75687, 75690, 75692, 75693, 75698, 75702, 75766, 75773, 75777, 75803, 75886, 75968, 75970, 75974, 75994, 75996, 76030, 76036, 76040, 76052, 76066, 76073, 76076, 76086, 76088, 76104, 76106, 76111, 76231, 76360, 76406, 76465, 76562, 76792, 76873, 76881, 76883, 76903, 76907, 76956, 76969, 79185, 21016, 76545, 76593, 79225, 79251, 75731, 17758, 75681, 22694, 23066, 17828, 17831], "label": "curtain"}, {"objectId": 28, "id": 28, "partId": 28, "index": 27, "dominantNormal": [-0.6275897026062012, -0.7785442471504211, -1.728715497751712e-16], "obb": {"axesLengths": [2.1853898739103306, 2.4919700065559884, 0.22474520298917722], "centroid": [2.2848051396198477, -1.7058750602131907, -0.04610504679355709], "normalizedAxes": [0.7785442471504211, -0.6275897026062012, -1.3935290757021183e-16, 0, -2.220446049250313e-16, 1, -0.6275897026062012, -0.7785442471504211, -1.728715497751712e-16]}, "segments": [19562, 14180, 2153, 32451, 22693, 22766, 76995, 15015, 15768, 75441], "label": "wall"}, {"objectId": 29, "id": 29, "partId": 29, "index": 28, "dominantNormal": [-0.6702989935874939, -0.742091178894043, -1.647773426358785e-16], "obb": {"axesLengths": [1.0248452090519589, 2.0501279372693304, 0.5258794583301681], "centroid": [2.411082018238692, -1.5543227851330799, -0.28249598980540136], "normalizedAxes": [0.7420911192893982, -0.6702989935874939, -1.4883627521278118e-16, 0, -2.220446049250313e-16, 1, -0.6702989935874939, -0.7420911192893982, -1.647773294009887e-16]}, "segments": [34333, 84170, 28973, 28955, 28737, 28670, 28674, 79953, 25752, 25736, 25999, 31183, 75658, 15082, 75493, 17284, 75310, 75344, 14493, 12604, 12652, 12661, 13978, 14006, 14038, 14071, 14207, 14600, 14602, 14795, 14828, 14851, 14880, 14894, 14963, 15244, 17303, 17822, 18073, 18076, 18089, 18103, 18135, 18167, 19527, 21280, 21286, 21802, 23323, 23348, 23372, 23399, 23469, 23476, 23483, 23487, 23494, 23506, 23526, 23577, 23584, 23599, 23603, 23607, 23611, 24812, 24817, 24830, 24850, 24900, 24963, 25070, 25072, 25075, 25083, 25096, 25097, 25120, 25150, 25437, 25468, 25586, 25621, 25741, 25747, 26005, 27381, 27436, 28687, 28704, 28972, 29005, 30103, 30128, 30137, 30203, 30563, 30591, 30609, 30635, 30696, 30720, 31053, 31067, 31684, 31689, 31700, 31707, 31715, 31721, 33315, 33339, 33351, 33555, 33594, 33840, 44488, 46453, 46466, 46516, 46520, 46537, 55097, 55145, 74961, 74963, 75140, 75163, 75167, 75169, 75176, 75235, 75327, 75444, 75464, 75474, 75536, 75544, 75609, 75630, 75634, 75636, 75643, 77219, 77354, 77391, 77920, 78066, 78080, 78085, 78136, 78312, 78339, 78514, 78793, 78819, 79515, 79544, 79684, 79686, 79706, 79865, 79939, 79962, 79965, 79990, 79999, 80000, 80373, 80486, 80826, 84044, 84180, 84185, 84822, 84837, 84914, 84917, 84924, 84934, 84961, 84966, 84981, 88003, 88048, 15424, 19505, 25494, 30110, 30213, 31011, 78027, 84089, 35336, 80884, 80194, 31593, 30901, 79862], "label": "rack"}, {"objectId": 30, "id": 30, "partId": 30, "index": 29, "dominantNormal": [0.8438680171966553, -0.536550760269165, -1.1913820158619194e-16], "obb": {"axesLengths": [0.33972920734422746, 1.4768839297395058, 0.3092423146240039], "centroid": [1.882318966128206, -0.9827091668952235, -0.5515579887748219], "normalizedAxes": [0.536550760269165, 0.8438680171966553, 1.8737634048730085e-16, 0, -2.220446049250313e-16, 1, 0.8438680171966553, -0.536550760269165, -1.1913820158619194e-16]}, "segments": [27926, 88111, 57379, 55201, 73054, 6234, 57364, 6183, 6204, 6231, 6235, 6676, 55029, 57555, 57573, 57575, 57592, 77397, 79734, 89021, 89024, 89034, 55020, 55094, 6284, 55226, 73079, 89124, 28067, 89112, 53807, 21278, 53786, 53834, 21290, 87445, 57512], "label": "mannequin"}, {"objectId": 31, "id": 31, "partId": 31, "index": 30, "dominantNormal": [0.8681665062904358, 0.496273010969162, 1.101947446556033e-16], "obb": {"axesLengths": [0.5158371943300507, 0.849715929112227, 0.5136109785637382], "centroid": [2.9388644499766143, -1.8331003841840987, -0.8851419695679408], "normalizedAxes": [-0.496273010969162, 0.8681665062904358, 1.9277168889840452e-16, 0, -2.220446049250313e-16, 1, 0.8681665062904358, 0.496273010969162, 1.101947446556033e-16]}, "segments": [21435, 21370, 21073, 20041, 21376, 44615, 20470, 21428, 21694, 23127, 33254, 33260, 33395, 33401, 33420, 33497, 33608, 34136, 34198, 34228, 34294, 34375, 44504, 44513, 44536, 76139, 76144, 77876, 77957, 80366, 80384, 80426, 80441, 80449, 80492, 80741, 80782, 80797, 80803, 80874, 84061, 84105, 24822, 84071, 21408, 23136, 44597, 84093], "label": "cabinet"}, {"objectId": 32, "id": 32, "partId": 32, "index": 31, "dominantNormal": [-0.2670131027698517, -0.9636929035186768, -2.139828100308609e-16], "obb": {"axesLengths": [1.118765041670617, 1.3543854164842046, 0.6024752621845784], "centroid": [1.7770355433554916, 0.3859251347818418, -0.6270172308178871], "normalizedAxes": [0.9636929035186768, -0.2670130729675293, -5.92888122968936e-17, 0, -2.220446049250313e-16, 1, -0.2670130729675293, -0.9636929035186768, -2.139828100308609e-16]}, "segments": [86246, 50593, 56773, 88896, 88718, 56550, 36096, 11956, 49515, 94517, 30413, 86070, 70041, 11186, 12946, 16249, 30566, 30853, 30855, 30939, 31022, 31089, 31100, 31112, 31824, 32483, 33914, 34122, 34556, 34947, 35039, 35472, 36902, 36927, 36973, 37081, 37849, 38250, 38402, 38509, 38514, 38754, 38795, 39038, 39142, 39262, 39273, 39586, 39594, 39650, 39771, 39791, 39829, 39839, 39859, 47229, 47230, 47301, 47429, 50400, 50440, 50452, 50453, 50458, 50478, 50485, 50498, 50592, 54390, 54449, 54577, 54594, 55758, 55782, 55871, 56533, 56575, 56705, 56746, 57809, 57894, 58675, 58905, 58910, 58923, 58925, 58945, 59256, 59271, 59488, 59680, 60094, 60390, 69142, 69143, 69627, 69715, 69732, 69788, 69791, 69899, 69942, 69965, 69967, 69969, 70057, 70068, 70088, 70093, 75383, 78649, 78652, 80037, 81076, 83793, 85986, 85996, 86041, 86372, 86374, 86377, 86380, 86411, 86430, 86644, 86655, 87575, 87660, 88304, 88773, 88778, 88785, 88854, 88877, 88881, 94512, 51109, 54234, 69763, 39910, 81090, 66234, 47011, 66237, 66264, 46942, 32211, 34123, 39596, 41152, 41391, 41429, 41976, 47498, 47755, 66164, 66173, 66281, 81158, 86642, 94838, 94852, 56825, 47354, 81134, 45952, 86637, 86612, 38785, 88324, 30296, 88371, 80045, 88307, 88383, 86652], "label": "cradle"}, {"objectId": 33, "id": 33, "partId": 33, "index": 32, "dominantNormal": [0.7881115078926086, -0.6155324578285217, -1.366756614170676e-16], "obb": {"axesLengths": [0.6165911428444011, 1.4399999505281453, 0.22689861850884227], "centroid": [1.3701069410694484, -1.1990946134583598, -0.549999997901023], "normalizedAxes": [0.6155324578285217, 0.7881115078926086, 1.7499590840688498e-16, 0, -2.220446049250313e-16, 1, 0.7881115078926086, -0.6155324578285217, -1.366756614170676e-16]}, "segments": [2831, 54621, 87614, 54201, 54490, 72931, 2777, 73042, 5814, 54473, 88958, 54011, 87541], "label": "wall"}, {"objectId": 34, "id": 34, "partId": 34, "index": 33, "dominantNormal": [0.5928189754486084, -0.8053357601165771, -1.7882046068708516e-16], "obb": {"axesLengths": [0.7497485936683765, 0.9052799737763406, 0.5127167677301994], "centroid": [1.2895656270423184, -0.9989357976515842, -0.8426399844911701], "normalizedAxes": [0.8053357601165771, 0.5928189754486084, 1.3163225519554809e-16, 0, -2.220446049250313e-16, 1, 0.5928189754486084, -0.8053357601165771, -1.7882046068708516e-16]}, "segments": [53454, 5194, 4166, 54979, 3859, 4087, 4175, 3948, 4219, 5109, 54993, 72503, 4210, 72521, 4232, 72547, 72718, 44357, 73391], "label": "table"}, {"objectId": 35, "id": 35, "partId": 35, "index": 34, "dominantNormal": [0.7352227568626404, -0.6778255105018616, -1.5050749768749351e-16], "obb": {"axesLengths": [0.6226359534053909, 0.5399999609589583, 0.271730688215736], "centroid": [1.4583549902005228, -1.1109691491920155, -0.32000000073224366], "normalizedAxes": [0.6778255701065063, 0.7352227568626404, 1.6325224657945733e-16, 0, -2.220446049250313e-16, 1, 0.7352227568626404, -0.6778255701065063, -1.5050751092238331e-16]}, "segments": [87847, 87802, 2760, 54726, 87856, 2812, 2858, 2864, 2878, 2928, 2990, 3004, 3086, 3093, 3130, 3223, 54702, 54724, 54734, 54761, 54778, 54789, 54796, 54941, 72289, 72309, 72310, 72333, 87719, 87725, 87756, 3277, 57236, 2958, 3215, 3218, 72296, 87696, 88960, 53415, 87875, 55235], "label": "mirror"}, {"objectId": 36, "id": 36, "partId": 36, "index": 35, "dominantNormal": [0.7091550827026367, -0.7050524950027466, -1.5655310270429248e-16], "obb": {"axesLengths": [0.377793837962815, 0.36482702870308525, 0.3167084386322993], "centroid": [1.210705058540069, -0.9105017763517322, -1.0475864978545946], "normalizedAxes": [0.7050524950027466, 0.7091550827026367, 1.5746406016928487e-16, 0, -2.220446049250313e-16, 1, 0.7091550827026367, -0.7050524950027466, -1.5655310270429248e-16]}, "segments": [72549, 4134, 72860, 4578, 4561, 4473, 4262, 4490, 4614, 4627, 4638, 5062, 5068, 72682, 72684, 72689, 72711, 72714, 72845, 72872], "label": "stool"}, {"objectId": 37, "id": 37, "partId": 37, "index": 36, "dominantNormal": [0, -2.220446049250313e-16, 1], "obb": {"axesLengths": [4.3917607779907835, 1.3599998646974587, 3.0477321141855227], "centroid": [2.0418089518008355, 1.6655527912407646, 2.4099998921284085], "normalizedAxes": [0.7407562732696533, -0.6717738509178162, -1.4916375932601337e-16, 0, -2.220446049250313e-16, 1, -0.6717738509178162, -0.7407562732696533, -1.644809340438987e-16]}, "segments": [4411, 4049, 1986, 2070, 1618, 2711, 3059, 4854, 3193, 2706, 2975, 3062, 19872, 3259, 5156, 5532, 5664, 5693, 5705, 5706, 5728, 5790, 5874, 5900, 6658, 6704, 8147, 8158, 8259, 23726, 23743, 23749, 24069, 24192, 24208, 24235, 24239, 24629, 24694, 44843, 44889, 69580, 69607, 77806, 80622, 83414, 70140, 24224, 24360, 28339, 42943, 42948, 44865, 80593, 7829, 6412, 6521, 7558, 7565, 7569, 8047, 8135, 8561, 9840, 23781, 24298, 24372, 24718, 27924, 28195, 28271, 28335, 28358, 28366, 28369, 70052, 70084, 70145, 70412, 78733, 78772, 78775, 78783, 78788, 6689, 24082, 9786, 6948, 6482, 6759, 9759, 9907, 5392, 5402, 7001, 7517, 80342, 400, 5233, 5274, 5503, 5907, 6083, 6781, 6809, 6913, 6996, 7002, 7131, 7147, 7247, 7270, 7277, 7288, 7351, 7406, 10527, 26445, 26515, 26525, 27238, 59254, 59314, 59562, 59602, 59691, 59711, 59763, 69734, 69798, 69845, 80566, 85751, 88150, 88215, 88217, 88282, 10159, 9150, 12103, 26850, 59446, 88290, 12433, 11724, 11837, 12289, 12549, 12550, 12599, 30716, 30814, 30836, 33164, 33206, 43875, 43903, 43934, 43948, 44160, 44176, 61313, 61378, 70967, 71109, 76160, 4972, 1722, 3234, 69109, 69615, 26208, 29816, 26064, 26072, 26275, 26310, 26320, 26477, 29594, 29615, 29779, 29809, 29819, 30394, 30406, 44349, 78412, 79428, 79431, 79435, 79438, 79594, 6795, 83845], "label": "ceiling"}, {"objectId": 38, "id": 38, "partId": 38, "index": 37, "dominantNormal": [0, -2.220446049250313e-16, 1], "obb": {"axesLengths": [1.5831943381429798, 0.2891600067356224, 0.32793578839422094], "centroid": [1.7464008856062938, -2.133049441504594, -1.3254200130106506], "normalizedAxes": [-0.6464387774467468, 0.7629658579826355, 1.6941245250704184e-16, 0, -2.220446049250313e-16, 1, 0.7629658579826355, 0.6464387774467468, 1.4353824294638314e-16]}, "segments": [56869, 58204, 52324, 46638, 52394, 86861, 58025, 46712, 46850, 46871, 52214, 52216, 52291, 52294, 52319, 52358, 52376, 52381, 55922, 55951, 56275, 56313, 56314, 56338, 56347, 56348, 56354, 58099, 58118, 58172, 58174, 58185, 58191, 58233, 86805, 86807, 86810, 86817, 86865, 86869, 88435, 88440, 88654, 88658, 89312, 89315, 89318, 89322], "label": "floor /other room"}, {"objectId": 41, "id": 41, "partId": 41, "index": 44, "dominantNormal": [0.864795982837677, -0.5021234154701233, -1.1149379541167088e-16], "obb": {"axesLengths": [0.6295652054032947, 0.7213609653407121, 0.5564143444367912], "centroid": [1.5426879876784385, 1.9982419474234432, 1.0493194318097951], "normalizedAxes": [0.5021234154701233, 0.864795982837677, 1.9202328234994615e-16, 0, -2.220446049250313e-16, 1, 0.864795982837677, -0.5021234