{"segGroups": [{"objectId": 1, "id": 1, "partId": 1, "index": 0, "dominantNormal": [0, -2.220446049250313e-16, 1], "obb": {"axesLengths": [5.257676535757408, 0.380000105947253, 3.1814500426096584], "centroid": [-0.7123616503489564, -0.281663523893665, -1.5000000242143867], "normalizedAxes": [0.8332891464233398, -0.5528374314308167, -1.2275456904982477e-16, 0, -2.220446049250313e-16, 1, -0.5528374314308167, -0.8332891464233398, -1.8502735930588706e-16]}, "segments": [29124, 14107, 7592, 32144, 29713, 3943, 4504, 4528, 4555, 4569, 4604, 7457, 7464, 7534, 7542, 7674, 7752, 8171, 8217, 8754, 8813, 8906, 8915, 8923, 8954, 8962, 8976, 8979, 9773, 9838, 9904, 9908, 9932, 9941, 9948, 9983, 9995, 10045, 10352, 12185, 13348, 13542, 13567, 13597, 13608, 13615, 13658, 14912, 14967, 14992, 14999, 15018, 15024, 15070, 15075, 15087, 22287, 22291, 22333, 22338, 22342, 26307, 26456, 26464, 26467, 26470, 26478, 26486, 26488, 26758, 26786, 26832, 26898, 26905, 26923, 28821, 28851, 28872, 28885, 28904, 28923, 28947, 28981, 29949, 30061, 30789, 31390, 33627, 33987, 34258, 34296, 34299, 34302, 34312, 34322, 34696, 34700, 34703, 34896, 37319, 37325, 37327, 37333, 39648, 39694, 39699, 40683, 29760, 35579, 10541, 34189, 4418, 7576, 3289, 2830, 1322, 1243, 105, 356, 514, 541, 562, 574, 577, 590, 618, 647, 801, 1001, 1104, 1120, 1702, 1740, 1772, 1943, 2080, 2284, 2294, 2299, 2312, 2325, 2330, 2339, 2387, 2427, 2445, 2447, 2510, 2520, 2675, 2899, 3175, 3424, 3430, 3448, 3505, 3579, 3595, 3616, 3620, 3625, 3628, 3651, 3680, 3688, 3715, 3733, 3734, 3743, 3751, 3752, 3810, 3826, 4281, 4351, 4367, 4446, 6291, 6320, 6322, 6379, 6446, 6466, 7346, 7368, 7499, 7640, 7662, 8513, 8518, 10807, 18533, 18546, 18554, 18624, 18630, 18696, 21470, 21481, 22312, 22317, 26012, 26066, 26570, 26665, 26673, 28898, 28990, 30774, 33066, 33144, 33156, 33199, 33205, 33207, 33304, 33308, 33309, 33311, 33324, 33331, 33335, 33341, 33574, 33577, 33990, 34044, 35929, 35938, 35949, 35986, 36006, 36011, 36025, 36028, 37323, 37330, 39555, 40680, 40686, 40691, 42335, 42415, 42758, 465, 11879, 11950, 42590, 26645, 26056, 26027, 26106, 26040, 20784, 3587, 2963, 34144, 1517], "label": "floor"}, {"objectId": 2, "id": 2, "partId": 2, "index": 1, "dominantNormal": [0.25773635506629944, -0.9662153124809265, -2.14542897332343e-16], "obb": {"axesLengths": [1.9354999936780346, 1.9456299704544988, 0.6404096903447679], "centroid": [-0.3690565036136182, 0.816244308476749, -0.5228150649484615], "normalizedAxes": [0.9662153124809265, 0.25773635506629944, 5.722896713551405e-17, 0, -2.220446049250313e-16, 1, 0.25773635506629944, -0.9662153124809265, -2.14542897332343e-16]}, "segments": [14594, 21886, 40911, 9489, 41024, 9356, 21900, 37247, 4738, 4743, 4754, 4758, 4768, 4770, 4779, 4787, 4797, 4799, 4808, 4827, 4831, 4862, 4884, 4888, 4896, 4909, 4960, 4997, 5040, 5185, 5209, 5211, 5227, 5237, 9649, 9692, 9718, 9745, 10085, 13262, 13283, 13814, 13827, 13831, 13845, 13886, 13887, 13895, 13901, 13914, 13929, 13936, 13959, 13963, 14306, 14335, 14340, 14357, 14364, 14378, 14405, 14446, 14448, 14525, 14530, 14531, 14534, 14539, 14555, 14608, 14614, 14619, 14654, 14700, 14728, 14749, 14758, 14786, 14790, 15287, 15323, 15333, 15431, 15438, 15449, 15461, 15488, 15548, 15574, 15593, 15618, 15623, 15627, 15654, 15657, 15658, 15663, 15703, 15704, 15707, 15727, 15728, 15740, 15744, 15754, 15758, 15766, 15779, 15796, 15819, 15820, 15826, 15876, 15879, 18961, 18979, 18999, 19030, 19038, 19039, 19045, 19292, 19335, 20356, 20363, 20371, 21869, 21957, 21965, 22038, 22782, 23018, 23051, 23071, 23088, 23103, 23126, 23131, 23155, 23164, 23194, 23196, 23216, 23217, 23228, 23239, 23307, 23321, 23340, 23352, 23365, 23388, 23395, 23428, 23432, 23442, 23458, 23459, 23497, 23512, 23555, 23556, 23575, 23602, 23647, 23994, 24168, 24524, 24537, 24562, 25731, 25766, 25818, 27337, 29168, 29173, 29443, 29543, 29549, 29615, 33642, 33650, 33651, 33657, 33664, 34286, 34289, 34292, 34330, 34705, 34710, 34719, 34722, 34737, 34767, 34775, 34787, 34789, 34794, 34798, 34804, 34810, 34813, 34814, 34820, 34823, 34857, 34860, 34884, 34886, 34890, 34932, 34941, 34986, 34990, 34995, 35028, 35042, 35108, 35113, 35127, 35190, 35194, 35199, 35202, 35203, 35209, 35211, 35310, 35327, 35353, 36091, 36115, 36119, 36132, 36140, 36142, 36147, 36515, 37163, 37166, 37179, 37216, 37249, 37256, 37262, 37396, 37657, 37677, 37734, 37865, 37868, 37873, 37894, 37897, 38054, 38063, 38065, 38166, 38204, 38221, 38246, 38326, 38331, 38333, 38338, 38342, 38344, 38499, 38508, 38613, 38860, 39927, 39934, 39936, 39939, 40719, 40756, 40775, 40864, 40897, 40930, 40962, 40963, 41008, 41012, 41052, 42503, 43166], "label": "bench"}, {"objectId": 3, "id": 3, "partId": 3, "index": 2, "dominantNormal": [0.213180273771286, -0.9770128726959229, -2.169404373244361e-16], "obb": {"axesLengths": [1.9748697383838396, 2.1289799929638202, 0.24109639453917306], "centroid": [-0.4476240011242778, 1.1474885015760856, 0.025509954791292477], "normalizedAxes": [0.9770128726959229, 0.213180273771286, 4.7335529667355216e-17, 0, -2.220446049250313e-16, 1, 0.213180273771286, -0.9770128726959229, -2.169404373244361e-16]}, "segments": [22876, 18121, 5107, 5111, 5116, 5137, 5531, 9099, 9102, 9110, 9573, 9578, 9639, 10440, 17385, 17394, 17765, 18021, 18194, 18225, 19289, 22736, 24515, 28544, 34274, 34275, 34363, 35854, 37395, 38728, 19247], "label": "wall"}, {"objectId": 4, "id": 4, "partId": 4, "index": 3, "dominantNormal": [0.19406642019748688, -0.9809883832931519, -2.1782317800437309e-16], "obb": {"axesLengths": [1.942394748623396, 0.45577501231934825, 0.41539002328518454], "centroid": [-0.38417380397274414, 0.9654752476276559, 0.5021124388550402], "normalizedAxes": [0.9809883832931519, 0.19406642019748688, 4.309140160196609e-17, 0, -2.220446049250313e-16, 1, 0.19406642019748688, -0.9809883832931519, -2.1782317800437309e-16]}, "segments": [10065, 9703, 40664, 9701, 14200, 19409, 25028, 39328, 39819, 25661, 25662, 39265, 8650, 25693, 8663, 40112, 15168, 34905, 15142, 15121, 38855, 24544, 27278, 25094, 25746, 39787, 34340, 10432, 34324, 39866, 27327, 14223], "label": "shelf"}, {"objectId": 5, "id": 5, "partId": 5, "index": 4, "dominantNormal": [0.9925505518913269, 0.12183341383934021, 2.705245224262414e-17], "obb": {"axesLengths": [0.7154878189042069, 2.619999946206808, 0.23506471130028872], "centroid": [-1.3080200959497241, 0.5882169756324314, -0.24000000230968088], "normalizedAxes": [-0.12183341383934021, 0.9925505518913269, 2.2039049516283147e-16, 0, -2.220446049250313e-16, 1, 0.9925505518913269, 0.12183341383934021, 2.705245224262414e-17]}, "segments": [17427, 43220, 39429, 17093, 17117, 14887], "label": "wall"}, {"objectId": 6, "id": 6, "partId": 6, "index": 5, "dominantNormal": [0.9746484756469727, 0.2237417995929718, 4.9680659495836954e-17], "obb": {"axesLengths": [3.6546756032322127, 2.583219947295934, 0.3165230968351928], "centroid": [0.889260803678328, -0.3594400401677332, -0.22755008241049812], "normalizedAxes": [-0.2237417995929718, 0.9746484756469727, 2.1641543571581604e-16, 0, -2.220446049250313e-16, 1, 0.9746484756469727, 0.2237417995929718, 4.9680659495836954e-17]}, "segments": [10458, 29659, 12985, 32190, 40655, 5948, 11275, 16382, 37628, 5669, 27029, 12214, 17351, 11510, 34392, 11558, 11586, 11499, 17505, 34382, 12439, 40614], "label": "wall"}, {"objectId": 7, "id": 7, "partId": 7, "index": 6, "dominantNormal": [0.9723232388496399, 0.23363961279392242, 5.1878415517663795e-17], "obb": {"axesLengths": [1.3839660940317322, 2.039999916255475, 0.07838453775176998], "centroid": [1.122654586343649, -1.4846156327036166, -0.3900000347197061], "normalizedAxes": [-0.23363962769508362, 0.9723232388496399, 2.1589912942979514e-16, 0, -2.220446049250313e-16, 1, 0.9723232388496399, 0.23363962769508362, 5.1878418826386245e-17]}, "segments": [17325], "label": "window"}, {"objectId": 8, "id": 8, "partId": 8, "index": 7, "dominantNormal": [0.9844715595245361, 0.17554427683353424, 3.8978659596352436e-17], "obb": {"axesLengths": [1.5331820716768254, 2.027929916353599, 0.28161161826393044], "centroid": [0.7616683845141654, -0.19160125905709122, -0.06396504907388256], "normalizedAxes": [-0.17554426193237305, 0.9844715595245361, 2.1859659849455507e-16, 0, -2.220446049250313e-16, 1, 0.9844715595245361, 0.17554426193237305, 3.8978656287629986e-17]}, "segments": [21762, 10378, 10373, 30460, 37136, 41870, 33040, 29431, 28950, 32548, 40502, 40033, 33023, 30856, 44377, 41806, 36740, 36869, 22627, 36283, 15385, 37582, 18881, 37536, 37400, 37781, 37822, 11096, 7163, 7201, 8706, 9495, 10589, 10725, 10868, 10958, 10960, 11020, 15016, 15249, 15949, 16057, 16131, 16256, 16468, 16534, 16559, 16858, 16893, 17680, 18728, 18738, 18831, 19085, 19911, 19974, 19979, 20013, 20016, 20049, 20241, 20386, 20432, 20525, 22450, 22596, 24160, 24519, 24532, 28670, 28781, 29204, 29309, 29794, 30842, 30844, 30929, 31076, 32524, 32545, 32564, 35500, 35669, 35693, 35705, 35952, 36032, 36077, 36276, 36298, 36333, 36410, 36419, 36423, 36425, 36429, 36510, 36795, 36824, 37152, 37654, 40451, 40470, 40485, 41667, 41693, 41764, 41815, 41831, 41839, 41841, 41926, 41948, 42062, 42072, 42077, 42080, 43035, 44303, 44392, 44414, 30399, 18237, 16841, 21444, 31020, 36105, 29997, 19726, 41355, 36369, 29911, 31153, 42099, 42092, 12457, 12635, 28375, 5160, 12492, 12551, 12676, 12687, 12725, 13218, 17526, 17845, 19689, 19703, 19748, 19815, 24058, 24386, 24471, 29838, 29932, 29959, 31208, 33684, 34481, 34483, 34507, 34510, 34544, 36366, 36398, 36665, 36677, 36679, 37391, 41296, 41328, 29834, 42124, 42191, 31243, 16153, 18017, 20056, 20256, 20304, 28357, 31141, 34586, 42046, 39538, 41474, 25879], "label": "curtain"}, {"objectId": 9, "id": 9, "partId": 9, "index": 8, "dominantNormal": [0.9785967469215393, 0.20578715205192566, 4.569392687601718e-17], "obb": {"axesLengths": [1.3907487094870452, 0.5400000689923746, 0.4570351517086158], "centroid": [0.7337105291249351, -0.7575171204069092, -1.300000040605664], "normalizedAxes": [-0.20578716695308685, 0.9785967469215393, 2.1729212805111404e-16, 0, -2.220446049250313e-16, 1, 0.9785967469215393, 0.20578716695308685, 4.569393018473963e-17]}, "segments": [25457, 42216, 23947, 42266, 41188, 11154, 11095, 30156, 24740, 11119, 11126, 11786, 12042, 12061, 12065, 12305, 12314, 12345, 12368, 12760, 12770, 12789, 12807, 12810, 12876, 22072, 23242, 23283, 23384, 23456, 23714, 23747, 23753, 23832, 23838, 23854, 23890, 29935, 30263, 30429, 31323, 34378, 34588, 34594, 36630, 37318, 37334, 37337, 37341, 37359, 37363, 37366, 38349, 38378, 41001, 41067, 41214, 12160, 12162, 12180], "label": "bench"}, {"objectId": 10, "id": 10, "partId": 10, "index": 9, "dominantNormal": [0, -2.220446049250313e-16, 1], "obb": {"axesLengths": [0.5840454639727145, 0.1876350003264471, 0.6363807818984485], "centroid": [-0.46090947688900674, 0.8721010191012912, -0.8761825645078153], "normalizedAxes": [-0.3812177777290344, 0.9244852662086487, 2.052769656943118e-16, 0, -2.220446049250313e-16, 1, 0.9244852662086487, 0.3812177777290344, 8.464735084624185e-17]}, "segments": [39724, 21659, 18921, 20530, 20352], "label": "pillow"}, {"objectId": 12, "id": 12, "partId": 12, "index": 11, "dominantNormal": [0.18081170320510864, -0.9835177063941956, -2.183848005530721e-16], "obb": {"axesLengths": [4.015494081392352, 2.748239932621121, 1.083982774559641], "centroid": [-0.7384578976082579, -2.1575015400663844, -0.23588006975024922], "normalizedAxes": [0.9835177063941956, 0.18081170320510864, 4.0148263204000366e-17, 0, -2.220446049250313e-16, 1, 0.18081170320510864, -0.9835177063941956, -2.183848005530721e-16]}, "segments": [20625, 30416, 1855, 31575, 2712, 3230, 438, 8192, 1183, 32321, 31720, 27057, 27067, 34225, 5370, 4861, 1280, 5597, 11438, 35915, 32535, 28726, 13829, 665, 43577, 31608, 33713, 853, 6671, 6829, 6942, 33748, 6468, 33869, 33786, 6588, 6971, 6809, 7183, 6934, 2651, 7448, 32197, 32212, 3029, 33467, 2930, 33455, 33457, 2893, 2849, 31807, 7385], "label": "wall"}, {"objectId": 13, "id": 13, "partId": 13, "index": 12, "dominantNormal": [0.9948763847351074, -0.10109914094209671, -2.244851880874792e-17], "obb": {"axesLengths": [0.4137426881343662, 1.9898048790587874, 0.2159413057562527], "centroid": [1.0924537639467278, -1.9481277119257532, -0.055097547059562046], "normalizedAxes": [0.10109913349151611, 0.9948763847351074, 2.2090693379775038e-16, 0, -2.220446049250313e-16, 1, 0.9948763847351074, -0.10109913349151611, -2.2448517154386696e-17]}, "segments": [34419, 16707, 16752, 16963, 29202, 5897, 9079, 11398, 31163, 33695, 16744, 11337, 5902, 34431], "label": "curtain"}, {"objectId": 15, "id": 15, "partId": 15, "index": 14, "dominantNormal": [0.5195906758308411, 0.8544152975082397, 1.8971830717712018e-16], "obb": {"axesLengths": [0.4266990947955044, 0.6030219751666042, 0.42923198091017994], "centroid": [0.5224658022362785, -2.1943831541678613, -0.29151104577233644], "normalizedAxes": [0.5195907354354858, 0.8544152975082397, 1.8971830717712018e-16, 0, -2.220446049250313e-16, 1, 0.8544152975082397, -0.5195907354354858, -1.1537231957247892e-16]}, "segments": [43268, 31556, 31795, 16939, 10721, 32860, 32919, 41742, 44278, 44335, 32853, 32843, 32893, 18815, 44261, 10669, 17103, 44268], "label": "chair"}, {"objectId": 16, "id": 16, "partId": 16, "index": 15, "dominantNormal": [0.9999614953994751, -0.008776041679084301, -1.948672707437882e-18], "obb": {"axesLengths": [0.35233272517124986, 0.6028307820968897, 0.3752965435520575], "centroid": [0.07492498494148336, -2.2671564584144024, -0.2862746493233457], "normalizedAxes": [0.9999614953994751, -0.008776041679084301, -1.948672707437882e-18, 0, -2.220446049250313e-16, 1, -0.008776041679084301, -0.9999614953994751, -2.2203605518621996e-16]}, "segments": [26166, 39612, 26209, 27030, 36268, 7376, 26240, 39572, 19922, 7326, 14476, 19524, 19923, 26279, 27032, 27089, 33183, 27123, 7853, 39768], "label": "chair"}, {"objectId": 17, "id": 17, "partId": 17, "index": 16, "dominantNormal": [0.4355626404285431, -0.9001584053039551, -1.998753174756629e-16], "obb": {"axesLengths": [0.5137848256252535, 0.37999998673796664, 0.3022955395436842], "centroid": [-1.0827414879577555, -2.565027574940109, -0.4400000455230475], "normalizedAxes": [0.9001584053039551, 0.4355626404285431, 9.671433441405932e-17, 0, -2.220446049250313e-16, 1, 0.4355626404285431, -0.9001584053039551, -1.998753174756629e-16]}, "segments": [15999, 16002, 16000, 369, 383, 16021, 39883, 40010, 1832], "label": "basket"}, {"objectId": 18, "id": 18, "partId": 18, "index": 17, "dominantNormal": [0.8067570924758911, 0.5908832550048828, 1.3120243891437573e-16], "obb": {"axesLengths": [0.33538656860887595, 0.37999998673796664, 0.2540375970519272], "centroid": [-1.8210575967436893, -2.7056996350363263, -0.38000004447996627], "normalizedAxes": [-0.5908832550048828, 0.8067570924758911, 1.791360598692762e-16, 0, -2.220446049250313e-16, 1, 0.8067570924758911, 0.5908832550048828, 1.3120243891437573e-16]}, "segments": [1204, 1130, 1052, 1824], "label": "basket"}, {"objectId": 19, "id": 19, "partId": 19, "index": 18, "dominantNormal": [0.302774041891098, -0.9530623555183411, -2.1162235419998977e-16], "obb": {"axesLengths": [0.4237360329040415, 0.35999997645616566, 0.13388443258741986], "centroid": [-0.6921917905928654, -2.5498179192985733, -0.33000004857778564], "normalizedAxes": [0.9530623555183411, 0.302774041891098, 6.722934251326374e-17, 0, -2.220446049250313e-16, 1, 0.302774041891098, -0.9530623555183411, -2.1162235419998977e-16]}, "segments": [28583, 16094, 40025], "label": "plant"}, {"objectId": 20, "id": 20, "partId": 20, "index": 19, "dominantNormal": [0.965086817741394, 0.2619301676750183, 5.816018059934665e-17], "obb": {"axesLengths": [0.3205354500335997, 1.5399999870359893, 0.061771690333430704], "centroid": [0.9217864731301162, -0.5365823087066469, -0.1400000701099633], "normalizedAxes": [-0.2619301676750183, 0.965086817741394, 2.1429232116374354e-16, 0, -2.220446049250313e-16, 1, 0.965086817741394, 0.2619301676750183, 5.816018059934665e-17]}, "segments": [17043, 4950], "label": "window"}, {"objectId": 21, "id": 21, "partId": 21, "index": 20, "dominantNormal": [0, -2.220446049250313e-16, 1], "obb": {"axesLengths": [3.9995299400148827, 0.3035100630631282, 1.8617197420471858], "centroid": [0.3301938701084496, -0.47146379451769027, 1.1982449043934422], "normalizedAxes": [-0.4849752187728882, 0.8745278716087341, 1.9418419574728987e-16, 0, -2.220446049250313e-16, 1, 0.8745278716087341, 0.4849752187728882, 1.0768613085085658e-16]}, "segments": [41541, 17137, 17754, 18168, 18175, 18181, 22187, 22158, 27762, 28541, 22226, 19559, 24236, 17707, 22129, 22141, 37265, 37277, 37280, 40520, 27008, 41594, 28517, 41539, 18193, 25357, 30192, 30205, 41660, 28640, 35899, 12077, 18071, 18339, 35857, 12817], "label": "ceiling"}, {"objectId": 23, "id": 23, "partId": 23, "index": 21, "dominantNormal": [0.9800472259521484, 0.19876475632190704, 4.413464179051797e-17], "obb": {"axesLengths": [0.647106721573708, 0.8318749480275444, 0.6422827403539199], "centroid": [-1.9717000601791188, -0.6167102928755417, -1.1140625209198336], "normalizedAxes": [-0.19876475632190704, 0.9800472259521484, 2.176141990944177e-16, 0, -2.220446049250313e-16, 1, 0.9800472259521484, 0.19876475632190704, 4.413464179051797e-17]}, "segments": [28447, 3212, 18855, 27928, 27948, 18898, 27920, 28271, 28307, 36054, 40306, 40378, 40475, 7165, 40263, 27850, 3319, 3324, 4081, 4094, 4151, 4165, 4190, 4256, 4269, 4279, 4337, 4341, 4347, 4359, 7005, 7039, 7072, 7111, 7114, 7140, 7142, 7145, 18597, 18612, 18635, 18636, 18867, 18886, 18910, 27882, 28056, 28077, 33503, 33516, 33562, 33565, 33877, 33878, 33884, 33887, 33898, 35941, 36057, 40158, 40220, 40535, 33907, 4006, 28104, 40335, 33481], "label": "chair"}, {"objectId": 24, "id": 24, "partId": 24, "index": 22, "dominantNormal": [0.6136335134506226, -0.7895910143852234, -1.7532442484152164e-16], "obb": {"axesLengths": [0.34907085476924227, 0.5029200203064078, 0.31967904311097445], "centroid": [-1.4347416961056192, -0.5983952225321285, -1.2614600357832013], "normalizedAxes": [0.7895910143852234, 0.6136334538459778, 1.3625399782801257e-16, 0, -2.220446049250313e-16, 1, 0.6136334538459778, -0.7895910143852234, -1.7532442484152164e-16]}, "segments": [32409, 44019, 7293, 7839, 7864, 7868, 7940, 7980, 7982, 7990, 8000, 8077, 32461, 32502, 32506, 32517, 32663, 32666, 32690, 32697, 43288, 43290, 43978, 43980, 32412, 32685, 4498, 44031], "label": "stool"}, {"objectId": 25, "id": 25, "partId": 25, "index": 23, "dominantNormal": [0, -2.220446049250313e-16, 1], "obb": {"axesLengths": [0.6165345662310164, 0.4154380467063623, 0.5923504121019405], "centroid": [-0.5965693627523418, -1.115861123202048, -0.8822810434040201], "normalizedAxes": [-0.6411868333816528, 0.7673848271369934, 1.7039366076709715e-16, 0, -2.220446049250313e-16, 1, 0.7673848271369934, 0.6411868333816528, 1.4237207710136098e-16]}, "segments": [37041, 20906, 20863, 20878, 20879, 20924, 20926, 20957, 20987, 21039, 21072, 21082, 21098, 21131, 21156, 24212, 36673, 36682, 36716, 36874, 36882, 36884, 36894, 37079, 37091, 36904, 21133, 21181, 21188, 21209, 21214, 21222, 21277, 21315, 21573, 21588, 36889, 36910, 36913, 36932, 37085, 21285, 36691, 20438, 20484, 20859, 20895, 21034, 21231, 36563, 36667, 36686, 36718, 36744, 36918, 36995, 36998, 37003, 37039, 21283, 19109, 19121, 19127, 19137, 19163, 19166, 19168, 19171, 19200, 19242, 20651, 21390, 21391, 21493, 21495, 21551, 21570, 26144, 36173, 36177, 36187, 36196, 36212, 36573, 36937, 36974, 37004, 37005, 37016, 37032, 21327, 20836], "label": "table"}, {"objectId": 26, "id": 26, "partId": 26, "index": 24, "dominantNormal": [0.27090734243392944, -0.9626054167747498, -2.1374133946644441e-16], "obb": {"axesLengths": [0.23254362329878578, 0.3200000005960463, 0.09916649983284911], "centroid": [-0.3464925626648813, -2.4885951072800054, -0.010000055432319854], "normalizedAxes": [0.9626054167747498, 0.27090734243392944, 6.015351382203203e-17, 0, -2.220446049250313e-16, 1, 0.27090734243392944, -0.9626054167747498, -2.1374133946644441e-16]}, "segments": [19869, 43862, 36404], "label": "frame"}, {"objectId": 27, "id": 27, "partId": 27, "index": 25, "dominantNormal": [0.2252427190542221, -0.9743027091026306, -2.1633866012008132e-16], "obb": {"axesLengths": [0.48617625205489, 0.3800000016391275, 0.10475283282154582], "centroid": [-1.2991833043664736, -2.6918555368258015, -0.04000005595386047], "normalizedAxes": [0.9743027091026306, 0.2252427190542221, 5.001393056463457e-17, 0, -2.220446049250313e-16, 1, 0.2252427190542221, -0.9743027091026306, -2.1633866012008132e-16]}, "segments": [212, 33210, 277, 268, 33243], "label": "frame"}, {"objectId": 28, "id": 28, "partId": 28, "index": 26, "dominantNormal": [0, -2.220446049250313e-16, 1], "obb": {"axesLengths": [0.21314410242331894, 0.15638798125711117, 0.17467511888291232], "centroid": [0.5158290009459308, -2.2704506642392897, 0.6881939335571081], "normalizedAxes": [0.730580747127533, -0.6828263401985168, -1.516179049417847e-16, 0, -2.220446049250313e-16, 1, -0.6828263401985168, -0.730580747127533, -1.6222151336176726e-16]}, "segments": [4369, 4473, 34673], "label": "lamp"}, {"objectId": 29, "id": 29, "partId": 29, "index": 27, "dominantNormal": [0.9340060353279114, -0.35725730657577515, -7.932705749519878e-17], "obb": {"axesLengths": [0.6378635867189315, 0.5599999898672103, 0.44653337972594975], "centroid": [-1.9451244375086052, -1.1415983658450182, -0.7300000306963922], "normalizedAxes": [0.35725730657577515, 0.9340060353279114, 2.0739100111198092e-16, 0, -2.220446049250313e-16, 1, 0.9340060353279114, -0.35725730657577515, -7.932705749519878e-17]}, "segments": [1878, 1937, 33414, 2238, 2249, 2347, 2366, 2380, 28334, 24786, 2269, 2363, 2405, 38816, 2279, 2323, 33406, 33409, 33412, 33392, 22545, 1970, 22493, 2081, 2865, 22416, 22421, 22459, 22549], "label": "table"}, {"objectId": 32, "id": 32, "partId": 32, "index": 29, "dominantNormal": [0.9273562431335449, 0.3741796910762787, 8.308458167600256e-17], "obb": {"axesLengths": [0.6411477046741979, 0.7399999631941324, 0.4560713625011787], "centroid": [-1.2383887302428138, 0.7055151516228008, -0.7800000265985729], "normalizedAxes": [-0.3741796612739563, 0.9273562431335449, 2.0591445063134926e-16, 0, -2.220446049250313e-16, 1, 0.9273562431335449, 0.3741796612739563, 8.308457505855766e-17]}, "segments": [20086, 24022, 38475, 38424, 33119, 21067, 24296, 43044, 25168, 25981, 31933, 33126, 24308, 43095, 38413, 23988, 38776, 11046, 43128, 38661, 43177, 23757, 23752, 24298, 25167, 19676, 19846, 20045, 38759, 38762, 20065, 24002, 25911, 11039], "label": "shelf"}, {"objectId": 33, "id": 33, "partId": 33, "index": 30, "dominantNormal": [0.9724053740501404, 0.2332976907491684, 5.180249357232123e-17], "obb": {"axesLengths": [0.46113006162857717, 0.24659600302734952, 0.10305711650752877], "centroid": [-1.25825103353429, 0.5611913078397547, -0.27329806186337735], "normalizedAxes": [-0.2332976758480072, 0.9724053740501404, 2.159173671079407e-16, 0, -2.220446049250313e-16, 1, 0.9724053740501404, 0.2332976758480072, 5.180249026359878e-17]}, "segments": [20134, 20137, 23932, 32159], "label": "shelf"}, {"objectId": 34, "id": 34, "partId": 34, "index": 31, "dominantNormal": [0.9397651553153992, 0.3418208062648773, 7.589946588224035e-17], "obb": {"axesLengths": [0.3592499762561674, 0.2599999846518042, 0.09132761346842543], "centroid": [-1.2460891624807706, 0.512425611754214, -0.2600000423938038], "normalizedAxes": [-0.3418208360671997, 0.9397651553153992, 2.086697826343185e-16, 0, -2.220446049250313e-16, 1, 0.9397651553153992, 0.3418208360671997, 7.589947249968525e-17]}, "segments": [32672], "label": "book"}, {"objectId": 35, "id": 35, "partId": 35, "index": 32, "dominantNormal": [0.7283067107200623, 0.6852512955665588, 1.5215635319844242e-16], "obb": {"axesLengths": [0.3839046909416238, 0.23888700666531176, 0.18380109493907756], "centroid": [-1.1993501080912785, 0.6905487454952232, 0.3105564364666531], "normalizedAxes": [-0.6852512955665588, 0.7283067107200623, 1.617165758460853e-16, 0, -2.220446049250313e-16, 1, 0.7283067107200623, 0.6852512955665588, 1.5215635319844242e-16]}, "segments": [17434, 17788, 39948, 39961], "label": "lamp"}, {"objectId": 36, "id": 36, "partId": 36, "index": 33, "dominantNormal": [-0.5976731181144714, -0.8017398715019226, -1.7802201302028977e-16], "obb": {"axesLengths": [0.14223526612020948, 0.3133912873255175, 0.1073318123553175], "centroid": [-1.2962339652007866, 0.723494229038974, 0.19330428481166795], "normalizedAxes": [0.8017398715019226, -0.5976731181144714, -1.3271009138603938e-16, 0, -2.220446049250313e-16, 1, -0.5976731181144714, -0.8017398715019226, -1.7802201302028977e-16]}, "segments": [39485, 25845, 25844], "label": "item"}, {"objectId": 37, "id": 37, "partId": 37, "index": 34, "dominantNormal": [0.5083157420158386, -0.861170768737793, -1.9121832311736874e-16], "obb": {"axesLengths": [0.23804407135056138, 0.24087499288748954, 0.20504098471433485], "centroid": [-0.6823709888367382, 1.030971876256616, 0.05043743996834382], "normalizedAxes": [0.861170768737793, 0.5083157420158386, 1.1286876811308102e-16, 0, -2.220446049250313e-16, 1, 0.5083157420158386, -0.861170768737793, -1.9121832311736874e-16]}, "segments": [38823, 24817, 22656, 22661, 22677, 37390, 38778, 24453], "label": "item"}, {"objectId": 38, "id": 38, "partId": 38, "index": 35, "dominantNormal": [0.28943225741386414, -0.9571985006332397, -2.1254076290794005e-16], "obb": {"axesLengths": [0.1757396952070334, 0.15999999843537804, 0.07723537953710452], "centroid": [-0.13507270376816743, 1.1744840961746166, 0.0899999410286545], "normalizedAxes": [0.9571985006332397, 0.2894322872161865, 6.426687786746633e-17, 0, -2.220446049250313e-16, 1, 0.2894322872161865, -0.9571985006332397, -2.1254076290794005e-16]}, "segments": [25298, 39240], "label": "picture"}, {"objectId": 39, "id": 39, "partId": 39, "index": 36, "dominantNormal": [0, -2.220446049250313e-16, 1], "obb": {"axesLengths": [1.5785769061393824, 0.08000001132488221, 0.11587420391171466], "centroid": [-0.39168824871164293, 1.1088456933656634, 0.2299999412894247], "normalizedAxes": [0.9723973870277405, 0.2333308458328247, 5.180985547977295e-17, 0, -2.220446049250313e-16, 1, 0.2333308458328247, -0.9723973870277405, -2.159155936327074e-16]}, "segments": [38955, 25283, 13371, 24674, 22623, 22612], "label": "rack"}, {"objectId": 40, "id": 40, "partId": 40, "index": 37, "dominantNormal": [0.1925334930419922, -0.9812904000282288, -2.1789023919099399e-16], "obb": {"axesLengths": [0.22564532146001132, 0.2999999903142453, 0.0926903691463801], "centroid": [0.12821119982981788, 1.225779700816911, 0.039999940469860995], "normalizedAxes": [0.9812904000282288, 0.1925334930419922, 4.275102339734542e-17, 0, -2.220446049250313e-16, 1, 0.1925334930419922, -0.9812904000282288, -2.1789023919099399e-16]}, "segments": [25305, 35794, 13412], "label": "picture"}, {"objectId": 42, "id": 42, "partId": 42, "index": 38, "dominantNormal": [0.994859516620636, -0.10126481205224991, -2.248530518494938e-17], "obb": {"axesLengths": [0.5211035538957621, 0.49999998882412894, 0.3674112900370346], "centroid": [0.4547370995825166, 1.0743212792901007, -0.9000000137835747], "normalizedAxes": [0.1012648195028305, 0.994859516620636, 2.2090318832393674e-16, 0, -2.220446049250313e-16, 1, 0.994859516620636, -0.1012648195028305, -2.2485306839310605e-17]}, "segments": [5121, 38385, 40868, 23738, 29360], "label": "pillow"}, {"objectId": 43, "id": 43, "partId": 43, "index": 39, "dominantNormal": [0, -2.220446049250313e-16, 1], "obb": {"axesLengths": [1.3047994705139023, 0.18330001421347206, 0.671329737455232], "centroid": [-0.4716676810010421, 0.8275730014582094, -0.9816500306505712], "normalizedAxes": [0.9705449938774109, 0.24091996252536774, 5.349497789749863e-17, 0, -2.220446049250313e-16, 1, 0.24091996252536774, -0.9705449938774109, -2.1550427972747663e-16]}, "segments": [20391, 16119, 21948, 13747], "label": "mattress"}], "scan_id": "5341b7db-8a66-2cdd-85c5-66dbe881bd5f", "annId": "4176", "appId": "stk.v1"}