{"segGroups": [{"objectId": 4, "id": 4, "partId": 4, "index": 0, "dominantNormal": [0.8473678827285767, 0.5310063362121582, 1.1790709213691701e-16], "obb": {"axesLengths": [0.6058549679667299, 2.0746299756773556, 0.16526931180154183], "centroid": [-0.5252074246878924, -4.057235873228654, -0.30731499066989865], "normalizedAxes": [-0.5310063362121582, 0.8473678827285767, 1.8815346674662706e-16, 0, -2.220446049250313e-16, 1, 0.8473678827285767, 0.5310063362121582, 1.1790709213691701e-16]}, "segments": [11085, 9413, 10331, 12181, 13608, 13955, 34077, 36389, 36395, 37532, 40811, 40835, 42175, 42199, 10686], "label": "wall"}, {"objectId": 5, "id": 5, "partId": 5, "index": 1, "dominantNormal": [-0.6989238858222961, -0.7151960730552673, -1.5880542948549066e-16], "obb": {"axesLengths": [1.2009322145464931, 2.4999999441206455, 0.2220246654089131], "centroid": [-2.039706256302252, -2.4089354879454943, -0.1000000271946182], "normalizedAxes": [0.7151960730552673, -0.6989238858222961, -1.5519227810007944e-16, 0, -2.220446049250313e-16, 1, -0.6989238858222961, -0.7151960730552673, -1.5880542948549066e-16]}, "segments": [29018, 15112, 17812, 1287, 9696, 1977, 2204, 2897, 1609, 1708, 12770, 12772, 12793, 12800, 13425, 14368, 15448, 16340, 17198, 17306, 18013, 18336, 18370, 18389, 18494, 18585, 24401, 24516, 27643, 31574, 31578, 31579, 31583, 36458, 37615, 37806, 37978, 38452, 38590, 44216, 24051, 9786, 16992, 11088, 11152, 14797], "label": "wall"}, {"objectId": 6, "id": 6, "partId": 6, "index": 2, "dominantNormal": [-0.6881616711616516, -0.7255573868751526, -1.6110610331913135e-16], "obb": {"axesLengths": [0.3782618070326202, 0.8599999652802948, 0.15203704003798965], "centroid": [-1.9806084237975898, -2.478510886120194, -0.08000000201165647], "normalizedAxes": [0.7255573868751526, -0.6881616711616516, -1.5280258639763824e-16, 0, -2.220446049250313e-16, 1, -0.6881616711616516, -0.7255573868751526, -1.6110610331913135e-16]}, "segments": [17473, 41431, 18434], "label": "towel"}, {"objectId": 7, "id": 7, "partId": 7, "index": 3, "dominantNormal": [0.7307363748550415, 0.6826597452163696, 1.5158091342479133e-16], "obb": {"axesLengths": [0.3040163589929166, 0.8143409755600767, 0.12132164682462492], "centroid": [-1.8236447801297113, -2.6607072144788866, -0.25331149242867146], "normalizedAxes": [-0.6826597452163696, 0.7307363748550415, 1.6225606965903727e-16, 0, -2.220446049250313e-16, 1, 0.7307363748550415, 0.6826597452163696, 1.5158091342479133e-16]}, "segments": [24393, 13474, 40234], "label": "towel"}, {"objectId": 8, "id": 8, "partId": 8, "index": 4, "dominantNormal": [0.6563923358917236, -0.7544196844100952, -1.675148207725064e-16], "obb": {"axesLengths": [1.5992159916932804, 2.8764299703442298, 0.2907736786994221], "centroid": [-1.9091601051202025, -1.4853716514225281, 0.07178496595207662], "normalizedAxes": [0.7544196844100952, 0.6563923358917236, 1.4574837689889622e-16, 0, -2.220446049250313e-16, 1, 0.6563923358917236, -0.7544196844100952, -1.675148207725064e-16]}, "segments": [17334, 17327, 16131, 17898, 16312, 16247, 16261, 16180, 16297, 511, 17980, 18855, 20501, 27623, 28962, 17575, 73, 216, 224, 227, 267, 301, 326, 346, 396, 426, 433, 582, 588, 16253, 17608, 17612, 17624, 17633, 17876, 17928, 18011, 18193, 18218, 18242, 18260, 18273, 19134, 19138, 19149, 19154, 19167, 19169, 19173, 19177, 19188, 19206, 19218, 19252, 19288, 19291, 19293, 20324, 20373, 20389, 20410, 20429, 20483, 20535, 20657, 30670, 30724, 30763, 30769, 30782, 30833, 30865, 31033, 33605, 33607, 33672, 33766, 33858, 33878, 35199, 35309, 35722, 35811, 35998, 36088, 38663, 38936, 38937, 38940, 38942, 39073, 39086, 39091, 39315, 39317, 39427, 39445, 39449, 41483, 41493, 43701, 43978, 45065, 45411, 45413, 45425, 45440, 45478], "label": "wall"}, {"objectId": 9, "id": 9, "partId": 9, "index": 5, "dominantNormal": [0.7609671354293823, -0.6487904191017151, -1.4406041228858581e-16], "obb": {"axesLengths": [1.021992029161896, 1.069411045251539, 0.5211508078573417], "centroid": [-1.7851705320852513, -1.72710315201613, -0.817514511178854], "normalizedAxes": [0.6487904191017151, 0.7609671354293823, 1.6896864694735e-16, 0, -2.220446049250313e-16, 1, 0.7609671354293823, -0.6487904191017151, -1.4406041228858581e-16]}, "segments": [16407, 16441, 30092, 16471, 11676, 38270, 14367, 38223, 11497, 11502, 11567, 11570, 11609, 11630, 11648, 11656, 14240, 14249, 14308, 14648, 14649, 14654, 14695, 14708, 16484, 16492, 16501, 16503, 16523, 30087, 37862, 37863, 38137, 38140, 38241, 38245, 38248, 38251, 38406, 38413, 38731, 42910, 25331, 11743, 15871, 17186, 11677, 11703, 16898, 18083, 18099, 37869, 38699, 38864, 38871, 39278, 39281, 38714], "label": "commode"}, {"objectId": 10, "id": 10, "partId": 10, "index": 6, "dominantNormal": [0.6703742742538452, -0.7420231699943542, -1.6476224162661573e-16], "obb": {"axesLengths": [1.516850742363128, 2.1599999183416374, 0.1405235916713204], "centroid": [-0.8307590048305835, -0.5595610152434314, -0.2099999794363976], "normalizedAxes": [0.7420231699943542, 0.6703742742538452, 1.4885299087859965e-16, 0, -2.220446049250313e-16, 1, 0.6703742742538452, -0.7420231699943542, -1.6476224162661573e-16]}, "segments": [24567, 43737], "label": "cabinet"}, {"objectId": 11, "id": 11, "partId": 11, "index": 7, "dominantNormal": [0.6800345182418823, -0.7331801056861877, -1.6279868690598226e-16], "obb": {"axesLengths": [1.7156515789402251, 0.6239309916511698, 0.11359438567347878], "centroid": [-0.626649532180136, 0.3501379239428368, -0.17803450834673962], "normalizedAxes": [0.7331801056861877, 0.6800345182418823, 1.5099799593840276e-16, 0, -2.220446049250313e-16, 1, 0.6800345182418823, -0.7331801056861877, -1.6279868690598226e-16]}, "segments": [45779, 29122, 34409], "label": "wall"}, {"objectId": 12, "id": 12, "partId": 12, "index": 8, "dominantNormal": [0.7277048826217651, 0.6858903765678406, 1.522982576868871e-16], "obb": {"axesLengths": [2.927951831468456, 0.9399999766051766, 0.2506515280168243], "centroid": [0.9303666064787881, -0.1686331385950106, -0.15999999843537793], "normalizedAxes": [-0.6858903765678406, 0.7277048826217651, 1.6158294316376612e-16, 0, -2.220446049250313e-16, 1, 0.7277048826217651, 0.6858903765678406, 1.522982576868871e-16]}, "segments": [8737, 24183, 46660, 30576, 568, 30511, 5901, 46615, 46824, 24196, 24199], "label": "wall"}, {"objectId": 13, "id": 13, "partId": 13, "index": 9, "dominantNormal": [0, -2.220446049250313e-16, 1], "obb": {"axesLengths": [1.6182925204906655, 0.823507946204216, 0.9245065486983164], "centroid": [-0.0708484090694029, -2.430484235626156, -0.912675991743594], "normalizedAxes": [-0.6547684669494629, 0.7558295130729675, 1.6782786562096586e-16, 0, -2.220446049250313e-16, 1, 0.7558295130729675, 0.6547684669494629, 1.453878055611619e-16]}, "segments": [36761, 759, 36784, 36604, 26010, 32139, 39664, 14057, 932, 1035, 1363, 1366, 1743, 2625, 2637, 2643, 2655, 2681, 2726, 3372, 3434, 7404, 7417, 7423, 7428, 7457, 7486, 8690, 22113, 25379, 25406, 27216, 29774, 29789, 32113, 36124, 36775, 37222, 37224, 37253, 37256, 37259, 37310, 37313, 37319, 39738, 41068, 42003, 42108, 44049, 25431, 12927, 9393, 44979, 25865, 31999, 29786, 13316, 91, 119, 916, 922, 945, 966, 3511, 8689, 9380, 9429, 9502, 13058, 22979, 25877, 26031, 27787, 32049, 33790, 34583, 36548, 37572, 41971, 42917, 34064, 14053, 16006], "label": "table"}, {"objectId": 14, "id": 14, "partId": 14, "index": 10, "dominantNormal": [-0.6040372252464294, -0.7969561219215393, -1.7695980723465328e-16], "obb": {"axesLengths": [0.731742474077798, 1.013612009280651, 0.6573858708564726], "centroid": [0.3972779934834728, -2.404488514747251, -0.8272240032876127], "normalizedAxes": [0.7969561219215393, -0.6040372252464294, -1.3412320703985557e-16, 0, -2.220446049250313e-16, 1, -0.6040372252464294, -0.7969561219215393, -1.7695980723465328e-16]}, "segments": [30755, 43094, 12491, 35824, 25798, 34037, 35822, 34111, 45042, 9452, 12554, 30795, 34993, 35834, 45051, 45054, 34119, 41528, 45203, 1019], "label": "chair"}, {"objectId": 15, "id": 15, "partId": 15, "index": 11, "dominantNormal": [-0.7035422325134277, 0.7106534242630005, 1.577967588290986e-16], "obb": {"axesLengths": [0.6308937499991997, 0.994489915792124, 0.7095366845688436], "centroid": [0.06854710070202502, -1.9567933076572488, -0.812754961190634], "normalizedAxes": [-0.7035422325134277, 0.7106534242630005, 1.577967588290986e-16, 0, -2.220446049250313e-16, 1, 0.7106534242630005, 0.7035422325134277, 1.5621775706651858e-16]}, "segments": [32007, 6728, 31069, 33663, 12459, 99, 7040, 7248, 31119, 31754, 37937, 44895, 13042, 134, 13077], "label": "chair"}, {"objectId": 16, "id": 16, "partId": 16, "index": 12, "dominantNormal": [0, -2.220446049250313e-16, 1], "obb": {"axesLengths": [2.1165417622287217, 1.0149918642269398, 1.4638176278514816], "centroid": [0.013692793984527718, 0.1898362661490387, 0.6055540213982606], "normalizedAxes": [0.9973539113998413, -0.0726993978023529, -1.614250906331114e-17, 0, -2.220446049250313e-16, 1, -0.0726993978023529, -0.9973539113998413, -2.2145705522721244e-16]}, "segments": [22885, 7672, 7906, 7698, 1942, 8222, 7873, 37360, 37402, 1984, 38105, 1277, 1308, 1821, 1828, 1852, 1898, 1910, 1916, 1936, 1937, 1939, 1952, 2203, 2261, 2298, 2341, 7772, 7801, 7848, 8031, 8032, 8101, 8108, 8211, 13374, 13388, 13637, 13716, 24637, 36539, 36653, 36698, 36704, 36808, 37323, 37417, 38025, 38035, 38094, 1246, 811, 7956, 7995, 2330, 13616, 877, 1674, 2208, 2230, 2367, 2391, 8048, 21129, 21161, 30495, 36688, 38000, 8112, 8142, 8253, 8281, 13694, 13789, 24483, 38100, 39372, 34001, 23976, 8589], "label": "kitchen cabinet"}, {"objectId": 17, "id": 17, "partId": 17, "index": 13, "dominantNormal": [-0.6107221841812134, -0.7918449640274048, -1.7582490219934072e-16], "obb": {"axesLengths": [2.931657504904057, 0.9212099703875932, 0.6445805756688551], "centroid": [0.43959282175608905, -0.45537575426572463, -0.8819949783683941], "normalizedAxes": [0.79184490442276, -0.6107221841812134, -1.3560756610546973e-16, 0, -2.220446049250313e-16, 1, -0.6107221841812134, -0.79184490442276, -1.7582488896445092e-16]}, "segments": [31565, 10815, 45323, 42742, 21835, 29843, 7526, 7599, 7611, 7615, 7655, 10107, 10877, 10885, 10939, 10990, 11491, 11783, 11807, 11810, 11834, 11844, 11853, 11873, 11879, 11925, 11940, 11957, 11970, 11991, 14482, 14509, 14555, 14560, 14570, 14571, 14588, 14623, 14626, 14812, 14869, 14903, 18993, 21739, 21751, 21771, 21780, 21816, 21827, 21843, 21844, 21867, 21871, 21874, 21878, 21880, 21883, 21888, 21892, 21894, 21895, 21900, 21901, 21908, 21912, 21925, 21927, 21942, 21945, 21947, 21954, 21967, 21983, 22010, 22012, 22015, 22029, 22045, 22063, 22073, 22078, 22080, 22086, 22163, 22230, 29581, 29600, 29612, 29638, 29670, 29692, 33034, 33053, 33151, 33207, 33234, 33280, 33312, 33423, 33433, 33481, 33529, 35054, 35060, 37024, 37045, 37756, 37759, 37874, 37884, 37888, 37890, 37893, 37904, 37905, 37908, 37915, 37917, 37920, 38620, 38963, 38969, 39525, 39528, 39532, 39536, 39538, 39540, 39548, 39552, 39563, 39643, 39652, 39654, 39656, 39661, 41248, 41254, 41851, 42194, 42225, 42229, 42423, 42427, 42762, 42774, 42776, 42778, 44226, 45404, 42282, 32833, 23034, 31233, 27878, 23088, 25796, 10113], "label": "kitchen cabinet"}, {"objectId": 18, "id": 18, "partId": 18, "index": 14, "dominantNormal": [0, -2.220446049250313e-16, 1], "obb": {"axesLengths": [3.2636796575213363, 1.5825219992729567, 1.7261833608456796], "centroid": [0.5152563331639926, -0.4489001441492695, -0.061261002467699166], "normalizedAxes": [0.8581610918045044, -0.5133805274963379, -1.1399337640412852e-16, 0, -2.220446049250313e-16, 1, -0.5133805274963379, -0.8581610918045044, -1.905500405917647e-16]}, "segments": [15408, 15374, 31656, 8749, 31728, 15286, 10193, 47025, 21592, 21524, 6340, 8430, 8507, 8771, 8841, 9003, 9012, 9210, 9242, 9284, 9293, 9329, 9350, 9370, 9371, 9519, 9526, 10007, 10023, 10067, 10435, 10444, 10511, 10615, 10633, 10742, 10748, 10778, 11714, 15049, 15147, 15158, 15181, 15195, 15203, 15212, 15287, 15326, 15330, 15364, 15367, 15370, 15388, 15431, 15476, 15486, 15537, 15599, 15609, 15660, 16466, 16546, 16877, 17260, 21647, 21650, 21690, 28029, 28034, 28058, 28124, 28217, 28222, 28250, 28379, 28455, 28485, 28504, 28700, 28745, 31479, 31527, 31548, 31648, 31737, 31791, 31891, 31902, 31923, 34352, 34358, 34362, 34393, 34403, 34412, 34661, 34675, 34708, 34751, 34805, 34844, 34865, 34894, 34905, 35004, 35036, 35051, 35082, 35096, 36504, 37514, 37519, 37522, 37527, 37531, 37551, 37559, 37560, 37602, 37639, 37642, 37646, 37650, 37663, 37725, 37727, 37728, 37731, 37740, 37748, 37755, 38436, 38438, 38443, 38500, 38505, 38539, 38567, 38569, 38613, 40701, 40706, 40775, 40792, 40808, 40813, 40984, 40986, 41940, 41960, 41964, 43037, 43040, 43120, 43122, 43124, 43131, 43136, 43139, 43151, 43197, 46462, 46466, 47356, 47363, 46509, 46852, 21659, 39907, 31954, 47266, 23172, 12657, 12630, 23105, 47198, 41, 583, 593, 1337, 1353, 3241, 4969, 5903, 5921, 5938, 6227, 6301, 6676, 8204, 8415, 8434, 8467, 8474, 8489, 8497, 8585, 8790, 8811, 8823, 8862, 8866, 8888, 8894, 8929, 8993, 9006, 9008, 9057, 9071, 9144, 9264, 9328, 9335, 9520, 9788, 9814, 9830, 9980, 10294, 10325, 10332, 10344, 10375, 11253, 11286, 11297, 11341, 11383, 11763, 12680, 12719, 12739, 13133, 13431, 13519, 14142, 14172, 14705, 14946, 15527, 15763, 21602, 22393, 22858, 23123, 23160, 23201, 23204, 23262, 23351, 23401, 23421, 23458, 23524, 23528, 23842, 23869, 23881, 25496, 25506, 25546, 25640, 25710, 25794, 27929, 29150, 29211, 29275, 29335, 29341, 29376, 29379, 29388, 29391, 29403, 29410, 29457, 29476, 29519, 29527, 29555, 29588, 29593, 29596, 29608, 29686, 30339, 30341, 30416, 30440, 30452, 30460, 30552, 31440, 31487, 31896, 34500, 35131, 35147, 36446, 36494, 36506, 37061, 37147, 37794, 37961, 37962, 39938, 39953, 41134, 41156, 41159, 41162, 41177, 41190, 41200, 42079, 42397, 42401, 42509, 42589, 42765, 42780, 42948, 42965, 42967, 42989, 42995, 43012, 43021, 44096, 44102, 45154, 14150, 44300, 22289, 44583, 33130, 26904, 26209, 26224, 34303, 22291, 30132, 10178, 17861], "label": "kitchen counter"}, {"objectId": 19, "id": 19, "partId": 19, "index": 15, "dominantNormal": [0.1095714345574379, -0.9939789175987244, -2.20707656062019e-16], "obb": {"axesLengths": [0.682132743823365, 0.3260819839071784, 0.2919001227616211], "centroid": [-0.4025023425432752, -3.4007323706762893, -0.706958998956702], "normalizedAxes": [0.9939789175987244, 0.1095714345574379, 2.432974589737522e-17, 0, -2.220446049250313e-16, 1, 0.1095714345574379, -0.9939789175987244, -2.20707656062019e-16]}, "segments": [45698, 44121, 44147, 34069], "label": "pillow"}, {"objectId": 20, "id": 20, "partId": 20, "index": 16, "dominantNormal": [0.9740315079689026, -0.22641244530677795, -5.027366196825377e-17], "obb": {"axesLengths": [0.38103817892486064, 0.2816060122488584, 0.272728777493643], "centroid": [-1.1391883268950544, -2.715568795441868, -0.7091970043063829], "normalizedAxes": [0.22641244530677795, 0.9740315079689026, 2.1627844137148746e-16, 0, -2.220446049250313e-16, 1, 0.9740315079689026, -0.22641244530677795, -5.027366196825377e-17]}, "segments": [33229, 44810, 33415, 28602], "label": "pillow"}, {"objectId": 21, "id": 21, "partId": 21, "index": 17, "dominantNormal": [0, -2.220446049250313e-16, 1], "obb": {"axesLengths": [0.2621966168488523, 0.12247198546367924, 0.17173339146572092], "centroid": [-1.8025593549752297, -1.6363433194142152, -0.32876398983380195], "normalizedAxes": [0.8211801052093506, -0.5706691145896912, -1.267139980919854e-16, 0, -2.220446049250313e-16, 1, -0.5706691145896912, -0.8211801052093506, -1.823386120335059e-16]}, "segments": [38780, 16367, 38772], "label": "decoration"}, {"objectId": 22, "id": 22, "partId": 22, "index": 18, "dominantNormal": [0, -2.220446049250313e-16, 1], "obb": {"axesLengths": [0.4300870101322306, 0.19999999850988368, 0.24877786950695574], "centroid": [-2.072186017764329, -1.80267730070185, -0.3300000038743016], "normalizedAxes": [0.8153474926948547, 0.5789718627929688, 1.2855757853657418e-16, 0, -2.220446049250313e-16, 1, 0.5789718627929688, -0.8153474926948547, -1.8104351189204387e-16]}, "segments": [38826, 16804, 17659, 16801, 17555, 16812, 16849, 17678, 17703], "label": "decoration"}, {"objectId": 23, "id": 23, "partId": 23, "index": 19, "dominantNormal": [0, -2.220446049250313e-16, 1], "obb": {"axesLengths": [0.832256012517119, 0.3831550095270196, 0.6856470829276863], "centroid": [0.0454710659588736, 0.4388190289088105, -0.5984225046242209], "normalizedAxes": [0.7911363244056702, 0.6116398572921753, 1.358113304688436e-16, 0, -2.220446049250313e-16, 1, 0.6116398572921753, -0.7911363244056702, -1.7566755259449844e-16]}, "segments": [29429, 42683, 29220, 29222, 29305, 23382, 42536, 11387, 12731, 30453, 9103, 37143, 11307, 11369, 39974, 42441, 44095], "label": "sink"}, {"objectId": 24, "id": 24, "partId": 24, "index": 20, "dominantNormal": [0, -2.220446049250313e-16, 1], "obb": {"axesLengths": [0.44308497787095175, 0.1689639649771757, 0.24117077508821427], "centroid": [-0.9433411203430675, -0.10281273786281031, -0.4455179826426954], "normalizedAxes": [0.7251116633415222, 0.6886312961578369, 1.5290686409437913e-16, 0, -2.220446049250313e-16, 1, 0.6886312961578369, -0.7251116633415222, -1.610071328132006e-16]}, "segments": [22630, 22650, 41292], "label": "rolling pin"}, {"objectId": 25, "id": 25, "partId": 25, "index": 21, "dominantNormal": [0, -2.220446049250313e-16, 1], "obb": {"axesLengths": [0.4739259271985384, 0.1908469753523101, 0.21416936272761553], "centroid": [-0.46052364485452646, 0.18882789788067256, -0.4145764969756489], "normalizedAxes": [-0.48040884733200073, 0.877044677734375, 1.947430389691307e-16, 0, -2.220446049250313e-16, 1, 0.877044677734375, 0.48040884733200073, 1.0667219270832378e-16]}, "segments": [25568, 14096, 41140, 41123], "label": "kitchen item"}, {"objectId": 26, "id": 26, "partId": 26, "index": 22, "dominantNormal": [0, -2.220446049250313e-16, 1], "obb": {"axesLengths": [0.9328624796626015, 0.3058609894098119, 0.5882952164987952], "centroid": [1.0303578771408992, -0.6456247537402349, -0.41706949098997903], "normalizedAxes": [0.9986200332641602, -0.05251692607998848, -1.1661100103308115e-17, 0, -2.220446049250313e-16, 1, -0.05251692607998848, -0.9986200332641602, -2.2173819075636206e-16]}, "segments": [9097, 10651, 17279, 28348, 9209, 28639, 9198, 10671, 43194, 34946], "label": "stove"}, {"objectId": 27, "id": 27, "partId": 27, "index": 23, "dominantNormal": [-0.7021567821502686, -0.7120223641395569, -1.581007245431547e-16], "obb": {"axesLengths": [0.5900664236461337, 0.31309100285714114, 0.09308643907187666], "centroid": [0.8149699365031822, -0.7783289885291014, -0.5734545069160789], "normalizedAxes": [0.7120223641395569, -0.7021567821502686, -1.5591012528798766e-16, 0, -2.220446049250313e-16, 1, -0.7021567821502686, -0.7120223641395569, -1.581007245431547e-16]}, "segments": [10059, 9913, 9089, 41615], "label": "oven"}, {"objectId": 28, "id": 28, "partId": 28, "index": 24, "dominantNormal": [-0.7005616426467896, -0.7135918736457825, -1.5844922566139063e-16], "obb": {"axesLengths": [0.6049719555288736, 0.50000000372529, 0.3725907267022481], "centroid": [1.5424577344413237, -1.0007980614485645, 0.3599999932199718], "normalizedAxes": [0.7135918736457825, -0.7005616426467896, -1.5555593316713735e-16, 0, -2.220446049250313e-16, 1, -0.7005616426467896, -0.7135918736457825, -1.5844922566139063e-16]}, "segments": [3858, 3426, 38928, 38813, 38420, 38128, 18957, 38745, 15965, 4712, 4728, 4833, 14408, 14889, 17018, 19786, 21319, 22369, 34386, 34891, 35924, 36058, 36260, 38418, 38616], "label": "kitchen cabinet"}, {"objectId": 29, "id": 29, "partId": 29, "index": 25, "dominantNormal": [0.8278002142906189, 0.5610229969024658, 1.2457212970106509e-16], "obb": {"axesLengths": [0.7142300661922449, 1.8559099020978076, 0.5271507610797372], "centroid": [1.927367408522589, -1.557748061888463, -0.4081349933564289], "normalizedAxes": [-0.5610229969024658, 0.8278002142906189, 1.8380857153901673e-16, 0, -2.220446049250313e-16, 1, 0.8278002142906189, 0.5610229969024658, 1.2457212970106509e-16]}, "segments": [25081, 6255, 32390, 18740, 28300, 19667, 39221, 39188, 28884, 4155, 5305, 23610, 23492, 14198, 19756, 39250, 37712], "label": "kitchen cabinet"}, {"objectId": 1, "id": 1, "partId": 1, "index": 26, "dominantNormal": [0, -2.220446049250313e-16, 1], "obb": {"axesLengths": [4.416371123576657, 0.259999984651804, 4.011119180100306], "centroid": [0.21494781382559663, -2.2928464182390824, -1.2799999483674769], "normalizedAxes": [0.8839113116264343, -0.4676545560359955, -1.0384017113640353e-16, 0, -2.220446049250313e-16, 1, -0.4676545560359955, -0.8839113116264343, -1.9626773797885784e-16]}, "segments": [12319, 20302, 18976, 36335, 46112, 16809, 6130, 1538, 1682, 4740, 4741, 4942, 5238, 5437, 5753, 5858, 5888, 5989, 6050, 6051, 6068, 6100, 6200, 6280, 9877, 11962, 12139, 12143, 12355, 15775, 15779, 15807, 15819, 15845, 15850, 15902, 15919, 15921, 16043, 16050, 16588, 16609, 16702, 16716, 16897, 17006, 17080, 17400, 17431, 17433, 17485, 17497, 17499, 17513, 17530, 17775, 18675, 18726, 18895, 19084, 19088, 19616, 19629, 19681, 19982, 20681, 20785, 20803, 20821, 20824, 20841, 20877, 20962, 21043, 21084, 21547, 21625, 21652, 22624, 22648, 22663, 22676, 22925, 22934, 22942, 23715, 23728, 23981, 24777, 25234, 25254, 25272, 25273, 25930, 26431, 26458, 26601, 26616, 26636, 26649, 26655, 26661, 26675, 26692, 27135, 27176, 27192, 27204, 27419, 27692, 28157, 30161, 31223, 31269, 31274, 31290, 31294, 31296, 31314, 31325, 31336, 31357, 35573, 35576, 35605, 35621, 35643, 35679, 36857, 36858, 36864, 36874, 37995, 38618, 38705, 38790, 38795, 38816, 38849, 38850, 38854, 39094, 40026, 40033, 41005, 41387, 41390, 41395, 43278, 43319, 43321, 43325, 43328, 43752, 44903, 45791, 46440, 46443, 46448, 46457, 46459, 45901, 21444, 22971, 32214, 26722], "label": "floor"}, {"objectId": 2, "id": 2, "partId": 2, "index": 27, "dominantNormal": [0.7845836877822876, 0.6200229525566101, 1.3767275154488392e-16], "obb": {"axesLengths": [1.7291185194517205, 0.9933799581219264, 0.9001963451348293], "centroid": [-0.8356193821177342, -3.103971499133163, -0.826689990385845], "normalizedAxes": [-0.6200229525566101, 0.7845836877822876, 1.7421257498424216e-16, 0, -2.220446049250313e-16, 1, 0.7845836877822876, 0.6200229525566101, 1.3767275154488392e-16]}, "segments": [36317, 32497, 44594, 41454, 26965, 27019, 28648, 34822, 36002, 35946, 45576, 25094, 44456, 32741, 29026, 28308, 22516, 27565, 26936, 44479, 26890, 36200, 35482, 36302, 26865, 1188, 2058, 10624, 10773, 22507, 22511, 22569, 22588, 22598, 26002, 26428, 28055, 28277, 28371, 28385, 32434, 32556, 32759, 32764, 32771, 32780, 32970, 33357, 33361, 33366, 33386, 34055, 36254, 37497, 37508, 44677, 44818, 45300], "label": "sofa"}, {"objectId": 3, "id": 3, "partId": 3, "index": 28, "dominantNormal": [0.7449501752853394, 0.667120099067688, 1.4813041883503253e-16], "obb": {"axesLengths": [1.6241117573607358, 2.516329947494045, 0.2335650002005123], "centroid": [-1.1128723495923496, -3.365031047314754, -0.05902505347821729], "normalizedAxes": [-0.667120099067688, 0.7449501752853394, 1.65412167360066e-16, 0, -2.220446049250313e-16, 1, 0.7449501752853394, 0.667120099067688, 1.4813041883503253e-16]}, "segments": [40870, 6893, 4218, 39415, 40711, 20701, 7117, 24597, 959, 2794, 3571, 3727, 3736, 3991, 3995, 4019, 6899, 6902, 6930, 7074, 9352, 9589, 9757, 11060, 11077, 11078, 13091, 18042, 20141, 20166, 20191, 20201, 20217, 20218, 20407, 20441, 20573, 20582, 20839, 22400, 22411, 22431, 23076, 23611, 23616, 23622, 23623, 23737, 23738, 23829, 23914, 24629, 24687, 24857, 24878, 24889, 24896, 24999, 25147, 25149, 25174, 34794, 34854, 36891, 37764, 38863, 39047, 39055, 39256, 39276, 39284, 39291, 39340, 40059, 40075, 40382, 40529, 40686, 40798, 40924, 40973, 40975, 40978, 45271, 24711, 18029, 40400, 4062, 11239, 20164, 20171, 20204, 24844, 24858, 40168, 40174, 40361, 6834, 10117], "label": "curtain"}, {"objectId": 30, "id": 30, "partId": 30, "index": 29, "dominantNormal": [0.8336004614830017, 0.5523678660392761, 1.2265030458797368e-16], "obb": {"axesLengths": [0.3544742654345855, 1.1625549831415338, 0.16763934339953415], "centroid": [-0.544840067930928, -4.018623214527068, 0.2912775008094868], "normalizedAxes": [-0.5523678660392761, 0.8336004614830017, 1.850964851353169e-16, 0, -2.220446049250313e-16, 1, 0.8336004614830017, 0.5523678660392761, 1.2265030458797368e-16]}, "segments": [10212, 13603, 11507, 12383, 42160, 34187, 35233, 36408, 35045, 35647, 35994, 34820, 40848, 10401, 10306, 37440, 9902, 37347], "label": "shelf"}, {"objectId": 31, "id": 31, "partId": 31, "index": 30, "dominantNormal": [0.7923750281333923, 0.6100342869758606, 1.3545482224227814e-16], "obb": {"axesLengths": [0.2012263556604898, 0.5799999852478505, 0.07718716220029584], "centroid": [-1.901532925041599, -2.5826975948998436, -0.08000000946223684], "normalizedAxes": [-0.6100342869758606, 0.7923750281333923, 1.7594260007433967e-16, 0, -2.220446049250313e-16, 1, 0.7923750281333923, 0.6100342869758606, 1.3545482224227814e-16]}, "segments": [24101, 13371, 41403], "label": "towel"}], "scan_id": "0cac75f0-8d6f-2d13-8d86-371deca33bb4", "annId": "3781", "appId": "stk.v1"}