{"segGroups": [{"objectId": 1, "id": 1, "partId": 1, "index": 0, "dominantNormal": [0, -2.220446049250313e-16, 1], "obb": {"axesLengths": [5.0305153523247, 0.24796997946567867, 3.7853913297917785], "centroid": [1.0788778315284886, 0.4545554409015192, -1.5260151014737457], "normalizedAxes": [-0.38484758138656616, 0.9229801297187805, 2.0494275825706077e-16, 0, -2.220446049250313e-16, 1, 0.9229801297187805, 0.38484758138656616, 8.545332916533392e-17]}, "segments": [31840, 59594, 55340, 111717, 76367, 73287, 23180, 60086, 28231, 60055, 10130, 4650, 6976, 6996, 7112, 7160, 7181, 7227, 7236, 7240, 7459, 8761, 8824, 8846, 9264, 9641, 13995, 17548, 21219, 21224, 22239, 22248, 22283, 22294, 22302, 22329, 22343, 22344, 22358, 22599, 22643, 22685, 22698, 22728, 22731, 22737, 22753, 22754, 22769, 22777, 22785, 22808, 22822, 22848, 22859, 22861, 23295, 23313, 23323, 23330, 23372, 23404, 23801, 23813, 23827, 23832, 23834, 23837, 23882, 23883, 23885, 23901, 23911, 23916, 23917, 23929, 24879, 26012, 28495, 30312, 41298, 44555, 44609, 44630, 44633, 44896, 44901, 44913, 44922, 44925, 44937, 47640, 47652, 47660, 47665, 48276, 48297, 49582, 52483, 52487, 52838, 54625, 58245, 58291, 58298, 59092, 59910, 59917, 62601, 62619, 62841, 63249, 63264, 63331, 63336, 63346, 63361, 63381, 63387, 63394, 63404, 63418, 63419, 63450, 63520, 63677, 63781, 63798, 63800, 63815, 63842, 63849, 63944, 64029, 64164, 64247, 64295, 64297, 64313, 64341, 64349, 64361, 64505, 64506, 64537, 64552, 64571, 64573, 64624, 64652, 64670, 64699, 64711, 64718, 64781, 64818, 64819, 64831, 64836, 64840, 64854, 64878, 64901, 64904, 64906, 64926, 64935, 64969, 65076, 65120, 65148, 65253, 65285, 65335, 66466, 67376, 67377, 67448, 67461, 67476, 67484, 67498, 67526, 67567, 68677, 68730, 68749, 68810, 69083, 69149, 69180, 69193, 69215, 69264, 69297, 69304, 69309, 69334, 69371, 71435, 72175, 72195, 72221, 72237, 72274, 72846, 72931, 72940, 72946, 73258, 74568, 74569, 74609, 74651, 74655, 74674, 74783, 74791, 74904, 75089, 75093, 75311, 75336, 75349, 75475, 76335, 76420, 76429, 76466, 76467, 76532, 76592, 80542, 80604, 80632, 80642, 80667, 80669, 80670, 80683, 80974, 80995, 81072, 81092, 81148, 81211, 81535, 81612, 82261, 82492, 82915, 83167, 83199, 83760, 83764, 84576, 84580, 85181, 86300, 87018, 87659, 88292, 88386, 88447, 88452, 88458, 88548, 88567, 88570, 88572, 88607, 88617, 88620, 88742, 89723, 89789, 92747, 92913, 92995, 92996, 92998, 93880, 93915, 93921, 94887, 98607, 98614, 98637, 98670, 98862, 98986, 98992, 99052, 99083, 99100, 99104, 99121, 99124, 99130, 99131, 101581, 101593, 101622, 101936, 101938, 101977, 101997, 102025, 104310, 104313, 104316, 104329, 104334, 104340, 104393, 104395, 104400, 109672, 109691, 110404, 110406, 110410, 110413, 110476, 110499, 110536, 110718, 110724, 110735, 110739, 110895, 110914, 110919, 111263, 111488, 111859, 111881, 111913, 112112, 112245, 112448, 113000, 113203, 113209, 84459, 68845, 70945, 88295, 76184, 76514, 112516, 64714], "label": "floor"}, {"objectId": 2, "id": 2, "partId": 2, "index": 1, "dominantNormal": [0.8984973430633545, 0.4389789402484894, 9.747290535788475e-17], "obb": {"axesLengths": [4.909443967616243, 3.2944798925262697, 0.24913813213989533], "centroid": [-0.5771192886257659, -0.22083106483372694, 0.09448983762405483], "normalizedAxes": [-0.4389789402484894, 0.8984973430633545, 1.9950648756669287e-16, 0, -2.220446049250313e-16, 1, 0.8984973430633545, 0.4389789402484894, 9.747290535788475e-17]}, "segments": [16377, 880, 1425, 1618, 2708, 2711, 2738, 2818, 2848, 2907, 3357, 7904, 10482, 10497, 12782, 14039, 15473, 16401, 16866, 19516, 42131, 42146, 42465, 46174, 46184, 46208, 46249, 46816, 49001, 56295, 68385, 68425, 68471, 68560, 68566, 68741, 70104, 70828, 70879, 70943, 85359, 85838, 85840, 86078, 86110, 87205, 87517, 87519, 88010, 93092, 93285, 93306, 103510, 103525, 103750, 103779, 103780, 103893, 104401, 104565, 111106, 42181], "label": "wall"}, {"objectId": 3, "id": 3, "partId": 3, "index": 2, "dominantNormal": [0, -2.220446049250313e-16, 1], "obb": {"axesLengths": [5.309199338128757, 0.6000000104308123, 4.849913999378633], "centroid": [1.1911044959697628, 0.29169449952901233, 1.9299998120848798], "normalizedAxes": [-0.06265661865472794, 0.9980351328849792, 2.2160831678274634e-16, 0, -2.220446049250313e-16, 1, 0.9980351328849792, 0.06265661865472794, 1.391256413512741e-17]}, "segments": [1327, 1183, 59342, 34328, 1529, 38976, 48550, 510, 1031, 1088, 1246, 1584, 4080, 4172, 4183, 4238, 4282, 4283, 4289, 4298, 14913, 15002, 15023, 15024, 15079, 15085, 15229, 15963, 17131, 17134, 17143, 17824, 19822, 20673, 24217, 30314, 33221, 34170, 34572, 34579, 34730, 34780, 34991, 35035, 35044, 35101, 35415, 35593, 36853, 37032, 37051, 37104, 37366, 37907, 38115, 38362, 49427, 49585, 78854, 78861, 78898, 78929, 78931, 78941, 78971, 78996, 79012, 79606, 86173, 86184, 86185, 87265, 89968, 89970, 89982, 90242, 90244, 108485, 108494, 108496, 108497, 108502, 108638, 108649, 108902, 108915, 109116, 109122, 109125, 109127, 16556, 890, 108738, 271, 4214, 3443, 108754, 84864, 250, 524, 1938, 2590, 20410, 21732, 26523, 48702, 67771, 67905, 67921, 71077, 71089, 108567, 71388, 49629, 50517, 89, 157], "label": "ceiling"}, {"objectId": 4, "id": 4, "partId": 4, "index": 3, "dominantNormal": [0, -2.220446049250313e-16, 1], "obb": {"axesLengths": [3.2540785852583594, 0.28297006451405426, 0.4472291876698857], "centroid": [1.5067093086477858, -0.6866915361962833, 1.368734832869876], "normalizedAxes": [0.9121373891830444, 0.40988463163375854, 9.10126710959599e-17, 0, -2.220446049250313e-16, 1, 0.40988463163375854, -0.9121373891830444, -2.0253518621849863e-16]}, "segments": [87361, 93414, 11330, 52736, 107446, 45940, 45864, 45866, 20130, 21630, 66640, 21648, 20822, 59272, 20956, 98830, 20919, 36193, 85789, 85833, 93823, 36627, 2923, 2344, 2086, 2093, 2242, 2256, 2272, 2307, 2311, 2317, 2796, 2839, 11422, 12030, 12077, 14426, 15310, 15584, 15603, 15634, 15816, 16661, 18672, 20127, 20767, 20807, 20916, 20939, 20951, 26906, 26917, 26921, 26949, 36345, 36573, 45801, 45808, 45965, 47770, 47805, 47821, 47822, 47829, 53364, 53374, 53422, 53454, 53498, 53625, 53645, 54231, 54236, 54241, 56001, 56025, 56056, 56064, 59285, 59319, 85727, 85730, 85733, 85737, 85747, 85779, 85871, 87365, 89001, 90113, 93380, 93460, 93485, 93494, 96191, 96194, 96254, 96261, 96265, 96268, 96334, 96420, 98474, 98484, 98490, 98520, 102463, 102512, 102519, 102523, 102529, 59254, 36062, 11412, 2195, 18745, 18755, 36596, 97368, 54210], "label": "light"}, {"objectId": 5, "id": 5, "partId": 5, "index": 4, "dominantNormal": [0, -2.220446049250313e-16, 1], "obb": {"axesLengths": [3.2068098795090316, 0.20457005043543808, 0.42769216444724667], "centroid": [0.38950252378980954, 1.743134484183991, 1.36807483065303], "normalizedAxes": [0.9133172035217285, 0.40724891424179077, 9.042742426896639e-17, 0, -2.220446049250313e-16, 1, 0.40724891424179077, -0.9133172035217285, -2.0279715762721662e-16]}, "segments": [21720, 54022, 48975, 96589, 16014, 14238, 1684, 32252, 85401, 70, 32263, 15959, 54002, 88343, 96708, 4436, 4502, 36691, 36663, 31915, 14316, 93979, 54006, 96533, 96517, 22062, 95047, 88370, 93988, 48822, 47028, 93908, 47387, 93686, 47507, 93663, 49049, 93676, 47476, 48, 57, 97, 102, 106, 1648, 1695, 1733, 1791, 1799, 1820, 1826, 1850, 1890, 1893, 4398, 4408, 6210, 8054, 8056, 8231, 9278, 9441, 14198, 14213, 14214, 14221, 14298, 14324, 14331, 15887, 15925, 15945, 15953, 16082, 16526, 16543, 21754, 21756, 21762, 21771, 21797, 21803, 21834, 21838, 21860, 21897, 21904, 21910, 21917, 21919, 21939, 21943, 22043, 22044, 22049, 22112, 22125, 22134, 32186, 38191, 47041, 47093, 47419, 47505, 48651, 48772, 48855, 48857, 48890, 52069, 52139, 62238, 62743, 62819, 63000, 64870, 65220, 65399, 65535, 65548, 66050, 66177, 66184, 66329, 66392, 66409, 85386, 85445, 85446, 85504, 85625, 86032, 86034, 86049, 86215, 86223, 86241, 86244, 87691, 87693, 87698, 87844, 87854, 87872, 88314, 88315, 88318, 88321, 88330, 88338, 88353, 88354, 88358, 88360, 88373, 93616, 93639, 93644, 93658, 93660, 93925, 93950, 94970, 95050, 96754], "label": "light"}, {"objectId": 6, "id": 6, "partId": 6, "index": 5, "dominantNormal": [0.47141870856285095, -0.8819095492362976, -1.9582325743978615e-16], "obb": {"axesLengths": [2.028093693930193, 2.472835008662155, 0.5091145459851532], "centroid": [2.691312285878975, -1.059367661147444, -0.31752267061898864], "normalizedAxes": [0.8819095492362976, 0.47141870856285095, 1.0467598089710671e-16, 0, -2.220446049250313e-16, 1, 0.47141870856285095, -0.8819095492362976, -1.9582325743978615e-16]}, "segments": [102944, 29236, 41642, 60876, 26051, 84535, 85068, 90063, 113238, 25644, 26557, 88377, 88685, 27501, 55805, 88697, 88702, 23412, 27668, 27750], "label": "cupboard"}, {"objectId": 7, "id": 7, "partId": 7, "index": 6, "dominantNormal": [0.8927469253540039, 0.45055845379829407, 1.0004407386927518e-16], "obb": {"axesLengths": [4.506134087360143, 3.3285398931382604, 0.2565538548380508], "centroid": [2.7008471206936298, 1.132533764837458, 0.11250987105763999], "normalizedAxes": [-0.45055845379829407, 0.8927469253540039, 1.9822963833826621e-16, 0, -2.220446049250313e-16, 1, 0.8927469253540039, 0.45055845379829407, 1.0004407386927518e-16]}, "segments": [8403, 8304, 8078, 18734, 21885, 11224, 42384, 79143, 49758, 85270, 77659, 18365, 18456, 19586, 25434, 35741, 38633, 38688, 49561, 49591, 49592, 51720, 52026, 60941, 60970, 80540, 84933, 85338, 87059, 87094, 87098, 88105, 88124, 88140, 94131, 94134, 99253, 103064, 109220, 110391], "label": "wall"}, {"objectId": 8, "id": 8, "partId": 8, "index": 7, "dominantNormal": [0.44215601682662964, -0.896938145160675, -1.9916027608439247e-16], "obb": {"axesLengths": [3.6445122990759513, 3.339999839514496, 0.225370807645522], "centroid": [2.079612569230033, -1.629763340759582, 0.11999985015734627], "normalizedAxes": [0.896938145160675, 0.44215601682662964, 9.817835807149447e-17, 0, -2.220446049250313e-16, 1, 0.44215601682662964, -0.896938145160675, -1.9916027608439247e-16]}, "segments": [55301, 44042, 31715, 42921, 41228, 40788, 41885, 20234, 38598, 43240, 44048, 45243, 46747, 48587, 52405, 69979, 72548, 96413, 109021, 24896], "label": "wall"}, {"objectId": 9, "id": 9, "partId": 9, "index": 8, "dominantNormal": [0.9263935089111328, 0.376556932926178, 8.36124354033747e-17], "obb": {"axesLengths": [0.9295747940907173, 0.9392509846556707, 0.7310709412799059], "centroid": [2.963538027113585, -0.06584571381753801, -1.046254614388772], "normalizedAxes": [-0.376556932926178, 0.926393449306488, 2.0570066745639616e-16, 0, -2.220446049250313e-16, 1, 0.926393449306488, 0.376556932926178, 8.36124354033747e-17]}, "segments": [85134, 85122, 84782, 84511, 38854, 53814, 107493, 94039, 53859, 107485, 107548, 77045, 84518, 84503, 107599, 53674, 25485, 25501, 25502, 25604, 29805, 30704, 30722, 30725, 32431, 32435, 47981, 49201, 49204, 49245, 49273, 49277, 49279, 49350, 49402, 49449, 49463, 49476, 49506, 49528, 50308, 52806, 53717, 53760, 53762, 53813, 53891, 85311, 90043, 91049, 94106, 94114, 94115, 94119, 95244, 96430, 96486, 107482, 107562, 113156, 113240, 113324, 84508, 84955, 84363, 84423], "label": "armchair"}, {"objectId": 10, "id": 10, "partId": 10, "index": 9, "dominantNormal": [-0.5076544284820557, -0.8615607619285583, -1.913049190013357e-16], "obb": {"axesLengths": [0.8353859584974579, 1.0360159046348352, 0.6679016847678196], "centroid": [-0.5709535924578157, 0.6965620165047158, -1.0261921086383208], "normalizedAxes": [0.8615607619285583, -0.5076544284820557, -1.127219270107406e-16, 0, -2.220446049250313e-16, 1, -0.5076544284820557, -0.8615607619285583, -1.913049190013357e-16]}, "segments": [40745, 105255, 67802, 67854, 67884, 65885, 65863, 73743, 67770, 40735, 72329, 73122, 14717, 14724, 14733, 14752, 14757, 14795, 33978, 40765, 40786, 40845, 40853, 67858, 70286, 72927, 73068, 73071, 73083, 73090, 73096, 105493, 105499, 105502, 105611, 105617, 105621, 105687, 105709, 105712, 105717, 90391, 33985, 40861, 14668, 73016, 73140, 105698, 13827, 72674, 72668, 13850, 13879, 13912, 13923, 13927, 13929, 13943, 13960, 13974, 27674, 27681, 27687, 27702, 72068, 72089, 72127, 72581, 72586, 72757, 72803, 72856, 73177, 73220, 89040, 89059, 105369, 105426, 105430, 105747, 105789, 73194, 73247, 73174, 72071, 105389, 72774, 72117, 87657], "label": "chair"}, {"objectId": 11, "id": 11, "partId": 11, "index": 10, "dominantNormal": [0, -2.220446049250313e-16, 1], "obb": {"axesLengths": [3.022397473084049, 0.8859979908317772, 1.9950126218906514], "centroid": [0.8839866520417979, 1.2811452361880453, -1.0739311066996124], "normalizedAxes": [-0.44242173433303833, 0.8968071341514587, 1.991311857966102e-16, 0, -2.220446049250313e-16, 1, 0.8968071341514587, 0.44242173433303833, 9.823735921022666e-17]}, "segments": [39808, 39314, 65476, 47955, 99586, 48258, 24839, 24850, 28088, 28184, 28400, 31519, 31535, 31566, 32193, 32621, 32864, 32869, 32968, 33043, 33790, 33791, 33799, 33808, 33816, 34930, 35726, 36653, 36654, 37171, 37242, 37944, 38027, 38077, 38082, 39651, 40045, 40060, 41145, 42265, 42282, 43728, 44285, 46638, 46641, 46677, 47931, 56364, 56385, 56390, 56394, 57010, 57487, 57533, 57545, 57555, 57579, 57914, 57990, 58046, 58050, 61109, 61137, 61927, 89170, 90037, 90223, 90497, 90504, 90996, 90999, 91005, 91007, 97502, 97505, 99531, 100371, 100375, 100379, 100382, 100385, 100425, 32923, 89082, 106841, 39310, 23992, 7742, 7798, 7844, 7861, 8323, 8390, 10583, 17392, 17454, 17617, 22984, 23595, 23955, 24263, 24328, 24341, 24376, 28560, 28579, 28754, 28770, 28795, 30492, 31200, 31222, 31241, 31244, 31253, 31286, 31918, 31974, 31991, 33616, 35056, 36660, 36671, 36678, 36704, 36705, 36714, 36720, 39243, 39357, 39388, 39396, 39430, 41097, 41115, 41143, 41154, 41165, 41171, 41181, 42324, 42390, 42408, 42413, 42429, 48230, 49961, 52419, 56416, 57583, 57598, 58058, 58090, 61177, 61732, 63136, 63219, 68745, 68897, 68943, 68976, 68980, 68989, 69556, 71168, 74133, 74143, 74167, 74302, 75009, 75031, 75154, 75178, 75404, 75701, 75852, 75889, 76421, 76479, 76481, 76492, 76633, 76709, 77093, 77861, 78110, 78117, 78137, 78143, 78162, 78414, 78458, 80790, 80861, 80909, 80912, 80915, 80934, 81028, 82852, 83418, 86166, 86535, 86549, 86553, 86556, 89112, 89844, 89845, 89847, 90026, 90221, 90427, 91483, 91663, 92121, 92135, 92184, 92196, 92212, 95150, 98380, 99272, 99309, 99332, 101903, 101909, 102040, 103811, 104260, 104428, 104458, 104648, 104706, 105228, 105229, 105274, 105413, 108189, 108201, 108203, 108222, 108286, 108296, 108324, 109649, 110582, 110583, 110709, 47247, 25868, 88832, 26017, 20514, 76080, 28103, 33556, 29011, 28992, 61787, 61703], "label": "table"}, {"objectId": 12, "id": 12, "partId": 12, "index": 11, "dominantNormal": [0, -2.220446049250313e-16, 1], "obb": {"axesLengths": [0.0205301459790951, 1.9999999552965164e-08, 0.0004129897621058211], "centroid": [1.7799775054547768, 1.9958402649242122e+290, -8.988465473403714e+305], "normalizedAxes": [0.9763368368148804, 0.21625538170337677, 4.801834079323814e-17, 0, -2.220446049250313e-16, 1, 0.21625538170337677, -0.9763368368148804, -2.1679032720431487e-16]}, "segments": [48437], "label": "stool"}, {"objectId": 13, "id": 13, "partId": 13, "index": 12, "dominantNormal": [0.9911553859710693, 0.13270653784275055, 2.946677076626226e-17], "obb": {"axesLengths": [1.0623955055928238, 1.0509170058909723, 0.6989702889874239], "centroid": [1.4018814260428178, 0.07539492643183032, -1.0845416273021404], "normalizedAxes": [-0.13270653784275055, 0.9911553859710693, 2.20080706097263e-16, 0, -2.220446049250313e-16, 1, 0.9911553859710693, 0.13270653784275055, 2.946677076626226e-17]}, "segments": [54955, 54378, 73129, 73046, 103607, 76735, 103299, 23965, 23940, 54526, 24027, 48242, 48259, 48456, 52456, 52507, 54280, 54325, 54546, 54585, 55059, 73277, 78387, 88683, 96764, 97035, 108339, 108352, 54675, 55115, 83844, 107332, 110765, 110771, 54414, 55094, 72480, 23106, 23110, 23123, 71794, 72297, 72336, 72402, 72433, 72452, 72512, 72517, 72521, 72528, 72549, 72575, 72576, 72580, 83891, 88511, 88515, 88518, 103417, 103449, 103459, 103536, 103577, 110901, 103564, 60092, 25726, 25730, 25731, 25837, 31789, 39802, 72865, 78408, 83101, 83135, 83190, 83790, 83810, 88823, 88824, 110459, 110462, 110464, 110467, 110497, 110523, 110534, 52414, 82952, 82975, 110421, 110424, 110728, 48338, 110762], "label": "chair"}, {"objectId": 14, "id": 14, "partId": 14, "index": 13, "dominantNormal": [0.9933580160140991, 0.11506437510251999, 2.554942371058466e-17], "obb": {"axesLengths": [0.877974776756896, 0.7665399141637993, 0.4104617060360698], "centroid": [1.6526012853673526, 1.4915453300642594, -0.89672012404636], "normalizedAxes": [-0.11506437510251999, 0.9933580160140991, 2.2056978821496356e-16, 0, -2.220446049250313e-16, 1, 0.9933580160140991, 0.11506437510251999, 2.554942371058466e-17]}, "segments": [22468, 21679, 97411, 59408, 59450, 59486, 23072, 102885, 59377, 7213, 56195, 7220, 7272, 21021, 21110, 21149, 21173, 22544, 22547, 22562, 22575, 22939, 56163, 56173, 56211, 58702, 58821, 58856, 59357, 59397, 59506, 70804, 70850, 70855, 70859, 88400, 88439, 88440, 88495, 97420, 97478, 97481, 98329, 98373, 98378, 59547, 102853], "label": "chair"}, {"objectId": 15, "id": 15, "partId": 15, "index": 14, "dominantNormal": [0.490363746881485, -0.8715178966522217, -1.9351584704723683e-16], "obb": {"axesLengths": [3.6803739468013603, 1.8399999922513948, 0.7676177849390049], "centroid": [-0.12528945851348694, 2.8939792030879476, 0.14999988048120771], "normalizedAxes": [0.8715178966522217, 0.4903637170791626, 1.0888261782841249e-16, 0, -2.220446049250313e-16, 1, 0.4903637170791626, -0.8715178966522217, -1.9351584704723683e-16]}, "segments": [14574, 26380, 44145, 63095, 100441, 100504, 100448, 61560, 61644, 26543, 51005, 65972, 66284, 66138, 42887, 102189, 64217, 64651, 64216, 59025, 59007, 721, 97230, 103149, 53008, 55573, 88168, 19018, 77442, 98663, 59756, 77628, 301, 724, 777, 813, 8424, 8436, 8521, 8562, 9127, 9147, 9152, 9199, 9227, 9260, 9430, 9512, 9805, 9815, 9863, 9865, 9917, 10555, 10603, 10634, 10644, 10681, 10693, 10735, 10743, 10769, 12512, 12529, 12534, 13358, 13405, 13407, 13432, 13449, 13452, 13470, 13475, 13484, 13501, 13504, 13523, 13524, 13570, 13607, 13628, 14634, 15257, 15348, 16712, 18987, 18999, 19004, 19050, 19111, 19879, 19898, 19900, 19992, 20103, 20208, 20226, 20286, 20303, 20309, 20322, 20325, 20340, 20346, 20401, 20424, 21493, 21525, 21554, 21575, 24985, 25003, 25024, 25039, 25044, 25051, 25070, 25086, 25099, 25153, 25156, 25171, 25180, 25185, 25212, 25219, 25227, 25235, 25245, 25275, 25299, 25308, 25321, 25342, 25348, 25354, 25361, 26209, 26218, 26240, 26270, 26303, 26334, 26341, 26356, 26433, 26483, 26694, 26735, 26866, 29728, 30841, 30855, 30866, 30868, 30895, 30911, 30919, 32100, 32275, 32308, 32449, 32481, 33846, 34317, 34342, 34531, 34619, 34621, 34728, 34735, 34861, 35183, 35230, 35278, 35338, 35346, 35367, 35368, 35371, 35429, 37627, 37635, 37692, 37700, 37724, 37732, 38737, 38759, 38764, 38781, 38798, 38811, 38813, 40394, 40403, 40411, 40426, 40436, 40438, 40446, 40455, 40457, 40460, 40467, 40484, 40534, 42944, 42946, 42959, 43691, 44941, 44958, 44963, 44982, 44996, 44999, 45008, 45027, 45032, 45036, 45037, 45045, 45068, 45100, 45126, 45138, 45161, 45180, 45191, 45206, 45219, 45260, 45274, 45276, 45289, 45328, 45759, 45798, 49644, 49662, 49681, 49684, 49691, 50140, 50177, 50213, 50476, 50585, 50605, 50694, 50708, 50726, 50810, 50917, 50930, 51037, 52552, 52562, 52570, 52609, 52635, 52639, 52642, 52652, 52667, 52697, 52698, 52700, 52707, 52716, 52898, 52915, 53061, 53177, 53208, 53259, 53335, 55543, 55559, 55878, 58116, 58118, 58125, 58139, 58402, 58466, 58482, 58519, 58555, 58580, 58590, 58650, 59015, 59184, 59635, 59672, 59679, 59700, 59701, 59711, 59723, 59727, 60360, 60403, 60464, 60494, 61421, 61460, 61472, 61492, 61987, 61989, 61990, 62022, 62086, 62165, 62321, 63140, 63190, 63900, 63989, 63993, 64154, 65827, 65976, 65978, 65986, 66000, 66103, 66106, 66141, 66187, 66214, 66249, 66302, 66437, 68131, 68171, 68194, 69631, 69712, 69731, 69791, 69833, 69844, 73329, 73339, 73366, 73385, 73390, 73428, 73469, 73500, 73535, 73539, 73569, 73576, 73604, 73632, 73640, 73646, 73656, 73669, 77416, 77430, 77451, 77460, 77480, 77481, 77490, 77582, 87107, 87112, 87159, 87208, 87446, 87513, 87561, 87587, 87590, 87592, 87598, 87605, 87610, 87613, 87615, 87622, 88171, 88174, 88202, 88208, 88264, 88298, 88300, 88301, 88744, 88756, 88763, 88792, 88836, 88839, 90040, 90414, 90429, 90433, 90436, 90941, 91056, 91932, 91935, 91984, 92005, 92242, 92245, 92253, 92360, 93016, 93019, 93027, 93038, 93058, 93062, 93122, 93223, 93267, 93294, 94397, 94401, 94466, 95188, 95204, 95206, 95221, 95368, 95457, 95464, 95686, 95770, 95793, 95802, 95981, 96079, 96081, 96084, 96087, 96090, 96093, 96095, 96098, 97313, 98227, 98316, 98414, 98420, 98423, 99106, 100509, 100552, 100701, 101205, 101214, 101259, 101285, 101342, 101370, 101999, 102002, 102005, 102035, 102037, 102043, 102055, 102057, 102059, 102062, 102066, 102069, 102072, 102088, 102290, 102305, 102308, 102338, 103085, 103130, 103207, 103243, 103680, 105825, 105826, 105893, 106401, 107858, 107868, 108110, 108156, 10143, 8999, 10813, 9125, 550, 69685, 34583, 55977, 66175, 92271, 44737, 12718, 45050, 26770, 18603, 93127, 93149, 6536, 6576, 6654, 6685, 8471, 8542, 8590, 8597, 8601, 8969, 10857, 12137, 12161, 13286, 13316, 13399, 13670, 13757, 13761, 13783, 14085, 14103, 16619, 27500, 27502, 28274, 29722, 34855, 36993, 37763, 42542, 42678, 42696, 44724, 50201, 56867, 60400, 62152, 62153, 62182, 62186, 62194, 62248, 62264, 62359, 62438, 62492, 62519, 62542, 62560, 62638, 62662, 62688, 62712, 62786, 62795, 62806, 63541, 63577, 63602, 63605, 63642, 63676, 63805, 63866, 63904, 63916, 63963, 64011, 64110, 65174, 65209, 73437, 86087, 86096, 87629, 87633, 87636, 87667, 89401, 92917, 93179, 97864, 99117, 100577, 100613, 100650, 100679, 100682, 100685, 100692, 100768, 100772, 100778, 100783, 100786, 100790, 100803, 100824, 100935, 101453, 102139, 106473, 44867, 60121, 63521, 65155, 65167, 65811, 67053, 67088, 74009, 74041, 92871, 102760, 106701, 101013, 6661, 100766, 56521, 101101, 100570, 56746, 37713, 6664, 10822, 10987, 11026, 11095, 12108, 12686, 19404, 19535, 26597, 36940, 38226, 38227, 42489, 47715, 56475, 56509, 56650, 56656, 56666, 56676, 56677, 56696, 56700, 56714, 56722, 56774, 56786, 56801, 56816, 56894, 56897, 56918, 62352, 62402, 62416, 62418, 62437, 62546, 62799, 87431, 91035, 94175, 97650, 97666, 97671, 97674, 97680, 97724, 97731, 97837, 97848, 100811, 63619, 10925, 11068, 87281, 11718, 97626, 38180, 38301, 11058, 10233, 10927, 87226, 41875, 41939, 38421, 56582, 97603, 97808, 92958, 354, 101470, 46057, 44699, 92899, 13732, 251, 257, 44807], "label": "window"}, {"objectId": 16, "id": 16, "partId": 16, "index": 15, "dominantNormal": [0, -2.220446049250313e-16, 1], "obb": {"axesLengths": [3.6733871886627485, 0.8200000341236585, 0.8296595346884589], "centroid": [0.05606069452418294, 2.510078396285203, 1.2999998309348468], "normalizedAxes": [0.8789569139480591, 0.47690117359161377, 1.0589333267843365e-16, 0, -2.220446049250313e-16, 1, 0.47690117359161377, -0.8789569139480591, -1.9516764070372152e-16]}, "segments": [13219, 12476, 89552, 16473, 18829, 12335, 19244, 28922, 47175, 4206, 4310, 4346, 4347, 8225, 9626, 9963, 16894, 18886, 18895, 19196, 20167, 27906, 30189, 30192, 30218, 30232, 34060, 86175, 86179, 87868, 87994, 89577, 89662, 89665, 8837, 12874, 26567, 4328, 14929, 16864], "label": "ceiling"}, {"objectId": 17, "id": 17, "partId": 17, "index": 16, "dominantNormal": [0.39979591965675354, -0.9166041612625122, -2.035270088601742e-16], "obb": {"axesLengths": [3.420120829092617, 2.7925799460877476, 0.4471329897865954], "centroid": [0.17597768719737306, 2.6487546920621132, -0.09371015511759007], "normalizedAxes": [0.9166041612625122, 0.3997959494590759, 8.87725336482683e-17, 0, -2.220446049250313e-16, 1, 0.3997959494590759, -0.9166041612625122, -2.035270088601742e-16]}, "segments": [9667, 10260, 11499, 28949, 87194, 90410, 9026, 107743, 66739, 46010, 68269, 41565, 29241, 74105, 74758, 6292, 9370, 7018, 90380, 27855], "label": "wall"}, {"objectId": 18, "id": 18, "partId": 18, "index": 17, "dominantNormal": [0.43638840317726135, -0.8997583985328674, -1.9978649813020942e-16], "obb": {"axesLengths": [3.6654887053720557, 2.3286898807729046, 0.619026778569568], "centroid": [0.011493384221301639, 2.635178091672396, 0.13434484009015835], "normalizedAxes": [0.8997583985328674, 0.43638837337493896, 9.689768395991537e-17, 0, -2.220446049250313e-16, 1, 0.43638837337493896, -0.8997583985328674, -1.9978649813020942e-16]}, "segments": [67014, 67018, 41376, 41762, 41714, 106522, 57462, 57435, 32897, 37671, 41470, 68626, 70013, 35599, 40020, 41442, 67592, 68692, 68874, 106760, 32938, 40034, 90503, 28356, 27858, 91928, 28946, 10337, 8951, 11643, 9694, 40315, 24153, 107686, 41507, 66995, 92175, 102745, 102753], "label": "windowsill"}, {"objectId": 19, "id": 19, "partId": 19, "index": 18, "dominantNormal": [0, -2.220446049250313e-16, 1], "obb": {"axesLengths": [3.407730660728741, 1.2237899625944342, 3.405843190547856], "centroid": [0.6994426295808915, 1.5778716838855784, -0.9218951286811796], "normalizedAxes": [-0.6241195201873779, 0.7813289165496826, 1.7348987059177703e-16, 0, -2.220446049250313e-16, 1, 0.7813289165496826, 0.6241195201873779, 1.3858237228600643e-16]}, "segments": [39252, 31497, 36146, 93343, 89850, 9768, 57738, 57748, 98084, 107647, 107230, 68306, 7440, 7403, 17518, 71378, 89103, 31464], "label": "table"}, {"objectId": 39, "id": 39, "partId": 39, "index": 19, "dominantNormal": [0, -2.220446049250313e-16, 1], "obb": {"axesLengths": [0.37376001444562285, 0.1800000031292437, 0.29105225233888876], "centroid": [0.7396454656111606, -0.25178080798474745, -0.8200001562501531], "normalizedAxes": [-0.4006470739841461, 0.9162324666976929, 2.0344447608737612e-16, 0, -2.220446049250313e-16, 1, 0.9162324666976929, 0.4006470739841461, 8.896152125717951e-17]}, "segments": [102682, 64936, 102703, 70384, 51370, 64964, 102658, 51418], "label": "speaker"}, {"objectId": 40, "id": 40, "partId": 40, "index": 20, "dominantNormal": [0.9888118505477905, 0.1491682082414627, 3.3121995866350386e-17], "obb": {"axesLengths": [0.41868765684019155, 0.6763199416625509, 0.32536992466921655], "centroid": [1.677117584714788, 1.0053954683951156, -1.1881601276029687], "normalizedAxes": [-0.1491682082414627, 0.9888118505477905, 2.1956033670007325e-16, 0, -2.220446049250313e-16, 1, 0.9888118505477905, 0.1491682082414627, 3.3121995866350386e-17]}, "segments": [73923, 73940, 73897, 77810, 58878, 102861, 104664, 58785, 104657, 75371, 58799, 58795, 74306, 74125], "label": "box"}, {"objectId": 42, "id": 42, "partId": 42, "index": 21, "dominantNormal": [0.9346932172775269, 0.3554554581642151, 7.892696677651913e-17], "obb": {"axesLengths": [0.7139905137374937, 0.8137299236566586, 0.6812391021140256], "centroid": [1.7659288766230175, 0.4703118402590535, -1.2168650980364204], "normalizedAxes": [-0.3554554581642151, 0.9346932172775269, 2.075435861564949e-16, 0, -2.220446049250313e-16, 1, 0.9346932172775269, 0.3554554581642151, 7.892696677651913e-17]}, "segments": [108374, 78440, 78651, 81019, 17669, 109627, 74158, 110378, 80854, 77888, 77882, 74454, 82990, 83369, 108191, 108243, 77900, 108225, 82778, 83460, 74386, 110373, 80864], "label": "pc"}, {"objectId": 43, "id": 43, "partId": 43, "index": 22, "dominantNormal": [0.8297674655914307, -0.5581092834472656, -1.239251553480404e-16], "obb": {"axesLengths": [0.705927631357954, 1.1718210316042368, 0.5193780766775644], "centroid": [2.2766871902144468, 0.5611950165114272, -1.5259696529331201], "normalizedAxes": [0.5581092834472656, 0.8297674655914307, 1.8424538907689373e-16, 0, -2.220446049250313e-16, 1, 0.8297674655914307, -0.5581092834472656, -1.239251553480404e-16]}, "segments": [78180, 78190, 78201, 77996, 78236, 78085, 81178, 81044, 81647, 81943, 82470, 110315, 110167, 110185, 110279, 82705, 82232, 110023, 81728, 110364, 81183, 82563, 110287], "label": "stool"}, {"objectId": 45, "id": 45, "partId": 45, "index": 23, "dominantNormal": [0.9966011047363281, -0.08237873017787933, -1.829175259657297e-17], "obb": {"axesLengths": [0.5447549209431395, 0.4474400181895488, 0.4252723130506986], "centroid": [2.095747726492906, 0.10117807994175998, -1.3132401142405017], "normalizedAxes": [0.08237873017787933, 0.9966011047363281, 2.2128989856902773e-16, 0, -2.220446049250313e-16, 1, 0.9966011047363281, -0.08237873017787933, -1.829175259657297e-17]}, "segments": [83658, 108428, 75555, 78660, 70661, 78657, 78626, 82016, 82063, 82102, 82167, 107072, 109846, 109848, 110631, 110592, 82144], "label": "backpack"}, {"objectId": 46, "id": 46, "partId": 46, "index": 24, "dominantNormal": [0, -2.220446049250313e-16, 1], "obb": {"axesLengths": [0.3943800355720177, 0.17662703596144108, 0.22523052935276494], "centroid": [1.0184119022432279, 1.5247735746199278, -0.6924796276845195], "normalizedAxes": [-0.39470452070236206, 0.918808102607727, 2.0401638214545038e-16, 0, -2.220446049250313e-16, 1, 0.918808102607727, 0.39470452070236206, 8.764200936147982e-17]}, "segments": [56928, 97866, 63482, 97873, 101561], "label": "laptop"}, {"objectId": 47, "id": 47, "partId": 47, "index": 25, "dominantNormal": [0, -2.220446049250313e-16, 1], "obb": {"axesLengths": [0.6631485394164885, 0.42453899030672787, 0.588057833630092], "centroid": [0.9412328833142003, 0.8735289185377517, -0.5784526516212747], "normalizedAxes": [0.7394699454307556, -0.6731895804405212, -1.4947811442856312e-16, 0, -2.220446049250313e-16, 1, -0.6731895804405212, -0.7394699454307556, -1.641953118871066e-16]}, "segments": [40188, 29084, 37048, 37056, 37079, 37080, 37132, 37145, 37156, 37159, 37243, 40104, 40119, 91836, 91840, 29576, 37976, 40247, 60659, 62909, 63060, 89383, 91858, 91877, 99134, 99179, 99226, 99232, 99240, 99244, 99246, 99249, 100897, 100914, 100916, 100874, 29035, 91901], "label": "monitor"}, {"objectId": 48, "id": 48, "partId": 48, "index": 26, "dominantNormal": [0, -2.220446049250313e-16, 1], "obb": {"axesLengths": [0.7022369948221374, 0.12473499496128443, 0.5843704440449115], "centroid": [0.3706275035465819, 1.0032886242167873, -0.747632638727449], "normalizedAxes": [0.9435985684394836, -0.3310917019844055, -7.351712616108353e-17, 0, -2.220446049250313e-16, 1, -0.3310917019844055, -0.9435985684394836, -2.0952097133697026e-16]}, "segments": [32142, 49786], "label": "laptop"}, {"objectId": 49, "id": 49, "partId": 49, "index": 27, "dominantNormal": [0, -2.220446049250313e-16, 1], "obb": {"axesLengths": [0.5177527329976588, 0.34158395957386567, 0.3500001724128518], "centroid": [0.896946756523413, 0.7078296582795328, -0.5992081358575563], "normalizedAxes": [0.6222708225250244, 0.7828020453453064, 1.73816970893205e-16, 0, -2.220446049250313e-16, 1, 0.7828020453453064, -0.6222708225250244, -1.3817187894394332e-16]}, "segments": [33339, 90283, 33355, 33357, 60651, 29153, 60813, 90286, 29066, 60749, 40206, 90317], "label": "telephone"}, {"objectId": 50, "id": 50, "partId": 50, "index": 28, "dominantNormal": [0.9013937711715698, 0.4330003261566162, 9.614538635385555e-17], "obb": {"axesLengths": [0.5202104941267662, 0.4554330008752719, 0.1595394106576925], "centroid": [0.7119939116955543, 1.076322940101509, -0.5347036330955479], "normalizedAxes": [-0.4330003261566162, 0.9013937711715698, 2.001496238016753e-16, 0, -2.220446049250313e-16, 1, 0.9013937711715698, 0.4330003261566162, 9.614538635385555e-17]}, "segments": [61308, 99362, 61335, 99367, 99370, 99374, 99378, 29578, 62867, 63080, 60643], "label": "monitor"}, {"objectId": 51, "id": 51, "partId": 51, "index": 29, "dominantNormal": [0, -2.220446049250313e-16, 1], "obb": {"axesLengths": [0.29372074930568615, 0.11469495040115074, 0.16268691738788715], "centroid": [0.5430156436005495, 0.42438845162777344, -0.7416576308501366], "normalizedAxes": [0.9004333019256592, -0.434994101524353, -9.658809341769393e-17, 0, -2.220446049250313e-16, 1, -0.434994101524353, -0.9004333019256592, -1.9993635678742443e-16]}, "segments": [33502, 33531, 33583], "label": "item"}, {"objectId": 52, "id": 52, "partId": 52, "index": 30, "dominantNormal": [0.29612892866134644, -0.9551479816436768, -2.1208545622901126e-16], "obb": {"axesLengths": [0.5070817684493653, 0.4003510087650042, 0.132869959871337], "centroid": [1.4396946995338178, 0.6011623793796971, -0.5886116372473986], "normalizedAxes": [0.9551479816436768, 0.29612892866134644, 6.575383097148145e-17, 0, -2.220446049250313e-16, 1, 0.29612892866134644, -0.9551479816436768, -2.1208545622901126e-16]}, "segments": [25847, 90206, 29883, 89985, 30034, 25697, 89463, 30006, 25784, 29962], "label": "monitor"}, {"objectId": 53, "id": 53, "partId": 53, "index": 31, "dominantNormal": [0.8399757742881775, 0.5426238775253296, 1.2048670450800038e-16], "obb": {"axesLengths": [0.5461023013496393, 0.41999998867511756, 0.2312182513152342], "centroid": [0.2535371895778876, -1.8456053069206648, -0.2600001458938457], "normalizedAxes": [-0.5426238775253296, 0.8399757742881775, 1.8651208894841564e-16, 0, -2.220446049250313e-16, 1, 0.8399757742881775, 0.5426238775253296, 1.2048670450800038e-16]}, "segments": [97285, 95409, 51075, 3409, 12891, 12930, 12950, 85972, 85974, 87539, 3362, 3095, 3349, 95389, 12919], "label": "bag"}, {"objectId": 54, "id": 54, "partId": 54, "index": 32, "dominantNormal": [0.9887017607688904, 0.14989595115184784, 3.3283587253373845e-17], "obb": {"axesLengths": [0.30456899701958207, 0.43999997846782235, 0.17899144047737753], "centroid": [0.44313815373273036, -2.2308006222853756, -0.2300001407156924], "normalizedAxes": [-0.14989595115184784, 0.9887017607688904, 2.1953589185861108e-16, 0, -2.220446049250313e-16, 1, 0.9887017607688904, 0.14989595115184784, 3.3283587253373845e-17]}, "segments": [48716, 47062, 56452], "label": "bag"}, {"objectId": 55, "id": 55, "partId": 55, "index": 33, "dominantNormal": [0.7901435494422913, -0.6129218339920044, -1.3609598647868024e-16], "obb": {"axesLengths": [0.44206770382631283, 0.4799999990314243, 0.24953239408740271], "centroid": [0.2846322395398496, -2.2146966769104117, -0.2500001509974932], "normalizedAxes": [0.6129218339920044, 0.7901435494422913, 1.754471122699755e-16, 0, -2.220446049250313e-16, 1, 0.7901435494422913, -0.6129218339920044, -1.3609598647868024e-16]}, "segments": [3398, 93076, 95353, 95247, 12798], "label": "bag"}, {"objectId": 56, "id": 56, "partId": 56, "index": 34, "dominantNormal": [0.8530833125114441, 0.5217747092247009, 1.158572591696718e-16], "obb": {"axesLengths": [0.31827382477319305, 0.5199999842047692, 0.1677048726347101], "centroid": [0.20034097749399138, -1.7560476539977303, -0.0500001552815772], "normalizedAxes": [-0.5217747092247009, 0.8530833125114441, 1.8942254709474062e-16, 0, -2.220446049250313e-16, 1, 0.8530833125114441, 0.5217747092247009, 1.158572591696718e-16]}, "segments": [85977, 85998, 3115, 86024], "label": "bag"}, {"objectId": 57, "id": 57, "partId": 57, "index": 35, "dominantNormal": [0.5414241552352905, -0.8407496213912964, -1.8668391752270006e-16], "obb": {"axesLengths": [1.2111729084381475, 2.1485599395209554, 0.29523042777808073], "centroid": [1.21078439240083, -2.1333633699264216, -0.4842801611028644], "normalizedAxes": [0.8407496213912964, 0.5414241552352905, 1.202203126460889e-16, 0, -2.220446049250313e-16, 1, 0.5414241552352905, -0.8407496213912964, -1.8668391752270006e-16]}, "segments": [105176, 70611, 68024, 61004, 61164, 61221, 61318, 68028, 68040, 68070, 71757, 71770, 71795, 71804, 71881, 71920, 103077, 103078, 103082, 104700, 104715, 105135, 69970, 105096, 67643, 61101, 61453, 60773, 61041, 61087, 61190, 71908, 33099, 52857, 49888, 31766, 43305, 43447, 48305, 48326, 48354, 48377, 48383, 48388, 48389, 48424, 48440, 48460, 48492, 48520, 49238, 49239, 49265, 49270, 49286, 49302, 49333, 49337, 49348, 49393, 49814, 49870, 49883, 49924, 49983, 50020, 50027, 50036, 50062, 50069, 50088, 50092, 50158, 50184, 50222, 50402, 50442, 50450, 50703, 50790, 50821, 50853, 50921, 50948, 51171, 51174, 51228, 51265, 51328, 51377, 51430, 51432, 51444, 51560, 51609, 51621, 51629, 51855, 51939, 51988, 52003, 52086, 52147, 52156, 52186, 52404, 52592, 52594, 53123, 54540, 54676, 54685, 54793, 54819, 54991, 55006, 55202, 55244, 55295, 55311, 55494, 55497, 55602, 55652, 91500, 92922, 92933, 92938, 92939, 92941, 93312, 93385, 93387, 93455, 93484, 93497, 93503, 93507, 93512, 93590, 93594, 93602, 93611, 93631, 93633, 93634, 93636, 93642, 94462, 94549, 94555, 94556, 94564, 94574, 94600, 94628, 94666, 94684, 94879], "label": "door"}, {"objectId": 58, "id": 58, "partId": 58, "index": 36, "dominantNormal": [0.784239649772644, 0.6204580068588257, 1.3776935300554031e-16], "obb": {"axesLengths": [0.6186617019100062, 0.401749959548936, 0.2996832266136659], "centroid": [0.39942136866222544, -2.1329532882669544, -1.3508750821569238], "normalizedAxes": [-0.6204580068588257, 0.784239649772644, 1.7413618320031167e-16, 0, -2.220446049250313e-16, 1, 0.784239649772644, 0.6204580068588257, 1.3776935300554031e-16]}, "segments": [58562, 58278, 57816, 58326, 58483, 58891, 58902, 58915, 57705, 57948, 9980, 10000, 10004, 10349, 58323, 58498, 58663, 58934, 87196, 97015], "label": "box"}, {"objectId": 59, "id": 59, "partId": 59, "index": 37, "dominantNormal": [-0.5761013031005859, -0.8173782825469971, -1.8149443782244858e-16], "obb": {"axesLengths": [0.3919540094487477, 0.44722997142605525, 0.3396607270885723], "centroid": [0.36975996244733234, -1.923508972500953, -1.3319451242365354], "normalizedAxes": [0.8173782825469971, -0.5761013031005859, -1.2792018624376532e-16, 0, -2.220446049250313e-16, 1, -0.5761013031005859, -0.8173782825469971, -1.8149443782244858e-16]}, "segments": [59751, 58612, 59754, 59368, 12369, 58778, 87445, 97472], "label": "box"}, {"objectId": 60, "id": 60, "partId": 60, "index": 38, "dominantNormal": [0.9738854765892029, 0.22703984379768372, 5.04129724182975e-17], "obb": {"axesLengths": [0.6170058272873745, 0.38388990497835174, 0.38269809383477216], "centroid": [-0.05745017360089277, -1.117153634363323, -1.3819451350398773], "normalizedAxes": [-0.2270398586988449, 0.9738854765892029, 2.1624601589147538e-16, 0, -2.220446049250313e-16, 1, 0.9738854765892029, 0.2270398586988449, 5.041297572701995e-17]}, "segments": [11898, 3925, 11941, 4035, 3733, 3910, 3941, 4548, 4536, 3838, 3866, 3924, 4547, 4563, 4571, 4572, 4587, 86247, 86251], "label": "trash can"}, {"objectId": 73, "id": 73, "partId": 73, "index": 39, "dominantNormal": [0, -2.220446049250313e-16, 1], "obb": {"axesLengths": [0.6558172125422428, 0.13039993948340545, 0.579234405623706], "centroid": [0.729031496975951, -0.1500728791214555, -0.935200106992875], "normalizedAxes": [-0.6811840534210205, 0.7321122288703918, 1.6256157062031026e-16, 0, -2.220446049250313e-16, 1, 0.7321122288703918, 0.6811840534210205, 1.5125324402310192e-16]}, "segments": [102582, 102616, 94613, 70281, 102602, 65037, 28704], "label": "table"}, {"objectId": 72, "id": 72, "initialPoint": [3.1238520095779747, -0.6703039827011963, 0.877472653498379], "index": 40, "dominantNormal": [0, -2.220446049250313e-16, 1], "obb": {"axesLengths": [0.542445145773503, 0.25181495580490765, 0.382723052606905], "centroid": [3.3592221904764696, -0.7148022391456978, 0.7959073276872703], "normalizedAxes": [0.80215984582901, 0.597109317779541, 1.3258490256341316e-16, 0, -2.220446049250313e-16, 1, 0.597109317779541, -0.80215984582901, -1.7811526605382655e-16]}, "segments": [27276, 26851, 88681, 26733, 25709, 23344, 25410, 27359, 88615], "partId": 72, "label": "documents"}, {"objectId": 85, "id": 85, "initialPoint": [1.7714096828229957, 2.5772452412114677, -1.217113908734401], "index": 41, "dominantNormal": [-0.6330211162567139, -0.7741345167160034, -1.7189239292303502e-16], "obb": {"axesLengths": [0.6257424574810542, 0.5229809763361293, 0.3295854400764384], "centroid": [1.8267136200357428, 2.645230869264937, -1.2485096204728787], "normalizedAxes": [0.7741345167160034, -0.6330211162567139, 