{"segGroups": [{"objectId": 68, "id": 68, "partId": 68, "index": 2, "dominantNormal": [0.957748532295227, -0.2876068353652954, -6.386154613242554e-17], "obb": {"axesLengths": [0.897172002845029, 2.0342799566474556, 0.5762585085922111], "centroid": [2.075120223639377, -1.0131324008396025, -0.4671400625152895], "normalizedAxes": [0.2876068353652954, 0.957748532295227, 2.1266289447102228e-16, 0, -2.220446049250313e-16, 1, 0.957748532295227, -0.2876068353652954, -6.386154613242554e-17]}, "segments": [13031, 84320, 84302, 84124, 89279, 58264, 58139, 57879, 87493, 80474, 86705], "label": "doorframe"}, {"objectId": 1, "id": 1, "partId": 1, "index": 3, "dominantNormal": [0, -2.220446049250313e-16, 1], "obb": {"axesLengths": [9.47977082507836, 0.4599999086558837, 6.5572521659594685], "centroid": [-0.3569570556269428, 1.4039754126847757, -1.4200000687688583], "normalizedAxes": [-0.4889909625053406, 0.8722888231277466, 1.93687027111921e-16, 0, -2.220446049250313e-16, 1, 0.8722888231277466, 0.4889909625053406, 1.0857780508140915e-16]}, "segments": [74112, 1988, 3599, 54688, 76408, 61036, 61084, 71884, 72804, 99147, 78145, 78165, 58058, 101720, 83231, 84471, 84200, 84224, 84525, 99408, 138181, 84533, 83667, 47494, 53140, 139403, 47199, 139400, 39929, 42952, 44079, 44120, 9813, 139558, 69077, 93761, 138376, 48387, 39098, 64890, 65377, 140164, 140176, 79765, 76582, 59993, 138347, 63927, 63382, 60156, 7208, 67545, 10994, 107602, 140715, 104218, 103756, 101811, 105014, 107215, 105470, 101747, 100640, 100689, 63186, 102628, 138065, 19756, 16700, 19748, 95199, 54981, 54949, 66608, 62940, 90653, 62769, 48326, 95977, 55718, 40364, 40344, 46363, 6097, 6344, 20938, 6119, 35361, 6101, 6398, 29499, 139453], "label": "floor"}, {"objectId": 2, "id": 2, "partId": 2, "index": 4, "dominantNormal": [-0.47063398361206055, -0.8823285698890686, -1.9591629871508611e-16], "obb": {"axesLengths": [2.5023181154394805, 2.0212099994448565, 0.33815467344323225], "centroid": [-2.033895767041837, -0.6260016221797131, -0.5406050952388719], "normalizedAxes": [0.8823285698890686, -0.47063398361206055, -1.0450173695543364e-16, 0, -2.220446049250313e-16, 1, -0.47063398361206055, -0.8823285698890686, -1.9591629871508611e-16]}, "segments": [85906, 40486, 40609, 85789, 85847, 115609, 34746, 32000, 115451, 43412, 31968, 134263, 91192, 74518, 59930, 85793, 41743, 41432, 42424, 71427, 128689, 115475, 128822, 128858, 91510, 133287, 129489, 91516, 74868, 128484, 131304, 64967, 132953, 74975, 131264, 10102, 131223, 131282, 87698, 134322, 134253, 89402, 132977, 74959, 132993, 121075, 73959, 98020, 10022, 10035, 61128, 90996, 128654, 108732, 82783, 114056, 114373, 41772, 49035, 49124, 115394, 48993, 43418, 133280, 53600, 53519, 117749, 116658, 53501, 48132, 53684, 44884, 44899, 116618, 49048, 115399, 139588, 115651, 114419, 48565, 129470, 42326, 42434, 46643, 90916, 89785, 92352, 90735, 75592, 46682, 113662, 128809, 92385, 125057, 92281, 42655, 41975, 48508, 133025, 125655, 42377, 116692, 98097, 98094], "label": "curtain"}, {"objectId": 3, "id": 3, "partId": 3, "index": 5, "dominantNormal": [-0.47399619221687317, -0.8805269002914429, -1.9551624770107587e-16], "obb": {"axesLengths": [3.8522648040829295, 2.558929862999992, 0.42637298959343883], "centroid": [-1.7958198363110187, -0.6186443886818802, -0.2294650864720722], "normalizedAxes": [0.8805269002914429, -0.47399619221687317, -1.052482972367648e-16, 0, -2.220446049250313e-16, 1, -0.47399619221687317, -0.8805269002914429, -1.9551624770107587e-16]}, "segments": [19616, 23592, 78244, 78001, 127532, 127302, 19759, 69889, 72300, 10251, 33337, 33312, 116767, 86821, 82564, 21046, 20290, 81732, 83761, 70253, 72448], "label": "wall"}, {"objectId": 4, "id": 4, "partId": 4, "index": 6, "dominantNormal": [0.0773039385676384, -0.9970075488090515, -2.213801472825797e-16], "obb": {"axesLengths": [0.6349926803399575, 2.14926995003365, 0.48255097760381715], "centroid": [-0.233275088848099, -1.00776067705387, -0.4680150586810343], "normalizedAxes": [0.9970075488090515, 0.0773039385676384, 1.716492249840016e-17, 0, -2.220446049250313e-16, 1, 0.0773039385676384, -0.9970075488090515, -2.213801472825797e-16]}, "segments": [110035, 9108, 9111, 9172, 8356, 70946, 35041, 123043, 124692, 124727, 86828, 123198, 78767, 120155, 120111, 105573, 100951, 88478, 84809, 35056, 68311, 68333, 71100, 72700, 78403, 78453, 78469, 78599, 78608, 78667, 78702, 78797, 78805, 78959, 79033, 84933, 86518, 100952, 113032, 113034, 118096, 119967, 120031, 120053, 120056, 120717, 123204, 123214, 123514, 123525, 125770, 84737, 84703, 129861, 84803, 23608, 43016, 87058, 87062, 87082, 93110, 119370, 119501, 119693, 119697, 119709, 120064, 123168, 125760, 129856, 129961, 72666, 72624, 10482, 8376, 10481, 28722, 28733, 29083, 29372, 69119, 86981, 120802, 120808, 123163, 129823], "label": "clock"}, {"objectId": 5, "id": 5, "partId": 5, "index": 7, "dominantNormal": [0.9198201894760132, -0.39234015345573425, -8.711701437030467e-17], "obb": {"axesLengths": [6.739198037864749, 2.6093298805654808, 1.0835566691553515], "centroid": [1.190282269367543, 1.1533277608263424, -0.23253508323725391], "normalizedAxes": [0.39234012365341187, 0.9198201894760132, 2.042411105742688e-16, 0, -2.220446049250313e-16, 1, 0.9198201894760132, -0.39234012365341187, -8.711700775285977e-17]}, "segments": [22611, 15180, 46928, 77037, 76872, 77124, 77236, 85267, 129881, 77025, 96635, 56306, 13278, 72461, 126949, 26662, 70133, 4352, 9384, 4289, 13758, 27, 136412, 136416, 90687, 136329, 1883, 9482, 3641, 72433, 1753, 109284, 236, 150, 215, 113767, 5573, 76518, 107282, 18392, 38738, 39031, 22517, 17559, 122730, 27671, 122974, 122824, 122964, 27731, 76327, 97325, 24871, 76339, 119155, 76274, 34983, 10132], "label": "wall"}, {"objectId": 7, "id": 7, "partId": 7, "index": 8, "dominantNormal": [0.8842280507087708, -0.46705538034439087, -1.037071274066805e-16], "obb": {"axesLengths": [0.798590983232395, 0.5799999796599151, 0.18646600993487902], "centroid": [2.4911956343693995, 3.7851967985123167, 0.27999990645796036], "normalizedAxes": [0.46705541014671326, 0.8842280507087708, 1.9633806818325955e-16, 0, -2.220446049250313e-16, 1, 0.8842280507087708, -0.46705541014671326, -1.037071340241254e-16]}, "segments": [109472, 105945, 2690, 109433, 137216, 537, 491, 7550, 125147, 8050, 105920, 109358, 109503, 8779, 8729, 8774, 7897, 105872, 109459, 3113], "label": "cabinet"}, {"objectId": 8, "id": 8, "partId": 8, "index": 9, "dominantNormal": [0.8694624900817871, -0.4939989447593689, -1.0968980052247643e-16], "obb": {"axesLengths": [2.376360922855355, 1.367608010002791, 0.8035094771251402], "centroid": [1.8519511394613462, 3.2945608749427344, -0.8066560836883785], "normalizedAxes": [0.4939989447593689, 0.8694624900817871, 1.9305945510734437e-16, 0, -2.220446049250313e-16, 1, 0.8694624900817871, -0.4939989447593689, -1.0968980052247643e-16]}, "segments": [135524, 135514, 135551, 45063, 76749, 32486, 101727, 101775, 111887, 99025, 109408, 50142, 3585, 1809, 66930, 5741, 908, 117712, 4091, 122741, 76815, 129114, 129167, 129046, 29012, 126938, 32452, 86870, 126799, 127171, 81406, 90911, 96064, 89433, 118982, 55778, 50795, 32624, 103111, 132782, 95663, 132774, 97851, 132725, 57442, 132722, 126519, 126446, 94674, 94536, 94827, 96529, 94539, 103326, 102933, 103338, 126556, 126573, 97755, 96479, 129839, 96607, 991, 1282, 1302, 1321, 1332, 1340, 1360, 1376, 1400, 1407, 1773, 2083, 3969, 4130, 5661, 6833, 7240, 7638, 8277, 8874, 9037, 9316, 9336, 9406, 17729, 28991, 29031, 29036, 29054, 29108, 29457, 31274, 48438, 49502, 49512, 49557, 56351, 56402, 62745, 66656, 66659, 66729, 66787, 66879, 67250, 67300, 68923, 68935, 68993, 68994, 69005, 69071, 73734, 74745, 76719, 76721, 76737, 76767, 76772, 86969, 89150, 94491, 94603, 94673, 94692, 94724, 94771, 94815, 94861, 94891, 96268, 96371, 96400, 96420, 96431, 96531, 96616, 96617, 96623, 96640, 97791, 97802, 97844, 97849, 97882, 97903, 98039, 101222, 101251, 101809, 101865, 101931, 101969, 102768, 102777, 102782, 102923, 103004, 103090, 103161, 103186, 103243, 103252, 103275, 103292, 103390, 103397, 103507, 103549, 103562, 103647, 104657, 106504, 106529, 106533, 106544, 106550, 106561, 106591, 106605, 106606, 106625, 106876, 106904, 107009, 108029, 108039, 108122, 108131, 108133, 108135, 109321, 109936, 109979, 110465, 110466, 110575, 111875, 112463, 113928, 117722, 118834, 125794, 126549, 126579, 126825, 126881, 126900, 126904, 129181, 129198, 129205, 129689, 129692, 129854, 129999, 130051, 132694, 132697, 132816, 134366, 134585, 134689, 135537, 135781, 135785, 135837, 135850, 135854, 135855, 137684, 137686, 137783, 137789, 137807, 141156, 141182, 101533, 134665, 2527, 134505, 97, 106, 127, 180, 229, 695, 790, 1905, 4267, 4271, 4277, 4331, 8547, 8578, 8597, 8620, 8856, 9351, 101486, 109249, 109267, 649, 647], "label": "counter"}, {"objectId": 9, "id": 9, "partId": 9, "index": 10, "dominantNormal": [0.8619280457496643, -0.5070306062698364, -1.1258341065408493e-16], "obb": {"axesLengths": [0.9491562529196539, 0.6837599720710519, 0.632449759122487], "centroid": [1.2191593384715167, 1.9127870039581378, -1.1518800541338332], "normalizedAxes": [0.5070306062698364, 0.8619280457496643, 1.9138647239228852e-16, 0, -2.220446049250313e-16, 1, 0.8619280457496643, -0.5070306062698364, -1.1258341065408493e-16]}, "segments": [68883, 133448, 99623, 99711, 133617, 99625, 33705, 127808, 69907, 31611, 117995, 123646, 60762, 68853, 37308, 31559, 31820, 32008, 32086, 32371, 33787, 33859, 37049, 37159, 54532, 61838, 61965, 70344, 70419, 70447, 74393, 75157, 89027, 89692, 89702, 96984, 111331, 111336, 111354, 111357, 111661, 111664, 111687, 114755, 116579, 118031, 118054, 121257, 123676, 62273, 75103, 121496, 83604, 69403, 27048, 27440], "label": "table"}, {"objectId": 10, "id": 10, "partId": 10, "index": 11, "dominantNormal": [0, -2.220446049250313e-16, 1], "obb": {"axesLengths": [1.5139265442405498, 0.5538929577046711, 0.6061108782576629], "centroid": [1.2863711533244209, 4.505077243568792, -1.2330535616788234], "normalizedAxes": [0.8606023788452148, -0.5092775225639343, -1.1308232629490752e-16, 0, -2.220446049250313e-16, 1, -0.5092775225639343, -0.8606023788452148, -1.9109211520822785e-16]}, "segments": [13702, 65365, 38364, 51158, 12485, 12465, 12502, 12518, 12539, 13657, 13667, 13699, 38940, 110316, 112069, 64811, 38318, 135607, 12222, 13386, 12176, 17343, 29540, 50954, 51175, 51231, 64750, 110311, 114157, 114162, 114167, 12229, 12250, 110203, 114142, 11974], "label": "cabinet"}, {"objectId": 11, "id": 11, "partId": 11, "index": 12, "dominantNormal": [0, -2.220446049250313e-16, 1], "obb": {"axesLengths": [0.8400668668433308, 0.6542739125875996, 0.6684478493054216], "centroid": [0.12337037394577388, 5.13352059552564, -1.1759030500225058], "normalizedAxes": [0.9500444531440735, -0.31211456656455994, -6.93033556241751e-17, 0, -2.220446049250313e-16, 1, -0.31211456656455994, -0.9500444531440735, -2.1095224525959322e-16]}, "segments": [99334, 103527, 102089, 14427, 14339, 14351, 14369, 14380, 14395, 14397, 14416, 14426, 14430, 14440, 14448, 14449, 14458, 14461, 64293, 64326, 64369, 64372, 64406, 100354, 100370, 102168, 102177, 102359, 103926, 110397, 110399, 110401, 110405, 110409, 110411, 118958, 134215, 134216, 134782, 134877, 134880, 134883, 135116, 135232, 135234, 135237, 135859, 135865, 134864, 64333, 64438, 64443, 64459, 64482, 64493, 64521, 65543, 65580, 103902, 103991, 118961, 118970, 119032, 134819, 134873, 134909, 135885, 135894, 135898, 118996, 100386, 64513, 64550, 64561, 64473, 103631, 10841, 4877, 13388, 65765, 135149, 12750, 12792, 12805, 12932, 12936, 13749, 13873, 65518, 65524, 65551, 100410, 110293, 110264, 110268, 12711, 138598, 13959], "label": "table"}, {"objectId": 12, "id": 12, "partId": 12, "index": 13, "dominantNormal": [0, -2.220446049250313e-16, 1], "obb": {"axesLengths": [0.4263269501439624, 0.1746019682004607, 0.41140763752427406], "centroid": [-0.3979099960151101, 5.440381111436478, -1.0504190631117152], "normalizedAxes": [-0.24947711825370789, 0.9683806896209717, 2.1502370764391802e-16, 0, -2.220446049250313e-16, 1, 0.9683806896209717, 0.24947711825370789, 5.5395048160479884e-17]}, "segments": [25914, 25973, 26003, 102387, 25960, 59189, 59224, 117837, 102858], "label": "table"}, {"objectId": 13, "id": 13, "partId": 13, "index": 14, "dominantNormal": [-0.20808957517147064, -0.9781097769737244, -2.171839990014411e-16], "obb": {"axesLengths": [0.6734378459243494, 1.3015169508416136, 0.34667266421967885], "centroid": [-1.1174091995300686, 6.209181369303278, -0.8621315558523356], "normalizedAxes": [0.9781097769737244, -0.20808956027030945, -4.620516419924435e-17, 0, -2.220446049250313e-16, 1, -0.20808956027030945, -0.9781097769737244, -2.171839990014411e-16]}, "segments": [23021, 123429, 132041, 82211, 92579, 82426, 78915, 78658], "label": "heater"}, {"objectId": 14, "id": 14, "partId": 14, "index": 15, "dominantNormal": [-0.4494234025478363, -0.8933188915252686, -1.9835664034079515e-16], "obb": {"axesLengths": [4.681321178014862, 2.4489098835980165, 0.8512234501455723], "centroid": [0.5789520767158092, 5.0294285500515095, -0.2744550587731236], "normalizedAxes": [0.8933188915252686, -0.4494234025478363, -9.979204186279762e-17, 0, -2.220446049250313e-16, 1, -0.4494234025478363, -0.8933188915252686, -1.9835664034079515e-16]}, "segments": [106333, 133957, 2229, 2279, 2296, 2379, 2385, 2393, 2497, 2517, 2524, 65684, 92642, 102871, 109019, 109044, 123456, 125694, 135479, 96425, 46750, 50285, 49618, 133942, 38311, 11569, 11327, 16062, 36708, 100162, 134103, 5914, 95722, 5881, 21306, 49761, 94001, 62004, 67181, 50088, 39853, 132078, 14222, 60081, 133334, 47681, 100233, 134193, 110520, 98893, 98987, 110545, 17177, 17247, 98858, 134188, 134201, 110232, 127093, 11628, 110176, 11653, 11474, 110155, 11576], "label": "wall"}, {"objectId": 15, "id": 15, "partId": 15, "index": 16, "dominantNormal": [-0.5093268752098083, -0.8605731129646301, -1.9108561687733563e-16], "obb": {"axesLengths": [0.764265893976618, 1.4759189752656443, 0.16980948178556227], "centroid": [-0.2306468733474767, 5.753352656921309, 0.24795940522940052], "normalizedAxes": [0.8605731129646301, -0.5093268752098083, -1.1309328478366262e-16, 0, -2.220446049250313e-16, 1, -0.5093268752098083, -0.8605731129646301, -1.9108561687733563e-16]}, "segments": [96063, 98452, 134017, 89944, 45667, 46029, 98694], "label": "bookshelf"}, {"objectId": 16, "id": 16, "partId": 16, "index": 17, "dominantNormal": [-0.47194904088974, -0.8816258311271667, -1.957602593643341e-16], "obb": {"axesLengths": [1.432646530503616, 0.499999986961484, 0.19844541859918502], "centroid": [1.006223276688359, 5.08255006793903, 0.21999991100281457], "normalizedAxes": [0.8816258311271667, -0.47194904088974, -1.0479373832910976e-16, 0, -2.220446049250313e-16, 1, -0.47194904088974, -0.8816258311271667, -1.957602593643341e-16]}, "segments": [88776, 88793, 56617, 70846, 70878, 70859, 120404, 54357, 127122, 67232, 71211, 131834, 62042, 94098, 95570, 88753, 95590, 95221, 95245, 54304, 54309, 49682, 88762, 54374, 54387, 70967, 70982, 70985, 88744, 120478, 120483, 120485, 120490, 127179], "label": "shelf"}, {"objectId": 17, "id": 17, "partId": 17, "index": 18, "dominantNormal": [-0.43388545513153076, -0.9009680151939392, -2.0005508698382784e-16], "obb": {"axesLengths": [1.5450251122508092, 0.9690553664627212, 0.20718752273488183], "centroid": [0.9400967104984528, 5.093870774547312, -0.46547236743258824], "normalizedAxes": [0.9009680151939392, -0.43388548493385315, -9.634193108484305e-17, 0, -2.220446049250313e-16, 1, -0.43388548493385315, -0.9009680151939392, -2.0005508698382784e-16]}, "segments": [14563, 57147, 11268, 88331, 95402, 11262, 15775, 15865, 15868, 17083, 37979, 45096, 45156, 45169, 62978, 88250, 88275, 88280, 88281, 88318, 88352, 94361, 95334, 95345, 110132, 110138, 127063, 131782, 134211, 15931, 34627, 102661, 15837, 15919, 34660, 37987, 38177, 38189, 44707, 54057, 54141, 54176, 54528, 54548, 113652, 113654, 116880, 135405, 135426, 15890], "label": "tv"}, {"objectId": 18, "id": 18, "partId": 18, "index": 19, "dominantNormal": [0.6763710379600525, -0.7365610599517822, -1.6354940956015578e-16], "obb": {"axesLengths": [0.8276809851543766, 2.2131499153416616, 0.47584884816194767], "centroid": [-1.6255161193852241, 5.9817421833445135, -0.4272850600491842], "normalizedAxes": [0.7365610599517822, 0.6763710379600525, 1.501845399065732e-16, 0, -2.220446049250313e-16, 1, 0.6763710379600525, -0.7365610599517822, -1.6354940956015578e-16]}, "segments": [23851, 79612, 133097, 21324, 108261, 24572, 22660, 137880, 43609, 41342, 137903, 102385, 137829, 137842, 11214, 11087, 11110, 11114, 21900, 78365, 79438, 79616, 83613, 83685, 92462, 92485, 106692, 106700, 106738, 106740, 106746, 106757, 106774, 106788, 106792, 107653, 107671, 107727, 107842, 108586, 109736, 133159, 133239, 133384, 137808, 137814, 137816, 137817, 109746, 9003, 8839, 8867, 11034, 21624, 21666, 21820, 21897, 41474, 41530, 41590, 41600, 43060, 92449, 92465, 109490, 109768, 112670, 133360, 137847, 10855, 10925, 10929, 10930, 10954, 109724, 112982, 43440, 79563, 21703, 21754, 111243, 24078, 8382, 8584, 8626, 8672, 8728, 8786, 8795, 8968, 10995, 21682, 21714, 21753, 21808, 22893, 23837, 23911, 24005, 24030, 41209, 41258, 41289, 41290, 41295, 41298, 41301, 41355, 41389, 41435, 41440, 41448, 41458, 41509, 41666, 41676, 41687, 41688, 41746, 41765, 41810, 41887, 41912, 41913, 41915, 41991, 42042, 42055, 42095, 42967, 42986, 43014, 43043, 43047, 43061, 43073, 43085, 43200, 43218, 43221, 43250, 43416, 43446, 43533, 43535, 43540, 43584, 77393, 78370, 79413, 79444, 79561, 79565, 79601, 79604, 79605, 79606, 79620, 79630, 79680, 79681, 79687, 79749, 104289, 104360, 104474, 110760, 110922, 110924, 111226, 111304, 111328, 112642, 112665, 112683, 112684, 112711, 112716, 112751, 112753, 112763, 112766, 112768, 112771, 112773, 112894, 112909, 112912, 112933, 123628, 123684, 135998, 136106, 21621, 41732, 41869, 112737, 112739, 41823], "label": "wall"}, {"objectId": 19, "id": 19, "partId": 19, "index": 20, "dominantNormal": [0.8988886475563049, -0.4381771981716156, -9.729488285517354e-17], "obb": {"axesLengths": [0.8124358363584193, 2.129080009555517, 0.353861225279128], "centroid": [1.7968371209252014, 1.921586741904717, -0.4545400879262391], "normalizedAxes": [0.4381771683692932, 0.8988886475563049, 1.9959337461823544e-16, 0, -2.220446049250313e-16, 1, 0.8988886475563049, -0.4381771683692932, -9.729487623772864e-17]}, "segments": [121183, 16640, 83639, 38726, 96824, 16515, 129973, 45907, 114820, 117446, 45284, 39022, 39024, 39045], "label": "closet"}, {"objectId": 20, "id": 20, "partId": 20, "index": 21, "dominantNormal": [0.8913863897323608, -0.45324423909187317, -1.0064043800370141e-16], "obb": {"axesLengths": [0.686677557439588, 1.3579899663182349, 0.5557404301217073], "centroid": [1.8002065101147955, 1.9086288494469192, -0.3289950807617237], "normalizedAxes": [0.45324423909187317, 0.8913863897323608, 1.9792753874367205e-16, 0, -2.220446049250313e-16, 1, 0.8913863897323608, -0.45324423909187317, -1.0064043800370141e-16]}, "segments": [36519, 37902, 16048, 132394, 16324, 16373, 16393, 16834, 16854, 16872, 16897, 35335, 35341, 35393, 36512, 93407, 93461, 96225, 96790, 96822, 110500, 110515, 110518, 132250, 16888, 16905, 35431, 35500, 130055, 16835, 113728, 16018, 132232, 16148, 36555, 36600, 37949, 96787, 132316, 11874, 11889, 12003, 37930, 83833, 121096, 36609, 38663, 37862, 98805, 37894, 16498], "label": "clothes"}, {"objectId": 21, "id": 21, "partId": 21, "index": 22, "dominantNormal": [0.8925188183784485, -0.45101019740104675, -1.0014438109907581e-16], "obb": {"axesLengths": [4.799145634339474, 2.6095998896002794, 0.6243496215955989], "centroid": [2.287966532584831, -0.4811296398968561, -0.2252000762104993], "normalizedAxes": [0.45101016759872437, 0.8925188183784485, 1.9817898841499837e-16, 0, -2.220446049250313e-16, 1, 0.8925188183784485, -0.45101016759872437, -1.0014437448163091e-16]}, "segments": [9459, 3429, 77811, 56374, 35098, 12404, 121927, 73551, 63712, 25084, 14118, 93212, 97165, 10264, 76362, 33110, 9597], "label": "wall"}, {"objectId": 22, "id": 22, "partId": 22, "index": 23, "dominantNormal": [-0.4563656747341156, -0.8897923231124878, -1.9757358485083816e-16], "obb": {"axesLengths": [1.2228556090595926, 2.09779990990907, 0.12204566636627275], "centroid": [2.6922248292571713, 1.9569243043284026, -0.49890003914609693], "normalizedAxes": [0.8897923231124878, -0.4563656747341156, -1.0133353594768204e-16, 0, -2.220446049250313e-16, 1, -0.4563656747341156, -0.8897923231124878, -1.9757358485083816e-16]}, "segments": [4410, 32413, 45632, 19947, 20624, 19988, 20652, 4591], "label": "door"}, {"objectId": 23, "id": 23, "partId": 23, "index": 24, "dominantNormal": [0.8006925582885742, -0.599075436592102, -1.3302146863838394e-16], "obb": {"axesLengths": [1.2010692428797356, 1.4000000044703473, 0.43660750024162287], "centroid": [1.2596717883728763, -1.9828562459760244, -0.2700000885128975], "normalizedAxes": [0.599075436592102, 0.8006925582885742, 1.7778946277159906e-16, 0, -2.220446049250313e-16, 1, 0.8006925582885742, -0.599075436592102, -1.3302146863838394e-16]}, "segments": [122274, 122336, 68176, 75991, 75927, 122412, 68174, 75231, 122395, 7522, 8290, 72090, 71671, 71756, 122243, 71270, 71258, 67574, 67547, 27196, 72282, 72178, 70134, 120678, 72076, 71741, 94940, 122239, 62543, 67253, 27087, 27325, 56829, 56832, 62155, 63050, 63059, 68765, 71043, 71082, 71767, 72179, 72183, 72190, 72274, 94889, 94914, 111769, 111809, 120014, 120704, 120000, 68734, 68715], "label": "clothes"}, {"objectId": 24, "id": 24, "partId": 24, "index": 25, "dominantNormal": [0.9093226790428162, -0.4160916209220886, -9.239089958026106e-17], "obb": {"axesLengths": [1.22435547165859, 0.768415970316172, 0.5385336178285982], "centroid": [2.145189865057671, 0.12134230274699354, -1.116412072634429], "normalizedAxes": [0.41609159111976624, 0.9093226790428162, 2.0191019501743316e-16, 0, -2.220446049250313e-16, 1, 0.9093226790428162, -0.41609159111976624, -9.239089296281616e-17]}, "segments": [9793, 99820, 135042, 1034, 30290, 117886, 117893, 117900, 117946, 117959, 10304, 59815, 104841, 60248, 18466, 108635, 19458, 21402, 20509, 58474, 117978], "label": "cabinet"}, {"objectId": 25, "id": 25, "partId": 25, "index": 26, "dominantNormal": [0.8668762445449829, -0.4985233545303345, -1.1069442130258943e-16], "obb": {"axesLengths": [0.6549076618660452, 0.939999976605177, 0.1453105080141902], "centroid": [2.3916451923363993, 0.010824512533121444, -0.10000007562339364], "normalizedAxes": [0.4985233247280121, 0.8668763041496277, 1.9248520647377536e-16, 0, -2.220446049250313e-16, 1, 0.8668763041496277, -0.4985233247280121, -1.1069441468514453e-16]}, "segments": [50612, 14979, 51776, 57302, 66514, 104923, 131433, 50472, 77742, 107994, 65004, 131753], "label": "frame"}, {"objectId": 27, "id": 27, "partId": 27, "index": 27, "dominantNormal": [-0.4591812789440155, -0.8883426189422607, -1.9725168586110192e-16], "obb": {"axesLengths": [1.0598951994180608, 2.0080379394880388, 0.2914335493497829], "centroid": [0.5648578753381122, -2.3246153415436632, -0.49431107764741045], "normalizedAxes": [0.888342559337616, -0.4591812789440155, -1.0195872567209452e-16, 0, -2.220446049250313e-16, 1, -0.4591812789440155, -0.888342559337616, -1.9725167262621212e-16]}, "segments": [6173, 50502, 77928, 6623, 14033, 35700, 50425, 56712, 56762, 56804, 61593, 61594, 61613, 61615, 61628, 61640, 61694, 61698, 61710, 61805, 62170, 62199, 62506, 62552, 62672, 110358, 117548, 117559, 117561, 118302, 118329, 118335, 118479, 118481, 39693], "label": "door"}, {"objectId": 28, "id": 28, "partId": 28, "index": 28, "dominantNormal": [-0.44356295466423035, -0.8962432146072388, -1.9900597050420438e-16], "obb": {"axesLengths": [1.286376547280739, 2.5999999657273287, 0.42988574911164945], "centroid": [0.5646705485937744, -2.218918233783117, -0.21000005766749452], "normalizedAxes": [0.8962432146072388, -0.44356295466423035, -9.84907610277986e-17, 0, -2.220446049250313e-16, 1, -0.44356295466423035, -0.8962432146072388, -1.9900597050420438e-16]}, "segments": [6658, 23248, 32400, 76883, 6840, 11135, 110390, 35701, 120536, 118326, 94843, 61728, 131484, 61644, 62626, 118500, 62535, 61646, 61843, 35760, 117544, 56764, 117566, 113059, 131556, 95003], "label": "wall"}, {"objectId": 29, "id": 29, "partId": 29, "index": 29, "dominantNormal": [-0.44009149074554443, -0.8979529142379761, -1.9938560008325192e-16], "obb": {"axesLengths": [0.5108551905054265, 0.4399999877810479, 0.03482346754296013], "centroid": [0.6070246800190697, -2.287246434187038, 0.7099999086558815], "normalizedAxes": [0.8979529142379761, -0.4400915205478668, -9.771994781090739e-17, 0, -2.220446049250313e-16, 1, -0.4400915205478668, -0.8979529142379761, -1.9938560008325192e-16]}, "segments": [32051], "label": "frame"}, {"objectId": 30, "id": 30, "partId": 30, "index": 30, "dominantNormal": [0.95933997631073, 0.28225305676460266, 6.267276847817863e-17], "obb": {"axesLengths": [0.3621290720580693, 1.995368972524203, 0.1568601256202985], "centroid": [3.414774096063663, 1.3342590094156006, -0.4995255898790323], "normalizedAxes": [-0.28225305676460266, 0.95933997631073, 2.1301626602870493e-16, 0, -2.220446049250313e-16, 1, 0.95933997631073, 0.28225305676460266, 6.267276847817863e-17]}, "segments": [2311, 55245, 2978, 2213, 78426], "label": "door"}, {"objectId": 31, "id": 31, "partId": 31, "index": 31, "dominantNormal": [0, -2.220446049250313e-16, 1], "obb": {"axesLengths": [2.3424426448569675, 1.0136139762338847, 1.1518255490195994], "centroid": [-1.3723762856383197, 2.3995462968388277, -1.0383030484251015], "normalizedAxes": [0.7664681673049927, -0.6422823071479797, -1.4261532114101077e-16, 0, -2.220446049250313e-16, 1, -0.6422823071479797, -0.7664681673049927, -1.701901213968499e-16]}, "segments": [42641, 42571, 34402, 5799, 86090, 45326, 125825, 26441, 35758, 36560, 5619, 5757, 5838, 23076, 28242, 28435, 28503, 29670, 29697, 32217, 32312, 34552, 34570, 35464, 35675, 44929, 44943, 44957, 45054, 45077, 45127, 45133, 45208, 45212, 45235, 45288, 45371, 45435, 45488, 45490, 47988, 69557, 69558, 69559, 69562, 69645, 69665, 69677, 69686, 69694, 69706, 69717, 69718, 69726, 69735, 71402, 71431, 71436, 71485, 71619, 73942, 74417, 74426, 74898, 74918, 77743, 77791, 80343, 80346, 80351, 80358, 80360, 80379, 80383, 80392, 80410, 80417, 80463, 80479, 80516, 80522, 80532, 80536, 80538, 80543, 80627, 80629, 80653, 80654, 81581, 81584, 81601, 81619, 81641, 85201, 85235, 85241, 85264, 85340, 85354, 85363, 85390, 85419, 85497, 85514, 85538, 85554, 85560, 85563, 85568, 85576, 85599, 85659, 86116, 86127, 86232, 100905, 104201, 104325, 104484, 105316, 105344, 105354, 105437, 109242, 109246, 110824, 113209, 113221, 113225, 113227, 113238, 113241, 113247, 113253, 118253, 120183, 120188, 120192, 120198, 120204, 120209, 120211, 120816, 124061, 124076, 124090, 124111, 124116, 124133, 124136, 124168, 124171, 124174, 124191, 124686, 124690, 125918, 125924, 125936, 126066, 126067, 126076, 126083, 126094, 126175, 126177, 126182, 126191, 126194, 126200, 126202, 126205, 126438, 136980, 31012, 68797, 73161, 73163, 73164, 85669, 118238, 120810, 120829, 83479, 30692, 72968, 73722, 73804, 73805, 73822, 73827, 73875, 73879, 73880, 73904, 73922, 73953, 74887, 85723, 121041, 121052, 121059, 121061, 121400, 121411, 130479, 68561, 136731, 95764, 125862, 131939, 137007, 127890, 37677, 127832, 39451, 85047, 52105, 39071, 89524, 89506, 90498, 16864, 16838, 80424, 81541, 77738, 80597, 85145, 16653, 16659, 16708, 17575, 27762, 29614, 29615, 32280, 32285, 32330, 37605, 37609, 37644, 37645, 39113, 39180, 39325, 44633, 44743, 44833, 45072, 63167, 63456, 63560, 63580, 63727, 68569, 68961, 68967, 69054, 69777, 69809, 69822, 69828, 69841, 69861, 69866, 69877, 70185, 71283, 71310, 71754, 72496, 72524, 74499, 74928, 86256, 86339, 87864, 89586, 89598, 90192, 90194, 90528, 90534, 90553, 100912, 103957, 104115, 104129, 104144, 104686, 104709, 104811, 105498, 110818, 112194, 113125, 118781, 118782, 118786, 120213, 120216, 120218, 120227, 120249, 121371, 124670, 130415, 130760, 130763, 136199, 87882, 86351, 85672, 130332, 32261], "label": "sofa"}, {"objectId": 32, "id": 32, "partId": 32, "index": 32, "dominantNormal": [0, -2.220446049250313e-16, 1], "obb": {"axesLengths": [0.5564418572650355, 0.3870700511246163, 0.5567393688541559], "centroid": [0.5951874584432966, 2.322164179704197, -1.3026450823401285], "normalizedAxes": [0.8435444235801697, -0.5370594263076782, -1.1925114813575238e-16, 0, -2.220446049250313e-16, 1, -0.5370594263076782, -0.8435444235801697, -1.8730448827057204e-16]}, "segments": [54086, 54173, 73058, 104063, 104047, 104065, 40854, 33237, 80080, 80027], "label": "footstool"}, {"objectId": 33, "id": 33, "partId": 33, "index": 33, "dominantNormal": [0.8195037841796875, 0.5730737447738647, 1.2724793325122102e-16], "obb": {"axesLengths": [1.464891839769378, 0.949021973855302, 0.8971401011288418], "centroid": [0.6980362128885937, 1.2942072584501756, -1.0554890340829874], "normalizedAxes": [-0.5730737447738647, 0.8195037841796875, 1.8196639399274683e-16, 0, -2.220446049250313e-16, 1, 0.8195037841796875, 0.5730737447738647, 1.2724793325122102e-16]}, "segments": [64983, 121271, 66820, 65297, 74267, 121225, 122460, 122500, 68304, 122582, 122447, 68239, 67644, 120982, 119670, 119100, 67325, 118028, 119203, 44504, 66411, 67916, 71144, 67888, 119798, 119800, 119778, 119271, 60463, 121360, 74170, 120637, 71351, 71385, 120585, 111829, 67305, 71350, 71858, 87432, 27118, 28770, 67725, 121373, 111360, 30443, 68366, 119875, 60557, 60688, 68007, 68356, 68382, 73361, 75116, 76231, 121195, 121112, 27299, 120873, 65095, 73328], "label": "armchair"}, {"objectId": 34, "id": 34, "partId": 34, "index": 34, "dominantNormal": [0, -2.220446049250313e-16, 1], "obb": {"axesLengths": [0.4515454555799419, 0.3582270661392717, 0.3987764224751138], "centroid": [0.734336669483667, 1.0312113423389055, -0.9496165841903575], "normalizedAxes": [-0.26901009678840637, 0.9631373286247253, 2.1385944762302719e-16, 0, -2.220446049250313e-16, 1, 0.9631373286247253, 0.26901009678840637, 5.973224066222613e-17]}, "segments": [119326, 73553, 66275, 121007, 66657, 66627, 66689, 66714, 66727, 67401, 67737, 67776, 73544, 119122, 119702, 119706, 119743], "label": "cushion"}, {"objectId": 35, "id": 35, "partId": 35, "index": 35, "dominantNormal": [0, -2.220446049250313e-16, 1], "obb": {"axesLengths": [1.3225141472754072, 0.8007169782955126, 0.8965871559214605], "centroid": [-1.7665783948677425, 0.36216328809755494, -1.1096415513834028], "normalizedAxes": [0.8900091648101807, -0.45594263076782227, -1.0123960131732052e-16, 0, -2.220446049250313e-16, 1, -0.45594263076782227, -0.8900091648101807, -1.9762173337993364e-16]}, "segments": [52770, 105054, 105088, 93535, 87090, 136677, 93541, 130095, 50561, 115749, 53399, 136531, 88155, 107293, 107192, 44255, 44318, 44347, 44349, 45433, 45450, 45502, 45578, 50576, 53417, 54799, 54806, 54815, 54869, 54880, 55048, 55089, 55329, 55530, 55540, 56053, 56189, 56228, 56229, 56252, 56266, 56291, 62324, 62382, 87030, 87081, 87108, 89795, 89799, 89813, 89825, 93597, 105260, 105265, 107077, 107101, 107292, 107298, 114734, 114762, 115820, 116969, 116972, 117014, 117046, 117240, 117242, 117250, 117258, 117325, 117411, 127944, 130555, 137689, 137803, 141190, 141221, 141256, 141259, 141309, 39372, 57291, 117657, 33475, 107386, 55565, 57224, 62333, 61297], "label": "dining table"}, {"objectId": 36, "id": 36, "partId": 36, "index": 36, "dominantNormal": [-0.45446163415908813, -0.8907663226127625, -1.9778985618507382e-16], "obb": {"axesLengths": [0.6447129893534522, 1.1259770439719319, 0.5620906078787834], "centroid": [-0.8879469702102554, -0.10655694555807504, -0.9651415821505748], "normalizedAxes": [0.8907663226127625, -0.45446163415908813, -1.0091075401043884e-16, 0, -2.220446049250313e-16, 1, -0.45446163415908813, -0.8907663226127625, -1.9778985618507382e-16]}, "segments": [118847, 92684, 137103, 1040, 64219, 99205, 101140, 105611, 105740, 105744, 109312, 125607, 133247, 134470, 137155, 137177, 137192, 134724, 99200, 137058, 1074, 1096, 53661, 58123, 101096, 105760, 109199, 109201, 134441, 137141, 94208, 94198, 97062, 3688, 101019, 109204, 91424, 8961, 10836, 63688, 88028, 88030, 88311, 91481, 118794, 124788, 124791, 124796, 124801, 124805, 124911, 124740, 88370, 88449, 93753, 109316, 125707, 10815, 118789, 125561, 63684], "label": "dining chair"}, {"objectId": 37, "id": 37, "partId": 37, "index": 37, "dominantNormal": [0.8458555936813354, -0.533411979675293, -1.1844125228927926e-16], "obb": {"axesLengths": [0.6367797649932295, 1.1117279281080972, 0.45127344846232276], "centroid": [-1.1210962947778598, 0.7168361251134385, -0.9588460354019862], "normalizedAxes": [0.533411979675293, 0.8458555936813354, 1.8781767112259994e-16, 0, -2.220446049250313e-16, 1, 0.8458555936813354, -0.533411979675293, -1.1844125228927926e-16]}, "segments": [88653, 95462, 88119, 129620, 24786, 55030, 55077, 55081, 55096, 55100, 88051, 88578, 88629, 92696, 92731, 92826, 95062, 111508, 111511, 111519, 127971, 129674, 129685, 24874, 127042, 26833, 26492, 111390, 21360, 21363, 21367, 21371, 24615, 24657, 24663, 26288, 26294, 26302, 26333, 87181, 88128, 90780, 90804, 90808, 92788, 93823, 93840, 93856, 93859, 93874, 93898, 93900, 93938, 95084, 111711, 111715, 111719, 111721, 111723, 130989, 131054, 130807, 90770, 90799, 126862, 130104, 56534, 26489, 95482, 130536, 131685, 88189, 55241, 55155, 55103], "label": "dining chair"}, {"objectId": 38, "id": 38, "partId": 38, "index": 38, "dominantNormal": [0.9200050234794617, 0.3919064998626709, 8.70207239295586e-17], "obb": {"axesLengths": [0.6559645399914334, 1.1111679722852708, 0.6331534310302573], "centroid": [-1.7420549453051328, 0.9886668055193918, -0.9623160538304754], "normalizedAxes": [-0.3919065296649933, 0.9200050234794617, 2.0428215196754122e-16, 0, -2.220446049250313e-16, 1, 0.9200050234794617, 0.3919065296649933, 8.70207305470035e-17]}, "segments": [70689, 70575, 62836, 62764, 56888, 56931, 61447, 61452, 62705, 62803, 63278, 70617, 70654, 70754, 70787, 70790, 110429, 110433, 117637, 118620, 118625, 118634, 118651, 118690, 118699, 118732, 118741, 120383, 120399, 120403, 131637, 118622, 118623, 70600, 61330, 55509, 56942, 120328, 49392, 49425, 49428, 49445, 49450, 49456, 49540, 49821, 49842, 49997, 50593, 62271, 62873, 65990, 66022, 66932, 66949, 66970, 66978, 66988, 67001, 67003, 67009, 67023, 67074, 67078, 115660, 115710, 119373, 119374, 119375, 119381, 119397, 119412, 119414, 119416, 119420, 119496, 119499, 50007, 50587, 57041, 61407, 61413, 62322, 118669, 49394, 49368, 49371, 49802, 56022, 61307, 62381, 62403, 62413, 66029, 118468, 119547, 61305, 57067, 63283, 118716], "label": "dining chair"}, {"objectId": 39, "id": 39, "partId": 39, "index": 39, "dominantNormal": [0.9165663719177246, -0.39988255500793457, -8.879176394314893e-17], "obb": {"axesLengths": [0.5364494955873236, 1.132842932652467, 0.57511445988655], "centroid": [-2.799171880704016, 0.936547788693763, -0.9733085358893473], "normalizedAxes": [0.9165663719177246, -0.39988255500793457, -8.879176394314893e-17, 0, -2.220446049250313e-16, 1, -0.39988255500793457, -0.9165663719177246, -2.0351861794004047e-16]}, "segments": [50330, 51164, 51238, 117155, 117196, 54637, 54627, 54606, 54635, 40190, 51715, 116068, 116205, 46298, 46324, 51607, 116386, 40210, 40263, 40338, 46279, 46308, 47326, 47360, 50336, 50342, 50349, 50364, 50374, 51228, 51243, 51258, 51339, 51438, 51669, 54648, 54701, 55669, 55753, 55795, 55890, 113973, 115017, 115713, 115720, 115729, 115730, 115735, 116037, 116038, 116040, 116104, 116252, 116257, 116275, 116278, 116281, 116299, 116308, 116311, 116314, 116318, 116321, 116899, 117188, 40328, 55759], "label": "dining chair"}, {"objectId": 40, "id": 40, "partId": 40, "index": 40, "dominantNormal": [0.9654446244239807, 0.2606081962585449, 5.786664397845363e-17], "obb": {"axesLengths": [0.7145828227036329, 1.1234049843980742, 0.5069611324093078], "centroid": [-2.068475180904819, -0.1771813725958613, -0.9787775748496318], "normalizedAxes": [-0.2606082260608673, 0.9654446244239807, 2.1437177020721803e-16, 0, -2.220446049250313e-16, 1, 0.9654446244239807, 0.2606082260608673, 5.786665059589853e-17]}, "segments": [53905, 53823, 42615, 92336, 48303, 45354, 129428, 42415, 41216, 41154, 41271, 41704, 42272, 42543, 42645, 45603, 48154, 48190, 48268, 48294, 48323, 48330, 48553, 48570, 48597, 48633, 48658, 48719, 48724, 48821, 49135, 54967, 86348, 92107, 92114, 92229, 92249, 92253, 92260, 114084, 114087, 114112, 114294, 114297, 114302, 114310, 114314, 114353, 115178, 129329, 129339, 129350, 129356, 129360, 129540, 129584, 129588, 129606, 139511, 45589, 115994, 129437, 47469, 41036, 41063, 45452, 49275, 48657, 48680, 45535, 31742, 42314, 45592, 48210, 48397, 48407, 48421, 48807, 48869], "label": "dining chair"}, {"objectId": 41, "id": 41, "partId": 41, "index": 41, "dominantNormal": [0.9944798946380615, 0.10492714494466782, 2.329850644515026e-17], "obb": {"axesLengths": [0.9123112711368729, 1.2931019970826352, 0.46401395748561314], "centroid": [-3.1130673981213746, 0.4026243716209934, -0.8713790821720883], "normalizedAxes": [-0.10492715239524841, 0.9944798946380615, 2.2081889531079513e-16, 0, -2.220446049250313e-16, 1, 0.9944798946380615, 0.10492715239524841, 2.3298508099511486e-17]}, "segments": [52600, 53043, 52675, 51726, 33050, 33975, 34037, 34044, 40157, 40293, 40375, 44908, 47538, 47542, 47565, 53110, 112780, 112781, 113870, 113873, 113878, 113925, 116307, 116486, 116595, 116601, 127558, 127562, 127568], "label": "cabinet"}, {"objectId": 42, "id": 42, "partId": 42, "index": 42, "dominantNormal": [0.9606961607933044, 0.27760201692581177, 6.164003017468373e-17], "obb": {"axesLengths": [0.5844407265870039, 0.7599999734759333, 0.3471187406989229], "centroid": [-3.2244926271921335, 0.44780880088936326, 0.06999990746378892], "normalizedAxes": [-0.27760204672813416, 0.9606961607933044, 2.1331739947634364e-16, 0, -2.220446049250313e-16, 1, 0.9606961607933044, 0.27760204672813416, 6.164003679212863e-17]}, "segments": [112612, 112510, 19662, 18806, 30164, 19136, 90036, 128105, 33045, 128220, 90271, 128189, 90084, 128044, 19095, 19171, 19190, 19217, 19232, 19389, 19565, 29687, 29692, 29828, 30329, 30374, 30405, 30420, 30435, 30436, 32873, 33202, 33204, 90092, 90226, 110632, 112127, 112159, 112614, 112646, 112651, 112680, 112688, 128077, 128086, 128130], "label": "cabinet"}, {"objectId": 43, "id": 43, "partId": 43, "index": 43, "dominantNormal": [0.9240579009056091, -0.3822524845600128, -8.487710191573968e-17], "obb": {"axesLengths": [1.5488506071869375, 2.561459960904866, 0.47375170603732886], "centroid": [-3.215924492271516, 1.081214375614738, -0.24222012254103942], "normalizedAxes": [0.3822524845600128, 0.9240579009056091, 2.051820715344397e-16, 0, -2.220446049250313e-16, 1, 0.9240579009056091, -0.3822524845600128, -8.487710191573968e-17]}, "segments": [52310, 127613, 88972, 18781, 18923, 93352, 115046, 18663, 18609, 17878, 30158, 47419, 30151, 112319, 52416, 18631, 18940, 18949, 19079, 19092, 19157, 19196, 19242, 30861, 31059, 31132, 36505, 46187, 46194, 46215, 46231, 46269, 46288, 46458, 46499, 46512, 47632, 50160, 51959, 51960, 51968, 51993, 52014, 52017, 52319, 86810, 89036, 90064, 90098, 110595, 110598, 114869, 116141, 116248, 116394, 116406, 116445, 127234, 127993, 128065, 128122, 128138, 128167], "label": "wall"}, {"objectId": 44, "id": 44, "partId": 44, "index": 44, "dominantNormal": [0.9944565892219543, 0.10514820367097855, 2.3347591342699158e-17], "obb": {"axesLengths": [0.9609995978942987, 2.229306886435145, 0.5900447392463543], "centroid": [-3.8438710003001013, 1.2599913822198197, -0.435956552193542], "normalizedAxes": [-0.10514820367097855, 0.9944565892219543, 2.20813720468883e-16, 0, -2.220446049250313e-16, 1, 0.9944565892219543, 0.10514820367097855, 2.3347591342699158e-17]}, "segments": [55016, 18410, 17979, 30541, 15856, 15980, 16021, 30495, 38027, 110018