{"segGroups": [{"objectId": 1, "id": 1, "partId": 1, "index": 0, "dominantNormal": [0, -2.220446049250313e-16, 1], "obb": {"axesLengths": [4.251039111129726, 0.17999994352460025, 3.251995635922898], "centroid": [-0.7071479474333409, 1.4057510461008162, -1.4400000533739483], "normalizedAxes": [0.9911417365074158, 0.13280828297138214, 2.948936272315231e-17, 0, -2.220446049250313e-16, 1, 0.13280828297138214, -0.9911417365074158, -2.2007767530749862e-16]}, "segments": [21106, 21124, 867, 24679, 39287, 9364, 971, 721, 15088, 26436, 3798, 19803, 26409, 12937, 33317, 25515, 39431, 33348, 15359, 13005, 25582, 24051, 26275, 39805], "label": "floor"}, {"objectId": 2, "id": 2, "partId": 2, "index": 1, "dominantNormal": [-0.41549572348594666, -0.9095951318740845, -2.0197069169871284e-16], "obb": {"axesLengths": [3.0431189485661387, 2.6658099293900284, 0.34188318839969234], "centroid": [-0.026385237844446796, 2.527635759327901, -0.14044513838287376], "normalizedAxes": [0.9095951318740845, -0.41549575328826904, -9.225859038692198e-17, 0, -2.220446049250313e-16, 1, -0.41549575328826904, -0.9095951318740845, -2.0197069169871284e-16]}, "segments": [6642, 25647, 7314, 30349, 30343, 30364, 30332], "label": "wall"}, {"objectId": 3, "id": 3, "partId": 3, "index": 2, "dominantNormal": [-0.2488139569759369, -0.9685512781143188, -2.1506158589852805e-16], "obb": {"axesLengths": [1.0615322116933497, 2.399999922513962, 0.6076532747310565], "centroid": [1.0372369701010475, 2.02917629092631, -0.3100000833997878], "normalizedAxes": [0.9685512781143188, -0.2488139569759369, -5.5247796776555644e-17, 0, -2.220446049250313e-16, 1, -0.2488139569759369, -0.9685512781143188, -2.1506158589852805e-16]}, "segments": [12443, 6933, 7299, 29296, 29246, 29240, 39229, 29281, 5494, 31419, 28806, 28745, 28930, 6831, 5965, 5878, 5825, 30035, 30134, 6055, 3482, 28403, 4350, 2588, 12632, 40779, 1813, 1973, 28398, 3980, 4327, 28394, 1247, 1387, 1617, 1676, 1685, 1713, 1722, 1727, 1734, 1746, 1772, 1893, 1911, 1967, 1992, 2213, 2515, 2522, 2533, 2551, 2564, 2567, 2576, 2579, 3094, 3324, 3428, 3432, 3533, 3546, 3644, 3732, 4115, 4118, 4172, 4199, 4275, 4322, 4337, 4355, 4487, 5490, 5496, 5571, 5592, 5646, 5647, 5651, 5653, 5665, 5693, 5706, 5742, 5749, 5770, 5794, 5836, 5853, 5857, 5860, 5902, 5928, 5970, 5974, 5990, 6032, 6042, 6051, 6174, 6194, 6223, 6347, 6371, 6742, 6743, 6748, 7185, 7275, 7372, 7413, 7509, 7548, 7559, 7566, 9540, 9685, 10293, 10294, 11304, 11308, 11321, 13325, 13545, 13589, 13778, 13872, 14665, 14671, 14813, 14815, 14854, 14891, 15023, 27623, 27642, 27679, 27842, 27890, 27895, 27898, 27918, 27920, 28109, 28112, 28442, 28655, 28678, 28695, 28711, 28723, 28817, 28881, 28893, 28896, 29054, 29060, 29075, 29176, 29183, 29186, 29205, 29268, 29278, 29285, 29327, 30319, 31372, 31486, 31645, 31682, 33454, 40791, 40798, 40801, 40806, 14989, 13984, 2354, 22292, 35837, 35665, 707, 1494, 35632, 35760, 5281, 35817, 22105, 21980, 22006, 35794, 21932, 400, 743, 2408, 1485, 28190, 81, 27940, 66, 12, 35705, 204, 404, 35721, 725, 47, 60, 65, 79, 108, 117, 132, 147, 170, 194, 212, 272, 274, 275, 308, 314, 316, 318, 320, 365, 376, 380, 385, 407, 521, 540, 1392, 1430, 1446, 1474, 1489, 1508, 1556, 1577, 1582, 2411, 2436, 5283, 6789, 13040, 13138, 13139, 21800, 21801, 21819, 21827, 21829, 21836, 21839, 21850, 21883, 21892, 21898, 21923, 21924, 21974, 21976, 21982, 22017, 22028, 22052, 22059, 22062, 22078, 22094, 22304, 22317, 22349, 23994, 27856, 27859, 27861, 27864, 27947, 27952, 27955, 27958, 27962, 27966, 27968, 27970, 27972, 28096, 28098, 28101, 28111, 30326, 31608, 31609, 33457, 35581, 35584, 35587, 35594, 35768, 35835, 35905, 35908, 37529], "label": "elevator"}, {"objectId": 4, "id": 4, "partId": 4, "index": 3, "dominantNormal": [-0.49744871258735657, -0.8674933910369873, -1.9262222728788354e-16], "obb": {"axesLengths": [0.8362198880664038, 2.027929916353599, 0.12344691251443743], "centroid": [-0.5461810758026011, 2.8496973675724817, -0.4439650660144918], "normalizedAxes": [0.8674933910369873, -0.49744874238967896, -1.1045580947436994e-16, 0, -2.220446049250313e-16, 1, -0.49744874238967896, -0.8674933910369873, -1.9262222728788354e-16]}, "segments": [14199, 20527, 18814], "label": "door"}, {"objectId": 5, "id": 5, "partId": 5, "index": 4, "dominantNormal": [0.9191595315933228, -0.3938854932785034, -8.746014874072637e-17], "obb": {"axesLengths": [1.398926971284093, 2.5750399252390865, 0.17357869076647614], "centroid": [-1.703393961268807, 2.425622430180148, -0.08607008714616349], "normalizedAxes": [0.39388546347618103, 0.9191595315933228, 2.0409441505571618e-16, 0, -2.220446049250313e-16, 1, 0.9191595315933228, -0.39388546347618103, -8.746014212328147e-17]}, "segments": [23105, 27729, 40100, 22774], "label": "wall"}, {"objectId": 6, "id": 6, "partId": 6, "index": 5, "dominantNormal": [0.9252141714096069, -0.37944522500038147, -8.425376507589932e-17], "obb": {"axesLengths": [0.8044379366418485, 0.919999966323376, 0.0900759929358372], "centroid": [-1.7322208229485654, 2.442056988193322, 0.10999990900061984], "normalizedAxes": [0.37944525480270386, 0.9252141714096069, 2.0543881516168637e-16, 0, -2.220446049250313e-16, 1, 0.9252141714096069, -0.37944525480270386, -8.425377169334422e-17]}, "segments": [20532, 20627, 20454, 2322], "label": "frame"}, {"objectId": 7, "id": 7, "partId": 7, "index": 6, "dominantNormal": [0.9067151546478271, -0.4217435419559479, -9.364587815329181e-17], "obb": {"axesLengths": [1.9503991744238005, 2.5958500520322447, 0.3063506667442561], "centroid": [-2.4505883120558276, 1.076680657102807, -0.16586508829992264], "normalizedAxes": [0.4217435121536255, 0.9067151546478271, 2.0133120829331544e-16, 0, -2.220446049250313e-16, 1, 0.9067151546478271, -0.4217435121536255, -9.364587153584691e-17]}, "segments": [766, 40249, 38177, 19770, 2868, 12875, 178, 5460, 8509, 10107, 8171, 1114, 152, 163, 171, 581, 610, 913, 983, 993, 1112, 1121, 1128, 1151, 1196, 1232, 1260, 1266, 1296, 1349, 1564, 1920, 2136, 2138, 2151, 2154, 2160, 2175, 2867, 2972, 3622, 3685, 3784, 4103, 5340, 5635, 8036, 8040, 8041, 8061, 8063, 8083, 8101, 8113, 8126, 8143, 8150, 8156, 8166, 8187, 8210, 8238, 8263, 8288, 8296, 12241, 12660, 12701, 12810, 15178, 15215, 15304, 15400, 15625, 15641, 19291, 19698, 20548, 20550, 20599, 21166, 24822, 25113, 25682, 25697, 26907, 27816, 27818, 27825, 27827, 27831, 27876, 27878, 27908, 27916, 28081, 28083, 28090, 28309, 28630, 29847, 29849, 29856, 29858, 29934, 29938, 30030, 30033, 30890, 38136, 25171, 31651, 23702, 23703, 40380, 1336, 1005, 1011, 1013, 1037, 1074, 1138, 1732, 1759, 1760, 1790, 1800, 1803, 1805, 1822, 1834, 1855, 1866, 2086, 2100, 2111, 2116, 2124, 3582, 3590, 3626, 15166, 21135, 21168, 24789, 24889, 25121, 25134, 25193, 25203, 28038, 28257, 28259, 28262, 28263, 28268, 28306, 28575, 28623, 38073, 38089, 38131, 25102, 24908, 1816, 28607, 1867, 38123], "label": "window"}, {"objectId": 8, "id": 8, "partId": 8, "index": 7, "dominantNormal": [-0.06644335389137268, -0.9977902173995972, -2.2155393462055465e-16], "obb": {"axesLengths": [1.5273821061647015, 1.4068025036125806, 1.3849830170975337], "centroid": [-1.2714808225006147, 0.5968188739323966, -0.7700288407030981], "normalizedAxes": [0.9977902173995972, -0.06644335389137268, -1.4753388264703888e-17, 0, -2.220446049250313e-16, 1, -0.06644335389137268, -0.9977902173995972, -2.2155393462055465e-16]}, "segments": [10570, 34438, 10202, 10925, 23418, 31885, 11749, 33137, 14637, 31802, 30811, 8908, 9607, 30721, 36955, 29378, 24374, 10015, 33499, 8412, 30465, 37225, 37010, 5972, 9732, 34550, 12619, 13150, 37388, 32216, 12690, 32896, 12373, 34676, 17818, 34827, 19226, 37434, 19314, 19068, 36077, 22651, 30315, 36725, 32643, 32435, 20782, 20653, 5530, 32818, 20696, 37544, 37912, 10729, 11138, 29355, 37576, 32120, 11043, 12525, 36599, 2669, 2708, 2758, 2768, 2840, 3354, 3371, 3449, 3467, 3875, 3910, 3931, 3941, 3949, 3957, 3966, 3977, 3984, 3987, 4012, 4021, 4049, 4067, 4078, 4107, 4141, 4152, 4184, 4193, 4221, 4228, 4367, 4368, 4378, 4380, 4383, 4389, 4398, 4427, 4437, 4441, 4456, 4471, 4472, 4502, 4545, 4561, 4568, 4573, 4574, 4610, 4638, 4641, 4646, 4657, 4661, 4664, 4669, 4679, 4690, 4692, 4696, 4706, 4711, 4713, 4715, 4732, 4739, 4744, 4745, 4770, 4778, 4786, 4802, 4829, 4842, 4902, 5410, 5427, 5428, 5434, 5435, 5491, 5548, 5559, 5576, 5583, 5681, 5790, 5796, 5797, 5809, 5823, 5839, 5901, 5906, 6048, 6056, 6077, 6094, 6101, 6112, 6122, 6132, 6222, 6237, 6253, 6257, 6266, 6297, 6312, 6319, 6348, 6359, 6374, 6415, 6481, 6485, 6493, 6536, 6632, 6646, 6694, 6737, 6757, 6786, 6793, 6797, 6841, 6866, 6868, 6869, 6882, 6904, 6945, 6954, 6960, 6971, 7008, 7018, 7366, 7410, 7449, 7522, 7619, 7629, 7634, 7646, 7714, 7721, 7728, 7761, 7762, 7766, 7772, 7793, 7802, 7834, 7843, 7857, 7883, 7943, 7952, 7959, 8329, 8340, 8362, 8417, 8451, 8608, 8612, 8620, 8636, 8641, 8642, 8646, 8647, 8652, 8695, 8721, 8769, 8796, 8812, 8847, 8858, 8870, 8898, 8903, 8904, 8905, 8944, 8962, 8969, 8971, 8975, 8992, 9003, 9007, 9016, 9029, 9043, 9050, 9067, 9074, 9084, 9093, 9112, 9142, 9163, 9164, 9177, 9190, 9191, 9233, 9239, 9242, 9253, 9261, 9272, 9283, 9284, 9302, 9304, 9309, 9313, 9317, 9334, 9347, 9351, 9355, 9405, 9421, 9425, 9436, 9452, 9468, 9472, 9480, 9497, 9505, 9506, 9518, 9525, 9544, 9553, 9562, 9589, 9603, 9614, 9625, 9635, 9643, 9655, 9688, 9702, 9748, 9762, 9770, 9788, 9789, 9801, 9829, 9882, 9895, 9908, 9912, 9924, 9933, 9936, 9974, 9988, 9989, 9997, 10014, 10032, 10185, 10188, 10203, 10207, 10211, 10246, 10252, 10259, 10260, 10262, 10264, 10266, 10267, 10271, 10274, 10297, 10346, 10352, 10358, 10417, 10432, 10447, 10449, 10459, 10467, 10473, 10475, 10496, 10500, 10677, 10695, 10698, 10699, 10700, 10741, 10754, 10795, 10803, 10813, 10820, 10825, 10838, 10860, 10863, 10882, 10897, 10905, 10927, 10947, 10984, 11000, 11023, 11056, 11073, 11075, 11094, 11124, 11128, 11151, 11174, 11177, 11189, 11220, 11235, 11240, 11243, 11524, 11552, 11556, 11574, 11585, 11656, 11668, 11689, 11705, 11730, 11735, 11740, 11759, 11765, 11769, 11775, 11804, 11808, 11817, 11828, 11836, 11840, 11891, 11904, 11919, 11922, 11934, 11951, 11975, 12001, 12009, 12013, 12018, 12037, 12086, 12113, 12123, 12152, 12155, 12167, 12169, 12184, 12284, 12449, 12450, 12492, 12560, 12582, 12583, 12590, 12608, 12613, 12634, 12651, 12677, 12703, 12737, 12753, 12783, 12826, 12859, 12865, 12880, 12899, 13017, 13022, 13057, 13059, 13098, 13100, 13116, 13118, 13140, 13176, 13257, 13340, 13354, 13366, 13369, 13413, 13473, 13475, 13484, 13497, 13547, 13561, 13564, 13579, 13587, 13654, 13655, 13665, 13675, 13678, 13680, 13687, 13729, 13758, 13774, 13791, 13848, 13892, 13925, 13930, 13950, 13965, 13968, 14074, 14104, 14105, 14132, 14295, 14296, 14337, 14343, 14371, 14379, 14447, 14478, 14498, 14515, 14568, 14577, 14601, 14622, 14626, 14645, 14649, 14655, 14681, 14699, 14709, 14736, 14743, 14761, 14784, 14798, 14803, 16197, 16213, 16247, 16609, 16706, 16724, 16729, 16737, 16756, 16768, 16774, 16779, 16812, 16837, 16849, 16879, 16887, 16893, 16900, 16904, 16915, 16939, 16947, 16948, 17443, 17453, 17459, 17547, 17549, 17556, 17569, 17583, 17591, 17813, 17904, 17905, 17907, 17922, 17925, 17942, 17977, 17990, 18003, 18027, 18075, 18081, 18106, 18111, 18115, 18117, 18135, 18137, 18140, 18153, 18187, 18207, 18211, 18220, 18237, 18238, 18254, 18263, 18264, 18284, 18518, 18637, 18661, 18697, 18699, 18708, 18719, 18729, 18738, 18776, 18785, 18835, 18846, 18860, 18891, 18894, 18921, 18930, 18959, 18969, 18973, 18974, 18976, 19011, 19020, 19074, 19075, 19088, 19098, 19110, 19112, 19138, 19139, 19149, 19157, 19164, 19179, 19188, 19257, 19263, 19361, 19371, 19411, 19431, 19478, 19559, 19632, 20056, 20059, 20060, 20066, 20067, 20136, 20142, 20151, 20211, 20253, 20259, 20265, 20278, 20285, 20307, 20318, 20396, 20417, 20686, 20702, 20740, 20786, 21185, 21191, 21194, 21197, 21198, 21315, 21364, 21413, 21704, 21736, 22373, 22379, 22388, 22394, 22403, 22420, 22423, 22430, 22461, 22562, 22583, 22591, 22594, 22596, 22648, 22688, 22690, 22743, 22809, 22858, 22862, 22898, 22908, 22976, 22984, 22996, 23011, 23031, 23059, 23061, 23092, 23111, 23121, 23144, 23151, 23195, 23207, 23219, 23229, 23231, 23279, 23285, 23323, 23360, 23423, 23428, 23480, 23510, 23519, 23538, 23546, 23557, 23559, 23567, 23576, 23580, 23586, 23620, 23625, 23650, 23684, 23776, 24223, 24225, 24421, 24440, 24522, 24550, 24571, 24670, 26031, 26132, 26144, 27107, 27112, 27270, 27346, 27401, 27504, 27533, 27537, 27558, 27567, 28467, 28471, 28641, 28643, 28647, 28673, 28690, 28835, 28886, 28888, 28898, 28907, 28909, 28912, 28915, 28921, 28972, 28978, 28984, 28992, 28995, 29001, 29003, 29037, 29140, 29157, 29162, 29165, 29169, 29171, 29178, 29191, 29200, 29202, 29274, 29276, 29369, 29373, 29391, 29392, 29397, 29472, 29479, 29484, 29486, 29494, 29497, 29579, 29582, 29587, 29591, 29600, 29603, 29604, 29605, 29608, 29696, 29706, 29712, 29714, 29734, 29741, 29745, 29748, 29760, 29779, 29785, 29790, 29795, 29802, 29816, 29819, 30037, 30039, 30068, 30078, 30091, 30126, 30158, 30178, 30218, 30286, 30288, 30301, 30305, 30382, 30387, 30390, 30393, 30395, 30419, 30422, 30426, 30429, 30451, 30456, 30472, 30487, 30505, 30506, 30511, 30521, 30538, 30572, 30577, 30650, 30657, 30661, 30666, 30783, 30816, 30831, 30892, 30893, 30901, 30915, 30919, 30922, 30932, 30938, 30942, 30977, 31022, 31026, 31032, 31036, 31040, 31041, 31044, 31047, 31054, 31059, 31101, 31107, 31109, 31115, 31148, 31224, 31229, 31231, 31237, 31250, 31336, 31359, 31632, 31687, 31693, 31699, 31708, 31743, 31747, 31753, 31757, 31766, 31770, 31865, 31870, 31949, 31953, 31956, 31959, 31966, 31972, 31975, 31994, 32008, 32145, 32147, 32151, 32156, 32159, 32203, 32206, 32233, 32235, 32289, 32320, 32364, 32474, 32475, 32496, 32558, 32560, 32563, 32574, 32587, 32592, 32594, 32604, 32606, 32610, 32660, 32666, 32671, 32676, 32740, 32788, 32800, 32805, 32846, 32851, 32862, 32903, 32906, 32931, 32953, 33053, 33097, 33104, 33192, 33232, 33240, 33244, 33256, 33306, 33307, 33308, 33416, 33422, 33425, 33426, 33481, 33484, 33527, 33532, 33559, 33561, 33563, 33575, 33593, 33629, 33720, 33728, 33734, 33736, 33829, 33835, 33840, 33859, 33933, 33935, 33963, 34046, 34062, 34079, 34083, 34223, 34230, 34234, 34238, 34276, 34293, 34295, 34328, 34331, 34343, 34346, 34350, 34356, 34399, 34400, 34402, 34405, 34412, 34413, 34453, 34488, 34537, 34617, 34648, 34653, 34663, 34683, 34687, 34734, 34736, 34737, 34772, 34776, 34842, 34893, 34902, 34912, 34917, 34974, 35033, 35062, 35066, 35102, 35113, 35346, 35914, 35917, 35982, 35983, 36033, 36099, 36118, 36128, 36132, 36133, 36146, 36161, 36178, 36182, 36263, 36266, 36276, 36281, 36285, 36360, 36384, 36396, 36460, 36466, 36544, 36577, 36607, 36610, 36670, 36688, 36753, 36756, 36761, 36767, 36787, 36810, 36842, 36852, 36860, 36914, 36928, 36937, 37023, 37194, 37199, 37204, 37207, 37208, 37334, 37346, 37485, 37533, 37573, 37599, 37609, 37626, 37692, 37695, 37699, 37700, 37733, 37775, 37821, 37866, 37958, 38000, 38046, 38815, 38822, 38856, 38981, 39024, 39658, 40394, 40397, 40406, 40445, 40448, 40451, 40455, 40460, 40464, 40490, 40492, 40518, 40573, 40612, 40667, 40702, 40729, 40733, 40736, 28568, 3120, 3104, 2845, 3070, 3089, 3099, 3113, 3152, 3278, 3840, 3854, 3866, 4015, 6813, 6823, 6923, 7032, 7034, 7036, 8675, 8676, 8710, 10095, 16618, 18524, 19596, 19601, 20130, 20306, 20323, 20325, 21637, 21644, 21685, 27151, 27384, 27387, 27468, 27478, 27479, 28555, 28634, 29531, 29597, 30271, 30862, 34098, 35440, 35486, 35514, 35519, 35534, 36830, 36900, 38834, 39055, 40522, 40564, 40579, 20096, 21212, 21261, 21583, 27381, 35394, 40581, 5125, 29681, 7112, 7055, 32393, 33065, 5173, 4968, 4989, 4998, 5005, 5052, 5067, 5108, 5121, 5179, 7048, 7053, 7071, 7163, 7176, 7178, 7180, 7259, 7271, 13251, 13267, 13316, 14258, 14321, 14331, 21578, 21633, 29052, 29617, 29694, 32327, 33024, 33049, 35438, 40515, 20155, 27396, 35526, 20116, 20117, 21566, 40510, 40637, 20163, 21459, 19569, 19592, 19623, 20264, 21254, 21472, 21505, 21519, 21545, 21573, 21646, 21674, 21717, 27155, 27208, 27212, 27296, 27304, 27309, 27456, 27459, 35389, 35392, 35429, 35442, 35521, 35540, 35567, 40503, 35400, 20711, 2726, 2800, 2820, 3830, 28472, 29716, 30883, 5036, 35230, 20374, 2811, 3851, 20951, 28466, 20965, 4895], "label": "plant"}, {"objectId": 9, "id": 9, "partId": 9, "index": 8, "dominantNormal": [0, -2.220446049250313e-16, 1], "obb": {"axesLengths": [1.1293954631286114, 0.5960500107098367, 1.1711471837816485], "centroid": [-0.7290776320310025, 1.8222771687724764, -1.1680250786219166], "normalizedAxes": [0.9256069660186768, 0.37848612666130066, 8.404080246411386e-17, 0, -2.220446049250313e-16, 1, 0.37848612666130066, -0.9256069660186768, -2.0552603308547396e-16]}, "segments": [18399, 18386, 3239, 3058, 17737, 17750, 17754, 18441, 18451, 18456, 25485, 25625, 25829, 28482, 28551, 34136, 34142, 34175, 34370, 35903, 38483, 26451, 34196, 14978, 38637, 14956], "label": "table"}, {"objectId": 10, "id": 10, "partId": 10, "index": 9, "dominantNormal": [0.7938292026519775, 0.608140766620636, 1.3503437626308478e-16], "obb": {"axesLengths": [0.20207727608929257, 0.17373001187153125, 0.14943131478142757], "centroid": [-0.7241083824095732, 1.8378767284700486, -0.8568650575960807], "normalizedAxes": [-0.608140766620636, 0.7938292026519775, 1.7626549168081097e-16, 0, -2.220446049250313e-16, 1, 0.7938292026519775, 0.608140766620636, 1.3503437626308478e-16]}, "segments": [2885, 2883, 28515, 28489], "label": "vase"}, {"objectId": 11, "id": 11, "partId": 11, "index": 10, "dominantNormal": [0.8764103055000305, -0.4815651476383209, -1.0692894295301534e-16], "obb": {"axesLengths": [1.2977590812792223, 0.7598799893286823, 0.7531962714007555], "centroid": [-1.4646080838328457, 2.230654869729279, -1.089940045281575], "normalizedAxes": [0.4815651476383209, 0.8764103055000305, 1.9460218003698027e-16, 0, -2.220446049250313e-16, 1, 0.8764103055000305, -0.4815651476383209, -1.0692894295301534e-16]}, "segments": [25012, 39247, 19951, 38530, 25003, 24844, 15563, 33821, 40039, 17065, 16282, 17077, 15583, 4922, 4941, 4946, 15052, 15222, 15247, 15475, 15515, 15619, 15623, 15630, 15649, 15740, 15786, 15819, 15835, 15848, 15855, 15882, 15907, 15909, 15931, 15933, 15952, 15959, 16186, 16327, 16404, 17052, 17159, 17187, 17315, 17373, 17389, 22183, 24034, 24099, 24665, 24814, 24913, 25056, 25069, 25082, 25212, 25214, 25299, 25318, 25319, 25369, 25662, 25961, 25965, 26253, 26472, 26776, 26798, 26821, 26875, 33320, 33374, 33378, 33379, 33381, 33391, 33756, 33759, 33826, 35886, 38085, 38137, 38214, 38493, 38495, 38693, 39238, 39239, 39277, 39840, 40193, 40196, 40199, 40209, 26015, 22755], "label": "sofa"}, {"objectId": 12, "id": 12, "partId": 12, "index": 11, "dominantNormal": [0, -2.220446049250313e-16, 1], "obb": {"axesLengths": [4.222461218277955, 0.12563001828722553, 2.873164112182517], "centroid": [-1.13616310648722, 1.4094839106395, 1.1508348639589925], "normalizedAxes": [0.7743316292762756, 0.6327799558639526, 1.405053753042901e-16, 0, -2.220446049250313e-16, 1, 0.6327799558639526, -0.7743316292762756, -1.7193616070360643e-16]}, "segments": [27796, 18662, 15741, 18351, 23312, 23332, 33833], "label": "ceiling"}, {"objectId": 13, "id": 13, "partId": 13, "index": 12, "dominantNormal": [-0.4837994873523712, -0.875178873538971, -1.9432874721369474e-16], "obb": {"axesLengths": [1.1100589508857484, 2.102249992588534, 0.21636213425503065], "centroid": [-0.6273951961382569, 2.7681460301827046, -0.3811250825252761], "normalizedAxes": [0.875178873538971, -0.4837995171546936, -1.0742507264953485e-16, 0, -2.220446049250313e-16, 1, -0.4837995171546936, -0.875178873538971, -1.9432874721369474e-16]}, "segments": [20476, 20460, 26267, 23956, 12395], "label": "doorframe"}], "scan_id": "ba6fdaa2-a4c1-2dca-81a8-2aacd785edd7", "annId": "6286", "appId": "stk.v1"}