{"segGroups": [{"objectId": 63, "id": 63, "partId": 63, "index": 0, "dominantNormal": [0.4080929756164551, -0.9129403829574585, -2.0271348665389566e-16], "obb": {"axesLengths": [0.36228409289091845, 0.5136780027968135, 0.26315613382894915], "centroid": [-4.244647069280191, -1.466550923480695, -0.9018111102844542], "normalizedAxes": [0.9129403829574585, 0.4080929756164551, 9.06148435434362e-17, 0, -2.220446049250313e-16, 1, 0.4080929756164551, -0.9129403829574585, -2.0271348665389566e-16]}, "segments": [2830, 3206, 76737, 1786], "label": "backpack"}, {"objectId": 64, "id": 64, "partId": 64, "index": 1, "dominantNormal": [0.9659882187843323, 0.2585861086845398, 5.741765034195985e-17], "obb": {"axesLengths": [0.2800305597391514, 0.3199999856948854, 0.12350985424998985], "centroid": [-4.550630437556393, -2.754319868373029, -0.6700000688654928], "normalizedAxes": [-0.2585861086845398, 0.9659882187843323, 2.1449247240220177e-16, 0, -2.220446049250313e-16, 1, 0.9659882187843323, 0.2585861086845398, 5.741765034195985e-17]}, "segments": [75868, 51300, 45187, 50162], "label": "item"}, {"objectId": 1, "id": 1, "partId": 1, "index": 2, "dominantNormal": [0, -2.220446049250313e-16, 1], "obb": {"axesLengths": [7.242918309240794, 0.6409900045173611, 4.803903492845633], "centroid": [-1.9113437333767105, -0.8832159565807914, -1.6704950928798679], "normalizedAxes": [0.9911616444587708, 0.13265959918498993, 2.9456348290544094e-17, 0, -2.220446049250313e-16, 1, 0.13265959918498993, -0.9911616444587708, -2.200820957606921e-16]}, "segments": [38253, 15003, 9425, 37324, 10915, 2572, 33777, 622, 1273, 1283, 1776, 7690, 9034, 9036, 9049, 9058, 9089, 9109, 9126, 9154, 9165, 11248, 11434, 11633, 11779, 11785, 11911, 11971, 14292, 14606, 15110, 15243, 15266, 15275, 15563, 15588, 15606, 15697, 15829, 16014, 16050, 16052, 16054, 16079, 16094, 16733, 17132, 17262, 19133, 19149, 19260, 19977, 20410, 20730, 20732, 21134, 21136, 21352, 21543, 21950, 21955, 21966, 21970, 22361, 22378, 22436, 22730, 22734, 23471, 23689, 23721, 23725, 24280, 24322, 24328, 24903, 24924, 24939, 24974, 25753, 25841, 25856, 26957, 26967, 27461, 27479, 27499, 28748, 28760, 28784, 29030, 29496, 29521, 30194, 30871, 30911, 30943, 30948, 30953, 30965, 31342, 32389, 32403, 32669, 32793, 32798, 32806, 32881, 32888, 32924, 32925, 32930, 32939, 32941, 32957, 32963, 32966, 33008, 33015, 33435, 33448, 33466, 33513, 33550, 34315, 34735, 36355, 36358, 36361, 36418, 36421, 36424, 36425, 36426, 36429, 36433, 36467, 36813, 36821, 36858, 36860, 39203, 39348, 40041, 40072, 41056, 41064, 41075, 41077, 41090, 41136, 41913, 41935, 41939, 41952, 41962, 42018, 42230, 42421, 42530, 42909, 42918, 42947, 43172, 44743, 44752, 44795, 44908, 45535, 45556, 45619, 46773, 46929, 47900, 49897, 52056, 53206, 54030, 54036, 54053, 54070, 54107, 54120, 54568, 54625, 54626, 54655, 54684, 54685, 56353, 56355, 56411, 56423, 56427, 56435, 56485, 56522, 56530, 56582, 56591, 58077, 58080, 58210, 58228, 58249, 58254, 58887, 58911, 58933, 59749, 62411, 62537, 62684, 63101, 63127, 63129, 63131, 63135, 63641, 63674, 63695, 63700, 64055, 65010, 65075, 65525, 65981, 66419, 66423, 66462, 66663, 66815, 67117, 67590, 67599, 69184, 69190, 69578, 69759, 69760, 70050, 70062, 70070, 70072, 70081, 70087, 70091, 70096, 70139, 70142, 70155, 70168, 70192, 70195, 70365, 70369, 70390, 70821, 71317, 71786, 72586, 72589, 72592, 72594, 72846, 72860, 72879, 72894, 72905, 73986, 73995, 74002, 74006, 74009, 74021, 74027, 74031, 74033, 74068, 74615, 74954, 74957, 75118, 75123, 75604, 75846, 75848, 75863, 75876, 76576, 76579, 77193, 77634, 79095, 80245, 80249, 81081, 81973, 82028, 82059, 82773, 82776, 83019, 83041, 83045, 85722, 86269, 86273, 87043, 87292, 87395, 87911, 88083, 88405, 33056, 33062, 33069, 46018, 46049, 79162, 36910, 36978, 36985, 45677, 70093, 74066, 16957, 46856, 46906, 46913, 47091, 58381, 65332, 77668, 88574, 46819, 46292, 86265, 11412, 11877, 32986, 78905, 33447, 21400, 65061, 65162, 86741, 86559, 77682, 14138, 2796, 7365, 14001, 65210, 14075, 44842, 77236, 65194, 88001], "label": "floor"}, {"objectId": 2, "id": 2, "partId": 2, "index": 3, "dominantNormal": [0.371264785528183, -0.9285270571708679, -2.0617442357170733e-16], "obb": {"axesLengths": [6.512383839034419, 2.818069991065486, 0.3453077056011553], "centroid": [-2.726361400257846, 1.277241370781792, -0.17903510090608066], "normalizedAxes": [0.9285270571708679, 0.371264785528183, 8.243734262518187e-17, 0, -2.220446049250313e-16, 1, 0.371264785528183, -0.9285270571708679, -2.0617442357170733e-16]}, "segments": [34950, 57891, 57798, 60045, 22881, 20806, 25638, 20016, 54932, 19502, 49477, 45404, 40283, 10828, 3455, 3458, 5973, 6231, 6244, 6268, 6293, 6341, 6354, 6403, 6409, 6460, 6509, 14887, 14938, 15400, 15467, 16754, 18743, 19354, 19671, 19803, 20419, 20661, 24159, 25541, 25552, 25998, 26084, 26108, 26120, 26126, 26752, 26822, 27917, 28803, 28817, 28892, 29052, 30332, 30471, 31012, 31055, 32094, 32114, 33918, 34126, 34219, 34638, 34669, 34672, 35742, 36972, 37007, 37020, 37125, 37201, 37242, 37265, 40340, 41398, 47004, 47275, 47293, 47299, 47318, 47354, 47358, 47397, 47403, 47405, 47802, 47849, 47859, 47919, 48103, 48177, 48224, 48552, 48559, 48623, 48645, 48727, 48728, 48752, 49058, 49372, 50633, 50831, 51291, 51603, 51639, 51995, 55597, 55852, 56236, 56764, 57939, 57944, 57951, 61474, 68711, 68718, 69071, 69083, 69090, 70307, 70470, 70472, 71266, 71308, 71787, 71802, 71810, 71818, 71820, 71850, 71862, 71876, 71933, 71936, 71941, 72140, 72165, 77964, 77973, 78269, 78283, 78321, 78324, 78405, 78418, 78444, 78451, 78526, 79002, 79056, 79091, 79093, 79164, 79166, 79175, 79179, 81796, 83777, 84785, 31874, 30362, 84431, 27955, 2193, 2221, 2243, 3443, 3457, 5504, 28074, 28164, 28930, 34248, 47307, 70843, 78964, 83725, 84152, 84159, 20638, 48021, 48158, 50226, 50668, 50696, 53450, 80125, 12498, 80023, 10573, 13768, 12266, 12785, 12846, 13239, 13511, 13567, 13621, 16214, 20598, 28275, 33765, 50313, 50425, 50432, 50636, 50811, 51614, 51621, 52273, 52894, 52932, 52943, 52975, 52981, 53540, 68880, 68884, 68961, 69145, 71774, 78488, 78958, 79069, 79152, 79332, 79670, 79965, 80019, 80112, 80159, 32102, 73625, 53546, 79034, 50904, 30998, 34656, 45795, 47229, 47273, 47857, 48101, 48998, 50247, 50250, 50615, 50706, 50707, 50846, 50851, 50869, 51483, 51608, 51660, 53518, 78359, 78377, 78945, 78950, 78952, 79189, 79208, 84495, 53441, 24436, 83807, 2273, 83811, 2281], "label": "wall"}, {"objectId": 3, "id": 3, "partId": 3, "index": 4, "dominantNormal": [0.921606183052063, 0.3881263732910156, 8.618136721838879e-17], "obb": {"axesLengths": [3.569117467683865, 2.819999989420174, 0.7271059415595147], "centroid": [-4.912751092208426, -1.4969492855041917, -0.20000008056290453], "normalizedAxes": [-0.38812634348869324, 0.921606183052063, 2.046376808122614e-16, 0, -2.220446049250313e-16, 1, 0.921606183052063, 0.38812634348869324, 8.618136060094389e-17]}, "segments": [43175, 44227, 40685, 38615, 57557, 1582, 3416, 5936, 5940, 6668, 6920, 6924, 6977, 7089, 7091, 7214, 7246, 7751, 8017, 8128, 8787, 8814, 8927, 8964, 9631, 9675, 9715, 9855, 10126, 10161, 10257, 11961, 11963, 12029, 12135, 12603, 12853, 13049, 13096, 13100, 13526, 13552, 14622, 14947, 16051, 16077, 16143, 16269, 16551, 36284, 38041, 38402, 40252, 41982, 42371, 42907, 43049, 43136, 43214, 43267, 43297, 44165, 45645, 46233, 48880, 49155, 50552, 50564, 50590, 50647, 51339, 51408, 55679, 59470, 60434, 60474, 61051, 61616, 61739, 62340, 62463, 62660, 63370, 63708, 64600, 64630, 65396, 65443, 67128, 67136, 67219, 67225, 67918, 68219, 68220, 68230, 68512, 68515, 68706, 68858, 69216, 69219, 69250, 69252, 69254, 69257, 70059, 72173, 73899, 73938, 75228, 75878, 76058, 76248, 76249, 76291, 76301, 77328, 79930, 80359, 80922, 81801, 83140, 83149, 83162, 83165, 83172, 83436, 83456, 77555, 61413, 16655, 16759], "label": "wall"}, {"objectId": 4, "id": 4, "partId": 4, "index": 5, "dominantNormal": [0.9356202483177185, 0.35300812125205994, 7.83835488187412e-17], "obb": {"axesLengths": [2.925153247045145, 2.8069999782666555, 0.24806390246381607], "centroid": [0.6379807653366685, 1.4974802807893899, -0.15263012465149028], "normalizedAxes": [-0.35300812125205994, 0.9356202483177185, 2.077494283975675e-16, 0, -2.220446049250313e-16, 1, 0.9356202483177185, 0.35300812125205994, 7.83835488187412e-17]}, "segments": [10548, 43238, 5238, 10048, 10608, 10439, 9957, 25976, 5250, 5377, 8199, 8201, 8208, 8246, 8758, 10731, 16577, 27259, 41500, 41531, 41583, 44201, 44302, 54413, 57877, 63392, 68409, 68423, 75211, 75231, 76015, 76021, 76025, 76028, 76041, 76073, 76192, 76197, 76208, 76224, 76233, 79548, 83690, 81600], "label": "wall"}, {"objectId": 5, "id": 5, "partId": 5, "index": 6, "dominantNormal": [0.9422943592071533, 0.334785521030426, 7.433731875182171e-17], "obb": {"axesLengths": [0.6449428724675795, 1.7199999305605902, 0.20192376403371384], "centroid": [0.6361685589867054, 1.3361150413223626, 0.029999903567359265], "normalizedAxes": [-0.334785521030426, 0.9422943592071533, 2.092313787132379e-16, 0, -2.220446049250313e-16, 1, 0.9422943592071533, 0.334785521030426, 7.433731875182171e-17]}, "segments": [8838, 10060, 9615, 9701, 8478, 8489, 72230, 8395, 69175, 72458, 75319, 41714, 9222, 37892, 72526, 30595, 2535, 2588, 2590, 7821, 7838, 7861, 7926, 7973, 8037, 8075, 8465, 8742, 8757, 8791, 8792, 8812, 8858, 9016, 9695, 9774, 9824, 22863, 28344, 28470, 28493, 30583, 30659, 30680, 43975, 69062, 69097, 69118, 69121, 69124, 69127, 69262, 69264, 70743, 70747, 70754, 71782, 72307, 72548, 75307, 76118, 76150, 76563, 79561, 7919, 7824, 41650, 36561, 79477, 21788, 37845, 41536, 44268, 44323, 51829, 70593, 74271, 75275, 75338, 76087], "label": "curtain"}, {"objectId": 6, "id": 6, "partId": 6, "index": 7, "dominantNormal": [0.9272243976593018, 0.37450626492500305, 8.315709563722141e-17], "obb": {"axesLengths": [1.0316362859160764, 1.6999999500811103, 0.14278795930177324], "centroid": [0.9596346917912957, 0.648493998104612, -0.020000107235982334], "normalizedAxes": [-0.37450626492500305, 0.9272243976593018, 2.0588517505510978e-16, 0, -2.220446049250313e-16, 1, 0.9272243976593018, 0.37450626492500305, 8.315709563722141e-17]}, "segments": [51069, 75362, 27155, 68400, 71539, 71559, 71576, 71579, 71587, 71589], "label": "window"}, {"objectId": 7, "id": 7, "partId": 7, "index": 8, "dominantNormal": [0.8728112578392029, 0.4880578815937042, 1.0837061949902176e-16], "obb": {"axesLengths": [0.7860407403362808, 1.7522809709843767, 0.2988844776478327], "centroid": [1.1677817243943407, 0.014030909199745534, 0.053859403919067184], "normalizedAxes": [-0.4880579113960266, 0.8728112578392029, 1.9380303092102544e-16, 0, -2.220446049250313e-16, 1, 0.8728112578392029, 0.4880579113960266, 1.0837062611646666e-16]}, "segments": [5665, 68398, 5050, 4975, 4211, 5001, 5049, 5713, 68839, 79853, 52789, 52747, 51921, 79884, 80846, 7075, 4181, 4372, 4472, 4538, 4542, 5083, 5137, 5666, 6030, 6038, 6046, 6060, 6199, 6610, 6699, 6708, 52779, 53035, 53072, 53075, 55113, 55136, 55137, 55150, 68275, 68341, 68370, 68457, 68496, 68545, 68809, 68813, 68851, 68310, 4296, 68656, 4757, 4213, 53058, 82916, 4881, 80016], "label": "curtain"}, {"objectId": 9, "id": 9, "partId": 9, "index": 9, "dominantNormal": [0, -2.220446049250313e-16, 1], "obb": {"axesLengths": [2.227600076673197, 0.7971299112484617, 1.365431061084644], "centroid": [-0.4482353760614468, 1.6129301467348722, -1.1885650563782082], "normalizedAxes": [0.9817579984664917, 0.19013471901416779, 4.2218388566032724e-17, 0, -2.220446049250313e-16, 1, 0.19013471901416779, -0.9817579984664917, -2.1799406690148164e-16]}, "segments": [37473, 74475, 23548, 23594, 23311, 30749, 21007, 1705, 1721, 2848, 2880, 2998, 22179, 23559, 25322, 25343, 25431, 30710, 30767, 34785, 34788, 34811, 37330, 37333, 37348, 37376, 37405, 37524, 38240, 38325, 41882, 41888, 59852, 61756, 61806, 68181, 68183, 68194, 71015, 72625, 74217, 74235, 74281, 83680, 83683, 83687, 22227, 35386, 38164], "label": "bed"}, {"objectId": 10, "id": 10, "partId": 10, "index": 10, "dominantNormal": [0, -2.220446049250313e-16, 1], "obb": {"axesLengths": [1.2842684822335209, 0.7074279627033776, 0.7725824256048738], "centroid": [-1.0305423921848689, -0.6638730635886114, -1.1645360702228693], "normalizedAxes": [-0.39256298542022705, 0.9197251200675964, 2.0422000092503643e-16, 0, -2.220446049250313e-16, 1, 0.9197251200675964, 0.39256298542022705, 8.716649300582514e-17]}, "segments": [38200, 39802, 34885, 74699, 39423, 38816, 74898, 23135, 38992, 22045, 22065, 22486, 22488, 22912, 23066, 23117, 26526, 35535, 39078, 39079, 39135, 39425, 39660, 39777, 40136, 70778, 70779, 74581, 74584, 74586, 74702, 74932, 23805, 39639, 36034, 35137, 35587, 38184, 74741, 22478, 22494, 22933, 23661, 23912, 24077, 26552, 26580, 38746, 38772, 66589, 70787, 74750, 38255], "label": "sofa"}, {"objectId": 11, "id": 11, "partId": 11, "index": 11, "dominantNormal": [0, -2.220446049250313e-16, 1], "obb": {"axesLengths": [1.3269080129131003, 0.6791360226466648, 0.8172270360273497], "centroid": [-2.6570985387330257, -1.3668757629091544, -1.150432061863497], "normalizedAxes": [-0.2915981709957123, 0.9565408825874329, 2.123947423687673e-16, 0, -2.220446049250313e-16, 1, 0.9565408825874329, 0.2915981709957123, 6.474780067560466e-17]}, "segments": [19439, 30149, 19441, 40711, 25049, 82751, 15063, 26972, 62147, 13556, 62016, 15885, 15915, 16376, 16973, 17004, 18220, 19267, 19403, 22636, 22665, 22676, 22692, 22733, 56805, 58635, 58646, 59519, 59525, 59636, 60207, 60213, 60238, 62068, 62142, 62146, 62150, 63228, 63597, 63613, 70215, 70263, 70279, 71074, 71076, 75091, 80387, 80427, 82592, 82595, 82604, 82606, 82611, 82635, 84851, 84862, 85874, 88668, 88681, 88839], "label": "sofa"}, {"objectId": 12, "id": 12, "partId": 12, "index": 12, "dominantNormal": [0.30090054869651794, -0.9536555409431458, -2.1175406782328782e-16], "obb": {"axesLengths": [0.6498272905364275, 0.9056779539806104, 0.6433903806016867], "centroid": [-4.086423992909155, -1.6494059845451023, -1.0978110858763526], "normalizedAxes": [0.9536555409431458, 0.30090054869651794, 6.681334345704347e-17, 0, -2.220446049250313e-16, 1, 0.30090054869651794, -0.9536555409431458, -2.1175406782328782e-16]}, "segments": [88868, 45049, 5, 3421, 3168, 5875, 6641, 13287, 24584, 45062, 45112, 67535, 69878, 76649, 69838, 12690, 77609, 77655, 46686, 39284, 27420, 12747, 19883, 20678, 23437, 27401, 46696, 46784, 47135, 47141, 47151, 67539, 67575, 69845, 77623, 77627, 77630, 77921, 88134], "label": "chair"}, {"objectId": 13, "id": 13, "partId": 13, "index": 13, "dominantNormal": [0.9952558279037476, 0.09729276597499847, 2.1603333782982065e-17], "obb": {"axesLengths": [0.6244406559891269, 0.923819998119324, 0.5381307099141212], "centroid": [0.506184892544268, -0.4938572133174344, -1.0941100845533605], "normalizedAxes": [-0.09729276597499847, 0.9952558279037476, 2.2099118710622258e-16, 0, -2.220446049250313e-16, 1, 0.9952558279037476, 0.09729276597499847, 2.1603333782982065e-17]}, "segments": [64062, 44602, 75915, 60063, 43804, 43808, 60093, 64385, 64499, 64668, 10273, 10274, 10276, 43394, 43408, 43428, 57965, 57968, 57974, 60697, 60755, 64379, 64380, 64425, 64447, 64458, 64461, 64483, 64491, 64498, 64502, 64524, 64590, 64624, 64651, 64653, 69349, 75883, 75884, 75889, 82871, 86295, 86297, 86365, 86386, 86392, 86395, 86396, 86407, 86314, 8313, 7617, 10307, 43706, 43785, 43790, 43819, 43834, 43862, 43879, 44442, 44605, 44611, 75919, 75921, 75922, 75976, 75978, 75979, 76245, 76253, 76399, 76473, 82873, 82900], "label": "chair"}, {"objectId": 14, "id": 14, "partId": 14, "index": 14, "dominantNormal": [0.03726387396454811, -0.9993054866790771, -2.2189039198907182e-16], "obb": {"axesLengths": [1.5414157531516026, 1.9804059718458498, 1.515898583996804], "centroid": [-3.049769148995732, 0.5586321776974439, -0.590747097438044], "normalizedAxes": [0.9993054866790771, 0.03726387023925781, 8.274241345253633e-18, 0, -2.220446049250313e-16, 1, 0.03726387023925781, -0.9993054866790771, -2.2189039198907182e-16]}, "segments": [59094, 17684, 85151, 32853, 86664, 12575, 12437, 29603, 27803, 27329, 33411, 32643, 21291, 18432, 65861, 23579, 1455, 1468, 1637, 1651, 1669, 11279, 11309, 11666, 11673, 11998, 12281, 12289, 12396, 12565, 12654, 12906, 12937, 12956, 12987, 13008, 13011, 13012, 13026, 13050, 13074, 13157, 13164, 13172, 13174, 13177, 13306, 13369, 13448, 13460, 13492, 13594, 13604, 13632, 13640, 13696, 13698, 13722, 13759, 13772, 13815, 13821, 13829, 13839, 13846, 14232, 14261, 14277, 14324, 14333, 14383, 14385, 14417, 14474, 14483, 14484, 14515, 14519, 14521, 14538, 14784, 14829, 17620, 17622, 17631, 17632, 17669, 17911, 17924, 17949, 18007, 18098, 18173, 18230, 18336, 18338, 18354, 18356, 18366, 18388, 18399, 18410, 18474, 18486, 18564, 18577, 18608, 18612, 18623, 18649, 18740, 18796, 18858, 18895, 18977, 18985, 21156, 23430, 24542, 24551, 24557, 24568, 24571, 25706, 26175, 26230, 26231, 26262, 28495, 28708, 28753, 28916, 29245, 29283, 29304, 29361, 29376, 29399, 29413, 29439, 29651, 29660, 29665, 29692, 29698, 29703, 29745, 29754, 29762, 29764, 29777, 29833, 29859, 29861, 29867, 29872, 29876, 30187, 30273, 31075, 31295, 31326, 31368, 31374, 31403, 31408, 31415, 31417, 31811, 31866, 32504, 33163, 33169, 33254, 33838, 33847, 33897, 33925, 33926, 33929, 33949, 33963, 33999, 34032, 34096, 34118, 34201, 34509, 35915, 42567, 42629, 42657, 42671, 42678, 42683, 42688, 42713, 42762, 42773, 42845, 42846, 42872, 48820, 48850, 48870, 48873, 48876, 58100, 58481, 58556, 58569, 58679, 58716, 58727, 58746, 59124, 59239, 59273, 59475, 61633, 61883, 61979, 62229, 62300, 62316, 62317, 62351, 62390, 62392, 62443, 62491, 62539, 62629, 62638, 62649, 62700, 62711, 62715, 62743, 62754, 62762, 62775, 62798, 62809, 62829, 62832, 62866, 62878, 62936, 62939, 62948, 62954, 62957, 62980, 62990, 62995, 62996, 63009, 63031, 63038, 63199, 63201, 63296, 63466, 63477, 63505, 63513, 63532, 63553, 63558, 63745, 63813, 63924, 63938, 64978, 64984, 65645, 66164, 66185, 66226, 66254, 68134, 69504, 69505, 69515, 69526, 69535, 69548, 69778, 69795, 69800, 69881, 69882, 69886, 69908, 69912, 69916, 69923, 69992, 70027, 70033, 70284, 70287, 70508, 70523, 70610, 70637, 70661, 70666, 70669, 70672, 70764, 70793, 71224, 71874, 71878, 71879, 71907, 71909, 71911, 71923, 71944, 71949, 71951, 71953, 71957, 72001, 72632, 72915, 72917, 72962, 72964, 73321, 73448, 73456, 75629, 75788, 75793, 75798, 75804, 75831, 75833, 75845, 81314, 81805, 82328, 82390, 85163, 85214, 85226, 85267, 85340, 85352, 85364, 85736, 85747, 85845, 85849, 85962, 85980, 85995, 85997, 86003, 86451, 86468, 86471, 86472, 86680, 86683, 88783, 88835, 20339, 33741, 34449, 55625], "label": "wardrobe"}, {"objectId": 15, "id": 15, "partId": 15, "index": 15, "dominantNormal": [0.9607185125350952, 0.2775247097015381, 6.162286452261203e-17], "obb": {"axesLengths": [2.262452692965789, 1.9682869471247424, 1.2189973410109178], "centroid": [-4.41955100904207, -1.7791257536742715, -0.5810665731859987], "normalizedAxes": [-0.2775247097015381, 0.9607185125350952, 2.1332236256001896e-16, 0, -2.220446049250313e-16, 1, 0.9607185125350952, 0.2775247097015381, 6.162286452261203e-17]}, "segments": [53808, 77780, 65256, 86804, 63145, 65905, 49511, 58482, 59646, 53597, 34739, 5544, 35833, 54434, 6867, 8413, 8678, 54591, 55114, 40017, 45772, 48653, 1404, 67853, 78165, 44501, 53824, 77708, 54830, 318, 67891, 552, 67800, 676, 67908, 68122, 1405, 664, 88763, 1303, 14334, 88736, 44931, 77583, 55045, 68155, 73539, 77905, 8560, 434, 1226, 35328, 35794, 88653, 77818, 77801, 5260, 71689, 68160, 8612, 8496, 8448, 67924, 5232, 35176, 62487, 67915, 7318, 14754], "label": "bed"}, {"objectId": 16, "id": 16, "partId": 16, "index": 16, "dominantNormal": [0.48781490325927734, -0.872947096824646, -1.9383319323488157e-16], "obb": {"axesLengths": [1.0623851379108333, 1.388649998858943, 0.46363500314916767], "centroid": [-4.717138732833411, -1.175685018036143, -0.844325098991356], "normalizedAxes": [0.872947096824646, 0.48781490325927734, 1.083166674707486e-16, 0, -2.220446049250313e-16, 1, 0.48781490325927734, -0.872947096824646, -1.9383319323488157e-16]}, "segments": [78063, 78229, 65374, 4237, 14182, 5426, 15090, 15256, 53865, 53882, 61888, 61910, 61918, 61923, 63024, 63632, 63742, 63931, 65483, 67282, 67724, 78123, 78158, 78248, 78446, 66724, 55209, 59588, 65313, 1169, 28669, 67934, 1137, 11798, 410, 13680, 54663, 14191], "label": "bookshelf"}, {"objectId": 18, "id": 18, "partId": 18, "index": 17, "dominantNormal": [0.8879180550575256, 0.460001677274704, 1.021408906953134e-16], "obb": {"axesLengths": [1.6935813047002695, 0.8315619640448246, 0.8204505975834564], "centroid": [-4.489150944759887, -2.1040645668510995, -1.1413390456807098], "normalizedAxes": [-0.46000170707702637, 0.8879180550575256, 1.9715741374105048e-16, 0, -2.220446049250313e-16, 1, 0.8879180550575256, 0.46000170707702637, 1.021408973127583e-16]}, "segments": [59167, 2115, 57923, 58040, 58788, 59066, 65379, 65772, 65786, 65932, 66057, 67184, 79652, 79671, 82392, 82394, 82410, 82423, 57966, 1660, 1885, 1895, 1906, 1924, 1932, 1953, 2109, 2112, 2135, 2150, 2151, 2156, 2161, 33804, 50772, 51101, 51130, 51286, 52318, 64855, 64884, 65041, 65948, 66304, 66763, 66793, 66798, 66861, 66881, 66893, 66923, 66940, 66972, 66979, 67012, 67572, 71838, 77301, 81306, 81938, 82557, 82562, 84835, 85196, 85242, 85656, 64190, 44789, 85368, 2183, 2201, 34869, 35308, 40515, 48704, 50752, 61559, 67312, 67406, 67409, 67547, 82377, 85403, 85542, 50802, 2254, 48659, 48742, 65774, 82313, 56749, 7366, 32698, 66914, 54197, 48492, 55870, 66005, 48660, 982, 1017, 1446, 1465, 3767, 4687, 6778, 6783, 8036, 47825, 47854, 47927, 47998, 48067, 48082, 48115, 48588, 48666, 48675, 50177, 50262, 50291, 50299, 50521, 51104, 53759, 53760, 53907, 54154, 54367, 54691, 56205, 56285, 56721, 62796, 63050, 64796, 65339, 65360, 65373, 66655, 66664, 67246, 67417, 67585, 69266, 75044, 81068, 81966, 82167, 82233, 82246, 82503, 82830, 85177, 85185, 86275, 86440, 86447, 62477, 53179, 67449, 67766, 42700], "label": "desk"}, {"objectId": 19, "id": 19, "partId": 19, "index": 18, "dominantNormal": [0, -2.220446049250313e-16, 1], "obb": {"axesLengths": [0.4382766730471931, 0.41525994803175426, 0.43807511836517976], "centroid": [-1.8440692884559806, -0.9763355007780276, -1.327210076386779], "normalizedAxes": [0.7466386556625366, 0.6652297973632812, 1.4771068753988842e-16, 0, -2.220446049250313e-16, 1, 0.6652297973632812, -0.7466386556625366, -1.6578708531834443e-16]}, "segments": [40830, 75432, 75416, 41411, 37270, 33245, 32028, 33277, 37286, 41429, 41447, 41863, 75445, 75465], "label": "coffee table"}, {"objectId": 22, "id": 22, "partId": 22, "index": 19, "dominantNormal": [0.9247589707374573, 0.38055330514907837, 8.449980829474199e-17], "obb": {"axesLengths": [1.3495434841362097, 1.1438160283010588, 0.9314172507605805], "centroid": [0.9753404804850399, -0.29565696064493485, -1.3129420658509727], "normalizedAxes": [-0.38055330514907837, 0.9247589707374573, 2.053377403082773e-16, 0, -2.220446049250313e-16, 1, 0.9247589707374573, 0.38055330514907837, 8.449980829474199e-17]}, "segments": [82995, 83011, 52577, 55221, 55225, 81320, 81322, 57235, 79814, 55251, 60220, 80896, 82954, 60250, 60215, 7206, 52591, 55236, 86102, 48424, 86168, 3739, 3742, 3756, 3778, 16683, 16691, 16693, 29966, 46141, 46164, 48469, 52061, 52333, 52658, 52668, 52689, 54976, 54989, 55005, 55213, 55259, 55305, 55308, 55334, 55342, 55409, 55650, 55674, 55700, 55707, 55712, 55725, 57354, 57614, 57645, 60318, 60332, 60333, 60356, 60875, 60906, 60971, 77299, 80444, 80446, 80932, 80935, 80936, 80978, 80981, 81002, 81004, 81006, 81009, 81336, 81580, 83052, 83067, 83090, 83131, 83134, 83182, 83187, 83194, 83197, 83223, 83230, 83250, 83257, 83267, 83295, 61004, 16633, 51393, 53124, 53710, 54712, 54971, 57692, 80277, 52175, 14012, 86531], "label": "desk"}, {"objectId": 23, "id": 23, "partId": 23, "index": 20, "dominantNormal": [0.9116851687431335, 0.4108894169330597, 9.123577825077771e-17], "obb": {"axesLengths": [1.185720406012267, 2.367939955712705, 0.20638451488762033], "centroid": [1.544352814037377, -0.7479959756468736, -0.3939700710107388], "normalizedAxes": [-0.4108894169330597, 0.9116851687431335, 2.024347731095796e-16, 0, -2.220446049250313e-16, 1, 0.9116851687431335, 0.4108894169330597, 9.123577825077771e-17]}, "segments": [4059, 4097, 68700, 53177, 27750, 3348, 3852, 29905, 35766, 35792, 35800, 35826, 35875, 53052, 53091, 53099, 53106, 53117, 53155, 68225, 68325, 68697, 73970, 79983, 79989, 80838, 30, 35020, 26675, 37616, 55160, 3594, 3621, 3881, 46356, 21536, 35044, 73711, 6863, 46474, 35047], "label": "wall"}, {"objectId": 24, "id": 24, "partId": 24, "index": 21, "dominantNormal": [0.7214115858078003, -0.6925065517425537, -1.537673436896711e-16], "obb": {"axesLengths": [0.583132408103309, 0.4419399401111912, 0.3459432062949174], "centroid": [-4.856427096708997, -1.5158123188193195, -1.3290300445696714], "normalizedAxes": [0.6925065517425537, 0.7214115858078003, 1.6018555055903334e-16, 0, -2.220446049250313e-16, 1, 0.7214115858078003, -0.6925065517425537, -1.537673436896711e-16]}, "segments": [68603, 65451, 37351, 65494, 45028], "label": "trash can"}, {"objectId": 26, "id": 26, "partId": 26, "index": 22, "dominantNormal": [0.5070751905441284, -0.8619018197059631, -1.9138064904077615e-16], "obb": {"axesLengths": [0.6306270935227689, 0.8390629998058896, 0.24994001520847633], "centroid": [-5.264558999122528, 0.22939905587857573, -0.13046859667870736], "normalizedAxes": [0.8619018197059631, 0.5070751905441284, 1.1259331035165597e-16, 0, -2.220446049250313e-16, 1, 0.5070751905441284, -0.8619018197059631, -1.9138064904077615e-16]}, "segments": [12097, 68575, 68427, 12007, 11719, 12531, 15612, 15804, 12142, 68750], "label": "clothes"}, {"objectId": 27, "id": 27, "partId": 27, "index": 23, "dominantNormal": [0.35867512226104736, -0.9334624409675598, -2.0727029891699718e-16], "obb": {"axesLengths": [0.30998386898828, 0.3599999913573265, 0.1422790349073153], "centroid": [-4.953124485444457, 0.31258895679674115, -0.050000100306942574], "normalizedAxes": [0.9334624409675598, 0.35867515206336975, 7.964188243633646e-17, 0, -2.220446049250313e-16, 1, 0.35867515206336975, -0.9334624409675598, -2.0727029891699718e-16]}, "segments": [72041, 34485, 37210, 36438], "label": "picture"}, {"objectId": 28, "id": 28, "partId": 28, "index": 24, "dominantNormal": [0.3132867217063904, -0.9496585726737976, -2.1086656258302252e-16], "obb": {"axesLengths": [0.2808529112397183, 0.23999999858438958, 0.12071834263882958], "centroid": [-4.6048315470661505, 0.4465306163622925, 0.10999990278504823], "normalizedAxes": [0.9496585726737976, 0.3132867217063904, 6.956362634955368e-17, 0, -2.220446049250313e-16, 1, 0.3132867217063904, -0.9496585726737976, -2.1086656258302252e-16]}, "segments": [33892, 33717, 71262, 33591, 36897], "label": "picture"}, {"objectId": 29, "id": 29, "partId": 29, "index": 25, "dominantNormal": [0.3322611451148987, -0.943187415599823, -2.09429677067124e-16], "obb": {"axesLengths": [0.24492846754431216, 0.3613329933285787, 0.15377530187330382], "centroid": [-4.355213935133742, 0.555962647872544, 0.13066640008263697], "normalizedAxes": [0.943187415599823, 0.3322611451148987, 7.377679469897617e-17, 0, -2.220446049250313e-16, 1, 0.3322611451148987, -0.943187415599823, -2.09429677067124e-16]}, "segments": [70210, 24888, 25153, 70401, 25148], "label": "picture"}, {"objectId": 30, "id": 30, "partId": 30, "index": 26, "dominantNormal": [0.8802711963653564, 0.47447091341018677, 1.0535370651658366e-16], "obb": {"axesLengths": [0.43468213813874684, 0.6799999845027921, 0.26387157717469784], "centroid": [-5.236808820214186, -0.8224517457905386, 0.40999989403061576], "normalizedAxes": [-0.4744708836078644, 0.8802711963653564, 1.9545947002383023e-16, 0, -2.220446049250313e-16, 1, 0.8802711963653564, 0.4744708836078644, 1.0535369989913876e-16]}, "segments": [8145, 7156, 73571, 73648, 42859, 73707, 38372, 73887, 43448, 43435, 73835, 42310], "label": "shelf"}, {"objectId": 31, "id": 31, "partId": 31, "index": 27, "dominantNormal": [0.38832512497901917, -0.9215224385261536, -2.0461908579209122e-16], "obb": {"axesLengths": [0.6864975395397576, 0.8129499372925618, 0.3358367026528737], "centroid": [-5.110887607770202, 0.22656071586756144, -1.196475069400258], "normalizedAxes": [0.9215224385261536, 0.38832512497901917, 8.622549895842972e-17, 0, -2.220446049250313e-16, 1, 0.38832512497901917, -0.9215224385261536, -2.0461908579209122e-16]}, "segments": [49081, 79355, 51618, 79116, 79123, 51688, 78666, 79074, 49516, 19809, 49584, 18742, 18718, 16236, 84688, 50361, 16199, 20466, 49582], "label": "backpack"}, {"objectId": 32, "id": 32, "partId": 32, "index": 28, "dominantNormal": [0.23206926882266998, -0.9726992845535278, -2.159826283495487e-16], "obb": {"axesLengths": [0.3414193664151884, 0.20726400150513635, 0.14675157193386382], "centroid": [-4.729083172045786, 0.39387894158261993, -1.0063680856962944], "normalizedAxes": [0.9726992845535278, 0.2320692539215088, 5.152972580224819e-17, 0, -2.220446049250313e-16, 1, 0.2320692539215088, -0.9726992845535278, -2.159826283495487e-16]}, "segments": [19760, 20536, 49537], "label": "shoes"}, {"objectId": 33, "id": 33, "partId": 33, "index": 29, "dominantNormal": [0, -2.220446049250313e-16, 1], "obb": {"axesLengths": [0.3128122018721193, 0.14397990381762593, 0.27235632380224817], "centroid": [-4.391606586098822, 0.4631791374254588, -1.5079400575842705], "normalizedAxes": [0.9601065516471863, -0.27963441610336304, -6.209131344711306e-17, 0, -2.220446049250313e-16, 1, -0.27963441610336304, -0.9601065516471863, -2.1318647994643364e-16]}, "segments": [30467, 30495, 28272, 30507], "label": "shoes"}, {"objectId": 34, "id": 34, "partId": 34, "index": 30, "dominantNormal": [0, -2.220446049250313e-16, 1], "obb": {"axesLengths": [0.7839202164477174, 0.16338002316549388, 0.6742173734309787], "centroid": [-5.205286481130944, -0.34517069465936134, -1.5516901042900966], "normalizedAxes": [0.9930251240730286, 0.11790277808904648, 2.6179675780345963e-17, 0, -2.220446049250313e-16, 1, 0.11790277808904648, -0.9930251240730286, -2.2049587135542582e-16]}, "segments": [56130, 57583, 47185, 47082], "label": "carpet"}, {"objectId": 35, "id": 35, "partId": 35, "index": 31, "dominantNormal": [0, -2.220446049250313e-16, 1], "obb": {"axesLengths": [0.9221637243441007, 0.13999998256564172, 0.7488759858219719], "centroid": [-4.665065892280641, 0.2063381096854522, -1.5400000839901709], "normalizedAxes": [0.9918612241744995, -0.12732373178005219, -2.827154772068234e-17, 0, -2.220446049250313e-16, 1, -0.12732373178005219, -0.9918612241744995, -2.2023743366228466e-16]}, "segments": [25097], "label": "carpet"}, {"objectId": 36, "id": 36, "partId": 36, "index": 32, "dominantNormal": [0.04095673933625221, -0.9991609454154968, -2.2185829738130476e-16], "obb": {"axesLengths": [0.4988991993572039, 0.7063599667021635, 0.34616950299047217], "centroid": [0.8779809721854361, 0.4709356331342591, -1.2031800851481402], "normalizedAxes": [0.9991609454154968, 0.040956735610961914, 9.094222177754999e-18, 0, -2.220446049250313e-16, 1, 0.040956735610961914, -0.9991609454154968, -2.2185829738130476e-16]}, "segments": [56169, 53726, 53835, 54403, 80370, 54179], "label": "drawer"}, {"objectId": 37, "id": 37, "partId": 37, "index": 33, "dominantNormal": [0.6347883939743042, -0.7726860642433167, -1.715707718659846e-16], "obb": {"axesLengths": [0.8935656973707043, 0.8165799792875351, 0.44011806677456106], "centroid": [1.4376604906578163, -1.4963207397026672, -1.1681700759266311], "normalizedAxes": [0.7726860642433167, 0.6347883939743042, 1.409513381510195e-16, 0, -2.220446049250313e-16, 1, 0.6347883939743042, -0.7726860642433167, -1.715707718659846e-16]}, "segments": [47457, 49703, 78726, 19679, 48494, 25495, 25506, 41240, 47520, 49426, 71018, 78062, 19691, 49687, 49668, 49145], "label": "commode"}, {"objectId": 38, "id": 38, "partId": 38, "index": 34, "dominantNormal": [0, -2.220446049250313e-16, 1], "obb": {"axesLengths": [0.7550512002885871, 0.37999998673796664, 0.5198728037433589], "centroid": [1.5002596297140487, -1.4047987550338725, -0.6200000878644731], "normalizedAxes": [0.8120915293693542, 0.583530068397522, 1.2956970349920426e-16, 0, -2.220446049250313e-16, 1, 0.583530068397522, -0.8120915293693542, -1.8032054280178272e-16]}, "segments": [17526, 49106, 49121, 78537, 26735, 3093], "label": "pillow"}, {"objectId": 39, "id": 39, "partId": 39, "index": 35, "dominantNormal": [0.3396248519420624, -0.9405609965324402, -2.0884649488293942e-16], "obb": {"axesLengths": [0.46000917445263945, 0.3199999856948854, 0.1349306256516021], "centroid": [1.5528223120333964, -1.2815255948471023, -0.8500000719947367], "normalizedAxes": [0.9405609965324402, 0.33962482213974, 7.541185945475259e-17, 0, -2.220446049250313e-16, 1, 0.33962482213974, -0.9405609965324402, -2.0884649488293942e-16]}, "segments": [41216, 47515], "label": "pillow"}, {"objectId": 40, "id": 40, "partId": 40, "index": 36, "dominantNormal": [0.1781833916902542, -0.9839972853660583, -2.1849128847640972e-16], "obb": {"axesLengths": [0.25718898873308377, 1.1638070084793783, 0.15024501866954332], "centroid": [1.3843820611796094, -1.0450830011967271, -1.0080965905538233], "normalizedAxes": [0.9839972853660583, 0.1781833916902542, 3.95646608120646e-17, 0, -2.220446049250313e-16, 1, 0.1781833916902542, -0.9839972853660583, -2.1849128847640972e-16]}, "segments": [47776, 70955, 42120, 24689, 24704, 24706, 24729, 24748, 24759, 24857, 47723, 70898, 70901, 70984, 70989, 74960, 47778, 40438, 70983, 75007, 75515, 78109, 78146, 75574, 24858, 42081, 42172, 75027, 24849], "label": "item"}, {"objectId": 41, "id": 41, "partId": 41, "index": 37, "dominantNormal": [0.9185633063316345, 0.395273894071579, 8.776843564630243e-17], "obb": {"axesLengths": [0.6466855452226216, 0.9599999570846562, 0.07410632721281261], "centroid": [1.463752356986019, -0.5223092299135357, -0.11000007899828268], "normalizedAxes": [-0.395273894071579, 0.9185633063316345, 2.039620264530383e-16, 0, -2.220446049250313e-16, 1, 0.9185633063316345, 0.395273894071579, 8.776843564630243e-17]}, "segments": [3942, 6839], "label": "calendar"}, {"objectId": 43, "id": 43, "partId": 43, "index": 38, "dominantNormal": [0, -2.220446049250313e-16, 1], "obb": {"axesLengths": [0.3831955504744189, 0.12000000208616246, 0.2697185255566511], "centroid": [1.4133778761139024, -0.5620154428947186, -0.8100000812334562], "normalizedAxes": [-0.01819194108247757, 0.9998345375061035, 2.2200786487094415e-16, 0, -2.220446049250313e-16, 1, 0.9998345375061035, 0.01819194108247757, 4.039422370478178e-18]}, "segments": [7182, 29939], "label": "book"}, {"objectId": 44, "id": 44, "partId": 44, "index": 39, "dominantNormal": [0, -2.220446049250313e-16, 1], "obb": {"axesLengths": [7.314209628536343, 0.34869002516515424, 3.0030881123444715], "centroid": [-2.4569846818552095, 0.23668673593205258, 1.204344863995873], "normalizedAxes": [0.7767008543014526, 0.6298696398735046, 1.3985915533998408e-16, 0, -2.220446049250313e-16, 1, 0.6298696398735046, -0.7767008543014526, -1.7246223433830035e-16]}, "segments": [1977, 1881, 17989, 17377, 76920, 45693, 25924, 36679, 45909, 45932, 36689, 77096, 46448, 39735, 46565, 41334, 41274, 49286, 40661, 31792, 31778, 46111, 46123, 75065, 48379, 49260, 49355, 79741, 51261, 57847, 48323, 48919, 16700, 25619, 25636, 30125, 31764, 33134, 33147, 33166, 37098, 37164, 37178, 39744, 40591, 40631, 40690, 41288, 45779, 45781, 46396, 48913, 48939, 48955, 49218, 49238, 49285, 49297, 49331, 49359, 49988, 50016, 50036, 50115, 51167, 52459, 52479, 52503, 56459, 56596, 56973, 56981, 75055, 75058, 75064, 75073, 75083, 77042, 77053, 77057, 77060, 77062, 78915, 78933, 78943, 79257, 81283, 57041, 79787, 79710, 21646, 21899, 58190, 29594, 26497, 29592, 26449, 28602, 28604, 28606, 28623, 29549, 44155, 51018, 58150, 58161, 81821, 39071, 79247, 55878, 55897, 55474, 39594, 39602, 40071, 40146, 40152, 54225, 72776, 20890, 40004, 72580, 72772, 30795, 30840, 72753, 57103, 4007, 43612, 30826, 86416, 64750, 64763, 20926, 21058, 21092, 21585, 25952, 38969, 38989, 39470, 39817, 39900, 43656, 45771, 52508, 52528, 56993, 72642, 75899, 77104, 78938, 86433], "label": "ceiling"}, {"objectId": 47, "id": 47, "partId": 47, "index": 41, "dominantNormal": [0, -2.220446049250313e-16, 1], "obb": {"axesLengths": [2.059497009632899, 0.25123303567097244, 0.9063765123487633], "centroid": [-0.500010617648214, 1.6775508319240855, -0.9107435813601275], "normalizedAxes": [0.9317816495895386, 0.3630191683769226, 8.06064478224672e-17, 0, -2.220446049250313e-16, 1, 0.3630191683769226, -0.9317816495895386, -2.0689708825950305e-16]}, "segments": [83653, 2301, 73663, 23836, 23182, 23186, 37542, 24049, 24018, 25330, 83571, 59799, 31642, 72840], "label": "blanket"}, {"objectId": 48, "id": 48, "partId": 48, "index": 42, "dominantNormal": [0.3086150884628296, -0.951187014579773, -2.1120594486218568e-16], "obb": {"axesLengths": [0.19257584605473133, 0.6799999621510511, 0.12243646350768869], "centroid": [-2.0848195431287797, 1.5163415069468802, -0.8100000663322955], "normalizedAxes": [0.951187014579773, 0.3086150884628296, 6.852631539163258e-17, 0, -2.220446049250313e-16, 1, 0.3086150884628296, -0.951187014579773, -2.1120594486218568e-16]}, "segments": [28070, 28069, 72148], "label": "clothes"}, {"objectId": 49, "id": 49, "partId": 49, "index": 43, "dominantNormal": [-0.3727909028530121, -0.9279153943061829, -2.0603860713257102e-16], "obb": {"axesLengths": [0.27760956457307406, 1.051199919331075, 0.08367500310376813], "centroid": [-2.305604339603602, 1.454576433311552, -0.9956000449223076], "normalizedAxes": [0.9279153943061829, -0.3727909028530121, -8.27762087436428e-17, 0, -2.220446049250313e-16, 1, -0.3727909028530121, -0.9279153943061829, -2.0603860713257102e-16]}, "segments": [20159, 28080, 72073, 84054], "label": "clothes"}, {"objectId": 50, "id": 50, "partId": 50, "index": 44, "dominantNormal": [0.93437260389328, 0.35629740357398987, 7.911391621240102e-17], "obb": {"axesLengths": [0.9608781793808396, 0.7199999845772984, 0.13492535694738972], "centroid": [0.4332082542375786, 2.0722677968010994, -0.39000008790172624], "normalizedAxes": [-0.35629740357398987, 0.93437260389328, 2.0747239568425613e-16, 0, -2.220446049250313e-16, 1, 0.93437260389328, 0.35629740357398987, 7.911391621240102e-17]}, "segments": [71483, 31517, 71534, 82794, 82787, 10594, 10551, 10732, 71495], "label": "shelf"}, {"objectId": 54, "id": 54, "partId": 54, "index": 48, "dominantNormal": [0.7803030610084534, 0.6254015564918518, 1.3886704153073288e-16], "obb": {"axesLengths": [0.4657673269875236, 0.37939005242161317, 0.3706789505110315], "centroid": [-2.5795938444997666, -1.549614380331198, -1.00030510136526], "normalizedAxes": [-0.6254015564918518, 0.7803030610084534, 1.7326208490341463e-16, 0, -2.220446049250313e-16, 1, 0.7803030610084534, 0.6254015564918518, 1.3886704153073288e-16]}, "segments": [17719, 62038, 16275, 82694, 59225, 84909], "label": "pillow"}, {"objectId": 55, "id": 55, "partId": 55, "index": 49, "dominantNormal": [0.9447287321090698, 0.32785314321517944, 7.279802165864423e-17], "obb": {"axesLengths": [0.5731209244837548, 0.393037966049359, 0.2803122557937698], "centroid": [-2.740434309691507, -1.5911173830617875, -1.0167510357701561], "normalizedAxes": [-0.32785314321517944, 0.944728672504425, 2.0977190484759435e-16, 0, -2.220446049250313e-16, 1, 0.944728672504425, 0.32785314321517944, 7.279802165864423e-17]}, "segments": [85780, 59209, 62055], "label": "pillow"}, {"objectId": 56, "id": 56, "partId": 56, "index": 50, "dominantNormal": [0.36616402864456177, -0.9305503368377686, -2.0662368190599713e-16], "obb": {"axesLengths": [0.7210723002949574, 0.6817899790006133, 0.3141583215573189], "centroid": [-2.4670328695546706, -1.8569686654228434, -1.1491050836865226], "normalizedAxes": [0.9305503368377686, 0.36616402864456177, 8.130474707813956e-17, 0, -2.220446049250313e-16, 1, 0.36616402864456177, -0.930550336837