{"segGroups": [{"objectId": 17, "id": 17, "partId": 17, "index": 0, "dominantNormal": [0.6275855302810669, -0.7785475850105286, -1.7287229092900004e-16], "obb": {"axesLengths": [0.4733976260076927, 1.1799999509751802, 0.26368429681546335], "centroid": [-2.660911918410899, 2.200827636704647, 0.11999996252246081], "normalizedAxes": [0.7785476446151733, 0.6275855302810669, 1.3935198112792577e-16, 0, -2.220446049250313e-16, 1, 0.6275855302810669, -0.7785476446151733, -1.7287230416388984e-16]}, "segments": [6622, 45419, 29151, 14516, 29154, 6415, 40757, 6283, 6602, 40768, 14476, 29035, 30700, 44088, 32924, 30620, 45467], "label": "blinds"}, {"objectId": 18, "id": 18, "partId": 18, "index": 1, "dominantNormal": [0.6940391063690186, -0.719937264919281, -1.5985818555980935e-16], "obb": {"axesLengths": [0.9819790992731738, 0.7000000320374955, 0.18642136138460838], "centroid": [-2.196172950256606, 2.294305279808816, -0.9800000218313196], "normalizedAxes": [0.719937264919281, 0.6940391063690186, 1.541076391762305e-16, 0, -2.220446049250313e-16, 1, 0.6940391063690186, -0.719937264919281, -1.5985818555980935e-16]}, "segments": [13882, 8407, 41040, 41645, 8247, 13046, 13051, 13052, 13085, 13105, 41278], "label": "radiator"}, {"objectId": 19, "id": 19, "partId": 19, "index": 2, "dominantNormal": [-0.4016817510128021, -0.9157793521881104, -2.0334386445511007e-16], "obb": {"axesLengths": [1.0346764917435765, 2.207990895033085, 0.5927108851749873], "centroid": [-1.564315571056116, -0.2828394996319652, -0.3060045122514419], "normalizedAxes": [0.9157793521881104, -0.4016817510128021, -8.919126570923244e-17, 0, -2.220446049250313e-16, 1, -0.4016817510128021, -0.9157793521881104, -2.0334386445511007e-16]}, "segments": [972, 39015, 1824, 1914, 2323, 27074, 27123, 27124, 43087, 43275, 43337, 47508, 9038, 9062, 15877, 15900, 15921, 15927, 15952, 15956, 15967, 16185, 22629, 23248, 26954, 26957, 26960, 27022, 27113, 27217, 27253, 27267, 27271, 27322, 27336, 27351, 41680, 41683, 41690, 41694, 41799, 42557, 43084, 43260, 43279, 43282, 43340, 45567, 45581, 16192, 27231, 1979, 1997, 19186, 27002, 45538, 45541, 45547, 22692, 564, 577, 580, 1950, 23257, 23267, 28051, 37410, 39786, 39806, 42102, 43081, 23330, 19226, 23285, 586, 745, 855, 896, 1955, 2279, 2287, 17502, 18407, 18411, 18418, 18478, 18527, 18604, 18612, 18636, 18670, 19227, 22071, 23236, 23321, 23468, 42095, 42098, 42588, 22902], "label": "wardrobe"}, {"objectId": 20, "id": 20, "partId": 20, "index": 3, "dominantNormal": [-0.5918592810630798, -0.8060413002967834, -1.789771220776578e-16], "obb": {"axesLengths": [0.4527061758871517, 1.407369949131385, 0.08300271836604996], "centroid": [0.40839550909997324, 0.16654608204604315, -0.693684999675268], "normalizedAxes": [0.8060413002967834, -0.5918592810630798, -1.3141916023486463e-16, 0, -2.220446049250313e-16, 1, -0.5918592810630798, -0.8060413002967834, -1.789771220776578e-16]}, "segments": [20708, 20710, 21821, 21819], "label": "wall"}, {"objectId": 21, "id": 21, "partId": 21, "index": 4, "dominantNormal": [0, -2.220446049250313e-16, 1], "obb": {"axesLengths": [3.795134250703745, 0.14458202992568808, 3.5023076985973893], "centroid": [-1.1442628892657525, 1.08637811946624, 1.0557189697227831], "normalizedAxes": [0.7708107829093933, 0.6370641589164734, 1.414566594785057e-16, 0, -2.220446049250313e-16, 1, 0.6370641589164734, -0.7708107829093933, -1.711543757630703e-16]}, "segments": [2822, 29601, 21663, 17996, 32496, 15907, 16967, 40266, 18176, 19162, 30092, 43344, 19821], "label": "ceiling"}, {"objectId": 22, "id": 22, "partId": 22, "index": 5, "dominantNormal": [0, -2.220446049250313e-16, 1], "obb": {"axesLengths": [0.3429777825884179, 0.1698189935873673, 0.2209364810632124], "centroid": [0.5483044394981568, 1.3067531088333897, -0.9050905152773756], "normalizedAxes": [0.6680810451507568, 0.7440885305404663, 1.6522084379310493e-16, 0, -2.220446049250313e-16, 1, 0.7440885305404663, -0.6680810451507568, -1.483437917284018e-16]}, "segments": [45329, 29928, 29878], "label": "box"}, {"objectId": 23, "id": 23, "partId": 23, "index": 6, "dominantNormal": [0, -2.220446049250313e-16, 1], "obb": {"axesLengths": [1.0421425060403573, 0.4375419518900969, 0.46217734097061675], "centroid": [0.034406366615400585, 1.2618987147768932, -1.191228983822936], "normalizedAxes": [0.7494833469390869, 0.6620231866836548, 1.4699867693838237e-16, 0, -2.220446049250313e-16, 1, 0.6620231866836548, -0.7494833469390869, -1.6641873366897973e-16]}, "segments": [20614, 43767, 21464, 20606, 26584, 26119, 20521, 42256, 29319, 29286, 32839], "label": "item"}, {"objectId": 24, "id": 24, "partId": 24, "index": 7, "dominantNormal": [0.55735182762146, -0.8302764296531677, -1.8435840180090318e-16], "obb": {"axesLengths": [0.3397370771332939, 0.23999988496303803, 0.10550323166599809], "centroid": [0.034976472794631785, 0.9998928680511203, -1.3099999977659447], "normalizedAxes": [0.8302764296531677, 0.55735182762146, 1.2375696636845123e-16, 0, -2.220446049250313e-16, 1, 0.55735182762146, -0.8302764296531677, -1.8435840180090318e-16]}, "segments": [30760, 44106], "label": "item"}, {"objectId": 25, "id": 25, "partId": 25, "index": 8, "dominantNormal": [0.7615122199058533, -0.6481505632400513, -1.439183357465737e-16], "obb": {"axesLengths": [1.5568059358922401, 0.9679699919826531, 0.17769495619004555], "centroid": [1.1278942218746493, -0.7545724981257445, -0.973985019238257], "normalizedAxes": [0.6481505632400513, 0.7615122199058533, 1.6908968001457875e-16, 0, -2.220446049250313e-16, 1, 0.7615122199058533, -0.6481505632400513, -1.439183357465737e-16]}, "segments": [15042, 35878, 35885, 35888, 35889, 36834, 35713, 33293, 29696, 36901, 10072, 45209, 9204, 9305, 15196, 14757, 7453, 42711, 31397, 9301, 9360, 9411, 31441, 28485, 28391, 28449, 29703, 29757, 29763, 31077, 33362, 33372, 33393, 36884, 40123, 43055, 43058, 28512, 28500, 14876, 14903, 15124, 29707, 29796, 29801, 35597, 43066, 45291, 16984, 17031, 27944, 27952, 29775, 34133, 34142, 34150, 34767, 34779, 34782, 34788, 34799, 35732, 43060, 23480, 23464, 23511, 24409, 42505, 10123, 9393], "label": "railing"}, {"objectId": 1, "id": 1, "partId": 1, "index": 10, "dominantNormal": [0, -2.220446049250313e-16, 1], "obb": {"axesLengths": [4.9744576439279236, 0.22646998852931005, 2.530069850886537], "centroid": [-0.7995837010730394, 0.48712428734507884, -1.4168150354899842], "normalizedAxes": [0.9045194387435913, -0.42643246054649353, -9.468702722925516e-17, 0, -2.220446049250313e-16, 1, -0.42643246054649353, -0.9045194387435913, -2.008436614228318e-16]}, "segments": [7773, 24561, 5031, 39274, 3376, 3007, 17761, 15325, 25825, 25869, 31553, 39671, 7308, 17429, 7242, 36848, 23861, 4134, 4115, 39534, 17312, 44609, 3143], "label": "floor"}, {"objectId": 2, "id": 2, "partId": 2, "index": 11, "dominantNormal": [-0.6431229710578918, -0.7657629251480103, -1.7003352618072626e-16], "obb": {"axesLengths": [2.486980654594542, 2.5688599965976167, 1.8103431108396504], "centroid": [-1.9708116105169347, 0.6781115314687919, -0.18557002211690055], "normalizedAxes": [0.7657629251480103, -0.6431229710578918, -1.4280198602676194e-16, 0, -2.220446049250313e-16, 1, -0.6431229710578918, -0.7657629251480103, -1.7003352618072626e-16]}, "segments": [11756, 35450, 32653, 40483, 38440, 38510, 37865, 36230, 2727, 39953, 39506, 40840, 42036], "label": "wall"}, {"objectId": 3, "id": 3, "partId": 3, "index": 12, "dominantNormal": [0.7373923659324646, -0.6754646301269531, -1.499832769373717e-16], "obb": {"axesLengths": [3.5056369770991505, 2.591439904463888, 0.42050847933121444], "centroid": [-2.302982241565056, 2.1654937907265177, -0.1854200568339981], "normalizedAxes": [0.6754646301269531, 0.7373923659324646, 1.6373399656820822e-16, 0, -2.220446049250313e-16, 1, 0.7373923659324646, -0.6754646301269531, -1.499832769373717e-16]}, "segments": [2684, 38632, 471, 16909, 34686, 33034, 2986, 277, 26740, 33, 6126, 5988, 11100, 8946, 41621, 33513, 45984, 42304, 32027, 32039, 34351, 29827], "label": "wall"}, {"objectId": 4, "id": 4, "partId": 4, "index": 13, "dominantNormal": [0.7108493447303772, 0.7033442854881287, 1.5617380399748996e-16], "obb": {"axesLengths": [2.8253521374103334, 2.234150002133472, 0.48707216335022846], "centroid": [-0.1801875557507785, 2.355087111175494, -0.012924993569964904], "normalizedAxes": [-0.7033442854881287, 0.7108493447303772, 1.57840261911874e-16, 0, -2.220446049250313e-16, 1, 0.7108493447303772, 0.7033442854881287, 1.5617380399748996e-16]}, "segments": [24310, 8583, 14012, 7415, 34101, 7437, 17878, 4939, 11957, 8611, 34416, 32521, 19529, 33476, 44931, 35738, 7142], "label": "wall"}, {"objectId": 5, "id": 5, "partId": 5, "index": 14, "dominantNormal": [0.7977396845817566, -0.6030020117759705, -1.3389334347379444e-16], "obb": {"axesLengths": [1.0937894200260143, 2.516879979143738, 0.3816934341468282], "centroid": [0.5399486753603957, 0.7634684740498222, -0.16531004618272238], "normalizedAxes": [0.6030020117759705, 0.7977396845817566, 1.7713379309597523e-16, 0, -2.220446049250313e-16, 1, 0.7977396845817566, -0.6030020117759705, -1.3389334347379444e-16]}, "segments": [18753, 26228], "label": "wall"}, {"objectId": 6, "id": 6, "partId": 6, "index": 15, "dominantNormal": [0, -2.220446049250313e-16, 1], "obb": {"axesLengths": [2.2241583533071285, 0.800050002335384, 1.522945023835376], "centroid": [-0.8015569246812995, 2.1383170005594074, -1.0300250069802641], "normalizedAxes": [0.72951340675354, -0.6839665174484253, -1.5187107514878513e-16, 0, -2.220446049250313e-16, 1, -0.6839665174484253, -0.72951340675354, -1.6198451619010346e-16]}, "segments": [27989, 16021, 46734, 24233, 22310, 11230, 17671, 22008, 16141, 41740, 40949, 41753, 11192, 17628, 40980, 16506, 15606, 15564, 7958, 42523, 47047, 36073, 4884, 4379, 24636, 4880, 20392, 20462, 22340, 41699, 13812, 40944], "label": "bed"}, {"objectId": 7, "id": 7, "partId": 7, "index": 16, "dominantNormal": [0, -2.220446049250313e-16, 1], "obb": {"axesLengths": [1.7838055044152985, 0.2465239708157485, 0.8880141734566525], "centroid": [-0.45820272389473654, 2.214087834093709, -0.9267379681016229], "normalizedAxes": [-0.5992690324783325, 0.80054771900177, 1.77757301989383e-16, 0, -2.220446049250313e-16, 1, 0.80054771900177, 0.5992690324783325, 1.330644555604571e-16]}, "segments": [21261, 42487, 42168, 26194, 21387, 25196, 46591, 2867, 2855, 46469, 19085, 19357, 19344, 21227, 19403, 19415, 23640, 19081, 23660, 42697, 46902, 24127, 24050, 24038, 42674, 42847, 24149, 42898, 36745, 2845, 18840, 47271, 2848, 4321, 18350, 18900, 19710, 19713, 19716, 19721, 23799, 24069, 24579, 25023, 36002, 36701, 47401, 46672], "label": "blanket"}, {"objectId": 8, "id": 8, "partId": 8, "index": 17, "dominantNormal": [0, -2.220446049250313e-16, 1], "obb": {"axesLengths": [0.7168858321121943, 0.22507196161735132, 0.4306761049582821], "centroid": [-1.5329170855759633, 2.5154882009038784, -0.8798280110259813], "normalizedAxes": [0.6318602561950684, 0.7750823497772217, 1.7210285414064812e-16, 0, -2.220446049250313e-16, 1, 0.7750823497772217, -0.6318602561950684, -1.4030116095466302e-16]}, "segments": [16488, 47567, 39144, 16455, 17138, 16520, 41820, 39123, 39130, 47646, 47650, 47652, 47710, 47713], "label": "pillow"}, {"objectId": 9, "id": 9, "partId": 9, "index": 18, "dominantNormal": [0, -2.220446049250313e-16, 1], "obb": {"axesLengths": [0.801335080592309, 0.23979001701347494, 0.5263301895048316], "centroid": [-1.1505654200440587, 2.789199813459687, -0.9098950369690737], "normalizedAxes": [0.02717599645256996, 0.9996306896209717, 2.2196260154782525e-16, 0, -2.220446049250313e-16, 1, 0.9996306896209717, -0.02717599645256996, -6.0342833957549494e-18]}, "segments": [4527, 4858, 25454, 25429, 24212, 24135, 42948], "label": "pillow"}, {"objectId": 10, "id": 10, "partId": 10, "index": 19, "dominantNormal": [0.9688503742218018, -0.24764683842658997, -5.498864439936523e-17], "obb": {"axesLengths": [0.9837537571256426, 0.7850099626553808, 0.6960537583583832], "centroid": [0.5315560785071441, 1.4479309224652699, -1.0225049871402623], "normalizedAxes": [0.24764683842658997, 0.9688503742218018, 2.151279985755487e-16, 0, -2.220446049250313e-16, 1, 0.9688503742218018, -0.24764683842658997, -5.498864439936523e-17]}, "segments": [35218, 35304, 35259, 33766, 32837, 32770, 30227, 29332, 43838, 29396, 28926, 30379, 35318], "label": "sofa chair"}, {"objectId": 11, "id": 11, "partId": 11, "index": 20, "dominantNormal": [-0.4031616151332855, -0.915128767490387, -2.031994056329338e-16], "obb": {"axesLengths": [0.4809709753898944, 1.996069923131094, 0.44442436600447693], "centroid": [0.7156737470857628, 1.0565487136201293, -0.42803500612113776], "normalizedAxes": [0.915128767490387, -0.4031616449356079, -8.951986817065281e-17, 0, -2.220446049250313e-16, 1, -0.4031616449356079, -0.915128767490387, -2.031994056329338e-16]}, "segments": [20943, 20900, 25357, 21138, 42460, 21077, 43566, 21550, 19918, 19977, 33517, 29539, 34063, 34077, 36451, 29615, 29685, 28696, 34326, 31979, 7188, 30526, 43412, 7128, 19768, 19878, 20038, 20737, 20738, 20742, 20759, 20784, 20827, 20834, 20857, 21496, 25342, 28601, 28649, 28895, 28911, 29534, 29596, 30152, 30263, 30322, 30366, 30431, 30509, 30518, 30979, 31033, 31141, 31879, 31910, 33273, 34208, 36432, 36433, 36484, 36880, 40186, 42314, 42325, 42331, 42387, 42439, 42479, 43417, 43545, 43850, 43855, 43891, 43936, 43939, 43946, 43950, 43955, 45003, 45194, 30018, 7215, 30390, 43865], "label": "shelf"}, {"objectId": 12, "id": 12, "partId": 12, "index": 21, "dominantNormal": [-0.08556163311004639, -0.9963328838348389, -2.212303415649239e-16], "obb": {"axesLengths": [0.260354296980622, 0.3833500061180441, 0.21880926551245874], "centroid": [0.6014143067795532, 0.8188270474531647, -1.241674956568519], "normalizedAxes": [0.9963328838348389, -0.08556162565946579, -1.8998497366299503e-17, 0, -2.220446049250313e-16, 1, -0.08556162565946579, -0.9963328838348389, -2.212303415649239e-16]}, "segments": [46267, 44122, 34607], "label": "bag"}, {"objectId": 13, "id": 13, "partId": 13, "index": 22, "dominantNormal": [-0.005598046351224184, -0.9999843239784241, -2.2204112414901368e-16], "obb": {"axesLengths": [1.0605902004211578, 1.2399999371171004, 0.1636288714506481], "centroid": [-0.7128906163577677, -0.3653690091667978, -0.7899999912094343], "normalizedAxes": [0.9999843239784241, -0.005598045885562897, -1.2430158870120104e-18, 0, -2.220446049250313e-16, 1, -0.005598045885562897, -0.9999843239784241, -2.2204112414901368e-16]}, "segments": [28067, 420, 839, 18473], "label": "door"}, {"objectId": 14, "id": 14, "partId": 14, "index": 23, "dominantNormal": [0.974726140499115, 0.22340312600135803, 4.9605458851988534e-17], "obb": {"axesLengths": [0.654638757883414, 0.9900299685441705, 0.6213452333135917], "centroid": [-2.302475837845849, 0.18539946709076804, -0.9450149869554134], "normalizedAxes": [-0.22340312600135803, 0.974726140499115, 2.1643268077722655e-16, 0, -2.220446049250313e-16, 1, 0.974726140499115, 0.22340312600135803, 4.9605458851988534e-17]}, "segments": [13613, 11552, 11397, 40747, 11405, 41304, 41230, 12043, 41606, 15638, 14335, 14330, 16643, 16789, 16706, 40293, 14461, 16705, 42004, 41858, 16720, 16684, 16676, 16813, 13214, 10593, 10599, 11401, 11452, 11461, 11534, 11809, 13226, 13286, 14378, 14394, 14462, 14479, 14483, 14489, 14517, 14523, 14531, 16679, 16702, 16725, 16759, 16766, 17221, 40286, 40290, 40299, 40381, 40663, 41217, 41323, 41411, 41482, 41485, 41672, 41827, 41867, 41924, 41927, 41940, 41944, 41973, 41989, 42015, 42020, 47501], "label": "chair"}, {"objectId": 15, "id": 15, "partId": 15, "index": 24, "dominantNormal": [0.533905565738678, -0.8455440998077393, -1.877485055885007e-16], "obb": {"axesLengths": [0.46038863379616424, 1.3335199654060603, 0.41097748420396296], "centroid": [-2.514849903614706, 1.8880849873599195, 0.0967599779335393], "normalizedAxes": [0.8455440998077393, 0.533905565738678, 1.1855085041172008e-16, 0, -2.220446049250313e-16, 1, 0.533905565738678, -0.8455440998077393, -1.877485055885007e-16]}, "segments": [31681, 12205, 6730, 6805, 28409, 29243, 39759, 9112, 38520, 44171, 7108, 31379, 32238, 46155, 5696, 5714, 5781, 6670, 6728, 6816, 9483, 28848, 29227, 29806, 29821, 30773, 31195, 31355, 31375, 32121, 32132, 32140, 37290, 38029, 38423, 38527, 39723, 39769, 39940, 39946, 39947, 44279, 44346, 44349, 44886, 46384, 34757, 31652, 46399, 6860, 5810, 8677, 31224, 46293], "label": "curtain"}, {"objectId": 16, "id": 16, "partId": 16, "index": 25, "dominantNormal": [0.7858609557151794, -0.6184032559394836, -1.3731310664943567e-16], "obb": {"axesLengths": [1.1179907653168983, 1.3331679403818852, 0.5320809751901097], "centroid": [-2.3147186340291244, 2.300268928349599, 0.0765839849419725], "normalizedAxes": [0.6184032559394836, 0.7858609557151794, 1.7449618543778454e-16, 0, -2.220446049250313e-16, 1, 0.7858609557151794, -0.6184032559394836, -1.3731310664943567e-16]}, "segments": [11588, 11669, 6956, 9636, 1536, 9669, 10316, 13370, 30661, 14426, 40549, 10339, 43441, 41190, 837, 6375, 6516, 6525, 8690, 8722, 9859, 10450, 11149, 11354, 11639, 11650, 13380, 13381, 13510, 14615, 14630, 30075, 30103, 30549, 30724, 39771, 39972, 40106, 40211, 40533, 41209, 41212, 41215, 41344, 41346, 41350, 41503, 44952, 746, 6852, 9597, 14209, 15495, 8770, 5736, 5782, 44170, 44352, 44897, 44898, 40060, 13486, 40364], "label": "window"}, {"objectId": 27, "id": 27, "initialPoint": [-1.799847790667785, -0.16052082087863928, 0.7689412000734523], "index": 26, "dominantNormal": [0, -2.220446049250313e-16, 1], "obb": {"axesLengths": [0.725229366697433, 0.42041098131810895, 0.5007645104605584], "centroid": [-1.6187177377009767, -0.3478982026228885, 0.7802054461034635], "normalizedAxes": [0.9144510626792908, -0.4046964645385742, -8.986066658302466e-17, 0, -2.220446049250313e-16, 1, -0.4046964645385742, -0.9144510626792908, -2.0304892493589816e-16]}, "segments": [46368, 26893, 26723, 32388, 45594, 27182, 22737, 22816, 22835, 22888, 22969, 26316, 32374, 32512, 37534, 43542, 22891, 22826, 42131], "partId": 27, "label": "bag"}], "scan_id": "c92fb5b3-f771-2064-86f2-f14da264bfcf", "annId": "3053", "appId": "stk.v1"}