{"segGroups": [{"objectId": 1, "id": 1, "partId": 1, "index": 0, "dominantNormal": [0, -2.220446049250313e-16, 1], "obb": {"axesLengths": [7.273937204278163, 0.48000000834464984, 5.076281164702319], "centroid": [2.0676754871664156, 0.2070811076547649, -1.350000025331973], "normalizedAxes": [0.9184121489524841, 0.3956250548362732, 8.784640899956413e-17, 0, -2.220446049250313e-16, 1, 0.3956250548362732, -0.9184121489524841, -2.0392846277250335e-16]}, "segments": [3480, 9598, 21287, 22221, 18676, 24771, 40632, 674, 3152, 9818, 10084, 10106, 10107, 10122, 10149, 10178, 10190, 10191, 10199, 10216, 10231, 10235, 10250, 10255, 10274, 10280, 10281, 10290, 10306, 10316, 10317, 10328, 10332, 10350, 10386, 10401, 10456, 10477, 10635, 10639, 10645, 10654, 10716, 10802, 10817, 10826, 10842, 10843, 10850, 10875, 10885, 10919, 10922, 10944, 10959, 10965, 10968, 10970, 10977, 10992, 11005, 11028, 11041, 11049, 11050, 11057, 11063, 11075, 11084, 11086, 11116, 11118, 11127, 11135, 11140, 11146, 11158, 11190, 11194, 11203, 11207, 11425, 11627, 15464, 16659, 16818, 16982, 17012, 17459, 17550, 17621, 17907, 17948, 17970, 17977, 18036, 18074, 18335, 18412, 18429, 18432, 18474, 18804, 18826, 18863, 18875, 18888, 18890, 18894, 18896, 18916, 18928, 18936, 18957, 18963, 18964, 18968, 18974, 18985, 18995, 20359, 20362, 20427, 20439, 20448, 20471, 20518, 20545, 21882, 22568, 23125, 24012, 25205, 25223, 25245, 25267, 25279, 25292, 25296, 25301, 25307, 25546, 25640, 27045, 27501, 27503, 27596, 27605, 27638, 27641, 27660, 27717, 27719, 27736, 29431, 30036, 30082, 30088, 31176, 36373, 37492, 40678, 41191, 41975, 42008, 42011, 42021, 42044, 42059, 42063, 44136, 44160, 44173, 44177, 44193, 44200, 44216, 44223, 44230, 46108, 46134, 46194, 46212, 46300, 46352, 46371, 46433, 46435, 46436, 46448, 46458, 46464, 46474, 46502, 46508, 46510, 46536, 46543, 46553, 46558, 46572, 47584, 47632, 47743, 47745, 47757, 47762, 47772, 47793, 48734, 48802, 48840, 48842, 48885, 48888, 48900, 48914, 48917, 48933, 49056, 49098, 49140, 49276, 50558, 50904, 56790, 56794, 56802, 56808, 56815, 56820, 56824, 56887, 56888, 56954, 57300, 57310, 57419, 57503, 57509, 57529, 57535, 57541, 57555, 57574, 57590, 57593, 57622, 57627, 57863, 60327, 60360, 60362, 60383, 60386, 60494, 60515, 61242, 61278, 61289, 61376, 61382, 61410, 61435, 61480, 61506, 61508, 61521, 61524, 61529, 61539, 61551, 61572, 61575, 61586, 61596, 62783, 62791, 62863, 62866, 62914, 62942, 62947, 63011, 63049, 63367, 63389, 63392, 63399, 63412, 69988, 72008, 72319, 73432, 73434, 73459, 73467, 73471, 73482, 73484, 73535, 73542, 73559, 73561, 73572, 73577, 73585, 73589, 73605, 73610, 73632, 73635, 73799, 74310, 74314, 74317, 74379, 74382, 74385, 74393, 74412, 74418, 74420, 74454, 74456, 74460, 74466, 74467, 74471, 74472, 74475, 75154, 75157, 76608, 79904, 79909, 79911, 79916, 79930, 81246, 81252, 81439, 81529, 81537, 81549, 81581, 81637, 81643, 81653, 81872, 81877, 82087, 84843, 84849, 85199, 85250, 87059, 87082, 87086, 87087, 87095, 87818, 87819, 87824, 87828, 87833, 87836, 87844, 87849, 87854, 87862, 87865, 88569, 88576, 88610, 88658, 88665, 88668, 88675, 88849, 88958, 93487, 93817, 93862, 94611, 59316, 26297, 3284, 11437, 11463, 11623, 11694, 16343, 16381, 16402, 16424, 16436, 16437, 16443, 16688, 16704, 16971, 16991, 17014, 17027, 17098, 17111, 17687, 17951, 26290, 26315, 26701, 30071, 30079, 33399, 35926, 38895, 38896, 38897, 38903, 38922, 38937, 38956, 38984, 54246, 57292, 73765, 73769, 73778, 73781, 73784, 73806, 76612, 78599, 83457, 83610, 85136, 93461, 3076, 3915, 30263, 19143, 2677, 2783, 2873, 2877, 4199, 4267, 13116, 13120, 13127, 24127, 24128, 26667, 29000, 33072, 51612, 53254, 73017, 73020, 73741, 73749, 25408, 49730, 32798, 46164, 94394, 57458, 22040, 10431, 10872, 10680, 11598, 60306, 62885, 63294, 93214, 74398, 94290, 10727, 11557, 11235, 56860, 84787, 2785, 2859, 2679], "label": "floor"}, {"objectId": 2, "id": 2, "partId": 2, "index": 1, "dominantNormal": [0.008964121341705322, -0.9999598264694214, -2.2203568460930554e-16], "obb": {"axesLengths": [2.800604760855265, 1.9159519244145162, 0.17704362545228308], "centroid": [1.5094574275778863, 2.2305329721874547, 0.05202397401577197], "normalizedAxes": [0.9999598264694214, 0.008964120410382748, 1.9904345750238467e-18, 0, -2.220446049250313e-16, 1, 0.008964120410382748, -0.9999598264694214, -2.2203568460930554e-16]}, "segments": [28950, 37568, 44707, 67283, 90567, 23257, 52104, 24082], "label": "wall"}, {"objectId": 4, "id": 4, "partId": 4, "index": 2, "dominantNormal": [-0.024553000926971436, -0.9996985197067261, -2.2197766285241862e-16], "obb": {"axesLengths": [1.9191889419913195, 1.7165599081689131, 0.17577554420669075], "centroid": [1.4892500538072748, 2.1830035745567735, 0.14827995974689712], "normalizedAxes": [0.9996985197067261, -0.024553000926971436, -5.4518613905533e-18, 0, -2.220446049250313e-16, 1, -0.024553000926971436, -0.9996985197067261, -2.2197766285241862e-16]}, "segments": [66785, 66653, 66493, 65823, 65961, 52124, 52139, 24502, 90576, 38316, 29802, 67983, 91046, 67633, 67422, 90953, 2701, 24167, 24289, 24436, 24441, 24462, 24465, 24555, 24576, 24580, 29441, 29468, 29476, 29555, 29589, 29595, 29620, 29632, 29698, 29723, 29728, 29731, 29732, 29733, 29771, 29773, 29809, 29812, 29824, 37587, 38245, 38605, 38651, 38653, 38658, 38662, 38718, 38725, 39331, 39656, 39664, 39691, 42158, 42177, 42192, 42219, 42247, 42283, 65586, 65590, 65599, 65603, 65625, 65879, 66030, 66056, 66380, 66439, 66443, 66465, 66477, 66491, 66494, 67332, 67349, 67403, 67434, 67437, 67458, 67464, 67474, 67489, 67519, 67584, 67589, 67613, 67623, 67625, 67660, 67661, 67710, 67716, 67725, 67752, 67801, 67831, 67849, 67854, 67870, 67903, 67921, 67944, 67961, 67964, 67986, 67993, 76558, 76561, 76581, 76585, 76606, 78490, 78494, 78662, 79939, 79968, 79971, 79979, 90610, 90613, 90616, 90619, 90639, 90652, 90668, 90673, 90750, 90756, 90758, 91053, 91058, 91063, 91076, 91115, 91157, 91426, 91427, 91454, 91460, 91078], "label": "mirror"}, {"objectId": 5, "id": 5, "partId": 5, "index": 3, "dominantNormal": [0.017377544194459915, -0.9998490214347839, -2.2201108094916576e-16], "obb": {"axesLengths": [1.070096292920732, 2.380500919062622, 0.18443467219157503], "centroid": [3.4956202659811284, 1.6669040676615794, -0.19394951811545758], "normalizedAxes": [0.9998490214347839, 0.017377544194459915, 3.858589935226123e-18, 0, -2.220446049250313e-16, 1, 0.017377544194459915, -0.9998490214347839, -2.2201108094916576e-16]}, "segments": [43972, 18557, 44003, 19282, 41469, 34748, 78430], "label": "wardrobe"}, {"objectId": 6, "id": 6, "partId": 6, "index": 4, "dominantNormal": [0.007060583680868149, -0.9999750852584839, -2.2203907274109455e-16], "obb": {"axesLengths": [1.0482704695735758, 2.390630907029711, 0.19626809814652432], "centroid": [-0.41345852492100876, 1.648196563920344, -0.20247450204623196], "normalizedAxes": [0.9999750852584839, 0.007060583680868149, 1.5677645139584914e-18, 0, -2.220446049250313e-16, 1, 0.007060583680868149, -0.9999750852584839, -2.2203907274109455e-16]}, "segments": [13828, 92313, 92338, 92331, 42551, 92171, 59256, 13766], "label": "wardrobe"}, {"objectId": 7, "id": 7, "partId": 7, "index": 5, "dominantNormal": [0.9997773170471191, -0.021101677790284157, -4.685513708198953e-18], "obb": {"axesLengths": [3.6028574466914827, 2.9239999594390387, 0.2683828178687593], "centroid": [-0.9182894404132842, -0.20137713593309084, 0.05922993698947199], "normalizedAxes": [0.021101677790284157, 0.9997773170471191, 2.2199515937673534e-16, 0, -2.220446049250313e-16, 1, 0.9997773170471191, -0.021101677790284157, -4.685513708198953e-18]}, "segments": [59254, 80586, 59273, 36191, 39991, 3613, 41824, 30053, 21412, 23128, 25256, 23439, 23218, 23741, 25530, 80754, 15550, 80548, 20555, 20552, 80395, 20690, 74062, 73037, 20703, 80903, 20081, 30689, 25469, 18887, 18770, 18708, 74230, 43459, 21889, 21912, 20059, 20420, 74018, 22607, 74038, 75818, 22662, 22630, 22590, 75850, 3816, 3760, 73097, 3715, 73073, 3553, 3525, 73047, 3620, 3751, 23224, 22925, 36422, 36393, 74213], "label": "wall"}, {"objectId": 8, "id": 8, "partId": 8, "index": 6, "dominantNormal": [0.003909554798156023, -0.9999923706054688, -2.220429108591368e-16], "obb": {"axesLengths": [1.9777302948543547, 2.2217748860618114, 0.6078397748139742], "centroid": [2.055773421390235, -2.0261955259331508, -0.3191125042189846], "normalizedAxes": [0.9999923706054688, 0.003909554798156023, 8.680955505893147e-19, 0, -2.220446049250313e-16, 1, 0.003909554798156023, -0.9999923706054688, -2.220429108591368e-16]}, "segments": [14205, 15982, 89329, 89780, 65093, 15056, 89691, 89598, 89496, 62235, 89500, 63818, 89896, 62448, 62190, 62070, 62035, 16300, 16168, 63187, 90246, 15240, 15233, 14012, 14427, 14428, 14440, 14994, 15275, 15587, 16267, 16329, 50443, 50494, 61007, 61673, 61677, 61716, 62017, 62147, 62187, 62202, 62216, 62251, 62284, 62305, 62313, 62316, 62326, 62336, 62351, 62408, 62425, 62447, 62483, 62499, 62539, 62556, 62558, 62595, 62623, 62639, 62674, 62680, 62711, 62722, 63154, 63184, 63234, 63239, 63249, 63430, 63486, 63493, 63509, 63516, 63555, 63556, 63561, 63618, 63621, 63633, 63636, 63681, 63694, 63707, 63720, 63729, 63739, 63741, 63782, 63802, 63842, 63873, 63898, 63901, 63917, 63938, 63957, 63985, 64014, 64084, 64096, 64127, 64134, 64148, 64194, 64236, 64742, 64785, 64789, 64800, 64810, 64856, 65019, 65027, 65031, 65045, 65048, 65052, 65054, 65075, 65097, 65122, 65188, 65225, 65295, 73810, 73867, 73909, 74031, 87870, 88223, 88225, 88226, 88232, 88233, 88236, 88244, 88248, 88262, 88388, 88412, 88418, 88419, 88421, 88428, 88441, 88472, 88496, 88497, 88500, 88503, 88505, 88516, 88521, 88523, 88556, 88967, 88969, 88971, 88978, 89000, 89012, 89018, 89054, 89072, 89076, 89079, 89086, 89348, 89393, 89601, 89663, 89665, 89668, 89677, 89749, 89824, 90035, 90039, 90043, 90050, 90155, 90192, 90194, 90202, 90205, 90211, 90212, 90221, 90302, 90306, 15427, 13930, 13951, 14017, 14111, 14145, 14299, 14311, 59147, 59416, 59444, 59467, 59759, 59793, 59815, 59822, 60896, 63580, 63620, 65105, 73902, 73922, 86540, 87029, 88216, 88963, 88998, 87444, 15484, 15645, 59771, 59999, 87665, 15448, 60877, 59154, 75005, 74092, 23637, 14609, 14747, 14751, 15840, 15875, 16635, 16849, 16890, 23667, 31302, 31375, 32504, 32577, 32594, 36885, 36900, 37015, 47168, 47194, 47252, 47269, 47355, 47359, 47360, 47901, 47924, 47951, 47955, 47988, 48019, 48083, 48105, 58512, 58555, 58895, 58900, 58933, 58943, 59090, 59138, 59710, 59944, 60060, 60113, 60741, 60743, 60812, 60887, 60902, 60924, 60928, 60952, 63658, 73830, 73945, 74987, 74990, 75010, 78255, 81893, 81932, 82080, 86174, 86178, 86180, 86316, 86319, 86345, 86350, 86398, 86423, 86439, 86602, 86981, 87325, 87417, 87520, 87534, 87538, 87661, 87669, 87679, 87682, 88530, 88535, 89752, 15784, 81907, 14809, 16800, 16829, 23722, 29003, 29026, 31284, 31290, 32480, 32498, 32545, 32574, 36820, 36946, 36961, 37002, 37006, 37031, 47321, 47322, 47409, 47934, 47992, 48049, 48073, 58502, 58509, 58536, 58561, 58579, 58639, 58892, 74978, 77349, 78221, 78251, 78256, 78261, 78271, 81827, 86284, 86430, 86433, 77059, 77168, 26554, 20737, 20763, 22645, 22745, 22766, 22774, 22786, 23446, 23469, 23499, 23517, 23847, 26220, 26454, 26506, 26525, 26571, 26586, 26620, 30143, 30155, 30163, 30283, 30304, 30307, 30318, 30331, 30349, 31475, 31487, 31488, 31507, 31542, 31544, 31545, 31565, 31722, 31741, 31777, 31818, 31832, 31848, 31852, 31859, 31898, 31910, 31924, 31956, 31983, 32032, 32041, 32054, 32100, 32133, 32160, 32184, 32202, 32235, 32312, 32411, 33434, 33456, 33474, 36430, 36452, 36465, 36569, 36572, 36591, 36594, 36598, 36731, 37058, 47313, 57686, 57970, 57995, 58002, 58018, 58024, 58571, 59084, 62359, 65335, 74500, 74502, 74619, 74624, 74830, 74929, 74933, 74939, 75616, 75674, 75681, 75687, 76005, 76179, 76198, 76207, 76218, 76221, 76648, 76670, 76941, 76963, 76976, 76982, 76993, 77122, 77138, 77147, 77187, 77193, 77204, 77209, 77211, 77260, 77286, 77303, 77310, 77318, 77319, 77465, 77882, 77888, 77904, 77940, 78057, 78089, 78267, 78276, 81994, 82006, 85316, 85321, 86224, 86428, 86536, 88251, 88253, 90223, 90298, 74922, 80095, 20181, 20968, 20992, 21030, 21064, 21086, 22505, 22697, 22761, 26366, 26413, 26542, 29121, 31575, 31609, 31611, 32226, 32255, 32271, 32288, 32289, 42777, 45148, 45165, 46963, 46996, 53929, 57879, 57902, 57937, 58363, 58397, 74534, 74542, 74614, 74616, 77308, 78111, 79992, 80025, 80147, 80204, 80217, 81473, 81763, 85301, 85430, 85437, 85631, 85640, 85724, 74873, 20940, 21128, 22550, 42599, 42612, 42615, 43183, 43260, 45143, 46961, 58408, 85717, 85823, 85839, 45112, 84777, 11272, 11301, 11384, 31744, 36507, 37125, 50090, 50976, 50984, 50985, 56676, 56694, 57227, 57243, 57248, 57263, 57276, 57326, 57350, 57358, 57391, 57709, 57721, 57740, 57748, 57762, 57765, 58073, 58076, 58080, 58096, 58106, 58108, 58111, 58122, 58125, 58129, 58134, 58141, 58150, 58160, 58161, 58178, 58190, 58193, 58210, 58213, 58217, 58220, 58228, 58236, 58247, 58265, 58345, 58349, 58553, 58559, 58586, 58645, 58684, 58711, 58721, 58768, 58845, 58866, 59429, 59492, 59503, 59508, 59534, 59538, 59587, 59632, 60144, 60186, 60352, 60666, 60676, 60679, 60700, 60701, 61131, 61198, 61654, 61685, 61769, 61823, 61824, 61838, 61868, 61870, 61876, 61908, 61916, 61931, 61945, 61967, 62463, 62464, 62800, 62870, 62984, 63260, 63269, 63275, 63308, 63784, 64076, 64215, 73615, 73828, 83245, 85152, 85155, 85169, 85282, 85330, 85336, 85339, 85346, 85348, 85353, 85354, 85369, 85373, 85384, 85389, 85486, 85510, 85532, 85613, 85616, 85621, 86090, 86096, 86146, 86164, 86167, 86563, 86586, 87126, 87130, 87138, 87247, 87268, 87792, 87822, 88100, 88102, 88108, 88128, 88132, 88134, 88254, 88568, 88729, 88740, 88743, 88744, 88837, 88844, 88873, 88332, 63866, 14134, 13913, 14485, 14796, 14661, 73842, 14116, 56741, 85133, 94451, 20694, 50491, 84772, 82828, 81201, 43593, 56620, 86137], "label": "curtain"}, {"objectId": 9, "id": 9, "partId": 9, "index": 7, "dominantNormal": [0.046568311750888824, -0.9989151358604431, -2.2180371669576607e-16], "obb": {"axesLengths": [0.920962279577824, 2.2113999230101715, 0.2646520302603726], "centroid": [0.7114634477394752, -1.8427657816846679, -0.29570000889077797], "normalizedAxes": [0.9989151358604431, 0.046568311750888824, 1.0340242384751802e-17, 0, -2.220446049250313e-16, 1, 0.046568311750888824, -0.9989151358604431, -2.2180371669576607e-16]}, "segments": [15396, 82109, 82133, 73218, 8063, 7384, 7320, 8615, 82409, 64404, 64595, 52402, 89354, 89252, 89232, 89180, 64470, 50192, 7227, 15389, 49444, 51758, 64494, 64613, 64632, 71315, 73271, 89154, 89208, 89247, 89293, 89345, 89415, 15989, 35315, 81741, 53626, 92271, 7359, 35342, 8541, 7203, 16166], "label": "blinds"}, {"objectId": 10, "id": 10, "partId": 10, "index": 8, "dominantNormal": [0.21884770691394806, -0.9757590293884277, -2.1666202818258545e-16], "obb": {"axesLengths": [0.9350836359101725, 2.3526799748983978, 0.3450903010692797], "centroid": [3.5019127238752485, -1.7485281418445933, -0.22634005226924936], "normalizedAxes": [0.9757590293884277, 0.21884769201278687, 4.859394931173419e-17, 0, -2.220446049250313e-16, 1, 0.21884769201278687, -0.9757590293884277, -2.1666202818258545e-16]}, "segments": [82534, 42907, 42924, 28636, 19902, 47864, 44971, 42417, 39492, 82453, 39453, 42466, 82365, 17180, 17248, 19862, 34240, 34479, 34480, 39444, 39446, 43366, 77528, 78766, 78920, 78935, 82425, 39606, 21527, 42809, 44520, 47834, 21507, 81373, 76474, 11417, 43044, 43035], "label": "blinds"}, {"objectId": 11, "id": 11, "partId": 11, "index": 9, "dominantNormal": [-0.1047399714589119, -0.9944996237754822, -2.2082327605931921e-16], "obb": {"axesLengths": [0.5034125613605297, 2.169199954661727, 0.490965376261698], "centroid": [3.0247274198765695, -2.0752424847953885, -0.29460000519603513], "normalizedAxes": [0.9944996237754822, -0.10473997890949249, -2.3256947236814372e-17, 0, -2.220446049250313e-16, 1, -0.10473997890949249, -0.9944996237754822, -2.2082327605931921e-16]}, "segments": [50095, 50139, 54177, 20024, 20010, 11438, 20192, 20567, 20610, 43479, 43551, 43564, 43627, 49778, 49785, 49789, 50029, 50047, 50064, 50067, 50146, 50185, 50214, 50221, 50223, 50487, 50501, 50509, 51255, 53978, 53999, 56622, 56627, 56636, 56647, 57168, 74484, 81182, 81207, 82686, 82688, 82705, 82707, 82776, 83392, 83396, 83399, 83613, 84726, 52724], "label": "window"}, {"objectId": 13, "id": 13, "partId": 13, "index": 10, "dominantNormal": [0.9998419880867004, 0.01777500845491886, 3.94684472991155e-18], "obb": {"axesLengths": [2.4578463367380516, 2.949160033110676, 0.3071837313180921], "centroid": [3.9205556669351793, -0.5196591430641018, 0.08645996071860207], "normalizedAxes": [-0.01777501031756401, 0.9998419880867004, 2.2200951923216926e-16, 0, -2.220446049250313e-16, 1, 0.9998419880867004, 0.01777501031756401, 3.946845143501856e-18]}, "segments": [28529, 49159, 84318, 39063, 7697, 6970, 11877, 34130, 39038, 39050, 39061, 39525, 45672, 48491, 48707, 48716, 48943, 48965, 51787, 51795, 51844, 51850, 52283, 52284, 52290, 52474, 52483, 52516, 52532, 52552, 52582, 52884, 53118, 53262, 53362, 54310, 54314, 54678, 54682, 54689, 54720, 54743, 54757, 54776, 54787, 55098, 55121, 55126, 55128, 55162, 55182, 55482, 55543, 56481, 78918, 82985, 82992, 83633, 83634, 83652, 83662, 84271, 84662, 84717, 45514, 34235, 55238, 55223, 55112, 84355], "label": "wall"}, {"objectId": 14, "id": 14, "partId": 14, "index": 11, "dominantNormal": [0.9860343933105469, 0.16654174029827118, 3.697969492805679e-17], "obb": {"axesLengths": [1.0667984149865837, 0.6799999919533728, 0.22886552955011152], "centroid": [3.8473512869636295, -1.1685052722480764, -0.0700000229477884], "normalizedAxes": [-0.16654174029827118, 0.9860343933105469, 2.1894361730513331e-16, 0, -2.220446049250313e-16, 1, 0.9860343933105469, 0.16654174029827118, 3.697969492805679e-17]}, "segments": [83938, 43780, 46721, 55601, 56258, 84134, 46765, 43703, 43812, 45731, 46626, 46685, 46776, 46799, 46822, 46823, 53294, 53331, 55408, 55497, 55966, 55968, 55971, 55972, 55996, 56027, 56033, 56048, 56052, 56073, 56106, 56115, 56127, 56130, 56150, 56180, 56208, 56219, 56243, 56245, 56249, 56265, 56268, 56285, 56288, 56309, 56317, 56323, 56327, 56330, 56332, 56341, 56350, 56355, 56360, 56385, 56411, 56423, 81711, 81753, 81758, 81762, 83739, 83827, 83834, 83837, 83847, 83849, 83852, 83853, 83882, 83886, 83897, 83904, 83910, 83913, 83922, 83925, 83926, 83929, 55719, 55001, 43683, 53343, 53345, 54999, 55009, 55015, 55053, 55058, 55120, 55442, 55466, 55681, 55965, 56443, 83639, 84283], "label": "tv"}, {"objectId": 15, "id": 15, "partId": 15, "index": 12, "dominantNormal": [0.0007595029892399907, -0.9999997019767761, -2.220445387505823e-16], "obb": {"axesLengths": [1.397499955811269, 2.3620089360622547, 0.13263838955262813], "centroid": [4.5242493983196255, 0.6841928629231552, -0.189685521132823], "normalizedAxes": [0.9999997019767761, 0.0007595029892399907, 1.6864354118517404e-19, 0, -2.220446049250313e-16, 1, 0.0007595029892399907, -0.9999997019767761, -2.220445387505823e-16]}, "segments": [38475, 21945, 58046, 79342, 621, 47775, 46331, 1404, 1414, 40411, 1170, 61784, 10855, 11660], "label": "wall"}, {"objectId": 16, "id": 16, "partId": 16, "index": 13, "dominantNormal": [-0.02376401424407959, -0.9997175931930542, -2.219818980171549e-16], "obb": {"axesLengths": [0.6006838069408732, 1.4960499667514116, 0.08849767917161422], "centroid": [4.150281912091053, 0.6904512801266979, -0.3780250185424461], "normalizedAxes": [0.9997175931930542, -0.02376401424407959, -5.276671154259469e-18, 0, -2.220446049250313e-16, 1, -0.02376401424407959, -0.9997175931930542, -2.219818980171549e-16]}, "segments": [54902, 33905, 77727, 39133, 79605, 29195, 78655, 33643, 33812, 33908, 33951, 83636, 34836, 34113, 77523, 34880], "label": "mirror"}, {"objectId": 17, "id": 17, "partId": 17, "index": 14, "dominantNormal": [0.999657392501831, -0.02617429383099079, -5.8118607328940344e-18], "obb": {"axesLengths": [1.4534890882661113, 2.3689189619812594, 0.11099480724889599], "centroid": [5.186456411117923, 1.4353818449039715, -0.18554052482082284], "normalizedAxes": [0.02617429569363594, 0.999657392501831, 2.2196853077845603e-16, 0, -2.220446049250313e-16, 1, 0.999657392501831, -0.02617429569363594, -5.811861146484341e-18]}, "segments": [2594, 2645, 5841, 780, 9290, 812, 36201, 5423, 9389, 872, 73364, 5785, 5885, 27681, 36028, 771, 9160], "label": "door"}, {"objectId": 18, "id": 18, "partId": 18, "index": 15, "dominantNormal": [0.9998466372489929, 0.017513129860162735, 3.888696000800603e-18], "obb": {"axesLengths": [1.3325830016069569, 0.2593799771507088, 0.1267365778281102], "centroid": [5.164521305495214, 1.4960812198171212, 0.8996899206260598], "normalizedAxes": [-0.017513129860162735, 0.9998466372489929, 2.2201055155357373e-16, 0, -2.220446049250313e-16, 1, 0.9998466372489929, 0.017513129860162735, 3.888696000800603e-18]}, "segments": [1764, 6515, 6329, 2508], "label": "wall"}, {"objectId": 19, "id": 19, "partId": 19, "index": 16, "dominantNormal": [0.05482304468750954, -0.9984961152076721, -2.217106754204661e-16], "obb": {"axesLengths": [1.0134414410775923, 0.35928993614114946, 0.12261320021012193], "centroid": [4.6613424943286095, 2.1172782117216897, 0.8496449381192401], "normalizedAxes": [0.9984961152076721, 0.05482304468750954, 1.2173161298425392e-17, 0, -2.220446049250313e-16, 1, 0.05482304468750954, -0.9984961152076721, -2.217106754204661e-16]}, "segments": [6645, 7758], "label": "wall"}, {"objectId": 20, "id": 20, "partId": 20, "index": 17, "dominantNormal": [0.06493410468101501, -0.9978895783424377, -2.2157599718185267e-16], "obb": {"axesLengths": [1.0465806407289293, 2.157043885654719, 0.09299750893203022], "centroid": [4.671899578900666, 2.136070719652667, -0.33234801331874775], "normalizedAxes": [0.9978895783424377, 0.06493409723043442, 1.441826596569538e-17, 0, -2.220446049250313e-16, 1, 0.06493409723043442, -0.9978895783424377, -2.2157599718185267e-16]}, "segments": [5306, 5590, 52343, 4908, 54361, 5036], "label": "door"}, {"objectId": 21, "id": 21, "partId": 21, "index": 18, "dominantNormal": [0.01730192080140114, -0.999850332736969, -2.2201137211674138e-16], "obb": {"axesLengths": [1.4221785626782588, 2.16305590801561, 0.131410356644691], "centroid": [-0.2815212754038372, -1.962593116331787, -0.3284720127626062], "normalizedAxes": [0.999850332736969, 0.01730192080140114, 3.841798168791297e-18, 0, -2.220446049250313e-16, 1, 0.01730192080140114, -0.999850332736969, -2.2201137211674138e-16]}, "segments": [33881, 31489, 77531, 77546, 26705, 25906, 38631, 36505], "label": "wall"}, {"objectId": 22, "id": 22, "partId": 22, "index": 19, "dominantNormal": [0, -2.220446049250313e-16, 1], "obb": {"axesLengths": [6.928538661591431, 0.9160999450959267, 4.7297061037593355], "centroid": [2.0196687076900157, 0.24198789343023624, 1.1480499230761083], "normalizedAxes": [0.9648722410202026, 0.26271960139274597, 5.833547009731398e-17, 0, -2.220446049250313e-16, 1, 0.26271960139274597, -0.9648722410202026, -2.1424467556046048e-16]}, "segments": [58311, 12324, 12291, 49972, 60724, 32801, 35832, 32809, 28684, 66756, 29772, 76296, 83758, 63959, 52007, 14051, 14473, 82312, 23390, 21213, 6786, 11820, 69586, 69224, 66292, 69031, 68684, 62929, 68893, 68614, 72708, 72465, 70965, 6310, 1645, 12555, 87884, 49902, 23948, 49664, 92560, 12932, 60447, 70573, 67018, 70399, 72323, 81517, 9852, 71941, 70207, 69127, 71328, 9565, 92792, 88082, 88114, 8810, 88110, 7398, 34717, 6495, 6531, 23959, 68379, 66331, 69000, 91266, 91261], "label": "ceiling"}, {"objectId": 23, "id": 23, "partId": 23, "index": 20, "dominantNormal": [0, -2.220446049250313e-16, 1], "obb": {"axesLengths": [3.0717500416367645, 0.7800400678804493, 2.603152728328579], "centroid": [1.3528118345605533, 1.156076102133694, -0.9800200261916218], "normalizedAxes": [0.8498533964157104, -0.5270191431045532, -1.1702175741857906e-16, 0, -2.220446049250313e-16, 1, -0.5270191431045532, -0.8498533964157104, -1.8870536165132245e-16]}, "segments": [725, 28816, 1970, 1983, 2316, 2334, 2357, 2359, 5657, 6301, 23195, 26840, 34620, 73008, 74105, 74108, 78457, 2144, 739, 3182, 5685, 23011, 58798, 73023, 26894, 78583, 34073, 6440, 78886, 90496, 39652, 39271, 2994, 17521, 24672, 24677, 26239, 26631, 26639, 26645, 26664, 27325, 27332, 28408, 28455, 30800, 37371, 38616, 38632, 38692, 39779, 39791, 75054, 77822, 77839, 78510, 78512, 78734, 78736, 78836, 78846, 78848, 78849, 78877, 78879, 24819], "label": "bed"}, {"objectId": 24, "id": 24, "partId": 24, "index": 21, "dominantNormal": [0, -2.220446049250313e-16, 1], "obb": {"axesLengths": [0.5566705563100866, 0.3800000463426101, 0.4561586020910331], "centroid": [2.7214624139076062, 2.0044824200523212, -1.0000000391155475], "normalizedAxes": [0.9895427227020264, -0.14424015581607819, -3.202774841250604e-17, 0, -2.220446049250313e-16, 1, -0.14424015581607819, -0.9895427227020264, -2.1972262291881125e-16]}, "segments": [23295, 26040, 26097], "label": "nightstand"}, {"objectId": 25, "id": 25, "partId": 25, "index": 22, "dominantNormal": [0, -2.220446049250313e-16, 1], "obb": {"axesLengths": [0.6384294591596024, 0.4256730580551982, 0.4654979116874906], "centroid": [0.40948163224512446, 1.9796569345898982, -0.9971635137387327], "normalizedAxes": [0.9941883087158203, 0.10765524953603745, 2.3904267351335095e-17, 0, -2.220446049250313e-16, 1, 0.10765524953603745, -0.9941883087158203, -2.2075415022988938e-16]}, "segments": [19481, 19473, 35139, 30976, 77686, 30673, 30769, 30855, 30550, 35077, 35102, 19095, 35042, 19462, 19558, 30522, 30783, 31166, 31198, 31211, 34669, 35045, 35140, 74436, 76689, 76724, 76815, 76834, 77671, 77777], "label": "nightstand"}, {"objectId": 26, "id": 26, "partId": 26, "index": 23, "dominantNormal": [0.999469518661499, -0.032568804919719696, -7.231727421279576e-18], "obb": {"axesLengths": [1.9151861777542403, 0.7588699290408951, 0.6076560100822425], "centroid": [-0.6976112167941539, -0.6827871156714052, -0.7794049822672089], "normalizedAxes": [0.032568804919719696, 0.999469518661499, 2.2192681440580376e-16, 0, -2.220446049250313e-16, 1, 0.999469518661499, -0.032568804919719696, -7.231727421279576e-18]}, "segments": [37755, 77445, 42574, 13829, 13831, 34834, 35267, 35271, 35321, 35332, 35392, 35415, 35440, 35464, 35515, 35580, 35632, 35674, 35700, 35723, 35733, 35790, 35821, 37879, 42624, 43197, 43646, 43673, 47474, 47526, 47580, 47588, 47608, 76795, 76808, 76842, 76870, 79032, 80206, 81098, 22248, 22250, 47452, 74236, 74240, 81004, 71556, 35566, 35778, 35781, 35789, 35891, 36060, 37501, 44129, 44228, 71169, 71179, 71224, 71258, 71575, 76849, 76874, 77404, 92481, 41120, 41154, 41206, 41226, 41227, 44804, 70834, 71175, 71213, 71237, 71379, 71396, 71407, 71449, 71503, 71900, 71939, 79178, 92276, 92289, 92377, 81105, 35678, 47700, 31036, 71202, 78843, 46498, 43711, 36294, 36308], "label": "desk"}, {"objectId": 27, "id": 27, "partId": 27, "index": 24, "dominantNormal": [0, -2.220446049250313e-16, 1], "obb": {"axesLengths": [0.8710503520093904, 0.4836219441081148, 0.5769625519348568], "centroid": [-0.5074073959626109, -0.226689497185783, -1.15131897327336], "normalizedAxes": [-0.4736810624599457, 0.8806964755058289, 1.9555390096255928e-16, 0, -2.220446049250313e-16, 1, 0.8806964755058289, 0.4736810624599457, 1.0517832437438772e-16]}, "segments": [40393, 43896, 77880, 40198, 34407, 34409, 34475, 77865, 37212, 15036, 15076, 15725, 15759, 15763, 27592, 37059, 75016, 77360], "label": "chair"}, {"objectId": 28, "id": 28, "partId": 28, "index": 25, "dominantNormal": [0, -2.220446049250313e-16, 1], "obb": {"axesLengths": [0.936790150451989, 0.8451629092135371, 0.9398738568305555], "centroid": [0.5059686054842814, -1.163719293443747, -0.9698484937880526], "normalizedAxes": [0.9533258676528931, 0.3019433319568634, 6.704488785410931e-17, 0, -2.220446049250313e-16, 1, 0.3019433319568634, -0.9533258676528931, -2.1168086564779932e-16]}, "segments": [8107, 68655, 69262, 91254, 8441, 64940, 64985, 8379, 8398, 64951, 64962, 64963, 64970, 64972, 55837, 40270, 33754, 91312, 40255, 32682, 67561, 68832, 69406, 69956, 91202, 92935], "label": "armchair"}, {"objectId": 29, "id": 29, "partId": 29, "index": 26, "dominantNormal": [0.9924790263175964, -0.12241464853286743, -2.7181512270517112e-17], "obb": {"axesLengths": [0.7916781940958013, 0.7431200576621277, 0.7293680800438661], "centroid": [1.3457377677498559, -1.2573086322409712, -1.0784400181075928], "normalizedAxes": [0.12241465598344803, 0.9924790263175964, 2.2037461329507045e-16, 0, -2.220446049250313e-16, 1, 0.9924790263175964, -0.12241465598344803, -2.7181513924878337e-17]}, "segments": [44822, 44882, 63862, 64349, 81465, 35676, 64340, 89137, 40880, 81443, 89103, 44800, 61028, 61041, 61042, 64358, 87721, 87726, 81458, 81297, 41160, 44379, 28192, 41002, 41021, 41023, 41037, 41039, 41053, 41282, 79744, 79781, 81305, 81327, 94224, 41019, 41139, 46132, 40939], "label": "coffee table"}, {"objectId": 31, "id": 31, "partId": 31, "index": 27, "dominantNormal": [0, -2.220446049250313e-16, 1], "obb": {"axesLengths": [0.9450744741677857, 0.8430560042771096, 0.958801551492538], "centroid": [2.2488294644434523, -1.2170842000597668, -0.9588620466993293], "normalizedAxes": [0.9036895632743835, -0.4281882643699646, -9.507689399556365e-17, 0, -2.220446049250313e-16, 1, -0.4281882643699646, -0.9036895632743835, -2.0065939205213458e-16]}, "segments": [17378, 17646, 17876, 75185, 17807, 21997, 21998, 25178, 25457, 27356, 27834, 74367, 74591, 75133, 17566, 17622, 17880, 29147, 40898, 74345, 17349, 17364, 17492, 17562, 17637, 17728, 28996, 31399, 74187, 74193, 74195, 74198, 74205, 74573, 76480, 76891, 76894, 29163, 17444, 17366, 74281, 28998, 57811, 17744, 76898], "label": "armchair"}, {"objectId": 38, "id": 38, "partId": 38, "index": 32, "dominantNormal": [-0.06414397805929184, -0.9979406595230103, -2.21587339482412e-16], "obb": {"axesLengths": [0.3217858810818939, 0.16537698733709028, 0.08332711209994771], "centroid": [4.129022846192806, 0.7138563206314232, 0.552688450306166], "normalizedAxes": [0.9979406595230103, -0.06414397805929184, -1.4242824266495333e-17, 0, -2.220446049250313e-16, 1, -0.06414397805929184, -0.9979406595230103, -2.21587339482412e-16]}, "segments": [39183, 38504, 38489], "label": "picture"}, {"objectId": 40, "id": 40, "partId": 40, "index": 33, "dominantNormal": [0, -2.220446049250313e-16, 1], "obb": {"axesLengths": [0.7973689787721217, 0.3768920218149119, 0.5683542682699106], "centroid": [2.0075430289330365, 1.8629143814431717, -0.7564310281031352], "normalizedAxes": [0.996620774269104, 0.08214034140110016, 1.8238819654814477e-17, 0, -2.220446049250313e-16, 1, 0.08214034140110016, -0.996620774269104, -2.21294266082662e-16]}, "segments": [40660, 40469, 41733, 24643, 27243, 23101, 40526, 83207], "label": "pillow"}, {"objectId": 41, "id": 41, "partId": 41, "index": 34, "dominantNormal": [0, -2.220446049250313e-16, 1], "obb": {"axesLengths": [0.7998522054749285, 0.33877997833237083, 0.5789213796612992], "centroid": [1.0685423788531734, 1.8630075175805132, -0.7620360103539527], "normalizedAxes": [0.9999786615371704, 0.006536342669278383, 1.4513596256545432e-18, 0, -2.220446049250313e-16, 1, 0.006536342669278383, -0.9999786615371704, -2.220398668344826e-16]}, "segments": [34035, 37255, 37528, 37530, 34049, 36104, 37270, 37310], "label": "pillow"}, {"objectId": 42, "id": 42, "partId": 42, "index": 35, "dominantNormal": [-0.08547458052635193, -0.9963403344154358, -2.2123199592614901e-16], "obb": {"axesLengths": [0.8697027938310694, 0.27809100721573055, 0.2586680276033949], "centroid": [1.0269282163648037, 2.0555898372957113, -0.7890454969023433], "normalizedAxes": [0.9963403344154358, -0.08547458052635193, -1.897916946410659e-17, 0, -2.220446049250313e-16, 1, -0.08547458052635193, -0.9963403344154358, -2.2123199592614901e-16]}, "segments": [19445, 38773, 78865, 78900, 39747], "label": "pillow"}, {"objectId": 44, "id": 44, "partId": 44, "index": 36, "dominantNormal": [0, -2.220446049250313e-16, 1], "obb": {"axesLengths": [0.8752830338355901, 0.18967496924828797, 0.2793556872300763], "centroid": [2.0729219884480106, 2.04722554227532, -0.8248375190458259], "normalizedAxes": [0.9979745149612427, 0.063614621758461, 1.4125283555812773e-17, 0, -2.220446049250313e-16, 1, 0.063614621758461, -0.9979745149612427, -2.2159485689981888e-16]}, "segments": [24407, 24344, 75032, 53881, 40548], "label": "pillow"}, {"objectId": 46, "id": 46, "partId": 46, "index": 37, "dominantNormal": [0, -2.220446049250313e-16, 1], "obb": {"axesLengths": [0.4683888968372337, 0.16816997152187, 0.2443081308136664], "centroid": [-0.5760896700961218, -1.8084570240388869, -1.1971750308459619], "normalizedAxes": [0.33688491582870483, 0.941545844078064, 2.0906517496711884e-16, 0, -2.220446049250313e-16, 1, 0.941545844078064, -0.33688491582870483, -7.480347804038719e-17]}, "segments": [76525, 32254, 16572, 16576, 18344, 18435, 31998, 32078, 32114, 32132, 32181, 32186, 32191, 32265, 32284, 32316, 76311, 76321, 76324, 76506, 76350, 32083, 32099, 32431, 32331, 32009, 32090, 32141, 32225, 33601, 33673, 33687, 76389], "label": "item"}, {"objectId": 47, "id": 47, "partId": 47, "index": 38, "dominantNormal": [0.9808709621429443, -0.19465915858745575, -4.322301596359063e-17], "obb": {"axesLengths": [0.5219706855854602, 0.6199999797344209, 0.2551761518139738], "centroid": [-0.850476477348876, 0.02152861555610773, -0.26000002190470695], "normalizedAxes": [0.19465914368629456, 0.9808709621429443, 2.1779710527146542e-16, 0, -2.220446049250313e-16, 1, 0.9808709621429443, -0.19465914368629456, -4.322301265486818e-17]}, "segments": [76767, 1794, 35082, 76731, 14247, 14123, 13979, 14135, 14142, 73623, 12625, 589, 594, 14281, 2024, 768, 1894, 2013, 2027, 2043, 2047, 2091, 2126, 2090, 899, 869, 72845, 72919, 1172, 1051, 72861, 72930, 80288, 1287, 1181], "label": "flowers"}, {"objectId": 48, "id": 48, "partId": 48, "index": 39, "dominantNormal": [0, -2.220446049250313e-16, 1], "obb": {"axesLengths": [0.17054995678045745, 0.06765800563265367, 0.0677144381632605], "centroid": [-0.7828049189718667, -0.5197311438784171, -0.3002060305281131], "normalizedAxes": [0.7648770809173584, 0.6441762447357178, 1.4303585976443273e-16, 0, -2.220446049250313e-16, 1, 0.6441762447357178, -0.7648770809173584, -1.6983682924850605e-16]}, "segments": [78648, 27639, 27652, 78624, 27672, 78627, 42879], "label": "lamp"}, {"objectId": 49, "id": 49, "partId": 49, "index": 40, "dominantNormal": [0, -2.220446049250313e-16, 1], "obb": {"axesLengths": [0.47606437697296217, 0.33291696758008804, 0.42991167550969167], "centroid": [0.5339114478289533, -1.1512099878274649, -0.7769575262004692], "normalizedAxes": [0.9516330361366272, -0.30723705887794495, -6.822033135688187e-17, 0, -2.220446049250313e-16, 1, -0.30723705887794495, -0.9516330361366272, -2.1130498154256543e-16]}, "segments": [78976, 79075, 40231, 78788, 7899, 7921, 8395, 40128, 40149, 73226, 73228, 73232, 78989, 78999, 79002, 89611, 73235, 7963, 69342, 69343, 69385, 91321], "label": "backpack"}, {"objectId": 50, "id": 50, "partId": 50, "index": 41, "dominantNormal": [-0.06263468414545059, -0.9980365037918091, -2.2160862118521176e-16], "obb": {"axesLengths": [1.303135194098968, 2.4171899016829594, 0.22982149606668367], "centroid": [4.567271884749996, 0.7501787870065166, -0.18234500067655035], "normalizedAxes": [0.9980365037918091, -0.06263469159603119, -1.3907695350041924e-17, 0, -2.220446049250313e-16, 1, -0.06263469159603119, -0.9980365037918091, -2.2160862118521176e-16]}, "segments": [11520, 57344, 79233, 1393], "label": "door"}], "scan_id": "c6707938-2ecb-2de2-811c-69f6f7a0e638", "annId": "6441", "appId": "stk.v1"}