{"segGroups": [{"objectId": 1, "id": 1, "partId": 1, "index": 0, "dominantNormal": [0, -2.220446049250313e-16, 1], "obb": {"axesLengths": [4.307429492084628, 0.23293995336577333, 1.6995805131538406], "centroid": [-0.06444489632383937, 0.3370811618798049, -1.346469973851666], "normalizedAxes": [0.12155693769454956, 0.9925844669342041, 2.2039802581512815e-16, 0, -2.220446049250313e-16, 1, 0.9925844669342041, -0.12155693769454956, -2.6991062206282903e-17]}, "segments": [16846, 22678, 30188, 18205, 16353, 30503, 28047, 162, 262, 272, 299, 310, 312, 359, 375, 409, 419, 465, 500, 510, 523, 5433, 5466, 5499, 5532, 5537, 5580, 7424, 11379, 11452, 11486, 12917, 12943, 12948, 12950, 12973, 13043, 13061, 13195, 13216, 13256, 13292, 13320, 13690, 13718, 13855, 13933, 13936, 13958, 14026, 14079, 14744, 14784, 14812, 14821, 14843, 14923, 14924, 15011, 15227, 15247, 15571, 15582, 15627, 15868, 16049, 16428, 17610, 17810, 18615, 18743, 18911, 18964, 19155, 20325, 20354, 20424, 20483, 20630, 20650, 20664, 20684, 20685, 20725, 20728, 20778, 20794, 20802, 20842, 20856, 20860, 20889, 20922, 21034, 21063, 21087, 21231, 21246, 21454, 21581, 21584, 21657, 21672, 21941, 21964, 21993, 24565, 24571, 24582, 24585, 24588, 24593, 24609, 24614, 24616, 24618, 24624, 24627, 24661, 24663, 24665, 24668, 24691, 24701, 24704, 26224, 26259, 27335, 28457, 28468, 28472, 28545, 29948, 30005, 30025, 30027, 30058, 30061, 30068, 30245, 14456, 10290, 28725], "label": "floor"}, {"objectId": 2, "id": 2, "partId": 2, "index": 1, "dominantNormal": [-0.0632968544960022, -0.9979947209358215, -2.2159934352746136e-16], "obb": {"axesLengths": [2.165152252887743, 3.3593299830109613, 0.14512139671226465], "centroid": [0.2883111819884243, 2.4182877122276167, 0.2661949876801295], "normalizedAxes": [0.9979947209358215, -0.0632968619465828, -1.4054726703923225e-17, 0, -2.220446049250313e-16, 1, -0.0632968619465828, -0.9979947209358215, -2.2159934352746136e-16]}, "segments": [801, 3047, 12757, 7189, 8697, 13727, 646, 12389, 26, 3571, 24250], "label": "wall"}, {"objectId": 3, "id": 3, "partId": 3, "index": 2, "dominantNormal": [0.9966251850128174, -0.08208688348531723, -1.822694961302434e-17], "obb": {"axesLengths": [2.8577590863707596, 2.7490199189852182, 0.30670832058194586], "centroid": [0.7208875283334916, 0.9865180623865742, -0.03969997637644451], "normalizedAxes": [0.08208688348531723, 0.9966251850128174, 2.2129524546450727e-16, 0, -2.220446049250313e-16, 1, 0.9966251850128174, -0.08208688348531723, -1.822694961302434e-17]}, "segments": [29246, 3360, 4060, 12882, 22827, 6163, 30037, 29206, 16915, 30001, 17701, 29192, 12574, 29260, 20000, 12226, 11567, 11636, 27438, 28634, 7355, 16221, 3734, 22108, 8635, 28932, 12238], "label": "wall"}, {"objectId": 4, "id": 4, "partId": 4, "index": 3, "dominantNormal": [0.998004674911499, -0.06313984841108322, -1.401986269546534e-17], "obb": {"axesLengths": [2.3606403463004604, 2.5003199018466487, 0.2104206166064896], "centroid": [-0.7425987529734417, 0.8496811588420787, -0.1704700010909883], "normalizedAxes": [0.06313984841108322, 0.998004674911499, 2.216015537540581e-16, 0, -2.220446049250313e-16, 1, 0.998004674911499, -0.06313984841108322, -1.401986269546534e-17]}, "segments": [1509, 24949, 23029, 26503, 115], "label": "wall"}, {"objectId": 5, "id": 5, "partId": 5, "index": 4, "dominantNormal": [0.9959309697151184, -0.09011915326118469, -2.0010471782058102e-17], "obb": {"axesLengths": [1.0297995399272393, 1.0078999770902097, 0.4251831983290978], "centroid": [0.5888218683072823, 0.7272028788206066, -0.8939499711107465], "normalizedAxes": [0.09011915326118469, 0.9959309697151184, 2.2114109870299679e-16, 0, -2.220446049250313e-16, 1, 0.9959309697151184, -0.09011915326118469, -2.0010471782058102e-17]}, "segments": [15822, 30955, 15917, 18800, 7920, 12506, 18822], "label": "cabinet"}, {"objectId": 6, "id": 6, "partId": 6, "index": 5, "dominantNormal": [0.9858226180076599, 0.16779077053070068, 3.725703535255602e-17], "obb": {"axesLengths": [0.5664956584790147, 1.0072099937377121, 0.48857209271270174], "centroid": [0.5345106113892525, -0.056129096546878754, -0.8936049794344979], "normalizedAxes": [-0.16779077053070068, 0.9858226180076599, 2.188965937416709e-16, 0, -2.220446049250313e-16, 1, 0.9858226180076599, 0.16779077053070068, 3.725703535255602e-17]}, "segments": [6957, 7845, 7006, 26450, 26461, 7139], "label": "cabinet"}, {"objectId": 7, "id": 7, "partId": 7, "index": 6, "dominantNormal": [0, -2.220446049250313e-16, 1], "obb": {"axesLengths": [1.3603398934206525, 0.33776896437028875, 0.4327708343184847], "centroid": [0.7050515713162422, 1.730153596025827, -0.7188844874005504], "normalizedAxes": [0.010893424041569233, 0.9999406933784485, 2.2203143620967946e-16, 0, -2.220446049250313e-16, 1, 0.9999406933784485, -0.010893424041569233, -2.418826037591078e-18]}, "segments": [7067, 13172, 29838, 14743, 17131, 13615, 29854, 19932, 8809, 12312, 17175, 27624, 27628, 27639, 27642, 19965, 13612, 30965, 22536, 17230, 17203, 30991], "label": "ironing board"}, {"objectId": 8, "id": 8, "partId": 8, "index": 7, "dominantNormal": [0.9999802708625793, 0.006277909502387047, 1.3939759352126317e-18], "obb": {"axesLengths": [2.264660161220151, 2.362138933789604, 0.5440149939952283], "centroid": [-0.5190701553413168, 1.361269375482294, -0.24590051183326866], "normalizedAxes": [-0.006277909968048334, 0.9999802708625793, 2.2204022417650723e-16, 0, -2.220446049250313e-16, 1, 0.9999802708625793, 0.006277909968048334, 1.3939760386102083e-18]}, "segments": [23875, 23929, 12696, 12064, 8660, 18250, 23339, 9316, 28606, 28705, 24046, 28432, 30610, 25219, 9897, 10005, 967, 1713, 26898, 1733, 26837, 21591, 27095, 10512, 10566, 23168, 8926, 23083, 18389, 25485, 9047, 22706, 9610, 28542, 19044, 27248, 13089, 29896, 2165, 10597, 2157, 21817, 26853, 9037, 8665], "label": "wardrobe"}, {"objectId": 9, "id": 9, "partId": 9, "index": 8, "dominantNormal": [0.15691238641738892, -0.9876125454902649, -2.1929403748239038e-16], "obb": {"axesLengths": [0.5325721586012692, 2.4157519396598937, 0.42255037031019704], "centroid": [-0.6737465031013512, 0.2805258414517972, -0.21075400797827526], "normalizedAxes": [0.9876125454902649, 0.15691237151622772, 3.484154554117052e-17, 0, -2.220446049250313e-16, 1, 0.15691237151622772, -0.9876125454902649, -2.1929403748239038e-16]}, "segments": [20310, 20165, 25175, 87, 127, 153, 1751, 1854, 953, 25609, 25657, 19585, 19612, 29528, 17009, 9524, 11550, 9554, 15217, 25420, 132, 143, 199, 209, 211, 915, 916, 978, 1193, 1318, 1518, 1761, 1834, 1945, 2825, 2837, 2840, 2893, 2957, 3328, 3686, 6152, 7580, 8348, 8843, 8900, 8917, 9972, 9988, 10009, 12910, 15116, 16739, 17324, 17353, 17452, 17456, 19228, 19287, 19413, 19567, 19582, 19584, 19596, 19641, 19857, 24754, 24758, 24956, 25137, 25183, 25189, 25195, 25323, 25324, 25338, 25537, 25599, 25615, 25618, 25650, 25655, 25696, 25777, 25820, 25887, 25890, 26068, 26072, 26980, 27841, 27875, 28602, 28666, 28676, 28686, 28714, 29555, 19346, 5473, 5464, 9212, 25084, 8495], "label": "shelf unit"}, {"objectId": 10, "id": 10, "partId": 10, "index": 9, "dominantNormal": [0.7601746320724487, 0.6497187614440918, 1.4426654569723403e-16], "obb": {"axesLengths": [0.6096853868978044, 2.3417399002222727, 0.5511920172080231], "centroid": [-0.6716461970995612, -0.10408373766142237, -0.24086996933363447], "normalizedAxes": [-0.6497187614440918, 0.7601746320724487, 1.687926758525579e-16, 0, -2.220446049250313e-16, 1, 0.7601746320724487, 0.6497187614440918, 1.4426654569723403e-16]}, "segments": [4348, 4395, 2243, 4295, 4309, 9574, 24970, 25412, 25948, 25950, 26131, 9260, 14260, 25952, 12118, 1563, 8335, 8191, 84, 1546, 1848, 2023, 3656, 4107, 4175, 4191, 8312, 9134, 9195, 9205, 9298, 10370, 15068, 15070, 15221, 19276, 19316, 19908, 24279, 24718, 24983, 25007, 25743, 26682, 26929, 27127, 29515, 29623, 29714, 29598, 19376, 16501, 202, 25397, 62, 15029, 19213, 19238, 19348, 19858, 19907, 19985, 24017, 24145, 24293, 24753, 24826, 26176, 26227, 29717, 19130, 19176], "label": "shelf unit"}, {"objectId": 11, "id": 11, "partId": 11, "index": 10, "dominantNormal": [-0.10078124701976776, -0.9949086308479309, -2.2091409387313263e-16], "obb": {"axesLengths": [1.6028440497940284, 2.468189899589346, 0.29863242786118444], "centroid": [-0.08561440691413862, -0.4229430799078794, -0.17590499089870648], "normalizedAxes": [0.9949086308479309, -0.10078123956918716, -2.2377930523995096e-17, 0, -2.220446049250313e-16, 1, -0.10078123956918716, -0.9949086308479309, -2.2091409387313263e-16]}, "segments": [24418, 12105, 8719, 3762, 6101, 20281, 22613, 5760], "label": "wall"}, {"objectId": 13, "id": 13, "partId": 13, "index": 11, "dominantNormal": [0.9723918437957764, -0.2333541065454483, -5.181502039551773e-17], "obb": {"axesLengths": [0.9783398102446818, 2.0525298851908014, 0.212367189988625], "centroid": [-0.5847591364725728, -0.7831506669538999, -0.3762649865538259], "normalizedAxes": [0.2333540916442871, 0.9723918437957764, 2.1591436278795592e-16, 0, -2.220446049250313e-16, 1, 0.9723918437957764, -0.2333540916442871, -5.181501708679528e-17]}, "segments": [4591, 10444, 18594, 11286, 10450, 10147, 11289, 10962, 18487, 23368, 29002, 18475, 28998, 18548, 23592, 23487, 12090], "label": "shelf unit"}, {"objectId": 16, "id": 16, "partId": 16, "index": 12, "dominantNormal": [0.9946321249008179, -0.1034741997718811, -2.2975887808281104e-17], "obb": {"axesLengths": [0.6000306306960367, 0.33585902297811887, 0.28958547082213104], "centroid": [0.5933838136135823, -0.09742190099838871, 0.4579294910744687], "normalizedAxes": [0.1034741997718811, 0.9946321249008179, 2.208526972193465e-16, 0, -2.220446049250313e-16, 1, 0.9946321249008179, -0.1034741997718811, -2.2975887808281104e-17]}, "segments": [837, 25445, 813, 4434, 11310, 11319], "label": "shelf"}, {"objectId": 17, "id": 17, "partId": 17, "index": 13, "dominantNormal": [0.936367928981781, -0.3510201573371887, -7.79421321566584e-17], "obb": {"axesLengths": [0.3211085857248217, 0.22538798543688676, 0.18493978074441542], "centroid": [0.6897885919469487, 1.7461116962779564, -0.4631939780743275], "normalizedAxes": [0.3510201573371887, 0.936367928981781, 2.0791544685522934e-16, 0, -2.220446049250313e-16, 1, 0.936367928981781, -0.3510201573371887, -7.79421321566584e-17]}, "segments": [15382, 15450, 28495, 5844, 15412, 15415, 15451, 28482, 28512], "label": "iron"}, {"objectId": 18, "id": 18, "partId": 18, "index": 14, "dominantNormal": [-0.3126206696033478, -0.9498780369758606, -2.1091529344726925e-16], "obb": {"axesLengths": [0.5129284779176148, 0.21999996408820222, 0.16891132233537934], "centroid": [0.46149566584626867, 2.3828748513102753, -0.7799999893456698], "normalizedAxes": [0.9498780369758606, -0.3126206696033478, -6.94157330734741e-17, 0, -2.220446049250313e-16, 1, -0.3126206696033478, -0.9498780369758606, -2.1091529344726925e-16]}, "segments": [8803, 8833, 8787], "label": "mop"}, {"objectId": 19, "id": 19, "partId": 19, "index": 15, "dominantNormal": [0, -2.220446049250313e-16, 1], "obb": {"axesLengths": [0.42748252591920505, 0.26073002232469555, 0.2961381612374149], "centroid": [0.5463545954189879, 1.2121372241431625, -1.2628149759885297], "normalizedAxes": [0.8082945942878723, -0.5887782573699951, -1.3073503554616897e-16, 0, -2.220446049250313e-16, 1, -0.5887782573699951, -0.8082945942878723, -1.7947745385168908e-16]}, "segments": [17662, 28754, 17984, 28888, 17716, 28784, 17887], "label": "bucket"}, {"objectId": 20, "id": 20, "partId": 20, "index": 16, "dominantNormal": [-0.20822104811668396, -0.9780818223953247, -2.1717779183812451e-16], "obb": {"axesLengths": [0.1983690391416553, 0.3199999856948854, 0.15503665809709097], "centroid": [0.5825468084597318, 2.381499929913629, 0.029999994933604945], "normalizedAxes": [0.9780817627906799, -0.20822104811668396, -4.6234360366145024e-17, 0, -2.220446049250313e-16, 1, -0.20822104811668396, -0.9780817627906799, -2.1717777860323471e-16]}, "segments": [30893, 30907, 30879, 22367], "label": "object"}, {"objectId": 21, "id": 21, "partId": 21, "index": 17, "dominantNormal": [0.8836448788642883, 0.4681577682495117, 1.039519066935472e-16], "obb": {"axesLengths": [0.128349303477364, 0.2919369945242181, 0.10306056500722237], "centroid": [0.7964303415639141, 1.1820502189980433, 0.04403149051893873], "normalizedAxes": [-0.4681577682495117, 0.8836448788642883, 1.9620857802144805e-16, 0, -2.220446049250313e-16, 1, 0.8836448788642883, 0.4681577682495117, 1.039519066935472e-16]}, "segments": [8541, 29370], "label": "towel"}, {"objectId": 22, "id": 22, "partId": 22, "index": 18, "dominantNormal": [0.9967480897903442, -0.08058101683855057, -1.7892580048373256e-17], "obb": {"axesLengths": [0.6326235820593451, 0.6435000156573945, 0.29729961627267953], "centroid": [-0.3219341136148182, 0.9953735297654512, -1.1117500172164285], "normalizedAxes": [0.08058101683855057, 0.9967480897903442, 2.2132253580727662e-16, 0, -2.220446049250313e-16, 1, 0.9967480897903442, -0.08058101683855057, -1.7892580048373256e-17]}, "segments": [27281, 7201, 12026, 11087, 11196], "label": "bag"}, {"objectId": 23, "id": 23, "partId": 23, "index": 19, "dominantNormal": [0.4680235683917999, -0.8837159872055054, -1.9622436724498046e-16], "obb": {"axesLengths": [0.5601534238197751, 0.6592230649466123, 0.26060660505782285], "centroid": [-0.4890010733256611, 1.8356096389587704, -1.112228493491668], "normalizedAxes": [0.8837159872055054, 0.46802353858947754, 1.0392210172171568e-16, 0, -2.220446049250313e-16, 1, 0.46802353858947754, -0.8837159872055054, -1.9622436724498046e-16]}, "segments": [4558, 29448, 26030, 4711, 26177, 24355, 9742, 26637, 16279], "label": "bag"}, {"objectId": 24, "id": 24, "partId": 24, "index": 20, "dominantNormal": [0, -2.220446049250313e-16, 1], "obb": {"axesLengths": [3.2057829079145814, 0.20000004321336584, 1.9348637440401955], "centroid": [-0.24991764502014518, 1.6563959920560352, 1.7499999552965169], "normalizedAxes": [0.7564918994903564, 0.6540030837059021, 1.452178563412292e-16, 0, -2.220446049250313e-16, 1, 0.6540030837059021, -0.7564918994903564, -1.679749449513227e-16]}, "segments": [399, 362, 15040, 28395, 26309, 13906, 14926, 3864, 10132, 13787, 13918, 13940, 16601, 16602, 16646, 24197, 28417, 28564, 28565], "label": "ceiling"}, {"objectId": 27, "id": 27, "partId": 27, "index": 21, "dominantNormal": [0, -2.220446049250313e-16, 1], "obb": {"axesLengths": [5.545676139556083, 0.7746000116780388, 4.483067203711226], "centroid": [-0.33725385658302326, 0.9177856495947262, 2.6426998922370384], "normalizedAxes": [0.7744020819664001, 0.6326937675476074, 1.4048623765363808e-16, 0, -2.220446049250313e-16, 1, 0.6326937675476074, -0.7744020819664001, -1.7195180434335103e-16]}, "segments": [12370, 12912, 19086, 17602, 18289, 20712, 20597, 28001, 23406, 27702, 15518, 2857, 16786, 16772, 15408, 15336, 15313, 24268, 24450, 14616, 11903, 3784, 11685, 11536, 19895, 19568, 19318, 24488, 21624, 27588, 20386, 27550, 27814, 28149, 27542, 17675, 18281, 20080, 21281, 28183, 28205, 15558, 24065, 9869, 8423, 30586, 15139, 19463, 1085, 1254, 1434, 1789, 1827, 1832, 1920, 1975, 2238, 2309, 2354, 2671, 2717, 3153, 3196, 3577, 3847, 3941, 4177, 4222, 4265, 4462, 4463, 4843, 4952, 5044, 5057, 5075, 5076, 5105, 5144, 5164, 5169, 5181, 5483, 8393, 8395, 9727, 9865, 10202, 10217, 10350, 10441, 10482, 10497, 10499, 10815, 11464, 11476, 11515, 11551, 11633, 11694, 12009, 12011, 12039, 12096, 13142, 13158, 13233, 13271, 14000, 14145, 14166, 14173, 14231, 14791, 15182, 15236, 15259, 15341, 15725, 15866, 16028, 16062, 16080, 16298, 16336, 16370, 16438, 16564, 16668, 16868, 16889, 16995, 17060, 17270, 17629, 17647, 17666, 17674, 17746, 17839, 17878, 17931, 18011, 18350, 18397, 18404, 18425, 18433, 18770, 18863, 20026, 20046, 20119, 20248, 20629, 20719, 20747, 20902, 21041, 21362, 21417, 21439, 21733, 21929, 22311, 22340, 23485, 23540, 23585, 23669, 23705, 23712, 23757, 23800, 23837, 24007, 24160, 24236, 24291, 24474, 24717, 24812, 24857, 24928, 25211, 26035, 26232, 26410, 26412, 26487, 26488, 26690, 26780, 26786, 26790, 26975, 26985, 27445, 27523, 27709, 27753, 27772, 27923, 27977, 9838, 13294, 14202, 4913, 5320, 28349, 5073, 5006, 5042, 6047, 6005, 5995, 4008, 4608, 5027, 5112, 5138, 5232, 5321, 5676, 5679, 5910, 5918, 5950, 5997, 6097, 9955, 13378, 14625, 14631, 21711, 21741, 21748, 21767, 21785, 21800, 22714, 22716, 22725, 22736, 26192, 26363], "label": "ceiling"}], "scan_id": "c7895f0d-339c-2d13-837c-6e5d8b7be7a8", "annId": "5828", "appId": "stk.v1"}