{"segGroups": [{"objectId": 1, "id": 1, "partId": 1, "index": 0, "dominantNormal": [0, -2.220446049250313e-16, 1], "obb": {"axesLengths": [7.8884204126128346, 0.3468300026618687, 5.9901534862467125], "centroid": [-1.6039725104134985, 2.1541082422321223, -1.227335069835149], "normalizedAxes": [0.9528800249099731, -0.30334746837615967, -6.73566687705928e-17, 0, -2.220446049250313e-16, 1, -0.30334746837615967, -0.9528800249099731, -2.1158186867208898e-16]}, "segments": [12220, 22479, 21583, 9901, 24324, 22494, 24395, 2290, 70, 757, 763, 826, 1734, 1821, 1844, 1866, 2262, 2303, 2325, 2390, 2398, 2407, 2432, 2448, 2559, 2592, 5057, 5077, 5372, 5454, 5470, 5472, 5473, 5474, 5913, 5947, 6000, 6025, 6124, 6145, 6161, 6204, 6233, 6290, 6309, 6340, 6475, 6733, 6735, 6758, 7179, 7463, 7500, 7504, 7522, 7562, 7565, 7573, 7623, 7650, 7654, 7675, 7693, 7700, 7708, 7748, 7751, 7772, 7785, 7786, 7805, 7809, 7846, 7870, 7915, 7920, 7922, 7955, 7974, 7992, 8009, 8015, 8019, 8051, 8058, 8081, 8083, 8084, 8087, 8097, 8106, 8130, 8139, 8143, 8156, 8193, 8194, 8218, 8219, 8263, 8267, 8284, 8318, 8323, 8337, 8342, 8377, 8457, 8501, 8523, 8560, 8583, 8591, 8595, 8612, 8615, 8635, 8648, 8650, 8652, 8666, 8673, 8686, 8765, 8810, 8829, 8841, 9225, 9376, 9496, 9584, 9585, 9723, 9790, 9804, 9848, 9971, 9972, 10007, 10012, 10192, 10221, 10229, 10247, 10261, 10265, 10363, 10471, 10478, 10538, 10551, 10596, 10624, 10640, 10685, 10759, 10804, 10815, 10820, 10846, 10862, 10927, 10976, 11530, 11534, 11988, 12020, 12024, 12247, 12270, 12287, 12305, 12320, 12357, 12364, 12680, 12685, 12720, 12885, 12947, 13092, 13101, 13105, 13115, 13130, 13135, 13233, 13235, 13420, 13429, 13991, 14048, 14063, 14199, 14263, 14278, 14299, 14431, 14532, 14537, 14544, 14565, 14582, 14591, 14633, 15646, 16338, 16424, 16430, 16453, 16491, 16551, 16604, 16628, 16649, 16741, 17553, 17558, 17966, 18520, 18694, 18726, 18869, 18957, 18997, 19006, 19028, 19039, 19138, 19409, 19430, 19794, 19805, 19821, 19827, 20399, 20409, 20420, 20427, 20493, 20532, 21419, 21433, 21435, 21525, 21621, 21627, 22172, 22185, 22228, 22326, 22331, 22418, 22435, 22643, 22646, 23668, 23705, 23712, 23717, 23838, 23885, 24304, 24361, 24364, 25870, 26985, 27725, 28862, 28872, 29039, 29040, 29137, 29221, 29230, 29260, 29277, 29330, 29335, 29360, 29363, 29372, 29452, 29965, 29968, 29972, 30028, 30054, 30062, 30065, 30073, 30115, 30124, 30134, 30141, 30156, 30157, 30195, 30197, 30203, 30206, 30219, 30225, 30231, 30239, 30241, 30419, 30422, 32064, 32406, 32409, 32413, 32520, 32817, 32831, 32841, 32845, 33111, 33114, 33117, 33123, 33167, 33170, 33217, 35758, 35895, 36189, 36199, 3372, 12790, 298, 3283, 3306, 3313, 3375, 3394, 3400, 3497, 9347, 12527, 13137, 13270, 28706, 28711, 5817, 5909, 5746, 11814], "label": "floor"}, {"objectId": 2, "id": 2, "partId": 2, "index": 1, "dominantNormal": [0.9995996952056885, 0.02829304337501526, 6.2823176383320376e-18], "obb": {"axesLengths": [1.0333792871429501, 1.0199120412786589, 0.9996157439976862], "centroid": [-1.658960639651116, 1.5995046607773957, -0.6931240720348655], "normalizedAxes": [-0.02829304151237011, 0.9995996952056885, 2.219557194051288e-16, 0, -2.220446049250313e-16, 1, 0.9995996952056885, 0.02829304151237011, 6.282317224741731e-18]}, "segments": [12590, 25831, 27123, 27510, 35412, 33793, 25955, 35338, 12640, 25054, 27133, 35397, 19752, 32033, 19191, 19260, 35365, 25047, 25928, 27800, 27813, 35505, 32021, 27024, 27056], "label": "armchair"}, {"objectId": 3, "id": 3, "partId": 3, "index": 2, "dominantNormal": [0, -2.220446049250313e-16, 1], "obb": {"axesLengths": [0.47704331947693673, 0.43691795087789104, 0.4518678445659971], "centroid": [0.1552972961205099, 0.9264747442785873, -1.0813610032641676], "normalizedAxes": [0.7739645838737488, -0.6332288980484009, -1.406050604942701e-16, 0, -2.220446049250313e-16, 1, -0.6332288980484009, -0.7739645838737488, -1.718546602522128e-16]}, "segments": [17247, 17234, 19106, 32314, 19105, 32374], "label": "ottoman"}, {"objectId": 4, "id": 4, "partId": 4, "index": 3, "dominantNormal": [0, -2.220446049250313e-16, 1], "obb": {"axesLengths": [0.5423176613306269, 0.4274120235276513, 0.5253938654921173], "centroid": [-1.269251234921985, 0.3075925986843704, -1.0837940350071942], "normalizedAxes": [-0.2970364987850189, 0.9548661112785339, 2.1202286843514305e-16, 0, -2.220446049250313e-16, 1, 0.9548661112785339, 0.2970364987850189, 6.595535202103407e-17]}, "segments": [24777, 24751, 14996, 12412, 33365, 14992], "label": "ottoman"}, {"objectId": 5, "id": 5, "partId": 5, "index": 4, "dominantNormal": [0, -2.220446049250313e-16, 1], "obb": {"axesLengths": [1.0076558106358517, 0.4259959364087294, 0.7932764296915596], "centroid": [-0.470893430355505, 1.9688985417001783, -1.0970020067616861], "normalizedAxes": [0.9908598065376282, 0.13489559292793274, 2.995283863781067e-17, 0, -2.220446049250313e-16, 1, 0.13489559292793274, -0.9908598065376282, -2.200150742787406e-16]}, "segments": [33312, 32330, 20883, 20079, 32351, 18064, 20167, 20187, 32079, 32322, 18000, 20624, 19087, 14128], "label": "seat"}, {"objectId": 6, "id": 6, "partId": 6, "index": 5, "dominantNormal": [0, -2.220446049250313e-16, 1], "obb": {"axesLengths": [0.7257226947476888, 0.3190209794263323, 0.6790299641066113], "centroid": [-0.6096982845247143, 0.9620780780998694, -1.1304895047734056], "normalizedAxes": [0.9972541928291321, -0.07405485957860947, -1.644348203791101e-17, 0, -2.220446049250313e-16, 1, -0.07405485957860947, -0.9972541928291321, -2.2143491325657562e-16]}, "segments": [15274, 14852, 15308, 20331, 14714, 31636, 15755, 14874, 14885, 14898, 14906, 15273, 15312, 15761, 15806, 16933, 17015, 31095, 14853], "label": "table"}, {"objectId": 7, "id": 7, "partId": 7, "index": 6, "dominantNormal": [0.3447062373161316, -0.938710629940033, -2.0843563096396188e-16], "obb": {"axesLengths": [3.99289269269107, 2.768160042878387, 0.6940942476511675], "centroid": [-2.9244761523894884, 2.7160355867920214, 0.06591993236720528], "normalizedAxes": [0.938710629940033, 0.3447062373161316, 7.654016028005452e-17, 0, -2.220446049250313e-16, 1, 0.3447062373161316, -0.938710629940033, -2.0843563096396188e-16]}, "segments": [11926, 20327, 11876, 25348, 24233, 17874, 22789, 23255, 32943, 3544, 29014, 3965, 6237, 181, 203, 2772, 2880, 3189, 3221, 3244, 3295, 3298, 3600, 3621, 3646, 3697, 3703, 3725, 3766, 3771, 4251, 4269, 4478, 5036, 5233, 5329, 6189, 6387, 6496, 6572, 6579, 6608, 9134, 9215, 11541, 11626, 13514, 13645, 13661, 13669, 13686, 14017, 14069, 15396, 15412, 15516, 15542, 15621, 15675, 15686, 15694, 15782, 15784, 15828, 15840, 15872, 15928, 15946, 15999, 16002, 16012, 16071, 16128, 16132, 16139, 16143, 16153, 16211, 16222, 16273, 16275, 16308, 16363, 16377, 16380, 16386, 16423, 16427, 16438, 16535, 16767, 16805, 16822, 16826, 16830, 16872, 16900, 16913, 16948, 16966, 17006, 17119, 17155, 17164, 17188, 17205, 17215, 17258, 17302, 17337, 17375, 17418, 17513, 17542, 17604, 17619, 17637, 17638, 17642, 17647, 17672, 17697, 17979, 18035, 18036, 18049, 18075, 18091, 18099, 18141, 18221, 18237, 18313, 18317, 18344, 18347, 18355, 18365, 18374, 18378, 18497, 18499, 18546, 18551, 18555, 18557, 18572, 18573, 18579, 18585, 18588, 18613, 18617, 18648, 19034, 19373, 19882, 19957, 19965, 19984, 19991, 19994, 19995, 20011, 21202, 21203, 21209, 21235, 21270, 21351, 21541, 21552, 21622, 21679, 21789, 22656, 22677, 22717, 22723, 22736, 22740, 22753, 22771, 22778, 22787, 22807, 22824, 22874, 22940, 22962, 22967, 23013, 23045, 23047, 23059, 23074, 23075, 23081, 23082, 23094, 23107, 23110, 23129, 23137, 23176, 23202, 23257, 23260, 23262, 23288, 23297, 23305, 23320, 23345, 23441, 23452, 23458, 23483, 23487, 23536, 23942, 23944, 23947, 23959, 23961, 23974, 24029, 24034, 24044, 24080, 24082, 24106, 24107, 24131, 24136, 24165, 24230, 24510, 24537, 24539, 24540, 24565, 24573, 24578, 24590, 24593, 24620, 24635, 24636, 24672, 24908, 24933, 24965, 24971, 24973, 24978, 25011, 25121, 25123, 25181, 25214, 25255, 25275, 25291, 25298, 25642, 26099, 26374, 26483, 26485, 26509, 26542, 26632, 26657, 26664, 26688, 26749, 26789, 26792, 26825, 26849, 27218, 28427, 28430, 28431, 28436, 28448, 28451, 28457, 28463, 28465, 28468, 28478, 28489, 28564, 28575, 28584, 28591, 28599, 28600, 28784, 29138, 30440, 30441, 30445, 30471, 30490, 30650, 30655, 30661, 30680, 30690, 30734, 30792, 30827, 30831, 31078, 31082, 31101, 31111, 31127, 31156, 31160, 31164, 31174, 31207, 31217, 31220, 31222, 31230, 31425, 31431, 32403, 32448, 32493, 32893, 32894, 32898, 32902, 32904, 32913, 32928, 32957, 32961, 32965, 32984, 33104, 33107, 33192, 33219, 33264, 33286, 33294, 33298, 33388, 33392, 33396, 33404, 33427, 33448, 33451, 33579, 33628, 33645, 33649, 33670, 33750, 33755, 33757, 33761, 33819, 34047, 34063, 34069, 34071, 34077, 34763, 34898, 21972, 5844, 18982, 5649, 1143, 984, 1236, 18420, 1057, 2527, 3278, 3675, 3731, 3813, 4336, 5596, 5644, 5725, 6034, 6035, 6168, 6214, 6248, 6334, 6528, 6631, 6635, 6674, 6679, 6774, 6781, 6801, 6811, 6813, 6817, 6826, 6831, 6838, 6882, 6883, 6887, 6890, 6905, 6913, 6924, 6928, 6948, 6949, 6956, 6963, 7017, 7024, 7036, 7064, 7066, 7074, 7087, 7107, 7134, 7247, 7274, 7290, 7302, 8417, 8805, 8977, 9621, 9625, 9657, 10076, 10110, 10251, 11092, 11173, 11285, 11344, 11380, 11526, 11621, 11649, 11730, 11834, 12050, 12052, 12066, 12190, 12797, 13263, 13280, 13283, 13284, 13311, 13577, 14457, 14464, 14472, 14477, 14482, 14483, 14932, 14939, 14942, 14952, 14961, 14972, 14973, 14977, 15101, 15237, 16050, 16258, 19316, 20804, 20817, 20968, 20976, 20977, 20994, 20995, 21014, 21021, 21022, 21030, 21234, 22236, 22250, 22270, 22285, 22321, 23087, 23089, 23100, 23162, 23167, 23180, 23196, 23234, 23239, 23894, 24038, 24062, 24325, 24680, 24682, 24767, 24779, 24790, 24799, 24887, 24891, 24892, 25000, 25150, 25152, 25153, 25253, 25295, 25302, 25336, 25367, 25369, 25412, 25421, 25470, 25496, 25506, 25507, 25510, 25523, 25579, 25586, 25587, 25822, 26156, 26338, 26492, 26593, 26594, 26953, 27790, 27799, 27807, 27839, 27851, 27858, 27905, 27909, 27941, 27945, 27993, 28033, 28040, 28069, 28086, 28088, 28092, 28145, 28170, 28194, 28205, 28207, 28241, 28247, 28252, 28255, 28259, 28266, 28277, 28293, 28775, 28887, 28888, 28915, 29044, 29301, 29459, 29462, 29464, 29475, 29479, 29493, 29543, 29610, 30370, 30392, 30397, 30437, 30461, 30475, 30639, 30642, 31058, 31059, 31067, 31068, 31073, 31075, 31100, 31125, 31135, 31151, 31162, 31426, 31529, 31683, 31717, 31794, 31807, 31932, 31948, 31955, 32148, 32376, 32501, 32515, 33218, 33414, 33804, 33806, 33815, 33840, 33843, 33850, 33865, 33882, 34494, 34520, 34587, 34778, 34792, 34842, 34846, 34847, 34852, 35401, 35406, 36493, 28044, 28211, 6971, 7345, 11305, 11322, 11413, 11420, 11431, 15420, 15428, 15436, 15444, 15451, 15469, 20057, 28002, 28009, 28030, 28050, 28217, 28287, 28368, 30404, 30414, 25163, 33972, 17380, 14571, 11702, 16701, 33616, 33625, 24711, 2718, 3191, 2952, 33233, 30840, 33408, 13541, 11594, 1365, 8351, 32983, 8979, 14517, 9099, 9066, 21057, 21054, 9018, 21277, 30682, 8177, 8958, 127, 28910, 2720, 3109, 30295, 27938, 15378, 2859, 3127, 18257, 25213, 13638, 13608, 11807, 30308, 13547, 30285, 30019, 30023, 34727, 33638, 24819, 25531, 26434, 26734, 26391, 26384, 26272, 33876, 26233, 26356, 26337, 25400, 33518, 33851, 26225, 25450, 26891, 33390, 26627, 26724, 26518, 33371, 3955, 2394, 14775], "label": "wall"}, {"objectId": 8, "id": 8, "partId": 8, "index": 7, "dominantNormal": [0.3742426931858063, -0.9273307919502258, -2.059087993334043e-16], "obb": {"axesLengths": [0.8012742274726462, 1.6443399717433749, 0.25528765175028445], "centroid": [-4.44652286965378, 1.880757322412049, -0.49217004160203115], "normalizedAxes": [0.9273307919502258, 0.3742426931858063, 8.309857095452206e-17, 0, -2.220446049250313e-16, 1, 0.3742426931858063, -0.9273307919502258, -2.059087993334043e-16]}, "segments": [22977, 29208, 31, 564, 67, 484, 164, 22225, 465, 425, 28518, 23, 80, 88, 148, 256, 391, 399, 486, 560, 736, 2703, 22437, 22655, 22669, 22672, 23002, 25867, 26010, 26053, 26056, 28494, 28499, 28622, 28739, 28746, 28760, 30160, 30163, 30171, 25692], "label": "cabinet"}, {"objectId": 9, "id": 9, "partId": 9, "index": 8, "dominantNormal": [0.2474966198205948, -0.9688887596130371, -2.1513652184458045e-16], "obb": {"axesLengths": [0.9039505532202388, 0.8399999549984938, 0.5098973016630001], "centroid": [-3.484814745024699, 2.5551007062350384, -0.11000004351139148], "normalizedAxes": [0.9688887596130371, 0.2474966198205948, 5.495528916834464e-17, 0, -2.220446049250313e-16, 1, 0.2474966198205948, -0.9688887596130371, -2.1513652184458045e-16]}, "segments": [3184, 1980, 5180, 4648, 16030, 16103, 31438, 31478, 20632, 21748, 5103, 21781, 4925, 3656, 2017, 2107, 3412, 3418, 3446, 3481, 3657, 4369, 4438, 4488, 4542, 4583, 4976, 5019, 5099, 5102, 5147, 5161, 5172, 5214, 5446, 16038, 16078, 16085, 16198, 16209, 16272, 20680, 20698, 20704, 20717, 20732, 20737, 20749, 21551, 21706, 21749, 21785, 21795, 21799, 21847, 23895, 23924, 28920, 29129, 32418, 32425, 32446, 32447, 32680, 32744, 4689], "label": "shelf"}, {"objectId": 12, "id": 12, "partId": 12, "index": 10, "dominantNormal": [0.8757781386375427, -0.4827137887477875, -1.0718399251436749e-16], "obb": {"axesLengths": [0.5362851224972037, 0.6214039782865947, 0.4944161769054515], "centroid": [-3.432982484169007, 1.0716093771072357, 1.19929790610154], "normalizedAxes": [0.4827137887477875, 0.8757781982421875, 1.9446182403064227e-16, 0, -2.220446049250313e-16, 1, 0.8757781982421875, -0.4827137887477875, -1.0718399251436749e-16]}, "segments": [31852, 7487, 17707, 17795, 8133, 7471, 11065, 7740, 31898, 17742, 17815, 11576, 11664, 8096, 8102, 32838, 8029, 21698, 4990, 7475, 7854, 8162, 8180, 8197, 8225, 8310, 8336, 8382, 8385, 8391, 8409, 11466, 11529, 11552, 11580, 11632, 17062, 17138, 17686, 17712, 17717, 17747, 21650, 21714, 29267, 29911, 30281, 30283, 30312, 30314, 30317, 30333, 30344, 31903, 32530, 32558, 32565, 32675, 17047, 17089, 32787], "label": "lamp"}, {"objectId": 13, "id": 13, "partId": 13, "index": 11, "dominantNormal": [-0.6505303978919983, -0.7594802379608154, -1.6863848938637803e-16], "obb": {"axesLengths": [0.45267437538991645, 0.7834999982230363, 0.271513457506756], "centroid": [0.17358463779905042, 3.352716152482934, -0.9417500602062792], "normalizedAxes": [0.7594802379608154, -0.6505303978919983, -1.4444676519165218e-16, 0, -2.220446049250313e-16, 1, -0.6505303978919983, -0.7594802379608154, -1.6863848938637803e-16]}, "segments": [5601, 32178, 1334, 1301, 28824, 1424, 1609, 1614], "label": "column"}], "scan_id": "baf6738b-8e94-22f8-8085-24c4e5ef5220", "annId": "6112", "appId": "stk.v1"}