{"segGroups": [{"objectId": 1, "id": 1, "partId": 1, "index": 0, "dominantNormal": [0, -2.220446049250313e-16, 1], "obb": {"axesLengths": [5.622065225602795, 0.35999988704920105, 3.1074189954747853], "centroid": [1.8880576533576443, -0.865652685497919, -1.2500000521540642], "normalizedAxes": [0.7610934376716614, -0.6486422419548035, -1.440275103525409e-16, 0, -2.220446049250313e-16, 1, -0.6486422419548035, -0.7610934376716614, -1.68996691678838e-16]}, "segments": [6304, 1475, 12500, 21474, 74, 251, 259, 322, 356, 391, 434, 496, 583, 592, 596, 776, 1006, 1069, 1089, 1248, 1275, 1284, 1639, 1974, 2899, 2903, 3451, 3754, 4150, 4238, 4246, 4274, 4306, 4477, 4545, 4547, 4934, 4984, 5040, 5068, 5109, 5456, 5908, 5932, 5966, 5971, 5973, 6050, 6079, 6080, 6087, 6095, 6142, 6148, 6154, 6209, 6227, 6245, 6248, 6254, 6401, 6407, 6425, 6479, 6509, 6536, 6538, 6549, 6571, 6591, 6615, 6644, 6651, 6674, 6685, 6969, 7140, 7195, 7203, 7260, 7262, 7265, 7300, 7347, 7351, 7367, 7372, 7415, 7416, 7450, 7454, 7465, 8279, 8327, 8396, 8548, 8573, 8603, 8612, 8893, 9108, 9117, 9175, 9182, 9200, 9220, 9228, 9363, 9674, 9680, 9856, 10026, 10031, 10050, 10103, 10112, 10120, 10429, 10720, 10733, 10772, 10782, 11020, 11023, 11072, 11134, 11147, 11157, 11187, 11204, 11244, 11249, 11260, 11276, 11283, 11313, 11317, 11406, 11417, 11471, 11535, 11611, 11651, 11654, 11658, 11687, 11698, 11700, 11702, 11743, 11772, 11793, 11986, 11992, 11995, 12005, 12234, 12235, 12266, 12283, 12379, 12394, 12395, 12413, 12440, 12443, 12470, 12519, 12521, 12549, 12553, 12733, 12766, 12804, 12830, 12838, 12895, 13009, 13036, 13038, 13041, 13044, 13406, 13518, 13527, 13675, 13978, 13986, 13989, 14028, 14125, 14169, 14189, 14191, 14197, 14217, 14219, 14284, 14559, 14600, 14639, 14666, 14677, 14786, 14937, 14952, 14977, 15004, 15022, 15035, 15098, 15149, 15177, 15242, 15410, 15417, 15423, 15481, 15501, 15532, 15544, 15613, 15791, 15792, 15794, 15799, 15817, 15859, 16007, 16056, 16058, 16132, 16253, 16257, 16286, 16298, 16304, 16347, 16396, 16415, 16417, 16422, 16424, 16431, 16438, 16466, 16509, 16637, 16651, 16663, 16671, 16686, 16687, 16730, 16735, 16784, 16924, 16931, 16934, 16936, 16940, 17067, 17117, 17302, 17600, 17786, 17797, 17821, 18000, 18001, 18003, 18010, 18017, 18073, 18077, 18177, 18183, 18216, 18218, 18221, 18564, 18566, 18569, 18632, 18688, 18806, 18890, 18915, 18924, 18944, 18952, 18959, 18961, 18965, 19121, 19131, 19138, 19210, 19212, 19215, 19219, 19221, 19297, 19306, 19308, 19355, 19434, 20058, 20159, 20162, 20456, 20464, 20467, 20564, 20568, 20574, 20626, 20845, 20846, 20859, 20952, 21068, 21356, 21376, 21503, 22283, 22290, 22295, 162, 9325, 10891, 1282, 13797, 1829, 1182, 155, 161, 1142, 1269, 1287, 1876, 2940, 2946, 3379, 3416, 8975, 9240, 9265, 10876, 10884, 10916, 10940, 10945, 10974, 13540, 16917, 20315, 7590, 21589, 6669], "label": "floor"}, {"objectId": 2, "id": 2, "partId": 2, "index": 1, "dominantNormal": [0, -2.220446049250313e-16, 1], "obb": {"axesLengths": [0.617720942210541, 0.15594499954704188, 0.5584218139758879], "centroid": [3.3945000853536937, -1.8948443621852622, -0.632027542992812], "normalizedAxes": [0.6347548365592957, 0.7727136015892029, 1.715768863850726e-16, 0, -2.220446049250313e-16, 1, 0.7727136015892029, -0.6347548365592957, -1.4094388690806162e-16]}, "segments": [16513, 4341, 17623, 22411, 22395, 20961, 17626, 3736, 16869, 20737], "label": "table"}, {"objectId": 3, "id": 3, "partId": 3, "index": 2, "dominantNormal": [0, -2.220446049250313e-16, 1], "obb": {"axesLengths": [0.6322911859787544, 0.4274009668662926, 0.5329337550993707], "centroid": [2.624132808079964, -1.2600764899713854, -0.6837005518294761], "normalizedAxes": [0.6700535416603088, 0.7423127889633179, 1.6482654995615806e-16, 0, -2.220446049250313e-16, 1, 0.7423127889633179, -0.6700535416603088, -1.4878177393658128e-16]}, "segments": [14804, 3140, 3164, 14365, 20374, 14918, 15105, 3377, 14404, 14410, 14841, 14857, 14877, 20377, 11890, 11906, 3298, 3396, 14879, 3359, 3402, 14905, 14910, 17520, 3507, 3493, 3517], "label": "table"}, {"objectId": 4, "id": 4, "partId": 4, "index": 3, "dominantNormal": [0.6959511637687683, -0.7180891036987305, -1.5944781133175445e-16], "obb": {"axesLengths": [0.64113492934407, 0.5519489820610957, 0.5281067267105246], "centroid": [2.0253238850419075, -0.7422486039236332, -0.7379755566721672], "normalizedAxes": [0.7180891036987305, 0.6959511637687683, 1.5453220120615192e-16, 0, -2.220446049250313e-16, 1, 0.6959511637687683, -0.7180891036987305, -1.5944781133175445e-16]}, "segments": [5750, 19959, 2312, 2356, 17334, 17337, 17341, 17880, 17885, 17887, 18516, 19980, 8996, 18536, 17979, 18547, 2403, 6010, 5823, 5812, 5845, 5866, 6003, 9088, 17899, 17909, 17974], "label": "table"}, {"objectId": 5, "id": 5, "partId": 5, "index": 4, "dominantNormal": [0, -2.220446049250313e-16, 1], "obb": {"axesLengths": [0.6839491459117444, 0.5636559896844029, 0.5807055100829682], "centroid": [1.4446151564878593, -0.27393352376466157, -0.624314061381355], "normalizedAxes": [0.5159859657287598, 0.8565970659255981, 1.9020275708339044e-16, 0, -2.220446049250313e-16, 1, 0.8565970659255981, -0.5159859657287598, -1.145718999071032e-16]}, "segments": [2549, 9878, 2442, 2450, 2461, 2468, 2471, 2474, 14236, 17371, 17376, 17400, 17403, 17745, 18331, 10413, 2578, 2590, 6298, 18872, 18874, 2587, 6287, 17748, 17763, 2634, 2645, 2651, 2692, 4760, 2680, 2704, 2653], "label": "table"}, {"objectId": 6, "id": 6, "partId": 6, "index": 5, "dominantNormal": [0, -2.220446049250313e-16, 1], "obb": {"axesLengths": [0.6179264400234934, 0.27187001097492836, 0.5281766005957368], "centroid": [0.8357746965777764, 0.22920431148741316, -0.6210370725906563], "normalizedAxes": [0.7071943283081055, 0.7070192098617554, 1.5698980112816127e-16, 0, -2.220446049250313e-16, 1, 0.7070192098617554, -0.7071943283081055, -1.5702868523439616e-16]}, "segments": [7680, 7685, 19205, 704, 11099, 11453, 18990, 9800, 12264, 11339, 7714], "label": "table"}, {"objectId": 7, "id": 7, "partId": 7, "index": 6, "dominantNormal": [0, -2.220446049250313e-16, 1], "obb": {"axesLengths": [0.6779453255243554, 0.24000000417232492, 0.6024809222598171], "centroid": [0.22507361559063122, 0.738104181296658, -0.6300000612437725], "normalizedAxes": [0.7674293518066406, 0.6411334872245789, 1.4236023187498922e-16, 0, -2.220446049250313e-16, 1, 0.6411334872245789, -0.7674293518066406, -1.7040354722977838e-16]}, "segments": [22370, 12631, 15198, 10362, 16371, 21010, 21014, 17994, 7029], "label": "table"}, {"objectId": 8, "id": 8, "partId": 8, "index": 7, "dominantNormal": [0.5522335171699524, -0.8336895108222961, -1.8511625806067936e-16], "obb": {"axesLengths": [0.5074546867634094, 0.5347899675043677, 0.48503053904821375], "centroid": [3.099965775044688, -2.2283225983675656, -1.0500950485446676], "normalizedAxes": [0.8336895108222961, 0.5522334575653076, 1.2262045991147277e-16, 0, -2.220446049250313e-16, 1, 0.5522334575653076, -0.8336895108222961, -1.8511625806067936e-16]}, "segments": [16836, 22322, 20993, 16770, 20904, 20967, 22336, 16845, 16268, 16814, 16227, 22255], "label": "chair"}, {"objectId": 9, "id": 9, "partId": 9, "index": 8, "dominantNormal": [0, -2.220446049250313e-16, 1], "obb": {"axesLengths": [0.5898861246378526, 0.5462520000431238, 0.584914628789606], "centroid": [2.367997158423937, -1.6297582757692832, -1.0597340432613942], "normalizedAxes": [0.9922467470169067, 0.12428338825702667, 2.7596455844275763e-17, 0, -2.220446049250313e-16, 1, 0.12428338825702667, -0.9922467470169067, -2.2032303692951654e-16]}, "segments": [14428, 15565, 15361, 9599, 20185, 14297, 14312, 14323, 14589, 15087, 15271, 15327, 15341, 15351, 15374, 15383, 15398, 15401, 15682, 15693, 16955, 16958, 16963, 20194, 20202, 20207, 20263, 20312, 20486, 20530, 20533, 20563, 20716, 20671, 20475, 10767, 15554, 14709], "label": "chair"}, {"objectId": 10, "id": 10, "partId": 10, "index": 9, "dominantNormal": [0, -2.220446049250313e-16, 1], "obb": {"axesLengths": [0.552038575418229, 0.5237569691891153, 0.5270996019088671], "centroid": [1.7560275414905824, -1.122217249525415, -1.0468515724647451], "normalizedAxes": [0.3156181275844574, 0.9488862752914429, 2.1069507811587293e-16, 0, -2.220446049250313e-16, 1, 0.9488862752914429, -0.3156181275844574, -7.008130244666897e-17]}, "segments": [5327, 13443, 13562, 5339, 5389, 5635, 5645, 5647, 5660, 5662, 5676, 5680, 9056, 9065, 9565, 17858, 17862, 18559, 18552, 5528, 5626, 13456, 18682, 13598, 15071, 5283, 13574, 19909, 5323, 5409, 5911, 18556, 18664, 19913], "label": "chair"}, {"objectId": 11, "id": 11, "partId": 11, "index": 10, "dominantNormal": [0, -2.220446049250313e-16, 1], "obb": {"axesLengths": [0.5894773383727894, 0.5155650262035792, 0.53273145878848], "centroid": [1.2134239320071938, -0.6215518879275024, -1.052897569472398], "normalizedAxes": [0.30559593439102173, 0.9521613121032715, 2.1142228237087035e-16, 0, -2.220446049250313e-16, 1, 0.9521613121032715, -0.30559593439102173, -6.785592851855021e-17]}, "segments": [4560, 8101, 11372, 18749, 4551, 4578, 4630, 4655, 4656, 4828, 4879, 4891, 6987, 8051, 8145, 8158, 8184, 8186, 9750, 9808, 9813, 17777, 18394, 18396, 18462, 18470, 18698, 18744, 4890, 8012, 8031, 18479, 8113, 8063, 8138, 18386, 18390, 18455, 8884], "label": "chair"}, {"objectId": 12, "id": 12, "partId": 12, "index": 11, "dominantNormal": [0.884713351726532, -0.46613553166389465, -1.0350287996982891e-16], "obb": {"axesLengths": [0.6890807146552683, 0.5396019695788179, 0.4415822739412744], "centroid": [0.6315008892109233, -0.005517585232262867, -1.0354890498782172], "normalizedAxes": [0.46613553166389465, 0.884713351726532, 1.9644582665601806e-16, 0, -2.220446049250313e-16, 1, 0.884713351726532, -0.46613553166389465, -1.0350287996982891e-16]}, "segments": [7749, 18248, 7854, 12226, 7780, 7565, 7519, 19114, 7331, 7475, 7504, 7627, 7769, 7820, 7876, 7885, 7906, 7914, 8204, 8216, 8218, 10868, 18252, 18264, 18275, 19098, 19100, 19108, 10820, 19160, 19102, 19105, 19281, 7231, 7923, 12199, 11943, 11965], "label": "chair"}, {"objectId": 13, "id": 13, "partId": 13, "index": 12, "dominantNormal": [0.526824414730072, -0.8499741554260254, -1.8873217553805896e-16], "obb": {"axesLengths": [0.5397650078951345, 0.547484028023093, 0.5063274500349337], "centroid": [-0.05127092989080895, 0.3965087316838778, -1.0530080764813416], "normalizedAxes": [0.8499741554260254, 0.526824414730072, 1.1697851903359969e-16, 0, -2.220446049250313e-16, 1, 0.526824414730072, -0.8499741554260254, -1.8873217553805896e-16]}, "segments": [6927, 20096, 6928, 19661, 12675, 9952, 9976, 9997, 12642, 13364, 14816, 14950, 18887, 20081, 10549, 14741, 14773, 6800], "label": "chair"}, {"objectId": 14, "id": 14, "partId": 14, "index": 13, "dominantNormal": [0, -2.220446049250313e-16, 1], "obb": {"axesLengths": [0.5832439072012606, 0.5429310081244032, 0.5745092068565818], "centroid": [3.747907352990432, -1.5211745130792633, -1.0447145373810571], "normalizedAxes": [-0.08784554153680801, 0.9961341023445129, 2.2118620320743808e-16, 0, -2.220446049250313e-16, 1, 0.9961341023445129, 0.08784554153680801, 1.9505628564965963e-17]}, "segments": [3659, 3851, 3703, 3644, 1709, 17682, 1736, 1801, 2236, 2240, 20911, 14442, 3871, 20854], "label": "chair"}, {"objectId": 15, "id": 15, "partId": 15, "index": 14, "dominantNormal": [0, -2.220446049250313e-16, 1], "obb": {"axesLengths": [0.5393654258940758, 0.5142599825353921, 0.5241661863928385], "centroid": [2.9279272304319184, -0.8334765391804986, -1.0351000699751074], "normalizedAxes": [0.8751331567764282, 0.48388218879699707, 1.0744342944168862e-16, 0, -2.220446049250313e-16, 1, 0.48388218879699707, -0.8751331567764282, -1.943185960532175e-16]}, "segments": [3617, 1389, 18095, 2182, 2194, 2822, 2823, 6365, 15233, 17287, 17290, 18118, 20521, 6351, 6368, 6736, 2078, 6371, 17482, 2851, 6749], "label": "chair"}, {"objectId": 16, "id": 16, "partId": 16, "index": 15, "dominantNormal": [0, -2.220446049250313e-16, 1], "obb": {"axesLengths": [0.5637325570101457, 0.5503809925083591, 0.5507376277416315], "centroid": [2.293736597866582, -0.2993252126200382, -1.0420495541680717], "normalizedAxes": [0.9195156097412109, 0.39305344223976135, 8.727539629655142e-17, 0, -2.220446049250313e-16, 1, 0.39305344223976135, -0.9195156097412109, -2.0417348028738645e-16]}, "segments": [17354, 42, 2222, 1024, 1034, 9293, 17127, 17513, 17515, 18575, 18582, 18589, 6455, 18614, 119, 18615, 1128, 17197, 255, 1078], "label": "chair"}, {"objectId": 17, "id": 17, "partId": 17, "index": 16, "dominantNormal": [0.510469913482666, -0.859895646572113, -1.909351891198592e-16], "obb": {"axesLengths": [0.5947430480174447, 0.5389749883344396, 0.535672231984237], "centroid": [1.7058220278585892, 0.1679174474567302, -1.0553725330820871], "normalizedAxes": [0.8598955869674683, 0.510469913482666, 1.133470902653735e-16, 0, -2.220446049250313e-16, 1, 0.510469913482666, -0.8598955869674683, -1.909351758849694e-16]}, "segments": [7017, 7314, 2045, 2022, 6257, 16184, 16977, 17108, 17267, 17269, 16223, 7244, 15116, 16094, 4107, 15959, 15968, 17012, 17014, 17214, 17219, 10051, 601, 4142, 10197, 17024, 463, 2054, 2057, 3265, 3812, 8447, 10176, 12924, 15539, 15621, 15641, 15646, 15647, 15650, 17007, 17031, 17034, 17040, 17111, 17209, 18486, 19431], "label": "chair"}, {"objectId": 18, "id": 18, "partId": 18, "index": 17, "dominantNormal": [0.9390392303466797, -0.3438100218772888, -7.634116047700897e-17], "obb": {"axesLengths": [0.5388624337549002, 0.5364510297078408, 0.5134512209124736], "centroid": [1.1316015094395546, 0.6911704135410923, -1.0514945655727124], "normalizedAxes": [0.3438100218772888, 0.9390392303466797, 2.0850859491143396e-16, 0, -2.220446049250313e-16, 1, 0.9390392303466797, -0.3438100218772888, -7.634116047700897e-17]}, "segments": [9533, 19311, 10097, 622, 668, 10850, 17615, 17617, 19379, 19381, 9517, 9401, 12141, 19402, 5508, 19242, 939, 20282, 1016], "label": "chair"}, {"objectId": 19, "id": 19, "partId": 19, "index": 18, "dominantNormal": [0.6476789116859436, -0.7619133591651917, -1.6917875082293846e-16], "obb": {"axesLengths": [0.5157553380216781, 0.5331500053446736, 0.48915177452645414], "centroid": [0.52885551013924, 1.210357575791383, -1.063425090608931], "normalizedAxes": [0.7619133591651917, 0.6476789116859436, 1.438136080635796e-16, 0, -2.220446049250313e-16, 1, 0.6476789116859436, -0.7619133591651917, -1.6917875082293846e-16]}, "segments": [5152, 6604, 19936, 5230, 5119, 5125, 5142, 18186, 7016, 7018, 18173, 8029, 17832, 8337, 5493, 17677, 5405, 5385], "label": "chair"}, {"objectId": 20, "id": 20, "partId": 20, "index": 19, "dominantNormal": [0, -2.220446049250313e-16, 1], "obb": {"axesLengths": [2.5725915932677617, 0.7876019897847919, 0.8139637095100933], "centroid": [-0.04071764349681817, 1.1623384739199492, -1.030289081179596], "normalizedAxes": [0.6501270532608032, 0.7598255276679993, 1.6871515910299434e-16, 0, -2.220446049250313e-16, 1, 0.7598255276679993, -0.6501270532608032, -1.4435720469236984e-16]}, "segments": [2132, 13624, 19670, 4566, 15897, 6354, 20828, 13054, 13075, 9481, 19459, 19747, 19730, 8733, 19566, 19552, 10635, 3077, 6471, 3477, 1613, 6322, 3598, 20742, 20287, 1971, 2088, 2950, 2978, 2986, 3017, 3080, 3110, 3483, 3498, 3532, 4975, 5486, 5581, 5614, 6125, 6289, 8767, 8768, 8781, 8783, 8814, 8871, 9458, 10155, 10171, 10253, 10267, 10291, 10332, 10481, 10489, 10496, 10582, 10595, 10642, 11632, 11725, 11846, 12620, 12630, 13152, 13162, 13168, 13182, 13184, 13186, 13193, 13202, 13208, 13229, 13237, 13241, 13387, 13824, 13875, 13888, 13934, 15877, 15904, 17213, 17490, 17680, 17785, 18494, 18994, 18997, 19067, 19443, 19515, 19517, 19521, 19611, 19623, 19636, 19640, 19647, 19651, 19657, 19929, 20070, 20740, 20756], "label": "window"}, {"objectId": 24, "id": 24, "partId": 24, "index": 20, "dominantNormal": [-0.6595053672790527, -0.7516998648643494, -1.6691089951600388e-16], "obb": {"axesLengths": [0.15615454743857005, 0.19794302736350078, 0.08317554498202108], "centroid": [2.6859740228377245, -1.2417927804084519, -0.5372385765484308], "normalizedAxes": [0.7516998648643494, -0.6595053672790527, -1.4643960872341493e-16, 0, -2.220446049250313e-16, 1, -0.6595053672790527, -0.7516998648643494, -1.6691089951600388e-16]}, "segments": [20252, 3150, 20243], "label": "menu"}, {"objectId": 25, "id": 25, "partId": 25, "index": 21, "dominantNormal": [0.9237642288208008, 0.38296160101890564, 8.503455739970037e-17], "obb": {"axesLengths": [0.14423281920879263, 0.23226797061559612, 0.10192578041863692], "centroid": [1.9964111779967446, -0.6571187522149604, -0.5735190587449298], "normalizedAxes": [-0.38296160101890564, 0.9237642884254456, 2.0511687646728073e-16, 0, -2.220446049250313e-16, 1, 0.9237642884254456, 0.38296160101890564, 8.503455739970037e-17]}, "segments": [2371, 2328], "label": "menu"}, {"objectId": 26, "id": 26, "partId": 26, "index": 22, "dominantNormal": [0.8965396881103516, 0.4429633915424347, 9.835763127129187e-17], "obb": {"axesLengths": [0.1833657326667512, 0.3227249609814964, 0.09551010703025659], "centroid": [1.4933324111452986, -0.25085331785271636, -0.4913625663214364], "normalizedAxes": [-0.4429633915424347, 0.8965396881103516, 1.990718008460738e-16, 0, -2.220446049250313e-16, 1, 0.8965396881103516, 0.4429633915424347, 9.835763127129187e-17]}, "segments": [19795, 2562], "label": "menu"}, {"objectId": 27, "id": 27, "partId": 27, "index": 23, "dominantNormal": [-0.5467085242271423, -0.837323009967804, -1.8592305694293908e-16], "obb": {"axesLengths": [0.18864255483252998, 0.20489799518366159, 0.09509595872506965], "centroid": [0.8475059479849165, 0.25618018296736456, -0.5875510646950229], "normalizedAxes": [0.837323009967804, -0.5467085242271423, -1.2139367827116273e-16, 0, -2.220446049250313e-16, 1, -0.5467085242271423, -0.837323009967804, -1.8592305694293908e-16]}, "segments": [741, 840], "label": "menu"}, {"objectId": 28, "id": 28, "partId": 28, "index": 24, "dominantNormal": [-0.4643460810184479, -0.8856538534164429, -1.9665465998218565e-16], "obb": {"axesLengths": [0.18727845395510523, 0.1619490348857111, 0.10627846658971167], "centroid": [0.26235602428754623, 0.7844936396330222, -0.5909745766004656], "normalizedAxes": [0.8856538534164429, -0.4643460512161255, -1.0310553549078294e-16, 0, -2.220446049250313e-16, 1, -0.4643460512161255, -0.8856538534164429, -1.9665465998218565e-16]}, "segments": [20956, 16335], "label": "menu"}], "scan_id": "0cac7540-8d6f-2d13-8eee-36ba2a428e3f", "annId": "3918", "appId": "stk.v1"}