{"segGroups": [{"objectId": 12, "id": 12, "partId": 12, "index": 0, "dominantNormal": [0.19666779041290283, -0.9804701805114746, -2.177081138724445e-16], "obb": {"axesLengths": [0.42767467489599403, 0.5451500293951472, 0.34000532300634967], "centroid": [-0.37605878856176855, 0.8856638852425542, -1.0425749765506016], "normalizedAxes": [0.9804701805114746, 0.19666779041290283, 4.366902182371187e-17, 0, -2.220446049250313e-16, 1, 0.19666779041290283, -0.9804701805114746, -2.177081138724445e-16]}, "segments": [31613, 27508, 27555, 51297, 50736, 51160, 31436, 51113, 51120, 30691, 22739, 27627, 29822, 29823, 29939, 29988, 29999, 30013, 30014, 30052, 30661, 31453, 31508, 50715, 50780, 50786, 50794, 50799, 51115, 51118, 27631], "label": "bedside table"}, {"objectId": 13, "id": 13, "partId": 13, "index": 1, "dominantNormal": [0, -2.220446049250313e-16, 1], "obb": {"axesLengths": [0.6168578219777217, 0.5680319837920665, 0.6300648494949551], "centroid": [0.9101257977800975, 0.9637573858217973, -0.7719939904959351], "normalizedAxes": [0.9636394381523132, 0.26720595359802246, 5.933164040028915e-17, 0, -2.220446049250313e-16, 1, 0.26720595359802246, -0.9636394381523132, -2.1397093833470953e-16]}, "segments": [29332, 53414, 23338, 33241, 21410, 53356, 50438, 51664, 28805, 33318, 53227, 23138, 23144, 39693, 39725, 50449, 51680, 53325, 53333, 53376], "label": "chair"}, {"objectId": 14, "id": 14, "partId": 14, "index": 2, "dominantNormal": [0.9078583121299744, -0.4192771017551422, -9.30982184133327e-17], "obb": {"axesLengths": [0.7336095067324758, 0.5939199493694315, 0.5786110908833401], "centroid": [0.14651280325672544, 0.869746830515821, -0.7400499547261754], "normalizedAxes": [0.4192771017551422, 0.9078583121299744, 2.0158504024480592e-16, 0, -2.220446049250313e-16, 1, 0.9078583121299744, -0.4192771017551422, -9.30982184133327e-17]}, "segments": [35486, 53685, 4310, 50141, 39390, 25242, 39831, 50687, 27853, 21525], "label": "chair"}, {"objectId": 15, "id": 15, "partId": 15, "index": 3, "dominantNormal": [0.7235807776451111, 0.6902397274971008, 1.5326400759565502e-16], "obb": {"axesLengths": [0.42485293174935196, 0.4997609742039222, 0.339120410323126], "centroid": [-0.007404455632441853, 0.7293535588481098, -0.7001194778803105], "normalizedAxes": [-0.6902397274971008, 0.7235807776451111, 1.6066720790355562e-16, 0, -2.220446049250313e-16, 1, 0.7235807776451111, 0.6902397274971008, 1.5326400759565502e-16]}, "segments": [38194, 31652, 50226, 51322, 27899, 25649, 31631], "label": "clothes"}, {"objectId": 16, "id": 16, "partId": 16, "index": 4, "dominantNormal": [0, -2.220446049250313e-16, 1], "obb": {"axesLengths": [1.6492407625373684, 0.2471349780156841, 1.3463785607117587], "centroid": [-0.9406357872535696, -0.35582680756503016, -0.6704824696373386], "normalizedAxes": [-0.14193938672542572, 0.9898753762245178, 2.197964868387898e-16, 0, -2.220446049250313e-16, 1, 0.9898753762245178, 0.14193938672542572, 3.151687504874839e-17]}, "segments": [10343, 17280, 43599, 48199, 48766, 13691, 49966, 25694, 48253, 4941, 9995, 6139, 6252, 14394, 48299, 40650, 13699, 13792, 48145, 18021, 25685, 43632, 48317], "label": "blanket"}, {"objectId": 17, "id": 17, "partId": 17, "index": 5, "dominantNormal": [0.37553322315216064, -0.9268089532852173, -2.0579292787319787e-16], "obb": {"axesLengths": [0.5340343916270563, 0.4867279718802575, 0.2478010397766318], "centroid": [-0.9017998612573555, 0.6897621732267957, -0.5266359759128991], "normalizedAxes": [0.9268089532852173, 0.37553322315216064, 8.338512617104513e-17, 0, -2.220446049250313e-16, 1, 0.37553322315216064, -0.9268089532852173, -2.0579292787319787e-16]}, "segments": [49562, 23875, 16859, 50950, 18134], "label": "pillow"}, {"objectId": 18, "id": 18, "partId": 18, "index": 6, "dominantNormal": [0.007156776264309883, -0.9999743700027466, -2.2203891392241694e-16], "obb": {"axesLengths": [0.660463697099542, 0.395229032742328, 0.3218304669838274], "centroid": [-1.2193059969065674, 0.5094213444516947, -0.5876144914862254], "normalizedAxes": [0.9999743700027466, 0.007156776264309883, 1.5891235581455294e-18, 0, -2.220446049250313e-16, 1, 0.007156776264309883, -0.9999743700027466, -2.2203891392241694e-16]}, "segments": [16609, 18233, 48772, 23856], "label": "pillow"}, {"objectId": 19, "id": 19, "partId": 19, "index": 7, "dominantNormal": [0.7628211975097656, -0.6466094255447388, -1.4357613443588297e-16], "obb": {"axesLengths": [0.7564072461945451, 0.5987769976531637, 0.5309351768933712], "centroid": [-1.7454850674106903, 0.18993455496554723, -0.4736394981226437], "normalizedAxes": [0.6466094255447388, 0.7628212571144104, 1.6938034466438499e-16, 0, -2.220446049250313e-16, 1, 0.7628212571144104, -0.6466094255447388, -1.4357613443588297e-16]}, "segments": [16178, 19153, 13537, 48164], "label": "pillow"}, {"objectId": 20, "id": 20, "partId": 20, "index": 8, "dominantNormal": [0.4645726978778839, -0.8855350017547607, -1.9662826961192276e-16], "obb": {"axesLengths": [0.7191026158033351, 0.5856633651480814, 0.2564004144831619], "centroid": [-2.052188135847625, 0.2381500829597567, -0.35716827719282485], "normalizedAxes": [0.8855350017547607, 0.4645726978778839, 1.0315586115925066e-16, 0, -2.220446049250313e-16, 1, 0.4645726978778839, -0.8855350017547607, -1.9662826961192276e-16]}, "segments": [15899, 41502, 51442, 41312, 32151, 29431], "label": "pillow"}, {"objectId": 21, "id": 21, "partId": 21, "index": 9, "dominantNormal": [0, -2.220446049250313e-16, 1], "obb": {"axesLengths": [5.514834446387187, 0.439999928176405, 3.0699146495086382], "centroid": [1.4897273152393624, 0.753580813232955, 1.2899999944865699], "normalizedAxes": [0.8808417320251465, 0.47341087460517883, 1.0511833061892047e-16, 0, -2.220446049250313e-16, 1, 0.47341087460517883, -0.8808417320251465, -1.9558615438900395e-16]}, "segments": [9924, 26626, 7585, 11374, 7537, 21208, 21243, 26171, 17422, 8297, 8337, 8189, 7072, 5678, 8182, 17531, 5622, 8572, 8583, 8585, 8629, 10195, 11182, 11266, 12232, 12266, 12338, 14071, 14091, 14107, 14121, 14132, 16295, 17131, 17330, 17872, 18081, 21318, 21343, 21632, 21840, 22269, 26525, 26535, 26611, 26614, 26670, 26750, 27263, 28651, 28680, 28710, 28756, 28770, 47647, 47873, 47877, 50178, 50287, 50291, 56492], "label": "ceiling"}, {"objectId": 22, "id": 22, "partId": 22, "index": 10, "dominantNormal": [0, -2.220446049250313e-16, 1], "obb": {"axesLengths": [0.7381410379771914, 0.19999998360872281, 0.5912908960308051], "centroid": [3.3383749533482336, 1.6177757181183845, -0.8299999926984308], "normalizedAxes": [0.2565469443798065, 0.9665317535400391, 2.146131613622957e-16, 0, -2.220446049250313e-16, 1, 0.9665317535400391, -0.2565469443798065, -5.696486490953812e-17]}, "segments": [50592, 2801, 10913, 10923, 10937, 10984, 10989, 11001, 11016, 11024, 11029, 31956, 31961, 31979, 32016, 32052, 32121, 32164, 32215, 46277, 47799, 47803, 47817, 50482, 50483, 50487, 50491, 50492, 50504, 57178, 57182, 57200, 2768, 47379, 11047, 31870, 2494, 31907, 32251], "label": "table"}, {"objectId": 23, "id": 23, "partId": 23, "index": 11, "dominantNormal": [0, -2.220446049250313e-16, 1], "obb": {"axesLengths": [0.5847548655332365, 0.24000000417232506, 0.44654884315462817], "centroid": [3.7066163357181146, 1.7318696058293548, -0.7300000008940694], "normalizedAxes": [-0.1793009638786316, 0.9837942719459534, 2.1844621044174803e-16, 0, -2.220446049250313e-16, 1, 0.9837942719459534, 0.1793009638786316, 3.981281168710806e-17]}, "segments": [2367, 50663, 32516, 2561, 14725, 14784], "label": "object"}, {"objectId": 24, "id": 24, "partId": 24, "index": 12, "dominantNormal": [0, -2.220446049250313e-16, 1], "obb": {"axesLengths": [0.6475232023777262, 0.16009008526600713, 0.43252481629607037], "centroid": [3.3590337261951655, 2.108677167236787, -1.2847949556679656], "normalizedAxes": [0.3560839891433716, 0.9344539642333984, 2.074904613088343e-16, 0, -2.220446049250313e-16, 1, 0.9344539642333984, -0.3560839891433716, -7.906652868946908e-17]}, "segments": [22183, 49598, 50758, 46962, 37417], "label": "object"}, {"objectId": 25, "id": 25, "partId": 25, "index": 13, "dominantNormal": [0, -2.220446049250313e-16, 1], "obb": {"axesLengths": [0.5154976799132047, 0.13363003432087517, 0.379557816452293], "centroid": [3.371228356325592, 2.6763889842679762, -1.2968150068786362], "normalizedAxes": [0.5697774291038513, 0.821799099445343, 1.824760563640877e-16, 0, -2.220446049250313e-16, 1, 0.821799099445343, -0.5697774291038513, -1.265160041405647e-16]}, "segments": [40214, 40208, 45556, 22305], "label": "object"}, {"objectId": 26, "id": 26, "partId": 26, "index": 14, "dominantNormal": [0.3783285915851593, -0.9256713390350342, -2.0554032676645888e-16], "obb": {"axesLengths": [1.4566212437157577, 1.7564669454887438, 0.19930509326847773], "centroid": [2.833527571950916, -0.11098823795977564, 0.39176648165807504], "normalizedAxes": [0.9256713390350342, 0.3783285915851593, 8.400582265037022e-17, 0, -2.220446049250313e-16, 1, 0.3783285915851593, -0.9256713390350342, -2.0554032676645888e-16]}, "segments": [30218, 55661, 7970, 26337, 26397, 29352, 37889, 30042, 55643, 50278, 31070, 30007, 7974, 6422, 21798, 21815, 23489, 31359, 31415, 46824, 55712, 54242, 7783, 21757, 49836, 6379, 6382, 7637, 7736, 7758, 7786, 7787, 7806, 7808, 8067, 8071, 21742, 21751, 21767, 21775, 21778, 21828, 21830, 21859, 21875, 23431, 23435, 23441, 23443, 23455, 23514, 23534, 23549, 25385, 27382, 27384, 27429, 27456, 27461, 29204, 30157, 30987, 31356, 31379, 31393, 46264, 46525, 46528, 46606, 47635, 47637, 47641, 49496, 49499, 49516, 49518, 49534, 49880, 49882, 50210, 51028, 51110, 55441, 55443, 55945, 56245, 58907, 58910, 58915], "label": "wall"}, {"objectId": 32, "id": 32, "partId": 32, "index": 16, "dominantNormal": [-0.3974120616912842, -0.9176402688026428, -2.0375707094958236e-16], "obb": {"axesLengths": [0.5731082038040486, 0.8857289652735967, 0.19372243167157974], "centroid": [1.7642722740401138, 0.2106287952890752, -0.17759648872323752], "normalizedAxes": [0.9176402688026428, -0.3974120616912842, -8.824320423068337e-17, 0, -2.220446049250313e-16, 1, -0.3974120616912842, -0.9176402688026428, -2.0375707094958236e-16]}, "segments": [5407, 33268, 33618, 3360, 3416, 5286, 33067, 33153, 33438, 44311, 44325, 50835, 5257, 5297, 3427, 47270, 1763, 5258, 5309, 5323, 47565, 47570], "label": "clothes"}, {"objectId": 33, "id": 33, "partId": 33, "index": 17, "dominantNormal": [0.9316412806510925, 0.36337924003601074, 8.068639979175412e-17], "obb": {"axesLengths": [0.5451819454428861, 1.1399999900162217, 0.34688422431729593], "centroid": [2.057814229276101, -0.14819095302292362, 0.2399999911338091], "normalizedAxes": [-0.36337924003601074, 0.9316412806510925, 2.0686592009402206e-16, 0, -2.220446049250313e-16, 1, 0.9316412806510925, 0.36337924003601074, 8.068639979175412e-17]}, "segments": [14309, 17914, 16962, 56263, 46449, 42649, 46355], "label": "mirror"}, {"objectId": 34, "id": 34, "partId": 34, "index": 18, "dominantNormal": [0, -2.220446049250313e-16, 1], "obb": {"axesLengths": [0.36242928720558004, 0.1818459887389988, 0.23391773539202987], "centroid": [1.8684706082030242, -0.3798508805727432, -0.319076991027363], "normalizedAxes": [-0.46610602736473083, 0.8847288489341736, 1.9644926772736628e-16, 0, -2.220446049250313e-16, 1, 0.8847288489341736, 0.46610602736473083, 1.0349632869937749e-16]}, "segments": [54574, 19301, 19355, 19353, 49004, 58923], "label": "beautician"}, {"objectId": 1, "id": 1, "partId": 1, "index": 19, "dominantNormal": [0, -2.220446049250313e-16, 1], "obb": {"axesLengths": [7.283819354965621, 0.18529998841956288, 2.7437020780065877], "centroid": [0.8973301847387932, 0.406690389861089, -1.317349939033018], "normalizedAxes": [0.7851558327674866, 0.6192982792854309, 1.375118417546852e-16, 0, -2.220446049250313e-16, 1, 0.6192982792854309, -0.7851558327674866, -1.743396166914405e-16]}, "segments": [55282, 54830, 40953, 4682, 29900, 31337, 24532, 28246, 38686, 43454, 55045, 3024, 32752, 25202, 23310, 54177], "label": "floor"}, {"objectId": 2, "id": 2, "partId": 2, "index": 20, "dominantNormal": [0.3860463500022888, -0.9224793910980225, -2.0483157194784384e-16], "obb": {"axesLengths": [5.482711843532041, 2.736619888172598, 0.25623096423315345], "centroid": [0.038765948024465646, 1.241837675101413, 0.04474997606687303], "normalizedAxes": [0.9224793910980225, 0.3860463500022888, 8.571950926900858e-17, 0, -2.220446049250313e-16, 1, 0.3860463500022888, -0.9224793910980225, -2.0483157194784384e-16]}, "segments": [20519, 22119, 25861, 24010, 19029, 22897, 8911, 35949, 42583, 26789, 20467, 26262, 58614, 38008, 26421, 26926, 41421, 58406, 36835, 40330, 42342, 42914, 36331, 8972, 8994, 8915, 58156, 50913, 50900, 33730, 42293, 42267, 35923, 45581, 45722, 36615, 36766, 58285, 58338, 52411, 33630, 33748, 35887, 58540, 40371, 35894, 37098, 58348, 37116, 35768, 35789, 35461, 35437, 35977, 24353, 46647, 46600, 42150, 9697, 46674, 44687, 44706, 43019, 43589, 44014, 43103, 18044, 44564, 36435, 15564, 22456, 37626, 37667, 26088, 37654, 9258, 9262, 20708, 20716, 20734, 20752, 22431, 22440, 22472, 22502, 22507, 22527, 22528, 22547, 22556, 22594, 22606, 22610, 24823, 26103, 26120, 26155, 26988, 27954, 28054, 28079, 28084, 28108, 28152, 28215, 28253, 28261, 28334, 28337, 28342, 28438, 28489, 33458, 33519, 33522, 33525, 33534, 33588, 33589, 33590, 33644, 33673, 33685, 33707, 33723, 33732, 33778, 33779, 33781, 33797, 33837, 33838, 33845, 33846, 33881, 33882, 33897, 33901, 33915, 33961, 33988, 33991, 33992, 34682, 34781, 34820, 34845, 35291, 35305, 35319, 35323, 35352, 35359, 35367, 35368, 35382, 35384, 35415, 35464, 35473, 35480, 35492, 35501, 35510, 35523, 35544, 35551, 35560, 35575, 35584, 35601, 35611, 35614, 35618, 35630, 35632, 35657, 35662, 35672, 35679, 35697, 35739, 35747, 35752, 35753, 35766, 35779, 35811, 35837, 35841, 35843, 35845, 35873, 35918, 36003, 36048, 36055, 36197, 36259, 36317, 36503, 36626, 36674, 36693, 36724, 36730, 36736, 36765, 36775, 36808, 36859, 36886, 36888, 36924, 36929, 36939, 36971, 36973, 36980, 37011, 37013, 37031, 37032, 37062, 37089, 37097, 37126, 37129, 37155, 37166, 37319, 37331, 37583, 37629, 37633, 37634, 37650, 37694, 37706, 37721, 37796, 37819, 37828, 37834, 37848, 37856, 37875, 37877, 37896, 37913, 37971, 38788, 38809, 41132, 41167, 41182, 41189, 41235, 41248, 41251, 41258, 41435, 41462, 41609, 42232, 42255, 42282, 42340, 42354, 42420, 42438, 42830, 42847, 42854, 42940, 43046, 43166, 43175, 43193, 43197, 43216, 43259, 43298, 43768, 44104, 44129, 44728, 44732, 44761, 44781, 44796, 45580, 45584, 45604, 45606, 45612, 45677, 45693, 45723, 45738, 45739, 45757, 45775, 45882, 45895, 46547, 46588, 46596, 46629, 46706, 46720, 47701, 47735, 47736, 49331, 49333, 49334, 49607, 49611, 49615, 49618, 49623, 49958, 50068, 50073, 50081, 50087, 50088, 50091, 50093, 50102, 50885, 50892, 50902, 50936, 51768, 51770, 51776, 51778, 51791, 51792, 52078, 52090, 52094, 52097, 52099, 52102, 52106, 52114, 52115, 52128, 52146, 52149, 52154, 52157, 52160, 52165, 52170, 52182, 52186, 52190, 52350, 52353, 52356, 52543, 52722, 52727, 52728, 54237, 54580, 54600, 54795, 54803, 54805, 55435, 55438, 55946, 55951, 56320, 56666, 57107, 57223, 57225, 58701, 33987, 6286, 4786, 19655, 6305, 49627, 41940, 57819, 41286, 32167, 29455, 19900, 22225, 27138, 6834, 27140, 22677, 20804, 58130, 22423, 18670, 46488, 27059, 58870, 21317, 10316, 57517, 57511, 10074, 10306, 4330, 8804, 8831, 8866, 8871, 8881, 9084, 9221, 9246, 15780, 15783, 15787, 15805, 15809, 15816, 16046, 20628, 20960, 20961, 22074, 22101, 22447, 24412, 24468, 24471, 26044, 27135, 27169, 27175, 27358, 28423, 28425, 28462, 29414, 29444, 29506, 29576, 31336, 42885, 45820, 45866, 48545, 49322, 49565, 50097, 50205, 50216, 50275, 50452, 50815, 51192, 52898, 54678, 54681, 56688, 57427, 19867], "label": "wall"}, {"objectId": 3, "id": 3, "partId": 3, "index": 21, "dominantNormal": [0.9247668385505676, 0.38053426146507263, 8.449557974745062e-17], "obb": {"axesLengths": [2.195127610318255, 2.7820599649386097, 0.2649037930423414], "centroid": [3.54280329863168, 2.444606838763426, 0.053340018465965144], "normalizedAxes": [-0.38053426146507263, 0.9247668385505676, 2.05339487313731e-16, 0, -2.220446049250313e-16, 1, 0.9247668385505676, 0.38053426146507263, 8.449557974745062e-17]}, "segments": [45546, 26684, 40548, 41386, 41172, 16752, 25839, 39499, 44529, 28614, 27763, 14997, 29002, 28916, 56853, 23646, 44111, 40077, 25332, 28917, 26568, 14746, 2224, 46143, 2003, 2067, 2150, 2183, 2421, 2533, 2545, 2910, 2921, 3095, 3100, 3118, 3128, 3153, 3219, 3226, 4109, 5786, 14649, 14653, 14671, 14685, 14757, 14825, 25320, 25934, 26369, 27662, 28983, 31944, 32486, 32492, 38047, 38066, 39594, 39620, 40719, 40738, 40747, 40794, 40795, 40805, 40817, 40862, 43499, 46320, 47277, 47319, 47433, 47435, 47444, 48323, 48327, 48369, 48371, 51499, 53453, 53468, 56944, 2069, 27850, 52138, 2187, 2437], "label": "wall"}, {"objectId": 4, "id": 4, "partId": 4, "index": 22, "dominantNormal": [0.46612635254859924, -0.8847181797027588, -1.9644689868209193e-16], "obb": {"axesLengths": [2.179611742694865, 2.7346898898179095, 1.1981239449257692], "centroid": [2.593057243935018, 0.45918900590869954, 0.06265497253861341], "normalizedAxes": [0.8847181797027588, 0.46612635254859924, 1.0350084179679958e-16, 0, -2.220446049250313e-16, 1, 0.46612635254859924, -0.8847181797027588, -1.9644689868209193e-16]}, "segments": [38515, 11309, 4375, 5659, 47617, 53476, 27759, 41754, 53617, 39101, 13029, 10670, 104, 118, 142, 152, 176, 236, 3906, 3909, 3914, 3932, 3946, 3948, 3967, 5087, 5090, 5620, 5737, 5760, 10539, 10598, 10607, 10618, 10708, 10805, 11080, 11308, 13012, 27696, 27732, 34918, 39196, 40784, 41656, 47464, 47465, 47555, 47602, 47604, 47613, 52858, 53649, 17721, 5543, 5198, 13034, 13054, 11102, 40803, 10571, 41722, 39201], "label": "wall"}, {"objectId": 5, "id": 5, "partId": 5, "index": 23, "dominantNormal": [0.8362722396850586, 0.5483144521713257, 1.2175026590706699e-16], "obb": {"axesLengths": [1.2319098466392135, 2.5599998855590833, 0.9834602469052877], "centroid": [1.6835129130745734, -0.031357116904453974, -0.029999968856573966], "normalizedAxes": [-0.5483144521713257, 0.8362722396850586, 1.8568973907063992e-16, 0, -2.220446049250313e-16, 1, 0.8362722396850586, 0.5483144521713257, 1.2175026590706699e-16]}, "segments": [53825, 5962, 10599, 5992, 610, 38140, 37195, 30570, 30121, 3646, 45126, 42177, 56025, 45237, 18698, 44926, 25431, 47686, 10, 269, 343, 409, 412, 433, 496, 565, 778, 783, 829, 862, 925, 958, 1232, 1747, 3425, 3477, 3549, 3575, 3602, 3632, 3651, 4747, 6010, 8389, 8757, 9078, 9212, 14336, 16882, 16890, 16925, 16967, 18158, 18163, 18182, 18220, 18453, 18485, 18492, 18502, 18520, 18524, 18544, 18863, 18866, 18909, 18920, 25551, 25616, 25661, 25686, 29717, 30115, 30122, 30139, 30172, 30252, 30269, 30307, 30412, 30497, 30510, 30518, 30527, 30529, 34297, 34399, 34407, 34448, 34491, 34874, 34890, 34896, 34925, 34930, 34939, 34949, 34960, 34986, 34994, 35035, 35045, 35071, 35086, 35125, 35167, 36123, 36135, 36161, 36173, 36246, 36265, 36390, 37190, 38086, 38092, 38250, 38312, 38329, 38369, 38406, 38442, 40463, 40469, 40483, 42380, 42463, 42480, 42490, 42555, 42669, 42673, 42684, 42952, 42986, 43072, 43517, 44802, 44891, 44893, 44967, 44997, 45054, 45094, 45103, 45231, 46440, 46839, 46865, 46904, 46907, 46917, 46957, 46970, 47032, 47172, 47219, 47262, 47643, 47694, 48845, 48883, 48891, 48984, 48988, 48994, 49670, 49712, 49718, 49719, 49734, 49779, 50803, 50804, 51891, 51893, 51900, 51928, 51951, 51987, 52009, 52246, 52253, 52279, 52281, 52287, 52289, 52315, 52837, 52854, 53774, 54123, 54792, 55403, 55969, 56087, 56137, 56166, 56676, 58900, 58902, 58918, 58963, 56493, 7504, 23784, 19234, 8549, 7460, 7418, 9198, 9210, 16923, 16930, 18302, 19241, 34110, 42527, 42597, 42658, 42698, 42962, 43699, 43771, 48696, 53769, 53773, 53802, 14208], "label": "cabinet"}, {"objectId": 6, "id": 6, "partId": 6, "index": 24, "dominantNormal": [-0.06067942827939987, -0.9981573224067688, -2.2163544830683808e-16], "obb": {"axesLengths": [4.598597529479008, 2.812469896395431, 2.143002976571217], "centroid": [-0.39041825389373597, -0.9862529165558169, 0.01623499543439566], "normalizedAxes": [0.9981573224067688, -0.06067942827939987, -1.3473539679376117e-17, 0, -2.220446049250313e-16, 1, -0.06067942827939987, -0.9981573224067688, -2.2163544830683808e-16]}, "segments": [56542, 15185, 55849, 29685, 9863, 9845, 17635, 35854, 16227, 51614, 35394, 16284, 17890, 32644, 9814, 15144, 20917, 17105, 48947, 14904, 14687, 18928, 19314, 18926, 56981, 8692, 32268, 55862, 8664, 46202, 10015, 19400, 57057, 17580, 57083, 28155, 32335, 29729, 42103, 24679, 48749, 24678, 54538, 49161, 33011, 19799, 16842, 14885, 48967, 49087, 15613, 19368, 46170, 10162, 32927, 19721, 19807, 35271, 51690, 49151, 23614, 20166, 10400, 24738, 31294, 53138, 30887, 50846, 12710, 11473, 12394, 12396, 12501, 12665, 12823, 28004, 31250, 48139, 50866, 30847, 11970, 19381, 29183, 11527, 11538, 11577, 11642, 11646, 11663, 11683, 11708, 11814, 11939, 12077, 12111, 12131, 19527, 38959, 39012, 47904, 47905, 47909, 47967, 47985, 48104, 48120, 50441, 52996, 53004, 19682, 11825, 19631, 19490, 48135, 6587, 49024, 6942, 177, 49456, 47601, 2727, 2736, 67, 71, 209, 313, 2772, 6360, 7313, 21444, 47042, 47145, 47584, 47079, 2084, 296, 1767, 47065, 2242, 3497, 251, 4042, 12069, 47314, 49009, 53077, 28329, 31227, 33090, 51693, 53172, 24428, 15786, 16028, 16071, 28030, 29545, 39684, 39905, 50475, 50478, 53055, 19858, 12455, 16083, 15781, 16052, 1858, 3107, 3350, 229, 3968, 502, 4851, 5200, 47230, 461, 3836, 22030, 4729, 47514, 3601, 614, 47543, 4424, 4564, 18633, 4623, 19018, 19255, 34360, 56584, 56395, 42403], "label": "curtain"}, {"objectId": 7, "id": 7, "partId": 7, "index": 25, "dominantNormal": [0, -2.220446049250313e-16, 1], "obb": {"axesLengths": [2.4052216396461437, 0.6740400640508514, 2.0775752293552814], "centroid": [-1.03252016946617, -0.3534200657623041, -0.9870199917922913], "normalizedAxes": [-0.10377854853868484, 0.9946004152297974, 2.2084565625797245e-16, 0, -2.220446049250313e-16, 1, 0.9946004152297974, 0.10377854853868484, 2.3043466809965462e-17]}, "segments": [8739, 14090, 14246, 25795, 22966, 25773, 25437, 25483, 25737, 50020, 14102, 11611, 9758, 5998, 19209, 50032, 17667, 11295, 5655, 28578, 961, 5703, 54190, 4274, 49964], "label": "bed"}, {"objectId": 8, "id": 8, "partId": 8, "index": 26, "dominantNormal": [0, -2.220446049250313e-16, 1], "obb": {"axesLengths": [1.2620463735241698, 0.16775697094745246, 0.5092313717593852], "centroid": [0.4747940700813191, 1.1446259895074538, -0.5738784821954708], "normalizedAxes": [0.9426907300949097, 0.3336677849292755, 7.40891314808313e-17, 0, -2.220446049250313e-16, 1, 0.3336677849292755, -0.9426907300949097, -2.0931939073041354e-16]}, "segments": [26508, 53246, 24364, 53264, 53279, 4229, 32012, 49328, 20050], "label": "desk"}, {"objectId": 9, "id": 9, "partId": 9, "index": 27, "dominantNormal": [0, -2.220446049250313e-16, 1], "obb": {"axesLengths": [0.5332477146190524, 0.15900998952217416, 0.41181979051268003], "centroid": [0.7136520682379027, 1.253666491426379, -0.49404598972098546], "normalizedAxes": [0.9462689757347107, 0.32338064908981323, 7.180492846754776e-17, 0, -2.220446049250313e-16, 1, 0.32338064908981323, -0.9462689757347107, -2.1011392086982787e-16]}, "segments": [20881, 51358, 51398, 20666], "label": "bag"}, {"objectId": 10, "id": 10, "partId": 10, "index": 28, "dominantNormal": [0, -2.220446049250313e-16, 1], "obb": {"axesLengths": [0.27586537297101654, 0.14289500989999593, 0.2853102280888684], "centroid": [0.37687625777614364, 1.2091492175316763, -0.538552493857909], "normalizedAxes": [0.7936131954193115, -0.608422577381134, -1.350969508220632e-16, 0, -2.220446049250313e-16, 1, -0.608422577381134, -0.7936131954193115, -1.762175284401727e-16]}, "segments": [6590, 20913, 49375], "label": "object"}, {"objectId": 11, "id": 11, "partId": 11, "index": 29, "dominantNormal": [0.8875989317893982, 0.4606170952320099, 1.0227754093250716e-16], "obb": {"axesLengths": [0.16302206251023624, 0.17213500651415414, 0.1077801331463043], "centroid": [-0.3213012356619467, 0.873153923959409, -0.2510334998138213], "normalizedAxes": [-0.4606170952320099, 0.8875989317893982, 1.9708655414105673e-16, 0, -2.220446049250313e-16, 1, 0.8875989317893982, 0.4606170952320099, 1.0227754093250716e-16]}, "segments": [46061, 22199, 49570, 22212], "label": "lamp"}], "scan_id": "bcb0fe33-4f39-2c70-9cb1-081014d8a9b8", "annId": "5464", "appId": "stk.v1"}