{"segGroups": [{"objectId": 6, "id": 6, "partId": 6, "index": 0, "dominantNormal": [0.877753734588623, -0.4791121184825897, -1.0638426106326143e-16], "obb": {"axesLengths": [0.5419564500482763, 0.5282899619276082, 0.3888475756997106], "centroid": [-1.564581765720317, -0.07259208267025419, -1.0741450341701868], "normalizedAxes": [0.47911208868026733, 0.877753734588623, 1.949004812182016e-16, 0, -2.220446049250313e-16, 1, 0.877753734588623, -0.47911208868026733, -1.0638425444581652e-16]}, "segments": [3832, 15771, 1361, 3796, 13936, 4514, 1290, 1305, 1399, 1401, 1403, 1423, 3782, 4247, 4251, 4273, 4290, 4309, 4404, 4409, 4463, 8847, 13907, 13927, 13959, 15091, 3805], "label": "drawer"}, {"objectId": 7, "id": 7, "partId": 7, "index": 1, "dominantNormal": [0.7139332294464111, -0.7002137899398804, -1.554786943502596e-16], "obb": {"axesLengths": [0.8307640775573907, 0.803434950036519, 0.7714937237734983], "centroid": [-0.11295725383598648, 0.8092150847676314, -0.9667525168581486], "normalizedAxes": [0.7002137899398804, 0.7139332294464111, 1.585250218752801e-16, 0, -2.220446049250313e-16, 1, 0.7139332294464111, -0.7002137899398804, -1.554786943502596e-16]}, "segments": [11707, 493, 4105, 9531, 417, 400, 410, 463, 1146, 1174, 4073, 4092, 4123, 6136, 11699, 13858, 17292, 17294, 17297, 3830, 10688, 10699, 13853, 4089, 10618, 10620, 10886, 12024, 16791, 16795, 1224, 17681, 12104, 17634, 9649, 17704, 9057, 777, 9009, 9015, 9020, 9622, 11327, 11396, 11429, 12122, 12141, 12152, 12162, 12189, 12205, 12227, 12245, 12280, 12294, 12296, 12324, 12326, 15811, 16949, 16967, 17543, 17586, 17647, 17659, 17692, 17725, 17558, 12389, 16934, 9637], "label": "table"}, {"objectId": 1, "id": 1, "partId": 1, "index": 2, "dominantNormal": [0, -2.220446049250313e-16, 1], "obb": {"axesLengths": [2.632293423382172, 0.3470799845364696, 0.9325046979186558], "centroid": [-0.8432486237290051, 0.15965442752531556, -1.2035400095628195], "normalizedAxes": [0.8521806597709656, 0.5232476592063904, 1.1618431976643037e-16, 0, -2.220446049250313e-16, 1, 0.5232476592063904, -0.8521806597709656, -1.8922211792359657e-16]}, "segments": [12491, 976, 12604, 8883, 7899, 9456, 7901], "label": "floor"}, {"objectId": 2, "id": 2, "partId": 2, "index": 3, "dominantNormal": [0, -2.220446049250313e-16, 1], "obb": {"axesLengths": [0.660313801318753, 0.26551997068107197, 0.46070806641417994], "centroid": [-0.6858292616239385, 0.4279449903981936, -1.2027600828033664], "normalizedAxes": [0.7654809355735779, 0.6434585452079773, 1.4287649845634072e-16, 0, -2.220446049250313e-16, 1, 0.6434585452079773, -0.7654809355735779, -1.6997091191707844e-16]}, "segments": [10046, 8463, 2959, 15151, 120, 252, 10106, 10163], "label": "box"}, {"objectId": 3, "id": 3, "partId": 3, "index": 4, "dominantNormal": [0.40284520387649536, -0.9152681231498718, -2.032303488052882e-16], "obb": {"axesLengths": [2.6102804808884104, 1.9052199295486518, 0.3879187731711552], "centroid": [-1.0385168293692457, 0.5650753186675355, -0.4026100340739629], "normalizedAxes": [0.9152681231498718, 0.40284523367881775, 8.9449610758145e-17, 0, -2.220446049250313e-16, 1, 0.40284523367881775, -0.9152681231498718, -2.032303488052882e-16]}, "segments": [593, 186, 10857, 5477, 9410, 5844, 2072, 7668, 2862, 14390, 610, 813, 941, 990, 1489, 1491, 1504, 1510, 1511, 1564, 1572, 1590, 1593, 1638, 1659, 1998, 2515, 2911, 3023, 3042, 3100, 4602, 5883, 5925, 6268, 6737, 6741, 7501, 7699, 7715, 7734, 9249, 9264, 9272, 10055, 10078, 10154, 10847, 12209, 12309, 13525, 13530, 13782, 14594, 15980, 16230, 16581, 16612, 16635, 16836, 779, 12408, 5814], "label": "wall"}, {"objectId": 4, "id": 4, "partId": 4, "index": 5, "dominantNormal": [0.9164262413978577, 0.4002037048339844, 8.88630735293959e-17], "obb": {"axesLengths": [0.9559763357929132, 2.6207099567195025, 0.5070459934212588], "centroid": [0.39590306650143137, 0.8151794919926009, -0.040355094747056786], "normalizedAxes": [-0.400203675031662, 0.9164262413978577, 2.0348750271411868e-16, 0, -2.220446049250313e-16, 1, 0.9164262413978577, 0.400203675031662, 8.8863066911951e-17]}, "segments": [12605, 9064, 8051, 1904, 6260, 7955, 8065, 11221, 11390, 15163, 15215, 16930, 7580, 6363], "label": "wall"}, {"objectId": 5, "id": 5, "partId": 5, "index": 6, "dominantNormal": [0.37089598178863525, -0.9286743998527527, -2.0620714021929502e-16], "obb": {"axesLengths": [2.5386798896185487, 0.9329799801190201, 0.47616044339653485], "centroid": [-0.9814290515929519, 0.5208967829244309, 0.7764899165875478], "normalizedAxes": [0.9286743998527527, 0.37089601159095764, 8.235545836198402e-17, 0, -2.220446049250313e-16, 1, 0.37089601159095764, -0.9286743998527527, -2.0620714021929502e-16]}, "segments": [15747, 1892, 16053, 2556, 15734, 16134, 16118, 15900, 5900, 18300, 256, 5690, 18367, 1587, 18253, 5186, 5733, 227, 262, 277, 397, 434, 1778, 1867, 1873, 1895, 1899, 1906, 2158, 2171, 2206, 2210, 2261, 2294, 2311, 2326, 2348, 2353, 2361, 2372, 2401, 2583, 2636, 2753, 2891, 3354, 3584, 3589, 4010, 4020, 4039, 4068, 4083, 4811, 4905, 5095, 5118, 5164, 5177, 5242, 5279, 5447, 5659, 5771, 6508, 6547, 6642, 7532, 7608, 7609, 7822, 7876, 7933, 9195, 9236, 9322, 9859, 9911, 9951, 10031, 10319, 10591, 10760, 10776, 10793, 10794, 10815, 10835, 10894, 11022, 11313, 11403, 11550, 12051, 12613, 12614, 12791, 13228, 13277, 13470, 13494, 13498, 13560, 13562, 13567, 13599, 13634, 13642, 13645, 13648, 13653, 13655, 13810, 13823, 14075, 14275, 14520, 14542, 14588, 14649, 15336, 15474, 15670, 15930, 15976, 16093, 16799, 16932, 17694, 17752, 18637, 12833], "label": "shelf"}, {"objectId": 8, "id": 8, "partId": 8, "index": 7, "dominantNormal": [0, -2.220446049250313e-16, 1], "obb": {"axesLengths": [0.8249629689517052, 0.44629697994224005, 0.7019215405839215], "centroid": [-1.7930099987616326, 0.07065919265618215, -0.6108075635047054], "normalizedAxes": [0.7809389233589172, 0.6246073842048645, 1.3869069985902638e-16, 0, -2.220446049250313e-16, 1, 0.6246073842048645, -0.7809389233589172, -1.7340327470781008e-16]}, "segments": [9330, 9284, 3855, 4144, 15084, 14775, 12946, 3642, 3713, 7113, 7172, 11885, 11955, 13829, 17479, 11941, 17441, 3595, 3681, 3743, 4197, 7182, 11889, 13841, 7641, 7603, 3684, 3873, 2935, 3878, 3928, 7044, 9344, 15033], "label": "desk"}, {"objectId": 10, "id": 10, "partId": 10, "index": 8, "dominantNormal": [0.7525627613067627, -0.658520519733429, -1.4622092863923552e-16], "obb": {"axesLengths": [0.7349612904028754, 0.9747730275666776, 0.7196001521921841], "centroid": [-1.281933343236037, 0.3096431708509506, -0.8426135683312956], "normalizedAxes": [0.658520519733429, 0.7525627613067627, 1.6710250101565076e-16, 0, -2.220446049250313e-16, 1, 0.7525627613067627, -0.658520519733429, -1.4622092863923552e-16]}, "segments": [8172, 15562, 8699, 3931, 4136, 4822, 4936, 4993, 7078, 7264, 7299, 7320, 7334, 7375, 8763, 8768, 8772, 9946, 14833, 14915, 14943, 15247, 15255, 15257, 15333, 15418, 15458, 15503, 15516, 16272, 16278, 16460, 7070, 7407, 14723, 14945, 14889, 7232, 6921, 6960, 7248, 7340, 8727, 13850, 14674, 14828, 14998, 6930, 4726, 3845, 4730, 6865, 6891, 9933, 10422, 10432, 13846, 16474, 16478, 16503, 4694, 3056, 7203, 2951, 628, 4716], "label": "box"}, {"objectId": 11, "id": 11, "partId": 11, "index": 9, "dominantNormal": [0.09348274022340775, -0.9956209063529968, -2.2107225080625277e-16], "obb": {"axesLengths": [0.3168606157156752, 0.4597699539414803, 0.27503453217239376], "centroid": [-1.9313457414466713, -0.2463705833854477, -1.099885031220204], "normalizedAxes": [0.9956209063529968, 0.09348274022340775, 2.0757338120215906e-17, 0, -2.220446049250313e-16, 1, 0.09348274022340775, -0.9956209063529968, -2.2107225080625277e-16]}, "segments": [4484, 236, 4480, 3994, 4008], "label": "drawer"}, {"objectId": 12, "id": 12, "partId": 12, "index": 10, "dominantNormal": [0.9404163956642151, 0.34002500772476196, 7.550071850487549e-17], "obb": {"axesLengths": [0.26217442381388595, 0.4799999785423281, 0.044982486569555225], "centroid": [-2.0852145244923084, -0.2468325109765579, -0.11000006587236988], "normalizedAxes": [-0.34002500772476196, 0.9404163956642151, 2.0881438704028256e-16, 0, -2.220446049250313e-16, 1, 0.9404163956642151, 0.34002500772476196, 7.550071850487549e-17]}, "segments": [3786], "label": "wall"}, {"objectId": 13, "id": 13, "partId": 13, "index": 11, "dominantNormal": [0.9138167500495911, -0.40612679719924927, -9.017826423357562e-17], "obb": {"axesLengths": [0.3036484693707379, 0.5128979754545244, 0.2721138271047538], "centroid": [-2.031272068933334, -0.07786377653000087, -0.20644905702689909], "normalizedAxes": [0.40612679719924927, 0.9138167500495911, 2.0290807923863753e-16, 0, -2.220446049250313e-16, 1, 0.9138167500495911, -0.40612679719924927, -9.017826423357562e-17]}, "segments": [7572, 13070, 13066, 1473], "label": "papers"}, {"objectId": 14, "id": 14, "partId": 14, "index": 12, "dominantNormal": [0.9465696215629578, -0.322499543428421, -7.160928370906672e-17], "obb": {"axesLengths": [2.354737876271122, 2.110109878105448, 2.048020384355046], "centroid": [-0.38805845999990696, 0.639718431212505, 2.219454825597967], "normalizedAxes": [0.322499543428421, 0.9465696215629578, 2.1018067765398335e-16, 0, -2.220446049250313e-16, 1, 0.9465696215629578, -0.322499543428421, -7.160928370906672e-17]}, "segments": [15180, 10498, 12567, 13203, 154, 10290, 10310, 10478, 10517, 12519, 13201, 15158, 5494, 45, 2436, 13565, 8130, 8288, 16743, 1458, 10181], "label": "ceiling"}, {"objectId": 19, "id": 19, "partId": 19, "index": 14, "dominantNormal": [0, -2.220446049250313e-16, 1], "obb": {"axesLengths": [0.25756586000107123, 0.23427897168072365, 0.25290003272600586], "centroid": [-0.3619620348960716, 0.09920848860274012, 0.7625234161405992], "normalizedAxes": [0.843250036239624, -0.537521481513977, -1.1935374500148855e-16, 0, -2.220446049250313e-16, 1, -0.537521481513977, -0.843250036239624, -1.8723912114984565e-16]}, "segments": [7551, 7541, 8161, 1119, 7519, 7523, 7567, 15219, 7564], "label": "lamp"}, {"objectId": 20, "id": 20, "partId": 20, "index": 15, "dominantNormal": [-0.36067837476730347, -0.9326902627944946, -2.0709884091962719e-16], "obb": {"axesLengths": [0.23630062971557872, 0.29726200631420285, 0.1889349724626091], "centroid": [-1.146133837026508, -0.2231278048439398, 0.7910999087651089], "normalizedAxes": [0.9326902627944946, -0.36067837476730347, -8.008668723020828e-17, 0, -2.220446049250313e-16, 1, -0.36067837476730347, -0.9326902627944946, -2.0709884091962719e-16]}, "segments": [18653, 13183, 18643, 13093, 18700, 13151, 3482, 13126], "label": "lamp"}, {"objectId": 22, "id": 22, "partId": 22, "index": 16, "dominantNormal": [0.9039353728294373, 0.42766904830932617, 9.496160487050846e-17], "obb": {"axesLengths": [0.4190474896657615, 0.8599999950826165, 0.10461030020439033], "centroid": [-2.0853981263093857, -0.13272255579931458, 0.7999999251124272], "normalizedAxes": [-0.42766907811164856, 0.9039353728294373, 2.0071397273767328e-16, 0, -2.220446049250313e-16, 1, 0.9039353728294373, 0.42766907811164856, 9.496161148795336e-17]}, "segments": [3109, 2682], "label": "wall"}, {"objectId": 23, "id": 23, "partId": 23, "index": 17, "dominantNormal": [0.9999676942825317, -0.00804165843874216, -1.785606870972547e-18], "obb": {"axesLengths": [0.15818376339098075, 0.3399999866634609, 0.12995480726316122], "centroid": [-2.0647327255223558, -0.09051035241597138, 0.1799999239575878], "normalizedAxes": [0.00804165843874216, 0.9999676942825317, 2.2203743161475925e-16, 0, -2.220446049250313e-16, 1, 0.9999676942825317, -0.00804165843874216, -1.785606870972547e-18]}, "segments": [14053, 7127, 6846, 6968, 4127], "label": "item"}, {"objectId": 25, "id": 25, "partId": 25, "index": 19, "dominantNormal": [0, -2.220446049250313e-16, 1], "obb": {"axesLengths": [0.40470968767304427, 0.11310600981624397, 0.3706896571003583], "centroid": [-0.07957443147393561, 0.8614855062468693, -0.6134470657326191], "normalizedAxes": [0.9963843822479248, -0.08495983481407166, -1.886487295578646e-17, 0, -2.220446049250313e-16, 1, -0.08495983481407166, -0.9963843822479248, -2.2124177650971184e-16]}, "segments": [17184, 3887, 10611], "label": "laptop"}, {"objectId": 26, "id": 26, "partId": 26, "index": 20, "dominantNormal": [0, -2.220446049250313e-16, 1], "obb": {"axesLengths": [0.6701397143728699, 0.3718930101716589, 0.4092757211398946], "centroid": [-0.8270661111131223, 0.6783516363729369, -0.5379315736699495], "normalizedAxes": [0.8632771968841553, 0.5047301054000854, 1.1207259684733138e-16, 0, -2.220446049250313e-16, 1, 0.5047301054000854, -0.8632771968841553, -1.9168604412293073e-16]}, "segments": [10567, 10255, 16730, 824, 905, 6097, 6118, 6122, 9750, 10308, 10582, 14457, 16685, 9519, 377, 9761, 13500, 14425, 14471, 16657, 6140, 5986, 5944, 5990, 6002, 6012, 14278, 16441, 14281, 16424, 14026, 4662, 4738, 4749, 4750, 4774, 4808, 4994, 5926, 5935, 6422, 10252, 14064, 14066, 14255, 14306, 16226, 16412], "label": "sink"}, {"objectId": 27, "id": 27, "partId": 27, "index": 21, "dominantNormal": [0, -2.220446049250313e-16, 1], "obb": {"axesLengths": [0.6658781476409146, 0.2918760115233954, 0.6132710427764403], "centroid": [-0.7499609757384545, 0.5175591630210739, -0.9640620526600912], "normalizedAxes": [0.46734845638275146, 0.8840731978416443, 1.9630368393955695e-16, 0, -2.220446049250313e-16, 1, 0.8840731978416443, -0.46734845638275146, -1.0377220335983128e-16]}, "segments": [952, 8599, 11036, 85, 9492, 11099, 575, 11098], "label": "box"}, {"objectId": 28, "id": 28, "partId": 28, "index": 22, "dominantNormal": [0, -2.220446049250313e-16, 1], "obb": {"axesLengths": [0.6880761397448563, 0.2875600988963223, 0.379922523106414], "centroid": [-1.2076725674927362, 0.28610801980766165, -1.1937800472222253], "normalizedAxes": [0.3948165476322174, 0.9187599420547485, 2.040056883544913e-16, 0, -2.220446049250313e-16, 1, 0.9187599420547485, -0.3948165476322174, -8.766688433686052e-17]}, "segments": [8338, 8786, 8923, 8523, 8556, 8247, 8882, 8328, 8379, 8382, 8383, 8435, 8439, 8472, 8475, 8531, 8783, 8796, 8827, 10033, 10083, 10128, 15330, 15452, 15462, 15465, 15468, 15476, 15478, 15480, 15494, 16284, 16291, 16294, 16305, 16356, 16361, 16375, 16379, 16384, 16393, 8335, 9431], "label": "box"}, {"objectId": 29, "id": 29, "partId": 29, "index": 23, "dominantNormal": [0.5220499634742737, -0.8529148697853088, -1.8938514529616342e-16], "obb": {"axesLengths": [0.28786073195701145, 0.37999998673796664, 0.07735882435678637], "centroid": [-0.07471436696973707, 1.0689678765988035, -0.10000006073146928], "normalizedAxes": [0.8529148697853088, 0.5220499634742737, 1.1591837789077212e-16, 0, -2.220446049250313e-16, 1, 0.5220499634742737, -0.8529148697853088, -1.8938514529616342e-16]}, "segments": [10939, 10947, 3508], "label": "book"}, {"objectId": 30, "id": 30, "partId": 30, "index": 24, "dominantNormal": [0.4279698133468628, -0.9037930369377136, -2.0068236782082885e-16], "obb": {"axesLengths": [1.1300361497036269, 0.2799999986588955, 0.1285067450826307], "centroid": [-1.0975726582310315, 0.6420298070866229, -0.09000006862908427], "normalizedAxes": [0.9037930369377136, 0.4279698133468628, 9.502838812444354e-17, 0, -2.220446049250313e-16, 1, 0.4279698133468628, -0.9037930369377136, -2.0068236782082885e-16]}, "segments": [17901, 2079, 2988, 5205, 5197, 3179, 3256, 3119, 3156, 3172, 3227, 13801], "label": "rack"}, {"objectId": 31, "id": 31, "partId": 31, "index": 25, "dominantNormal": [0, -2.220446049250313e-16, 1], "obb": {"axesLengths": [0.44770946172283804, 0.37999998673796664, 0.3865134444826147], "centroid": [-1.3558119267450528, 0.3740401445808329, 0.5599999209401025], "normalizedAxes": [-0.011942710727453232, 0.9999287128448486, 2.220287759968295e-16, 0, -2.220446049250313e-16, 1, 0.9999287128448486, 0.011942710727453232, 2.651814485211286e-18]}, "segments": [7801, 15326, 15134, 15260, 2593, 9403], "label": "box"}, {"objectId": 33, "id": 33, "partId": 33, "index": 26, "dominantNormal": [0.9952086210250854, -0.09777408838272095, -2.1710208826846366e-17], "obb": {"axesLengths": [0.4682635195649232, 0.3293039725131397, 0.2735731975350307], "centroid": [-1.9143847854063214, 0.07494570375981435, 0.5346519138276891], "normalizedAxes": [0.09777408838272095, 0.9952086210250854, 2.209807050735003e-16, 0, -2.220446049250313e-16, 1, 0.9952086210250854, -0.09777408838272095, -2.1710208826846366e-17]}, "segments": [6701, 11739, 7607, 13774], "label": "box"}, {"objectId": 34, "id": 34, "partId": 34, "index": 27, "dominantNormal": [-0.20405571162700653, -0.9789592623710632, -2.173726226508828e-16], "obb": {"axesLengths": [0.500649077779259, 0.3799999271333232, 0.2998367857157402], "centroid": [-1.054994610462499, 0.38797118101876515, 0.9799998984393499], "normalizedAxes": [0.9789592623710632, -0.20405571162700653, -4.530946987091478e-17, 0, -2.220446049250313e-16, 1, -0.20405571162700653, -0.9789592623710632, -2.173726226508828e-16]}, "segments": [13629, 14612, 2653, 9235, 2846], "label": "box"}, {"objectId": 35, "id": 35, "partId": 35, "index": 28, "dominantNormal": [0.4183419346809387, -0.9082896113395691, -2.0168080790740486e-16], "obb": {"axesLengths": [0.392486819280248, 0.28952997275747405, 0.2031316873172353], "centroid": [-0.7314665719820352, 0.5348958545551104, 0.9547649017309041], "normalizedAxes": [0.9082896113395691, 0.4183419346809387, 9.289056960980229e-17, 0, -2.220446049250313e-16, 1, 0.4183419346809387, -0.9082896113395691, -2.0168080790740486e-16]}, "segments": [2278, 2787, 2819, 12664, 2834], "label": "box"}, {"objectId": 36, "id": 36, "partId": 36, "index": 29, "dominantNormal": [0.3623797595500946, -0.9320305585861206, -2.069523571593114e-16], "obb": {"axesLengths": [0.8026555640744915, 0.43999992817640443, 0.4152787938151019], "centroid": [-1.8202123759548527, 0.15358281268591212, 0.949999897917809], "normalizedAxes": [0.9320305585861206, 0.3623797297477722, 8.04644639246837e-17, 0, -2.220446049250313e-16, 1, 0.3623797297477722, -0.9320305585861206, -2.069523571593114e-16]}, "segments": [13544, 4504, 4821, 13232, 5395, 3171, 14210, 14175, 12759, 13722, 14291, 2279, 2450, 3166, 3231, 3235, 3241, 3959, 4590, 4612, 4782, 4944, 5361, 5363, 5419, 5474, 8097, 8158, 8219, 12525, 12762, 12777, 12932, 12937, 12943, 12950, 12968, 12983, 12988, 13132, 13417, 13419, 13423, 13435, 13437, 13439, 13662, 13665, 13668, 13671, 13729, 13734, 13805, 14157, 14171, 14241, 14245, 14249, 14261, 14262, 14272, 14342, 14350, 4692, 4054, 5257, 14285], "label": "organizer"}, {"objectId": 37, "id": 37, "partId": 37, "index": 30, "dominantNormal": [0.9557908773422241, -0.2940472960472107, -6.529161568007662e-17], "obb": {"axesLengths": [0.43568765470625476, 0.3399999661743647, 0.26909437001032666], "centroid": [-1.5884190634698505, 0.20265268271879378, 0.9799998984393499], "normalizedAxes": [0.2940472960472107, 0.9557908773422241, 2.1222820775040321e-16, 0, -2.220446049250313e-16, 1, 0.9557908773422241, -0.2940472960472107, -6.529161568007662e-17]}, "segments": [8129, 14236, 4947], "label": "box"}, {"objectId": 38, "id": 38, "partId": 38, "index": 31, "dominantNormal": [0, -2.220446049250313e-16, 1], "obb": {"axesLengths": [0.4542658589569755, 0.2809889849799352, 0.3499903449094533], "centroid": [-0.5549712698995206, 0.6463797328171004, 0.510494420061087], "normalizedAxes": [0.9825971126556396, -0.18574956059455872, -4.1244687797216954e-17, 0, -2.220446049250313e-16, 1, -0.18574956059455872, -0.9825971126556396, -2.1818038768009799e-16]}, "segments": [9169, 9203, 9103, 9113, 15877], "label": "box"}, {"objectId": 39, "id": 39, "partId": 39, "index": 32, "dominantNormal": [0, -2.220446049250313e-16, 1], "obb": {"axesLengths": [0.33086585381675343, 0.24957900681542577, 0.3328407737476924], "centroid": [-0.23996630291952764, 0.7985039291751973, 0.4947894309788323], "normalizedAxes": [0.8592551946640015, 0.5115472078323364, 1.1358629766363402e-16, 0, -2.220446049250313e-16, 1, 0.5115472078323364, -0.8592551946640015, -1.9079298022894908e-16]}, "segments": [6640, 6551, 5312, 6503, 6598, 6564, 6502, 6534], "label": "box"}, {"objectId": 40, "id": 40, "partId": 40, "index": 33, "dominantNormal": [0.38887855410575867, -0.9212890267372131, -2.045672579636311e-16], "obb": {"axesLengths": [0.38883858744399113, 0.32776095730600585, 0.23892854077127668], "centroid": [0.028051482952317075, 0.8732559600236098, 0.5461194150924813], "normalizedAxes": [0.9212890267372131, 0.38887855410575867, 8.63483849102306e-17, 0, -2.220446049250313e-16, 1, 0.38887855410575867, -0.9212890267372131, -2.045672579636311e-16]}, "segments": [13267, 13384, 17439, 17425, 5302, 14582], "label": "box"}, {"objectId": 41, "id": 41, "partId": 41, "index": 34, "dominantNormal": [0, -2.220446049250313e-16, 1], "obb": {"axesLengths": [0.4165638546532497, 0.1882320004351734, 0.20348279200554306], "centroid": [-0.7622536792242315, 0.6231355867106214, 0.46411592778870614], "normalizedAxes": [-0.500014066696167, 0.8660172820091248, 1.9229446524196553e-16, 0, -2.220446049250313e-16, 1, 0.8660172820091248, 0.500014066696167, 1.1102542589650865e-16]}, "segments": [14095, 5644, 5567, 3370], "label": "box"}], "scan_id": "bcb0fe06-4f39-2c70-9c24-a8dd7496c2f8", "annId": "6451", "appId": "stk.v1"}