{"segGroups": [{"objectId": 1, "id": 1, "partId": 1, "index": 0, "dominantNormal": [0, -2.220446049250313e-16, 1], "obb": {"axesLengths": [6.534976343834304, 0.22276007631212236, 6.1720649928012215], "centroid": [-2.0679094613985622, -0.9633650975039983, -1.4786199915525318], "normalizedAxes": [0.7780320644378662, -0.6282245516777039, -1.3949387238148067e-16, 0, -2.220446049250313e-16, 1, -0.6282245516777039, -0.7780320644378662, -1.727578223671125e-16]}, "segments": [19667, 11823, 40613, 22104, 18643, 19, 22300, 24106, 36947, 14884, 23593, 40969, 2521, 47613, 24213, 11141, 14784, 14809, 23915, 24111, 26613, 26615, 26634, 26639, 27042, 27050, 27090, 27104, 27158, 32141, 32145, 32204, 32233, 32244, 32255, 32269, 36999, 37272, 37901, 38874, 39111, 39138, 39139, 39266, 39342, 40596, 40628, 40710, 40717, 40796, 40836, 41394, 44021, 44205, 44874, 44904, 45309, 45320, 46153, 46326, 46833, 46838, 47481, 50056, 50071, 50582, 50608, 50611, 50631, 51061, 51324, 52681, 53740, 53907, 54135, 56713, 56731, 57660, 58888, 58917, 62825, 62827, 62834, 62844, 45613, 46792, 46630], "label": "floor"}, {"objectId": 2, "id": 2, "partId": 2, "index": 1, "dominantNormal": [-0.06284543126821518, 0.998023271560669, 2.2160568303967597e-16], "obb": {"axesLengths": [0.8949793311434077, 1.011139012624196, 0.9249092779218678], "centroid": [-0.9573849854671382, 0.28390392359211836, -0.9934005237908546], "normalizedAxes": [-0.06284543126821518, 0.998023271560669, 2.2160568303967597e-16, 0, -2.220446049250313e-16, 1, 0.998023271560669, 0.06284543126821518, 1.395448895729405e-17]}, "segments": [24576, 56231, 29300, 56446, 58980, 33738, 37343, 23960, 38585, 37034, 23986, 23987, 23996, 24011, 24046, 24047, 24051, 24603, 24610, 24642, 27020, 29040, 29089, 29228, 29240, 29265, 29303, 29319, 29373, 29400, 29416, 30389, 30394, 30411, 32111, 33617, 33656, 33678, 33691, 35104, 37244, 37295, 37296, 37330, 37392, 37419, 37435, 37507, 37764, 37767, 37773, 37799, 39818, 55287, 56141, 56177, 56179, 56343, 56706, 58186, 58190, 58198, 58892, 58929, 59045, 59048, 59921, 39803, 30359, 35045, 37436, 37368], "label": "chair"}, {"objectId": 3, "id": 3, "partId": 3, "index": 2, "dominantNormal": [0, -2.220446049250313e-16, 1], "obb": {"axesLengths": [0.49922415643482454, 0.13868999171204877, 0.4544591011244903], "centroid": [-1.3312872787935375, -0.18241295015584758, -1.179345017219968], "normalizedAxes": [0.7962802648544312, -0.6049278974533081, -1.3432097599814965e-16, 0, -2.220446049250313e-16, 1, -0.6049278974533081, -0.7962802648544312, -1.7680973681920146e-16]}, "segments": [23253, 60637, 38550, 59050, 30409, 38537, 38545, 23723], "label": "ottoman"}, {"objectId": 4, "id": 4, "partId": 4, "index": 3, "dominantNormal": [0.02625933289527893, -0.9996551871299744, -2.219680410875334e-16], "obb": {"axesLengths": [1.159290786596323, 0.568404959848412, 0.517473763753702], "centroid": [-1.9763053102701487, -1.2639483362167114, -1.2178674684749367], "normalizedAxes": [0.9996551871299744, 0.02625933103263378, 5.8307427847367824e-18, 0, -2.220446049250313e-16, 1, 0.02625933103263378, -0.9996551871299744, -2.219680410875334e-16]}, "segments": [33117, 36112, 25760, 19184, 20028, 58083, 58060, 19991, 20349, 20212, 58068, 61206, 61209, 25805, 33126], "label": "ottoman"}, {"objectId": 5, "id": 5, "partId": 5, "index": 4, "dominantNormal": [0, -2.220446049250313e-16, 1], "obb": {"axesLengths": [2.8679255365566716, 1.2566099780065565, 3.0284895368972866], "centroid": [-1.8732628303083727, -2.5085388562880198, -0.9183050060458853], "normalizedAxes": [0.8739774227142334, 0.4859665036201477, 1.079062403031345e-16, 0, -2.220446049250313e-16, 1, 0.4859665036201477, -0.8739774227142334, -1.9406197153997904e-16]}, "segments": [35012, 58125, 57182, 35386, 19625, 63530, 21558, 19541, 22080, 26043, 26061, 26461, 25461, 24248, 27446, 42432, 41844, 39689, 41711, 61605, 40520, 40962, 9622, 10119, 14609, 16826, 16852, 16857, 16859, 16870, 16887, 16891, 16892, 16907, 16922, 17852, 18940, 18946, 19884, 20356, 21055, 23314, 23327, 24361, 25505, 25512, 26005, 26016, 26018, 26587, 26728, 26920, 27987, 28554, 29863, 29983, 31870, 32668, 32675, 33324, 33404, 34618, 34664, 35341, 35348, 35376, 35388, 35398, 39014, 39763, 40316, 40457, 40609, 40638, 40671, 40922, 41378, 42574, 42591, 42614, 53613, 54267, 54291, 55605, 55615, 55631, 55649, 55657, 55696, 55756, 55758, 56609, 57039, 57041, 57530, 57533, 57535, 57749, 57786, 57788, 57794, 58075, 60943, 61263, 61285, 61580, 61806, 61809, 61947, 62091, 62148, 63709, 46268], "label": "bed"}, {"objectId": 6, "id": 6, "partId": 6, "index": 5, "dominantNormal": [0.9988952875137329, 0.0469912588596344, 1.0434155508417397e-17], "obb": {"axesLengths": [3.557962051262411, 3.7929898844736076, 0.14982787124206212], "centroid": [0.5984844058115306, -0.4567085133243236, 0.3464949926964558], "normalizedAxes": [-0.0469912588596344, 0.9988952875137329, 2.2179930947746238e-16, 0, -2.220446049250313e-16, 1, 0.9988952875137329, 0.0469912588596344, 1.0434155508417397e-17]}, "segments": [49163, 999, 48851, 18503, 7225, 25344, 6901, 11644, 10945, 16269, 16640, 32019, 33516, 33524, 34921, 34944, 49436, 49553, 49846, 49870, 64995, 43898, 5862, 26465, 29743, 65613, 55589, 25857, 44456, 48262, 9339], "label": "wall"}, {"objectId": 7, "id": 7, "partId": 7, "index": 6, "dominantNormal": [0.9970534443855286, 0.07671008259057999, 1.7033059982591855e-17], "obb": {"axesLengths": [3.197675370657219, 2.5199999842047687, 1.4272157493962658], "centroid": [0.5709703814977243, -2.107033524256514, -0.3300000376062089], "normalizedAxes": [-0.07671008259057999, 0.9970534443855286, 2.2139033814772637e-16, 0, -2.220446049250313e-16, 1, 0.9970534443855286, 0.07671008259057999, 1.7033059982591855e-17]}, "segments": [21273, 17413, 14862, 45834, 2045, 10495, 53883, 64197, 47478, 3250, 543, 755, 553, 64409, 3376, 4755, 64481, 51804, 4399, 4974, 6597, 18488, 3115, 49824, 168, 236, 242, 268, 327, 575, 2178, 2977, 3470, 4200, 4235, 4266, 4284, 4295, 4302, 4303, 4305, 4320, 4337, 4343, 4368, 4380, 4390, 4391, 4392, 4450, 4458, 4462, 4477, 4506, 4521, 4550, 4557, 4645, 4908, 4991, 5229, 5233, 5256, 5614, 6282, 7287, 49797, 50260, 51518, 51521, 51531, 51543, 51658, 51689, 51774, 51950, 51978, 52331, 52400, 52490, 52534, 52579, 52599, 52605, 52638, 52644, 52649, 52653, 52783, 52788, 53027, 53087, 53126, 53136, 53137, 53140, 53143, 53152, 53175, 53237, 53365, 64276, 64293, 64296, 64299, 64338, 64351, 64353, 64357, 64624, 65309, 65160, 7041, 52436, 7142, 30590, 10541, 7935, 35293, 12475, 30438, 10204, 10179, 7870, 7900, 54125, 81, 187, 550, 805, 857, 2049, 2092, 2364, 2436, 2443, 2571, 2599, 2623, 2723, 2729, 2743, 2776, 2783, 2788, 2814, 2837, 2970, 3047, 3189, 3568, 3710, 3787, 3846, 3859, 3905, 3906, 3931, 3982, 4033, 4045, 4074, 4293, 4322, 4332, 4422, 4562, 4950, 5340, 5446, 5468, 5499, 5512, 5529, 5537, 5768, 5808, 6125, 7289, 7451, 7458, 7501, 7539, 7562, 8222, 8744, 8787, 8820, 8835, 8839, 8852, 10241, 10243, 10274, 10283, 10300, 10324, 10393, 10404, 10469, 10472, 10559, 11101, 11125, 11385, 11392, 11400, 11404, 11408, 11422, 11453, 11466, 11475, 11481, 11485, 11539, 11581, 11587, 11612, 11641, 11655, 11677, 11713, 11729, 11755, 11764, 11981, 11993, 12008, 12041, 12120, 12187, 12386, 12395, 12414, 12423, 12426, 12430, 12499, 12559, 12576, 12581, 12586, 12825, 12829, 12847, 12849, 13157, 13412, 13466, 13512, 13569, 13628, 13676, 13774, 13779, 13802, 13836, 13847, 13864, 13885, 13892, 13899, 13938, 13984, 13989, 14005, 14120, 14146, 14185, 14192, 14193, 14206, 14218, 14224, 14365, 14683, 14689, 14698, 14708, 14843, 15276, 15388, 15521, 15544, 15671, 15699, 15744, 15825, 15931, 16128, 16978, 16992, 17010, 17028, 17030, 17078, 17092, 17126, 17133, 17991, 19731, 19745, 19758, 19776, 21307, 24221, 25485, 25597, 25627, 30236, 30459, 30554, 30601, 30619, 30655, 30657, 30661, 38237, 38239, 38246, 38250, 38258, 38260, 38261, 38265, 38318, 38355, 38358, 38381, 38384, 38401, 38433, 38436, 38442, 38448, 38740, 38742, 40501, 40536, 40560, 43596, 43617, 43621, 43671, 43678, 43680, 43754, 43775, 44093, 44655, 44691, 47356, 47365, 47414, 47432, 47450, 47470, 47484, 47486, 47661, 47679, 49917, 51713, 52723, 52897, 52931, 52939, 52984, 52998, 53000, 53004, 53006, 53009, 53015, 53023, 53219, 53228, 53234, 53372, 53377, 53579, 53585, 53587, 53589, 53665, 53696, 53710, 53714, 53716, 53749, 53759, 53762, 53767, 53770, 53795, 53817, 53819, 53822, 53823, 53825, 53837, 53846, 53849, 53891, 53900, 53912, 53914, 53943, 53945, 53954, 53980, 53987, 53991, 54001, 54003, 54006, 54097, 54117, 54231, 54368, 54371, 54412, 54434, 55046, 55061, 55214, 56117, 56403, 56408, 56411, 56413, 56416, 56424, 57731, 57734, 57737, 58157, 58158, 58289, 58350, 60190, 60202, 60208, 60319, 60322, 60339, 60423, 60527, 60584, 60587, 60592, 60600, 60881, 62561, 62563, 62802, 62816, 64055, 64094, 64106, 64280, 64286, 64635, 65165, 12374, 64855, 52387, 349, 64086, 64092, 51357, 53318, 65328, 5290, 6668, 6448, 51302, 51150, 51196, 52369, 52374, 52308, 64645, 64649, 51726, 65132, 59988, 20552, 32388, 21994, 65876, 10736, 8047, 566, 56387, 56374, 14833, 12822, 5485, 9, 157, 261, 419, 601, 635, 660, 711, 7391, 8084, 10772, 10857, 12794, 14840, 20623, 21860, 22021, 22630, 22638, 22836, 23108, 23604, 23617, 32363, 32443, 32483, 32507, 32524, 33805, 33922, 50821, 53728, 54154, 55269, 49165], "label": "wardrobe"}, {"objectId": 8, "id": 8, "partId": 8, "index": 7, "dominantNormal": [0.09854280203580856, -0.9951328039169312, -2.2096387029367363e-16], "obb": {"axesLengths": [0.8826205717408282, 2.606429876243399, 0.19207259092742893], "centroid": [0.1263843585471791, 1.0055448748594056, -0.27321502162348477], "normalizedAxes": [0.9951328039169312, 0.09854280203580856, 2.1880897546246683e-17, 0, -2.220446049250313e-16, 1, 0.09854280203580856, -0.9951328039169312, -2.2096387029367363e-16]}, "segments": [41342, 32866, 24789, 45374], "label": "wall"}, {"objectId": 9, "id": 9, "partId": 9, "index": 8, "dominantNormal": [0.03046945109963417, -0.9995356798171997, -2.219415051334827e-16], "obb": {"axesLengths": [1.5462029651496314, 2.5515199329364306, 0.28477594444402526], "centroid": [-0.9599503708024976, 0.8138605781526533, -0.27224000886604216], "normalizedAxes": [0.9995356798171997, 0.03046945109963417, 6.76557723170083e-18, 0, -2.220446049250313e-16, 1, 0.03046945109963417, -0.9995356798171997, -2.219415051334827e-16]}, "segments": [56567, 62219, 43433, 56850, 31012, 34479, 63213, 42438, 43970, 63109, 26420, 26368, 26348, 49304, 59712, 31516, 31578, 36265, 36212, 36806, 36168, 59666, 63138, 41492, 42420, 34389, 18763, 25018, 27216, 27253, 27407, 29595, 29708, 29723, 29764, 29878, 29886, 29896, 30037, 30075, 30078, 30113, 30130, 30133, 30145, 30147, 30152, 30164, 30166, 30196, 30202, 30214, 30230, 30944, 30994, 31053, 31100, 31474, 31482, 31491, 31505, 33814, 33910, 34354, 34373, 34379, 34409, 34432, 34433, 34453, 34458, 34500, 34508, 34538, 34561, 34577, 34646, 34825, 34867, 34894, 34907, 35084, 35205, 35304, 35437, 35489, 35659, 35682, 35742, 36154, 36187, 36246, 36336, 36387, 36415, 36632, 36634, 36683, 36846, 37589, 41153, 41207, 41275, 41286, 41799, 42136, 42176, 43066, 43217, 43360, 43412, 43455, 43495, 43502, 43776, 43850, 43989, 44925, 49608, 49731, 55804, 55839, 55844, 56244, 56252, 56258, 56297, 56491, 56576, 56579, 56621, 56626, 56632, 56637, 56638, 56643, 57405, 57418, 57463, 57470, 57474, 57480, 57598, 57611, 57616, 57619, 57622, 57658, 57819, 57822, 58050, 58160, 59115, 59709, 59722, 59782, 61328, 61347, 61352, 61353, 61385, 61957, 61969, 61974, 62276, 62370, 62385, 62391, 62401, 62441, 62967, 62997, 63065, 63337, 34427, 56460, 34787, 30243, 30324, 35194, 36269, 57717, 46732, 63355, 57696, 35250, 56743, 56239], "label": "curtain"}, {"objectId": 10, "id": 10, "partId": 10, "index": 9, "dominantNormal": [0.9879330396652222, 0.15488144755363464, 3.439058983226376e-17], "obb": {"axesLengths": [0.29005801801217607, 0.21134369347966392, 0.201326107337011], "centroid": [-1.5064992351676685, 0.4389127758997706, -0.024328177455332778], "normalizedAxes": [-0.15488144755363464, 0.9879330396652222, 2.1936520148484954e-16, 0, -2.220446049250313e-16, 1, 0.9879330396652222, 0.15488144755363464, 3.439058983226376e-17]}, "segments": [54674, 43584, 54719, 15475, 18014, 18023, 18033, 18039, 18061, 18078, 18081, 43573, 54194, 54199, 54730, 54732, 60883, 61243], "label": "lamp"}, {"objectId": 11, "id": 11, "partId": 11, "index": 10, "dominantNormal": [0.013589137233793736, -0.9999076724052429, -2.220241040807298e-16], "obb": {"axesLengths": [1.9669157317926917, 2.607369960679784, 0.2791113256728353], "centroid": [-2.6150917136511214, 0.8035405333881849, -0.23368498367343182], "normalizedAxes": [0.9999076724052429, 0.013589137233793736, 3.017394608349763e-18, 0, -2.220446049250313e-16, 1, 0.013589137233793736, -0.9999076724052429, -2.220241040807298e-16]}, "segments": [33841, 59679, 34259, 6931, 8294, 8299, 8311, 8315, 9913, 10238, 11139, 11150, 14389, 14424, 14488, 14535, 18754, 18766, 18783, 18984, 25534, 27209, 27240, 27351, 33879, 33951, 34214, 35517, 35673, 36323, 37896, 37996, 37999, 52475, 52734, 52759, 53459, 53518, 53528, 54014, 54018, 54025, 54057, 54244, 55824, 57383, 57387, 59535, 60102, 19235, 59510, 35790, 35934, 18379, 13368, 15232, 17701, 16004, 16303, 52329, 52525], "label": "wall"}, {"objectId": 12, "id": 12, "partId": 12, "index": 11, "dominantNormal": [0.1327868103981018, -0.991144597530365, -2.2007831058220906e-16], "obb": {"axesLengths": [1.6669644281775458, 0.9133599792414903, 0.5531496141646626], "centroid": [-2.6548654726174203, 0.6225342621346979, -1.0666800221605597], "normalizedAxes": [0.991144597530365, 0.1327868103981018, 2.9484594854101555e-17, 0, -2.220446049250313e-16, 1, 0.1327868103981018, -0.991144597530365, -2.2007831058220906e-16]}, "segments": [1145, 23835, 23425, 1465, 23844, 7815, 16286, 54445, 23871, 29152], "label": "commode"}, {"objectId": 13, "id": 13, "partId": 13, "index": 12, "dominantNormal": [0.030438924208283424, -0.9995366334915161, -2.219417168917195e-16], "obb": {"axesLengths": [1.438977210215705, 0.7399999482929714, 0.21608573613493862], "centroid": [-2.5888611195712032, 0.7593065530987777, 0.15999995352759955], "normalizedAxes": [0.9995366334915161, 0.030438922345638275, 6.758798486580958e-18, 0, -2.220446049250313e-16, 1, 0.030438922345638275, -0.9995366334915161, -2.219417168917195e-16]}, "segments": [60109, 13611, 60033, 60059, 11270, 33298, 8530, 8374, 27858, 11211, 11319, 9825, 8647, 8650, 10093, 26151, 52724, 32181, 32729, 53464, 54639, 53574, 34192, 37914, 13741, 54035, 14478, 34078, 27288, 55833, 34072], "label": "shelf"}, {"objectId": 14, "id": 14, "partId": 14, "index": 13, "dominantNormal": [0.10828647017478943, -0.9941197037696838, -2.207389168717286e-16], "obb": {"axesLengths": [0.492709098148058, 0.6799999919533728, 0.049252702598126565], "centroid": [-2.185032702210098, 0.8373257562393459, -0.030000032390803177], "normalizedAxes": [0.9941197037696838, 0.10828647762537003, 2.404442814304853e-17, 0, -2.220446049250313e-16, 1, 0.10828647762537003, -0.9941197037696838, -2.207389168717286e-16]}, "segments": [10003], "label": "picture"}, {"objectId": 15, "id": 15, "partId": 15, "index": 14, "dominantNormal": [0.03580104187130928, -0.9993589520454407, -2.2190226368522318e-16], "obb": {"axesLengths": [0.42076863527624697, 0.49999995902180766, 0.038353764687143715], "centroid": [-2.999562840265173, 0.7964723678388259, 0.3999999502493443], "normalizedAxes": [0.9993589520454407, 0.03580104187130928, 7.949428198219373e-18, 0, -2.220446049250313e-16, 1, 0.03580104187130928, -0.9993589520454407, -2.2190226368522318e-16]}, "segments": [11167, 15868, 33547], "label": "picture"}, {"objectId": 16, "id": 16, "partId": 16, "index": 15, "dominantNormal": [0.031466614454984665, -0.999504804611206, -2.2193464946056586e-16], "obb": {"axesLengths": [3.566418490615832, 3.085949828789758, 0.3878125197088998], "centroid": [-1.6091113216337058, -3.708230013528481, 0.007024971406944136], "normalizedAxes": [0.999504804611206, 0.031466614454984665, 6.98699197498535e-18, 0, -2.220446049250313e-16, 1, 0.031466614454984665, -0.999504804611206, -2.2193464946056586e-16]}, "segments": [17301, 44046, 44008, 41617, 17227, 49087, 49093, 50136, 27488, 24917, 1762, 1919, 16360, 13452, 13257, 13449, 13510, 859, 54094, 2206, 1059, 1104, 1191, 1730, 2096, 2131, 6137, 6153, 6306, 6356, 6427, 6432, 6451, 6494, 6542, 6555, 6669, 8380, 8383, 8409, 8470, 8489, 9055, 9099, 9196, 9328, 9343, 9347, 9386, 9434, 9494, 9610, 9739, 9745, 9796, 9833, 9855, 9860, 9871, 9877, 10043, 10102, 12997, 13012, 13053, 13062, 16460, 16708, 17303, 17321, 25236, 25543, 25571, 25590, 25617, 25674, 25678, 27862, 28883, 34020, 41373, 41591, 41595, 41603, 45854, 45980, 45991, 46075, 46290, 46979, 47030, 47039, 47055, 47081, 47097, 47099, 47524, 47540, 48963, 50126, 50429, 50462, 50805, 50917, 50972, 50979, 51044, 51068, 51072, 51183, 51212, 51223, 51229, 51252, 51254, 51268, 51275, 51386, 51408, 51417, 51534, 51577, 51591, 51685, 51757, 51780, 51799, 51805, 51992, 52033, 52055, 52108, 52119, 52120, 52198, 52210, 52222, 52252, 52288, 52315, 52338, 52395, 52770, 52772, 52775, 53281, 53306, 53593, 53625, 53660, 55704, 57368, 61438, 63774, 64271, 64360, 64637, 64640, 64803, 64919, 64945, 64971, 64992, 65045, 65049, 65051, 65054, 65056, 65059, 65063, 65126, 65153, 65299, 65303, 65414, 65418, 65449, 66205, 66294, 66317, 66715, 66717, 66720, 66723, 6269, 1261, 4967, 6160, 6169, 6198, 6277, 6293, 6343, 6367, 6391, 6413, 6435, 6482, 6648, 43226, 43230, 43232, 47750, 50889, 50901, 50950, 51029, 51049, 51139, 52776, 53246, 53248, 53251, 53264, 53269, 53276, 53303, 62196, 64036, 64043, 65453, 65868, 15900, 47539, 43083, 60, 15413], "label": "wall"}, {"objectId": 17, "id": 17, "partId": 17, "index": 16, "dominantNormal": [0.18624457716941833, -0.9825034141540527, -2.1815958243333105e-16], "obb": {"axesLengths": [0.5034252767142027, 0.48363005033962275, 0.45370468483005527], "centroid": [-2.855802294263227, -3.4793186365413944, -1.2718150054065511], "normalizedAxes": [0.9825034141540527, 0.18624457716941833, 4.1354603557013e-17, 0, -2.220446049250313e-16, 1, 0.18624457716941833, -0.9825034141540527, -2.1815958243333105e-16]}, "segments": [17799, 19531, 19892, 55073, 19545, 55024, 55064, 19956, 25706, 25712, 55707, 18892], "label": "nightstand"}, {"objectId": 18, "id": 18, "partId": 18, "index": 17, "dominantNormal": [0.9456339478492737, 0.32523298263549805, 7.221622913788873e-17], "obb": {"axesLengths": [0.5437606536800551, 0.5746599307359768, 0.6476468543535304], "centroid": [-0.5413319869321634, -3.3813088800509177, -1.2573300041662903], "normalizedAxes": [0.9456339478492737, 0.32523298263549805, 7.221622913788873e-17, 0, -2.220446049250313e-16, 1, 0.32523298263549805, -0.9456339478492737, -2.0997291635388963e-16]}, "segments": [64323, 45267, 64306, 40165, 40492, 43699, 40537], "label": "nightstand"}, {"objectId": 19, "id": 19, "partId": 19, "index": 18, "dominantNormal": [-0.3240553140640259, -0.9460381269454956, -2.1006266214162919e-16], "obb": {"axesLengths": [0.5707582015467029, 0.9485600974732611, 0.42285046614552174], "centroid": [0.3015334130316514, 1.3668955238894478, 1.6042799868415285], "normalizedAxes": [0.9460381269454956, -0.3240553140640259, -7.195473418520357e-17, 0, -2.220446049250313e-16, 1, -0.3240553140640259, -0.9460381269454956, -2.1006266214162919e-16]}, "segments": [45705, 48477, 46474, 2250], "label": "wall"}, {"objectId": 20, "id": 20, "partId": 20, "index": 19, "dominantNormal": [0.9972071647644043, 0.07468491792678833, 1.6583383094912103e-17], "obb": {"axesLengths": [0.4996946363019408, 1.1399999751150611, 0.13037095428798423], "centroid": [0.5535228644081547, 0.7585624460783023, -0.36000003067716935], "normalizedAxes": [-0.07468491792678833, 0.9972071647644043, 2.2142447092852275e-16, 0, -2.220446049250313e-16, 1, 0.9972071647644043, 0.07468491792678833, 1.6583383094912103e-17]}, "segments": [17549, 65481, 1981, 17445, 39256], "label": "clothes"}, {"objectId": 21, "id": 21, "partId": 21, "index": 20, "dominantNormal": [0.997707724571228, 0.06767044216394424, 1.502585659539518e-17], "obb": {"axesLengths": [0.8590119263235801, 0.5800000001490113, 0.30744013533164527], "centroid": [0.418015522513455, 0.22672690802029916, 0.37999996976986505], "normalizedAxes": [-0.06767044216394424, 0.997707724571228, 2.2153561753307028e-16, 0, -2.220446049250313e-16, 1, 0.997707724571228, 0.06767044216394424, 1.502585659539518e-17]}, "segments": [49720, 42791, 41071, 44387, 44374, 44383, 44394, 62721, 49721, 62754, 47317, 40430, 47207, 49314, 64937, 49500, 49422, 64950, 65033, 64825, 64820, 42817, 49582, 49601, 64982], "label": "shelf"}, {"objectId": 23, "id": 23, "partId": 23, "index": 21, "dominantNormal": [0.9988479614257812, 0.04798730090260506, 1.0655321270337538e-17], "obb": {"axesLengths": [1.0716224154966796, 0.8734499020848442, 0.530713426074666], "centroid": [0.37444128991086445, 0.3441560642726027, -1.1169549891841046], "normalizedAxes": [-0.04798730090260506, 0.9988479614257812, 2.217888009749605e-16, 0, -2.220446049250313e-16, 1, 0.9988479614257812, 0.04798730090260506, 1.0655321270337538e-17]}, "segments": [26904, 31515, 26901, 26229, 26136, 28305, 28338, 31755, 55942, 55958, 28747, 36930, 56098, 57045, 36660, 37347, 27778, 57341, 27305, 28316, 26877, 55988, 28274, 28111, 28285, 28127, 28696, 28770, 55891, 37609, 33564, 39063, 28136, 36740], "label": "dressing table"}, {"objectId": 25, "id": 25, "partId": 25, "index": 22, "dominantNormal": [-0.16147635877132416, -0.9868766069412231, -2.191306262980193e-16], "obb": {"axesLengths": [0.03698032278091419, 0.019999980479479262, 0.0050848216397835514], "centroid": [0.5315313719336725, 0.5466835975761772, -0.7400000248657166], "normalizedAxes": [0.9868766069412231, -0.16147634387016296, -3.5854950979388836e-17, 0, -2.220446049250313e-16, 1, -0.16147634387016296, -0.9868766069412231, -2.191306262980193e-16]}, "segments": [28195], "label": "mirror"}, {"objectId": 26, "id": 26, "partId": 26, "index": 23, "dominantNormal": [0, -2.220446049250313e-16, 1], "obb": {"axesLengths": [0.7601010905369984, 0.5317350507139773, 0.6713543095131046], "centroid": [0.0973304302103215, 0.19091937650152935, -0.8977925299409215], "normalizedAxes": [-0.6037118434906006, 0.7972026467323303, 1.7701454673886959e-16, 0, -2.220446049250313e-16, 1, 0.7972026467323303, 0.6037118434906006, 1.3405095777643274e-16]}, "segments": [41508, 42087, 28076, 41983, 41995, 41999, 42005, 42131, 61670, 61674, 61676, 41452, 42196, 62614, 28072, 42026, 55899], "label": "chair"}, {"objectId": 27, "id": 27, "partId": 27, "index": 24, "dominantNormal": [0.3149539828300476, -0.9491069316864014, -2.1074407367791567e-16], "obb": {"axesLengths": [0.46601344030843117, 0.37999998673796664, 0.2120156694075466], "centroid": [0.11654111737504014, 1.0413506058462372, 0.01999996351137745], "normalizedAxes": [0.9491069316864014, 0.3149539828300476, 6.993383268706302e-17, 0, -2.220446049250313e-16, 1, 0.3149539828300476, -0.9491069316864014, -2.1074407367791567e-16]}, "segments": [32795, 56894, 56913, 42964, 32802, 32725, 32734, 32756, 32767, 32782, 32810, 32812, 46124, 46173, 52689, 56899, 56902, 56932, 56938, 56977, 56984, 54812, 31307, 31309], "label": "picture"}, {"objectId": 29, "id": 29, "partId": 29, "index": 25, "dominantNormal": [0, -2.220446049250313e-16, 1], "obb": {"axesLengths": [6.939032208831313, 1.5404399289092436, 4.714996626409185], "centroid": [-1.7253231227943253, -0.6895129102719071, 2.107009868335352], "normalizedAxes": [-0.23859906196594238, 0.971118152141571, 2.156315464278016e-16, 0, -2.220446049250313e-16, 1, 0.971118152141571, 0.23859906196594238, 5.297963444971074e-17]}, "segments": [15321, 63836, 14942, 14947, 14970, 15387, 15396, 52540, 17218, 40003, 40025, 31670, 12287, 32304, 32308, 32334, 32903, 32923, 50647, 56656, 56759, 62202, 63728, 18340, 21753, 21798, 18354, 19217, 20092, 20281, 21754, 21801, 38981, 55118, 63869, 64001, 42704, 42710, 42686, 20253, 63976, 39296, 63941, 63943, 45119, 38935, 63946, 14987, 10989, 10919, 10951, 44855, 44648, 44571, 1049, 1427, 1485, 1509, 1843, 1850, 1973, 2065, 2164, 2792, 4423, 4454, 4707, 4771, 4829, 5000, 5021, 5258, 5305, 5421, 6516, 6634, 7178, 7495, 15242, 15265, 15503, 31800, 31808, 33211, 33270, 38684, 38869, 39630, 40178, 40257, 40429, 44030, 44294, 44463, 45555, 45556, 45587, 46043, 46149, 46245, 46258, 46315, 46644, 46645, 46667, 46669, 46674, 47166, 47263, 47266, 47729, 47735, 48785, 52810, 52813, 52817, 52822, 53788, 53866, 61487, 61490, 61753, 61757, 61758, 61767, 62004, 1954, 3410, 5013, 5041, 5397, 5576, 5588, 5597, 5675, 5846, 5911, 6350, 6394, 6847, 7057, 7140, 7346, 7400, 7430, 7436, 7448, 7455, 7459, 7473, 7479, 7491, 7522, 7957, 8316, 8494, 8592, 8631, 8658, 8690, 8882, 8887, 8914, 9077, 9091, 9101, 9102, 9109, 9111, 9127, 9137, 9139, 9161, 9184, 9697, 9704, 12857, 15191, 24482, 24514, 24525, 24538, 24545, 24567, 33779, 36600, 52832, 52833, 52836, 52964, 52969, 52973, 52977, 53091, 53101, 53104, 53153, 53158, 53170, 55338, 55346, 55426, 55469, 55507, 55527, 55530, 55538, 55544, 55550, 1775, 2600, 2936, 2980, 3082, 3097, 3147, 3167, 3171, 3367, 5518, 5801, 5824, 7554, 8172, 52761, 52765, 52840, 52889, 6219, 15719, 15797, 5127, 3523, 3569, 5445, 5850, 10582, 33266, 45537, 48863, 48872, 52823, 52826, 62665, 7654, 15601, 15707, 15754, 15815, 16036, 16042, 16064, 16075, 46177, 46393, 46486, 46506, 48527, 48556, 48580, 48613, 48690, 48875, 48886, 54201, 54202, 54208, 62586, 62623, 62680, 15515, 15679, 47430, 47451, 10692, 9575, 48500, 36894, 43258, 45464, 48395, 48406, 48247, 30814, 26141, 26198, 41257, 31247, 917, 679, 683, 1015], "label": "ceiling"}, {"objectId": 31, "id": 31, "partId": 31, "index": 26, "dominantNormal": [0.9023946523666382, 0.43091052770614624, 9.5681357882548e-17], "obb": {"axesLengths": [0.3022535985122128, 0.3152159978028535, 0.27192539720342285], "centroid": [-1.5581567754760473, -2.61941697769092, 0.7413759641233977], "normalizedAxes": [-0.43091052770614624, 0.9023946523666382, 2.0037186407121114e-16, 0, -2.220446049250313e-16, 1, 0.9023946523666382, 0.43091052770614624, 9.5681357882548e-17]}, "segments": [55254, 20812, 22515, 20983, 20999, 22246, 55207, 22281], "label": "lamp"}, {"objectId": 32, "id": 32, "partId": 32, "index": 27, "dominantNormal": [0.9512394070625305, -0.3084534704685211, -6.849042898793758e-17], "obb": {"axesLengths": [0.3346331760704487, 0.23858996692471268, 0.2052566416441142], "centroid": [-1.7181614631536093, -2.970916247304287, 0.5770639478518667], "normalizedAxes": [0.3084534704685211, 0.9512394070625305, 2.1121757833032063e-16, 0, -2.220446049250313e-16, 1, 0.9512394070625305, -0.3084534704685211, -6.849042898793758e-17]}, "segments": [39436, 20907, 39470, 61088, 39431, 39467, 61102, 39468, 39502], "label": "lamp"}, {"objectId": 33, "id": 33, "partId": 33, "index": 28, "dominantNormal": [0.01841602846980095, 0.999830424785614, 2.220069516635479e-16], "obb": {"axesLengths": [0.21921097460312639, 0.29871993589282164, 0.24143258252253547], "centroid": [-1.3891048449214338, -2.921400493854363, 0.9501399164807802], "normalizedAxes": [0.01841602846980095, 0.999830424785614, 2.220069516635479e-16, 0, -2.220446049250313e-16, 1, 0.999830424785614, -0.01841602846980095, -4.0891797658650806e-18]}, "segments": [18209, 18168, 18176, 17884, 17924], "label": "lamp"}, {"objectId": 34, "id": 34, "partId": 34, "index": 29, "dominantNormal": [0.039717599749565125, -0.9992109537124634, -2.2186940145384768e-16], "obb": {"axesLengths": [0.43279336317066647, 0.23049300393850322, 0.15230995240477027], "centroid": [-2.2543248778256153, 0.7724510759791647, -0.6052465324229037], "normalizedAxes": [0.9992109537124634, 0.039717599749565125, 8.81907874496271e-18, 0, -2.220446049250313e-16, 1, 0.039717599749565125, -0.9992109537124634, -2.2186940145384768e-16]}, "segments": [18867, 17713, 19042, 18865, 54974], "label": "pile of books"}, {"objectId": 35, "id": 35, "partId": 35, "index": 30, "dominantNormal": [0, -2.220446049250313e-16, 1], "obb": {"axesLengths": [0.5086215148493711, 0.2147369932814612, 0.229383637631266], "centroid": [-2.9346355197579763, 0.7155143686745169, -0.6247575164075756], "normalizedAxes": [0.9961744546890259, 0.08738656342029572, 1.9403714950415755e-17, 0, -2.220446049250313e-16, 1, 0.08738656342029572, -0.9961744546890259, -2.2119516322783325e-16]}, "segments": [7743, 7805, 7759, 53348, 7595, 53381, 8937, 7812], "label": "item"}, {"objectId": 36, "id": 36, "partId": 36, "index": 31, "dominantNormal": [-0.039143938571214676, -0.999233603477478, -2.21874430711972e-16], "obb": {"axesLengths": [0.17986187507320067, 0.14900701905026237, 0.13515763903206066], "centroid": [-3.2601911771850576, 0.7051189372184334, -0.6355435130803997], "normalizedAxes": [0.999233603477478, -0.039143938571214676, -8.691700375255057e-18, 0, -2.220446049250313e-16, 1, -0.039143938571214676, -0.999233603477478, -2.21874430711972e-16]}, "segments": [6944, 52711, 19834, 18256], "label": "box"}, {"objectId": 41, "id": 41, "partId": 41, "index": 33, "dominantNormal": [0.9934061765670776, -0.11464820802211761, -2.545701605563391e-17], "obb": {"axesLengths": [0.6828679843950423, 0.3799999867379668, 0.221025940593491], "centroid": [0.5704681270793994, 0.2566077117609118, -0.6200000227795541], "normalizedAxes": [0.11464820802211761, 0.9934061765670776, 2.2058048200592265e-16, 0, -2.220446049250313e-16, 1, 0.9934061765670776, -0.11464820802211761, -2.545701605563391e-17]}, "segments": [26472, 19902, 27502, 19858, 54992, 55232, 28297], "label": "picture"}, {"objectId": 43, "id": 43, "partId": 43, "index": 35, "dominantNormal": [0.9722471833229065, 0.2339559644460678, 5.19486596952818e-17], "obb": {"axesLengths": [0.35558069499756123, 0.5848630536005704, 0.1163502224825953], "centroid": [-0.4881557347785791, -3.4807242641487575, -0.7775685336046997], "normalizedAxes": [-0.233955979347229, 0.9722471833229065, 2.1588224171040926e-16, 0, -2.220446049250313e-16, 1, 0.9722471833229065, 0.233955979347229, 5.194866300400425e-17]}, "segments": [46005, 45867, 45884, 45886, 45894, 45972, 46038, 46106, 63716, 63766, 63830, 63820, 46733, 64004, 46756], "label": "lamp"}, {"objectId": 45, "id": 45, "partId": 45, "index": 36, "dominantNormal": [0, -2.220446049250313e-16, 1], "obb": {"axesLengths": [0.4863824397770684, 0.26342999346338214, 0.5366283810084082], "centroid": [-2.2925736304332975, -2.701278021993022, -0.6869430111094641], "normalizedAxes": [0.8945673108100891, 0.4469332695007324, 9.923912125414268e-17, 0, -2.220446049250313e-16, 1, 0.4469332695007324, -0.8945673108100891, -1.9863384510767393e-16]}, "segments": [20704, 60930, 60961, 32599, 32635, 20709], "label": "pillow"}, {"objectId": 46, "id": 46, "partId": 46, "index": 37, "dominantNormal": [0, -2.220446049250313e-16, 1], "obb": {"axesLengths": [0.5757171250639822, 0.3245189713421694, 0.537671904171247], "centroid": [-2.2032149855965315, -2.9425813086616515, -0.6718155016152082], "normalizedAxes": [0.4744158983230591, 0.8803008198738098, 1.9546604776406125e-16, 0, -2.220446049250313e-16, 1, 0.8803008198738098, -0.4744158983230591, -1.0534149071329748e-16]}, "segments": [31850, 60899, 32647, 39050, 39025, 31952, 31909], "label": "pillow"}, {"objectId": 47, "id": 47, "partId": 47, "index": 38, "dominantNormal": [0, -2.220446049250313e-16, 1], "obb": {"axesLengths": [0.8085387056948303, 0.34000002577900795, 0.7575252640482028], "centroid": [-2.1168697035838346, -3.190335043127368, -0.6800000238226351], "normalizedAxes": [0.9989304542541504, -0.04623809829354286, -1.0266920268074489e-17, 0, -2.220446049250313e-16, 1, -0.04623809829354286, -0.9989304542541504, -2.2180711806244488e-16]}, "segments": [33326, 57130, 19367, 26543, 31227, 31984], "label": "pillow"}, {"objectId": 48, "id": 48, "partId": 48, "index": 39, "dominantNormal": [0, -2.220446049250313e-16, 1], "obb": {"axesLengths": [0.4572127013102514, 0.3195859718415295, 0.34461406234593245], "centroid": [-1.2038296137169846, -2.834873904574291, -0.6871790156951773], "normalizedAxes": [0.8698090314865112, -0.4933885335922241, -1.0955426201602594e-16, 0, -2.220446049250313e-16, 1, -0.4933885335922241, -0.8698090314865112, -1.931364027566465e-16]}, "segments": [42544, 23324, 28478, 42374, 61894], "label": "pillow"}, {"objectId": 49, "id": 49, "partId": 49, "index": 40, "dominantNormal": [-0.4817073941230774, -0.8763321042060852, -1.9458481586156156e-16], "obb": {"axesLengths": [0.6307645686590027, 0.3496559780167942, 0.32277724139932984], "centroid": [-1.322102419533474, -2.975242199958114, -0.6663810184469597], "normalizedAxes": [0.8763321042060852, -0.4817073941230774, -1.0696052801752507e-16, 0, -2.220446049250313e-16, 1, -0.4817073941230774, -0.8763321042060852, -1.9458481586156156e-16]}, "segments": [61861, 42539, 26724], "label": "pillow"}, {"objectId": 50, "id": 50, "partId": 50, "index": 41, "dominantNormal": [0, -2.220446049250313e-16, 1], "obb": {"axesLengths": [0.8165367821556094, 0.31977998495593685, 0.8371319504595905], "centroid": [-1.2633966656604432, -3.1728011133761997, -0.7101100247136503], "normalizedAxes": [0.9817100167274475, 0.1903824508190155, 4.22733960767675e-17, 0, -2.220446049250313e-16, 1, 0.1903824508190155, -0.9817100167274475, -2.1798341281519196e-16]}, "segments": [43550, 28635, 45390, 42393, 63400], "label": "pillow"}, {"objectId": 51, "id": 51, "partId": 51, "index": 42, "dominantNormal": [0, -2.220446049250313e-16, 1], "obb": {"axesLengths": [1.966990220448846, 0.41686992905579673, 2.06386936267307], "centroid": [-1.7634933044976453, -2.348499302496333, -0.8784349981107941], "normalizedAxes": [0.9958152770996094, -0.09138865023851395, -2.0292356736842697e-17, 0, -2.220446049250313e-16, 1, -0.09138865023851395, -0.9958152770996094, -2.2111540978189334e-16]}, "segments": [63567, 28447, 39918, 19160, 24462, 26204, 39925, 61249, 36319, 57630, 36371, 19175, 63438, 35618, 17853, 24468, 64743, 39844, 39782, 42510], "label": "blanket"}], "scan_id": "0cac7635-8d6f-2d13-8ea5-25f4dc197d1d", "annId": "4146", "appId": "stk.v1"}