{"segGroups": [{"objectId": 23, "id": 23, "partId": 23, "index": 0, "dominantNormal": [0, -2.220446049250313e-16, 1], "obb": {"axesLengths": [0.6557231980799296, 0.1918930368447369, 0.40843233915653454], "centroid": [1.5457608112161656, -0.06875681438430115, -0.745946500540976], "normalizedAxes": [0.9686295986175537, -0.24850888550281525, -5.518005730183245e-17, 0, -2.220446049250313e-16, 1, -0.24850888550281525, -0.9686295986175537, -2.1507897654372637e-16]}, "segments": [63726, 43899], "label": "sink"}, {"objectId": 24, "id": 24, "partId": 24, "index": 1, "dominantNormal": [0, -2.220446049250313e-16, 1], "obb": {"axesLengths": [1.0516863561912282, 0.8522447827701686, 0.9633462319039829], "centroid": [0.9699479968217846, -0.25913008154708095, -0.3838776133832875], "normalizedAxes": [0.969506025314331, -0.24506738781929016, -5.4415891308343714e-17, 0, -2.220446049250313e-16, 1, -0.24506738781929016, -0.969506025314331, -2.1527358236335804e-16]}, "segments": [21437, 47216, 10081, 10092, 10107, 10112, 10144, 10145, 10181, 10190, 10238, 10244, 10256, 10265, 10290, 10291, 10300, 21469, 21480, 21490, 21499, 21502, 21509, 32637, 32661, 40117, 40169, 41404, 41428, 53290, 53293, 53295, 53298, 55271, 58988, 58994, 59043, 59049, 59140, 63387, 63405, 63436, 32680, 10120, 28645, 29244, 29261, 32690, 40182, 40910, 40924, 40953, 40971, 40988, 41001, 41024, 41029, 41057, 41073, 41133, 41296, 41944, 43235, 43266, 43286, 43287, 59063, 63220, 63239, 63246, 63255, 63257, 63262, 64250, 7154, 43153, 43165, 43226, 43280, 64067, 41922, 31809, 41448, 43139, 43284, 63412, 64042, 64048, 28684, 11059, 27566, 27582, 27622, 27630, 27638, 28648, 28658, 28711, 31820, 31850, 32638, 37634, 58004, 58997, 59024, 59029, 59057, 59146, 59178, 59180, 59268, 59272, 58064, 21166, 7110, 7128, 21159, 27623, 28680, 28806, 31884, 32350, 32355, 32704, 32726, 32887, 36242, 36465, 36495, 37579, 37693, 47096, 47105, 47109, 55244, 58006, 58079, 58206, 58227, 58909, 58941, 58952, 65886, 65895, 65920, 65923, 65930, 65933, 65939, 65944, 66047], "label": "refrigerator"}, {"objectId": 25, "id": 25, "partId": 25, "index": 2, "dominantNormal": [0, -2.220446049250313e-16, 1], "obb": {"axesLengths": [0.5466958079803877, 0.23182102519673786, 0.4972845548842728], "centroid": [-0.030811020606813067, 1.146309148886036, -0.574253522062596], "normalizedAxes": [0.9697864055633545, 0.24395567178726196, 5.416904076122319e-17, 0, -2.220446049250313e-16, 1, 0.24395567178726196, -0.9697864055633545, -2.1533583928498123e-16]}, "segments": [26902, 56981, 25090, 25161, 25162, 25204, 25206, 25222, 25230, 26871, 56516, 56518, 56519, 56572, 56959, 25053, 24851, 25262, 56502, 56584, 26767, 56958, 57017, 26910, 25258], "label": "microwave"}, {"objectId": 26, "id": 26, "partId": 26, "index": 3, "dominantNormal": [-0.37884923815727234, -0.9254584312438965, -2.0549305174009025e-16], "obb": {"axesLengths": [0.3841149030771146, 0.2796519932228625, 0.2531300672736413], "centroid": [-0.4336756050695718, 0.9682639466769314, -0.5340250219995157], "normalizedAxes": [0.9254584312438965, -0.37884923815727234, -8.412142941278063e-17, 0, -2.220446049250313e-16, 1, -0.37884923815727234, -0.9254584312438965, -2.0549305174009025e-16]}, "segments": [45668, 26197, 18322, 17847, 17980, 18311, 54787, 54800, 17686, 17742, 18064, 17779, 17845, 26229, 56481], "label": "kettle"}, {"objectId": 27, "id": 27, "partId": 27, "index": 4, "dominantNormal": [0, -2.220446049250313e-16, 1], "obb": {"axesLengths": [0.2830336629327035, 0.14082902355129212, 0.1935624209749477], "centroid": [0.49742570010324694, 1.249726151460216, -0.6163944967151922], "normalizedAxes": [0.7504727840423584, -0.6609013676643372, -1.467495830774406e-16, 0, -2.220446049250313e-16, 1, -0.6609013676643372, -0.7504727840423584, -1.666384328396738e-16]}, "segments": [27063, 27061, 57351], "label": "towel"}, {"objectId": 28, "id": 28, "partId": 28, "index": 5, "dominantNormal": [0, -2.220446049250313e-16, 1], "obb": {"axesLengths": [1.0075753054284058, 0.5061840003836747, 0.8174106645453603], "centroid": [0.7825766062918953, 1.694437477003447, -0.6630920079404419], "normalizedAxes": [0.8715163469314575, 0.49036645889282227, 1.0888322663334333e-16, 0, -2.220446049250313e-16, 1, 0.49036645889282227, -0.8715163469314575, -1.93515502940102e-16]}, "segments": [59072, 22192, 41711, 41701, 55593, 23833, 21217, 57494, 8920, 27303, 57598, 57847, 27329, 20712, 50452, 57859, 22317, 20551, 20805, 57232, 8730, 8336, 8376, 8410, 8484, 8489, 8544, 8561, 8593, 8603, 8627, 8748, 8766, 8788, 8927, 8961, 9002, 9006, 9035, 9072, 9081, 9119, 9134, 9190, 9345, 13203, 13209, 13218, 13243, 13274, 13297, 13305, 13318, 13322, 13323, 13339, 13433, 13436, 13437, 13460, 13481, 13498, 20539, 20569, 20575, 20579, 20617, 20622, 20636, 20638, 20647, 20661, 20664, 20672, 20674, 20696, 20731, 20733, 20746, 20750, 20766, 20784, 20797, 20806, 20819, 20823, 20907, 20915, 20935, 21001, 21002, 22237, 22246, 22264, 22275, 22283, 22288, 22292, 22319, 22330, 22357, 23782, 23830, 23874, 24430, 24564, 24578, 24596, 24611, 24633, 27287, 27345, 27376, 27398, 27406, 27431, 27440, 27504, 27537, 42303, 49924, 51152, 51175, 51179, 51187, 51208, 51210, 51217, 51219, 51300, 51456, 51515, 52859, 52863, 52865, 52875, 52882, 52916, 53027, 53049, 53052, 53950, 54076, 55102, 55135, 55137, 55175, 55185, 55192, 55197, 55216, 55576, 55585, 55651, 55654, 55659, 55660, 56252, 56402, 56406, 56408, 56414, 56421, 57477, 57509, 57519, 57625, 57701, 57789, 57873, 57875, 63629, 63632, 65546, 65549, 65555, 65870, 65872, 65901, 65916, 65973, 66050, 66515], "label": "stove"}, {"objectId": 29, "id": 29, "partId": 29, "index": 6, "dominantNormal": [0.6040332317352295, -0.7969591617584229, -1.7696048221403312e-16], "obb": {"axesLengths": [0.6271199034203206, 0.4632699386044603, 0.4434769766823219], "centroid": [1.6678057468781737, 2.409789673379345, -1.3428850078682975], "normalizedAxes": [0.7969591617584229, 0.6040332317352295, 1.3412232030223892e-16, 0, -2.220446049250313e-16, 1, 0.6040332317352295, -0.7969591617584229, -1.7696048221403312e-16]}, "segments": [49631, 45188, 68167, 50372, 44372, 45491, 46026, 49667, 50416, 50430, 50481, 50484, 50538, 50685, 50703, 62924, 62928, 62956, 67645, 68199, 68232, 69747, 69831, 68506, 45984, 3782, 44273, 44298, 45235, 45548, 45575, 45985, 46100, 50482, 50770, 52436, 65543, 65544, 68202, 68428, 68568, 6151, 50556, 65567, 65570, 68378, 68410, 68426, 68433, 68605, 68318, 5633, 5670, 5722, 46073, 50607, 67642, 68401, 68421, 68521, 68548, 50715, 50765, 67634, 45403, 6346], "label": "box"}, {"objectId": 30, "id": 30, "partId": 30, "index": 7, "dominantNormal": [0.22387491166591644, -0.9746178984642029, -2.164086462173482e-16], "obb": {"axesLengths": [0.30410882339199524, 0.2441149895463511, 0.21591102860252329], "centroid": [1.229661121074948, 2.2480427175538846, -0.6279425089521151], "normalizedAxes": [0.9746178984642029, 0.22387489676475525, 4.971021300476225e-17, 0, -2.220446049250313e-16, 1, 0.22387489676475525, -0.9746178984642029, -2.164086462173482e-16]}, "segments": [63274, 42498, 8946, 63291, 63331], "label": "item"}, {"objectId": 31, "id": 31, "partId": 31, "index": 8, "dominantNormal": [0, -2.220446049250313e-16, 1], "obb": {"axesLengths": [0.31013860200136684, 0.06674396842545324, 0.26161899485026585], "centroid": [1.5725173613477574, 2.026457798590453, -0.6390529933038438], "normalizedAxes": [0.9530195593833923, -0.30290883779525757, -6.725927321654836e-17, 0, -2.220446049250313e-16, 1, -0.30290883779525757, -0.9530195593833923, -2.1161285154911276e-16]}, "segments": [46759], "label": "towel"}, {"objectId": 32, "id": 32, "partId": 32, "index": 9, "dominantNormal": [0, -2.220446049250313e-16, 1], "obb": {"axesLengths": [0.9260175360294461, 0.4828609716252763, 0.645466572173116], "centroid": [1.686134740265018, 0.1409975348872392, -0.9085694851300984], "normalizedAxes": [0.9160895347595215, 0.40097373723983765, 8.903405507073306e-17, 0, -2.220446049250313e-16, 1, 0.40097373723983765, -0.9160895347595215, -2.0341273882163368e-16]}, "segments": [40383, 43553, 64574, 43794, 40505, 63925, 66429, 40533, 41431, 43844, 41061, 40515, 40543, 40548, 40584, 40613, 40635, 40904, 40925, 40993, 41011, 41020, 41109, 41243, 41264, 41424, 41613, 41642, 42430, 42437, 42444, 42518, 42639, 42650, 42656, 42744, 42761, 42777, 43000, 43036, 43045, 43878, 43928, 44012, 44081, 44197, 44259, 44833, 45075, 47598, 47602, 47605, 47608, 61141, 61145, 61196, 62930, 63694, 63716, 63878, 63883, 63885, 63888, 63920, 64038, 64039, 64706, 64754, 64760, 64786, 64789, 64792, 64806, 64808, 66384, 66387, 43760, 64624, 40609, 64838, 4780, 2807, 3196, 4741, 4804, 4834, 4902, 4904, 4931, 4942, 4953, 40568, 40572, 40651, 40717, 41185, 41670, 42613, 42626, 43875, 43913, 43961, 43976, 44065, 44071, 44112, 52311, 61157, 64589, 64592, 64599, 64607, 64752, 64800, 64802, 41014, 64715, 42363, 40661], "label": "sink"}, {"objectId": 33, "id": 33, "partId": 33, "index": 10, "dominantNormal": [0, -2.220446049250313e-16, 1], "obb": {"axesLengths": [0.28802815253851327, 0.11249899612741934, 0.26771450250221257], "centroid": [2.2135794676331377, 0.3452959033342684, -0.6186274952748236], "normalizedAxes": [0.8066645264625549, 0.5910095572471619, 1.3123048364586373e-16, 0, -2.220446049250313e-16, 1, 0.5910095572471619, -0.8066645264625549, -1.7911550608541547e-16]}, "segments": [2737, 53412, 8081, 2708], "label": "bowl"}, {"objectId": 34, "id": 34, "partId": 34, "index": 11, "dominantNormal": [0.8185157775878906, 0.5744839906692505, 1.275610707439091e-16], "obb": {"axesLengths": [0.20755755692683048, 0.20262300515272447, 0.19157601097187466], "centroid": [2.115523547693273, 0.2663668480510557, -0.6486885011489283], "normalizedAxes": [-0.5744839906692505, 0.8185158371925354, 1.8174702569429777e-16, 0, -2.220446049250313e-16, 1, 0.8185158371925354, 0.5744839906692505, 1.275610707439091e-16]}, "segments": [4649, 4771, 4778, 52294, 52481, 52487, 2718, 2714], "label": "bowl"}, {"objectId": 35, "id": 35, "partId": 35, "index": 12, "dominantNormal": [0.9897464513778687, -0.14283540844917297, -3.171583183840209e-17], "obb": {"axesLengths": [0.18653379757079766, 0.2841309841543958, 0.12719607849496786], "centroid": [2.4079860899310463, 0.8858114836223979, -0.5479345106050115], "normalizedAxes": [0.14283540844917297, 0.9897464513778687, 2.1976785977215055e-16, 0, -2.220446049250313e-16, 1, 0.9897464513778687, -0.14283540844917297, -3.171583183840209e-17]}, "segments": [1575, 1635, 1607, 53452], "label": "kitchen appliance"}, {"objectId": 36, "id": 36, "partId": 36, "index": 13, "dominantNormal": [0.4496772587299347, -0.8931910991668701, -1.9832826473706214e-16], "obb": {"axesLengths": [1.3322632758432322, 1.0999999694526197, 0.4104907152679115], "centroid": [4.238787933042872, 1.4621430225663599, -0.08000001691281833], "normalizedAxes": [0.8931910991668701, 0.4496772587299347, 9.984840925845943e-17, 0, -2.220446049250313e-16, 1, 0.4496772587299347, -0.8931910991668701, -1.9832826473706214e-16]}, "segments": [39232, 65836, 19464, 34884, 46286, 46562, 46946, 46956, 46986, 63462, 63464, 65729, 39250, 837, 63444, 400, 48446, 26, 97, 134, 155, 211, 219, 224, 251, 344, 409, 439, 464, 509, 534, 539, 544, 579, 18579, 45799, 46429, 48364, 48386, 48437, 51851, 51854, 51860, 51862, 51984, 51986, 51992, 51996, 52002, 62453, 63453, 66829, 66852, 66890, 66892, 66899, 66902, 77, 382, 304, 333, 19097, 48442, 51875, 51876, 51938, 51971, 51978, 454, 320, 338, 367, 263, 355, 365, 51906, 51911, 46353], "label": "window"}, {"objectId": 40, "id": 40, "partId": 40, "index": 16, "dominantNormal": [0, -2.220446049250313e-16, 1], "obb": {"axesLengths": [0.6329849391594288, 0.34346996970169297, 0.5935022510411705], "centroid": [3.6942191506746864, 2.741220575983501, -1.241735033875666], "normalizedAxes": [0.7219495177268982, 0.6919457316398621, 1.536428166115349e-16, 0, -2.220446049250313e-16, 1, 0.6919457316398621, -0.7219495177268982, -1.60304995439486e-16]}, "segments": [19694, 19004, 21117, 23460, 37659, 37483, 51813, 56001, 56007, 62668, 62672, 37586, 25901, 16869, 23801, 25878, 25898, 25904, 25913, 25915, 25943, 30063, 31003, 55555, 55565, 46923, 36870, 55987, 51833], "label": "chair"}, {"objectId": 41, "id": 41, "partId": 41, "index": 17, "dominantNormal": [0, -2.220446049250313e-16, 1], "obb": {"axesLengths": [0.6388043388073049, 0.23281990961387958, 0.532645463879251], "centroid": [3.6006908572648157, 2.1231694787498423, -1.1864100038317593], "normalizedAxes": [0.8901435136795044, -0.45568031072616577, -1.0118135456730699e-16, 0, -2.220446049250313e-16, 1, -0.45568031072616577, -0.8901435136795044, -1.9765156482154476e-16]}, "segments": [56301, 24241, 7359, 882, 899, 52786, 24298, 24256, 56330, 24307, 24272, 24344], "label": "chair"}, {"objectId": 43, "id": 43, "partId": 43, "index": 18, "dominantNormal": [-0.33865687251091003, -0.9409099221229553, -2.089239719278336e-16], "obb": {"axesLengths": [0.5769817901445445, 0.5410199640463298, 0.33953901038641193], "centroid": [3.8001848153872206, 2.4211623695936937, -0.73949000635393], "normalizedAxes": [0.9409099221229553, -0.3386569023132324, -7.519693807927661e-17, 0, -2.220446049250313e-16, 1, -0.3386569023132324, -0.9409099221229553, -2.089239719278336e-16]}, "segments": [25297, 28914, 28878, 25838, 25858], "label": "box"}, {"objectId": 44, "id": 44, "partId": 44, "index": 19, "dominantNormal": [0.8556026816368103, -0.5176331400871277, -1.1493764608674965e-16], "obb": {"axesLengths": [0.4210957688035349, 0.22285502650912795, 0.19413757042003776], "centroid": [3.6981723430419775, 2.1135082869165913, -0.7585724925568895], "normalizedAxes": [0.5176331400871277, 0.8556026816368103, 1.8998195941684288e-16, 0, -2.220446049250313e-16, 1, 0.8556026816368103, -0.5176331400871277, -1.1493764608674965e-16]}, "segments": [61299, 49683, 49413, 65630], "label": "pack"}, {"objectId": 45, "id": 45, "partId": 45, "index": 20, "dominantNormal": [0.8949933052062988, 0.4460796117782593, 9.904957116241492e-17], "obb": {"axesLengths": [0.2395254943325409, 0.30652301818453465, 0.20439085310665767], "centroid": [3.203054175065297, 2.192397123697358, -0.8279375155731105], "normalizedAxes": [-0.44607964158058167, 0.8949933052062988, 1.987284348650806e-16, 0, -2.220446049250313e-16, 1, 0.8949933052062988, 0.44607964158058167, 9.904957777985982e-17]}, "segments": [27809, 24211, 14583, 27762, 14598], "label": "jar"}, {"objectId": 46, "id": 46, "partId": 46, "index": 21, "dominantNormal": [0, -2.220446049250313e-16, 1], "obb": {"axesLengths": [0.14497117663883827, 0.14188199918235833, 0.15628676063388114], "centroid": [3.1991471146232393, 2.0685880812363804, -0.7790590257407947], "normalizedAxes": [0.8815957307815552, -0.47200527787208557, -1.0480622544763686e-16, 0, -2.220446049250313e-16, 1, -0.47200527787208557, -0.8815957307815552, -1.9575357574498468e-16]}, "segments": [58113, 27753], "label": "jar"}, {"objectId": 1, "id": 1, "partId": 1, "index": 23, "dominantNormal": [0, -2.220446049250313e-16, 1], "obb": {"axesLengths": [6.561364629726039, 0.3600000062584871, 4.2582935927851455], "centroid": [1.1881837086927285, 1.634560749556482, -1.5699999782443046], "normalizedAxes": [0.7401914000511169, 0.672396183013916, 1.4930194481042403e-16, 0, -2.220446049250313e-16, 1, 0.672396183013916, -0.7401914000511169, -1.6435550699325606e-16]}, "segments": [7019, 22089, 38448, 33030, 33309, 28849, 34219, 32031, 68976, 44451, 44430, 50124, 29882, 26689, 3865, 3902, 3907, 3944, 3961, 3986, 4409, 4457, 5151, 5341, 5966, 5972, 5973, 5976, 5979, 5985, 5990, 6021, 6029, 6033, 7485, 7519, 7522, 7534, 7552, 7578, 7581, 7591, 7595, 7774, 7797, 7823, 7826, 7842, 7883, 7911, 7917, 7933, 7935, 7938, 7942, 7980, 8114, 8127, 8133, 8146, 10762, 10763, 10773, 10779, 11065, 11084, 11090, 11092, 11848, 11863, 11946, 11968, 11991, 11997, 12004, 12007, 12050, 12055, 12078, 12079, 15462, 16153, 16196, 16200, 16205, 16271, 19845, 19848, 22833, 23794, 25767, 25777, 25802, 25816, 26389, 26394, 26405, 26428, 26430, 26431, 26438, 26455, 26464, 26691, 26694, 26704, 26708, 26727, 28741, 29271, 29278, 29295, 29301, 29328, 29343, 29353, 29357, 29370, 29381, 29389, 29393, 29402, 29423, 29430, 29474, 29507, 29512, 29521, 29528, 29548, 29550, 29927, 29933, 29936, 29940, 30013, 30017, 30035, 30773, 30779, 30789, 31022, 31027, 31409, 31474, 31475, 31517, 31903, 31911, 33062, 33178, 34144, 34159, 34160, 34171, 34195, 34200, 34220, 34226, 34271, 34285, 34294, 34301, 34309, 34316, 34332, 34340, 34355, 34373, 34387, 34409, 34424, 34432, 34457, 34483, 34501, 34505, 34536, 34539, 34557, 34558, 36024, 36048, 36055, 36064, 36070, 36073, 36075, 36078, 36137, 36140, 36153, 36155, 36167, 36205, 36211, 36217, 36221, 36222, 36258, 36281, 36294, 36300, 36304, 36307, 36323, 36349, 36350, 36351, 36355, 36391, 36394, 36418, 36421, 36561, 36711, 37337, 37338, 38103, 38167, 38171, 38656, 38791, 38813, 38822, 42281, 43540, 43545, 43584, 43592, 43632, 43641, 43690, 44463, 44472, 44480, 44493, 44510, 44512, 44528, 44531, 44602, 44611, 44613, 44618, 44640, 44645, 44649, 44682, 44688, 44720, 44750, 44757, 44854, 45128, 45398, 45532, 45554, 46152, 46187, 46397, 46437, 46438, 46469, 47626, 48043, 48124, 48129, 48136, 48202, 48217, 48279, 48598, 48648, 48714, 48931, 49420, 49425, 49440, 49455, 49464, 49484, 49489, 49492, 49504, 49511, 49531, 49540, 49547, 49561, 49570, 49699, 49705, 49766, 49813, 49826, 49828, 49851, 49878, 50049, 50162, 50184, 50194, 50199, 50207, 50215, 50227, 50258, 50276, 50285, 50307, 50321, 50333, 50764, 50820, 50961, 51022, 51031, 51041, 51101, 51122, 51193, 51197, 51222, 51238, 51283, 51307, 52610, 52622, 52623, 52625, 52796, 52800, 52803, 52810, 52814, 52816, 52838, 53607, 53610, 53620, 54728, 54733, 54929, 54934, 54943, 55067, 55552, 56474, 56880, 56884, 56889, 56894, 56905, 58202, 58273, 58277, 58280, 58283, 58287, 58293, 58297, 58451, 58458, 58471, 58473, 58476, 58478, 58484, 59740, 59742, 59751, 59753, 59765, 59773, 59779, 59781, 59815, 59820, 59824, 61025, 61028, 61065, 61112, 61115, 61119, 61136, 61148, 61202, 61206, 61247, 61256, 61293, 61733, 61845, 61847, 61851, 62140, 62354, 62358, 63627, 64924, 64931, 64944, 65014, 65018, 65561, 65563, 66572, 66746, 66932, 66945, 66952, 66977, 66989, 67614, 67649, 67654, 67657, 67753, 67757, 67762, 67765, 67768, 67770, 67776, 67785, 67788, 67796, 67800, 67874, 67985, 68014, 68193, 68197, 68255, 69131, 69363, 69555, 69752, 69907, 44722, 68147, 44637, 29572, 30059, 58303, 58321, 68095, 4515, 20291, 48600, 19640], "label": "floor"}, {"objectId": 2, "id": 2, "partId": 2, "index": 24, "dominantNormal": [0.5841248631477356, -0.811663806438446, -1.8022556923257184e-16], "obb": {"axesLengths": [5.055975205419119, 2.4738599701108037, 0.23958946776317946], "centroid": [2.8027283092660675, 0.6013931240231651, -0.38693000070162187], "normalizedAxes": [0.811663806438446, 0.5841248631477356, 1.2970177446452693e-16, 0, -2.220446049250313e-16, 1, 0.5841248631477356, -0.811663806438446, -1.8022556923257184e-16]}, "segments": [5948, 59435, 42004, 34010, 34069, 1062, 1070, 1148, 2045, 2518, 4693, 9528, 21646, 22763, 22785, 22811, 22813, 22818, 23405, 33504, 36470, 43082, 44829, 47709, 47713, 52050, 52052, 52055, 53392, 55745, 55754, 55980, 55984, 59680, 59717, 66583, 36518, 34680, 33461, 4719, 9506, 21966], "label": "wall"}, {"objectId": 3, "id": 3, "partId": 3, "index": 25, "dominantNormal": [0.8142269849777222, 0.5805466175079346, 1.289072443251126e-16], "obb": {"axesLengths": [1.4134115913486056, 2.299999900907279, 0.11067089249629343], "centroid": [-1.098245174494794, -0.6459533199621328, -0.500000009313226], "normalizedAxes": [-0.5805466175079346, 0.8142269849777222, 1.8079470919867772e-16, 0, -2.220446049250313e-16, 1, 0.8142269849777222, 0.5805466175079346, 1.289072443251126e-16]}, "segments": [16585, 11398, 10974, 36944, 12507, 37859], "label": "wall"}, {"objectId": 4, "id": 4, "partId": 4, "index": 26, "dominantNormal": [0.8078006505966187, 0.589455783367157, 1.3088547653853521e-16], "obb": {"axesLengths": [3.032631608632895, 2.5176898870388436, 0.15834904036036443], "centroid": [3.978411967470601, 3.2765323839974174, -0.36884499820668304], "normalizedAxes": [-0.589455783367157, 0.8078006505966187, 1.7936777631990944e-16, 0, -2.220446049250313e-16, 1, 0.8078006505966187, 0.589455783367157, 1.3088547653853521e-16]}, "segments": [23592, 11209, 55956, 5264, 21823, 24221, 27194, 27218, 27323, 27361, 32221, 43759, 27486, 26475, 37850, 10900], "label": "wall"}, {"objectId": 5, "id": 5, "partId": 5, "index": 27, "dominantNormal": [0.5576947331428528, -0.8300461173057556, -1.843072621867127e-16], "obb": {"axesLengths": [2.48990055097425, 0.8605330096066066, 0.39410195143539983], "centroid": [0.46652815417166615, 1.6101562586736238, 0.1602664796203408], "normalizedAxes": [0.8300461173057556, 0.5576947331428528, 1.238331066894755e-16, 0, -2.220446049250313e-16, 1, 0.5576947331428528, -0.8300461173057556, -1.843072621867127e-16]}, "segments": [31198, 28491, 42062, 63071, 14525, 11238, 11282, 13967, 14503, 14527, 14543, 14566, 14868, 14873, 16995, 17090, 17133, 17160, 17199, 17267, 17346, 17363, 17368, 17374, 17387, 17445, 17465, 17483, 18455, 22545, 22573, 22626, 22640, 22645, 22706, 22707, 22716, 22726, 23513, 23539, 23583, 23598, 23635, 23648, 23649, 23731, 24122, 24138, 24147, 24159, 24392, 25441, 26595, 26608, 26617, 31789, 32499, 37094, 37186, 39385, 40798, 40801, 54443, 54569, 54740, 54745, 55695, 55699, 55782, 56055, 56190, 56193, 56196, 56199, 56203, 56261, 56263, 56268, 56278, 56288, 56296, 56363, 56365, 56368, 56371, 58630, 40067, 10896, 31156, 22514, 13897, 22614, 54476, 10545, 10574, 13912, 13927, 14010, 14040, 14045, 14046, 14059, 14482, 17054, 17179, 17319, 22611, 22677, 23094, 23102, 23112, 23126, 23151, 23160, 23174, 23191, 23205, 23209, 23211, 23212, 23235, 23249, 23257, 23265, 23310, 23587, 23636, 24639, 25369, 29232, 32512, 32543, 36992, 37014, 37041, 37044, 37048, 37058, 37083, 37107, 37152, 37157, 37185, 37219, 37223, 37281, 37283, 40816, 42044, 54437, 54454, 54499, 55694, 55702, 55712, 55719, 55728, 55734, 55758, 55763, 55765, 55768, 55800, 55861, 56116, 58983, 61439, 61488, 61492, 61517, 61566, 61645, 63216, 62978, 17512, 61569, 17423, 32510, 40065, 29173, 63026, 27961, 14484], "label": "kitchen cabinet"}, {"objectId": 6, "id": 6, "partId": 6, "index": 28, "dominantNormal": [0.5956198573112488, -0.8032664656639099, -1.783609850178691e-16], "obb": {"axesLengths": [2.873700321377064, 2.1702600232453633, 0.30861076028954704], "centroid": [0.5216335782455219, 1.861631630455845, -0.23513002726890142], "normalizedAxes": [0.8032664656639099, 0.5956198573112488, 1.3225417590217976e-16, 0, -2.220446049250313e-16, 1, 0.5956198573112488, -0.8032664656639099, -1.783609850178691e-16]}, "segments": [46935, 65427, 19676, 27694, 10323, 14094, 17954, 40108, 41751, 46274, 65435, 44346, 41831], "label": "wall"}, {"objectId": 7, "id": 7, "partId": 7, "index": 29, "dominantNormal": [0.8020576238632202, 0.5972466468811035, 1.326153957495143e-16], "obb": {"axesLengths": [2.4848169082633036, 2.4279800110761807, 0.34005337663150303], "centroid": [0.0958638231071034, 0.03235697770269219, -0.36399002118431056], "normalizedAxes": [-0.5972466468811035, 0.8020576238632202, 1.780925682178181e-16, 0, -2.220446049250313e-16, 1, 0.8020576238632202, 0.5972466468811035, 1.326153957495143e-16]}, "segments": [12242, 33658, 13134, 21167, 32379, 29646, 11037, 18278, 18320, 20482, 25525, 25951, 25981, 25994, 26002, 26012, 26014, 26019, 26025, 26060, 26062, 26085, 30271, 32890, 32930, 32960, 32962, 33075, 34106, 35367, 35751, 36503, 39440, 52769, 54439, 55863, 55873, 55876, 56805, 56808, 58249, 58644, 59870, 60142, 61650], "label": "wall"}, {"objectId": 8, "id": 8, "partId": 8, "index": 30, "dominantNormal": [0.6764501333236694, -0.736488401889801, -1.6353327622948855e-16], "obb": {"axesLengths": [2.6496014312892537, 0.9399999617040165, 0.5727743835071737], "centroid": [1.681968300756768, -0.07263792727256102, 0.2399999613314865], "normalizedAxes": [0.736488401889801, 0.6764501333236694, 1.5020210260533893e-16, 0, -2.220446049250313e-16, 1, 0.6764501333236694, -0.736488401889801, -1.6353327622948855e-16]}, "segments": [1195, 1422, 1430, 1707, 1720, 1726, 1833, 1909, 1911, 1931, 1974, 52112, 7691, 1230, 1782, 1447, 1500, 1526, 1732, 1929, 2093, 2376, 32159, 39758, 28413, 28542, 32055, 32064, 32072, 32078, 32090, 32100, 32101, 32112, 32256, 43320, 43335, 43339, 43354, 43388, 58968, 64319, 64320, 43486, 2473, 2314, 2316, 2324, 2459, 43453, 43587, 36438, 58653, 35115, 6883, 60786, 60883, 58776, 59879, 60719, 59872, 2328, 2455, 2513, 6578, 6592, 6654, 6662, 6663, 6678, 6681, 6684, 6735, 6761, 6775, 6780, 6791, 6796, 6801, 6803, 6814, 6851, 6856, 6859, 6863, 6879, 6905, 7187, 28551, 28565, 31114, 31151, 31202, 31211, 31218, 31260, 31553, 31600, 31627, 32128, 32216, 32278, 32289, 32290, 33599, 33630, 34829, 34841, 34845, 34854, 35032, 35109, 35121, 35145, 35146, 35155, 35175, 35179, 35182, 35188, 35191, 35196, 35201, 35203, 35209, 35245, 35277, 35289, 35358, 35370, 35381, 35393, 35417, 35424, 35430, 35438, 35468, 35475, 35592, 35595, 35738, 35760, 43558, 43603, 46929, 47017, 47021, 52684, 52686, 52687, 52709, 52711, 52712, 52726, 52756, 58635, 58638, 58779, 58836, 58980, 59602, 59696, 59700, 59707, 59712, 59902, 59904, 59912, 59992, 59996, 59998, 60171, 60901, 60935, 60937, 64322, 64324, 65879, 65884, 35683, 2245, 52131, 52275, 52265], "label": "kitchen cabinet"}, {"objectId": 9, "id": 9, "partId": 9, "index": 31, "dominantNormal": [0.7431579232215881, 0.6691160798072815, 1.4857361558979354e-16], "obb": {"axesLengths": [0.6392574199961364, 0.8593259857745615, 0.48598238797205484], "centroid": [2.9118516139908035, 3.130829688344011, -1.0546370117819979], "normalizedAxes": [-0.6691160798072815, 0.7431579232215881, 1.6501420745864429e-16, 0, -2.220446049250313e-16, 1, 0.7431579232215881, 0.6691160798072815, 1.4857361558979354e-16]}, "segments": [21652, 21668, 64907, 49011, 25778, 55438, 15998, 16063, 16079, 16113, 16168, 18883, 18964, 18969, 18975, 21702, 21744, 21746, 21751, 21757, 21761, 21770, 21803, 21815, 25824, 38391, 38403, 48637, 48679, 48749, 54706, 54860, 55344, 55348, 55352, 55357, 56749, 56761, 56776, 56802, 64861, 64864, 64876, 64880, 64882, 57879, 31524, 57725, 31295, 31313, 31314, 31319, 31469, 31521, 31560, 31610, 31647, 31668, 31671, 31674, 31722, 31728, 31735, 31740, 31745, 31750, 57361, 57456, 57547, 57731, 57887, 57889, 57920, 57988, 57990, 57992, 57947, 57928, 55378], "label": "chair"}, {"objectId": 10, "id": 10, "partId": 10, "index": 32, "dominantNormal": [0.47708913683891296, -0.8788549304008484, -1.9514499580727227e-16], "obb": {"axesLengths": [0.7045097159183573, 0.6757689563385628, 0.5237196282970505], "centroid": [2.8130917352621245, 2.2218656601972624, -0.9640654910937219], "normalizedAxes": [0.8788549304008484, 0.4770891070365906, 1.0593506228597573e-16, 0, -2.220446049250313e-16, 1, 0.4770891070365906, -0.8788549304008484, -1.9514499580727227e-16]}, "segments": [38879, 38702, 62106, 38627, 42850, 42853, 59732, 61796, 38512, 43074, 36550, 36823, 36850, 36749, 36733, 36844, 14302, 14315, 14342, 14393, 14455, 36738, 38745, 54544, 61326, 61359, 61364, 61369, 61372, 61379, 61383, 61388, 61391, 61393, 61397, 61400, 61403, 59954, 5081, 52560, 39671, 59973, 5082, 52025, 52027, 52581, 5055, 13705, 13767, 13802, 13804, 14216, 39805, 39849, 39890, 39963, 52575, 54514, 58155, 58166, 60001], "label": "chair"}, {"objectId": 11, "id": 11, "partId": 11, "index": 33, "dominantNormal": [0, -2.220446049250313e-16, 1], "obb": {"axesLengths": [6.003632548909468, 0.29037004060216143, 4.851165796326668], "centroid": [2.216824402824949, 1.816037782241442, 0.9448149682250238], "normalizedAxes": [0.3139922618865967, 0.9494255185127258, 2.108148141639012e-16, 0, -2.220446049250313e-16, 1, 0.9494255185127258, -0.3139922618865967, -6.972028774012633e-17]}, "segments": [1253, 19359, 38082, 62025, 45610, 30319, 7330, 8313, 1770, 61867, 246, 1636, 51578, 50870, 335, 424, 1933, 2137, 2241, 3948, 4047, 4048, 4351, 4362, 5212, 5271, 5708, 5846, 6534, 7360, 7413, 8679, 8698, 8722, 8731, 13526, 13548, 19289, 24668, 24669, 24677, 24695, 24701, 24744, 24746, 24783, 24787, 24811, 24821, 28860, 29140, 29943, 30366, 30386, 30425, 30500, 38370, 44794, 45806, 45811, 45850, 45877, 50773, 52305, 52595, 54107, 54110, 54113, 56446, 56469, 58271, 58587, 19246, 19271, 59194, 30628, 19310, 21095, 32797, 8795, 49944, 24726, 24808], "label": "ceiling"}, {"objectId": 12, "id": 12, "partId": 12, "index": 34, "dominantNormal": [0, -2.220446049250313e-16, 1], "obb": {"axesLengths": [0.6999093324442373, 0.6424569940017832, 0.6682613703660086], "centroid": [3.415261023319017, 3.6381880806325952, -1.2982515011373574], "normalizedAxes": [0.7893956303596497, -0.6138848066329956, -1.3630980935830275e-16, 0, -2.220446049250313e-16, 1, -0.6138848066329956, -0.7893956303596497, -1.7528104087275446e-16]}, "segments": [34968, 32633, 30591, 58378, 34151, 34188, 58562, 58597, 41466, 33923, 30340, 6044, 30445, 30984, 33774, 34146, 34204, 34274, 34330, 34461, 34544, 35077, 35570, 35693, 35718, 35819, 35834, 35861, 35862, 39501, 54441, 54562, 58191, 58195, 58198, 58456, 58487, 58510, 58515, 58520, 58628, 58646, 58868, 58892, 58907, 62575, 62578, 62633, 30482, 39617, 37093], "label": "box"}, {"objectId": 13, "id": 13, "partId": 13, "index": 35, "dominantNormal": [0, -2.220446049250313e-16, 1], "obb": {"axesLengths": [1.3246389504075886, 0.5603700750983486, 1.2511034014592226], "centroid": [3.370329963349116, 2.4276508294294583, -0.8101850175816193], "normalizedAxes": [0.8798046112060547, -0.4753355383872986, -1.0554569182803477e-16, 0, -2.220446049250313e-16, 1, -0.4753355383872986, -0.8798046112060547, -1.9535586730646919e-16]}, "segments": [27848, 60075, 13718, 10361, 27121, 27148, 63623, 14481, 62143, 62369, 7257, 7268, 7299, 7306, 7321, 10399, 10412, 14218, 14223, 14226, 14235, 14239, 14289, 14585, 14619, 14631, 14636, 14645, 14686, 14774, 14795, 14815, 17739, 17854, 17964, 18207, 18250, 18258, 18274, 18434, 18556, 18596, 18865, 22369, 22384, 25431, 26176, 26330, 27020, 27022, 27175, 27939, 28121, 28200, 28201, 36698, 47646, 48013, 54516, 54533, 54540, 54580, 54607, 54608, 54612, 54620, 54648, 55668, 57235, 57237, 57274, 57297, 57406, 58171, 58175, 59885, 62156, 63634, 64875, 65233, 65256, 67588, 67610, 68188, 46168, 10409, 10437, 10645, 39760, 10453, 10659, 10668, 30518, 39905, 56873, 13725, 27833, 13736, 60062, 60005, 39862, 54239], "label": "table"}, {"objectId": 14, "id": 14, "partId": 14, "index": 36, "dominantNormal": [0, -2.220446049250313e-16, 1], "obb": {"axesLengths": [2.525578554974719, 0.4200000073015686, 0.798333294053875], "centroid": [0.6072429904996315, 1.4992738677139434, -0.7600000237673519], "normalizedAxes": [0.7616683840751648, 0.6479670405387878, 1.438775855208769e-16, 0, -2.220446049250313e-16, 1, 0.6479670405387878, -0.7616683840751648, -1.6912435542585697e-16]}, "segments": [24467, 46575, 61751, 42215, 8990, 9051, 9180, 9215, 9261, 9264, 9359, 9365, 13455, 14125, 14143, 14155, 18540, 18551, 21015, 21051, 21052, 21069, 24652, 24658, 25261, 41787, 41790, 41805, 41807, 41938, 46870, 53015, 53026, 53055, 53073, 53116, 53168, 53229, 53232, 54504, 55240, 56389, 56431, 56499, 57908, 62921, 65634, 65640], "label": "counter"}, {"objectId": 15, "id": 15, "partId": 15, "index": 37, "dominantNormal": [0.6151652336120605, -0.7883982062339783, -1.7505956822682706e-16], "obb": {"axesLengths": [2.7743842388260256, 0.9780369778416231, 0.6615400568013575], "centroid": [0.7238567175630153, 1.5308125704870013, -1.140981490366575], "normalizedAxes": [0.7883982062339783, 0.6151652336120605, 1.3659412126100457e-16, 0, -2.220446049250313e-16, 1, 0.6151652336120605, -0.7883982062339783, -1.7505956822682706e-16]}, "segments": [66275, 12738, 66069, 65777, 46583, 46655, 46645, 46621, 6482, 49274, 44986, 65081, 44884, 46720, 29686, 62819, 30179, 29033, 29040, 29149, 21404, 40000, 62725, 15917, 15879, 15788, 66154, 12424, 39869, 15440, 54867, 5688, 6451, 6466, 6511, 8718, 8774, 12124, 12125, 12333, 12408, 12769, 12772, 12787, 12882, 12905, 12909, 12946, 12959, 12971, 12988, 12998, 13006, 13015, 13026, 13505, 13509, 15121, 15140, 15183, 15314, 15374, 15464, 15521, 15764, 15840, 15844, 15943, 19501, 19504, 19534, 19583, 19588, 20203, 21238, 21246, 21249, 21257, 21259, 21273, 21280, 21282, 21285, 21292, 21327, 21367, 21371, 21390, 28124, 28972, 29024, 29086, 29094, 29095, 29105, 29136, 29666, 29674, 29681, 29712, 29717, 29740, 29772, 29795, 29823, 30205, 33255, 33268, 33454, 39769, 39791, 39809, 39814, 39838, 39851, 39861, 39874, 42194, 42932, 42937, 44877, 44882, 44904, 44909, 44910, 44938, 44964, 44984, 44995, 45006, 45015, 45033, 45708, 45770, 45778, 46681, 46710, 46733, 49213, 49242, 49251, 49270, 49273, 49289, 51559, 51561, 52936, 53628, 53712, 53717, 54676, 54682, 54683, 54685, 54878, 55248, 58442, 58500, 59173, 62846, 63595, 63598, 65028, 65030, 65037, 65038, 65041, 65043, 65108, 65145, 65167, 65173, 65176, 65180, 65182, 65186, 65255, 65260, 65261, 65711, 65717, 66941, 67071, 67476, 67478, 67482, 67484, 67513, 67519, 67522, 54907, 63540, 42089, 42082, 66321, 65965, 51492, 13466, 66098, 66063, 66066, 66060, 66057, 13474, 13450, 15448, 65607, 46851, 45336, 46887, 49303, 5657, 5764, 45187, 45215, 45269, 8212, 42100], "label": "kitchen cabinet"}, {"objectId": 16, "id": 16, "partId": 16, "index": 38, "dominantNormal": [0, -2.220446049250313e-16, 1], "obb": {"axesLengths": [0.43728788531375445, 0.37058006888821565, 0.4218357542246929], "centroid": [1.8211969825320633, 2.194669644361066, -1.3912799848330026], "normalizedAxes": [0.5362980365753174, 0.844028651714325, 1.8741200851531413e-16, 0, -2.220446049250313e-16, 1, 0.844028651714325, -0.5362980365753174, -1.1908208565343634e-16]}, "segments": [6230, 5758, 6206, 52665, 5728, 6218, 6223, 52584, 5636, 5719, 68321, 69841, 5754, 5797, 49316, 49345, 49378, 50803, 50805, 50832, 50833, 50851, 50934, 52586, 67529, 67534, 68430, 68490, 69739, 69897], "label": "bag"}, {"objectId": 18, "id": 18, "partId": 18, "index": 39, "dominantNormal": [0, -2.220446049250313e-16, 1], "obb": {"axesLengths": [1.8052473353623177, 0.19999998360872295, 0.6893192679252391], "centroid": [1.9002145442828842, 0.33982701581453, -0.650000011920929], "normalizedAxes": [0.7862452268600464, 0.617914617061615, 1.372046070228483e-16, 0, -2.220446049250313e-16, 1, 0.617914617061615, -0.7862452268600464, -1.7458151077233061e-16]}, "segments": [10795, 2777, 64137, 41124, 45102, 59298, 45116], "label": "counter"}, {"objectId": 19, "id": 19, "partId": 19, "index": 40, "dominantNormal": [-0.27197498083114624, -0.9623043537139893, -2.1367449003806033e-16], "obb": {"axesLengths": [0.690995544476989, 0.6270099738163504, 0.5574924793803271], "centroid": [2.7890139664649225, 0.90749873314575, -1.3035049948057909], "normalizedAxes": [0.9623043537139893, -0.27197498083114624, -6.039057716814483e-17, 0, -2.220446049250313e-16, 1, -0.27197498083114624, -0.9623043537139893, -2.1367449003806033e-16]}, "segments": [62304, 25603, 21888, 25613, 18997, 11360, 19011, 19021, 20449, 21863, 21927, 25663, 38479, 38771, 55526, 55535, 55536, 55540, 62345, 62353, 21571, 55318, 22004, 19047, 18735, 55320], "label": "box"}, {"objectId": 20, "id": 20, "partId": 20, "index": 41, "dominantNormal": [0, -2.220446049250313e-16, 1], "obb": {"axesLengths": [1.7782730244787122, 0.5126789693680632, 0.8543270746547706], "centroid": [1.9473629889139814, 0.43966425372330575, -0.8936604862587048], "normalizedAxes": [0.9259002804756165, 0.37776800990104675, 8.388134851179324e-17, 0, -2.220446049250313e-16, 1, 0.37776800990104675, -0.9259002804756165, -2.0559116197818394e-16]}, "segments": [11303, 61778, 38031, 67082, 47931, 47347, 42672, 67294, 49031, 2783, 2815, 2888, 2891, 2900, 2910, 2972, 2979, 3002, 3008, 3020, 3031, 3049, 3055, 3056, 3062, 3099, 3119, 3201, 3211, 3212, 3244, 3249, 3254, 3271, 3282, 9662, 9704, 9744, 9764, 9796, 9806, 9812, 9833, 9843, 9844, 9849, 9852, 9871, 9875, 9898, 9932, 9954, 9966, 10342, 10565, 10605, 10611, 10832, 11316, 11344, 11499, 11512, 11540, 11592, 11593, 11629, 11647, 11667, 11696, 11707, 11709, 11740, 20462, 37989, 38976, 39001, 39011, 39034, 41454, 41496, 41519, 41659, 41673, 41684, 41691, 42397, 42664, 42801, 47415, 47434, 47481, 47507, 47527, 47718, 47725, 47781, 47827, 47830, 47834, 47925, 47950, 47954, 47959, 47962, 47995, 49035, 49042, 49052, 49061, 49083, 49108, 49116, 52302, 52340, 52346, 52348, 52356, 52362, 52364, 52366, 53236, 53244, 53252, 53262, 53264, 53266, 53352, 53357, 53361, 53363, 53371, 53374, 53444, 53492, 53510, 53514, 53518, 53585, 53595, 53596, 55097, 61031, 62425, 62427, 62437, 62442, 63968, 66343, 66363, 66366, 66591, 66594, 66599, 66601, 66604, 66606, 66611, 66614, 66632, 66716, 66719, 66723, 66728, 66744, 67073, 67074, 67227, 67316, 67320, 67321, 66526, 9927, 9938, 9962, 10515, 10550, 40021, 40446, 40897, 41658, 42353, 42358, 42374, 42381, 42386, 42474, 42475, 42500, 42538, 42547, 42563, 42570, 42677, 42679, 42714, 47456, 47622, 47655, 47660, 47691, 53348, 63448, 63451, 63856, 63867, 63900, 66488, 66576, 66580], "label": "kitchen cabinet"}, {"objectId": 22, "id": 22, "partId": 22, "index": 43, "dominantNormal": [0.5955504179000854, -0.8033179044723511, -1.7837240672776724e-16], "obb": {"axesLengths": [1.1690126585610654, 2.0599999265372757, 0.18305617440883767], "centroid": [-0.25883169023077457, -0.837907296405429, -0.6199999964982275], "normalizedAxes": [0.8033179044723511, 0.5955504775047302, 1.3223877049045157e-16, 0, -2.220446049250313e-16, 1, 0.5955504775047302, -0.8033179044723511, -1.7837240672776724e-16]}, "segments": [8153, 25290, 33140, 23482, 33111, 62264, 24907], "label": "wall"}], "scan_id": "6993478e-1286-2e5b-82d0-eb36d75214de", "annId": "5546", "appId": "stk.v1"}