{"segGroups": [{"objectId": 1, "id": 1, "partId": 1, "index": 0, "dominantNormal": [0, -2.220446049250313e-16, 1], "obb": {"axesLengths": [3.8746308243677574, 0.27213000642962726, 2.945055322369795], "centroid": [0.986901881203393, -0.002772703064244708, -1.3660650263437266], "normalizedAxes": [-0.5435009002685547, 0.8394085764884949, 1.8638614573707077e-16, 0, -2.220446049250313e-16, 1, 0.8394085764884949, 0.5435009002685547, 1.2068144267653007e-16]}, "segments": [23075, 19558, 14000, 22501, 10496, 8547, 6228, 2595, 6664, 7697, 7938, 8680, 13782, 14901, 19566, 20495, 23157, 28218, 28448], "label": "floor"}, {"objectId": 2, "id": 2, "partId": 2, "index": 1, "dominantNormal": [0.6640592813491821, -0.7476799488067627, -1.6601829884316526e-16], "obb": {"axesLengths": [2.3864499919054145, 1.3999999355524786, 0.1063088321032462], "centroid": [-0.33667661259792836, 1.5126632717897277, -0.7099999988772736], "normalizedAxes": [0.7476799488067627, 0.6640592813491821, 1.4745078077397936e-16, 0, -2.220446049250313e-16, 1, 0.6640592813491821, -0.7476799488067627, -1.6601829884316526e-16]}, "segments": [22421, 20644, 20540, 20718, 28541, 28593, 28682, 29415, 17200, 16521], "label": "wall"}, {"objectId": 3, "id": 3, "partId": 3, "index": 2, "dominantNormal": [0.6208781003952026, -0.7839071154594421, -1.7406234575011273e-16], "obb": {"axesLengths": [1.9621599492311474, 1.2852359424851245, 0.22347319251774037], "centroid": [2.4433386233787715, -0.6202596448713835, 0.29261795347806685], "normalizedAxes": [0.7839071154594421, 0.6208781003952026, 1.378626325088567e-16, 0, -2.220446049250313e-16, 1, 0.6208781003952026, -0.7839071154594421, -1.7406234575011273e-16]}, "segments": [5945, 564, 8179, 1210, 264, 973, 1332, 2201, 2391, 2427, 2429, 3796, 7473, 8022, 15, 2048, 10222, 2161], "label": "wall"}, {"objectId": 4, "id": 4, "partId": 4, "index": 3, "dominantNormal": [0.6435447335243225, -0.765408456325531, -1.6995481829108061e-16], "obb": {"axesLengths": [2.182919002160409, 2.039999916255475, 0.16350065688730134], "centroid": [2.6276869275167503, -1.0865149921471378, -0.4099999890052546], "normalizedAxes": [0.765408456325531, 0.6435447931289673, 1.4289564934188254e-16, 0, -2.220446049250313e-16, 1, 0.6435447931289673, -0.765408456325531, -1.6995481829108061e-16]}, "segments": [22677, 5278, 725, 461, 526, 2231, 2813, 3591, 3740, 3934, 3973, 22211, 22217, 22224, 22239, 23754, 24052, 24069, 30121, 30133, 30088, 1446, 30062, 19226, 20658, 4011], "label": "wall"}, {"objectId": 5, "id": 5, "partId": 5, "index": 4, "dominantNormal": [0.7543800473213196, 0.656437873840332, 1.4575848835470407e-16], "obb": {"axesLengths": [3.9753213499587763, 1.2532500195521852, 0.3877240468526737], "centroid": [2.0808730211686504, 0.9841271061839167, -0.8366250300737852], "normalizedAxes": [-0.656437873840332, 0.7543800473213196, 1.6750601957078883e-16, 0, -2.220446049250313e-16, 1, 0.7543800473213196, 0.656437873840332, 1.4575848835470407e-16]}, "segments": [8521, 21638, 4186, 22026, 29710, 1704, 3479, 4163, 11586, 24050, 22865, 23090, 6232, 6257, 7089, 8964, 26950, 30409, 30454, 4932, 21174, 4023], "label": "wall"}, {"objectId": 6, "id": 6, "partId": 6, "index": 5, "dominantNormal": [0, -2.220446049250313e-16, 1], "obb": {"axesLengths": [2.6769420672952537, 1.2420009693056129, 1.926153877000523], "centroid": [1.2422925700922813, 1.2232273657137158, 0.03100049251830783], "normalizedAxes": [-0.36631765961647034, 0.9304898381233215, 2.0661024849284927e-16, 0, -2.220446049250313e-16, 1, 0.9304898381233215, 0.36631765961647034, 8.133886000660125e-17]}, "segments": [29464, 21878, 13585, 17322, 29615, 15332, 16916, 15061, 14422, 17772, 3174, 3179, 3189, 3207, 3231, 3248, 3279, 3296, 3301, 6962, 7339, 7347, 7449, 7479, 8057, 8210, 8212, 8277, 8332, 8337, 8691, 8915, 8998, 10159, 10162, 10186, 10202, 11481, 11497, 13633, 13895, 13919, 15034, 15188, 15200, 16641, 17827, 23470, 23479, 23956, 23959, 24018, 24024, 24735, 24761, 25047, 25109, 25111, 25158, 25160, 25559, 25665, 25976, 25993, 26094, 27331, 27411, 27477, 8067, 5012, 5779, 6923, 8309, 24747, 25088, 13761, 14348, 13532, 8462, 2972, 5106, 5133, 6087], "label": "ceiling"}, {"objectId": 7, "id": 7, "partId": 7, "index": 6, "dominantNormal": [0, -2.220446049250313e-16, 1], "obb": {"axesLengths": [2.0012901022051337, 0.37999998673796664, 0.6608206667541551], "centroid": [2.25722158499074, -0.4370322969051079, 1.0399999666637911], "normalizedAxes": [0.8114120364189148, 0.5844745635986328, 1.297794235629885e-16, 0, -2.220446049250313e-16, 1, 0.5844745635986328, -0.8114120364189148, -1.8016966505805305e-16]}, "segments": [8512, 3043, 9118, 8748, 2149, 10596], "label": "ceiling"}, {"objectId": 8, "id": 8, "partId": 8, "index": 7, "dominantNormal": [-0.6175744533538818, -0.7865124344825745, -1.7464084278330782e-16], "obb": {"axesLengths": [1.3347227671006403, 1.6399998894333856, 0.7433802967207686], "centroid": [2.748513851398032, 0.42289091021042313, 0.22999995258219452], "normalizedAxes": [0.7865124344825745, -0.6175744533538818, -1.3712907550675487e-16, 0, -2.220446049250313e-16, 1, -0.6175744533538818, -0.7865124344825745, -1.7464084278330782e-16]}, "segments": [2982, 3093, 23552, 1494, 1789, 781, 808, 10965, 12144, 12341, 9585, 11210, 12584, 5, 2969, 3035, 27, 29, 61, 152, 689, 1275, 1278, 1308, 1415, 1421, 1519, 1706, 2930, 2932, 4096, 4125, 4950, 4966, 8803, 8826, 8833, 9594, 9606, 11580, 11597, 12411, 12419, 12724, 23489, 23492, 23513, 23781, 24147, 25301, 25369], "label": "window"}, {"objectId": 10, "id": 10, "partId": 10, "index": 8, "dominantNormal": [0, -2.220446049250313e-16, 1], "obb": {"axesLengths": [2.5482228193210235, 0.7823899809481948, 1.8949011682939376], "centroid": [2.2548478243136154, -0.05684100549799115, -1.041194983651677], "normalizedAxes": [-0.40470173954963684, 0.9144487380981445, 2.0304840877519593e-16, 0, -2.220446049250313e-16, 1, 0.9144487380981445, 0.40470173954963684, 8.986183787077203e-17]}, "segments": [3380, 14869, 9167, 26128, 1674, 1917, 1936, 3433, 4274, 4301, 4312, 4506, 4540, 4554, 4677, 4683, 4745, 4760, 4775, 4781, 4802, 4807, 4822, 4823, 4852, 5797, 5839, 5852, 5858, 5927, 6116, 6147, 6149, 6367, 6468, 6509, 6583, 7180, 7214, 10939, 12181, 12189, 12842, 13240, 13245, 13252, 13259, 13280, 13312, 13335, 13360, 13517, 14171, 15989, 17187, 17190, 18016, 18081, 19280, 19980, 20021, 20175, 20185, 20366, 20593, 21097, 21793, 21935, 22129, 22311, 22346, 22363, 23315, 23453, 24028, 24155, 24190, 24209, 24234, 24252, 24256, 24261, 24265, 24269, 24275, 24281, 24310, 24313, 24531, 24537, 24593, 24601, 24606, 24611, 24675, 25272, 26110, 26115, 26141, 26293, 26448, 26455, 26459, 26462, 26468, 26473, 26475, 26755, 27629, 27984, 28808, 28810, 28823, 28827, 29077, 29092, 29094, 29110, 29429, 29514, 29526, 30406, 20380, 5230, 5280, 5390, 5511, 5515, 5589, 6447, 10741, 10750, 10774, 23377, 24328, 24331, 24338, 24654, 25217, 30379, 29590, 5671, 5322, 4918, 5647, 21688, 1906, 1918, 7232, 7243, 7564, 9281, 9374, 9563, 10076, 10090, 11206, 11256, 11258, 11430, 11782, 13002, 18472, 23600, 24817, 25138, 27247, 30342, 6251, 6613, 6351, 23299, 30322], "label": "sofa"}, {"objectId": 11, "id": 11, "partId": 11, "index": 9, "dominantNormal": [0, -2.220446049250313e-16, 1], "obb": {"axesLengths": [1.415699959135092, 0.3799999867379665, 0.5343336848509365], "centroid": [-0.0843556154024021, 1.4235197825441916, -1.2399999537640087], "normalizedAxes": [0.7777245044708252, 0.628605306148529, 1.3957841685752849e-16, 0, -2.220446049250313e-16, 1, 0.628605306148529, -0.7777245044708252, -1.7268953033574013e-16]}, "segments": [20341, 19127, 15239, 17483, 17578, 18932, 18949, 18951, 19020, 27973, 26819, 17585, 26947, 14543, 13584, 18620, 27640, 27659, 27673, 27691, 18553, 14803, 15080, 15748, 26776, 18652], "label": "tv stand"}, {"objectId": 12, "id": 12, "partId": 12, "index": 10, "dominantNormal": [0.6853163838386536, -0.7282454371452332, -1.6170297037937002e-16], "obb": {"axesLengths": [0.7448482735020348, 0.5754729976771844, 0.4176788555888444], "centroid": [0.04977321542875801, 1.6106624238108183, -0.89337353076182], "normalizedAxes": [0.7282454371452332, 0.6853163838386536, 1.5217080569810494e-16, 0, -2.220446049250313e-16, 1, 0.6853163838386536, -0.7282454371452332, -1.6170297037937002e-16]}, "segments": [20796, 18680, 18736, 17720, 15642, 17680, 17750, 18660, 18688, 18732, 18809, 18823, 18841, 18888, 18926, 18943, 18965, 18982, 18985, 19011, 20152, 20213, 20218, 20234, 20270, 20289, 27801, 27805, 27891, 27896, 27949, 27956, 28475, 28483, 28493, 28498, 28523, 16193, 15149, 16146, 18694, 19621, 20084, 20113, 20166, 20236, 20338, 26847, 26986, 27705, 27724, 20390, 27326, 29418, 20685, 18859, 16218], "label": "tv"}, {"objectId": 13, "id": 13, "partId": 13, "index": 11, "dominantNormal": [0.6199027299880981, -0.7846786975860596, -1.7423367139858472e-16], "obb": {"axesLengths": [0.8430412046588985, 0.9200000557303413, 0.4581285414363741], "centroid": [0.66841535142323, 2.10566061204532, -0.9900000189565876], "normalizedAxes": [0.7846786975860596, 0.6199027299880981, 1.376460567721556e-16, 0, -2.220446049250313e-16, 1, 0.6199027299880981, -0.7846786975860596, -1.7423367139858472e-16]}, "segments": [26806, 10328, 10330, 10649, 10653, 14085, 14086, 27567, 14942, 30030, 21574, 10317, 15158, 22064, 28898, 30020, 30206, 15190, 22015, 10613], "label": "cabinet"}, {"objectId": 14, "id": 14, "partId": 14, "index": 12, "dominantNormal": [0.5776504874229431, -0.8162842392921448, -1.81251511420154e-16], "obb": {"axesLengths": [0.6162710271742154, 0.3725930071042549, 0.2889130641279211], "centroid": [0.5373406092294181, 2.13708208674214, -0.5362965213166224], "normalizedAxes": [0.8162842392921448, 0.5776504874229431, 1.2826417426457917e-16, 0, -2.220446049250313e-16, 1, 0.5776504874229431, -0.8162842392921448, -1.81251511420154e-16]}, "segments": [17292, 21727, 14063, 14067, 21312, 21315, 21321, 21450, 29130, 29132, 29253, 29393, 21235], "label": "picture"}, {"objectId": 15, "id": 15, "partId": 15, "index": 13, "dominantNormal": [0.9559082388877869, -0.2936655282974243, -6.520684621090218e-17], "obb": {"axesLengths": [0.27853201079875983, 0.2217950175301353, 0.19106506812518242], "centroid": [0.75249123280836, 2.242635780164428, -0.617463517054317], "normalizedAxes": [0.2936655282974243, 0.9559082388877869, 2.1225426724842108e-16, 0, -2.220446049250313e-16, 1, 0.9559082388877869, -0.2936655282974243, -6.520684621090218e-17]}, "segments": [14150, 15442, 15444, 14125], "label": "vase"}, {"objectId": 16, "id": 16, "partId": 16, "index": 14, "dominantNormal": [0.7459307312965393, 0.6660235524177551, 1.4788693656736632e-16], "obb": {"axesLengths": [0.6827080566486184, 1.0645209759953396, 0.5397077684698627], "centroid": [-0.758433229794705, 0.7363937012563948, -0.7177395156107222], "normalizedAxes": [-0.6660235524177551, 0.7459307312965393, 1.6562989453217976e-16, 0, -2.220446049250313e-16, 1, 0.7459307312965393, 0.6660235524177551, 1.4788693656736632e-16]}, "segments": [16340, 27136, 17148, 15955, 16798, 16815, 27317, 16767, 16844, 15951, 17246, 17249, 27124, 27001, 27024, 16392, 14750, 14711, 14752, 15921, 16347, 16349, 16442, 26954, 27011, 16015, 16056, 16096, 16107, 16240, 26960, 26968, 26981, 18125, 17078, 18054, 27513, 16933, 20502, 16945, 16977, 27191, 28543, 28546, 28879, 20823, 16972, 20856, 28805, 28813, 17026, 20854, 20907, 20950, 27496, 27499, 27548, 27537, 18179, 18196, 27560, 20046, 18168, 18096, 18101, 20879, 28857, 20437, 20447, 20483, 20490, 17110, 19691, 28324, 19705, 19715, 19727, 19731, 19737, 19751, 19759, 19787, 19799, 19807, 19817, 19826, 28418, 28440], "label": "plant"}, {"objectId": 18, "id": 18, "partId": 18, "index": 15, "dominantNormal": [0, -2.220446049250313e-16, 1], "obb": {"axesLengths": [1.0031600250598915, 0.513770926435941, 0.6805851717863686], "centroid": [1.4498743509423386, -0.31310300859682927, -1.1571444925880185], "normalizedAxes": [-0.5586628913879395, 0.8293948173522949, 1.8416264454585883e-16, 0, -2.220446049250313e-16, 1, 0.8293948173522949, 0.5586628913879395, 1.240480810045107e-16]}, "segments": [9921, 25771, 2288, 1285, 8487, 9483, 9517, 9639, 11363, 11672, 11904, 11924, 11934, 11973, 25833, 25998, 26002, 26270, 8446, 9301, 12311, 8442, 7623, 7804, 10063, 9666, 24862, 26225, 12968, 11409, 27171, 12996, 18399], "label": "coffee table"}, {"objectId": 19, "id": 19, "partId": 19, "index": 16, "dominantNormal": [0.5436785817146301, -0.8392934799194336, -1.8636058916486533e-16], "obb": {"axesLengths": [1.928002846311783, 0.9799999673664576, 0.528344350968694], "centroid": [2.585705380770693, -0.8030501795495852, 0.07999996487565197], "normalizedAxes": [0.8392935395240784, 0.5436785817146301, 1.207208958830264e-16, 0, -2.220446049250313e-16, 1, 0.5436785817146301, -0.8392935395240784, -1.8636060239975513e-16]}, "segments": [5127, 4940, 338, 941, 2279, 2192, 2501, 2533, 22317, 22273, 15810], "label": "ceiling"}, {"objectId": 20, "id": 20, "partId": 20, "index": 17, "dominantNormal": [0.6281622052192688, -0.7780824303627014, -1.7276900584899422e-16], "obb": {"axesLengths": [0.7552057850284585, 0.29999998472630995, 0.18212342667393994], "centroid": [2.4462723718949233, -1.2022000099802097, -0.14000002435825887], "normalizedAxes": [0.7780824303627014, 0.6281622052192688, 1.3948002868674898e-16, 0, -2.220446049250313e-16, 1, 0.6281622052192688, -0.7780824303627014, -1.7276900584899422e-16]}, "segments": [1245, 1139, 23728, 23733, 2851, 23714, 24053, 2637, 3641, 24085, 2661, 2694, 2711], "label": "shelf"}, {"objectId": 21, "id": 21, "partId": 21, "index": 18, "dominantNormal": [0, -2.220446049250313e-16, 1], "obb": {"axesLengths": [0.41813248835869127, 0.2500230018044336, 0.33905256055750366], "centroid": [0.5453702356706579, 1.973968240126715, -0.614697533773017], "normalizedAxes": [0.35142114758491516, 0.9362174868583679, 2.07882041993372e-16, 0, -2.220446049250313e-16, 1, 0.9362174868583679, -0.35142114758491516, -7.803116987779361e-17]}, "segments": [21458, 21397, 21423, 29212, 21483, 29321, 21314, 14032], "label": "plant"}, {"objectId": 22, "id": 22, "partId": 22, "index": 19, "dominantNormal": [0.6659574508666992, -0.7459896802902222, -1.656429838381928e-16], "obb": {"axesLengths": [0.7286091192259594, 0.30000000521540615, 0.05681772791056897], "centroid": [-0.48005472777855074, 1.4015224928996315, -0.2800000264816742], "normalizedAxes": [0.7459896802902222, 0.6659574508666992, 1.4787225907457718e-16, 0, -2.220446049250313e-16, 1, 0.6659574508666992, -0.7459896802902222, -1.656429838381928e-16]}, "segments": [22146, 19910], "label": "picture"}, {"objectId": 25, "id": 25, "partId": 25, "index": 22, "dominantNormal": [0, -2.220446049250313e-16, 1], "obb": {"axesLengths": [0.8794116739947576, 0.4199999625980863, 0.4654601479241357], "centroid": [1.4808136508999548, 1.6813577019784507, -0.38000001083545554], "normalizedAxes": [0.7798260450363159, -0.6259962320327759, -1.3899908602627595e-16, 0, -2.220446049250313e-16, 1, -0.6259962320327759, -0.7798260450363159, -1.7315616608033844e-16]}, "segments": [25039, 11564, 25079, 11541, 6723, 7025, 7360], "label": "shelf"}, {"objectId": 26, "id": 26, "partId": 26, "index": 23, "dominantNormal": [0, -2.220446049250313e-16, 1], "obb": {"axesLengths": [1.2941443418687746, 0.08000001132488249, 0.2566636793653023], "centroid": [2.69575463939487, 0.4262485235829156, -0.2300000305794936], "normalizedAxes": [-0.6913424730300903, 0.7225272059440613, 1.6043326799143582e-16, 0, -2.220446049250313e-16, 1, 0.7225272059440613, 0.6913424730300903, 1.5350886629186052e-16]}, "segments": [2101, 1635, 3096, 3085], "label": "windowsill"}, {"objectId": 27, "id": 27, "partId": 27, "index": 24, "dominantNormal": [0, -2.220446049250313e-16, 1], "obb": {"axesLengths": [0.6619351421945733, 0.27999996513128345, 0.3832916482045282], "centroid": [2.662715270355891, -0.8383811045522918, -0.8899999973499045], "normalizedAxes": [0.8270785212516785, 0.5620864033699036, 1.2480825337000202e-16, 0, -2.220446049250313e-16, 1, 0.5620864033699036, -0.8270785212516785, -1.8364832349330806e-16]}, "segments": [5820, 9816, 5933], "label": "pillow"}, {"objectId": 28, "id": 28, "partId": 28, "index": 25, "dominantNormal": [0, -2.220446049250313e-16, 1], "obb": {"axesLengths": [0.6662655280817995, 0.29465400514034884, 0.44470090201847723], "centroid": [2.5831391045970395, -0.5121425922735321, -0.8988329882756714], "normalizedAxes": [0.563732385635376, 0.8259574770927429, 1.833994016859337e-16, 0, -2.220446049250313e-16, 1, 0.8259574770927429, -0.563732385635376, -1.2517373485185245e-16]}, "segments": [10927, 25118, 25146], "label": "pillow"}, {"objectId": 29, "id": 29, "partId": 29, "index": 26, "dominantNormal": [0, -2.220446049250313e-16, 1], "obb": {"axesLengths": [0.49091580413488844, 0.2694189488272601, 0.4617849122815359], "centroid": [2.895829079582099, -0.5234631011555325, -0.7620005156718841], "normalizedAxes": [-0.11207450181245804, 0.9936997890472412, 2.2064567707308163e-16, 0, -2.220446049250313e-16, 1, 0.9936997890472412, 0.11207450181245804, 2.488553847711695e-17]}, "segments": [6731, 6726, 5586, 10868], "label": "pillow"}, {"objectId": 30, "id": 30, "partId": 30, "index": 27, "dominantNormal": [0, -2.220446049250313e-16, 1], "obb": {"axesLengths": [0.6933659940285549, 0.363427928907545, 0.3726435341005926], "centroid": [2.499475813044214, 0.1783903304788066, -0.8503860062595618], "normalizedAxes": [-0.6173818111419678, 0.7866636514663696, 1.7467441969873257e-16, 0, -2.220446049250313e-16, 1, 0.7866636514663696, 0.6173818111419678, 1.3708630034291853e-16]}, "segments": [12620, 12558, 12765, 10974, 24430], "label": "pillow"}, {"objectId": 31, "id": 31, "partId": 31, "index": 28, "dominantNormal": [-0.5795367360115051, -0.8149461150169373, -1.8095438814412496e-16], "obb": {"axesLengths": [0.6186400310920338, 0.3067340186223233, 0.2491920232223974], "centroid": [2.920284148543969, -0.23553837207255435, -0.8166330291659468], "normalizedAxes": [0.8149461150169373, -0.5795367360115051, -1.2868300558721682e-16, 0, -2.220446049250313e-16, 1, -0.5795367360115051, -0.8149461150169373, -1.8095438814412496e-16]}, "segments": [10814, 10701], "label": "pillow"}, {"objectId": 32, "id": 32, "partId": 32, "index": 29, "dominantNormal": [0, -2.220446049250313e-16, 1], "obb": {"axesLengths": [0.7036620331777413, 0.3131459285360738, 0.48795197692886755], "centroid": [2.112947138275424, 0.6526464608621794, -0.8813069879292639], "normalizedAxes": [0.7382941246032715, -0.6744788885116577, -1.4976439832984528e-16, 0, -2.220446049250313e-16, 1, -0.6744788885116577, -0.7382941246032715, -1.6393422721600525e-16]}, "segments": [4246, 24374, 26173, 17121, 24203], "label": "pillow"}, {"objectId": 33, "id": 33, "partId": 33, "index": 30, "dominantNormal": [0.6758288741111755, -0.7370585799217224, -1.6365988118532347e-16], "obb": {"axesLengths": [0.36728963027789635, 0.3021019629664279, 0.2368139443703436], "centroid": [1.6268704494140178, 0.5360857544653956, -0.8877989766814803], "normalizedAxes": [0.7370585799217224, 0.6758288741111755, 1.500641553489447e-16, 0, -2.220446049250313e-16, 1, 0.6758288741111755, -0.7370585799217224, -1.6365988118532347e-16]}, "segments": [19649, 20558, 27822, 26481, 26507, 19674], "label": "pillow"}, {"objectId": 34, "id": 34, "initialPoint": [2.5806628878408997, -0.2781980999502507, -0.9405794107273894], "index": 31, "dominantNormal": [0.7065249681472778, -0.7076880931854248, -1.571383230615064e-16], "obb": {"axesLengths": [0.3441962245647011, 0.2791480359625509, 0.24033481130979786], "centroid": [2.5920211247865432, -0.2778834663669767, -0.8992660458126073], "normalizedAxes": [0.7076880931854248, 0.7065249681472778, 1.5688005742193264e-16, 0, -2.220446049250313e-16, 1, 0.7065249681472778, -0.7076880931854248, -1.571383230615064e-16]}, "segments": [10801], "partId": 34, "label": "pillow"}, {"objectId": 35, "id": 35, "initialPoint": [-0.7387308229438805, 0.6228199334612814, -1.3438459290980054], "index": 32, "dominantNormal": [0.4747002422809601, -0.8801475167274475, -1.9543200762749347e-16], "obb": {"axesLengths": [0.3885899969468123, 0.4208700562819077, 0.3682612203246264], "centroid": [-0.856300746481363, 0.6942260050230876, -1.2204350275770208], "normalizedAxes": [0.8801475167274475, 0.4747002422809601, 1.0540462775509242e-16, 0, -2.220446049250313e-16, 1, 0.4747002422809601, -0.8801475167274475, -1.9543200762749347e-16]}, "segments": [19350, 15541, 16400, 16733, 15533, 27994, 16718, 16697, 16437, 28019, 19191, 16402, 16446, 16454, 26958, 28016, 28029, 28032], "partId": 35, "label": "stool"}, {"objectId": 36, "id": 36, "initialPoint": [1.600156321562384, 1.4913538311391348, -0.41754910922626154], "index": 33, "dominantNormal": [0.7256293892860413, 0.6880857348442078, 1.5278572514803196e-16], "obb": {"axesLengths": [0.6921818711879557, 0.21999999389052408, 0.2111374270828623], "centroid": [1.5010524952600213, 1.6701156710183258, -0.4000000136666759], "normalizedAxes": [-0.6880857348442078, 0.7256293892860413, 1.6112209106601078e-16, 0, -2.220446049250313e-16, 1, 0.7256293892860413, 0.6880857348442078, 1.5278572514803196e-16]}, "segments": [6936, 8258, 8223, 8156, 8195, 6952, 24767, 8248], "partId": 36, "label": "pictures"}], "scan_id": "fcf66d8e-622d-291c-86ef-f8f2b3db7f74", "annId": "1592", "appId": "stk.v1"}