{"segGroups": [{"objectId": 1, "id": 1, "partId": 1, "index": 0, "dominantNormal": [0, -2.220446049250313e-16, 1], "obb": {"axesLengths": [5.070907994162825, 0.1741899213003381, 3.6916147529564514], "centroid": [-1.6449653417155212, 0.01072269107924273, -1.437095026532447], "normalizedAxes": [0.7769487500190735, 0.6295638084411621, 1.3979124712041593e-16, 0, -2.220446049250313e-16, 1, 0.6295638084411621, -0.7769487500190735, -1.7251727824498208e-16]}, "segments": [1146, 12075, 937, 48133, 5588, 12991, 13053, 33395, 44407, 52204, 53078, 5417, 38027, 11083, 12526, 11062, 11100, 11141, 11959, 12539, 12561, 12585, 12594, 12602, 13004, 13010, 13033, 54175, 11997], "label": "floor"}, {"objectId": 2, "id": 2, "partId": 2, "index": 1, "dominantNormal": [-0.416567325592041, -0.9091048836708069, -2.0186183473010086e-16], "obb": {"axesLengths": [2.523062583438704, 1.9858600053371476, 0.5225866586529815], "centroid": [-1.039914207845656, 1.601097560039152, -0.4229300947768959], "normalizedAxes": [0.9091048836708069, -0.416567325592041, -9.249652723576163e-17, 0, -2.220446049250313e-16, 1, -0.416567325592041, -0.9091048836708069, -2.0186183473010086e-16]}, "segments": [34037, 31896, 26068, 20404, 23933, 23977, 23979, 24265, 24323, 28172, 28193, 30006, 34958, 35097, 56325, 56463, 56721, 57940, 58442, 61299, 19413, 19430, 19478, 21187, 44224, 56971, 19852, 21114, 28354, 36275, 24337, 35579, 35717, 24198], "label": "rack"}, {"objectId": 3, "id": 3, "partId": 3, "index": 2, "dominantNormal": [0.8877977132797241, -0.4602338969707489, -1.021924538259775e-16], "obb": {"axesLengths": [4.636215107013469, 2.254339942611605, 0.4981816121340548], "centroid": [-3.4345916542688304, 0.43375138384618095, 0.6771699210697433], "normalizedAxes": [0.4602338671684265, 0.8877977132797241, 1.9713069249854256e-16, 0, -2.220446049250313e-16, 1, 0.8877977132797241, -0.4602338671684265, -1.021924472085326e-16]}, "segments": [47513, 45428, 62580, 14063, 33643, 8587, 49823, 37352, 44138, 48368, 37900, 49344, 38808, 62359, 62528, 62425, 38588, 22484, 14182, 20988, 39504, 37839], "label": "wall"}, {"objectId": 4, "id": 4, "partId": 4, "index": 3, "dominantNormal": [0.8091216087341309, -0.5876412391662598, -1.3048256678832798e-16], "obb": {"axesLengths": [4.527226110450722, 2.099999917298556, 0.8661819794355687], "centroid": [-3.602970340662657, 0.4657335414220032, 0.6199998888926981], "normalizedAxes": [0.5876412391662598, 0.8091216087341309, 1.7966108794767585e-16, 0, -2.220446049250313e-16, 1, 0.8091216087341309, -0.5876412391662598, -1.3048256678832798e-16]}, "segments": [8716, 8647, 36955, 33474, 5041, 18063, 5190, 19773, 19649, 56036, 18649, 60007, 36985, 14511, 49022, 48360, 30606, 15820, 12369, 7699, 7283, 7420, 11421, 11510, 13334, 11689, 14679, 15223, 54509, 1626, 1727, 4752, 5080, 5115, 5124, 5135, 5139, 5203, 5204, 5206, 5207, 5214, 5223, 5233, 5238, 5263, 5307, 5516, 5675, 5763, 5815, 5847, 5855, 5959, 6577, 6714, 6762, 6815, 6819, 6865, 6893, 6956, 6979, 7009, 7084, 7138, 7163, 7209, 7246, 7287, 7324, 7335, 7342, 7388, 7424, 7543, 7552, 7664, 7710, 7711, 7715, 7742, 7776, 7855, 7856, 7958, 7960, 7964, 7981, 7985, 7990, 7994, 8000, 8002, 8014, 8018, 8021, 8030, 8047, 8063, 8071, 8074, 8080, 8093, 8126, 8127, 8140, 8142, 8151, 8154, 8162, 8200, 8214, 8232, 8240, 8643, 8733, 8740, 8742, 8756, 8764, 8792, 8796, 8805, 8857, 8884, 9132, 11034, 11311, 11373, 11427, 11431, 11444, 11463, 11509, 11532, 11562, 11568, 11604, 11616, 12671, 12690, 12692, 12714, 12725, 12730, 12744, 12783, 12785, 12802, 12816, 12838, 12853, 12875, 12878, 12902, 13295, 13320, 13392, 13396, 13427, 13451, 13458, 13469, 13474, 13481, 13491, 13499, 13500, 13564, 13575, 13603, 13721, 13762, 13782, 13791, 13796, 13807, 13813, 13851, 13882, 13883, 13899, 13943, 13977, 13989, 14002, 14012, 14014, 14045, 14059, 14075, 14082, 14089, 14098, 14140, 14166, 14231, 14238, 14416, 14433, 14705, 14742, 14755, 14758, 14775, 14829, 14841, 14855, 14873, 14875, 14935, 14959, 14981, 14992, 15006, 15040, 15110, 15113, 15145, 15148, 15150, 15153, 15165, 15176, 15197, 15202, 15204, 15208, 15213, 15230, 15242, 15248, 15251, 15254, 15275, 15285, 15290, 15291, 15296, 15302, 15311, 15325, 15329, 15337, 15340, 15382, 15390, 15392, 15398, 15409, 15423, 15442, 15502, 15510, 15524, 15531, 15540, 15548, 15572, 15645, 15761, 15799, 15938, 16110, 16127, 16155, 16163, 16313, 16326, 16439, 16443, 16603, 16988, 17061, 17101, 17123, 17684, 17718, 17862, 17885, 17943, 17959, 17983, 18044, 18705, 18828, 18927, 18996, 18998, 19092, 19130, 19149, 19270, 19294, 19491, 19538, 19887, 19909, 19933, 19991, 19992, 23133, 23140, 23152, 23185, 23193, 23203, 23205, 23215, 24064, 25048, 25051, 25059, 25298, 27369, 27403, 27458, 27486, 27507, 27566, 27598, 27617, 27657, 27663, 27685, 27722, 27830, 27865, 30500, 30609, 30628, 30777, 30833, 30947, 30967, 30990, 31008, 31013, 31603, 31774, 31812, 32070, 33487, 33512, 33539, 33541, 33542, 33552, 33553, 34443, 34544, 34577, 34600, 34610, 34619, 34625, 34627, 34638, 34644, 34655, 34669, 34715, 34726, 34747, 35882, 36524, 36527, 36567, 36600, 36613, 36676, 36743, 36832, 36834, 36844, 36920, 36939, 37196, 37218, 37233, 37244, 37262, 37263, 37266, 37281, 37285, 37325, 37341, 37528, 37568, 38151, 38333, 38404, 38673, 38695, 38696, 38731, 38748, 38760, 39360, 39372, 39384, 39386, 39391, 39400, 42153, 42224, 42556, 42580, 42877, 43612, 43655, 43704, 43717, 43731, 43746, 43793, 43900, 43934, 43972, 44001, 44037, 44038, 47559, 47593, 49215, 49260, 49819, 49867, 49882, 49925, 49960, 49965, 49975, 49977, 50324, 50374, 50377, 50397, 50418, 50422, 50445, 50454, 50461, 50467, 50482, 50493, 50520, 50527, 50549, 53891, 53931, 53934, 53959, 53962, 53977, 53981, 53983, 54003, 54006, 54008, 54018, 54020, 54058, 54077, 54084, 54086, 54087, 54093, 54096, 54103, 54108, 54110, 54112, 54114, 54116, 54119, 54122, 54124, 54126, 54134, 54142, 54148, 54153, 54154, 54170, 54178, 54186, 54189, 54211, 54214, 54227, 54245, 54260, 54263, 54268, 54270, 54276, 54304, 54312, 54337, 54350, 54355, 54364, 54382, 54383, 54386, 54388, 54405, 54468, 54494, 54504, 54511, 54514, 54516, 54520, 54522, 54548, 54550, 54553, 54558, 54576, 54588, 54591, 54592, 54616, 54622, 54625, 54631, 54657, 54659, 54687, 54692, 54743, 54747, 54755, 54758, 54787, 54800, 54813, 54871, 54876, 54879, 54882, 54900, 54974, 54977, 54979, 55042, 55045, 55047, 55226, 55525, 55548, 55551, 55559, 55566, 55572, 55578, 55586, 55590, 55595, 55613, 55735, 55875, 55890, 56283, 56286, 56304, 56306, 56351, 56353, 56441, 56448, 56468, 56623, 56626, 56943, 56958, 56984, 56985, 56995, 57515, 57516, 57521, 57525, 57929, 57954, 58494, 58503, 58539, 58618, 58620, 58623, 58627, 58630, 58640, 58672, 58699, 58743, 58931, 59051, 59185, 59202, 59265, 59351, 60014, 60017, 61730, 62285, 62303, 62871, 62877, 63546, 63547, 63550, 63566, 63717, 63732, 63734, 16234, 62817, 34289, 7278, 6799, 14177, 13995], "label": "window"}, {"objectId": 5, "id": 5, "partId": 5, "index": 4, "dominantNormal": [0.3768143057823181, 0.9262888431549072, 2.0567744022479567e-16], "obb": {"axesLengths": [0.3942124363383375, 0.4496121790346759, 0.4944935927474785], "centroid": [-4.412134473351417, -1.4273954670482976, -0.22519396071872144], "normalizedAxes": [0.3768143057823181, 0.9262888431549072, 2.0567744022479567e-16, 0, -2.220446049250313e-16, 1, 0.9262888431549072, -0.3768143057823181, -8.366958365753477e-17]}, "segments": [26554, 26445, 56595, 56514, 48302, 24742, 26614, 16498, 16530, 16533, 16600, 24693, 24722, 55605, 55616], "label": "bag"}, {"objectId": 6, "id": 6, "partId": 6, "index": 5, "dominantNormal": [0.8816899657249451, -0.4718291759490967, -1.0476712296572026e-16], "obb": {"axesLengths": [3.8081895736374127, 2.4807500284742536, 0.7033680075152107], "centroid": [-3.2022271897223584, 0.4812178817961671, -0.1991850815341969], "normalizedAxes": [0.4718291759490967, 0.8816899657249451, 1.9577450010575982e-16, 0, -2.220446049250313e-16, 1, 0.8816899657249451, -0.4718291759490967, -1.0476712296572026e-16]}, "segments": [45150, 44829, 45280, 44790, 47204, 23045, 50742, 24357, 24467, 26174, 26180, 26216, 26235, 26256, 26311, 27175, 27273, 27291, 27296, 27314, 27329, 35165, 35229, 35303, 35313, 37821, 37898, 38862, 38884, 43148, 43168, 44463, 44503, 44660, 44862, 44865, 44901, 44942, 44944, 44970, 45094, 45208, 45898, 45947, 53337, 56825, 58201, 59078, 61170, 61600, 61626, 61628, 61633, 61640, 61735, 61751, 64472, 65430, 27774, 12189, 25554, 21080, 45072, 425, 49145], "label": "locker"}, {"objectId": 7, "id": 7, "partId": 7, "index": 6, "dominantNormal": [-0.39899948239326477, -0.9169511198997498, -2.0360404915370495e-16], "obb": {"axesLengths": [2.9861270132135926, 2.5654500149462356, 0.628974381110036], "centroid": [-3.08380768835579, -1.9178294775532454, -0.17272509019370852], "normalizedAxes": [0.9169511198997498, -0.39899948239326477, -8.859568243330446e-17, 0, -2.220446049250313e-16, 1, -0.39899948239326477, -0.9169511198997498, -2.0360404915370495e-16]}, "segments": [53424, 4738, 4744, 64914, 39615, 39645, 52143, 52103, 53703, 64888, 53169, 53540, 21218, 4127, 3723, 18832, 18862, 18863, 18867, 18898, 18908, 19795, 20224, 20692, 20765, 21310, 21327, 21364, 21384, 49989, 51168, 52006, 53163, 53191, 53233, 53451, 53573, 53583, 53801, 53810, 56107, 58506, 64899, 65164, 65242, 65245, 65250, 65254, 65302, 65348, 21229, 52519, 53797, 53812, 46095, 24806, 40117, 10921, 61265, 46477, 45905, 62177, 46829, 2319, 3267, 46525, 45784], "label": "locker"}, {"objectId": 8, "id": 8, "partId": 8, "index": 7, "dominantNormal": [0.8947728276252747, -0.4465216398239136, -9.914772110517802e-17], "obb": {"axesLengths": [3.464177105202542, 2.511249962942674, 0.23972507346238076], "centroid": [-0.8973866144265694, -0.9396968642896768, -0.1943751060176242], "normalizedAxes": [0.4465216398239136, 0.8947728276252747, 1.9867947900770725e-16, 0, -2.220446049250313e-16, 1, 0.8947728276252747, -0.4465216398239136, -9.914772110517802e-17]}, "segments": [3451, 23750, 85, 116, 902, 3414, 3806, 6107, 6197, 6209, 6225, 6237, 6450, 6497, 6504, 8312, 8524, 8998, 20886, 25758, 29923, 30409, 31635, 32355, 41825, 53846, 57220, 57222, 57463, 6087, 12238, 57328, 19055, 24682, 3249, 239, 268, 21528, 2259, 316, 22707], "label": "locker"}, {"objectId": 9, "id": 9, "partId": 9, "index": 8, "dominantNormal": [-0.4905366003513336, -0.8714206218719482, -1.9349424770708184e-16], "obb": {"axesLengths": [3.299974372254413, 2.5037099755471193, 0.8689214317245038], "centroid": [-0.7799104230945177, 1.177923702264688, -0.16185505097362962], "normalizedAxes": [0.8714205622673035, -0.4905366003513336, -1.0892100562627985e-16, 0, -2.220446049250313e-16, 1, -0.4905366003513336, -0.8714205622673035, -1.9349423447219204e-16]}, "segments": [7497, 59729, 44057, 26329, 41869, 59957, 29116, 8428, 16734, 31376, 39451, 40616, 59311, 59778, 59828, 27687, 23906, 27655, 17347, 31489, 38975, 41663, 500, 18359, 41218, 329, 337, 341, 346, 382, 392, 402, 528, 18111, 18144, 18146, 18224, 18262, 18317, 18335, 18337, 18400, 18416, 29291, 30031, 30075, 30086, 30157, 30165, 30168, 30179, 30206, 30271, 30282, 31384, 31408, 31453, 53857, 53859, 53860, 55823, 55828, 55831, 55833, 55837, 55883, 56086, 57027, 57036, 56616, 26403, 40655, 24304, 26332, 61307, 61405, 40924, 59634, 9234, 31433], "label": "locker"}, {"objectId": 10, "id": 10, "partId": 10, "index": 9, "dominantNormal": [-0.4572182893753052, -0.8893545269966125, -1.9747637458525092e-16], "obb": {"axesLengths": [3.6047718706639493, 2.2287500002514564, 0.14024474966246456], "centroid": [-3.024264109983224, -2.323821346283672, 0.684374930369148], "normalizedAxes": [0.8893545269966125, -0.4572182893753052, -1.0152285442883828e-16, 0, -2.220446049250313e-16, 1, -0.4572182893753052, -0.8893545269966125, -1.9747637458525092e-16]}, "segments": [10858, 1394, 1742, 62051, 14319, 62026, 9523, 2100, 2502, 46871, 46420, 7029, 7679, 3102, 2402, 40458, 62161], "label": "wall"}, {"objectId": 11, "id": 11, "partId": 11, "index": 10, "dominantNormal": [0, -2.220446049250313e-16, 1], "obb": {"axesLengths": [4.787234324025454, 0.15564000258654342, 3.849015954707076], "centroid": [-1.9874355269967057, -0.30072059080356645, 1.769439883523511], "normalizedAxes": [0.38527464866638184, 0.9228019714355469, 2.0490319917144603e-16, 0, -2.220446049250313e-16, 1, 0.9228019714355469, -0.38527464866638184, -8.5548157150757e-17]}, "segments": [2009, 63106, 63502, 49015, 1199, 25175, 48066, 47094, 46960, 47906, 48002, 63390, 22046, 22543, 30008, 22537, 28100, 25319, 6557, 31747, 44734, 38437, 9595, 10466, 63427, 21641, 63091, 10755], "label": "ceiling"}, {"objectId": 12, "id": 12, "partId": 12, "index": 11, "dominantNormal": [-0.440684974193573, -0.8976618051528931, -1.9932096088146457e-16], "obb": {"axesLengths": [3.399078978443371, 0.7758300131001322, 0.10033568247053977], "centroid": [-0.9205839933188746, 1.7339277239333453, 1.4379148631817507], "normalizedAxes": [0.8976618051528931, -0.4406850039958954, -9.785172760865443e-17, 0, -2.220446049250313e-16, 1, -0.4406850039958954, -0.8976618051528931, -1.9932096088146457e-16]}, "segments": [44336, 24793, 17550, 17014, 17114, 45449, 45555, 45597, 17299, 25312, 25142], "label": "wall"}, {"objectId": 13, "id": 13, "partId": 13, "index": 12, "dominantNormal": [0.8929547667503357, -0.4501464366912842, -9.995258769352681e-17], "obb": {"axesLengths": [4.691608013738756, 0.6287999012589468, 0.1797893574222128], "centroid": [-0.3932489022245105, -1.060442155882763, 1.5043999090360867], "normalizedAxes": [0.4501464068889618, 0.8929547667503357, 1.9827578839900177e-16, 0, -2.220446049250313e-16, 1, 0.8929547667503357, -0.4501464068889618, -9.995258107608191e-17]}, "segments": [2727, 2955, 11061, 7238, 2146, 3694, 53873, 2148], "label": "wall"}, {"objectId": 14, "id": 14, "partId": 14, "index": 13, "dominantNormal": [0.7211987972259521, 0.6927281022071838, 1.5381653777506084e-16], "obb": {"axesLengths": [0.3252769814774732, 0.7714059925510136, 0.29761178559129814], "centroid": [-0.03918684558512808, 1.1056068401233885, -0.14906206909853026], "normalizedAxes": [-0.6927281022071838, 0.7211988568305969, 1.601383152373341e-16, 0, -2.220446049250313e-16, 1, 0.7211988568305969, 0.6927281022071838, 1.5381653777506084e-16]}, "segments": [59205, 36348, 59603, 36422, 59346, 58435, 36237, 35486, 40196, 36409], "label": "clothes"}, {"objectId": 15, "id": 15, "partId": 15, "index": 14, "dominantNormal": [0.38343337178230286, 0.9235685467720032, 2.0507341308917474e-16], "obb": {"axesLengths": [0.44258311357539787, 0.9399999766051769, 0.46758810785628135], "centroid": [-1.9164701049849802, 2.0232613588483384, -0.3400000681919586], "normalizedAxes": [0.38343337178230286, 0.9235685467720032, 2.0507341308917474e-16, 0, -2.220446049250313e-16, 1, 0.9235685467720032, -0.38343337178230286, -8.513931155247409e-17]}, "segments": [61046, 19326, 19414, 19208, 19302, 19321, 19372, 19393, 19395, 57881, 57892, 57926, 19896, 19602, 24179, 20610, 24235, 43264, 36142], "label": "clothes"}, {"objectId": 16, "id": 16, "partId": 16, "index": 15, "dominantNormal": [0.8240340352058411, -0.5665403008460999, -1.2579721727548062e-16], "obb": {"axesLengths": [0.44982838087584176, 0.38392006492793396, 0.3387073746760357], "centroid": [-2.388666106266017, 1.3624525257964997, -1.2419600335261953], "normalizedAxes": [0.5665403008460999, 0.8240340352058411, 1.8297231179206032e-16, 0, -2.220446049250313e-16, 1, 0.8240340352058411, -0.5665403008460999, -1.2579721727548062e-16]}, "segments": [27881, 26969, 27032, 27944, 56678, 56681, 56892, 27020, 28002, 56848, 61459, 56657, 26996, 27958, 56690, 56787], "label": "trash can"}, {"objectId": 17, "id": 17, "partId": 17, "index": 16, "dominantNormal": [-0.0967351421713829, 0.9953101873397827, 2.2100325732572095e-16], "obb": {"axesLengths": [0.4062151962842357, 0.46352999366380265, 0.42445688016136796], "centroid": [-2.500787601578801, 1.1048868287604041, -1.18176503589209], "normalizedAxes": [-0.09673513472080231, 0.9953101873397827, 2.2100325732572095e-16, 0, -2.220446049250313e-16, 1, 0.9953101873397827, 0.09673513472080231, 2.1479514771450227e-17]}, "segments": [43833, 56845, 64579, 28853, 28884, 43841, 56828, 56830, 56841, 56843, 64591, 64629, 64704, 28544, 28594, 28600, 28602, 28627, 28668, 28707, 28718, 28766, 28796, 52388, 56775, 56776, 56894, 61458, 61504, 64725, 28504, 28932, 52607, 52621, 52645, 56920, 64669, 64670, 28478, 64137, 56765, 51901, 51820, 51955, 51776], "label": "trash can"}, {"objectId": 18, "id": 18, "partId": 18, "index": 17, "dominantNormal": [-0.6941269636154175, -0.7198525667190552, -1.5983937878140235e-16], "obb": {"axesLengths": [0.41826307753848774, 0.47109996219500944, 0.38508179019120825], "centroid": [-2.6178440435890336, 0.7693248746677053, -1.2055500602418159], "normalizedAxes": [0.7198525667190552, -0.6941269636154175, -1.5412714740379696e-16, 0, -2.220446049250313e-16, 1, -0.6941269636154175, -0.7198525667190552, -1.5983937878140235e-16]}, "segments": [44470, 51595, 44492, 52243, 61590, 52432, 44526, 44558, 51437, 51447, 51492, 51537, 51631, 64031, 64063, 64861, 51489, 64814, 51363, 51394, 51398, 51485, 51520, 51569, 51570, 64476, 64858, 52433, 52369, 52368, 52710, 52740, 52725, 51314, 52651, 64760, 64528, 51352], "label": "trash can"}, {"objectId": 19, "id": 19, "partId": 19, "index": 18, "dominantNormal": [0, -2.220446049250313e-16, 1], "obb": {"axesLengths": [0.6039356068060826, 0.12292897426495752, 0.3868119967338021], "centroid": [-3.4327535022406144, 0.17804298921872663, -0.38853556310358073], "normalizedAxes": [0.8193009495735168, -0.573363721370697, -1.2731232099010215e-16, 0, -2.220446049250313e-16, 1, -0.573363721370697, -0.8193009495735168, -1.8192135566275455e-16]}, "segments": [45453, 62988, 17763, 17766, 17762, 46642, 39509, 39557], "label": "box"}, {"objectId": 20, "id": 20, "partId": 20, "index": 19, "dominantNormal": [0, -2.220446049250313e-16, 1], "obb": {"axesLengths": [0.2503720948433967, 0.1542299951412529, 0.19976506920049517], "centroid": [-0.5446379274040785, 0.5229344055599499, 1.8428148685320118], "normalizedAxes": [0.4531523287296295, 0.8914331197738647, 1.979379148972759e-16, 0, -2.220446049250313e-16, 1, 0.8914331197738647, -0.4531523287296295, -1.006200298036285e-16]}, "segments": [62922, 48704, 48718, 48813], "label": "light"}, {"objectId": 21, "id": 21, "partId": 21, "index": 20, "dominantNormal": [0, -2.220446049250313e-16, 1], "obb": {"axesLengths": [0.24426377358012655, 0.12424993237294402, 0.2651953113701805], "centroid": [-1.752067699863517, -1.8594798844890923, 1.8293448747649435], "normalizedAxes": [-0.6880952715873718, 0.7256203293800354, 1.6112007936276105e-16, 0, -2.220446049250313e-16, 1, 0.7256203293800354, 0.6880952715873718, 1.527878427304001e-16]}, "segments": [6386, 6807, 53901, 6215, 6253, 6218, 6283], "label": "light"}, {"objectId": 22, "id": 22, "partId": 22, "index": 21, "dominantNormal": [0, -2.220446049250313e-16, 1], "obb": {"axesLengths": [0.2412551397353796, 0.15523993621975318, 0.20572049970706624], "centroid": [-3.462879280784263, -0.9762325256203268, 1.8344898879823108], "normalizedAxes": [0.1413954794406891, 0.9899531602859497, 2.198137583699799e-16, 0, -2.220446049250313e-16, 1, 0.9899531602859497, -0.1413954794406891, -3.1396103370593195e-17]}, "segments": [13204, 13115, 13667, 54224], "label": "light"}, {"objectId": 23, "id": 23, "partId": 23, "index": 22, "dominantNormal": [-0.45716455578804016, -0.8893821239471436, -1.9748250233922872e-16], "obb": {"axesLengths": [2.4511903273311173, 1.1737929916279088, 0.4536028356860623], "centroid": [-1.0558636003677528, 1.5155221169915094, -0.8512335653518824], "normalizedAxes": [0.8893821239471436, -0.45716455578804016, -1.0151092317568281e-16, 0, -2.220446049250313e-16, 1, -0.45716455578804016, -0.8893821239471436, -1.9748250233922872e-16]}, "segments": [25523, 42239, 42247, 60356, 60370, 60278, 25709, 25727, 42786, 60445, 42857, 25972, 57577, 31278, 57613, 57657, 31079, 29525, 32131, 32119, 36513, 33225, 33152, 35076, 35250, 35248, 35213, 58391, 37367, 39189, 59129, 39116, 33609, 35567, 34769, 18810, 19141, 19155, 20046, 21048, 21676, 21681, 21755, 21783, 21828, 21849, 21885, 21888, 21890, 21892, 21893, 21909, 23521, 23540, 23947, 24004, 25510, 25880, 25952, 29520, 29751, 30570, 30737, 30798, 31128, 31174, 31181, 31212, 31268, 31269, 31939, 31997, 32031, 32104, 32151, 32171, 32217, 32222, 32808, 32842, 32843, 32851, 32852, 33236, 33322, 33588, 33965, 33977, 34355, 34831, 34841, 34986, 35032, 35528, 35705, 35783, 39167, 40883, 40887, 40908, 41473, 41485, 41498, 41507, 41526, 42150, 42325, 42373, 42584, 42609, 42639, 42644, 42668, 42836, 43313, 43379, 56254, 56277, 56375, 56465, 56470, 56494, 57083, 57105, 57117, 57476, 57492, 57538, 57540, 57590, 57671, 57676, 57805, 57819, 58009, 58216, 58272, 58339, 58429, 59141, 59148, 59179, 59183, 60022, 60028, 60292, 60392, 60395, 60414, 60478, 60523, 60611, 60643, 60645, 60722, 60850, 60853, 61183, 29455, 28398, 56732, 43136, 29660, 29700, 29678, 29769, 60647, 60748, 60838, 34458, 35754, 34346, 32892, 21540, 42073, 60241, 21198, 21121, 25640, 19951, 20006, 20200, 20207, 20462, 20559, 20575, 20600, 20618, 25442, 25872, 42466, 42925, 43310, 56237, 56241, 56246, 56372, 57963, 59699, 59854, 60214, 61015, 61123], "label": "books"}], "scan_id": "4731977c-f9f7-2a1a-976c-34c48a84405c", "annId": "3717", "appId": "stk.v1"}