{"segGroups": [{"objectId": 12, "id": 12, "partId": 12, "index": 0, "dominantNormal": [0.9810746312141418, -0.19362984597682953, -4.2994462651619776e-17], "obb": {"axesLengths": [1.405707910602903, 0.7287999042391795, 0.14027429970709718], "centroid": [2.9100228088124007, 0.06405035307013851, 0.42559998276233557], "normalizedAxes": [0.19362986087799072, 0.9810746312141418, 2.1784232888991491e-16, 0, -2.220446049250313e-16, 1, 0.9810746312141418, -0.19362986087799072, -4.2994465960342226e-17]}, "segments": [28, 44, 2147, 2290, 2723, 2732, 2820, 3030, 3303, 3438, 3946, 4827, 5051, 5085, 5135, 6066, 6261, 40551, 40573, 40585, 40627, 40693, 40850], "label": "curtain"}, {"objectId": 4, "id": 4, "partId": 4, "index": 1, "dominantNormal": [0.9790852665901184, -0.20345042645931244, -4.5175069564987167e-17], "obb": {"axesLengths": [3.3796761175637706, 2.491099897971005, 0.8276681418944093], "centroid": [2.9388927367525826, -0.19701124332967834, -0.18124008704930494], "normalizedAxes": [0.20345041155815125, 0.9790852665901184, 2.174006012079218e-16, 0, -2.220446049250313e-16, 1, 0.9790852665901184, -0.20345041155815125, -4.5175066256264717e-17]}, "segments": [76, 256, 878, 1250, 1877, 1888, 1897, 1964, 2479, 2642, 2889, 3569, 3914, 3980, 4822, 5880, 11331, 12052, 12066, 12083, 12107, 12253, 12514, 16502, 16810, 17624, 19335, 20082, 22089, 22116, 22119, 29223, 29275, 29303, 29321, 34293, 37660, 37882, 37916, 37970, 38078, 38163, 40325, 40328, 40566, 40577, 40777, 42028, 42031, 42037, 42040, 42042, 42045, 42057, 42082, 44036, 44054, 44099, 44909, 44940, 44966, 46710, 47607, 50113, 50220, 50229, 50368, 50539, 50602, 50653, 50688, 16904, 6858, 15027, 14686, 14695], "label": "wall"}, {"objectId": 6, "id": 6, "partId": 6, "index": 2, "dominantNormal": [0.9845357537269592, -0.17518390715122223, -3.8898641452616507e-17], "obb": {"axesLengths": [2.7283646698316772, 2.3217199521872396, 0.5630791667765386], "centroid": [-0.3573345503360934, 0.5048321418269519, -0.27086007920965494], "normalizedAxes": [0.17518390715122223, 0.9845357537269592, 2.1861085247087058e-16, 0, -2.220446049250313e-16, 1, 0.9845357537269592, -0.17518390715122223, -3.8898641452616507e-17]}, "segments": [572, 1212, 2038, 2050, 3662, 4133, 4138, 7511, 8672, 9051, 11875, 11928, 12624, 12632, 14733, 16261, 19407, 27713, 27724, 29125, 38273, 40394, 40504, 40753, 41842, 41853, 42346, 42347, 42410, 46551, 46557, 4021], "label": "cabinet"}, {"objectId": 8, "id": 8, "partId": 8, "index": 3, "dominantNormal": [0, -2.220446049250313e-16, 1], "obb": {"axesLengths": [4.3092436460597785, 0.15853994730398113, 4.19642426907913], "centroid": [1.354994420767682, 0.13200798018552556, 1.0092698910995574], "normalizedAxes": [-0.285473495721817, 0.9583866000175476, 2.1280457396634036e-16, 0, -2.220446049250313e-16, 1, 0.9583866000175476, 0.285473495721817, 6.338784957411847e-17]}, "segments": [839, 2159, 23770, 23773, 23839, 31100, 31137, 31156, 31166, 34889, 37597, 46900, 28851], "label": "ceiling"}, {"objectId": 19, "id": 19, "partId": 19, "index": 4, "dominantNormal": [0.9503095149993896, -0.31130659580230713, -6.91239500754797e-17], "obb": {"axesLengths": [1.1856290473514486, 1.0999999992549414, 0.6882885543527932], "centroid": [2.4675033578631274, -1.1629682223400348, -0.06000006996095175], "normalizedAxes": [0.31130659580230713, 0.9503095149993896, 2.110111008145376e-16, 0, -2.220446049250313e-16, 1, 0.9503095149993896, -0.31130659580230713, -6.91239500754797e-17]}, "segments": [1932, 3404, 3618, 3639, 3841, 3847, 3891, 5038, 5176, 5217, 5221, 5230, 5259, 5265, 5274, 5288, 5296, 5305, 5333, 5495, 5559, 5566, 5568, 5621, 5927, 6741, 6759, 6822, 6842, 8586, 9013, 9034, 10897, 10952, 12193, 12430, 12431, 12482, 12485, 12537, 12568, 12590, 13281, 13294, 13354, 13366, 13393, 13409, 13446, 13449, 13471, 13525, 13552, 13574, 13583, 13595, 13602, 13608, 13622, 13630, 13631, 13635, 13674, 15060, 15082, 15943, 16541, 16585, 16594, 16598, 16632, 19972, 20034, 20113, 20136, 22059, 22085, 22086, 40755, 40756, 40758, 40760, 40962, 40963, 41065, 41067, 41127, 41132, 41141, 41289, 41601, 41903, 42099, 42194, 42201, 42209, 42217, 42303, 42635, 42650, 42654, 42660, 43317, 43321, 43341, 43619, 43939, 44033, 44977, 50757, 50793, 50903, 50932], "label": "shelf"}, {"objectId": 11, "id": 11, "partId": 11, "index": 5, "dominantNormal": [0, -2.220446049250313e-16, 1], "obb": {"axesLengths": [1.189700992306081, 0.6228439966698585, 0.6979167202452262], "centroid": [3.237127963524806, 0.014605000364163429, -0.16142206464509679], "normalizedAxes": [0.248751699924469, 0.9685673117637634, 2.1506514608388448e-16, 0, -2.220446049250313e-16, 1, 0.9685673117637634, -0.248751699924469, -5.523397293415866e-17]}, "segments": [3373, 3384, 4949, 6246, 6318, 6385, 6411, 6454, 6468, 6488, 6505, 6893, 6895, 6935, 6946, 7050, 7053, 7063, 7115, 7173, 7174, 7179, 7209, 7215, 7237, 7244, 7302, 7584, 7828, 7829, 7837, 7842, 7870, 7908, 7919, 7924, 7930, 7936, 7950, 7989, 8030, 8038, 8046, 8064, 8095, 8108, 8129, 8136, 8147, 8384, 10031, 10188, 15350, 15675, 15712, 15727, 16000, 16021, 16035, 16046, 16079, 16108, 16112, 16135, 16154, 16167, 16192, 19373, 19379, 19421, 19539, 19617, 19631, 30925, 32140, 32147, 32150, 33782, 35737, 36964, 36969, 37109, 37421, 37422, 37445, 37471, 37490, 40949, 41227, 41245, 41252, 41328, 41334, 41434, 41448, 41462, 41467, 41492, 41519, 41529, 41535, 42754, 43144, 43146, 43149, 43156, 43160, 43671, 43673, 43678, 43685, 43733, 43735, 44391, 44451, 44460, 44462, 47673, 48911, 49624], "label": "window"}, {"objectId": 5, "id": 5, "partId": 5, "index": 6, "dominantNormal": [-0.2020455151796341, -0.9793761372566223, -2.1746518747014994e-16], "obb": {"axesLengths": [2.9850914307838208, 2.540000024288891, 0.49150371479205157], "centroid": [1.7734899822183896, 1.8309790334672444, -0.2000000525265937], "normalizedAxes": [0.9793761372566223, -0.2020455151796341, -4.486311659493627e-17, 0, -2.220446049250313e-16, 1, -0.2020455151796341, -0.9793761372566223, -2.1746518747014994e-16]}, "segments": [3813, 4454, 4516, 4642, 11833, 19209, 19259, 19649, 27077, 27203, 27414, 27429, 28020, 28031, 28054, 28092, 28097, 28103, 29756, 30254, 32466, 32829, 32838, 33024, 33126, 33858, 34434, 34478, 34865, 35869, 38477, 38503, 39424, 46542, 47294, 47319, 51460, 51571, 51805, 10488], "label": "wall"}, {"objectId": 2, "id": 2, "partId": 2, "index": 7, "dominantNormal": [0, -2.220446049250313e-16, 1], "obb": {"axesLengths": [3.2806680968852695, 1.1146380056149205, 2.2184012557274198], "centroid": [1.9810155065297148, -0.03511459976540722, -0.8574710687815171], "normalizedAxes": [0.3097756505012512, 0.9508096575737, 2.111221547748565e-16, 0, -2.220446049250313e-16, 1, 0.9508096575737, -0.3097756505012512, -6.87840119309449e-17]}, "segments": [4058, 9685, 10052, 11255, 20887, 21920, 23349, 26950, 26981, 27109, 33913, 35670, 35765, 36019, 36742, 39650, 39775, 39821, 39905, 39990, 40109, 40141, 40206, 40264, 40280, 40305, 46877, 47220, 48086, 51864, 52508, 9142], "label": "kitchen cabinet"}, {"objectId": 40, "id": 40, "partId": 40, "index": 8, "dominantNormal": [-0.647735059261322, -0.7618656754493713, -1.6916816291109778e-16], "obb": {"axesLengths": [0.7624528992652475, 2.47138995368652, 0.39723505882404125], "centroid": [-0.6479188903102187, -0.8120430225578448, -0.1856951169141745], "normalizedAxes": [0.7618656754493713, -0.647735059261322, -1.43826075329772e-16, 0, -2.220446049250313e-16, 1, -0.647735059261322, -0.7618656754493713, -1.6916816291109778e-16]}, "segments": [4065, 27977, 39832, 40781, 35009, 39764, 14793], "label": "wall"}, {"objectId": 17, "id": 17, "partId": 17, "index": 9, "dominantNormal": [0, -2.220446049250313e-16, 1], "obb": {"axesLengths": [0.7136480236532802, 0.3636410155078538, 0.5426048807698844], "centroid": [2.5867179281128436, -0.3102862274259687, -0.631820554692585], "normalizedAxes": [0.40663692355155945, 0.9135898351669312, 2.028576940131657e-16, 0, -2.220446049250313e-16, 1, 0.9135898351669312, -0.40663692355155945, -9.029153503793618e-17]}, "segments": [4200, 4251, 4278, 4286, 4298, 7475, 7700, 7793, 9760, 9802, 9818, 9820, 9843, 11701, 11720, 11743, 21746, 21800, 21853, 37704, 37705, 37723, 37797, 41361, 41699, 41711, 44828, 49770, 49856, 7367, 7428], "label": "sink"}, {"objectId": 1, "id": 1, "partId": 1, "index": 10, "dominantNormal": [0, -2.220446049250313e-16, 1], "obb": {"axesLengths": [6.7470622897449735, 1.0000000372529019, 4.085501667555358], "centroid": [1.5113705194966036, 0.03574037214548065, -1.0900000481307504], "normalizedAxes": [0.36041727662086487, 0.9327911734580994, 2.0712124758806002e-16, 0, -2.220446049250313e-16, 1, 0.9327911734580994, -0.36041727662086487, -8.002871179543566e-17]}, "segments": [4590, 6331, 6341, 7559, 7567, 8005, 8143, 8322, 10134, 27274, 27585, 28148, 28319, 28375, 29035, 30457, 30501, 32054, 32127, 32129, 32191, 32203, 32632, 32693, 33698, 33714, 34120, 35362, 35369, 39206, 40989, 41339, 46850, 51140, 23950, 18658, 16404, 36748, 11211, 4721, 4674, 6352, 9703, 10420, 10434, 10444, 26210, 28782, 28804, 28821, 28889, 28950, 28956, 30598, 33017, 33719, 36410, 36543, 36552, 36554, 36681, 36796, 36819, 36858, 36869, 37378, 37411, 41794, 46594, 46601, 46607, 46621, 46658, 46660, 46990, 46994, 46997, 46999, 48637, 48850, 48852, 48855, 48858, 49300, 49471, 49472, 41009, 27749, 28718, 21262, 33427, 36110, 48562, 34216, 47534, 47519, 26087], "label": "floor"}, {"objectId": 23, "id": 23, "partId": 23, "index": 11, "dominantNormal": [0.9867879152297974, -0.16201739013195038, -3.597508738283359e-17], "obb": {"axesLengths": [1.2507495815729288, 0.6492349956355615, 0.4267757071595133], "centroid": [2.975574201247182, 0.07154534826501577, -0.17461756412794815], "normalizedAxes": [0.16201740503311157, 0.9867879152297974, 2.1911093278199564e-16, 0, -2.220446049250313e-16, 1, 0.9867879152297974, -0.16201740503311157, -3.597509069155604e-17]}, "segments": [4833, 4955, 4964, 4965, 4969, 4972, 4997, 6595, 7283, 10910, 15577, 33596, 40891, 40894, 40905, 40936, 41247, 42701, 47428, 47449], "label": "windowsill"}, {"objectId": 3, "id": 3, "partId": 3, "index": 12, "dominantNormal": [0, -2.220446049250313e-16, 1], "obb": {"axesLengths": [3.2406393847340165, 0.4399999877810479, 2.1405496659196626], "centroid": [1.9755914880941976, 0.019400779904617527, -0.5300000582635405], "normalizedAxes": [0.3335549533367157, 0.9427306652069092, 2.093282581065801e-16, 0, -2.220446049250313e-16, 1, 0.9427306652069092, -0.3335549533367157, -7.406407783443829e-17]}, "segments": [5833, 5892, 7401, 7413, 9364, 9550, 11457, 11610, 11672, 11981, 12277, 12328, 12330, 13006, 13102, 13127, 13172, 13185, 13220, 13221, 14376, 14380, 14387, 14891, 14894, 14911, 14922, 14925, 15346, 15838, 15886, 15891, 15894, 15901, 15924, 15946, 15960, 17394, 17424, 17456, 17461, 17493, 17501, 17508, 18410, 18427, 19020, 19192, 19197, 19203, 19931, 19955, 20728, 20732, 20779, 20901, 20969, 21274, 21341, 21368, 21407, 21442, 21454, 21460, 21728, 21774, 21860, 23082, 23149, 23215, 23258, 23276, 23291, 23354, 23404, 23432, 23445, 23499, 23504, 23540, 23558, 23579, 23594, 23598, 23621, 23649, 23674, 23683, 24433, 24537, 24540, 24545, 24562, 24599, 24608, 24609, 24626, 24630, 24700, 25200, 25291, 25315, 26332, 26342, 26388, 26859, 26891, 26937, 26943, 26961, 27654, 27666, 27679, 29381, 30400, 30432, 31018, 31776, 31857, 31936, 31942, 31950, 32958, 32970, 34383, 34644, 35606, 35720, 35749, 37047, 37112, 38755, 39533, 39548, 39609, 39664, 40059, 40077, 40083, 42617, 42633, 43103, 43785, 43789, 43896, 44164, 44225, 44282, 44346, 44349, 44352, 44358, 44361, 44367, 44448, 44506, 44533, 44583, 44602, 44731, 44734, 44821, 45474, 45478, 45716, 45744, 45788, 46091, 46397, 46399, 46410, 46430, 46500, 46520, 46591, 47073, 47277, 47291, 48406, 51077, 51103, 51131, 51898, 52219, 52548, 31837, 37064, 30465], "label": "kitchen counter"}, {"objectId": 7, "id": 7, "partId": 7, "index": 13, "dominantNormal": [0.24337489902973175, 0.9699323177337646, 2.153682382952137e-16], "obb": {"axesLengths": [0.5815673614857254, 1.1200000095367426, 0.6202597519986731], "centroid": [-0.6459072188692272, -0.50056740181179, -0.29000006899237585], "normalizedAxes": [0.24337488412857056, 0.9699323177337646, 2.153682382952137e-16, 0, -2.220446049250313e-16, 1, 0.9699323177337646, -0.24337488412857056, -5.404007999500372e-17]}, "segments": [8353, 12740, 12763, 12767, 12787, 12885, 12898, 13193, 13194, 13195, 13201, 26755, 26811, 26816, 34957, 37310, 37325, 37349, 41999, 42006, 42011, 42019, 42023, 42026, 47867, 49052, 49055, 49058, 52422, 39790, 13315, 26742, 10972, 10988, 10993, 11006, 11007, 13070, 13122, 13129, 13144, 13224, 13259, 13487, 13536, 18177, 18186, 18224, 18229, 18233, 18286, 18451, 36642, 36655, 37284, 37285, 37290, 39806, 41523, 41908, 41924, 41932, 42047, 42052, 49048, 52396], "label": "oven"}, {"objectId": 34, "id": 34, "partId": 34, "index": 14, "dominantNormal": [-0.0340178944170475, -0.999421238899231, -2.2191609414506507e-16], "obb": {"axesLengths": [0.9748636895525664, 2.043079926600755, 0.4186343518306054], "centroid": [1.1965542941269132, 2.0301072205782207, -0.391540051068217], "normalizedAxes": [0.999421238899231, -0.0340178906917572, -7.553489099034128e-18, 0, -2.220446049250313e-16, 1, -0.0340178906917572, -0.999421238899231, -2.2191609414506507e-16]}, "segments": [9401, 9479, 18748, 25493, 29565, 29569, 32416, 39989, 50465, 33116, 32412, 47298, 30538], "label": "doorframe"}, {"objectId": 20, "id": 20, "partId": 20, "index": 15, "dominantNormal": [0, -2.220446049250313e-16, 1], "obb": {"axesLengths": [0.32714121026560733, 0.17926898197973537, 0.3066764051213994], "centroid": [2.9611750963208285, 0.8481171350434963, -0.41963456564468515], "normalizedAxes": [-0.06518090516328812, 0.9978734850883484, 2.2157242376160644e-16, 0, -2.220446049250313e-16, 1, 0.9978734850883484, 0.06518090516328812, 1.4473068335638243e-17]}, "segments": [9457, 9526, 11104, 11150, 11202], "label": "kitchen appliance"}, {"objectId": 21, "id": 21, "partId": 21, "index": 16, "dominantNormal": [0.03807666152715683, -0.9992748498916626, -2.2188358925571419e-16], "obb": {"axesLengths": [0.4610814721046682, 0.3149930168317329, 0.18824634692297243], "centroid": [2.8270127345888145, 0.6402672117154643, -0.34749657070272], "normalizedAxes": [0.9992748498916626, 0.03807665780186653, 8.454716438481065e-18, 0, -2.220446049250313e-16, 1, 0.03807665780186653, -0.9992748498916626, -2.2188358925571419e-16]}, "segments": [9510, 9994, 10077, 10848, 15356, 15364, 41667, 42695, 47471], "label": "coffee maker"}, {"objectId": 16, "id": 16, "partId": 16, "index": 17, "dominantNormal": [0, -2.220446049250313e-16, 1], "obb": {"axesLengths": [0.5230086483322371, 0.3051159909714163, 0.3915468339537875], "centroid": [2.9520740585326073, 1.259839483557793, -0.3579810572866873], "normalizedAxes": [-0.5984566807746887, 0.801155149936676, 1.7789217875134345e-16, 0, -2.220446049250313e-16, 1, 0.801155149936676, 0.5984566807746887, 1.3288407724736134e-16]}, "segments": [11420, 34426, 34444, 34445, 34504, 34505, 34547, 38581, 38648, 38935, 43811, 47656, 50393, 51142], "label": "squeezer"}, {"objectId": 14, "id": 14, "partId": 14, "index": 18, "dominantNormal": [-0.07957448810338974, -0.9968289136886597, -2.2134048231784657e-16], "obb": {"axesLengths": [0.6516000974114258, 0.3973349989056213, 0.37352629381857977], "centroid": [2.3561039248266766, 1.4704837242096724, -0.42866756740210543], "normalizedAxes": [0.9968289136886597, -0.07957448810338974, -1.766908577302878e-17, 0, -2.220446049250313e-16, 1, -0.07957448810338974, -0.9968289136886597, -2.2134048231784657e-16]}, "segments": [11865, 19277, 19702, 19734, 19790, 19793, 19794, 19853, 21004, 21011, 21052, 21106, 21566, 44444, 44698, 45480, 21323], "label": "box"}, {"objectId": 15, "id": 15, "partId": 15, "index": 19, "dominantNormal": [0.2546675205230713, -0.9670286774635315, -2.1472350063856538e-16], "obb": {"axesLengths": [0.3427650231415471, 0.28190998102925746, 0.13804455518483744], "centroid": [2.760269178050013, 1.5060497729089655, -0.3582990555100367], "normalizedAxes": [0.9670286774635315, 0.2546675205230713, 5.654754898178267e-17, 0, -2.220446049250313e-16, 1, 0.2546675205230713, -0.9670286774635315, -2.1472350063856538e-16]}, "segments": [11945, 19224, 42001, 51234], "label": "can"}, {"objectId": 27, "id": 27, "partId": 27, "index": 20, "dominantNormal": [0.98226398229599, -0.18750324845314026, -4.1634084724937517e-17], "obb": {"axesLengths": [0.6309828230270912, 0.25999998837709437, 0.24587280277130186], "centroid": [2.5712286886428446, -1.1999691666854873, 0.0799999256432058], "normalizedAxes": [0.18750324845314026, 0.98226398229599, 2.1810641788100104e-16, 0, -2.220446049250313e-16, 1, 0.98226398229599, -0.18750324845314026, -4.1634084724937517e-17]}, "segments": [13463, 17003, 17004, 17007, 17018, 17048, 17113, 17119, 17130, 20123, 22717, 43315, 43364, 45324], "label": "plant"}, {"objectId": 9, "id": 9, "partId": 9, "index": 21, "dominantNormal": [-0.20871275663375854, -0.9779769778251648, -2.1715451166696482e-16], "obb": {"axesLengths": [1.7120737647601998, 1.0215600221255414, 0.4439771971772854], "centroid": [2.3681267184395107, 1.4577693322065226, 0.5407799408037959], "normalizedAxes": [0.9779769778251648, -0.20871274173259735, -4.6343538280834673e-17, 0, -2.220446049250313e-16, 1, -0.20871274173259735, -0.9779769778251648, -2.1715451166696482e-16]}, "segments": [14776, 15154, 15178, 15250, 15280, 16687, 16725, 16964, 17141, 17173, 17756, 17796, 17843, 17846, 17976, 19475, 19521, 19570, 20327, 20361, 20423, 20430, 20437, 20641, 22285, 22298, 22315, 22346, 22787, 22861, 22885, 22907, 22915, 23071, 23863, 23961, 23967, 23988, 24022, 24079, 24096, 24104, 24109, 24111, 24132, 24168, 24183, 24226, 24255, 24265, 24336, 24361, 24370, 24785, 26175, 26239, 29458, 31228, 31297, 31324, 31327, 31336, 31338, 31350, 31374, 31417, 31429, 31435, 31437, 31442, 31479, 31547, 31571, 31634, 31665, 31675, 31681, 31746, 32119, 32776, 32802, 35045, 35138, 35152, 35163, 35174, 35188, 35229, 35261, 35339, 35348, 35529, 39041, 39083, 43482, 43635, 44132, 45034, 45329, 45369, 45373, 45388, 45429, 45557, 45568, 45619, 45699, 45845, 45856, 45865, 46904, 46906, 46911, 46913, 46920, 47170, 47878, 47914, 47958, 47988, 48006, 48031, 48050, 48072, 48629, 51059, 51607, 51653, 51731], "label": "shelf"}, {"objectId": 33, "id": 33, "partId": 33, "index": 22, "dominantNormal": [0, -2.220446049250313e-16, 1], "obb": {"axesLengths": [0.6065118413437471, 0.3798680071562227, 0.3949816583761508], "centroid": [2.4625952223214203, -0.8931279955716729, -0.436858064975038], "normalizedAxes": [0.7917457222938538, -0.6108508110046387, -1.3563612699765996e-16, 0, -2.220446049250313e-16, 1, -0.6108508110046387, -0.7917457222938538, -1.758028661078223e-16]}, "segments": [15334, 15386, 15403, 15415, 15788, 15880, 18859, 19140, 19145, 19157, 20582, 34274, 37829, 37843, 38016, 38036, 38056, 42938, 42939, 49877, 49882, 49902, 49920, 49958, 50035, 50043, 50048, 50098, 50102, 50244, 50360, 50363, 50370, 50376], "label": "kitchen appliance"}, {"objectId": 28, "id": 28, "partId": 28, "index": 23, "dominantNormal": [0, -2.220446049250313e-16, 1], "obb": {"axesLengths": [2.0641399690866433, 0.44248901808658897, 0.5322665455335052], "centroid": [1.6703663774782236, -1.1108158807406983, 0.8222354373581218], "normalizedAxes": [0.9553561210632324, -0.2954566776752472, -6.560456126686258e-17, 0, -2.220446049250313e-16, 1, -0.2954566776752472, -0.9553561210632324, -2.1213167246419582e-16]}, "segments": [18516, 18536, 24806, 24807, 24821, 24843, 30051, 30072, 30761, 37186, 38990, 46095, 46804, 46868, 36563, 28640, 46571, 17661, 25368, 28188, 28197, 28202, 28674, 29385, 29391, 29396, 38216, 46585, 50423], "label": "shelf"}, {"objectId": 32, "id": 32, "partId": 32, "index": 24, "dominantNormal": [0, -2.220446049250313e-16, 1], "obb": {"axesLengths": [0.4061643349159625, 0.1295529873024004, 0.2863564214244305], "centroid": [2.437075677733424, -0.7022385854650263, -0.5052235553736204], "normalizedAxes": [0.9777739644050598, -0.20966169238090515, -4.655424765263153e-17, 0, -2.220446049250313e-16, 1, -0.20966169238090515, -0.9777739644050598, -2.1710943363230313e-16]}, "segments": [18979, 18989, 19135, 21677, 44574, 47559], "label": "cup"}, {"objectId": 13, "id": 13, "partId": 13, "index": 25, "dominantNormal": [0, -2.220446049250313e-16, 1], "obb": {"axesLengths": [0.21506768081164057, 0.10792800542873127, 0.23101137713437642], "centroid": [1.9918324048129215, 1.6309033164000062, -0.43603606478789425], "normalizedAxes": [0.9398542642593384, 0.3415757119655609, 7.584504401537926e-17, 0, -2.220446049250313e-16, 1, 0.3415757119655609, -0.9398542642593384, -2.0868956879457076e-16]}, "segments": [21139, 23430, 27164, 45486, 45490, 45493], "label": "fruits"}, {"objectId": 35, "id": 35, "partId": 35, "index": 26, "dominantNormal": [-0.24978476762771606, -0.9683013558387756, -2.150060920055931e-16], "obb": {"axesLengths": [0.31271139783633495, 0.14781000134773542, 0.13466684318221187], "centroid": [2.338041641385088, 1.3652685704815783, 0.14390493048939867], "normalizedAxes": [0.9683013558387756, -0.24978478252887726, -5.5463363352909414e-17, 0, -2.220446049250313e-16, 1, -0.24978478252887726, -0.9683013558387756, -2.150060920055931e-16]}, "segments": [22981, 22998, 23000, 23012, 23013, 24347], "label": "basket"}, {"objectId": 10, "id": 10, "partId": 10, "index": 27, "dominantNormal": [0.7636566162109375, -0.6456226110458374, -1.4335701760034012e-16], "obb": {"axesLengths": [0.4223132424050844, 2.5074599420846995, 0.26552760408355625], "centroid": [0.21330260548951707, 1.892421551012597, -0.16884005623668474], "normalizedAxes": [0.6456226110458374, 0.7636566162109375, 1.6956583164494388e-16, 0, -2.220446049250313e-16, 1, 0.7636566162109375, -0.6456226110458374, -1.4335701760034012e-16]}, "segments": [27519, 27805, 28513, 33218, 33857, 34040, 34700, 34740, 46559, 47676, 47678, 47788], "label": "wall"}, {"objectId": 26, "id": 26, "partId": 26, "index": 28, "dominantNormal": [0, -2.220446049250313e-16, 1], "obb": {"axesLengths": [0.2895463199663481, 0.21999999389052394, 0.2853888027429384], "centroid": [2.895125444895908, -0.4071718649388574, -0.4000000510364772], "normalizedAxes": [-0.5649595260620117, 0.8251186013221741, 1.8321313384687656e-16, 0, -2.220446049250313e-16, 1, 0.8251186013221741, 0.5649595260620117, 1.2544621476307232e-16]}, "segments": [29181, 29261, 37545, 49525, 49687], "label": "plant"}, {"objectId": 43, "id": 43, "partId": 43, "index": 30, "dominantNormal": [0.4742627739906311, -0.880383312702179, -1.9548436485154562e-16], "obb": {"axesLengths": [0.2875911888190305, 0.2402598804177368, 0.08196602641010305], "centroid": [2.887228584938845, -1.9657222319087275, -1.310130039748624], "normalizedAxes": [0.8803833723068237, 0.4742627739906311, 1.053074902813991e-16, 0, -2.220446049250313e-16, 1, 0.4742627739906311, -0.8803833723068237, -1.9548437808643542e-16]}, "segments": [29771, 29834], "label": "curtain"}, {"objectId": 45, "id": 45, "partId": 45, "index": 31, "dominantNormal": [0.9805188775062561, -0.1964249610900879, -4.361510288266321e-17], "obb": {"axesLengths": [2.7341164021115576, 0.31787001376144486, 0.04897383226639169], "centroid": [-0.27876101820617016, 0.48962109154624756, 0.9089349211990454], "normalizedAxes": [0.1964249610900879, 0.9805188775062561, 2.177189267774118e-16, 0, -2.220446049250313e-16, 1, 0.9805188775062561, -0.1964249610900879, -4.361510288266321e-17]}, "segments": [37168, 12866, 48848], "label": "wall"}, {"objectId": 46, "id": 46, "partId": 46, "index": 32, "dominantNormal": [0, -2.220446049250313e-16, 1], "obb": {"axesLengths": [0.6710448420110835, 0.380307993732959, 0.4475817183352402], "centroid": [-0.7113864607447307, -0.5179088601132713, 0.02015392996026577], "normalizedAxes": [0.5944258570671082, 0.804150402545929, 1.7855725843361569e-16, 0, -2.220446049250313e-16, 1, 0.804150402545929, -0.5944258570671082, -1.3198905458968916e-16]}, "segments": [43587, 13890, 13846, 39761, 13744, 39729, 8498, 14476, 8754, 8548, 41945, 8453, 41793, 11171, 11572, 14114, 8448, 8468, 8473, 8484, 8505, 8510, 8731, 11165, 11174, 11177, 11489, 11521, 11532, 11546, 11550, 11556, 13749, 13828, 13832, 13840, 13860, 13897, 13951, 14017, 14129, 14212, 14505, 14525, 14538, 14580, 39730, 41366, 41446, 42137, 42192, 42287, 42289, 42298, 42313, 42320, 42327, 42333, 42335, 42340, 42443, 42476, 42493, 42495, 14262, 41974, 11024, 11052, 11122], "label": "microwave"}, {"objectId": 49, "id": 49, "partId": 49, "index": 34, "dominantNormal": [0, -2.220446049250313e-16, 1], "obb": {"axesLengths": [0.6861825086903852, 0.17051997399658014, 0.4914760773105628], "centroid": [0.8808584470270299, -1.077893845892416, -0.44474004146292834], "normalizedAxes": [0.8305813074111938, 0.5568973422050476, 1.2365605033371976e-16, 0, -2.220446049250313e-16, 1, 0.5568973422050476, -0.8305813074111938, -1.8442609826223452e-16]}, "segments": [31829, 30950, 30188, 35614, 25719], "label": "bowl"}, {"objectId": 51, "id": 51, "partId": 51, "index": 35, "dominantNormal": [0, -2.220446049250313e-16, 1], "obb": {"axesLengths": [0.6897418557215867, 0.2844269808137345, 0.45746915922378995], "centroid": [2.9559622359840203, -0.23622621062544813, -0.4477865390974325], "normalizedAxes": [0.7351787686347961, 0.6778732538223267, 1.50518098834224e-16, 0, -2.220446049250313e-16, 1, 0.6778732538223267, -0.7351787686347961, -1.632424792307843e-16]}, "segments": [37067, 7754, 51936, 36956, 49597, 49679, 49609], "label": "plant"}, {"objectId": 52, "id": 52, "partId": 52, "index": 36, "dominantNormal": [0.9996203780174255, 0.02755185216665268, 6.117740129297262e-18], "obb": {"axesLengths": [0.13030481278610734, 0.21957596645706956, 0.09755170793696205], "centroid": [1.5932075635192873, 1.5142399732740124, -0.40794505198422826], "normalizedAxes": [-0.02755185216665268, 0.9996203780174255, 2.219603119118897e-16, 0, -2.220446049250313e-16, 1, 0.9996203780174255, 0.02755185216665268, 6.117740129297262e-18]}, "segments": [24645, 47136], "label": "items"}, {"objectId": 53, "id": 53, "partId": 53, "index": 37, "dominantNormal": [0.7000563144683838, -0.7140876054763794, -1.5855930023986429e-16], "obb": {"axesLengths": [0.3117971242636639, 0.20592799322468047, 0.15710652677855552], "centroid": [1.6487563118043709, 1.4003577075152065, -0.4529640517466367], "normalizedAxes": [0.7140876054763794, 0.7000563740730286, 1.5544374100629556e-16, 0, -2.220446049250313e-16, 1, 0.7000563740730286, -0.7140876054763794, -1.5855930023986429e-16]}, "segments": [45802, 23385, 23480], "label": "item"}, {"objectId": 54, "id": 54, "partId": 54, "index": 38, "dominantNormal": [0, -2.220446049250313e-16, 1], "obb": {"axesLengths": [0.5300209435636745, 0.14657601386511288, 0.27796888560633065], "centroid": [1.2115955973942683, -0.9896462495601724, -0.4232880620668529], "normalizedAxes": [0.9757453203201294, 0.2189088761806488, 4.860753492611476e-17, 0, -2.220446049250313e-16, 1, 0.2189088761806488, -0.9757453203201294, -2.1665898415793125e-16]}, "segments": [31781, 25214, 31823, 31870, 31868, 18204], "label": "bread"}, {"objectId": 55, "id": 55, "partId": 55, "index": 39, "dominantNormal": [0.07265570759773254, -0.9973570704460144, -2.2145775667637189e-16], "obb": {"axesLengths": [0.12439931524905927, 0.24175199325937036, 0.10517807851893109], "centroid": [0.928280544311503, -0.8588538390293637, -0.3491240605907737], "normalizedAxes": [0.9973570704460144, 0.07265570759773254, 1.6132807889087118e-17, 0, -2.220446049250313e-16, 1, 0.07265570759773254, -0.9973570704460144, -2.2145775667637189e-16]}, "segments": [39384, 39362, 35580], "label": "item"}, {"objectId": 56, "id": 56, "partId": 56, "index": 40, "dominantNormal": [0, -2.220446049250313e-16, 1], "obb": {"axesLengths": [0.4512841807411105, 0.17269697399369677, 0.2661547378155371], "centroid": [1.103971442578897, -1.3267641716611538, -0.4282825437572042], "normalizedAxes": [0.7844105362892151, -0.6202419400215149, -1.3772137653001224e-16, 0, -2.220446049250313e-16, 1, -0.6202419400215149, -0.7844105362892151, -1.741741276293707e-16]}, "segments": [25181, 18782, 48249], "label": "item"}, {"objectId": 57, "id": 57, "partId": 57, "index": 41, "dominantNormal": [-0.2663736939430237, -0.9638698101043701, -2.1402209118378981e-16], "obb": {"axesLengths": [0.43075636626398783, 0.3515629689791133, 0.2772808890976162], "centroid": [1.5825823885923087, -1.1117486096260003, -0.35421854397166186], "normalizedAxes": [0.9638698101043701, -0.2663736939430237, -5.91468416339999e-17, 0, -2.220446049250313e-16, 1, -0.2663736939430237, -0.9638698101043701, -2.1402209118378981e-16]}, "segments": [45916, 24980, 17205, 25053, 18027, 18076, 18091, 18093, 18095, 18121, 18258, 25009, 25060, 25095, 43663, 43668, 45875, 45877, 45939, 46079, 17213, 48144, 18088, 18122, 18123, 18125, 18126, 18155, 18302, 24987, 24993, 25076, 43658], "label": "bread"}, {"objectId": 58, "id": 58, "initialPoint": [2.2118968089964355, -1.1520972337619009, -0.3975709029269756], "index": 42, "dominantNormal": [0, -2.220446049250313e-16, 1], "obb": {"axesLengths": [0.8593865733858674, 0.4948926829943204, 0.8627221302233907], "centroid": [2.2199683950939013, -1.262375153930037, -0.3225537075276603], "normalizedAxes": [0.9954418540000916, -0.0953703373670578, -2.11764688822353e-17, 0, -2.220446049250313e-16, 1, -0.0953703373670578, -0.9954418540000916, -2.2103249319729103e-16]}, "segments": [10769, 13863, 16861, 43186, 43174, 12773, 16942, 5464, 5530, 5602, 5605, 5608, 5667, 5670, 5737, 8793, 8885, 10528, 10537, 10585, 10609, 10630, 10634, 10669, 10693, 10695, 10703, 10712, 10773, 10789, 10790, 10871, 12770, 12798, 12803, 12823, 12827, 12830, 12831, 12868, 12918, 12941, 12950, 13956, 13981, 13991, 14036, 14081, 14085, 14117, 14234, 15743, 15755, 16838, 16911, 40997, 40998, 41064, 41136, 41617, 41855, 41862, 41874, 42478, 42497, 42514, 42574, 42581, 42714, 42758, 42855, 42936, 43055, 43058, 43063, 43248, 43274, 16856, 8749, 8751, 8851, 13925, 41539, 41547, 41584, 12700, 15328, 42434, 17269, 5381, 5469, 5541, 5555, 5650, 15431, 15462, 15503, 15515, 15524, 15585, 15599, 15652, 15664, 15742, 15753, 15772, 15836, 15854, 17361, 18915, 41040, 41558, 42985, 42993, 43004, 43009, 43013, 43030, 43043, 43069, 43491, 43788, 42786, 8578, 13903, 15833, 16924, 5367, 5369, 15530, 15546, 15631, 15634, 20693, 37957, 42941, 42998, 50084, 15825, 43093, 15544], "partId": 58, "label": "clutter"}], "scan_id": "1d2f8514-d757-207c-8e40-377957df6f67", "annId": "3482", "appId": "stk.v1"}