{"segGroups": [{"objectId": 1, "id": 1, "partId": 1, "index": 0, "dominantNormal": [0, -2.220446049250313e-16, 1], "obb": {"axesLengths": [5.989892603015316, 0.315439932448269, 4.269190079034744], "centroid": [-0.6336080145356346, -0.2756402096878945, -1.5817099288468814], "normalizedAxes": [-0.523897647857666, 0.8517812490463257, 1.8913343092704109e-16, 0, -2.220446049250313e-16, 1, 0.8517812490463257, 0.523897647857666, 1.1632864623970863e-16]}, "segments": [55593, 37744, 52569, 67696, 16006, 4009, 4194, 4227, 4242, 4266, 4293, 4294, 4420, 4824, 5238, 5251, 5254, 5261, 5279, 5314, 5390, 5409, 5411, 5437, 8134, 8170, 9720, 10399, 12385, 12541, 13118, 13140, 13198, 13232, 13245, 13725, 13925, 13983, 13985, 14049, 15298, 15345, 15810, 16000, 16004, 16005, 16007, 16191, 16413, 16436, 16437, 16451, 21491, 21505, 21523, 21531, 21565, 21567, 21576, 21581, 21814, 21834, 21876, 22240, 22264, 22265, 23674, 29817, 32220, 32866, 34898, 36016, 36128, 36203, 36209, 36246, 36252, 36259, 36271, 37694, 37698, 37715, 37809, 38987, 39009, 39597, 39613, 39626, 39645, 39673, 39676, 39678, 39713, 39723, 39781, 39784, 45664, 45672, 45906, 49420, 50616, 50626, 50778, 50827, 50829, 50837, 52545, 52615, 52622, 52634, 52663, 52676, 57120, 57144, 61654, 63454, 63463, 63826, 64052, 64079, 64082, 64123, 65905, 65908, 66229, 66689, 75190, 75196, 75202, 75207, 75212, 75242, 75253, 75605, 75606, 76017, 76484, 76503, 76556, 76567, 76573, 77422, 77505, 77620, 77625, 77659, 77823, 79781, 79810, 79878, 79904, 79911, 79915, 79918, 79927, 79928, 79932, 79968, 80310, 83632, 84177, 84372, 84375, 84872, 84881, 87207, 87209, 91604, 91607, 91611, 93305, 93721, 97847, 37639, 26388, 33265, 30195, 93949, 53870, 8906, 8808, 21862, 63863, 67533, 93751, 41650, 26328, 13138, 4912, 66651, 5038, 4938, 4942, 39650, 91263, 63811, 77615, 91187, 22626, 50167, 94391, 41898, 50810, 80837, 39696, 16374, 16388, 26507, 4959, 4992, 4949, 75146, 5034, 65784, 65786, 65745, 65764], "label": "floor"}, {"objectId": 2, "id": 2, "partId": 2, "index": 1, "dominantNormal": [0.9441720247268677, 0.32945284247398376, 7.31532262485643e-17], "obb": {"axesLengths": [4.888304842489919, 3.3043199039030084, 0.2732030291549181], "centroid": [-2.469123383777699, -0.6432378035681886, 0.004800038304924703], "normalizedAxes": [-0.32945284247398376, 0.9441720247268677, 2.0964830421174422e-16, 0, -2.220446049250313e-16, 1, 0.9441720247268677, 0.32945284247398376, 7.31532262485643e-17]}, "segments": [34694, 49442, 30916, 37909, 40912, 40933, 41952, 42016, 42032, 42045, 42135, 42162, 42170, 42195, 42202, 42223, 42232, 42261, 42318, 42331, 42340, 42351, 42381, 42382, 42436, 42439, 42442, 42470, 42482, 42493, 42538, 42572, 42583, 42676, 42684, 42731, 42773, 42804, 43036, 43143, 43333, 43360, 44786, 44790, 44927, 44929, 44992, 50550, 53036, 53743, 69205, 78869, 79935, 80845, 80876, 80877, 80879, 80881, 80972, 80973, 80980, 80996, 81090, 81104, 81111, 81113, 81121, 81130, 81822, 90865, 26495, 66828, 63123, 65160, 64535, 91093, 63050, 14917, 63930, 57562, 94961, 69380, 62259, 94989, 95072, 61550, 61534, 95121, 58548, 87801, 21009, 60460, 24783], "label": "wall"}, {"objectId": 3, "id": 3, "partId": 3, "index": 2, "dominantNormal": [0.9421840906143188, 0.3350957930088043, 7.440621297068002e-17], "obb": {"axesLengths": [1.3798328617055873, 2.6834899779374144, 0.6303438817337796], "centroid": [-2.0218618077757133, -1.2344155067738725, -0.2992249492729089], "normalizedAxes": [-0.3350957930088043, 0.9421840906143188, 2.0920689416710633e-16, 0, -2.220446049250313e-16, 1, 0.9421840906143188, 0.3350957930088043, 7.440621297068002e-17]}, "segments": [8277, 2989, 2971, 3067, 7949, 9325, 75577, 4052, 7887, 75478, 2558, 27856, 27966, 27927, 59973, 58187, 58966, 28209, 27488, 27430, 10504, 47259, 73402, 49306, 88156, 88232, 2588, 3052, 3262, 5900, 6047, 7921, 22707, 22721, 22734, 27614, 27626, 27632, 27636, 27641, 27768, 27801, 27822, 27836, 27838, 27840, 27843, 27860, 27915, 32282, 33419, 33580, 43057, 43088, 43091, 48801, 58816, 59007, 59072, 59089, 59181, 59195, 59253, 59555, 59661, 59665, 59701, 59720, 59956, 60013, 65234, 66208, 73199, 73311, 74975, 74995, 75332, 75448, 75450, 75453, 76600, 76626, 77649, 77716, 78206, 80095, 83538, 87743, 87750, 87945, 87954, 87969, 88026], "label": "cabinet"}, {"objectId": 4, "id": 4, "partId": 4, "index": 3, "dominantNormal": [0.9985899925231934, 0.05308503657579422, 1.1787245973903064e-17], "obb": {"axesLengths": [0.8284610038884277, 2.1734359970665866, 0.5770759491293194], "centroid": [-1.732916878540399, -2.00340334626706, -0.528651983768075], "normalizedAxes": [-0.05308504030108452, 0.9985899925231934, 2.2173152037190244e-16, 0, -2.220446049250313e-16, 1, 0.9985899925231934, 0.05308504030108452, 1.1787246801083677e-17]}, "segments": [53694, 50018, 53869, 81913, 17636, 63286, 63533, 91251, 91256, 6285, 6345, 92648, 92641, 712, 6314, 6338, 31441, 61936, 63568, 66423, 69474, 77940, 78274, 78947, 91179, 66415, 71467, 22760, 5877, 5895, 5924, 16895, 16996, 17007, 17129, 17150, 76623, 16991, 77395, 79117, 5995, 35559, 81200, 42912, 17195, 35246, 79090, 79254, 79256, 42973, 15894, 59016, 23835, 63720], "label": "shelf"}, {"objectId": 7, "id": 7, "partId": 7, "index": 4, "dominantNormal": [0.9112338423728943, 0.41188937425613403, 9.145781337952164e-17], "obb": {"axesLengths": [1.1278619151061877, 0.7325199678722027, 0.7257499192927354], "centroid": [-1.6867511604693826, -1.9297253996839014, 0.8562599992842972], "normalizedAxes": [-0.41188937425613403, 0.9112338423728943, 2.0233455852400757e-16, 0, -2.220446049250313e-16, 1, 0.9112338423728943, 0.41188937425613403, 9.145781337952164e-17]}, "segments": [1980, 2597, 2618, 20449, 1360, 2825, 2110, 24864, 91077, 77297, 64012, 63994, 63663, 12124, 14929, 1293, 1297, 1354, 2540, 2557, 2601, 2862, 2877, 2893, 2913, 2927, 2934, 2941, 12083, 12434, 12476, 12504, 12510, 20706, 20710, 20711, 20712, 23788, 24834, 24836, 24843, 26546, 26587, 27746, 27751, 27855, 27901, 27945, 43164, 60170, 60291, 60319, 60328, 60356, 60403, 63639, 64025, 74633, 74849, 74902, 74939, 74942, 74948, 74954, 74966, 76789, 76794, 76798, 76802, 76822, 77281, 77284, 77967, 77968, 77971, 78149, 78151, 78153, 88252, 88271, 88556, 88559, 88562, 88598, 91413, 91466, 91469], "label": "box"}, {"objectId": 8, "id": 8, "partId": 8, "index": 5, "dominantNormal": [0.3718882203102112, -0.9282774925231934, -2.0611900908811117e-16], "obb": {"axesLengths": [3.7697181400373627, 3.291019962183683, 0.3215834827132082], "centroid": [-0.017009112417240457, -2.26192377853641, 0.006190018590017887], "normalizedAxes": [0.9282774925231934, 0.37188825011253357, 8.257577957249875e-17, 0, -2.220446049250313e-16, 1, 0.37188825011253357, -0.9282774925231934, -2.0611900908811117e-16]}, "segments": [71100, 1876, 91753, 7404, 56296, 23081, 26705, 17893, 21104, 21125, 21138, 25746, 27296, 29722, 29801, 29852, 29862, 29892, 29917, 30498, 37459, 37463, 37520, 37531, 38689, 38710, 53998, 78135, 78511, 78527, 79833, 86584, 86600, 26247, 79944, 54055, 25698, 26165, 18998, 6933, 6132, 16843, 33771, 17388, 16784], "label": "wall"}, {"objectId": 9, "id": 9, "partId": 9, "index": 6, "dominantNormal": [0.9849224090576172, 0.17299681901931763, 3.8413010332431525e-17], "obb": {"axesLengths": [1.189887774500213, 2.1702699176161744, 0.2822127912559162], "centroid": [-1.37525586613984, -2.291461842299004, -0.5551349825009326], "normalizedAxes": [-0.17299680411815643, 0.9849224090576172, 2.1869670720100869e-16, 0, -2.220446049250313e-16, 1, 0.9849224090576172, 0.17299680411815643, 3.8413007023709074e-17]}, "segments": [2176, 8142, 34150, 60473, 2773, 11801, 74772, 74532, 74497, 65, 109, 215, 217, 218, 235, 240, 260, 291, 326, 365, 380, 383, 400, 403, 445, 453, 464, 500, 509, 647, 711, 815, 4401, 6156, 8761, 13188, 13620, 15696, 15875, 16240, 16245, 16453, 16457, 16584, 16717, 16775, 16781, 16782, 16834, 16852, 16859, 16898, 16957, 16958, 17310, 17389, 17397, 17638, 18110, 33776, 34147, 35383, 35442, 35554, 45386, 45396, 48897, 59030, 59388, 59447, 59452, 59500, 59506, 59513, 59523, 59531, 59592, 60443, 60454, 74482, 74501, 74503, 74508, 74514, 74537, 74539, 74542, 74545, 74550, 74559, 74563, 74567, 74569, 74583, 74607, 74611, 74654, 74690, 74736, 74753, 74874, 74925, 78815, 78816, 79161, 81908, 87472, 89315, 89411, 89466, 89795, 529, 35407, 89362, 76512], "label": "door"}, {"objectId": 10, "id": 10, "partId": 10, "index": 7, "dominantNormal": [0.9403116106987, 0.340314656496048, 7.556503345186271e-17], "obb": {"axesLengths": [4.344816813804678, 3.3011399961753174, 0.2548080772182265], "centroid": [0.9175544194373197, 0.5035682876182577, 0.028800026801228507], "normalizedAxes": [-0.340314656496048, 0.9403116106987, 2.0879112010401267e-16, 0, -2.220446049250313e-16, 1, 0.9403116106987, 0.340314656496048, 7.556503345186271e-17]}, "segments": [67256, 70516, 67148, 10157, 94132, 24126, 24274, 12220, 12471, 19924, 19937, 21205, 22286, 24113, 24987, 25045, 25073, 25107, 28957, 35592, 35616, 37549, 51197, 56342, 63612, 67540, 77863, 94154, 94172, 95739, 87524, 20071, 56791, 50459, 45321, 37770, 87543, 37653, 56860], "label": "wall"}, {"objectId": 11, "id": 11, "partId": 11, "index": 8, "dominantNormal": [0.9433085322380066, 0.3319171071052551, 7.370040291504568e-17], "obb": {"axesLengths": [2.064252457748211, 0.8199999745190145, 0.048695652187411564], "centroid": [1.008167178957885, 0.321413513818255, 0.10000000856816804], "normalizedAxes": [-0.3319171071052551, 0.9433085322380066, 2.0945657036319933e-16, 0, -2.220446049250313e-16, 1, 0.9433085322380066, 0.3319171071052551, 7.370040291504568e-17]}, "segments": [36681, 66766, 47561, 66796], "label": "whiteboard"}, {"objectId": 12, "id": 12, "partId": 12, "index": 9, "dominantNormal": [0.34727489948272705, -0.9377633929252625, -2.082253020952468e-16], "obb": {"axesLengths": [3.616434079924085, 2.298760005114375, 0.47510115133286357], "centroid": [-1.5332961625450032, 2.1362374779689275, 0.039380029826312946], "normalizedAxes": [0.9377633929252625, 0.34727486968040466, 7.711051123857719e-17, 0, -2.220446049250313e-16, 1, 0.34727486968040466, -0.9377633929252625, -2.082253020952468e-16]}, "segments": [7943, 68531, 95539, 95608, 32168, 18726, 18893, 38308, 65959, 90502, 90442, 61970, 46448, 39466, 38276, 55846, 55793, 45159, 61556, 75297, 7902, 95185, 9095, 70151, 70226, 70207, 70191, 70198, 70221], "label": "wall"}, {"objectId": 13, "id": 13, "partId": 13, "index": 10, "dominantNormal": [0.3106376528739929, -0.9505283832550049, -2.110596993298863e-16], "obb": {"axesLengths": [0.4607327006697362, 1.9599999347329147, 0.14232197796404497], "centroid": [-3.004183223468431, 1.5721333343916788, 0.1899999803304684], "normalizedAxes": [0.9505283832550049, 0.3106376528739929, 6.897541490724477e-17, 0, -2.220446049250313e-16, 1, 0.3106376528739929, -0.9505283832550049, -2.110596993298863e-16]}, "segments": [22759, 24016, 50309, 48608, 48723, 50240], "label": "blinds"}, {"objectId": 14, "id": 14, "partId": 14, "index": 11, "dominantNormal": [0.2921220660209656, -0.9563810229301453, -2.1235924639432141e-16], "obb": {"axesLengths": [3.619916448038106, 1.9400000138580786, 1.4690300962691945], "centroid": [-1.1140734784949422, 2.100475291095989, 1.6763806343078613e-08], "normalizedAxes": [0.9563810229301453, 0.2921220660209656, 6.486412873950921e-17, 0, -2.220446049250313e-16, 1, 0.2921220660209656, -0.9563810229301453, -2.1235924639432141e-16]}, "segments": [49654, 48488, 80140, 37265, 41004, 82803, 49150, 58905, 82486, 41050, 58812, 82875, 86781, 88898, 38267, 37419, 37304, 86723, 86764, 86685, 35075, 36460, 36474, 36478, 36479, 36485, 36499, 36521, 36523, 36526, 36527, 36531, 36538, 36551, 36566, 36576, 36587, 36611, 36825, 36856, 36862, 36867, 36882, 36930, 36932, 36938, 36944, 36945, 36961, 36968, 37003, 37022, 37029, 37082, 37116, 37126, 37149, 37156, 37160, 37169, 37183, 37225, 37233, 37236, 37267, 37298, 37336, 37360, 37388, 37412, 37426, 37428, 37433, 37919, 37925, 37936, 37949, 38015, 38044, 38071, 38073, 38083, 38146, 38162, 38165, 38188, 38201, 38203, 38211, 38218, 38220, 38228, 38239, 38427, 38434, 40044, 40068, 40963, 40998, 41014, 41019, 41031, 41037, 41044, 41051, 41055, 41068, 41071, 41079, 41081, 41084, 41238, 41257, 41276, 41285, 41327, 41345, 41352, 41372, 41388, 41400, 41419, 41425, 41444, 41458, 41463, 41468, 41475, 41480, 41485, 41498, 41521, 41531, 41540, 41581, 41608, 43236, 43316, 43317, 43339, 43364, 43367, 43390, 43398, 43434, 43437, 43452, 43453, 43468, 43499, 43504, 43508, 43519, 43531, 43546, 43547, 43702, 45685, 45689, 45762, 45779, 45786, 45806, 45813, 45815, 48365, 48381, 48394, 48440, 48456, 48463, 48467, 48494, 48497, 48514, 48573, 48596, 48625, 48638, 48642, 48669, 48716, 48718, 48742, 48781, 48788, 49089, 49095, 49130, 49154, 49159, 49185, 49206, 49220, 49253, 49254, 49578, 49618, 49620, 49679, 49681, 49685, 49705, 49729, 54166, 54237, 54254, 54589, 54652, 54949, 58278, 58287, 58291, 58293, 58298, 58341, 58374, 58383, 58385, 58391, 58430, 58454, 58473, 58493, 58525, 58529, 58579, 58597, 58611, 58645, 58648, 58677, 58722, 58786, 79413, 79415, 79423, 79433, 79436, 79445, 79496, 79500, 79502, 79510, 79534, 79548, 79553, 79556, 79563, 79567, 79572, 79622, 79665, 79671, 79742, 79746, 79764, 79769, 79773, 80178, 80180, 80184, 80219, 80261, 80266, 80274, 80276, 80281, 80284, 80287, 81236, 81242, 81247, 81251, 81256, 81263, 81964, 82428, 82436, 82437, 82443, 82447, 82528, 82687, 82694, 82698, 82884, 82893, 82897, 82900, 83670, 83675, 83689, 83695, 83697, 83713, 83714, 83716, 83726, 83898, 83901, 83913, 83917, 86798, 86812, 88605, 88608, 88634, 88645, 88650, 88653, 88661, 88682, 88711, 88721, 88740, 88786, 88878, 88935, 88967, 88968, 89024, 89083, 89093, 89114, 89125, 89129, 89138, 34436, 34650, 34651, 37011, 37060, 37931, 38041, 41267, 41322, 41328, 41354, 41448, 54616, 79527, 79535, 79561, 85005, 79585, 79575, 14114, 14116, 14148, 14152, 14327, 14450, 14464, 14493, 14670, 14671, 14721, 14793, 34358, 34366, 34383, 34401, 34456, 34461, 34496, 34636, 34639, 34643, 34649, 35209, 36450, 44693, 54386, 76350, 76362, 76417, 78934, 78953, 79655, 80220, 80243, 81724, 81738, 81763, 34533, 14084, 14085, 14182, 14189, 14220, 14223, 14256, 14257, 14299, 14310, 14314, 14320, 14336, 14348, 14351, 14356, 14415, 14435, 14449, 14483, 14562, 14595, 14623, 14758, 14769, 14822, 34352, 34392, 34409, 34415, 34449, 34511, 34536, 34547, 34551, 34565, 34569, 34582, 34596, 34627, 34629, 34634, 34662, 34668, 34674, 34704, 34717, 34723, 34724, 34740, 34751, 34756, 35168, 35203, 38134, 38158, 41229, 44602, 44610, 44626, 44627, 44716, 44723, 44734, 44745, 44767, 44784, 44804, 44818, 44856, 44884, 44893, 44896, 46499, 46521, 46903, 46975, 47212, 47744, 51360, 53091, 53093, 53108, 53157, 53242, 53253, 53431, 54195, 54233, 54256, 54258, 54288, 54332, 54381, 54389, 54430, 54493, 54511, 54562, 54566, 54590, 54656, 54693, 54701, 54752, 76344, 76366, 76390, 76394, 76401, 76411, 76428, 76447, 78923, 78983, 78987, 78994, 79021, 79088, 81728, 81733, 81766, 81775, 81785, 81792, 81795, 82118, 82147, 82191, 82203, 84378, 84929, 84930, 85065, 85398, 85415, 85419, 85721, 86614, 86621, 86640, 86813, 86847, 86859, 86860, 86868, 86890, 86995, 14144, 14192, 14232, 14282, 14334, 14507, 14529, 14565, 14702, 34697, 41024, 44643, 44773, 44776, 44819, 45865, 45879, 45946, 45998, 46027, 46078, 46496, 46501, 46973, 47326, 47708, 47846, 47848, 47892, 47960, 47963, 48037, 48072, 48118, 48147, 48218, 53174, 53523, 54156, 76441, 81759, 81986, 82334, 82339, 82350, 85090, 85767, 85777, 53111, 14577, 35204, 46400, 46407, 46451, 46476, 46519, 46542, 46645, 46657, 46663, 46787, 46997, 47119, 47268, 47356, 47767, 47824, 47860, 47898, 47938, 48008, 48232, 51266, 51330, 51348, 54226, 54564, 79082, 81990, 82082, 82088, 82127, 82258, 82268, 82270, 82426, 84450, 85885, 87036, 84464, 55478, 8572, 8576, 8592, 8620, 14571, 34377, 35063, 40330, 40417, 40449, 40478, 44228, 44283, 44613, 44637, 45923, 46031, 46473, 46666, 46886, 46959, 47083, 47779, 48366, 48383, 49433, 49440, 49450, 49489, 49490, 49494, 49543, 49546, 49559, 51270, 51307, 51568, 51590, 53491, 53530, 54229, 54358, 54536, 54611, 54643, 54764, 75090, 81992, 82328, 82348, 83649, 83651, 83653, 83667, 83673, 86115, 86846, 86850, 86967, 48043, 86289, 51907, 49492, 75104, 4444, 8729, 8872, 8982, 82666, 48730, 58636, 219, 4548, 8279, 8303, 8306, 8357, 8374, 8424, 8431, 8744, 8820, 8835, 8923, 40343, 43443, 45920, 45921, 45978, 45993, 46067, 46075, 46105, 46108, 46434, 46523, 46708, 46776, 46784, 46829, 46966, 46982, 47040, 47245, 47347, 47664, 47715, 47717, 47789, 47810, 48151, 48159, 48647, 49065, 53287, 53423, 53558, 56804, 58687, 58708, 59831, 59837, 59859, 59868, 59878, 75052, 75117, 82007, 82027, 82090, 82255, 82343, 82396, 82770, 83245, 85095, 85097, 85517, 85542, 86193, 89507, 60799, 8549, 34543, 40250, 40456, 40532, 46481, 47991, 53361, 59826, 75081, 79997, 85425, 89505, 40251, 40291, 40295, 40316, 40368, 40371, 40494, 40495, 40533, 44235, 44236, 79996, 79998, 85556, 85646, 38804, 38822, 40333, 56832, 82017, 65888, 65834, 30610, 31313, 70025, 30975, 303, 684, 782, 1068, 1082, 1242, 1272, 1313, 1318, 1402, 1593, 1847, 2016, 2104, 2117, 2138, 2151, 2184, 7670, 7679, 7681, 7691, 7708, 7711, 7822, 7827, 7841, 7860, 7861, 7864, 8480, 8547, 10766, 10805, 10841, 10862, 10907, 11072, 11082, 11151, 11174, 11196, 11211, 11227, 11272, 11320, 11322, 11334, 11533, 11544, 11551, 11554, 11559, 24338, 24352, 24368, 24396, 26840, 26900, 27163, 27189, 27516, 27537, 27539, 30053, 30054, 30230, 30280, 30599, 30988, 30994, 31303, 31356, 31666, 31677, 31703, 33161, 33172, 33187, 33199, 33211, 33225, 33229, 33239, 38887, 40257, 40428, 40801, 40823, 40841, 40842, 44289, 44419, 45943, 45980, 46944, 47062, 48092, 51961, 53280, 53348, 53373, 53377, 65828, 65833, 65976, 65989, 68274, 68277, 68282, 68288, 68365, 68382, 68387, 68410, 68425, 68448, 68462, 68465, 68474, 68486, 68507, 68569, 68575, 69943, 69947, 69973, 69987, 70014, 70571, 70716, 70735, 70736, 74301, 74307, 74437, 74439, 74449, 74452, 75044, 75067, 75071, 75075, 75076, 75082, 75717, 75738, 75745, 75768, 75781, 75788, 75790, 75815, 75850, 75853, 77910, 77927, 78158, 78166, 78569, 78616, 78687, 78771, 78772, 78775, 81289, 81999, 82738, 82739, 82965, 83437, 89496, 94717, 94759, 94766, 94795, 94801, 94806, 94814, 94837, 94839, 94841, 94843, 70743, 96302, 1613, 10750, 11107, 28437, 28438, 28480, 28518, 29275, 29289, 29314, 38894, 40350, 44225, 46104, 49851, 51991, 65443, 65446, 67164, 70727, 70780, 78485, 81974, 82016, 82036, 87475, 92160, 92211, 92443, 94049, 94054, 95803, 95812, 32177, 18628, 1468, 1714, 1724, 2281, 2309, 2380, 2392, 2397, 2446, 2485, 2509, 11017, 11137, 11240, 14643, 14645, 14701, 15182, 15241, 15281, 15419, 15455, 15604, 15632, 15667, 15668, 15678, 15708, 18373, 18418, 18421, 18444, 18457, 18474, 19276, 19464, 19523, 19529, 19545, 19551, 19552, 19574, 24747, 24853, 24932, 25038, 25052, 25460, 25529, 25580, 25606, 25618, 25630, 25673, 25727, 25749, 25781, 25836, 25855, 25880, 25936, 25989, 26019, 26090, 26126, 26212, 26924, 26945, 27007, 27463, 27534, 28075, 32199, 45981, 47044, 47096, 47231, 47241, 47274, 47282, 47285, 47338, 47378, 47510, 48958, 49047, 50052, 51615, 51880, 51978, 52489, 53521, 53756, 53771, 53803, 53902, 53917, 53920, 53921, 53924, 54025, 54208, 54210, 54215, 54242, 54247, 65435, 65449, 71697, 71827, 71835, 71860, 71861, 71869, 71888, 71906, 72141, 72250, 72268, 72273, 72288, 72289, 72300, 72361, 72369, 72433, 72480, 72511, 72516, 72521, 72533, 72565, 74469, 74477, 75731, 75734, 76001, 76499, 76534, 76562, 77424, 77426, 77480, 77498, 77573, 77574, 77579, 77609, 77611, 77662, 77690, 77694, 78160, 78173, 78729, 81512, 81533, 81535, 81539, 81542, 81570, 81574, 82003, 82010, 82012, 83926, 84430, 84445, 84446, 84466, 84592, 92203, 96212, 97001, 97041, 97044, 97062, 97256, 97262, 97265, 97275, 97278, 97280, 97314, 97325, 25786, 92216, 77803, 23237, 23110, 28264, 28079, 92382, 95786, 65902, 77780, 25536, 77598, 95889, 6205, 23158, 77736, 22921, 77735, 77758, 23122, 77766, 77733, 23171, 23142, 77755, 83091, 772, 75828, 11441, 74455, 83388, 51963, 1428, 51502, 82774, 10522, 85917, 85966, 10763, 10603, 10753, 590, 295, 595, 52013, 1059, 75721, 10584, 74368, 83331, 51361, 10838, 10938, 75958, 11278], "label": "window"}, {"objectId": 15, "id": 15, "partId": 15, "index": 12, "dominantNormal": [0.26757508516311646, -0.9635370373725891, -2.1394820079403168e-16], "obb": {"axesLengths": [1.1705802274701778, 0.5599999302625668, 0.17473918294257124], "centroid": [-2.6866873681041517, 1.7581400000206209, -1.3499999769031994], "normalizedAxes": [0.9635370373725891, 0.26757508516311646, 5.94136040728258e-17, 0, -2.220446049250313e-16, 1, 0.26757508516311646, -0.9635370373725891, -2.1394820079403168e-16]}, "segments": [38767, 36965, 36555, 39270, 78903, 81661, 26457, 26473, 36355, 37014, 46137, 46297, 46325, 78885, 78889, 78906, 79332, 79335, 79338, 81273, 81371, 38936, 46828, 35842, 46162], "label": "heater"}, {"objectId": 16, "id": 16, "partId": 16, "index": 13, "dominantNormal": [0, -2.220446049250313e-16, 1], "obb": {"axesLengths": [2.41680171395348, 0.9883300441131726, 2.187914755614616], "centroid": [-1.2706654599825833, 1.0532742840320635, -1.1958349806256212], "normalizedAxes": [-0.08470993489027023, 0.9964056611061096, 2.2124650136537074e-16, 0, -2.220446049250313e-16, 1, 0.9964056611061096, 0.08470993489027023, 1.880938402593518e-17]}, "segments": [52066, 51058, 56956, 61621, 37860, 54090, 35313, 43159, 9437, 55079, 62048, 59801, 90359, 16642, 39302, 86360, 31470, 89873, 60148, 60553, 62070, 43208, 9447, 61292, 61725, 32969, 13746, 60794, 15942, 15280, 55165, 34775, 51022, 33503, 56982, 55583, 13819, 60568, 50952, 7239, 7121, 6752, 7180, 7193], "label": "desk"}, {"objectId": 17, "id": 17, "partId": 17, "index": 14, "dominantNormal": [0.7083272337913513, 0.7058842182159424, 1.5673778235657351e-16], "obb": {"axesLengths": [0.6886601644768265, 0.7451010179869599, 0.5989019109100812], "centroid": [-2.0408293317439896, 0.4369918896429901, -0.9774494679097194], "normalizedAxes": [-0.7058842182159424, 0.7083272337913513, 1.572802407848409e-16, 0, -2.220446049250313e-16, 1, 0.7083272337913513, 0.7058842182159424, 1.5673778235657351e-16]}, "segments": [9572, 5545, 41524, 43095, 2467, 4385, 4908, 5445, 5511, 5526, 5534, 5599, 5634, 5643, 5647, 5679, 5681, 5685, 8394, 8441, 8512, 8604, 8624, 9530, 9587, 13372, 13390, 13472, 13484, 54739, 75487, 75533, 75535, 76066, 76070, 76086, 76090, 76119, 9558, 9818, 13331, 75271, 3900, 76199, 13398, 9457, 2948, 3011, 3156, 3373, 4413, 5705, 8663, 8698, 9636, 13320, 13329, 13423, 74405, 76074, 76079, 76092, 76102, 76230, 13341], "label": "chair"}, {"objectId": 18, "id": 18, "partId": 18, "index": 15, "dominantNormal": [0.944646418094635, 0.32809019088745117, 7.28506568153822e-17], "obb": {"axesLengths": [0.5759496007830048, 0.44651996091336077, 0.19073621098071028], "centroid": [-2.0741706456855606, 1.409592820271115, -1.4132599943147588], "normalizedAxes": [-0.32809019088745117, 0.944646418094635, 2.0975364069966918e-16, 0, -2.220446049250313e-16, 1, 0.944646418094635, 0.32809019088745117, 7.28506568153822e-17]}, "segments": [29751, 32041, 32075, 32092, 32702, 66568, 29935], "label": "stand"}, {"objectId": 19, "id": 19, "partId": 19, "index": 16, "dominantNormal": [0.926828145980835, 0.3754858374595642, 8.337460443365346e-17], "obb": {"axesLengths": [0.5626261552214338, 0.4683290019259824, 0.1964649411010871], "centroid": [-1.3130634879724226, 0.7365800008720413, -0.5982474681381693], "normalizedAxes": [-0.3754858374595642, 0.926828145980835, 2.0579718950771374e-16, 0, -2.220446049250313e-16, 1, 0.926828145980835, 0.3754858374595642, 8.337460443365346e-17]}, "segments": [81279, 34928, 43646, 66306, 43651, 83974, 45536, 45556, 45563, 48950, 52552, 84027, 52692, 34993, 81949, 81952, 81955, 81957, 34979, 83998, 17566, 48982, 52641, 52556, 52557, 52607, 52654, 52700, 81959, 82754, 83931, 83933, 83940], "label": "monitor"}, {"objectId": 20, "id": 20, "partId": 20, "index": 17, "dominantNormal": [0.9983839988708496, 0.05682807043194771, 1.2618366447713682e-17], "obb": {"axesLengths": [0.7308493672537679, 0.7162390191203571, 0.610042155428385], "centroid": [0.08037418256448758, 1.7659877411697011, -0.9854704647778605], "normalizedAxes": [-0.05682807043194771, 0.9983839988708496, 2.216857805927507e-16, 0, -2.220446049250313e-16, 1, 0.9983839988708496, 0.05682807043194771, 1.2618366447713682e-17]}, "segments": [35132, 45076, 56455, 87959, 52118, 52126, 55910, 55945, 55963, 56399, 56402, 57063, 57108, 57129, 57140, 57170, 57601, 57607, 57649, 87368, 87603, 87809, 87968, 87972, 88377, 88478, 45100, 57185, 57603, 88500, 36163, 79366, 80217, 41169, 41157, 55900, 52173, 56984, 41165, 57277, 57249, 52589, 88516, 88514, 35149, 36197, 36198, 50323, 52598, 57167, 57171, 57178, 57189, 79360, 84804, 87890, 87951, 88481, 88483], "label": "chair"}, {"objectId": 21, "id": 21, "partId": 21, "index": 18, "dominantNormal": [0.7261749505996704, 0.6875099539756775, 1.5265787611255577e-16], "obb": {"axesLengths": [0.6379317985663097, 0.7598369547761165, 0.649275409712042], "centroid": [-0.17695552874776876, 0.7394200084442621, -1.2186314321615215], "normalizedAxes": [0.7261749505996704, 0.6875099539756775, 1.5265787611255577e-16, 0, -2.220446049250313e-16, 1, 0.6875099539756775, -0.7261749505996704, -1.6124323001235794e-16]}, "segments": [32423, 32461, 32417, 32478, 16470, 30777, 51429, 40886, 21041, 32405, 78764, 78799, 80831, 87768, 84839], "label": "chair"}, {"objectId": 22, "id": 22, "partId": 22, "index": 19, "dominantNormal": [-0.4037918746471405, -0.9148508906364441, -2.0313770457668225e-16], "obb": {"axesLengths": [0.8355231659209101, 0.6907619679548892, 0.6460331985186415], "centroid": [1.0776699652020894, -0.9479190574208525, -1.0334789652344805], "normalizedAxes": [0.9148508906364441, -0.4037918746471405, -8.965980727796208e-17, 0, -2.220446049250313e-16, 1, -0.4037918746471405, -0.9148508906364441, -2.0313770457668225e-16]}, "segments": [20351, 22151, 77581, 62703, 22145, 22147, 62677, 62752, 62866, 77510, 77511, 62732, 62867, 62785, 77547, 21763, 62828, 20379, 91688, 91673, 91434, 62764], "label": "chair"}, {"objectId": 23, "id": 23, "partId": 23, "index": 20, "dominantNormal": [0, -2.220446049250313e-16, 1], "obb": {"axesLengths": [1.6434633443234616, 0.7985899865942448, 0.9255783884308497], "centroid": [-0.004450802965003331, -1.406585266931017, -1.22929494129207], "normalizedAxes": [-0.36758720874786377, 0.9299890398979187, 2.0649904894874254e-16, 0, -2.220446049250313e-16, 1, 0.9299890398979187, 0.36758720874786377, 8.162075654191442e-17]}, "segments": [10348, 42756, 15070, 81177, 50729, 23995, 32006, 32007, 36721, 36729, 78688, 78698, 78709, 80843, 84367, 80775, 79465, 11952, 80688, 80662, 78605, 11936, 11941, 11946, 11954, 11960, 11971, 11976, 11985, 11989, 12005, 30349, 30353, 30361, 30377, 30378, 30385, 30387, 30425, 30478, 33437, 33441, 33451, 33457, 33458, 33459, 33467, 33471, 33475, 36735, 36743, 39145, 39180, 39196, 39204, 39219, 39221, 39226, 39230, 39234, 39239, 39247, 39250, 39272, 41688, 41697, 41743, 41751, 41759, 76005, 76007, 76010, 78777, 78780, 79850, 79855, 80351, 80354, 80356, 80359, 80363, 80584, 80588, 80591, 80737, 80808, 80814, 80817, 80822, 80826, 80830, 80542, 20065, 20214, 25175, 36785, 80438, 78599, 78578, 11925, 30386, 79789, 77988, 84198], "label": "desk"}, {"objectId": 24, "id": 24, "partId": 24, "index": 21, "dominantNormal": [0.2483767569065094, -0.9686635136604309, -2.1508650719602305e-16], "obb": {"axesLengths": [0.8415942417817918, 0.6023299559430041, 0.483279361940373], "centroid": [0.6518743838450347, -1.7615397028844635, -1.3289749157657855], "normalizedAxes": [0.9686635136604309, 0.2483767569065094, 5.515071885986642e-17, 0, -2.220446049250313e-16, 1, 0.2483767569065094, -0.9686635136604309, -2.1508650719602305e-16]}, "segments": [25237, 66502, 64315, 8026, 47524, 21109, 52915], "label": "stand"}, {"objectId": 25, "id": 25, "partId": 25, "index": 22, "dominantNormal": [0, -2.220446049250313e-16, 1], "obb": {"axesLengths": [5.213870310263574, 0.5902899371767806, 4.19158644166601], "centroid": [-0.7442917060413949, -0.045457668737431844, 1.4051449748468774], "normalizedAxes": [-0.21307893097400665, 0.9770349860191345, 2.1694534746855221e-16, 0, -2.220446049250313e-16, 1, 0.9770349860191345, 0.21307893097400665, 4.7313027045971324e-17]}, "segments": [68519, 97584, 65421, 5140, 5177, 5186, 9262, 11159, 17967, 17968, 19532, 19550, 20880, 20890, 22326, 22909, 24485, 25154, 27367, 27391, 28388, 32753, 32766, 40591, 50393, 50394, 50397, 55358, 56668, 62489, 67620, 68923, 68959, 69536, 73696, 74479, 90558, 97485, 97879, 67017, 74213, 26609, 29503, 70323, 69489, 71555, 71523, 71264, 71312, 28661, 10925, 10973, 11366, 12730, 26670, 30943, 40699, 61207, 62079, 67598, 70290, 70293, 70298, 72593, 72665, 75443, 75447, 95424, 95735, 28582, 28772, 72627, 31327, 12226, 56340, 76885, 70420, 17496, 74150, 19120, 32794, 31884, 7538, 75218, 34217, 3490, 56362, 10767, 69685], "label": "ceiling"}, {"objectId": 26, "id": 26, "partId": 26, "index": 23, "dominantNormal": [0, -2.220446049250313e-16, 1], "obb": {"axesLengths": [3.594168534858937, 0.33447002616964205, 0.3446282436699643], "centroid": [-0.33797018276525614, -1.1336760078623755, 1.322764979911633], "normalizedAxes": [0.9356580376625061, 0.3529079854488373, 7.836131420387577e-17, 0, -2.220446049250313e-16, 1, 0.3529079854488373, -0.9356580376625061, -2.0775781931770123e-16]}, "segments": [90683, 1755, 18206, 18267, 19428, 60263, 72809, 64760, 54821, 33645, 33104, 62146, 39564, 33617, 52765, 62141, 97804, 97756, 19641, 76814, 19395, 74844, 974, 24640, 89607, 1148, 77035, 72714, 91513, 91569, 62242, 81680, 39884, 1062, 18180, 18340, 19269, 18705, 18669, 60207, 60309, 54834, 39380, 30129, 84913, 95229, 68206, 67926, 68154, 71940, 952, 955, 996, 1029, 1088, 1139, 1223, 1245, 1266, 1763, 1772, 1794, 18172, 18187, 18203, 18212, 18248, 18253, 18330, 18336, 18358, 19165, 19170, 19180, 19206, 19217, 19221, 19247, 19320, 19326, 19364, 19370, 19378, 19380, 19386, 19662, 19666, 19705, 19735, 23297, 31493, 33108, 33625, 39364, 39388, 39903, 39916, 39920, 40732, 44520, 62105, 62139, 62203, 62241, 62268, 62307, 67881, 67928, 67929, 67931, 67986, 68107, 68124, 68188, 69785, 69786, 72750, 72791, 74853, 74856, 74859, 76817, 76818, 76826, 76830, 76832, 76833, 78794, 79873, 79875, 89791, 90536, 90542, 90548, 91628, 91631, 94110, 94454, 94455, 94472, 94556, 94560, 95288, 95291, 97762, 94463, 67948, 68075, 68120, 94505, 94507, 68043, 94513], "label": "light"}, {"objectId": 27, "id": 27, "partId": 27, "index": 24, "dominantNormal": [0, -2.220446049250313e-16, 1], "obb": {"axesLengths": [3.2656450886826582, 0.22021996482715078, 0.49952792077621294], "centroid": [-1.2293245598080649, 1.3418524931512854, 1.2598900084967166], "normalizedAxes": [0.9459711313247681, 0.3242509067058563, 7.199816447608505e-17, 0, -2.220446049250313e-16, 1, 0.3242509067058563, -0.9459711313247681, -2.1004778612549303e-16]}, "segments": [21724, 21632, 16294, 29593, 16578, 21770, 21830, 26422, 29623, 72308, 72317, 72430, 72469, 72507, 74037, 74047, 74061, 74068, 74074, 74086, 74090, 94702, 95756, 97887, 97889, 15823, 78078, 29358, 15838, 16130, 78137, 70913, 16672, 12992, 15974, 73996, 71025, 96066, 13701, 95953, 96079, 6267, 6644, 6428, 96049, 2894, 79356, 3879, 66367, 4011, 4670, 4747, 4781, 4834, 4847, 4889, 4898, 66132, 66156, 66185, 66186, 66205, 66250, 66318, 74666, 92498, 92525, 92544, 92567, 92572, 92580, 92583, 92585, 92596, 92601, 92605, 66141], "label": "light"}, {"objectId": 28, "id": 28, "partId": 28, "index": 25, "dominantNormal": [0.9759619832038879, 0.21794071793556213, 4.839256061107958e-17], "obb": {"axesLengths": [0.4089558945264009, 0.325181000116892, 0.12092751021359623], "centroid": [-0.221642013069703, -1.4670779047986169, -0.5466934748733006], "normalizedAxes": [-0.21794071793556213, 0.9759619832038879, 2.1670709298235734e-16, 0, -2.220446049250313e-16, 1, 0.9759619832038879, 0.21794071793556213, 4.839256061107958e-17]}, "segments": [17429, 15042, 20484, 20548, 20557, 76461, 20499, 17414, 17427, 77262], "label": "monitor"}, {"objectId": 29, "id": 29, "partId": 29, "index": 26, "dominantNormal": [0.9998244047164917, 0.018737975507974625, 4.160666368763138e-18], "obb": {"axesLengths": [0.2410856313905475, 0.24515902448090113, 0.1493889440118228], "centroid": [-0.2831161357280533, -0.9212818377911893, -0.7474204563180991], "normalizedAxes": [-0.018737973645329475, 0.9998244047164917, 2.22005614939678e-16, 0, -2.220446049250313e-16, 1, 0.9998244047164917, 0.018737973645329475, 4.160665955172832e-18]}, "segments": [23957, 42649, 42671, 81153, 81164], "label": "device"}, {"objectId": 30, "id": 30, "partId": 30, "index": 27, "dominantNormal": [0, -2.220446049250313e-16, 1], "obb": {"axesLengths": [0.37801389086411535, 0.10559999706745149, 0.2505373238937005], "centroid": [0.7173931977426611, -1.8803725349894143, -1.0227999886989585], "normalizedAxes": [0.9192192554473877, 0.393746018409729, 8.742917909859238e-17, 0, -2.220446049250313e-16, 1, 0.393746018409729, -0.9192192554473877, -2.0410767641529663e-16]}, "segments": [68592, 78634, 78520], "label": "folder"}, {"objectId": 31, "id": 31, "partId": 31, "index": 28, "dominantNormal": [0, -2.220446049250313e-16, 1], "obb": {"axesLengths": [0.3175980157664423, 0.12000000208616246, 0.2339002752661821], "centroid": [0.4621578560516184, -2.0512593782299557, -0.8699999685585497], "normalizedAxes": [0.6928342580795288, 0.7210968732833862, 1.6011567034088486e-16, 0, -2.220446049250313e-16, 1, 0.7210968732833862, -0.6928342580795288, -1.5384010911379615e-16]}, "segments": [29603, 29738, 29736, 29611], "label": "box"}, {"objectId": 32, "id": 32, "partId": 32, "index": 29, "dominantNormal": [0, -2.220446049250313e-16, 1], "obb": {"axesLengths": [0.19820960946328162, 0.08998203076462374, 0.14645797870828584], "centroid": [0.2916437405812067, -2.0854098887004393, -0.885008954219319], "normalizedAxes": [0.9961711764335632, -0.08742395788431168, -1.9412018189404562e-17, 0, -2.220446049250313e-16, 1, -0.08742395788431168, -0.9961711764335632, -2.211944353088942e-16]}, "segments": [10071, 29664], "label": "item"}, {"objectId": 33, "id": 33, "partId": 33, "index": 30, "dominantNormal": [0, -2.220446049250313e-16, 1], "obb": {"axesLengths": [0.3349744201901549, 0.12000000208616246, 0.3162654140993582], "centroid": [0.20009969397030603, -2.0660860070681974, -0.9099999891221516], "normalizedAxes": [0.2585541605949402, 0.9659967422485352, 2.144943649914433e-16, 0, -2.220446049250313e-16, 1, 0.9659967422485352, -0.2585541605949402, -5.741055644102659e-17]}, "segments": [75625, 75630, 9976], "label": "item"}, {"objectId": 34, "id": 34, "partId": 34, "index": 31, "dominantNormal": [-0.0053290450014173985, -0.9999858140945435, -2.220414550212587e-16], "obb": {"axesLengths": [0.09641421777945236, 0.14919900560679267, 0.08379877007496257], "centroid": [0.0018883362813765237, -1.8919633553038986, -0.8575494526129328], "normalizedAxes": [0.9999858140945435, -0.005329044535756111, -1.1832855885698626e-18, 0, -2.220446049250313e-16, 1, -0.005329044535756111, -0.9999858140945435, -2.220414550212587e-16]}, "segments": [78672, 13514, 13492], "label": "item"}, {"objectId": 37, "id": 37, "partId": 37, "index": 34, "dominantNormal": [0, -2.220446049250313e-16, 1], "obb": {"axesLengths": [0.3542791970344309, 0.28875994036883235, 0.29752192453389814], "centroid": [0.8427936166858971, 0.4414082550854934, -1.4856199718500667], "normalizedAxes": [-0.1527630090713501, 0.9882628321647644, 2.1943843013011764e-16, 0, -2.220446049250313e-16, 1, 0.9882628321647644, 0.1527630090713501, 3.3920201996406906e-17]}, "segments": [26272, 78008, 78013, 77991, 78034, 26034, 26018, 25973, 29081, 21232], "label": "trash can"}, {"objectId": 38, "id": 38, "partId": 38, "index": 35, "dominantNormal": [0.9617640376091003, -0.27387937903404236, -6.081343851472684e-17], "obb": {"axesLengths": [0.35119804980652003, 0.301119916861059, 0.27703472899868165], "centroid": [0.9747411323226589, 0.1609703842142085, -1.4743999341636898], "normalizedAxes": [0.27387937903404236, 0.9617640376091003, 2.1355451576201564e-16, 0, -2.220446049250313e-16, 1, 0.9617640376091003, -0.27387937903404236, -6.081343851472684e-17]}, "segments": [78415, 21219, 29053, 29104, 29114, 29134, 29141, 29181, 29182, 29223, 78317, 78328, 78430, 78477, 78479, 21242, 21255, 21303, 77325, 77340, 21314, 21201, 23243, 21203, 21387, 29026, 29031, 29041, 29123, 29152, 29191, 29210, 29228, 78333, 78341, 78374, 78433, 78436, 78464, 78466, 78471, 78474, 78483, 94253, 94301, 21209, 78379], "label": "trash can"}, {"objectId": 39, "id": 39, "partId": 39, "index": 36, "dominantNormal": [0.8129884004592896, 0.5822799205780029, 1.2929211492052127e-16], "obb": {"axesLengths": [0.4704766839115839, 0.4347200296509257, 0.3372816658716788], "centroid": [0.5479418587306382, 1.1307978581945461, -1.4126399272090202], "normalizedAxes": [-0.5822799205780029, 0.8129883408546448, 1.805196749537263e-16, 0, -2.220446049250313e-16, 1, 0.8129883408546448, 0.5822799205780029, 1.2929211492052127e-16]}, "segments": [80054, 35824, 79300, 79306, 40626, 35845, 31405, 31770, 33304, 35836, 35844, 80088, 39048, 35863, 35951], "label": "backpack"}, {"objectId": 40, "id": 40, "partId": 40, "index": 37, "dominantNormal": [0.3726128041744232, -0.9279869198799133, -2.0605448900033204e-16], "obb": {"axesLengths": [0.36902195250575015, 0.5053800231505922, 0.304473886547314], "centroid": [-0.5316787625288184, 1.8574771237350065, -1.3756299139790988], "normalizedAxes": [0.9279869198799133, 0.3726128339767456, 8.273666951036276e-17, 0, -2.220446049250313e-16, 1, 0.3726128339767456, -0.9279869198799133, -2.0605448900033204e-16]}, "segments": [57565, 57536, 57509, 57471, 91731, 57461, 88055, 88568, 88565], "label": "backpack"}, {"objectId": 41, "id": 41, "partId": 41, "index": 38, "dominantNormal": [0.7742979526519775, -0.6328212022781372, -1.405145338480323e-16], "obb": {"axesLengths": [0.6379472677520935, 0.756745977176443, 0.7498370532472666], "centroid": [-0.4983363206391694, 2.1544240695750174, -1.26304696471139], "normalizedAxes": [0.7742979526519775, -0.6328212022781372, -1.405145338480323e-16, 0, -2.220446049250313e-16, 1, -0.6328212022781372, -0.7742979526519775, -1.7192868299086895e-16]}, "segments": [55591, 56169, 87977, 56439, 52063, 56034, 56039, 56068, 56091, 56100, 56114, 56130, 56196, 56707, 87721, 88022, 91733, 91738, 56754, 56746], "label": "stand"}, {"objectId": 42, "id": 42, "partId": 42, "index": 39, "dominantNormal": [0.9968944191932678, 0.078749880194664, 1.7485986035717716e-17], "obb": {"axesLengths": [0.46401442968951145, 0.6610970349364642, 0.32633531925703785], "centroid": [0.12523190514793903, 2.216893317588713, -0.9994514789554881], "normalizedAxes": [-0.078749880194664, 0.9968944191932678, 2.213550274617377e-16, 0, -2.220446049250313e-16, 1, 0.9968944191932678, 0.078749880194664, 1.7485986035717716e-17]}, "segments": [45331, 45178, 45193, 45233, 45256, 45260, 45266, 45270, 81829, 81832, 81884, 49961, 56444, 87660, 56456, 50119, 50115, 55406, 87683, 87699, 45306, 81886, 84084, 81845, 43802, 43845, 43901, 44008, 44024, 44077, 49942, 55399, 79263, 81297, 81824, 81827, 43831, 43910, 43960, 81322, 49922, 83928, 35761, 35753, 50048, 79262, 81893], "label": "item"}, {"objectId": 43, "id": 43, "partId": 43, "index": 40, "dominantNormal": [0.8039999008178711, -0.5946294069290161, -1.3203425173835906e-16], "obb": {"axesLengths": [0.4858388869700495, 0.43292998299904184, 0.3449491241827128], "centroid": [-0.3352522277165675, 0.2657046982960134, -1.413534950534962], "normalizedAxes": [0.5946294069290161, 0.8039999008178711, 1.7852384033686854e-16, 0, -2.220446049250313e-16, 1, 0.8039999008178711, -0.5946294069290161, -1.3203425173835906e-16]}, "segments": [84411, 84542, 13999, 17346, 17348, 34891, 67817, 79070, 79072, 34763, 34823, 79055, 34906], "label": "backpack"}, {"objectId": 44, "id": 44, "partId": 44, "index": 41, "dominantNormal": [0.5691248178482056, -