{"segGroups": [{"objectId": 1, "id": 1, "partId": 1, "index": 0, "dominantNormal": [0, -2.220446049250313e-16, 1], "obb": {"axesLengths": [9.39793485216968, 0.38542007538482387, 7.058884726057342], "centroid": [1.925426572734276, -1.1224344406148592, -1.5475001001352795], "normalizedAxes": [0.8341835737228394, -0.5514868497848511, -1.2245467968182734e-16, 0, -2.220446049250313e-16, 1, -0.5514868497848511, -0.8341835737228394, -1.852259620622386e-16]}, "segments": [70226, 71422, 30400, 41568, 80398, 41604, 99872, 436, 1115, 1133, 2339, 2349, 2426, 2502, 2512, 2557, 2559, 2560, 2591, 3917, 3997, 6927, 8426, 9705, 11783, 12450, 12488, 12769, 14508, 14605, 14664, 16187, 22858, 24779, 25431, 25444, 25450, 25686, 25708, 25923, 28245, 28383, 30710, 30756, 30836, 31541, 32263, 34328, 34393, 38676, 38735, 38742, 39483, 41085, 42814, 44067, 44431, 44442, 48009, 48438, 48479, 48486, 48546, 48562, 49864, 49868, 50157, 50449, 51077, 51752, 51777, 51806, 53259, 53264, 53275, 53298, 53403, 53418, 53423, 53484, 53486, 53493, 53522, 54096, 56051, 56063, 56088, 56160, 56161, 56346, 56406, 56425, 56452, 56575, 56631, 56647, 56680, 56720, 56730, 56749, 56751, 56784, 56812, 59483, 59972, 59973, 61195, 64261, 64789, 64812, 64864, 64930, 64960, 65118, 67232, 68976, 68988, 69048, 71896, 71933, 72471, 73525, 74295, 74300, 76219, 76225, 79241, 79268, 80277, 80634, 80854, 80855, 81808, 81883, 83473, 83550, 83571, 83909, 84118, 84706, 84916, 85219, 85620, 85798, 85803, 85941, 88179, 88210, 89839, 90233, 91074, 91192, 95798, 96635, 96921, 97225, 97247, 97881, 97945, 97999, 98105, 100440, 100904, 100906, 100919, 100996, 101035, 101070, 101084, 101167, 103091, 103111, 103115, 103286, 103310, 105212, 105221, 106051, 106208, 106861, 107031, 107071, 107080, 107093, 107103, 107140, 107225, 107237, 107260, 107279, 107424, 107629, 108222, 108755, 108757, 108780, 108793, 108807, 110792, 110827, 110914, 111826, 111961, 111994, 112076, 112087, 112327, 112340, 112347, 112453, 112543, 112556, 112570, 112572, 112584, 112589, 112690, 112693, 113073, 113237, 113274, 114435, 114573, 114748, 116558, 116581, 116590, 116591, 116616, 116636, 116714, 116729, 116744, 116745, 116762, 117804, 117827, 117886, 117939, 117961, 117979, 117984, 118145, 118275, 118373, 118398, 118404, 119634, 119638, 119653, 120820, 121867, 123025, 123437, 123922, 125811, 126701, 127131, 127349, 127503, 127519, 128304, 128373, 128905, 128907, 129395, 129399, 129401, 131026, 131028, 131045, 131842, 133406, 133409, 133416, 138968, 138973, 139820, 139867, 141244, 143028, 143029, 143030, 143032, 143538, 143592, 143594, 145271, 145276, 145321, 145362, 145370, 145793, 145795, 145885, 145962, 145966, 145967, 146156, 149008, 150862, 151138, 151397, 151450, 151489, 151576, 151579, 151582, 151599, 151603, 152119, 152135, 152137, 152849, 154151, 154522, 155927, 79852, 67035, 76886, 902, 1132, 1138, 1325, 1358, 1546, 1813, 1942, 1951, 1958, 2037, 2229, 2241, 2247, 2397, 3425, 3486, 3618, 3748, 3755, 3770, 3822, 3896, 3899, 3991, 4009, 4757, 10599, 11192, 11235, 11272, 11307, 11316, 11330, 11334, 11379, 11397, 11403, 11551, 11572, 12397, 12408, 12426, 12654, 12674, 12697, 12959, 13018, 13055, 13062, 13071, 13084, 13099, 13103, 13111, 13128, 13130, 13145, 13169, 13200, 13204, 13224, 13247, 13273, 13493, 13561, 13789, 13805, 13810, 13818, 13821, 13822, 13824, 13833, 13843, 13845, 13854, 13864, 13900, 13945, 13954, 13974, 13993, 14022, 14025, 14057, 14074, 14093, 14117, 14121, 14128, 14129, 14153, 14155, 14199, 14211, 14248, 14268, 14366, 14410, 14458, 14485, 14526, 14561, 14564, 14569, 14571, 14572, 14607, 14646, 14679, 14733, 14736, 14762, 14764, 14793, 14806, 14839, 14843, 14869, 14922, 14935, 14936, 14960, 14968, 14973, 14975, 14986, 14987, 14993, 15078, 15080, 15091, 15109, 15158, 15168, 15223, 15238, 15251, 15259, 15347, 15351, 15359, 15444, 15523, 15785, 15810, 15857, 15865, 15902, 15918, 15925, 15936, 15939, 15942, 15964, 15966, 16072, 16134, 16136, 16175, 16299, 16304, 16344, 16351, 16354, 16372, 16374, 16378, 16386, 16389, 16399, 16413, 16420, 16471, 16514, 16592, 16615, 16649, 16733, 16738, 16740, 16750, 16777, 16813, 16844, 16857, 16913, 16924, 16928, 16973, 17040, 17052, 17064, 17066, 17078, 17080, 17111, 17119, 17128, 17136, 17148, 17151, 17156, 17169, 17174, 17178, 17200, 17222, 17249, 17321, 17339, 17417, 17422, 17468, 17684, 17691, 17770, 17792, 17830, 17852, 17872, 18462, 18472, 18509, 18514, 18532, 18565, 18587, 19175, 19768, 19773, 19774, 19814, 19853, 19856, 19873, 19891, 19966, 20735, 20807, 20978, 21058, 21342, 21348, 21364, 21379, 21397, 21405, 21699, 22108, 22270, 22274, 22350, 22359, 22433, 22875, 23265, 23332, 23978, 23999, 24033, 24053, 24865, 24869, 24871, 24890, 24973, 25167, 25524, 25526, 25589, 25592, 25626, 25629, 25800, 26180, 26183, 26395, 26818, 26825, 26873, 26932, 27013, 27130, 27218, 27285, 27309, 27315, 27328, 27345, 28325, 28328, 28334, 28361, 28409, 28606, 28700, 28730, 28731, 28733, 28734, 28777, 28778, 28789, 29047, 29479, 29617, 29984, 30185, 31372, 31842, 31881, 31899, 32111, 32134, 32140, 32229, 37695, 37731, 37756, 37757, 37764, 37907, 37919, 37926, 37979, 38130, 38380, 38383, 38384, 38386, 38387, 38392, 38402, 38436, 38455, 38482, 38487, 38511, 38529, 38574, 38585, 38677, 38702, 38715, 38831, 39080, 39195, 39197, 39262, 39278, 39285, 39363, 39368, 39374, 39401, 39413, 39441, 42268, 42271, 42411, 42663, 42693, 42812, 42844, 42860, 42873, 42958, 43013, 44276, 45135, 45331, 45379, 45394, 45399, 45404, 45471, 45477, 45489, 45498, 45505, 45509, 45976, 47733, 47739, 47789, 47790, 47843, 47861, 49835, 52199, 54539, 54760, 56880, 59247, 59293, 59308, 59322, 59342, 59391, 59405, 59428, 59512, 59534, 59549, 59563, 59579, 60172, 60219, 60232, 60236, 60245, 60271, 60294, 60775, 60926, 60936, 60977, 60979, 60982, 61004, 61006, 61040, 61043, 61081, 61090, 61096, 61282, 61292, 62623, 62646, 62647, 62652, 62665, 62732, 62782, 62799, 62801, 62827, 64869, 64918, 64981, 65003, 66009, 67330, 67348, 67634, 67769, 67771, 67774, 67868, 67916, 68028, 68311, 68351, 68372, 68376, 68583, 68593, 68600, 68622, 68632, 68664, 68954, 68961, 68998, 69039, 69063, 69075, 69076, 69084, 69092, 71688, 72000, 72026, 72032, 72095, 72497, 76622, 77892, 87197, 91126, 91781, 91804, 91929, 91932, 91942, 91949, 91962, 92013, 92020, 92028, 92030, 92038, 92043, 92047, 92048, 92053, 92058, 92085, 92089, 92091, 92099, 92116, 92119, 92120, 92130, 92139, 92148, 93048, 93367, 96771, 96772, 96785, 96820, 96824, 96837, 96840, 96854, 96862, 96867, 103106, 110617, 110618, 110623, 110633, 110651, 110931, 110940, 110986, 110990, 111698, 111767, 112090, 112855, 113116, 113136, 113180, 113188, 113372, 113403, 113454, 113506, 113542, 113548, 113673, 113785, 113889, 113991, 114009, 114011, 114030, 114048, 114066, 114072, 114108, 114132, 114139, 114158, 114164, 114165, 114170, 114198, 114216, 114223, 114649, 114650, 114654, 114661, 114676, 114694, 114777, 114806, 114833, 115011, 115025, 115042, 115047, 115053, 115061, 115091, 115098, 115109, 115134, 115167, 115292, 115326, 115336, 115625, 115755, 115760, 115777, 115785, 116212, 116345, 116522, 116624, 116736, 116784, 116786, 116801, 116819, 117299, 117722, 117932, 118055, 118371, 118387, 118390, 118395, 118411, 118415, 118418, 118426, 118429, 118431, 118434, 118447, 118454, 118770, 118773, 118871, 118875, 119049, 119054, 119056, 119119, 119165, 119175, 119191, 119195, 119204, 119209, 119211, 119218, 119224, 119226, 119231, 119236, 119238, 119243, 119247, 119252, 119262, 119267, 119284, 119289, 119293, 119312, 119325, 119336, 119344, 119372, 119389, 119393, 119437, 119458, 119463, 119467, 119471, 119474, 119503, 119508, 119581, 119590, 119606, 119608, 119613, 119766, 119767, 119824, 119829, 119843, 119876, 119883, 119916, 119945, 119965, 120178, 120181, 120183, 120201, 120206, 120209, 120759, 120768, 120775, 120777, 120784, 120981, 121522, 121526, 122229, 122232, 122237, 122239, 122279, 122288, 122290, 122293, 122296, 122299, 122304, 122357, 122427, 122476, 122480, 122485, 122495, 122497, 122550, 122607, 122669, 122742, 122828, 122848, 122858, 122873, 122906, 122909, 122924, 122941, 122945, 122966, 122968, 122973, 122976, 122977, 122981, 122995, 123001, 123050, 123524, 123532, 123540, 123541, 124016, 124734, 124736, 124981, 125980, 125986, 125990, 125998, 126040, 126934, 126938, 126942, 126943, 127057, 127060, 127064, 127066, 127067, 127083, 127446, 127717, 127719, 128305, 128342, 128392, 128658, 128776, 128858, 129303, 129567, 129569, 129753, 129755, 129757, 129759, 129762, 129770, 129785, 129789, 129878, 129946, 129952, 129994, 129998, 130032, 130053, 130058, 130061, 130066, 130083, 130088, 130090, 130094, 130206, 130290, 130294, 130305, 130335, 130430, 130754, 130766, 130768, 130804, 131074, 131504, 131649, 132120, 137995, 138378, 140333, 140342, 140347, 140352, 140355, 140357, 140361, 140367, 140376, 140377, 142869, 142871, 142875, 146266, 148980, 149032, 151605, 151617, 151620, 151622, 151700, 151712, 151715, 151814, 151817, 151839, 151841, 151844, 151846, 151879, 152009, 152013, 152020, 152023, 152039, 152048, 152050, 152709, 152834, 152872, 153119, 153165, 153198, 153305, 153479, 154119, 154627, 154666, 155194, 155272, 156071, 156084, 156090, 156092, 156098, 156102, 156140, 105190, 47409, 18731, 33870, 34081, 36070, 56320, 57585, 61793, 92523, 95604, 118001, 65297, 117988, 32279, 155484, 17542, 18468, 18492, 18526, 18534, 18557, 19513, 30693, 30704, 30759, 30782, 30783, 30789, 30792, 30795, 30814, 32323, 66001, 68968, 68997, 83542, 90869, 90907, 90959, 91039, 100451, 100876, 116410, 123359, 131041, 133382, 133414, 137455, 139811, 145035, 152840, 50111, 16996, 122735, 16993, 122760, 122794, 17167, 2135, 12054, 11424, 123681, 1445, 1470, 39407, 39544, 51177, 76274, 113344, 51841, 143571, 151418, 9747, 38924, 38916, 38803, 112730, 39515, 39518, 11956, 12348, 145825, 145875, 120865, 145234, 120931, 120953, 118155, 80600, 80643, 80595, 97855, 15995, 14742, 121226, 121263, 12233, 14740, 16042, 15985, 16025, 125823, 76281, 76227, 128375, 76276, 38788, 38909, 143608, 97951, 98150, 112279, 112146, 9695, 59396, 59947, 81235], "label": "floor"}, {"objectId": 2, "id": 2, "partId": 2, "index": 1, "dominantNormal": [0.14780884981155396, -0.9890159368515015, -2.1960565296275136e-16], "obb": {"axesLengths": [0.7785652230725569, 1.7610579633476284, 0.6050612415010791], "centroid": [-0.26285748299618605, 1.7332488218737874, -0.6613411022604021], "normalizedAxes": [0.9890159368515015, 0.14780883491039276, 3.2820154352107336e-17, 0, -2.220446049250313e-16, 1, 0.14780883491039276, -0.9890159368515015, -2.1960565296275136e-16]}, "segments": [100845, 139617, 90025, 90036, 20882, 57849, 62960, 62992, 67036, 67917, 86108, 86132, 86164, 86189, 86282, 86968, 86975, 89934, 89938, 89940, 89960, 94344, 105240, 138152, 138157, 138159, 138160, 138173, 138175, 138178, 138179, 138184, 138278, 139634, 139679, 146192, 146922, 57172, 103788, 20914, 121547, 20854, 19823, 19869, 19902, 19943, 20379, 20899, 20902, 21028, 21040, 62197, 121582, 121652, 121654, 132809, 71615, 121564, 20891, 19924], "label": "flipchart"}, {"objectId": 3, "id": 3, "partId": 3, "index": 2, "dominantNormal": [0.7630780935287476, -0.6463062763214111, -1.4350882178635585e-16], "obb": {"axesLengths": [0.5743824841958957, 0.6000850066523622, 0.496629318580256], "centroid": [1.1866776443071236, -2.078900998187558, -0.9822575838540297], "normalizedAxes": [0.6463062763214111, 0.7630780935287476, 1.6943737380453684e-16, 0, -2.220446049250313e-16, 1, 0.7630780935287476, -0.6463062763214111, -1.4350882178635585e-16]}, "segments": [61138, 61268, 61237, 61068, 57204, 57383, 57390, 57394, 58295, 60511, 60521, 60563, 60571, 60789, 61565, 61689, 61718, 61752, 61959, 62067, 66535, 66619, 127526, 128122, 128126, 128571, 128590, 128593, 129530], "label": "chair"}, {"objectId": 4, "id": 4, "partId": 4, "index": 3, "dominantNormal": [0, -2.220446049250313e-16, 1], "obb": {"axesLengths": [0.4946393470729511, 0.226649994552508, 0.42645387643796623], "centroid": [1.613348602217589, -2.4753326053508244, -1.199945066590569], "normalizedAxes": [0.7282183170318604, -0.6853452324867249, -1.5217721138476855e-16, 0, -2.220446049250313e-16, 1, -0.6853452324867249, -0.7282183170318604, -1.6169694850451063e-16]}, "segments": [73959, 130000, 129743, 67141, 67150, 131178, 73694, 74310, 74374, 74411, 131159, 131206, 131228, 66836, 73749, 131276, 77253, 131194, 73806], "label": "chair"}, {"objectId": 5, "id": 5, "partId": 5, "index": 4, "dominantNormal": [0.6970555186271667, -0.7170171141624451, -1.5920978183868619e-16], "obb": {"axesLengths": [0.6613508847114778, 0.5879029500208133, 0.5263932525031969], "centroid": [2.462661337670843, -2.8176163560051943, -0.9760485979488811], "normalizedAxes": [0.7170171141624451, 0.6970555186271667, 1.5477741724438204e-16, 0, -2.220446049250313e-16, 1, 0.6970555186271667, -0.7170171141624451, -1.5920978183868619e-16]}, "segments": [35305, 123335, 39645, 123316, 124002, 26743, 26470, 26496, 26521, 28966, 35217, 35225, 35240, 39473, 39494, 39502, 41233, 41718, 41895, 44831, 123318, 123348, 123873, 123926, 123929, 39606, 123901, 39634, 42028, 26647], "label": "chair"}, {"objectId": 6, "id": 6, "partId": 6, "index": 5, "dominantNormal": [0, -2.220446049250313e-16, 1], "obb": {"axesLengths": [0.6462037336080028, 0.5288340331129567, 0.5449143698688586], "centroid": [3.7306061605669054, -1.1363258850649909, -0.9567431307748011], "normalizedAxes": [0.9671012759208679, 0.25439175963401794, 5.648631776411904e-17, 0, -2.220446049250313e-16, 1, 0.25439175963401794, -0.9671012759208679, -2.147396207343428e-16]}, "segments": [90743, 118501, 50656, 86427, 86429, 87177, 87181, 100090, 100096, 100138, 100203, 100227, 100228, 118106, 118493, 118527, 88719, 93760, 50647, 86286, 86297, 86882, 89356, 93716, 93754, 118132, 118135, 118138, 128201], "label": "chair"}, {"objectId": 7, "id": 7, "partId": 7, "index": 6, "dominantNormal": [0, -2.220446049250313e-16, 1], "obb": {"axesLengths": [0.6320384195270593, 0.5378119825315775, 0.5719099126552268], "centroid": [2.9039934067392768, -0.758619806492121, -0.9729940685886733], "normalizedAxes": [0.9727451801300049, 0.23187680542469025, 5.14869936518037e-17, 0, -2.220446049250313e-16, 1, 0.23187680542469025, -0.9727451801300049, -2.1599281921469535e-16]}, "segments": [50201, 108487, 47825, 51450, 99089, 99645, 99650, 99698, 99876, 133501, 133544, 138703, 145089, 138709, 50713, 136640, 82991, 83047, 84471, 84845, 85060, 103543, 104168, 136473, 136713, 82952, 83049, 136659, 136722, 136613, 51930, 51935, 51942, 83038, 84439, 145027], "label": "chair"}, {"objectId": 8, "id": 8, "partId": 8, "index": 7, "dominantNormal": [0, -2.220446049250313e-16, 1], "obb": {"axesLengths": [1.936969649130636, 0.29040699548109616, 1.3981461025457813], "centroid": [2.6296641355638135, -1.7883526297603465, -0.8403766277529314], "normalizedAxes": [-0.7008354067802429, 0.7133229970932007, 1.58389523073499e-16, 0, -2.220446049250313e-16, 1, 0.7133229970932007, 0.7008354067802429, 1.5561672101599265e-16]}, "segments": [25294, 5094, 144558, 73048, 5101, 22828, 22837, 22841, 24877, 25180, 25299, 39823, 39853, 65829, 72885, 88943, 88963, 129484, 129702, 129705, 129725, 130439, 130442, 130949, 130978, 130990, 144602, 144625, 68213, 34458, 130435, 145390, 22113, 39733, 39740, 123456, 126293, 34461, 46848], "label": "table"}, {"objectId": 9, "id": 9, "partId": 9, "index": 8, "dominantNormal": [-0.6482707858085632, -0.7614098787307739, -1.690669557087907e-16], "obb": {"axesLengths": [10.497000828744738, 3.6486398358201986, 0.5582647396563721], "centroid": [4.0238732662896854, 1.1938802324455915, 0.27431987981952854], "normalizedAxes": [0.7614098787307739, -0.6482707858085632, -1.4394503051930202e-16, 0, -2.220446049250313e-16, 1, -0.6482707858085632, -0.7614098787307739, -1.690669557087907e-16]}, "segments": [100243, 9821, 151257, 14785, 67286, 5509, 5524, 6321, 6339, 6352, 6364, 6779, 6781, 9805, 11027, 13355, 17905, 18094, 19607, 24190, 28289, 31981, 34483, 34498, 36059, 45813, 45848, 50054, 50498, 54707, 57464, 66085, 68480, 68924, 70224, 70957, 70958, 70972, 70973, 70993, 71014, 71024, 71111, 73845, 81445, 85851, 93921, 98613, 120015, 120152, 120166, 120169, 135073, 149340, 151299, 156289, 156302, 156351, 156406, 149581, 11877, 28310, 41531, 42438, 42449, 50013, 57481, 84080, 90662, 90664, 90684, 101898, 101909, 101919, 102017, 105883, 105886, 105942, 126379, 126441, 139782, 139792, 147802, 147999, 148002, 156230, 61296, 87812, 41185, 144715, 99506, 40407, 38432, 138039, 45637, 49213, 6597, 6742, 6990, 7041, 7067, 7103, 9021, 9049, 9072, 9097, 9137, 9154, 9158, 9163, 9176, 9191, 9344, 9351, 9362, 9373, 9411, 9481, 9489, 9500, 9523, 9571, 9572, 9586, 9656, 27897, 31624, 31642, 31654, 37249, 37252, 37266, 37271, 37292, 37293, 37299, 37310, 37315, 37391, 37403, 37420, 37422, 37425, 37428, 37454, 37467, 37468, 37485, 37496, 37529, 37554, 37556, 37557, 37559, 37566, 37571, 37573, 37577, 37607, 37611, 37617, 37646, 37648, 37672, 37709, 37765, 37780, 37800, 37818, 37824, 37849, 37854, 37859, 37908, 37969, 37972, 37978, 37998, 38057, 38127, 38129, 38147, 38215, 38256, 38282, 38284, 38342, 38363, 38579, 38598, 38953, 38960, 38963, 38970, 38982, 39003, 39010, 39015, 39045, 39055, 39069, 39076, 39115, 39116, 39138, 39158, 39159, 39198, 39230, 39256, 39268, 39273, 39274, 39292, 39297, 39301, 39310, 39317, 39666, 39667, 39820, 39831, 39851, 39863, 39867, 39874, 39884, 39889, 39918, 39939, 39969, 39977, 40004, 40012, 40029, 40069, 40090, 40360, 40368, 40394, 40434, 40481, 40505, 40549, 40559, 40562, 42542, 44261, 45565, 45595, 45598, 45694, 45742, 49183, 49209, 49235, 49237, 49250, 49257, 49260, 49270, 49274, 49291, 49387, 51357, 52638, 52684, 52826, 52887, 52890, 52965, 53212, 53217, 53220, 53239, 53532, 53533, 53679, 53715, 53730, 53731, 53748, 53801, 53886, 53958, 54353, 54359, 54415, 54499, 54506, 54516, 54744, 54961, 55189, 55418, 57392, 57427, 57431, 57449, 63432, 67239, 67242, 67245, 71050, 71123, 71162, 72159, 72168, 72186, 73207, 73209, 73213, 73223, 75114, 75316, 75340, 75365, 75393, 75396, 75551, 75577, 75597, 75606, 75611, 75622, 75624, 75629, 77483, 77518, 77616, 77624, 77638, 77655, 77728, 77758, 77777, 77781, 79523, 79527, 79559, 79606, 79612, 79625, 79650, 79651, 79659, 79665, 79668, 79670, 79672, 79688, 79703, 79756, 79770, 79773, 79781, 79805, 80369, 84136, 84142, 84145, 84151, 86453, 86516, 86591, 90617, 90649, 90650, 92196, 92585, 92621, 92636, 92687, 92715, 92810, 99212, 99399, 99417, 99421, 99464, 99470, 99503, 99531, 99564, 99631, 99642, 99648, 99654, 99656, 99684, 99693, 99752, 99834, 101873, 101913, 101970, 101997, 102030, 103282, 103285, 103304, 103306, 103321, 103329, 103821, 103830, 103853, 103862, 103864, 103871, 103877, 103893, 103911, 103930, 103936, 103943, 103967, 103985, 104039, 104054, 104069, 104079, 104085, 104086, 104096, 104105, 104113, 104150, 104151, 104170, 104173, 104210, 104217, 104218, 104227, 104237, 104256, 104259, 104264, 104285, 104290, 104294, 104316, 104322, 104326, 104360, 104363, 104397, 104405, 104417, 104464, 104470, 105529, 105563, 105570, 105598, 105680, 105760, 105791, 105801, 105802, 105875, 105902, 106189, 106218, 106237, 115462, 118551, 118556, 118609, 118613, 118618, 118624, 118634, 118682, 118685, 118693, 120220, 120558, 120559, 120572, 120628, 121200, 123569, 125439, 125444, 125447, 125450, 125454, 125499, 125501, 125503, 125533, 125541, 125554, 125561, 125563, 125566, 125576, 125589, 125594, 125615, 125621, 125628, 125666, 125677, 125682, 125686, 125690, 125707, 125760, 125799, 125805, 125881, 125883, 125890, 125893, 125895, 125901, 125906, 125908, 125913, 125918, 125938, 125941, 125943, 125950, 125952, 125974, 125976, 126091, 126101, 126103, 126115, 126152, 126179, 126181, 126186, 126192, 126197, 126224, 126225, 126235, 126236, 126276, 126282, 126530, 126954, 126965, 126967, 126988, 126999, 127007, 127010, 127021, 127732, 127734, 127771, 127777, 127780, 127846, 127851, 129555, 132527, 134201, 134311, 134320, 134325, 134968, 134975, 135045, 135052, 135054, 135250, 136259, 136275, 136278, 136292, 136321, 136383, 136387, 136402, 137135, 137624, 137630, 138225, 140573, 140582, 140584, 140585, 140592, 140597, 140600, 140606, 144737, 144810, 144854, 144881, 144898, 144939, 145009, 145585, 146126, 146133, 146321, 146324, 146326, 146332, 146409, 146415, 146441, 146451, 147208, 147242, 147325, 147338, 147346, 147349, 147405, 148127, 148130, 149276, 106367, 101976, 105965, 105755, 88600, 6655, 6661, 9232, 37363, 37599, 37636, 37638, 37684, 37768, 38063, 38161, 38241, 40009, 40066, 40087, 40363, 40454, 40543, 40564, 40566, 42904, 52696, 52863, 53535, 53604, 53606, 53710, 54576, 54730, 54830, 54885, 54932, 55045, 55458, 70654, 70658, 70679, 70731, 70753, 70780, 70823, 70828, 70834, 70837, 70863, 75221, 77980, 78011, 78016, 78026, 78082, 86328, 86395, 86434, 86445, 86458, 86459, 86473, 86481, 86504, 86530, 88574, 88630, 90592, 92799, 104065, 104361, 105588, 105711, 118535, 118542, 118570, 125440, 125543, 125649, 126119, 126123, 126208, 126239, 126241, 126245, 126264, 132553, 132668, 132673, 132679, 132682, 140671, 140673, 140719, 148095, 90271, 70952, 127, 92516, 71124, 77701, 92605, 37372, 135269, 71035, 37324, 77545], "label": "wall"}, {"objectId": 10, "id": 10, "partId": 10, "index": 9, "dominantNormal": [-0.6716634035110474, -0.740856409072876, -1.6450316865876413e-16], "obb": {"axesLengths": [5.015786870357245, 3.547029892794118, 0.6822593487347048], "centroid": [-1.2373479359271213, -1.8476211599152355, 0.21648489824023143], "normalizedAxes": [0.7408564686775208, -0.6716634035110474, -1.491392350752124e-16, 0, -2.220446049250313e-16, 1, -0.6716634035110474, -0.7408564686775208, -1.6450318189365393e-16]}, "segments": [6264, 44221, 133202, 76787, 150986, 112540, 17095, 18210, 5475, 3272, 6, 11718, 11755, 12385, 12401, 12535, 12836, 12849, 12886, 13774, 13838, 13847, 14947, 14979, 15058, 15435, 15668, 18197, 18438, 18448, 19336, 19344, 19368, 19378, 21837, 23988, 23991, 24045, 24384, 33851, 33856, 33858, 34289, 34591, 34616, 34634, 34635, 35529, 35583, 35608, 35615, 35634, 37285, 37635, 44224, 45003, 45015, 48617, 51300, 51533, 64506, 64516, 67092, 76721, 76789, 80151, 88122, 108915, 109672, 112067, 118985, 119120, 119123, 119125, 124436, 124444, 124447, 126880, 128053, 128056, 134744, 134817, 134835, 138928, 138933, 139147, 139199, 145326, 146189, 58512, 18166, 80150], "label": "wall"}, {"objectId": 11, "id": 11, "partId": 11, "index": 10, "dominantNormal": [-0.6213110685348511, -0.7835639715194702, -1.7398615248952925e-16], "obb": {"axesLengths": [2.3610823717958374, 1.4430499499354519, 0.22126477151937615], "centroid": [2.148470178957066, -5.005698529073134, -0.8915250933755545], "normalizedAxes": [0.783564031124115, -0.6213110685348511, -1.3795877074837006e-16, 0, -2.220446049250313e-16, 1, -0.6213110685348511, -0.783564031124115, -1.7398616572441905e-16]}, "segments": [27531, 19014, 48977, 41073, 75982, 16223, 16247, 16281, 57400, 57971, 59685, 71629, 75883, 75896, 75924, 131292, 131293, 17441, 57953], "label": "wall"}, {"objectId": 12, "id": 12, "partId": 12, "index": 11, "dominantNormal": [-0.6244006752967834, -0.7811042070388794, -1.7343997505722783e-16], "obb": {"axesLengths": [0.915291358576041, 2.226571927370757, 0.09826120502186678], "centroid": [-2.0152029273102565, -1.5268307219954573, -0.43691410758858806], "normalizedAxes": [0.7811042070388794, -0.6244006752967834, -1.3864480126119704e-16, 0, -2.220446049250313e-16, 1, -0.6244006752967834, -0.7811042070388794, -1.7343997505722783e-16]}, "segments": [51551, 52385], "label": "door"}, {"objectId": 13, "id": 13, "partId": 13, "index": 12, "dominantNormal": [0.7093594670295715, 0.7048468589782715, 1.5650744233447955e-16], "obb": {"axesLengths": [0.571604075627633, 0.842189948807881, 0.24035965311267626], "centroid": [-0.6848710813761776, -2.3767873227929206, -1.1110950770165386], "normalizedAxes": [-0.7048469185829163, 0.7093594670295715, 1.5750944260641198e-16, 0, -2.220446049250313e-16, 1, 0.7093594670295715, 0.7048469185829163, 1.5650745556936935e-16]}, "segments": [105811, 107805, 146178], "label": "box"}, {"objectId": 14, "id": 14, "partId": 14, "index": 13, "dominantNormal": [-0.6473754048347473, -0.7621712684631348, -1.6923601819110673e-16], "obb": {"axesLengths": [0.731587767301188, 0.9300799161922949, 0.3227405757474551], "centroid": [-1.1440037664349174, -1.9150148705335233, -1.0750400791861852], "normalizedAxes": [0.7621712684631348, -0.6473754048347473, -1.4374621600471367e-16, 0, -2.220446049250313e-16, 1, -0.6473754048347473, -0.7621712684631348, -1.6923601819110673e-16]}, "segments": [18998, 43063, 30653, 30654, 114315, 152067, 114303, 10886], "label": "box"}, {"objectId": 15, "id": 15, "partId": 15, "index": 14, "dominantNormal": [0, -2.220446049250313e-16, 1], "obb": {"axesLengths": [2.4442097692167652, 0.12000000208616246, 0.9179701172981055], "centroid": [6.565128161342698, -3.043037852051041, -1.6900000802608566], "normalizedAxes": [0.7570086717605591, 0.6534048318862915, 1.450850177522981e-16, 0, -2.220446049250313e-16, 1, 0.6534048318862915, -0.7570086717605591, -1.6808969144589605e-16]}, "segments": [47829, 116268, 74082, 64615, 55645, 85073, 47456, 47480, 47821, 47848, 50991, 51321, 55790, 63160, 65109, 65370, 65400, 76445, 85124, 85126, 137957, 67737], "label": "floor"}, {"objectId": 16, "id": 16, "partId": 16, "index": 15, "dominantNormal": [0.7564601302146912, -0.6540398597717285, -1.4522602226823634e-16], "obb": {"axesLengths": [1.1110982866576138, 1.3599999243021021, 0.2190400760528218], "centroid": [3.4977293113166317, -5.339830942679834, -0.8700000759395201], "normalizedAxes": [0.6540398597717285, 0.7564600706100464, 1.6796787752016904e-16, 0, -2.220446049250313e-16, 1, 0.7564600706100464, -0.6540398597717285, -1.4522602226823634e-16]}, "segments": [44707, 1230, 101358, 26421, 31483, 9898], "label": "wall"}, {"objectId": 17, "id": 17, "partId": 17, "index": 16, "dominantNormal": [0.7401769757270813, -0.672412097454071, -1.4930547852600086e-16], "obb": {"axesLengths": [1.6086959537613998, 3.7199999454617494, 0.3863366110924314], "centroid": [-1.9156045055939535, 1.2152942232404644, 0.30999993464030373], "normalizedAxes": [0.672412097454071, 0.7401769757270813, 1.6435230414992426e-16, 0, -2.220446049250313e-16, 1, 0.7401769757270813, -0.672412097454071, -1.4930547852600086e-16]}, "segments": [101719, 2009, 33177, 31408, 93878, 31687, 33189, 3475, 85541, 9976, 9992, 13418, 13452, 30484, 30525, 31724, 34810, 40746, 40755, 40786, 40788, 40806, 84540, 84724, 85502, 86714, 86743, 93982, 94071, 94175, 101786, 120992, 123320, 123322, 135894, 138352, 142960, 83388, 101676, 13500, 13541, 83391, 95746, 96979, 96985, 96999, 97060, 101793, 101798, 142972, 85600, 101727, 101761, 101770, 101803, 145575, 34838, 32512, 83424, 137340, 143025, 101745, 152780, 157393, 55537, 29847, 29777, 138387, 94277, 29759, 29654, 88387, 57099, 88414, 88432, 55515, 2718, 2741, 2783, 2789, 2794, 2807, 2908, 2910, 2921, 2961, 2968, 2979, 2980, 2988, 3012, 3039, 3041, 3098, 29645, 29649, 29651, 29690, 29692, 29713, 29730, 29756, 29784, 29843, 29851, 29880, 29887, 29890, 55493, 55499, 55561, 55565, 55567, 55574, 55670, 55675, 56839, 56861, 56871, 56875, 56908, 56915, 56932, 56963, 56983, 57015, 57023, 57065, 57067, 57073, 57076, 57085, 57110, 57149, 88254, 88321, 88329, 88350, 88370, 88372, 93358, 93425, 93430, 93510, 93521, 93523, 93535, 93553, 93560, 93596, 93629, 94512, 94584, 94717, 94771, 97149, 106555, 106584, 106719, 106753, 117117, 117145, 117448, 117449, 117459, 117464, 117557, 117560, 117573, 117577, 117581, 117592, 117595, 117628, 117645, 117664, 119669, 119673, 119676, 119679, 119681, 119690, 123243, 123251, 129305, 129408, 129412, 139004, 139006, 139014, 139032, 139033, 140942, 141039, 141045, 141047, 148205, 148212, 152819, 157678, 88262, 29706, 93525, 116832, 4134, 148229, 4398, 107714, 106751, 3871, 4073, 4523, 4566, 4582, 4692, 83449, 88243, 88261, 93286, 93307, 102274, 102465, 102477, 106536, 106541, 106559, 106567, 106569, 106604, 106606, 106627, 106652, 106662, 106716, 106717, 106746, 106749, 106761, 107433, 107440, 107460, 107463, 107468, 107507, 107573, 107618, 107651, 107669, 107693, 107736, 107759, 116840, 116841, 116921, 116929, 117035, 117050, 117462, 117469, 118365, 118369, 148217, 148524, 148528, 148544, 148551, 152831, 152833, 156432, 156435, 156477, 156525, 118351], "label": "wall"}, {"objectId": 18, "id": 18, "partId": 18, "index": 17, "dominantNormal": [0.8270537257194519, -0.5621228218078613, -1.2481633988767034e-16], "obb": {"axesLengths": [2.38065915225442, 3.6708698644294615, 0.6427407266245404], "centroid": [-0.06352712808678529, 3.3749443591550525, 0.265434794435393], "normalizedAxes": [0.5621228218078613, 0.8270537853240967, 1.836428310140407e-16, 0, -2.220446049250313e-16, 1, 0.8270537853240967, -0.5621228218078613, -1.2481633988767034e-16]}, "segments": [28512, 63525, 63509, 60132, 62329, 62260, 96590, 67439, 54377, 54378, 54391, 54403, 56276, 56288, 56329, 56384, 58578, 58628, 58665, 58685, 58714, 60599, 60635, 60654, 60679, 60685, 60719, 61473, 61482, 61513, 61540, 61549, 61553, 61843, 62215, 62237, 62270, 62315, 62341, 62424, 62437, 62479, 63011, 63078, 63084, 63178, 63181, 63201, 63227, 63258, 63314, 63380, 71516, 71554, 76471, 76475, 76523, 76564, 77126, 77183, 77238, 80100, 84306, 84337, 84363, 89338, 89391, 129101, 129107, 129344, 129346, 129837, 129843, 130244, 130246, 130254, 130259, 130271, 130276, 130280, 130285, 130383, 130392, 130555, 130561, 130564, 130652, 130660, 130829, 130832, 134766, 134809, 134812, 134814, 134815, 134889, 139324, 142622, 71338, 139345, 63026, 130816, 63251, 71294, 54397, 56368, 56414, 60695, 61494, 61505, 61507, 61850, 61858, 61864, 62280, 62282, 62284, 62301, 62394, 63246, 63252, 63298, 63301, 63303, 63369, 63388, 63412, 67427, 67518, 67553, 71262, 71274, 71309, 71377, 71408, 71429, 71433, 71452, 71460, 71466, 71470, 71475, 71498, 71528, 71531, 71546, 71555, 72381, 72389, 72392, 77139, 77166, 77169, 77173, 77180, 77195, 77230, 77247, 77276, 77280, 77304, 89272, 89358, 89361, 89362, 89367, 89454, 89474, 89480, 129381, 130412, 130495, 130498, 130547, 130553, 130578, 130583, 130809, 132788, 133224, 134763, 134884, 134886, 134887, 134893, 134895, 134911, 134921, 134926, 134947, 137642, 139419, 139422, 139472, 99459, 27387, 87381, 54496, 155632, 7086, 7163, 9375, 9389, 9399, 9473, 9477, 9487, 9605, 9655, 38325, 41737, 42111, 42335, 42346, 42398, 42406, 42413, 45548, 45573, 45718, 45746, 46794, 46798, 49208, 49219, 49352, 49384, 49473, 54427, 54433, 54436, 55409, 56314, 56363, 58415, 58428, 58454, 58455, 58462, 58465, 58487, 58535, 58544, 58618, 59694, 59696, 59712, 59780, 60474, 60502, 60554, 60556, 60564, 60586, 70798, 72438, 73197, 73234, 75103, 75132, 75139, 75152, 75169, 75178, 75195, 75215, 75264, 75288, 75290, 75298, 75318, 75342, 75369, 75370, 78314, 78336, 78379, 78389, 78403, 78442, 78454, 78499, 78512, 78540, 78558, 78564, 78601, 78662, 78723, 78727, 78746, 78768, 78879, 78892, 78898, 78915, 78919, 78952, 78967, 82130, 82533, 82572, 82576, 82585, 82627, 82653, 82709, 82733, 82758, 82766, 82829, 82898, 84050, 86373, 86393, 86475, 86652, 86657, 86661, 86662, 86673, 86674, 86727, 86737, 87364, 89153, 89168, 89417, 90675, 90795, 90802, 92324, 92326, 95671, 95672, 95683, 95693, 95700, 95714, 96337, 96357, 96409, 96418, 96501, 96528, 96542, 96543, 96555, 99246, 99315, 99365, 99380, 99428, 99458, 99475, 99528, 99599, 99601, 99629, 99818, 100660, 100767, 100796, 100814, 100825, 100826, 100830, 102055, 105833, 110337, 110361, 110365, 120257, 120577, 125486, 126434, 127032, 127726, 129341, 129781, 129792, 130236, 134142, 134143, 134183, 134209, 135500, 135733, 135764, 135769, 135771, 135854, 135909, 135914, 137094, 137099, 138257, 139291, 142162, 142166, 142522, 142524, 142529, 142642, 142659, 144739, 144750, 144754, 144769, 145313, 145319, 115746, 152129, 152180, 146396, 105328, 102063, 106388, 144859], "label": "wall"}, {"objectId": 19, "id": 19, "partId": 19, "index": 18, "dominantNormal": [0.22464318573474884, 0.9744411110877991, 2.163693915341989e-16], "obb": {"axesLengths": [0.5418846000031188, 3.551770011668576, 0.5717494283235574], "centroid": [0.11688374118425715, 2.181851178743816, 0.24311488202382048], "normalizedAxes": [0.22464317083358765, 0.9744411110877991, 2.163693915341989e-16, 0, -2.220446049250313e-16, 1, 0.9744411110877991, -0.22464317083358765, -4.9880804116850285e-17]}, "segments": [72717, 39702, 139751, 47224, 28588, 57164, 95652, 58392, 127047, 70318, 76878, 88080], "label": "column"}, {"objectId": 20, "id": 20, "partId": 20, "index": 19, "dominantNormal": [0.7580488324165344, -0.6521977782249451, -1.4481699799894111e-16], "obb": {"axesLengths": [0.6508070413018433, 1.883079963555634, 0.1778369243217418], "centroid": [-3.0034118119943933, -0.05867936689411901, -0.5715401056990759], "normalizedAxes": [0.6521977782249451, 0.7580488324165344, 1.6832065350781065e-16, 0, -2.220446049250313e-16, 1, 0.7580488324165344, -0.6521977782249451, -1.4481699799894111e-16]}, "segments": [100264, 10513, 10556, 10577, 10578, 10580, 10666, 10676, 10713, 10733, 10770, 10801, 10843, 10859, 10883, 10891, 10915, 11291, 18213, 18229, 18232, 18244, 18266, 18268, 18278, 18294, 18303, 18310, 18322, 18346, 18353, 18364, 18365, 18372, 18375, 18381, 18664, 24315, 24387, 24395, 24396, 24441, 24450, 93119, 103755, 118899, 118904, 118908, 118911, 118914, 121320, 121328, 121930, 142859, 142866, 18253], "label": "wall"}, {"objectId": 21, "id": 21, "partId": 21, "index": 20, "dominantNormal": [0, -2.220446049250313e-16, 1], "obb": {"axesLengths": [10.2257296065937, 1.4819298651383095, 7.324825567947013], "centroid": [2.711431782914836, 0.10923242937971223, 1.849034803289662], "normalizedAxes": [0.9830641746520996, -0.1832616925239563, -4.069227011437444e-17, 0, -2.220446049250313e-16, 1, -0.1832616925239563, -0.9830641746520996, -2.1828409627657743e-16]}, "segments": [93808, 8859, 7065, 7165, 6338, 92182, 145757, 90556, 86837, 63800, 3750, 4465, 6119, 6381, 6700, 6706, 8684, 18806, 18831, 18868, 18892, 18935, 19044, 19160, 19163, 19164, 19179, 19186, 19269, 63879, 92176, 92178, 93741, 96964, 97074, 99661, 102072, 102129, 102347, 102356, 102383, 102514, 105413, 105420, 118767, 121446, 121470, 138221, 139759, 141051, 141053, 145588, 145774, 147181, 147198, 147201, 20720, 20200, 20110, 22436, 151937, 28166, 95491, 55196, 111341, 44182, 129065, 53077, 33468, 32939, 31951, 125382, 33725, 80759, 99127, 80767, 98837, 102851, 113621, 116437, 116067, 85660, 8080, 8305, 8385, 142367, 8251, 140450, 130363, 516, 545, 559, 678, 706, 729, 746, 770, 776, 788, 867, 1846, 3213, 3254, 3255, 3257, 3269, 3354, 3362, 3370, 3461, 3633, 3637, 3645, 3646, 3713, 3732, 3738, 4161, 5062, 5150, 5153, 5182, 5219, 5326, 5327, 5360, 5366, 5429, 5433, 5548, 5605, 6802, 6813, 6878, 6949, 6973, 7287, 7358, 7826, 7962, 8003, 8056, 8096, 8103, 8249, 8295, 8392, 8406, 8418, 8438, 8442, 8446, 8507, 8655, 9765, 10098, 10130, 19058, 19078, 19081, 19093, 19278, 19572, 20023, 20144, 20149, 20280, 20632, 20727, 20729, 20751, 20767, 20774, 20788, 21133, 21229, 21244, 22093, 22476, 22674, 27156, 27488, 28020, 28030, 28041, 28044, 28070, 28098, 28103, 28107, 28119, 28502, 31089, 31095, 31111, 31112, 31142, 31165, 31194, 31303, 31338, 31487, 31580, 32957, 33391, 33453, 33472, 33506, 33511, 33551, 33553, 33558, 33571, 33643, 33686, 33709, 33736, 33739, 33745, 33754, 33772, 33915, 34816, 36251, 36267, 36271, 36280, 36322, 36446, 37123, 37201, 41821, 42161, 43452, 44193, 44199, 44446, 44449, 44453, 44459, 44740, 44755, 44794, 44829, 44861, 44863, 44927, 44984, 45029, 45101, 45106, 45112, 45136, 45151, 45158, 45183, 45235, 45817, 45832, 46860, 46885, 46965, 47429, 47455, 47503, 49959, 50263, 50483, 52930, 52973, 52986, 52993, 53048, 53072, 53091, 53097, 53109, 54237, 54271, 54272, 54273, 54274, 54278, 54304, 55101, 55130, 55194, 55195, 55227, 55239, 55246, 55247, 55254, 55261, 55297, 55392, 55405, 56453, 56499, 58210, 58845, 58863, 58891, 58957, 59022, 59038, 59899, 59911, 59913, 59916, 59981, 60002, 60024, 60028, 60051, 60055, 60438, 61305, 61323, 61354, 61367, 61376, 63451, 63463, 63496, 63743, 63749, 67563, 69271, 70883, 71939, 71975, 71976, 71996, 79306, 79386, 81039, 81087, 81090, 81117, 81120, 81164, 81184, 81193, 81226, 81231, 84010, 84044, 84561, 84563, 84802, 84809, 85580, 85587, 85928, 85938, 85980, 87456, 87460, 87461, 87487, 87787, 89531, 90058, 90420, 90760, 90777, 90950, 90997, 91053, 91103, 91158, 91294, 91309, 91331, 91335, 91340, 92378, 92397, 92461, 92464, 92467, 93259, 93278, 93302, 93318, 93324, 93329, 93339, 93348, 93447, 93469, 93546, 93605, 93612, 93650, 95103, 95124, 95176, 95230, 95324, 95334, 95336, 95339, 95364, 95386, 95407, 95413, 95437, 95450, 95521, 95572, 95579, 96038, 97800, 97859, 97939, 98005, 98015, 98063, 98072, 98101, 98131, 98162, 98171, 98191, 98214, 98226, 98229, 98295, 98328, 98338, 98351, 98495, 98506, 98706, 98738, 98821, 100487, 102048, 102096, 102230, 102244, 102325, 103139, 104835, 104858, 104919, 105086, 106194, 106527, 108378, 109463, 109878, 110390, 110700, 110790, 110800, 110825, 110956, 111378, 111484, 111540, 111571, 111653, 112465, 112701, 112790, 112883, 113115, 113147, 113243, 113256, 113262, 113698, 113899, 113990, 114161, 115040, 115045, 115325, 115367, 115385, 115455, 115509, 115580, 115606, 115634, 115635, 115636, 115774, 115799, 115857, 115894, 115932, 115954, 115995, 116036, 116038, 116059, 116101, 116140, 116143, 116488, 116495, 117417, 117509, 117617, 117730, 117782, 117808, 117823, 118284, 118285, 118293, 118296, 118299, 118302, 118306, 118316, 118450, 118452, 118469, 118567, 118577, 118580, 118583, 118742, 118748, 120300, 120309, 121528, 121732, 121778, 121782, 122912, 123459, 123460, 123462, 123467, 123475, 123492, 123495, 123498, 123504, 123509, 123520, 123527, 123537, 123862, 123865, 124012, 124036, 124047, 124076, 124085, 124724, 125421, 125424, 126576, 126727, 126827, 126896, 126899, 126906, 127337, 128896, 129050, 129058, 129091, 129259, 129278, 129280, 129286, 129290, 129330, 129383, 129388, 129899, 130194, 130533, 135953, 135957, 135961, 135980, 135983, 135987, 136112, 136117, 136123, 136127, 136566, 136569, 136575, 136578, 137294, 137295, 137317, 137342, 137347, 137370, 138177, 138427, 138467, 138483, 139024, 139028, 139683, 139777, 139826, 139827, 139831, 139868, 139875, 139941, 139946, 139953, 139965, 139986, 139988, 139991, 139994, 140002, 140013, 140023, 140330, 140409, 140410, 140461, 140466, 140478, 140511, 140519, 140526, 140533, 140939, 141498, 141623, 141884, 141917, 141920, 141930, 141968, 141970, 141978, 142154, 142155, 142218, 142224, 142341, 142343, 142355, 142386, 142893, 145184, 145187, 145193, 145196, 145221, 145736, 146217, 146498, 146603, 146640, 146651, 146768, 148198, 148669, 148732, 148751, 150245, 150303, 150400, 150404, 150413, 150421, 150564, 150788, 150796, 150798, 150801, 150805, 150812, 150814, 150816, 150821, 150832, 151876, 152036, 152054, 152058, 152111, 152636, 152672, 152722, 152727, 152736, 156572, 9297, 4587, 4052, 136231, 102076, 32719, 22625, 55100, 95984, 109390, 7380, 107650, 156494, 109244, 3088, 3090, 3104, 3115, 3138, 3581, 3595, 3609, 3794, 3829, 3841, 3847, 3964, 4078, 4084, 4100, 4115, 4153, 4487, 4604, 4609, 4668, 4693, 4868, 4894, 4929, 4933, 4947, 4951, 4967, 5134, 7933, 7941, 8564, 8566, 8584, 8610, 9631, 9646, 9669, 9687, 9697, 9823, 9842, 9843, 9893, 9905, 9912, 9970, 10155, 21711, 21786, 21811, 21816, 21859, 21880, 21937, 22011, 22062, 22065, 22076, 22099, 22136, 22149, 22162, 22176, 22197, 22201, 22202, 22203, 22491, 22743, 23050, 23055, 23067, 23074, 23080, 23138, 23228, 23229, 23305, 23470, 23483, 23535, 23542, 26482, 27457, 27480, 27765, 27798, 30142, 30145, 30164, 30274, 30287, 30295, 32650, 32665, 32679, 32686, 32695, 32753, 36089, 40885, 45821, 46846, 46887, 46944, 47028, 47073, 47074, 47084, 47089, 47164, 47860, 47867, 47878, 47938, 55360, 60071, 64637, 64651, 64656, 64671, 64681, 64690, 65354, 65373, 65393, 65397, 68263, 68264, 68271, 68273, 68283, 68314, 68355, 68364, 68369, 68370, 80931, 80966, 81331,