{"segGroups": [{"objectId": 1, "id": 1, "partId": 1, "index": 0, "dominantNormal": [0, -2.220446049250313e-16, 1], "obb": {"axesLengths": [4.185572639992884, 0.23523997734695767, 2.9818544944576333], "centroid": [-0.7703552940563685, -0.3744687232138552, -1.5876200130049885], "normalizedAxes": [0.376052588224411, 0.926598310470581, 2.0574615577264167e-16, 0, -2.220446049250313e-16, 1, 0.926598310470581, -0.376052588224411, -8.350044838332482e-17]}, "segments": [29683, 25591, 25608, 25067, 16803, 30266, 1909, 34261, 34247, 49411, 3100, 48878, 2591, 17250, 18704, 19514, 15534, 23549, 27727, 49083, 4275], "label": "floor"}, {"objectId": 2, "id": 2, "partId": 2, "index": 1, "dominantNormal": [0.7411796450614929, 0.6713067293167114, 1.4906003749464412e-16], "obb": {"axesLengths": [2.9564035482029816, 2.380000001639127, 0.256543705755538], "centroid": [0.8707042320135547, 0.5400453864222394, -0.2800000235119464], "normalizedAxes": [-0.6713067293167114, 0.7411796450614929, 1.6457494146615413e-16, 0, -2.220446049250313e-16, 1, 0.7411796450614929, 0.6713067293167114, 1.4906003749464412e-16]}, "segments": [33499, 33485, 9346, 2772, 17593, 47357, 5482, 47121, 8019, 9382], "label": "wall"}, {"objectId": 3, "id": 3, "partId": 3, "index": 2, "dominantNormal": [0.7565957903862, 0.6538829207420349, 1.451911748033907e-16], "obb": {"axesLengths": [0.9776099350183984, 2.190689872413354, 0.0978604153701308], "centroid": [0.2650066164972277, 1.2677489096836232, -0.5653450052416702], "normalizedAxes": [-0.6538828611373901, 0.7565957903862, 1.6799801336424557e-16, 0, -2.220446049250313e-16, 1, 0.7565957903862, 0.6538828611373901, 1.451911615685009e-16]}, "segments": [25445, 5685, 26005, 25568, 30099, 29899, 25857, 26141, 30811, 23212], "label": "door"}, {"objectId": 4, "id": 4, "partId": 4, "index": 3, "dominantNormal": [0.6597687005996704, -0.7514687180519104, -1.6685957461335619e-16], "obb": {"axesLengths": [3.3870216293824194, 2.5455779460315853, 0.19422960460942143], "centroid": [-1.3032361245092994, 0.5053661749469833, -0.3772109948403173], "normalizedAxes": [0.7514687180519104, 0.6597687005996704, 1.4649808046655508e-16, 0, -2.220446049250313e-16, 1, 0.6597687005996704, -0.7514687180519104, -1.6685957461335619e-16]}, "segments": [24674, 15658, 46061, 11336, 11926, 14408, 10543, 10270, 35796, 2518, 30849, 24932, 7212, 1503, 2311, 1739, 1308, 1338, 5426, 17618, 17564], "label": "wall"}, {"objectId": 5, "id": 5, "partId": 5, "index": 4, "dominantNormal": [0.6974345445632935, -0.7166484594345093, -1.5912792404526794e-16], "obb": {"axesLengths": [1.0165306846700368, 2.1934799657729265, 0.11866035617406032], "centroid": [-0.42189158615107986, 1.3099536431247891, -0.5667400519214565], "normalizedAxes": [0.7166484594345093, 0.6974345445632935, 1.5486157790862564e-16, 0, -2.220446049250313e-16, 1, 0.6974345445632935, -0.7166484594345093, -1.5912792404526794e-16]}, "segments": [6823, 46297, 6799, 30352, 16265], "label": "door"}, {"objectId": 6, "id": 6, "partId": 6, "index": 5, "dominantNormal": [0.6260411739349365, -0.7797899842262268, -1.7314815897200893e-16], "obb": {"axesLengths": [0.6608745512043922, 0.5600000047683712, 0.22585258593509877], "centroid": [-1.7782427179816702, 0.18914608450174408, -0.05000003193110247], "normalizedAxes": [0.7797899842262268, 0.6260411739349365, 1.390090651331858e-16, 0, -2.220446049250313e-16, 1, 0.6260411739349365, -0.7797899842262268, -1.7314815897200893e-16]}, "segments": [14696, 13850, 13752, 13797, 13951, 14200, 42094, 42125, 42144, 20596, 13944, 14733, 14745, 14757, 14776, 14815, 38326], "label": "picture"}, {"objectId": 7, "id": 7, "partId": 7, "index": 6, "dominantNormal": [0.7513286471366882, 0.6599282026290894, 1.4653349703166215e-16], "obb": {"axesLengths": [0.8821593970543745, 0.8981799878586828, 0.5050358916768045], "centroid": [0.683944707365655, 0.4680603128297316, -1.1990900057438765], "normalizedAxes": [-0.6599282026290894, 0.7513286471366882, 1.668284726223242e-16, 0, -2.220446049250313e-16, 1, 0.7513286471366882, 0.6599282026290894, 1.4653349703166215e-16]}, "segments": [26892, 7669, 7768, 13298, 31357, 10143, 16728, 26971, 27165, 47707, 47794, 47620, 39227, 11937, 7932, 7934, 7951, 8016, 8209, 9023, 9285, 41782, 43688, 9319, 9320, 41778, 27198, 31344, 8988, 8941], "label": "bedside table"}, {"objectId": 8, "id": 8, "partId": 8, "index": 7, "dominantNormal": [0.6577829122543335, -0.7532075643539429, -1.6724567605351634e-16], "obb": {"axesLengths": [3.423725535067956, 2.538235965261548, 0.366044222248946], "centroid": [0.5462610563257766, -1.561222916438628, -0.38470204682360576], "normalizedAxes": [0.7532075643539429, 0.6577829122543335, 1.4605714687795002e-16, 0, -2.220446049250313e-16, 1, 0.6577829122543335, -0.7532075643539429, -1.6724567605351634e-16]}, "segments": [12652, 21416, 12649, 17523, 42159, 20796, 4145, 4218, 30002, 23330, 797, 28664, 28648, 29178, 321, 29484, 13305], "label": "wall"}, {"objectId": 9, "id": 9, "partId": 9, "index": 8, "dominantNormal": [0.6712091565132141, -0.7412680387496948, -1.6459456880772879e-16], "obb": {"axesLengths": [0.6706309506598399, 0.8799999755620961, 0.09116727486276213], "centroid": [0.6681433256316067, -1.6295982786657324, -0.07000001986116189], "normalizedAxes": [0.7412680387496948, 0.6712091565132141, 1.4903837198004013e-16, 0, -2.220446049250313e-16, 1, 0.6712091565132141, -0.7412680387496948, -1.6459456880772879e-16]}, "segments": [32505, 44920, 44932], "label": "picture"}, {"objectId": 10, "id": 10, "partId": 10, "index": 9, "dominantNormal": [0.7502076029777527, 0.6612023711204529, 1.468164192709349e-16], "obb": {"axesLengths": [2.97913884032868, 2.5540529514688326, 0.20232923934273137], "centroid": [-1.607719132259254, -1.6613730294727955, -0.3798335097448493], "normalizedAxes": [-0.6612023711204529, 0.7502076029777527, 1.6657955081494984e-16, 0, -2.220446049250313e-16, 1, 0.7502076029777527, 0.6612023711204529, 1.468164192709349e-16]}, "segments": [16144, 32615, 33200, 29735, 25171, 9668, 15115, 7362, 35005, 16356, 28939, 2293, 872, 28985, 28973, 812, 37733, 34482, 36946, 37000, 45598, 33609, 27008], "label": "wall"}, {"objectId": 11, "id": 11, "partId": 11, "index": 10, "dominantNormal": [0, -2.220446049250313e-16, 1], "obb": {"axesLengths": [1.6784850621540963, 0.24888997713722327, 0.9237354100975348], "centroid": [-1.7223368039142468, -0.40471365379856467, -0.9144450209467484], "normalizedAxes": [0.7660745978355408, 0.6427516341209412, 1.4271953266330265e-16, 0, -2.220446049250313e-16, 1, 0.6427516341209412, -0.7660745978355408, -1.701027314194949e-16]}, "segments": [35247, 31192, 19145, 30221, 6957, 15260, 16413, 16416, 16430, 31273, 32276, 32287, 32321, 32330, 32339, 32340, 32372, 32410, 32424, 32442, 33102, 33191, 33520, 34087, 34226, 34621, 34626, 34627, 34774, 34854, 34891, 34913, 35093, 35222, 35374, 35406, 35543, 35549, 35588, 35641, 35678, 35756, 35845, 35871, 36117, 36830, 36851, 43089, 45323, 45335, 45392, 45394, 45632, 45671, 45674, 45680, 45691, 45779, 45781, 45783, 45928, 17739, 36517, 46503, 20437, 18313, 34796, 22252, 15369, 22267, 45647, 35388, 6912, 36200, 20336, 36188, 36235], "label": "table"}, {"objectId": 12, "id": 12, "partId": 12, "index": 11, "dominantNormal": [0, -2.220446049250313e-16, 1], "obb": {"axesLengths": [1.0019772033514331, 0.09527498270701651, 0.3512366642468284], "centroid": [-1.4807849104779782, -0.529195927131576, -0.7494605003844096], "normalizedAxes": [0.8914223313331604, 0.45317354798316956, 1.006247414243976e-16, 0, -2.220446049250313e-16, 1, 0.45317354798316956, -0.8914223313331604, -1.9793551938222196e-16]}, "segments": [31084, 30147, 34113, 34518, 34534, 34537, 34579, 34593, 34605, 45853, 45906, 35478, 33077, 45869], "label": "ironing board"}, {"objectId": 13, "id": 13, "partId": 13, "index": 12, "dominantNormal": [-0.5083960890769958, -0.8611233830451965, -1.9120780137997707e-16], "obb": {"axesLengths": [0.19891838425896205, 0.2942119771045748, 0.11468635901918471], "centroid": [-1.1328290918785762, 0.005079130266244292, -0.7507389901839429], "normalizedAxes": [0.8611233830451965, -0.5083960890769958, -1.1288660874453257e-16, 0, -2.220446049250313e-16, 1, -0.5083960890769958, -0.8611233830451965, -1.9120780137997707e-16]}, "segments": [31074, 31188, 31132, 31158, 45031, 17689, 45042], "label": "iron"}, {"objectId": 14, "id": 14, "partId": 14, "index": 13, "dominantNormal": [0, -2.220446049250313e-16, 1], "obb": {"axesLengths": [0.28051338384280256, 0.11934405298507089, 0.26192901732648854], "centroid": [-1.63909868493354, 0.08564626482436122, -0.8287690084383864], "normalizedAxes": [0.41560980677604675, 0.9095430374145508, 2.019591244050269e-16, 0, -2.220446049250313e-16, 1, 0.9095430374145508, -0.41560980677604675, -9.22839153485559e-17]}, "segments": [46393, 21044, 36440, 46387, 20326], "label": "object"}, {"objectId": 15, "id": 15, "partId": 15, "index": 14, "dominantNormal": [0.1819317787885666, -0.9833111763000488, -2.1833894165991215e-16], "obb": {"axesLengths": [0.21703685013688662, 0.19888400586953722, 0.1736533011426448], "centroid": [-2.2958445964432044, -0.5635418982137014, -0.49408801163327754], "normalizedAxes": [0.9833111763000488, 0.1819317787885666, 4.039696994441546e-17, 0, -2.220446049250313e-16, 1, 0.1819317787885666, -0.9833111763000488, -2.1833894165991215e-16]}, "segments": [35971, 37914, 37812, 47542, 37977, 38105, 37835, 37921, 37833], "label": "table lamp"}, {"objectId": 16, "id": 16, "partId": 16, "index": 15, "dominantNormal": [-0.2743685245513916, -0.9616246223449707, -2.1352355935477145e-16], "obb": {"axesLengths": [0.4244497237022551, 0.42256998071290575, 0.35242853202654606], "centroid": [-0.8039705073872359, -0.10643496709224332, -1.4147649972992022], "normalizedAxes": [0.9616246223449707, -0.2743685245513916, -6.09220506378775e-17, 0, -2.220446049250313e-16, 1, -0.2743685245513916, -0.9616246223449707, -2.1352355935477145e-16]}, "segments": [27962, 26579, 26329, 16550, 16467, 43794, 27896, 43655, 26351, 42217, 16506, 43810, 16481, 16483, 24466, 26371, 26397, 26430, 26537, 26564, 26633, 26643, 26669, 27903, 27932, 28423, 43770, 43901, 43905], "label": "backpack"}, {"objectId": 17, "id": 17, "partId": 17, "index": 16, "dominantNormal": [0, -2.220446049250313e-16, 1], "obb": {"axesLengths": [0.40428877243237504, 0.08512997436977976, 0.3125133283339288], "centroid": [-0.5172832188981135, 0.32948513165342275, -1.587965004681237], "normalizedAxes": [0.6372301578521729, 0.7706735730171204, 1.7112390904674876e-16, 0, -2.220446049250313e-16, 1, 0.7706735730171204, -0.6372301578521729, -1.4149351864660106e-16]}, "segments": [3483, 27269, 27277], "label": "object"}, {"objectId": 18, "id": 18, "partId": 18, "index": 17, "dominantNormal": [0, -2.220446049250313e-16, 1], "obb": {"axesLengths": [0.362862330948631, 0.09128010068952808, 0.29955109512903344], "centroid": [-0.709444903670638, 0.8261260561841564, -1.595639996594191], "normalizedAxes": [-0.5183424353599548, 0.8551731705665588, 1.8988658880093797e-16, 0, -2.220446049250313e-16, 1, 0.8551731705665588, 0.5183424353599548, 1.1509514127537975e-16]}, "segments": [5446, 5456], "label": "object"}, {"objectId": 19, "id": 19, "partId": 19, "index": 18, "dominantNormal": [0, -2.220446049250313e-16, 1], "obb": {"axesLengths": [0.6730008801425708, 0.32899998883158005, 0.6262019433893666], "centroid": [-0.9882800540088835, 0.42373217190430446, -1.472100015129298], "normalizedAxes": [0.5429428815841675, 0.8397696018218994, 1.864663094645945e-16, 0, -2.220446049250313e-16, 1, 0.8397696018218994, -0.5429428815841675, -1.2055753763821452e-16]}, "segments": [3662, 3692, 3823, 42292, 5419, 18502, 18506, 18572, 2719, 42327, 17104, 17133, 17580, 17596, 18432, 18439, 18482, 18544, 18595, 18913, 18934, 18942, 18980, 19002, 19017, 19046, 26752, 41161, 42238, 42239, 42240, 42323, 42357, 42359, 42439, 42442, 42446, 42455], "label": "bag"}, {"objectId": 20, "id": 20, "partId": 20, "index": 19, "dominantNormal": [-0.17762847244739532, -0.9840975999832153, -2.1851356279594455e-16], "obb": {"axesLengths": [0.9838950106835695, 0.8581029580957522, 0.6960717718039682], "centroid": [-1.2414077051234493, -1.3063309316549172, -1.220948488808234], "normalizedAxes": [0.9840975999832153, -0.17762847244739532, -3.9441443988018704e-17, 0, -2.220446049250313e-16, 1, -0.17762847244739532, -0.9840975999832153, -2.1851356279594455e-16]}, "segments": [33832, 5562, 41643, 46917, 19643, 19653, 33861, 33898, 42597, 42632, 17999, 4737, 4569, 5059, 4906, 4747, 3250, 3269, 3281, 3285, 3325, 4373, 4384, 4386, 4413, 4608, 4808, 4878, 4900, 5002, 5173, 5654, 18015, 19315, 19696, 37132, 37160, 41309, 41450, 41453, 41553, 41597, 42678, 45386, 46948, 46975, 47002, 37167, 47020, 37038, 19274, 19279, 19337, 19357, 37280, 37299, 42483, 42531, 46995, 47004, 47047, 35159, 4999, 35184, 4975, 5199, 5322, 3851, 3881, 3891, 3893, 5213, 5299, 42503, 42513], "label": "chair"}, {"objectId": 21, "id": 21, "partId": 21, "index": 20, "dominantNormal": [0.714336097240448, 0.699802815914154, 1.5538743978508275e-16], "obb": {"axesLengths": [0.6905973016446821, 0.781769913842456, 0.16561550144706427], "centroid": [-0.6200330590637062, -2.0746758064299566, -0.970734990563356], "normalizedAxes": [-0.699802815914154, 0.714336097240448, 1.5861447649544402e-16, 0, -2.220446049250313e-16, 1, 0.714336097240448, 0.699802815914154, 1.5538743978508275e-16]}, "segments": [61, 2, 769, 2468, 4, 262, 579, 585, 644, 647, 658, 694, 732, 1559, 2870, 3863, 5985, 6300, 22104, 22201, 22224, 40950, 41049, 41200, 41270, 41374, 43740, 1501, 2424, 41038, 41130, 41261, 680, 1521, 1571, 3506, 27647, 1851, 1641, 41226, 1865, 2819, 41189, 41248], "label": "cloth"}, {"objectId": 22, "id": 22, "partId": 22, "index": 21, "dominantNormal": [0, -2.220446049250313e-16, 1], "obb": {"axesLengths": [2.1322510798967143, 0.6903019393167956, 1.2280579832728016], "centroid": [0.6772936441180887, -0.7168440227737309, -1.3078089647910978], "normalizedAxes": [0.8056209683418274, 0.5924313068389893, 1.3154617547228337e-16, 0, -2.220446049250313e-16, 1, 0.5924313068389893, -0.8056209683418274, -1.7888378963478222e-16]}, "segments": [7789, 12520, 10742, 40737, 40593, 40505, 31536, 1402, 4085, 4101, 8160, 10627, 10630, 12550, 12615, 12762, 12820, 12888, 31499, 31502, 31505, 39686, 40031, 40189, 40236, 40247, 40269, 40304, 40324, 40325, 40351, 40359, 40373, 40394, 40438, 40452, 40567, 40974, 40984, 41800, 41856, 41928, 45085, 47873, 48495, 48807, 48811, 49544, 11787, 7870, 40319, 10269, 9796, 7796, 7784, 37640, 9239, 7866, 8112, 8120, 8252, 8255, 39705, 48515, 40171, 39792, 40150, 40118, 13441, 40104, 31481, 13149, 11785, 6567, 48595, 6243, 24752, 1285, 1679, 3024, 4119, 12433, 1268, 12665, 41930, 39837, 11677, 13522, 11840], "label": "bed"}, {"objectId": 23, "id": 23, "partId": 23, "index": 22, "dominantNormal": [0, -2.220446049250313e-16, 1], "obb": {"axesLengths": [1.8359903907690773, 0.8308799677145484, 0.9411761272008078], "centroid": [0.5560648888766461, -1.2859651067830375, -1.2390600153695048], "normalizedAxes": [0.9080439209938049, 0.4188750088214874, 9.300893584673618e-17, 0, -2.220446049250313e-16, 1, 0.4188750088214874, -0.9080439209938049, -2.0162625369164576e-16]}, "segments": [38730, 48174, 38571, 38505, 48181, 48279, 48207, 13559, 13564, 11648, 11700, 13483, 9948, 9865, 48406, 39296, 8611, 39529, 1707, 39713, 39885, 39619, 11060, 47967, 12269, 38893, 47905, 39054, 39422, 39385, 7230, 8872, 10998, 10625, 47812, 40956, 40046], "label": "blanket"}, {"objectId": 24, "id": 24, "partId": 24, "index": 23, "dominantNormal": [0, -2.220446049250313e-16, 1], "obb": {"axesLengths": [0.6049077351829443, 0.2617610038423314, 0.5853668757076935], "centroid": [1.3179325933318644, -0.340620875801787, -0.9991194966313361], "normalizedAxes": [0.4689442217350006, 0.8832277655601501, 1.9611596026262171e-16, 0, -2.220446049250313e-16, 1, 0.8832277655601501, -0.4689442217350006, -1.0412653444702449e-16]}, "segments": [43549, 6467, 14601, 14368, 13169, 12613, 13090, 14348, 14354, 41985, 6167, 6181, 6211, 24991], "label": "pillow"}, {"objectId": 25, "id": 25, "partId": 25, "index": 24, "dominantNormal": [0.7381148934364319, 0.6746750473976135, 1.4980795435217987e-16], "obb": {"axesLengths": [0.5519644951541229, 0.61999996110797, 0.29151560785586383], "centroid": [0.9195896827622643, 0.6860342480989403, -0.22000000756770421], "normalizedAxes": [-0.6746750473976135, 0.7381148934364319, 1.638944299023741e-16, 0, -2.220446049250313e-16, 1, 0.7381148934364319, 0.6746750473976135, 1.4980795435217987e-16]}, "segments": [38110, 47067, 37704, 8663, 47237, 8461, 8469, 8489, 10410, 11076, 11134, 11146, 11147, 11167, 11169, 36453, 36524, 36620, 36641, 37350, 37404, 37407, 37487, 37505, 37580, 37581, 37610, 37657, 37880, 37915, 37973, 37981, 38031, 38085, 38087, 38088, 38118, 38150, 38155, 38219, 38228, 38242, 41892, 41901, 41902, 41904, 46860, 46896, 46950, 47059, 47073, 8477, 8700, 8465, 33847, 41805, 41807, 46898, 47094, 10399, 46844, 41821, 8490], "label": "mirror"}, {"objectId": 26, "id": 26, "partId": 26, "index": 25, "dominantNormal": [0.7324687242507935, 0.6808006763458252, 1.5116811721190286e-16], "obb": {"axesLengths": [1.6672095669778886, 2.4320399813643085, 0.40488241621697396], "centroid": [-1.6776103313444972, -1.6890080617207917, -0.4260200154607001], "normalizedAxes": [-0.6808006763458252, 0.7324687242507935, 1.6264072849620913e-16, 0, -2.220446049250313e-16, 1, 0.7324687242507935, 0.6808006763458252, 1.5116811721190286e-16]}, "segments": [29823, 44070, 28070, 27986, 28136, 21517, 21536, 22119, 21442, 24247, 24266, 12304, 12337, 20517, 44496, 44047, 19956, 19367, 42842, 17682, 1965, 2282, 41287, 31022, 44979, 24261, 24623, 22096, 43076, 44225, 19794, 30936, 6701, 42961, 6360, 42703, 37515, 9688, 44732, 9504, 7600, 9605, 44719, 22376, 37491, 33211], "label": "curtain"}, {"objectId": 27, "id": 27, "partId": 27, "index": 26, "dominantNormal": [0, -2.220446049250313e-16, 1], "obb": {"axesLengths": [0.952556667353434, 0.12392997464694133, 0.47273571584938323], "centroid": [-1.7846939803202597, -1.4651617678403044, -0.868035027620308], "normalizedAxes": [-0.622115969657898, 0.7829251289367676, 1.7384430094064375e-16, 0, -2.220446049250313e-16, 1, 0.7829251289367676, 0.622115969657898, 1.3813749470024071e-16]}, "segments": [21364, 15352, 43375], "label": "windowsill"}, {"objectId": 28, "id": 28, "partId": 28, "index": 27, "dominantNormal": [0.7371551394462585, 0.6757235527038574, 1.500407692986666e-16], "obb": {"axesLengths": [0.9742719557582064, 0.6479300115720178, 0.1314483123903365], "centroid": [-1.681683621278936, -1.491543337417912, -1.313965021772869], "normalizedAxes": [-0.6757235527038574, 0.7371551394462585, 1.6368132170680084e-16, 0, -2.220446049250313e-16, 1, 0.7371551394462585, 0.6757235527038574, 1.500407692986666e-16]}, "segments": [27105, 27055, 27032, 17340, 18662, 17302, 17305, 17319, 17441, 17454, 17455, 19421, 20153, 25855, 33672, 36931, 42551, 42555], "label": "radiator"}, {"objectId": 29, "id": 29, "partId": 29, "index": 28, "dominantNormal": [0.7463768720626831, 0.6655235290527344, 1.47775909076827e-16], "obb": {"axesLengths": [0.9532500844948529, 1.6406159630280137, 0.2682004531181035], "centroid": [-1.9373245450250431, -1.6232812809897625, -0.05030804637667541], "normalizedAxes": [-0.6655235290527344, 0.7463768720626831, 1.657289576823391e-16, 0, -2.220446049250313e-16, 1, 0.7463768720626831, 0.6655235290527344, 1.47775909076827e-16]}, "segments": [21941, 24053, 21762, 20752, 13979, 43332, 5794, 5838, 5884, 5886, 5895, 5901, 5925, 5932, 5944, 5947, 5980, 5993, 6001, 6028, 6030, 6072, 6078, 6092, 6108, 6127, 12991, 13003, 13014, 13021, 13206, 13222, 13274, 13277, 13601, 13619, 13635, 13636, 13640, 13654, 13664, 13668, 13675, 14006, 14527, 14532, 14551, 14569, 14571, 14600, 21130, 21133, 21143, 21149, 21154, 21168, 21172, 21192, 21281, 21742, 21819, 21828, 21829, 21847, 21849, 21870, 21913, 22275, 22278, 22283, 22321, 22382, 22384, 22396, 22413, 22439, 22450, 22463, 22474, 22489, 22517, 22526, 22554, 22583, 22776, 22801, 22824, 22876, 22907, 22912, 22921, 23716, 23766, 23773, 23807, 23814, 23818, 23852, 23866, 23875, 23881, 23884, 23904, 23928, 23939, 23947, 24517, 24537, 24559, 41686, 41688, 41691, 41694, 41696, 41705, 41712, 41717, 41719, 41973, 41975, 41997, 42063, 42083, 42085, 42087, 42091, 42129, 42152, 42742, 42755, 42799, 42804, 42807, 42810, 42822, 42857, 42862, 42866, 42881, 42920, 42925, 42926, 42934, 42939, 42972, 42974, 43018, 43021, 43023, 43029, 43130, 43300, 43378, 43475, 43479, 43485, 43490, 43495, 5811, 5832, 5841, 6324, 22460, 41721, 41724, 24039, 24080, 43055, 43014, 22561, 22549, 23858, 23834, 24015, 42969, 43482, 6668, 21824, 41739], "label": "window"}, {"objectId": 30, "id": 30, "partId": 30, "index": 29, "dominantNormal": [0, -2.220446049250313e-16, 1], "obb": {"axesLengths": [3.6607886113643637, 0.12999301858261897, 3.2851153632974532], "centroid": [-0.33148230377780674, -0.5506853403745068, 0.8885964564866606], "normalizedAxes": [0.6481308937072754, 0.7615289688110352, 1.690933990186128e-16, 0, -2.220446049250313e-16, 1, 0.7615289688110352, -0.6481308937072754, -1.4391396823293942e-16]}, "segments": [12213, 10673, 38709, 27483, 29326, 30480, 30475, 34054, 17018, 4086, 30576, 31352, 45176, 31127, 32962, 45137, 10178, 12545, 20692, 45114, 31976], "label": "ceiling"}], "scan_id": "1dd7209f-2ba0-22d9-8b9e-b5e270b2580f", "annId": "5812", "appId": "stk.v1"}