{"segGroups": [{"objectId": 1, "id": 1, "partId": 1, "index": 0, "dominantNormal": [0, -2.220446049250313e-16, 1], "obb": {"axesLengths": [6.869791118420051, 0.2183799694840613, 5.174186924518236], "centroid": [0.9937642911899023, 0.5982156573927202, -1.2987799335543824], "normalizedAxes": [0.44477033615112305, 0.8956446647644043, 1.9887306574082426e-16, 0, -2.220446049250313e-16, 1, 0.8956446647644043, -0.44477033615112305, -9.875885357304949e-17]}, "segments": [49852, 33739, 36183, 60266, 26649, 45161, 32861, 45973, 620, 1889, 3546, 7727, 7744, 7853, 7894, 7929, 8081, 8100, 8106, 8321, 8355, 8416, 9332, 9345, 9394, 9416, 11863, 15059, 21088, 21322, 21377, 21484, 21487, 21519, 21527, 21873, 22136, 22142, 22198, 22210, 22233, 22236, 22282, 22688, 22923, 23253, 23388, 23389, 23458, 23493, 23549, 23558, 23768, 23824, 24005, 24601, 24645, 24677, 24781, 24834, 24841, 24860, 24883, 24913, 24914, 24917, 24927, 25077, 25241, 25271, 25274, 25275, 25276, 25337, 25341, 25353, 26031, 26057, 26062, 26144, 26170, 26186, 26208, 26274, 26303, 27692, 28018, 28423, 28428, 28442, 28561, 28574, 28580, 28584, 28590, 28677, 28703, 30351, 31545, 31993, 32010, 32037, 32055, 32139, 32174, 32190, 32224, 32227, 32232, 32237, 32255, 32495, 32542, 32555, 32559, 32562, 32564, 32577, 32763, 32836, 33578, 33742, 33781, 33815, 33830, 33860, 33901, 33904, 33917, 33928, 33931, 33932, 33943, 33949, 33951, 34458, 34520, 35098, 35124, 35969, 35977, 36009, 36030, 36049, 36077, 36099, 36115, 36149, 36152, 36161, 36175, 36180, 36245, 36590, 36768, 36795, 36953, 36968, 37011, 37098, 38693, 40857, 40871, 43183, 43230, 43237, 43517, 43697, 43707, 43934, 44028, 44270, 44280, 44285, 44374, 44402, 44419, 44438, 44446, 44452, 44632, 44827, 44849, 44900, 44979, 45013, 45034, 45047, 45077, 45100, 45712, 45753, 45797, 45804, 45895, 45918, 45982, 46996, 49411, 49572, 49583, 49712, 49736, 49802, 49962, 50057, 50159, 50203, 50217, 50234, 50267, 50272, 50302, 50314, 50324, 50821, 50912, 50924, 50947, 50948, 50992, 51031, 51086, 51129, 51279, 51336, 51401, 51438, 51442, 52456, 52568, 52577, 52607, 52614, 52786, 52950, 52962, 52965, 54321, 55720, 55733, 55993, 56040, 56085, 56124, 56134, 56147, 56177, 56180, 56186, 56425, 56951, 56959, 57036, 58829, 58842, 58898, 58926, 58938, 58943, 59877, 61925, 65360, 65362, 65367, 65655, 65879, 66112, 66114, 66139, 66632, 66648, 67110, 67261, 67263, 67265, 67275, 67535, 67537, 68003, 68029, 68033, 68037, 68041, 68161, 68382, 68719, 68736, 68738, 68745, 68747, 68754, 69017, 70042, 71060, 71063, 71093, 71236, 71241, 71244, 71247, 71965, 71981, 72014, 72018, 72346, 72366, 72374, 72376, 72385, 72467, 72607, 72625, 72635, 73434, 73450, 75523, 75530, 75557, 76363, 76678, 77383, 77660, 77692, 77768, 77782, 77786, 77857, 34110, 36299, 32201, 32220, 32222, 32342, 33394, 33414, 33454, 33472, 33475, 33477, 33503, 33533, 33771, 33779, 33996, 36121, 36137, 36138, 36169, 36215, 36218, 67216, 67218, 67299, 67360, 67361, 68015, 68021, 46912, 77280, 36844], "label": "floor"}, {"objectId": 2, "id": 2, "partId": 2, "index": 1, "dominantNormal": [0, -2.220446049250313e-16, 1], "obb": {"axesLengths": [2.136008056689884, 0.7736649936363471, 0.9926434521378623], "centroid": [-0.35093865957824066, 1.7400592788709284, -0.907147474799734], "normalizedAxes": [0.27078571915626526, 0.9626396298408508, 2.137489362931901e-16, 0, -2.220446049250313e-16, 1, 0.9626396298408508, -0.27078571915626526, -6.01265080293934e-17]}, "segments": [18262, 32094, 26984, 33319, 40298, 36385, 37918, 10734, 63757, 10133, 26897, 32998, 21443, 7839, 13478, 15116, 15178, 17931, 17989, 19998, 20075, 21326, 21331, 31511, 40691, 43885, 43929, 63786, 64361, 68056, 69996, 70041], "label": "sofa"}, {"objectId": 3, "id": 3, "partId": 3, "index": 2, "dominantNormal": [0.9603583216667175, -0.27876853942871094, -6.189905020297613e-17], "obb": {"axesLengths": [4.759230430100279, 2.594429911797569, 0.14413389347069067], "centroid": [-0.7174280483389752, 2.1054372400903247, -0.07735502360712765], "normalizedAxes": [0.27876853942871094, 0.9603583216667175, 2.1324238412095243e-16, 0, -2.220446049250313e-16, 1, 0.9603583216667175, -0.27876853942871094, -6.189905020297613e-17]}, "segments": [37053, 57360, 7842, 23348, 24983, 25004, 25037, 32676, 33121, 37235, 37248, 37373, 37510, 37540, 41311, 41360, 66652, 70058, 16205, 54452, 23944], "label": "wall"}, {"objectId": 4, "id": 4, "partId": 4, "index": 3, "dominantNormal": [0.9608615636825562, -0.2770290672779083, -6.151280979647307e-17], "obb": {"axesLengths": [0.8332624323379385, 0.9399999617040158, 0.08563435005555353], "centroid": [-0.8003547135887732, 1.8936505245889625, 0.29999998472630973], "normalizedAxes": [0.2770290672779083, 0.9608615636825562, 2.13354126295541e-16, 0, -2.220446049250313e-16, 1, 0.9608615636825562, -0.2770290672779083, -6.151280979647307e-17]}, "segments": [39748, 56203, 24536, 43285, 56232, 66581, 70813, 75565], "label": "picture"}, {"objectId": 5, "id": 5, "partId": 5, "index": 4, "dominantNormal": [0.9586161375045776, -0.2847016751766205, -6.321647098608729e-17], "obb": {"axesLengths": [5.195743847430109, 2.5799999852478495, 0.32203658103298516], "centroid": [3.4468729761287364, 0.6861694891766748, -0.07999997965991534], "normalizedAxes": [0.28470170497894287, 0.9586161375045776, 2.1285554152696343e-16, 0, -2.220446049250313e-16, 1, 0.9586161375045776, -0.28470170497894287, -6.321647760353219e-17]}, "segments": [561, 18882, 18358, 300, 421, 3964, 4628, 4648, 4650, 4656, 4874, 4913, 4928, 4970, 10811, 11322, 11377, 11419, 15305, 15363, 15384, 17255, 19129, 26497, 35702, 42523, 46710, 52601, 53082, 54231, 61348, 63794, 680, 26922, 65170, 9623, 653, 5354, 9584, 10834, 10876, 10894, 17053, 27810, 2249, 7193, 77, 243, 744, 939, 1039, 1064, 1085, 2270, 3786, 4934, 4961, 5369, 6021, 7371, 7379, 7947, 8586, 10086, 60682, 60684, 60687, 61166, 61190, 61696, 65037, 930, 1994, 3155, 4157, 5423, 5439, 5665, 5839, 5845, 6120, 6146, 6183, 9131, 10386, 22904, 41589, 41592, 45464, 45507, 60776, 61391, 65542, 71188, 7221, 61113], "label": "wall"}, {"objectId": 6, "id": 6, "partId": 6, "index": 5, "dominantNormal": [-0.18906232714653015, -0.9819650650024414, -2.180400449086498e-16], "obb": {"axesLengths": [4.522584177677856, 2.5808799882036437, 0.8941532598755884], "centroid": [2.1335183626112655, 3.9474196554162027, -0.07955997818201865], "normalizedAxes": [0.9819650650024414, -0.18906234204769135, -4.198027304618076e-17, 0, -2.220446049250313e-16, 1, -0.18906234204769135, -0.9819650650024414, -2.180400449086498e-16]}, "segments": [35338, 30290, 52116, 44637, 18792, 18797, 21980, 22605, 20480, 21826, 25536, 26090, 34715, 60079, 72388, 72401, 72441, 73777, 70430, 43942, 6450, 40200, 11254, 69769, 62828, 4351, 4839, 5048, 14344, 14439, 15143, 15359, 15975, 62751, 69787, 69789, 72686, 1374, 55624, 55665, 55703, 883, 5503, 14333, 15761, 48238, 53557, 53566, 53768, 54123, 55619, 55678, 73656, 74003, 75089, 75110, 75117, 75164, 3660, 2882, 2948, 2957, 3142, 3466, 3490, 3526, 3581, 3868, 4072, 4100, 4103, 4111, 4386, 4441, 4472, 4544, 4579, 4582, 4643, 4670, 4731, 4768, 4987, 5085, 5149, 5153, 5191, 5214, 5283, 5340, 5383, 5460, 5493, 5495, 5593, 15128, 15451, 15525, 15555, 15741, 15744, 15775, 15897, 15948, 15988, 16046, 17055, 17806, 17901, 35880, 35901, 40178, 60519, 60528, 60569, 60595, 60674, 60680, 60743, 60756, 60764, 60767, 60772, 62436, 62587, 62605, 62607, 62767, 62788, 62790, 68654, 69793, 69853, 69950, 69961, 71839, 71916, 71923, 73660, 1657, 17837, 47250, 52188, 52213, 53558, 53779, 53794, 53818, 53889, 53931, 73667, 75511, 1647, 1656, 52651, 53922, 73695, 2680, 2562, 3878, 1593, 1734, 2380, 2392, 2427, 2430, 2491, 2603, 3270, 3704, 14711, 17888, 17914, 45292, 45319, 45335, 45354, 45367, 45369, 45404, 45419, 45420, 47304, 60487, 60489, 60501, 60504, 60507, 60515, 60554, 71164, 71170, 73437, 54105, 18033, 45300, 45310, 73996, 33347], "label": "wall"}, {"objectId": 7, "id": 7, "partId": 7, "index": 6, "dominantNormal": [-0.29087549448013306, -0.9567609429359436, -2.1244360558191202e-16], "obb": {"axesLengths": [2.1888395879549942, 2.17999995842576, 0.7504692958454907], "centroid": [1.826251642079983, 4.170928031246728, -0.260000012591481], "normalizedAxes": [0.9567609429359436, -0.29087549448013306, -6.458733425421427e-17, 0, -2.220446049250313e-16, 1, -0.29087549448013306, -0.9567609429359436, -2.1244360558191202e-16]}, "segments": [57822, 47217, 47190, 28799, 32305, 32928, 29256, 32060, 31426, 34311, 34332, 20358, 73787, 39593, 40042, 42799, 76184, 46279, 11603, 11604, 11641, 11661, 11705, 11709, 11761, 11777, 11880, 11916, 11944, 11953, 11956, 12139, 12268, 12269, 12311, 12319, 12327, 12357, 12363, 12378, 12400, 12453, 12466, 12471, 12567, 12572, 12637, 12639, 12711, 12740, 12820, 16505, 16510, 16514, 16550, 16639, 16683, 16688, 16715, 20323, 20383, 28758, 28761, 28773, 28830, 28835, 28849, 28864, 28892, 28896, 28930, 29074, 29098, 29126, 29137, 29202, 29209, 29278, 30558, 30930, 30936, 30940, 30962, 30967, 30998, 31038, 31039, 31125, 31154, 31157, 31230, 31247, 31286, 31339, 31346, 31350, 34284, 34615, 34629, 34636, 34674, 34681, 34690, 34708, 34720, 34726, 34747, 34750, 34755, 34765, 34792, 34811, 34812, 34827, 34851, 34885, 34890, 34896, 34926, 34978, 35005, 35031, 36506, 36516, 36518, 36538, 36540, 36570, 36572, 39527, 39543, 39567, 39573, 39967, 39977, 39982, 39991, 40035, 40627, 41108, 41151, 41163, 41178, 41215, 41249, 41256, 42636, 43751, 43766, 43767, 43775, 43786, 44102, 44122, 44136, 44148, 44193, 45255, 46250, 47131, 47861, 47878, 47892, 47899, 47900, 47953, 47998, 48011, 48017, 48086, 48113, 48118, 48143, 48148, 48801, 51071, 51074, 51108, 51145, 51318, 51345, 51364, 51386, 51395, 51424, 51427, 51451, 51452, 51463, 51472, 51489, 52368, 53047, 55299, 56625, 56638, 56654, 56674, 56682, 56751, 56800, 57906, 61847, 61851, 61893, 61916, 61920, 61931, 61945, 61948, 62083, 62933, 67284, 67621, 67624, 67626, 67630, 67631, 67638, 67726, 67741, 67748, 67759, 67763, 68375, 68383, 68394, 68405, 68410, 68412, 68434, 68440, 68467, 68477, 68502, 68519, 68523, 68526, 68847, 68852, 68942, 68947, 68948, 70019, 70055, 70984, 71009, 71013, 72081, 72083, 72089, 72090, 72098, 72102, 72103, 72113, 72127, 72876, 72879, 72881, 72896, 72897, 72905, 72910, 72914, 72927, 72934, 72939, 72959, 72973, 72981, 73005, 73019, 73866, 75611, 75614, 75618, 75619, 75621, 75624, 75628, 75765, 75817, 75820, 75822, 75826, 75830, 75835, 75717, 12816, 16623, 34581, 43732, 9764, 9781, 11734, 12011, 12015, 12018, 12059, 12097, 12104, 12161, 12332, 12396, 12404, 12862, 12864, 12869, 12942, 16710, 16784, 16847, 16863, 16878, 16879, 16884, 29170, 29183, 32332, 36523, 45445, 46068, 48852, 49207, 56652, 56857, 61853, 61982, 62934, 62939, 62951, 45576, 48976], "label": "window"}, {"objectId": 8, "id": 8, "partId": 8, "index": 7, "dominantNormal": [0, -2.220446049250313e-16, 1], "obb": {"axesLengths": [0.9577347728078736, 0.755440039438604, 0.8791975825173515], "centroid": [-0.681848223362465, 0.36122759333494414, -0.6922800069537756], "normalizedAxes": [0.8554694652557373, -0.5178532600402832, -1.1498652253478419e-16, 0, -2.220446049250313e-16, 1, -0.5178532600402832, -0.8554694652557373, -1.8995237943813799e-16]}, "segments": [70150, 41793, 41818, 70174, 35484, 35924, 43918, 21062, 21059, 41740, 35428, 20962, 68108, 20528, 20530, 20544, 20560, 20957, 20975, 20996, 21001, 21406, 33226, 35177, 35458, 35475, 35918, 37045, 68130, 68141, 68145, 68621, 69964, 70060, 70215, 70218, 32480, 21118, 38562, 21155, 35142], "label": "chair"}, {"objectId": 9, "id": 9, "partId": 9, "index": 8, "dominantNormal": [0, -2.220446049250313e-16, 1], "obb": {"axesLengths": [1.8361498133131573, 0.9599999272823349, 1.066095327512482], "centroid": [2.4969797993735487, 2.633469391081338, -0.8099999675154692], "normalizedAxes": [0.9274048805236816, -0.3740590512752533, -8.305779425904565e-17, 0, -2.220446049250313e-16, 1, -0.3740590512752533, -0.9274048805236816, -2.0592525030142675e-16]}, "segments": [53138, 50413, 52420, 55106, 43392, 27265, 54908, 73438, 37035, 70566, 33132, 74908, 42948, 19680, 20172, 27296, 37170, 39837, 39911, 39922, 42412, 42428, 49365, 49372, 49397, 49400, 49407, 50072, 50083, 54792, 54838, 54972, 55147, 55183, 57370, 69742, 70300, 70338, 50023, 69726, 36919], "label": "sofa"}, {"objectId": 10, "id": 10, "partId": 10, "index": 9, "dominantNormal": [0.9401689171791077, -0.3407087028026581, -7.565252930833612e-17], "obb": {"axesLengths": [1.5490614628059098, 1.2799999725818634, 0.6421156800399687], "centroid": [2.9398818338936983, -0.11878021160422736, -0.7299999859929086], "normalizedAxes": [0.3407087028026581, 0.9401689171791077, 2.0875943577782944e-16, 0, -2.220446049250313e-16, 1, 0.9401689171791077, -0.3407087028026581, -7.565252930833612e-17]}, "segments": [64686, 12888, 7931, 64515, 12953, 15035, 1284, 62022, 15005, 65531, 31638, 10435, 1215, 1236, 1645, 2313, 2367, 2421, 2440, 2448, 2458, 10353, 10417, 10421, 10439, 10461, 10472, 10477, 10813, 10850, 10857, 10866, 14822, 14876, 15027, 17098, 17313, 17340, 18412, 18418, 19596, 22164, 22221, 22314, 22327, 22339, 22368, 22398, 22427, 22447, 22495, 22500, 22752, 22786, 22798, 22821, 22827, 22910, 22920, 32732, 38496, 39071, 39080, 39107, 39143, 39165, 40387, 40397, 40778, 60533, 60735, 60892, 60906, 60922, 60936, 60942, 62027, 62031, 62446, 62449, 63678, 63746, 64601, 64611, 64668, 65475, 65481, 66005, 66040, 66044, 66066, 66182, 66185, 66186, 66206, 66239, 66897, 69263, 69405, 69448, 69702, 3956, 1304, 8684, 17302, 17361, 22815], "label": "piano"}, {"objectId": 11, "id": 11, "partId": 11, "index": 10, "dominantNormal": [0, -2.220446049250313e-16, 1], "obb": {"axesLengths": [0.634958289152606, 0.5275689245558768, 0.5932686955009969], "centroid": [2.750405508587913, 0.1250478003192097, -1.053945456357029], "normalizedAxes": [0.2794860601425171, 0.9601497650146484, 2.1319607524153926e-16, 0, -2.220446049250313e-16, 1, 0.9601497650146484, -0.2794860601425171, -6.205837180639875e-17]}, "segments": [30114, 42239, 70269, 42922, 70516, 70512, 10375, 10445, 10479, 23746, 23760, 23766, 25358, 26229, 26250, 26261, 26275, 26304, 26334, 26335, 26343, 26375, 26379, 26442, 27224, 27243, 28221, 28229, 28230, 29498, 29525, 29543, 29563, 29574, 29586, 29602, 29605, 29616, 29627, 29658, 30170, 30182, 30193, 30240, 38918, 38932, 38946, 39001, 39005, 39061, 42267, 42292, 42918, 62393, 62395, 66865, 66867, 66871, 66889, 66893, 67107, 67257, 67374, 67386, 67405, 67502, 67505, 67525, 69256, 69320, 69357, 69381, 69386, 70499, 67251, 26417, 38465, 25097, 25082], "label": "stool"}, {"objectId": 12, "id": 12, "partId": 12, "index": 11, "dominantNormal": [-0.05997327342629433, -0.998199999332428, -2.2164492448793549e-16], "obb": {"axesLengths": [1.851182244659771, 1.068160927262285, 0.8835719850082604], "centroid": [1.2425926216510839, -0.6137572112310588, -0.7502094618929297], "normalizedAxes": [0.998199999332428, -0.05997327342629433, -1.3316741804002403e-17, 0, -2.220446049250313e-16, 1, -0.05997327342629433, -0.998199999332428, -2.2164492448793549e-16]}, "segments": [47837, 47818, 52276, 12234, 11897, 7822, 7777, 16369, 64294, 64255, 20268, 65781, 7655, 7812, 8857, 11890, 11892, 11940, 11979, 12047, 12071, 12153, 12160, 12173, 12200, 12243, 12364, 12388, 12417, 12437, 12511, 12526, 12553, 12565, 12587, 12596, 12658, 12700, 16387, 16417, 20299, 20307, 21185, 21197, 21200, 21208, 21226, 32815, 35065, 40841, 40993, 41006, 41016, 41059, 41062, 41505, 41528, 41544, 41577, 43547, 47546, 47586, 47588, 47598, 47611, 47623, 47639, 47656, 47692, 47703, 47718, 48479, 48521, 48534, 48542, 48543, 48582, 48588, 48637, 48641, 48654, 48691, 50547, 50613, 50974, 52284, 52345, 52442, 53146, 53209, 53224, 53233, 53238, 53275, 53408, 53409, 53416, 53426, 53428, 53443, 54206, 54210, 54219, 55270, 55280, 56948, 61769, 61772, 62794, 62890, 62912, 62915, 62917, 62919, 62944, 64309, 64349, 64351, 65366, 65664, 65668, 65670, 65711, 65786, 70064, 70082, 72006, 72202, 72210, 72268, 72269, 72274, 72341, 73319, 73380, 73392, 73397, 73406, 73411, 73421, 73429, 73486, 73489, 73495, 73506, 73596, 74080, 74256, 52432, 16376, 16373, 47446, 50630, 52918, 53279, 56894], "label": "clothes dryer"}, {"objectId": 13, "id": 13, "partId": 13, "index": 12, "dominantNormal": [0.4895707070827484, -0.871963620185852, -1.9361481755316757e-16], "obb": {"axesLengths": [1.0483888205214031, 1.4000000044703476, 0.40890208554625707], "centroid": [1.922819178545974, -2.0753717985892686, -0.15000000074505793], "normalizedAxes": [0.871963620185852, 0.4895707070827484, 1.087065342370571e-16, 0, -2.220446049250313e-16, 1, 0.4895707070827484, -0.871963620185852, -1.9361481755316757e-16]}, "segments": [39518, 18757, 18234, 20677, 69573, 51, 2350, 2510, 18608, 18764, 18772, 19148, 19190, 19211, 19216, 19477, 19958, 19964, 20435, 20689, 20712, 20713, 20735, 28532, 31455, 34234, 39317, 39330, 39373, 39423, 39466, 55288, 55289, 55773, 55874, 55881, 55952, 60472, 60477, 61775, 65353, 65357, 65642, 65723, 65725, 69024, 69590, 75022, 19447, 19540, 19531, 39314, 39318, 39325, 39391, 61879, 68816, 19521, 19518, 36444, 36463, 38824, 65468, 68805, 54449, 19155], "label": "fireplace"}, {"objectId": 14, "id": 14, "partId": 14, "index": 13, "dominantNormal": [0, -2.220446049250313e-16, 1], "obb": {"axesLengths": [3.673075175307485, 0.08530008602216643, 1.625621722554692], "centroid": [1.4371888718351697, 3.318762351726, 1.2126499758068463], "normalizedAxes": [0.9857180714607239, -0.16840380430221558, -3.7393156194157745e-17, 0, -2.220446049250313e-16, 1, -0.16840380430221558, -0.9857180714607239, -2.188733797449602e-16]}, "segments": [21359, 20934, 38088, 67224, 51683, 27870, 35794, 52003, 54560, 54713, 57476, 27731, 27755, 27798, 27846, 27941, 34051, 34067, 35711, 35725, 35747, 35754, 35819, 51652, 51670, 51765, 51767, 51771, 51772, 51794, 52028, 54629, 54656, 54670, 57471, 57561, 57566, 57715, 67208, 67234, 68645, 68647, 68793, 68796, 68799, 71074, 71078, 76033, 76051, 18551], "label": "ceiling"}, {"objectId": 15, "id": 15, "partId": 15, "index": 14, "dominantNormal": [0, -2.220446049250313e-16, 1], "obb": {"axesLengths": [2.191565810040439, 0.12615000919662334, 1.0461747345629298], "centroid": [3.2455868542564206, 1.408868646943637, 1.1930749764351174], "normalizedAxes": [0.22712399065494537, 0.9738658666610718, 2.162416616127309e-16, 0, -2.220446049250313e-16, 1, 0.9738658666610718, -0.22712399065494537, -5.043165677397385e-17]}, "segments": [47739, 59974, 50715, 53512, 47686, 43735, 14892, 35154, 18159, 15230, 24270, 35003, 37673, 37692, 44296, 47454, 49669, 60484, 52837], "label": "ceiling"}, {"objectId": 16, "id": 16, "partId": 16, "index": 15, "dominantNormal": [0, -2.220446049250313e-16, 1], "obb": {"axesLengths": [0.6559517945519152, 0.4287580155858839, 0.47249698375166693], "centroid": [0.9837291822357721, 1.7047250589921905, -1.083310995251439], "normalizedAxes": [0.9693174958229065, -0.2458120584487915, -5.4581241404070614e-17, 0, -2.220446049250313e-16, 1, -0.2458120584487915, -0.9693174958229065, -2.1523172040691796e-16]}, "segments": [75887, 14175, 70970, 32275, 70981, 29776, 21977, 10414, 20500, 20576], "label": "table"}, {"objectId": 17, "id": 17, "partId": 17, "index": 16, "dominantNormal": [0, -2.220446049250313e-16, 1], "obb": {"axesLengths": [0.36734501572207984, 0.09562003398790875, 0.2448133142215691], "centroid": [0.5093568826631962, 0.8121461205335467, -0.9329749714663256], "normalizedAxes": [0.20200283825397491, 0.9793849587440491, 2.1746714623384046e-16, 0, -2.220446049250313e-16, 1, 0.9793849587440491, -0.20200283825397491, -4.485364041383886e-17]}, "segments": [9636, 62118, 9678, 62381, 61691], "label": "box"}, {"objectId": 18, "id": 18, "partId": 18, "index": 17, "dominantNormal": [0.9588498473167419, -0.28391367197036743, -6.304149912547517e-17], "obb": {"axesLengths": [1.914315057518862, 2.2291799285446112, 0.4605675203054913], "centroid": [3.6397614119851065, 1.7646712985641697, -0.24458997708730434], "normalizedAxes": [0.28391367197036743, 0.9588498473167419, 2.1290743552987256e-16, 0, -2.220446049250313e-16, 1, 0.9588498473167419, -0.28391367197036743, -6.304149912547517e-17]}, "segments": [8914, 5451, 61369, 8443, 8968, 69128, 13865, 63201, 63056, 13673, 14679, 63639, 14672, 16022, 15788, 64775, 15628, 64732, 62730, 13402, 13718, 13223, 5893, 13962, 63433, 41460, 14791, 14768, 16118, 14160, 39611, 6065, 4801, 12982, 7357, 61260, 8034, 17765, 64892, 17691, 6693, 9608, 62269, 171, 196, 211, 217, 225, 228, 398, 439, 594, 616, 683, 736, 776, 784, 788, 794, 797, 866, 905, 913, 1364, 1418, 1448, 1466, 1479, 1484, 1663, 1717, 1794, 1805, 1815, 1835, 1864, 1868, 1878, 1901, 1918, 1989, 2060, 2218, 2273, 2798, 2843, 2907, 2926, 3032, 3056, 3095, 3117, 3174, 3204, 3214, 3248, 3287, 3318, 3353, 3382, 3399, 3411, 3440, 3597, 3683, 3765, 3797, 4002, 4109, 4130, 4227, 4244, 4252, 4316, 4323, 4406, 4413, 4429, 4456, 4461, 4697, 5105, 5544, 5567, 5594, 5599, 5870, 5938, 6028, 6351, 6408, 6449, 6467, 6607, 6630, 6698, 6706, 6721, 6764, 6784, 6802, 6803, 6804, 6857, 6867, 6975, 7055, 7181, 7184, 7291, 7325, 7329, 7385, 7428, 7479, 7522, 7585, 7601, 7616, 7696, 7711, 8097, 8178, 8210, 8225, 8500, 8508, 8527, 8540, 8550, 8562, 8960, 9139, 9503, 9587, 9609, 9631, 9847, 9861, 10111, 10141, 10196, 10297, 10900, 11060, 11075, 11127, 11158, 11161, 11171, 11184, 11212, 11217, 11230, 11238, 11253, 11260, 11465, 11477, 11573, 12970, 13013, 13031, 13036, 13038, 13050, 13089, 13105, 13127, 13204, 13211, 13257, 13279, 13297, 13357, 13374, 13396, 13450, 13451, 13460, 13480, 13654, 13675, 13802, 13929, 13982, 14023, 14072, 14077, 14241, 14283, 14305, 14412, 14485, 14552, 14561, 14569, 14588, 14614, 14641, 14660, 14756, 14785, 14795, 14905, 14950, 14966, 15393, 15437, 15441, 15452, 15464, 15473, 15497, 15506, 15609, 15645, 15656, 15667, 15682, 15868, 15869, 15942, 15962, 16055, 16089, 16137, 17394, 17504, 17517, 17685, 17709, 17718, 17838, 17905, 37400, 41613, 60604, 60606, 60632, 60797, 60855, 60979, 61003, 61011, 61016, 61021, 61031, 61054, 61092, 61152, 61187, 61203, 61244, 61250, 61279, 61285, 61290, 61305, 61398, 61399, 61419, 61425, 61503, 61518, 61530, 61535, 61536, 61553, 61572, 61596, 61606, 61685, 61689, 61697, 61699, 61746, 61889, 61899, 61936, 62048, 62050, 62086, 62122, 62177, 62204, 62232, 62235, 62260, 62296, 62316, 62326, 62355, 62360, 62503, 62527, 62534, 62571, 62575, 62580, 62612, 62657, 62663, 62664, 62668, 62670, 62701, 62707, 62990, 63015, 63081, 63091, 63188, 63190, 63226, 63237, 63293, 63346, 63364, 63399, 63457, 63463, 63472, 63485, 63495, 63515, 63522, 63550, 63674, 63807, 63906, 63959, 63966, 64081, 64090, 64128, 64133, 64137, 64184, 64236, 64842, 65231, 65342, 69634, 605, 11446, 377, 710, 1557, 1953, 2807, 6192, 6534, 7405, 7407, 9463, 9513, 10117, 17477, 61583, 62102, 64493, 64496, 6307, 441, 61468, 5591, 837, 61612, 64031, 6772, 6848, 6861, 6826, 1095, 61159, 61588, 61140, 61597, 6777, 980], "label": "shelf"}, {"objectId": 19, "id": 19, "partId": 19, "index": 18, "dominantNormal": [0.9525054693222046, -0.30452150106430054, -6.761735639500011e-17], "obb": {"axesLengths": [0.9167052335929918, 2.2123109203805558, 0.404806482303738], "centroid": [-0.0991623093515428, 3.599698970949066, -0.268664501190234], "normalizedAxes": [0.3045215308666229, 0.9525054693222046, 2.1149870062458045e-16, 0, -2.220446049250313e-16, 1, 0.9525054693222046, -0.3045215308666229, -6.761736301244501e-17]}, "segments": [19495, 23199, 75960, 21746, 19037, 74143, 23084, 22664, 23081, 75964, 23238, 72291, 65595, 33180, 75996, 2750, 15566, 16587, 18042, 18059, 19509, 21682, 22117, 23187, 23296, 37364, 37377, 42302, 65589, 65591, 65818, 65959, 66725, 72348, 72579, 72584, 72595, 74147, 69027, 19014, 21393, 29716, 27378, 27429, 12190, 19078, 25066, 29724, 24378], "label": "shelf"}, {"objectId": 20, "id": 20, "partId": 20, "index": 19, "dominantNormal": [-0.1458534598350525, -0.9893062114715576, -2.1967010687608149e-16], "obb": {"axesLengths": [1.0976212670432768, 1.828191001083157, 0.239092531236053], "centroid": [-1.2761213818240735, -0.9715211570549707, -0.3759544985155501], "normalizedAxes": [0.9893062114715576, -0.14585347473621368, -3.23859771747456e-17, 0, -2.220446049250313e-16, 1, -0.14585347473621368, -0.9893062114715576, -2.1967010687608149e-16]}, "segments": [60094, 55553, 56932, 50189, 39803, 42779, 47399, 35417, 35581, 56988, 58280, 50504, 50145, 68386, 34462, 34561], "label": "door"}, {"objectId": 21, "id": 21, "partId": 21, "index": 20, "dominantNormal": [-0.34568601846694946, -0.938350260257721, -2.0835561282022595e-16], "obb": {"axesLengths": [3.3248179800189575, 1.7599999511241915, 0.5699009968267453], "centroid": [-0.33879107703311395, -2.129512670277493, 0.3500000178813929], "normalizedAxes": [0.938350260257721, -0.34568601846694946, -7.675771539860087e-17, 0, -2.220446049250313e-16, 1, -0.34568601846694946, -0.938350260257721, -2.0835561282022595e-16]}, "segments": [40598, 39529, 47898, 71088, 47130, 39499, 40187, 40501, 70885, 71457, 68710, 71441, 55144, 52097, 54027, 38695, 38717, 38785, 38792, 38848, 38898, 38909, 39881, 41185, 41440, 46320, 46392, 46395, 46408, 46462, 46499, 47156, 47197, 48007, 48285, 48383, 48427, 48635, 48822, 48886, 48910, 53482, 53486, 53501, 55250, 55309, 55340, 55961, 56008, 56025, 59966, 59986, 59992, 68723, 68725, 68729, 68735, 70892, 70897, 71142, 71149, 71154, 71156, 71281, 71387, 71393, 71397, 71425, 71427, 71495, 78177, 40115, 52170, 30259, 27566, 27595, 27603, 27620, 27662, 27735, 27745, 28528, 28991, 29331, 29950, 30006, 30035, 46323, 49324, 52972, 53004, 53675, 55796, 55920, 56617, 56688, 56708, 56817, 60251, 60252, 66533, 66534, 66544, 66657, 70827, 71291, 73566, 77863, 52602, 52619, 72276, 27586, 27631, 28033, 28110, 53457, 66528, 66537, 72407, 77836, 66746, 27854, 28294, 28181, 77884, 28327, 30082, 28222], "label": "wall"}, {"objectId": 23, "id": 23, "partId": 23, "index": 21, "dominantNormal": [-0.2453489899635315, -0.9694347977638245, -2.1525776667004603e-16], "obb": {"axesLengths": [1.0864846028643749, 1.1399999304115782, 0.6276435279788664], "centroid": [-1.305191766835616, -1.6685641898471841, -0.7199999659508473], "normalizedAxes": [0.9694347977638245, -0.2453489899635315, -5.447841954520782e-17, 0, -2.220446049250313e-16, 1, -0.2453489899635315, -0.9694347977638245, -2.1525776667004603e-16]}, "segments": [56571, 56110, 56143, 56412, 56418, 56429, 56449, 56486, 57823, 58665, 58667, 58714, 57782, 57249, 50624, 50671, 57238, 57267, 57525, 57569, 57687, 57694, 57722, 57910, 58565, 58594, 58622, 71828, 74119, 74155, 74159, 74203, 74232, 74894, 59872, 50844, 57407, 57433, 57459, 58347, 58434, 58776, 58804, 58893, 58931, 59100, 59232, 59311, 59635, 75045, 75058, 75092, 75107, 75133, 75188, 75521, 75528, 75537, 75546, 75551, 75566, 75579, 59643, 75514, 59667, 58821, 74099, 48962, 38239, 38212, 38244, 38249, 68291, 68293, 49363, 49244, 40866, 46039, 39957, 70540, 45684, 42308, 43246, 37691, 46739, 37895, 37758, 41976, 41944, 48096, 70375, 45533, 68186, 38086, 60035, 41843, 42040, 43286], "label": "shelf"}, {"objectId": 27, "id": 27, "partId": 27, "index": 23, "dominantNormal": [0, -2.220446049250313e-16, 1], "obb": {"axesLengths": [1.8740184231282548, 0.21999996408820222, 0.42703315477614134], "centroid": [2.693737383351606, 3.5921549865339113, -0.659999979808927], "normalizedAxes": [0.9737192988395691, -0.22775143384933472, -5.057097715018493e-17, 0, -2.220446049250313e-16, 1, -0.22775143384933472, -0.9737192988395691, -2.1620911701871062e-16]}, "segments": [49844, 54116, 49933, 53814, 49806, 56284, 75151, 52702, 861], "label": "windowsill"}, {"objectId": 28, "id": 28, "partId": 28, "index": 24, "dominantNormal": [0.861693799495697, 0.5074286460876465, 1.12671793248175e-16], "obb": {"axesLengths": [0.5206845739008767, 2.059999896734954, 0.4690361037890428], "centroid": [0.46041263381168945, 4.110592689482195, 1.8626447051417472e-09], "normalizedAxes": [-0.5074286460876465, 0.861693799495697, 1.9133445927537119e-16, 0, -2.220446049250313e-16, 1, 0.861693799495697, 0.5074286460876465, 1.12671793248175e-16]}, "segments": [66950, 18278, 31541, 67778, 19259, 29937, 30607, 31889, 19041, 19042, 19044, 19100, 19253, 20573, 20579, 20582, 20586, 20595, 21705, 21709, 25231, 25250, 25562, 25611, 25618, 25621, 25644, 25645, 25776, 25789, 25935, 26570, 26592, 26595, 26599, 26653, 26805, 27196, 29405, 29473, 31561, 31609, 31620, 31626, 31696, 31746, 31751, 31782, 31873, 31880, 31887, 31888, 31896, 31900, 65872, 66661, 66667, 66669, 66671, 66674, 66719, 66723, 66733, 66760, 66812, 66838, 66846, 66901, 66903, 66908, 66911, 67079, 67555, 67798, 67799, 67800, 67807, 67823, 67848, 67849, 67855, 67860, 68172, 22072, 29491, 26161, 20615, 20620, 25945, 30418, 67578, 67583, 67610], "label": "curtain"}, {"objectId": 29, "id": 29, "initialPoint": [0.2822676277124576, 2.355715554595398, -0.5364302235759514], "index": 25, "dominantNormal": [-0.3876086175441742, -0.921824038028717, -2.046860543344835e-16], "obb": {"axesLengths": [0.7561118677479061, 0.40111403760804115, 0.36876513835849545], "centroid": [-0.03021605461449628, 2.4239659909295077, -0.7094429852192925], "normalizedAxes": [0.921824038028717, -0.3876086175441742, -8.606640234813372e-17, 0, -2.220446049250313e-16, 1, -0.3876086175441742, -0.921824038028717, -2.046860543344835e-16]}, "segments": [25304, 24735, 66625, 66618], "partId": 29, "label": "pillow"}, {"objectId": 30, "id": 30, "initialPoint": [-0.5662495714338305, 1.5342550327292686, -0.5803767601289622], "index": 26, "dominantNormal": [0.9640277624130249, -0.26580163836479187, -5.901981977913626e-17], "obb": {"axesLengths": [1.088006118981256, 0.3821539793427144, 0.3236885353251219], "centroid": [-0.518550786745005, 1.6601167351387243, -0.7257309971213861], "normalizedAxes": [0.26580163836479187, 0.9640277624130249, 2.1405716364176206e-16, 0, -2.220446049250313e-16, 1, 0.9640277624130249, -0.26580163836479187, -5.901981977913626e-17]}, "segments": [69967, 37854, 20007], "partId": 30, "label": "pillow"}, {"objectId": 31, "id": 31, "initialPoint": [0.13595359140879593, 2.873612058377983, -0.8562526992470033], "index": 27, "dominantNormal": [0, -2.220446049250313e-16, 1], "obb": {"axesLengths": [0.4768099779334421, 0.1909850197065245, 0.4303130602319868], "centroid": [-0.007835186805677408, 2.906873569486198, -0.9479975171834782], "normalizedAxes": [0.8076875805854797, -0.589610755443573, -1.3091988725201742e-16, 0, -2.220446049250313e-16, 1, -0.589610755443573, -0.8076875805854797, -1.7934266973395724e-16]}, "segments": [16507, 66502, 2240, 9105, 10744, 23455, 66525, 2143, 9073, 66478, 23380], "partId": 31, "label": "box"}, {"objectId": 32, "id": 32, "initialPoint": [0.3394361391105417, 3.0408592769790688, -0.8921288509181929], "index": 28, "dominantNormal": [-0.1994243562221527, 0.9799132347106934, 2.1758444706214538e-16], "obb": {"axesLengths": [0.32263692033738467, 0.444587995605439, 0.3839197080288823], "centroid": [0.2603450733308419, 3.0993395330850304, -1.0959959660620395], "normalizedAxes": [-0.1994243562221527, 0.9799132347106934, 2.1758444706214538e-16, 0, -2.220446049250313e-16, 1, 0.9799132347106934, 0.1994243562221527, 4.428110238977661e-17]}, "segments": [68988, 23418, 36693, 35405, 8997, 9024, 9039, 9047, 68968, 68601, 68962, 68982, 36669, 23439, 66452], "partId": 32, "label": "stool"}, {"objectId": 33, "id": 33, "initialPoint": [2.025948356928472, 3.6863306917389744, -0.9849773764137416], "index": 29, "dominantNormal": [-0.40865617990493774, -0.9126884341239929, -2.0265754277470747e-16], "obb": {"axesLengths": [1.2890170807661083, 0.5800000299513332, 0.2153259970679333], "centroid": [2.461184568323082, 3.5976595445352366, -1.0599999768286945], "normalizedAxes": [0.9126884341239929, -0.40865615010261536, -9.073989339971952e-17, 0, -2.220446049250313e-16, 1, -0.40865615010261536, -0.9126884341239929, -2.0265754277470747e-16]}, "segments": [74011, 50009, 49971, 1512, 49628, 33035], "partId": 33, "label": "radiator"}, {"objectId": 34, "id": 34, "initialPoint": [3.7152390997066504, 2.6824624740753085, -0.7576182050773542], "index": 30, "dominantNormal": [0.10454649478197098, -0.9945200085639954, -2.208278023916311e-16], "obb": {"axesLengths": [0.6942929269309766, 0.5800000001490113, 0.2256734088008663], "centroid": [3.8766802147328465, 2.7861009184682546, -0.6200000039488074], "normalizedAxes": [0.9945200085639954, 0.10454648733139038, 2.3213983475798368e-17, 0, -2.220446049250313e-16, 1, 0.10454648733139038, -0.9945200085639954, -2.208278023916311e-16]}, "segments": [62421, 62407, 2610, 10606, 60953, 2615, 8834, 69744, 2566, 10569, 60949, 6980], "partId": 34, "label": "item"}, {"objectId": 35, "id": 35, "initialPoint": [2.942574333279314, 2.3551099104506656, -0.7241646848406185], "index": 31, "dominantNormal": [0, -2.220446049250313e-16, 1], "obb": {"axesLengths": [0.8723632602543886, 0.19062399438118938, 0.7163097235938679], "centroid": [2.9426535756659464, 2.347200639462745, -0.7927279872582556], "normalizedAxes": [0.9748380184173584, 0.22291438281536102, 4.9496936064344027e-17, 0, -2.220446049250313e-16, 1, 0.22291438281536102, -0.9748380184173584, -2.1645752266538274e-16]}, "segments": [29684, 26454, 70559], "partId": 35, "label": "pillow"}, {"objectId": 36, "id": 36, "initialPoint": [2.248668116890462, 2.3799977809166712, -0.7678263822768564], "index": 32, "dominantNormal": [0, -2.220446049250313e-16, 1], "obb": {"axesLengths": [0.7110657085681525, 0.15888499858487393, 0.47165002649697363], "centroid": [2.3856905686579166, 2.4178573155605614, -0.8133944668607158], "normalizedAxes": [0.9913426637649536, -0.13130025565624237, -2.9154513393745945e-17, 0, -2.220446049250313e-16, 1, -0.13130025565624237, -0.9913426637649536, -2.2012229012101728e-16]}, "segments": [54958, 42424, 74280, 54970, 42352, 42397], "partId": 36, "label": "blanket"}, {"objectId": 37, "id": 37, "initialPoint": [2.6123985683257276, 2.9243954294868386, -0.4209641415949089], "index": 33, "dominantNormal": [-0.3511962890625, -0.9363018274307251, -2.079007693624402e-16], "obb": {"axesLengths": [0.6737007204482464, 0.28437297900677505, 0.16922234696214275], "centroid": [2.7062326965753893, 2.968706195883077, -0.4478134692203968], "normalizedAxes": [0.9363018274307251, -0.3511962890625, -7.798124125601991e-17, 0, -2.220446049250313e-16, 1, -0.3511962890625, -0.9363018274307251, -2.079007693624402e-16]}, "segments": [74826, 57123, 55323, 74875], "partId": 37, "label": "pillow"}, {"objectId": 39, "id": 39, "initialPoint": [3.168118098561659, 0.2965912352843052, -0.004338159233774119], "index": 35, "dominantNormal": [-0.3640116751194, -0.9313943982124329, -2.0681110118046694e-16], "obb": {"axesLengths": [0.27590578144307526, 0.2234809981998577, 0.21399363739525437], "centroid": [3.2722044045217062, 0.2969748281739377, -0.06174049760981304], "normalizedAxes": [0.9313943982124329, -0.3640116751194, -8.082682858998603e-17, 0, -2.220446049250313e-16, 1, -0.3640116751194, -0.9313943982124329, -2.0681110118046694e-16]}, "segments": [65426, 17648, 19294, 17225, 17230, 17245, 17260, 64614, 64627, 64630, 64660], "partId": 39, "label": "flowers"}, {"objectId": 40, "id": 40, "initialPoint": [3.142248525353221, -0.009111358852519347, -0.06580956703892293], "index": 36, "dominantNormal": [-0.46713709831237793, -0.8841848969459534, -1.9632848612304374e-16], "obb": {"axesLengths": [0.23937763427113828, 0.25302048952086653, 0.16652031986926347], "centroid": [3.1320154551505826, -0.05710024988855844, -0.045055744162446176], "normalizedAxes": [0.8841848969459534, -0.46713709831237793, -1.0372527244059747e-16, 0, -2.220446049250313e-16, 1, -0.46713709831237793, -0.8841848969459534, -1.9632848612304374e-16]}, "segments": [64393, 15335, 64461, 64424, 16701, 15207, 15342, 16651, 16733, 16763, 16772, 16869, 16907, 16911, 16939, 16950, 64378, 64381, 64408, 64415, 64431, 64433, 64473, 64477, 64567], "partId": 40, "label": "item"}, {"objectId": 41, "id": 41, "initialPoint": [2.6244698108343387, -1.3747746363484117, -1.103499587815061], "index": 37, "dominantNormal": [-0.053123150020837784, -0.998587965965271, -2.217310703856492e-16], "obb": {"axesLengths": [0.4128184993028097, 0.3065299919278175, 0.22470992179982147], "centroid": [2.69820321940448, -1.4440141890711256, -1.1632649619892617], "normalizedAxes": [0.998587965965271, -0.053123150020837784, -1.1795708858750094e-17, 0, -2.220446049250313e-16, 1, -0.053123150020837784, -0.998587965965271, -2.217310703856492e-16]}, "segments": [38273, 38333, 38323], "partId": 41, "label": "box"}, {"objectId": 42, "id": 42, "initialPoint": [2.5785043561816137, -1.0459782821625176, -0.8599773707745619], "index": 38, "dominantNormal": [0.8734451532363892, 0.48692256212234497, 1.081185279355401e-16], "obb": {"axesLengths": [0.38356934330893677, 0.7987969488174402, 0.2354232497122032], "centroid": [2.6883050252706155, -1.0487181663115233, -0.6170814700331954], "normalizedAxes": [-0.4869225323200226, 0.8734451532363892, 1.9394378397405746e-16, 0, -2.220446049250313e-16, 1, 0.8734451532363892, 0.4869225323200226, 1.081185213180952e-16]}, "segments": [66089, 8788, 5230, 5250, 8823, 22229, 22305, 22326, 22412, 22482, 22552, 22565, 22768, 23010, 23017, 23026, 62006, 62011, 66047, 66056, 66059, 66076, 66117, 66120, 66123, 66127, 66131, 66151, 66261, 66264, 5164, 22413, 66071, 5707, 8633, 8651, 8652, 8728, 5173, 5179, 4554], "partId": 42, "label": "item"}, {"objectId": 45, "id": 45, "initialPoint": [0.8549193965583648, 0.6708460540819281, -0.7901877954282587], "index": 40, "dominantNormal": [0.994085431098938, -0.10860089212656021, -2.4114242186748005e-17], "obb": {"axesLengths": [0.43460822190743187, 0.4113339689820861, 0.3467656336860433], "centroid": [0.8956154681411803, 0.6754916295803072, -0.8043329815343099], "normalizedAxes": [0.10860088467597961, 0.994085431098938, 2.2073130681009312e-16, 0, -2.220446049250313e-16, 1, 0.994085431098938, -0.10860088467597961, -2.411424053238678e-17]}, "segments": [25658, 25676, 46389, 46407, 46439, 46444, 46448, 46554, 71569, 71659, 71545, 46617, 46619, 71598, 72075, 71614, 46624, 46751, 72069, 46422, 71667, 25703, 46724, 25478, 46743, 72638, 72642, 25494, 46765, 50503, 46767, 71665, 72643, 72330, 25427, 65909, 25508, 65929, 65923, 25410, 25444, 25499, 25569, 65915, 65920, 65926, 65943, 65948], "partId": 45, "label": "plant"}, {"objectId": 47, "id": 47, "initialPoint": [1.2414003015757578, 1.286668952783561, -0.9571646419311437], "index": 41, "dominantNormal": [0.9462025165557861, -0.32357510924339294, -7.184810729552303e-17], "obb": {"axesLengths": [0.4904021963643461, 0.20290803455766948, 0.14637616962666924], "centroid": [1.1695430114324192, 1.1612106914823686, -1.0058359856344163], "normalizedAxes": [0.32357510924339294, 0.9462025165557861, 2.1009916396769993e-16, 0, -2.220446049250313e-16, 1, 0.9462025165557861, -0.32357510924339294, -7.184810729552303e-17]}, "segments": [24808, 24495, 21662, 24523, 24530, 24535, 24639, 24720, 24730, 27460, 27474, 65350, 65796, 65824, 66155, 67159, 67164, 67170, 67497, 24467, 26455, 26456, 21778], "partId": 47, "label": "item"}, {"objectId": 48, "id": 48, "initialPoint": [0.7350209948967976, -1.739596636919901, 1.1784857002589484], "index": 42, "dominantNormal": [0, -2.220446049250313e-16, 1], "obb": {"axesLengths": [2.264275491771588, 0.11256003128230496, 1.113617371272822], "centroid": [0.4550354275905118, -1.8891591726035863, 1.186279987477958], "normalizedAxes": [0.9828936457633972, -0.18417416512966156, -4.089487973361318e-17, 0, -2.220446049250313e-16, 1, -0.18417416512966156, -0.9828936457633972, -2.182462312568572e-16]}, "segments": [58521, 59492, 60456, 59807, 30730, 42552, 58414, 78008, 30670, 31261, 24232, 24233, 29664, 29768, 30465, 30529, 30561, 30585, 30591, 30606, 30687, 30850, 30854, 30866, 30888, 30931, 30943, 31004, 31043, 31052, 31054, 31076, 31090, 31107, 31110, 31127, 31156, 31172, 31192, 31242, 31275, 31301, 58379, 58406, 58425, 58448, 58481, 59098, 59113, 59265, 59361, 59403, 66555, 66914, 67081, 67084, 67100, 67102, 67106, 76256, 76259, 24171, 59676, 52649, 53034, 27256], "partId": 48, "label": "ceiling"