{"segGroups": [{"objectId": 11, "id": 11, "partId": 11, "index": 0, "dominantNormal": [0.09769119322299957, -0.9952167868614197, -2.2098251825340302e-16], "obb": {"axesLengths": [2.6920962384180984, 1.472661939129338, 0.2020130187947594], "centroid": [-0.8324269201602641, -1.2127966198195095, 0.16821302438893015], "normalizedAxes": [0.9952167868614197, 0.09769118577241898, 2.169180074949461e-17, 0, -2.220446049250313e-16, 1, 0.09769118577241898, -0.9952167868614197, -2.2098251825340302e-16]}, "segments": [40586, 1327, 3743, 48935, 31528, 48956, 2929, 31364, 44962], "label": "wall"}, {"objectId": 12, "id": 12, "partId": 12, "index": 1, "dominantNormal": [0.09951236099004745, -0.9950363039970398, -2.2094244300708605e-16], "obb": {"axesLengths": [0.3429963680383552, 0.4199999756366018, 0.029997753011908886], "centroid": [-0.8408456564870999, -1.1887193806536356, 0.18000000747389988], "normalizedAxes": [0.9950363039970398, 0.09951236844062805, 2.209618453555341e-17, 0, -2.220446049250313e-16, 1, 0.09951236844062805, -0.9950363039970398, -2.2094244300708605e-16]}, "segments": [2854, 18857], "label": "picture"}, {"objectId": 13, "id": 13, "partId": 13, "index": 2, "dominantNormal": [0.11059647798538208, -0.9938653707504272, -2.2068244359694838e-16], "obb": {"axesLengths": [0.563857395026738, 0.4199999756366018, 0.02987042841394358], "centroid": [-1.3314526179188946, -1.2394360365909411, 0.18000000747389988], "normalizedAxes": [0.9938653707504272, 0.11059647798538208, 2.4557351260364086e-17, 0, -2.220446049250313e-16, 1, 0.11059647798538208, -0.9938653707504272, -2.2068244359694838e-16]}, "segments": [18744, 19735], "label": "picture"}, {"objectId": 14, "id": 14, "partId": 14, "index": 3, "dominantNormal": [0.9783707857131958, 0.20685900747776031, 4.5931926590583386e-17], "obb": {"axesLengths": [0.3797649663885758, 0.5599999805539848, 0.27764546670895696], "centroid": [0.35914957370927647, -0.9377357032089193, -0.28999997151546264], "normalizedAxes": [-0.2068590223789215, 0.9783707857131958, 2.1724195458387903e-16, 0, -2.220446049250313e-16, 1, 0.9783707857131958, 0.2068590223789215, 4.5931929899305836e-17]}, "segments": [11892, 4259, 4247, 49165, 12003, 49002, 13607, 12187, 12176], "label": "lamp"}, {"objectId": 15, "id": 15, "partId": 15, "index": 4, "dominantNormal": [0, -2.220446049250313e-16, 1], "obb": {"axesLengths": [0.4551822277308879, 0.3111040522656426, 0.41434189974636865], "centroid": [-1.2777783901868665, 1.9786757841794096, -1.0037179777824587], "normalizedAxes": [0.3884076476097107, 0.9214876294136047, 2.0461135661644752e-16, 0, -2.220446049250313e-16, 1, 0.9214876294136047, -0.3884076476097107, -8.624382266335899e-17]}, "segments": [29347, 22819, 36880, 56135, 32509, 56115, 36916, 36878, 30109], "label": "bedside table"}, {"objectId": 16, "id": 16, "partId": 16, "index": 5, "dominantNormal": [0, -2.220446049250313e-16, 1], "obb": {"axesLengths": [0.39468205236547277, 0.17834502059940194, 0.4047865070124559], "centroid": [-0.7415678844679485, -0.07665739998763138, -0.9376074577051969], "normalizedAxes": [-0.4502602517604828, 0.892897367477417, 1.9826304320012355e-16, 0, -2.220446049250313e-16, 1, 0.892897367477417, 0.4502602517604828, 9.997785971560153e-17]}, "segments": [32779, 61211, 38401, 30574, 30583, 30591, 30600, 30604, 34107, 34123, 34127, 34146, 34149, 34156, 44601, 44609, 44611, 44838, 53212, 61554, 44613, 30000, 61253], "label": "bedside table"}, {"objectId": 17, "id": 17, "partId": 17, "index": 6, "dominantNormal": [0.9941260814666748, 0.10822813212871552, 2.4031472840294724e-17], "obb": {"axesLengths": [1.3840350592563784, 2.1853029835528943, 0.19576858603654632], "centroid": [-3.9789211115621206, -1.077379433554964, -0.23602849866289333], "normalizedAxes": [-0.10822813957929611, 0.9941260814666748, 2.207403330049373e-16, 0, -2.220446049250313e-16, 1, 0.9941260814666748, 0.10822813957929611, 2.403147449465595e-17]}, "segments": [53121, 8359, 309, 6224, 31878, 6328, 30869, 9415, 11102, 10012], "label": "wall"}, {"objectId": 18, "id": 18, "partId": 18, "index": 7, "dominantNormal": [0.9959623217582703, 0.08977244049310684, 1.993348608244779e-17], "obb": {"axesLengths": [1.7435117082906293, 1.4782130164307419, 0.4786069659599429], "centroid": [-0.5975574476509475, 1.0067572318340139, -0.6224134949939664], "normalizedAxes": [-0.08977243304252625, 0.9959623217582703, 2.2114806025503203e-16, 0, -2.220446049250313e-16, 1, 0.9959623217582703, 0.08977243304252625, 1.9933484428086566e-17]}, "segments": [22042, 55064, 35233, 54899, 29912, 57465, 52582, 21211, 21554, 54595, 40435, 38079, 28114, 19714, 19832, 52125, 52023, 52087, 27187, 52342, 26813, 31186, 39656, 19457, 19475, 19508, 19519, 19524, 19570, 19574, 19584, 19651, 19661, 19671, 19685, 19759, 19760, 19767, 20779, 20838, 20849, 20877, 20889, 20906, 20911, 20917, 20948, 21014, 21047, 21088, 21089, 21095, 21106, 21183, 21206, 21214, 21223, 21292, 21316, 21544, 21561, 21581, 21611, 21621, 21636, 21680, 21699, 21863, 21937, 21941, 21947, 21951, 21961, 21969, 21979, 22098, 22117, 22146, 24271, 24334, 26526, 26531, 26661, 26672, 26673, 26702, 26756, 27018, 27028, 27030, 27037, 27046, 27068, 27085, 27202, 27242, 27264, 27277, 27280, 27292, 27318, 27325, 27328, 27332, 27340, 27341, 27353, 27404, 27422, 27462, 27474, 27538, 27548, 28197, 28243, 28336, 28379, 28727, 28748, 28755, 28769, 28786, 28788, 28814, 28819, 28820, 28931, 28946, 28959, 29011, 29025, 29026, 29059, 29099, 29104, 29785, 29807, 29835, 29856, 29878, 30892, 30918, 31192, 31197, 31225, 35005, 35012, 35018, 35069, 35106, 35130, 35143, 35152, 35155, 35213, 35214, 35247, 35272, 37194, 37214, 37217, 37224, 37248, 37528, 37535, 37551, 37574, 38022, 38027, 38036, 38045, 38085, 38117, 38123, 38151, 38160, 38175, 38219, 38227, 38274, 38282, 38840, 39360, 39515, 39524, 39528, 39544, 39557, 39561, 39578, 39582, 39594, 39623, 39630, 39637, 39665, 39794, 39801, 39810, 39838, 39984, 39986, 40012, 40058, 40105, 40131, 40134, 40235, 40241, 40253, 40266, 40287, 40473, 40516, 41202, 41272, 41289, 41590, 41606, 41618, 41642, 44473, 45040, 45103, 45113, 45144, 45162, 45171, 45507, 45535, 45662, 45763, 45814, 45832, 45849, 45868, 45934, 50559, 50696, 50700, 50701, 50704, 50706, 50712, 50715, 50718, 50721, 50730, 50766, 50773, 50778, 50779, 50784, 50786, 50791, 50793, 50835, 50871, 50887, 50889, 50894, 52048, 52071, 52099, 52111, 52127, 52197, 52199, 52201, 52388, 52413, 52438, 52487, 52685, 52984, 54506, 54620, 54679, 54860, 54863, 54865, 54866, 54888, 54891, 54903, 54917, 54920, 54927, 54931, 54933, 55160, 55188, 55227, 55426, 56361, 56370, 56388, 56389, 56478, 56485, 56907, 56973, 56979, 57011, 57012, 57022, 57334, 57440, 57470, 57478, 57529, 57534, 57537, 57541, 57547, 57552, 57654, 57662, 57664, 57708, 58235, 58376, 58408, 58436, 58713, 59233, 59332, 59377, 59452, 59525, 59579, 54477, 57293, 20858, 24359, 28154, 28166, 28427, 30885, 33176, 35006, 35258, 35304, 45497, 50688, 50690, 54116, 54123, 54886, 58380, 59243, 59246, 59250, 34360, 31051, 50668, 59121, 31138, 54177, 54870, 34999, 20604, 20647, 20615, 20661, 20680, 20689, 20695, 20707, 20708, 20713, 20722, 20736, 20761, 20778, 20869, 21068, 21732, 21742, 21775, 24090, 24118, 26759, 26839, 27428, 28151, 28429, 28668, 31755, 33167, 33182, 33196, 33404, 33425, 33433, 33435, 33448, 33489, 33490, 34424, 34913, 34976, 35103, 35173, 36082, 36329, 36721, 37471, 37947, 37993, 39960, 41176, 41183, 41654, 41664, 41669, 41774, 41817, 41831, 41837, 44423, 45185, 45186, 45215, 45235, 45325, 45334, 45341, 45342, 45366, 45389, 45426, 45484, 45489, 45981, 50608, 50631, 50643, 52594, 52996, 53547, 53798, 53832, 54136, 54141, 54200, 55421, 55422, 55538, 57135, 57268, 57620, 58349, 58473, 59010, 59016, 59072, 59082, 59114, 59116, 59194, 59226, 59228, 59231, 59254, 61263, 61307, 59170, 33162, 41205, 45969, 59350, 33452, 29102, 58628, 41405, 59296], "label": "plants"}, {"objectId": 19, "id": 19, "partId": 19, "index": 8, "dominantNormal": [0.9976827502250671, 0.06803784519433975, 1.510743645612761e-17], "obb": {"axesLengths": [1.8427570046386101, 0.5270799876657132, 0.36174922575886564], "centroid": [-0.502685760999416, 0.9945763326736117, -1.0735399597976365], "normalizedAxes": [-0.06803784519433975, 0.9976827502250671, 2.2153007211424372e-16, 0, -2.220446049250313e-16, 1, 0.9976827502250671, 0.06803784519433975, 1.510743645612761e-17]}, "segments": [29968, 21814, 36216, 22311, 22269, 44166, 24372, 56627, 30979, 26336, 26302, 26417, 26912, 50933, 26948, 54247, 39242, 39409, 20131, 20163, 20187, 20203, 20215, 20217, 22220, 22249, 22282, 22322, 23382, 23383, 26250, 26270, 26300, 26319, 26402, 26413, 26881, 26899, 28577, 29991, 30019, 30792, 31000, 31809, 32179, 36135, 36169, 36220, 36228, 36266, 39380, 39419, 39458, 39494, 50572, 50593, 50930, 50948, 51811, 51814, 51846, 51870, 51877, 51897, 51902, 51910, 52029, 53250, 53255, 53676, 54256, 55687, 55821, 55840, 55862, 55887, 55893, 55917, 61189, 30789, 39096], "label": "commode"}, {"objectId": 1, "id": 1, "partId": 1, "index": 9, "dominantNormal": [0, -2.220446049250313e-16, 1], "obb": {"axesLengths": [7.377239360543253, 0.24000000417232564, 4.618156550968651], "centroid": [-2.7104649217718944, -0.2196959333153724, -1.289999914704787], "normalizedAxes": [0.7743547558784485, 0.6327517032623291, 1.404991019665245e-16, 0, -2.220446049250313e-16, 1, 0.6327517032623291, -0.7743547558784485, -1.7194129584084916e-16]}, "segments": [36007, 42854, 13032, 17174, 17573, 17774, 4082, 42725, 24760, 15, 18, 359, 366, 685, 771, 783, 799, 816, 827, 853, 1244, 1279, 2199, 2211, 4108, 4116, 4135, 4136, 5075, 5733, 6701, 10376, 11671, 11968, 11974, 11980, 12280, 12981, 13001, 13335, 13337, 14500, 16286, 16299, 17052, 17288, 17816, 17948, 17976, 18007, 18507, 18650, 18837, 18856, 18989, 19049, 19058, 19126, 19129, 19187, 22153, 22454, 23442, 23452, 23510, 23548, 23911, 25352, 26499, 26568, 26582, 26599, 26606, 26608, 26614, 26685, 26686, 26784, 27038, 27372, 27499, 27566, 27711, 27721, 27751, 27803, 27886, 27914, 27985, 28042, 28055, 28173, 28241, 28308, 28399, 28448, 29557, 29938, 30061, 30205, 32142, 32190, 32428, 33987, 34071, 34573, 35784, 35801, 36661, 37116, 37812, 37836, 37856, 40751, 40767, 40852, 40862, 45148, 45804, 46030, 46033, 46038, 46078, 46080, 46120, 46126, 46424, 46447, 46449, 46972, 46975, 49068, 49139, 49145, 49476, 49867, 50463, 50537, 50540, 50874, 50876, 50878, 50879, 50880, 50950, 50983, 50988, 51064, 52701, 52704, 53001, 53143, 53145, 53157, 53167, 53685, 53718, 54803, 56744, 58281, 58285, 60310, 11666, 14498, 10363, 59989, 17290, 26165], "label": "floor"}, {"objectId": 2, "id": 2, "partId": 2, "index": 10, "dominantNormal": [0, -2.220446049250313e-16, 1], "obb": {"axesLengths": [2.45606179774003, 1.393270900995934, 2.075139209624094], "centroid": [-1.6569008500825746, 0.869953487819027, -0.6662745329964639], "normalizedAxes": [0.9994548559188843, -0.03301437199115753, -7.330663185624593e-18, 0, -2.220446049250313e-16, 1, -0.03301437199115753, -0.9994548559188843, -2.2192355862291275e-16]}, "segments": [29613, 43015, 29575, 15632, 34030, 55751, 23901, 42838, 58074, 37280, 30653, 30297, 3773, 4427, 4529, 11465, 11512, 18259, 22400, 22767, 22770, 23349, 23366, 23569, 23640, 23655, 23710, 23778, 23792, 23880, 25133, 25148, 25184, 25191, 25416, 25428, 25504, 29299, 29300, 29374, 30618, 31614, 31711, 32043, 33097, 33103, 33113, 33137, 33147, 33148, 33613, 33623, 33638, 33639, 34173, 34472, 34491, 36412, 36635, 36656, 36660, 36663, 36838, 36883, 36970, 36993, 37010, 37042, 37176, 37954, 38011, 38016, 38068, 38182, 38543, 38579, 38622, 38713, 38793, 38797, 38803, 38837, 38838, 38980, 39851, 39907, 39951, 39996, 40325, 40395, 40397, 40542, 40545, 40559, 40618, 40652, 40702, 41168, 41369, 41604, 41611, 41615, 41881, 41896, 43001, 43788, 43793, 43808, 43821, 43854, 43870, 43892, 43985, 44008, 44488, 45106, 45744, 45930, 48717, 48718, 50955, 51530, 53766, 53910, 54132, 54351, 54393, 54467, 55436, 55965, 55972, 56001, 56357, 57077, 57164, 57166, 57170, 57173, 57176, 57651, 57961, 58035, 58082, 58276, 58278, 58363, 58701, 58710, 58833, 58838, 59746, 59751, 60837, 60968, 44445, 37055], "label": "bed"}, {"objectId": 3, "id": 3, "partId": 3, "index": 11, "dominantNormal": [0, -2.220446049250313e-16, 1], "obb": {"axesLengths": [2.22762337577152, 0.6099800331149985, 1.5935650068705591], "centroid": [-1.7743122994154086, 0.7701184010186489, 0.8949899954584231], "normalizedAxes": [0.9999850392341614, 0.00547061488032341, 1.214720519798409e-18, 0, -2.220446049250313e-16, 1, 0.00547061488032341, -0.9999850392341614, -2.220412829676913e-16]}, "segments": [47645, 47152, 8580, 11610, 46512, 47918, 11800, 11825, 47829, 4322, 5772, 4388, 46231, 46222, 47609, 11190, 10696, 8261, 10323, 48218, 15200, 1119, 2168, 2230, 2567, 2617, 2666, 2775, 2817, 2982, 3216, 3760, 3920, 3963, 4040, 4047, 4088, 4096, 4361, 4363, 4533, 4687, 4688, 4689, 4809, 8257, 8297, 8302, 8461, 8462, 8472, 8547, 8585, 8614, 9555, 9742, 9798, 9845, 9859, 10082, 10117, 10251, 10264, 10490, 10515, 10541, 10582, 10623, 10679, 10690, 10729, 10813, 10902, 10988, 11008, 11168, 11346, 11351, 11555, 11589, 11834, 12650, 12667, 12720, 12849, 12853, 12912, 13221, 13246, 15091, 15198, 15354, 15370, 16382, 23145, 46129, 46134, 46486, 47023, 47071, 47251, 47288, 47326, 47355, 47385, 47571, 47592, 47599, 47631, 47864, 47924, 48350, 48536, 49935, 49938, 49941, 9205, 46565, 1544, 1470, 1893, 7464, 7468, 516, 1023, 1061, 1144, 1146, 1479, 1482, 1499, 1528, 1566, 1885, 1934, 2004, 2804, 4756, 7440, 7460, 7517, 7538, 7563, 7572, 7584, 7585, 7601, 7604, 7722, 7784, 7866, 7940, 7941, 8023, 8748, 8811, 8864, 8874, 9335, 9366, 11963, 12109, 12325, 12420, 12426, 12600, 13330, 13470, 13633, 14663, 14675, 14783, 15045, 15126, 15171, 15341, 15380, 16350, 16402, 16522, 16561, 16567, 16607, 16617, 16659, 16750, 16758, 16931, 16941, 16953, 25298, 25330, 46008, 46062, 46172, 46484, 46560, 46794, 46825, 47684, 47686, 47690, 47697, 47712, 47907, 48348, 48359, 48499, 48503, 48548, 49870, 49889, 49912, 49952, 49965, 49968, 50033, 50060, 50206, 50221, 50240, 50300, 50409, 50414, 50435, 51552, 54451, 2098, 1834, 1999, 27637, 34910, 13398, 48026, 16916, 47991, 7788, 33804, 2385, 2429, 33782, 99, 112, 116, 131, 162, 1521, 1866, 1918, 2024, 2075, 2081, 2097, 2123, 2257, 2417, 3293, 4596, 7247, 7749, 7803, 7805, 7814, 7871, 7877, 8021, 12208, 13316, 13348, 13361, 13419, 13511, 13569, 13700, 13720, 13801, 13861, 13900, 13928, 14088, 14112, 14135, 14170, 14182, 14218, 14285, 14302, 14326, 14385, 14426, 16368, 16425, 16784, 16832, 16882, 16966, 19223, 19233, 33780, 33800, 34236, 34660, 34723, 36143, 46169, 46198, 46217, 46220, 46267, 46295, 46339, 46394, 46630, 47998, 48000, 48065, 48092, 48157, 48190, 48193, 48199, 48205, 49724, 50096, 50263, 50304, 52845, 52942, 52944, 52947, 52953, 54427, 54437, 54438, 16593, 16771, 8860, 8492, 46183, 46287, 4746, 4728, 4714, 12192, 4706, 4724, 5015, 10233, 12258, 12264, 12265, 12269, 12540, 14528, 14530, 16490, 24031, 46178, 47177, 48206, 141], "label": "lamp"}, {"objectId": 4, "id": 4, "partId": 4, "index": 12, "dominantNormal": [0.10968253016471863, -0.9939666986465454, -2.2070494290960983e-16], "obb": {"axesLengths": [2.5127061211689568, 0.854570012064948, 0.5289694048356841], "centroid": [-0.7538954137302221, -0.9685158796899211, -0.9372849667818479], "normalizedAxes": [0.9939666986465454, 0.10968252271413803, 2.4354412423241552e-17, 0, -2.220446049250313e-16, 1, 0.10968252271413803, -0.9939666986465454, -2.2070494290960983e-16]}, "segments": [45140, 43234, 43078, 13505, 13697, 13727, 13743, 13811, 14062, 24172, 37416, 37432, 37442, 37443, 37477, 37498, 37513, 37975, 37977, 38368, 38375, 43210, 49297, 49837, 56399, 56400, 56403, 59796, 60707, 42234], "label": "commode"}, {"objectId": 5, "id": 5, "partId": 5, "index": 13, "dominantNormal": [0.9914576411247253, 0.13042910397052765, 2.8961078861861644e-17], "obb": {"axesLengths": [0.8572910271922916, 2.6599999071657665, 0.1865679538054387], "centroid": [0.48910605941788843, -0.6866699503810624, -0.020000021769627896], "normalizedAxes": [-0.13042910397052765, 0.9914576411247253, 2.201478202234431e-16, 0, -2.220446049250313e-16, 1, 0.9914576411247253, 0.13042910397052765, 2.8961078861861644e-17]}, "segments": [13043, 11995, 12121, 19067, 9937, 4786], "label": "wall"}, {"objectId": 6, "id": 6, "partId": 6, "index": 14, "dominantNormal": [0.9938516616821289, 0.11071992665529251, 2.458476237150287e-17], "obb": {"axesLengths": [1.3869926721644892, 2.7213199722471826, 0.3282650806166913], "centroid": [0.20940670210734025, 0.3210597367800637, -0.00933996970839912], "normalizedAxes": [-0.11071991920471191, 0.9938516616821289, 2.206793995722942e-16, 0, -2.220446049250313e-16, 1, 0.9938516616821289, 0.11071991920471191, 2.4584760717141644e-17]}, "segments": [49386, 11317, 49613, 49637, 23234, 15927, 49419, 13102, 52646, 13095, 53335, 13128, 23181, 20537, 27813, 11394, 12428, 10448, 12871, 33333, 51740, 24431, 24442, 12870, 49649, 14939, 14740, 49326, 49545, 8924, 10401, 12844, 13286, 14837, 19979, 22891, 23226, 23490, 24426, 24439, 24470, 24479, 24511, 24515, 24522, 24542, 24567, 24743, 26100, 26126, 26147, 26148, 27691, 27779, 27844, 31043, 33335, 34900, 34917, 48713, 49339, 49641, 49710, 51315, 51321, 51327, 52273, 52275, 52283, 52753, 53327, 53537, 54722, 10106, 53290, 51720, 12766, 9211, 24710, 54763, 22149], "label": "curtain"}, {"objectId": 7, "id": 7, "partId": 7, "index": 15, "dominantNormal": [0, -2.220446049250313e-16, 1], "obb": {"axesLengths": [5.163831151962729, 0.5499200698006135, 4.337633650601775], "centroid": [-0.44476251377432585, -0.13000946356079757, 1.324959982061758], "normalizedAxes": [-0.3520771563053131, 0.9359709620475769, 2.0782730248915569e-16, 0, -2.220446049250313e-16, 1, 0.9359709620475769, 0.3520771563053131, 7.817683307494175e-17]}, "segments": [8254, 456, 31042, 8141, 6389, 8386, 28718, 6347, 6166, 7709, 46663, 33230, 8075, 7112, 46729, 49810, 7162, 7036, 6040, 46435, 5264, 2416, 2414, 5395, 581, 664, 1007, 1015, 2424, 2477, 5182, 5197, 5316, 5362, 5479, 6295, 6561, 6583, 7035, 7073, 7107, 7113, 7403, 7555, 7607, 8103, 8108, 8143, 8414, 8437, 8481, 8496, 8497, 8500, 9363, 9484, 9827, 9854, 31058, 31063, 45999, 46466, 46644, 49807, 51137, 51140, 51145, 5945, 5877, 5901, 34704, 34705, 34811, 34829, 54575, 54579, 54580, 54716, 5722, 47303, 6802, 47583, 1232, 1673, 4736, 4819, 4932, 5626, 5655, 5662, 5676, 5812, 5814, 5837, 6537, 6586, 6589, 9660, 9790, 9902, 16063, 16210, 33757, 33758, 46964, 46968, 47047, 47179, 47425, 57231, 1207, 1395, 6079, 33697, 50467, 46945, 1703, 1665, 1669, 39189, 46940, 25284, 248, 253, 465, 469, 478, 573, 860, 6063, 6071, 9573, 9588, 46541, 46922, 39155, 46483, 1966, 6153, 2113, 2310, 6112, 54015, 15666, 15906, 15935, 16040, 16098, 16139, 16161, 16174, 16233, 17358, 17360, 17362, 17553, 17589, 17911, 17919, 17995, 17998, 18034, 18041, 18314, 18321, 18344, 18371, 18398, 18420, 18439, 18443, 18457, 18797, 18983, 19276, 23008, 23063, 23067, 23084, 23096, 31442, 33001, 33007, 43859, 48794, 49004, 49204, 49248, 49277, 49280, 49295, 49436, 49461, 49547, 49550, 49552, 49721, 51067, 51077, 51083, 51086, 51096, 54051, 56898, 17244, 17376, 18278, 19558, 17299, 17498, 17530, 17542, 17563, 17637, 17694, 17797, 17858, 18176, 33547, 33548, 54214, 54221, 18869, 17687, 17977, 49287, 49299, 9915, 3823, 3825, 4265, 9884, 9900, 48164, 18402, 53530, 2350, 2503], "label": "ceiling"}, {"objectId": 8, "id": 8, "partId": 8, "index": 16, "dominantNormal": [0.07211664319038391, -0.9973962306976318, -2.2146645199897104e-16], "obb": {"axesLengths": [1.9938012245974752, 2.669709861210512, 0.2457009882763636], "centroid": [-0.9394678094049276, 2.1642580748450895, -0.044854979271479856], "normalizedAxes": [0.9973962306976318, 0.07211664319038391, 1.6013111545728245e-17, 0, -2.220446049250313e-16, 1, 0.07211664319038391, -0.9973962306976318, -2.2146645199897104e-16]}, "segments": [39462, 23209, 5083, 2653, 59511, 4542, 4992, 5048, 5119, 5279, 5297, 18606, 19493, 19542, 20298, 20299, 20313, 20324, 20334, 21000, 21037, 21040, 21044, 29380, 30071, 30078, 30098, 30159, 30199, 30209, 30228, 30235, 32364, 32405, 32470, 32479, 32514, 32550, 32591, 32606, 35395, 35397, 35410, 35437, 35439, 35496, 35523, 38907, 41136, 42692, 50594, 51388, 53750, 53752, 55251, 55255, 55260, 55261], "label": "wall"}, {"objectId": 9, "id": 9, "partId": 9, "index": 17, "dominantNormal": [0.989513635635376, 0.1444394588470459, 3.2072002575277625e-17], "obb": {"axesLengths": [0.9581683623926193, 2.750649867564814, 0.3897354723100388], "centroid": [-0.019759931549722776, 1.9098171263709627, 0.01467503915805235], "normalizedAxes": [-0.1444394588470459, 0.989513635635376, 2.1971616429258844e-16, 0, -2.220446049250313e-16, 1, 0.989513635635376, 0.1444394588470459, 3.2072002575277625e-17]}, "segments": [56819, 44855, 19845, 55620, 6730, 20712, 53932, 21321, 44074, 56779, 42535, 16853, 56971, 56669, 31458, 31500, 6714, 51630, 21697, 44742, 15352, 61545, 738, 763, 921, 15153, 15235, 15245, 15528, 15839, 15880, 15888, 19601, 20160, 20384, 20410, 20444, 20445, 20447, 20534, 20596, 20993, 21155, 21170, 21201, 21225, 21297, 21437, 21570, 21601, 21643, 21654, 21686, 22958, 22964, 25717, 25719, 25753, 25761, 25763, 25781, 25795, 31916, 32855, 32878, 32883, 32911, 36002, 36037, 37429, 41739, 42904, 43454, 43655, 43715, 43727, 43763, 44347, 44353, 44697, 44816, 44822, 44832, 49749, 49751, 49757, 49853, 49858, 49948, 50457, 50971, 50973, 50974, 51049, 51514, 51594, 51598, 51633, 53666, 53680, 54001, 55655, 56728, 56735, 56749, 56892, 56894, 56903, 57179, 57187, 61261, 61467, 61483, 36018], "label": "curtain"}, {"objectId": 10, "id": 10, "partId": 10, "index": 18, "dominantNormal": [0.992017924785614, 0.12609674036502838, 2.7999100896686975e-17], "obb": {"axesLengths": [1.1555706028505897, 0.9487599816450476, 0.18557796982265934], "centroid": [0.23190590048229875, 1.4672494464371184, -0.8843799597675364], "normalizedAxes": [-0.12609674036502838, 0.992017924785614, 2.2027222818757109e-16, 0, -2.220446049250313e-16, 1, 0.992017924785614, 0.12609674036502838, 2.7999100896686975e-17]}, "segments": [54848, 15222, 19436, 51158, 33278, 33267, 32477, 49800, 15234], "label": "heater"}, {"objectId": 21, "id": 21, "partId": 21, "index": 20, "dominantNormal": [0.9777663350105286, 0.20969727635383606, 4.656214888184264e-17], "obb": {"axesLengths": [0.6539105334954075, 1.4007485717367694, 0.600210243285553], "centroid": [-3.6234278563863995, -1.1219497983326259, -0.6252056670654789], "normalizedAxes": [-0.20969727635383606, 0.9777663350105286, 2.1710773956640862e-16, 0, -2.220446049250313e-16, 1, 0.9777663350105286, 0.20969727635383606, 4.656214888184264e-17]}, "segments": [10145, 10175, 6358, 6366, 6993, 47386, 51975, 7430, 6378, 6916, 6921, 6947, 6985, 7158, 8172, 8598, 8629, 8658, 8675, 8816, 8843, 32663, 47254, 47429, 47523, 47524, 47579, 47966, 47968, 48423, 48749, 51914, 10180, 11593, 11241, 10567, 10524, 48437, 11239, 357, 52399, 47544, 6939, 48762, 12947, 10570, 48453, 8596], "label": "chair"}, {"objectId": 22, "id": 22, "partId": 22, "index": 21, "dominantNormal": [0.4730173349380493, -0.8810531497001648, -1.9563309854312756e-16], "obb": {"axesLengths": [0.22411779749333485, 1.9467799228404472, 0.11729033719122048], "centroid": [-3.5030048220159076, -1.5504193948652953, -0.34338996195569726], "normalizedAxes": [0.8810531497001648, 0.4730173349380493, 1.0503094725901037e-16, 0, -2.220446049250313e-16, 1, 0.4730173349380493, -0.8810531497001648, -1.9563309854312756e-16]}, "segments": [13014, 6520, 6512, 409, 51592, 6444, 6884, 49107], "label": "wall"}, {"objectId": 23, "id": 23, "partId": 23, "index": 22, "dominantNormal": [0.9691530466079712, -0.24645963311195374, -5.472503186431193e-17], "obb": {"axesLengths": [0.475132226010341, 0.7999999344348918, 0.3492514494820815], "centroid": [-2.09100321938342, -1.1792698589455917, -0.9099999279668198], "normalizedAxes": [0.24645963311195374, 0.9691530466079712, 2.1519520534595742e-16, 0, -2.220446049250313e-16, 1, 0.9691530466079712, -0.24645963311195374, -5.472503186431193e-17]}, "segments": [42313, 42322, 42399, 59107, 43696, 43630, 60703, 43705, 44109, 61163, 61182, 44998], "label": "shelf"}, {"objectId": 25, "id": 25, "partId": 25, "index": 23, "dominantNormal": [0.6690194010734558, -0.7432449460029602, -1.6503353039775353e-16], "obb": {"axesLengths": [0.49799609752029966, 0.739999992996454, 0.33123596417297274], "centroid": [-0.33407278004697893, -1.062488950583859, -0.17999998481474888], "normalizedAxes": [0.7432449460029602, 0.6690194010734558, 1.4855214859853656e-16, 0, -2.220446049250313e-16, 1, 0.6690194010734558, -0.7432449460029602, -1.6503353039775353e-16]}, "segments": [53583, 53574, 53550, 31346, 44497, 46810, 46823, 3186, 51496, 3274, 3292, 3343, 3417, 3427, 3486, 4304, 24859, 46667, 3241, 46672, 590, 622, 638, 639, 668, 3005, 3305, 24808, 46419, 4268, 5355, 662, 51482, 4377, 3543, 4374, 46836, 46861, 53590, 46875], "label": "plant"}, {"objectId": 33, "id": 33, "partId": 33, "index": 31, "dominantNormal": [0.9990127682685852, 0.04442349821329117, 9.863998110158072e-18], "obb": {"axesLengths": [0.7030446435371339, 1.5599999079108253, 0.13791181890315724], "centroid": [0.24852369651916506, 1.1826933708834608, 0.5299999778578428], "normalizedAxes": [-0.04442349821329117, 0.9990127682685852, 2.2182539544525986e-16, 0, -2.220446049250313e-16, 1, 0.9990127682685852, 0.04442349821329117, 9.863998110158072e-18]}, "segments": [10895, 813, 12505, 10855, 9429, 12583, 26020, 26191, 817, 9155, 9451, 12629, 25955, 25962, 26025, 26095, 26112, 26113, 26917, 48517, 54054], "label": "window"}, {"objectId": 44, "id": 44, "partId": 44, "index": 37, "dominantNormal": [0.9491357207298279, 0.31486719846725464, 6.991456268751298e-17], "obb": {"axesLengths": [0.27146965553496866, 0.2868280048632321, 0.1660245398887584], "centroid": [0.01971959842154658, -1.0369155903412042, -0.4120349757802866], "normalizedAxes": [-0.31486719846725464, 0.9491357207298279, 2.1075046612968948e-16, 0, -2.220446049250313e-16, 1, 0.9491357207298279, 0.31486719846725464, 6.991456268751298e-17]}, "segments": [13572, 3674, 46766, 3774, 3659, 46762], "label": "item"}, {"objectId": 45, "id": 45, "partId": 45, "index": 38, "dominantNormal": [0, -2.220446049250313e-16, 1], "obb": {"axesLengths": [0.22875059934431038, 0.1599999928474427, 0.16652617500817823], "centroid": [-0.7853313916424935, -1.1232165271900243, -0.4099999838461732], "normalizedAxes": [0.11880416423082352, 0.9929177165031433, 2.204720220840047e-16, 0, -2.220446049250313e-16, 1, 0.9929177165031433, -0.11880416423082352, -2.6379823710081744e-17]}, "segments": [41300, 41435, 41410], "label": "jar"}, {"objectId": 46, "id": 46, "partId": 46, "index": 39, "dominantNormal": [0, -2.220446049250313e-16, 1], "obb": {"axesLengths": [0.3159092087720056, 0.17591800892536313, 0.25535910723540456], "centroid": [-0.668402438031229, -1.0577771058151522, -0.4620409768502942], "normalizedAxes": [0.9830089807510376, -0.18355748057365417, -4.075794825501115e-17, 0, -2.220446049250313e-16, 1, -0.18355748057365417, -0.9830089807510376, -2.1827184076862185e-16]}, "segments": [31399, 58976, 40798, 41129, 40938, 55246, 40989], "label": "item"}, {"objectId": 47, "id": 47, "partId": 47, "index": 40, "dominantNormal": [0.9347208142280579, -0.35538288950920105, -7.89108532981866e-17], "obb": {"axesLengths": [0.09339566059260092, 0.20926399061238776, 0.06294965409650972], "centroid": [-1.4993937877120909, -1.009791550327285, -0.3286299672423312], "normalizedAxes": [0.35538288950920105, 0.9347208142280579, 2.075497139104727e-16, 0, -2.220446049250313e-16, 1, 0.9347208142280579, -0.35538288950920105, -7.89108532981866e-17]}, "segments": [42037, 44882, 42048, 60767, 44900, 60711], "label": "figure"}, {"objectId": 48, "id": 48, "partId": 48, "index": 41, "dominantNormal": [0.647655725479126, -0.7619330883026123, -1.6918313157146254e-16], "obb": {"axesLengths": [0.3315125359866794, 0.6278599956364924, 0.1284740893995743], "centroid": [-3.8700318394246676, -0.7647213986381673, -1.0239299421763433], "normalizedAxes": [0.7619330883026123, 0.647655725479126, 1.4380845969144706e-16, 0, -2.220446049250313e-16, 1, 0.647655725479126, -0.7619330883026123, -1.6918313157146254e-16]}, "segments": [8960, 9001, 13380], "label": "roll"}, {"objectId": 53, "id": 53, "partId": 53, "index": 45, "dominantNormal": [0.9996445178985596, 0.026660475879907608, 5.919814833867411e-18], "obb": {"axesLengths": [0.43058203346026214, 0.4753580061638796, 0.35853167673510594], "centroid": [-1.3297842112477094, 0.5567717533353778, -0.35418698176226826], "normalizedAxes": [-0.026660477742552757, 0.9996445178985596, 2.2196567204225905e-16, 0, -2.220446049250313e-16, 1, 0.9996445178985596, 0.026660477742552757, 5.9198152474577175e-18]}, "segments": [24963, 40207, 25032, 58195, 58132, 40206], "label": "pillow"}, {"objectId": 54, "id": 54, "partId": 54, "index": 46, "dominantNormal": [0.9973306655883789, 0.0730176717042923, 1.621318006612522e-17], "obb": {"axesLengths": [0.7429196929684648, 0.5134919841552077, 0.402814990035907], "centroid": [-1.1150562417769176, 0.4524737680245595, -0.3732539707579323], "normalizedAxes": [-0.0730176717042923, 0.9973306655883789, 2.214518936201901e-16, 0, -2.220446049250313e-16, 1, 0.9973306655883789, 0.0730176717042923, 1.621318006612522e-17]}, "segments": [23341, 23333, 57087, 38558, 58152, 25199, 58115], "label": "pillow"}, {"objectId": 55, "id": 55, "partId": 55, "index": 47, "dominantNormal": [0.972124457359314, 0.23446547985076904, 5.20617948420219e-17], "obb": {"axesLengths": [0.3232497724500841, 0.32840298872285345, 0.3299073019766434], "centroid": [-1.2059728633393048, 0.8421779578133564, -0.4742014715020777], "normalizedAxes": [0.972124457359314, 0.23446546494960785, 5.206179153329945e-17, 0, -2.220446049250313e-16, 1, 0.23446546494960785, -0.972124457359314, -2.1585499107230931e-16]}, "segments": [40486, 40221, 40530], "label": "pillow"}, {"objectId": 56, "id": 56, "partId": 56, "index": 48, "dominantNormal": [0.9771298766136169, 0.21264341473579407, 4.7216323014918974e-17], "obb": {"axesLengths": [0.9203046499482364, 0.6001608759128849, 0.44305863999587763], "centroid": [-0.8745457837613044, 0.5941294744585615, -0.3994885149851777], "normalizedAxes": [-0.21264341473579407, 0.9771298766136169, 2.1696641741311516e-16, 0, -2.220446049250313e-16, 1, 0.9771298766136169, 0.21264341473579407, 4.7216323014918974e-17]}, "segments": [54061, 25136, 54109, 59409, 45772, 58355, 40499], "label": "pillow"}, {"objectId": 57, "id": 57, "partId": 57, "index": 49, "dominantNormal": [0.996772289276123, 0.08028114587068558, 1.7825995317785188e-17], "obb": {"axesLengths": [0.7771085783472861, 0.626648194119747, 0.31008703627048007], "centroid": [-0.9249725528750596, 1.4605924352860167, -0.34056987721592535], "normalizedAxes": [-0.08028114587068558, 0.996772289276123, 2.2132790917253576e-16, 0, -2.220446049250313e-16, 1, 0.996772289276123, 0.08028114587068558, 1.7825995317785188e-17]}, "segments": [58340, 44495, 19867, 45628, 45960, 43911, 45713, 29021, 38809], "label": "pillow"}, {"objectId": 58, "id": 58, "partId": 58, "index": 50, "dominantNormal": [0.911710798740387, 0.41083255410194397, 9.12231521659077e-17], "obb": {"axesLengths": [0.8926771784562713, 0.5275279836164117, 0.4092953041242701], "centroid": [-1.1562386806448934, 1.3888230204857686, -0.36623597102733063], "normalizedAxes": [-0.41083258390426636, 0.911710798740387, 2.0244046411219395e-16, 0, -2.220446049250313e-16, 1, 0.911710798740387, 0.41083258390426636, 9.12231587833526e-17]}, "segments": [60958, 42660, 43947, 31589, 42096, 44020, 60877], "label": "pillow"}, {"objectId": 59, "id": 59, "partId": 59, "index": 51, "dominantNormal": [0, -2.220446049250313e-16, 1], "obb": {"axesLengths": [1.5113639532494465, 0.37563197965252426, 1.479810003789535], "centroid": [-2.226331969636262, 0.8481427691304971, -0.5130719542701105], "normalizedAxes": [0.18508239090442657, 0.9827229976654053, 2.1820833976735738e-16, 0, -2.220446049250313e-16, 1, 0.9827229976654053, -0.18508239090442657, -4.1096546366953607e-17]}, "segments": [55466, 38967, 42198, 42194, 59695, 42759, 59469, 59499, 42215, 42772, 35820, 36482, 35739, 36496, 35806, 35852, 29715, 32321, 35823, 55499, 39045, 58929, 53722, 43024, 32312, 30460, 55992, 30448, 32281, 29496, 30518, 30702, 56033, 56059, 29543, 54568, 29544, 29597, 59688, 55404, 40232], "label": "blanket"}, {"objectId": 60, "id": 60, "partId": 60, "index": 52, "dominantNormal": [0, -2.220446049250313e-16, 1], "obb": {"axesLengths": [0.5387043775559955, 0.1466589835287857, 0.42371223464542873], "centroid": [-1.4884487975744907, 0.981600891186813, -0.4836114502775348], "normalizedAxes": [-0.4612565040588379, 0.8872668147087097, 1.970128093350864e-16, 0, -2.220446049250313e-16, 1, 0.8872668147087097, 0.4612565040588379, 1.0241951821284576e-16]}, "segments": [40248, 59039, 41778, 58818], "label": "pillow"}, {"objectId": 61, "id": 61, "partId": 61, "index": 53, "dominantNormal": [0, -2.220446049250313e-16, 1], "obb": {"axesLengths": [0.6764202393042572, 0.18641396940319327, 0.5486156656101718], "centroid": [-1.5260566289631672, 1.318675275157155, -0.5524979672161949], "normalizedAxes": [-0.2132996916770935, 0.976986825466156, 2.1693465367759313e-16, 0, -2.220446049250313e-16, 1, 0.976986825466156, 0.2132996916770935, 4.7362045769071216e-17]}, "segments": [31606, 59002, 60891, 22651], "label": "pillow"}], "scan_id": "a0905fee-66f7-2272-9d07-032a9a4e7cc9", "annId": "6480", "appId": "stk.v1"}