{"segGroups": [{"objectId": 46, "id": 46, "partId": 46, "index": 0, "dominantNormal": [0.950278103351593, 0.3114025890827179, 6.914526486550396e-17], "obb": {"axesLengths": [0.6336760810645754, 0.49999998882412894, 0.3373133531606179], "centroid": [0.3188374480772458, 3.272249372449354, -1.1200000598281623], "normalizedAxes": [-0.3114025890827179, 0.950278103351593, 2.1100412602761254e-16, 0, -2.220446049250313e-16, 1, 0.950278103351593, 0.3114025890827179, 6.914526486550396e-17]}, "segments": [26704, 44609, 30605, 46212, 26654, 32910, 31940, 26646, 46202, 26663], "label": "box"}, {"objectId": 49, "id": 49, "partId": 49, "index": 1, "dominantNormal": [0, -2.220446049250313e-16, 1], "obb": {"axesLengths": [0.5841292411905283, 0.5073419695941661, 0.5103221448778661], "centroid": [1.2827374821115336, 2.772971976055948, -0.5763290600554127], "normalizedAxes": [0.8245359659194946, -0.5658095479011536, -1.2563495752652222e-16, 0, -2.220446049250313e-16, 1, -0.5658095479011536, -0.8245359659194946, -1.8308376279907326e-16]}, "segments": [36319, 40010, 12297, 40005, 13091], "label": "clothes"}, {"objectId": 11, "id": 11, "partId": 11, "index": 2, "dominantNormal": [0.675586462020874, -0.7372807860374451, -1.6370922085450103e-16], "obb": {"axesLengths": [3.889293045024643, 2.441699927113206, 0.5280065596167589], "centroid": [-0.9891384892009569, 2.8784503106167967, -0.08915003003589961], "normalizedAxes": [0.7372807860374451, 0.675586462020874, 1.5001032905212464e-16, 0, -2.220446049250313e-16, 1, 0.675586462020874, -0.7372807860374451, -1.6370922085450103e-16]}, "segments": [6314, 35095, 2097, 2154, 5537, 6203, 6293, 8273, 8501, 8634, 8694, 8720, 8729, 8737, 8805, 8810, 8823, 8838, 8857, 8863, 8879, 8890, 12239, 35151, 35827, 36432, 36462, 36773, 36774, 38155, 39177, 39178, 39185, 47175, 2812, 2146, 4144, 4768, 6738, 6753, 6755, 6786, 6860, 7786, 7902, 7937, 8018, 8944, 10159, 20841, 22744, 22928, 24182, 24233, 25520, 38974, 38976, 42143, 42600, 42604, 47166, 30817, 24185, 10132, 22479, 22635, 22705, 24175, 24199, 24200, 28968, 28970, 28980, 29011, 29035, 29084, 30192, 30220, 42594, 44112, 44948, 44951, 45103, 45106, 13239, 11064, 11674, 11735, 11737, 11798, 11859, 13318, 13337, 20487, 24259, 28961, 31743, 36472, 42614, 44038, 44105, 44109, 2157, 5727, 7734, 7761, 11693, 22036, 22535, 22543, 31634, 31651, 31655, 31787, 39866, 42114, 44952, 45055, 7933, 35793, 4214, 44062, 13003, 46881, 11304, 18692, 18514, 18621, 39212, 9353, 12237, 47222, 17846, 27804, 16128], "label": "wall"}, {"objectId": 12, "id": 12, "partId": 12, "index": 3, "dominantNormal": [0.7335744500160217, -0.6796091198921204, -1.509035385298941e-16], "obb": {"axesLengths": [1.120109317651785, 1.1799999509751802, 0.6039557950390044], "centroid": [-1.5185714231898373, 2.6576985605782246, 0.11999990709125985], "normalizedAxes": [0.6796091198921204, 0.7335744500160217, 1.6288624893690467e-16, 0, -2.220446049250313e-16, 1, 0.7335744500160217, -0.6796091198921204, -1.509035385298941e-16]}, "segments": [32040, 35121, 35342, 35261, 35276, 32234, 229, 104, 10355, 22279, 10577, 10626, 9777, 31274, 31371, 84, 118, 146, 196, 214, 223, 243, 305, 5535, 5678, 5726, 5772, 6928, 7022, 7647, 7667, 7741, 7785, 7805, 8029, 8079, 9183, 9541, 10256, 10604, 12808, 13644, 13733, 13754, 13933, 13977, 14019, 16901, 21527, 21569, 21658, 21850, 22876, 23731, 25664, 25864, 25871, 28839, 29115, 31223, 31302, 32020, 32142, 32197, 32199, 32201, 32225, 35087, 37695, 37707, 37835, 39041, 39761, 39773, 42946, 45564, 45566, 45575, 46838, 13925, 8223, 14068, 5858, 6833, 6911, 7352, 7405, 7528, 7534, 7569, 7658, 8169, 10542, 10562, 13683, 13848, 13975, 14769, 14962, 16803, 17933, 21966, 23897, 24840, 24947, 26357, 27716, 27849, 28383, 28988, 29134, 29277, 29293, 29294, 29839, 30339, 30342, 30373, 37590, 37594, 37687, 37689, 37692, 37698, 37699, 37701, 37735, 37739, 37744, 37818, 39022, 39057, 39614, 14103, 28940, 1833, 2973, 3489, 5808, 7003, 7600, 9738, 10581, 14120, 18390, 37587, 38322, 39512, 39658, 7385, 7102, 7191, 7242, 7261, 7285, 7286, 7290, 7315, 7356, 7368, 7407, 7419, 7429, 7445, 7478, 7479, 7501, 7543, 7562, 7581, 7689, 7703, 7770, 9723, 9743, 9753, 9757, 10565, 13813, 14138, 14147, 16770, 21838, 22108, 22140, 22986, 23651, 26803, 39009, 39011, 39138, 39170, 39253, 39265, 39382, 39622, 39678, 46771], "label": "window"}, {"objectId": 13, "id": 13, "partId": 13, "index": 4, "dominantNormal": [0.8168820142745972, -0.5768048167228699, -1.2807639764808473e-16], "obb": {"axesLengths": [0.8717559586343973, 1.2450259943673159, 0.32006729329220246], "centroid": [-0.08790481592381227, 3.8185205682793684, 0.16748692652239594], "normalizedAxes": [0.5768048167228699, 0.8168820142745972, 1.8138424412996671e-16, 0, -2.220446049250313e-16, 1, 0.8168820142745972, -0.5768048167228699, -1.2807639764808473e-16]}, "segments": [29763, 11230, 11602, 9899, 9925, 9954, 9955, 9963, 11242, 11254, 11263, 11282, 11284, 11508, 11588, 11618, 11643, 11688, 11753, 11834, 11837, 11860, 11872, 11888, 29738, 29753, 29775, 31649, 39854, 39862, 39883, 39965, 39971, 31687, 45017, 45052, 45061, 31689, 31770, 30199, 28950], "label": "window"}, {"objectId": 14, "id": 14, "partId": 14, "index": 5, "dominantNormal": [0.9320520758628845, 0.3623243272304535, 8.045216209461381e-17], "obb": {"axesLengths": [0.5187965924548116, 2.030145957392171, 0.3026878970921018], "centroid": [-0.33803163289833027, -1.1725571387657912, -0.3608271007800026], "normalizedAxes": [-0.3623243272304535, 0.9320520758628845, 2.069571349545295e-16, 0, -2.220446049250313e-16, 1, 0.9320520758628845, 0.3623243272304535, 8.045216209461381e-17]}, "segments": [30887, 28286, 28825, 33314, 13579, 21481, 21229, 21330, 13784, 16738, 16791, 16792, 16834, 16843, 16881, 16951, 17025, 17074, 21250, 21357, 28882, 29194, 29208, 30861, 30905, 30911, 30925, 30952, 30964, 31023, 34514, 34520, 34538, 34555, 34559, 34574, 34575, 34602, 34611, 34630, 39991, 39997, 41126, 41271, 44025, 44030, 44123, 44126, 44643, 44647, 44648, 44652, 44653, 46392, 46394, 46400, 46417, 46427, 46430, 46434, 46440, 46459, 46524, 46584, 46586, 46590, 46591, 30837, 46385], "label": "window"}, {"objectId": 15, "id": 15, "partId": 15, "index": 6, "dominantNormal": [0.732700765132904, 0.6805509328842163, 1.511126630236373e-16], "obb": {"axesLengths": [1.5244731435863434, 1.8999999932944767, 0.23702401492953037], "centroid": [2.149955561238631, 3.2326369079443484, 0.15999991275370107], "normalizedAxes": [-0.6805509328842163, 0.732700765132904, 1.6269225192220383e-16, 0, -2.220446049250313e-16, 1, 0.732700765132904, 0.6805509328842163, 1.511126630236373e-16]}, "segments": [45908, 2731, 1654, 33270, 2835, 1554, 2130, 2200, 2654, 1567, 1349, 1387, 1621, 1661, 5028, 14876, 37683, 40281, 46225, 46229, 45793, 17357, 1456], "label": "wall"}, {"objectId": 16, "id": 16, "partId": 16, "index": 7, "dominantNormal": [0, -2.220446049250313e-16, 1], "obb": {"axesLengths": [4.695135908536054, 0.13999998256564172, 3.521153395935209], "centroid": [0.14994485089535498, 1.9101251749679047, 1.0799998790770768], "normalizedAxes": [0.6450022459030151, 0.7641806602478027, 1.6968219279607294e-16, 0, -2.220446049250313e-16, 1, 0.7641806602478027, -0.6450022459030151, -1.432192688672929e-16]}, "segments": [8873, 19495, 18015, 9649, 16625, 30673, 32847, 35488, 35544, 18750, 5234, 4459, 3505, 6515, 343, 612, 737, 2004, 3836, 4065, 5662, 7764, 7800, 7823, 9596, 9669, 19327, 19394, 19397, 19748, 20161, 20563, 21654, 21883, 25226, 25244, 26576, 26734, 28680, 28773, 28849, 28868, 30628, 34869, 35510, 41757, 41760, 43065, 45396], "label": "ceiling"}, {"objectId": 17, "id": 17, "partId": 17, "index": 8, "dominantNormal": [0.6049261689186096, -0.7962815761566162, -1.7681002798677708e-16], "obb": {"axesLengths": [0.7347704923394558, 0.7600000330805767, 0.25283890446283575], "centroid": [0.11072866245789287, 4.005284592064498, -0.9700000572204592], "normalizedAxes": [0.7962815761566162, 0.6049261689186096, 1.3432059218634543e-16, 0, -2.220446049250313e-16, 1, 0.6049261689186096, -0.7962815761566162, -1.7681002798677708e-16]}, "segments": [31192, 22796, 18599, 32036], "label": "radiator"}, {"objectId": 18, "id": 18, "partId": 18, "index": 9, "dominantNormal": [-0.586365818977356, -0.810046374797821, -1.79866427262936e-16], "obb": {"axesLengths": [1.1026423033352146, 2.039999916255475, 0.4781449147127987], "centroid": [1.207127050794049, 3.8631412005485743, -0.2700000549852857], "normalizedAxes": [0.810046374797821, -0.586365818977356, -1.3019936661636943e-16, 0, -2.220446049250313e-16, 1, -0.586365818977356, -0.810046374797821, -1.79866427262936e-16]}, "segments": [9337, 23181, 3464, 9217, 9259, 27197, 27226, 27231, 27269, 27293, 27306, 27315, 27544, 27691, 27709, 27710, 27718, 27755, 27911, 27940, 27941, 27963, 27991, 42210, 42213, 42218, 42241, 42304, 43420, 43422, 26910, 43812, 19234, 27271, 27566, 27614, 27639, 27794, 27841, 27926, 27930, 27995, 28215, 28220, 28722, 42524, 43854, 27378, 27424, 27435, 28024, 28061, 28068, 29945, 42234, 43227, 43230, 43233, 43625, 25066, 25102, 26117, 26134, 26195, 26361, 27404, 27553, 28071, 28115, 28477, 28529, 28539, 28636, 28637, 29960, 38179, 38182, 38186, 43043, 43056, 43064, 43237, 43256, 43797, 26474, 19138, 18926, 25061, 25097, 25110, 25120, 26488, 42531, 43222, 43249, 9226, 27892, 28067, 28438, 28440, 28457, 43790, 29321, 27972, 31069, 27132, 27119, 27158, 25085, 46156, 42978, 547, 495, 18, 372, 424, 545, 558, 690, 2244, 2535, 24837, 24847, 24871, 24890, 24902, 25141, 26377, 28341, 29353, 33829, 33855, 33870, 37912, 37946, 42993, 42996, 43453, 46131, 46142, 26317, 24860, 26047, 26101, 24923, 24939, 24958, 24961, 25984, 38171, 42999, 43029, 25246, 28408, 28614, 33480, 33531, 46013, 46017, 46019], "label": "showcase"}, {"objectId": 1, "id": 1, "partId": 1, "index": 10, "dominantNormal": [0, -2.220446049250313e-16, 1], "obb": {"axesLengths": [4.567174000289592, 0.26921998852744683, 2.346845668152838], "centroid": [0.038046231730157073, 1.0476482140362673, -1.306950083592161], "normalizedAxes": [0.39177030324935913, 0.9200630784034729, 2.0429504275020725e-16, 0, -2.220446049250313e-16, 1, 0.9200630784034729, -0.39177030324935913, -8.699048220636366e-17]}, "segments": [12110, 10497, 48348, 48352, 12444, 15137, 33706, 33709, 37194, 42738, 42775, 42778, 42781, 43448, 46120, 48582, 48531, 42726, 42734, 48259, 27015, 48456, 9704, 9851, 38981], "label": "floor"}, {"objectId": 2, "id": 2, "partId": 2, "index": 11, "dominantNormal": [0, -2.220446049250313e-16, 1], "obb": {"axesLengths": [3.668372556254319, 1.0918750220863138, 2.1175480521162005], "centroid": [-0.9332396932222959, 1.7991996302154734, -0.8506025835737021], "normalizedAxes": [0.1932774931192398, 0.98114413022995, 2.178577607714227e-16, 0, -2.220446049250313e-16, 1, 0.98114413022995, -0.1932774931192398, -4.291622460056206e-17]}, "segments": [34683, 41145, 23429, 20923, 25477, 35690, 35638, 35417, 44895, 23930, 24604, 34651, 87, 11404, 13853, 14790, 15569, 16098, 16304, 16317, 17481, 18058, 18129, 20047, 23143, 23415, 23619, 24058, 25412, 25801, 28754, 30599, 34312, 34355, 35616, 35699, 37574, 40997, 41056, 41138, 41369, 41546, 41575, 41619, 41655, 41675, 42170, 42951, 45670, 45681, 46926, 41119, 9432, 16512, 17452, 39261, 41260, 41620, 16025, 44861, 41791, 44171, 32298], "label": "sofa"}, {"objectId": 3, "id": 3, "partId": 3, "index": 12, "dominantNormal": [0, -2.220446049250313e-16, 1], "obb": {"axesLengths": [1.6122980591487805, 0.7269369797348157, 1.2595132306172756], "centroid": [-0.05512269475143597, 1.5918221748122587, -0.9900315685563199], "normalizedAxes": [0.7576949596405029, 0.6526088714599609, 1.4490827903389757e-16, 0, -2.220446049250313e-16, 1, 0.6526088714599609, -0.7576949596405029, -1.6824207796706302e-16]}, "segments": [15805, 44434, 24755, 46052, 24819, 43145, 14811, 24796, 30121, 37435, 46738, 37551, 16257, 16259, 20957, 25325, 25339, 25354, 26764, 26767, 26814, 26826, 26841, 26862, 26892, 27108, 30248, 30311, 32558, 32560, 37425, 37432, 37463, 41181, 42803, 42804, 42820, 42824, 43154, 43169, 43178, 43265, 43267, 43444, 45693, 46061, 46721, 46723, 45699, 32551, 43088, 17008, 33364, 33380, 41393, 11377, 13871, 13916, 19184, 20428, 23817, 29394, 30176, 34148, 41274, 41277, 41410, 41578, 41668, 41787, 42508, 42522, 44480, 46266, 46273], "label": "couch table"}, {"objectId": 4, "id": 4, "partId": 4, "index": 13, "dominantNormal": [0, -2.220446049250313e-16, 1], "obb": {"axesLengths": [0.5357288251437192, 0.23961007059492015, 0.28723989781469533], "centroid": [-0.44256731998828325, 1.9141794569906243, -1.221675031520241], "normalizedAxes": [0.8445954918861389, 0.5354049801826477, 1.1888378729955023e-16, 0, -2.220446049250313e-16, 1, 0.5354049801826477, -0.8445954918861389, -1.875378723173202e-16]}, "segments": [19096, 41497, 32288, 41494, 46676], "label": "stool"}, {"objectId": 5, "id": 5, "partId": 5, "index": 14, "dominantNormal": [0.995621383190155, 0.09347782284021378, 2.0756246241807336e-17], "obb": {"axesLengths": [0.5234994781790838, 0.7764720445169793, 0.47293992388248807], "centroid": [0.5405812264217542, 1.0670737068225957, -0.8437240885110794], "normalizedAxes": [-0.09347781538963318, 0.995621383190155, 2.2107235668537118e-16, 0, -2.220446049250313e-16, 1, 0.995621383190155, 0.09347781538963318, 2.075624458744611e-17]}, "segments": [40962, 15964, 40822, 14452, 13004, 10878, 10967, 11054, 11075, 14357, 14366, 14421, 14423, 14436, 14439, 14456, 39843, 40207, 40209, 40212, 40215, 40224, 40227, 40228, 40229, 40230, 40232, 40260, 40271, 40890, 40932, 40942, 33048, 15126, 45770, 11090, 15954, 33072, 33074, 33101, 40032, 40033, 40039, 40041, 40046, 45746, 45752, 45763, 13448, 33049, 33091, 13534, 13551, 40056, 40061, 40065, 40747, 13449, 40068], "label": "chair"}, {"objectId": 6, "id": 6, "partId": 6, "index": 15, "dominantNormal": [0.24264688789844513, 0.9701146483421326, 2.154087238231145e-16], "obb": {"axesLengths": [0.3178410471544609, 0.3661569275075882, 0.37144077195156894], "centroid": [0.9433931638778001, 1.5978411280150568, -1.1069215493592288], "normalizedAxes": [0.24264690279960632, 0.9701146483421326, 2.154087238231145e-16, 0, -2.220446049250313e-16, 1, 0.9701146483421326, -0.24264690279960632, -5.387843566842106e-17]}, "segments": [24810, 33576, 33804, 5263, 34135, 46247, 15431, 46100, 34157, 48575, 34146], "label": "stool"}, {"objectId": 7, "id": 7, "partId": 7, "index": 16, "dominantNormal": [0, -2.220446049250313e-16, 1], "obb": {"axesLengths": [1.164002975299636, 0.9821849245834735, 1.1255438350575449], "centroid": [1.11247708001712, 2.50099000734364, -0.8474375323033901], "normalizedAxes": [0.9740990400314331, 0.22612185776233673, 5.0209138571752183e-17, 0, -2.220446049250313e-16, 1, 0.22612185776233673, -0.9740990400314331, -2.1629343650163182e-16]}, "segments": [14322, 47300, 6423, 37293, 37289, 45614, 35879, 37211, 47251, 44203, 37483, 11130, 14331, 15082, 15257, 29607, 29628, 32973, 33742, 36237, 36295, 36300, 47404, 47408, 12324, 11146], "label": "armchair"}, {"objectId": 8, "id": 8, "partId": 8, "index": 17, "dominantNormal": [0.7542105913162231, 0.6566326022148132, 1.4580172673968344e-16], "obb": {"axesLengths": [3.5939971568463713, 2.539280000196098, 0.2806378190600805], "centroid": [-1.2726039502985482, 0.2576206282503106, -0.1255700765050205], "normalizedAxes": [-0.6566326022148132, 0.7542105913162231, 1.6746839277908502e-16, 0, -2.220446049250313e-16, 1, 0.7542105913162231, 0.6566326022148132, 1.4580172673968344e-16]}, "segments": [10849, 9980, 13757, 23981, 48075, 48135, 4528, 9494, 15353, 4497, 4621, 6344, 6385, 6474, 6512, 6544, 8176, 8183, 8204, 8207, 8344, 8374, 8429, 8475, 8482, 8559, 8687, 8985, 9044, 9082, 9083, 9231, 9238, 11552, 12132, 12362, 12375, 12383, 12406, 12897, 12908, 13272, 13292, 13293, 13332, 14787, 15401, 15450, 15477, 15577, 15581, 15593, 15600, 15602, 15609, 23085, 36330, 36349, 36358, 36360, 36361, 36371, 36376, 36459, 36476, 36497, 36518, 36594, 36608, 36626, 36668, 36725, 36748, 36752, 36840, 36872, 38590, 39180, 39242, 40023, 40759, 40762, 40764, 40767, 40770, 40772, 40775, 41509, 42383, 47421, 47430, 47432, 47436, 47512, 47533, 47537, 47538, 47539, 47552, 47592, 47598, 47602, 47605, 47915, 48003, 48213, 48239, 48246, 48249, 3843, 28172, 10175, 26279, 20697, 20620, 37378, 29159, 18351, 24634, 14290, 41250, 17491, 42750, 13393, 20335, 2976, 36321], "label": "wall"}, {"objectId": 9, "id": 9, "partId": 9, "index": 18, "dominantNormal": [-0.6862544417381287, -0.7273615598678589, -1.6150671019851323e-16], "obb": {"axesLengths": [1.2184004587354231, 1.2599999921023841, 0.5827037381120067], "centroid": [-1.474998523517728, 0.23172665582841256, 0.15999992765486204], "normalizedAxes": [0.7273615598678589, -0.6862544417381287, -1.523790963937907e-16, 0, -2.220446049250313e-16, 1, -0.6862544417381287, -0.7273615598678589, -1.6150671019851323e-16]}, "segments": [40282, 977, 38773, 5887, 40122, 40483, 16750, 10343, 16180, 17784, 2920, 775, 782, 812, 934, 949, 951, 974, 975, 988, 989, 994, 1028, 1296, 1337, 1373, 1394, 1404, 1425, 1434, 1470, 1517, 1533, 1872, 1936, 1952, 1983, 2328, 2399, 2429, 2449, 2898, 2960, 3114, 3122, 3123, 3153, 3155, 3203, 4971, 5013, 5057, 5090, 5100, 5336, 5343, 5354, 5433, 5442, 5819, 5927, 5947, 5954, 5978, 6026, 10320, 14125, 14154, 14235, 14251, 14517, 14522, 14523, 14604, 14613, 14636, 14731, 14749, 15008, 15262, 15693, 15698, 15806, 15818, 15859, 15867, 15947, 15962, 16178, 16187, 16199, 16249, 16274, 17787, 17799, 17830, 18211, 18238, 18276, 18337, 18384, 19271, 21303, 21375, 21461, 21563, 21583, 31944, 31960, 32355, 33126, 33886, 37577, 37581, 37717, 37781, 37784, 37950, 37963, 37972, 37989, 38015, 38020, 38027, 38030, 38035, 38039, 38042, 38049, 38057, 38061, 38091, 38114, 38121, 38123, 38130, 38139, 38150, 38220, 38224, 38780, 38801, 38804, 38811, 38815, 38818, 38891, 38905, 38908, 38917, 38932, 39324, 40180, 40603, 40605, 41808, 41881, 41960, 41964, 41971, 41973, 46174, 41925, 5076, 5095, 18396, 38856, 41833, 41978, 21349, 7048, 1310, 8, 12733, 34172, 16388, 747, 1724, 3133, 38195, 1868, 1886, 1951, 3163, 3211, 4273, 4274, 4609, 4927, 4949, 4954, 4959, 4988, 12774, 33767, 35524, 35525, 36635, 37634, 37641, 38004, 38006, 38008, 38010, 38173, 38235, 38299, 38314, 38657, 38661, 38663, 38968, 40110, 41966], "label": "window"}, {"objectId": 10, "id": 10, "partId": 10, "index": 19, "dominantNormal": [0.7605427503585815, 0.6492878198623657, 1.441708574439739e-16], "obb": {"axesLengths": [1.4110150739562606, 0.3999999672174459, 0.12665727109650932], "centroid": [-1.2924486728549334, 0.3554651031451297, 0.809999904185533], "normalizedAxes": [-0.6492878198623657, 0.7605428099632263, 1.6887442776685775e-16, 0, -2.220446049250313e-16, 1, 0.7605428099632263, 0.6492878198623657, 1.441708574439739e-16]}, "segments": [13755, 1182, 34281, 38428, 38457, 10212, 28129, 886, 3967, 4242, 4252, 4275, 4308, 4309, 4310, 4322, 4337, 4356, 4406, 4445, 4451, 4484, 4508, 4546, 4685, 12634, 21156, 21179, 21313, 21353, 36749, 37108, 37266, 37391, 37613, 37618, 37637, 38002, 38327, 38337, 38341, 38342, 38506, 38509, 38530, 38641, 38642, 38646, 38653, 38676, 38708, 38746, 38751, 38755, 39315], "label": "curtain"}, {"objectId": 19, "id": 19, "partId": 19, "index": 20, "dominantNormal": [0, -2.220446049250313e-16, 1], "obb": {"axesLengths": [0.9805330594177226, 0.12000000208616246, 0.32959168516582443], "centroid": [-1.4360028207039162, 0.31758734164666236, -0.4100000673532491], "normalizedAxes": [-0.7060001492500305, 0.7082116603851318, 1.5725457833351704e-16, 0, -2.220446049250313e-16, 1, 0.7082116603851318, 0.7060001492500305, 1.5676352421723616e-16]}, "segments": [15550, 11511, 41999], "label": "windowsill"}, {"objectId": 20, "id": 20, "partId": 20, "index": 21, "dominantNormal": [0.731473982334137, 0.6818693280220032, 1.5140540555114227e-16], "obb": {"axesLengths": [0.5222874685501124, 0.3799999867379669, 0.17589708200238482], "centroid": [-0.2515637499464007, -0.8771323249361838, 0.7999999139457934], "normalizedAxes": [-0.6818693280220032, 0.731473982334137, 1.6241985142032277e-16, 0, -2.220446049250313e-16, 1, 0.731473982334137, 0.6818693280220032, 1.5140540555114227e-16]}, "segments": [19917, 19714, 20019, 21095], "label": "curtain"}, {"objectId": 21, "id": 21, "partId": 21, "index": 22, "dominantNormal": [0.8246150016784668, 0.5656943321228027, 1.2560937448453718e-16], "obb": {"axesLengths": [0.47157736622920643, 1.03709898061084, 0.4238989715515079], "centroid": [-2.1756516442975316, 1.5836150284110577, -0.0914505904588736], "normalizedAxes": [-0.5656943321228027, 0.8246150016784668, 1.831013122629492e-16, 0, -2.220446049250313e-16, 1, 0.8246150016784668, 0.5656943321228027, 1.2560937448453718e-16]}, "segments": [35868, 9395, 8626, 8461, 47063, 47076, 47575, 36568], "label": "plant"}, {"objectId": 22, "id": 22, "partId": 22, "index": 23, "dominantNormal": [0.4875410497188568, -0.8731000423431396, -1.9386715396211055e-16], "obb": {"axesLengths": [0.28192759044977556, 0.30175500433694563, 0.23984985506290987], "centroid": [-1.6250192021922176, 0.514296354143709, -0.311236573877115], "normalizedAxes": [0.8731000423431396, 0.4875410497188568, 1.0825585976955861e-16, 0, -2.220446049250313e-16, 1, 0.4875410497188568, -0.8731000423431396, -1.9386715396211055e-16]}, "segments": [15514, 39573, 10368, 10348, 10371, 10399, 10406, 10429, 10447, 10449, 10452, 10462, 21197, 21279, 39561, 41857, 41868, 21284], "label": "plant"}, {"objectId": 23, "id": 23, "partId": 23, "index": 24, "dominantNormal": [0, -2.220446049250313e-16, 1], "obb": {"axesLengths": [0.23852108919349982, 0.17055499172460298, 0.22470884482503325], "centroid": [-1.3842582079151275, 0.19271579218977664, -0.36472256225222766], "normalizedAxes": [0.9411567449569702, 0.33797040581703186, 7.504450523599534e-17, 0, -2.220446049250313e-16, 1, 0.33797040581703186, -0.9411567449569702, -2.089787776064989e-16]}, "segments": [40407, 14727, 14664, 14593, 14525, 40421, 14729], "label": "plant"}, {"objectId": 24, "id": 24, "partId": 24, "index": 25, "dominantNormal": [-0.028507912531495094, -0.9995935559272766, -2.2195435621147932e-16], "obb": {"axesLengths": [0.31225607850729153, 0.2835259970234483, 0.24441127977525884], "centroid": [-1.2144202484041766, 0.03386014606954779, -0.28823707912332575], "normalizedAxes": [0.9995935559272766, -0.028507912531495094, -6.330028175293177e-18, 0, -2.220446049250313e-16, 1, -0.028507912531495094, -0.9995935559272766, -2.2195435621147932e-16]}, "segments": [40447, 14241, 5149, 38938, 5919, 5155, 5224, 5259, 5982, 14254, 34273, 38882, 38889, 38897, 5363, 14642, 38893, 40487], "label": "plant"}, {"objectId": 25, "id": 25, "partId": 25, "index": 26, "dominantNormal": [0.6391299366950989, -0.7690987586975098, -1.7077423002332054e-16], "obb": {"axesLengths": [1.450200247571012, 0.37999998673796664, 0.09420000193539778], "centroid": [-1.4253826562511267, 2.4752974851699143, 0.8199998944252731], "normalizedAxes": [0.7690987586975098, 0.6391299366950989, 1.419153542892235e-16, 0, -2.220446049250313e-16, 1, 0.6391299366950989, -0.7690987586975098, -1.7077423002332054e-16]}, "segments": [8104, 1792, 1780, 2140, 2820], "label": "curtain"}, {"objectId": 26, "id": 26, "partId": 26, "index": 27, "dominantNormal": [0, -2.220446049250313e-16, 1], "obb": {"axesLengths": [0.32351403100363996, 0.06000000104308123, 0.23119159817385307], "centroid": [-1.7138593810775258, 2.4129130679608037, -0.44000006787478974], "normalizedAxes": [0.9973520040512085, 0.07272545248270035, 1.6148294364515336e-17, 0, -2.220446049250313e-16, 1, 0.07272545248270035, -0.9973520040512085, -2.2145663171073882e-16]}, "segments": [32076], "label": "windowsill"}, {"objectId": 27, "id": 27, "partId": 27, "index": 28, "dominantNormal": [0.9334670901298523, -0.35866299271583557, -7.963918251881709e-17], "obb": {"axesLengths": [0.45726140239550844, 0.419999979361892, 0.36555497111803675], "centroid": [-1.3577556605795569, 2.663905595048315, -0.24000006843358324], "normalizedAxes": [0.35866302251815796, 0.9334670901298523, 2.0727133123840164e-16, 0, -2.220446049250313e-16, 1, 0.9334670901298523, -0.35866302251815796, -7.963918913626199e-17]}, "segments": [31334, 45183, 21781, 31822, 21645, 21650, 21712, 31164, 31200, 31293, 31296, 31338, 31817, 31897, 44738, 45214, 45224, 45510, 31239, 21744, 40778, 21627, 15707, 15736, 15691, 15737, 21567, 21624, 21636, 21746, 21803, 21828, 21841, 21923, 21924, 21928, 31399, 40788, 40790, 40791, 42065, 42069, 44696, 45160, 44678], "label": "plant"}, {"objectId": 28, "id": 28, "partId": 28, "index": 29, "dominantNormal": [0.7839784622192383, -0.620788037776947, -1.3784263459036761e-16], "obb": {"axesLengths": [0.2871392082522381, 0.3178549784901369, 0.21155514386377386], "centroid": [-1.1039065103417218, 2.9273027506476543, -0.29107256886946087], "normalizedAxes": [0.620788037776947, 0.7839784622192383, 1.7407818791320435e-16, 0, -2.220446049250313e-16, 1, 0.7839784622192383, -0.620788037776947, -1.3784263459036761e-16]}, "segments": [42933, 42205, 42849, 22901, 22123, 22058, 22081, 22131, 22884, 22892, 22975, 25672, 25693, 25703, 42839, 42843], "label": "plant"}, {"objectId": 29, "id": 29, "partId": 29, "index": 30, "dominantNormal": [0.6161085367202759, -0.7876613140106201, -1.7489594528421917e-16], "obb": {"axesLengths": [0.332438759103882, 0.1835249770389874, 0.15648367711689076], "centroid": [-0.8175990723080848, 2.943339297565331, -0.3217625676446598], "normalizedAxes": [0.7876613140106201, 0.6161085367202759, 1.368035766269928e-16, 0, -2.220446049250313e-16, 1, 0.6161085367202759, -0.7876613140106201, -1.7489594528421917e-16]}, "segments": [25510, 22245], "label": "item"}, {"objectId": 30, "id": 30, "partId": 30, "index": 31, "dominantNormal": [0.6935433149337769, -0.7204148769378662, -1.5996423673178355e-16], "obb": {"axesLengths": [0.5645084462536909, 0.28988999970503154, 0.1447789283091896], "centroid": [-0.28639654330558795, 3.445481993099804, -0.37494507897768203], "normalizedAxes": [0.7204148769378662, 0.6935433745384216, 1.5399756459775685e-16, 0, -2.220446049250313e-16, 1, 0.6935433745384216, -0.7204148769378662, -1.5996423673178355e-16]}, "segments": [20874, 21029], "label": "item"}, {"objectId": 31, "id": 31, "partId": 31, "index": 32, "dominantNormal": [0.9468958377838135, -0.321540504693985, -7.139633433217107e-17], "obb": {"axesLengths": [0.2533327656239584, 0.212710986747347, 0.1014644386589916], "centroid": [-0.10156916637784144, 3.7737414071188438, -0.3437165671501352], "normalizedAxes": [0.321540504693985, 0.9468958377838135, 2.102531122058634e-16, 0, -2.220446049250313e-16, 1, 0.9468958377838135, -0.321540504693985, -7.139633433217107e-17]}, "segments": [22522, 44995, 22466, 45016], "label": "plant"}, {"objectId": 32, "id": 32, "partId": 32, "index": 33, "dominantNormal": [0, -2.220446049250313e-16, 1], "obb": {"axesLengths": [0.4271751182642194, 0.13999998256564172, 0.23521596959293212], "centroid": [0.18461995381700863, 4.072019967726471, -0.40000007711350927], "normalizedAxes": [0.7518150806427002, 0.6593739986419678, 1.4641043902629386e-16, 0, -2.220446049250313e-16, 1, 0.6593739986419678, -0.7518150806427002, -1.6693648255798892e-16]}, "segments": [11944, 27843, 11743, 39973], "label": "plant"}, {"objectId": 33, "id": 33, "partId": 33, "index": 34, "dominantNormal": [0, -2.220446049250313e-16, 1], "obb": {"axesLengths": [0.5747468780161719, 0.24142401870882457, 0.5346241850456113], "centroid": [-0.3749906258307794, 1.5578769749873003, 0.9492879390875686], "normalizedAxes": [0.9664211869239807, -0.25696319341659546, -5.705729076246234e-17, 0, -2.220446049250313e-16, 1, -0.25696319341659546, -0.9664211869239807, -2.1458861064171513e-16]}, "segments": [10049, 41705, 41710, 10087, 10801, 10081, 10827, 46357, 41744, 10052, 10076, 19795, 20589, 20643, 20677, 20682, 34395, 46382, 13946, 12683, 34398, 34403, 39990, 40097, 46300, 10730, 46664, 39807, 10820, 46608, 46639, 39815, 10772, 10753, 34890, 20628, 34922, 46611, 46616, 46618, 46378, 46605, 46594, 46314], "label": "chandelier"}, {"objectId": 37, "id": 37, "partId": 37, "index": 35, "dominantNormal": [0, -2.220446049250313e-16, 1], "obb": {"axesLengths": [0.4856540793888177, 0.2491319719896025, 0.2882745866861842], "centroid": [-0.7405111000838228, 0.4195066652109569, -0.730091069338672], "normalizedAxes": [0.7274724841117859, -0.6861368417739868, -1.5235298395621362e-16, 0, -2.220446049250313e-16, 1, -0.6861368417739868, -0.7274724841117859, -1.6153134032843261e-16]}, "segments": [19951, 16088, 24057, 15846], "label": "pillow"}, {"objectId": 38, "id": 38, "partId": 38, "index": 36, "dominantNormal": [0, -2.220446049250313e-16, 1], "obb": {"axesLengths": [0.5703555498457511, 0.2256489941705242, 0.2714598193432555], "centroid": [-0.986793355965413, 0.7969743219833207, -0.7492545880543922], "normalizedAxes": [0.7273263931274414, -0.6862916946411133, -1.5238736819991622e-16, 0, -2.220446049250313e-16, 1, -0.6862916946411133, -0.7273263931274414, -1.6149890161353073e-16]}, "segments": [43981, 25428, 43995], "label": "pillow"}, {"objectId": 39, "id": 39, "partId": 39, "index": 37, "dominantNormal": [0.8964061737060547, 0.4432334899902344, 9.841760517442441e-17], "obb": {"axesLengths": [0.49094083292318647, 0.2903300458864111, 0.1845088913616099], "centroid": [-1.4221988755141417, 1.3601201101771838, -0.7648350630364943], "normalizedAxes": [-0.44323351979255676, 0.8964061737060547, 1.990421546929199e-16, 0, -2.220446049250313e-16, 1, 0.8964061737060547, 0.44323351979255676, 9.841761179186931e-17]}, "segments": [44175, 29422, 45640, 44163, 45644, 29470], "label": "pillow"}, {"objectId": 40, "id": 40, "partId": 40, "index": 38, "dominantNormal": [0, -2.220446049250313e-16, 1], "obb": {"axesLengths": [0.3556525348941167, 0.216391022137008, 0.34429115486945844], "centroid": [-1.3814196821079596, 1.8258505115179755, -0.7581955527917562], "normalizedAxes": [0.09992270916700363, 0.9949951767921448, 2.2093331093312347e-16, 0, -2.220446049250313e-16, 1, 0.9949951767921448, -0.09992270916700363, -2.2187298480026126e-17]}, "segments": [42626, 24423], "label": "pillow"}, {"objectId": 41, "id": 41, "partId": 41, "index": 39, "dominantNormal": [0, -2.220446049250313e-16, 1], "obb": {"axesLengths": [0.5045633688805296, 0.34585200967225377, 0.4278802944847156], "centroid": [-1.1740543228271518, 2.089263981785527, -0.7029260444732168], "normalizedAxes": [0.5538782477378845, 0.8325976729393005, 1.8487382134930742e-16, 0, -2.220446049250313e-16, 1, 0.8325976729393005, -0.5538782477378845, -1.2298567669552718e-16]}, "segments": [17374, 42640, 42544, 42628, 18237], "label": "pillow"}, {"objectId": 42, "id": 42, "partId": 42, "index": 40, "dominantNormal": [0, -2.220446049250313e-16, 1], "obb": {"axesLengths": [0.5144703742605333, 0.2831640180238182, 0.4596058991830585], "centroid": [-0.8447067204393683, 2.331299183858072, -0.7315820496920801], "normalizedAxes": [0.874985933303833, 0.4841483533382416, 1.0750252984209431e-16, 0, -2.220446049250313e-16, 1, 0.4841483533382416, -0.874985933303833, -1.942859058754094e-16]}, "segments": [23526, 23506, 18194, 23515], "label": "pillow"}, {"objectId": 43, "id": 43, "partId": 43, "index": 41, "dominantNormal": [0, -2.220446049250313e-16, 1], "obb": {"axesLengths": [0.4409006406000121, 0.20795499813657248, 0.299000229785525], "centroid": [-0.6132282204136642, 2.614472675027508, -0.7829415828077159], "normalizedAxes": [0.8610721230506897, 0.5084828734397888, 1.129058787440826e-16, 0, -2.220446049250313e-16, 1, 0.5084828734397888, -0.8610721230506897, -1.9119641937474834e-16]}, "segments": [20034, 41552], "label": "pillow"}, {"objectId": 44, "id": 44, "partId": 44, "index": 42, "dominantNormal": [0, -2.220446049250313e-16, 1], "obb": {"axesLengths": [0.40756330355861153, 0.22408699488445372, 0.2636471897795555], "centroid": [-0.10610084695406119, 3.031549761012883, -0.759135547821176], "normalizedAxes": [0.9670891761779785, 0.2544376850128174, 5.64965152467106e-17, 0, -2.220446049250313e-16, 1, 0.2544376850128174, -0.9670891761779785, -2.1473693405171324e-16]}, "segments": [41189, 18043], "label": "pillow"}, {"objectId": 45, "id": 45, "partId": 45, "index": 43, "dominantNormal": [0.7232925295829773, 0.6905418038368225, 1.5333108201716572e-16], "obb": {"axesLengths": [0.7188905907157772, 0.7221799927462634, 0.590479751765958], "centroid": [0.13207664309701023, 3.1573506160660063, -0.9910900576169046], "normalizedAxes": [-0.6905418038368225, 0.7232924699783325, 1.6060319074158891e-16, 0, -2.220446049250313e-16, 1, 0.7232924699783325, 0.6905418038368225, 1.5333108201716572e-16]}, "segments": [41281, 26617, 18054, 44541, 18020, 30789, 44596], "label": "blanket"}], "scan_id": "bf9a3de7-45a5-2e80-81a4-fd6126f6417b", "annId": "3562", "appId": "stk.v1"}