{"segGroups": [{"objectId": 1, "id": 1, "partId": 1, "index": 0, "dominantNormal": [0, -2.220446049250313e-16, 1], "obb": {"axesLengths": [2.367467398676164, 0.2030199720780554, 1.9980922002832067], "centroid": [0.09888975035017272, 1.2750672239425573, -1.5115099061015997], "normalizedAxes": [0.49328354001045227, 0.8698685765266418, 1.9314962441155755e-16, 0, -2.220446049250313e-16, 1, 0.8698685765266418, -0.49328354001045227, -1.0953094875764175e-16]}, "segments": [10688, 10746, 26329, 17149, 31094, 31102, 5336, 10638, 10812, 11847, 11876, 31133, 40848, 40854, 18915, 1128, 34588, 29501, 11432, 27571], "label": "floor"}, {"objectId": 2, "id": 2, "partId": 2, "index": 1, "dominantNormal": [0.8982682228088379, -0.4394476115703583, -9.757697129638882e-17], "obb": {"axesLengths": [1.73566599428911, 2.40643895254048, 0.41545442429088], "centroid": [-0.41946580422440904, 1.8846308954197257, -0.36824048218323635], "normalizedAxes": [0.4394476115703583, 0.8982682228088379, 1.994556126502984e-16, 0, -2.220446049250313e-16, 1, 0.8982682228088379, -0.4394476115703583, -9.757697129638882e-17]}, "segments": [31320, 23183, 30114, 5261, 15251, 16315, 16374, 19443, 19455, 20771, 20797, 24362, 24700, 25383, 25384, 25398, 25411, 26829, 30296, 30390, 34136, 34139, 35015, 36055, 36177, 36384, 36394, 36805, 36847, 40199, 34992, 20947, 32611, 11473, 9783, 35687, 2395, 2475, 34155, 2480, 2487, 16336, 19515, 19453, 6620, 5329, 22316, 11414], "label": "wall"}, {"objectId": 3, "id": 3, "partId": 3, "index": 2, "dominantNormal": [-0.25917693972587585, -0.9658298492431641, -2.1445730730000091e-16], "obb": {"axesLengths": [0.8052534507014415, 0.8271470481049926, 0.4680356880503863], "centroid": [0.06749052593114441, 2.0099683081272204, -1.175026464878771], "normalizedAxes": [0.9658298492431641, -0.25917693972587585, -5.754884118711076e-17, 0, -2.220446049250313e-16, 1, -0.25917693972587585, -0.9658298492431641, -2.1445730730000091e-16]}, "segments": [36954, 26417, 18330, 18368, 35458, 19903, 19901, 14878, 35103, 12517, 29469, 12491, 12693, 14875, 14888, 18309, 18418, 18429, 19923, 19943, 20513, 23086, 26400, 27629, 27703, 29450, 30995, 34046, 34081, 34664, 35130, 36991, 36997, 38720, 39095, 39110, 39153, 40070, 15049, 14997, 38709], "label": "toilet"}, {"objectId": 4, "id": 4, "partId": 4, "index": 3, "dominantNormal": [0, -2.220446049250313e-16, 1], "obb": {"axesLengths": [0.7524066448665901, 0.28046798079159885, 0.6401523421538683], "centroid": [-0.28348555086164634, 1.2811496394972928, -0.7071419645812659], "normalizedAxes": [0.46907171607017517, 0.8831600546836853, 1.9610092542780795e-16, 0, -2.220446049250313e-16, 1, 0.8831600546836853, -0.46907171607017517, -1.041548438763085e-16]}, "segments": [11444, 39910, 11457, 39873, 11668, 22030, 21760, 11854, 11424, 11667, 11708, 11771, 11787, 11817, 11825, 11877, 28529, 33523, 33996, 34004, 27953], "label": "sink"}, {"objectId": 5, "id": 5, "partId": 5, "index": 4, "dominantNormal": [-0.414463609457016, -0.9100658893585205, -2.0207522085835994e-16], "obb": {"axesLengths": [1.916798045560099, 2.442376976258076, 0.1851857205969605], "centroid": [-0.1278076967301734, 0.8781934474175241, -0.368811494667421], "normalizedAxes": [0.9100658893585205, -0.414463609457016, -9.202940841768559e-17, 0, -2.220446049250313e-16, 1, -0.414463609457016, -0.9100658893585205, -2.0207522085835994e-16]}, "segments": [20262, 25564, 16276, 36887, 149, 25878, 9781, 35632, 9788], "label": "wall"}, {"objectId": 6, "id": 6, "partId": 6, "index": 5, "dominantNormal": [0.9744116067886353, -0.22477112710475922, -4.9909216116530256e-17], "obb": {"axesLengths": [0.8344572031913344, 2.2253399589954315, 0.12733553828338126], "centroid": [0.7166217349234201, 0.9223681832857782, -0.4826699833048127], "normalizedAxes": [0.22477111220359802, 0.9744116067886353, 2.1636284026374747e-16, 0, -2.220446049250313e-16, 1, 0.9744116067886353, -0.22477111220359802, -4.9909212807807806e-17]}, "segments": [24549, 40718, 11880, 23530, 23337, 22567, 23444, 22667, 38931, 40486, 28791, 26228, 40537, 11915, 24046, 22824, 22917, 30948, 21544, 21280, 25664], "label": "door"}, {"objectId": 7, "id": 7, "partId": 7, "index": 6, "dominantNormal": [0.9396516680717468, -0.34213268756866455, -7.596871744312329e-17], "obb": {"axesLengths": [1.5546301178692694, 2.411731010413221, 0.15942959686067681], "centroid": [1.0169007301712274, 1.140896106133562, -0.3641344971103695], "normalizedAxes": [0.34213268756866455, 0.9396516680717468, 2.0864458340413768e-16, 0, -2.220446049250313e-16, 1, 0.9396516680717468, -0.34213268756866455, -7.596871744312329e-17]}, "segments": [15148, 12800, 229, 241, 245, 272, 4805, 5421, 5533, 7077, 7081, 7089, 11792, 12618, 22783, 22784, 22789, 22897, 22948, 29452, 29462, 31158, 31780, 31784, 32191, 35761, 35769, 35777, 35779, 38953, 40858, 40864, 40868], "label": "wall"}, {"objectId": 8, "id": 8, "partId": 8, "index": 7, "dominantNormal": [0.9461630582809448, -0.32369038462638855, -7.187370357239787e-17], "obb": {"axesLengths": [0.6865909925224376, 0.49259801598046643, 0.13688110516372745], "centroid": [1.0684340342103644, 1.5476340127129506, -0.6918169700021218], "normalizedAxes": [0.32369038462638855, 0.9461630582809448, 2.1009040247065177e-16, 0, -2.220446049250313e-16, 1, 0.9461630582809448, -0.32369038462638855, -7.187370357239787e-17]}, "segments": [29550, 39288, 27048, 12714, 37040, 25932, 25982, 26010, 26018, 29593, 29610, 29623, 36853, 37044, 29544], "label": "towel"}, {"objectId": 9, "id": 9, "partId": 9, "index": 8, "dominantNormal": [-0.46063268184661865, -0.8875908851623535, -1.9708476743093362e-16], "obb": {"axesLengths": [1.8332834816203596, 2.4680029794275082, 0.6310684349954614], "centroid": [-0.13425652353086404, 0.6318895904516435, -0.28489849810514145], "normalizedAxes": [0.8875908851623535, -0.46063268184661865, -1.0228100185619008e-16, 0, -2.220446049250313e-16, 1, -0.46063268184661865, -0.8875908851623535, -1.9708476743093362e-16]}, "segments": [12185, 18285, 26211, 16719, 7646, 1798, 1808, 6586, 9710, 9822, 16236, 16726, 21212, 21285, 21428, 22048, 22134, 22267, 22342, 24087, 24107, 24162, 24289, 26245, 26247, 27122, 28696, 31928, 33496, 35661, 36041, 36046, 36858, 26950, 6524, 11674, 11678, 11790, 22095, 22172, 22179, 22210, 22265, 22305], "label": "wall"}, {"objectId": 10, "id": 10, "partId": 10, "index": 9, "dominantNormal": [0, -2.220446049250313e-16, 1], "obb": {"axesLengths": [2.9722391200506078, 0.16789501530166673, 1.7386617815593872], "centroid": [0.3672498440905049, 1.618425577423572, 0.8860525143210771], "normalizedAxes": [0.2689622640609741, 0.9631507396697998, 2.1386242547323238e-16, 0, -2.220446049250313e-16, 1, 0.9631507396697998, -0.2689622640609741, -5.972161966316095e-17]}, "segments": [17817, 12570, 12301, 12387, 12428, 14424, 17750, 18062, 18088, 19273, 20117, 20178, 20183, 20196, 20992, 21074, 21086, 21113, 21120, 21717, 21741, 24824, 24881, 24889, 25763, 25865, 26565, 27375, 28389, 28484, 30167, 34954, 35162, 35163, 35164, 35168, 35250, 35367, 35381, 35384, 36279, 38213, 38355, 40064, 40067, 18146], "label": "ceiling"}, {"objectId": 11, "id": 11, "partId": 11, "index": 10, "dominantNormal": [-0.3674437403678894, -0.9300457239151001, -2.0651163532894314e-16], "obb": {"axesLengths": [1.8478871033469162, 2.5387729434943274, 0.9546852705500521], "centroid": [0.7020507667057809, 2.543894800377638, -0.39522350426993813], "normalizedAxes": [0.9300457239151001, -0.3674437403678894, -8.158890016216378e-17, 0, -2.220446049250313e-16, 1, -0.3674437403678894, -0.9300457239151001, -2.0651163532894314e-16]}, "segments": [24485, 38990, 26642, 18697, 27956, 37291, 37830, 37568, 14261, 21666, 28092, 24304, 21398, 24528, 13538, 2965, 4286, 36549, 27184, 26976, 36784, 26625, 512, 16015, 15144, 19139, 13340, 14266, 21332, 28018, 38166, 28256, 23819, 32227, 3693, 5935, 32499, 2853, 5995, 5534, 33234, 14368, 36537, 32471, 5842, 32537, 32556, 32540, 32566, 15792, 16075, 35345, 17048, 17029, 16946, 17044, 15811, 34479, 17054, 34422, 19786, 10395, 10437, 37353, 2099, 32220, 32224, 3331, 33631, 13376, 13423, 18543, 15988, 6253, 15526, 34265, 5690, 5598, 5346, 5339, 5562, 5496, 32574, 33759, 5859, 33785, 13587, 14326, 14332, 16997, 19720, 33221, 17026, 35321, 15871, 16153, 24341, 14127, 14197, 33740, 14190, 12754, 15865, 16106, 10089, 33183, 10875, 10890, 27893, 10370, 13416, 10845, 33625, 10824, 33179, 4025, 33181, 28124, 13290, 35261, 33726, 35252, 28144, 28113, 18612, 18574, 19136, 19145, 16017, 15991, 17173, 17053, 15897, 33723], "label": "wall"}, {"objectId": 12, "id": 12, "partId": 12, "index": 11, "dominantNormal": [0, -2.220446049250313e-16, 1], "obb": {"axesLengths": [1.6549706730729055, 0.7429199648740891, 1.06097688529392], "centroid": [0.7174924793163433, 2.606389770014921, -1.2014599321529271], "normalizedAxes": [0.8043550848960876, -0.5941488742828369, -1.3192755205678462e-16, 0, -2.220446049250313e-16, 1, -0.5941488742828369, -0.8043550848960876, -1.786027070451918e-16]}, "segments": [27476, 124, 39079, 1846, 1408, 1272, 1011, 10898, 1428, 31899, 31820, 35988, 23701, 23767, 31287, 364, 407, 519, 607, 610, 616, 628, 668, 695, 723, 729, 743, 964, 1163, 1341, 1471, 1477, 1673, 3496, 3676, 5721, 11061, 11064, 11101, 11104, 11116, 11189, 11197, 11204, 11206, 23758, 23865, 28924, 30422, 30475, 30594, 31225, 31462, 31472, 31480, 31531, 31533, 31549, 32454, 33260, 33264, 33265, 33269, 36860, 39478, 39482, 39490, 39533], "label": "bathtub"}, {"objectId": 13, "id": 13, "partId": 13, "index": 12, "dominantNormal": [-0.355028361082077, -0.9348555207252502, -2.075796247614226e-16], "obb": {"axesLengths": [0.6548710150163072, 2.116264892005959, 0.3082258483697223], "centroid": [0.2499726392899987, 2.397603712152728, -0.49897745612299094], "normalizedAxes": [0.9348555207252502, -0.3550283908843994, -7.883213879109605e-17, 0, -2.220446049250313e-16, 1, -0.3550283908843994, -0.9348555207252502, -2.075796247614226e-16]}, "segments": [34870, 13046, 17314, 34732, 17932, 17886, 17845, 17582, 12000, 18734, 11938, 35899, 23683, 25129, 18892, 18505, 14025, 18847, 13835, 16422, 34921, 17860, 18732, 12086, 13073, 13101, 13145, 13775, 13922, 13925, 13990, 15079, 15500, 15515, 15556, 16407, 16482, 16501, 16609, 17532, 17565, 17951, 18764, 18855, 20782, 23638, 23665, 23753, 23816, 23862, 23892, 25281, 30087, 30301, 30319, 30406, 30457, 30462, 33513, 33605, 34088, 34090, 34091, 34095, 34277, 34347, 34372, 34375, 34793, 35891, 35894, 35999, 36098, 39157, 39972, 40177, 40289, 40294, 13863], "label": "shower curtain"}, {"objectId": 14, "id": 14, "partId": 14, "index": 13, "dominantNormal": [0.9997442364692688, 0.022616641595959663, 5.021903247905893e-18], "obb": {"axesLengths": [0.8846126907724775, 0.8799999159574522, 0.5243506112723227], "centroid": [-0.18278831886028535, 1.2930351448799509, -1.1099999446494877], "normalizedAxes": [-0.022616639733314514, 0.9997442364692688, 2.2198781401289587e-16, 0, -2.220446049250313e-16, 1, 0.9997442364692688, 0.022616639733314514, 5.021902834315587e-18]}, "segments": [27929, 28543, 25263, 23193, 27801, 19082, 11803, 20362, 20432, 21807, 21883, 27622, 28568, 28625, 34590, 34625, 34626, 34950, 34955, 36301, 37023, 38404, 38422, 40323, 40330], "label": "bath cabinet"}, {"objectId": 16, "id": 16, "partId": 16, "index": 15, "dominantNormal": [-0.42576950788497925, -0.9048316478729248, -2.0091298577560863e-16], "obb": {"axesLengths": [1.393407794689452, 2.4999999441206455, 0.33214592292647976], "centroid": [-0.12277509585396185, -0.4334059328714961, -0.3999999521745745], "normalizedAxes": [0.9048316478729248, -0.42576947808265686, -9.453981555000032e-17, 0, -2.220446049250313e-16, 1, -0.42576947808265686, -0.9048316478729248, -2.0091298577560863e-16]}, "segments": [19491, 29354, 15866, 8630, 29670, 9589, 105, 120, 134, 147, 224, 1025, 6125, 6172, 6308, 6413, 6639, 6645, 6682, 7070, 7084, 7085, 7109, 7115, 7134, 7144, 7190, 7193, 7196, 7877, 8244, 8694, 8833, 9616, 9644, 9666, 10174, 10283, 10329, 11298, 11307, 11348, 11350, 19880, 21064, 22502, 22541, 29122, 29126, 29740, 29744, 29758, 30630, 31337, 31501, 32343, 32365, 32376, 32380, 32385, 32386, 32452, 32745, 32748, 32754, 35231, 35260, 36410, 36466, 39469, 39475, 39572, 39709, 40312, 40315, 29756, 30837, 8287, 20681, 30682, 40318, 26390, 23569, 36226, 5919, 22447, 24837, 24995, 25002, 25016, 26495, 27139, 28572, 28575, 28653, 28674, 29780, 32285, 32321, 32463, 39608, 25772, 25018], "label": "treadmill"}, {"objectId": 17, "id": 17, "initialPoint": [-1.9446626675561984, 1.5238498845423696, 0.8989316607664777], "index": 16, "dominantNormal": [0, -2.220446049250313e-16, 1], "obb": {"axesLengths": [1.0846428629529707, 0.10865300650925142, 0.3309173495349846], "centroid": [-1.6654114461265663, 1.5478457986534149, 0.8756734981536827], "normalizedAxes": [0.9649394750595093, -0.2624724209308624, -5.828058500930987e-17, 0, -2.220446049250313e-16, 1, -0.2624724209308624, -0.9649394750595093, -2.1425960451615584e-16]}, "segments": [2584, 2561, 4487, 2198, 2816], "partId": 17, "label": "ceiling"}, {"objectId": 18, "id": 18, "initialPoint": [-0.39613753201747787, 1.6224962297112966, 0.6547724672890238], "index": 17, "dominantNormal": [0.6233065128326416, -0.7819775938987732, -1.7363390589747967e-16], "obb": {"axesLengths": [0.1824526061596346, 0.1800000031292434, 0.14820921680183544], "centroid": [-0.4886035265380888, 1.6017303072971056, 0.6799999771939222], "normalizedAxes": [0.7819775938987732, 0.6233065128326416, 1.3840184838912286e-16, 0, -2.220446049250313e-16, 1, 0.6233065128326416, -0.7819775938987732, -1.7363390589747967e-16]}, "segments": [24682, 17284, 34963], "partId": 18, "label": "lamp"}, {"objectId": 19, "id": 19, "initialPoint": [-0.48313811207922125, 1.4419629199436568, 0.6594246847709084], "index": 18, "dominantNormal": [0, -2.220446049250313e-16, 1], "obb": {"axesLengths": [0.309251994814096, 0.16178500290695563, 0.18039644609842512], "centroid": [-0.5584846901201537, 1.4703660283524973, 0.6708924770827784], "normalizedAxes": [0.279504656791687, 0.9601443409919739, 2.1319487086656738e-16, 0, -2.220446049250313e-16, 1, 0.9601443409919739, -0.279504656791687, -6.206250109201661e-17]}, "segments": [24675, 24666, 36148, 24731], "partId": 19, "label": "lamp"}, {"objectId": 20, "id": 20, "initialPoint": [-0.5937392518255443, 1.2650182341229514, 0.6529078861232684], "index": 19, "dominantNormal": [0.9337239265441895, -0.3579939603805542, -7.949062749824747e-17], "obb": {"axesLengths": [0.4417579708357294, 0.22398900485063322, 0.14567406422559115], "centroid": [-0.6153958307722838, 1.2960587652861204, 0.7380055174604316], "normalizedAxes": [0.3579939603805542, 0.9337239265441895, 2.073283603785535e-16, 0, -2.220446049250313e-16, 1, 0.9337239265441895, -0.3579939603805542, -7.949062749824747e-17]}, "segments": [35225, 20925], "partId": 20, "label": "lamp"}, {"objectId": 21, "id": 21, "initialPoint": [-0.08829308021634424, 1.7308021406765697, -1.304042500159627], "index": 20, "dominantNormal": [-0.2967424690723419, -0.9549575448036194, -2.1204317075609755e-16], "obb": {"axesLengths": [0.3612761540572709, 0.2815899785997722, 0.2771074195281697], "centroid": [-0.2503887223763749, 1.7392766469611334, -1.3907949463173372], "normalizedAxes": [0.9549575448036194, -0.2967424690723419, -6.589006430964648e-17, 0, -2.220446049250313e-16, 1, -0.2967424690723419, -0.9549575448036194, -2.1204317075609755e-16]}, "segments": [22438, 35278, 27895, 23044, 35237, 35871, 27717, 35824, 23102, 23047, 23057, 23058, 23095, 23134, 35839], "partId": 21, "label": "trash can"}, {"objectId": 22, "id": 22, "initialPoint": [-0.38033878138400506, 1.6031731026904492, -0.6357744311688602], "index": 21, "dominantNormal": [-0.47259071469306946, -0.8812820315361023, -1.9568392051996282e-16], "obb": {"axesLengths": [0.12618589614059308, 0.22157400351224835, 0.07995430130831029], "centroid": [-0.3819804143744577, 1.6310620159558238, -0.5840839760655756], "normalizedAxes": [0.8812820315361023, -0.47259068489074707, -1.049362119178159e-16, 0, -2.220446049250313e-16, 1, -0.47259068489074707, -0.8812820315361023, -1.9568392051996282e-16]}, "segments": [12878, 11508, 12868], "partId": 22, "label": "cleanser"}, {"objectId": 23, "id": 23, "initialPoint": [0.2715486287481833, 0.6881484213378775, 0.5948749797124053], "index": 22, "dominantNormal": [-0.41428497433662415, -0.9101471900939941, -2.020932732480483e-16], "obb": {"axesLengths": [1.0039427819602245, 2.171869944664762, 0.2488063520911245], "centroid": [0.22741137077307327, 0.6347748705608397, -0.43593499565999894], "normalizedAxes": [0.9101471900939941, -0.41428497433662415, -9.198974345295244e-17, 0, -2.220446049250313e-16, 1, -0.41428497433662415, -0.9101471900939941, -2.020932732480483e-16]}, "segments": [25286, 35486, 20633, 35184, 26884, 14575, 14707, 28706, 26198, 21443, 24188, 20623, 21918], "partId": 23, "label": "doorframe"}], "scan_id": "4d3d82b0-8cf4-2e04-80a8-c955ea964c2f", "annId": "1779", "appId": "stk.v1"}