{"segGroups": [{"objectId": 1, "id": 1, "partId": 1, "index": 0, "dominantNormal": [0, -2.220446049250313e-16, 1], "obb": {"axesLengths": [9.009656575475864, 0.3400000257790087, 6.5585019832198705], "centroid": [-1.5787347179261997, 1.2931101728939989, -1.2800001160055399], "normalizedAxes": [0.2797353267669678, 0.960077166557312, 2.1317995514576183e-16, 0, -2.220446049250313e-16, 1, 0.960077166557312, -0.2797353267669678, -6.21137201155459e-17]}, "segments": [23158, 17407, 4792, 8140, 8834, 8860, 8865, 8879, 8920, 9148, 9152, 9162, 9596, 10459, 12333, 12378, 12429, 12720, 13634, 14838, 21484, 21494, 22370, 23531, 24501, 26673, 26772, 28208, 29272, 29876, 29947, 29992, 30005, 30013, 30018, 30587, 32095, 32562, 33678, 33730, 33740, 33764, 34734, 34783, 39273, 39323, 39355, 39358, 40607, 40798, 40807, 40825, 40828, 41138, 42169, 42189, 42593, 43742, 44755, 44761, 45090, 45169, 45183, 45530, 46493, 46687, 49537, 49921, 49922, 49931, 52755, 52793, 53030, 53161, 53207, 53247, 53309, 53398, 53408, 53414, 53417, 53463, 53481, 53776, 54202, 55127, 56286, 56301, 56951, 57018, 57071, 57078, 57597, 57660, 59366, 60467, 60584, 60602, 61507, 63810, 63823, 64356, 67163, 68943, 69060, 70008, 70011, 70039, 71625, 71709, 71766, 71768, 71816, 71847, 71850, 71853, 71893, 71908, 71931, 71938, 71997, 72014, 72607, 72624, 72913, 75151, 76093, 79514, 79830, 79910, 80043, 81268, 81369, 81378, 84370, 85123, 85656, 85694, 85711, 85822, 85993, 86592, 86604, 86666, 86743, 86755, 86757, 86815, 87450, 87500, 87520, 87925, 87937, 87952, 88006, 92174, 94392, 96263, 97369, 100596, 101303, 101304, 101308, 101315, 102729, 104281, 107742, 107745, 107746, 107765, 111335, 112757, 112764, 112816, 116040, 116042, 119768, 124492, 125046, 125221, 125523, 30629, 40437, 40683, 44220, 42926, 18685, 18865, 24246, 30732, 31647, 31648, 35206, 39506, 41737, 41812, 42173, 42200, 54184, 84316, 89673, 95148, 106145, 112712, 121036, 52460, 125413, 79235, 88862, 49201, 49249, 52572, 65957, 65981, 66037, 66083, 66221, 66265, 110627, 110641, 126503, 93646, 66194, 31212, 65893, 66024, 66042, 66043, 66053, 66211, 66235, 66246, 82515, 110632, 110637, 110639, 285, 12598, 13611, 41266, 43476, 46395, 112804, 83777, 83795, 82076, 65858, 65886, 110614, 110616, 110620, 110622, 125811, 886, 55219, 59112, 59171, 60870, 86932, 125029, 43148, 11883, 54241, 85963], "label": "floor"}, {"objectId": 2, "id": 2, "partId": 2, "index": 1, "dominantNormal": [0.623673141002655, -0.7816852331161499, -1.735689887630065e-16], "obb": {"axesLengths": [2.5857721441310204, 2.5099700128293763, 0.5142082166001488], "centroid": [1.2353214553048648, 1.0887357873124741, -0.09501510087367215], "normalizedAxes": [0.7816852331161499, 0.623673141002655, 1.3848325619628788e-16, 0, -2.220446049250313e-16, 1, 0.623673141002655, -0.7816852331161499, -1.735689887630065e-16]}, "segments": [55150, 48387, 53283, 55415, 58191, 64274, 64285, 64288, 64292, 64301, 64444, 72941, 82250, 91234, 92081, 92544, 92965, 93014, 105782, 110117, 110120, 110124, 114674, 116101, 121034, 121039, 123320, 123326, 63403, 48045, 48404, 73106, 92677, 92600, 62120, 62175, 112424, 39501, 117638, 64427], "label": "wall"}, {"objectId": 3, "id": 3, "partId": 3, "index": 2, "dominantNormal": [0.8238728642463684, 0.5667746067047119, 1.2584924362728776e-16], "obb": {"axesLengths": [3.3967059905551387, 2.94290989019923, 0.248844402655374], "centroid": [1.239054146893646, 3.2559565927894547, 0.138544919597841], "normalizedAxes": [-0.5667746663093567, 0.8238728642463684, 1.8293652465003882e-16, 0, -2.220446049250313e-16, 1, 0.8238728642463684, 0.5667746663093567, 1.2584925686217756e-16]}, "segments": [72277, 59749, 64429, 50655, 70774, 73424, 31278, 73069, 73464, 73038, 73067, 112807, 64697, 65379, 58579, 57872, 58540, 21671, 21656], "label": "wall"}, {"objectId": 4, "id": 4, "partId": 4, "index": 3, "dominantNormal": [0, -2.220446049250313e-16, 1], "obb": {"axesLengths": [2.0522001028315318, 0.9243100376953917, 1.1486894162722854], "centroid": [-1.5432061694388892, 1.7988198885884916, -0.8721551197285575], "normalizedAxes": [0.8308923840522766, 0.5564331412315369, 1.2355297701195075e-16, 0, -2.220446049250313e-16, 1, 0.5564331412315369, -0.8308923840522766, -1.8449517115210514e-16]}, "segments": [86888, 9504, 96778, 21470, 10723, 28528, 33845, 32902, 115826, 115765, 81005, 29485, 101175, 29329, 29435, 29438, 29332, 98698, 11418, 11711, 11370, 97048, 27132, 300, 8545, 8740, 8956, 8984, 11709, 11748, 12041, 12283, 12291, 12643, 14884, 15639, 17730, 20967, 21112, 21226, 21299, 21382, 23768, 24439, 27139, 27159, 27262, 27352, 29294, 29360, 29433, 29436, 29549, 29560, 29577, 29616, 29679, 32515, 32521, 32530, 32545, 32551, 32682, 32713, 32740, 32897, 49295, 54181, 56974, 56978, 56990, 57560, 70209, 75263, 76477, 76532, 76537, 76583, 76589, 76734, 77429, 80989, 81182, 81185, 81230, 87918, 97022, 97893, 98977, 98980, 99066, 99957, 99990, 100465, 100499, 100533, 100561, 101087, 101147, 101171, 101200, 106141, 106143, 107740, 113894, 114214, 114247, 115608, 115774, 119686, 62059, 75066, 59803, 49406, 27268, 100421], "label": "couch"}, {"objectId": 5, "id": 5, "partId": 5, "index": 4, "dominantNormal": [0.5291516184806824, -0.8485272526741028, -1.8841089858814337e-16], "obb": {"axesLengths": [1.1570626472725007, 0.9365699677935994, 0.7157821516501526], "centroid": [-0.8794844893142378, 1.4726392992607065, -0.8559650829591234], "normalizedAxes": [0.8485273122787476, 0.5291516184806824, 1.1749526207098401e-16, 0, -2.220446049250313e-16, 1, 0.5291516184806824, -0.8485273122787476, -1.8841091182303317e-16]}, "segments": [15399, 98246, 99338, 98532, 98481, 19363, 98637, 20425, 10714, 10716, 11429, 15370, 15379, 15383, 15422, 15634, 15636, 15714, 17518, 18810, 18817, 18834, 20997, 76504, 96922, 97891, 98417, 98498, 98611, 98618, 98640, 98643, 98645, 114232, 17537, 20189, 20630, 20647, 10721, 19920, 20606, 20906, 21011, 21195, 21198, 56623, 56638, 56689, 56698, 56712, 56745, 56760, 59621, 59640, 59641, 61073, 61101, 63405, 63409, 63415, 63437, 63468, 63655, 75067, 75073, 75094, 98948, 107569, 107622, 107646, 107654, 107666, 107714, 107716, 108350, 109270, 109333, 109335, 110023, 110035, 110048, 114220, 56850, 16200, 18805, 56616, 56649, 57810, 59616, 59636, 59826, 60519, 60610, 60926, 61112, 61262, 61815, 63473, 75162, 87924, 98650, 107703, 107705, 107782, 107790, 108362, 109120, 109123, 109202, 109203, 109309, 109331, 110038, 114199, 114206, 114225, 119601, 56847, 17663, 17692, 21147, 59674, 98168, 98261, 108307], "label": "desk"}, {"objectId": 6, "id": 6, "partId": 6, "index": 5, "dominantNormal": [0.9916229844093323, 0.12916608154773712, 2.8680631546981666e-17], "obb": {"axesLengths": [0.375568683058921, 0.5227379086001682, 0.34058634276445304], "centroid": [-0.709484218669775, 1.201537593132154, -1.0242310775615802], "normalizedAxes": [-0.12916609644889832, 0.9916229844093323, 2.2018453380775067e-16, 0, -2.220446049250313e-16, 1, 0.9916229844093323, 0.12916609644889832, 2.8680634855704116e-17]}, "segments": [20251, 98879, 98852, 20507, 20346, 98889, 108921, 20417, 20468, 60163, 60182, 60196, 60378, 60696, 98871, 108926, 108968, 109028, 60371, 60387, 60416, 60426, 60457, 60460, 109118, 20531, 60287, 20479, 20480, 59829, 59859, 59867, 59872, 60352, 60390, 60520, 98937, 98940, 98945, 108368, 108375, 108982, 108989, 108996, 109004, 109115], "label": "stool"}, {"objectId": 7, "id": 7, "partId": 7, "index": 6, "dominantNormal": [-0.44730257987976074, 0.8943827152252197, 1.985928566539607e-16], "obb": {"axesLengths": [0.46855128782002675, 0.7668189234997569, 0.5536995707362362], "centroid": [-1.717908866453204, 0.9141307643726775, -0.9265905653702364], "normalizedAxes": [-0.44730257987976074, 0.8943827152252197, 1.985928566539607e-16, 0, -2.220446049250313e-16, 1, 0.8943827152252197, 0.44730257987976074, 9.932112463134873e-17]}, "segments": [17814, 99802, 23879, 99836, 100076, 106639, 26892, 100186, 27772, 56150, 107011, 28078, 14900, 14903, 17811, 17812, 23831, 23866, 23867, 23872, 24679, 24686, 24698, 24723, 24727, 24747, 24752, 24763, 24790, 24792, 24802, 26861, 26866, 26876, 26945, 26948, 26950, 26955, 26963, 26993, 27014, 27035, 27037, 27040, 27111, 27120, 27286, 27309, 27431, 27443, 27448, 27490, 27529, 27543, 27575, 27613, 27726, 27749, 27755, 27804, 27805, 27843, 27848, 27871, 27873, 27876, 27891, 27895, 27909, 27911, 27915, 27916, 27929, 27954, 27959, 27962, 27994, 28026, 28043, 28062, 28066, 30025, 55174, 55615, 55663, 55683, 55795, 55822, 55843, 55844, 55921, 56002, 56004, 56054, 56078, 56132, 58141, 97803, 99428, 99519, 99887, 99890, 99892, 99894, 99897, 100092, 100097, 100132, 100135, 100143, 100145, 100216, 100219, 100226, 100255, 100257, 100259, 100260, 100268, 100272, 100274, 100279, 100281, 100285, 100296, 100602, 100605, 100607, 100610, 106756, 106779, 106793, 106800, 106816, 106821, 106832, 106835, 106879, 106916, 106966, 106977, 107052, 107057, 107061, 107065, 107068, 107086, 107168, 107172, 107175, 107220, 107234, 107248, 107323, 107374, 107377, 107976, 107979, 107984, 17889, 55572, 99444, 100106, 58157, 27596, 27279, 29662, 106957], "label": "side table"}, {"objectId": 8, "id": 8, "partId": 8, "index": 7, "dominantNormal": [0, -2.220446049250313e-16, 1], "obb": {"axesLengths": [2.6060163747949634, 2.274347016043654, 2.314709114374546], "centroid": [-0.7095462817484757, -1.1205079265743105, -0.1928266187870542], "normalizedAxes": [0.0906553789973259, 0.9958823323249817, 2.211302990329193e-16, 0, -2.220446049250313e-16, 1, 0.9958823323249817, -0.0906553789973259, -2.012953781379021e-17]}, "segments": [57473, 106014, 24286, 111169, 70708, 70932, 22790, 22833, 22835, 22973, 23597, 57497, 59288, 61654, 61672, 61674, 62398, 62404, 62423, 62497, 63338, 67904, 67956, 68167, 68170, 68467, 77229, 78147, 81144, 90006, 90024, 90070, 109346, 109347, 109348, 109349, 111156, 111158, 114657, 114664, 114670, 114705, 115504, 63868, 65974, 12216, 12485, 12498, 13523, 13528, 13558, 15611, 15617, 94015, 97296, 118975, 126732, 55171], "label": "bed"}, {"objectId": 9, "id": 9, "partId": 9, "index": 8, "dominantNormal": [0.8596352338790894, 0.510908305644989, 1.1344443287985873e-16], "obb": {"axesLengths": [2.152710632916699, 2.4697600051069246, 0.7038345575879326], "centroid": [-0.015678896830025435, -0.8144368090942411, -0.09512012425541894], "normalizedAxes": [-0.510908305644989, 0.8596352338790894, 1.9087736588631928e-16, 0, -2.220446049250313e-16, 1, 0.8596352338790894, 0.510908305644989, 1.1344443287985873e-16]}, "segments": [8525, 14240, 6608, 6676, 13570, 13671, 14245, 15221, 23368, 23820, 41898, 63877, 70088, 77502, 77843, 77908, 77914, 78005, 78128, 81116, 114629, 114632, 114688, 78008, 77913, 115484, 65600, 81133, 78211, 72270, 77125, 79958, 39225, 79585, 79923, 86344, 86401, 126728, 109743, 23581, 99210, 22814, 23634, 22949], "label": "wall"}, {"objectId": 10, "id": 10, "partId": 10, "index": 9, "dominantNormal": [0.6931915879249573, -0.7207533717155457, -1.6003939767096257e-16], "obb": {"axesLengths": [3.980182127241266, 3.7720699659272277, 0.957829189965656], "centroid": [-0.9850077747635047, -2.9015354817176533, 0.5439649158575008], "normalizedAxes": [0.7207533717155457, 0.6931915879249573, 1.5391945227815224e-16, 0, -2.220446049250313e-16, 1, 0.6931915879249573, -0.7207533717155457, -1.6003939767096257e-16]}, "segments": [91072, 16882, 61571, 16450, 21729, 91122, 89101, 23169, 14061, 14094, 16401, 16424, 16478, 16482, 16485, 16622, 16636, 16647, 16697, 16710, 16740, 16768, 16779, 16786, 16798, 16815, 16871, 16913, 16929, 16960, 16965, 16980, 16982, 16983, 16985, 16997, 17018, 17139, 19700, 19748, 19804, 19821, 19827, 20735, 21725, 21832, 22735, 23691, 25599, 25624, 25639, 28143, 58470, 61520, 66400, 66407, 66412, 66424, 66431, 66444, 66445, 74416, 74436, 74505, 74508, 74523, 74548, 89294, 89318, 89322, 89377, 91121, 97998, 98022, 98024, 98026, 98037, 98045, 98053, 98057, 98058, 98059, 98064, 99076, 99086, 99164, 99165, 100366, 110644, 110645, 110655, 110679, 110719, 110737, 111592, 113341, 113423, 113714, 113722, 113726, 120567, 120592, 120596, 120599, 120778, 120834, 122592, 60687, 52913, 83667, 23968, 32160, 82866, 1048, 20712, 28891, 60997, 69803, 77878, 79374, 88769, 90355, 109401, 109404, 114596, 114886, 22702, 24948, 75974, 49873, 10207, 79615, 35813, 35956, 117306], "label": "wall"}, {"objectId": 11, "id": 11, "partId": 11, "index": 10, "dominantNormal": [0.4653741717338562, -0.8851140737533569, -1.9653480482014916e-16], "obb": {"axesLengths": [1.3081577936470818, 0.7831999484479435, 0.5988431798434667], "centroid": [-2.568200521738369, 4.012864411607118, -0.961600067952276], "normalizedAxes": [0.8851140737533569, 0.4653741419315338, 1.0333381748751287e-16, 0, -2.220446049250313e-16, 1, 0.4653741419315338, -0.8851140737533569, -1.9653480482014916e-16]}, "segments": [44517, 6223, 60708, 63004, 57292, 58401, 86857, 86431, 6196, 6212, 10341, 56110, 60423, 61718, 61967, 62288, 62310, 62330, 62416, 62418, 63002, 66617, 66630, 66691, 66758, 66788, 85578, 86849, 87152, 87206, 87235, 95040, 96608, 96619, 96710, 97068, 97563, 97564, 110853, 110885, 4953], "label": "tv stand"}, {"objectId": 12, "id": 12, "partId": 12, "index": 11, "dominantNormal": [0.5770134329795837, -0.8167346715927124, -1.8135152748237902e-16], "obb": {"axesLengths": [2.1865777576545, 2.4431600024589883, 0.3057328537678004], "centroid": [-2.3254425986023954, 4.364280426933756, -0.11158012535616812], "normalizedAxes": [0.8167346715927124, 0.5770134329795837, 1.281227197623877e-16, 0, -2.220446049250313e-16, 1, 0.5770134329795837, -0.8167346715927124, -1.8135152748237902e-16]}, "segments": [25371, 22099, 17112, 10061, 20151, 26422, 19023, 109526, 109667, 53836, 29678, 53810], "label": "wall"}, {"objectId": 13, "id": 13, "partId": 13, "index": 12, "dominantNormal": [0.5707350969314575, -0.8211342692375183, -1.8232843440324904e-16], "obb": {"axesLengths": [4.057229730954217, 0.9199999681860211, 0.4165542204752089], "centroid": [-2.235389949556609, 4.3355680899791516, 0.48999986913055116], "normalizedAxes": [0.8211342692375183, 0.5707350969314575, 1.2672864911499493e-16, 0, -2.220446049250313e-16, 1, 0.5707350969314575, -0.8211342692375183, -1.8232843440324904e-16]}, "segments": [27068, 24036, 25834, 28922, 31878, 9216, 13828, 13856, 14395, 14787, 21783, 24032, 24071, 96555, 97969, 26014, 26351, 16161, 22219, 21535, 21404, 21405, 29995, 30291, 28382, 12166, 4124, 7505, 25838], "label": "cabinet"}, {"objectId": 14, "id": 14, "partId": 14, "index": 13, "dominantNormal": [0.8388583660125732, 0.544349730014801, 1.2086992074218395e-16], "obb": {"axesLengths": [1.347602535267978, 2.522780004379599, 0.43375908962104187], "centroid": [-0.11334571713711883, 5.056429794541744, -0.10203009056978019], "normalizedAxes": [-0.544349730014801, 0.8388583660125732, 1.8626397446931914e-16, 0, -2.220446049250313e-16, 1, 0.8388583660125732, 0.544349730014801, 1.2086992074218395e-16]}, "segments": [33058, 104500, 104549, 33092, 33150, 104355, 93864, 11079, 11042, 65617, 11069, 7976, 48172, 8024, 8054, 10977, 11068, 29686, 29704, 29721, 33190, 33318, 33451, 33476, 33478, 47803, 47832, 47901, 48004, 48047, 48186, 48192, 48302, 48310, 48557, 48597, 48722, 50204, 50256, 50270, 52477, 52516, 52525, 52532, 52533, 65041, 65257, 65331, 104310, 104509, 104575, 104625, 104627, 104672, 105526, 105534, 105539, 124578, 11029, 32821, 113039, 117688, 117874, 117675, 2211, 2704, 573, 2008, 2572, 5598, 6225, 29091, 29097, 46160, 46294, 46368, 47968, 50250, 75576, 77654, 78841, 79098, 89652, 89848, 95065, 100397, 102907, 112786, 112917, 117884, 117964, 118011, 118031, 118118, 124537, 37314, 79642, 36550, 47740, 93564, 101131, 1460, 80761], "label": "curtain"}, {"objectId": 15, "id": 15, "partId": 15, "index": 14, "dominantNormal": [0.17234210669994354, -0.9850371479988098, -2.1872218436387532e-16], "obb": {"axesLengths": [0.7461095206693786, 1.5659659303881381, 0.5847662858222094], "centroid": [0.09126748628717085, 4.030062827111915, -1.0070170702706958], "normalizedAxes": [0.9850371479988098, 0.17234210669994354, 3.8267634994136555e-17, 0, -2.220446049250313e-16, 1, 0.17234210669994354, -0.9850371479988098, -2.1872218436387532e-16]}, "segments": [81653, 81607, 282, 367, 81619, 81676, 2467, 5296, 84636, 95686, 5317, 1689, 1695, 2486, 5260, 5261, 5272, 5319, 5341, 5353, 5356, 5387, 5414, 50522, 95575, 96067, 96069, 96072, 96075, 96077, 116089, 2483, 55254, 69118, 54802, 68890, 68977, 69036, 69107, 69114, 69115, 69139, 69154, 69170, 69189, 104781, 111373, 69137, 54773, 54829, 68915, 68932, 61858, 49087, 61755, 61777, 61810, 61843, 68073, 68135, 111478, 49268, 61784, 69200, 54417, 54748, 116052], "label": "stool"}, {"objectId": 16, "id": 16, "partId": 16, "index": 15, "dominantNormal": [0.8836221098899841, -0.4682007431983948, -1.0396144904909361e-16], "obb": {"axesLengths": [0.8138998465943308, 1.6243479633849565, 0.5935511338014896], "centroid": [0.46746430424805174, 3.3955744241745833, -1.0578260948994904], "normalizedAxes": [0.4682007431983948, 0.8836221098899841, 1.9620352229354413e-16, 0, -2.220446049250313e-16, 1, 0.8836221098899841, -0.4682007431983948, -1.0396144904909361e-16]}, "segments": [122626, 122652, 85317, 74509, 120170, 74332, 91867, 85701, 85819, 85885, 86003, 86027, 86067, 86151, 86176, 91721, 118804, 118939, 119016, 119055, 85870, 86143, 91698, 91901, 119041, 62388, 67258, 61949, 61952, 62067, 67052, 107720, 109364, 109476, 61877, 61893, 61910, 61921, 61969, 62013, 62017, 62025, 107576, 107578, 109434, 62112, 62106, 61973, 62336, 62359, 62515, 62536, 62544, 62553, 66946, 67004, 86135, 107722, 109446, 119289, 119291, 119294, 118955, 118880, 66973, 67001, 67047, 67100, 67200, 67271, 67365, 67399, 109338, 109481, 67435, 67493, 109517, 62396, 64850, 64954, 65009, 65028, 65081, 67038, 67133, 85750, 85868, 85892, 85940, 85985, 85991, 86000, 86048, 86221, 91683, 91695, 91715, 91739, 91787, 91912, 92092, 92182, 108344, 118808, 118892, 118977, 118994, 118999, 119049, 119061, 67405, 67025, 67145, 67165, 67217, 67342, 91927, 91987, 92157, 92158, 92180, 119007, 119053, 123149, 85153, 88337], "label": "stool"}, {"objectId": 17, "id": 17, "partId": 17, "index": 16, "dominantNormal": [0.6775670647621155, -0.7354609966278076, -1.6330514643399133e-16], "obb": {"axesLengths": [1.0851939584650079, 1.114711006401978, 0.7571521373412509], "centroid": [0.35965230304436524, 3.6317797146883772, -0.774564608382482], "normalizedAxes": [0.7354609966278076, 0.6775670647621155, 1.5045011120531703e-16, 0, -2.220446049250313e-16, 1, 0.6775670647621155, -0.7354609966278076, -1.6330514643399133e-16]}, "segments": [983, 69898, 94274, 94217, 124346, 978, 2449, 51488, 51518, 51526, 51615, 51684, 52422, 69628, 69633, 69639, 69695, 69701, 69747, 69753, 69757, 69791, 69959, 73591, 73666, 73972, 73978, 74036, 74050, 74174, 74261, 74334, 74477, 84784, 85231, 87028, 87050, 88293, 88302, 89508, 95504, 110132, 111088, 111328, 111331, 111552, 115045, 115192, 116145, 117628, 119249, 119254, 121334, 121336, 121358, 121362, 124315, 124317, 124321, 124338, 124351, 124361, 124374, 124382, 124392, 124404, 124408, 124411, 124414, 89754, 2443], "label": "bar"}, {"objectId": 18, "id": 18, "partId": 18, "index": 17, "dominantNormal": [0, -2.220446049250313e-16, 1], "obb": {"axesLengths": [1.688275076655529, 0.5392629979715569, 0.8079792416904065], "centroid": [1.5355672089420729, 2.457478455021816, -0.7232315918825978], "normalizedAxes": [-0.6167210936546326, 0.7871817350387573, 1.7478945736088154e-16, 0, -2.220446049250313e-16, 1, 0.7871817350387573, 0.6167210936546326, 1.3693959158947612e-16]}, "segments": [94324, 74230, 110497, 39097, 39158, 39228, 39242, 39314, 39328, 47380, 58506, 58597, 58727, 59277, 59323, 59451, 59686, 64490, 64820, 64873, 64883, 64956, 64999, 65024, 65067, 65069, 73172, 73285, 74228, 74290, 74294, 78589, 78622, 78635, 78642, 110177, 110367, 112946, 114797, 64493, 39451], "label": "counter"}, {"objectId": 19, "id": 19, "partId": 19, "index": 18, "dominantNormal": [0.8812561631202698, 0.47263893485069275, 1.0494692556110968e-16], "obb": {"axesLengths": [1.6679102248796254, 0.869951943979741, 0.6056887664643128], "centroid": [1.3846457626938746, 2.407151110525371, -0.9055840710792546], "normalizedAxes": [-0.47263893485069275, 0.8812561631202698, 1.9567817657778925e-16, 0, -2.220446049250313e-16, 1, 0.8812561631202698, 0.47263893485069275, 1.0494692556110968e-16]}, "segments": [118529, 84438, 38838, 40484, 118237, 82710, 117618, 82894, 83951, 84630, 38139, 38148, 39011, 39015, 39232, 39322, 39766, 39891, 39902, 39905, 39999, 40078, 40279, 40289, 40335, 40341, 40395, 40459, 40476, 40493, 40555, 40558, 40565, 47172, 59120, 59125, 59159, 59203, 59339, 59480, 72573, 73947, 73987, 73989, 74007, 74044, 74069, 74072, 74088, 74160, 82713, 82741, 83833, 83864, 84429, 84445, 84453, 84479, 84519, 84532, 84557, 84675, 92639, 101644, 101653, 101736, 101739, 101744, 101797, 103142, 103144, 103148, 105894, 105916, 105927, 105931, 105935, 106076, 113212, 113216, 113217, 113219, 113287, 117899, 117901, 117903, 117905, 117991, 118034, 118130, 118355, 123334, 123347, 123353, 123356, 92563, 118539, 84806, 84676, 84816, 84786, 72393, 118564, 72401, 72419, 73810, 84569, 84671, 84697, 84718, 84726, 84731, 84735, 84776, 84787, 84867, 84893, 93352, 118064, 118065, 118122, 118126, 118132, 102995], "label": "kitchen cabinet"}, {"objectId": 20, "id": 20, "partId": 20, "index": 19, "dominantNormal": [0.9970589280128479, 0.07663890719413757, 1.7017255869808417e-17], "obb": {"axesLengths": [0.6512625063883898, 0.5599999302625669, 0.3159824372072584], "centroid": [1.9499518892881973, 2.043493638321344, -0.7700000773370275], "normalizedAxes": [-0.07663891464471817, 0.9970589280128479, 2.2139155575758804e-16, 0, -2.220446049250313e-16, 1, 0.9970589280128479, 0.07663891464471817, 1.7017257524169642e-17]}, "segments": [64882, 110347, 37024, 65077, 64975, 60180, 36748, 60051, 60260, 60277, 64501, 64531, 64553, 64576, 64814, 64940, 64946, 64980, 65133, 65140, 106376, 110179, 110182, 110204, 110214, 110218, 110341, 110376, 110507, 110508, 110510, 110514, 113956, 78603, 110329, 47315, 113982, 65182, 75598, 36978, 39267, 39350, 39372, 47296, 59961, 59966, 59977, 59981, 60186, 64517, 64536, 64542, 65164, 75513, 75522, 75533, 75537, 75571, 75596, 75603, 75989, 81813, 81821, 106373, 106399, 110186, 110191, 110195, 110201, 113934, 113940, 114040, 114770, 114778, 116095], "label": "sink"}, {"objectId": 22, "id": 22, "partId": 22, "index": 20, "dominantNormal": [0.03376995772123337, -0.9994296431541443, -2.21917960264527e-16], "obb": {"axesLengths": [0.4007069569775203, 0.42386495119635104, 0.39744461646053814], "centroid": [-2.07979193546905, 2.615869030282762, -1.0780675710424603], "normalizedAxes": [0.9994296431541443, 0.03376995772123337, 7.498436920546274e-18, 0, -2.220446049250313e-16, 1, 0.03376995772123337, -0.9994296431541443, -2.21917960264527e-16]}, "segments": [24035, 77110, 23340, 31168, 30736, 31062, 31083, 31105, 31135, 31171, 31173, 31215, 31239, 32385, 32388, 32401, 100759, 100810, 100814, 100817, 100849, 100852, 100886, 101063], "label": "couch table"}, {"objectId": 23, "id": 23, "partId": 23, "index": 21, "dominantNormal": [0.8502975702285767, 0.5263022184371948, 1.1686256816405445e-16], "obb": {"axesLengths": [1.1816455002524806, 1.0482699338733412, 0.4435320789603535], "centroid": [-0.34209826681948563, 2.207733029019357, -0.8141350657313704], "normalizedAxes": [-0.5263022184371948, 0.8502975702285767, 1.8880398805011837e-16, 0, -2.220446049250313e-16, 1, 0.8502975702285767, 0.5263022184371948, 1.1686256816405445e-16]}, "segments": [120324, 41918, 119370, 76127, 18333, 77144, 12946, 13111, 13112, 15907, 15941, 15946, 15961, 15987, 16015, 16047, 16052, 16060, 16064, 16118, 16140, 16153, 16170, 16199, 18402, 18435, 18505, 18521, 18565, 18570, 18603, 18619, 18629, 18689, 20163, 41942, 42711, 42713, 42724, 43056, 43064, 43094, 45968, 46004, 46029, 46096, 46098, 46122, 63903, 71800, 71917, 72109, 74961, 75127, 75176, 75209, 75218, 75242, 75286, 75301, 75305, 76270, 76312, 76346, 76409, 76739, 76750, 76902, 77027, 77047, 77050, 77065, 77066, 77080, 77243, 77570, 77589, 77603, 77605, 77609, 77613, 77626, 77668, 77676, 77692, 77710, 77736, 77772, 77775, 78107, 78108, 78216, 78414, 78447, 81169, 81172, 81175, 81197, 87615, 87634, 87637, 87653, 87719, 90128, 93230, 93449, 93495, 93522, 93843, 93887, 98341, 98346, 98403, 103024, 103027, 103030, 103054, 103059, 103064, 103071, 103114, 103126, 103891, 103964, 103987, 103988, 103993, 104012, 112708, 112896, 112901, 113886, 113890, 114276, 114306, 114371, 114373, 114381, 114504, 114507, 114509, 114517, 114523, 114561, 114565, 114691, 114696, 114700, 114706, 115507, 115512, 115514, 115564, 115603, 119426, 119440, 119444, 119449, 119452, 119455, 124358, 124365, 41933, 78095, 78510], "label": "commode"}, {"objectId": 24, "id": 24, "partId": 24, "index": 22, "dominantNormal": [0.5690632462501526, -0.822293758392334, -1.8258589271454495e-16], "obb": {"axesLengths": [1.0004368791340155, 1.9290949271076554, 0.4102528258769873], "centroid": [-3.5042943264636865, 3.4496326871774046, -0.39727260215716464], "normalizedAxes": [0.822293758392334, 0.5690632462501526, 1.2635742369097094e-16, 0, -2.220446049250313e-16, 1, 0.5690632462501526, -0.822293758392334, -1.8258589271454495e-16]}, "segments": [104688, 48825, 86692, 34996, 119181, 34701, 108802, 102986, 84530, 41101, 51640, 108747, 50135, 106237, 54898, 74460, 4975, 95102, 5014, 65732, 39819, 39881, 51345, 105418, 41, 79, 1549, 1902, 1906, 3369, 5002, 30211, 30220, 30258, 30385, 30390, 30451, 30474, 30478, 30509, 30523, 30531, 30544, 33274, 33329, 33389, 33456, 33748, 34152, 34745, 34873, 34925, 34950, 34986, 35070, 35095, 35106, 35141, 35825, 35842, 35847, 35872, 35898, 35901, 35906, 35964, 36044, 36210, 36252, 39160, 39479, 39731, 39741, 39815, 39859, 39882, 42729, 42759, 48799, 49436, 49450, 49495, 49522, 49550, 49562, 49639, 49652, 49653, 49667, 49696, 49733, 49782, 49797, 50089, 50127, 50281, 50288, 50335, 50369, 50376, 50386, 50388, 50407, 50425, 50452, 50538, 50560, 50813, 50823, 51075, 51369, 51416, 51587, 51606, 51690, 51705, 51731, 53069, 54362, 54416, 54501, 54507, 54511, 54724, 54738, 54872, 55262, 55842, 56598, 57287, 59813, 60066, 60143, 63576, 65689, 66768, 67060, 67255, 74735, 74920, 74937, 76102, 76544, 79259, 90308, 95086, 95094, 95390, 97469, 100427, 100679, 100726, 100736, 100747, 100895, 100898, 100900, 100917, 100921, 100939, 102758, 102793, 104340, 104786, 104812, 104827, 104836, 104845, 104873, 104881, 104900, 104903, 104905, 104968, 104983, 104986, 104995, 105048, 105115, 105123, 105399, 105425, 105434, 105437, 105625, 106181, 106183, 106232, 106284, 106290, 106326, 107986, 109055, 109173, 110604, 119198, 104997, 30284, 56515, 50058, 49822, 86953], "label": "bookshelf"}, {"objectId": 25, "id": 25, "partId": 25, "index": 23, "dominantNormal": [0, -2.220446049250313e-16, 1], "obb": {"axesLengths": [1.2259082300786308, 0.29465628408663813, 0.3222431509839214], "centroid": [-2.6631254353087197, 4.034914910165448, 0.15906872850130016], "normalizedAxes": [0.8143974542617798, 0.5803074836730957, 1.288541459472316e-16, 0, -2.220446049250313e-16, 1, 0.5803074836730957, -0.8143974542617798, -1.8083256098350815e-16]}, "segments": [105951, 105941, 105901, 29114, 99703, 27834, 99501, 27910, 27821, 28100, 28117, 29391, 29449, 29461, 99625, 99607, 30078, 53820, 54437, 105944], "label": "shelf"}, {"objectId": 26, "id": 26, "partId": 26, "index": 24, "dominantNormal": [0.9131529331207275, 0.40761709213256836, 9.050917618326623e-17], "obb": {"axesLengths": [0.39484209368028816, 0.6100131244705309, 0.3197581013996441], "centroid": [-1.7958547131732003, 4.603605234087112, -0.3049935520566409], "normalizedAxes": [-0.40761709213256836, 0.9131529331207275, 2.0276068227092548e-16, 0, -2.220446049250313e-16, 1, 0.9131529331207275, 0.40761709213256836, 9.050917618326623e-17]}, "segments": [23534, 98413, 98428, 23310, 98283, 5832, 6010, 5901, 5928, 5935, 5996, 6054, 6108, 22638, 22641, 96127, 96129, 96134, 96158, 98299, 98333, 22861, 98367], "label": "lamp"}, {"objectId": 27, "id": 27, "partId": 27, "index": 25, "dominantNormal": [0.6590074300765991, -0.7521364092826843, -1.670078318489053e-16], "obb": {"axesLengths": [0.6412162235898129, 0.8352500013578679, 0.41513587191273643], "centroid": [-1.828216239848287, 4.532599674197192, -0.907625112884678], "normalizedAxes": [0.7521364092826843, 0.6590074300765991, 1.4632904445401865e-16, 0, -2.220446049250313e-16, 1, 0.6590074300765991, -0.7521364092826843, -1.670078318489053e-16]}, "segments": [6268, 12203, 10324, 5470, 5527, 5541, 5574, 5594, 5610, 5647, 5649, 5675, 5684, 5701, 5725, 10275, 10278, 10374, 33972, 96086, 96087, 96160, 96624, 96713, 105886, 105888, 97326, 13629, 13644, 7502, 13571, 33905, 7470, 7461, 6315, 5634, 5635, 5517], "label": "commode"}, {"objectId": 28, "id": 28, "partId": 28, "index": 26, "dominantNormal": [0.5525155663490295, -0.8335025906562805, -1.850747534462639e-16], "obb": {"axesLengths": [1.298889268800095, 1.9933399708567556, 0.39550075565303305], "centroid": [-0.8890890477312609, 5.271671899631507, -0.3466701374202219], "normalizedAxes": [0.8335025906562805, 0.5525155663490295, 1.2268310064490019e-16, 0, -2.220446049250313e-16, 1, 0.5525155663490295, -0.8335025906562805, -1.850747534462639e-16]}, "segments": [97243, 9977, 102410, 6344, 16657, 7270, 34914, 34649, 11978, 13493, 35161, 9998, 13714, 7169, 7187, 7233, 7345, 7359, 7413, 7558, 7584, 7628, 7641, 9365, 9522, 9575, 9594, 9642, 9714, 9937, 10183, 10203, 10318, 10749, 11101, 11241, 11351, 11666, 11939, 11962, 13373, 13381, 13388, 13409, 13439, 13483, 13515, 13736, 13758, 13789, 14927, 15269, 16265, 16552, 17007, 33863, 34636, 34660, 34980, 35019, 35030, 35034, 35039, 35048, 35087, 35094, 35126, 35129, 37921, 37923, 37954, 96207, 96221, 96366, 96367, 96565, 96577, 96585, 96721, 97003, 97191, 97197, 97199, 97221, 97414, 97416, 97420, 101354, 101599, 101626, 101631, 101651, 101663, 102193, 102204, 96379, 102481, 34619, 102683, 38678, 86316, 86186, 94121, 86486, 80753, 79670, 86290, 117800, 38077, 7663, 7800, 95968, 6739, 95882, 7741, 12981, 5739, 6386, 6390, 6417, 6427, 6452, 6453, 6471, 6580, 6602, 6733, 6782, 6857, 7211, 7334, 7351, 7457, 7602, 7656, 8201, 8447, 8451, 8491, 8641, 8672, 11694, 11965, 12480, 13486, 17539, 37762, 37910, 37932, 37936, 38145, 38607, 38741, 38745, 39122, 78762, 79550, 79673, 79675, 79708, 79717, 79722, 79732, 79752, 79753, 79770, 79782, 80010, 80664, 80677, 80689, 85602, 85789, 85916, 85945, 86392, 95631, 95638, 95639, 95641, 95650, 95759, 95973, 95988, 96278, 96315, 97133, 102671, 102694, 115025, 115027, 115033, 115040, 115049, 115326, 115327, 115341, 115349, 115624, 115630, 115672, 116374, 116379, 13430], "label": "shelf"}, {"objectId": 30, "id": 30, "partId": 30, "index": 27, "dominantNormal": [0.8401308655738831, 0.5423837304115295, 1.2043338113699277e-16], "obb": {"axesLengths": [1.6010225027533984, 0.9741558289344046, 0.3473979441755087], "centroid": [1.5561212153741648, 2.4980395740006354, 0.5744219014550289], "normalizedAxes": [-0.5423837304115295, 0.8401308655738831, 1.8654652613167745e-16, 0, -2.220446049250313e-16, 1, 0.8401308655738831, 0.5423837304115295, 1.2043338113699277e-16]}, "segments": [25442, 25481, 26085, 25319, 56876, 28956, 26269, 28948, 57349, 58189, 107934, 108337, 58429, 121057, 28954, 110558], "label": "kitchen cabinet"}, {"objectId": 31, "id": 31, "partId": 31, "index": 28, "dominantNormal": [0.8276020884513855, 0.5613151788711548, 1.2463700713086885e-16], "obb": {"axesLengths": [0.6021894256459185, 1.0399999684095385, 0.36303724494928274], "centroid": [0.7017733477058876, 3.8358128353002066, 0.22999988541006955], "normalizedAxes": [-0.5613151788711548, 0.8276021480560303, 1.837645920002085e-16, 0, -2.220446049250313e-16, 1, 0.8276021480560303, 0.5613151788711548, 1.2463700713086885e-16]}, "segments": [3546, 3582, 95547, 95554, 110901, 95501, 67525, 110930, 67716, 120282, 70462, 70331, 56444, 111735, 107502, 111880, 88665, 120256, 88, 100, 152, 170, 181, 184, 189, 592, 649, 659, 668, 705, 717, 739, 1250, 1268, 1272, 1308, 1369, 1375, 2021, 2022, 2024, 2070, 2093, 2094, 2097, 2121, 2939, 2963, 2969, 3512, 3560, 67300, 67374, 67437, 67441, 67662, 67701, 67942, 70180, 70287, 70317, 70345, 70419, 70420, 70424, 70443, 70453, 70495, 70512, 70515, 88437, 88471, 88481, 88525, 88546, 88567, 88611, 95490, 95511, 95536, 95593, 95896, 95901, 95927, 95942, 95947, 100750, 101029, 101033, 110892, 110927, 110940, 110947, 110950, 110994, 111714, 111731, 111768, 111772, 111781, 111782, 111838, 111843, 111920, 111924, 111973, 112001, 120201, 120218, 120221, 120237, 120239, 120261, 120273, 111956, 32027, 1987, 100745], "label": "shelf"}, {"objectId": 32, "id": 32, "partId": 32, "index": 29, "dominantNormal": [-0.02270784042775631, -0.9997421503067017, -2.2198735079175284e-16], "obb": {"axesLengths": [0.9043094275301978, 1.7544349635891245, 0.5867138074177931], "centroid": [0.580607032688677, 0.9767278772840189, -0.4773326055556719], "normalizedAxes": [0.9997421503067017, -0.02270784229040146, -5.04215387007211e-18, 0, -2.220446049250313e-16, 1, -0.02270784229040146, -0.9997421503067017, -2.2198735079175284e-16]}, "segments": [45285, 123702, 123867, 115969, 81588, 91947, 66554, 123770, 123800, 122423, 123226, 123215, 90691, 68665, 69385, 111521, 122272, 14151, 80161, 25168, 1473, 58178, 25295, 103809, 50141, 121511, 121458, 105729, 74576, 80338, 2275, 2278, 14138, 14144, 14164, 14184, 14197, 14263, 14306, 14311, 14421, 14429, 25142, 25188, 25207, 25237, 25278, 45103, 45105, 45118, 49924, 49956, 49996, 50028, 50164, 50232, 50316, 50343, 50350, 50521, 50552, 50721, 50821, 50844, 50887, 50927, 50933, 51021, 51107, 51144, 58267, 61511, 61556, 62722, 63401, 64590, 66663, 68334, 68341, 68368, 68477, 68490, 68499, 68507, 68617, 68692, 68695, 68719, 68821, 68862, 68893, 68926, 69001, 69006, 69012, 69186, 69288, 69336, 69372, 69379, 69415, 69459, 69476, 69487, 69494, 69510, 69533, 69570, 69589, 69591, 69598, 69617, 69653, 69675, 69682, 69702, 69717, 74568, 74588, 74619, 74629, 74631, 74690, 74715, 74737, 74768, 75245, 76092, 76171, 76203, 76237, 76302, 76388, 76397, 76601, 76691, 79141, 79158, 79160, 79164, 80163, 80207, 80286, 80307, 80325, 80340, 81536, 83632, 86270, 86275, 86315, 88905, 88937, 88950, 90511, 90549, 90609, 90662, 90681, 90750, 90794, 90796, 90881, 90885, 90897, 90924, 90962, 90976, 91438, 91497, 91550, 91625, 91732, 91733, 91760, 91790, 91804, 91845, 91951, 91998, 92067, 92214, 92220, 92275, 92300, 92328, 92394, 92470, 92471, 92473, 92500, 92502, 92525, 92719, 92774, 92776, 92801, 92819, 92838, 92869, 92917, 92942, 93002, 93036, 93066, 93117, 97540, 97605, 97607, 102763, 102811, 103639, 103737, 103761, 103780, 103860, 103876, 105619, 105705, 105734, 105747, 105754, 110022, 111480, 111489, 111537, 111571, 112473, 112607, 112657, 112690, 112706, 113752, 115069, 115075, 115186, 115208, 115250, 115897, 115904, 115934, 115943, 115960, 115964, 116025, 118968, 121384, 121385, 121392, 121407, 121648, 121691, 121707, 122230, 122233, 122406, 122505, 122582, 122702, 122724, 122743, 122745, 122766, 122772, 122775, 122783, 122969, 123181, 123186, 123188, 123255, 123275, 123390, 123421, 123444, 123449, 123476, 123550, 123557, 123563, 123620, 123632, 123639, 123648, 124035, 124061, 124094, 124323, 124331, 124336, 61404, 85507, 74957, 67098], "label": "furniture"}, {"objectId": 33, "id": 33, "partId": 33, "index": 30, "dominantNormal": [0.7632043957710266, 0.6461571455001831, 1.4347570809207413e-16], "obb": {"axesLengths": [1.9563285572385245, 2.3824898664096756, 0.6328207401855002], "centroid": [-2.0213100743497594, -2.760664300898915, -0.16124509845871549], "normalizedAxes": [-0.6461571455001831, 0.7632043957710266, 1.6946541853602484e-16, 0, -2.220446049250313e-16, 1, 0.7632043957710266, 0.6461571455001831, 1.4347570809207413e-16]}, "segments": [28679, 34435, 11560, 45479, 109864, 4906, 35576, 2387, 2405, 2418, 28670, 51399, 57129, 67248, 95654, 95655, 96307, 96311, 105278, 105283, 105288, 111716, 120196, 54721, 79118, 24023], "label": "wardrobe"}, {"objectId": 34, "id": 34, "partId": 34, "index": 31, "dominantNormal": [0.8083901405334473, 0.5886470675468445, 1.307059055537173e-16], "obb": {"axesLengths": [1.7836528197049943, 2.0437399884222436, 0.1603543615608199], "centroid": [-3.328512330280694, -1.4734802590730842, -0.2718701245962829], "normalizedAxes": [-0.5886470675468445, 0.8083901405334473, 1.7949866938003984e-16, 0, -2.220446049250313e-16, 1, 0.8083901405334473, 0.5886470675468445, 1.307059055537173e-16]}, "segments": [87932, 26487, 26505, 26511, 26519, 33745, 33753, 33766, 35396, 35405, 35414, 36206, 36542, 36654, 37631, 38902, 38941, 38947, 43541, 43542, 43577, 44963, 45021, 46364, 46408, 72705, 72761, 76167, 78889, 78891, 78902, 78924, 78985, 79013, 79878, 79890, 87877, 87922, 88041, 89087, 94972, 95156, 102269, 110078, 111416, 111711, 115053, 122156, 126744], "label": "wall"}, {"objectId": 35, "id": 35, "partId": 35, "index": 32, "dominantNormal": [-0.21838414669036865, -0.9758628606796265, -2.1668508336061853e-16], "obb": {"axesLengths": [0.5039343374232061, 0.7485630344920668, 0.41098177995464685], "centroid": [-3.1491695175687404, -1.2276136629543624, -0.9557186095628478], "normalizedAxes": [0.9758628606796265, -0.21838414669036865, -4.849102157375299e-17, 0, -2.220446049250313e-16, 1, -0.21838414669036865, -0.9758628606796265, -2.1668508336061853e-16]}, "segments": [43993, 103351, 103676, 103709, 45692, 44390, 43969, 45708, 93927, 45595, 103636, 42532, 43356, 43381, 43403, 43434, 43439, 43450, 43456, 43469, 43570, 43601, 43766, 43777, 43831, 43855, 43901, 43930, 45590, 45598, 45637, 45687, 45706, 45714, 45729, 93929, 103241, 103249, 103273, 103275, 103281, 103299, 103334, 103642, 124706, 42552], "label": "chair"}, {"objectId": 36, "id": 36, "partId": 36, "index": 33, "dominantNormal": [0.8485774993896484, 0.5290710926055908, 1.1747738173486307e-16], "obb": {"axesLengths": [0.7259994338117579, 1.2029199815633898, 0.5537503399084159], "centroid": [-3.225036612367035, -1.3459918137280638, -0.551460104775578], "normalizedAxes": [-0.5290710926055908, 0.8485774993896484, 1.8842205560024548e-16, 0, -2.220446049250313e-16, 1, 0.8485774993896484, 0.5290710926055908, 1.1747738173486307e-16]}, "segments": [103594, 44415, 114972, 72809, 80419, 103565, 42459, 43408, 43888, 44207, 44219, 44635, 45553, 45560, 79332, 80561, 80595, 80620, 94894, 103233, 103236, 103239, 103244, 115311, 115325, 79370, 115277, 44717, 44734, 114906, 38220, 102261, 121965, 72773, 38338, 72671, 114954, 72645, 114924, 38895, 72689, 38925, 116118, 72647], "label": "table"}, {"objectId": 37, "id": 37, "partId": 37, "index": 34, "dominantNormal": [0.8466002941131592, 0.5322292447090149, 1.1817863237096102e-16], "obb": {"axesLengths": [0.9549875183222021, 1.0632579685019405, 0.3195096063227941], "centroid": [-2.9833994804786186, -1.7837838408899267, 0.4039988781362993], "normalizedAxes": [-0.5322292447090149, 0.8466002941131592, 1.8798302783577174e-16, 0, -2.220446049250313e-16, 1, 0.8466002941131592, 0.5322292447090149, 1.1817863237096102e-16]}, "segments": [27694, 36318, 101934, 36388, 95137, 27903, 47594, 48106, 36205, 62363, 35465, 35365, 53147, 52118, 101949, 36502, 35621], "label": "shelf"}, {"objectId": 38, "id": 38, "partId": 38, "index": 35, "dominantNormal": [0.6166248321533203, -0.7872571349143982, -1.7480619949647962e-16], "obb": {"axesLengths": [0.7947635844828699, 2.450229947636351, 0.2426083611537117], "centroid": [-3.7269105530796223, -0.2665002372595682, -0.11207514191996282], "normalizedAxes": [0.7872571349143982, 0.6166248321533203, 1.3691821724244775e-16, 0, -2.220446049250313e-16, 1, 0.6166248321533203, -0.7872571349143982, -1.7480619949647962e-16]}, "segments": [37562, 41732, 71452, 113844, 71361, 41205, 40542, 102832, 40473, 121342, 38416, 38420, 37392], "label": "wall"}, {"objectId": 39, "id": 39, "partId": 39, "index": 36, "dominantNormal": [0.9112669825553894, 0.4118161201477051, 9.14415476999564e-17], "obb": {"axesLengths": [0.62514031402