{"segGroups": [{"objectId": 1, "id": 1, "partId": 1, "index": 0, "dominantNormal": [0, -2.220446049250313e-16, 1], "obb": {"axesLengths": [5.945528981425837, 0.31142007608517763, 4.368545198077311], "centroid": [0.6988779885919055, 1.518031448297777, -1.4027800475592167], "normalizedAxes": [0.9438334107398987, -0.33042171597480774, -7.336835938227709e-17, 0, -2.220446049250313e-16, 1, -0.33042171597480774, -0.9438334107398987, -2.095731168027856e-16]}, "segments": [16684, 29101, 979, 3872, 4171, 5015, 5703, 5810, 5821, 5969, 9014, 9476, 9487, 9493, 9496, 9528, 10525, 10547, 10563, 10616, 10914, 10938, 12331, 12362, 12407, 12441, 12447, 12586, 12592, 12593, 12637, 13076, 13121, 13124, 13134, 13141, 13278, 13292, 13311, 13323, 13341, 13344, 13412, 13418, 13432, 13442, 13447, 13474, 13483, 13496, 13545, 13595, 13692, 13719, 13726, 13751, 13874, 13928, 13931, 13933, 13942, 13976, 14010, 14012, 14382, 14567, 14573, 14577, 14585, 14593, 14599, 14627, 14640, 14673, 14679, 14683, 14734, 14748, 14778, 14787, 14964, 14969, 14975, 14977, 14986, 15001, 15080, 15144, 15179, 15215, 15248, 15293, 15956, 16390, 16406, 16418, 16437, 16442, 16450, 16488, 16500, 16515, 16518, 16523, 16536, 16538, 18772, 18776, 23011, 23066, 23178, 23255, 23283, 23327, 23359, 23362, 23398, 23408, 23650, 23655, 23657, 23833, 24376, 24388, 24826, 24845, 24875, 25219, 25857, 25859, 25861, 25869, 25897, 25925, 25966, 25971, 26058, 26073, 26080, 26105, 26122, 26123, 27432, 27585, 27596, 27598, 27622, 27640, 27660, 27668, 27849, 27852, 27869, 27877, 28113, 28175, 28192, 28193, 28199, 28215, 28234, 28245, 28253, 28329, 28331, 28423, 29367, 29401, 29435, 29450, 29735, 30595, 32586, 32588, 32589, 32593, 32638, 32641, 32647, 32649, 32734, 32743, 32745, 35294, 35584, 35709, 35712, 35735, 35737, 35741, 35744, 35747, 35750, 35754, 35757, 35897, 35979, 35982, 35989, 36036, 36039, 36041, 36052, 36091, 36092, 36095, 36098, 36150, 36167, 36171, 36173, 36562, 36564, 36574, 36575, 39844, 39847, 40285, 40299, 40306, 40308, 40311, 40318, 40321, 40801, 40878, 40981, 40998, 41006, 41439, 41488, 41667, 41670, 41672, 41975, 41977, 41983, 41989, 42039, 3917, 22414, 25001], "label": "floor"}, {"objectId": 2, "id": 2, "partId": 2, "index": 1, "dominantNormal": [0.9975571632385254, 0.06985463947057724, 1.551084582342482e-17], "obb": {"axesLengths": [3.389368736451304, 2.6673099398469167, 0.4287788800609726], "centroid": [1.793760759616806, 1.861232456431189, -0.18365510198850177], "normalizedAxes": [-0.06985463947057724, 0.9975571632385254, 2.2150218620143334e-16, 0, -2.220446049250313e-16, 1, 0.9975571632385254, 0.06985463947057724, 1.551084582342482e-17]}, "segments": [21614, 43331, 5403, 21981, 26577, 10447, 4518, 7886, 6730, 5664, 5127, 5220, 5237, 7142, 34207, 4307, 34970, 43361, 34448, 29159, 43053, 8516, 7785, 19191, 30126, 9391], "label": "wall"}, {"objectId": 3, "id": 3, "partId": 3, "index": 2, "dominantNormal": [0.08685345202684402, -0.996221125125885, -2.2120552614654732e-16], "obb": {"axesLengths": [1.4924551989291799, 1.468490001518502, 0.1534712550354459], "centroid": [2.6238178221998556, 0.27079480757449326, -0.8242450848425549], "normalizedAxes": [0.996221125125885, 0.08685344457626343, 1.9285338787314516e-17, 0, -2.220446049250313e-16, 1, 0.08685344457626343, -0.996221125125885, -2.2120552614654732e-16]}, "segments": [2229, 5433, 3860, 2232, 5840, 2344, 3885, 23719, 941, 845, 1204, 2417, 22245, 2561, 22200, 22404], "label": "wall"}, {"objectId": 4, "id": 4, "partId": 4, "index": 3, "dominantNormal": [0.9957394003868103, 0.09221199154853821, 2.0475175232745492e-17], "obb": {"axesLengths": [2.1261528956772313, 1.4799999263882646, 0.14274710402925553], "centroid": [1.7651057622067428, 1.4685076873593954, 0.08999991904593996], "normalizedAxes": [-0.09221199154853821, 0.9957394003868103, 2.2109856176717686e-16, 0, -2.220446049250313e-16, 1, 0.9957394003868103, 0.09221199154853821, 2.0475175232745492e-17]}, "segments": [22459, 21077, 43596, 38282, 27740, 1547, 1730, 6765], "label": "picture"}, {"objectId": 5, "id": 5, "partId": 5, "index": 4, "dominantNormal": [0.09231001138687134, -0.9957303404808044, -2.2109655006392713e-16], "obb": {"axesLengths": [2.738286576278471, 2.666459977631419, 0.18173673423371445], "centroid": [0.3536954511757662, 3.52141335222061, -0.17952008945427855], "normalizedAxes": [0.9957303404808044, 0.09231001138687134, 2.0496940009022988e-17, 0, -2.220446049250313e-16, 1, 0.09231001138687134, -0.9957303404808044, -2.2109655006392713e-16]}, "segments": [18600, 31290, 32082, 20749, 44244, 16562, 23640], "label": "wall"}, {"objectId": 6, "id": 6, "partId": 6, "index": 5, "dominantNormal": [0.19307737052440643, -0.9811835289001465, -2.1786650903358106e-16], "obb": {"axesLengths": [1.9600798289003705, 2.300000020116566, 0.8626883644706482], "centroid": [1.0718468955753193, 3.28789848146744, -0.08000006404124238], "normalizedAxes": [0.9811835289001465, 0.19307735562324524, 4.287178514933326e-17, 0, -2.220446049250313e-16, 1, 0.19307735562324524, -0.9811835289001465, -2.1786650903358106e-16]}, "segments": [10068, 3543, 8975, 9754, 11684, 34089, 35065, 35067, 2103, 1794, 1870, 1878, 1899, 1913, 1950, 2050, 2074, 3083, 3416, 3511, 6494, 6514, 6683, 6743, 10193, 11166, 11569, 11639, 11644, 12034, 12068, 12080, 12146, 30957, 30962, 30979, 32971, 32981, 33017, 33378, 34092, 34095, 35409, 35592, 35594, 35609, 35613, 35616, 35623, 35628, 35634, 44158, 9967, 1928, 3219, 3260, 3268, 3318, 3319, 3349, 3355, 3356, 3357, 3377, 3448, 3495, 4987, 6692, 9849, 9853, 9972, 10195, 11074, 11115, 11257, 11351, 12089, 33235, 33238, 33299, 33302, 33305, 33323, 33399, 35186, 35392, 35467, 35471, 35480, 35590, 35603, 11720, 12122, 8875, 9885, 11080, 11171, 11199, 11239, 11278, 17771, 17777, 17789, 21200, 21242, 21253, 28024, 28025, 34845, 35175, 35184, 35243, 35396, 35485, 35774, 37184, 40969, 10105, 10181, 12792, 12797, 2759, 2915, 6310, 343, 493, 1625, 1641, 1673, 1783, 2721, 2725, 2743, 2767, 2775, 2776, 2786, 2788, 2794, 2823, 2861, 2877, 2905, 2906, 2907, 2910, 2982, 3000, 3002, 3041, 3076, 3162, 3163, 3173, 3178, 3179, 4043, 4329, 5097, 5413, 5467, 5476, 5662, 6502, 8747, 8791, 8896, 8929, 8930, 8959, 8984, 9086, 9739, 10074, 10129, 10136, 10142, 10233, 10331, 28473, 28488, 31424, 32775, 32848, 32921, 32959, 33004, 33055, 33135, 33146, 33149, 33152, 33167, 33186, 33229, 34079, 34082, 34741, 34750, 34784, 34861, 34863, 35062, 35141, 35168, 35177, 35244, 37108, 38283, 703, 689, 722, 742, 883, 1410, 1670, 3021, 3085, 3146, 4091, 4179, 4480, 4482, 5530, 5932, 5998, 6013, 6027, 6135, 6335, 6370, 7278, 7435, 7553, 7632, 8147, 8154, 8894, 9868, 10117, 10229, 10290, 11160, 26159, 26160, 26192, 26195, 26205, 26225, 28452, 28510, 28558, 28615, 28617, 30307, 30318, 31516, 31552, 31581, 32832, 32841, 32843, 32845, 32888, 32915, 33027, 33035, 33199, 33279, 33437, 33487, 33662, 34010, 34837, 35090, 35199, 35245, 36388, 40358, 40391, 32108, 2657, 1778, 1986, 2150, 2204, 2224, 2651, 2667, 4280, 4286, 4449, 4478, 6015, 6147, 6353, 6782, 7345, 7397, 7417, 7476, 7549, 7912, 7931, 8595, 8793, 9271, 9863, 9991, 10001, 10422, 10452, 10788, 11281, 11871, 26133, 26147, 26859, 26893, 26921, 26960, 29076, 29336, 29347, 29419, 29494, 29603, 29757, 29762, 30096, 30097, 30113, 30152, 30179, 30238, 30241, 30247, 30550, 30578, 30583, 31129, 31136, 31475, 31477, 31492, 31526, 31678, 31729, 31783, 31978, 31981, 31995, 32011, 32035, 32051, 32089, 32096, 32097, 32106, 32112, 32151, 32166, 32190, 32270, 32273, 32420, 32746, 32760, 32762, 32794, 32798, 32800, 32823, 32829, 32837, 32861, 32869, 32871, 32875, 33589, 33628, 33971, 34019, 34024, 34087, 34546, 34682, 34848, 35122, 35124, 35532, 36434, 36463, 36620, 36623, 36626, 36628, 40332, 40348, 40829, 42072, 42106, 42119, 42127, 42259, 42299, 42541, 42564, 42578, 42722, 42793, 830, 2135, 3165, 4356, 4427, 4428, 4602, 4645, 4680, 4698, 4725, 4925, 4944, 5941, 7286, 7303, 7493, 7499, 7569, 7570, 7571, 7581, 7702, 7705, 9130, 9154, 9198, 9598, 9627, 9636, 9810, 10274, 10375, 10385, 10386, 11210, 11755, 26877, 31523, 32782, 33509, 33553, 33569, 33881, 33885, 34193, 34197, 34203, 34266, 34287, 35053, 35252, 35254, 35256, 35273, 35516, 3144, 4256, 4718, 7433, 7688, 7689, 26132, 26148, 31112, 31472, 33500, 33508, 34176, 34282, 35022, 40335, 40339, 42385, 2140, 3137, 4352, 4817, 4921, 7367, 7405, 7442, 7456, 7460, 7484, 7567, 7639, 8660, 8714, 9606, 9634, 9638, 9786, 9989, 10264, 11089, 11182, 12764, 12780, 12826, 17733, 17819, 26231, 30458, 33505, 33775, 33778, 33851, 34136, 34700, 34703, 35092, 35411, 35780, 35802, 35868, 37150, 42347, 2124, 2130, 4378, 4403, 4412, 4713, 4722, 4733, 4735, 7324, 7327, 7802, 10400, 12878, 17246, 17256, 17278, 17298, 17300, 17327, 17348, 17356, 26248, 31635, 33890, 34791, 35781, 35865, 35871, 35873, 36887, 36958, 42619, 4037, 4746, 4768, 4770, 4846, 4876, 7653, 9682, 11154, 17234, 26943, 27002, 27036, 27070, 27194, 28308, 29934, 29947, 29970, 30020, 30029, 30050, 30284, 30489, 30536, 30596, 30695, 30697, 30705, 30721, 30725, 30735, 30745, 31221, 31238, 31249, 31369, 31377, 31390, 31406, 31759, 31797, 31886, 31922, 31973, 31988, 31991, 32988, 33513, 33754, 33769, 33795, 33813, 33978, 34811, 35446, 40881, 42144, 42146, 42150, 42152, 42154, 42240, 42242, 42265, 42282, 42297, 42472, 42476, 42479, 42487, 42527, 42571, 42777, 30631, 4758, 4808, 4839, 4868, 6062, 6194, 6224, 6375, 7368, 17292, 17304, 27069, 27241, 29840, 29919, 29950, 30261, 30362, 30396, 30407, 31017, 31329, 31353, 31358, 31662, 31721, 31806, 31819, 31877, 33209, 34060, 34787, 34898, 36903, 36963, 37072, 40698, 42047, 42050, 42052, 42054, 42178, 42268, 42273, 42278, 42286, 42402, 42422, 42424, 42432, 42442, 21204, 35858, 8709, 17747, 21272, 27014, 27089, 33402, 33485, 34014, 36968, 40688, 40705, 36910, 24618, 4241, 6047, 9141, 11122, 12897, 16696, 16742, 16773, 16794, 16819, 16823, 16837, 16931, 16948, 17038, 17054, 17113, 17138, 17181, 17283, 17362, 17403, 17413, 17433, 17467, 17490, 17554, 17563, 17586, 17593, 17631, 17684, 17707, 17723, 17737, 23387, 23825, 23885, 23929, 24003, 24059, 24154, 24184, 24196, 24212, 24244, 24256, 24271, 24278, 24287, 24319, 24337, 24515, 24521, 24726, 25330, 25388, 25407, 25417, 25476, 25497, 25500, 25517, 25520, 25531, 25627, 25632, 25639, 25651, 25692, 25704, 25708, 26188, 26211, 26237, 26472, 26515, 26532, 26541, 26563, 26583, 26590, 26618, 26634, 26636, 26671, 26689, 26703, 27061, 27837, 29518, 29520, 32752, 34724, 34761, 36707, 36711, 36981, 36989, 37010, 37144, 37155, 37166, 37220, 39298, 39314, 39348, 39692, 39735, 39741, 39774, 39776, 39994, 40002, 40053, 40060, 40082, 40086, 40091, 40098, 40102, 40108, 40113, 40210, 40213, 40217, 40221, 40244, 40271, 40366, 40371, 40396, 40451, 40502, 40510, 40513, 40555, 40560, 40573, 40574, 40754, 39528, 6072, 6085, 7798, 11145, 16735, 16868, 16882, 16914, 16938, 17020, 17022, 17032, 17060, 17084, 17103, 17151, 17156, 17175, 17519, 17523, 17534, 22553, 23613, 23942, 23964, 23975, 23988, 24037, 24062, 24093, 24234, 24318, 24349, 24360, 24561, 24563, 24568, 24606, 24715, 25304, 25310, 25548, 25577, 25584, 26423, 26431, 26597, 26686, 26691, 26916, 27727, 27751, 32754, 33988, 34362, 34365, 36653, 36662, 36739, 36797, 36832, 36858, 36880, 37717, 39127, 39270, 39420, 39422, 39463, 39483, 39511, 39698, 39726, 39770, 40156, 40494, 40496, 40536, 40668, 39604, 10720, 17089, 17108, 17126, 23812, 24097, 24404, 24432, 25273, 25494, 34006, 34012, 36806, 36815, 38753, 39282, 39623, 24438, 39595, 24405, 16967, 22597, 23766, 24410, 39251, 39654, 39663, 39984, 16763, 39657, 17444, 39660, 32397, 26441, 26455, 26488, 29375, 29396, 29831, 29848, 29857, 30002, 30016, 30017, 30056, 30276, 30286, 30296, 30331, 30333, 30355, 30381, 30475, 30546, 30560, 30768, 31123, 31165, 31297, 31331, 31671, 31713, 31751, 31792, 31905, 32209, 32242, 32371, 32528, 42400, 42765, 42767, 42810, 42815, 42824, 42854, 42899, 42906, 42915, 42916, 42944, 43701, 43755, 39639, 39677, 22567, 30206, 31300, 31798, 42955, 29430, 29429, 29577, 44030, 10983, 25271, 23762], "label": "plant"}, {"objectId": 7, "id": 7, "partId": 7, "index": 6, "dominantNormal": [-0.6655170321464539, 0.7463826537132263, 1.657302414666498e-16], "obb": {"axesLengths": [0.645487019141277, 1.658434920196944, 0.6808405821236609], "centroid": [-0.20686223427475547, 3.2219819744716895, -0.6800525414594458], "normalizedAxes": [-0.6655170321464539, 0.7463826537132263, 1.657302414666498e-16, 0, -2.220446049250313e-16, 1, 0.7463826537132263, 0.6655170321464539, 1.477744664738387e-16]}, "segments": [38453, 21604, 37273, 37275, 37278, 19747, 38611, 38669, 15471, 15488, 15491, 15497, 15513, 15518, 18116, 18134, 18167, 18247, 18292, 18299, 18333, 19848, 20802, 20985, 21599, 21633, 21676, 21709, 23526, 36215, 37262, 37270, 37281, 37283, 37286, 37794, 37800, 38446, 38592, 38599, 38644, 38652, 39154, 38348, 37874, 15368, 16060, 17950, 18204, 18696, 18697, 18699, 18712, 18728, 18761, 19705, 19711, 19741, 19774, 19776, 19805, 20141, 20142, 21447, 21484, 21495, 21497, 36211, 37288, 37756, 37772, 37780, 37783, 37792, 37804, 37826, 37902, 37935, 38375, 38398, 38421, 38530, 38541, 15448, 15459, 17962, 18280, 20850, 20865, 20887, 21588, 38855, 37765, 17964, 17993, 36543, 15974, 15980, 16003, 16007, 16008, 16014, 16017, 20084, 20143, 36395, 36397, 36404, 36418, 37850, 16274, 16239, 16328, 18095, 18229, 18273, 19608, 19609, 19623, 19633, 19699, 19731, 19797, 19879, 20781, 20825, 21629, 37729, 37736, 38110, 38136, 38165, 19997, 16207, 16235, 19961, 20005, 20054, 36520, 36523, 36525, 36528, 37832, 36479, 15938, 15949, 15953, 15954, 16160, 16187, 19939, 19965, 36372, 36487, 36493, 36514, 22123, 16585, 22109, 38730, 22797, 22753, 21700, 18344, 20902, 20988, 38197, 38809, 38257, 18290, 20855, 39882, 39875, 22889, 39222, 23068, 23561, 18329, 18351, 18376, 18377, 21008, 21009, 21112, 22903, 22936, 22971, 22982, 23537, 24949, 24979, 37318, 37320, 38273, 38275, 38920, 38945, 38969, 38972, 38976, 38991, 39017, 39021, 39024, 39180, 39201, 39231, 39884, 24964, 21061, 17937, 24966, 24986, 39886, 39891, 39034, 18421, 23045, 39901, 23115, 4137, 25237, 40288, 42008, 29627, 39037, 42029, 41994], "label": "plant"}, {"objectId": 8, "id": 8, "partId": 8, "index": 7, "dominantNormal": [0, -2.220446049250313e-16, 1], "obb": {"axesLengths": [0.8981068146195127, 0.780162913050586, 0.8786652877465974], "centroid": [-0.08965673465222179, 2.4573705074130574, -1.0824085461217505], "normalizedAxes": [0.8757261037826538, 0.4828082323074341, 1.0720496319725694e-16, 0, -2.220446049250313e-16, 1, 0.4828082323074341, -0.8757261037826538, -1.9445025673695633e-16]}, "segments": [26255, 21137, 22679, 22664, 27141, 22507, 26270, 26825, 26352, 25046, 26328, 40327, 38778, 32672, 21891, 22640, 1146, 22617, 26320, 38703, 39070, 38909, 767], "label": "armchair"}, {"objectId": 9, "id": 9, "partId": 9, "index": 8, "dominantNormal": [0, -2.220446049250313e-16, 1], "obb": {"axesLengths": [0.8382346983088322, 0.7865399542479223, 1.035849415904244], "centroid": [1.185788658850628, 2.5168028362602097, -1.1030900162920367], "normalizedAxes": [0.7919911742210388, -0.6105325222015381, -1.3556545268612343e-16, 0, -2.220446049250313e-16, 1, -0.6105325222015381, -0.7919911742210388, -1.758573673840222e-16]}, "segments": [39543, 12205, 9266, 6937, 11775, 12238, 12986, 6842, 12669, 17535, 32691, 34109, 6905, 9363, 9366, 15087, 15544, 39951, 32710, 12954, 9328, 8115, 9518, 9546, 12979, 11792], "label": "armchair"}, {"objectId": 10, "id": 10, "partId": 10, "index": 9, "dominantNormal": [0, -2.220446049250313e-16, 1], "obb": {"axesLengths": [0.8918672130035885, 0.7872180166717312, 0.9080011356289716], "centroid": [0.019698926459736477, 0.5445883733079813, -1.0763910699359847], "normalizedAxes": [0.9447318911552429, 0.32784396409988403, 7.27959834856149e-17, 0, -2.220446049250313e-16, 1, 0.32784396409988403, -0.9447318911552429, -2.097726195316436e-16]}, "segments": [38687, 38695, 41794, 21801, 38789, 28793, 28702, 28989, 39921, 18556, 21788, 21846, 22701, 28623, 14447, 21132, 23169, 28712, 28969, 30450, 38280, 41846, 23440, 23428, 28665, 29228, 39936, 21810, 41861, 14161], "label": "armchair"}, {"objectId": 11, "id": 11, "partId": 11, "index": 10, "dominantNormal": [0, -2.220446049250313e-16, 1], "obb": {"axesLengths": [0.9138532357946373, 0.7823220316546701, 0.9904640229703503], "centroid": [1.3479874992931373, 0.6146283456506652, -1.0788390624445157], "normalizedAxes": [0.07245486229658127, 0.9973716735839844, 2.214609992243731e-16, 0, -2.220446049250313e-16, 1, 0.9973716735839844, -0.07245486229658127, -1.6088211273541934e-17]}, "segments": [10749, 25058, 28851, 6965, 10013, 10834, 10840, 11037, 35350, 35548, 7903, 3634, 5326, 5342, 5506, 7044, 7057, 7073, 7089, 7091, 7102, 7104, 7125, 7131, 7133, 7893, 7952, 10032, 16673, 32701, 33937, 5267, 5099, 7753, 34973, 34302, 16097, 5276, 5452, 5513, 5631, 8454, 8455, 34369, 35372, 6980, 35354, 35355, 7776], "label": "armchair"}, {"objectId": 12, "id": 12, "partId": 12, "index": 11, "dominantNormal": [0, -2.220446049250313e-16, 1], "obb": {"axesLengths": [0.5583212740164746, 0.3937699706754838, 0.5430960338222302], "centroid": [0.5435288598606904, 1.5601015347776406, -1.2657950466728585], "normalizedAxes": [0.01515250001102686, 0.9998852014541626, 2.2201911452727487e-16, 0, -2.220446049250313e-16, 1, 0.9998852014541626, -0.01515250001102686, -3.3645308785749915e-18]}, "segments": [18958, 11463, 11515, 11527, 18896, 18926, 18938, 18940, 18955, 18985, 19014, 19025, 19032, 19064, 19088, 19090, 19160, 37357, 37359, 37446, 20221, 11406, 19153, 20175, 20185, 20198, 20229, 20269, 20294, 20301, 20312, 20319, 20324, 20330, 20361, 20380, 37936, 37938, 37944, 37945, 37951, 37958, 38038, 8281, 8282, 8286, 8300, 8318, 8325, 8336, 8347, 8369, 15904, 19092, 19189, 20234, 20299, 20300, 20351, 34560, 34563, 34570, 34572, 34576, 37967, 38011, 41001, 8337, 15910, 24735, 28261, 11519, 11533, 11556, 11562, 12347, 12358, 19127, 19207, 19258, 19294, 19308, 19345, 19355, 19387, 19402, 19414, 19415, 20458, 20468, 20473, 20479, 21305, 24743, 24745, 35545, 35704, 37405, 37536, 37539, 37543, 37545, 37548, 37551, 37597, 37599, 37602, 37606, 37612, 37615, 37624, 37627, 37633, 37714, 38055, 38058, 38062, 38067, 38286, 39783, 39789, 39802, 39808, 19249, 19281, 37583, 24823, 35728, 24834], "label": "coffee table"}, {"objectId": 13, "id": 13, "partId": 13, "index": 12, "dominantNormal": [0.9999946355819702, -0.0032761667389422655, -7.274551492169635e-19], "obb": {"axesLengths": [0.3999672933988186, 0.7253339873552173, 0.14509151694501324], "centroid": [1.6823553621597582, 2.990140732044083, 0.20854091121932106], "normalizedAxes": [0.0032761667389422655, 0.9999946355819702, 2.2204341378494923e-16, 0, -2.220446049250313e-16, 1, 0.9999946355819702, -0.0032761667389422655, -7.274551492169635e-19]}, "segments": [26948, 4083, 4102, 33927], "label": "picture"}, {"objectId": 15, "id": 15, "partId": 15, "index": 13, "dominantNormal": [0, -2.220446049250313e-16, 1], "obb": {"axesLengths": [1.477491321999841, 0.792268973761745, 0.8552458649683502], "centroid": [-1.3295229064093526, 2.759117950186658, -1.1015855652892106], "normalizedAxes": [0.6700629591941833, 0.742304265499115, 1.6482465736691654e-16, 0, -2.220446049250313e-16, 1, 0.742304265499115, -0.6700629591941833, -1.4878386504916982e-16]}, "segments": [1034, 15575, 15759, 15627, 1012, 1042, 36117, 14814, 36130, 14828, 14136, 15551, 15561, 15573, 15618, 15629, 15654, 15675, 15677, 15691, 15708, 15743, 15779, 15837, 16098, 27815, 36054, 36139, 36141, 36222, 36243, 36261, 36264, 36296, 36298, 36302, 36331, 40811, 40825, 28480, 28505], "label": "table"}, {"objectId": 16, "id": 16, "partId": 16, "index": 14, "dominantNormal": [0.7821401357650757, -0.6231025457382202, -1.3835655859622436e-16], "obb": {"axesLengths": [0.5303403583517649, 0.8289980107024753, 0.41091001685878503], "centroid": [-1.476303755784245, 2.599723393565907, -1.0803410696569604], "normalizedAxes": [0.6231025457382202, 0.7821401357650757, 1.7366999744196658e-16, 0, -2.220446049250313e-16, 1, 0.7821401357650757, -0.6231025457382202, -1.3835655859622436e-16]}, "segments": [13606, 38094, 13743, 13813, 20584, 20588, 20589, 20593, 20608, 20613, 36106, 38104, 38108, 13637, 13673, 13650, 13643, 13736, 13910, 13915, 36063, 14476, 13339, 14283, 14319], "label": "chair"}, {"objectId": 17, "id": 17, "partId": 17, "index": 15, "dominantNormal": [0, -2.220446049250313e-16, 1], "obb": {"axesLengths": [3.8642873992235716, 0.12000000208616246, 1.7933228050377066], "centroid": [0.9499839468239322, 1.6824822942539615, 1.109999847371356], "normalizedAxes": [-0.10400745272636414, 0.9945765137672424, 2.208403490671623e-16, 0, -2.220446049250313e-16, 1, 0.9945765137672424, 0.10400745272636414, 2.3094293749884395e-17]}, "segments": [7226, 4856, 4308, 15667, 1628, 920, 656, 535, 888], "label": "ceiling"}], "scan_id": "6bde6091-9162-246f-8ea8-fdfd6c0a7f77", "annId": "1958", "appId": "stk.v1"}