{"segGroups": [{"objectId": 8, "id": 8, "partId": 8, "index": 0, "dominantNormal": [0.10191536694765091, -0.9947930574417114, -2.208884314218088e-16], "obb": {"axesLengths": [0.31170038970123437, 0.4310939811670636, 0.17254174319741367], "centroid": [-0.26943020642213567, 1.0366487708580803, 0.8144528739649144], "normalizedAxes": [0.9947930574417114, 0.10191536694765091, 2.262975738968074e-17, 0, -2.220446049250313e-16, 1, 0.10191536694765091, -0.9947930574417114, -2.208884314218088e-16]}, "segments": [7526, 7086, 22062, 22056], "label": "ventilation"}, {"objectId": 9, "id": 9, "partId": 9, "index": 1, "dominantNormal": [-0.07694430649280548, -0.9970353841781616, -2.213863279761167e-16], "obb": {"axesLengths": [0.5151501370086315, 0.5199999842047692, 0.2450953667165879], "centroid": [-0.2583743204563873, 1.1991467505611801, 0.36999990522861514], "normalizedAxes": [0.9970353841781616, -0.07694430649280548, -1.7085068136425514e-17, 0, -2.220446049250313e-16, 1, -0.07694430649280548, -0.9970353841781616, -2.213863279761167e-16]}, "segments": [21993, 6840, 7778, 67, 6950, 6924, 22053, 43, 183, 185, 6968, 18052, 21317, 21319, 21320, 21322, 21327, 22078, 25663, 25668, 6786], "label": "window"}, {"objectId": 10, "id": 10, "partId": 10, "index": 2, "dominantNormal": [-0.5818763375282288, -0.8132773041725159, -1.805838376994808e-16], "obb": {"axesLengths": [1.167836826551606, 2.0825309287936022, 0.9872186151665704], "centroid": [-0.4760929376180091, -0.8581334549848401, -0.35855455826473626], "normalizedAxes": [0.8132772445678711, -0.5818763375282288, -1.2920250148167972e-16, 0, -2.220446049250313e-16, 1, -0.5818763375282288, -0.8132772445678711, -1.80583824464591e-16]}, "segments": [14170, 17751, 15740, 24721, 16636, 14351, 17781, 17716, 25490, 22794, 19618, 706, 15069, 23579, 9985, 23539, 23561, 17742], "label": "shower"}, {"objectId": 11, "id": 11, "partId": 11, "index": 3, "dominantNormal": [-0.5416957139968872, -0.8405746817588806, -1.8664507312113457e-16], "obb": {"axesLengths": [1.3408788599767447, 2.4503799129192534, 1.0163278638315518], "centroid": [-0.4795587982475624, -0.9728368901827393, -0.17225005278922678], "normalizedAxes": [0.8405746817588806, -0.5416957139968872, -1.2028061080402157e-16, 0, -2.220446049250313e-16, 1, -0.5416957139968872, -0.8405746817588806, -1.8664507312113457e-16]}, "segments": [15201, 8286, 3220, 3053, 3010, 3081, 3227, 14705, 16298, 16721, 16961, 19968, 24912, 27471, 27474, 8338, 15845, 16279, 16030, 11069, 6578, 26178, 27436, 16389, 22009, 12523, 13299, 27838, 4233, 7235, 22137, 7825, 8973, 7113, 2942, 2949, 2970, 2982, 3013, 3270, 3353, 4304, 4368, 6464, 7227, 7861, 7865, 10889, 13271, 13469, 18017, 21694, 22001, 22154, 23454, 26735, 11870, 11853, 23021, 26728, 3340, 23075, 11932, 23027, 23459, 11876, 7919, 3581, 11366, 13260, 4752, 16303, 1318, 19223, 10784, 26814, 4276, 1319, 4314, 21787, 16285, 21558, 21819, 16354, 21797, 26909, 26948, 18344, 19248, 27171, 9670, 4206, 25434, 25493, 10906, 22860, 10939, 10918, 22872], "label": "shower wall"}, {"objectId": 16, "id": 16, "partId": 16, "index": 7, "dominantNormal": [0.9905480742454529, 0.13716602325439453, 3.045697544265969e-17], "obb": {"axesLengths": [0.6378094520004232, 1.9999999552965164, 0.23173369187539375], "centroid": [0.33616759979637645, -0.5638151922894824, -0.39000006079673777], "normalizedAxes": [-0.13716600835323334, 0.9905480742454529, 2.1994585580508216e-16, 0, -2.220446049250313e-16, 1, 0.9905480742454529, 0.13716600835323334, 3.045697213393724e-17]}, "segments": [12756, 14718, 12898], "label": "doorframe"}, {"objectId": 17, "id": 17, "partId": 17, "index": 8, "dominantNormal": [0, -2.220446049250313e-16, 1], "obb": {"axesLengths": [0.6527537316625279, 0.17461001482732552, 0.5085727432069975], "centroid": [-0.003712325981045872, -0.41195414173050166, -1.3163150496859477], "normalizedAxes": [0.8922829031944275, 0.45147672295570374, 1.0024797058154705e-16, 0, -2.220446049250313e-16, 1, 0.45147672295570374, -0.8922829031944275, -1.981266047211666e-16]}, "segments": [18123, 17570], "label": "towel"}, {"objectId": 18, "id": 18, "partId": 18, "index": 9, "dominantNormal": [-0.37624070048332214, -0.9265219569206238, -2.0572920187880678e-16], "obb": {"axesLengths": [0.20210972427711132, 1.9599999347329142, 0.09187015171631598], "centroid": [0.4825050354416205, -0.8258560258595324, -0.410000071078539], "normalizedAxes": [0.9265219569206238, -0.37624070048332214, -8.35422176955363e-17, 0, -2.220446049250313e-16, 1, -0.37624070048332214, -0.9265219569206238, -2.0572920187880678e-16]}, "segments": [23276, 27500, 7269], "label": "door"}, {"objectId": 19, "id": 19, "partId": 19, "index": 10, "dominantNormal": [0.9964091181755066, -0.08466888964176178, -1.880027014994607e-17], "obb": {"axesLengths": [0.9062614391737558, 1.177499983217567, 0.3580286630293542], "centroid": [-0.5624951165556825, -0.0484050023701561, 0.09874990920536253], "normalizedAxes": [0.08466888964176178, 0.9964091181755066, 2.212472689889792e-16, 0, -2.220446049250313e-16, 1, 0.9964091181755066, -0.08466888964176178, -1.880027014994607e-17]}, "segments": [23980, 12711, 24448, 12728, 15432, 10968, 10514, 17740, 17764, 17798, 25843, 25857, 27007, 22851, 18425, 876, 1040, 1327, 1416, 4586, 10616, 10960, 12297, 14316, 14874, 14882, 15383, 17711, 17725, 18109, 18381, 18403, 18407, 18548, 18567, 18578, 18587, 19469, 19528, 19551, 21522, 22815, 22828, 22830, 22834, 22837, 22888, 23212, 23964, 23967, 24002, 24436, 24692, 24699, 25478, 25482, 25830, 25868, 26063, 14195], "label": "mirror"}, {"objectId": 21, "id": 21, "partId": 21, "index": 11, "dominantNormal": [0.9983270764350891, -0.05781948193907738, -1.283850402413242e-17], "obb": {"axesLengths": [0.16320285831413286, 0.10772299525760864, 0.10468523497853545], "centroid": [0.2604420559131879, 0.8995960246468486, -0.3934995686225704], "normalizedAxes": [0.05781948193907738, 0.9983270764350891, 2.216731412729909e-16, 0, -2.220446049250313e-16, 1, 0.9983270764350891, -0.05781948193907738, -1.283850402413242e-17]}, "segments": [14405, 14366, 24016], "label": "toilet paper"}, {"objectId": 22, "id": 22, "partId": 22, "index": 12, "dominantNormal": [0, -2.220446049250313e-16, 1], "obb": {"axesLengths": [0.22666582448760858, 0.09367799549524491, 0.11446017566858353], "centroid": [0.27339346419508126, 0.9415446515304557, -0.5702010507836717], "normalizedAxes": [-0.1354333609342575, 0.9907864332199097, 2.1999878212939576e-16, 0, -2.220446049250313e-16, 1, 0.9907864332199097, 0.1354333609342575, 3.007224712231638e-17]}, "segments": [24592, 15112, 14466, 14469, 24610, 24617], "label": "toilet paper"}, {"objectId": 1, "id": 1, "partId": 1, "index": 14, "dominantNormal": [0, -2.220446049250313e-16, 1], "obb": {"axesLengths": [2.062111577079184, 0.2731399475081278, 1.2531422876121914], "centroid": [-0.12077825251038221, 0.02972590367596817, -1.3265700881949805], "normalizedAxes": [-0.18748465180397034, 0.9822675585746765, 2.181072119743891e-16, 0, -2.220446049250313e-16, 1, 0.9822675585746765, 0.18748465180397034, 4.162995543931965e-17]}, "segments": [20319, 8081, 13580, 13670, 19839, 19884, 20252, 23570, 24624, 24851, 27390, 27515, 24844, 27744], "label": "floor"}, {"objectId": 2, "id": 2, "partId": 2, "index": 15, "dominantNormal": [0.028219586238265038, -0.9996017217636108, -2.2195616939138204e-16], "obb": {"axesLengths": [0.7173044730497481, 1.0085800064672525, 0.500000949830754], "centroid": [-0.45839962723616867, 0.7892676348688976, -0.9342900845939659], "normalizedAxes": [0.9996017217636108, 0.028219586238265038, 6.266006877423411e-18, 0, -2.220446049250313e-16, 1, 0.028219586238265038, -0.9996017217636108, -2.2195616939138204e-16]}, "segments": [23762, 11502, 9717, 23847, 24641, 9820, 9850, 11454, 9708, 9730, 9731, 9768, 9787, 9792, 9794, 9805, 22669, 22685, 22701, 14006, 23802, 23695, 3856, 2735, 2858, 2895, 2917, 9890, 9963, 11510, 11526, 11575, 11583, 11585, 11627, 13552, 14766, 22707, 22957, 22974, 23775, 23851, 24036, 3781, 24343], "label": "toilet"}, {"objectId": 3, "id": 3, "partId": 3, "index": 16, "dominantNormal": [0.9995206594467163, -0.030959397554397583, -6.874367198683192e-18], "obb": {"axesLengths": [0.8759711616181779, 0.8366820327189106, 0.4850663737812999], "centroid": [-0.364985363504294, -0.07364083242558517, -0.8114090771658191], "normalizedAxes": [0.030959397554397583, 0.9995206594467163, 2.2193816994125288e-16, 0, -2.220446049250313e-16, 1, 0.9995206594467163, -0.030959397554397583, -6.874367198683192e-18]}, "segments": [27235, 27354, 20715, 27255, 26061, 19515, 9674, 13026, 13027, 19771, 20694, 23318, 27934, 27953, 27956, 27960, 19005, 19571, 27039, 12376, 19466, 20087, 20155], "label": "sink"}, {"objectId": 4, "id": 4, "partId": 4, "index": 17, "dominantNormal": [0.9999982714653015, -0.0018658072222024202, -4.142924275202065e-19], "obb": {"axesLengths": [1.956721688738183, 2.443269913421498, 0.7685307112027665], "centroid": [-0.7131773239820411, 0.15352666048432073, -0.17163511168282386], "normalizedAxes": [0.0018658072222024202, 0.9999982714653015, 2.2204422111322708e-16, 0, -2.220446049250313e-16, 1, 0.9999982714653015, -0.0018658072222024202, -4.142924275202065e-19]}, "segments": [12604, 8592, 24074, 9135, 14667, 12876, 14014, 14022, 15468, 23867, 14713, 1035, 798, 24087, 1650, 1700, 11367, 10999, 23900, 8537, 941, 1412, 2390, 10575, 25052, 801, 820, 831, 839, 845, 849, 850, 852, 853, 962, 966, 1026, 1141, 1164, 1246, 1281, 1309, 1329, 1343, 1348, 1365, 1388, 1399, 1417, 2253, 2311, 3277, 3331, 3348, 3796, 3813, 3850, 4197, 4219, 4313, 4326, 4628, 4632, 4636, 4672, 4756, 6653, 6659, 6676, 6726, 7670, 8384, 8415, 8425, 8430, 8437, 8465, 8470, 8552, 8595, 8705, 8716, 8728, 8738, 8749, 8819, 9141, 9158, 9193, 9198, 9236, 9246, 9324, 9340, 9362, 9371, 9382, 9433, 9517, 9647, 9669, 9727, 9851, 9996, 10076, 10133, 10140, 10302, 10558, 10571, 10621, 10634, 10678, 10781, 11127, 11156, 11206, 11219, 11305, 11316, 11317, 11399, 12623, 12809, 12828, 13073, 13105, 13108, 13128, 13139, 13141, 13173, 13234, 13312, 13539, 13541, 13544, 13569, 13570, 13602, 13604, 13614, 13651, 14065, 14131, 14772, 14903, 14996, 15011, 15599, 15607, 15622, 15627, 15642, 15645, 15649, 15669, 16213, 16228, 16239, 16269, 16315, 17691, 18127, 18162, 18171, 18305, 18618, 18630, 18681, 18682, 18687, 18751, 18798, 18821, 18826, 18830, 18831, 18834, 18985, 19049, 19204, 19572, 21490, 21499, 21518, 21525, 21564, 21569, 21697, 21749, 21783, 21793, 21834, 21839, 22382, 22421, 22423, 22433, 22437, 22622, 22642, 22646, 22912, 22934, 22938, 23192, 23243, 23399, 23528, 23529, 23531, 23568, 23629, 23646, 23877, 23880, 23886, 23935, 24021, 24042, 24354, 24399, 24711, 24733, 24737, 24760, 24791, 24795, 24835, 24841, 25065, 25070, 25695, 25715, 25720, 25738, 25911, 25936, 25965, 25993, 26019, 26158, 26816, 26824, 26827, 26832, 26834, 26837, 26961, 26976, 27981, 8400, 6390, 8776, 8788, 1006, 18670], "label": "wall"}, {"objectId": 5, "id": 5, "partId": 5, "index": 18, "dominantNormal": [0, -2.220446049250313e-16, 1], "obb": {"axesLengths": [2.45679024794416, 0.1800000031292437, 1.34931931255352], "centroid": [-0.3011851085088757, -0.07173169036728888, 1.0199999041110273], "normalizedAxes": [0.15952345728874207, 0.9871941208839417, 2.1920112855598842e-16, 0, -2.220446049250313e-16, 1, 0.9871941208839417, -0.15952345728874207, -3.542132304995384e-17]}, "segments": [17177], "label": "ceiling"}, {"objectId": 6, "id": 6, "partId": 6, "index": 19, "dominantNormal": [0.99844890832901, -0.055675189942121506, -1.2362375554824446e-17], "obb": {"axesLengths": [2.12076467166522, 2.4888300339394047, 0.2521868276198592], "centroid": [0.2965332422944198, 0.13035690139972933, -0.1979450781357659], "normalizedAxes": [0.055675193667411804, 0.99844890832901, 2.2170019338774383e-16, 0, -2.220446049250313e-16, 1, 0.99844890832901, -0.055675193667411804, -1.2362376382005059e-17]}, "segments": [12635, 15582, 3259, 4457, 14545, 26425, 12955, 15924, 20145, 9403, 19749, 242, 279, 282, 286, 288, 295, 310, 2417, 3030, 3185, 3213, 3218, 3427, 3643, 3961, 3968, 4004, 4029, 4158, 4176, 4948, 4956, 5105, 6953, 7813, 7838, 7840, 7908, 7933, 7957, 9350, 9352, 9424, 12487, 12967, 13599, 14285, 14418, 14510, 15309, 15310, 16587, 18856, 18891, 18912, 18927, 19134, 19930, 21523, 21977, 21982, 21985, 26530, 27394, 27405, 27413, 27416, 20494, 18570, 4019, 12469, 14472, 21405], "label": "wall"}, {"objectId": 7, "id": 7, "partId": 7, "index": 20, "dominantNormal": [-0.04209599271416664, -0.9991135597229004, -2.218477756439131e-16], "obb": {"axesLengths": [1.1861748957034608, 2.4689999266937384, 0.14930091257828573], "centroid": [-0.22357310128744345, 1.0709631671143205, -0.18839003655932895], "normalizedAxes": [0.9991135597229004, -0.04209599271416664, -9.347188071144128e-18, 0, -2.220446049250313e-16, 1, -0.04209599271416664, -0.9991135597229004, -2.218477756439131e-16]}, "segments": [130, 14261, 21999], "label": "wall"}], "scan_id": "80b8588f-4a8d-222f-8712-eaa02a5450a9", "annId": "4021", "appId": "stk.v1"}