{"segGroups": [{"objectId": 1, "id": 1, "partId": 1, "index": 0, "dominantNormal": [0, -2.220446049250313e-16, 1], "obb": {"axesLengths": [3.493701305826345, 0.3115999628990897, 2.228666365994671], "centroid": [-0.3859134230372091, 0.7211981389781777, -1.345800036098063], "normalizedAxes": [0.9680901169776917, 0.25060221552848816, 5.56448699403607e-17, 0, -2.220446049250313e-16, 1, 0.25060221552848816, -0.9680901169776917, -2.1495918755613889e-16]}, "segments": [2638, 7440, 6907, 869, 2093, 11149, 24, 701, 2932, 7678, 8383, 4911, 4379, 378, 457, 396, 11635, 415, 4507, 4499, 2673, 13038, 6003], "label": "floor"}, {"objectId": 2, "id": 2, "partId": 2, "index": 1, "dominantNormal": [-0.15230265259742737, -0.9883338809013367, -2.1945420611876025e-16], "obb": {"axesLengths": [2.5600435526062126, 1.0459910397382588, 0.16654023435903267], "centroid": [-0.4687773039469013, 1.5738001588357464, -0.9328945310869556], "normalizedAxes": [0.9883338809013367, -0.15230265259742737, -3.3817982325030053e-17, 0, -2.220446049250313e-16, 1, -0.15230265259742737, -0.9883338809013367, -2.1945420611876025e-16]}, "segments": [1766, 4339, 3799, 4385, 4121, 6281, 6516, 4237], "label": "wall"}, {"objectId": 3, "id": 3, "partId": 3, "index": 2, "dominantNormal": [0.9898154735565186, -0.14235617220401764, -3.160942001568082e-17], "obb": {"axesLengths": [2.3025187018669597, 1.968519882071318, 0.24408022816394667], "centroid": [-1.7718691933542225, 0.8971051616838982, -0.4542600055189441], "normalizedAxes": [0.14235618710517883, 0.9898154735565186, 2.1978318577453994e-16, 0, -2.220446049250313e-16, 1, 0.9898154735565186, -0.14235618710517883, -3.160942332440327e-17]}, "segments": [9771, 8440, 10682, 3632, 3054, 11112, 14080, 4880, 7826], "label": "wall"}, {"objectId": 4, "id": 4, "partId": 4, "index": 3, "dominantNormal": [0.9920916557312012, -0.1255156695842743, -2.7870077264740954e-17], "obb": {"axesLengths": [0.3409626450945429, 0.3341879918980298, 0.268888792049518], "centroid": [-1.5801551235273994, 1.8516341007057182, -0.33709401796399163], "normalizedAxes": [0.1255156695842743, 0.9920916557312012, 2.2028859974625474e-16, 0, -2.220446049250313e-16, 1, 0.9920916557312012, -0.1255156695842743, -2.7870077264740954e-17]}, "segments": [2285, 6185, 2499, 12286], "label": "plant"}, {"objectId": 5, "id": 5, "partId": 5, "index": 4, "dominantNormal": [0, -2.220446049250313e-16, 1], "obb": {"axesLengths": [2.0128270298522586, 0.8044400035342569, 1.5717605023860717], "centroid": [-1.337716755146465, 0.6661135477733607, -1.0322200069437928], "normalizedAxes": [-0.40981945395469666, 0.9121666550636292, 2.0254168454939084e-16, 0, -2.220446049250313e-16, 1, 0.9121666550636292, 0.40981945395469666, 9.099819874396268e-17]}, "segments": [3980, 3073, 11034, 14800, 4046, 3536, 3402, 5120, 5877, 10734, 10884, 5566, 15013, 9010, 14737, 7823, 8147, 8494, 6056, 9363, 13867, 7574, 9255, 5976, 8884, 7083, 9693, 7389, 9903, 14236, 7602, 14559, 8782, 6815, 14539, 14367, 10129, 10378, 4703, 11825, 3949, 14600, 14586, 4874, 9881, 7975, 7519, 10076, 14373, 14395, 14095, 14091, 6773, 9470, 14579, 6743, 9799, 6797, 9377, 13066], "label": "desk"}, {"objectId": 6, "id": 6, "partId": 6, "index": 5, "dominantNormal": [0, -2.220446049250313e-16, 1], "obb": {"axesLengths": [0.5056762813233785, 0.1000000216066832, 0.38427984737046317], "centroid": [-1.3949896825667532, 0.5663434828496925, -0.7400000170230874], "normalizedAxes": [-0.3413020670413971, 0.9399536848068237, 2.0871164459075858e-16, 0, -2.220446049250313e-16, 1, 0.9399536848068237, 0.3413020670413971, 7.578428263630357e-17]}, "segments": [4041], "label": "paper stack"}, {"objectId": 7, "id": 7, "partId": 7, "index": 6, "dominantNormal": [0.8611244559288025, -0.508394181728363, -1.1288618522805894e-16], "obb": {"axesLengths": [0.41851417511083855, 0.41241001161016494, 0.3309686015981692], "centroid": [-0.6014525577569181, 0.6834666997052524, -1.236274954050595], "normalizedAxes": [0.508394181728363, 0.8611244559288025, 1.9120803960799348e-16, 0, -2.220446049250313e-16, 1, 0.8611244559288025, -0.508394181728363, -1.1288618522805894e-16]}, "segments": [7850, 7347, 12710, 11565, 2843, 12596, 3411, 2870, 3378, 2863, 3593, 12634, 11544, 7167, 12703], "label": "bag"}, {"objectId": 9, "id": 9, "partId": 9, "index": 7, "dominantNormal": [-0.5320129990577698, -0.8467361927032471, -1.8801320338451767e-16], "obb": {"axesLengths": [0.4592818286193962, 0.4534239667633777, 0.26677082564431337], "centroid": [-1.4601519157902234, 0.9005111918769736, -1.2071579665193426], "normalizedAxes": [0.8467361927032471, -0.5320129990577698, -1.1813061619076354e-16, 0, -2.220446049250313e-16, 1, -0.5320129990577698, -0.8467361927032471, -1.8801320338451767e-16]}, "segments": [8308, 12996, 8358, 7725, 13600, 12744, 8406, 8327], "label": "pc"}, {"objectId": 10, "id": 10, "partId": 10, "index": 8, "dominantNormal": [0.9808365106582642, -0.19483254849910736, -4.3261516258021295e-17], "obb": {"axesLengths": [0.644688886795052, 0.51480801742953, 0.26398346475647266], "centroid": [-1.6812314180275456, 1.3295706242267396, -0.4600100207684199], "normalizedAxes": [0.19483254849910736, 0.9808365106582642, 2.1778945550516053e-16, 0, -2.220446049250313e-16, 1, 0.9808365106582642, -0.19483254849910736, -4.3261516258021295e-17]}, "segments": [9316, 1015, 9440, 1251, 12839, 9433, 9012, 1275, 9100, 9069], "label": "monitor"}, {"objectId": 11, "id": 11, "partId": 11, "index": 9, "dominantNormal": [0.7770077586174011, 0.6294910311698914, 1.397750873199691e-16], "obb": {"axesLengths": [0.6981688285518651, 0.8247300202087304, 0.6137917764164144], "centroid": [-0.12205698637317425, 1.295203967129492, -1.0423650152810298], "normalizedAxes": [-0.6294910311698914, 0.7770077586174011, 1.7253038078588492e-16, 0, -2.220446049250313e-16, 1, 0.7770077586174011, 0.6294910311698914, 1.397750873199691e-16]}, "segments": [1893, 5350, 5318, 2760, 2815, 5801, 12159, 3127, 5359, 11991, 2773], "label": "chair"}, {"objectId": 12, "id": 12, "partId": 12, "index": 10, "dominantNormal": [-0.2747253477573395, -0.9615227580070496, -2.135009409281018e-16], "obb": {"axesLengths": [0.5543549664993446, 0.5435189483273262, 0.3607983734310064], "centroid": [-0.07223646425918212, 1.4011133783853538, -0.8782405003166098], "normalizedAxes": [0.9615227580070496, -0.2747253477573395, -6.100128130567028e-17, 0, -2.220446049250313e-16, 1, -0.2747253477573395, -0.9615227580070496, -2.135009409281018e-16]}, "segments": [12014, 5404, 13151, 12388, 6447], "label": "cushion"}, {"objectId": 13, "id": 13, "partId": 13, "index": 11, "dominantNormal": [-0.5626852512359619, -0.8266711831092834, -1.8355787625640906e-16], "obb": {"axesLengths": [0.6869407554541082, 0.849480013933479, 0.5723112758520352], "centroid": [0.3236930545276736, 1.160528788042194, -1.0347400316639248], "normalizedAxes": [0.8266712427139282, -0.5626852512359619, -1.2494122430783115e-16, 0, -2.220446049250313e-16, 1, -0.5626852512359619, -0.8266712427139282, -1.8355788949129886e-16]}, "segments": [4969, 12138, 5963, 5818, 2706, 12208, 5749, 4496, 2754, 4467, 4527, 6445, 12335, 2116, 4505], "label": "chair"}, {"objectId": 14, "id": 14, "partId": 14, "index": 12, "dominantNormal": [0, -2.220446049250313e-16, 1], "obb": {"axesLengths": [0.47557380495966955, 0.19106995632343082, 0.4049873140962427], "centroid": [0.3341495005136548, 1.106771003562513, -0.9855349679901843], "normalizedAxes": [0.9870965480804443, -0.16012635827064514, -3.555519396028942e-17, 0, -2.220446049250313e-16, 1, -0.16012635827064514, -0.9870965480804443, -2.1917946304138443e-16]}, "segments": [4950, 12223], "label": "bag"}, {"objectId": 15, "id": 15, "partId": 15, "index": 13, "dominantNormal": [0.7285305261611938, -0.6850132942199707, -1.5210350628346763e-16], "obb": {"axesLengths": [0.36486443000986024, 0.348585001783408, 0.16303100277825586], "centroid": [-0.8744721427660297, 1.394944158152439, -0.8942875306452629], "normalizedAxes": [0.6850132942199707, 0.7285305857658386, 1.6176628609217727e-16, 0, -2.220446049250313e-16, 1, 0.7285305857658386, -0.6850132942199707, -1.5210350628346763e-16]}, "segments": [7923, 9896, 14125, 14270, 10044], "label": "cushion"}, {"objectId": 16, "id": 16, "partId": 16, "index": 14, "dominantNormal": [-0.4840473532676697, -0.8750417828559875, -1.942983069671528e-16], "obb": {"axesLengths": [0.6992498696793853, 0.9430470255826329, 0.5911323443579374], "centroid": [-0.8905014680987852, 1.2490601832957338, -0.9796065113394008], "normalizedAxes": [0.8750417828559875, -0.48404738306999207, -1.0748010993877168e-16, 0, -2.220446049250313e-16, 1, -0.48404738306999207, -0.8750417828559875, -1.942983069671528e-16]}, "segments": [10207, 14179, 8139, 6122, 9875, 6873, 5037, 6883, 13200, 12569, 7843, 14340, 13701, 5057, 5182, 5190, 13766, 13790, 5059, 13820, 13492, 5212, 11952], "label": "desk chair"}, {"objectId": 17, "id": 17, "partId": 17, "index": 15, "dominantNormal": [0.9992370009422302, -0.03905688598752022, -8.672370818700918e-18], "obb": {"axesLengths": [0.46199244371415793, 0.30851396228714356, 0.20274300701390688], "centroid": [-1.8049950377209347, 0.6209769889420397, -0.5986140029799801], "normalizedAxes": [0.039056889712810516, 0.9992370009422302, 2.2187518510069065e-16, 0, -2.220446049250313e-16, 1, 0.9992370009422302, -0.039056889712810516, -8.67237164588153e-18]}, "segments": [11892, 11843, 4755, 11884, 4793, 14792, 6300, 6203, 6540], "label": "item"}, {"objectId": 18, "id": 18, "partId": 18, "index": 16, "dominantNormal": [0, -2.220446049250313e-16, 1], "obb": {"axesLengths": [0.2906015777241707, 0.16559099780937295, 0.20017697808716775], "centroid": [-1.696578778924362, 0.49123936376289984, -0.6527955030382696], "normalizedAxes": [0.7363507747650146, 0.6765999794006348, 1.5023537511829827e-16, 0, -2.220446049250313e-16, 1, 0.6765999794006348, -0.7363507747650146, -1.635027168689384e-16]}, "segments": [4986, 11659, 4939, 6010], "label": "item"}, {"objectId": 19, "id": 19, "partId": 19, "index": 17, "dominantNormal": [-0.4295261800289154, -0.903054416179657, -2.0051836106641674e-16], "obb": {"axesLengths": [0.20462233539329333, 0.18434601610125542, 0.1788507882372176], "centroid": [-1.657568719711547, 0.9240872315400475, -0.6531050001493482], "normalizedAxes": [0.903054416179657, -0.429526150226593, -9.537396433203349e-17, 0, -2.220446049250313e-16, 1, -0.429526150226593, -0.903054416179657, -2.0051836106641674e-16]}, "segments": [6233, 10897, 13760], "label": "item"}, {"objectId": 20, "id": 20, "partId": 20, "index": 18, "dominantNormal": [0, -2.220446049250313e-16, 1], "obb": {"axesLengths": [0.418464063003121, 0.15999996304512099, 0.32400214917714065], "centroid": [-1.6182992194183394, 1.6768042623606374, -0.6300000051766644], "normalizedAxes": [0.6780672669410706, 0.7349998354911804, 1.6320274809160216e-16, 0, -2.220446049250313e-16, 1, 0.7349998354911804, -0.6780672669410706, -1.5056117840052575e-16]}, "segments": [2594, 13976], "label": "item"}, {"objectId": 21, "id": 21, "partId": 21, "index": 19, "dominantNormal": [0, -2.220446049250313e-16, 1], "obb": {"axesLengths": [0.3859740062492514, 0.13899498867254736, 0.2672728146436084], "centroid": [-1.3392454280971908, 1.6588631932316154, -0.675361493220297], "normalizedAxes": [0.9606342911720276, -0.2778159976005554, -6.168754342906877e-17, 0, -2.220446049250313e-16, 1, -0.2778159976005554, -0.9606342911720276, -2.1330366166073036e-16]}, "segments": [14988, 4780, 13829, 3875, 6906, 8173, 9479, 9487, 9503, 9509, 9545, 13835, 13874, 13989], "label": "item"}, {"objectId": 22, "id": 22, "partId": 22, "index": 20, "dominantNormal": [-0.28000229597091675, -0.9599993228912354, -2.1316267037968192e-16], "obb": {"axesLengths": [2.0345139709699986, 0.6407049900135766, 0.5028909667988379], "centroid": [-0.6764471060874022, 1.8314274898901264, -0.10964752656115317], "normalizedAxes": [0.9599993228912354, -0.28000229597091675, -6.21729991869639e-17, 0, -2.220446049250313e-16, 1, -0.28000229597091675, -0.9599993228912354, -2.1316267037968192e-16]}, "segments": [4799, 4816, 2074, 2123, 13730, 8033, 6133, 137, 1901, 1518, 927, 14420, 234, 297, 650, 677, 690, 904, 960, 1383, 1635, 1637, 1883, 2044, 2222, 2290, 2310, 2396, 4761, 6118, 12244, 14099, 14130, 14261, 12272, 13173, 8029, 14410, 284, 14176, 11189, 589, 2338, 2361, 2371, 2440, 11199, 924, 14113, 8565, 6625, 7882, 12814, 12834, 6219], "label": "window"}], "scan_id": "0958224e-e2c2-2de1-943b-38e36345e2e7", "annId": "3111", "appId": "stk.v1"}