{"segGroups": [{"objectId": 1, "id": 1, "partId": 1, "index": 0, "dominantNormal": [0, -2.220446049250313e-16, 1], "obb": {"axesLengths": [6.207963847426148, 0.1881399112610535, 5.654447265855283], "centroid": [-1.7804348280053945, -0.7951671581662328, -1.4240700563623756], "normalizedAxes": [0.5193050503730774, 0.8545889258384705, 1.8975686041111005e-16, 0, -2.220446049250313e-16, 1, 0.8545889258384705, -0.5193050503730774, -1.1530888474566345e-16]}, "segments": [18961, 3114, 53354, 38887, 39252, 4891, 4212, 3405, 3811, 40608, 28101, 28072, 69, 73, 94, 125, 144, 165, 194, 316, 429, 822, 987, 1312, 1314, 1406, 1427, 1446, 1784, 2521, 2544, 2551, 2569, 2585, 2771, 3015, 3048, 3350, 3395, 3953, 3964, 4068, 4152, 4191, 4219, 4222, 5047, 5192, 5319, 5354, 5436, 5447, 5715, 5794, 5905, 6047, 6100, 6181, 6323, 6326, 6377, 6408, 6462, 6587, 6597, 6619, 6829, 6836, 6838, 6949, 6954, 7045, 7054, 7322, 7354, 7578, 7583, 7628, 7677, 7799, 7915, 8103, 8136, 8147, 8225, 8657, 8668, 8706, 8718, 8794, 8952, 9060, 9114, 9298, 9517, 9533, 9539, 9604, 10003, 10117, 10183, 10197, 10262, 10273, 10275, 10318, 10369, 10383, 10436, 10485, 10494, 10505, 10506, 10530, 10617, 10634, 10638, 10641, 10666, 10712, 10934, 26532, 26543, 28144, 28166, 28279, 28802, 34630, 34643, 38386, 38396, 38400, 38517, 39784, 39818, 39863, 40300, 40494, 40508, 40511, 40545, 40620, 40683, 40893, 41991, 41995, 42699, 45018, 45189, 45910, 46140, 46387, 46482, 47727, 48568, 48678, 49578, 49691, 49880, 52927, 52982, 53433, 53559, 53563, 53566, 53701, 53706, 53923, 53929, 54083, 54255, 54283, 54307, 54320, 54325, 54330, 54348, 58003, 58007, 61822, 61863, 62913, 62916, 62928, 63212, 64585, 64635, 65211, 65215, 65219, 65222, 65420, 65424, 69054, 69063, 69064, 35056], "label": "floor"}, {"objectId": 2, "id": 2, "partId": 2, "index": 1, "dominantNormal": [0.9938777685165405, 0.11048521101474762, 2.4532645029828353e-17], "obb": {"axesLengths": [0.5929141500006845, 0.7662299700178957, 0.7057580143080644], "centroid": [-2.0058336735649602, -0.8842406905390043, -1.0684350769571584], "normalizedAxes": [0.9938777685165405, 0.11048521101474762, 2.4532645029828353e-17, 0, -2.220446049250313e-16, 1, 0.11048521101474762, -0.9938777685165405, -2.2068519645402696e-16]}, "segments": [36428, 60966, 62722, 18649, 36763, 60969, 18243, 18703, 18739, 27219, 27276, 37535, 37561, 37573, 38659, 40105, 40107, 40121, 40184, 40215, 42095, 57891, 57898, 60955, 60958, 60987, 60991, 60997, 61974, 62596, 62598, 62601, 62604, 62623, 62669, 62673, 63075, 63009, 9270, 40099, 40329, 36517, 37571, 37581, 38665, 61004, 62749, 36516, 40678, 45102, 45107, 45229, 45305, 60820, 62987, 37467, 60930, 34891, 63119], "label": "chair"}, {"objectId": 3, "id": 3, "partId": 3, "index": 2, "dominantNormal": [-0.5624120235443115, -0.8268570899963379, -1.835991558776979e-16], "obb": {"axesLengths": [0.6941347591601067, 0.7359169557113135, 0.660355369420419], "centroid": [-1.338366947544978, -0.731916782434298, -1.02204156431463], "normalizedAxes": [0.8268570899963379, -0.5624120235443115, -1.2488055557298406e-16, 0, -2.220446049250313e-16, 1, -0.5624120235443115, -0.8268570899963379, -1.835991558776979e-16]}, "segments": [26407, 38229, 62073, 37311, 38282, 26422, 26446, 27460, 27490, 27530, 27546, 27555, 35473, 37291, 37310, 37314, 37330, 37337, 37342, 37346, 37830, 37878, 37909, 38213, 38272, 38284, 38956, 38968, 41558, 58543, 58545, 58548, 58550, 60844, 60845, 60847, 61111, 61148, 62070, 62125, 37502, 34973, 61039, 37940, 26503, 61918, 34889, 34612, 42734, 42758, 38545], "label": "chair"}, {"objectId": 4, "id": 4, "partId": 4, "index": 3, "dominantNormal": [0.880488932132721, -0.47406673431396484, -1.0526396072884411e-16], "obb": {"axesLengths": [0.708157835527075, 0.7006739817409068, 0.6402592538676048], "centroid": [-2.0721029516822633, 0.20050838332520687, -1.012743090925894], "normalizedAxes": [0.47406670451164246, 0.880488932132721, 1.9550781707627273e-16, 0, -2.220446049250313e-16, 1, 0.880488932132721, -0.47406670451164246, -1.0526395411139921e-16]}, "segments": [68307, 51830, 18553, 51717, 51552, 51559, 18616, 17999, 52934, 52943, 53045, 53049, 53098, 53106, 53141, 67329, 68272, 18022, 52812, 17936, 18016, 49190, 68364, 52903, 18074, 40882, 49032, 49104, 51417, 52767, 52789, 53257, 53266, 68142, 68754, 68803, 69013, 49001, 64308, 68818], "label": "chair"}, {"objectId": 5, "id": 5, "partId": 5, "index": 4, "dominantNormal": [0.8722060322761536, -0.489138662815094, -1.0861060113833565e-16], "obb": {"axesLengths": [0.6500342182091203, 0.7861289802313819, 0.5613850877617863], "centroid": [-0.8661945573773344, 0.19558173982980948, -1.0552355690620354], "normalizedAxes": [0.489138662815094, 0.8722060322761536, 1.9366864384998762e-16, 0, -2.220446049250313e-16, 1, 0.8722060322761536, -0.489138662815094, -1.0861060113833565e-16]}, "segments": [30237, 29483, 37056, 38853, 42253, 36996, 30308, 30309, 30315, 30335, 30345, 36093, 36094, 36099, 36120, 36900, 36905, 36908, 36966, 36968, 38695, 38706, 38721, 38729, 38748, 42194, 47817, 47920, 51550, 58222, 58243, 58246, 58250, 58253, 58256, 58276, 60223, 60225, 60230, 60444, 60470, 60475, 60733, 60776, 60779, 65860, 65863, 65866, 65869, 65872, 65876, 65879, 65883, 65886, 42210, 61817, 63578, 47846, 65428, 61770, 30256, 51612, 47740, 41904, 42091, 42047], "label": "chair"}, {"objectId": 6, "id": 6, "partId": 6, "index": 5, "dominantNormal": [0, -2.220446049250313e-16, 1], "obb": {"axesLengths": [1.998219631934581, 0.15090900322253228, 0.9770927358381676], "centroid": [-1.736548859076143, -0.27480279488158676, -0.6854545898261402], "normalizedAxes": [0.9891107678413391, 0.14717309176921844, 3.2678991017491487e-17, 0, -2.220446049250313e-16, 1, 0.14717309176921844, -0.9891107678413391, -2.196267096724245e-16]}, "segments": [44826, 9163, 36737, 61350, 34121, 34143, 38353, 39347, 44434, 55988, 58095, 60462, 60828, 68856, 51484, 51487, 51450, 52856, 41245, 68933, 61333, 62762, 44212, 36028], "label": "table"}, {"objectId": 7, "id": 7, "partId": 7, "index": 6, "dominantNormal": [0, -2.220446049250313e-16, 1], "obb": {"axesLengths": [3.947410758668212, 1.5843200180459005, 2.4890997571156586], "centroid": [-3.8507544005786163, 0.3477450447288165, -0.6821600996220104], "normalizedAxes": [0.49291524291038513, 0.8700773119926453, 1.9319597299564012e-16, 0, -2.220446049250313e-16, 1, 0.8700773119926453, -0.49291524291038513, -1.094491703735623e-16]}, "segments": [1899, 9433, 50301, 32782, 564, 912, 1370, 1989, 4536, 52042, 41856, 624, 653, 692, 709, 896, 921, 1005, 1018, 1225, 1232, 1247, 1250, 1262, 1287, 1290, 1324, 1327, 1345, 1362, 1381, 1407, 1685, 3880, 4158, 4185, 4243, 4359, 4660, 4785, 4808, 5892, 9460, 9480, 11275, 20422, 21496, 22599, 23208, 30355, 32294, 32924, 32972, 32982, 42161, 50399, 50667, 50674, 50682, 50717, 50757, 50766, 50780, 50795, 50853, 50858, 51043, 51064, 51127, 52443, 52446, 52544, 52592, 53313, 53730, 53732, 53735, 53745, 53748, 53752, 53754, 54094, 54240, 56418, 57685, 59289, 59292, 59299, 59555, 61995, 62955, 62964, 62966, 63894, 65447, 65526, 65588, 65613, 65619, 67847, 67939, 68780, 68783, 68799, 68842, 43891, 63081, 36531, 62023, 24683, 24399, 24424, 24355, 24554, 57267, 57264, 44626, 63539, 22770, 22806, 23754, 52207, 52221, 22393, 25058, 21026, 25422, 68689, 67884, 67926], "label": "kitchen cabinet"}, {"objectId": 8, "id": 8, "partId": 8, "index": 7, "dominantNormal": [0, -2.220446049250313e-16, 1], "obb": {"axesLengths": [3.3993985555992077, 0.6399999713897708, 1.535566699843331], "centroid": [-4.011642946844704, -0.017702761760440888, -0.510000066608191], "normalizedAxes": [0.06396712362766266, 0.9979519844055176, 2.2158985411147416e-16, 0, -2.220446049250313e-16, 1, 0.9979519844055176, -0.06396712362766266, -1.420355469409499e-17]}, "segments": [29226, 39826, 33999, 24688, 56709, 21971, 29940, 758, 4571, 4718, 4724, 4750, 5916, 5940, 6003, 6064, 6164, 6461, 6534, 6561, 6627, 12081, 12179, 18423, 18430, 19241, 20810, 20875, 21044, 21524, 21536, 21545, 21547, 21965, 21972, 22126, 22142, 22458, 22756, 22935, 23143, 23176, 23839, 23927, 23937, 24068, 24072, 28893, 29709, 29817, 30486, 30579, 32017, 32040, 32809, 32811, 32897, 37433, 37766, 38715, 38820, 40852, 41301, 41303, 53510, 53512, 53514, 54318, 55942, 55944, 55971, 56730, 56753, 56792, 56800, 56816, 56818, 56827, 56999, 57039, 57044, 57070, 57102, 57137, 57249, 57555, 57644, 57693, 57698, 57716, 57843, 57907, 57913, 59270, 59272, 59281, 67696, 4701, 30055, 30513, 65479], "label": "kitchen counter"}, {"objectId": 9, "id": 9, "partId": 9, "index": 8, "dominantNormal": [0.9860321879386902, 0.16655504703521729, 3.698264961720483e-17], "obb": {"axesLengths": [3.6103816492661465, 2.499999944120645, 0.2685162203474636], "centroid": [-4.357273697533225, -0.48438376716397147, -0.22000011123716767], "normalizedAxes": [-0.1665550321340561, 0.9860321879386902, 2.1894312761421068e-16, 0, -2.220446049250313e-16, 1, 0.9860321879386902, 0.1665550321340561, 3.698264630848238e-17]}, "segments": [50943, 68422, 49784, 43273, 52170, 28617, 5835, 7807, 7086, 6723, 7137, 7140, 7207, 7259, 7260, 7264, 7271, 7975, 8019, 8931, 23973, 23981, 23990, 23997, 24969, 25229, 25303, 35183, 40685, 40714, 40716, 41163, 43047, 43173, 47857, 53523, 53527, 54401, 54417, 54420, 54425, 54441, 54443, 54510, 57150, 57153, 57157, 57170, 68654, 52284, 22893, 56913, 18957, 18856, 18208, 17218, 16390, 14199, 14271, 24050, 16935, 54412, 7263, 7313, 5913, 7176, 22300, 21366, 57528, 57487, 21201, 21243, 21317, 21328, 21342, 21556, 22152, 22157, 22286, 25054, 55782, 55789, 22520, 7015, 53644], "label": "wall"}, {"objectId": 10, "id": 10, "partId": 10, "index": 9, "dominantNormal": [-0.555161714553833, -0.8317424654960632, -1.8468392715044484e-16], "obb": {"axesLengths": [3.361212858337679, 2.1556599254386137, 2.0780611921923433], "centroid": [0.03600744411754553, 1.273188440281497, -0.40783004854999527], "normalizedAxes": [0.8317424654960632, -0.555161714553833, -1.2327066357760885e-16, 0, -2.220446049250313e-16, 1, -0.555161714553833, -0.8317424654960632, -1.8468392715044484e-16]}, "segments": [33033, 38083, 36312, 37612, 37230, 32992, 51171, 28447, 43226, 67949, 15349, 15351, 15950, 18088, 19246, 24188, 24196, 25617, 25716, 26010, 26052, 26084, 26106, 26179, 27282, 27293, 27702, 27818, 29046, 29280, 30972, 31733, 31753, 32737, 32854, 33028, 33030, 33032, 33053, 33110, 33144, 33155, 33173, 33179, 33193, 33231, 33235, 33266, 33272, 33293, 33299, 34327, 34414, 34417, 34425, 35472, 36179, 36185, 36206, 36228, 36292, 36295, 36306, 36327, 36331, 36332, 36342, 36346, 36402, 36791, 36792, 36814, 37180, 37386, 37613, 37619, 37621, 37642, 37646, 37654, 37656, 37699, 37743, 37981, 37996, 38027, 38033, 38046, 38056, 38057, 38316, 38647, 39064, 39070, 50506, 56173, 57671, 57737, 57760, 57766, 57968, 57979, 57983, 57985, 57989, 58689, 58697, 58710, 59565, 59584, 59631, 59634, 59639, 59645, 60059, 60061, 60476, 60483, 60500, 60522, 60532, 60544, 60548, 61045, 61046, 61055, 61099, 61116, 61621, 61742, 67943, 19306, 50412, 44978, 50184, 50569, 45510, 27616, 27724, 33090, 33311, 36771, 39081, 39085, 39978, 50270, 50436, 50504, 50515, 57635, 58516, 59623, 60608, 61459, 62049, 67559, 67674, 67682, 67693, 44949, 45789, 42389, 42599, 42507, 41602, 62856, 26719, 28005, 35454, 27049, 45318, 2189, 12454, 12782, 12812, 12834, 12952, 12953, 13695, 15354, 15394, 15595, 15673, 15690, 15700, 16042, 16050, 16094, 16098, 16112, 17085, 26218, 26230, 26715, 26951, 26973, 27067, 27584, 27627, 27920, 27948, 28406, 28732, 33389, 33396, 33420, 35139, 35227, 35283, 35460, 41484, 41519, 41543, 41596, 41629, 41687, 41727, 42186, 42241, 42245, 42262, 42273, 42281, 42292, 42293, 42298, 42326, 42354, 42371, 42383, 42427, 42456, 42498, 42500, 42508, 42528, 42537, 42623, 42632, 42638, 42645, 43396, 44985, 45590, 45628, 45639, 45677, 45689, 45692, 45741, 45779, 45830, 45883, 46082, 46894, 47477, 47487, 47494, 48069, 48085, 48203, 48221, 48258, 48342, 48354, 48400, 48410, 48413, 48414, 48415, 48430, 48438, 48442, 48449, 48458, 48482, 48487, 48498, 48523, 48588, 48597, 48620, 48624, 48643, 48645, 48683, 48692, 48811, 50149, 55219, 55451, 55457, 55487, 55494, 55504, 55700, 57888, 57910, 57991, 57994, 58029, 58064, 58743, 60279, 62874, 62900, 62904, 63093, 63095, 63116, 63153, 63156, 63158, 63167, 63189, 63191, 64279, 65581, 65713, 65846, 65847, 65851, 65928, 65937, 65971, 65973, 65975, 65977, 65979, 65980, 65993, 65998, 66003, 66055, 66057, 66064, 66370, 66405, 66432, 66459, 66463, 66469, 66480, 66481, 67539, 36851, 37745, 28040, 18141, 18172, 31019, 35445, 25459, 45511, 50102, 50465, 67831], "label": "kitchen cabinet"}, {"objectId": 12, "id": 12, "partId": 12, "index": 10, "dominantNormal": [0.9792473316192627, 0.20266875624656677, 4.500150391141639e-17], "obb": {"axesLengths": [1.8362959466856013, 0.8114694734334317, 0.41637317388662887], "centroid": [0.7515828930009723, 0.671893075717217, 0.345768149664218], "normalizedAxes": [-0.20266877114772797, 0.9792473316192627, 2.174365868732903e-16, 0, -2.220446049250313e-16, 1, 0.9792473316192627, 0.20266877114772797, 4.500150722013884e-17]}, "segments": [14059, 13568, 13120, 12716, 14886, 15521, 14411, 13859, 39426, 46017, 39486, 67459, 67443, 12526, 50000, 50087, 12905, 13072, 47766, 12393, 12401, 12325, 50074, 14216, 14922, 14621, 48041, 15401, 46539, 64241, 47837, 45635, 13161, 13679, 12642, 47775], "label": "kitchen cabinet"}, {"objectId": 13, "id": 13, "partId": 13, "index": 11, "dominantNormal": [0.17832911014556885, -0.9839708805084229, -2.1848542542022794e-16], "obb": {"axesLengths": [5.0784236487208965, 1.6180039282589265, 0.3689455074860117], "centroid": [-2.2502320804844267, 1.6295290291678375, 0.2409978771731709], "normalizedAxes": [0.9839708805084229, 0.17832911014556885, 3.959701680890523e-17, 0, -2.220446049250313e-16, 1, 0.17832911014556885, -0.9839708805084229, -2.1848542542022794e-16]}, "segments": [6756, 43765, 44843, 42766, 6354, 6257, 21628, 21853, 23779, 1031, 1067, 1122, 1173, 1177, 1702, 1722, 2167, 2223, 2235, 2238, 2247, 2251, 6924, 8291, 13539, 13939, 15579, 19597, 19625, 19640, 19643, 19645, 19651, 19659, 19752, 20022, 21349, 21785, 22085, 22429, 22456, 22508, 22719, 23360, 24307, 25181, 29133, 34697, 43291, 43653, 43660, 43723, 43730, 44021, 44039, 44150, 44154, 44204, 44236, 44255, 44258, 44261, 44383, 44452, 53738, 53760, 53875, 53911, 54230, 56179, 56188, 56196, 56208, 63340, 63343, 63355, 63382, 63387, 63400, 63440, 63442, 63698, 64077, 17761, 17599, 34142, 34178, 34700, 26333, 56796, 33992, 22099], "label": "wall"}, {"objectId": 14, "id": 14, "partId": 14, "index": 12, "dominantNormal": [0.19240278005599976, -0.9813160300254822, -2.1789593019360835e-16], "obb": {"axesLengths": [2.426288371649977, 2.979289941952601, 0.4622606587945688], "centroid": [-0.062288593100394474, -1.4514675184088368, -0.009745089119412187], "normalizedAxes": [0.9813160300254822, 0.19240279495716095, 4.272200259273461e-17, 0, -2.220446049250313e-16, 1, 0.19240279495716095, -0.9813160300254822, -2.1789593019360835e-16]}, "segments": [58827, 28652, 31382, 62456, 30722, 62230, 32044, 33745, 59927, 59114, 58920, 33652, 5109, 55356, 5156, 9659, 14315, 54768, 10886, 58998, 59860, 39845, 175, 209, 216, 309, 331, 335, 371, 385, 396, 437, 465, 486, 498, 510, 5030, 5063, 5105, 5449, 5501, 5570, 9751, 9764, 9814, 9816, 9866, 14432, 14463, 14494, 15014, 16621, 16663, 16671, 28627, 28881, 29360, 30565, 30731, 31221, 31348, 31428, 31518, 31559, 31642, 31876, 32361, 32383, 32392, 32403, 32416, 32421, 32425, 32470, 32527, 32611, 33626, 33741, 33765, 33885, 39405, 39582, 39608, 39610, 39853, 53707, 53710, 53712, 53713, 53718, 53722, 53724, 53726, 54661, 54674, 55241, 58074, 58078, 58080, 58083, 58280, 58297, 58627, 58673, 58675, 58711, 58722, 58783, 58837, 58839, 59118, 59772, 59779, 59782, 59791, 59794, 59811, 59842, 59975, 62331, 62453, 62584, 62586, 33596, 58609, 32038, 58335, 30750, 33419, 39833, 39622, 35718, 28471, 33795, 5119, 5334, 5375, 15160, 16647, 28486, 30583, 30646, 30696, 30768, 30816, 30837, 30854, 30859, 30889, 30892, 30912, 30919, 31103, 31133, 31138, 31147, 31293, 31356, 31417, 31966, 32132, 32694, 32697, 33285, 33608, 33675, 33784, 33927, 33952, 34481, 34485, 34512, 34521, 34522, 54282, 58091, 58292, 58307, 58346, 58359, 58572, 58583, 58601, 58623, 59132, 59138, 59233, 59266, 60064, 60068, 60100, 60138, 62581, 65715, 5554, 10840, 18886, 55564, 9301, 68105, 14641, 45950, 16185, 5335, 5396, 5398, 7647, 16972, 21408, 25208, 25228, 25235, 51194, 51195, 68027, 31411, 51465, 30034, 29997, 35739, 65827, 30123, 5361, 5293], "label": "curtain"}, {"objectId": 15, "id": 15, "partId": 15, "index": 13, "dominantNormal": [0.15513288974761963, -0.9878935813903809, -2.1935643998780138e-16], "obb": {"axesLengths": [0.7765151605106048, 2.5076399481078977, 0.07443983774289967], "centroid": [0.9149538269646209, -1.2758426498000575, -0.22067012703411204], "normalizedAxes": [0.9878935813903809, 0.15513288974761963, 3.444642121488864e-17, 0, -2.220446049250313e-16, 1, 0.15513288974761963, -0.9878935813903809, -2.1935643998780138e-16]}, "segments": [24795], "label": "wall"}, {"objectId": 16, "id": 16, "partId": 16, "index": 14, "dominantNormal": [0.9886535406112671, 0.15021367371082306, 3.335413583345727e-17], "obb": {"axesLengths": [1.1040072881148693, 1.989348009466796, 0.4028585779361157], "centroid": [1.0225542556876417, -0.6559886787518249, -0.2153260939122883], "normalizedAxes": [-0.15021367371082306, 0.9886535406112671, 2.195251848327622e-16, 0, -2.220446049250313e-16, 1, 0.9886535406112671, 0.15021367371082306, 3.335413583345727e-17]}, "segments": [11042, 54793, 10433, 11404, 11361, 46808, 54780, 10300, 10439, 10455, 10500, 11101, 11131, 11251, 11257, 11350, 11753, 11803, 20671, 54716, 54747, 9102, 55128, 11665, 11495, 11802, 55056, 20974, 8940, 9000, 9071, 9116, 10239, 10260, 10278, 10279, 10295, 11521, 11693, 11719, 11722, 11726, 11770, 11810, 11877, 12523, 12628, 20126, 20205, 20617, 20986, 21007, 21419, 45388, 48877, 48895, 49017, 49055, 49121, 49212, 50116, 50123, 50170, 50191, 50521, 54688, 54690, 55002, 55007, 55027, 66543, 66545, 67076, 67464, 67543, 67549, 67671, 67698, 67735], "label": "shelf"}, {"objectId": 17, "id": 17, "partId": 17, "index": 15, "dominantNormal": [0.9825701713562012, 0.18589219450950623, 4.1276358888510384e-17], "obb": {"axesLengths": [4.415035956168354, 3.177650023006273, 0.3681357502485151], "centroid": [0.9645894145638771, -0.040157488801192076, 0.10117492039855547], "normalizedAxes": [-0.18589219450950623, 0.9825701713562012, 2.18174405509908e-16, 0, -2.220446049250313e-16, 1, 0.9825701713562012, 0.18589219450950623, 4.1276358888510384e-17]}, "segments": [47729, 15434, 8187, 8777, 9037, 8842, 12158, 12154, 13362, 14265, 15054, 28710, 48698, 45875, 45355, 48250], "label": "wall"}, {"objectId": 18, "id": 18, "partId": 18, "index": 16, "dominantNormal": [0.9980642795562744, 0.06219106912612915, 1.380919137397666e-17], "obb": {"axesLengths": [0.3294501182079507, 0.9400000045448534, 0.20889799503668943], "centroid": [1.042646481738391, -0.3975098123911065, -0.4400000911578532], "normalizedAxes": [-0.06219106912612915, 0.9980642795562744, 2.2161478864385895e-16, 0, -2.220446049250313e-16, 1, 0.9980642795562744, 0.06219106912612915, 1.380919137397666e-17]}, "segments": [66634, 48880, 49237, 66519, 20183, 20156, 49387, 45416], "label": "towel"}, {"objectId": 20, "id": 20, "partId": 20, "index": 17, "dominantNormal": [0.9707964062690735, 0.23990485072135925, 5.326957779802283e-17], "obb": {"axesLengths": [2.559704719159814, 0.7799999986588951, 0.47820501576112534], "centroid": [-4.204375344028872, -0.42439347309493847, 0.27999991483986353], "normalizedAxes": [-0.23990485072135925, 0.9707964062690735, 2.155601044926566e-16, 0, -2.220446049250313e-16, 1, 0.9707964062690735, 0.23990485072135925, 5.326957779802283e-17]}, "segments": [56247, 16526, 14991, 15844, 22994, 22997, 23435, 20880, 27481, 19260, 19461, 19532, 22740, 23346, 25040, 25045, 26676, 56219, 57475, 57478, 67370, 67426, 17205, 56064, 62849, 62809, 68215, 68721, 23036, 7035, 20733, 20734, 20765, 20785, 20829, 22669, 23250, 23260, 23319, 23337, 23367, 23393, 24170, 24174, 24180, 25718, 27770, 27784, 31761, 41064, 44783, 52541, 52546, 52562, 52602, 52636, 52974, 53020, 53249, 54553, 55437, 56032, 56051, 56061, 57412, 62827, 62833, 62837, 62841, 63589, 65346, 65357, 66564, 46072, 55821, 55777, 49872, 50562, 50634, 56465, 23381, 52633, 52369, 52518, 23262, 23136, 56154, 23283], "label": "kitchen cabinet"}, {"objectId": 21, "id": 21, "partId": 21, "index": 18, "dominantNormal": [0, -2.220446049250313e-16, 1], "obb": {"axesLengths": [6.8116912206787426, 0.41892992513783367, 6.57626909467529], "centroid": [-2.098478980953203, -0.14311966885288793, 1.5837148986671488], "normalizedAxes": [0.9351385235786438, 0.35428234934806824, 7.866648429290373e-17, 0, -2.220446049250313e-16, 1, 0.35428234934806824, -0.9351385235786438, -2.0764246401819704e-16]}, "segments": [65278, 46602, 46560, 65250, 67232, 20751, 20394, 20710, 20754, 20851, 20859, 20865, 20898, 20938, 46611, 49251, 56420, 56421, 67125, 20443, 20234, 20236, 20324, 56370, 19487, 19543, 19852, 20256, 56342, 19492, 3687, 19897, 56185, 40434, 12223, 12265, 12308, 12400, 12459, 12878, 40416, 46799, 62756, 64171, 13210, 13431, 13349, 57209, 13787, 28628, 57228, 57231, 14087, 28757, 54599, 29521, 19362, 21119, 29530, 56447, 56451, 56455, 45000, 21142, 37151, 45001, 64201, 47387, 47332, 19407, 25738, 40988, 41061, 47308, 47352, 47392, 47394, 47395, 47404, 64206, 40958, 26775, 27368, 27389, 43261, 45642, 56902, 64261, 67182, 26469, 27212, 27273, 45668, 47955, 26765, 35413, 60302, 12703, 12636, 11876, 12002, 54544, 26459, 12667, 26293, 15625, 15610, 27876, 27867, 27644, 33496, 27161, 33446, 33501, 33548, 27170, 33465, 63279, 17384, 33549, 35862, 35871, 65372, 46947, 17553, 17703, 47520, 47531, 67312, 47527, 47581, 3701, 49568, 31568, 31608, 32105, 32169, 32239, 32296, 32320, 57901, 57956, 57960, 31705, 31601, 31646, 31756, 47249, 47296, 49647, 58138, 29860, 29862, 29748, 58191, 29889, 29635, 29714, 29607, 29611, 29675, 29699, 29700, 29702, 29726, 29762, 29775, 29782, 29808, 31750, 47645, 47647, 49433, 49701, 58098, 58162, 58167, 58170, 58177, 58201, 29507, 6779], "label": "ceiling"}, {"objectId": 23, "id": 23, "partId": 23, "index": 20, "dominantNormal": [0, -2.220446049250313e-16, 1], "obb": {"axesLengths": [1.2364586639537325, 0.19999998360872295, 0.29018618195014634], "centroid": [-0.46817528737119707, 1.9112498212771687, 0.4899998812377455], "normalizedAxes": [0.9918660521507263, 0.127285897731781, 2.826314687438125e-17, 0, -2.220446049250313e-16, 1, 0.127285897731781, -0.9918660521507263, -2.2023850568835853e-16]}, "segments": [53886, 1537, 1511, 1599, 1737, 1743, 1746, 1752, 1791, 1793, 1867, 1873, 4082, 53837, 1157, 4115, 60037, 2311, 2181, 1518, 1540, 1581, 1727, 2208, 54222, 17604], "label": "shelf"}, {"objectId": 24, "id": 24, "partId": 24, "index": 21, "dominantNormal": [0.978087842464447, 0.2081925868988037, 4.622804070626512e-17], "obb": {"axesLengths": [0.6602358055089751, 1.2577559815848764, 0.21954874870391114], "centroid": [-1.7596856441566302, 1.2599090481473196, -0.8514620676309913], "normalizedAxes": [-0.2081925868988037, 0.978087842464447, 2.171791285619944e-16, 0, -2.220446049250313e-16, 1, 0.978087842464447, 0.2081925868988037, 4.622804070626512e-17]}, "segments": [27393, 18824, 19105, 25833, 25888, 25926, 25928, 36554, 36582, 39927, 40056, 56166, 60851, 57280, 18789, 36524, 27350, 38468], "label": "wall"}, {"objectId": 25, "id": 25, "partId": 25, "index": 22, "dominantNormal": [0, -2.220446049250313e-16, 1], "obb": {"axesLengths": [0.6912536684833801, 0.4587299721226845, 0.5603811685186201], "centroid": [0.10418156872321571, -1.1782447708543222, -1.2393650414936621], "normalizedAxes": [0.35247084498405457, 0.9358227849006653, 2.0779440055311078e-16, 0, -2.220446049250313e-16, 1, 0.9358227849006653, -0.35247084498405457, -7.826424952207635e-17]}, "segments": [15236, 16934, 16806, 16906, 55705, 55708, 16881, 16471, 55734, 15113, 55382, 15136, 15205, 15139, 14867, 15002, 16569, 16576, 39281, 39292, 39342, 39312, 16959, 55642, 62267, 62276, 62248, 55655], "label": "ladder"}, {"objectId": 27, "id": 27, "partId": 27, "index": 23, "dominantNormal": [-0.4457084536552429, -0.8951781988143921, -1.9876948949324282e-16], "obb": {"axesLengths": [0.23231834816803393, 0.4722019924476295, 0.2002173516782912], "centroid": [-1.3970410238148576, -0.10453724972146758, -0.4261010771371201], "normalizedAxes": [0.8951781988143921, -0.44570842385292053, -9.896715088618014e-17, 0, -2.220446049250313e-16, 1, -0.44570842385292053, -0.8951781988143921, -1.9876948949324282e-16]}, "segments": [17462, 55886, 17395, 17480, 55849, 17510, 56490, 17474, 17511, 55816, 21722, 21739, 55856], "label": "plant"}, {"objectId": 28, "id": 28, "partId": 28, "index": 24, "dominantNormal": [0, -2.220446049250313e-16, 1], "obb": {"axesLengths": [0.5456287593992781, 0.2600000442564476, 0.3518723147588879], "centroid": [0.7764593500785395, 1.338812013732017, -0.6600000692158938], "normalizedAxes": [-0.6212517023086548, 0.7836110591888428, 1.7399660805247192e-16, 0, -2.220446049250313e-16, 1, 0.7836110591888428, 0.6212517023086548, 1.3794558879812841e-16]}, "segments": [58749, 16260, 15532, 66495, 16073, 32254, 55589, 16079, 16128, 16138, 28432, 32302, 48754, 55601, 55616, 58726, 15696, 16015, 16140, 16290], "label": "sink"}, {"objectId": 29, "id": 29, "partId": 29, "index": 25, "dominantNormal": [0, -2.220446049250313e-16, 1], "obb": {"axesLengths": [0.4919395137425777, 0.18461899791764463, 0.2188931643915442], "centroid": [-0.11467858120706076, 1.9750713164540437, 0.16230941014790146], "normalizedAxes": [0.9717938899993896, 0.2358318418264389, 5.23651881470941e-17, 0, -2.220446049250313e-16, 1, 0.2358318418264389, -0.9717938899993896, -2.157815903734738e-16]}, "segments": [34719, 34939, 34961, 34775, 34790, 34798, 67381, 34918, 49807, 34803, 60154], "label": "shelf"}, {"objectId": 30, "id": 30, "partId": 30, "index": 26, "dominantNormal": [0.971435010433197, -0.23730570077896118, -5.269245057592213e-17], "obb": {"axesLengths": [0.2021485218588163, 0.1599999928474427, 0.11069651516960018], "centroid": [-0.20775275100558943, 2.004627284481148, -0.4900000712275505], "normalizedAxes": [0.23730570077896118, 0.971435010433197, 2.157019031019829e-16, 0, -2.220446049250313e-16, 1, 0.971435010433197, -0.23730570077896118, -5.269245057592213e-17]}, "segments": [34309, 45212], "label": "bottle"}, {"objectId": 31, "id": 31, "partId": 31, "index": 27, "dominantNormal": [0.9600652456283569, 0.2797761857509613, 6.212279263250438e-17], "obb": {"axesLengths": [0.1837548253501144, 0.3532939623305059, 0.17238908270842815], "centroid": [-1.0907350816837078, 1.638246566172066, 0.40664689265235543], "normalizedAxes": [-0.2797761857509613, 0.9600652456283569, 2.1317730816780166e-16, 0, -2.220446049250313e-16, 1, 0.9600652456283569, 0.2797761857509613, 6.212279263250438e-17]}, "segments": [24080, 8509, 57594, 23377], "label": "item"}, {"objectId": 32, "id": 32, "partId": 32, "index": 28, "dominantNormal": [0.8677043318748474, 0.4970806837081909, 1.103740840298497e-16], "obb": {"axesLengths": [0.28422665858919943, 0.6799999826401473, 0.24619221252835485], "centroid": [-3.1522442890945452, 1.425927719296943, 0.3499999033287169], "normalizedAxes": [-0.4970806837081909, 0.8677043318748474, 1.9266906556288874e-16, 0, -2.220446049250313e-16, 1, 0.8677043318748474, 0.4970806837081909, 1.103740840298497e-16]}, "segments": [43924, 63552, 44407, 63367, 44710, 43635, 43682, 63350, 63332, 44431], "label": "plant"}, {"objectId": 33, "id": 33, "partId": 33, "index": 29, "dominantNormal": [0.9920316338539124, -0.12598884105682373, -2.797514243742499e-17], "obb": {"axesLengths": [0.3500621018394124, 0.2895919913889766, 0.24320646262701745], "centroid": [-4.497348654085169, 1.0724502829278655, -0.41247007632695154], "normalizedAxes": [0.12598885595798492, 0.9920316338539124, 2.2027527221222528e-16, 0, -2.220446049250313e-16, 1, 0.9920316338539124, -0.12598885595798492, -2.797514574614744e-17]}, "segments": [22223, 5925, 22929], "label": "item"}, {"objectId": 34, "id": 34, "partId": 34, "index": 30, "dominantNormal": [-0.201327383518219, -0.9795240163803101, -2.1749802323174584e-16], "obb": {"axesLengths": [0.18981416763407874, 0.26728920786181376, 0.13362550672966922], "centroid": [-4.359186942103937, 0.600427395472958, -0.22587948718936568], "normalizedAxes": [0.9795240163803101, -0.201327383518219, -4.4703659333893196e-17, 0, -2.220446049250313e-16, 1, -0.201327383518219, -0.9795240163803101, -2.1749802323174584e-16]}, "segments": [54529, 8040, 8106, 8139], "label": "item"}, {"objectId": 35, "id": 35, "partId": 35, "index": 31, "dominantNormal": [0.18541578948497772, -0.982660174369812, -2.1819439019350728e-16], "obb": {"axesLengths": [0.8266384549080986, 0.5199999786168339, 0.10605316428356204], "centroid": [-4.036960938048601, 1.331829214740468, -0.2500000772997737], "normalizedAxes": [0.982660174369812, 0.18541578948497772, 4.117057572305465e-17, 0, -2.220446049250313e-16, 1, 0.18541578948497772, -0.982660174369812, -2.1819439019350728e-16]}, "segments": [19819], "label": "kitchen towel"}, {"objectId": 36, "id": 36, "partId": 36, "index": 32, "dominantNormal": [0.11191260069608688, -0.9937180280685425, -2.2064972694936069e-16], "obb": {"axesLengths": [0.4078671911197125, 0.41999998867511756, 0.13261922385271446], "centroid": [-3.545610114220632, 1.4003462937194813, -0.2600000815093515], "normalizedAxes": [0.9937180280685425, 0.11191260069608688, 2.4849589207695396e-17, 0, -2.220446049250313e-16, 1, 0.11191260069608688, -0.9937180280685425, -2.2064972694936069e-16]}, "segments": [29403, 24830, 19172, 30832, 19230], "label": "kitchen towel"}, {"objectId": 37, "id": 37, "partId": 37, "index": 33, "dominantNormal": [0.1822812408208847, -0.9832464456558228, -2.1832456856958843e-16], "obb": {"axesLengths": [1.4402776316559578, 0.5999999824911357, 0.18231494437640805], "centroid": [-4.016334073265526, 1.36327777156073, -0.33000007744878523], "normalizedAxes": [0.9832464456558228, 0.1822812408208847, 4.0474566103317834e-17, 0, -2.220446049250313e-16, 1, 0.1822812408208847, -0.9832464456558228, -2.1832456856958843e-16]}, "segments": [19813, 31308, 22140, 63999, 29270, 63973], "label": "wall"}, {"objectId": 39, "id": 39, "partId": 39, "index": 34, "dominantNormal": [0, -2.220446049250313e-16, 1], "obb": {"axesLengths": [0.7194876255147635, 0.2851230438398635, 0.5785172947759836], "centroid": [-4.079927548607598, -0.8495611995956318, -0.6725615690076014], "normalizedAxes": [-0.0036965475883334875, 0.9999931454658508, 2.220430829127042e-16, 0, -2.220446049250313e-16, 1, 0.9999931454658508, 0.0036965475883334875, 8.207984488380865e-19]}, "segments": [37096, 28218, 59665, 17750, 17654, 28034, 65538, 4603, 4606, 11154, 11622, 11631, 11768, 11791, 17672, 17781, 17845, 17996, 18158, 19082, 19129, 26617, 26664, 26889, 26890, 26899, 26923, 27823, 27858, 27881, 29899, 30397, 30695, 31085, 35394, 38323, 38381, 39041, 39197, 53576, 53596, 53678, 54261, 54263, 58630, 60001, 60004, 60142, 60164, 60169, 63192, 65617, 65644, 67851, 67854, 69077, 69082, 59657, 4577], "label": "stove"}, {"objectId": 40, "id": 40, "partId": 40, "index": 35, "dominantNormal": [0.9469677805900574, 0.32132846117019653, 7.134925121170455e-17], "obb": {"axesLengths": [0.7403366300051613, 0.7999999344348919, 0.37351128315028687], "centroid": [-3.928027704882399, -0.7127239525106385, -1.0300000359117991], "normalizedAxes": [-0.32132846117019653, 0.9469677805900574, 2.1026908671785302e-16, 0, -2.220446049250313e-16, 1, 0.9469677805900574, 0.32132846117019653, 7.134925121170455e-17]}, "segments": [23397, 20678, 12227, 3854, 3767, 3864, 2845, 2658, 2435, 2460, 2467, 2577, 2625, 2680, 2682, 2694, 2702, 2715, 2752, 2759, 2823, 2935, 3219, 3221, 3242, 3290, 3316, 3322, 3323, 3349, 3369, 3385, 3451, 3513, 3523, 3548, 3561, 3565, 3613, 3618, 3630, 3637, 3733, 3746, 3806, 4231, 4272, 4298, 4304, 4344, 50522, 53916, 53917, 53920, 53927, 53932, 53938, 53940, 53947, 53968, 53970, 53973, 53978, 54044, 54050, 54052, 54059, 54071, 54076, 54189, 54191, 54195, 54201, 54203, 54208, 54213, 65708, 54030, 3466, 53972, 65696, 2494], "label": "oven"}, {"objectId": 42, "id": 42, "partId": 42, "index": 36, "dominantNormal": [0.9815866947174072, -0.1910170465707779, -4.2414304639754684e-17], "obb": {"axesLengths": [0.19142058278109578, 0.25704895875493516, 0.14419507265463757], "centroid": [-4.221378729374939, -1.2993561012910197, -0.4249915665017481], "normalizedAxes": [0.1910170465707779, 0.9815866947174072, 2.17956029828194e-16, 0, -2.220446049250313e-16, 1, 0.9815866947174072, -0.1910170465707779, -4.2414304639754684e-17]}, "segments": [25336, 25346, 26729], "label": "box"}, {"objectId": 43, "id": 43, "partId": 43, "index": 37, "dominantNormal": [0.9872449636459351, 0.15920865535736084, 3.5351422979470657e-17], "obb": {"axesLengths": [0.3313712177252611, 0.2529739680966592, 0.14147046165312027], "centroid": [-4.419440226911624, -0.0036961876629508783, -0.4364870670477974], "normalizedAxes": [-0.15920865535736084, 0.9872449636459351, 2.1921241791698855e-16, 0, -2.220446049250313e-16, 1, 0.9872449636459351, 0.15920865535736084, 3.5351422979470657e-17]}, "segments": [34128, 29619], "label": "item"}, {"objectId": 44, "id": 44, "partId": 44, "index": 38, "dominantNormal": [0.9254332780838013, 0.378910630941391, 8.413506134927551e-17], "obb": {"axesLengths": [0.18521397506489107, 0.2015649929292873, 0.1056132256420915], "centroid": [-4.484866592865751, 0.2557928488033301, -0.45078257022539137], "normalizedAxes": [-0.378910630941391, 0.9254332780838013, 2.0548746661659429e-16, 0, -2.220446049250313e-16, 1, 0.9254332780838013, 0.378910630941391, 8.413506134927551e-17]}, "segments": [5823], "label": "cutting board"}, {"objectId": 45, "id": 45, "partId": 45, "index": 39, "dominantNormal": [0.955949068069458, 0.2935325503349304, 6.517731917175649e-17], "obb": {"axesLengths": [0.2396621902571223, 0.186459030513636, 0.1487876512374234], "centroid": [-4.510961331585809, 0.5089165263314624, -0.4432295890175657], "normalizedAxes": [-0.2935325503349304, 0.955949068069458, 2.1226333314793466e-16, 0, -2.220446049250313e-16, 1, 0.955949068069458, 0.2935325503349304, 6.517731917175649e-17]}, "segments": [7888, 54489, 7897, 7962, 54492], "label": "kitchen appliance"}], "scan_id": "0cac75f4-8d6f-2d13-8c10-ce688f7ac0af", "annId": "4098", "appId": "stk.v1"}