{"segGroups": [{"objectId": 1, "id": 1, "partId": 1, "index": 0, "dominantNormal": [0, -2.220446049250313e-16, 1], "obb": {"axesLengths": [4.267182459918999, 0.2683100640406441, 4.705067190689905], "centroid": [0.23494822895811263, 0.2210120149477666, -1.564155138860385], "normalizedAxes": [-0.26632508635520935, 0.9638832807540894, 2.140250822688848e-16, 0, -2.220446049250313e-16, 1, 0.9638832807540894, 0.26632508635520935, 5.913604858136731e-17]}, "segments": [4979, 47671, 63192, 789, 802, 2730, 5474, 7375, 7404, 8368, 16969, 17724, 17731, 17734, 17747, 17766, 18084, 18105, 18182, 19218, 19230, 19231, 19236, 19265, 19490, 19493, 19498, 19504, 19508, 19510, 19585, 19626, 20045, 22340, 22358, 23182, 23191, 23203, 23259, 23269, 27774, 28134, 36491, 36523, 36715, 36730, 36739, 36840, 40328, 42332, 46423, 46460, 47080, 47101, 47129, 49855, 51202, 51340, 52870, 53142, 53144, 53145, 53149, 53154, 53161, 53403, 53404, 53429, 53430, 53439, 53442, 53445, 53499, 55508, 55511, 57282, 60702, 63043, 63911, 12534, 9922, 1233, 17330, 58780, 59044, 2194, 49015, 49530, 49478, 20006, 9601, 1445, 45363, 49941, 8339, 419], "label": "floor"}, {"objectId": 2, "id": 2, "partId": 2, "index": 1, "dominantNormal": [-0.42640119791030884, -0.9045341610908508, -2.008469304406126e-16], "obb": {"axesLengths": [3.4561148331527596, 2.781549987609311, 0.40671129043722015], "centroid": [-0.4123892863293063, -1.0656849049271093, -0.28077519556511454], "normalizedAxes": [0.9045341610908508, -0.4264012277126312, -9.468009214699951e-17, 0, -2.220446049250313e-16, 1, -0.4264012277126312, -0.9045341610908508, -2.008469304406126e-16]}, "segments": [28781, 27631, 24469, 29698, 21112, 21224, 33753, 18629, 53285, 36430, 3392, 3173, 37, 14861, 56256, 46318, 14149], "label": "wall"}, {"objectId": 3, "id": 3, "partId": 3, "index": 2, "dominantNormal": [-0.4099501371383667, -0.9121079444885254, -2.02528648182937e-16], "obb": {"axesLengths": [0.9392761859685402, 2.2061799867559957, 0.15146086364746647], "centroid": [-0.19773198858934943, -1.3315745618809214, -0.533090204526188], "normalizedAxes": [0.9121079444885254, -0.4099501371383667, -9.102721623985104e-17, 0, -2.220446049250313e-16, 1, -0.4099501371383667, -0.9121079444885254, -2.02528648182937e-16]}, "segments": [22269, 3340, 3224, 53844], "label": "door"}, {"objectId": 4, "id": 4, "partId": 4, "index": 3, "dominantNormal": [-0.5737175345420837, -0.8190532326698303, -1.8186635146074222e-16], "obb": {"axesLengths": [1.3100984498598702, 2.3610199162136025, 0.6523948672384127], "centroid": [-1.1846670985672523, -0.42467948634997044, -0.4505101466052266], "normalizedAxes": [0.8190532326698303, -0.5737175345420837, -1.2739088329595999e-16, 0, -2.220446049250313e-16, 1, -0.5737175345420837, -0.8190532326698303, -1.8186635146074222e-16]}, "segments": [29834, 26233, 26234, 25936, 58940, 40715, 39939, 40835, 8856, 40884, 38043, 39705, 47888, 6799, 55858, 6794, 30712, 8465, 55543, 39940, 61332, 8642, 39903, 40753, 34267, 55932, 55939, 8723, 8815, 27731], "label": "wardrobe"}, {"objectId": 5, "id": 5, "partId": 5, "index": 4, "dominantNormal": [0.9039511680603027, -0.42763569951057434, -9.495419994966488e-17], "obb": {"axesLengths": [3.386156920004353, 2.803479966443478, 0.28960898030037074], "centroid": [-1.2797169626167517, 1.0235230503768684, -0.28699017173692853], "normalizedAxes": [0.42763569951057434, 0.9039511680603027, 2.007174799834705e-16, 0, -2.220446049250313e-16, 1, 0.9039511680603027, -0.42763569951057434, -9.495419994966488e-17]}, "segments": [23997, 49355, 61890, 42679, 21273, 37130, 37462, 9994, 17411, 13858, 13941, 61757, 25150, 25196, 54788, 54771], "label": "wall"}, {"objectId": 6, "id": 6, "partId": 6, "index": 5, "dominantNormal": [0.9081447124481201, -0.41865646839141846, -9.296041012328137e-17], "obb": {"axesLengths": [2.498216178162316, 1.619999968558549, 0.5986617434873011], "centroid": [-1.3909388227213322, 1.2184998830424176, 0.139999791310502], "normalizedAxes": [0.41865646839141846, 0.9081446528434753, 2.016486206554092e-16, 0, -2.220446049250313e-16, 1, 0.9081446528434753, -0.41865646839141846, -9.296041012328137e-17]}, "segments": [16309, 9851, 45040, 6858, 43308, 33931, 33971, 33987, 62105, 40491, 5444, 32381, 33991, 40601, 40603, 39004, 36446, 40589, 41953, 61729, 61847, 39328, 16568, 53068, 15556, 15057, 12875, 2422, 5266, 7728, 7768, 7800, 9246, 10247, 10280, 10336, 10374, 10454, 10479, 10536, 10637, 10712, 10773, 12034, 12229, 12276, 12749, 12807, 12818, 12826, 12905, 13027, 13135, 14078, 14115, 14305, 14329, 14384, 14641, 14751, 14752, 15065, 15127, 15676, 15697, 15834, 16597, 16616, 16646, 16667, 21724, 26522, 26573, 26789, 26810, 26921, 26972, 28710, 28721, 28737, 28757, 28764, 28768, 28773, 28805, 28813, 28844, 28851, 29005, 29032, 29074, 29080, 29127, 29168, 29192, 29253, 32118, 32798, 32825, 36012, 36037, 36038, 36055, 36063, 36076, 36089, 36092, 36095, 36151, 36157, 36568, 38192, 38270, 38321, 38369, 38598, 38684, 38693, 38725, 39058, 39246, 39314, 39315, 39353, 39365, 39383, 39525, 39545, 39548, 39553, 40462, 41660, 41662, 41666, 41676, 41686, 41699, 41728, 41759, 41848, 45843, 45873, 47956, 48020, 48091, 51542, 51555, 51559, 51560, 51617, 52052, 52056, 52061, 52129, 52133, 52135, 52399, 52741, 53093, 55071, 55095, 55563, 55586, 55591, 55747, 56865, 56894, 56901, 58225, 58229, 58312, 58318, 58322, 58324, 58325, 58344, 58350, 58384, 58392, 58395, 58401, 58414, 58432, 58437, 58670, 58739, 58783, 59538, 59542, 59947, 59973, 60006, 60482, 60517, 61361, 61387, 61401, 61407, 61423, 10471, 9004, 9057, 10061, 10077, 10112, 10195, 10259, 10274, 10309, 10356, 10556, 10611, 10653, 10655, 10674, 10740, 10761, 10791, 10798, 10912, 11038, 11056, 11175, 11246, 11306, 11327, 11383, 11384, 11419, 11424, 11429, 11432, 11448, 12147, 13024, 28934, 41962, 45491, 51563, 51566, 51599, 51612, 51625, 51665, 51667, 51671, 51704, 51707, 51710, 51798, 51860, 51863, 51866, 51988, 55769, 55777, 58233, 8966, 10053, 10199, 10325, 10362, 10526, 10601, 10742, 10837, 10928, 10958, 10993, 11027, 11096, 11147, 11441, 12043, 12090, 21573, 21671, 22947, 29144, 44060, 44073, 51537, 51619, 51714, 51720, 51791, 51928, 51960, 51974, 53916, 60213, 60411, 60424, 10503, 11895, 12031, 12081, 12137, 51658, 51749, 51973, 12143, 12179, 52031, 15811, 17651, 18004, 9013, 12565, 58253, 41862, 28703, 48078, 8021, 9272, 38607, 38388, 59719, 60255, 48104, 55825, 28678, 22273, 22241, 32854, 58285, 58379], "label": "window"}, {"objectId": 7, "id": 7, "partId": 7, "index": 6, "dominantNormal": [-0.42673614621162415, -0.9043761491775513, -2.0081184474775055e-16], "obb": {"axesLengths": [3.4236978705518015, 2.745449958470836, 0.33835726213918915], "centroid": [0.9706750794789927, 1.892770656702939, -0.2627251809958766], "normalizedAxes": [0.9043761491775513, -0.42673614621162415, -9.475445899279048e-17, 0, -2.220446049250313e-16, 1, -0.42673614621162415, -0.9043761491775513, -2.0081184474775055e-16]}, "segments": [50350, 2905, 50018, 44508, 63519, 32915, 63534, 45633, 30628, 19428, 53573], "label": "wall"}, {"objectId": 8, "id": 8, "partId": 8, "index": 7, "dominantNormal": [0.9070159196853638, -0.4210963845252991, -9.35021803372791e-17], "obb": {"axesLengths": [3.3485375231816086, 2.7288399324825408, 0.12036891377228665], "centroid": [1.7791517282456324, -0.4039504943066431, -0.2855801642916376], "normalizedAxes": [0.4210963845252991, 0.9070159196853638, 2.0139799154725053e-16, 0, -2.220446049250313e-16, 1, 0.9070159196853638, -0.4210963845252991, -9.35021803372791e-17]}, "segments": [43069, 29267, 21897, 63416, 43784, 44013, 23947, 54415, 34834, 44466, 766], "label": "wall"}, {"objectId": 9, "id": 9, "partId": 9, "index": 8, "dominantNormal": [0, -2.220446049250313e-16, 1], "obb": {"axesLengths": [4.341103082582377, 0.11461007338888717, 4.29829048946087], "centroid": [0.23520754665562515, 0.30623757921609207, 1.0873047938067817], "normalizedAxes": [-0.7004430890083313, 0.7137082815170288, 1.5847507340117169e-16, 0, -2.220446049250313e-16, 1, 0.7137082815170288, 0.7004430890083313, 1.5552960897132346e-16]}, "segments": [6750, 22029, 25591, 42092, 43094, 45954, 47858, 55611, 55631, 55790, 42213, 56990, 27441, 24064, 21929, 54533, 29352, 42642], "label": "ceiling"}, {"objectId": 10, "id": 10, "partId": 10, "index": 9, "dominantNormal": [0, -2.220446049250313e-16, 1], "obb": {"axesLengths": [2.201862057996616, 0.9632960342624175, 1.1870818511986916], "centroid": [1.4691858520993049, 0.25193458368627475, -1.1083521719632619], "normalizedAxes": [0.44919320940971375, 0.8934346437454224, 1.983823424967884e-16, 0, -2.220446049250313e-16, 1, 0.8934346437454224, -0.44919320940971375, -9.974092871838674e-17]}, "segments": [48394, 23373, 23398, 23287, 23293, 23297, 48715, 51145, 54042, 54046, 54050, 54062, 54128, 48611, 60651, 21233, 768, 9143, 48542, 48580, 48647, 54124, 55104, 61426, 62175, 62198, 62207, 4121, 4166, 4298, 45588, 55167, 37216, 2869, 4846, 5374, 5797, 5861, 7137, 10155, 12340, 12480, 12625, 14543, 29071, 48300, 50836, 50838, 51121, 51535, 62400, 699, 703, 706, 757, 762, 4972, 9376, 9457, 11052, 11759, 14393, 16902, 18984, 23041, 23056, 23087, 23093, 23122, 23128, 28931, 28953, 28968, 28970, 35669, 40268, 43330, 46279, 46333, 46371, 46377, 50692, 50697, 50703, 50715, 51409, 51470, 51532, 53923, 53948, 53966, 53970, 53974, 53977, 55089, 60679, 60698, 62365, 49153, 9428, 9461, 9530, 46853, 46885, 60754, 60817, 60820, 49185, 2755, 23283, 54027, 54014, 54018, 54038, 62341, 49140], "label": "bed"}, {"objectId": 11, "id": 11, "partId": 11, "index": 10, "dominantNormal": [0.47357669472694397, -0.8807525634765625, -1.9556635499386188e-16], "obb": {"axesLengths": [0.9369181388892599, 1.4812139835682356, 0.8488567379138453], "centroid": [1.1050463704172433, -1.1541778924457595, -0.8693931777898323], "normalizedAxes": [0.8807525634765625, 0.47357672452926636, 1.0515515669979133e-16, 0, -2.220446049250313e-16, 1, 0.47357672452926636, -0.8807525634765625, -1.9556635499386188e-16]}, "segments": [9630, 58530, 15799, 43453, 57015, 43567, 53086, 23952, 23962, 24241], "label": "drawer"}, {"objectId": 12, "id": 12, "partId": 12, "index": 11, "dominantNormal": [-0.4173509478569031, -0.9087454080581665, -2.0178201510971194e-16], "obb": {"axesLengths": [0.8242933568742074, 0.7074099024964146, 0.23882674523661615], "centroid": [0.7866203777146445, -1.6597154940001582, -1.2637051483893047], "normalizedAxes": [0.9087454080581665, -0.4173509478569031, -9.267052633197339e-17, 0, -2.220446049250313e-16, 1, -0.4173509478569031, -0.9087454080581665, -2.0178201510971194e-16]}, "segments": [591, 47508, 33591, 56213, 56204, 10340, 535, 56392, 60227], "label": "heater"}, {"objectId": 13, "id": 13, "partId": 13, "index": 12, "dominantNormal": [-0.4351506233215332, -0.9003576636314392, -1.9991956171226715e-16], "obb": {"axesLengths": [1.0993247445803047, 2.0575699644333865, 0.514107115861482], "centroid": [0.7558932213384382, 1.6508121328447396, -0.6187851862123259], "normalizedAxes": [0.9003576636314392, -0.4351505935192108, -9.662284162086605e-17, 0, -2.220446049250313e-16, 1, -0.4351505935192108, -0.9003576636314392, -1.9991956171226715e-16]}, "segments": [2971, 54137, 36139, 4339, 39054, 1786, 1933, 1986, 1992, 2102, 2259, 2309, 2338, 2345, 2353, 2358, 2366, 2452, 2462, 2497, 3482, 3516, 3616, 3917, 3979, 3981, 4052, 4078, 4201, 4244, 4279, 4393, 4426, 6193, 6203, 6254, 6318, 6451, 6453, 18647, 19729, 19814, 20135, 20235, 20314, 20325, 21520, 21652, 21656, 22224, 22350, 22365, 22488, 22912, 22956, 23011, 23021, 24650, 24656, 24677, 24791, 24851, 24858, 24909, 25466, 25472, 32218, 32251, 32253, 32315, 32476, 32491, 32528, 32639, 33276, 33334, 33363, 33378, 33402, 33410, 33469, 33516, 33526, 33551, 33555, 33584, 33607, 33612, 33648, 39144, 39201, 39253, 39609, 42353, 42441, 42449, 42463, 42485, 42499, 46105, 46115, 46152, 46170, 46183, 46206, 46596, 47303, 47321, 47441, 47474, 47497, 47543, 47544, 47548, 47555, 47568, 50510, 50741, 50766, 50788, 50854, 50913, 50982, 51000, 51017, 51041, 51073, 51113, 51117, 53171, 53362, 53773, 53802, 54486, 54569, 54610, 54612, 54616, 54626, 54666, 54680, 56432, 56445, 56462, 56482, 56535, 56539, 56609, 56816, 56824, 56828, 57160, 57761, 57954, 60090, 60120, 60675, 61069, 61236, 61242, 61247, 64032, 63979, 50464, 22214, 62637, 49218, 49021, 47689, 47741, 47481, 61014, 46238, 46544, 49420, 4369, 4213, 1885, 38376, 4567, 39713, 50532, 2791, 2799, 2943, 3262, 3641, 3666, 3905, 21164, 24389, 24409, 24979, 38330, 39363, 39494, 39616, 39837, 46134, 46640, 47374, 47463, 47583, 47598, 47610, 47688, 48956, 48982, 49602, 50750, 54490, 54506, 57127, 57957, 57989, 60062, 60076, 61143, 61259, 61262, 62295, 62325, 30578, 46695, 29390, 57763, 46098], "label": "bookshelf"}, {"objectId": 15, "id": 15, "partId": 15, "index": 13, "dominantNormal": [0, -2.220446049250313e-16, 1], "obb": {"axesLengths": [2.098819108978717, 0.8261999303206816, 1.0150483764492086], "centroid": [-0.6262414302169192, 1.419669433179488, -1.2031001602152753], "normalizedAxes": [0.34988540410995483, 0.9367924928665161, 2.0800971897528078e-16, 0, -2.220446049250313e-16, 1, 0.9367924928665161, -0.34988540410995483, -7.769016632462985e-17]}, "segments": [18051, 27872, 25311, 25313, 35988, 57758, 57727, 17563, 57701, 57486, 16179, 36266, 57743, 59317, 31244, 54929, 31258, 56239, 27828, 31078, 17591, 59404, 27901, 34961, 12649, 13821, 13193, 13284, 52310, 13814, 13207, 35347, 17614, 53139, 53136, 35231, 35248, 41538, 41608, 32196, 59285, 41404, 41442, 59187, 41378, 41334, 59190, 51175, 7295, 51186, 17148, 53114, 35288, 41154, 41180, 36342, 59209, 32117, 25324, 31815, 59286, 59266, 31628, 56355, 31708, 56297, 56283, 31650, 31609, 31581, 31968, 32038, 32037, 56274, 31790, 31842, 59047, 41548, 41572, 25367, 17637, 1025, 968, 25137, 25108, 25768, 25103, 35293, 15256, 35252, 36264, 52926, 16270, 31920, 13584, 13568, 36222, 13787, 13595, 13588, 31689, 31602, 56385], "label": "desk"}, {"objectId": 16, "id": 16, "partId": 16, "index": 14, "dominantNormal": [0.7803956270217896, -0.6252860426902771, -1.3884139231429884e-16], "obb": {"axesLengths": [0.614355376579792, 0.558397042191095, 0.5293874533010503], "centroid": [-0.20842854142036804, 1.3138739001834856, -0.9372116838261175], "normalizedAxes": [0.6252860426902771, 0.7803956270217896, 1.7328263868727535e-16, 0, -2.220446049250313e-16, 1, 0.7803956270217896, -0.6252860426902771, -1.3884139231429884e-16]}, "segments": [22689, 53884, 27971, 18716, 20576, 20928, 22762, 22795, 27962, 18781, 27469, 55479, 20661, 18818, 20601, 53630, 53743, 18816, 18844, 18857, 20620, 20654, 20678, 20683, 20963, 27085, 27412, 53655, 53667, 53671, 53678, 53866, 53726, 30026, 17933, 18421, 18442, 18450, 18451, 18778, 22786, 53183, 53904, 18476, 22710, 31031, 53328, 56120, 56101, 20744], "label": "chair"}, {"objectId": 17, "id": 17, "partId": 17, "index": 15, "dominantNormal": [0.6404248476028442, -0.7680208086967468, -1.705348770412722e-16], "obb": {"axesLengths": [0.43550516286404173, 0.5910600291700652, 0.3458878242919847], "centroid": [0.33112712052646087, 0.5327984404268826, -1.308520181061851], "normalizedAxes": [0.7680208086967468, 0.6404248476028442, 1.4220288227014693e-16, 0, -2.220446049250313e-16, 1, 0.6404248476028442, -0.7680208086967468, -1.705348770412722e-16]}, "segments": [30071, 30002, 55363, 19848, 1361, 6057, 5588], "label": "box"}, {"objectId": 18, "id": 18, "partId": 18, "index": 16, "dominantNormal": [0.12140776962041855, -0.9926027059555054, -2.204020756914072e-16], "obb": {"axesLengths": [0.6856792802191953, 0.8078490315113432, 0.649530643604452], "centroid": [-0.5679851342584052, 0.5177383156274011, -1.213015660872935], "normalizedAxes": [0.9926027059555054, 0.12140777707099915, 2.695794189455628e-17, 0, -2.220446049250313e-16, 1, 0.12140777707099915, -0.9926027059555054, -2.204020756914072e-16]}, "segments": [7288, 31333, 30270, 15928, 16426, 16447, 30305, 52848, 30226, 16423, 15479, 16363, 53094, 52150, 51301, 8525, 8530, 1382, 51208, 16029, 15927, 56020, 13105, 16016, 52850, 51204, 7326, 8549, 15974, 15941, 15960, 15910, 15925, 16862], "label": "chair"}, {"objectId": 19, "id": 19, "partId": 19, "index": 17, "dominantNormal": [0, -2.220446049250313e-16, 1], "obb": {"axesLengths": [0.5146585611593921, 0.38719998924732213, 0.4004669853932193], "centroid": [-1.324096808980184, 0.578655818089838, -1.4436001579391236], "normalizedAxes": [0.6487302780151367, 0.7610183954238892, 1.6898002895257872e-16, 0, -2.220446049250313e-16, 1, 0.7610183954238892, -0.6487302780151367, -1.4404705828477676e-16]}, "segments": [11655, 13872, 11708, 52344, 52185], "label": "box"}, {"objectId": 20, "id": 20, "partId": 20, "index": 18, "dominantNormal": [-0.4797327220439911, -0.8774147033691406, -1.9482520116501437e-16], "obb": {"axesLengths": [1.1843038362735847, 0.6799999919533728, 0.2530849706676985], "centroid": [-0.11353337015486964, 2.198253251883839, -0.09000019281976179], "normalizedAxes": [0.8774146437644958, -0.4797327518463135, -1.0652206935331276e-16, 0, -2.220446049250313e-16, 1, -0.4797327518463135, -0.8774146437644958, -1.9482518793012457e-16]}, "segments": [37417, 25525, 26072, 25536, 25535, 58105, 26069, 37326, 57853, 37290, 54984, 57949, 58009, 40288, 37025, 37046, 37258, 58608, 20485, 40359, 40264, 1860, 37203, 54995, 19362, 36973, 37779], "label": "shelf"}, {"objectId": 21, "id": 21, "partId": 21, "index": 19, "dominantNormal": [0.2570455074310303, -0.9663993120193481, -2.1458375343715822e-16], "obb": {"axesLengths": [0.4322087637519351, 0.7561849670964855, 0.35430571678457556], "centroid": [-1.7541170702226065, -0.24079168152883912, -0.32809267517591145], "normalizedAxes": [0.9663993120193481, 0.2570455074310303, 5.707556814527732e-17, 0, -2.220446049250313e-16, 1, 0.2570455074310303, -0.9663993120193481, -2.1458375343715822e-16]}, "segments": [8150, 7514, 7726, 7952, 38010, 7593, 7714, 7719, 8014, 8208, 38013, 38033, 51217, 58157, 58187, 38075, 8024, 14986, 52526, 14992, 7647, 14856, 15748, 15751, 15792, 37991, 38036, 41653, 52839, 7655], "label": "bag"}, {"objectId": 22, "id": 22, "partId": 22, "index": 20, "dominantNormal": [0.9411224126815796, -0.3380659818649292, -7.5065727381791e-17], "obb": {"axesLengths": [0.35096645662837045, 0.2166899990285187, 0.14227353956632172], "centroid": [-1.7437266616228764, -0.08889771083086628, -0.6156611727390242], "normalizedAxes": [0.3380659818649292, 0.9411224126815796, 2.0897115430997361e-16, 0, -2.220446049250313e-16, 1, 0.9411224126815796, -0.3380659818649292, -7.5065727381791e-17]}, "segments": [16500, 53034, 8217, 8131], "label": "bag"}, {"objectId": 24, "id": 24, "partId": 24, "index": 21, "dominantNormal": [0.929967999458313, -0.3676404356956482, -8.163257529850658e-17], "obb": {"axesLengths": [0.31439746974135474, 0.28291999661356204, 0.2553686516028706], "centroid": [-1.1117919892135184, 1.1570187431455516, -1.5005901840929705], "normalizedAxes": [0.3676404356956482, 0.929967999458313, 2.0649437703264284e-16, 0, -2.220446049250313e-16, 1, 0.929967999458313, -0.3676404356956482, -8.163257529850658e-17]}, "segments": [13470, 52228, 13332, 13447, 13452, 52266, 13419, 1221], "label": "trash can"}, {"objectId": 25, "id": 25, "partId": 25, "index": 22, "dominantNormal": [0.991074800491333, -0.13330680131912231, -2.9600056032724157e-17], "obb": {"axesLengths": [0.0006807305575666043, 0.0004500150579955786, 0.00016847522038881138], "centroid": [-1.0500410783037095, 0.7903261185189456, -1.230225190364981], "normalizedAxes": [0.1333068162202835, 0.991074800491333, 2.2006281252625226e-16, 0, -2.220446049250313e-16, 1, 0.991074800491333, -0.1333068162202835, -2.960005934144661e-17]}, "segments": [52338], "label": "item"}, {"objectId": 26, "id": 26, "partId": 26, "index": 23, "dominantNormal": [0, -2.220446049250313e-16, 1], "obb": {"axesLengths": [0.44398223595362757, 0.1353610127711069, 0.37360660264090173], "centroid": [-0.8616912611738793, 0.6984451277230996, -0.8429186578175045], "normalizedAxes": [-0.5202111005783081, 0.8540377020835876, 1.896344641502318e-16, 0, -2.220446049250313e-16, 1, 0.8540377020835876, 0.5202111005783081, 1.1551006830552615e-16]}, "segments": [57678, 34898, 16202, 35036], "label": "book"}, {"objectId": 27, "id": 27, "partId": 27, "index": 24, "dominantNormal": [-0.3584478199481964, -0.9335497617721558, -2.0728968803055542e-16], "obb": {"axesLengths": [0.25561885661934275, 0.14766198066632485, 0.12919978639733679], "centroid": [-1.0640194246436079, 0.7615432994729505, -0.8430421586387187], "normalizedAxes": [0.9335497617721558, -0.3584478199481964, -7.959140456663603e-17, 0, -2.220446049250313e-16, 1, -0.3584478199481964, -0.9335497617721558, -2.0728968803055542e-16]}, "segments": [13586, 13574], "label": "item"}, {"objectId": 28, "id": 28, "partId": 28, "index": 25, "dominantNormal": [0, -2.220446049250313e-16, 1], "obb": {"axesLengths": [0.2158061466517341, 0.03914004476800459, 0.1121858785546351], "centroid": [-0.9427151170214302, 0.9607706069011506, -0.8304301737140145], "normalizedAxes": [0.9902492165565491, -0.1393069624900818, -3.0932359449416366e-17, 0, -2.220446049250313e-16, 1, -0.1393069624900818, -0.9902492165565491, -2.198794960676207e-16]}, "segments": [36212, 16184], "label": "item"}, {"objectId": 30, "id": 30, "partId": 30, "index": 26, "dominantNormal": [0.8876969218254089, -0.46042823791503906, -1.0223560618417317e-16], "obb": {"axesLengths": [0.24510195617738187, 0.14000004217028517, 0.11998712569140635], "centroid": [-0.5904594549698867, 2.4055538907908147, -0.8400001760559554], "normalizedAxes": [0.46042823791503906, 0.8876969218254089, 1.9710831229988933e-16, 0, -2.220446049250313e-16, 1, 0.8876969218254089, -0.46042823791503906, -1.0223560618417317e-16]}, "segments": [30445, 30432], "label": "box"}, {"objectId": 31, "id": 31, "partId": 31, "index": 27, "dominantNormal": [0, -2.220446049250313e-16, 1], "obb": {"axesLengths": [0.28196304868479355, 0.13999998256564172, 0.18696408852172514], "centroid": [-0.728329534935221, 2.050215006276345, -0.8800001668172355], "normalizedAxes": [0.1287350356578827, 0.9916790127754211, 2.2019697460416346e-16, 0, -2.220446049250313e-16, 1, 0.9916790127754211, -0.1287350356578827, -2.858492013266438e-17]}, "segments": [41091, 41112], "label": "pile of papers"}, {"objectId": 32, "id": 32, "partId": 32, "index": 28, "dominantNormal": [0.7993436455726624, -0.600874125957489, -1.3342085790790415e-16], "obb": {"axesLengths": [0.581712579876086, 0.6865860070306207, 0.34959003872874495], "centroid": [-0.4560522240225922, 0.4239339058008224, -1.0969371674881825], "normalizedAxes": [0.600874125957489, 0.7993436455726624, 1.7748994398051606e-16, 0, -2.220446049250313e-16, 1, 0.7993436455726624, -0.600874125957489, -1.3342085790790415e-16]}, "segments": [52949, 16324, 52986, 19066, 52810, 31318, 53192, 31306, 30111, 30074, 30099, 52973, 53128, 52780, 16470, 58031, 31352], "label": "clothes"}, {"objectId": 33, "id": 33, "partId": 33, "index": 29, "dominantNormal": [0, -2.220446049250313e-16, 1], "obb": {"axesLengths": [0.5599299591901491, 0.36959498294603127, 0.4088559341860915], "centroid": [-0.22246726558492258, 1.3707066057164272, -0.9252026892768046], "normalizedAxes": [0.4889097511768341, 0.872334361076355, 1.9369713856772885e-16, 0, -2.220446049250313e-16, 1, 0.872334361076355, -0.4889097511768341, -1.0855977254405549e-16]}, "segments": [55316, 55466, 27465, 17917, 20501, 55330, 20645], "label": "clothes"}, {"objectId": 34, "id": 34, "partId": 34, "index": 30, "dominantNormal": [-0.627129316329956, -0.7789151668548584, -1.7295391049440187e-16], "obb": {"axesLengths": [0.44265655134606513, 0.3822200212876492, 0.219291612014245], "centroid": [0.16492520251114334, 2.0943399658400073, -1.4611101544387666], "normalizedAxes": [0.7789151668548584, -0.627129316329956, -1.3925068128139008e-16, 0, -2.220446049250313e-16, 1, -0.627129316329956, -0.7789151668548584, -1.7295391049440187e-16]}, "segments": [1298, 36036, 57460], "label": "box"}, {"objectId": 36, "id": 36, "partId": 36, "index": 31, "dominantNormal": [0.9143433570861816, -0.40493977069854736, -8.991469140319172e-17], "obb": {"axesLengths": [0.44204422664260423, 0.4399999877810479, 0.032015737279726286], "centroid": [1.8841600795188365, -0.169508452132051, 0.06999980002768114], "normalizedAxes": [0.40493977069854736, 0.9143433570861816, 2.0302500949002803e-16, 0, -2.220446049250313e-16, 1, 0.9143433570861816, -0.40493977069854736, -8.991469140319172e-17]}, "segments": [45144], "label": "picture"}, {"objectId": 37, "id": 37, "partId": 37, "index": 32, "dominantNormal": [0.9111409783363342, -0.41209471225738525, -9.150340757488557e-17], "obb": {"axesLengths": [0.4227513307753559, 0.2399999743700032, 0.03757136201476784], "centroid": [1.7124119605248942, -0.5584495305752077, 0.3899998006237273], "normalizedAxes": [0.41209468245506287, 0.911141037940979, 2.0231395180058764e-16, 0, -2.220446049250313e-16, 1, 0.911141037940979, -0.41209468245506287, -9.150340095744067e-17]}, "segments": [37173], "label": "picture"}, {"objectId": 38, "id": 38, "partId": 38, "index": 33, "dominantNormal": [0.9225921034812927, -0.3857768774032593, -8.565967433221894e-17], "obb": {"axesLengths": [0.2392340860261979, 0.24000000417232492, 0.019270540530509195], "centroid": [1.6188384567981484, -0.7528922970722576, -0.2100001949059247], "normalizedAxes": [0.3857768774032593, 0.9225921034812927, 2.0485659912445724e-16, 0, -2.220446049250313e-16, 1, 0.9225921034812927, -0.3857768774032593, -8.565967433221894e-17]}, "segments": [37951], "label": "picture"}, {"objectId": 39, "id": 39, "partId": 39, "index": 34, "dominantNormal": [0.8782296776771545, -0.4782390594482422, -1.061904030149035e-16], "obb": {"axesLengths": [0.5299241121569296, 0.4774500024888659, 0.20323974607915263], "centroid": [0.7939039154356444, -0.9723082313407292, -1.248725160387571], "normalizedAxes": [0.4782390594482422, 0.8782296776771545, 1.9500616181326137e-16, 0, -2.220446049250313e-16, 1, 0.8782296776771545, -0.4782390594482422, -1.061904030149035e-16]}, "segments": [49671, 3114, 46706, 24054, 63726], "label": "bag"}, {"objectId": 40, "id": 40, "partId": 40, "index": 35, "dominantNormal": [-0.13159726560115814, -0.9913032650947571, -2.2011354185885891e-16], "obb": {"axesLengths": [0.6226429845625211, 0.7989199579003455, 0.3424990214080486], "centroid": [0.9092850902807592, -0.761242194323154, -1.2094601544845882], "normalizedAxes": [0.9913032650947571, -0.13159726560115814, -2.922046284962357e-17, 0, -2.220446049250313e-16, 1, -0.13159726560115814, -0.9913032650947571, -2.2011354185885891e-16]}, "segments": [48907, 62259, 60718, 46429, 11269, 60784, 60760, 47160, 46767, 46904, 60921, 60857, 46769, 48858, 47618], "label": "bag"}, {"objectId": 41, "id": 41, "partId": 41, "index": 36, "dominantNormal": [0.12466076016426086, -0.9921994209289551, -2.2031252842701467e-16], "obb": {"axesLengths": [0.35968501330315567, 0.40656005427479575, 0.2630600176229826], "centroid": [0.6684522974751413, -0.8676816035299313, -1.4023401548177779], "normalizedAxes": [0.9921994209289551, 0.12466076761484146, 2.768025089468861e-17, 0, -2.220446049250313e-16, 1, 0.12466076761484146, -0.9921994209289551, -2.2031252842701467e-16]}, "segments": [48876, 62188, 47016, 46785, 62222], "label": "bag"}, {"objectId": 42, "id": 42, "partId": 42, "index": 37, "dominantNormal": [0.18146026134490967, -0.9833982586860657, -2.183582778339112e-16], "obb": {"axesLengths": [0.32130380197247255, 0.316310041033252, 0.31316222966368235], "centroid": [0.6376023269577846, -1.1010435534177394, -1.4518451490573239], "normalizedAxes": [0.9833982586860657, 0.18146026134490967, 4.02922720399234e-17, 0, -2.220446049250313e-16, 1, 0.18146026134490967, -0.9833982586860657, -2.183582778339112e-16]}, "segments": [49694, 45632, 45325, 63889, 45746, 49755, 60170, 45351, 49727], "label": "bag"}, {"objectId": 43, "id": 43, "partId": 43, "index": 38, "dominantNormal": [0, -2.220446049250313e-16, 1], "obb": {"axesLengths": [0.565485867352817, 0.3136612032280586, 0.6187266663017983], "centroid": [1.1476108818649184, -1.1239509973290926, -0.11316959433497598], "normalizedAxes": [0.9501824378967285, -0.31169426441192627, -6.921002979874441e-17, 0, -2.220446049250313e-16, 1, -0.31169426441192627, -0.9501824378967285, -2.1098288402948218e-16]}, "segments": [57009, 59515, 43699, 43615, 40104, 39636, 40191, 43594, 58515, 58519, 58527, 58598, 24269, 40084, 54272, 34322, 43510], "label": "box"}, {"objectId": 44, "id": 44, "partId": 44, "index": 39, "dominantNormal": [-0.4798917770385742, -0.8773276805877686, -1.9480587822590513e-16], "obb": {"axesLengths": [0.18490635626916677, 0.3400000052899119, 0.03170649114397328], "centroid": [0.5334440106002608, -1.6603936244047417, 0.15999981183685108], "normalizedAxes": [0.8773276805877686, -0.4798917770385742, -1.0655738003930142e-16, 0, -2.220446049250313e-16, 1, -0.4798917770385742, -0.8773276805877686, -1.9480587822590513e-16]}, "segments": [27296], "label": "picture"}, {"objectId": 45, "id": 45, "partId": 45, "index": 40, "dominantNormal": [0, -2.220446049250313e-16, 1], "obb": {"axesLengths": [0.5532817387795401, 0.25777196307990025, 0.4418504345336404], "centroid": [1.2566301035491956, -0.4712423302888695, -0.9467441352426889], "normalizedAxes": [0.9527526497840881, -0.3037472367286682, -6.744543517648709e-17, 0, -2.220446049250313e-16, 1, -0.3037472367286682, -0.9527526497840881, -2.1155358571258457e-16]}, "segments": [31631, 52441, 9805, 55809], "label": "pillow"}, {"objectId": 46, "id": 46, "partId": 46, "index": 41, "dominantNormal": [0, -2.220446049250313e-16, 1], "obb": {"axesLengths": [0.4453795343803801, 0.30243902722509874, 0.3120167490096343], "centroid": [0.9285345782822543, -0.5097446779474994, -0.8910407051198836], "normalizedAxes": [-0.6875560283660889, 0.7261313199996948, 1.6123354207302372e-16, 0, -2.220446049250313e-16, 1, 0.7261313199996948, 0.6875560283660889, 1.5266810668237182e-16]}, "segments": [51485, 4907, 9374, 12789, 51412], "label": "pillow"}, {"objectId": 47, "id": 47, "partId": 47, "index": 42, "dominantNormal": [0, -2.220446049250313e-16, 1], "obb": {"axesLengths": [0.47555162375875265, 0.281870001214668, 0.46173564072357237], "centroid": [1.3162458742341925, -0.6384205137533119, -0.9490651996630075], "normalizedAxes": [0.9866353869438171, -0.1629437357187271, -3.6180777422673474e-17, 0, -2.220446049250313e-16, 1, -0.1629437357187271, -0.9866353869438171, -2.1907706469899527e-16]}, "segments": [9451, 17088, 51460, 52497, 12668], "label": "pillow"}, {"objectId": 48, "id": 48, "initialPoint": [0.23151957765768305, 0.3788764415995103, -1.02711392306768], "index": 43, "dominantNormal": [0, -2.220446049250313e-16, 1], "obb": {"axesLengths": [0.4881241009125863, 0.3829499397512537, 0.4153756912979564], "centroid": [0.34443149748643176, 0.5519059564347241, -1.1985251760054774], "normalizedAxes": [0.9819537997245789, 0.18912088871002197, 4.199327301668764e-17, 0, -2.220446049250313e-16, 1, 0.18912088871002197, -0.9819537997245789, -2.1803754351447743e-16]}, "segments": [26701, 29921, 29922, 29950, 19780, 19789, 19794, 20909, 20917, 26575, 53689, 53691, 53696, 54535, 54538, 54541, 54563], "partId": 48, "label": "box"}], "scan_id": "7747a514-9431-24e8-8505-5979f3f20906", "annId": "5142", "appId": "stk.v1"}