{"segGroups": [{"objectId": 29, "id": 29, "partId": 29, "index": 0, "dominantNormal": [-0.07232291996479034, -0.9973812699317932, -2.2146313004163103e-16], "obb": {"axesLengths": [0.1668648955421884, 0.1732429823299575, 0.06829145383048682], "centroid": [-1.0875026956820082, -0.6188461798809759, -0.6577975472555124], "normalizedAxes": [0.9973812699317932, -0.07232291996479034, -1.605891419060653e-17, 0, -2.220446049250313e-16, 1, -0.07232291996479034, -0.9973812699317932, -2.2146313004163103e-16]}, "segments": [30735, 46932], "label": "bottle"}, {"objectId": 30, "id": 30, "partId": 30, "index": 1, "dominantNormal": [0.5946338772773743, -0.8039966225624084, -1.785231124179295e-16], "obb": {"axesLengths": [0.19129495188258244, 0.25472300675385445, 0.14958227954902323], "centroid": [-1.169000702805313, -0.7959924858551889, -0.7426385583138799], "normalizedAxes": [0.8039966225624084, 0.5946338772773743, 1.3203524435509412e-16, 0, -2.220446049250313e-16, 1, 0.5946338772773743, -0.8039966225624084, -1.785231124179295e-16]}, "segments": [44331, 25834, 37434], "label": "soap dispenser"}, {"objectId": 31, "id": 31, "partId": 31, "index": 2, "dominantNormal": [-0.36791643500328064, -0.9298588633537292, -2.0647014394941748e-16], "obb": {"axesLengths": [0.5422322964146761, 0.3999999672174462, 0.3377874540028098], "centroid": [-1.027678901500416, -1.4839151520998901, -0.5700000564754011], "normalizedAxes": [0.9298588633537292, -0.36791643500328064, -8.169385945572941e-17, 0, -2.220446049250313e-16, 1, -0.36791643500328064, -0.9298588633537292, -2.0647014394941748e-16]}, "segments": [44573, 22987, 6487, 38678, 42174, 42166, 17565, 6383, 6841, 6366, 6395, 6857, 6867, 17590, 17656, 17736, 17738, 17754, 17765, 19279, 22992, 22998, 25316, 32360, 35363, 35525, 35547, 35549, 35596, 38696, 44592, 32320, 19247], "label": "dish dryer"}, {"objectId": 32, "id": 32, "partId": 32, "index": 3, "dominantNormal": [0.974871039390564, -0.22277002036571503, -4.946488116124637e-17], "obb": {"axesLengths": [0.6238940261284831, 0.3600000043958423, 0.2007431972670728], "centroid": [-1.222658147315467, -1.0682516805001308, -0.15000007990747655], "normalizedAxes": [0.22277000546455383, 0.974871039390564, 2.164648547943324e-16, 0, -2.220446049250313e-16, 1, 0.974871039390564, -0.22277000546455383, -4.946487785252392e-17]}, "segments": [3637, 31400, 7764, 4398, 2817, 7021, 7416, 6761, 7774, 2777, 2852, 3702, 3840, 7758, 10780, 35620, 35701, 46804, 46805, 49000, 49132], "label": "kitchen rack"}, {"objectId": 33, "id": 33, "partId": 33, "index": 4, "dominantNormal": [0, -2.220446049250313e-16, 1], "obb": {"axesLengths": [0.7832768368887286, 0.24929999747946852, 0.3512755583256888], "centroid": [-0.1730257323909012, -1.6802589247701134, 0.27464992497898644], "normalizedAxes": [0.9795148372650146, -0.2013719230890274, -4.471354910529688e-17, 0, -2.220446049250313e-16, 1, -0.2013719230890274, -0.9795148372650146, -2.174959850587165e-16]}, "segments": [20472, 36131, 7468, 10222, 10382, 36553, 36576, 7479, 44716, 10477, 40482, 36618, 12921, 36120, 10497, 12958, 13859, 13970, 14108, 14158, 36613, 42477, 42491, 42604, 44674], "label": "shelf"}, {"objectId": 34, "id": 34, "partId": 34, "index": 5, "dominantNormal": [0, -2.220446049250313e-16, 1], "obb": {"axesLengths": [0.6345351489589109, 0.1422759914634527, 0.5106702661507777], "centroid": [-0.8406816969404253, 0.2005010453592473, 0.08113791891624045], "normalizedAxes": [0.9887514114379883, 0.1495683789253235, 3.321085160775083e-17, 0, -2.220446049250313e-16, 1, 0.1495683789253235, -0.9887514114379883, -2.195469165218152e-16]}, "segments": [17654, 26535, 1604, 18566, 18677, 20021, 26566, 37780, 38151, 38153, 38156, 18696, 26773, 18630, 18740, 26743, 44973, 1642], "label": "exhaust hood"}, {"objectId": 35, "id": 35, "partId": 35, "index": 6, "dominantNormal": [-0.6256074905395508, 0.7801379561424255, 1.7322542425866628e-16], "obb": {"axesLengths": [0.17139888739281856, 0.32974299051442, 0.18448064016971327], "centroid": [-0.9337959549692182, 0.36705306543360616, -0.6155935704947968], "normalizedAxes": [-0.6256074905395508, 0.7801379561424255, 1.7322542425866628e-16, 0, -2.220446049250313e-16, 1, 0.7801379561424255, 0.6256074905395508, 1.3891276807499481e-16]}, "segments": [47147, 43319, 7986, 43686], "label": "kettle"}, {"objectId": 36, "id": 36, "partId": 36, "index": 7, "dominantNormal": [0, -2.220446049250313e-16, 1], "obb": {"axesLengths": [0.8299117200182128, 0.13999999001622215, 0.23326330566887635], "centroid": [0.03248577691745519, 1.3573604663481509, -0.14000007010996374], "normalizedAxes": [0.990050733089447, -0.14071102440357208, -3.12441238222876e-17, 0, -2.220446049250313e-16, 1, -0.14071102440357208, -0.990050733089447, -2.1983542388458389e-16]}, "segments": [20699, 19852, 40577, 13462], "label": "windowsill"}, {"objectId": 38, "id": 38, "partId": 38, "index": 8, "dominantNormal": [-0.607573926448822, -0.7942631244659424, -1.7636184167856114e-16], "obb": {"axesLengths": [0.3174635208298016, 0.6542740317968865, 0.21673889561507168], "centroid": [-0.5291378072587609, 1.3155097781794105, -1.3129930668400296], "normalizedAxes": [0.7942631244659424, -0.607573926448822, -1.3490851246107872e-16, 0, -2.220446049250313e-16, 1, -0.607573926448822, -0.7942631244659424, -1.7636184167856114e-16]}, "segments": [40847, 40829, 21885, 19167, 21273], "label": "sack"}, {"objectId": 39, "id": 39, "partId": 39, "index": 9, "dominantNormal": [0, -2.220446049250313e-16, 1], "obb": {"axesLengths": [0.3116990226020114, 0.22901802743185984, 0.28659793388134436], "centroid": [0.5775470984756991, 0.4190274274824779, -0.4814740777431279], "normalizedAxes": [0.586929440498352, 0.8096380829811096, 1.797757682678002e-16, 0, -2.220446049250313e-16, 1, 0.8096380829811096, -0.586929440498352, -1.3032451573432625e-16]}, "segments": [24179, 24100, 24169, 24261], "label": "toaster"}, {"objectId": 40, "id": 40, "partId": 40, "index": 10, "dominantNormal": [0.3691180646419525, -0.9293825030326843, -2.063643707101291e-16], "obb": {"axesLengths": [0.1733867793486336, 0.2467749659692875, 0.13349313316301697], "centroid": [0.49403810817737315, 0.11675089328619775, -0.4002075571520445], "normalizedAxes": [0.9293825030326843, 0.3691180944442749, 8.196068145155941e-17, 0, -2.220446049250313e-16, 1, 0.3691180944442749, -0.9293825030326843, -2.063643707101291e-16]}, "segments": [23621, 40821, 23604, 42453], "label": "kettle"}, {"objectId": 41, "id": 41, "partId": 41, "index": 11, "dominantNormal": [0.9758496284484863, 0.2184433788061142, 4.8504173745492584e-17], "obb": {"axesLengths": [0.12725759678865764, 0.25999998465180446, 0.11241395723921631], "centroid": [0.5657901770135598, 1.1342611543295151, -0.44000006414949855], "normalizedAxes": [-0.2184433788061142, 0.9758496284484863, 2.1668214521508274e-16, 0, -2.220446049250313e-16, 1, 0.9758496284484863, 0.2184433788061142, 4.8504173745492584e-17]}, "segments": [27870, 27625], "label": "pack"}, {"objectId": 42, "id": 42, "partId": 42, "index": 12, "dominantNormal": [0.8692605495452881, -0.494354248046875, -1.0976869370057929e-16], "obb": {"axesLengths": [0.14462868407751608, 0.2693179785612679, 0.12886334040472672], "centroid": [0.6599655316887838, 1.1275230861630636, -0.4120080546585916], "normalizedAxes": [0.4943542182445526, 0.8692605495452881, 1.930146153006991e-16, 0, -2.220446049250313e-16, 1, 0.8692605495452881, -0.4943542182445526, -1.0976868708313439e-16]}, "segments": [27503, 48822, 1781, 43473], "label": "pack"}, {"objectId": 43, "id": 43, "partId": 43, "index": 13, "dominantNormal": [0, -2.220446049250313e-16, 1], "obb": {"axesLengths": [0.2595882827635796, 0.13227501215916093, 0.21521675905240187], "centroid": [0.7633431985656696, 0.8808219167422979, -0.46652858592878577], "normalizedAxes": [0.5309637188911438, 0.8473945260047913, 1.8815938274236804e-16, 0, -2.220446049250313e-16, 1, 0.8473945260047913, -0.5309637188911438, -1.178976291907094e-16]}, "segments": [4104, 4047, 35133, 34900], "label": "kitchen appliance"}, {"objectId": 1, "id": 1, "partId": 1, "index": 14, "dominantNormal": [0, -2.220446049250313e-16, 1], "obb": {"axesLengths": [3.1803448016684115, 0.21336996078409332, 2.1820452934468704], "centroid": [-0.07169869146524949, -0.11202474382552802, -1.5566850720341867], "normalizedAxes": [-0.08596880733966827, 0.9962978363037109, 2.21222559449721e-16, 0, -2.220446049250313e-16, 1, 0.9962978363037109, 0.08596880733966827, 1.9088909861612774e-17]}, "segments": [7103, 21474, 5526, 5547, 13731, 15254, 20845, 33352, 42154, 47851, 47854, 49120, 13712, 19768, 12420, 16548], "label": "floor"}, {"objectId": 2, "id": 2, "partId": 2, "index": 15, "dominantNormal": [0.9936760067939758, -0.1122850626707077, -2.4932292379699673e-17], "obb": {"axesLengths": [1.134092039485653, 2.051509960334524, 0.14229399939936163], "centroid": [0.49933936269750767, -0.7885701728180126, -0.6157550692762062], "normalizedAxes": [0.1122850626707077, 0.9936760067939758, 2.206403963520511e-16, 0, -2.220446049250313e-16, 1, 0.9936760067939758, -0.1122850626707077, -2.4932292379699673e-17]}, "segments": [12489, 39228, 1652, 33794, 3921, 8535, 36880, 37514, 4478, 4556, 3971, 3616, 4987, 8604, 8811, 12486, 13522, 14202, 33777, 33807, 34813, 34851, 34871, 36882, 37472, 37507, 34826, 42122, 18780, 4397, 8528], "label": "blinds"}, {"objectId": 3, "id": 3, "partId": 3, "index": 16, "dominantNormal": [0.9893390536308289, -0.14563031494617462, -3.2336425747331226e-17], "obb": {"axesLengths": [1.886145078537748, 2.5288168818768053, 0.17292092781296783], "centroid": [0.4951338718875742, -0.9863266727447718, -0.3532715528472181], "normalizedAxes": [0.14563032984733582, 0.9893390536308289, 2.1967739930036175e-16, 0, -2.220446049250313e-16, 1, 0.9893390536308289, -0.14563032984733582, -3.2336429056053676e-17]}, "segments": [46550, 34968, 4860, 1822, 3596, 15456, 16792, 42101, 22901, 25508, 4855, 15449, 20667], "label": "wall"}, {"objectId": 4, "id": 4, "partId": 4, "index": 17, "dominantNormal": [0.9860794544219971, -0.16627494990825653, -3.692045556130819e-17], "obb": {"axesLengths": [1.3155488285752532, 2.5334799319472916, 0.18836624788777928], "centroid": [0.7811125762209972, 0.5066886682638597, -0.35674003645613883], "normalizedAxes": [0.16627494990825653, 0.9860794544219971, 2.1895362288182276e-16, 0, -2.220446049250313e-16, 1, 0.9860794544219971, -0.16627494990825653, -3.692045556130819e-17]}, "segments": [35084, 805, 4256, 207, 414, 460, 5242, 22677, 22701, 34116, 34123, 35211, 43504, 14798, 18408], "label": "wall"}, {"objectId": 5, "id": 5, "partId": 5, "index": 18, "dominantNormal": [-0.15706130862236023, -0.9875888824462891, -2.1928878323113944e-16], "obb": {"axesLengths": [1.8672563938223996, 2.538010004058256, 0.19477262324986358], "centroid": [0.0051813861941133466, 1.2347820767102051, -0.35900507251162006], "normalizedAxes": [0.9875888824462891, -0.15706129372119904, -3.487461291333794e-17, 0, -2.220446049250313e-16, 1, -0.15706129372119904, -0.9875888824462891, -2.1928878323113944e-16]}, "segments": [774, 1792, 3325, 3573, 43682, 25526, 41247, 19134, 7641], "label": "wall"}, {"objectId": 8, "id": 8, "partId": 8, "index": 19, "dominantNormal": [0.9910433292388916, -0.13354049623012543, -2.9651946726910833e-17], "obb": {"axesLengths": [3.039147058649921, 2.605589987212642, 0.3095185347521254], "centroid": [-1.0808956695903826, -0.06651429705312212, -0.37279508360933455], "normalizedAxes": [0.13354051113128662, 0.9910433292388916, 2.2005582450443741e-16, 0, -2.220446049250313e-16, 1, 0.9910433292388916, -0.13354051113128662, -2.9651950035633283e-17]}, "segments": [27508, 25796, 47062, 6514, 7009, 8287, 27592, 30348, 4127, 46943, 1758, 26720, 24922, 42066, 26781, 26779, 6496, 7206, 38127], "label": "wall"}, {"objectId": 9, "id": 9, "partId": 9, "index": 20, "dominantNormal": [0, -2.220446049250313e-16, 1], "obb": {"axesLengths": [1.8117906184253516, 0.7222989785157369, 1.6065083446321968], "centroid": [-0.46768704232070757, -1.596408969845201, 0.5888504012185973], "normalizedAxes": [0.9969571828842163, -0.07795125991106033, -1.7308656710359823e-17, 0, -2.220446049250313e-16, 1, -0.07795125991106033, -0.9969571828842163, -2.21368963800698e-16]}, "segments": [49307, 31820, 29018, 23421, 46498, 13122, 15372, 12980, 26607, 26423, 24641, 42632, 48188, 48171, 25139, 24801, 31367, 48363, 48351, 31582, 31588, 33650, 10313, 12933, 13189, 15250, 15334, 15363, 15632, 15800, 23374, 23406, 23444, 23470, 23481, 24744, 24767, 24943, 25020, 25031, 25032, 25107, 25298, 25305, 25308, 25319, 25357, 25365, 25371, 25430, 25610, 25629, 25715, 25738, 26223, 26271, 26297, 26360, 26388, 26398, 26427, 26436, 26456, 26496, 26521, 26523, 26557, 26564, 26569, 26605, 26613, 26821, 26849, 26865, 26866, 26870, 26877, 26920, 26925, 26927, 27171, 27240, 27274, 28183, 28232, 28242, 28288, 28530, 28532, 28582, 28586, 28656, 28677, 28679, 28680, 28689, 28692, 28716, 28731, 28780, 28829, 28839, 28845, 29444, 29667, 30012, 30016, 30076, 30089, 30138, 30196, 30201, 30276, 30287, 30288, 30346, 30354, 30360, 30401, 30421, 30471, 30479, 30551, 30581, 30651, 30862, 30874, 30883, 30913, 30932, 30935, 31088, 31105, 31161, 31337, 31345, 31352, 31364, 31440, 31476, 31489, 31526, 31547, 31730, 31878, 31996, 32083, 32191, 32193, 32301, 32307, 32308, 32380, 32398, 32591, 32593, 32702, 32767, 32877, 32906, 32928, 32931, 32966, 32970, 32977, 32990, 32994, 33192, 33408, 42045, 42056, 42684, 42725, 42727, 42739, 43015, 43078, 43084, 44740, 44742, 44756, 44803, 44809, 44825, 44840, 44915, 44924, 44928, 44977, 44978, 44979, 44981, 45038, 45041, 45045, 45075, 45196, 45248, 45274, 45280, 45289, 45396, 45408, 45417, 45419, 45430, 45445, 45446, 45576, 45620, 45771, 45898, 45974, 46025, 46218, 46488, 46905, 46914, 47518, 47525, 47811, 47964, 48042, 48046, 48055, 48133, 48157, 48733, 48773, 48899, 48906, 48909, 48914, 48971, 48978, 48979, 48982, 48986, 49379, 49508, 49541, 49625, 30867, 45215, 46420, 32220, 31245, 48075, 33159, 32285, 30851, 46715, 29862, 31939, 30766, 49151, 32798, 20977, 561, 567, 601, 645, 735, 814, 816, 822, 846, 926, 1239, 1267, 1269, 1277, 1284, 1290, 1291, 2419, 2533, 17219, 17474, 17484, 17496, 21023, 23605, 25923, 26383, 26676, 26835, 26930, 26938, 26959, 26968, 26976, 26977, 27002, 27027, 27028, 27058, 27079, 27083, 27096, 27119, 27129, 27130, 27194, 28056, 28136, 28202, 28753, 29005, 29313, 29316, 29458, 29460, 29639, 29641, 29657, 29661, 29662, 29688, 29701, 29716, 29747, 29800, 29804, 29823, 29826, 29875, 29888, 29928, 29988, 29993, 29994, 30250, 30271, 30332, 30396, 30459, 30657, 31120, 31151, 31420, 31868, 31949, 31987, 31990, 31992, 32038, 32043, 32052, 32063, 32093, 32109, 32133, 32167, 32180, 32214, 32232, 32316, 32583, 32672, 32684, 32747, 32845, 32878, 32883, 32934, 32999, 33020, 33076, 33081, 33138, 33139, 33157, 33196, 34238, 34249, 34260, 34276, 34278, 37628, 37694, 44771, 44812, 45024, 45035, 45048, 45077, 45143, 45154, 45173, 45174, 45185, 45198, 45200, 45203, 45263, 45284, 45291, 45297, 45398, 45531, 45598, 45779, 45861, 46396, 46402, 46695, 46704, 46748, 46759, 46762, 46790, 46796, 46815, 46818, 46820, 46823, 46909, 46916, 46930, 47523, 48621, 48675, 48679, 48728, 48779, 48830, 48845, 48877, 49143, 49184, 49381, 49432, 29201, 17218, 2464, 17464, 17275, 37416, 16718, 4892, 16697, 33179, 26079, 26068, 44638, 44634, 46739, 609], "label": "glass wall"}, {"objectId": 10, "id": 10, "partId": 10, "index": 21, "dominantNormal": [-0.15076489746570587, -0.9885696172714233, -2.195065501079226e-16], "obb": {"axesLengths": [1.7087688938836592, 1.975329921200947, 0.2812286688753947], "centroid": [-0.4871114825369261, -1.6653045619344675, -0.6576650312319776], "normalizedAxes": [0.9885696172714233, -0.15076491236686707, -3.3476535403057964e-17, 0, -2.220446049250313e-16, 1, -0.15076491236686707, -0.9885696172714233, -2.195065501079226e-16]}, "segments": [33657, 23759, 16983, 10037, 10555], "label": "wall"}, {"objectId": 11, "id": 11, "partId": 11, "index": 22, "dominantNormal": [0.991519570350647, -0.12995758652687073, -2.885638095736958e-17], "obb": {"axesLengths": [2.1107707017315946, 0.9239419492198083, 0.3462710038614799], "centroid": [-0.7313293878207436, -0.6064764517641044, -1.1840690277352413], "normalizedAxes": [0.12995758652687073, 0.991519570350647, 2.201615712739462e-16, 0, -2.220446049250313e-16, 1, 0.991519570350647, -0.12995758652687073, -2.885638095736958e-17]}, "segments": [24383, 41424, 22574, 8687, 10874, 13815, 10720, 10750, 11100, 11821, 14041, 14055, 19926, 20067, 20135, 29644, 29981, 31048, 32289, 32442, 32480, 32537, 33435, 33458, 33467, 33484, 33534, 33572, 33574, 37992, 38677, 39262, 47882, 48995, 48998, 49779], "label": "kitchen cabinet"}, {"objectId": 12, "id": 12, "partId": 12, "index": 23, "dominantNormal": [0, -2.220446049250313e-16, 1], "obb": {"axesLengths": [2.0490766216023992, 0.29882400560027333, 0.6274658416797857], "centroid": [-0.8645692675626323, -0.5526081886480726, -0.7205880588906703], "normalizedAxes": [0.12770125269889832, 0.9918127059936523, 2.2022666046198677e-16, 0, -2.220446049250313e-16, 1, 0.9918127059936523, -0.12770125269889832, -2.8355374203958465e-17]}, "segments": [25006, 39281, 30165, 47561, 24629, 13742, 13762, 13903, 18915, 24605, 30411, 30609, 39260, 43352, 43696, 47724, 47821], "label": "kitchen counter"}, {"objectId": 13, "id": 13, "partId": 13, "index": 24, "dominantNormal": [0.9998513460159302, -0.017240725457668304, -3.828210072868888e-18], "obb": {"axesLengths": [0.9981696779208675, 0.8952459977139677, 0.4021547728466553], "centroid": [-1.02697266380453, -1.1119277439354227, 0.39762292286106193], "normalizedAxes": [0.017240725457668304, 0.9998513460159302, 2.22011597109868e-16, 0, -2.220446049250313e-16, 1, 0.9998513460159302, -0.017240725457668304, -3.828210072868888e-18]}, "segments": [7578, 5323, 21697, 40321, 7068, 7183, 7596, 7599], "label": "kitchen cabinet"}, {"objectId": 14, "id": 14, "partId": 14, "index": 25, "dominantNormal": [0.9982507824897766, 0.05912148952484131, 1.3127607784122765e-17], "obb": {"axesLengths": [0.9125418364562016, 1.0266199478517481, 0.4287177617731562], "centroid": [0.5217359926322777, 0.49465110873857054, -1.103310010880754], "normalizedAxes": [-0.05912148952484131, 0.9982507824897766, 2.216562006140458e-16, 0, -2.220446049250313e-16, 1, 0.9982507824897766, 0.05912148952484131, 1.3127607784122765e-17]}, "segments": [49029, 21564, 4737, 1457, 1502, 1515, 14235, 16307, 21543, 21632, 24461, 24779, 28462, 28489, 29506, 29518, 29533, 29566, 29580, 32689, 33442, 33653, 33686, 33738, 34717, 41149, 41154, 46689, 47959, 49006, 23726, 43295, 24500, 21628, 41116], "label": "commode"}, {"objectId": 15, "id": 15, "partId": 15, "index": 26, "dominantNormal": [0.7470203042030334, -0.6648012399673462, -1.4761552868222032e-16], "obb": {"axesLengths": [0.8611677475449779, 0.9226899536842859, 0.586246497683718], "centroid": [0.05196043625680369, -1.368927773695319, -1.1713450158831857], "normalizedAxes": [0.6648012399673462, 0.7470203042030334, 1.6587182831773927e-16, 0, -2.220446049250313e-16, 1, 0.7470203042030334, -0.6648012399673462, -1.4761552868222032e-16]}, "segments": [3806, 173, 21230, 12439, 14815, 3788, 5415, 5427, 5435, 5469, 5666, 6683, 6707, 6749, 12695, 12714, 14756, 14919, 15016, 15052, 15180, 21168, 21188, 22246, 22353, 22385, 22390, 22404, 22418, 22422, 22431, 34806, 34949, 34952, 36109, 36893, 37018, 39600, 39622, 39624, 39636], "label": "refrigerator"}, {"objectId": 16, "id": 16, "partId": 16, "index": 27, "dominantNormal": [0.5315644145011902, -0.8470178842544556, -1.8807575147371648e-16], "obb": {"axesLengths": [0.6861956520494915, 0.8701879932689369, 0.45212604554741054], "centroid": [0.033252285942536264, -1.38699179816745, -0.33216607759521866], "normalizedAxes": [0.8470178842544556, 0.5315644145011902, 1.1803101041012236e-16, 0, -2.220446049250313e-16, 1, 0.5315644145011902, -0.8470178842544556, -1.8807575147371648e-16]}, "segments": [36691, 4705, 3306, 4887, 5895, 14323, 35376, 36678, 36721], "label": "box"}, {"objectId": 17, "id": 17, "partId": 17, "index": 28, "dominantNormal": [0, -2.220446049250313e-16, 1], "obb": {"axesLengths": [0.677820046562271, 0.42938408785945015, 0.5874340214921674], "centroid": [0.12661957540088808, -1.5351061345031762, -0.13530801865515274], "normalizedAxes": [0.8290342092514038, -0.5591979026794434, -1.241668773753631e-16, 0, -2.220446049250313e-16, 1, -0.5591979026794434, -0.8290342092514038, -1.840825734625637e-16]}, "segments": [2294, 16235, 33838, 33949, 2342, 34079, 14068, 9041, 9096, 9131, 10311, 10462, 10493, 10494, 10632, 10641, 10725, 10749, 10852, 10853, 10943, 10952, 10954, 11131, 11136, 11174, 11178, 11197, 11198, 11280, 12025, 12026, 12027, 12091, 12099, 12100, 12153, 12172, 12204, 12293, 12484, 12701, 18514, 18569, 18606, 33859, 33863, 33866, 33874, 33875, 33879, 33888, 33898, 33926, 34004, 34039, 34049, 35630, 16493, 5997, 12226, 13348, 35463, 35466, 35722, 5919, 9863, 2283, 2889, 5922], "label": "microwave"}, {"objectId": 18, "id": 18, "partId": 18, "index": 29, "dominantNormal": [0, -2.220446049250313e-16, 1], "obb": {"axesLengths": [3.159199191165181, 0.12881403873531372, 1.9316384115909528], "centroid": [-0.23532561941571656, -0.2499960679535251, 0.8944069077579604], "normalizedAxes": [0.10666699707508087, 0.9942948222160339, 2.207778009779635e-16, 0, -2.220446049250313e-16, 1, 0.9942948222160339, -0.10666699707508087, -2.3684831224075802e-17]}, "segments": [20191, 23830, 2917, 26102, 26233, 6580, 2558, 7822, 25453], "label": "ceiling"}, {"objectId": 19, "id": 19, "partId": 19, "index": 30, "dominantNormal": [-0.1704997569322586, -0.9853577017784119, -2.1879336160122428e-16], "obb": {"axesLengths": [0.8337115165985073, 0.9246119650167528, 0.4297568086196916], "centroid": [0.05135786027252698, 1.4650942313196236, 0.2723059127709422], "normalizedAxes": [0.9853577017784119, -0.1704997420310974, -3.785854785911478e-17, 0, -2.220446049250313e-16, 1, -0.1704997420310974, -0.9853577017784119, -2.1879336160122428e-16]}, "segments": [25540, 39857, 26161, 15567, 20740, 39930, 19755, 29608, 13344, 29619, 13323, 13336, 15500, 15546, 19816, 20675, 20826, 37361, 37364, 37366, 37375, 39792, 39893, 39896, 39908, 40007, 40590, 40592, 40613, 32742, 7503, 13317, 25860, 37155], "label": "window"}, {"objectId": 20, "id": 20, "partId": 20, "index": 31, "dominantNormal": [-0.14316326379776, -0.9896990656852722, -2.1975733803475888e-16], "obb": {"axesLengths": [0.8711216364845521, 1.4658999860458075, 0.17847999842565376], "centroid": [0.022956870300519794, 1.339048990725325, -0.9029500673796975], "normalizedAxes": [0.9896990656852722, -0.14316324889659882, -3.178862704102921e-17, 0, -2.220446049250313e-16, 1, -0.14316324889659882, -0.9896990656852722, -2.1975733803475888e-16]}, "segments": [13108, 19527, 24048, 42947, 20561, 22919, 25392, 43784, 25468, 19353, 11244], "label": "wall"}, {"objectId": 21, "id": 21, "partId": 21, "index": 32, "dominantNormal": [-0.1861397922039032, -0.9825232625007629, -2.1816398965163474e-16], "obb": {"axesLengths": [0.703541750354108, 0.7999999940395353, 0.2395620074226535], "centroid": [-0.0334215442025248, 1.3071045499219545, -1.1100000360608102], "normalizedAxes": [0.9825232625007629, -0.1861397922039032, -4.133133662074311e-17, 0, -2.220446049250313e-16, 1, -0.1861397922039032, -0.9825232625007629, -2.1816398965163474e-16]}, "segments": [21147, 21141, 42665, 42718, 23874, 40524, 42982, 25261, 43790, 39476, 19396, 19439, 21103, 23371, 23505, 23819, 23871, 23967, 23984, 40059, 40658, 42662, 42759, 43031, 25412, 19398, 19435, 19947, 20576, 20577, 20595, 23498, 25215, 40497, 43796, 43801, 43808, 20545, 19331, 19951, 19957, 21713, 10703, 23912, 23917, 38444, 42737, 11723, 21827, 40674, 41285, 25386, 38426, 38455], "label": "heater"}, {"objectId": 22, "id": 22, "partId": 22, "index": 33, "dominantNormal": [0.9949955940246582, -0.09991897642612457, -2.2186469645052347e-17], "obb": {"axesLengths": [1.159782103217084, 1.970928893143037, 0.4519713246700022], "centroid": [-0.7976770687993633, 0.8661537991538879, -0.6484455339958037], "normalizedAxes": [0.09991897642612457, 0.9949955940246582, 2.2093340357735207e-16, 0, -2.220446049250313e-16, 1, 0.9949955940246582, -0.09991897642612457, -2.2186469645052347e-17]}, "segments": [44258, 43715, 47231, 38757, 17557, 17981, 8314, 47362, 9444, 35985, 38845, 38899, 38866, 10258, 38492, 25185, 17963, 41594, 12664, 8614, 10927, 36902, 12644, 5857, 6014, 6023, 6128, 6149, 6197, 6218, 6219, 6224, 6248, 6295, 6697, 6720, 6803, 7308, 7863, 7878, 7899, 7924, 7957, 8001, 8138, 8177, 8185, 8227, 8233, 8262, 8934, 8946, 8984, 8993, 8994, 9003, 9026, 9086, 9347, 9466, 9990, 10009, 12587, 12590, 14463, 14517, 14550, 14562, 16015, 16046, 17177, 17183, 17191, 17232, 17354, 17377, 17381, 17444, 17504, 17542, 17970, 17997, 18018, 18033, 18059, 18100, 18154, 18164, 18171, 18178, 18191, 18234, 19066, 19109, 19142, 19144, 19474, 19517, 19619, 19680, 19695, 19713, 20069, 21469, 22054, 25027, 25126, 25176, 25557, 25623, 25672, 25710, 25713, 25729, 35433, 35470, 35478, 35520, 35523, 35739, 35844, 35867, 37976, 37983, 38468, 38478, 38643, 38762, 38765, 38780, 38829, 38838, 38913, 39533, 39572, 43736, 43881, 43885, 43914, 43962, 44046, 44049, 44112, 44148, 44182, 44313, 35607, 35882, 42540, 6923, 35888, 29851, 18517, 44353, 7715, 1565, 6918, 7218, 7230, 7234, 14461, 15465, 15597, 18887, 19540, 25554, 28912, 28940, 28942, 29773, 29866, 29913, 29947, 30026, 33820, 35900, 35903, 45338, 36851], "label": "shelf"}, {"objectId": 23, "id": 23, "partId": 23, "index": 34, "dominantNormal": [0.9992761611938477, -0.038041893392801285, -8.44699718900472e-18], "obb": {"axesLengths": [0.5161994625108423, 0.37793003668047387, 0.3462948472210129], "centroid": [-0.7832298183295279, 0.8311300289504244, -1.4318150129508604], "normalizedAxes": [0.038041893392801285, 0.9992761611938477, 2.218838804232898e-16, 0, -2.220446049250313e-16, 1, 0.9992761611938477, -0.038041893392801285, -8.44699718900472e-18]}, "segments": [5337, 5464, 16812, 35801, 5467, 5477, 5482, 8366, 8378, 8435, 16019, 16832, 21434, 35385, 35398, 37986], "label": "bin"}, {"objectId": 24, "id": 24, "partId": 24, "index": 35, "dominantNormal": [0.9589838981628418, -0.2834606468677521, -6.294090734554382e-17], "obb": {"axesLengths": [0.6746425054029078, 0.7982233994106185, 0.41952758233170656], "centroid": [0.6482607695512814, 0.5420311430459446, 0.33929522322203276], "normalizedAxes": [0.2834606468677521, 0.9589838981628418, 2.1293720079703466e-16, 0, -2.220446049250313e-16, 1, 0.9589838981628418, -0.2834606468677521, -6.294090734554382e-17]}, "segments": [11467, 11072, 36527, 11095, 8471, 11007, 11013, 11019, 11036, 11042, 11371, 11389, 11468, 36234, 36238, 36241, 36416, 9984, 49, 88, 265, 34141, 34146, 36092, 447, 5160, 35348, 35352, 36159, 36177, 36327, 353, 11220, 40226, 36341, 368, 165, 194, 329, 330, 354, 378, 1024, 1071, 1114, 1181, 1183, 1207, 1968, 2031, 2583, 2604, 2655, 8466, 11189, 11355, 11433, 34181, 34182, 34205, 34431, 34448, 34556, 34734, 34751, 36340, 36463, 36499, 36528, 36530, 36534, 40062, 40131, 22937, 694, 60, 217, 1015, 1035, 1113, 34469, 11390, 1100, 954, 1044, 1170, 2740, 34763, 2066, 2074, 40127, 40688, 40782, 2070, 2161, 2191, 2235, 2239, 2787, 2800, 2804, 2818, 2831, 2850, 2859, 3005, 3006, 3014, 3149, 11578, 11605, 11612, 11614, 11621, 11624, 11641, 11657, 11664, 11669, 11679, 11687, 11702, 18449, 21221, 22641, 34736, 34739, 36349, 36536, 36592, 38081, 40030, 40622, 40633, 40635, 40714, 40783, 40787, 40737, 3039, 20959, 40616, 40654, 18444, 22525, 3182, 40798, 38088], "label": "shelf"}, {"objectId": 25, "id": 25, "partId": 25, "index": 36, "dominantNormal": [0, -2.220446049250313e-16, 1], "obb": {"axesLengths": [1.3398890735569564, 0.3706949568384521, 0.45187545516984334], "centroid": [0.6055229747084707, 0.503839273648916, -0.5246525606218166], "normalizedAxes": [0.06789828836917877, 0.9976922273635864, 2.2153217646172206e-16, 0, -2.220446049250313e-16, 1, 0.9976922273635864, -0.06789828836917877, -1.507644861602015e-17]}, "segments": [4186, 43604, 4091, 4099, 4103, 4133, 4184, 4204, 4267, 4273, 4303, 4322, 4342, 4389, 4400, 4425, 4465, 4583, 15702, 19119, 19200, 24126, 24147, 24162, 24188, 24193, 24250, 24251, 24274, 34930, 34941, 34944, 39312, 39449, 43103, 43112, 43119, 43134, 43189, 43222, 43315, 42432, 15652, 3862, 3986, 3989, 3997, 3999, 4526, 4532, 4563, 4658, 15742, 15755, 16251, 21487, 24239, 24374, 34880, 34882, 34883, 34888, 34890, 34948, 39446, 43232, 43275, 43811, 27414, 3543, 3871, 19104], "label": "shelf"}, {"objectId": 26, "id": 26, "partId": 26, "index": 37, "dominantNormal": [0.9769552946090698, 0.2134440392255783, 4.739409736344642e-17], "obb": {"axesLengths": [1.0259262720154914, 1.0777699110410375, 0.6804855296949469], "centroid": [-0.9462217481279553, -1.2397418183485889, -1.2088850336026034], "normalizedAxes": [-0.2134440392255783, 0.9769552946090698, 2.1692765242088848e-16, 0, -2.220446049250313e-16, 1, 0.9769552946090698, 0.2134440392255783, 4.739409736344642e-17]}, "segments": [9191, 36973, 9633, 9764, 12825, 12878, 12912, 36977, 36978, 36981, 36983, 37330, 9872, 9596, 9796, 9888, 9891, 12953, 36002, 36029, 36036, 37027, 37096, 37100, 12942, 14699, 8851, 9584, 9620, 9654, 9758, 9773, 9783, 12760, 12868, 12943, 14247, 21924, 35929, 35952, 35956, 35994, 35998, 36030, 37102, 44366, 39023, 41544, 41547, 38733, 8862, 9793, 12726, 12809, 12883, 12906, 18461, 18651, 18687, 18709, 37068, 37309, 39105, 39157, 41523, 41541, 38701, 42228, 9159, 17781, 17789, 17878, 17882, 17883, 17894, 17906, 17911, 18263, 18303, 18305, 18331, 18344, 18354, 18359, 18360, 18374, 18384, 18387, 18417, 18418, 18420, 18472, 18504, 18535, 18539, 18548, 18604, 18644, 18699, 22090, 22124, 22126, 22150, 22291, 22317, 23088, 23108, 23193, 23276, 23313, 23339, 38737, 38752, 38960, 38967, 38979, 39047, 39049, 39054, 39059, 39104, 39108, 39111, 39114, 39141, 39150, 39159, 41666, 41927, 41956, 42032, 42049, 42214, 42344, 42346, 42348, 8339, 10089, 14253, 23111, 23205, 42035, 42043, 18491, 22142, 22356, 35782, 35933, 41912, 21878, 12978, 5285, 9923, 9935, 9955, 10296, 13022, 21983, 22194, 22410, 23058, 36058, 36101, 37135, 37142, 41550, 41585, 41647, 41648, 41915, 41920, 41924, 42027, 42030, 42054, 42060, 42394, 23213, 14638, 10717, 13141, 13164, 21858, 38723, 15850, 40348, 38009, 38235, 16740, 20280, 5297, 5313, 5677, 5726, 5733, 5738, 5740, 5744, 5754, 5760, 5762, 5768, 5772, 5775, 8787, 8797, 8813, 8817, 10776, 15816, 15832, 15839, 15841, 15870, 15883, 15924, 15949, 15951, 15957, 15987, 16075, 16107, 16140, 16148, 16477, 16490, 16504, 16618, 16664, 16668, 16726, 16728, 16749, 18748, 18983, 19904, 20230, 20263, 20264, 20325, 20339, 20345, 20362, 20407, 20410, 20415, 21332, 21341, 21385, 21389, 21391, 21394, 21402, 22189, 35413, 35419, 37900, 37902, 37914, 37917, 37930, 37940, 37946, 37957, 37958, 38185, 38190, 38248, 38250, 38252, 38370, 38419, 38422, 40432, 40440, 40444, 40460, 40467, 40854, 40863, 41390, 41827, 42220, 42269, 44583], "label": "sink"}, {"objectId": 27, "id": 27, "partId": 27, "index": 38, "dominantNormal": [0.9946492314338684, 0.10330967605113983, 2.2939356203708312e-17], "obb": {"axesLengths": [0.8047786363696114, 0.9317270309092018, 0.5905942471771983], "centroid": [-0.8238075015303985, -0.010261674242370844, -1.177346577629152], "normalizedAxes": [-0.10330966860055923, 0.9946492314338684, 2.2085649563271934e-16, 0, -2.220446049250313e-16, 1, 0.9946492314338684, 0.10330966860055923, 2.2939354549347087e-17]}, "segments": [46150, 47757, 10572, 11890, 11942, 12055, 12233, 27313, 27362, 27382, 27403, 27657, 27826, 28368, 28376, 28963, 30124, 30136, 46014, 46201, 46220, 46832, 46869, 11921, 12068, 12159, 36731, 46275, 12018, 29037, 10633, 11895, 12250, 12264, 24929, 28914, 29100, 45394, 45415, 45569, 12414, 13946, 15145, 15150, 15182, 27318, 27665, 27784, 27901, 27911, 27991, 30194, 30219, 30234, 30236, 32440, 32469, 32513, 37778, 37784, 37787, 37793, 45403, 45405, 46326, 46342, 46887, 48990, 3782, 12432, 12462, 15226, 18928, 18962, 27750, 30087, 30188, 31791, 31798, 43494, 46368, 46372, 46409, 48619, 47784, 30075, 14013, 27653], "label": "stove"}, {"objectId": 28, "id": 28, "partId": 28, "index": 39, "dominantNormal": [0.9894570112228394, 0.14482688903808594, 3.215802935898314e-17], "obb": {"axesLengths": [0.6665676998081225, 0.7994869768734203, 0.5491179868804295], "centroid": [-0.7039546628921023, 0.08479254050274931, -1.1976965565749293], "normalizedAxes": [-0.14482688903808594, 0.9894570112228394, 2.1970359114727763e-16, 0, -2.220446049250313e-16, 1, 0.9894570112228394, 0.14482688903808594, 3.215802935898314e-17]}, "segments": [37708, 31692, 37662, 37632, 12332, 12337, 14951, 14968, 15058, 15132, 16032, 29120, 31662, 31748, 36829, 37667, 37678, 46354, 37621, 13645, 24465, 29326, 29347, 30971, 11849, 11898, 11908, 11943, 11952, 11953, 11954, 11964, 11996, 12121, 12162, 12181, 12224, 12270, 12296, 12300, 12311, 12330, 12345, 12380, 13565, 13607, 13665, 13691, 13961, 14026, 14031, 14045, 14096, 14904, 14939, 14966, 14992, 15125, 15342, 15376, 15389, 15801, 16439, 24288, 24438, 24529, 27723, 27739, 27872, 27877, 27883, 28000, 28018, 28803, 28831, 28858, 28978, 29079, 29321, 29341, 30977, 31073, 36820, 36827, 37248, 37511, 37565, 37587, 37589, 37593, 37671, 37804, 38162, 41178, 41180, 41319, 41386, 45422, 45449, 45490, 46195, 46276, 46348, 48423, 48472, 48518, 48520, 48523, 48526, 48553, 12350, 36816, 38177, 48457, 46322, 13667], "label": "oven"}], "scan_id": "751a55a3-fe61-2c3b-8d1b-daad80d1af30", "annId": "4765", "appId": "stk.v1"}