{"segGroups": [{"objectId": 25, "id": 25, "partId": 25, "index": 0, "dominantNormal": [0.30967605113983154, -0.9508421421051025, -2.1112936778979797e-16], "obb": {"axesLengths": [3.03948086036404, 1.4682261392125597, 0.5215716518690404], "centroid": [-0.4986165365535531, -3.2569800989476922, -0.7958869014644584], "normalizedAxes": [0.9508421421051025, 0.30967605113983154, 6.876189643008769e-17, 0, -2.220446049250313e-16, 1, 0.30967605113983154, -0.9508421421051025, -2.1112936778979797e-16]}, "segments": [70760, 49356, 91637, 128721, 128661, 97819, 243843, 173484, 54768, 143529, 73169, 91804, 130744, 54746, 34334, 34339, 34346, 41542, 41544, 41586, 41587, 49007, 49013, 49041, 49089, 49136, 49165, 49375, 51682, 53487, 53719, 53740, 53744, 53764, 53771, 53773, 53782, 53951, 54001, 54041, 54066, 54081, 54094, 54099, 54154, 54159, 54165, 54171, 54184, 54193, 63378, 66792, 66796, 73271, 73351, 73352, 76168, 76207, 76211, 76214, 77428, 77431, 77447, 77506, 91768, 91789, 93501, 93516, 93526, 93529, 93558, 93583, 94365, 94369, 94377, 95679, 95699, 96259, 96262, 96294, 96467, 96837, 96916, 109797, 109888, 109899, 109904, 109912, 109914, 125194, 127849, 127855, 128390, 128441, 128462, 128470, 128488, 128501, 128506, 128509, 128523, 128543, 128588, 128593, 128611, 128640, 130709, 159013, 159021, 159027, 159034, 159071, 159108, 159112, 159129, 159172, 159193, 159217, 159226, 228446, 228887, 228889, 229636, 229643, 229645, 230186, 230190, 230191, 230210, 230211, 230214, 231668, 231783, 233746, 233751, 233889, 233898, 236269, 236272, 236666, 236675, 239061, 243562, 243566, 243582, 243590, 243595, 243603, 243628, 243701, 243703, 243880, 243998, 244285, 253321, 244288, 154642], "label": "cabinet"}, {"objectId": 26, "id": 26, "partId": 26, "index": 1, "dominantNormal": [0.8216656446456909, -0.5699698328971863, -1.2655872636484184e-16], "obb": {"axesLengths": [1.1607231811784062, 3.403549952725693, 0.6857206321256459], "centroid": [-3.009514897355201, -4.328556931780261, 0.14157500138949453], "normalizedAxes": [0.5699698328971863, 0.8216655850410461, 1.824464102109338e-16, 0, -2.220446049250313e-16, 1, 0.8216655850410461, -0.5699698328971863, -1.2655872636484184e-16]}, "segments": [113050, 143142, 146892, 90304, 93740, 249689, 38110, 146474, 247759, 249885, 249755, 90374, 10149, 11165, 11170, 11247, 11271, 11282, 38122, 38193, 93711, 141922, 142416, 142422, 142424, 142433, 142455, 142993, 143061, 143109, 143122, 143171, 145706, 145794, 146510, 146565, 146572, 146630, 146663, 146674, 146752, 146788, 146792, 146815, 221904, 222808, 222922, 236274, 236278, 249684, 249686, 249692, 249698, 249902, 221920, 90309, 9983, 10917, 44867, 85935, 145769, 221817, 221848, 221919, 249472, 249526, 141920, 116306, 44860], "label": "pillar"}, {"objectId": 27, "id": 27, "partId": 27, "index": 2, "dominantNormal": [0.35314318537712097, -0.9355692863464355, -2.0773811256678777e-16], "obb": {"axesLengths": [3.00974460549876, 1.5472199664141237, 0.46831271072038866], "centroid": [-5.156258528512939, -4.968037387362083, -0.7636100175332287], "normalizedAxes": [0.9355692863464355, 0.35314321517944336, 7.841354569647482e-17, 0, -2.220446049250313e-16, 1, 0.35314321517944336, -0.9355692863464355, -2.0773811256678777e-16]}, "segments": [259945, 27346, 2697, 251470, 25681, 251512, 1939, 28415, 184, 29722, 175607, 59, 2547, 3096, 1077, 1899, 2759, 2790, 2954, 2964, 3085, 3262, 3266, 3318, 3324, 3329, 3331, 3359, 3395, 3410, 3429, 3478, 5639, 13241, 13276, 14865, 14929, 14961, 14975, 14994, 15515, 15799, 17710, 17721, 17745, 17755, 21161, 21168, 21861, 22290, 22401, 22441, 22560, 22669, 22710, 22716, 22729, 22733, 22746, 22752, 23256, 23302, 24467, 24492, 24501, 24516, 25751, 27699, 27714, 27974, 27985, 27997, 28028, 28057, 28061, 29067, 29073, 29110, 29143, 29371, 31930, 77080, 77545, 101667, 115917, 115941, 116190, 116254, 116333, 116354, 116999, 117310, 148409, 150952, 150976, 151303, 151641, 152014, 152063, 152065, 152103, 152105, 152501, 175605, 175619, 176059, 176060, 176716, 177187, 178348, 178691, 178910, 190633, 192925, 192931, 196087, 196091, 196190, 196229, 196237, 196536, 196653, 196713, 196728, 197538, 201688, 201789, 202387, 202562, 202595, 202962, 202972, 223211, 223334, 223849, 223850, 223872, 224129, 224335, 224339, 224343, 224345, 224355, 224357, 224395, 224823, 225704, 225878, 225884, 226210, 226212, 227535, 227858, 227893, 227961, 227972, 227974, 227976, 227980, 227984, 227987, 227989, 227993, 228044, 228047, 228092, 229288, 229309, 229495, 229498, 229607, 248953, 257945, 258607, 264965, 264967, 265010, 267650, 1961, 29750, 15185, 15815, 115929, 186774], "label": "cabinet"}, {"objectId": 28, "id": 28, "partId": 28, "index": 3, "dominantNormal": [0, -2.220446049250313e-16, 1], "obb": {"axesLengths": [0.340226961566708, 0.1298806004997953, 0.30275029206585785], "centroid": [-4.3342139932816774, -4.714363674278289, -0.04765673469163478], "normalizedAxes": [-0.46423250436782837, 0.8857133984565735, 1.966678816370967e-16, 0, -2.220446049250313e-16, 1, 0.8857133984565735, 0.46423250436782837, 1.0308032302571232e-16]}, "segments": [78801, 2971], "label": "paper stack"}, {"objectId": 29, "id": 29, "partId": 29, "index": 4, "dominantNormal": [0.9317110180854797, 0.36320048570632935, 8.064670835724138e-17], "obb": {"axesLengths": [0.5466844848885591, 3.3999999001622205, 0.5273503560754974], "centroid": [-7.55842204643616, -5.775474174066054, 0.10999991836264722], "normalizedAxes": [-0.36320048570632935, 0.9317110180854797, 2.0688140491508905e-16, 0, -2.220446049250313e-16, 1, 0.9317110180854797, 0.36320048570632935, 8.064670835724138e-17]}, "segments": [162452, 149447, 153650, 150664, 152908, 149084, 148851, 158272, 252334, 156959, 157195, 251557, 252313, 251535, 154220, 154047, 154175, 155984, 151498, 150972, 249227, 105653, 102112, 151175, 249300, 101592, 236395, 25043, 102834, 22055, 103156, 102185, 22280, 56866, 58268, 102529, 102531, 102622, 102698, 102777, 102986, 103155, 103260, 105486, 105597, 150609, 151000, 151051, 151055, 151147, 151262, 151270, 151321, 151373, 151386, 153771, 153871, 153956, 153961, 154005, 154020, 154078, 154091, 154127, 154133, 154192, 154242, 154367, 154422, 154427, 155636, 155715, 155716, 155885, 156734, 156737, 156755, 156759, 156779, 156864, 158321, 236402, 248777, 249065, 249096, 249099, 249237, 249445, 250946, 250952, 251028, 251077], "label": "pillar"}, {"objectId": 30, "id": 30, "partId": 30, "index": 5, "dominantNormal": [-0.6261774301528931, -0.779680609703064, -1.7312387294922437e-16], "obb": {"axesLengths": [0.5221705879573365, 1.4603045628896818, 0.50722109578564], "centroid": [-7.546166680756494, -5.30386624691174, -0.8123277098700183], "normalizedAxes": [0.779680609703064, -0.6261774301528931, -1.3903932009127053e-16, 0, -2.220446049250313e-16, 1, -0.6261774301528931, -0.779680609703064, -1.7312387294922437e-16]}, "segments": [159635, 163076, 159966, 159862, 168579, 161224, 160716, 162130, 162362, 159054, 159081, 155959, 157192, 158140, 168121, 168194, 168391, 33607, 161071, 33701, 161310, 253067, 160922, 253049, 160646, 33359, 33398, 33441, 33453, 33517, 33539, 33718, 33732, 33769, 33812, 33818, 155777, 155956, 157149, 157803, 157804, 159801, 160583, 160647, 160761, 160805, 160961, 161132, 162252, 162679, 168439, 168590, 168757, 168761, 174323, 174359, 174370, 174375, 174383, 228379, 228432, 228436, 228441, 252456, 252525, 252607, 252611, 253083, 254219, 254254, 254497, 254499, 254517, 254550, 255902, 255904, 256251, 228364, 33407, 33429, 33466, 33652, 228371, 228376, 254537], "label": "box"}, {"objectId": 31, "id": 31, "partId": 31, "index": 6, "dominantNormal": [0.9655893445014954, 0.26007163524627686, 5.774750350046639e-17], "obb": {"axesLengths": [1.077601422864105, 0.4900620172158922, 0.4209140255042053], "centroid": [-5.821919848219428, -0.9081181579406097, -0.5950310287035039], "normalizedAxes": [-0.26007163524627686, 0.9655893445014954, 2.144039045196545e-16, 0, -2.220446049250313e-16, 1, 0.9655893445014954, 0.26007163524627686, 5.774750350046639e-17]}, "segments": [215758, 11767, 215224, 11995, 215640], "label": "monitor"}, {"objectId": 32, "id": 32, "partId": 32, "index": 7, "dominantNormal": [0.9539375305175781, -0.30000531673431396, -6.661456202967963e-17], "obb": {"axesLengths": [0.6808351229643441, 0.46351601637491524, 0.2045775656224036], "centroid": [-5.7601175627325105, -1.1615599236185905, -0.5817580282830155], "normalizedAxes": [0.30000531673431396, 0.9539375305175781, 2.1181668208693563e-16, 0, -2.220446049250313e-16, 1, 0.9539375305175781, -0.30000531673431396, -6.661456202967963e-17]}, "segments": [275092, 274923, 28564, 274409, 145667, 28491, 258734, 218131, 275123], "label": "monitor"}, {"objectId": 33, "id": 33, "partId": 33, "index": 8, "dominantNormal": [0.8924936652183533, 0.4510599374771118, 1.0015542561461462e-16], "obb": {"axesLengths": [0.676058404856141, 0.42100598467127975, 0.2227545540544255], "centroid": [-5.589784977424532, -0.7677753994082142, -0.6000130232210543], "normalizedAxes": [-0.45105990767478943, 0.8924936652183533, 1.981734032915024e-16, 0, -2.220446049250313e-16, 1, 0.8924936652183533, 0.45105990767478943, 1.0015541899716972e-16]}, "segments": [11952, 11758, 12787, 272482, 11934, 272520, 121315, 214247, 214220, 272118, 11936, 11740, 11798, 215343, 215216], "label": "monitor"}, {"objectId": 34, "id": 34, "partId": 34, "index": 9, "dominantNormal": [0.9910448789596558, 0.13352909684181213, 2.964941555423642e-17], "obb": {"axesLengths": [0.6560965242678322, 0.5035179740894291, 0.20184958606710646], "centroid": [-5.715492202881574, -0.23805405848076622, -0.5182410105500903], "normalizedAxes": [-0.13352909684181213, 0.9910448789596558, 2.2005616861157224e-16, 0, -2.220446049250313e-16, 1, 0.9910448789596558, 0.13352909684181213, 2.964941555423642e-17]}, "segments": [272567, 212570, 213270, 212402, 272462, 272394, 215271, 215454, 214730, 210689, 271685, 212674, 271505, 271574, 210479, 271563], "label": "monitor"}, {"objectId": 35, "id": 35, "partId": 35, "index": 10, "dominantNormal": [0, -2.220446049250313e-16, 1], "obb": {"axesLengths": [4.60065239523373, 0.8880559603559374, 3.4615597333033685], "centroid": [-5.249612714301363, -1.731410330865406, -1.1065220030219414], "normalizedAxes": [-0.25216737389564514, 0.9676836133003235, 2.148689256076971e-16, 0, -2.220446049250313e-16, 1, 0.9676836133003235, 0.25216737389564514, 5.599240491164118e-17]}, "segments": [206168, 210789, 62065, 153881, 134911, 172033, 15433, 2808, 206642, 215659, 218188, 149975, 274140, 21911, 20898, 31777, 1399, 126474, 17957, 35709, 128701, 207270, 204977, 205449, 251270, 151898, 251275, 18821, 18790, 18852, 226562, 226791, 20127, 23758, 26687, 20186, 226590, 226955, 20169, 223304, 124676, 17769, 224996, 6345, 6753, 20047, 1421, 7551, 6785, 36906, 36479, 146921, 183522, 179525, 155949, 182249, 88076, 145591, 10859, 223926, 145514, 10211, 65566, 274500, 218978, 271971, 14252, 18867, 18767, 36848, 18027, 226548, 18731, 127740, 269326, 195165, 273321, 38552, 249385, 273953, 216885, 216759, 68153, 72104, 17650, 19176, 226615, 17659, 35627, 150788, 63004, 270706, 211769, 214988, 272253, 205291, 270673, 210936, 210939, 271105, 207446, 271117, 271134, 211722, 211734, 208268, 271078, 211513, 209485, 209509, 209544, 270169, 271062, 270185, 207287, 207294, 209572, 207486, 271120, 270688, 270678, 206854, 206868, 207238, 207293, 211490, 207295, 211580, 207297, 211649, 271138, 271127, 274034, 127801, 146753, 146817, 7590, 7569, 1468, 146020, 264326, 217410], "label": "desk"}, {"objectId": 36, "id": 36, "partId": 36, "index": 11, "dominantNormal": [0, -2.220446049250313e-16, 1], "obb": {"axesLengths": [0.9722538036329356, 0.625549958075211, 0.6340821316262479], "centroid": [-5.146094207797486, -0.9983045938494317, -1.2227750188026956], "normalizedAxes": [0.9954735040664673, -0.09503966569900513, -2.1103045022342643e-17, 0, -2.220446049250313e-16, 1, -0.09503966569900513, -0.9954735040664673, -2.2103952092377528e-16]}, "segments": [135707, 181985, 132225, 218443, 18034, 18053, 219463, 275593, 279797], "label": "file cabinet"}, {"objectId": 37, "id": 37, "partId": 37, "index": 12, "dominantNormal": [0, -2.220446049250313e-16, 1], "obb": {"axesLengths": [0.9108451782091143, 0.5928650365874533, 0.5985925813048623], "centroid": [-6.477384993632496, -0.10434938375275982, -1.2583675144022524], "normalizedAxes": [0.9512135982513428, 0.30853307247161865, 6.850810418326662e-17, 0, -2.220446049250313e-16, 1, 0.30853307247161865, -0.9512135982513428, -2.1121184762303686e-16]}, "segments": [90561, 90723, 91484, 281571, 67968, 67994, 68056, 92055, 92092, 212295, 212364, 212403, 212679, 265366, 272350, 272354, 272368, 272661, 92064, 198168, 198237, 198355], "label": "file cabinet"}, {"objectId": 38, "id": 38, "partId": 38, "index": 13, "dominantNormal": [0.09374144673347473, -0.9955965876579285, -2.2106685097121403e-16], "obb": {"axesLengths": [0.8849624522299384, 0.6329619743012938, 0.48970130698911063], "centroid": [-4.899047806959855, -3.703224502598272, -1.2148590155139796], "normalizedAxes": [0.9955965876579285, 0.09374144673347473, 2.0814782505035263e-17, 0, -2.220446049250313e-16, 1, 0.09374144673347473, -0.9955965876579285, -2.2106685097121403e-16]}, "segments": [26629, 131437, 130829, 35961, 14178, 225443, 19866, 18742, 131389], "label": "file cabinet"}, {"objectId": 39, "id": 39, "partId": 39, "index": 14, "dominantNormal": [0.6963140964508057, -0.7177371978759766, -1.5936967254237024e-16], "obb": {"axesLengths": [0.7954409431612067, 0.5866499412063523, 0.5048012424845971], "centroid": [-4.034993200607649, -3.458445155408702, -1.2433249713272245], "normalizedAxes": [0.7177371978759766, 0.6963140964508057, 1.546127884501493e-16, 0, -2.220446049250313e-16, 1, 0.6963140964508057, -0.7177371978759766, -1.5936967254237024e-16]}, "segments": [20210, 21036, 28312, 153625, 121745, 1324], "label": "file cabinet"}, {"objectId": 40, "id": 40, "partId": 40, "index": 15, "dominantNormal": [0, -2.220446049250313e-16, 1], "obb": {"axesLengths": [0.45411205503731655, 0.38543008896492187, 0.41061159677329545], "centroid": [-5.3258778882343005, -3.280156229915395, -1.3627150092947118], "normalizedAxes": [0.04659910872578621, 0.9989136457443237, 2.2180338582352104e-16, 0, -2.220446049250313e-16, 1, 0.9989136457443237, -0.04659910872578621, -1.0347080686875778e-17]}, "segments": [204561, 204236, 269203, 269190, 269132, 130425, 269130, 203589, 204604, 203739, 268724, 130820, 268928, 130449, 130832, 203230, 203476, 203995, 204010, 204222, 243146, 269101, 269268, 269271, 269278], "label": "garbage"}, {"objectId": 41, "id": 41, "partId": 41, "index": 16, "dominantNormal": [0.971060574054718, 0.23883332312107086, 5.3031650875350525e-17], "obb": {"axesLengths": [0.4610178646506818, 0.36298000001206976, 0.3076688577803545], "centroid": [-3.8239627919872294, -1.1209746930303186, -1.3085100101057447], "normalizedAxes": [-0.23883333802223206, 0.971060574054718, 2.1561876152425397e-16, 0, -2.220446049250313e-16, 1, 0.971060574054718, 0.23883333802223206, 5.3031654184072975e-17]}, "segments": [16778, 83971, 83988, 115729, 88095, 234651], "label": "bag"}, {"objectId": 42, "id": 42, "partId": 42, "index": 17, "dominantNormal": [0.46491706371307373, -0.885354220867157, -1.9658812819115678e-16], "obb": {"axesLengths": [0.40457577798695443, 0.4575399058116993, 0.31881366956489443], "centroid": [-3.5962998855454877, -1.821849568541174, -1.304210011918471], "normalizedAxes": [0.885354220867157, 0.4649170935153961, 1.0323233235251997e-16, 0, -2.220446049250313e-16, 1, 0.4649170935153961, -0.885354220867157, -1.9658812819115678e-16]}, "segments": [235610, 89172, 67315, 65131, 65001, 235855, 89170, 8783, 63514, 65040, 65062, 65069, 65260, 67286, 225162, 231619, 231621, 231627, 231655, 231658, 88571, 235918, 65094, 67309, 235816, 63487, 65301, 65187, 63601], "label": "backpack"}, {"objectId": 43, "id": 43, "partId": 43, "index": 18, "dominantNormal": [0, -2.220446049250313e-16, 1], "obb": {"axesLengths": [1.9060305731761338, 0.4307799243007617, 0.7027911134699357], "centroid": [-4.460619498586045, -1.7769112890102976, -1.3253899855241937], "normalizedAxes": [0.9357516765594482, 0.35265958309173584, 7.830615780063074e-17, 0, -2.220446049250313e-16, 1, 0.35265958309173584, -0.9357516765594482, -2.0777861132957836e-16]}, "segments": [5246, 2028, 235479, 4522, 86687, 86713, 5219, 224499, 224523, 4489, 231331, 235055, 235107, 235091, 86891, 63524, 2105, 2081, 224197, 2347, 5247, 5213, 2236, 2606, 2506, 1990, 2624, 2491, 2644, 23249, 23208, 21292, 224230, 23222, 23201, 23112, 21756, 227372, 2465, 202920, 227243, 267894, 21430, 21436, 227258, 227239, 21308, 227241, 203035, 267921, 202926, 203008, 267879, 19130, 202818, 203020, 21615], "label": "box"}, {"objectId": 44, "id": 44, "partId": 44, "index": 19, "dominantNormal": [0, -2.220446049250313e-16, 1], "obb": {"axesLengths": [0.30721149924962776, 0.12871098230680125, 0.24270786101521344], "centroid": [-4.598251725127438, -1.6298056763945037, -0.7495685391014408], "normalizedAxes": [0.6407750248908997, 0.7677286863327026, 1.7047001284635824e-16, 0, -2.220446049250313e-16, 1, 0.7677286863327026, -0.6407750248908997, -1.4228063724772692e-16]}, "segments": [251082, 11607, 35810, 35522, 35838], "label": "box"}, {"objectId": 45, "id": 45, "partId": 45, "index": 20, "dominantNormal": [0.982063889503479, 0.18854859471321106, 4.1866198222264796e-17], "obb": {"axesLengths": [0.5724053324860721, 0.5123779957209974, 0.30865470833813313], "centroid": [-4.95208633802334, -2.3781700876120837, -0.5557240313292151], "normalizedAxes": [-0.18854860961437225, 0.982063889503479, 2.180619883559396e-16, 0, -2.220446049250313e-16, 1, 0.982063889503479, 0.18854860961437225, 4.1866201530987247e-17]}, "segments": [233669, 17404, 17314, 17466, 162962, 190433, 199344, 199394, 254761], "label": "monitor"}, {"objectId": 46, "id": 46, "partId": 46, "index": 21, "dominantNormal": [0.834226131439209, 0.5514225363731384, 1.2244039923573223e-16], "obb": {"axesLengths": [0.5245883198367991, 0.38137801629204976, 0.14246890893588315], "centroid": [-4.743858518835138, -2.8711368454346333, -0.6118650191395367], "normalizedAxes": [-0.5514225363731384, 0.834226131439209, 1.852354117735564e-16, 0, -2.220446049250313e-16, 1, 0.834226131439209, 0.5514225363731384, 1.2244039923573223e-16]}, "segments": [214164, 153713, 153706, 191025, 234587, 13627, 13683, 13688, 153732, 153755, 189370, 191539, 206494, 213585, 213979, 214144, 233680, 233681, 233745, 234547, 18581], "label": "monitor"}, {"objectId": 47, "id": 47, "partId": 47, "index": 22, "dominantNormal": [0.9150083661079407, 0.4034348726272583, 8.95805369054999e-17], "obb": {"axesLengths": [0.41317281478613943, 0.30768298415058126, 0.14481522431960125], "centroid": [-5.019487311104442, -2.750448398958807, -0.6161585055195142], "normalizedAxes": [-0.4034349024295807, 0.9150083661079407, 2.031726711555361e-16, 0, -2.220446049250313e-16, 1, 0.9150083661079407, 0.4034349024295807, 8.95805435229448e-17]}, "segments": [13607, 226443, 190848, 225580, 13705, 189203, 189204, 189206, 191389, 225601, 226186, 189440, 226475], "label": "monitor"}, {"objectId": 48, "id": 48, "partId": 48, "index": 23, "dominantNormal": [-0.6390408873558044, -0.769172728061676, -1.707906545215634e-16], "obb": {"axesLengths": [0.45645090546363537, 0.4523320096954997, 0.20539460293992137], "centroid": [-5.3392627435589075, -2.3352530028555902, -0.5638340328311775], "normalizedAxes": [0.769172728061676, -0.6390408873558044, -1.4189558136386103e-16, 0, -2.220446049250313e-16, 1, -0.6390408873558044, -0.769172728061676, -1.707906545215634e-16]}, "segments": [227788, 20844, 20649, 20602, 20808, 227098, 20846, 20644, 20659, 227176, 20687, 227203, 20940, 227747, 227065, 20516, 20523, 20557, 20634, 20677, 227081, 227172, 227181, 227745], "label": "monitor"}, {"objectId": 49, "id": 49, "partId": 49, "index": 24, "dominantNormal": [0, -2.220446049250313e-16, 1], "obb": {"axesLengths": [0.42023918198821264, 0.03809499655451645, 0.192246497304349], "centroid": [-5.455136318570884, -2.8763652013408048, -0.7807344958556941], "normalizedAxes": [-0.5986291766166687, 0.8010262846946716, 1.7786356491959402e-16, 0, -2.220446049250313e-16, 1, 0.8010262846946716, 0.5986291766166687, 1.32922379018445e-16]}, "segments": [27531], "label": "keyboard"}, {"objectId": 50, "id": 50, "partId": 50, "index": 25, "dominantNormal": [0.7255715131759644, 0.6881467700004578, 1.5279927767518803e-16], "obb": {"axesLengths": [0.4944441119824422, 0.4785549831713365, 0.3384225240407726], "centroid": [-3.7413332060710633, -1.3801693230441288, -0.5829495251054435], "normalizedAxes": [-0.6881467700004578, 0.7255715131759644, 1.6110923998801415e-16, 0, -2.220446049250313e-16, 1, 0.7255715131759644, 0.6881467700004578, 1.5279927767518803e-16]}, "segments": [144779, 145431, 145479, 145468, 248995, 248473, 5301, 5321, 144360, 144378, 144388, 144403, 144444, 144456, 144458, 144520, 144527, 144531, 144536, 144549, 144550, 144557, 144710, 144765, 144774, 144790, 145317, 248409, 248419, 248428, 248431, 248438, 248449, 248519, 248527, 248529, 248532, 248647, 248977, 248501, 144749, 248967, 223671, 38575, 48580, 114549, 114573, 144374, 144405, 144478, 144692, 145323, 145354, 145414, 223663, 223690, 224789, 224791, 224794, 224796, 224800, 224804, 224807, 224810, 248513, 248584, 248615, 248641, 145487], "label": "monitor"}, {"objectId": 51, "id": 51, "partId": 51, "index": 26, "dominantNormal": [0.9132426381111145, -0.4074161648750305, -9.046456136974757e-17], "obb": {"axesLengths": [1.4034293107557165, 1.2840299021296964, 0.8872304805723347], "centroid": [-8.085692791602817, -6.6026064891922935, -0.9120149896378457], "normalizedAxes": [0.40741613507270813, 0.9132426381111145, 2.0278060078007576e-16, 0, -2.220446049250313e-16, 1, 0.9132426381111145, -0.40741613507270813, -9.046455475230267e-17]}, "segments": [31926, 80068, 80365, 73009, 77608, 35324, 57378, 72890, 73120, 77570, 77588, 77645, 77681, 80035, 84654, 84666, 84674, 148940, 149019, 149217, 161980, 233900, 233901, 248019, 248024], "label": "wall"}, {"objectId": 52, "id": 52, "partId": 52, "index": 27, "dominantNormal": [0, -2.220446049250313e-16, 1], "obb": {"axesLengths": [13.708237063585468, 0.5602599257172647, 10.369458365706071], "centroid": [-2.1024079007312713, -2.0126615487101542, 1.663479912745803], "normalizedAxes": [0.9575170874595642, -0.2883766293525696, -6.40324747342035e-17, 0, -2.220446049250313e-16, 1, -0.2883766293525696, -0.9575170874595642, -2.1261150339392558e-16]}, "segments": [190226, 185985, 48339, 259674, 259693, 259627, 186442, 183732, 189788, 261876, 185910, 185188, 174588, 174012, 258478, 258471, 180940, 183832, 174458, 169923, 173274, 114481, 42667, 85332, 231492, 231505, 46561, 169697, 173265, 20050, 171829, 168585, 166658, 173324, 173806, 195921, 9121, 9124, 42468, 42587, 42802, 43621, 43630, 46542, 57466, 61738, 61757, 71392, 71426, 83430, 85140, 89076, 89079, 90859, 92472, 92558, 93010, 93646, 93650, 121935, 121953, 121965, 138420, 138422, 138423, 138749, 138783, 138808, 138855, 138869, 138911, 139379, 139655, 143284, 146409, 154304, 154364, 154915, 154943, 155067, 155119, 155123, 155124, 156586, 156589, 156642, 157065, 164670, 166229, 166952, 168424, 170833, 172538, 173844, 173849, 174006, 174010, 174763, 177937, 178437, 178704, 178718, 179282, 179292, 180723, 180920, 180936, 181008, 182090, 183410, 183641, 183814, 183910, 183911, 184038, 185430, 185491, 185820, 185821, 185935, 186101, 186494, 186752, 186895, 186985, 188508, 188790, 188802, 188806, 189004, 189393, 189713, 189875, 190674, 192727, 192741, 193326, 193394, 194315, 198419, 242621, 249653, 252505, 254230, 254735, 258061, 258452, 258979, 259272, 259469, 259547, 259599, 259615, 259906, 260104, 260108, 260486, 261805, 261808, 261881, 261935, 261964, 261969, 262830, 262958, 180743, 54434, 54971, 58095, 58107, 72496, 73932, 80525, 80563, 95101, 96326, 113868, 153395, 158003, 162215, 175102, 176771, 198543, 233906, 233908, 9403, 9149, 49334, 57139, 60438, 102083, 105076, 124420, 135699, 141243, 152673, 154729, 155332, 170814, 170936, 170937, 172903, 179142, 193091, 198971, 199069, 225249, 262609, 47058, 39098, 40641, 46437, 57148, 59557, 59632, 61462, 90855, 95925, 96320, 99250, 108978, 124427, 155196, 155197, 162533, 223521, 229142, 231805, 233220, 74008, 74009, 128060, 147619, 152697, 155361, 233228, 253325, 265769, 9422, 157467, 158686, 199203, 253111, 48450, 63984, 129119, 153974, 154043, 154533, 172828, 178985, 228968, 231814, 252761, 252911, 253109, 253537, 11509, 11514, 11525, 12281, 29435, 68801, 72405, 90557, 95927, 108277, 108281, 108613, 108913, 108916, 109789, 153965, 154497, 154543, 154567, 155988, 156701, 159346, 176163, 176881, 177967, 199499, 225394, 252421, 252444, 252609, 265582, 265598, 105670, 94919, 36872, 125381, 126293, 155144, 199519, 243416, 243766, 265586, 265588, 265610, 132044, 125144, 126782, 128350, 123871, 11345, 11536, 12654, 30751, 30754, 31351, 31760, 31887, 34581, 37282, 37395, 37405, 55330, 56459, 56491, 56514, 56541, 56544, 56550, 59680, 60005, 60168, 60182, 61012, 61965, 99520, 101311, 103309, 124861, 125327, 126855, 128212, 148905, 152204, 152220, 152261, 152292, 153790, 158189, 200226, 228698, 230729, 234848, 237307, 237328, 241069, 251596, 251600, 16706, 17410, 17986, 18842, 32929, 40234, 44546, 174207, 174784, 11567, 42996, 56395, 84389, 84399, 234719, 234723, 234833, 19297, 13952, 14003, 16689, 19711, 19832, 20033, 56531, 73525, 73562, 84503, 228228, 43113, 228123, 16676, 18612, 27884, 189323, 191454, 185855, 174388, 173169, 93617, 93260, 93439, 74468, 176831, 178320, 160151, 182156, 6481, 7818, 8398, 9258, 9326, 9373, 9386, 12342, 12457, 14492, 14914, 15593, 16799, 16850, 17107, 18114, 18952, 28650, 28653, 30771, 33299, 33393, 33809, 38323, 38415, 38865, 42265, 42333, 42428, 42460, 42479, 43340, 43526, 43771, 44935, 45375, 45387, 45392, 45683, 45704, 45896, 47199, 47600, 47640, 47667, 49236, 51122, 53642, 55306, 55317, 55324, 56012, 57525, 57935, 59981, 62171, 62183, 63063, 63107, 63126, 63143, 64184, 67437, 67872, 67883, 67941, 68013, 68946, 71505, 72453, 73796, 73800, 73854, 73856, 76596, 83629, 83697, 83700, 83711, 83857, 83876, 85706, 85740, 91093, 93237, 93462, 93626, 94645, 94748, 94783, 94786, 94792, 96359, 96488, 96686, 96716, 96760, 96768, 96779, 98984, 98988, 99489, 99497, 99499, 99681, 100041, 102228, 107831, 108560, 109062, 109066, 119222, 122099, 122104, 127967, 128330, 128854, 129798, 129958, 129991, 138997, 139133, 141656, 143262, 147657, 147689, 150630, 154394, 154457, 154741, 154765, 154801, 154815, 154832, 155506, 156270, 156310, 156320, 156985, 157642, 157669, 157676, 157686, 158108, 158315, 158479, 158481, 158583, 158589, 158591, 159859, 159932, 159946, 160940, 160943, 160991, 161835, 161844, 162384, 162393, 162406, 166221, 167900, 168382, 169736, 170428, 170435, 170468, 170495, 171385, 172579, 173589, 173771, 173787, 173915, 173920, 173930, 173932, 175884, 175900, 175907, 175955, 175963, 176009, 176018, 176307, 176521, 176651, 176698, 176847, 177485, 177765, 177829, 177885, 178181, 178268, 178283, 178341, 178417, 178931, 179098, 179266, 180165, 180214, 180262, 181647, 181765, 181866, 181923, 182050, 182121, 182201, 182493, 183361, 183384, 183386, 183770, 183803, 184154, 184541, 184555, 184585, 184615, 184671, 184917, 184929, 184967, 184974, 184977, 184995, 185115, 185268, 185273, 185365, 185403, 185418, 185713, 185724, 185871, 186072, 186076, 186279, 186281, 186296, 186304, 186367, 186485, 186575, 186578, 186595, 186667, 186702, 186725, 186795, 187357, 188439, 188461, 188494, 189256, 189295, 189298, 189354, 189665, 190318, 190393, 190394, 190936, 190949, 190960, 191508, 192555, 192721, 197135, 197147, 198590, 198607, 198610, 198647, 198672, 198680, 198702, 198743, 198766, 198907, 198927, 199291, 223423, 223468, 223478, 223480, 223578, 223582, 223597, 223601, 223654, 223659, 225240, 228117, 230126, 233768, 234631, 236652, 237636, 241067, 252467, 252473, 252552, 252555, 253142, 253145, 253148, 253150, 253158, 253490, 253516, 253519, 253527, 253529, 255783, 255799, 256777, 257450, 257451, 257458, 257772, 257922, 258059, 258263, 258264, 259258, 259348, 259356, 259371, 259375, 259380, 259382, 259607, 260324, 260327, 261546, 261729, 261863, 263664, 263737, 264527, 264529, 265398, 265554, 265556, 265564, 266357, 266464, 6749, 199729, 266438, 7065, 19822, 22658, 23158, 26450, 28162, 31938, 38349, 38419, 38868, 39012, 39015, 39019, 39024, 39028, 39042, 44755, 46900, 47140, 85806, 99435, 175135, 175143, 175156, 175162, 175169, 175187, 175197, 175200, 175235, 175809, 179563, 197001, 199367, 199375, 199391, 199455, 199581, 199614, 199631, 199646, 199647, 199661, 200693, 223432, 223539, 223542, 223593, 265566, 265578, 265636, 48776, 23537, 49072, 139210, 30823, 21517, 22763, 22876, 23729, 23797, 25596, 25951, 32132, 34199, 43569, 43601, 225117, 228159, 34162, 33924, 43840, 21206, 21243, 21545, 26765, 21208, 21502, 21603, 21829, 23858, 24302, 24313, 30593, 45688, 23493, 184797, 8201, 7858, 56075, 8180, 8196, 23352, 41306, 59096, 59113, 59120, 59146, 59180, 59206, 59218, 70086, 82833, 82870, 82887, 82901, 83004, 83019, 85515, 85517, 95876, 136777, 136815, 136853, 136866, 136881, 136913, 136921, 136984, 137082, 137191, 137218, 137281, 137285, 137296, 137384, 137409, 137787, 137867, 191166, 191210, 191219, 191224, 191229, 191572, 191620, 191698, 191704, 191724, 191773, 225116, 234550, 234551, 234553, 234560, 234566, 234906, 245639, 245664, 245668, 245669, 245698, 245699, 245826, 260888, 260895, 260902, 263942, 264117, 196083, 39135, 39162, 39179, 39219, 58517, 70096, 70132, 70189, 70253, 82956, 82971, 82979, 85005, 85603, 89735, 95976, 96032, 98021, 104102, 136143, 136226, 136264, 136270, 136277, 136291, 136324, 136327, 136368, 136403, 136444, 193504, 195704, 195728, 195729, 195894, 196013, 232298, 245446, 245451, 245455, 245459, 245460, 245465, 245467, 263711, 136205, 83349, 64096, 50796, 51536, 51551, 51552, 62056, 62078, 64080, 75009, 75011, 90816, 90823, 92126, 92142, 92152, 96029, 97526, 97556, 97598, 97599, 98273, 101962, 106493, 107936, 114136, 115021, 115047, 115057, 120827, 120891, 122353, 123094, 123117, 123143, 123177, 123194, 123200, 123216, 123222, 124889, 125597, 236139, 236140, 236716, 237869, 242308, 242739, 242743, 242745, 242759, 242762, 242788, 257078, 236860, 55377, 89888, 87827, 63817, 63888, 69863, 69816, 236808, 83535, 59794, 50679, 101372, 10786, 68104, 95106, 78714, 55799, 40995, 74402, 10980, 10342, 10582, 10829, 11377, 40544, 40721, 40730, 40789, 40792, 40798, 41080, 41087, 41117, 41231, 41289, 43838, 43857, 48710, 48742, 48749, 48759, 53169, 53404, 53421, 54261, 54586, 56948, 56968, 56971, 57034, 57038, 57252, 57984, 57992, 58503, 58579, 58838, 59826, 59842, 59876, 59883, 59890, 60397, 60473, 61201, 63311, 63316, 63321, 63325, 63733, 63739, 63766, 63771, 63776, 63794, 63799, 63842, 63850, 63874, 66018, 66069, 66085, 66100, 66115, 66130, 68174, 68205, 68215, 68223, 68259, 68812, 68839, 68920, 69824, 69935, 70619, 74264, 74304, 74352, 74369, 74432, 74862, 74917, 75091, 75099, 76651, 76771, 77064, 77091, 78667, 78737, 80907, 82407, 90564, 90569, 97749, 97756, 101326, 101448, 101539, 101894, 109965, 112888, 112892, 117332, 122346, 129341, 131345, 228852, 228874, 228875, 228877, 229605, 230216, 230751, 230938, 230989, 231386, 231409, 231412, 231670, 231913, 232083, 232560, 232563, 232815, 233325, 233328, 233331, 233335, 234241, 236483, 236486, 236760, 236872, 237275, 238334, 238338, 238340, 238342, 238345, 238347, 238349, 41948, 41980, 57280, 74493, 105871, 122319, 242657, 243226, 263789, 122291, 81502, 81944, 79547, 41986, 76697, 80837, 82722, 127637, 33868, 35243, 32424, 32336, 12563, 82070, 35233], "label": "ceiling"}, {"objectId": 53, "id": 53, "partId": 53, "index": 28, "dominantNormal": [0.31159040331840515, -0.95021653175354, -2.1099045438644826e-16], "obb": {"axesLengths": [4.644297550673565, 3.408179922219068, 0.54537382146153], "centroid": [1.139226693423323, -5.189127965370624, 0.16590996798194846], "normalizedAxes": [0.95021653175354, 0.31159040331840515, 6.918696800326644e-17, 0, -2.220446049250313e-16, 1, 0.31159040331840515, -0.95021653175354, -2.1099045438644826e-16]}, "segments": [151329, 17575, 83287, 30872, 131153, 251304, 251363, 74746, 159788, 160360, 150596, 200456, 6906, 29675, 6989, 250574, 60041, 83863, 54775, 53843, 27735, 90263, 123844, 75101, 90446, 90016, 69960, 70032, 83874, 57696, 251314, 41653], "label": "wall"}, {"objectId": 54, "id": 54, "partId": 54, "index": 29, "dominantNormal": [0.7291842699050903, 0.6843173503875732, 1.5194897571015292e-16], "obb": {"axesLengths": [0.5847825673632552, 0.6988309465610021, 0.5245638364771761], "centroid": [-5.817336296499905, -3.0916359895850856, -0.8205844915317497], "normalizedAxes": [-0.6843173503875732, 0.7291842699050903, 1.6191143312862318e-16, 0, -2.220446049250313e-16, 1, 0.7291842699050903, 0.6843173503875732, 1.5194897571015292e-16]}, "segments": [41699, 135273, 135089, 135070, 134954, 133948, 243534, 35421, 35917, 133120, 133899, 133906, 36420, 35460], "label": "chair"}, {"objectId": 55, "id": 55, "partId": 55, "index": 30, "dominantNormal": [0.9338082075119019, -0.3577739894390106, -7.944178413743744e-17], "obb": {"axesLengths": [0.8805699308255244, 1.0540659192040727, 0.7428578755460473], "centroid": [-6.44418396225721, -0.8343731900342668, -1.038957010435381], "normalizedAxes": [0.3577739894390106, 0.9338082075119019, 2.073470745127319e-16, 0, -2.220446049250313e-16, 1, 0.9338082075119019, -0.3577739894390106, -7.944178413743744e-17]}, "segments": [219331, 219264, 280025, 220084, 279997, 209218, 280052, 280100, 280074, 94231, 94297, 209313, 271147, 271115, 94446, 270649, 90675, 208347, 206330, 205993, 269842, 116209, 208513, 208707, 208641, 209249, 90782, 94182, 94216, 94476, 94566, 94588, 115890, 115905, 116052, 116077, 116167, 128114, 128118, 205707, 205720, 205786, 207690, 208000, 208183, 208199, 208427, 208433, 208456, 208476, 208515, 208604, 208737, 208773, 208785, 208855, 208876, 209177, 209511, 220115, 220158, 220163, 220192, 220236, 220239, 269558, 270624, 270633, 270656, 270680, 270683, 271205, 279811, 279816, 280006, 280036, 280039, 280067, 280069, 280121, 116462, 116561, 270570, 116290, 206756, 279954, 219347, 219253], "label": "chair"}, {"objectId": 56, "id": 56, "partId": 56, "index": 31, "dominantNormal": [0, -2.220446049250313e-16, 1], "obb": {"axesLengths": [0.541999739186303, 0.23263102249880804, 0.2874916661568419], "centroid": [-5.86472068541567, -0.3225824587696, -0.686315525235486], "normalizedAxes": [0.6542280316352844, 0.7562973499298096, 1.6793174627101272e-16, 0, -2.220446049250313e-16, 1, 0.7562973499298096, -0.6542280316352844, -1.4526780481533761e-16]}, "segments": [214709, 214492, 214378, 214348, 274221, 271586, 272162], "label": "clutter"}, {"objectId": 57, "id": 57, "partId": 57, "index": 32, "dominantNormal": [0, -2.220446049250313e-16, 1], "obb": {"axesLengths": [0.2022419623932011, 0.12570500092867753, 0.16864684202084831], "centroid": [-4.775046026842713, -1.092954089840272, -0.747147517694068], "normalizedAxes": [0.8108707070350647, 0.5852253437042236, 1.2994613023492e-16, 0, -2.220446049250313e-16, 1, 0.5852253437042236, -0.8108707070350647, -1.8004946578888175e-16]}, "segments": [182237, 15238, 15341, 225630], "label": "clutter"}, {"objectId": 66, "id": 66, "partId": 66, "index": 33, "dominantNormal": [0, -2.220446049250313e-16, 1], "obb": {"axesLengths": [10.62188762753269, 0.24046992718122936, 6.168501623521134], "centroid": [-3.145929947755216, -1.6247120952198268, 1.1497649550700548], "normalizedAxes": [0.9994879961013794, 0.03199679031968117, 7.104714665402671e-18, 0, -2.220446049250313e-16, 1, 0.03199679031968117, -0.9994879961013794, -2.2193091722164202e-16]}, "segments": [260810, 191123, 135759, 135809, 171298, 187851, 187857, 187910, 259857, 260876, 259759, 260110, 187200, 245585, 259575, 245625, 186155, 187157, 259730, 136539, 136588, 136635, 136643, 136693, 187167, 245579, 245589, 136582, 55463, 258089, 179171, 55448, 55899, 55953, 179341, 179364, 230623, 230631, 258268, 141294, 141541, 258278, 140715, 140754, 141341, 141342, 141357, 141358, 141395, 141533, 141534, 180396, 247698, 255771, 34462, 33277, 228479, 241251, 39918, 34490, 241394, 34447, 34449, 39969, 125553, 228449, 228487, 228490, 228847, 38762, 240112, 38733, 223484, 228764, 228767, 38689, 243362, 243243, 243355, 126108, 42387, 97646, 125832, 165858, 80768, 254837, 6995, 7001, 7023, 7033, 7040, 7053, 7061, 7069, 7072, 7094, 7824, 7830, 8003, 8015, 8065, 8072, 8078, 8081, 8084, 8088, 8110, 8114, 8683, 8695, 8865, 8873, 8880, 8887, 8931, 8945, 8954, 8994, 9009, 9029, 9031, 38793, 38957, 67484, 70894, 75466, 75479, 75497, 75528, 75547, 88284, 96046, 97654, 97677, 97693, 97708, 109638, 109669, 109704, 133227, 133242, 133247, 133251, 133270, 133298, 133317, 133324, 133505, 133557, 135727, 141818, 143570, 143581, 143591, 147902, 147903, 147924, 148116, 148153, 157773, 157779, 157783, 157789, 157844, 163465, 165508, 165509, 165869, 167491, 167495, 173042, 177422, 177430, 223426, 224909, 225068, 225073, 225111, 225171, 225207, 225209, 225238, 232185, 232187, 244346, 244348, 244350, 244352, 244390, 244394, 248078, 248135, 250145, 250151, 250154, 250157, 250163, 250168, 250177, 250285, 250310, 250313, 251751, 251756, 253096, 253341, 254842, 256547, 257841, 51643, 248051, 58699, 258933, 55883, 228944, 7963, 8029, 8031, 13004, 13046, 13098, 13173, 18650, 35634, 35895, 36680, 37898, 37913, 51037, 53490, 55127, 70723, 75424, 75536, 101917, 224446, 227373, 227419, 227426, 227492, 227504, 227721, 227728, 227734, 228537, 236256, 228956, 91392, 244487, 7995, 12220, 32111, 31866, 8109, 12168, 12197, 12996, 13006, 13010, 13027, 13057, 31488, 31856, 32200, 32226, 63675, 63677, 63710, 75196, 75197, 75204, 75227, 75247, 75249, 75252, 75295, 75306, 75326, 91404, 99530, 99578, 99587, 101771, 101973, 102017, 102040, 118451, 225115, 225309, 225404, 225405, 225410, 225427, 225432, 228181, 228206, 233738, 236252, 236992, 237795, 237839, 237849, 237852, 244458, 42771, 72004, 43789, 42716, 42722, 42745, 287, 339, 354, 394, 416, 450, 504, 543, 606, 3116, 3162, 3169, 3185, 3219, 3253, 3267, 3350, 3418, 3692, 3729, 3744, 3746, 3753, 3774, 42770, 47310, 72030, 129000, 222959, 222961, 222973, 222975, 222993, 222997, 222999, 223073, 223077, 223111, 223138, 230567, 230580, 53278, 55086], "label": "light"}, {"objectId": 68, "id": 68, "partId": 68, "index": 34, "dominantNormal": [0, -2.220446049250313e-16, 1], "obb": {"axesLengths": [1.2812117793968805, 0.5200500372041006, 0.5698845474682103], "centroid": [-5.1892726624399375, -1.4782907025480982, -1.2962549973906214], "normalizedAxes": [0.9993408918380737, -0.03630087524652481, -8.06041350254745e-18, 0, -2.220446049250313e-16, 1, -0.03630087524652481, -0.9993408918380737, -2.2189825351361353e-16]}, "segments": [18457, 4824, 4937, 4810, 4865, 4882, 4942, 4959, 4973, 5044, 5052, 5056, 5071, 5074, 15589, 18200, 18201, 18342, 79552, 79589, 223442, 223450, 223901, 224642, 226233, 226257, 226259, 226302, 226306, 226314, 226317, 226441, 12060, 15531, 79036, 15533, 15584, 15558, 226299, 4646, 280320, 75698, 199109, 279415, 71885, 73068, 18453, 66500, 23289, 71838, 67666, 79043], "label": "box"}, {"objectId": 69, "id": 69, "partId": 69, "index": 35, "dominantNormal": [0.6665524840354919, -0.7454581260681152, -1.6552495509094883e-16], "obb": {"axesLengths": [0.8888386504309032, 0.5517499323543172, 0.4864647102301597], "centroid": [-5.600148165705287, -2.008503241587009, -1.2658749874648092], "normalizedAxes": [0.7454581260681152, 0.6665524840354919, 1.4800438297945905e-16, 0, -2.220446049250313e-16, 1, 0.6665524840354919, -0.7454581260681152, -1.6552495509094883e-16]}, "segments": [129567, 201642, 130682, 197767, 265673, 21643, 27618, 201333, 266821, 227364, 21715], "label": "box"}, {"objectId": 70, "id": 70, "partId": 70, "index": 36, "dominantNormal": [0, -2.220446049250313e-16, 1], "obb": {"axesLengths": [0.544984435118274, 0.1400001017749286, 0.511706370439224], "centroid": [-4.38708