{"segGroups": [{"objectId": 1, "id": 1, "partId": 1, "index": 0, "dominantNormal": [0, -2.220446049250313e-16, 1], "obb": {"axesLengths": [2.5755273947777146, 0.1918399291074288, 1.939663118155664], "centroid": [0.44933154464477587, -0.4556266160318192, -1.5504600562052435], "normalizedAxes": [0.8225954174995422, 0.5686270594596863, 1.2626057076740833e-16, 0, -2.220446049250313e-16, 1, 0.5686270594596863, -0.8225954174995422, -1.8265287449182704e-16]}, "segments": [1000, 1106, 1126, 6928, 21762, 22538], "label": "floor"}, {"objectId": 2, "id": 2, "partId": 2, "index": 1, "dominantNormal": [0.9807372093200684, -0.19533172249794006, -4.337235515138095e-17], "obb": {"axesLengths": [2.02773154672077, 2.4330499820474527, 0.3756807236036057], "centroid": [-0.5851936544936865, -0.08700483622456928, -0.3665250960769133], "normalizedAxes": [0.19533172249794006, 0.9807372093200684, 2.177674061787523e-16, 0, -2.220446049250313e-16, 1, 0.9807372093200684, -0.19533172249794006, -4.337235515138095e-17]}, "segments": [10535, 9474, 14683, 22681, 20022, 19796], "label": "wall"}, {"objectId": 3, "id": 3, "partId": 3, "index": 2, "dominantNormal": [-0.17772409319877625, -0.9840803742408752, -2.185097379127921e-16], "obb": {"axesLengths": [1.7028948339466525, 2.4486459542368495, 0.18943758005509576], "centroid": [0.09940149044717758, -1.2293583901065128, -0.371207130226336], "normalizedAxes": [0.9840803742408752, -0.17772409319877625, -3.9462676059981715e-17, 0, -2.220446049250313e-16, 1, -0.17772409319877625, -0.9840803742408752, -2.185097379127921e-16]}, "segments": [3133, 23210, 22552, 8549, 5625, 9737, 8546, 25267], "label": "wall"}, {"objectId": 4, "id": 4, "partId": 4, "index": 3, "dominantNormal": [0.9824185967445374, -0.1866915076971054, -4.145384206946221e-17], "obb": {"axesLengths": [2.249491946004409, 2.4464479734052413, 0.1553951817045882], "centroid": [1.099426153649576, -0.3083919485792358, -0.3665161255780749], "normalizedAxes": [0.1866915076971054, 0.9824185967445374, 2.1814074918514445e-16, 0, -2.220446049250313e-16, 1, 0.9824185967445374, -0.1866915076971054, -4.145384206946221e-17]}, "segments": [21412, 18001, 17250, 10738, 12238, 13688, 672, 598, 606, 24071, 25611, 559, 6155, 13388], "label": "wall"}, {"objectId": 5, "id": 5, "partId": 5, "index": 4, "dominantNormal": [0.4435141682624817, -0.8962673544883728, -1.9901133063457372e-16], "obb": {"axesLengths": [0.38484810572896, 2.12475295086012, 0.06327986710607655], "centroid": [1.3058914135566435, -0.7173127073919828, -0.4989836011309139], "normalizedAxes": [0.8962673544883728, 0.4435141682624817, 9.84799282704966e-17, 0, -2.220446049250313e-16, 1, 0.4435141682624817, -0.8962673544883728, -1.9901133063457372e-16]}, "segments": [17524, 30440], "label": "door"}, {"objectId": 6, "id": 6, "partId": 6, "index": 5, "dominantNormal": [-0.24186168611049652, -0.9703107476234436, -2.154522666105593e-16], "obb": {"axesLengths": [1.6766768478649237, 2.4149479326244894, 0.6143099176272779], "centroid": [0.5203508291971818, 0.9042266388862967, -0.3687860790166413], "normalizedAxes": [0.9703107476234436, -0.24186168611049652, -5.370408253890713e-17, 0, -2.220446049250313e-16, 1, -0.24186168611049652, -0.9703107476234436, -2.154522666105593e-16]}, "segments": [16755, 8180, 30063, 16781, 10885, 14932, 17113, 14945, 15774, 10617], "label": "wall"}, {"objectId": 7, "id": 7, "partId": 7, "index": 6, "dominantNormal": [0.9987448453903198, 0.050087422132492065, 1.112164185912247e-17], "obb": {"axesLengths": [1.0635166052524871, 2.046149923365937, 0.7408592922020345], "centroid": [0.044800560827454816, 0.3844327737362197, -0.493075112035684], "normalizedAxes": [-0.05008741840720177, 0.9987448453903198, 2.2176590461560504e-16, 0, -2.220446049250313e-16, 1, 0.9987448453903198, 0.05008741840720177, 1.1121641031941857e-17]}, "segments": [5198, 16690, 7716, 26509, 19553, 14965, 16491, 30793, 30825, 21620, 27713, 8474, 30722, 16277, 16497, 9539, 2939, 25457, 21660, 30738, 25462, 21442, 30747, 8277, 16253, 16369, 27868, 28398, 8177, 1707, 8418, 28801, 8228, 18577, 7742, 16392, 3036, 8613, 17365, 5064, 5193, 5213, 5365, 6934, 6983, 7014, 7022, 7114, 8188, 8201, 8207, 8223, 8252, 8253, 8350, 8373, 8402, 8478, 8481, 8723, 8907, 9167, 9224, 9364, 13613, 14778, 14971, 15565, 15598, 15605, 15614, 15767, 15861, 16175, 16214, 16232, 16351, 16461, 16476, 16641, 16826, 17363, 17366, 18602, 18619, 21435, 21449, 21454, 21503, 21641, 24074, 25593, 25617, 25930, 25932, 25934, 25958, 26516, 27151, 27154, 27162, 27177, 27190, 27663, 27719, 27735, 27754, 27757, 27759, 27781, 27865, 28790, 28792, 28837, 28845, 28858, 30650, 30857, 30907, 5512, 15880, 13203, 15032, 27959, 15779], "label": "shower wall"}, {"objectId": 8, "id": 8, "partId": 8, "index": 7, "dominantNormal": [0, -2.220446049250313e-16, 1], "obb": {"axesLengths": [1.3315036612158593, 0.460909952351973, 1.0359676217081075], "centroid": [0.0019514840674742517, 0.462017810523343, -1.5595450555634875], "normalizedAxes": [0.5553991198539734, 0.8315839171409607, 1.846487223435746e-16, 0, -2.220446049250313e-16, 1, 0.8315839171409607, -0.5553991198539734, -1.2332337814368563e-16]}, "segments": [10350, 22926, 53, 6470, 126, 143, 6512, 6550, 6584, 6636, 12656, 12671, 14400, 16904, 25777, 25918, 26698, 26701, 28082, 28116, 26374, 12673, 12741], "label": "shower floor"}, {"objectId": 9, "id": 9, "partId": 9, "index": 8, "dominantNormal": [0.9361987709999084, -0.3514710068702698, -7.804224086311202e-17], "obb": {"axesLengths": [0.8125889267251653, 1.9000000230967984, 0.32580654347263366], "centroid": [-0.5272514291697854, -0.07694669156465656, -0.6200001157075161], "normalizedAxes": [0.3514709770679474, 0.9361987709999084, 2.0787788623797453e-16, 0, -2.220446049250313e-16, 1, 0.9361987709999084, -0.3514709770679474, -7.804223424566712e-17]}, "segments": [2323, 1717, 29322, 29532, 2690, 1937, 11689, 1347, 1772, 1778, 1782, 1793, 1818, 1823, 1985, 2053, 2128, 2142, 2182, 2191, 2215, 2220, 2243, 2250, 2264, 2313, 2317, 2391, 2436, 2476, 2488, 2569, 2625, 2683, 2698, 11659, 11665, 11669, 11680, 11696, 11710, 11716, 11755, 12547, 12572, 19117, 24323, 24358, 24359, 24366, 24369, 24389, 24394, 24400, 24410, 24428, 24454, 24461, 24512, 26022, 26029, 26032, 26035, 26040, 29353, 19781, 15421, 15442, 29707, 27033, 2528, 29771, 19952, 19065, 24441, 24401, 1329, 2055, 2060, 2084, 2133, 2532, 2622, 7511, 7519, 7599, 9489, 11753, 11777, 11786, 11810, 11860, 13990, 14027, 14074, 14148, 14193, 14210, 14216, 14243, 14265, 14362, 14411, 14412, 15129, 15171, 15192, 15206, 15229, 15321, 15391, 19778, 19817, 19824, 19856, 19944, 20024, 20087, 25522, 25523, 25528, 26045, 26047, 26057, 26608, 26611, 26617, 26625, 26629, 27069, 27076, 27105, 27108, 27112, 27120, 29990, 29992, 30032, 30039, 19867], "label": "shower door"}, {"objectId": 10, "id": 10, "partId": 10, "index": 9, "dominantNormal": [0, -2.220446049250313e-16, 1], "obb": {"axesLengths": [2.198707617910336, 0.13685202292683663, 1.8292360957975566], "centroid": [0.25353771919603374, -0.2544169020788395, 0.8184258848035482], "normalizedAxes": [0.08094766736030579, 0.9967183470726013, 2.21315931597266e-16, 0, -2.220446049250313e-16, 1, 0.9967183470726013, -0.08094766736030579, -1.797399281862195e-17]}, "segments": [8678, 31861, 8493], "label": "ceiling"}, {"objectId": 11, "id": 11, "partId": 11, "index": 10, "dominantNormal": [0.9539006352424622, -0.30012255907058716, -6.66405950579179e-17], "obb": {"axesLengths": [0.5744418902516745, 0.4647799626414484, 0.3768327198672213], "centroid": [0.42620742312798066, -1.0647381651850316, -1.3223901002319898], "normalizedAxes": [0.30012255907058716, 0.9539006352424622, 2.118084896901489e-16, 0, -2.220446049250313e-16, 1, 0.9539006352424622, -0.30012255907058716, -6.66405950579179e-17]}, "segments": [3360, 3665, 3648, 24618, 24624, 3060, 3394, 3090, 24718, 3674, 3967, 4017, 4028, 16951, 24641, 24665, 24670, 24732, 28133, 28138, 3839, 3997, 3074, 4078, 24593, 24585, 3530], "label": "bidet"}, {"objectId": 12, "id": 12, "partId": 12, "index": 11, "dominantNormal": [0, -2.220446049250313e-16, 1], "obb": {"axesLengths": [0.5420010141017099, 0.3711999571800237, 0.43346730520126087], "centroid": [-0.20911970804783608, -0.9291896400973199, -1.302440068443716], "normalizedAxes": [0.08890479803085327, 0.9960401058197021, 2.2116533178622214e-16, 0, -2.220446049250313e-16, 1, 0.9960401058197021, -0.08890479803085327, -1.9740830754700516e-17]}, "segments": [5579, 5574, 30366, 20698, 30345, 3935, 3940], "label": "toilet"}, {"objectId": 13, "id": 13, "partId": 13, "index": 12, "dominantNormal": [-0.21021811664104462, -0.9776545166969299, -2.1708291091314223e-16], "obb": {"axesLengths": [0.5720777847617838, 0.9799999822676178, 0.1068386239509555], "centroid": [0.38063068791858035, -1.2360801139728639, -0.3800001040846115], "normalizedAxes": [0.9776545166969299, -0.21021811664104462, -4.66777986576449e-17, 0, -2.220446049250313e-16, 1, -0.21021811664104462, -0.9776545166969299, -2.1708291091314223e-16]}, "segments": [6283, 25346, 6288, 6292, 6300, 16990, 30255, 28209, 6339, 5641, 3268, 5665, 5719, 25333, 30182, 3307, 5668, 5701, 5917, 6700, 17017, 20276, 25321, 25336, 25415, 30148, 30157, 6660, 7249, 6271, 30229, 7252, 7272, 20277, 17075, 28228, 28240, 28254, 28270, 17069, 3206, 3175], "label": "clothes dryer"}, {"objectId": 17, "id": 17, "partId": 17, "index": 13, "dominantNormal": [-0.5716053247451782, -0.8205286860466003, -1.8219396792287242e-16], "obb": {"axesLengths": [0.9155292213330576, 0.8724099798706919, 0.6336665195106531], "centroid": [0.6975305913724059, 0.48487726576364204, -1.1462050625040012], "normalizedAxes": [0.8205286860466003, -0.571605384349823, -1.2692189174097712e-16, 0, -2.220446049250313e-16, 1, -0.571605384349823, -0.8205286860466003, -1.8219396792287242e-16]}, "segments": [14978, 11486, 11477, 21545, 30994, 12269, 12265, 12999, 26165, 13168, 28500, 12352, 11512, 11515, 12031, 12035, 12105, 12187, 12204, 12209, 12212, 12252, 12343, 17378, 25992, 25995, 26088, 26092, 26093, 26100, 26112, 26141, 26145, 26455, 26613, 28517, 13636], "label": "bath cabinet"}, {"objectId": 18, "id": 18, "partId": 18, "index": 14, "dominantNormal": [0, -2.220446049250313e-16, 1], "obb": {"axesLengths": [0.8788244528323575, 0.29313998759225024, 0.5613991845135875], "centroid": [0.757149782650951, 0.44223865176494204, -0.8034300829448551], "normalizedAxes": [0.9948886036872864, -0.10097846388816833, -2.242172311998488e-17, 0, -2.220446049250313e-16, 1, -0.10097846388816833, -0.9948886036872864, -2.2090964695015955e-16]}, "segments": [21188, 20777, 15108, 20755, 25252, 10968, 17338, 30513, 21166, 14975, 30381, 30570, 30581, 14331, 14186, 24065, 25693, 25695, 2978, 3012, 13680, 13721, 13733, 13916, 14002, 14164, 17376, 20774, 20783, 20822, 20830, 21132, 21190, 21199, 24048, 26529, 30392, 30478, 30480, 30501], "label": "sink"}, {"objectId": 19, "id": 19, "partId": 19, "index": 15, "dominantNormal": [0, -2.220446049250313e-16, 1], "obb": {"axesLengths": [0.6750220766188033, 0.20560599403963986, 0.3083561181893443], "centroid": [-0.3892608832564276, -1.0521010039240355, 0.30719688034362314], "normalizedAxes": [0.97540283203125, -0.22042985260486603, -4.894525953533036e-17, 0, -2.220446049250313e-16, 1, -0.22042985260486603, -0.97540283203125, -2.1658293648113558e-16]}, "segments": [22937, 31832, 22837, 31852, 23063, 22894, 29789, 31838, 32188, 8595, 23077, 31850, 8571, 32240, 8600, 8588], "label": "shelf"}, {"objectId": 22, "id": 22, "partId": 22, "index": 18, "dominantNormal": [0.5769003033638, -0.8168146014213562, -1.8136927546960195e-16], "obb": {"axesLengths": [0.30593197774035036, 0.2445599978142976, 0.15062982550145473], "centroid": [0.822936422877494, -1.273068915609951, -1.4722801024702186], "normalizedAxes": [0.8168146014213562, 0.5769002437591553, 1.280975867066559e-16, 0, -2.220446049250313e-16, 1, 0.5769002437591553, -0.8168146014213562, -1.8136927546960195e-16]}, "segments": [979, 884, 24308, 3476, 3500], "label": "trash can"}, {"objectId": 23, "id": 23, "partId": 23, "index": 19, "dominantNormal": [0, -2.220446049250313e-16, 1], "obb": {"axesLengths": [0.14838622154811246, 0.03114998270981051, 0.1115635287661436], "centroid": [-0.5997321446358606, -0.7479151672360088, -0.9944250864291564], "normalizedAxes": [0.7069015502929688, 0.7073119878768921, 1.5705481090686304e-16, 0, -2.220446049250313e-16, 1, 0.7073119878768921, -0.7069015502929688, -1.569636754556944e-16]}, "segments": [6320], "label": "toilet paper"}, {"objectId": 26, "id": 26, "partId": 26, "index": 21, "dominantNormal": [0, -2.220446049250313e-16, 1], "obb": {"axesLengths": [0.15868402853122454, 0.07117301066578152, 0.15770878645291744], "centroid": [0.27895632321183383, -0.2491623671859925, 0.8586663803011216], "normalizedAxes": [-0.6749025583267212, 0.737906813621521, 1.6384822690207934e-16, 0, -2.220446049250313e-16, 1, 0.737906813621521, 0.6749025583267212, 1.498584719265497e-16]}, "segments": [20527, 20539], "label": "lamp"}, {"objectId": 16, "id": 16, "initialPoint": [1.1304458761929053, -0.8004734466205152, -1.285732722988365], "index": 22, "dominantNormal": [0.9864010810852051, -0.16435599327087402, -3.6494361592892327e-17], "obb": {"axesLengths": [0.9965554756558511, 2.194049905373529, 0.23524207816435233], "centroid": [1.2102591020258506, -0.3318579193786849, -0.4670250814327974], "normalizedAxes": [0.16435599327087402, 0.9864010810852051, 2.1902503834718813e-16, 0, -2.220446049250313e-16, 1, 0.9864010810852051, -0.16435599327087402, -3.6494361592892327e-17]}, "segments": [23624, 20680, 20415, 23964, 32974, 25996, 26049, 15876, 23958], "partId": 16, "label": "doorframe"}], "scan_id": "1d233fe8-e280-2b1a-8fac-c3646a1cd64a", "annId": "6151", "appId": "stk.v1"}