{"segGroups": [{"objectId": 45, "id": 45, "partId": 45, "index": 0, "dominantNormal": [0.9298073053359985, -0.36804670095443726, -8.172278430738916e-17], "obb": {"axesLengths": [1.1052305955483357, 0.479999963641167, 0.2547879088131107], "centroid": [-4.324020487612906, -1.6628657554224051, 0.46999992875225827], "normalizedAxes": [0.36804670095443726, 0.9298073053359985, 2.0645869576973975e-16, 0, -2.220446049250313e-16, 1, 0.9298073053359985, -0.36804670095443726, -8.172278430738916e-17]}, "segments": [86274, 86304, 64885, 63612, 86298, 63331, 63849, 63898, 63911, 63885, 85710, 62091, 86515, 62189, 62222, 62415, 62419, 62679, 62920, 63140, 63248, 63617, 63693, 63716, 63727, 63823, 63825, 63837, 64019, 64024, 85690, 85757, 85760, 85921, 85934, 86006, 86301, 86366, 90093, 64791, 64079, 64899, 64984, 65065, 86286, 63941, 86328, 64168], "label": "shelf"}, {"objectId": 46, "id": 46, "partId": 46, "index": 1, "dominantNormal": [0.9266220927238464, -0.3759939968585968, -8.348743848665059e-17], "obb": {"axesLengths": [0.48511622771632373, 0.2734879939223528, 0.18431616153381317], "centroid": [-4.473504009137458, -2.0598911909904682, 0.0332559489274169], "normalizedAxes": [0.3759939968585968, 0.9266220927238464, 2.057514364936722e-16, 0, -2.220446049250313e-16, 1, 0.9266220927238464, -0.3759939968585968, -8.348743848665059e-17]}, "segments": [63802, 62391, 63782, 86265, 86223, 62444, 62434, 62381, 62647, 62627, 62971, 63653, 62252, 62944, 85932, 86268, 86251, 85944], "label": "shelf"}, {"objectId": 47, "id": 47, "partId": 47, "index": 2, "dominantNormal": [0, -2.220446049250313e-16, 1], "obb": {"axesLengths": [0.5375318508127022, 0.2019599929013849, 0.26884546286151095], "centroid": [-4.436396587155468, -2.032990088157968, -0.37098005324430816], "normalizedAxes": [0.2956458330154419, 0.955297589302063, 2.121186758024114e-16, 0, -2.220446049250313e-16, 1, 0.955297589302063, -0.2956458330154419, -6.564656218964557e-17]}, "segments": [86051, 85949, 86012, 62690, 86070, 86065, 86024], "label": "box"}, {"objectId": 48, "id": 48, "partId": 48, "index": 3, "dominantNormal": [0.10123597085475922, -0.99486243724823, -2.2090383683353698e-16], "obb": {"axesLengths": [0.18639747276964042, 0.3454629999668224, 0.14984145110724925], "centroid": [-4.061204945924667, -3.0743222103591235, -0.5346485330817446], "normalizedAxes": [0.99486243724823, 0.10123596340417862, 2.247889949828577e-17, 0, -2.220446049250313e-16, 1, 0.10123596340417862, -0.99486243724823, -2.2090383683353698e-16]}, "segments": [66807, 90797, 69173, 69149, 69209, 90763, 69235], "label": "plant"}, {"objectId": 49, "id": 49, "partId": 49, "index": 4, "dominantNormal": [0.06407448649406433, -0.9979451298713684, -2.2158833209914706e-16], "obb": {"axesLengths": [0.2617010581183239, 0.1393640010201036, 0.12600464096614444], "centroid": [-4.365137167336988, -2.72234404701081, -0.4403180306535668], "normalizedAxes": [0.9979451298713684, 0.06407448649406433, 1.422739403934877e-17, 0, -2.220446049250313e-16, 1, 0.06407448649406433, -0.9979451298713684, -2.2158833209914706e-16]}, "segments": [64873, 64860, 64810, 86698], "label": "plant"}, {"objectId": 105, "id": 105, "partId": 105, "index": 5, "dominantNormal": [0, -2.220446049250313e-16, 1], "obb": {"axesLengths": [0.23143381126695647, 0.21548503155667253, 0.21553416067324266], "centroid": [-1.8387944782294916, -2.7439647315521496, -0.6822575401212094], "normalizedAxes": [0.9685873985290527, 0.2486734837293625, 5.5216605450017495e-17, 0, -2.220446049250313e-16, 1, 0.2486734837293625, -0.9685873985290527, -2.1506960624174737e-16]}, "segments": [81493, 50866, 31043, 81505, 81567, 81552, 81513, 31062, 75572, 81562, 50941], "label": "decoration"}, {"objectId": 51, "id": 51, "partId": 51, "index": 6, "dominantNormal": [0, -2.220446049250313e-16, 1], "obb": {"axesLengths": [0.4922155532528215, 0.22000002369284566, 0.25042763736073015], "centroid": [-1.8709728603449851, -1.4465447532799562, -0.7600000255756832], "normalizedAxes": [0.9073929786682129, 0.42028316855430603, 9.332161011828122e-17, 0, -2.220446049250313e-16, 1, 0.42028316855430603, -0.9073929786682129, -2.014817154601307e-16]}, "segments": [14057, 75014, 26427, 12553, 73087, 73100, 14068], "label": "cushion"}, {"objectId": 52, "id": 52, "partId": 52, "index": 7, "dominantNormal": [0, -2.220446049250313e-16, 1], "obb": {"axesLengths": [0.5920049616066183, 0.43032499185968187, 0.5977721593455387], "centroid": [-2.2405597988696555, -1.2169080786399924, -0.6548375414922651], "normalizedAxes": [0.6773845553398132, 0.7356290817260742, 1.6334246882322972e-16, 0, -2.220446049250313e-16, 1, 0.7356290817260742, -0.6773845553398132, -1.5040958597274684e-16]}, "segments": [15560, 15548, 15601, 13000, 82671], "label": "cushion"}, {"objectId": 53, "id": 53, "partId": 53, "index": 8, "dominantNormal": [0, -2.220446049250313e-16, 1], "obb": {"axesLengths": [0.39559913867213725, 0.24000000417232492, 0.2733407825458538], "centroid": [-1.9180223152230238, -1.280665747409889, -0.6500000137292604], "normalizedAxes": [0.8811693787574768, 0.47280076146125793, 1.0498285828691899e-16, 0, -2.220446049250313e-16, 1, 0.47280076146125793, -0.8811693787574768, -1.9565890657823921e-16]}, "segments": [13105, 14050, 13089], "label": "cushion"}, {"objectId": 54, "id": 54, "partId": 54, "index": 9, "dominantNormal": [0.8982426524162292, 0.4394999146461487, 9.758858491218907e-17], "obb": {"axesLengths": [0.46671097451225, 0.4382259747782502, 0.31390320058145893], "centroid": [-0.7601765736546189, -2.1373411857131126, -0.7708870521191434], "normalizedAxes": [-0.4394999146461487, 0.8982426524162292, 1.9944993488257384e-16, 0, -2.220446049250313e-16, 1, 0.8982426524162292, 0.4394999146461487, 9.758858491218907e-17]}, "segments": [305, 18274, 19808, 18534], "label": "cushion"}, {"objectId": 55, "id": 55, "partId": 55, "index": 10, "dominantNormal": [0, -2.220446049250313e-16, 1], "obb": {"axesLengths": [0.5105301935270271, 0.2501980010375828, 0.25526515883901535], "centroid": [-0.9238928531752224, -1.765774975863188, -0.8350990152911331], "normalizedAxes": [-0.09125271439552307, 0.9958277940750122, 2.2111818910875152e-16, 0, -2.220446049250313e-16, 1, 0.9958277940750122, 0.09125271439552307, 2.0262172916290638e-17]}, "segments": [76660, 73929], "label": "cushion"}, {"objectId": 56, "id": 56, "partId": 56, "index": 11, "dominantNormal": [0, -2.220446049250313e-16, 1], "obb": {"axesLengths": [0.5922886398047599, 0.4050899951512364, 0.5646836231242963], "centroid": [-0.5757641740231016, -1.8131342976347415, -0.6205490464796354], "normalizedAxes": [-0.39390847086906433, 0.91914963722229, 2.0409221806400924e-16, 0, -2.220446049250313e-16, 1, 0.91914963722229, 0.39390847086906433, 8.746525079074459e-17]}, "segments": [19821, 78285, 18476, 73903, 1413, 1427], "label": "cushion"}, {"objectId": 57, "id": 57, "partId": 57, "index": 12, "dominantNormal": [-0.36654189229011536, -0.9304015636444092, -2.065906476210542e-16], "obb": {"axesLengths": [0.6634285194099765, 0.3291379884823112, 0.2275287669440505], "centroid": [-4.244422495046155, -3.2593288823070674, 0.3345689401297487], "normalizedAxes": [0.9304015636444092, -0.36654189229011536, -8.138864966203204e-17, 0, -2.220446049250313e-16, 1, -0.36654189229011536, -0.9304015636444092, -2.065906476210542e-16]}, "segments": [70715, 91061, 69059, 69747, 70739, 91141, 69092, 69596, 12520], "label": "shelf"}, {"objectId": 59, "id": 59, "partId": 59, "index": 13, "dominantNormal": [-0.43829959630966187, -0.89882892370224, -1.9958011325865499e-16], "obb": {"axesLengths": [0.5132402441254237, 0.5400000093877307, 0.18884522004947665], "centroid": [-0.44270776350621244, 1.6382720016748742, 0.5799999480492608], "normalizedAxes": [0.89882892370224, -0.43829959630966187, -9.732206070137958e-17, 0, -2.220446049250313e-16, 1, -0.43829959630966187, -0.89882892370224, -1.9958011325865499e-16]}, "segments": [36042, 30850, 77028, 36883, 31211, 19084, 30789, 31240, 31244, 36874, 75625, 30843], "label": "decoration"}, {"objectId": 62, "id": 62, "partId": 62, "index": 15, "dominantNormal": [-0.3184416890144348, -0.9479424357414246, -2.104855036358765e-16], "obb": {"axesLengths": [0.4870042164896797, 0.4200000073015686, 0.18823324538656033], "centroid": [-0.8853330238776969, -1.0258756022415703, -0.34000004807643647], "normalizedAxes": [0.9479424357414246, -0.3184416890144348, -7.070825902886986e-17, 0, -2.220446049250313e-16, 1, -0.3184416890144348, -0.9479424357414246, -2.104855036358765e-16]}, "segments": [77360, 75296, 77364, 17604, 21347, 74157, 17511, 17647, 21373, 27990, 36919, 73492, 78576, 38799, 21318, 21282, 21292, 38803, 78580, 78606, 17668, 17691, 78575], "label": "monitor"}, {"objectId": 1, "id": 1, "partId": 1, "index": 16, "dominantNormal": [0, -2.220446049250313e-16, 1], "obb": {"axesLengths": [6.9786202634411945, 0.31999992609024297, 5.689369664718488], "centroid": [-1.9457907604278386, -1.1001369588976475, -1.270000004639552], "normalizedAxes": [0.08464138954877853, 0.9964115023612976, 2.2124779838457123e-16, 0, -2.220446049250313e-16, 1, 0.9964115023612976, -0.08464138954877853, -1.8794163902664204e-17]}, "segments": [42453, 42178, 164, 3102, 6154, 6583, 6953, 6957, 6977, 7037, 7103, 7643, 7762, 7763, 8969, 8970, 9011, 9012, 9038, 9128, 9132, 9182, 9184, 10769, 10777, 11347, 11544, 16206, 16333, 17376, 18445, 21917, 22250, 22266, 22270, 22313, 22385, 22387, 22450, 24121, 26177, 26722, 29407, 30450, 31397, 31539, 33341, 33346, 33365, 34535, 34814, 35343, 36066, 36188, 36189, 36455, 38203, 40114, 40843, 41356, 42263, 42913, 48059, 48608, 48635, 48843, 52424, 53846, 53864, 53867, 55739, 55783, 58260, 58802, 58854, 58860, 66499, 66527, 68363, 69369, 71297, 71661, 71965, 72228, 72253, 72869, 72931, 72946, 73484, 74243, 74280, 75913, 78868, 79495, 79499, 83005, 83006, 84550, 87213, 87246, 87552, 88111, 88511, 90444, 40881, 3062, 7521, 30203, 40117, 40908, 40931, 40943, 41241, 41276, 79187, 79190, 40000, 40020, 40081, 40088, 40090, 41213, 41259, 41271, 41272, 78896, 78902, 79171, 63431, 65332, 46264, 46294, 65312, 65738, 65824, 67584, 67585, 67645, 67664, 67679, 67721, 67735, 67738, 67767, 67775, 67976, 68359, 89527, 89563, 89567, 89608, 89612, 89615, 89624, 86910, 87814, 77788, 9141, 7050, 33968, 34073, 75485, 6838, 6667, 87111, 22437, 20971, 21038, 20962, 6826, 74328, 6766, 6756, 6523, 71942, 6724, 71945, 34135, 34200, 34023, 30206, 30216, 30199, 34160, 34058, 6850, 6635, 76358, 7202, 34054, 34145, 76167, 34116, 21596, 74193, 21582, 6768, 6706, 6789, 74268, 34195, 21663, 21630, 20942, 74098, 74082, 20999, 20998, 74107, 20911, 20938, 21557, 40950, 20989, 21115, 21613, 21002, 40141, 74089, 21016, 74104, 22407, 74264, 22338, 74113, 71953, 75529, 21484, 30224, 34007, 76163, 34138, 6669, 76137, 9378, 9321, 36404, 9330, 24665, 34570, 71961, 21087, 21636, 74196, 30191, 30193, 74200, 6858, 36266, 36221, 86868], "label": "floor"}, {"objectId": 2, "id": 2, "partId": 2, "index": 17, "dominantNormal": [-0.3440689742565155, -0.938944399356842, -2.084875382017608e-16], "obb": {"axesLengths": [5.4902432458040265, 3.1606399306511883, 0.8152642484384366], "centroid": [-2.480508161851863, -4.253218737009897, 0.2475999017394337], "normalizedAxes": [0.938944399356842, -0.3440690040588379, -7.639866607319365e-17, 0, -2.220446049250313e-16, 1, -0.3440690040588379, -0.938944399356842, -2.084875382017608e-16]}, "segments": [25254, 6929, 11649, 4054, 5390, 11942, 14811, 17495, 20806, 20820, 22002, 22021, 24868, 22232, 10299, 4085, 4129, 13338, 13388, 14515, 14619, 14635, 14711, 14741, 16715, 22069, 53493, 53526, 53552, 53560, 53566, 53575, 65661, 65713, 65723, 65812, 65821, 65830, 65851, 65870, 65874, 65888, 65903, 65909, 66100, 66165, 66347, 72269, 72271, 82220, 82225, 86578, 86582, 86586, 86591, 86672, 86673, 25396, 3491, 25893, 25906, 25944, 30114, 74978, 74979, 89144, 89245, 70418, 44825, 7876, 44023, 44048, 44160, 44321, 44596, 44605, 44618, 44633, 44654, 44656, 44667, 44822, 44984, 51361, 51687, 51694, 68461, 68496, 68624, 68635, 68732, 70204, 72031, 79765, 79768, 90597, 68853, 68827, 68467, 44000, 44252, 45054, 46045, 46122, 66188, 66195, 79779, 80057, 11595, 66649, 45618, 11230, 7118, 15794, 44996, 88938, 91214, 68721, 46228, 45575, 22602, 22596], "label": "wall"}, {"objectId": 3, "id": 3, "partId": 3, "index": 18, "dominantNormal": [-0.3663686513900757, -0.9304697513580322, -2.0660578833498638e-16], "obb": {"axesLengths": [3.3284836975765573, 2.5309199721160525, 0.198049309805026], "centroid": [-0.7694156040605487, 1.829841870842051, -0.07546000753589155], "normalizedAxes": [0.930469810962677, -0.3663686513900757, -8.135018245482588e-17, 0, -2.220446049250313e-16, 1, -0.3663686513900757, -0.930469810962677, -2.0660580156987618e-16]}, "segments": [53192, 5067, 5499, 5506, 5868, 6183, 6187, 14819, 36795, 36802, 39935, 40649, 43554, 43676, 48654, 48672, 49333, 49670, 50738, 50791, 79591, 80890, 80894, 46630, 27417, 47411, 20463, 3657, 80708, 32994, 36786, 36832, 58412, 48693, 5953, 64627], "label": "wall"}, {"objectId": 4, "id": 4, "partId": 4, "index": 19, "dominantNormal": [0.9097685217857361, -0.41511595249176025, -9.217425766911097e-17], "obb": {"axesLengths": [6.545199597288654, 3.2016900062183273, 0.7661130423121812], "centroid": [-3.7247514890362403, -0.19388457050849972, 0.24915492728222066], "normalizedAxes": [0.41511595249176025, 0.9097685217857361, 2.020091919931435e-16, 0, -2.220446049250313e-16, 1, 0.9097685217857361, -0.41511595249176025, -9.217425766911097e-17]}, "segments": [46379, 54865, 51107, 54054, 53341, 54022, 16508, 56838, 46427, 53801, 47598, 62998, 42437, 44877, 47832, 59766, 62155, 62438, 69277, 64663, 64646, 66622, 3367, 5784, 90064, 58887, 64097, 64717, 64763, 64766, 66004, 57010, 57731, 55840, 23321, 56737, 57297, 55110, 26659, 57313, 83256, 41217, 41115, 41121, 41142, 41096, 40816, 61507], "label": "wall"}, {"objectId": 6, "id": 6, "partId": 6, "index": 20, "dominantNormal": [0.9392017126083374, -0.343365877866745, -7.624254069565794e-17], "obb": {"axesLengths": [0.5713045074133873, 2.5336099296746406, 0.2845647918560709], "centroid": [-2.5296312582499634, 1.773033233056465, -0.0858650113278272], "normalizedAxes": [0.3433659076690674, 0.9392017126083374, 2.0854467322103107e-16, 0, -2.220446049250313e-16, 1, 0.9392017126083374, -0.3433659076690674, -7.624254731310284e-17]}, "segments": [23619, 52757, 82010, 74339, 23658, 51937, 50544, 50518, 9474, 14908, 23626, 23703, 23706, 50553, 52801, 73191, 74401, 74555, 74582, 82085, 14310, 73150, 22635, 79027, 14345, 79106, 23933, 26103, 80313, 14402, 73174, 73184, 74708, 23925, 13186, 14598, 14601, 14953, 43343, 43435, 43477, 52190, 53037, 53092, 53102, 73198, 79504, 81712, 20677, 9447, 82310, 39873, 79133, 40603, 26057], "label": "curtain"}, {"objectId": 8, "id": 8, "partId": 8, "index": 21, "dominantNormal": [0.9505705237388611, -0.3105087876319885, -6.894680107549534e-17], "obb": {"axesLengths": [1.388522145092088, 2.5448998836077767, 0.2841713020604452], "centroid": [-2.842444280819379, 1.1490333421963284, -0.03027003185376609], "normalizedAxes": [0.3105087876319885, 0.9505705237388611, 2.110690563969755e-16, 0, -2.220446049250313e-16, 1, 0.9505705237388611, -0.3105087876319885, -6.894680107549534e-17]}, "segments": [13607, 20685, 83759, 20629, 16574, 57814, 82651, 13287, 13299, 13318, 13347, 13351, 13394, 13415, 13417, 13442, 14523, 14546, 18884, 18940, 18945, 18996, 19772, 20671, 39808, 39820, 39850, 39859, 41846, 42729, 43351, 43394, 43409, 43461, 43540, 50522, 51519, 51574, 51592, 51621, 52853, 73006, 73009, 73010, 73125, 73196, 73749, 73751, 78888, 79458, 79525, 81446, 81761, 81990, 82218], "label": "window"}, {"objectId": 9, "id": 9, "partId": 9, "index": 22, "dominantNormal": [0, -2.220446049250313e-16, 1], "obb": {"axesLengths": [1.7081578172490448, 0.9736019751369507, 1.0813759206730025], "centroid": [-1.6150248530793399, 1.1601312309735485, -0.88319903867776], "normalizedAxes": [0.893203616142273, -0.44965243339538574, -9.984289692685738e-17, 0, -2.220446049250313e-16, 1, -0.44965243339538574, -0.893203616142273, -1.9833104406392031e-16]}, "segments": [19338, 78816, 26537, 39163, 14211, 38518, 11343, 13760, 15411, 15436, 15470, 17334, 17820, 19323, 19341, 25162, 26498, 30576, 30604, 34579, 35165, 35172, 35917, 37861, 37883, 37894, 37993, 37999, 39122, 39176, 39627, 39634, 41533, 73251, 74456, 74479, 74812, 74818, 74822, 74856, 75373, 75558, 77643, 77646, 78176, 78193, 78200, 78203, 78212, 78699, 78782, 78800, 79244, 24688, 14250, 12766, 15456, 26524, 19307, 30038, 55205, 37665, 22830, 77699, 26510, 26485, 22880, 74488, 25168], "label": "table"}, {"objectId": 10, "id": 10, "partId": 10, "index": 23, "dominantNormal": [-0.3442925810813904, -0.9388623833656311, -2.0846932699339484e-16], "obb": {"axesLengths": [1.4826726920342619, 0.6199999313056482, 0.5608578705537541], "centroid": [-1.4631110575199506, 1.9017330507519241, -1.1000000215523698], "normalizedAxes": [0.9388623833656311, -0.3442925810813904, -7.644831014483664e-17, 0, -2.220446049250313e-16, 1, -0.3442925810813904, -0.9388623833656311, -2.0846932699339484e-16]}, "segments": [34901, 76486, 7477, 6566, 33903, 34259, 34286, 34362, 34641, 34923, 53514, 53597, 71022, 76071, 76220, 76223, 76226, 76227, 76366, 77568, 79586, 79590, 28209, 7433, 74461, 6777, 6832, 6846, 6887, 6909, 21572, 21625, 22404, 30124, 30261, 34080, 34164, 34175, 34185, 34201, 34203, 34206, 34214, 35472, 40006, 53473, 74076, 74078, 74198, 74332, 75518, 76154, 76160, 76169, 76175, 76176, 76785, 78908, 79584, 25014, 25121, 74843, 23084, 39971, 33872, 6431, 74525, 79616], "label": "bench"}, {"objectId": 11, "id": 11, "partId": 11, "index": 24, "dominantNormal": [0.822731614112854, 0.5684300065040588, 1.2621681622172672e-16], "obb": {"axesLengths": [0.7963136704291512, 0.9949269370378492, 0.6682589386759891], "centroid": [-1.5801931184823705, 0.600102242303828, -0.8170265148701565], "normalizedAxes": [-0.5684300065040588, 0.822731614112854, 1.8268311621502198e-16, 0, -2.220446049250313e-16, 1, 0.822731614112854, 0.5684300065040588, 1.2621681622172672e-16]}, "segments": [35029, 43850, 79716, 48390, 79676, 76614, 6362, 7653, 9910, 10248, 10655, 10679, 10683, 12619, 18154, 19572, 19576, 19582, 19583, 19586, 24476, 24498, 24556, 24560, 24562, 24564, 24584, 24588, 24592, 24617, 24653, 34970, 35007, 43935, 66129, 66958, 67148, 68403, 68460, 68582, 73530, 73542, 74768, 74799, 76488, 76498, 77561, 77563, 79634, 87775, 7695, 10274, 12602, 48414, 72345, 12588, 10233, 6306, 72374, 35190], "label": "chair"}, {"objectId": 12, "id": 12, "partId": 12, "index": 25, "dominantNormal": [0.9679433107376099, 0.2511688470840454, 5.577068742025246e-17], "obb": {"axesLengths": [0.7148537082841147, 1.00987795718287, 0.6706938339872149], "centroid": [-2.002273058604888, 0.8238292044540336, -0.8137710135534194], "normalizedAxes": [-0.2511688470840454, 0.9679433107376099, 2.149265900225594e-16, 0, -2.220446049250313e-16, 1, 0.9679433107376099, 0.2511688470840454, 5.577068742025246e-17]}, "segments": [10956, 47196, 10943, 10988, 11047, 47088, 68550, 68607, 68681, 68931, 75191, 80185, 80188, 80192, 69997, 47190, 47114, 69012, 72397, 10428, 8599, 8610, 10120, 10166, 10429, 10432, 10449, 10466, 10496, 10499, 10526, 11027, 13058, 42074, 44457, 66198, 72274, 72350, 72353, 72357, 72408, 72410, 72554, 80196, 68415, 9722, 8589, 8588, 72443, 10546, 10540, 10566, 10610, 10634, 11355, 17306, 72363, 72453, 72462, 72475, 72485, 72566, 8567, 10059, 10265, 72277, 10270, 72295, 10151], "label": "chair"}, {"objectId": 14, "id": 14, "partId": 14, "index": 26, "dominantNormal": [0, -2.220446049250313e-16, 1], "obb": {"axesLengths": [2.8209265020966328, 0.9421950070069351, 1.1947845870119917], "centroid": [-1.4565754071475707, -1.4846996668085846, -0.8568725468374232], "normalizedAxes": [0.9376039505004883, -0.34770509600639343, -7.720604067315971e-17, 0, -2.220446049250313e-16, 1, -0.34770509600639343, -0.9376039505004883, -2.0818989876502953e-16]}, "segments": [17874, 78219, 37430, 37417, 21773, 1896, 76765, 76675, 19654, 4237, 84387, 48348, 12997, 79859, 84488, 47011, 13829, 78359, 56775, 15206, 35843, 35995, 188, 1969, 5360, 12302, 12467, 12664, 12689, 12708, 12896, 12917, 13897, 13949, 13968, 13971, 13982, 14144, 14179, 15620, 18258, 18276, 19628, 24150, 27102, 27107, 27228, 27239, 27732, 35431, 35435, 35841, 38557, 38761, 44920, 56561, 58714, 58723, 58777, 71407, 72981, 72991, 73104, 73643, 75022, 79783, 84290, 84545, 85697, 85725, 35869, 71429, 17643, 38821], "label": "sofa"}, {"objectId": 15, "id": 15, "partId": 15, "index": 27, "dominantNormal": [0.011282999999821186, -0.9999363422393799, -2.22030470062724e-16], "obb": {"axesLengths": [1.2393548087591506, 0.6675719469583341, 0.6566260537414421], "centroid": [-1.8546036814674205, -2.7862313782733006, -0.9562140116398643], "normalizedAxes": [0.9999363422393799, 0.01128300093114376, 2.5053294841245767e-18, 0, -2.220446049250313e-16, 1, 0.01128300093114376, -0.9999363422393799, -2.22030470062724e-16]}, "segments": [81123, 75757, 29716, 53006, 48546, 49735, 49777, 3830, 28276, 28284, 28374, 30675, 31598, 32353, 32384, 32416, 32417, 32421, 32434, 32479, 32483, 32508, 32608, 32613, 37068, 38728, 38866, 38881, 48440, 48451, 49074, 49137, 49286, 49289, 49709, 49717, 49794, 49797, 54955, 55076, 55222, 55271, 55284, 56072, 75702, 75706, 75713, 76633, 76781, 81254, 81293, 81621, 81787, 49256, 38921, 38465, 75676, 81106, 81573, 36698, 38543, 28251, 28361, 34723, 56075, 75514], "label": "couch table"}, {"objectId": 16, "id": 16, "partId": 16, "index": 28, "dominantNormal": [0, -2.220446049250313e-16, 1], "obb": {"axesLengths": [0.8008877350334825, 0.5563300127611305, 0.8634483420414749], "centroid": [0.1342312019989942, -1.7974786768189495, -1.1081650232390694], "normalizedAxes": [0.2197759598493576, 0.9755503535270691, 2.1661569283339268e-16, 0, -2.220446049250313e-16, 1, 0.9755503535270691, -0.2197759598493576, -4.880006617677015e-17]}, "segments": [72179, 72764, 675, 692, 711, 717, 742, 11224, 11261, 11732, 12092, 20174, 23245, 23441, 27028, 33287, 33328, 35970, 51863, 71172, 72884, 8823, 11648, 12144, 35618], "label": "side table"}, {"objectId": 17, "id": 17, "partId": 17, "index": 29, "dominantNormal": [0, -2.220446049250313e-16, 1], "obb": {"axesLengths": [0.6102898846721376, 0.5197040322489133, 0.742629405993728], "centroid": [0.07326592645555108, -2.4773211049668604, -1.0450280298115766], "normalizedAxes": [0.9585980176925659, -0.28476274013519287, -6.323003013068826e-17, 0, -2.220446049250313e-16, 1, -0.28476274013519287, -0.9585980176925659, -2.1285151812046397e-16]}, "segments": [11208, 72662, 71354, 41433, 27006, 73582, 18132, 25716], "label": "side table"}, {"objectId": 18, "id": 18, "partId": 18, "index": 30, "dominantNormal": [0.04368777200579643, -0.9990452527999878, -2.2183260846020132e-16], "obb": {"axesLengths": [0.5311760731138726, 0.44119100776632836, 0.38412500398332383], "centroid": [0.0989266453126092, -2.6303667838539577, -1.084524510347371], "normalizedAxes": [0.9990452527999878, 0.04368777200579643, 9.700634075081911e-18, 0, -2.220446049250313e-16, 1, 0.04368777200579643, -0.9990452527999878, -2.2183260846020132e-16]}, "segments": [56955, 18740, 57074, 57161, 56940, 71304, 57032, 83470, 37406], "label": "side table"}, {"objectId": 19, "id": 19, "partId": 19, "index": 31, "dominantNormal": [-0.36680254340171814, -0.9302988052368164, -2.0656783067103755e-16], "obb": {"axesLengths": [1.7182344435006618, 0.9348999648936096, 0.690440136287673], "centroid": [-0.7437755762620013, -0.88102539087129, -0.9174500125673422], "normalizedAxes": [0.9302988052368164, -0.36680254340171814, -8.144652583513115e-17, 0, -2.220446049250313e-16, 1, -0.36680254340171814, -0.9302988052368164, -2.0656783067103755e-16]}, "segments": [32029, 3822, 55006, 1924, 1942, 1956, 3705, 3751, 8288, 8460, 8571, 8777, 9057, 9159, 9161, 11808, 17905, 18195, 25776, 25862, 25892, 25894, 25900, 25937, 25952, 25965, 28682, 28717, 30027, 31471, 31548, 31689, 31728, 31730, 32181, 32651, 32665, 34770, 34800, 34811, 37020, 37027, 37037, 37078, 37082, 37086, 37101, 37109, 37133, 37187, 37190, 37254, 37549, 58220, 58271, 58277, 58374, 58390, 71300, 71472, 74935, 74945, 75831, 77379, 77381, 77388, 77390, 77393, 77424, 77471, 83899, 84134, 84146, 84151, 84153, 84175, 84179, 84183, 84220, 7977, 74956, 37230, 31726, 32743, 32763, 75647, 84005, 83981], "label": "desk"}, {"objectId": 20, "id": 20, "partId": 20, "index": 32, "dominantNormal": [0, -2.220446049250313e-16, 1], "obb": {"axesLengths": [0.6558336616294256, 0.5521199579808121, 0.6402797628048926], "centroid": [-0.7618067624974936, -0.5153059044559443, -0.7660600296745458], "normalizedAxes": [0.9747443795204163, -0.22332362830638885, -4.958780681771665e-17, 0, -2.220446049250313e-16, 1, -0.22332362830638885, -0.9747443795204163, -2.164367306535056e-16]}, "segments": [34462, 33587, 77461, 29466, 75998, 29531, 341, 36972, 32273, 4966, 4997, 29245, 29264, 29275, 29349, 29371, 29382, 29449, 29482, 29507, 29536, 29564, 29567, 29589, 29630, 29651, 29732, 32619, 32801, 32815, 33496, 33516, 33556, 33576, 33640, 33656, 33732, 34410, 36973, 37142, 37194, 75450, 75452, 75457, 75463, 75465, 75468, 75471, 75474, 75480, 75824, 75923, 75926, 75959, 75980, 76040, 76283, 76334, 76337, 77470, 81273, 81371, 76316, 4894, 32795, 32704, 75866, 26923, 29594, 29753, 33674, 37075, 37238, 77476, 76277, 29653], "label": "chair"}, {"objectId": 21, "id": 21, "partId": 21, "index": 33, "dominantNormal": [-0.43721017241477966, -0.8993593454360962, -1.9969789054299274e-16], "obb": {"axesLengths": [0.817727150494065, 1.8146369051641908, 0.42661981269703564], "centroid": [-2.7906850908868734, -3.731386068028387, -0.38732151561040906], "normalizedAxes": [0.8993593454360962, -0.43721020221710205, -9.708016662048947e-17, 0, -2.220446049250313e-16, 1, -0.43721020221710205, -0.8993593454360962, -1.9969789054299274e-16]}, "segments": [78115, 38054, 41349, 41498, 28661, 29086, 27455, 27104, 75118, 27324, 21631, 26329, 21180, 21460, 26697, 27773, 28567, 28714, 28750, 28818, 30348, 30888, 30964, 38003, 38121, 41314, 43144, 43191, 43242, 45170, 45220, 74684, 75055, 75061, 75112, 78930, 78948, 78992, 27522, 27925, 74696, 74702, 74866, 25205, 37641, 43215, 79446, 79448], "label": "cabinet"}, {"objectId": 22, "id": 22, "partId": 22, "index": 34, "dominantNormal": [-0.1288597732782364, -0.9916628003120422, -2.2019337471413763e-16], "obb": {"axesLengths": [0.9003954577350729, 1.8308719583405852, 0.4573943558837172], "centroid": [-3.5215205180875806, -3.4155070371293865, -0.3956440225674074], "normalizedAxes": [0.9916628003120422, -0.1288597732782364, -2.8612617448295105e-17, 0, -2.220446049250313e-16, 1, -0.1288597732782364, -0.9916628003120422, -2.2019337471413763e-16]}, "segments": [57504, 26340, 88788, 66939, 67071, 67089, 67100, 67483, 69899, 86728, 86825, 90671, 90756, 67649, 91116, 69909, 69718, 69760, 68575, 69433, 69735, 69792, 69810, 69816, 69827, 69864, 69893, 69898, 69993, 70050, 70061, 70081, 70321, 70535, 70567, 79240, 90619, 90815, 90889, 90900, 90984, 91025, 91032, 91145, 69450, 69848, 70002, 70072, 70748, 86730, 90642, 90655, 90661, 90664, 90667, 90717, 91013, 91039, 44133, 69563, 90840, 90746, 68763, 69556, 70722, 70840, 90649, 90833, 90844, 90871, 90876, 91326, 90853, 70568, 70459, 90865, 70504, 70224, 69612], "label": "cabinet"}, {"objectId": 23, "id": 23, "partId": 23, "index": 35, "dominantNormal": [0, -2.220446049250313e-16, 1], "obb": {"axesLengths": [1.6906033800060383, 0.6377589560055964, 0.6400037843905015], "centroid": [-1.6719670196841514, -4.111986220454847, -0.9785805050802875], "normalizedAxes": [0.9150829315185547, -0.40326574444770813, -8.954298290568999e-17, 0, -2.220446049250313e-16, 1, -0.40326574444770813, -0.9150829315185547, -2.0318922800267696e-16]}, "segments": [32556, 33053, 35554, 34960, 34985, 40657, 38298, 13201, 13252, 13198, 32817, 33240, 33258, 33261, 33274, 33288, 33566, 33648, 33699, 34746, 35024, 35718, 36535, 37144, 37368, 37420, 37478, 37503, 38137, 38173, 38181, 38193, 39339, 39389, 39397, 39435, 39469, 39496, 40059, 40196, 75286, 75392, 75654, 75655, 76144, 76805, 76808, 76932, 76947, 76949, 76970, 76973, 77004, 81939, 75356, 31974, 12222, 32375, 71968, 3576], "label": "tv stand"}, {"objectId": 24, "id": 24, "partId": 24, "index": 36, "dominantNormal": [0.9233664274215698, -0.38391977548599243, -8.524731487069391e-17], "obb": {"axesLengths": [1.050666355764143, 1.8635699332452569, 0.4160748805705618], "centroid": [-3.774255765740415, -0.47731878825549723, -0.4017850591790304], "normalizedAxes": [0.38391977548599243, 0.9233664274215698, 2.0502853357786007e-16, 0, -2.220446049250313e-16, 1, 0.9233664274215698, -0.38391977548599243, -8.524731487069391e-17]}, "segments": [60830, 61524, 86469, 85444, 58979, 14548, 85357, 50214, 58974, 61243, 61124, 60984, 61274, 85319, 85352, 59340, 52113, 60130, 60209, 58474, 60522, 50269, 1697, 1741, 73389, 16758, 1524, 1672, 1709, 15044, 15075, 15113, 15125, 15128, 15137, 15165, 15189, 15881, 15891, 15900, 15974, 16039, 16045, 16047, 16061, 16096, 16149, 16154, 16181, 16183, 16234, 16266, 16716, 16764, 16822, 16826, 16848, 16855, 16861, 16980, 41805, 43325, 43417, 49121, 49209, 50353, 50355, 50365, 51031, 51477, 51579, 51641, 52099, 52216, 52540, 52558, 52584, 52600, 52607, 52610, 58421, 58458, 58466, 58499, 58507, 58568, 58580, 58601, 58642, 58663, 58680, 58942, 58982, 59021, 59024, 59036, 59067, 59087, 59096, 59111, 59114, 59117, 59359, 59409, 59413, 59497, 59523, 59544, 59632, 59647, 59701, 59712, 59729, 59751, 59759, 59797, 59857, 59908, 59911, 60000, 60013, 60033, 60062, 60067, 60079, 60128, 60335, 60411, 60441, 60515, 60563, 60564, 60618, 60625, 60692, 60763, 60781, 60794, 60826, 60842, 60843, 60896, 60986, 61020, 61056, 61075, 61094, 61109, 61226, 61298, 61589, 61951, 62005, 71414, 73215, 73230, 73289, 73303, 73308, 73317, 73318, 73325, 73345, 78883, 79265, 79266, 79271, 80122, 80426, 80430, 80895, 81375, 81395, 81944, 81968, 84222, 84248, 84251, 84256, 84579, 84622, 84625, 84627, 84641, 84643, 84679, 84685, 84688, 84695, 84698, 84704, 84707, 84711, 84713, 84715, 84719, 84781, 84830, 84837, 84838, 84871, 84920, 84923, 84945, 84967, 84993, 84994, 84997, 85002, 85089, 85095, 85100, 85103, 85106, 85132, 85140, 85674, 85685, 85686, 85305, 16522, 16917, 16923, 16953, 16966, 49195, 49324, 51039, 51206, 73348, 73464, 73471, 73475, 81949, 81979, 47301, 61317, 50623, 60313, 60315, 60514, 60520, 60612, 61982, 81178, 84775, 84865, 59592, 83870, 49381, 51233, 52498, 61037, 61078, 61293, 61418, 80438, 59103, 15200, 16285, 52442, 61466, 71413, 85241, 53330, 1534, 16446, 16483, 16528, 16893, 42990, 42995, 61488, 73339, 73410, 82095], "label": "shelf"}, {"objectId": 25, "id": 25, "partId": 25, "index": 37, "dominantNormal": [0.9601324200630188, -0.27954551577568054, -6.207157360897509e-17], "obb": {"axesLengths": [1.4311750451251002, 0.8917099634175752, 0.5612233023742201], "centroid": [-4.2106225901850465, -1.7395574519999133, -0.8758550313498459], "normalizedAxes": [0.27954551577568054, 0.9601324200630188, 2.1319222388860721e-16, 0, -2.220446049250313e-16, 1, 0.9601324200630188, -0.27954551577568054, -6.207157360897509e-17]}, "segments": [60290, 60143, 60328, 2550, 63239, 62721, 63200, 63302, 63391, 65934, 59267, 16793, 6812, 47868, 84598, 86117, 86133, 86160, 86167], "label": "cabinet"}, {"objectId": 26, "id": 26, "partId": 26, "index": 38, "dominantNormal": [0.6873490810394287, 0.7263271808624268, 1.612770319209093e-16], "obb": {"axesLengths": [0.5128211118205471, 0.826159935604931, 0.5357340109331008], "centroid": [-4.367754825686346, -2.7326611407176777, -0.903080018486605], "normalizedAxes": [0.6873491406440735, 0.7263271808624268, 1.612770319209093e-16, 0, -2.220446049250313e-16, 1, 0.7263271808624268, -0.6873491406440735, -1.5262216837987308e-16]}, "segments": [64707, 65543, 65622, 65193, 65258, 89807, 64908, 63266, 64700, 64884, 64910, 64969, 65160, 65272, 65278, 65283, 65434, 65575, 65577, 65602, 65667, 65756, 67140, 67143, 67178, 67205, 67248, 67412, 67420, 67514, 67898, 67920, 67922, 68106, 68137, 86724, 86742, 86780, 86828, 86851, 89347, 89349, 89402, 89404, 89451, 89780, 89686, 67938, 86714, 89452], "label": "stool"}, {"objectId": 27, "id": 27, "partId": 27, "index": 39, "dominantNormal": [0.30542632937431335, -0.9522157311439514, -2.1143436582525852e-16], "obb": {"axesLengths": [0.6250039877652543, 0.6369799829204382, 0.4563448111370117], "centroid": [-4.134483191456134, -3.083890640697617, -0.9884900452736023], "normalizedAxes": [0.9522157311439514, 0.30542632937431335, 6.781826863962189e-17, 0, -2.220446049250313e-16, 1, 0.30542632937431335, -0.9522157311439514, -2.1143436582525852e-16]}, "segments": [70136, 65120, 66264, 66928, 89327, 64544, 88962, 89359, 88969, 90837, 66423, 67109, 88941, 67908, 67090, 67159, 67342, 67535, 89461, 67352, 67397, 66291, 66897, 67073, 67120, 67162, 67188, 67210, 67236, 67286, 67394, 67439, 67441, 67454, 67480, 67507, 67548, 67557, 68493, 68518, 69647, 70157, 88806, 89317, 89326, 89351, 89494, 89520], "label": "stool"}, {"objectId": 28, "id": 28, "partId": 28, "index": 40, "dominantNormal": [-0.0324283242225647, -0.999474048614502, -2.2192782025742862e-16], "obb": {"axesLengths": [1.084081829342511, 1.474510994378231, 0.5368074790860218], "centroid": [-0.34297424079277383, -4.549804303046637, -0.5661345518701266], "normalizedAxes": [0.999474048614502, -0.0324283242225647, -7.200534440380201e-18, 0, -2.220446049250313e-16, 1, -0.0324283242225647, -0.999474048614502, -2.2192782025742862e-16]}, "segments": [6209, 7627, 50816, 50642, 50639, 52213, 81930, 81921, 14443, 17070, 20043, 20301, 20326, 22784, 22787, 23716, 23732, 23733, 23744, 23755, 23768, 23771, 23796, 23800, 23810, 51550, 51557, 51990, 52886, 52890, 74593, 74658, 74659, 74662, 82066, 51985, 74015, 20052, 20072, 20771, 20792, 23859, 42679, 42697, 73996, 79453, 20027, 20821, 51703, 6162, 51813, 51747, 13556, 13524, 51671, 9524], "label": "cabinet"}, {"objectId": 400, "id": 400, "partId": 400, "index": 41, "dominantNormal": [0, -2.220446049250313e-16, 1], "obb": {"axesLengths": [9.394241688947524, 1.9048000148355941, 4.873617115731902], "centroid": [-2.6982929432236773, -1.3746868906683907, 2.0741799681242545], "normalizedAxes": [-0.10761801898479462, 0.9941923022270203, 2.2075503696750604e-16, 0, -2.220446049250313e-16, 1, 0.9941923022270203, 0.10761801898479462, 2.389600050829324e-17]}, "segments": [28514, 31758, 75877, 28806, 29791, 32126, 75907, 29883, 39186, 39199, 78672, 78756, 5641, 4683, 39571, 78776, 4387, 4417, 4450, 32338, 75692, 28755, 29134, 32171, 32208, 37286, 37303, 37325, 76353, 77482, 77487, 77490, 4575, 73795, 71566, 7529, 3722, 3661, 3667, 4869, 5013, 71293, 19236, 18572, 18576, 19171, 19172, 19212, 19216, 21834, 21869, 73645, 73899, 7809, 3883, 7273, 73818, 9871, 9857, 72266, 8504, 73839, 8364, 20546, 39428, 39699, 73993, 8775, 8856, 8148, 8235, 8623, 19920, 39694, 71191, 3213, 11360, 9346, 8919, 9684, 71793, 9741, 9744, 39296, 35381, 2581, 2586, 2639, 3237, 27549, 71166, 75215, 75218, 75228, 75234, 76639, 78679, 78682, 78684, 78650, 2488, 38851, 38865, 38875, 17781, 424, 443, 955, 74214, 74540, 11315, 8887, 17520, 25487, 25492, 6615, 6633, 7228, 10200, 29438, 29458, 32108, 32109, 71410, 73681, 91, 149, 31757, 1059, 170, 211, 230, 270, 2095, 7333, 7359, 7382, 7390, 8129, 8164, 8241, 8243, 8274, 8653, 23503, 70957, 72046, 72139, 1363, 2271, 30344, 1665, 2107, 638, 678, 782, 882, 1391, 1444, 1489, 1575, 1614, 1959, 2016, 23548, 23592, 48896, 48904, 71017, 71115, 454, 593, 320, 346, 398, 740, 829, 1064, 1073, 1076, 1099, 1537, 1542, 1544, 1597, 1621, 1654, 1692, 1700, 1707, 1712, 1737, 22620, 22621, 23464, 23531, 23561, 23563, 40969, 45690, 71029, 71035, 71039, 71053, 71061, 71080, 71082, 71084, 71087, 74335, 81018, 37568, 55143, 57665, 57242, 57283, 83496, 9671, 33431, 26844, 56347, 56509, 25244, 6492, 7560, 25045, 71901, 71903, 71982, 71992, 72540, 74901, 8499, 6461, 56298, 56832, 5565, 5550, 57610, 4733, 39732], "label": "ceiling"}, {"objectId": 33, "id": 33, "partId": 33, "index": 42, "dominantNormal": [-0.3610621690750122, -0.9325417280197144, -2.0706585957424347e-16], "obb": {"axesLengths": [1.0574873949347634, 0.4739720119393165, 0.2568970489643624], "centroid": [-1.6639117996203985, -4.271654275623136, 0.3669859461958105], "normalizedAxes": [0.9325417280197144, -0.3610621988773346, -8.017191330308084e-17, 0, -2.220446049250313e-16, 1, -0.3610621988773346, -0.9325417280197144, -2.0706585957424347e-16]}, "segments": [17992, 73747, 19335, 17983, 19383, 73078, 19051, 11974, 15477, 22057, 11973, 73709, 17817, 17775, 15397, 24225], "label": "shelf"}, {"objectId": 34, "id": 34, "partId": 34, "index": 43, "dominantNormal": [-0.6056676506996155, -0.795717716217041, -1.7668482592926105e-16], "obb": {"axesLengths": [0.5105121203252654, 0.8701699479631342, 0.4682345860203156], "centroid": [0.15151388139258515, 1.3106773469353863, -0.8799350138970102], "normalizedAxes": [0.795717716217041, -0.6056676506996155, -1.3448523421546798e-16, 0, -2.220446049250313e-16, 1, -0.6056676506996155, -0.795717716217041, -1.7668482592926105e-16]}, "segments": [54590, 72065, 24366, 24369, 26034, 42229, 42253, 42300, 42331, 42618, 42641, 44761, 44830, 44831, 59675, 59872, 60032, 60953, 60962, 61592, 61670, 64987, 65046, 65047, 71014, 71091, 71105, 71112, 71994, 82734, 24441, 61821, 82778, 24371, 24381, 82784, 62089, 67715, 73117, 73161, 65954, 66282, 67716], "label": "stand"}, {"objectId": 35, "id": 35, "partId": 35, "index": 44, "dominantNormal": [0.4085372984409332, 0.9127416014671326, 2.0266934829640983e-16], "obb": {"axesLengths": [0.4240596663579971, 1.7822289664545132, 0.5606662318825631], "centroid": [0.7415665932137694, 1.0498713866494436, -0.40927554491820617], "normalizedAxes": [0.4085372984409332, 0.9127416014671326, 2.0266934829640983e-16, 0, -2.220446049250313e-16, 1, 0.9127416014671326, -0.4085372984409332, -9.071350302945663e-17]}, "segments": [1107, 82699, 1109, 1152, 24989, 48705, 54764, 48829, 23269, 23871, 41739, 41742, 41959, 41969, 49202, 49213, 49291, 79304, 79309, 79336, 21960, 41683, 49401, 42012, 41712, 49525, 54565, 82739, 64974, 54571], "label": "cabinet"}, {"objectId": 36, "id": 36, "partId": 36, "index": 45, "dominantNormal": [-0.37831899523735046, -0.9256752729415894, -2.0554120026918573e-16], "obb": {"axesLengths": [0.818155105324458, 0.7453109753434883, 0.2828224051958314], "centroid": [-1.5898936342498096, 1.1309302351715864, 0.005181454060564805], "normalizedAxes": [0.9256752729415894, -0.37831902503967285, -8.400369845055719e-17, 0, -2.220446049250313e-16, 1, -0.37831902503967285, -0.9256752729415894, -2.0554120026918573e-16]}, "segments": [4031, 5039, 51236, 51159, 51068, 51085, 51229, 51290, 51321, 81582, 81611, 15727, 77612, 15732, 15697, 73108, 77633, 77575, 6059, 77604, 15667, 79416, 15701], "label": "lamp"}, {"objectId": 39, "id": 39, "partId": 39, "index": 46, "dominantNormal": [0.8514146208763123, 0.5244932174682617, 1.164608892585987e-16], "obb": {"axesLengths": [0.4343978894244411, 0.7296809987050068, 0.31303678120513345], "centroid": [0.24174187583637474, -1.1269857492761546, -0.9322895124244811], "normalizedAxes": [-0.5244932174682617, 0.8514146208763123, 1.8905202311987607e-16, 0, -2.220446049250313e-16, 1, 0.8514146208763123, 0.5244932174682617, 1.164608892585987e-16]}, "segments": [83181, 55434, 56178, 55459, 55318, 55396, 34940, 55194, 55216, 55218, 55253, 55259, 55322, 55331, 55345, 55353, 55416, 55436, 55592, 55596, 56166, 56228, 71157, 72980, 82811, 82828, 82832, 82835, 82907, 82910, 82950, 82972, 83003, 83205, 83208, 32829, 21169, 55929, 21151, 23038, 55865, 55889, 55892, 55944, 55957, 55959, 55986, 55996, 55997, 56007, 56012, 56022, 56034, 56070, 83014, 83023, 83038, 83097, 83154, 83155, 83158, 23451, 82942], "label": "cart"}, {"objectId": 41, "id": 41, "partId": 41, "index": 47, "dominantNormal": [0, -2.220446049250313e-16, 1], "obb": {"axesLengths": [0.22175997137070197, 0.1730049809886891, 0.2246737390265098], "centroid": [0.09906888147411674, -1.7636829179410856, -0.7799925554747321], "normaliz