{"segGroups": [{"objectId": 4, "id": 4, "partId": 4, "index": 0, "dominantNormal": [0.9838832020759583, 0.1788121908903122, 3.9704282282018654e-17], "obb": {"axesLengths": [0.5939003553599094, 0.5510129805427866, 0.4592480829341976], "centroid": [0.0187620498020169, 0.5109772267362838, -0.7817035273081779], "normalizedAxes": [-0.1788122057914734, 0.9838832020759583, 2.184659568973309e-16, 0, -2.220446049250313e-16, 1, 0.9838832020759583, 0.1788122057914734, 3.9704285590741104e-17]}, "segments": [4045, 4454, 5672, 4413, 4535, 5643, 5645, 5806, 4991, 4625, 5022, 3567, 5040, 1857], "label": "chair"}, {"objectId": 5, "id": 5, "partId": 5, "index": 1, "dominantNormal": [0.9256591200828552, 0.37835848331451416, 8.401245994760535e-17], "obb": {"axesLengths": [0.18614023333494367, 0.2556479516108047, 0.1817529758109323], "centroid": [-0.0009762286507244977, 0.4213186421094449, -0.762176062639594], "normalizedAxes": [-0.37835848331451416, 0.9256591200828552, 2.055376136140497e-16, 0, -2.220446049250313e-16, 1, 0.9256591200828552, 0.37835848331451416, 8.401245994760535e-17]}, "segments": [4684, 4648, 4656, 5611], "label": "box"}, {"objectId": 7, "id": 7, "partId": 7, "index": 2, "dominantNormal": [0.9446872472763062, 0.32797250151634216, 7.282452452547043e-17], "obb": {"axesLengths": [0.31216095537838473, 0.3821960006163416, 0.06980018979511042], "centroid": [-1.1596677338872916, 0.1890429725272479, -1.0980620567188708], "normalizedAxes": [-0.32797250151634216, 0.9446872472763062, 2.0976270659918276e-16, 0, -2.220446049250313e-16, 1, 0.9446872472763062, 0.32797250151634216, 7.282452452547043e-17]}, "segments": [18], "label": "wall"}, {"objectId": 8, "id": 8, "partId": 8, "index": 3, "dominantNormal": [0.2912110686302185, -0.9566588401794434, -2.1242093421568317e-16], "obb": {"axesLengths": [1.2922772880592301, 0.2200000087916848, 0.15480970533691163], "centroid": [0.7050953476395918, 0.9383764409756297, -0.32000006578862705], "normalizedAxes": [0.9566588401794434, 0.2912110686302185, 6.466184668379305e-17, 0, -2.220446049250313e-16, 1, 0.2912110686302185, -0.9566588401794434, -2.1242093421568317e-16]}, "segments": [3693, 3441, 3414, 3436, 5484, 1549, 1544, 1778, 1569, 4938, 4941, 3486], "label": "blinds"}, {"objectId": 6, "id": 6, "partId": 6, "index": 5, "dominantNormal": [0.27035313844680786, -0.9627612233161926, -2.1377593546838383e-16], "obb": {"axesLengths": [0.3851044853449073, 0.46620695741012036, 0.2410034187969702], "centroid": [0.3715798681402347, 0.8043738708609229, -1.0629565310562445], "normalizedAxes": [0.9627612233161926, 0.27035313844680786, 6.003045581666374e-17, 0, -2.220446049250313e-16, 1, 0.27035313844680786, -0.9627612233161926, -2.1377593546838383e-16]}, "segments": [360, 1492, 4159, 324, 1350, 1409, 1445, 1740, 1751, 3940, 3989, 4182, 4689, 4890, 4937, 1516, 1290], "label": "trash can"}, {"objectId": 1, "id": 1, "partId": 1, "index": 6, "dominantNormal": [0, -2.220446049250313e-16, 1], "obb": {"axesLengths": [3.5528369554497776, 0.10000002160668334, 1.108839596353416], "centroid": [0.6344768762998778, 0.4026458030345271, -1.2800000750273461], "normalizedAxes": [0.9476195573806763, 0.31940123438835144, 7.092132090232882e-17, 0, -2.220446049250313e-16, 1, 0.31940123438835144, -0.9476195573806763, -2.104138102378253e-16]}, "segments": [1923, 1094, 150, 2211], "label": "floor"}, {"objectId": 2, "id": 2, "partId": 2, "index": 7, "dominantNormal": [0.31092947721481323, -0.9504329562187195, -2.1103851027131515e-16], "obb": {"axesLengths": [3.7342780793127717, 1.0190300415673095, 0.15623511385005537], "centroid": [0.4563389850287406, 0.8946366231544856, -0.7995150786001604], "normalizedAxes": [0.9504329562187195, 0.31092947721481323, 6.904021292770973e-17, 0, -2.220446049250313e-16, 1, 0.31092947721481323, -0.9504329562187195, -2.1103851027131515e-16]}, "segments": [3566, 2893, 3278, 2816, 2675, 5206, 1998, 4554, 4756, 781, 4798, 719, 864, 861, 215, 2772], "label": "wall"}, {"objectId": 3, "id": 3, "partId": 3, "index": 8, "dominantNormal": [0.9574546217918396, 0.2885839641094208, 6.407851229837575e-17], "obb": {"axesLengths": [0.6025896840235925, 0.5293819786001296, 0.4571687210469435], "centroid": [0.8623131250494476, 0.7711206646808525, -0.7653090317105733], "normalizedAxes": [-0.2885839641094208, 0.9574545621871948, 2.125976199945245e-16, 0, -2.220446049250313e-16, 1, 0.9574545621871948, 0.2885839641094208, 6.407851229837575e-17]}, "segments": [1243, 5683, 3023, 4105, 4139, 4356, 3060, 1186, 4957, 1054, 4864, 2865, 5757, 3497, 2760, 2707, 5694, 5701], "label": "chair"}], "scan_id": "09582225-e2c2-2de1-9564-f6681ef5e511", "annId": "3892", "appId": "stk.v1"}