{"segGroups": [{"objectId": 2, "id": 2, "partId": 2, "index": 0, "dominantNormal": [0, -2.220446049250313e-16, 1], "obb": {"axesLengths": [7.571022753827858, 0.3600000062584882, 3.6385091734231194], "centroid": [-1.3102200249050446, 0.06022853569023422, -1.510000005091133], "normalizedAxes": [0.6122390031814575, 0.790672779083252, 1.7556462485651724e-16, 0, -2.220446049250313e-16, 1, 0.790672779083252, -0.6122390031814575, -1.3594436758112172e-16]}, "segments": [47667, 9629, 9636, 12810, 12813, 12817, 13031, 13037, 19016, 19032, 19301, 21547, 21626, 21644, 21651, 21696, 22215, 22523, 25005, 26550, 31741, 33963, 34926, 37388, 40536, 40546, 40548, 40552, 40872, 41588, 41617, 42002, 44865, 52413, 52882, 53117, 59028, 59704, 59714, 60371, 60377, 60385, 65385, 65513, 71157, 16847, 16855, 35217, 35532, 2639, 9664, 9762, 10989, 12089, 12095, 12099, 12486, 12828, 12954, 15667, 16777, 17112, 17827, 24179, 24212, 26143, 26167, 26196, 28225, 32373, 32437, 34133, 36207, 42509, 43679, 57828, 59025, 61337, 24258, 28190, 28285, 29408, 34598, 36044, 36087, 36797, 36881, 36889, 38081, 55138, 11316, 34683, 11046, 11067, 11095, 12830, 12844, 12999, 13030, 15035, 15654, 17830, 17835, 19047, 19060, 22816, 28333, 28334, 33885, 34082, 36758, 44880, 59766, 59771, 60120, 70238, 13155, 14721, 14777, 7275, 13057], "label": "floor"}, {"objectId": 3, "id": 3, "partId": 3, "index": 1, "dominantNormal": [0, -2.220446049250313e-16, 1], "obb": {"axesLengths": [2.056149045871692, 0.908999959178269, 1.0690774012127808], "centroid": [-3.184844379599685, -0.6568792580496415, -1.0444999289499268], "normalizedAxes": [0.6337767243385315, 0.773516058921814, 1.7175506770646142e-16, 0, -2.220446049250313e-16, 1, 0.773516058921814, -0.6337767243385315, -1.407267023664297e-16]}, "segments": [10988, 56284, 5338, 7091, 56234, 56603, 5146, 5151, 5173, 13246, 14854, 13171, 13175, 37928, 56362, 57088, 58365, 66044, 66049, 66053, 3604, 4265, 7259, 9250, 9254, 57044, 57095, 3622, 7361, 7483, 56123, 56797, 57023, 57085, 3007, 3671, 7425, 7824, 9552, 56337, 56668, 56706, 56744, 58420, 59228, 59123, 293, 5281, 7142, 14013, 14025, 14028, 14039, 14884, 15103, 15127, 15138, 15152, 15194, 15221, 15524, 16295, 16343, 16359, 16383, 30838, 30987, 56276, 56358, 58437, 58441, 58676, 58787, 58894, 58896, 16316, 59156, 15162, 9757, 14899, 14919, 15165, 15232, 15240, 15255, 15272, 15283, 15287, 15551, 15997, 16001, 16391, 16411, 16705, 16709, 16716, 16738, 16749, 17035, 17052, 17054, 17058, 17065, 17070, 17075, 17081, 18234, 18258, 18293, 18306, 26404, 35262, 35277, 43710, 44295, 44297, 44304, 45910, 55129, 55263, 58613, 58614, 58618, 58620, 58698, 58728, 58757, 58834, 59015, 59274, 59277, 59280, 59285, 59304, 59702, 15954, 15522, 9723, 9750, 9751, 9752, 9700, 7397, 7432, 7938, 43735, 45846, 55128, 4779, 8458, 5420, 47306, 35092, 45921, 44834, 9648, 9669, 9770, 9808, 55132, 16756, 59020, 18367, 66775, 44816, 44831], "label": "sofa"}, {"objectId": 4, "id": 4, "partId": 4, "index": 2, "dominantNormal": [0.8165323734283447, -0.5772996544837952, -1.2818627370321138e-16], "obb": {"axesLengths": [2.691449082153104, 2.6359199888426055, 0.4465851301989608], "centroid": [-3.5815491062066727, -0.2459892280619877, -0.18796001322150513], "normalizedAxes": [0.5772996544837952, 0.8165323734283447, 1.8130660826639494e-16, 0, -2.220446049250313e-16, 1, 0.8165323734283447, -0.5772996544837952, -1.2818627370321138e-16]}, "segments": [31823, 69055, 26780, 34682, 35630, 37575, 64371, 28845, 8260, 25498, 27617, 34852, 61641, 33513, 8157, 48334, 25467, 27401, 27453, 27488, 27497, 27549, 28900, 33295, 33323, 33358, 48159, 48231, 48286, 48293, 48305, 63164, 63166, 68495, 68893, 69105, 68570, 6287, 6683, 7760, 7801, 7960, 8290, 25606, 44165, 27432, 68839, 8270, 6332, 7893, 8175, 8340, 25465, 28756, 28866, 33418, 33455, 48165, 48258, 48303, 56406, 56820, 56858, 56880, 56914, 63183, 63254, 68500, 68523, 68716, 6082, 7300, 7306, 7308, 7310, 7326, 7472, 10880, 10921, 10936, 10965, 10972, 56386, 56636, 68769, 25553, 63273, 6035, 6211, 6476, 8202, 8228, 8240, 25704, 27600, 27646, 28692, 28712, 28714, 33302, 33317, 33529, 56919, 61828, 61836, 63243, 63246, 63261, 63339, 63408, 63410, 68430, 68469, 8219, 64157, 2565, 3691, 4036, 6031, 6117, 6161, 6542, 6591, 6639, 7806, 8374, 9588, 9881, 26766, 34878, 37238, 37916, 38464, 54937, 56411, 56419, 57195, 57393, 63064, 63270, 26804, 35637, 2354, 4028, 6037, 6044, 6138, 6179, 6438, 28751, 55682, 69286, 52038, 72069, 51846, 86, 87, 2758, 2804, 2899, 3897, 3940, 3980, 4046, 4148, 4153, 4173, 4217, 4249, 4287, 4295, 4326, 7871, 23091, 37298, 37436, 39041, 39343, 41578, 42440, 51385, 51412, 51429, 51996, 52019, 52028, 52039, 52658, 55890, 55922, 55926, 55929, 55932, 63141, 63168, 64124, 64197, 64312, 64354, 71956, 71965, 71989, 72018, 72154, 51844, 3890, 72127, 73404, 2973, 3066, 4410, 4499, 4506, 4558, 5979, 6939, 22768, 23058, 43325, 43748, 43868, 44412, 44438, 52091, 55753, 55768, 55963, 55966, 55970, 56003, 56007, 56013, 56015, 56017, 56815, 64678, 65124, 65314, 66707, 66715, 66792, 43609, 25096, 46788, 3064, 55934, 56083, 44666, 72161, 45195, 2970, 3047, 3056, 3145, 5709, 7685, 7979, 8395, 44445, 45079, 45082, 45171, 47783, 47874, 61319, 66793, 67221, 67232, 67236, 67239, 72207, 72213, 72559, 47649, 47642, 68095, 8321, 9547, 23908, 24528, 45004, 45096, 45108, 45811, 46578, 47208, 47241, 47654, 47784, 47800, 47877, 55174, 61332, 68195, 68165, 68205, 25074, 45510, 46546, 47634, 47695, 47774, 47782, 47888, 47896, 57161, 63825, 65600, 68119, 68189, 68191, 68211, 68213, 68292, 68345, 66862, 53055, 40398, 45132, 47192, 47898, 48158, 51318, 66778, 67958, 68245, 3809, 55287, 68277, 19070, 52809, 64368, 45645, 10235, 10863, 10840, 63219, 25252, 47296, 26202, 14194, 71799, 7585, 10952, 63112, 37293, 48746, 48654], "label": "curtain"}, {"objectId": 5, "id": 5, "partId": 5, "index": 3, "dominantNormal": [-0.49501773715019226, -0.8688828349113464, -1.9293074580403112e-16], "obb": {"axesLengths": [1.16460385567782, 2.0403029462627402, 0.43462962720471715], "centroid": [-4.472175854638847, -2.1728120971522387, -0.4797384519435841], "normalizedAxes": [0.8688828349113464, -0.49501776695251465, -1.0991602449384233e-16, 0, -2.220446049250313e-16, 1, -0.49501776695251465, -0.8688828349113464, -1.9293074580403112e-16]}, "segments": [57634, 16828, 16907, 1026, 1022, 1102, 1111, 1129, 1181, 1187, 1207, 1232, 1622, 1654, 1673, 1683, 1684, 1716, 1769, 1772, 1780, 1783, 1847, 2385, 2499, 4928, 18064, 19814, 40853, 55384, 55385, 55390, 55394, 55443, 64673, 35295, 15157, 2051, 17021, 17175, 17249, 357, 1296, 1303, 1770, 2038, 2210, 2931, 5740, 5875, 16690, 16753, 17150, 17169, 17193, 18091, 18456, 20878, 20894, 20966, 20975, 30134, 36809, 38938, 39290, 48913, 48921, 49944, 49994, 50498, 57163, 57800, 58364, 58583, 58592, 58611, 58668, 58891, 58949, 58953, 64020, 64675, 65379, 65827, 65847, 67040, 15132, 332, 49132, 6321, 1323, 2777, 2942, 4443, 4519, 4545, 5152, 5357, 6468, 6640, 16978, 17118, 17242, 17243, 17270, 18490, 18529, 18537, 18582, 18593, 18764, 19371, 19432, 19507, 19631, 20941, 34712, 36042, 38004, 38256, 40300, 48835, 57881, 58063, 58065, 58478, 58492, 58518, 58686, 58721, 58921, 63633, 63861, 67217, 5170, 5272, 2844, 5011, 5265, 6563, 41041], "label": "showcase"}, {"objectId": 6, "id": 6, "partId": 6, "index": 4, "dominantNormal": [-0.6482605934143066, -0.7614185810089111, -1.6906888800270162e-16], "obb": {"axesLengths": [1.8027400265153823, 1.9933539779479648, 0.5000812809877629], "centroid": [-3.247308058372811, -2.7106545477084625, -0.4733229955535485], "normalizedAxes": [0.7614185810089111, -0.6482605934143066, -1.4394276735314607e-16, 0, -2.220446049250313e-16, 1, -0.6482605934143066, -0.7614185810089111, -1.6906888800270162e-16]}, "segments": [16038, 31440, 10217, 3423, 7563, 19741, 57414, 21021, 62400, 11219, 3422, 25508, 14965, 23448, 31223, 3164, 3170, 3187, 3200, 3213, 3225, 3256, 3264, 3266, 3277, 3295, 3306, 3313, 3319, 3337, 3392, 3455, 3462, 3515, 3746, 4852, 4875, 4892, 4915, 4976, 4995, 4999, 5065, 5068, 24011, 24166, 25567, 25655, 25656, 25682, 25796, 25854, 25864, 25902, 25977, 25979, 26007, 26015, 26016, 31309, 31324, 31339, 31341, 31352, 31410, 31415, 55770, 55781, 55786, 55787, 55789, 55795, 55806, 55813, 55816, 55822, 55823, 55841, 55850, 56126, 56134, 56216, 59807, 60145, 60147, 60152, 60180, 60209, 60307, 62633, 62638, 62645, 25365, 3381, 4956, 25163, 56174, 56177, 62381, 3487, 3406, 3529, 3243, 17692, 11619, 11319, 11778, 12137, 12157, 12267, 56947, 57008, 58069, 10489, 10466, 10520, 10545, 10604, 10743, 11801, 12239, 10579, 58127, 11646, 10128, 11367, 11447, 11525, 20668, 21611, 20581, 27032, 10516, 11613, 13084, 15854, 17494, 17499, 17522, 17524, 17526, 17589, 17619, 17657, 17675, 17705, 20470, 20551, 20622, 21363, 21561, 21646, 21738, 21863, 22332, 22389, 22610, 22754, 23950, 24029, 56826, 57157, 58090, 58185, 58254, 58262, 59076, 59390, 59409, 59569, 59796, 59908, 61158, 10414, 10451, 21712, 56753, 21207, 9663, 24517, 56368, 23825, 24199, 61206, 61220, 61190, 3408, 3567, 9910, 9912, 21949, 23589, 24757, 24835, 25751, 53400, 53418, 53871, 55077, 56498, 60095, 60215, 53829, 55], "label": "fireplace"}, {"objectId": 9, "id": 9, "partId": 9, "index": 5, "dominantNormal": [-0.577552318572998, -0.8163536787033081, -1.81266930066772e-16], "obb": {"axesLengths": [2.982389499361725, 2.779999909251929, 0.1614982391614527], "centroid": [-3.8705942940970646, -2.877162779249836, -0.08000002990156663], "normalizedAxes": [0.8163536787033081, -0.577552318572998, -1.2824237640107717e-16, 0, -2.220446049250313e-16, 1, -0.577552318572998, -0.8163536787033081, -1.81266930066772e-16]}, "segments": [65572, 12740, 34629, 65596, 65597, 9053, 9089, 9305, 25440, 7741, 33200, 12590, 13734], "label": "wall"}, {"objectId": 10, "id": 10, "partId": 10, "index": 6, "dominantNormal": [0.8068575263023376, -0.5907461047172546, -1.3117198543294398e-16], "obb": {"axesLengths": [5.741021873510402, 2.779999909251929, 0.24583497799434134], "centroid": [-3.349532409209221, 0.3191710914655746, -0.10000001038104633], "normalizedAxes": [0.5907461047172546, 0.8068575263023376, 1.7915836065859062e-16, 0, -2.220446049250313e-16, 1, 0.8068575263023376, -0.5907461047172546, -1.3117198543294398e-16]}, "segments": [761, 12154, 48685, 41332, 358, 527, 641, 659, 950, 2264, 3509, 16439, 16443, 18505, 29647, 40092, 51007, 41812, 3720, 25087, 49956, 49951, 1449, 53213], "label": "wall"}, {"objectId": 12, "id": 12, "partId": 12, "index": 7, "dominantNormal": [0.8131357431411743, -0.5820741057395935, -1.2924641484603894e-16], "obb": {"axesLengths": [1.8510562399586004, 2.062749995378777, 0.4181957890561602], "centroid": [-2.0330147251207746, 1.815409912160459, -0.4613750063568003], "normalizedAxes": [0.5820741057395935, 0.8131357431411743, 1.8055240483620379e-16, 0, -2.220446049250313e-16, 1, 0.8131357431411743, -0.5820741057395935, -1.2924641484603894e-16]}, "segments": [67874, 42724, 15808, 19584, 20213, 39708, 39753, 65141, 65961, 66005, 66007, 66033, 46126, 16048, 15334, 15367, 15369, 15393, 15400, 15413, 15435, 15856, 16888, 16934, 16938, 16945, 17151, 17190, 17209, 17212, 17233, 17251, 17285, 17313, 17315, 17350, 17353, 17390, 17403, 17422, 17423, 17448, 17452, 17464, 17497, 17510, 17552, 17562, 17601, 17643, 17645, 17687, 17700, 18507, 18577, 18581, 18649, 18752, 18859, 19405, 19531, 19773, 19792, 20117, 20191, 20429, 20435, 20459, 20472, 20502, 20607, 20688, 21357, 21802, 21811, 21829, 21841, 21923, 21943, 21952, 21985, 22257, 29357, 30146, 30176, 30189, 30593, 30621, 30664, 30671, 30810, 38881, 39749, 42700, 42776, 42841, 42864, 42866, 43806, 45452, 45602, 46312, 46318, 46345, 46722, 46777, 46782, 46860, 47046, 47060, 47508, 53530, 53635, 58740, 58780, 58784, 58973, 59037, 59063, 59399, 59433, 59446, 59453, 59472, 59650, 59656, 59664, 59666, 59669, 59672, 59675, 59678, 59682, 59692, 59694, 59824, 59833, 59854, 59901, 59923, 59950, 59966, 59978, 60390, 60413, 60416, 60419, 60511, 60518, 60563, 60604, 60674, 65917, 65959, 65984, 66021, 66042, 66280, 66284, 66921, 66995, 67594, 67708, 67711, 67952, 68415, 73252, 53709, 39677, 54584, 243, 257, 270, 278, 12438, 14110, 14134, 14423, 14427, 14467, 14479, 14486, 14497, 14498, 14542, 14581, 14589, 14609, 14616, 14646, 14652, 14666, 14698, 14709, 14987, 16461, 16554, 16578, 16615, 16683, 17704, 17709, 17722, 17755, 17757, 17767, 18013, 18052, 18088, 18102, 18131, 18137, 18180, 18202, 18207, 18382, 18384, 18614, 18627, 18769, 18782, 18795, 18833, 18875, 20933, 21294, 21297, 21302, 21321, 21345, 21410, 23100, 23372, 23397, 23411, 23426, 23453, 23459, 23489, 23514, 23521, 23530, 23537, 23542, 23614, 23729, 23733, 23758, 23761, 23792, 27750, 32583, 32678, 32681, 32689, 32756, 32773, 42888, 43633, 43805, 43816, 43821, 44008, 44029, 44057, 44061, 44081, 44116, 44257, 44531, 44551, 44601, 44699, 44713, 44738, 44764, 44772, 45284, 45286, 45366, 45406, 45414, 45542, 45595, 45638, 46196, 46234, 46241, 46297, 46334, 46350, 46369, 51090, 51169, 51176, 51315, 51363, 51406, 51446, 51484, 51491, 51503, 51521, 51529, 51563, 51583, 51596, 51600, 51670, 51701, 51712, 51723, 51790, 51822, 51827, 51858, 51895, 51913, 52145, 52549, 52556, 52560, 52563, 52569, 52927, 52939, 53478, 53514, 53568, 53661, 54311, 54313, 54326, 54367, 54446, 54541, 54600, 54720, 54745, 54759, 55023, 55041, 58599, 59007, 59011, 59322, 59479, 59482, 59483, 59564, 59568, 59648, 59680, 59685, 59686, 59700, 60203, 60244, 60271, 60928, 61203, 61237, 61266, 61285, 61302, 61309, 61312, 61317, 62825, 62834, 62837, 62853, 62861, 62907, 63000, 63007, 65866, 66331, 66360, 66405, 66523, 66563, 66750, 66755, 67051, 67263, 67268, 67271, 67298, 67355, 67403, 67649, 68504, 69209, 69212, 69213, 69224, 69369, 69401, 69465, 69479, 69494, 69559, 69568, 69570, 69632, 69665, 69707, 69795, 71907, 72324, 72387, 72402, 72405, 72456, 73269, 73272, 73275, 73278, 73347, 73445, 54465, 16254, 22025, 22316, 53452, 62130, 45832, 23092, 54575, 14838, 45721, 12536, 12552, 12559, 20924, 20947, 21008, 21024, 21029, 21045, 21046, 21047, 21050, 21112, 21477, 21480, 21524, 21555, 22043, 22072, 22083, 22117, 23141, 24960, 24980, 27794, 27796, 60029, 60032, 60040, 60043, 60650, 60685, 61653, 67777, 23808, 14242, 12497, 12565, 12567, 12632, 17793, 17808, 17810, 17815, 21018, 21180, 23640, 40032, 52716, 22328, 22367, 22371, 20721, 29317, 17817, 18989, 18992, 19002, 19004, 20702, 20755, 21103, 21665, 22067, 22096, 22145, 22192, 22554, 22597, 60102, 60697, 60698, 60702], "label": "bookshelf"}, {"objectId": 13, "id": 13, "partId": 13, "index": 8, "dominantNormal": [0, -2.220446049250313e-16, 1], "obb": {"axesLengths": [1.296241757542355, 1.0042910053366938, 1.0142040340309197], "centroid": [-0.5809890641320661, 1.0512662107446122, -0.9678544818591843], "normalizedAxes": [0.8688734173774719, 0.4950343370437622, 1.0991970379320697e-16, 0, -2.220446049250313e-16, 1, 0.4950343370437622, -0.8688734173774719, -1.9292865469144259e-16]}, "segments": [34564, 5797, 25956, 65807, 38102, 5947, 63761, 65775, 36332, 5887, 5974, 24514, 24521, 24522, 32262, 34497, 38122, 38193, 38211, 64467, 63801, 38159, 64483, 36404, 31989, 63032, 24544, 24548, 26400, 26401, 26419, 26458, 26547, 28412, 31624, 32066, 36360, 40733, 40739, 40774, 40811, 46469, 61417, 61420, 63104, 65393, 5689, 5759, 5882, 33847, 33851, 33862, 33879, 63475, 65400, 24557], "label": "armchair"}, {"objectId": 14, "id": 14, "partId": 14, "index": 9, "dominantNormal": [0, -2.220446049250313e-16, 1], "obb": {"axesLengths": [0.6661766315062123, 0.49130605553151546, 0.5737857822681136], "centroid": [-2.5235518674511654, -1.6505757817968962, -1.217516979878913], "normalizedAxes": [0.6962264776229858, 0.7178221940994263, 1.5938854549522625e-16, 0, -2.220446049250313e-16, 1, 0.7178221940994263, -0.6962264776229858, -1.5459333316214204e-16]}, "segments": [10216, 10209, 66212, 66075, 43383, 66109, 10258, 16195, 43425, 43447, 10259, 10313, 66123, 23011, 60842, 9390, 10304, 11295, 13281, 22839, 22846, 22900, 22944, 22950, 23040, 43488, 57275, 57467, 58021, 60728, 22873, 16232, 60708, 23021, 11265], "label": "coffee table"}, {"objectId": 15, "id": 15, "partId": 15, "index": 10, "dominantNormal": [0, -2.220446049250313e-16, 1], "obb": {"axesLengths": [0.6027845988214084, 0.4259099865128846, 0.4525756642392783], "centroid": [-0.6029565604015725, 0.41475318628663294, -1.2601849638876725], "normalizedAxes": [0.8523697257041931, -0.5229396820068359, -1.161159350908294e-16, 0, -2.220446049250313e-16, 1, -0.5229396820068359, -0.8523697257041931, -1.8926409899404486e-16]}, "segments": [37086, 41922, 27960, 27981, 37242, 37272, 62690, 63816, 24598, 27902, 28409, 24678, 24694, 28001], "label": "ottoman"}, {"objectId": 16, "id": 16, "partId": 16, "index": 11, "dominantNormal": [0, -2.220446049250313e-16, 1], "obb": {"axesLengths": [1.5570857264607938, 0.6799999919533728, 0.8562617036762082], "centroid": [-1.0172905774452943, -2.126995572378385, -1.1499999690303238], "normalizedAxes": [0.7259657979011536, 0.6877307891845703, 1.527069113792679e-16, 0, -2.220446049250313e-16, 1, 0.6877307891845703, -0.7259657979011536, -1.6119678878404677e-16]}, "segments": [35464, 31765, 61605, 63722, 31489, 30228, 30661, 31198, 61581, 61611, 62070, 29856, 31106, 63726, 63729, 62329, 29887, 31136, 32329, 32341, 33757, 34750, 34752, 34780, 34783, 34784, 34797, 34843, 34870, 34871, 36011, 36536, 62167, 62170, 62266, 62268, 62304, 62377, 62810, 62867, 62869, 62923, 32190, 36442, 34534, 34556, 34709, 34825, 36732, 62162, 62812, 36048, 29191, 36462, 32333, 32364, 34446, 34721, 36118, 36159, 36741], "label": "sofa"}, {"objectId": 17, "id": 17, "partId": 17, "index": 12, "dominantNormal": [0, -2.220446049250313e-16, 1], "obb": {"axesLengths": [0.8031783464179659, 0.4106220511208014, 0.43263246697569857], "centroid": [-2.2798997708856596, 0.5081188488936643, -0.9606189698834975], "normalizedAxes": [0.8572598099708557, -0.5148841142654419, -1.1432723973424472e-16, 0, -2.220446049250313e-16, 1, -0.5148841142654419, -0.8572598099708557, -1.9034991582308607e-16]}, "segments": [10501, 10387, 9476, 10457, 11176, 11180, 11183, 11190, 11237, 13410, 13527, 13623, 57350, 57444, 57448, 57453, 57455, 58077, 61025, 61113, 10073, 10081, 13415, 13438, 13516, 58232, 11244, 23305, 58239, 11236, 57457, 58158, 10383, 9094, 9109, 9526, 11133, 11213, 13377, 13442, 13502, 13580, 13585, 13649, 58070, 58122, 58182, 61115, 13418, 13556, 23233, 60992, 61021, 61029, 23196, 61148, 10117, 10120, 13611, 13674, 13707, 13712, 13720, 13721, 14788, 23344, 23351, 57248, 57250, 58197, 58202, 61155, 13654, 14796, 58316, 10091, 10136, 10150, 10156, 10161, 10165, 10167, 10171, 13665, 23356, 57258], "label": "chair"}, {"objectId": 18, "id": 18, "partId": 18, "index": 13, "dominantNormal": [0.8372174501419067, -0.5468701720237732, -1.2142957129230263e-16], "obb": {"axesLengths": [0.30256780543879763, 0.6799999602884057, 0.181212437812745], "centroid": [-2.9169433050541262, 0.8332909393831723, -0.3099999702596703], "normalizedAxes": [0.5468701124191284, 0.8372174501419067, 1.8589961795310178e-16, 0, -2.220446049250313e-16, 1, 0.8372174501419067, -0.5468701124191284, -1.2142955805741283e-16]}, "segments": [26612, 27065, 8041, 61543, 35318, 8003, 38502, 38498], "label": "shelf"}, {"objectId": 19, "id": 19, "partId": 19, "index": 14, "dominantNormal": [0.8006036877632141, -0.5991942286491394, -1.3304784577375704e-16], "obb": {"axesLengths": [1.8757977546226468, 2.011958017678006, 0.4144439997172277], "centroid": [0.5974880644292777, 2.151217060598192, -0.4723709901884754], "normalizedAxes": [0.5991942286491394, 0.8006036877632141, 1.77769729550906e-16, 0, -2.220446049250313e-16, 1, 0.8006036877632141, -0.5991942286491394, -1.3304784577375704e-16]}, "segments": [35046, 31934, 5579, 37697, 37707, 37708, 64396, 64401, 64406, 25778, 62720, 29184, 63415, 61884, 2687, 25133, 25226, 25267, 25274, 25285, 25288, 25838, 25912, 26872, 26904, 26949, 26965, 26974, 26994, 27000, 27357, 27380, 28452, 28477, 28510, 28516, 28566, 28573, 28583, 28598, 28604, 28621, 28958, 28994, 29031, 29068, 29079, 29087, 29122, 29154, 29155, 31887, 33599, 33614, 33663, 33666, 33717, 33719, 33724, 33725, 33735, 33737, 33747, 33760, 35017, 35063, 35727, 35735, 35744, 37739, 37756, 37809, 38595, 38623, 38646, 38686, 38728, 44367, 44400, 44403, 48429, 61510, 61518, 61520, 61564, 61567, 61569, 61575, 61726, 61734, 61753, 61755, 61782, 61785, 61791, 61795, 61851, 61853, 61855, 61891, 61894, 61959, 61963, 61994, 61999, 62002, 62009, 63144, 63161, 63413, 63468, 63472, 64580, 64613, 64615, 64619, 64660, 68471, 68484, 69488, 19595, 19872, 19932, 20222, 25138, 25180, 25186, 25210, 25212, 25327, 27166, 28936, 29364, 29380, 30339, 30352, 30388, 30395, 30406, 30413, 30467, 30789, 30815, 31883, 33607, 35356, 35358, 35372, 35378, 35382, 35410, 35411, 35417, 35418, 35430, 35438, 35446, 35448, 39017, 39066, 39109, 39137, 39245, 39247, 39277, 39311, 39317, 39319, 39328, 39331, 39338, 39398, 39825, 39846, 40363, 46573, 46629, 46646, 46691, 49153, 50349, 50516, 51070, 61511, 61522, 62085, 62090, 62114, 62125, 62131, 62262, 62289, 64553, 64837, 64874, 64883, 64892, 64913, 64919, 64928, 64935, 64942, 65026, 65040, 65054, 65355, 65377, 70013, 71132, 71167, 19943, 27174, 27196, 35157, 38737, 39413, 40454, 40494, 63146, 29405, 50478, 50210, 11717, 11791, 11798, 11818, 11819, 11861, 11893, 11914, 11950, 12150, 12266, 12358, 12367, 24296, 24340, 24369, 26221, 26256, 26278, 29491, 29494, 29498, 29521, 29524, 29533, 29555, 37654, 38339, 38999, 40386, 49761, 49804, 49806, 50228, 50245, 57522, 57532, 57534, 57565, 57571, 57582, 57591, 57594, 61399, 62029, 62032, 62036, 62037, 62766, 64374, 64375, 64381, 64690, 69145, 69879, 69922, 69924, 69927, 69932, 69935, 69939, 69949, 11539, 11540, 11541, 11477, 11976, 12007, 12023, 34323, 34335, 34360, 34403, 36180, 36202, 63013, 26601, 29506, 49852, 67989, 50321, 26073, 39829, 49777, 50024, 62146, 65521], "label": "bookshelf"}, {"objectId": 20, "id": 20, "partId": 20, "index": 15, "dominantNormal": [-0.595933735370636, -0.8030336499214172, -1.78309289538307e-16], "obb": {"axesLengths": [2.0119475873040913, 2.691219984936266, 0.20367387525959585], "centroid": [-0.8414812366660318, 2.0649346779047812, -0.15560995062061078], "normalizedAxes": [0.8030336499214172, -0.595933735370636, -1.3232387083187102e-16, 0, -2.220446049250313e-16, 1, -0.595933735370636, -0.8030336499214172, -1.78309289538307e-16]}, "segments": [29208, 54244, 71440, 45831, 42209, 42202], "label": "wall"}, {"objectId": 21, "id": 21, "partId": 21, "index": 16, "dominantNormal": [0.7473844289779663, -0.6643918752670288, -1.475246314590681e-16], "obb": {"axesLengths": [1.7504198910874564, 0.6000000700354557, 0.32422873480956316], "centroid": [0.5433750148744045, 2.2891043506912814, 0.8900000068297942], "normalizedAxes": [0.6643918752670288, 0.7473844289779663, 1.6595268025953265e-16, 0, -2.220446049250313e-16, 1, 0.7473844289779663, -0.6643918752670288, -1.475246314590681e-16]}, "segments": [24100, 59812, 64667, 64266, 35306, 33101, 35296, 33100, 33152, 33171, 35317, 41675, 41695, 65605, 65650, 34310, 11345, 11351, 20046, 38762, 49293, 57468, 41693, 33164], "label": "wall"}, {"objectId": 22, "id": 22, "partId": 22, "index": 17, "dominantNormal": [0.5184245705604553, -0.8551233410835266, -1.8987552443306446e-16], "obb": {"axesLengths": [0.30132452565264056, 1.8698589979888713, 0.2257759509222982], "centroid": [-3.711297848604413, -0.12082150531047858, -0.0249294818828405], "normalizedAxes": [0.8551233410835266, 0.5184245705604553, 1.1511337895352532e-16, 0, -2.220446049250313e-16, 1, 0.5184245705604553, -0.8551233410835266, -1.8987552443306446e-16]}, "segments": [39350, 39193, 39397, 71548, 41500, 3983, 4016, 4070, 39382, 3948, 51883], "label": "window"}, {"objectId": 24, "id": 24, "partId": 24, "index": 19, "dominantNormal": [0, -2.220446049250313e-16, 1], "obb": {"axesLengths": [0.4699564357329896, 0.1612319314204469, 0.43751155325694774], "centroid": [0.02038665275251006, 0.881386908098297, -0.9993239603590105], "normalizedAxes": [0.963257908821106, -0.2685779929161072, -5.963629432861488e-17, 0, -2.220446049250313e-16, 1, -0.2685779929161072, -0.963257908821106, -2.138862218050943e-16]}, "segments": [24423, 39940, 65186, 39939, 33803], "label": "coffee table"}, {"objectId": 25, "id": 25, "partId": 25, "index": 20, "dominantNormal": [-0.5449089407920837, -0.8384952545166016, -1.8618334752065237e-16], "obb": {"axesLengths": [0.5968716716412377, 0.8428400566539151, 0.29323717474017624], "centroid": [1.48133360421016, 2.6325071935830993, -1.0714199787308307], "normalizedAxes": [0.8384952545166016, -0.5449089407920837, -1.209940904782955e-16, 0, -2.220446049250313e-16, 1, -0.5449089407920837, -0.8384952545166016, -1.8618334752065237e-16]}, "segments": [73131, 46919, 47006, 62691, 47147, 67955, 47374, 47334, 73176, 73161, 54110], "label": "curtain"}, {"objectId": 26, "id": 26, "partId": 26, "index": 21, "dominantNormal": [0, -2.220446049250313e-16, 1], "obb": {"axesLengths": [8.156658240986575, 0.4400000473856919, 2.9402645285669924], "centroid": [-2.019784223135775, 0.4306648476044589, 1.3500000048926433], "normalizedAxes": [0.5868220925331116, 0.8097159266471863, 1.797930530338801e-16, 0, -2.220446049250313e-16, 1, 0.8097159266471863, -0.5868220925331116, -1.3030067969779492e-16]}, "segments": [22721, 29588, 22730, 36812, 37462, 53740, 72961, 40643, 8585, 6896, 8658, 53319, 53320, 72882, 8612, 57005, 53966, 20003, 37455, 40603, 43967, 50558, 50604, 50617, 50622, 50686, 50699, 50904, 53265, 53271, 53272, 53327, 53908, 53914, 53925, 53928, 53964, 66401, 66404, 50416, 49683, 8511, 8517, 33822, 49271, 49447, 49467, 49477, 49502, 49571, 49615, 49643, 49937, 50083, 50108, 50112, 50431, 69860, 70020, 70026, 70079, 72709, 50420, 50104, 50418, 8401, 8504, 72774, 48561, 37514, 48623, 49677, 50094, 38725, 49254, 49688, 11403, 6754, 8933, 38778, 38859, 63525, 54895, 6772, 6833, 11544, 37744, 51285, 51489, 51581, 51659, 52252, 52274, 52319, 52321, 52324, 53093, 53099, 53762, 53767, 53769, 53851, 54060, 54842, 54843, 54852, 54875, 71486, 71487, 71524, 71625, 71626, 72337, 72576, 72969, 73025, 73066, 47544, 40010, 40053, 40290, 47573, 47582, 47979, 50748, 53130, 53841, 53844, 67980, 41097, 6, 1520, 1677, 1793, 1862, 40949, 41126, 50841, 50855, 53355, 55156, 55326, 3163, 1746, 1881, 4113, 4298, 6770, 42562, 55142, 71292, 12713, 12887, 4094, 4034, 6781, 55873, 71298, 19369, 13104, 19350, 59792, 65540, 6927, 52284, 8594, 52199, 52200, 52233, 52292, 54089, 54811, 54812, 71629, 73111, 73097, 52160, 52179, 52183], "label": "ceiling"}, {"objectId": 28, "id": 28, "partId": 28, "index": 22, "dominantNormal": [-0.18794642388820648, -0.9821792840957642, -2.1808761110259404e-16], "obb": {"axesLengths": [0.6440591374625407, 0.504960048832892, 0.32821800968051634], "centroid": [-2.6751264955071035, -0.0534137947360693, -0.8175199928936392], "normalizedAxes": [0.9821792840957642, -0.18794642388820648, -4.1732489439329275e-17, 0, -2.220446049250313e-16, 1, -0.18794642388820648, -0.9821792840957642, -2.1808761110259404e-16]}, "segments": [42979, 44199, 13197, 44207, 9157], "label": "cushion"}, {"objectId": 29, "id": 29, "partId": 29, "index": 23, "dominantNormal": [0.7720357179641724, -0.6355791687965393, -1.4112692543400736e-16], "obb": {"axesLengths": [0.437874094682356, 0.44399796923999535, 0.5406822020029319], "centroid": [-2.907204125337304, -0.25242720145666964, -0.8080009525218421], "normalizedAxes": [0.7720357179641724, -0.6355791687965393, -1.4112692543400736e-16, 0, -2.220446049250313e-16, 1, -0.6355791687965393, -0.7720357179641724, -1.7142636598336755e-16]}, "segments": [56257, 42983, 5163, 42952], "label": "cushion"}, {"objectId": 30, "id": 30, "partId": 30, "index": 24, "dominantNormal": [0.2276400327682495, -0.9737453460693359, -2.1621490066555359e-16], "obb": {"axesLengths": [0.6199176704094483, 0.45437704501203324, 0.3857632482246903], "centroid": [-3.0424612091550736, -0.4535331480496195, -0.8064614837909931], "normalizedAxes": [0.9737453460693359, 0.2276400327682495, 5.0546241141147144e-17, 0, -2.220446049250313e-16, 1, 0.2276400327682495, -0.9737453460693359, -2.1621490066555359e-16]}, "segments": [7181, 56594, 4725, 7204, 7188], "label": "cushion"}, {"objectId": 31, "id": 31, "partId": 31, "index": 25, "dominantNormal": [0.9899241328239441, 0.1415986716747284, 3.144122110992429e-17], "obb": {"axesLengths": [0.4364542296759233, 0.31282406346148095, 0.3125390139026572], "centroid": [-3.6119687337053983, -1.20127641633027, -0.9014679773816201], "normalizedAxes": [-0.1415986716747284, 0.9899241328239441, 2.1980731297864688e-16, 0, -2.220446049250313e-16, 1, 0.9899241328239441, 0.1415986716747284, 3.144122110992429e-17]}, "segments": [56304, 13830, 4761, 58325], "label": "cushion"}], "scan_id": "a0906006-66f7-2272-9e46-51000ffe6623", "annId": "6187", "appId": "stk.v1"}