{"segGroups": [{"objectId": 1, "id": 1, "partId": 1, "index": 0, "dominantNormal": [0, -2.220446049250313e-16, 1], "obb": {"axesLengths": [6.1522971045839325, 0.2042499735001481, 4.275705554096757], "centroid": [-0.42412152019160165, -0.2779914289141401, -1.2878750485264132], "normalizedAxes": [0.9043437838554382, 0.4268047511577606, 9.476969235095126e-17, 0, -2.220446049250313e-16, 1, 0.4268047511577606, -0.9043437838554382, -2.008046582025887e-16]}, "segments": [14053, 3295, 35665, 36325, 2009, 2027, 2176, 3280, 17088, 17101, 21559, 23552, 37708, 41377, 42037, 50154, 16615, 572, 630, 667, 1764, 2021, 2146, 6041, 8195, 8405, 8631, 8633, 8651, 8652, 8838, 8849, 8941, 9617, 9623, 9660, 9710, 9734, 9785, 10895, 11443, 12784, 13300, 14634, 16524, 18321, 18747, 18938, 18960, 19174, 20433, 20434, 24821, 35677, 37212, 40402, 40404, 40407, 40494, 41521, 42679, 49717, 234, 331, 7823, 10977, 12644, 13484, 13708, 13820, 31419, 31456, 31458, 31460, 38595, 44549, 44552, 44559, 49913, 8060, 7979, 2924, 2510, 2513, 2579, 3099, 3116, 3191, 3545, 3891, 4769, 4772, 4936, 4939, 5151, 5156, 5275, 5342, 5344, 5473, 6000, 6022, 6048, 6054, 6080, 6130, 6176, 6193, 6198, 6238, 6698, 6737, 6742, 6759, 6789, 6804, 6820, 6851, 7022, 7079, 7831, 8709, 8819, 9934, 10164, 10211, 11174, 11804, 40188, 40191, 40202, 40207, 40211, 40226, 40233, 40238, 40243, 40278, 40280, 40283, 2765, 3493, 32, 737, 1045, 1679, 1711, 1730, 1785, 1885, 2038, 2974, 3004, 3039, 3043, 3133, 3154, 3159, 3184, 3222, 3631, 3654, 3885, 3898, 4578, 5045, 5993, 11713, 40049, 40130, 40132, 40181, 40185, 1007, 228, 733, 746, 753, 771, 783, 826, 866, 940, 972, 3314, 3819, 3842, 3855, 3859, 10730, 10952, 10987, 11581, 11633, 11654, 11732, 11754, 11807, 12484, 40224, 4926, 10402, 10415, 10428, 10446, 10449, 10645, 10650, 10653, 10771, 10963, 11000, 11003, 12518, 40176, 40203, 40232, 40764, 40791, 40795, 40849, 2310, 40061, 1058, 546, 363, 341, 451, 454, 525, 1127, 1219, 1264, 1664, 2177, 2217, 2228, 2349, 2407, 2484, 2503, 27064, 27246, 39987, 40027, 40055, 12279, 29001, 30582, 41566, 41569, 41575], "label": "floor"}, {"objectId": 2, "id": 2, "partId": 2, "index": 1, "dominantNormal": [0.9995133280754089, 0.03119557723402977, 6.926809622338441e-18], "obb": {"axesLengths": [3.2390183440557196, 2.5763098617722857, 0.15761051454224753], "centroid": [2.5611785701151693, -0.011923177224818338, -0.031685074639878685], "normalizedAxes": [-0.03119557537138462, 0.9995133280754089, 2.2193654204980738e-16, 0, -2.220446049250313e-16, 1, 0.9995133280754089, 0.03119557537138462, 6.926809208748135e-18]}, "segments": [17251, 15972, 8841, 6717, 7486, 12361, 22951, 30657, 30659, 30973, 37342, 40487, 44417, 48168, 40612, 16422, 16257, 12125, 40868, 7442, 12368], "label": "wall"}, {"objectId": 3, "id": 3, "partId": 3, "index": 2, "dominantNormal": [0.9995859265327454, 0.028775250539183617, 6.38938913759182e-18], "obb": {"axesLengths": [1.588891238368182, 2.5484300282203387, 0.26632644584535065], "centroid": [2.4652896712247383, -0.2668580855550533, -0.05578507972788005], "normalizedAxes": [-0.028775250539183617, 0.9995859265327454, 2.2195266214558481e-16, 0, -2.220446049250313e-16, 1, 0.9995859265327454, 0.028775250539183617, 6.38938913759182e-18]}, "segments": [40555, 28859, 8421, 34624, 46252, 46292, 45321, 31003, 31068, 31085, 7561, 7567, 20585, 7532, 7145, 7161, 7165, 7167, 7180, 7193, 7223, 7237, 7246, 7252, 7794, 7863, 7932, 8905, 13995, 20616, 25471, 25514, 30974, 32862, 32880, 32888, 34493, 37229, 37276, 40416, 40418, 40420, 40431, 40433, 40439, 40443, 40552, 40615, 40620, 40625, 40632, 40662, 41805, 45238, 46099, 46215, 47870, 47977, 48025, 48186, 48219, 34485, 32514, 46150, 30513, 43239, 32874, 46139, 7220, 48141, 30681, 48112, 30704, 48045, 12384, 12400, 30668, 37256, 37283, 30667, 37251], "label": "curtain"}, {"objectId": 4, "id": 4, "partId": 4, "index": 3, "dominantNormal": [0.9968495965003967, 0.07931482791900635, 1.7611429629972608e-17], "obb": {"axesLengths": [0.4233825931880551, 1.2599999623000624, 0.04357228906404894], "centroid": [2.561503512325046, -0.5202666701666961, 0.3199999050443627], "normalizedAxes": [-0.07931482791900635, 0.9968495965003967, 2.2134507482460746e-16, 0, -2.220446049250313e-16, 1, 0.9968495965003967, 0.07931482791900635, 1.7611429629972608e-17]}, "segments": [22756], "label": "window"}, {"objectId": 5, "id": 5, "partId": 5, "index": 4, "dominantNormal": [0.03739355131983757, -0.9993005990982056, -2.2188930672810815e-16], "obb": {"axesLengths": [3.5938365222143864, 2.5731399676246935, 0.3540726890407317], "centroid": [0.7576038508654329, 1.4355387314699055, -0.01657011192306701], "normalizedAxes": [0.9993005990982056, 0.03739355131983757, 8.303036329557216e-18, 0, -2.220446049250313e-16, 1, 0.03739355131983757, -0.9993005990982056, -2.2188930672810815e-16]}, "segments": [24075, 28464, 37352, 38141, 4237, 37472, 36891, 30332, 5681, 40344, 40342, 5423, 5537, 22544, 28614, 12586], "label": "wall"}, {"objectId": 6, "id": 6, "partId": 6, "index": 5, "dominantNormal": [0.0248439721763134, -0.999691367149353, -2.2197607466564251e-16], "obb": {"axesLengths": [3.5018179079550915, 2.529979887679668, 0.39031749465781435], "centroid": [0.8790466339839202, -1.5558099065380333, -0.025010069829969783], "normalizedAxes": [0.999691367149353, 0.0248439721763134, 5.516469986657979e-18, 0, -2.220446049250313e-16, 1, 0.0248439721763134, -0.999691367149353, -2.2197607466564251e-16]}, "segments": [9161, 29054, 5355, 46333, 5040, 46330, 8983, 5295, 3881, 23074, 897, 24723, 50467, 25156, 14339, 11378, 13287, 25417, 8979, 11327, 50524, 8111, 26809], "label": "wall"}, {"objectId": 7, "id": 7, "partId": 7, "index": 6, "dominantNormal": [0, -2.220446049250313e-16, 1], "obb": {"axesLengths": [5.799055191298538, 1.864039975463449, 5.507841731271033], "centroid": [0.7561361717428563, 0.7012991378346562, 2.102019838014321], "normalizedAxes": [0.9048676490783691, -0.4256930351257324, -9.452284180383073e-17, 0, -2.220446049250313e-16, 1, -0.4256930351257324, -0.9048676490783691, -2.0092097964904835e-16]}, "segments": [1318, 1280, 1449, 3770, 11502, 4149, 5092, 23379, 40302, 40314, 42105, 42116, 10370, 7384, 6610, 6631, 6657, 5731, 6624, 6636, 22772, 40375, 40398, 10686, 9459, 5147, 5513, 3996, 4031, 4047, 5779, 7508, 9327, 9337, 9358, 40351, 40354, 6333, 6397, 12434, 44209, 30479, 22168, 829, 13118, 44462, 30131, 26590, 26544, 562, 629, 20511, 30054, 30123, 31101, 32802, 32829, 36522, 36530, 40137, 44193, 50391, 12469, 33268, 12280, 26583, 33135, 35210, 35683, 21240, 28917, 33102, 33133, 36011, 37842, 43861, 46928, 46932, 46933, 47285, 36487, 1457, 1472, 4442, 4739, 9753, 13105, 13147, 23634, 30460, 30467, 40931, 21121, 3494, 9121, 31872, 37875, 38269, 47295, 3948, 4756, 7327, 13061, 47299, 24688, 11345, 4428, 4432, 4437, 4521, 4547, 4659, 7435, 9428, 9814, 9826, 10015, 10031, 10069, 10139, 10143, 10176, 10189, 10228, 10519, 10530, 10543, 10546, 10553, 11040, 11236, 12599, 22149, 22553, 25738, 25747, 25764, 38133, 38464, 40705, 40709, 40712, 40714, 40750, 40754, 40759, 40768, 42438, 43233, 47403, 47405, 47430, 47443, 48724, 11085, 11125, 10479, 10090, 9966, 40697, 10087, 10101, 10119, 10508, 40719], "label": "ceiling"}, {"objectId": 8, "id": 8, "partId": 8, "index": 7, "dominantNormal": [0.7923341989517212, 0.6100872755050659, 1.354665880593111e-16], "obb": {"axesLengths": [0.474257418238732, 0.5162300352104744, 0.3460062931665151], "centroid": [2.442832543289427, -0.41439048490821534, -1.088115063014514], "normalizedAxes": [-0.6100872755050659, 0.7923341989517212, 1.7593353417482609e-16, 0, -2.220446049250313e-16, 1, 0.7923341989517212, 0.6100872755050659, 1.354665880593111e-16]}, "segments": [17332, 41639, 16909, 17031, 41603, 45192, 32979, 32966, 32964, 16663, 16908, 16921, 16946, 16947, 16957, 16978, 16980, 17021, 17024, 17037, 17051, 32549, 32568, 32589, 32666, 32672, 32685, 41412, 41517, 41561, 41589, 41594, 45161, 45182, 45214, 45221, 45327, 20454], "label": "trash can"}, {"objectId": 9, "id": 9, "partId": 9, "index": 8, "dominantNormal": [-0.2488412857055664, -0.9685443043708801, -2.1506003741642135e-16], "obb": {"axesLengths": [2.350574747035961, 1.8671469867122095, 1.5765757816664827], "centroid": [0.3106749516285346, 0.9699171255659647, -0.3974866094609373], "normalizedAxes": [0.9685443043708801, -0.2488412857055664, -5.5253864973529333e-17, 0, -2.220446049250313e-16, 1, -0.2488412857055664, -0.9685443043708801, -2.1506003741642135e-16]}, "segments": [33164, 25653, 22734, 48707, 43772, 27746, 44579, 44969, 44764, 28087, 50366, 18596, 23182, 23262, 23488, 23498, 24640, 27315, 27760, 27809, 27847, 27917, 31515, 32013, 32103, 38396, 39456, 42403, 42412, 43602, 43816, 44684, 44795, 24667, 20450, 44722, 19650, 19931, 25164, 30843, 8345, 8739, 8743, 9178, 17834, 17957, 17962, 18017, 18035, 18051, 18139, 18148, 18246, 18257, 18264, 18330, 18355, 18422, 18456, 18497, 18498, 18504, 18662, 19338, 19737, 19784, 19823, 19833, 19844, 19845, 19849, 19856, 19857, 19871, 19914, 19954, 19965, 20017, 20048, 20077, 20083, 20416, 20444, 20793, 20852, 20898, 20902, 20959, 21343, 21354, 21496, 21674, 21879, 21886, 21906, 22086, 22099, 22281, 22330, 22375, 22385, 22392, 22394, 22395, 22440, 22448, 22458, 22525, 22529, 22547, 22549, 22604, 22663, 22781, 22812, 22814, 22837, 22845, 22902, 22914, 22925, 22927, 23126, 23143, 23301, 23408, 23643, 23660, 24155, 24209, 24215, 24249, 24393, 24407, 24413, 24571, 24574, 24576, 24607, 24668, 24879, 24923, 24936, 24964, 24967, 24981, 25021, 25647, 25908, 25919, 25926, 26033, 26035, 26105, 26498, 26898, 27291, 27330, 27441, 27453, 27487, 27523, 27568, 27607, 27612, 27714, 27730, 27931, 27948, 28021, 29069, 29111, 29117, 29428, 29442, 30242, 30276, 30299, 30318, 31548, 31616, 31693, 31711, 31740, 31775, 31786, 31802, 32004, 33704, 33738, 33769, 33794, 33809, 33829, 33830, 34186, 37050, 37082, 38238, 38907, 38926, 38943, 38974, 39025, 39111, 39471, 39476, 39529, 39532, 39535, 39821, 41692, 41778, 41784, 41791, 41862, 41871, 41874, 41877, 41880, 41883, 41998, 42034, 42084, 42118, 42119, 42123, 42151, 42154, 42157, 42193, 42196, 42290, 42316, 42326, 42348, 42362, 42364, 42377, 42385, 42390, 42392, 42394, 42426, 42430, 42563, 42894, 42909, 42922, 42940, 42983, 43092, 43459, 43474, 43477, 43482, 43492, 43501, 43573, 43626, 43661, 43743, 43863, 43872, 43906, 43914, 43932, 44628, 44634, 44694, 44699, 44882, 44919, 44926, 45588, 45591, 45679, 45680, 45715, 45720, 45722, 47785, 47834, 48971, 49006, 50571, 50590, 6873, 18592, 19373, 20395, 21614, 21671, 22775, 24162, 24275, 24341, 25880, 41674, 42282, 42288, 42985, 43129, 36447, 8593, 38251, 26318, 8137, 8767, 17477, 18053, 48656, 48991, 23682, 29142, 21693, 24857, 24202, 30096, 31344, 17525, 41623, 43223, 20018, 6878, 34200, 37167, 30300, 32098, 38525, 27316, 32012, 47347, 50037, 37396, 31533, 36208], "label": "loft bed"}, {"objectId": 10, "id": 10, "partId": 10, "index": 9, "dominantNormal": [0.9990828037261963, 0.04282047972083092, 9.508056502312216e-18], "obb": {"axesLengths": [0.1716467730953352, 0.17376009359001895, 0.07457106028518849], "centroid": [1.8109262742907837, 1.428991845493006, -0.10312002722449631], "normalizedAxes": [-0.04282047599554062, 0.9990828037261963, 2.2184094644077585e-16, 0, -2.220446049250313e-16, 1, 0.9990828037261963, 0.04282047599554062, 9.508055675131603e-18]}, "segments": [36061, 47307, 36104, 36038, 36107, 47303, 36065], "label": "lamp"}, {"objectId": 11, "id": 11, "partId": 11, "index": 10, "dominantNormal": [0.9975147247314453, -0.07045872509479523, -1.5644979777195195e-17], "obb": {"axesLengths": [0.2126431714965288, 0.23828994695194172, 0.2318116817918683], "centroid": [0.1706105878290421, 1.3695241752443532, -1.199915045685954], "normalizedAxes": [0.9975147247314453, -0.07045872509479523, -1.5644979777195195e-17, 0, -2.220446049250313e-16, 1, -0.07045872509479523, -0.9975147247314453, -2.2149276295989513e-16]}, "segments": [38580, 49173, 39341, 39300, 39301, 49112, 49114, 49116, 49125, 39427, 39441, 49145, 49148, 50187], "label": "trash can"}, {"objectId": 12, "id": 12, "partId": 12, "index": 11, "dominantNormal": [0, -2.220446049250313e-16, 1], "obb": {"axesLengths": [0.23297896482264538, 0.15095299144939345, 0.20243406953249163], "centroid": [1.172776671806477, 1.3146934459675546, 0.4054764208111208], "normalizedAxes": [0.9947758913040161, 0.10208308696746826, 2.2666998715219103e-17, 0, -2.220446049250313e-16, 1, 0.10208308696746826, -0.9947758913040161, -2.2088461977354615e-16]}, "segments": [46107, 39448, 47812, 36125], "label": "ball"}, {"objectId": 13, "id": 13, "partId": 13, "index": 12, "dominantNormal": [0, -2.220446049250313e-16, 1], "obb": {"axesLengths": [0.2403306456406199, 0.15598100075168153, 0.2561968979010264], "centroid": [0.8652481906185989, 1.3448780621444245, 0.412009417558026], "normalizedAxes": [-0.27254414558410645, 0.9621433019638062, 2.1363872936581844e-16, 0, -2.220446049250313e-16, 1, 0.9621433019638062, 0.27254414558410645, 6.051695713085313e-17]}, "segments": [39961, 39916, 48680, 48624], "label": "ball"}, {"objectId": 14, "id": 14, "partId": 14, "index": 13, "dominantNormal": [0, -2.220446049250313e-16, 1], "obb": {"axesLengths": [0.882072277193048, 0.37061195737245783, 0.7086822620219382], "centroid": [-0.42075451980050704, 0.824066473501185, 0.5553058945339329], "normalizedAxes": [0.9523827433586121, 0.3049050569534302, 6.770252291086857e-17, 0, -2.220446049250313e-16, 1, 0.3049050569534302, -0.9523827433586121, -2.114714499864805e-16]}, "segments": [45129, 45112, 45150, 32461, 45272, 26608, 17605, 41404, 16539, 21175, 16802, 18858], "label": "blanket"}, {"objectId": 15, "id": 15, "partId": 15, "index": 14, "dominantNormal": [0.7030764818191528, -0.711114227771759, -1.5789907776214896e-16], "obb": {"axesLengths": [0.6109604820795915, 1.381615933814288, 0.4867199506143166], "centroid": [-0.6747230990808744, -1.4776558679748497, -0.7124320478173641], "normalizedAxes": [0.711114227771759, 0.7030764818191528, 1.5611433963761475e-16, 0, -2.220446049250313e-16, 1, 0.7030764818191528, -0.711114227771759, -1.5789907776214896e-16]}, "segments": [23842, 41150, 41075, 42470, 17714, 13734, 13818, 23880, 23885, 42454, 42456, 49889, 18091, 17602, 18284, 18852, 26632, 41440, 41459], "label": "hanger"}, {"objectId": 16, "id": 16, "partId": 16, "index": 15, "dominantNormal": [-0.07219492644071579, -0.9973905682563782, -2.2146519468443996e-16], "obb": {"axesLengths": [0.3961940596539571, 0.5443169948983861, 0.3254093036096929], "centroid": [-0.7581199768554329, -1.3635119023441717, -0.701458578708428], "normalizedAxes": [0.9973905682563782, -0.07219492644071579, -1.6030493919120434e-17, 0, -2.220446049250313e-16, 1, -0.07219492644071579, -0.9973905682563782, -2.2146519468443996e-16]}, "segments": [48775, 14273, 14301, 14305, 48838, 13935, 14385, 48804, 38659, 13940, 14380, 41106, 42463, 42465, 24008, 23939, 24001, 42548, 13747, 41088, 41091], "label": "backpack"}, {"objectId": 17, "id": 17, "partId": 17, "index": 16, "dominantNormal": [-0.02806704305112362, -0.9996060132980347, -2.219571223034477e-16], "obb": {"axesLengths": [3.116370961209049, 2.5834999699108296, 0.7815496355283684], "centroid": [1.0350753553875807, -1.4264898151604064, -0.021750113066135723], "normalizedAxes": [0.9996060132980347, -0.02806704118847847, -6.232135072110283e-18, 0, -2.220446049250313e-16, 1, -0.02806704118847847, -0.9996060132980347, -2.219571223034477e-16]}, "segments": [19916, 66, 20995, 9507, 9496, 26641, 41943, 20121, 482, 36070, 39614, 1108, 27461, 27297, 45572, 33530, 47222, 29574, 15719, 184, 389, 808, 1225, 2842, 12047, 12799, 12856, 12947, 12982, 12998, 13018, 13023, 13027, 13041, 13354, 13431, 13460, 13538, 14992, 15148, 15153, 15241, 15397, 15713, 18211, 18598, 19045, 19085, 19153, 19176, 19177, 19246, 19382, 19410, 19435, 19452, 19471, 19496, 19504, 19532, 19535, 19541, 19999, 20001, 20275, 20318, 20346, 21035, 21053, 21232, 21789, 21977, 21990, 22000, 22042, 22044, 22160, 22178, 22205, 22217, 22981, 22982, 23079, 26908, 27630, 27699, 27943, 27982, 28096, 28191, 28925, 28966, 29232, 29401, 29572, 31957, 32350, 32365, 33208, 33245, 33379, 33430, 33436, 33845, 33881, 33886, 33948, 33950, 33972, 34013, 34031, 34053, 34054, 34061, 34064, 34069, 34138, 34160, 34825, 34865, 35076, 35890, 35892, 35896, 35948, 36593, 36601, 40088, 40116, 40863, 40912, 40914, 40938, 41040, 41061, 41097, 41113, 41128, 41695, 41698, 41699, 41728, 41732, 41733, 41738, 41742, 41750, 41755, 41763, 41768, 41777, 41910, 41956, 41969, 41975, 41984, 41987, 41991, 42177, 42732, 42742, 42783, 42804, 42807, 42810, 43414, 43736, 43953, 45052, 45055, 45093, 45464, 45506, 45580, 45727, 45734, 45810, 45825, 45871, 45946, 45949, 45955, 45980, 46016, 46593, 46619, 46629, 46720, 46768, 46863, 46892, 47247, 38368, 8184, 8237, 12867, 12881, 12884, 12980, 13014, 13515, 29273, 29281, 29306, 29335, 29362, 29710, 30366, 30761, 30764, 32128, 32148, 32229, 32366, 33413, 34116, 34131, 40005, 40979, 44993, 46377, 46883, 12098, 26699, 28145, 29350, 32169, 32217, 32335, 33968, 35086, 43697, 44994, 45047, 45933, 15663, 13234, 13030, 29702, 25341, 26832, 32189, 46059, 34900, 26780, 31893, 32224, 32247, 45029, 45034, 26689, 26762, 44424, 5935, 40364, 42861, 5943], "label": "cabinet"}, {"objectId": 18, "id": 18, "partId": 18, "index": 17, "dominantNormal": [0.9845209121704102, 0.17526713013648987, 3.891712066750094e-17], "obb": {"axesLengths": [0.4026426505363248, 0.7760900085548306, 0.2006501658629885], "centroid": [2.5482892347374086, -1.3359388208343843, -0.918045044471286], "normalizedAxes": [-0.17526713013648987, 0.9845209121704102, 2.1860755698331017e-16, 0, -2.220446049250313e-16, 1, 0.9845209121704102, 0.17526713013648987, 3.891712066750094e-17]}, "segments": [15099, 41297, 32560], "label": "object"}, {"objectId": 19, "id": 19, "partId": 19, "index": 18, "dominantNormal": [0, -2.220446049250313e-16, 1], "obb": {"axesLengths": [0.722679878766967, 0.3199999856948857, 0.4074600705171452], "centroid": [0.384869731711002, -1.320922080056052, 0.7899998933469514], "normalizedAxes": [0.9180555939674377, 0.3964517116546631, 8.80299636862121e-17, 0, -2.220446049250313e-16, 1, 0.3964517116546631, -0.9180555939674377, -2.0384929166171467e-16]}, "segments": [32443, 32285, 16752, 16427, 16727, 40164, 31951], "label": "box"}, {"objectId": 20, "id": 20, "partId": 20, "index": 19, "dominantNormal": [0, -2.220446049250313e-16, 1], "obb": {"axesLengths": [0.43594471490362663, 0.3759400164498385, 0.4132900974523639], "centroid": [1.5237143332921608, -1.4122339768924552, -1.1379700557203585], "normalizedAxes": [0.9993530511856079, -0.03596555069088936, -7.985956494069714e-18, 0, -2.220446049250313e-16, 1, -0.03596555069088936, -0.9993530511856079, -2.219009534311329e-16]}, "segments": [36182, 47320, 43963, 36210, 36249, 36950, 43981, 47339], "label": "box"}, {"objectId": 22, "id": 22, "partId": 22, "index": 20, "dominantNormal": [0, -2.220446049250313e-16, 1], "obb": {"axesLengths": [1.3081852272790622, 0.868130008843615, 1.1572785071910636], "centroid": [2.0677498614586707, 1.1233537994469631, -0.8840650630931178], "normalizedAxes": [0.8150755167007446, -0.5793547630310059, -1.2864259946865483e-16, 0, -2.220446049250313e-16, 1, -0.5793547630310059, -0.8150755167007446, -1.809831210898826e-16]}, "segments": [36430, 35306, 29924, 28660, 29929, 36455, 36702, 15945, 16237, 17743, 28727, 28762, 15442, 15517, 15541, 15628, 15815, 28550, 31220, 31222, 33481, 35367, 36625, 37504, 44470, 44473, 44476, 44546, 47685, 47804, 48383, 48380], "label": "sofa chair"}, {"objectId": 23, "id": 23, "partId": 23, "index": 21, "dominantNormal": [0, -2.220446049250313e-16, 1], "obb": {"axesLengths": [0.714664207784852, 0.42103700888819207, 0.4612690375008295], "centroid": [2.046566400062814, 1.0431718462407442, -0.6599545839791475], "normalizedAxes": [0.7441986203193665, -0.6679583787918091, -1.4831655432519166e-16, 0, -2.220446049250313e-16, 1, -0.6679583787918091, -0.7441986203193665, -1.652452886345671e-16]}, "segments": [44014, 14721, 14684, 47060, 14783, 35754, 14643, 14670, 29831, 35836, 46950, 47351, 35557, 35582, 29765, 47087, 29798, 28753, 29861, 35856, 44058, 44060, 47070, 47083, 47388, 47397, 28698, 14733], "label": "toy"}, {"objectId": 24, "id": 24, "partId": 24, "index": 22, "dominantNormal": [0, -2.220446049250313e-16, 1], "obb": {"axesLengths": [0.2895196311398876, 0.21352899901131533, 0.23626368891680577], "centroid": [-0.02331738680268286, -1.5047739885925775, 0.07676442019623941], "normalizedAxes": [0.365496426820755, 0.9308127164840698, 2.0668194189090046e-16, 0, -2.220446049250313e-16, 1, 0.9308127164840698, -0.365496426820755, -8.115650969492516e-17]}, "segments": [3796, 20, 216, 1009, 11409, 13204, 40152, 113, 88], "label": "ball"}], "scan_id": "13124cad-cec3-27a6-857f-914a832a87c3", "annId": "6381", "appId": "stk.v1"}