{"segGroups": [{"objectId": 30, "id": 30, "initialPoint": [0.9118086588379417, 3.1470285096803376, -1.3463446886372274], "index": 0, "dominantNormal": [-0.46058031916618347, -0.8876180052757263, -1.97090789305793e-16], "obb": {"axesLengths": [0.40177616502776814, 0.36933993467673804, 0.29181849683947], "centroid": [0.7073383580003858, 3.1512291905405867, -1.3537699866625688], "normalizedAxes": [0.8876180052757263, -0.46058031916618347, -1.0226937500550003e-16, 0, -2.220446049250313e-16, 1, -0.46058031916618347, -0.8876180052757263, -1.97090789305793e-16]}, "segments": [44583, 32028, 44485, 30044, 29896, 29905, 29911, 29929, 29936, 29941, 29951, 29976, 29983, 29997, 29998, 30067, 32053, 36180, 36193, 36206, 36249, 36267, 44664, 44667, 44671, 44675, 44695, 44696, 44708, 44740, 44747, 44752, 44787, 44792, 44794, 44801, 44848, 44893, 68745, 71406, 71410, 71419, 71529, 71545, 71636], "partId": 30, "label": "bag"}, {"objectId": 31, "id": 31, "initialPoint": [0.5163376722375419, 2.698614074250122, -0.8804206880790297], "index": 1, "dominantNormal": [0.9263348579406738, -0.3767010569572449, -8.364443736691315e-17], "obb": {"axesLengths": [0.5299625331549709, 0.39291005448453004, 0.37337592513383355], "centroid": [0.4939720776795318, 2.8143582600774466, -0.9592149930306172], "normalizedAxes": [0.3767010569572449, 0.9263348579406738, 2.0568765755972192e-16, 0, -2.220446049250313e-16, 1, 0.9263348579406738, -0.3767010569572449, -8.364443736691315e-17]}, "segments": [68045, 32726, 28662, 26917, 69533], "partId": 31, "label": "pillow"}, {"objectId": 32, "id": 32, "initialPoint": [0.3679515682301058, 2.22231145415741, -0.9340099931777655], "index": 2, "dominantNormal": [0.9005410671234131, -0.4347709119319916, -9.653853537283465e-17], "obb": {"axesLengths": [0.5105184908359272, 0.4324699543609478, 0.3164098527794374], "centroid": [0.2875842954837482, 2.2746172787836523, -0.9537649530504301], "normalizedAxes": [0.4347709119319916, 0.9005410671234131, 1.9996028546818436e-16, 0, -2.220446049250313e-16, 1, 0.9005410671234131, -0.4347709119319916, -9.653853537283465e-17]}, "segments": [1445, 41354, 28153, 70396, 67028], "partId": 32, "label": "pillow"}, {"objectId": 33, "id": 33, "initialPoint": [0.19941962866643004, 1.7069879001653425, -0.9490056282860786], "index": 3, "dominantNormal": [0.9779958724975586, -0.2086242437362671, -4.6323887778202863e-17], "obb": {"axesLengths": [0.5273495859359623, 0.39284699277176705, 0.35792229276962], "centroid": [0.09353894608679636, 1.7068387406670817, -0.9630664662759816], "normalizedAxes": [0.20862425863742828, 0.9779958724975586, 2.171587071270317e-16, 0, -2.220446049250313e-16, 1, 0.9779958724975586, -0.20862425863742828, -4.6323891086925314e-17]}, "segments": [46043, 72793, 66695, 26322], "partId": 33, "label": "pillow"}, {"objectId": 34, "id": 34, "initialPoint": [4.237391911259307, 1.9483807191931088, -0.2997275757087692], "index": 4, "dominantNormal": [0, -2.220446049250313e-16, 1], "obb": {"axesLengths": [0.7337905066411168, 0.09999999180436148, 0.26947623682076755], "centroid": [4.262033813078183, 2.1222538624218106, -0.31999999989383165], "normalizedAxes": [0.4326995611190796, 0.9015381932258606, 2.0018169193966275e-16, 0, -2.220446049250313e-16, 1, 0.9015381932258606, -0.4326995611190796, -9.607860309992047e-17]}, "segments": [3175, 2006, 63009, 2005], "partId": 34, "label": "shelf"}, {"objectId": 38, "id": 38, "initialPoint": [2.4176062069516355, -0.6523459845705983, -1.2228745818387765], "index": 7, "dominantNormal": [0, -2.220446049250313e-16, 1], "obb": {"axesLengths": [0.5055862176610009, 0.30466007505371967, 0.3174148565964511], "centroid": [2.3355258605675244, -0.6458967726185034, -1.266669959617707], "normalizedAxes": [0.8202245831489563, -0.5720416307449341, -1.2701875789942953e-16, 0, -2.220446049250313e-16, 1, -0.5720416307449341, -0.8202245831489563, -1.821264435151085e-16]}, "segments": [79235, 24732, 24071, 59439, 59516, 66392, 24621, 57057, 79609, 66181, 13034, 13055, 13066, 13078, 23738, 23739, 23749, 23792, 23798, 23799, 23951, 23981, 23984, 24756, 59592, 66395, 79279, 79468, 79471, 79225], "partId": 38, "label": "laptop"}, {"objectId": 43, "id": 43, "initialPoint": [3.282839713795994, 2.356258453997685, -1.4164356642080267], "index": 10, "dominantNormal": [0, -2.220446049250313e-16, 1], "obb": {"axesLengths": [0.4951101323249854, 0.24434005667999248, 0.38953354137031104], "centroid": [3.1881246308612106, 2.472974719235775, -1.4322899848884365], "normalizedAxes": [0.9420682787895203, -0.3354211747646332, -7.447846223410286e-17, 0, -2.220446049250313e-16, 1, -0.3354211747646332, -0.9420682787895203, -2.0918117877622328e-16]}, "segments": [67189, 28381, 28430, 28433, 28418, 29292, 28341, 67315], "partId": 43, "label": "clutter"}, {"objectId": 1, "id": 1, "partId": 1, "index": 12, "dominantNormal": [0, -2.220446049250313e-16, 1], "obb": {"axesLengths": [6.822137282846649, 0.2852500613350406, 4.531676419126422], "centroid": [1.3403433814637369, 1.0732355061008751, -1.5326249845912703], "normalizedAxes": [0.7170695066452026, 0.6970016956329346, 1.5476546613889188e-16, 0, -2.220446049250313e-16, 1, 0.6970016956329346, -0.7170695066452026, -1.5922141530682113e-16]}, "segments": [22449, 17270, 22590, 1464, 4964, 7360, 10151, 10204, 11618, 11638, 12461, 13251, 13714, 13722, 13727, 13731, 13739, 13745, 13769, 13792, 13846, 13865, 14477, 14501, 14512, 14514, 14518, 14567, 14579, 14623, 14631, 14644, 14652, 14657, 14678, 15088, 15105, 15134, 15164, 15188, 15202, 15208, 15236, 15253, 15254, 15263, 15274, 15922, 15984, 15985, 15997, 16005, 16835, 16994, 16997, 17032, 17107, 17131, 17168, 17174, 17187, 17244, 17258, 17316, 17322, 17461, 17481, 17509, 17520, 17524, 17543, 17547, 17806, 18097, 18219, 18266, 18286, 18314, 18342, 18346, 18406, 18460, 19305, 19333, 19347, 19378, 19735, 19772, 19799, 19806, 19808, 19832, 19859, 19892, 19962, 20074, 20082, 20305, 20394, 20405, 20494, 20970, 21008, 21017, 23009, 23211, 23218, 23237, 24604, 25041, 26416, 28096, 29149, 30126, 30733, 30750, 30758, 30775, 36280, 36318, 40096, 41516, 43538, 45257, 45653, 58817, 63811, 63815, 64373, 64377, 64399, 64408, 64409, 64414, 64442, 64444, 64542, 64569, 64935, 65051, 65056, 65060, 65216, 65219, 65580, 65604, 65609, 65659, 65662, 65678, 65686, 65717, 65757, 65823, 65837, 65843, 65846, 65851, 65888, 65904, 65918, 65930, 66113, 66187, 66212, 66412, 66553, 67391, 72168, 72465, 74552, 74973, 77739, 7276, 7277, 15935, 15950, 15951, 15968, 15970, 15975, 19409, 32140, 35992, 64521, 300, 76, 365, 435, 1177, 22877, 40353, 44965, 25460], "label": "floor"}, {"objectId": 2, "id": 2, "partId": 2, "index": 13, "dominantNormal": [0, -2.220446049250313e-16, 1], "obb": {"axesLengths": [2.0827818245034666, 0.7944969357290056, 1.1037609039778806], "centroid": [0.4238926477227134, 2.168972111074135, -1.1667914420766823], "normalizedAxes": [0.46153587102890015, 0.8871215581893921, 1.9698055590864174e-16, 0, -2.220446049250313e-16, 1, 0.8871215581893921, -0.46153587102890015, -1.0248155014134234e-16]}, "segments": [3730, 39313, 26270, 38846, 69627, 39429, 28197, 20906, 20931, 31727, 2561, 2591, 2602, 2979, 3382, 20864, 21389, 25062, 26299, 26892, 32013, 33746, 33785, 33849, 38833, 38837, 41362, 41620, 66762, 66765, 67035, 67046, 68049, 70365, 26902], "label": "sofa"}, {"objectId": 3, "id": 3, "partId": 3, "index": 14, "dominantNormal": [0.9414955973625183, -0.33702534437179565, -7.483465944075799e-17], "obb": {"axesLengths": [3.9540677922101124, 2.5531199599850165, 0.28730418812145325], "centroid": [0.05147442293445614, 2.084737188637201, -0.2865599918817756], "normalizedAxes": [0.33702534437179565, 0.9414955973625183, 2.0905401795501673e-16, 0, -2.220446049250313e-16, 1, 0.9414955973625183, -0.33702534437179565, -7.483465944075799e-17]}, "segments": [21567, 76566, 76498, 76567, 41126, 55969, 45950, 76465, 22275, 34454, 35463, 42611, 42619, 43173, 43175, 43201, 66593, 45695], "label": "wall"}, {"objectId": 4, "id": 4, "partId": 4, "index": 15, "dominantNormal": [-0.37167081236839294, -0.9283645749092102, -2.0613834526211021e-16], "obb": {"axesLengths": [3.3166804332633344, 2.519259873347135, 0.16923091265983836], "centroid": [1.6205008605392044, -0.6195283654507975, -0.30440997326761776], "normalizedAxes": [0.9283645749092102, -0.37167081236839294, -8.252749869450525e-17, 0, -2.220446049250313e-16, 1, -0.37167081236839294, -0.9283645749092102, -2.0613834526211021e-16]}, "segments": [45739, 69380, 30240, 45748, 38602, 42360, 21591, 3913, 3754], "label": "wall"}, {"objectId": 5, "id": 5, "partId": 5, "index": 16, "dominantNormal": [0.9381700754165649, -0.3461746573448181, -7.686621502518823e-17], "obb": {"axesLengths": [3.9845514917369678, 2.540387871703775, 0.4464338157225353], "centroid": [3.828169762280976, 0.6599193171254174, -0.28691598061473944], "normalizedAxes": [0.3461746573448181, 0.9381700754165649, 2.08315603748358e-16, 0, -2.220446049250313e-16, 1, 0.9381700754165649, -0.3461746573448181, -7.686621502518823e-17]}, "segments": [37695, 78451, 35362, 37939, 55057, 74844, 77203, 51168, 213, 1366, 1814, 28514, 34200, 35049, 39790, 39853, 39895, 50833, 58325, 77224, 15581, 42906, 10036, 54033, 44215, 44803, 44618, 54868, 57310, 78537, 50843], "label": "wall"}, {"objectId": 6, "id": 6, "partId": 6, "index": 17, "dominantNormal": [-0.3513266146183014, -0.9362529516220093, -2.078899167528035e-16], "obb": {"axesLengths": [2.3186564198046087, 0.8199999894201754, 0.2240958149079353], "centroid": [3.4756741710940253, 2.943362100202486, 0.5799999934006461], "normalizedAxes": [0.9362529516220093, -0.3513266444206238, -7.801018596001436e-17, 0, -2.220446049250313e-16, 1, -0.3513266444206238, -0.9362529516220093, -2.078899167528035e-16]}, "segments": [46080, 2416, 4191, 4249, 4262, 4311, 51371, 51433], "label": "wall"}, {"objectId": 7, "id": 7, "partId": 7, "index": 18, "dominantNormal": [0, -2.220446049250313e-16, 1], "obb": {"axesLengths": [5.740659573921519, 0.2626299799390888, 3.9847406843445845], "centroid": [2.6994432754543514, 1.690439126954976, 0.8813149739079527], "normalizedAxes": [-0.3529675304889679, 0.9356355667114258, 2.077528297642463e-16, 0, -2.220446049250313e-16, 1, 0.9356355667114258, 0.3529675304889679, 7.837453585878682e-17]}, "segments": [25940, 19908, 53007, 36610, 42567, 36048, 29121, 24770, 11775, 19296, 19386, 19938, 21036, 21115, 26478, 26479, 30771, 37815, 42638, 42790, 42826, 42833, 50987, 52000, 52008, 54689, 56506, 64953, 64985, 64988, 64993, 67349, 67790, 69126, 70677, 72776, 72961, 73175, 73179, 73185, 73188, 75030, 75599], "label": "ceiling"}, {"objectId": 8, "id": 8, "partId": 8, "index": 19, "dominantNormal": [0, -2.220446049250313e-16, 1], "obb": {"axesLengths": [2.4662775483836263, 0.06252902606437351, 0.5592981213085688], "centroid": [-0.04763864613357027, 1.3595486441023061, 0.9387354945990678], "normalizedAxes": [0.33095940947532654, 0.9436450004577637, 2.0953128131612512e-16, 0, -2.220446049250313e-16, 1, 0.9436450004577637, -0.33095940947532654, -7.348775132317054e-17]}, "segments": [46829, 25464], "label": "ceiling"}, {"objectId": 9, "id": 9, "partId": 9, "index": 20, "dominantNormal": [0.9220213890075684, -0.38713890314102173, -8.596210479905813e-17], "obb": {"axesLengths": [1.0547703560872588, 2.0599998967349546, 0.3078237442967525], "centroid": [-0.39075584782923967, 0.5568247430975082, -0.5199999686013936], "normalizedAxes": [0.38713890314102173, 0.9220213890075684, 2.0472987505461412e-16, 0, -2.220446049250313e-16, 1, 0.9220213890075684, -0.38713890314102173, -8.596210479905813e-17]}, "segments": [36871, 40423, 67374, 25611, 30719], "label": "door"}, {"objectId": 10, "id": 10, "partId": 10, "index": 21, "dominantNormal": [0, -2.220446049250313e-16, 1], "obb": {"axesLengths": [2.366399958685063, 0.9211499485116458, 1.8967589249532175], "centroid": [2.37401663028947, 0.08881684471003659, -1.1105749351831187], "normalizedAxes": [0.9465011954307556, -0.3227003514766693, -7.165387205280578e-17, 0, -2.220446049250313e-16, 1, -0.3227003514766693, -0.9465011954307556, -2.1016548400049198e-16]}, "segments": [13141, 71216, 38614, 42859, 57333, 20628, 77981, 58593, 41151, 12487, 4456, 49018, 16578, 14252, 49583, 27589, 8772, 77789, 9005, 55966, 56624, 56452, 54304, 79218, 76109, 78963, 9374, 57221, 77606, 59162, 77548, 12521, 11314, 59104, 57708, 8848, 9018, 9051, 9087, 9158, 9163, 9266, 9278, 9376, 9390, 9409, 9434, 9452, 9498, 9500, 9692, 9729, 9759, 9920, 9922, 9960, 10618, 10666, 11317, 11320, 11336, 12568, 12943, 13007, 13040, 13074, 13113, 16650, 16664, 16757, 19507, 19509, 19529, 19556, 19570, 19613, 19618, 19619, 19638, 23836, 23887, 24338, 24404, 24419, 24425, 24451, 24479, 24486, 24797, 26081, 26088, 32685, 38587, 38676, 38766, 38783, 42257, 42281, 42291, 42326, 42330, 42344, 42353, 42375, 42376, 42470, 42514, 42575, 42588, 42614, 42652, 42658, 42821, 42996, 43245, 43316, 43356, 44151, 44176, 44209, 44252, 45973, 46244, 46269, 46285, 46289, 46363, 46393, 46400, 46446, 46559, 46689, 47638, 47742, 47946, 48532, 48575, 48609, 51519, 51637, 54050, 54364, 54387, 54618, 54657, 56100, 56783, 57073, 57254, 57916, 58192, 59163, 59456, 61303, 63628, 63630, 63647, 63663, 63671, 63679, 63770, 63777, 63790, 63797, 64252, 64717, 64724, 65613, 65616, 65638, 65649, 65657, 66331, 66333, 66335, 66338, 66378, 69299, 69302, 70514, 70575, 70576, 70581, 70583, 70741, 70756, 70760, 70856, 70860, 70872, 70878, 70881, 70929, 71186, 72831, 72835, 72837, 72840, 72844, 72865, 72884, 72913, 72927, 72935, 72937, 73082, 73194, 73213, 73230, 76116, 76318, 76342, 76346, 76384, 77490, 77632, 78551, 79286, 79304, 80411, 38353, 32844, 16748, 9752, 10017, 16156, 16763, 19658, 32807, 46598, 46700, 57222, 59379, 59499, 69333, 78591, 57811, 16718], "label": "bed"}, {"objectId": 11, "id": 11, "partId": 11, "index": 22, "dominantNormal": [0.9637783765792847, -0.26670441031455994, -5.92202754200599e-17], "obb": {"axesLengths": [0.6077091941087763, 2.2599999399483206, 0.2538236791364002], "centroid": [3.615072479083868, 0.2706633491306434, -0.39999996651523095], "normalizedAxes": [0.26670441031455994, 0.9637783765792847, 2.140017888628353e-16, 0, -2.220446049250313e-16, 1, 0.9637783765792847, -0.26670441031455994, -5.92202754200599e-17]}, "segments": [76924, 77022, 34050, 77304, 77043, 35081, 51177, 29462, 30526, 30563, 34366, 34398, 34643, 34673, 34713, 34809, 39081, 39611, 46836, 50361, 52407, 52951, 67809, 73065, 73070, 77200, 77335, 77636, 79626, 79496, 77093, 52618, 54839, 54867, 55127, 55196, 55253, 55311, 55313, 55497, 57944, 76841, 77081, 77196, 77488, 79256, 79272, 79661, 55339, 79397, 9796, 9751, 79371, 9985], "label": "curtain"}, {"objectId": 12, "id": 12, "partId": 12, "index": 23, "dominantNormal": [0.8586971759796143, -0.5124833583831787, -1.1379416484284615e-16], "obb": {"axesLengths": [0.5539728432607643, 2.3324698880507806, 0.3772796796974329], "centroid": [4.197963816767626, 1.817388841878649, -0.39623497960750287], "normalizedAxes": [0.5124832987785339, 0.8586971759796143, 1.9066907519063353e-16, 0, -2.220446049250313e-16, 1, 0.8586971759796143, -0.5124832987785339, -1.1379415160795635e-16]}, "segments": [669, 776, 11686, 513, 6452, 121, 61957, 468, 1360, 73, 381, 384, 2509, 2850, 3923, 6844, 11685, 11715, 61921, 61988, 62093, 62892, 62894, 62933, 72618, 72734, 72592, 45244], "label": "curtain"}, {"objectId": 13, "id": 13, "partId": 13, "index": 24, "dominantNormal": [0, -2.220446049250313e-16, 1], "obb": {"axesLengths": [1.4869896107816851, 0.8345680050275917, 1.2182864749256328], "centroid": [2.871494651550666, 2.346447705574459, -1.1927159751027996], "normalizedAxes": [0.7284205555915833, -0.68513023853302, -1.521294731372569e-16, 0, -2.220446049250313e-16, 1, -0.68513023853302, -0.7284205555915833, -1.617418544856049e-16]}, "segments": [80219, 21210, 15881, 12882, 14826, 14838, 17757, 17855, 18510, 18826, 18835, 18857, 27198, 31518, 31567, 65405, 66248, 67613, 77268, 80346, 56632, 8089, 11935, 11954, 11964, 11975, 11992, 12021, 12038, 12053, 12136, 12156, 12170, 12172, 12647, 12678, 13442, 13469, 13476, 13485, 13494, 13504, 13517, 13522, 13526, 13533, 13542, 13551, 13585, 18294, 18488, 18768, 18874, 18881, 20148, 20175, 27221, 28013, 28020, 29268, 29271, 29277, 29326, 29349, 29430, 29432, 29460, 29477, 29720, 31535, 51702, 56614, 58395, 58885, 59911, 60068, 63622, 64194, 64311, 65237, 65269, 65375, 65882, 66986, 67100, 67122, 67162, 67166, 67174, 67202, 67287, 67291, 74926, 77374, 77381, 78165, 78187, 80102], "label": "table"}, {"objectId": 14, "id": 14, "partId": 14, "index": 25, "dominantNormal": [0.801768958568573, 0.5976341366767883, 1.3270143576810963e-16], "obb": {"axesLengths": [1.906540422168471, 2.4490699816703048, 1.304559338570589], "centroid": [1.4042440749435463, 3.9998425949926815, -0.2745350232880206], "normalizedAxes": [-0.5976341366767883, 0.801768958568573, 1.7802847164651259e-16, 0, -2.220446049250313e-16, 1, 0.801768958568573, 0.5976341366767883, 1.3270143576810963e-16]}, "segments": [74182, 49839, 48972, 49678, 48292, 47485, 21290, 21305, 21312, 22921, 23332, 23339, 23363, 23412, 23429, 23442, 23466, 24928, 26160, 26729, 29787, 29868, 30291, 30311, 30340, 30539, 30899, 31097, 31110, 31116, 31139, 31151, 31177, 31185, 31190, 31203, 31210, 31219, 31221, 31224, 31592, 31630, 31661, 31814, 31842, 31858, 31860, 31872, 31873, 31929, 31944, 31952, 31965, 31970, 32003, 33216, 33294, 33565, 34497, 34503, 34558, 34580, 34588, 34739, 34859, 34874, 34880, 34908, 34952, 34963, 35294, 35322, 35353, 35354, 35373, 35890, 36125, 36954, 37420, 38975, 38996, 39016, 39583, 40011, 41183, 42085, 43653, 43655, 43722, 45094, 45111, 45332, 45348, 45350, 45358, 45368, 45373, 45386, 45405, 45409, 45423, 45442, 45446, 46102, 46139, 46154, 46156, 46184, 46219, 47003, 47070, 47164, 47334, 47362, 47412, 47416, 47421, 47505, 47523, 47560, 47598, 47610, 47650, 47657, 47706, 47787, 47815, 47919, 47924, 47939, 47976, 48025, 48027, 48058, 48107, 48114, 48117, 48177, 48248, 48271, 48329, 48414, 48827, 49091, 49274, 49277, 49301, 49336, 49500, 49504, 49506, 49531, 49539, 49559, 49560, 49565, 49634, 49666, 49740, 49762, 66416, 66750, 66751, 67420, 67633, 67640, 67645, 67648, 67655, 68369, 68380, 68724, 68836, 69429, 69430, 69662, 69742, 70284, 70846, 72547, 72610, 72611, 72614, 72658, 72676, 72815, 72968, 72970, 72972, 72975, 73238, 73239, 73497, 73708, 73775, 73809, 74020, 41284, 39087], "label": "wall"}, {"objectId": 15, "id": 15, "partId": 15, "index": 26, "dominantNormal": [-0.38514992594718933, -0.9228540062904358, -2.0491475323024217e-16], "obb": {"axesLengths": [2.1209442441094124, 2.1454599020154785, 0.9610678036182992], "centroid": [3.3658408891276688, 2.785827687669145, -0.4827299897190953], "normalizedAxes": [0.9228540062904358, -0.38514992594718933, -8.552046314384872e-17, 0, -2.220446049250313e-16, 1, -0.38514992594718933, -0.9228540062904358, -2.0491475323024217e-16]}, "segments": [75058, 53653, 53675, 51034, 54108, 54197, 76001, 5097, 75957, 53448, 78709, 54188, 76056, 25631, 27074, 27425, 27454, 25915, 55641, 55670, 76834, 55512, 76685, 54194, 52286, 51111, 51175, 76793, 63160, 8873, 9594, 9654, 63735, 6587, 8037, 7889, 8135, 237, 258, 259, 2002, 2714, 2828, 2889, 3030, 3111, 3113, 3584, 3630, 3788, 3883, 3945, 3982, 4006, 4319, 4391, 4403, 4406, 4410, 4465, 4477, 4479, 4490, 4672, 4778, 4819, 4982, 5037, 5206, 5217, 5223, 5229, 5256, 5367, 6187, 6204, 6544, 6585, 6669, 6691, 6732, 6800, 6821, 7226, 7418, 7474, 7491, 7502, 7520, 7548, 7607, 7695, 7760, 7791, 7863, 8044, 8177, 8470, 8550, 8575, 8600, 8677, 8706, 8722, 8862, 9189, 9204, 9211, 9522, 9539, 9560, 9598, 10208, 10258, 10299, 10311, 10321, 10322, 10323, 10333, 10345, 10367, 10368, 10373, 10479, 10524, 10532, 10541, 10597, 10726, 10732, 11814, 11822, 11865, 11886, 11890, 11929, 11959, 13554, 17891, 17899, 17914, 17935, 18148, 18276, 18328, 18417, 18496, 18535, 18683, 18736, 18763, 18775, 19194, 20113, 20133, 20157, 20601, 25865, 25968, 26069, 27053, 27066, 27070, 27104, 27147, 27339, 27416, 27865, 27924, 27936, 27939, 28839, 29389, 29611, 29647, 29696, 29697, 29705, 29716, 29726, 50985, 51020, 51036, 51086, 52060, 52107, 52173, 52194, 52198, 52202, 52280, 52294, 52382, 52399, 53122, 53143, 53219, 53222, 53417, 53431, 53481, 53528, 53560, 53577, 53586, 53587, 53594, 54146, 54247, 54263, 54463, 54562, 54573, 54723, 54909, 54946, 55039, 55089, 55126, 55385, 55466, 55470, 55486, 55500, 55557, 55571, 55622, 55651, 55712, 56028, 56037, 56122, 56156, 56213, 56220, 56230, 56317, 56339, 56361, 57173, 57186, 57300, 57354, 58232, 58252, 58296, 58354, 58370, 58383, 58400, 58440, 58466, 58640, 58749, 58783, 58832, 58833, 58871, 59887, 60240, 60252, 62412, 62414, 62437, 62611, 62615, 62632, 62641, 62658, 62708, 62723, 62800, 62852, 62855, 63166, 63186, 63232, 63244, 63257, 63283, 63294, 63343, 63420, 63495, 63553, 63595, 63715, 63745, 63808, 63817, 63876, 63884, 63910, 63929, 63936, 63939, 63944, 63946, 63952, 64115, 64127, 65109, 65227, 65315, 65358, 65361, 65885, 66119, 66122, 66125, 66631, 66789, 66793, 66796, 66803, 66815, 66841, 66843, 66853, 66913, 67001, 67268, 67271, 67295, 74760, 74797, 75044, 75065, 75203, 75207, 75244, 75250, 75253, 75284, 75445, 75454, 75459, 75492, 75517, 75556, 75558, 75589, 75607, 75681, 75729, 75753, 75811, 75852, 75855, 75910, 75911, 75965, 76014, 76021, 76042, 76070, 76085, 76170, 76192, 76201, 76271, 76352, 76392, 76732, 76858, 76907, 77164, 77186, 77188, 78163, 78201, 78553, 78674, 78772, 79022, 80055, 80073, 80098, 4593, 7374, 62508, 3071, 4840, 62571, 54003, 55085, 2788, 3287, 4139, 4221, 5133, 6710, 6892, 19219, 54019, 54583, 55309, 63030, 65588, 55602, 20258, 18172, 65544, 20181, 27860, 28290, 51573, 51327, 65965], "label": "shelf"}, {"objectId": 16, "id": 16, "partId": 16, "index": 27, "dominantNormal": [-0.34866124391555786, -0.9372488260269165, -2.0811104529159608e-16], "obb": {"axesLengths": [1.0835503464523344, 2.209199975225329, 0.7026537132308937], "centroid": [1.9983310194169488, 3.145494227156603, -0.45460002528093924], "normalizedAxes": [0.9372488260269165, -0.34866124391555786, -7.741834815790002e-17, 0, -2.220446049250313e-16, 1, -0.34866124391555786, -0.9372488260269165, -2.0811104529159608e-16]}, "segments": [57554, 42014, 21508, 22291, 22593, 30666, 32826, 38114, 41843, 57812, 67795, 69168, 13183, 19171, 21446, 21488, 21683, 21693, 21839, 22459, 22464, 23557, 23618, 24150, 24245, 24270, 24317, 24364, 32289, 32293, 32317, 32340, 32364, 41909, 50461, 65535, 66457, 66468, 67667, 67669, 67675, 67681, 69955, 70122, 70219, 70233, 70237, 70240, 11578, 11579, 13154, 13200, 13205, 13207, 13210, 13230, 13240, 13265, 13269, 13323, 19145, 21709, 24132, 41189, 64045, 64269, 64305, 65509, 66477, 69831, 70299, 70302, 70335, 41232, 70294, 70346, 13209, 24630, 32768, 35933, 35969, 41176, 41196, 70340, 75571, 60381, 75577, 57552], "label": "cabinet"}, {"objectId": 18, "id": 18, "partId": 18, "index": 28, "dominantNormal": [0, -2.220446049250313e-16, 1], "obb": {"axesLengths": [0.7345662712488705, 0.5077609902375713, 0.7013003458280197], "centroid": [2.080286784700323, 3.0689130166691734, 0.6961194724283462], "normalizedAxes": [0.996995747089386, -0.0774562656879425, -1.7198745913647452e-17, 0, -2.220446049250313e-16, 1, -0.0774562656879425, -0.996995747089386, -2.2137752677439914e-16]}, "segments": [32513, 51544, 32586, 52776, 32531, 67777, 37994, 32540, 75366, 37968, 38069, 69137], "label": "box"}, {"objectId": 19, "id": 19, "partId": 19, "index": 29, "dominantNormal": [0.8977165222167969, -0.4405735731124878, -9.782698498217175e-17], "obb": {"axesLengths": [1.9057018855341459, 1.0473030273474069, 0.23608245750891813], "centroid": [1.4960905980418302, 1.9861286346047533, -0.9821684879008293], "normalizedAxes": [0.4405735433101654, 0.8977165222167969, 1.9933311051030175e-16, 0, -2.220446049250313e-16, 1, 0.8977165222167969, -0.4405735433101654, -9.782697836472685e-17]}, "segments": [50321, 74574, 17665, 17709, 50313, 50370, 50403, 50407, 50428, 50463, 65079, 74510, 74522, 74526, 79931, 79948, 17669, 17679, 17683, 17998, 18025, 18026, 18055, 57519, 59763, 65070, 65076, 65111, 65122, 65125, 65128, 65133, 79687, 15782, 15784, 15795, 16330, 18008, 17754, 17363, 65086, 65096, 65105, 17974, 65160, 17375, 17982, 18024, 18054, 18064, 50441, 57485, 65099, 65212, 79742, 16332, 79708, 17962, 64809, 64861, 15433, 15440, 15442, 15463, 15495, 15511, 15512, 15549, 15561, 15597, 15614, 15620, 15623, 15627, 16226, 16266, 16284, 16842, 16883, 16884, 16896, 64447, 64508, 64853, 64858, 64865, 64866, 64871, 64920, 43424, 2355, 2487, 15405, 15423, 16195, 35273, 35275, 35847, 43464, 62336, 62338, 64641, 68586, 68715, 68717, 70826, 70828, 70833, 68501, 2091, 2097, 15576, 62229, 64485, 64574, 1037, 838, 841, 871, 874, 918, 929, 930, 1021, 1110, 1179, 1946, 2202, 2205, 2524, 2530, 62341, 68419, 68441, 1924, 2220, 2345, 2318, 68426, 1215, 2273, 2297, 2330, 62016, 62191, 62210, 62295, 62305, 15382, 62179, 62318, 2445, 15519, 16988, 64818], "label": "bicycle"}, {"objectId": 21, "id": 21, "partId": 21, "index": 30, "dominantNormal": [0, -2.220446049250313e-16, 1], "obb": {"axesLengths": [1.1827488079860407, 0.26896899337390795, 0.7773398298812111], "centroid": [3.8113555602902247, 1.167739079437506, -0.7444844966552913], "normalizedAxes": [0.23727887868881226, 0.9714415669441223, 2.15703358939861e-16, 0, -2.220446049250313e-16, 1, 0.9714415669441223, -0.23727887868881226, -5.268649487551175e-17]}, "segments": [19596, 11616, 59653, 7976, 60435, 59693, 7959, 7999], "label": "clothes dryer"}, {"objectId": 22, "id": 22, "partId": 22, "index": 31, "dominantNormal": [0.9137752056121826, -0.40622028708457947, -9.019902315822825e-17], "obb": {"axesLengths": [0.8483341853411813, 1.2399999222159397, 0.26056223305894355], "centroid": [4.2442609066304655, 2.091464151512443, -0.9299999558609007], "normalizedAxes": [0.40622028708457947, 0.9137752056121826, 2.0289885452044634e-16, 0, -2.220446049250313e-16, 1, 0.9137752056121826, -0.40622028708457947, -9.019902315822825e-17]}, "segments": [45618, 72705, 7149, 39455, 6364, 6478, 7170, 11640, 62901, 7113, 45537], "label": "radiator"}, {"objectId": 23, "id": 23, "partId": 23, "index": 32, "dominantNormal": [0.91538405418396, -0.40258172154426575, -8.939109931033545e-17], "obb": {"axesLengths": [1.4172634608162966, 2.285680004529356, 0.5248287305917323], "centroid": [4.173459421506447, 0.9915128110238212, -0.41283999880574873], "normalizedAxes": [0.40258172154426575, 0.91538405418396, 2.0325609066595084e-16, 0, -2.220446049250313e-16, 1, 0.91538405418396, -0.40258172154426575, -8.939109931033545e-17]}, "segments": [41054, 61886, 61888, 47987, 29429, 29436, 33846, 34539, 39489, 39495, 39763, 41911, 42225, 43974, 61094, 67659, 67677, 67698, 67811, 67814, 70612, 42261, 69494, 94, 16302, 22148, 22196, 22202, 22207, 22212, 22696, 22786, 22789, 22815, 39291, 43101, 43571, 61142, 61161, 61181, 61189, 61194, 61195, 61424, 69503, 69510, 81092, 18860, 61849, 1155, 10450, 10870, 15583, 18397, 22390, 23089, 23095, 24123, 24745, 37734, 37810, 39239, 60187, 60545, 61140, 61143, 61145, 61406, 75264, 38288, 53171, 58330, 66957, 43020, 70782, 11036, 80467, 58930, 80551, 80520, 8328, 59298, 8229, 8240, 8246, 8295, 8332, 8334, 8371, 9123, 11056, 11078, 11093, 11096, 11140, 11144, 11161, 12229, 12238, 12245, 12251, 12318, 12331, 12974, 12976, 12994, 18674, 18692, 18710, 19050, 19111, 20207, 29234, 29422, 29483, 29700, 30183, 34534, 39231, 39458, 39464, 39476, 40161, 42869, 43030, 49829, 53272, 59135, 59196, 59204, 59238, 59247, 59265, 60770, 61106, 61241, 63392, 63394, 63503, 69111, 75818, 80453, 80500, 80504, 80505, 80514, 80541, 80545, 80548, 80591], "label": "window"}, {"objectId": 26, "id": 26, "initialPoint": [0.5986545226793132, 3.3509717831517465, -1.0345351716040172], "index": 35, "dominantNormal": [0.9565953612327576, -0.29141950607299805, -6.470812909342661e-17], "obb": {"axesLengths": [0.32999383601440696, 0.5608759397072506, 0.2510077710533255], "centroid": [0.5672726238761312, 3.4201582717072996, -1.2695619471152455], "normalizedAxes": [0.29141950607299805, 0.9565953612327576, 2.1240683905804526e-16, 0, -2.220446049250313e-16, 1, 0.9565953612327576, -0.29141950607299805, -6.470812909342661e-17]}, "segments": [29871, 68327, 71430, 71446], "partId": 26, "label": "roll"}, {"objectId": 27, "id": 27, "initialPoint": [0.4865316288728838, 3.182663611183137, -1.0939111203212764], "index": 36, "dominantNormal": [0.9304679036140442, 0.36637333035469055, 8.135122139367524e-17], "obb": {"axesLengths": [0.21841795377113002, 0.44794999551884834, 0.15055536509669734], "centroid": [0.45754728578528203, 3.242466764663465, -1.2739749259041657], "normalizedAxes": [-0.36637333035469055, 0.930467963218689, 2.0660539128829235e-16, 0, -2.220446049250313e-16, 1, 0.930467963218689, 0.36637333035469055, 8.135122139367524e-17]}, "segments": [34436, 34388], "partId": 27, "label": "roll"}, {"objectId": 28, "id": 28, "initialPoint": [0.7426845530508529, 3.637104361683212, -0.8855137534911919], "index": 37, "dominantNormal": [0.7019723653793335, 0.7122042179107666, 1.5814110419193708e-16], "obb": {"axesLengths": [0.7071917837518882, 0.7474799585160619, 0.811435857045789], "centroid": [0.8443587386091874, 3.55649305098032, -1.2037399433145703], "normalizedAxes": [0.7019723057746887, 0.7122042179107666, 1.5814110419193708e-16, 0, -2.220446049250313e-16, 1, 0.7122042179107666, -0.7019723057746887, -1.5586916330405403e-16]}, "segments": [68562, 35015, 35000, 35005, 35023, 35131, 35180, 35199, 35547, 37602, 37603, 37639, 37707, 44454, 68874, 69087, 69098, 44470, 35246, 35121, 35239, 35241, 37159, 37165, 37191, 37198, 37203, 37206, 37219, 37572, 37596, 37678, 37739, 37748, 37765, 37831, 44450, 44459, 44551, 44557, 44589, 44596, 44635, 44641, 44653, 44676, 44817, 68852, 68859, 68913, 68975, 69021, 69043, 71278, 71424, 71556, 71715, 33642, 37109, 37209, 37661, 40300, 44761, 44780, 44821, 44852, 44874, 44876, 44982, 71549, 33547, 36996, 37034, 37055, 37878, 68801, 68844, 68889, 71384, 71554, 33699, 40275, 35390, 40226], "partId": 28, "label": "clutter"}, {"objectId": 29, "id": 29, "initialPoint": [1.2765040103573626, 3.339432717054465, -1.295561737971824], "index": 38, "dominantNormal": [0.9583721160888672, -0.2855221927165985, -6.339866247908577e-17], "obb": {"axesLengths": [0.44819989484839756, 0.6956859671543693, 0.3706366258704576], "centroid": [1.406451971102284, 3.437223122658139, -1.2073369345347542], "normalizedAxes": [0.2855221927165985, 0.9583721160888672, 2.1280135788811876e-16, 0, -2.220446049250313e-16, 1, 0.9583721160888672, -0.2855221927165985, -6.339866247908577e-17]}, "segments": [69784, 24158, 40498, 32324, 40937, 70094, 34008, 40182, 40600, 40802, 40557, 24018, 24059, 24126, 24129, 24130, 24206, 24222, 24234, 24235, 24265, 24387, 24450, 24468, 24485, 24597, 32386, 32405, 32421, 32433, 33225, 33244, 33307, 33361, 33448, 37499, 38915, 38917, 40479, 40497, 40528, 40533, 40607, 40629, 40697, 40735, 40785, 40788, 40790, 40791, 40798, 40832, 40837, 40851, 40852, 40872, 40875, 40927, 40955, 66422, 66565, 66570, 67683, 67684, 67686, 67754, 67936, 68868, 69426, 69427, 69815, 69839, 69840, 69895, 69913, 69944, 69949, 69980, 69986, 69989, 69992, 69995, 69998, 70252, 70257], "partId": 29, "label": "bag"}], "scan_id": "c12890cc-d3df-2d0d-85cd-eebc3e1c4b62", "annId": "1749", "appId": "stk.v1"}