{"segGroups": [{"objectId": 15, "id": 15, "partId": 15, "index": 0, "dominantNormal": [0.9940340518951416, -0.10907042026519775, -2.4218498376792964e-17], "obb": {"axesLengths": [0.434045377952982, 0.9731429597777952, 0.33130716966009505], "centroid": [-0.14270930974735563, 2.696360698968201, -0.405982580274735], "normalizedAxes": [0.10907042026519775, 0.9940340518951416, 2.2071989833508479e-16, 0, -2.220446049250313e-16, 1, 0.9940340518951416, -0.10907042026519775, -2.4218498376792964e-17]}, "segments": [14907, 24994, 25115, 25044, 25098, 25107, 25160, 45632, 45638, 31351, 19633, 25215, 30135, 31342, 31349, 45667, 47823, 47827, 47830, 25137, 25018, 30409, 47936, 30382, 19684], "label": "lamp"}, {"objectId": 16, "id": 16, "partId": 16, "index": 1, "dominantNormal": [0, -2.220446049250313e-16, 1], "obb": {"axesLengths": [1.0987381061064958, 0.30411400711281567, 0.31759059683947954], "centroid": [0.6111866797605137, 0.10157943497289046, 0.44205689373485013], "normalizedAxes": [-0.14235644042491913, 0.9898154735565186, 2.1978318577453994e-16, 0, -2.220446049250313e-16, 1, 0.9898154735565186, 0.14235644042491913, 3.1609479572684924e-17]}, "segments": [43418, 9956, 43992, 43943, 3743, 4060, 4208, 4220, 7987, 9990, 37055, 44013, 9510, 3876, 4227, 43300, 38662, 43309, 3560], "label": "bookshelf"}, {"objectId": 17, "id": 17, "partId": 17, "index": 2, "dominantNormal": [0.9977030754089355, 0.0677393227815628, 1.5041151164921286e-17], "obb": {"axesLengths": [0.7597569065244948, 0.4645259872557374, 0.14087392606494722], "centroid": [0.5159448645867397, 0.18708296926101853, -0.45773708356014664], "normalizedAxes": [-0.0677393227815628, 0.9977030754089355, 2.2153458521166581e-16, 0, -2.220446049250313e-16, 1, 0.9977030754089355, 0.0677393227815628, 1.5041151164921286e-17]}, "segments": [34563, 36306, 36231, 10485, 36251, 36299, 49190, 49269, 7387, 7483, 10423, 10531, 12251, 34458, 34501, 34538, 48821, 49347, 7789, 10571, 12404, 34515, 36278, 49198], "label": "tv"}, {"objectId": 18, "id": 18, "partId": 18, "index": 3, "dominantNormal": [0, -2.220446049250313e-16, 1], "obb": {"axesLengths": [5.1468399069765525, 0.547919976385236, 2.4951327459059316], "centroid": [-1.910837994406201, 1.5661106956731292, 1.5960398797830937], "normalizedAxes": [0.7720552086830139, 0.6355554461479187, 1.4112165794786662e-16, 0, -2.220446049250313e-16, 1, 0.6355554461479187, -0.7720552086830139, -1.7143069379233243e-16]}, "segments": [823, 988, 6730, 8734, 6739, 8937, 4622, 4602, 44057, 3043, 3378, 3402, 3969, 4163, 3404, 3974, 3979, 7916, 43697, 43736, 43785, 43899, 44028, 3953, 8120, 8122, 44017, 39911, 36812, 2306, 2319, 4471, 27122, 27875, 31719, 26004, 26031, 18461, 4802, 5104, 8771, 8810, 8828, 8864, 24161, 27068, 18454, 7059, 28483, 4685, 44847, 45513, 27516, 4323, 4572, 13751, 28449, 43253, 43256, 43259, 4538, 18651, 18674, 3123, 19650, 24050, 43185, 3432, 44921, 19972, 19939, 44870, 3802, 9129, 4391, 44629], "label": "ceiling"}, {"objectId": 23, "id": 23, "partId": 23, "index": 5, "dominantNormal": [-0.5162198543548584, -0.8564561009407043, -1.9017145656901143e-16], "obb": {"axesLengths": [0.34547790026393166, 0.22000002369284566, 0.15441354204822166], "centroid": [-0.24727817516152717, 2.775857499477384, -0.760000068470836], "normalizedAxes": [0.8564561009407043, -0.5162198543548584, -1.1462383361468174e-16, 0, -2.220446049250313e-16, 1, -0.5162198543548584, -0.8564561009407043, -1.9017145656901143e-16]}, "segments": [15655, 15630], "label": "frame"}, {"objectId": 25, "id": 25, "partId": 25, "index": 7, "dominantNormal": [0, -2.220446049250313e-16, 1], "obb": {"axesLengths": [0.47537769561498694, 0.17798000176295625, 0.25840194183581305], "centroid": [-0.8425734386802625, 2.0196155905895354, -0.7410100588721789], "normalizedAxes": [0.9697092771530151, 0.24426208436489105, 5.42370780209669e-17, 0, -2.220446049250313e-16, 1, 0.24426208436489105, -0.9697092771530151, -2.1531871333757893e-16]}, "segments": [17164, 46116, 17198, 45932], "label": "pillow"}, {"objectId": 26, "id": 26, "partId": 26, "index": 8, "dominantNormal": [0.13173484802246094, -0.991284966468811, -2.2010947874769005e-16], "obb": {"axesLengths": [0.6172825253174238, 0.5416520116854006, 0.2828291437029786], "centroid": [-0.9349977159371967, 2.195914384150345, -0.5808260962927492], "normalizedAxes": [0.991284966468811, 0.13173484802246094, 2.925101228400638e-17, 0, -2.220446049250313e-16, 1, 0.13173484802246094, -0.991284966468811, -2.2010947874769005e-16]}, "segments": [46150, 29147, 23450, 46373], "label": "pillow"}, {"objectId": 27, "id": 27, "partId": 27, "index": 9, "dominantNormal": [0.12156654894351959, -0.9925832748413086, -2.2039776111733213e-16], "obb": {"axesLengths": [0.7598131940905216, 0.567700999207027, 0.45694172656455323], "centroid": [-0.9688367375082283, 2.4380869116734436, -0.5861495807137453], "normalizedAxes": [0.9925832748413086, 0.12156654894351959, 2.699319633226329e-17, 0, -2.220446049250313e-16, 1, 0.12156654894351959, -0.9925832748413086, -2.2039776111733213e-16]}, "segments": [46684, 27492, 20932, 23448, 47119, 24526, 47087, 29323, 47065], "label": "pillow"}, {"objectId": 28, "id": 28, "partId": 28, "index": 10, "dominantNormal": [0, -2.220446049250313e-16, 1], "obb": {"axesLengths": [0.4812653377749191, 0.16138100263369815, 0.3520075297621703], "centroid": [-1.833038590734799, 1.6906328345957498, -0.7093095974778494], "normalizedAxes": [0.999729573726654, 0.023254435509443283, 5.163521945448953e-18, 0, -2.220446049250313e-16, 1, 0.023254435509443283, -0.999729573726654, -2.2198455823000486e-16]}, "segments": [49477, 23820, 49143, 23858, 32713], "label": "pillow"}, {"objectId": 29, "id": 29, "partId": 29, "index": 11, "dominantNormal": [0, -2.220446049250313e-16, 1], "obb": {"axesLengths": [0.558753350668478, 0.37232600810395144, 0.3804772527483427], "centroid": [-1.7729403848917529, 1.9181320462453546, -0.663837095785804], "normalizedAxes": [0.9855841398239136, 0.16918593645095825, 3.756682441812448e-17, 0, -2.220446049250313e-16, 1, 0.16918593645095825, -0.9855841398239136, -2.188436409475777e-16]}, "segments": [23788, 17960, 36057, 42360, 23904], "label": "pillow"}, {"objectId": 30, "id": 30, "partId": 30, "index": 12, "dominantNormal": [0.3231336772441864, -0.9463533163070679, -2.1013264823889607e-16], "obb": {"axesLengths": [0.7869160083638114, 0.4997829683173525, 0.4862317059447934], "centroid": [-1.7413031115134974, 2.104986418821763, -0.6198915756518064], "normalizedAxes": [0.9463533163070679, 0.3231336772441864, 7.175008970165795e-17, 0, -2.220446049250313e-16, 1, 0.3231336772441864, -0.9463533163070679, -2.1013264823889607e-16]}, "segments": [28248, 23609, 44983, 21372, 49087, 16708], "label": "pillow"}, {"objectId": 31, "id": 31, "partId": 31, "index": 13, "dominantNormal": [0.11618298292160034, -0.9932278394699097, -2.205408832156385e-16], "obb": {"axesLengths": [0.781325813504788, 0.5799999703466896, 0.3877134046743915], "centroid": [-1.7857659597947249, 2.310853741410074, -0.6000000756233936], "normalizedAxes": [0.9932278394699097, 0.11618298292160034, 2.5797804541838408e-17, 0, -2.220446049250313e-16, 1, 0.11618298292160034, -0.9932278394699097, -2.205408832156385e-16]}, "segments": [15923, 15763, 15625, 44711, 19765, 46508, 21135, 27866], "label": "pillow"}, {"objectId": 32, "id": 32, "partId": 32, "index": 14, "dominantNormal": [0, -2.220446049250313e-16, 1], "obb": {"axesLengths": [1.3595783918393427, 0.16496502984393313, 0.9808634409173816], "centroid": [-0.8001512992410723, 1.3261376289688849, -0.7743255676852433], "normalizedAxes": [-0.10220267623662949, 0.9947636127471924, 2.2088189338624717e-16, 0, -2.220446049250313e-16, 1, 0.9947636127471924, 0.10220267623662949, 2.269355286724328e-17]}, "segments": [45970, 32390, 20768], "label": "blanket"}, {"objectId": 33, "id": 33, "partId": 33, "index": 15, "dominantNormal": [0, -2.220446049250313e-16, 1], "obb": {"axesLengths": [1.5292594822677388, 0.14600801141542177, 1.3186965542875249], "centroid": [-1.709274899806955, 1.152762574047628, -0.7830040633752053], "normalizedAxes": [-0.48330312967300415, 0.8754530549049377, 1.9438962770677864e-16, 0, -2.220446049250313e-16, 1, 0.8754530549049377, 0.48330312967300415, 1.0731485248727338e-16]}, "segments": [12817, 37355, 24397, 40115, 12331, 32427, 32700, 44353, 49187, 49481, 16402, 48703, 49123], "label": "blanket"}, {"objectId": 1, "id": 1, "partId": 1, "index": 17, "dominantNormal": [0, -2.220446049250313e-16, 1], "obb": {"axesLengths": [6.460157971102454, 0.26669000983185975, 5.284547667267497], "centroid": [-0.8362909672715672, 0.2502409823447729, -1.403345052450635], "normalizedAxes": [0.8837529420852661, -0.46795374155044556, -1.0390660366575889e-16, 0, -2.220446049250313e-16, 1, -0.46795374155044556, -0.8837529420852661, -1.96232572876657e-16]}, "segments": [37130, 33098, 32776, 33535, 33507, 13006, 16354, 13073, 31896, 15089, 806, 38226, 12177, 1009, 5632, 6445, 43585, 6559, 6263, 6548, 6551, 10, 23, 33, 41, 55, 84, 87, 95, 115, 117, 152, 153, 158, 217, 357, 361, 380, 1286, 1637, 4761, 4770, 4779, 4835, 4836, 4924, 4931, 4954, 5347, 5358, 5366, 5377, 5379, 5407, 5411, 5437, 5524, 5539, 5548, 5556, 5583, 5614, 5647, 5817, 5839, 5859, 6012, 6024, 6026, 6027, 6034, 6045, 6064, 6072, 6164, 6182, 6228, 6286, 6300, 6377, 6459, 6563, 11689, 12938, 13150, 13282, 13294, 13311, 13321, 13348, 13480, 13491, 13518, 13781, 13902, 13904, 15934, 16970, 17044, 20172, 20484, 23315, 23323, 29841, 31923, 33556, 33708, 35098, 38238, 40224, 40226, 40229, 40274, 40294, 43154, 43156, 43161, 43204, 43450, 43462, 43504, 43510, 43511, 43524, 43627, 43655, 43657, 43661, 43666, 43670, 43674, 43676, 43692, 44280, 44284, 44319, 44368, 45102, 45299, 45375, 45677, 45679, 45945, 47094, 48897, 49686, 51279, 24371, 6522, 6454], "label": "floor"}, {"objectId": 2, "id": 2, "partId": 2, "index": 18, "dominantNormal": [0, -2.220446049250313e-16, 1], "obb": {"axesLengths": [2.705742862326648, 1.9599999645352364, 2.5963597807130117], "centroid": [-1.4947901788766536, 1.3523076631240567, -0.5100000889599325], "normalizedAxes": [-0.10213375091552734, 0.9947706460952759, 2.2088345510324367e-16, 0, -2.220446049250313e-16, 1, 0.9947706460952759, 0.10213375091552734, 2.2678248371549824e-17]}, "segments": [23903, 31997, 36541, 49148, 12346, 24245, 30654, 33022, 33041, 29418, 30068, 48553, 35812, 35825, 51966, 36737, 36908, 37188, 50966, 38721, 37762, 14851, 49646, 24561, 14477, 18942, 18905, 47594, 21730, 12839, 14272, 14322, 14407, 14414, 14423, 14454, 14849, 14923, 15017, 15219, 15508, 15952, 15965, 16639, 16684, 17171, 17229, 17255, 17272, 17734, 19136, 19267, 20880, 20908, 21019, 21020, 21115, 21120, 21187, 21200, 21853, 23498, 23693, 23706, 23755, 26830, 27384, 27385, 27548, 27574, 27580, 27622, 27663, 27832, 27923, 27924, 27995, 28510, 28547, 28573, 28596, 28601, 28602, 28866, 28886, 32167, 33067, 35960, 36020, 36033, 37262, 38533, 40821, 44357, 44400, 44494, 44581, 44966, 44970, 45002, 45010, 45014, 45154, 46054, 46057, 46060, 46062, 46069, 46312, 46316, 46321, 46442, 46716, 46751, 46762, 46765, 46768, 46896, 46962, 46980, 47020, 47044, 47048, 47050, 49075, 49527, 49650, 49688, 51835, 17893, 17730, 34980, 35148, 11205, 18073, 32034, 47716, 25652, 48673, 29944, 25664, 12599, 47730, 29450], "label": "bed"}, {"objectId": 3, "id": 3, "partId": 3, "index": 19, "dominantNormal": [0.9739059805870056, -0.22695180773735046, -5.039342448606165e-17], "obb": {"axesLengths": [0.41391197737818086, 0.6071099950274078, 0.3904814774667756], "centroid": [-2.8581003757246455, 2.2830892466105945, -0.19355509556334494], "normalizedAxes": [0.22695180773735046, 0.9739059805870056, 2.1625056869356687e-16, 0, -2.220446049250313e-16, 1, 0.9739059805870056, -0.22695180773735046, -5.039342448606165e-17]}, "segments": [40377, 51804, 37253, 41175, 37277, 37647, 50767, 49600, 14443, 37442, 12011, 14233, 49735, 13788, 13881, 44349, 49731, 38534, 13856, 49628], "label": "lamp"}, {"objectId": 4, "id": 4, "partId": 4, "index": 20, "dominantNormal": [0.13466805219650269, -0.9908907413482666, -2.2002194318654724e-16], "obb": {"axesLengths": [5.098200868974711, 4.17999997332692, 0.5246426452769395], "centroid": [-1.5075591851001975, 2.658588139651846, 0.5999999154359097], "normalizedAxes": [0.9908907413482666, 0.13466805219650269, 2.9902314445995933e-17, 0, -2.220446049250313e-16, 1, 0.13466805219650269, -0.9908907413482666, -2.2002194318654724e-16]}, "segments": [16538, 39310, 3547, 40513, 35916, 22125, 6205, 38589, 30299, 11202, 50040, 17054, 10877, 7762, 20548, 12148, 12395, 9247, 50275, 22924, 11947, 14813, 1271, 1552, 1974, 2007, 2169, 2578, 3839, 6031, 6317, 7899, 7902, 8031, 8071, 8931, 9160, 9364, 9370, 9372, 10792, 10947, 10955, 11055, 11065, 11093, 11095, 11099, 11148, 11539, 12112, 12507, 12654, 12684, 12753, 12793, 13757, 13913, 13971, 14086, 14292, 14376, 14417, 14725, 15253, 15439, 15524, 15611, 15860, 16010, 16330, 16529, 17336, 18785, 19307, 19330, 19634, 19645, 20316, 20544, 20571, 22462, 23959, 25001, 29485, 29511, 29537, 29538, 29567, 29589, 29594, 30169, 32115, 32212, 32719, 37471, 37535, 37578, 37664, 37868, 38604, 38607, 39495, 42363, 42375, 42524, 43206, 43207, 43216, 43235, 43238, 43239, 43241, 43246, 43249, 44334, 46374, 46376, 46378, 47932, 48948, 49577, 49579, 50340, 50500, 50594, 51072, 51266, 51268, 3245, 3265, 598, 1261, 1454, 1783, 1922, 2189, 2195, 2200, 2475, 2644, 2780, 2785, 2810, 2829, 2871, 2913, 2919, 2940, 4110, 5674, 5703, 5716, 5946, 11495, 11546, 12722, 12751, 17862, 17983, 19054, 20630, 20698, 24810, 25725, 26507, 26956, 27556, 30355, 38692, 39485, 39622, 41123, 41415, 43252, 43427, 43431, 43470, 43484, 50422, 32817, 23508, 29494, 33269, 33789, 41406, 44338, 33586, 1842, 1392, 758, 27085, 16408, 20738, 720, 1434, 1577, 38273, 22867, 42174, 2857, 1155, 6200, 51073], "label": "wall"}, {"objectId": 6, "id": 6, "partId": 6, "index": 21, "dominantNormal": [0.9207664132118225, 0.390114426612854, 8.662280373280629e-17], "obb": {"axesLengths": [0.478061154107908, 0.8638829991843622, 0.42395849859509704], "centroid": [-1.3006321318734408, -0.07942509465744951, -1.2234385690069536], "normalizedAxes": [-0.390114426612854, 0.9207664132118225, 2.0445121444985726e-16, 0, -2.220446049250313e-16, 1, 0.9207664132118225, 0.390114426612854, 8.662280373280629e-17]}, "segments": [23335, 32523, 23365, 27410, 46981, 45867, 26588, 44522, 46078, 28960, 45881, 17068, 26544, 44499, 13818, 14298, 24373, 13870, 44363, 13779, 44362, 24418, 15373, 24493, 15896, 15379], "label": "side table"}, {"objectId": 7, "id": 7, "partId": 7, "index": 22, "dominantNormal": [0.783256471157074, -0.6216987371444702, -1.3804485047163478e-16], "obb": {"axesLengths": [0.4865054463117045, 1.2079650191672509, 0.45683279591700443], "centroid": [-0.9770585203963618, 0.2556514703620967, -1.0860176048572914], "normalizedAxes": [0.6216987371444702, 0.783256471157074, 1.7391787369304667e-16, 0, -2.220446049250313e-16, 1, 0.783256471157074, -0.6216987371444702, -1.3804485047163478e-16]}, "segments": [32336, 25674, 25708, 28716, 28660, 28097, 30863, 30881, 28162, 28724, 28697, 46848, 46840, 24590, 15830, 15785, 24677, 44693, 28928, 15758, 15771, 17584, 17749, 17843, 24640, 24649, 24655, 25743, 28124, 28145, 28708, 29888, 44668, 44691, 45697, 46533, 46955], "label": "side table"}, {"objectId": 8, "id": 8, "partId": 8, "index": 23, "dominantNormal": [0.17689020931720734, -0.9842305779457092, -2.1854308983509024e-16], "obb": {"axesLengths": [0.7001336386172422, 0.6999999724328521, 0.4262884460355476], "centroid": [-0.11153922995058929, 2.6770660973267413, -1.1400000850111245], "normalizedAxes": [0.9842305779457092, 0.17689020931720734, 3.9277516642945395e-17, 0, -2.220446049250313e-16, 1, 0.17689020931720734, -0.9842305779457092, -2.1854308983509024e-16]}, "segments": [17284, 17941, 16721, 19385, 24037, 17911, 47812, 24067], "label": "nightstand"}, {"objectId": 9, "id": 9, "partId": 9, "index": 24, "dominantNormal": [0.2602299153804779, -0.9655466675758362, -2.1439442833855708e-16], "obb": {"axesLengths": [0.6745181454606433, 0.8664400383880722, 0.4911735465247419], "centroid": [-2.772663058878387, 2.2627774626578336, -1.0832200758184494], "normalizedAxes": [0.9655466675758362, 0.2602299451828003, 5.778265536777745e-17, 0, -2.220446049250313e-16, 1, 0.2602299451828003, -0.9655466675758362, -2.1439442833855708e-16]}, "segments": [40065, 35720, 39025, 36898, 20324, 36755, 36896, 38911, 38924, 39542, 39640, 40038, 49986, 51053, 51059, 51062, 36659, 39585, 17484, 36721], "label": "nightstand"}, {"objectId": 10, "id": 10, "partId": 10, "index": 25, "dominantNormal": [0.9944093227386475, 0.10559388250112534, 2.3446551922462552e-17], "obb": {"axesLengths": [3.2856292898439814, 2.6113899362521624, 0.649911162653037], "centroid": [-3.33194629099348, 0.7145313450416519, -0.19569507362630278], "normalizedAxes": [-0.10559387505054474, 0.9944093227386475, 2.2080322520127093e-16, 0, -2.220446049250313e-16, 1, 0.9944093227386475, 0.10559387505054474, 2.3446550268101327e-17]}, "segments": [41548, 33357, 40338, 34583, 41998, 29415, 43153, 41950, 11919, 52670, 24003, 23566, 37089, 39816, 2036, 2411, 11379, 34224, 3664, 52657, 2450, 2839, 2472, 2972, 2991, 3007, 3583, 3586, 3649, 3688, 3699, 3707, 3713, 3720, 3725, 3739, 3779, 11266, 11274, 11291, 11292, 11298, 11299, 11327, 11367, 11406, 11824, 11842, 11874, 12675, 12697, 21277, 21295, 21595, 21601, 21637, 21827, 21883, 21922, 21930, 22126, 22165, 22172, 22208, 22270, 22309, 23033, 23633, 23678, 23713, 23791, 23793, 23800, 23866, 23890, 23896, 23914, 23993, 23999, 24048, 24176, 26639, 27267, 30611, 30635, 30659, 31032, 31058, 31072, 31087, 31089, 31102, 31104, 32372, 32881, 34303, 34316, 34333, 34361, 34366, 34375, 34391, 34423, 35284, 35342, 35876, 35882, 35947, 37733, 37775, 38601, 38728, 38776, 38778, 38779, 38781, 38809, 38811, 38889, 39242, 39679, 39695, 39696, 39709, 39735, 39767, 39776, 39790, 40920, 40933, 40981, 40986, 40989, 41015, 41037, 41047, 41249, 41281, 41287, 41305, 41494, 41882, 41889, 41987, 42000, 42007, 42446, 42620, 43486, 43492, 43714, 43717, 43718, 44354, 44924, 44927, 45016, 45021, 45027, 45108, 45114, 45124, 45139, 45145, 46297, 48290, 48296, 48816, 48882, 48952, 48958, 48961, 48962, 49310, 49311, 49962, 49964, 49969, 49975, 49978, 50949, 52022, 52390, 52392, 52440, 52445, 52447, 52451, 52455, 52459, 52462, 52473, 52494, 52529, 52798, 52803, 52807, 52813, 52816, 52823, 52825, 52827, 52829, 52834, 52857, 52864, 52866, 52869, 52890, 52910, 52911, 52935, 53033, 53041, 33641, 49887, 32388], "label": "wardrobe"}, {"objectId": 11, "id": 11, "partId": 11, "index": 26, "dominantNormal": [0.988411545753479, 0.15179787576198578, 3.370589935202912e-17], "obb": {"axesLengths": [3.8080222997768662, 4.349710009626073, 0.13542896140736285], "centroid": [-3.6607598004411237, 0.27352315695653484, 0.6980748858733103], "normalizedAxes": [-0.15179787576198578, 0.988411545753479, 2.1947145118017075e-16, 0, -2.220446049250313e-16, 1, 0.988411545753479, 0.15179787576198578, 3.370589935202912e-17]}, "segments": [30848, 38933, 27201, 9461, 9393, 9282, 5046, 6925, 9110, 10621, 35672, 33881, 13284, 14579, 13619, 10392, 8638, 10220, 9966, 14122, 4786, 5018, 5161, 6592, 6593, 6607, 6652, 7092, 7101, 7657, 8356, 8364, 8371, 8450, 8500, 8541, 8542, 9690, 9959, 10157, 10265, 13377, 14154, 14159, 14170, 14181, 14200, 14217, 14739, 25793, 25815, 43885, 43886, 43898, 44032, 44039, 44386, 44387, 46294, 4551, 5239, 7591, 4916, 5054, 4727, 4878, 4658, 4678, 4710, 4808, 4826, 4877, 10602, 24110, 28335, 28327, 46619, 26497, 24123, 24152], "label": "wall"}, {"objectId": 12, "id": 12, "partId": 12, "index": 27, "dominantNormal": [0.9902635812759399, 0.1392051875591278, 3.090976087508142e-17], "obb": {"axesLengths": [2.0125214865773406, 2.5199999246001252, 0.21303396613110653], "centroid": [0.6320708802430339, 0.33918401187432423, -0.21000012844800886], "normalizedAxes": [-0.1392051875591278, 0.9902635812759399, 2.1988268567606271e-16, 0, -2.220446049250313e-16, 1, 0.9902635812759399, 0.1392051875591278, 3.090976087508142e-17]}, "segments": [32875, 40413, 1566, 2105, 2158, 3574, 7365, 7367, 7416, 7552, 12219, 12231, 18724, 22294, 33910, 33965, 33975, 34151, 34162, 34176, 34178, 34183, 34188, 38012, 38054, 43221, 44293, 44295, 48791, 48801, 48808, 49870, 49980, 51889], "label": "wall"}, {"objectId": 13, "id": 13, "partId": 13, "index": 28, "dominantNormal": [0.9950872659683228, 0.09900186955928802, 2.1982831013131593e-17], "obb": {"axesLengths": [1.6581799000123703, 2.550009908899442, 0.26851647378708365], "centroid": [0.3304293296595866, 1.997706825450824, -0.23516508970040872], "normalizedAxes": [-0.09900186955928802, 0.9950872659683228, 2.2095375883786578e-16, 0, -2.220446049250313e-16, 1, 0.9950872659683228, 0.09900186955928802, 2.1982831013131593e-17]}, "segments": [45234, 39403, 17485, 47262, 26434, 53412, 26422, 47416, 27748, 24912, 25992, 48011, 30593, 29694, 48393, 31594, 18091, 13211, 31827, 12979, 13242, 34424, 35295, 30537, 27460, 40853, 42921, 276, 277, 399, 513, 515, 527, 853, 872, 946, 947, 956, 992, 996, 1022, 1033, 1285, 1357, 1380, 1638, 1672, 1699, 1707, 1716, 1749, 4269, 4286, 7193, 7264, 7298, 7343, 7351, 12041, 12214, 13442, 13444, 13462, 13486, 18084, 18136, 18163, 18167, 18182, 18192, 18216, 18251, 18328, 18349, 18350, 18766, 19143, 19186, 19230, 20002, 22318, 23088, 23220, 24056, 24061, 24247, 24896, 24924, 24944, 24998, 25116, 25231, 25272, 25879, 26083, 26140, 26161, 26175, 26185, 26235, 26262, 26287, 26321, 26340, 26363, 26401, 26405, 26478, 27349, 28854, 28869, 28909, 28967, 28974, 28979, 29038, 29076, 29086, 29148, 29192, 29259, 29260, 29261, 29306, 29345, 29362, 29367, 29652, 29683, 29716, 29722, 29723, 29792, 29803, 30474, 30475, 30498, 30544, 30590, 30591, 31194, 31196, 31310, 31538, 31611, 31631, 31642, 31672, 31756, 31839, 31851, 31853, 32640, 37980, 38018, 38643, 42844, 42869, 42889, 42904, 43315, 43321, 43326, 43330, 43887, 43892, 43894, 44762, 44785, 44788, 44797, 45199, 45291, 45294, 45339, 45416, 45726, 45734, 45763, 45768, 45772, 45789, 45832, 45854, 45942, 46299, 47203, 47443, 47484, 47493, 47513, 47515, 47521, 47551, 47679, 47693, 47940, 47949, 47955, 48142, 48350, 49654, 49677, 49984, 51839, 53120, 53136, 53229, 53271, 53314, 53320, 53344, 22321, 141, 53390, 33410, 33440, 18742, 49850, 49802, 33159, 49867], "label": "curtain"}, {"objectId": 14, "id": 14, "partId": 14, "index": 29, "dominantNormal": [0.9689337015151978, 0.2473205327987671, 5.4916189995150486e-17], "obb": {"axesLengths": [1.4731842745455328, 0.9265759976228475, 0.5100227449771391], "centroid": [0.5353974844106892, -0.010176260589253028, -1.006712091936648], "normalizedAxes": [-0.24732054769992828, 0.9689337015151978, 2.151465009514903e-16, 0, -2.220446049250313e-16, 1, 0.9689337015151978, 0.24732054769992828, 5.4916193303872936e-17]}, "segments": [36519, 10719, 7986, 4253, 7969, 8018, 10628, 10654, 10674, 10679, 10781, 44108, 44275, 44316, 45178, 48793, 48795, 4218, 7109, 51114, 11590, 14833], "label": "commode"}], "scan_id": "0cac7642-8d6f-2d13-8f9f-eb19016049fa", "annId": "6285", "appId": "stk.v1"}