{"segGroups": [{"objectId": 1, "id": 1, "partId": 1, "index": 0, "dominantNormal": [0.9911402463912964, -0.13281962275505066, -2.949188066093692e-17], "obb": {"axesLengths": [1.439877708768323, 2.3196398693403624, 0.2018192991846546], "centroid": [-1.1042581180006374, 0.7390068239280891, -0.1298200105170908], "normalizedAxes": [0.13281962275505066, 0.9911402463912964, 2.200773444352536e-16, 0, -2.220446049250313e-16, 1, 0.9911402463912964, -0.13281962275505066, -2.949188066093692e-17]}, "segments": [6551, 7040, 1055, 9860, 570, 8491, 10138, 10151, 10145], "label": "wall"}, {"objectId": 2, "id": 2, "partId": 2, "index": 1, "dominantNormal": [-0.14912539720535278, -0.9888182878494263, -2.1956176606817174e-16], "obb": {"axesLengths": [0.6343561270099133, 2.281549879575895, 0.09322619449541569], "centroid": [-0.9232081965831918, -0.03705681828231322, -0.11077501563485748], "normalizedAxes": [0.9888182878494263, -0.14912539720535278, -3.3112489906750927e-17, 0, -2.220446049250313e-16, 1, -0.14912539720535278, -0.9888182878494263, -2.1956176606817174e-16]}, "segments": [5096, 882, 673, 8693, 8647, 402, 603, 672, 824, 8641], "label": "wall"}, {"objectId": 3, "id": 3, "partId": 3, "index": 2, "dominantNormal": [-0.27034690976142883, -0.9627629518508911, -2.1377631928018806e-16], "obb": {"axesLengths": [1.6738222717363527, 2.31032986245312, 0.15984498831336205], "centroid": [-0.22074429052742234, 1.238603052853101, -0.12516500707346978], "normalizedAxes": [0.9627629518508911, -0.27034690976142883, -6.002907277067956e-17, 0, -2.220446049250313e-16, 1, -0.27034690976142883, -0.9627629518508911, -2.1377631928018806e-16]}, "segments": [1546, 1446, 9663, 5436, 615], "label": "wall"}, {"objectId": 4, "id": 4, "partId": 4, "index": 3, "dominantNormal": [0, -2.220446049250313e-16, 1], "obb": {"axesLengths": [2.4734293081804637, 0.36000000625848766, 2.024880698175773], "centroid": [-0.23470416366918218, 0.4463219798519035, -1.3299999777972704], "normalizedAxes": [-0.6159442663192749, 0.7877897620201111, 1.7492446647174e-16, 0, -2.220446049250313e-16, 1, 0.7877897620201111, 0.6159442663192749, 1.3676710127070166e-16]}, "segments": [5971, 2239, 3884, 457, 1709, 1714, 1718, 1722, 1756, 1765, 1775, 1788, 5234, 5258, 8778, 8785, 9518, 9522, 3444, 8817, 8826, 1931, 9360, 3246, 2541], "label": "floor"}, {"objectId": 5, "id": 5, "partId": 5, "index": 4, "dominantNormal": [0, -2.220446049250313e-16, 1], "obb": {"axesLengths": [0.5841563701258479, 0.17391800491695072, 0.3861224333901548], "centroid": [-0.9069376044891935, 0.3464820083752016, -0.8684700179442015], "normalizedAxes": [0.996632993221283, -0.08199157565832138, -1.8205787024232785e-17, 0, -2.220446049250313e-16, 1, -0.08199157565832138, -0.996632993221283, -2.2129697923507118e-16]}, "segments": [973, 989, 8614, 1022, 491], "label": "toilet"}, {"objectId": 6, "id": 6, "partId": 6, "index": 5, "dominantNormal": [0.7937818765640259, 0.6082025170326233, 1.3504808760891846e-16], "obb": {"axesLengths": [0.4388002739862873, 0.6053600175970785, 0.09821942381400979], "centroid": [-0.4634142125482772, -0.3315460355959562, -0.9526799946424368], "normalizedAxes": [-0.6082025170326233, 0.7937818765640259, 1.762549831783091e-16, 0, -2.220446049250313e-16, 1, 0.7937818765640259, 0.6082025170326233, 1.3504808760891846e-16]}, "segments": [817, 4544, 723, 800, 4567], "label": "door"}, {"objectId": 7, "id": 7, "partId": 7, "index": 6, "dominantNormal": [0.015522723086178303, -0.9998795390129089, -2.220178572127438e-16], "obb": {"axesLengths": [0.1628945642725969, 0.18992501072753187, 0.12993911808580358], "centroid": [-0.7294413598112852, 0.01381739240700236, -0.755037523693498], "normalizedAxes": [0.9998795390129089, 0.015522722154855728, 3.446736708235971e-18, 0, -2.220446049250313e-16, 1, 0.015522722154855728, -0.9998795390129089, -2.220178572127438e-16]}, "segments": [8731, 1009, 637, 997], "label": "toilet paper holder"}, {"objectId": 8, "id": 8, "partId": 8, "index": 7, "dominantNormal": [0.8562267422676086, 0.5166001915931702, 1.1470828544650095e-16], "obb": {"axesLengths": [0.7219416423450241, 2.041053964770123, 0.4526031960432426], "centroid": [-0.3216615079320681, 0.995902296557087, -0.2807229936706357], "normalizedAxes": [-0.5166001915931702, 0.8562267422676086, 1.9012052871305777e-16, 0, -2.220446049250313e-16, 1, 0.8562267422676086, 0.5166001915931702, 1.1470828544650095e-16]}, "segments": [3004, 1578, 9002, 9057, 1998, 1214, 9261, 2012, 3225, 3199, 9282, 3759, 5077, 1222, 1347, 2136, 3023, 3170, 3206, 4448, 5080, 5082, 8950, 9065, 8839, 6970, 6536, 9806, 6998, 6988, 6504, 7117, 3740, 5489, 5488, 5438, 2063], "label": "shower curtain"}, {"objectId": 9, "id": 9, "partId": 9, "index": 8, "dominantNormal": [0, -2.220446049250313e-16, 1], "obb": {"axesLengths": [1.5572494564962256, 0.06000006064772496, 0.824489833084156], "centroid": [-0.8758229610581485, 0.7363235212290584, 1.0399999739974732], "normalizedAxes": [0.40965864062309265, 0.9122388958930969, 2.0255772523582947e-16, 0, -2.220446049250313e-16, 1, 0.9122388958930969, -0.40965864062309265, -9.096249101127999e-17]}, "segments": [7427, 411], "label": "ceiling"}, {"objectId": 10, "id": 10, "partId": 10, "index": 9, "dominantNormal": [0.8779025077819824, 0.47883936762809753, 1.0632369820753274e-16], "obb": {"axesLengths": [0.22781382222914906, 0.5074129885268286, 0.18492569363752018], "centroid": [-1.0666532758188394, 1.054243876456952, -0.036410519039396405], "normalizedAxes": [-0.4788393974304199, 0.8779025077819824, 1.949335155031445e-16, 0, -2.220446049250313e-16, 1, 0.8779025077819824, 0.4788393974304199, 1.0632370482497764e-16]}, "segments": [6832, 6696, 9827, 6793, 7048, 7073, 6759, 7106, 6887, 6892, 6904, 7036, 9778], "label": "shower gel"}, {"objectId": 11, "id": 11, "partId": 11, "index": 10, "dominantNormal": [0.9837137460708618, -0.1797422617673874, -3.991079950247109e-17], "obb": {"axesLengths": [0.10692408925411655, 0.16865800130386638, 0.07625255507970274], "centroid": [-1.000381083764362, 1.3589852415768269, -0.06567102617015697], "normalizedAxes": [0.1797422468662262, 0.9837137460708618, 2.1842833010562708e-16, 0, -2.220446049250313e-16, 1, 0.9837137460708618, -0.1797422468662262, -3.991079619374864e-17]}, "segments": [7412], "label": "shampoo"}, {"objectId": 13, "id": 13, "partId": 13, "index": 12, "dominantNormal": [0.9866194725036621, -0.16304007172584534, -3.6202168313314095e-17], "obb": {"axesLengths": [1.274482532748235, 0.5018700249075136, 0.09717600976082223], "centroid": [0.4975081679471981, 0.43639465802269817, -1.020935000383817], "normalizedAxes": [0.16304005682468414, 0.9866194725036621, 2.1907353098341844e-16, 0, -2.220446049250313e-16, 1, 0.9866194725036621, -0.16304005682468414, -3.6202165004591645e-17]}, "segments": [1447, 6015, 2782, 6022], "label": "wall"}, {"objectId": 15, "id": 15, "partId": 15, "index": 13, "dominantNormal": [0.9060203433036804, 0.42323410511016846, 9.397684965998653e-17], "obb": {"axesLengths": [0.2236197537152834, 0.3199999856948854, 0.15226705249632183], "centroid": [-1.0492514585663137, 1.0756353871125326, -0.35000001043081297], "normalizedAxes": [-0.42323410511016846, 0.9060203433036804, 2.0117692918290695e-16, 0, -2.220446049250313e-16, 1, 0.9060203433036804, 0.42323410511016846, 9.397684965998653e-17]}, "segments": [6392, 6888, 9796, 6961, 6844], "label": "body loofah"}, {"objectId": 17, "id": 17, "partId": 17, "index": 14, "dominantNormal": [0, -2.220446049250313e-16, 1], "obb": {"axesLengths": [0.4582725734694461, 0.15325998917385966, 0.2640635141284851], "centroid": [0.3443184453300637, 0.9091445731758134, -1.206629988775477], "normalizedAxes": [0.6009801030158997, 0.7992640137672424, 1.7747226216774213e-16, 0, -2.220446049250313e-16, 1, 0.7992640137672424, -0.6009801030158997, -1.3344438954197006e-16]}, "segments": [2794, 5707, 1480], "label": "bin"}, {"objectId": 20, "id": 20, "initialPoint": [-1.0092549771877102, 0.1477956657528821, -1.20316725379023], "index": 16, "dominantNormal": [0, -2.220446049250313e-16, 1], "obb": {"axesLengths": [0.2009012183714827, 0.08814990323446903, 0.14516178392139112], "centroid": [-1.0914640725250457, 0.15872449059338195, -1.202904996583499], "normalizedAxes": [0.9976407289505005, -0.06865104287862778, -1.524359369367629e-17, 0, -2.220446049250313e-16, 1, -0.06865104287862778, -0.9976407289505005, -2.2152074151693413e-16]}, "segments": [1125], "partId": 20, "label": "toilet brush"}, {"objectId": 23, "id": 23, "initialPoint": [0.3583019463845858, -0.2601788637171172, -1.0045280502233003], "index": 17, "dominantNormal": [-0.17745603621006012, -0.9841287136077881, -2.185204714084206e-16], "obb": {"axesLengths": [1.109489615246303, 0.769960028604566, 0.21595323140405048], "centroid": [-0.12040839810375809, -0.1881935819737729, -0.8749800371010595], "normalizedAxes": [0.9841287136077881, -0.1774560511112213, -3.94031587605473e-17, 0, -2.220446049250313e-16, 1, -0.1774560511112213, -0.9841287136077881, -2.185204714084206e-16]}, "segments": [6267, 5197, 9326, 9625, 537, 4508, 4490, 8652, 726], "partId": 23, "label": "doorframe"}], "scan_id": "d7d40d3e-7a5d-2b36-97b3-dd11abc0e876", "annId": "6220", "appId": "stk.v1"}