{"segGroups": [{"objectId": 21, "id": 21, "partId": 21, "index": 0, "dominantNormal": [0.3204924762248993, -0.9472510814666748, -2.1033199214907645e-16], "obb": {"axesLengths": [1.5087275497453259, 2.6144599330173435, 0.49974066000733297], "centroid": [4.010910143511637, 0.6100291395743904, -0.248870104576572], "normalizedAxes": [0.9472510814666748, 0.3204924762248993, 7.116362526480275e-17, 0, -2.220446049250313e-16, 1, 0.3204924762248993, -0.9472510814666748, -2.1033199214907645e-16]}, "segments": [34307, 42949, 40327, 39750, 14696, 14748, 40395, 42318, 43190, 48325, 48351, 48359, 52477, 56512, 56579, 124035, 130574, 131967, 131985, 131990, 44058, 131867, 42028, 14762, 48218, 56509, 56550, 129656, 132507, 132590, 14844, 88265, 132000], "label": "wall"}, {"objectId": 22, "id": 22, "partId": 22, "index": 1, "dominantNormal": [0, -2.220446049250313e-16, 1], "obb": {"axesLengths": [7.676720482509009, 0.16310006015524126, 8.049609001566944], "centroid": [1.715592299835575, -1.2614878660456201, 1.0315499019276353], "normalizedAxes": [0.7769066095352173, 0.6296159029006958, 1.3980281441410187e-16, 0, -2.220446049250313e-16, 1, 0.6296159029006958, -0.7769066095352173, -1.7250792117789288e-16]}, "segments": [87234, 94040, 35938, 36124, 37614, 8189, 84253, 85047, 2496, 6638, 9948, 9956, 33388, 37390, 37394, 37401, 37428, 37433, 37870, 37963, 38083, 38109, 38118, 38122, 38129, 38152, 39510, 39531, 39552, 39601, 39649, 39650, 40397, 40420, 42087, 55076, 55097, 55106, 55865, 62768, 81951, 85223, 87545, 98490, 99300, 99505, 100545, 100563, 104888, 114759, 117582, 123545, 127903, 127904, 127916, 127918, 127929, 128188, 128190, 130755, 138056, 144499, 151725, 6475, 112273, 112423, 122765, 151839, 33666, 117647, 28184, 93501, 144473, 89235, 7032, 47924, 50292, 150886], "label": "ceiling"}, {"objectId": 26, "id": 26, "partId": 26, "index": 2, "dominantNormal": [0.8174318075180054, 0.5760254263877869, 1.2790333822904884e-16], "obb": {"axesLengths": [2.3127793056356256, 2.6371700174248947, 0.2358898467090667], "centroid": [4.0301488421325296, 1.7681726285087356, -0.24858507517162676], "normalizedAxes": [-0.5760254263877869, 0.8174317479133606, 1.8150630951859994e-16, 0, -2.220446049250313e-16, 1, 0.8174317479133606, 0.5760254263877869, 1.2790333822904884e-16]}, "segments": [55050, 51670, 130515, 93870, 51482, 130522, 113439, 93034, 141371, 33659, 97756, 88844, 88931, 34185, 49982, 132445, 56884, 44318, 127327, 25218, 132470], "label": "wall"}, {"objectId": 27, "id": 27, "partId": 27, "index": 3, "dominantNormal": [0.23019737005233765, -0.9731439352035522, -2.1608136062746303e-16], "obb": {"axesLengths": [2.7491851945072634, 0.9869119900410173, 0.4283612400754369], "centroid": [-0.27742282563145704, -1.6157092225504741, 0.045968913377024245], "normalizedAxes": [0.9731439352035522, 0.23019738495349884, 5.1114087396774997e-17, 0, -2.220446049250313e-16, 1, 0.23019738495349884, -0.9731439352035522, -2.1608136062746303e-16]}, "segments": [66548, 63821, 64780, 66659, 66683, 67052, 67102, 67119, 67179, 67180, 67190, 69172, 69309, 69336, 69370, 69397, 69443, 69465, 69515, 69587, 69598, 134306, 134618, 134622, 69489, 134637, 69268, 69169, 69329, 95072, 66488, 68944, 68964, 69023, 74989, 75041, 75425, 78663, 78814, 79978, 79981, 80728, 82646, 82723, 82738, 94471, 94649, 94886, 95032, 134581, 135652, 135653, 135675, 136334, 136352, 136356, 136475, 139276, 146666, 146682, 63473, 77735, 56774, 63488, 66713, 66911, 67088, 67240, 67288, 67473, 71112, 74662, 84240, 84729, 84738, 84744, 89703, 89753, 91474, 133554, 133685, 139286, 145152, 78521, 136598, 66170, 66228, 69254, 75318, 75490, 80706, 82774, 89507, 109035, 134653, 136319, 136588, 136958, 75389, 69189, 69284, 69481, 74653, 74960, 77413, 77426, 80717, 82736, 84400, 94596, 94674, 94916, 95150, 103129, 108921, 108949, 134230, 134656, 134804, 135625, 136489, 136592, 136955, 146687, 69640, 65109, 65124, 65851, 66255, 67217, 67220, 67236, 69556, 69708, 69743, 75045, 75486, 75501, 75516, 80681, 82792, 89385, 95242, 100860, 101833, 103163, 103188, 103861, 109103, 134202, 134227, 135682, 135689, 136582, 136617, 143781, 143798, 143820, 144212, 144215, 144242, 144260, 144266, 144594, 67789, 134266, 108959, 67378, 66867, 66980, 67254, 67538, 78618, 86844, 86853, 94808, 101802, 101842, 103023, 103104, 103856, 108961, 109114, 109126, 133629, 134739, 139932, 144119, 144174, 146674, 64282], "label": "clothes"}, {"objectId": 28, "id": 28, "partId": 28, "index": 4, "dominantNormal": [0, -2.220446049250313e-16, 1], "obb": {"axesLengths": [7.741850435791431, 0.4800000083446504, 5.791663830791248], "centroid": [1.7361169198879214, -0.3573447134443759, 0.8499999098479738], "normalizedAxes": [0.9957605004310608, 0.0919840931892395, 2.0424571631591948e-17, 0, -2.220446049250313e-16, 1, 0.0919840931892395, -0.9957605004310608, -2.2110324691816636e-16]}, "segments": [133398, 60555, 62006, 70749, 88105, 53931, 132273, 60488, 70735, 138296, 70439, 71595, 52979, 86573, 32804, 85693, 88456, 98763, 137921, 138403, 152507, 72021, 61725, 60022, 60919, 117377, 98816, 51998, 54305, 54429, 106741, 59159, 54435, 71883, 132607, 134969, 59400, 65439, 69816, 83315, 106594, 115074, 135924, 145834, 145841, 115953, 59095, 83305, 132615, 135761, 140630, 59403, 51951, 59044, 59687, 61684, 62308, 64004, 65280, 71806, 71845, 71871, 97879, 97900, 97942, 111532, 115115, 115154, 115869, 133842, 135776, 143927, 147440, 147630, 57249, 57310, 132512, 132554, 132620, 145497, 70526, 57221, 59689, 61331, 61333, 69862, 73166, 73169, 73355, 73382, 73988, 74254, 74267, 74437, 74448, 74454, 74500, 75896, 93226, 106230, 106235, 106250, 106265, 106279, 106349, 106730, 115910, 135395, 135396, 135463, 135786, 144688, 145460, 145642, 73162, 51830, 54275, 56729, 57270, 61341, 74029, 74119, 93216, 132172, 134938, 134950, 135555, 138457, 70547, 71586, 32316, 56677, 57332, 74052, 145299, 65709, 135513, 53147, 56714, 59366, 61355, 135558, 119177, 106323, 93252, 52910, 53133, 56718, 56761, 130588, 130597, 150223, 51403, 49868, 135460, 135466, 51752, 52820, 53299, 53315, 54245, 54324, 54352, 54416, 57219, 58193, 59281, 59311, 60821, 63910, 63978, 69762, 69773, 71772, 71789, 72142, 72196, 72249, 72297, 73475, 73506, 73543, 74166, 74186, 74519, 74732, 75818, 76025, 76066, 83202, 83280, 88434, 98717, 102414, 102418, 102448, 102454, 103516, 104213, 104225, 104262, 106713, 111421, 115336, 115475, 117346, 132552, 132600, 134982, 135393, 135412, 135438, 135770, 140618, 144685, 144721, 145653, 145894, 147407, 147419, 152504, 148864, 132588, 117847, 108481, 119678, 150288, 116696, 149566, 148423, 58534, 58344, 140200, 95632, 70020, 936, 1092, 1182, 1204, 1212, 1289, 1450, 1496, 1509, 1514, 1523, 1527, 1551, 1564, 1596, 1607, 1685, 1738, 2239, 2355, 2393, 2633, 4971, 5353, 5356, 5391, 5451, 5580, 5708, 5758, 5772, 5933, 8915, 8973, 8986, 8999, 9002, 9241, 9266, 9325, 9354, 9369, 9647, 9658, 9671, 9700, 9731, 9771, 10008, 10029, 10045, 10081, 11351, 11645, 11679, 12364, 12386, 12391, 14616, 14632, 15444, 15465, 15594, 15656, 15780, 15792, 15951, 17375, 17537, 17881, 18361, 22773, 22787, 22870, 22895, 22901, 22932, 22938, 23136, 23142, 23213, 23220, 23234, 23266, 23276, 23279, 23406, 23516, 25166, 25197, 28889, 32350, 32507, 32529, 32766, 32897, 32931, 32968, 33053, 33458, 33502, 36834, 36843, 36853, 36855, 36858, 36867, 36890, 36909, 36942, 37064, 37098, 37156, 37181, 37194, 37911, 37917, 38011, 38164, 38215, 38222, 38256, 38264, 38273, 39278, 39300, 39324, 40459, 40471, 40940, 41923, 42101, 42104, 46853, 46855, 46868, 47173, 48941, 49103, 49119, 49194, 49203, 49249, 49301, 49352, 50151, 50157, 50158, 50160, 50264, 50873, 52331, 52563, 52596, 54182, 54232, 55066, 55388, 57092, 57544, 58058, 58103, 58270, 58439, 58530, 58656, 59788, 60199, 60229, 60452, 60974, 61066, 61075, 61109, 61135, 61199, 61330, 61980, 62398, 62414, 62423, 62451, 62453, 62505, 62506, 62507, 62510, 62548, 62581, 64821, 66087, 67460, 67577, 67580, 67603, 67619, 68427, 68450, 68464, 68640, 68686, 68693, 68732, 68739, 68746, 68776, 68782, 68796, 68820, 68879, 68890, 68906, 70104, 70342, 70994, 71006, 71035, 71068, 71460, 71483, 71511, 71670, 71688, 71727, 71944, 72447, 72496, 72531, 72537, 72538, 72539, 72542, 72556, 72574, 72657, 72825, 73697, 73744, 73765, 73768, 74502, 74508, 74612, 74698, 76060, 76150, 76176, 76189, 76207, 76216, 76236, 76381, 76502, 76701, 76710, 76712, 76872, 76907, 76941, 76983, 77090, 78008, 81076, 81112, 81145, 81230, 81237, 81704, 81708, 81765, 81806, 81852, 83011, 83289, 83718, 83743, 83758, 84058, 84211, 84296, 84310, 84317, 84519, 84566, 84639, 85822, 85910, 85996, 86346, 88082, 88135, 88139, 88666, 88722, 88954, 89050, 89064, 89072, 89120, 92934, 93547, 93566, 93582, 93605, 93630, 93672, 93886, 93907, 93932, 93952, 94033, 94609, 95545, 95575, 95580, 95594, 95597, 95605, 95755, 95782, 95980, 96055, 96072, 96889, 96918, 96943, 96989, 97100, 97615, 97653, 97779, 98287, 98924, 99124, 99130, 99175, 99182, 99389, 99418, 100898, 100908, 100973, 100977, 100983, 101043, 101045, 101132, 101164, 101168, 101197, 101579, 102012, 102024, 102078, 102084, 102242, 102294, 102336, 102338, 102510, 103353, 103361, 103778, 104953, 104962, 104976, 104990, 105192, 105427, 105453, 105569, 105991, 105993, 106031, 106056, 106478, 106645, 106817, 107869, 107877, 107888, 107968, 107976, 107983, 108014, 108085, 108131, 108140, 108151, 108152, 108342, 108345, 108348, 108405, 108445, 108520, 108528, 108632, 108800, 109008, 109115, 109444, 109474, 110141, 110467, 110470, 111308, 111518, 111661, 111664, 111697, 111718, 111722, 112043, 112083, 112097, 113102, 113308, 113474, 113476, 113620, 114115, 114135, 114139, 114175, 114181, 114184, 114200, 114268, 114298, 114622, 114857, 114906, 115404, 115560, 115565, 115602, 115621, 115813, 115819, 115835, 115855, 116542, 116550, 116552, 116558, 116561, 116629, 116631, 117000, 117011, 117213, 117232, 117334, 117340, 117353, 117404, 117443, 117450, 117581, 117616, 117655, 117665, 117677, 117701, 117704, 117719, 117725, 117798, 117834, 117893, 117953, 117984, 118487, 118513, 118562, 119040, 119049, 119055, 119438, 119444, 119654, 119657, 120043, 120084, 120089, 120099, 121727, 121873, 122648, 122655, 122706, 122716, 122764, 122779, 123566, 124386, 124504, 124505, 124520, 126127, 126159, 127805, 127827, 127838, 127923, 127955, 128555, 129992, 130685, 130790, 130805, 131106, 131122, 131126, 131456, 132308, 133170, 133175, 133370, 133449, 134317, 134545, 134556, 134558, 134822, 134846, 134875, 134945, 134958, 135089, 135128, 135188, 135203, 135347, 135349, 135352, 135354, 135357, 135380, 135389, 135963, 136049, 136054, 136062, 136368, 136379, 136401, 136832, 137122, 137142, 137170, 137394, 137565, 137920, 138509, 139754, 139930, 139945, 139950, 139976, 140332, 140756, 140886, 141294, 143218, 143247, 143282, 143284, 143292, 143322, 143874, 143879, 143912, 143919, 144271, 144304, 144379, 144779, 144798, 144820, 145185, 145649, 145875, 146347, 146385, 146652, 146658, 146997, 147391, 147517, 147606, 147652, 147661, 147927, 147936, 147937, 147950, 147963, 147970, 147973, 147976, 147990, 148046, 148283, 148412, 148419, 148481, 148642, 148679, 148706, 148748, 148755, 148890, 148906, 148949, 148954, 148972, 149010, 149017, 149250, 149253, 149315, 149614, 149668, 149675, 149676, 149761, 149785, 149790, 149796, 149850, 150077, 150119, 150631, 150634, 150675, 150695, 150696, 12375, 138430, 86459, 150370, 138407, 2444, 15658, 16117, 16199, 28530, 78041, 122534, 138411, 120375, 265, 539, 556, 661, 1621, 1763, 2054, 2134, 2185, 2187, 2190, 2213, 2235, 2372, 2555, 3160, 3183, 3330, 4519, 15837, 16001, 16004, 16124, 16132, 16383, 25986, 26480, 35243, 36704, 38280, 38443, 38686, 39071, 39769, 39936, 39965, 39993, 40070, 40089, 40117, 40248, 40252, 62205, 62477, 70277, 84083, 84110, 89023, 94753, 94773, 94790, 94792, 94820, 94849, 96019, 98348, 98384, 98464, 98864, 111221, 120116, 120137, 120262, 120571, 120573, 122503, 122521, 122542, 123202, 127266, 127544, 127547, 127550, 127607, 127669, 130547, 130550, 135213, 140022, 140051, 140820, 150117, 9331, 47001, 320, 341, 635, 640, 697, 725, 749, 752, 776, 887, 1751, 5620, 5648, 9643, 11045, 13967, 14665, 15826, 16109, 16155, 16368, 16610, 16982, 17022, 17855, 17885, 23569, 27700, 27945, 28094, 28860, 29873, 29893, 29913, 31063, 33789, 33793, 38233, 38540, 38845, 41462, 46199, 46674, 46676, 46726, 46739, 46885, 46974, 47095, 47157, 47194, 47752, 47815, 48234, 54167, 54855, 54857, 56912, 60323, 60475, 60549, 60573, 62543, 62905, 63318, 63339, 63459, 76586, 76626, 76632, 77359, 81313, 81322, 81499, 81523, 96130, 96183, 96187, 96191, 97159, 97217, 97311, 99718, 99721, 99731, 99770, 102316, 102323, 103533, 104048, 107668, 107705, 114035, 114070, 117143, 118876, 120000, 120428, 122478, 122540, 122568, 122692, 122744, 122748, 122754, 122939, 123244, 123301, 123561, 123620, 127247, 127251, 127268, 127289, 127315, 127643, 127858, 130107, 130168, 130392, 130411, 130447, 130462, 130555, 132110, 132593, 136186, 138766, 138780, 138783, 138787, 138790, 140128, 141679, 143001, 144617, 144619, 146200, 146205, 146209, 146298, 148175, 148548, 5579, 27785, 29386, 29709, 84109, 100531, 139218, 404, 417, 446, 5213, 5258, 5290, 5324, 5359, 5376, 5410, 5480, 5741, 5885, 11838, 11895, 11984, 11986, 12006, 12015, 12030, 16625, 16819, 21470, 21675, 22603, 22618, 22668, 22690, 23068, 23293, 23328, 24182, 24247, 29665, 30309, 30358, 30991, 33252, 36777, 36784, 37043, 46584, 60317, 61961, 67910, 68055, 68132, 68216, 68260, 69073, 71156, 72644, 78670, 78734, 79016, 79045, 79202, 79254, 79259, 79314, 80754, 80844, 80883, 80901, 81017, 82556, 82619, 83434, 85333, 85370, 88260, 89503, 89601, 89613, 89729, 89749, 91176, 91602, 95260, 96886, 97237, 97595, 98010, 98041, 98053, 98072, 98116, 98132, 98872, 99908, 99923, 99924, 100524, 101278, 101289, 102580, 102596, 105240, 105246, 106811, 107074, 107125, 107536, 111014, 112553, 117038, 121239, 122413, 122416, 122429, 122439, 122442, 122678, 122733, 122925, 122928, 122952, 124814, 124821, 125265, 125651, 125725, 126188, 126193, 126194, 130070, 130092, 132052, 132166, 135245, 135684, 136058, 138305, 138712, 138741, 140666, 146150, 146191, 147567, 148160, 150444, 437, 21091, 21101, 21116, 21708, 21709, 21732, 22491, 22583, 22654, 22904, 24864, 26260, 46153, 46609, 47475, 47488, 65747, 65757, 72738, 81420, 85738, 86220, 86240, 86290, 86611, 86647, 87326, 87332, 87384, 87395, 88245, 88584, 88590, 89576, 93283, 101198, 106222, 107335, 107396, 109698, 111034, 112171, 119233, 122666, 124752, 125539, 137948, 138500, 138504, 138506, 147018, 148521, 148881, 119845, 150458, 376, 24601, 24886, 25105, 34986, 35219, 47508, 49086, 49178, 49232, 49307, 49308, 57647, 62085, 65754, 78900, 80991, 81047, 82063, 85345, 85405, 88780, 89956, 90040, 90041, 90070, 90114, 91269, 91389, 91435, 91574, 91631, 91705, 91993, 92142, 92163, 92632, 92677, 98976, 99008, 109894, 109960, 111177, 111209, 119828, 125414, 129995, 130601, 130627, 130632, 132520, 138038, 138813, 138816, 138818, 139091, 139117, 139130, 139247, 139319, 139405, 150518, 91331, 92264, 92708, 139516, 91761, 69094, 74104, 76525, 76696, 76705, 78916, 82873, 91275, 91355, 91379, 91402, 91409, 91428, 91736, 91980, 92605, 92641, 92837, 135266, 139315, 139554, 109675, 96728, 125405, 30194], "label": "pipe"}, {"objectId": 29, "id": 29, "partId": 29, "index": 5, "dominantNormal": [-0.3499298393726349, 0.9367759227752686, 2.0800603967591614e-16], "obb": {"axesLengths": [0.3513425386151621, 2.6004599943654227, 0.43049066475297637], "centroid": [-0.6502667081492106, -0.7954468420845883, -0.250980108954459], "normalizedAxes": [-0.3499298393726349, 0.9367759227752686, 2.0800603967591614e-16, 0, -2.220446049250313e-16, 1, 0.9367759227752686, 0.3499298393726349, 7.770003293497638e-17]}, "segments": [56540, 55956, 13, 121003, 98160, 102813, 132341, 103923, 120980, 40369, 60887, 102906], "label": "pillar"}, {"objectId": 30, "id": 30, "partId": 30, "index": 6, "dominantNormal": [0.9665560126304626, 0.25645554065704346, 5.694456920602852e-17], "obb": {"axesLengths": [2.1451187678647314, 0.6234599808575214, 0.23548869885697354], "centroid": [1.2325404570104488, -1.8927205706353476, 0.741729892975167], "normalizedAxes": [-0.25645554065704346, 0.9665560126304626, 2.1461854796244465e-16, 0, -2.220446049250313e-16, 1, 0.9665560126304626, 0.25645554065704346, 5.694456920602852e-17]}, "segments": [75500, 74409, 85438, 142863, 63553, 63569, 63775, 64069, 64259, 64404, 73963, 74193, 100066, 100111, 101694, 133769, 142705, 142708, 143748, 64094, 100091, 143751, 63551, 99993, 143768, 143773, 101758, 99965, 100018, 100100, 101704, 133854, 143570, 143725, 143586, 101612, 63527, 133866, 32252, 57813, 57835, 57867, 57871, 57882, 65816, 98406, 100085, 100904, 101626, 101643, 101650, 101683, 101698, 103769, 103823, 106080, 107905, 132537, 132539, 133851, 142962, 143652, 143669, 143697, 144584, 144586, 144590, 146357, 32703, 134339], "label": "beam"}, {"objectId": 31, "id": 31, "partId": 31, "index": 7, "dominantNormal": [0.41460633277893066, -0.9100008606910706, -2.0206078159358721e-16], "obb": {"axesLengths": [0.7760389265706198, 1.2318719648151402, 0.3862470480646885], "centroid": [-0.49903494508400437, 1.4348514344287309, -0.21406407734608646], "normalizedAxes": [0.9100008606910706, 0.41460633277893066, 9.206109936131372e-17, 0, -2.220446049250313e-16, 1, 0.41460633277893066, -0.9100008606910706, -2.0206078159358721e-16]}, "segments": [38968, 87907, 38813, 72126, 74728, 74767, 74785, 77299, 77491, 77556, 136098, 136099, 136150, 136159, 136182, 136194, 136204, 147490, 136347, 82462, 136411, 136935, 73944, 75062, 75149, 80085, 80106, 136413, 38794, 80044, 136896, 136423, 137402, 87037, 84962], "label": "machine"}, {"objectId": 32, "id": 32, "partId": 32, "index": 8, "dominantNormal": [0, -2.220446049250313e-16, 1], "obb": {"axesLengths": [0.673684550918879, 0.37063100105603763, 0.6935436966362811], "centroid": [0.8623007731349923, 1.2570023472874166, -0.4246845951374356], "normalizedAxes": [-0.4598887860774994, 0.8879765272140503, 1.971703971679451e-16, 0, -2.220446049250313e-16, 1, 0.8879765272140503, 0.4598887860774994, 1.0211582381403059e-16]}, "segments": [146528, 85523, 78866, 85455, 62632, 122452, 122480, 85586, 62639, 64615, 99003, 133543, 62377, 133812, 133776, 64146, 64533, 137423, 85543, 78280, 66409, 64643, 66347, 66355, 66360, 66428, 134056, 134058, 134141, 136839, 78002, 133805], "label": "bag"}, {"objectId": 33, "id": 33, "partId": 33, "index": 9, "dominantNormal": [0.9986951351165771, 0.05106905475258827, 1.1339608086433255e-17], "obb": {"axesLengths": [0.6883009699752641, 1.225690009615793, 0.343497546207848], "centroid": [1.7446216872916174, -0.29896603309273284, -0.9628450860192249], "normalizedAxes": [-0.05106905847787857, 0.9986951351165771, 2.2175486671751113e-16, 0, -2.220446049250313e-16, 1, 0.9986951351165771, 0.05106905847787857, 1.1339608913613868e-17]}, "segments": [111942, 129721, 111941, 45617, 129776, 111952, 45798], "label": "pillar"}, {"objectId": 34, "id": 34, "partId": 34, "index": 10, "dominantNormal": [-0.4827883243560791, -0.8757370710372925, -1.9445269195667969e-16], "obb": {"axesLengths": [0.5592645440472739, 0.8551149773199486, 0.4861235006936028], "centroid": [1.8596048406894312, -0.4322549398572819, -1.15136257779533], "normalizedAxes": [0.8757370710372925, -0.4827883243560791, -1.0720054274406345e-16, 0, -2.220446049250313e-16, 1, -0.4827883243560791, -0.8757370710372925, -1.9445269195667969e-16]}, "segments": [10661, 87798, 138116, 10929, 11249, 13239, 13327, 13365, 45253, 64005, 64078, 87820, 122998, 123001, 129674, 129915, 133040, 64423, 10880, 45183, 45228, 45466, 64117, 64375, 64477, 64520, 64584, 64598, 64629, 87852, 87861, 132980, 133050, 133052, 133115, 45245, 64331, 133062, 87730, 11207, 64671, 87809, 133125, 133173, 138146, 138098, 53842, 131403, 64021, 13445, 20074, 20232, 44831, 45727, 45744, 65601, 124004, 129858, 129933, 133313, 20099, 45783, 133307, 19936, 19798, 19979, 20222, 45026, 45817, 45855, 65259, 65440, 129850, 129902, 133298, 87874, 129719, 45488, 45493, 45808], "label": "trash can"}, {"objectId": 35, "id": 35, "partId": 35, "index": 11, "dominantNormal": [0, -2.220446049250313e-16, 1], "obb": {"axesLengths": [0.4996904899258418, 0.2981799774278704, 0.440659137596021], "centroid": [2.8107158980685654, 1.3371992933562686, -1.5341401111154245], "normalizedAxes": [0.602401852607727, 0.7981929779052734, 1.7723444443291068e-16, 0, -2.220446049250313e-16, 1, 0.7981929779052734, -0.602401852607727, -1.337600813683897e-16]}, "segments": [7201, 3106, 7176, 7177, 102727, 102737, 102837, 102849, 102865, 103059, 103159, 103160, 103185, 141675, 142571, 142783, 142839, 102609, 102733, 102749, 102877, 102600, 102803, 147537, 3138, 6881, 102693, 102778, 142716], "label": "bag"}, {"objectId": 36, "id": 36, "partId": 36, "index": 12, "dominantNormal": [0.9885112047195435, -0.15114770829677582, -3.3561533174081463e-17], "obb": {"axesLengths": [0.3556668193581861, 0.6813099232023223, 0.3251970433684252], "centroid": [1.7468068823696281, -0.12023772415071665, 0.710654863104486], "normalizedAxes": [0.15114770829677582, 0.9885112047195435, 2.1949357991591777e-16, 0, -2.220446049250313e-16, 1, 0.9885112047195435, -0.15114770829677582, -3.3561533174081463e-17]}, "segments": [1947, 121719, 121759, 145144, 145157, 57892], "label": "pillar"}, {"objectId": 37, "id": 37, "partId": 37, "index": 13, "dominantNormal": [0.2761901915073395, -0.9611030220985413, -2.1340774083412423e-16], "obb": {"axesLengths": [0.34956717918312535, 0.9274219551513647, 0.33098772544275334], "centroid": [3.5481743499387575, -2.6469067462497495, -0.4137110729431137], "normalizedAxes": [0.9611030220985413, 0.2761901915073395, 6.132654195741593e-17, 0, -2.220446049250313e-16, 1, 0.2761901915073395, -0.9611030220985413, -2.1340774083412423e-16]}, "segments": [129510, 3790, 44149, 129092, 4695, 129085, 4964, 3964], "label": "clothes"}, {"objectId": 38, "id": 38, "partId": 38, "index": 14, "dominantNormal": [0, -2.220446049250313e-16, 1], "obb": {"axesLengths": [0.4272911973186428, 0.029443978605181442, 0.22268837278396406], "centroid": [5.623626633340963, -1.3394888526205204, 0.6952778783750988], "normalizedAxes": [-0.5014179944992065, 0.8652051687240601, 1.9211413986842897e-16, 0, -2.220446049250313e-16, 1, 0.8652051687240601, 0.5014179944992065, 1.1133716049087784e-16]}, "segments": [107397], "label": "ceiling"}, {"objectId": 39, "id": 39, "partId": 39, "index": 15, "dominantNormal": [0.7590970396995544, 0.6509774327278137, 1.4454602686515854e-16], "obb": {"axesLengths": [0.7634386392182291, 0.810209971438125, 0.34559593914213793], "centroid": [5.800065524745744, -1.0162933715488631, -1.0151050813845166], "normalizedAxes": [-0.6509774923324585, 0.7590970396995544, 1.6855340227984837e-16, 0, -2.220446049250313e-16, 1, 0.7590970396995544, 0.6509774923324585, 1.4454604010004834e-16]}, "segments": [31685, 31565, 30745, 126719, 28654, 28681, 28692, 28720, 28742, 28760, 30752, 30784, 30797, 30799, 30824, 30835, 30870, 30874, 31001, 31618, 126659, 126662, 126667, 126671, 126673, 126930, 28798, 5143], "label": "drying machine"}, {"objectId": 40, "id": 40, "partId": 40, "index": 16, "dominantNormal": [0.9756762981414795, -0.21921612322330475, -4.8675757474315684e-17], "obb": {"axesLengths": [0.9876858632241613, 0.6387219882297065, 0.5625035933934561], "centroid": [6.065019473325959, -1.5953882187121806, -1.030639094547055], "normalizedAxes": [0.21921613812446594, 0.9756762981414795, 2.1664365815554187e-16, 0, -2.220446049250313e-16, 1, 0.9756762981414795, -0.21921613812446594, -4.8675760783038134e-17]}, "segments": [126677, 30863, 126256, 28078, 28080, 28108, 28113, 28121, 28168, 28199, 28296, 126220, 126223, 126227, 126744, 126747, 26512, 125601, 22143, 24675, 24678, 26195, 28185, 28213, 28222, 28224, 28283, 28618, 125610, 126206, 26135, 125575, 22156, 24547, 125053, 21059, 21456, 22210, 22268, 22279, 22282, 22295, 22745, 26184, 26212, 26240, 26544, 26660, 26668, 26670, 28115, 28212, 28252, 28262, 28364, 28713, 28773, 125830, 125908, 125964, 125969, 125054, 22365, 22311, 21654], "label": "pipe"}, {"objectId": 41, "id": 41, "partId": 41, "index": 17, "dominantNormal": [0, -2.220446049250313e-16, 1], "obb": {"axesLengths": [1.1357452457213428, 0.3433499259497987, 0.6172542091186644], "centroid": [5.824719955395914, -1.5478198906504808, -1.3595550706337016], "normalizedAxes": [0.9929015040397644, 0.11893965303897858, 2.6409908268960297e-17, 0, -2.220446049250313e-16, 1, 0.11893965303897858, -0.9929015040397644, -2.2046842219397886e-16]}, "segments": [6026, 125928, 6065, 5979, 67950, 6072, 125112, 125919, 125959, 125505, 124588, 18685, 23579, 124604, 134374, 18826], "label": "clutter"}, {"objectId": 42, "id": 42, "partId": 42, "index": 18, "dominantNormal": [0.4133088290691376, -0.9105908870697021, -2.0219179376772581e-16], "obb": {"axesLengths": [0.8071483464964502, 0.4902000317677844, 0.433433452504935], "centroid": [5.3533861552203685, -2.0060279997174177, -1.3146900594676283], "normalizedAxes": [0.9105908870697021, 0.4133088290691376, 9.177299566268395e-17, 0, -2.220446049250313e-16, 1, 0.4133088290691376, -0.9105908870697021, -2.0219179376772581e-16]}, "segments": [18197, 16737, 16705, 17920, 18306, 18344, 18402, 18674, 18714, 18846, 21349, 22037, 22072, 124454, 124851, 124956, 124958, 124961, 124963, 124972, 125023, 125036, 16656, 18004, 17249, 18035, 16775, 18149, 18174, 18733, 18799, 18828, 124434, 124471, 124518, 18224, 18002, 18319, 124237, 22060, 15490, 15563, 15469, 14530], "label": "bucket"}, {"objectId": 43, "id": 43, "partId": 43, "index": 19, "dominantNormal": [0, -2.220446049250313e-16, 1], "obb": {"axesLengths": [0.8163152909055111, 0.20164000537306076, 0.6574203005486486], "centroid": [4.55800469876532, -2.158784591576171, -1.4736501002985973], "normalizedAxes": [0.5201926827430725, 0.8540489077568054, 1.8963695230951437e-16, 0, -2.220446049250313e-16, 1, 0.8540489077568054, -0.5201926827430725, -1.1550597872457769e-16]}, "segments": [13564, 13773, 123850, 13444, 142013, 13743, 12777, 13490, 13533, 13540, 13550, 13605, 13662, 13669, 123712, 123853, 123861, 123874, 123889, 123910, 123923, 123939, 151012, 7763, 12224, 7738, 12219, 12752, 12787], "label": "bag"}, {"objectId": 49, "id": 49, "partId": 49, "index": 25, "dominantNormal": [0, -2.220446049250313e-16, 1], "obb": {"axesLengths": [0.6608200622709636, 0.328940026560276, 0.362055508692868], "centroid": [4.228811174995778, 0.8555904668176275, -0.8944701110317547], "normalizedAxes": [0.9459713697433472, 0.324250191450119, 7.199800565740744e-17, 0, -2.220446049250313e-16, 1, 0.324250191450119, -0.9459713697433472, -2.1004783906505224e-16]}, "segments": [131577, 131582, 54901, 131781, 131614, 55507, 54885, 56395, 131565, 131595, 131764, 131766, 56430, 55510, 131791, 55614, 55479], "label": "hand washer"}, {"objectId": 1, "id": 1, "partId": 1, "index": 26, "dominantNormal": [0, -2.220446049250313e-16, 1], "obb": {"axesLengths": [7.732072595650272, 0.4089300541073815, 5.735539080741986], "centroid": [1.6494470643674586, -0.8828946751975599, -1.4787650727756694], "normalizedAxes": [0.9956476092338562, 0.09319780766963959, 2.0694070383884175e-17, 0, -2.220446049250313e-16, 1, 0.09319780766963959, -0.9956476092338562, -2.2107818003688355e-16]}, "segments": [89667, 63806, 33876, 60081, 61274, 77240, 70859, 4414, 4432, 5053, 7295, 7335, 8037, 9606, 9672, 12311, 12704, 15605, 17742, 18387, 20126, 23491, 24103, 24272, 24302, 24313, 24318, 25285, 26380, 26409, 26415, 26423, 26439, 26464, 26508, 29403, 44393, 53304, 58835, 60799, 62226, 62229, 62260, 62262, 64988, 67976, 73279, 76461, 76747, 76774, 77915, 77981, 78106, 102994, 104098, 118285, 125874, 125878, 125898, 125901, 125906, 141896, 72787, 135082, 4887, 135334, 135298, 135833, 11743, 142475, 34002, 14015, 8539, 10117, 153406, 114422, 111246, 76999, 19866], "label": "floor"}, {"objectId": 2, "id": 2, "partId": 2, "index": 27, "dominantNormal": [0.963506817817688, 0.2676837146282196, 5.943772465948785e-17], "obb": {"axesLengths": [5.464061259866478, 2.6600000263750547, 0.38186969862007486], "centroid": [-1.630192336157155, -1.395472391973792, -0.24000009916722753], "normalizedAxes": [-0.267683744430542, 0.963506817817688, 2.1394149070490265e-16, 0, -2.220446049250313e-16, 1, 0.963506817817688, 0.267683744430542, 5.943773127693275e-17]}, "segments": [122409, 77844, 8423, 105549, 9534, 78062, 78341, 80172, 80375, 140938, 88021, 140985, 27136, 87508, 94548, 78297, 28977, 26810, 24911, 23850, 24087, 27409, 111157, 114527, 117483, 23457, 26753, 112206, 117466, 29161, 29178, 29293, 79374], "label": "wall"}, {"objectId": 3, "id": 3, "partId": 3, "index": 28, "dominantNormal": [0.9573177695274353, 0.2890375554561615, 6.417922980976021e-17], "obb": {"axesLengths": [2.4139410810101487, 0.7800000135600554, 0.2912472983092623], "centroid": [-1.3550990578723345, -2.5668705222101256, -1.180000105574726], "normalizedAxes": [-0.2890375554561615, 0.9573177695274353, 2.1256724592243155e-16, 0, -2.220446049250313e-16, 1, 0.9573177695274353, 0.2890375554561615, 6.417922980976021e-17]}, "segments": [96881, 122208, 101559, 912, 1342, 81572, 2775, 2995, 60687, 61212, 61215, 61446, 62172, 62183, 62202, 62225, 62330, 62333, 62354, 81588, 100360, 115694, 136740, 136743, 136783, 148789, 124796, 25734], "label": "radiator"}, {"objectId": 4, "id": 4, "partId": 4, "index": 29, "dominantNormal": [0.9598296284675598, 0.28058353066444397, 6.230205921485687e-17], "obb": {"axesLengths": [0.8354141132405979, 0.8799999755620961, 0.16059745384731278], "centroid": [-1.9210813683620023, -0.5304774281135118, 0.1299998973309997], "normalizedAxes": [-0.28058353066444397, 0.9598296284675598, 2.131249906484189e-16, 0, -2.220446049250313e-16, 1, 0.9598296284675598, 0.28058353066444397, 6.230205921485687e-17]}, "segments": [108299, 108218, 7974, 106998, 146621, 88369, 112810, 138387, 138392, 147355, 147367, 146016, 145982, 88313, 88287, 88298, 88318, 88336, 112877, 138385, 146022, 108252, 18626, 18616, 120637], "label": "meter"}, {"objectId": 5, "id": 5, "partId": 5, "index": 30, "dominantNormal": [0.9576226472854614, 0.2880259156227112, 6.395460064261531e-17], "obb": {"axesLengths": [1.7887629087263197, 0.45802604128362123, 0.1759140089303769], "centroid": [-2.143419486208333, 0.24773868338451166, 0.7590128851902564], "normalizedAxes": [-0.2880259156227112, 0.9576225876808167, 2.1263492914887309e-16, 0, -2.220446049250313e-16, 1, 0.9576225876808167, 0.2880259156227112, 6.395460064261531e-17]}, "segments": [114568, 114501, 149328, 149477, 114439, 149452, 56842, 75257], "label": "tube"}, {"objectId": 6, "id": 6, "partId": 6, "index": 31, "dominantNormal": [0.2758405804634094, -0.961203396320343, -2.1343002838854886e-16], "obb": {"axesLengths": [7.913342408448308, 2.6544899347165973, 0.37217297268166305], "centroid": [2.758057246772319, -2.978110145914359, -0.25724503381747854], "normalizedAxes": [0.961203396320343, 0.27584055066108704, 6.124890609384415e-17, 0, -2.220446049250313e-16, 1, 0.27584055066108704, -0.961203396320343, -2.1343002838854886e-16]}, "segments": [67667, 1917, 23734, 61585, 85239, 85241, 85257, 97287, 97340, 97372, 137408, 148126, 151942, 85258, 150555, 1924, 17504, 27525, 31290, 32187, 34632, 68167, 68350, 95639, 95676, 95877, 95916, 97459, 97576, 99477, 109244, 114802, 114812, 114830, 116028, 116044, 116113, 116139, 116449, 118758, 119905, 119952, 121009, 134499, 139421, 139423, 139424, 139425, 139428, 139765, 145697, 145714, 148130, 148131, 148892, 148896, 150611, 150614, 68159, 95818, 95955, 95956, 17314, 17479, 17495, 17592, 18003, 18028, 68194, 68262, 68276, 95516, 95815, 95906, 108978, 123603, 134524, 145727, 108942, 108975, 108983, 148902, 21267, 183, 14601, 14610, 14698, 14721, 15176, 15279, 15303, 15329, 15484, 15501, 15536, 19180, 19278, 19292, 19385, 48984, 68325, 116076, 116099, 119943, 123063, 123788, 123790, 123825, 130581, 48866, 122787, 151114, 65053, 68329, 46388, 14124, 111620, 82348, 43991, 7501, 40604, 42214, 1819, 12659, 12811, 12899, 47340, 124024, 151098, 21579, 16944, 17832, 18248, 18650, 18669, 19059, 20696, 21039, 21592, 21595, 21656, 23640, 23642, 125514, 19599, 21411, 21831, 23148, 23161, 23175, 23667, 23800, 23804, 23823, 23828, 25039, 151386, 20013], "label": "wall"}, {"objectId": 7, "id": 7, "partId": 7, "index": 32, "dominantNormal": [0.28840598464012146, -0.9575082063674927, -2.1260953139534526e-16], "obb": {"axesLengths": [2.062893897626365, 2.5827799458180367, 0.3238109087605096], "centroid": [3.065955270144066, -2.898130833941326, -0.2474301159956298], "normalizedAxes": [0.9575082063674927, 0.28840598464012146, 6.403899291743042e-17, 0, -2.220446049250313e-16, 1, 0.28840598464012146, -0.9575082063674927, -2.1260953139534526e-16]}, "segments": [97510, 43810, 151258, 4010, 24034, 4517, 41837, 151550, 34489, 41956, 151483, 129435, 128916, 129033, 40249, 40562, 3403, 3405, 3407, 3438, 3446, 3652, 3699, 3713, 3723, 3739, 4295, 4326, 4330, 4677, 4784, 11323, 13877, 19495, 24031, 35042, 38486, 38509, 39865, 39874, 39924, 39929, 39970, 40009, 40029, 40068, 40540, 40588, 40635, 40666, 40705, 40797, 40803, 40852, 40875, 40886, 40912, 41041, 41045, 41050, 41060, 41061, 41064, 41072, 41173, 41554, 41593, 41602, 41616, 41636, 41643, 41646, 41656, 41659, 41727, 41730, 41734, 41753, 41760, 41785, 41825, 41835, 41841, 41961, 42295, 42725, 42964, 42975, 42985, 43038, 43040, 43072, 43073, 43107, 43111, 43139, 43156, 43172, 43180, 43218, 43222, 43229, 43230, 43265, 43287, 43289, 43292, 43305, 43309, 43315, 43345, 43354, 43747, 44048, 44050, 44068, 44085, 44088, 44099, 44102, 44119, 44157, 44210, 44221, 44466, 44468, 44482, 44485, 44547, 44559, 44568, 44616, 44627, 44673, 44851, 44900, 44915, 44926, 44950, 44956, 44968, 44989, 44992, 45003, 45078, 45085, 45106, 45314, 45328, 45338, 45596, 57778, 64880, 87620, 87622, 87642, 87647, 89221, 89233, 89249, 89261, 89290, 108621, 108660, 108753, 108761, 110018, 111820, 112482, 112691, 112711, 112717, 112750, 112787, 113666, 113672, 113689, 113693, 113832, 113851, 113857, 113866, 113890, 113918, 113967, 122793, 122794, 122799, 122804, 122831, 122838, 127961, 128165, 128181, 128191, 128224, 128231, 128235, 128271, 128377, 128380, 128389, 128430, 128435, 128440, 128453, 128457, 128462, 128464, 128659, 128887, 128894, 128898, 128903, 128906, 129051, 129059, 129195, 129389, 129429, 129449, 129456, 129473, 129502, 129504, 129565, 129605, 129633, 129678, 129679, 129690, 129714, 133245, 133274, 138535, 138632, 146662, 146665, 147578, 147592, 147691, 147741, 147743, 147748, 147764, 147769, 147845, 152036, 88596, 6830, 44345, 41218, 41283, 34350, 34501, 35119, 35199, 35213, 35241, 35299, 35368, 38399, 38410, 38435, 39729, 39830, 39896, 40012, 40014, 40675, 40691, 40719, 40779, 40814, 40832, 40834, 40861, 40963, 40964, 40997, 41012, 41158, 41210, 41273, 41321, 41347, 41458, 41494, 42253, 42263, 42311, 42342, 42343, 42356, 42382, 42385, 42387, 42461, 42478, 42490, 42498, 42509, 42512, 42519, 42529, 42582, 42595, 42615, 42630, 42663, 42685, 42708, 43509, 43559, 43564, 43568, 43571, 43600, 43636, 43645, 43652, 43713, 43735, 43737, 43746, 43757, 43788, 43797, 43841, 43847, 43872, 43882, 43914, 43920, 43954, 44346, 57701, 57754, 57771, 57772, 57789, 101908, 127785, 128150, 128155, 128159, 128178, 128229, 128233, 128301, 128369, 128411, 128571, 128575, 128825, 128827, 128833, 128842, 128856, 128865, 129291, 129295, 129296, 129299, 129340, 129343, 129348], "label": "door"}, {"objectId": 8, "id": 8, "partId": 8, "index": 33, "dominantNormal": [0.2656206488609314, -0.9640776515007019, -2.1406824124452537e-16], "obb": {"axesLengths": [1.7331677915996067, 1.6599999295175083, 0.15755356089136424], "centroid": [5.734377267844378, -2.1765546165849505, 0.17999990813434152], "normalizedAxes": [0.9640776515007019, 0.2656206488609314, 5.897963203625598e-17, 0, -2.220446049250313e-16, 1, 0.2656206488609314, -0.9640776515007019, -2.1406824124452537e-16]}, "segments": [46240, 15073, 34848, 34829, 130017, 152073, 112653, 20365, 51355, 124743, 21921, 14920, 15061, 13256, 17853, 14172, 14187, 14902, 20422, 20667, 20670, 34754, 34780, 34801, 34802, 46175, 46292, 47516, 105319, 105394, 110885, 110889, 110908, 112375, 112611, 112632, 112643, 112656, 112659, 112669, 124037, 124716, 124721, 127527, 127530, 129997, 129999, 130001, 130020, 130025, 146043, 147569], "label": "window"}, {"objectId": 9, "id": 9, "partId": 9, "index": 34, "dominantNormal": [0.2729192078113556, -0.9620369672775269, -2.1361511832241372e-16], "obb": {"axesLengths": [2.876134460278641, 2.142369937694744, 0.4140020727459096], "centroid": [0.35845240605533624, -3.6911553445823513, -0.018815135162732144], "normalizedAxes": [0.9620369672775269, 0.2729192078113556, 6.060023767492497e-17, 0, -2.220446049250313e-16, 1, 0.2729192078113556, -0.9620369672775269, -2.1361511832241372e-16]}, "segments": [57919, 48997, 47970, 47386, 151078, 167, 151076, 151858, 97387, 97257, 121074, 151038, 134479, 97747, 79889, 21292, 150828], "label": "window"}, {"objectId": 10, "id": 10, "partId": 10, "index": 35, "dominantNormal": [0.8260242938995361, 0.56363445520401, 1.2515198992790966e-16], "obb": {"axesLengths": [3.0903664771595767, 2.56000000476837, 0.5668376561750406], "centroid": [5.505748077730267, -0.7557699189829479, -0.21000006884336453], "normalizedAxes": [-0.56363445520401, 0.8260243535041809, 1.8341425123229025e-16, 0, -2.220446049250313e-16, 1, 0.8260243535041809, 0.56363445520401, 1.2515198992790966e-16]}, "segments": [27814, 53433, 34555, 31487, 51635, 49133, 131439, 53422, 53908, 53874, 14237, 15034, 135342, 24995, 126363, 23771, 26058, 45971, 24360, 106568], "label": "wall"}, {"objectId": 11, "id": 11, "partId": 11, "index": 36, "dominantNormal": [0.054582420736551285, 0.9985092878341675, 2.217136003311121e-16], "obb": {"axesLengths": [0.8814265819281477, 0.9401149539623787, 1.0105396512012241], "centroid": [5.109718677460497, -0.6253531721987974, -0.9370625759572717], "normalizedAxes": [0.054582417011260986, 0.9985092878341675, 2.217136003311121e-16, 0, -2.220446049250313e-16, 1, 0.9985092878341675, -0.054582417011260986, -1.2119731221118754e-17]}, "segments": [31119, 30519, 9427, 9495, 11395, 15984, 16011, 16113, 16166, 16235, 16267, 17067, 19343, 19361, 27201, 27269, 124061, 124121, 124630, 124631, 124635, 125984, 125986, 125994, 126003, 126019, 126039, 126938, 37310, 16068, 27274, 27302, 126107, 15899, 27283, 126070, 16026, 15890, 15894, 16114, 125999, 126021, 126061, 126111, 126117, 126341, 31747, 33077, 32163, 31938, 31329, 31370, 31450, 66797], "label": "washing machine"}, {"objectId": 12, "id": 12, "partId": 12, "index": 37, "dominantNormal": [0.85471510887146, 0.5190973281860352, 1.152627611547075e-16], "obb": {"axesLengths": [0.6411017462131047, 0.8341429643151987, 0.4813414063025551], "centroid": [5.244593150152692, -1.2388688462821622, -0.9729285674632674], "normalizedAxes": [-0.5190973281860352, 0.85471510887146, 1.8978487867281845e-16, 0, -2.220446049250313e-16, 1, 0.85471510887146, 0.5190973281860352, 1.152627611547075e-16]}, "segments": [25334, 24491, 66766, 28611, 17027, 25347, 25395, 25409, 25437, 25441, 25471, 25495, 25496, 125712, 125744, 125751, 25455, 25353, 27547, 25358, 25363, 125710, 29539, 25429], "label": "drying machine"}, {"objectId": 13, "id": 13, "partId": 13, "index": 38, "dominantNormal": [0, -2.220446049250313e-16, 1], "obb": {"axesLengths": [1.1935572105803611, 0.8832979600884472, 1.0466323710099534], "centroid": [4.785929931068593, 0.01771086643111275, -0.9783810810361575], "normalizedAxes": [0.9939252138137817, -0.11005783826112747, -2.4437749215595044e-17, 0, -2.220446049250313e-16, 1, -0.11005783826112747, -0.9939252138137817, -2.2069573142630844e-16]}, "segments": [135146, 35969, 35941, 38651, 33264, 37340, 39207, 39165, 13331, 36156, 34619, 34694, 34594, 34428, 32571, 73259, 32762, 68578, 9027, 9029, 9030, 9090, 9123, 9143, 9465, 9468, 9478, 12928, 14323, 28925, 28931, 28949, 28963, 28971, 28978, 28985, 29003, 29068, 29082, 30521, 30529, 30546, 30554, 32707, 32734, 32772, 32990, 32999, 33014, 33035, 33044, 33562, 33582, 33624,