{"segGroups": [{"objectId": 1, "id": 1, "partId": 1, "index": 0, "dominantNormal": [0.795190155506134, -0.6063601970672607, -1.3463901040006404e-16], "obb": {"axesLengths": [2.590265919763423, 1.749189918878899, 0.14199245789458625], "centroid": [-1.949578300871318, 0.5958763511310029, -0.6445949734465415], "normalizedAxes": [0.6063601970672607, 0.7951900959014893, 1.7656767068474394e-16, 0, -2.220446049250313e-16, 1, 0.7951900959014893, -0.6063601970672607, -1.3463901040006404e-16]}, "segments": [3384, 157, 1891, 2447, 11504, 5293, 3439, 15340, 8803, 8800, 667, 13862], "label": "wall"}, {"objectId": 2, "id": 2, "partId": 2, "index": 1, "dominantNormal": [-0.5683491826057434, -0.8227874636650085, -1.8269551730676537e-16], "obb": {"axesLengths": [0.39019097868456115, 1.619999953657389, 0.08943881734588943], "centroid": [-1.05860558999002, 1.5181337109132813, -0.6999999929219486], "normalizedAxes": [0.8227874636650085, -0.5683491826057434, -1.2619886971115677e-16, 0, -2.220446049250313e-16, 1, -0.5683491826057434, -0.8227874636650085, -1.8269551730676537e-16]}, "segments": [8741, 6578, 15794, 4005, 3949], "label": "wall"}, {"objectId": 3, "id": 3, "partId": 3, "index": 2, "dominantNormal": [0.7994648814201355, -0.6007128357887268, -1.3338504429610305e-16], "obb": {"axesLengths": [1.0971536227934302, 1.6785499972429119, 0.11411174069022788], "centroid": [-0.5894518528879213, 1.8322041508350868, -0.6892750090522691], "normalizedAxes": [0.6007128357887268, 0.7994648814201355, 1.77516863746371e-16, 0, -2.220446049250313e-16, 1, 0.7994648814201355, -0.6007128357887268, -1.3338504429610305e-16]}, "segments": [10458, 6596, 13475, 4439, 15233, 4843, 13457], "label": "wall"}, {"objectId": 4, "id": 4, "partId": 4, "index": 3, "dominantNormal": [-0.5990822911262512, -0.8006874918937683, -1.77788337805966e-16], "obb": {"axesLengths": [1.6280788025310076, 1.6664199754650886, 0.19608160821634277], "centroid": [0.33498293188291184, 1.7666346027644584, -0.6832099981633575], "normalizedAxes": [0.8006874322891235, -0.5990822911262512, -1.3302299065071104e-16, 0, -2.220446049250313e-16, 1, -0.5990822911262512, -0.8006874322891235, -1.777883245710762e-16]}, "segments": [6421, 13137, 16251, 13600, 13649, 11134, 16305, 13143, 8233, 5988, 7058], "label": "wall"}, {"objectId": 5, "id": 5, "partId": 5, "index": 4, "dominantNormal": [0, -2.220446049250313e-16, 1], "obb": {"axesLengths": [4.147948769561697, 0.28022991984568674, 2.107116999209889], "centroid": [-0.9434477804932265, 0.29578473871475397, -1.5098849923934414], "normalizedAxes": [0.6808050274848938, 0.7324646711349487, 1.6263982852370267e-16, 0, -2.220446049250313e-16, 1, 0.7324646711349487, -0.6808050274848938, -1.5116908335885832e-16]}, "segments": [11822, 12072, 11978, 9033, 299, 9659, 3018, 9131, 12974, 13081, 4108, 9234, 12593, 11906, 3524, 11590, 9325, 5771, 5550, 9546, 15912, 6129, 16145, 16177, 16133, 5500, 14308, 560, 1154], "label": "floor"}, {"objectId": 6, "id": 6, "partId": 6, "index": 5, "dominantNormal": [-0.5870740413665771, -0.8095332384109497, -1.797524880966405e-16], "obb": {"axesLengths": [0.38269876199449837, 1.4568499708879739, 0.10159319317795296], "centroid": [-2.6181102249031283, -0.49587453780867774, -0.7784249981099741], "normalizedAxes": [0.8095332384109497, -0.5870740413665771, -1.303566235769831e-16, 0, -2.220446049250313e-16, 1, -0.5870740413665771, -0.8095332384109497, -1.797524880966405e-16]}, "segments": [2894, 2646, 2895, 2943, 2466, 3487], "label": "wall"}, {"objectId": 7, "id": 7, "partId": 7, "index": 6, "dominantNormal": [0.827596127986908, -0.5613240003585815, -1.2463896589455937e-16], "obb": {"axesLengths": [0.47755826766600595, 1.4768499718565495, 0.161159925959209], "centroid": [-2.626778077020191, -0.7586200912764833, -0.7684249976256863], "normalizedAxes": [0.5613240003585815, 0.827596127986908, 1.8376325527633862e-16, 0, -2.220446049250313e-16, 1, 0.827596127986908, -0.5613240003585815, -1.2463896589455937e-16]}, "segments": [1505, 7039, 14184, 8093, 2609], "label": "wall"}, {"objectId": 8, "id": 8, "partId": 8, "index": 7, "dominantNormal": [-0.6035943627357483, -0.7972915768623352, -1.7703429319445245e-16], "obb": {"axesLengths": [0.9808202899629567, 0.6906699979900566, 0.19625049940752962], "centroid": [-2.345575395070017, -1.1728712779575796, -1.1953350168764212], "normalizedAxes": [0.7972915768623352, -0.6035943627357483, -1.3402487180863527e-16, 0, -2.220446049250313e-16, 1, -0.6035943627357483, -0.7972915768623352, -1.7703429319445245e-16]}, "segments": [11264, 11036, 10935, 11173, 475, 1269, 14016, 1260, 2265, 13951], "label": "box"}, {"objectId": 9, "id": 9, "partId": 9, "index": 8, "dominantNormal": [-0.6470687985420227, -0.7624316215515137, -1.6929382818975684e-16], "obb": {"axesLengths": [1.2518966455841833, 0.8018000542715176, 0.19593846572027068], "centroid": [-2.2403625794898785, -1.293295825037269, -1.1109000028468667], "normalizedAxes": [0.7624316215515137, -0.6470687985420227, -1.436781357315781e-16, 0, -2.220446049250313e-16, 1, -0.6470687985420227, -0.7624316215515137, -1.6929382818975684e-16]}, "segments": [927, 1189, 881, 10155], "label": "wall"}, {"objectId": 10, "id": 10, "partId": 10, "index": 9, "dominantNormal": [-0.6391624212265015, -0.7690717577934265, -1.7076823461824076e-16], "obb": {"axesLengths": [1.1482495149742438, 0.725114977543466, 0.22720644907546056], "centroid": [-2.26903374286149, -1.2155214865420587, -0.4325575005436504], "normalizedAxes": [0.7690717577934265, -0.6391624212265015, -1.4192256730416496e-16, 0, -2.220446049250313e-16, 1, -0.6391624212265015, -0.7690717577934265, -1.7076823461824076e-16]}, "segments": [5173, 14292, 1714, 5915, 1964, 5910, 11249, 1407, 1313, 13990, 13994, 1143, 14031, 2191, 7724, 5811, 2231], "label": "curtain"}, {"objectId": 11, "id": 11, "partId": 11, "index": 10, "dominantNormal": [-0.5812819600105286, -0.8137022256851196, -1.8067818922887105e-16], "obb": {"axesLengths": [1.448695161490691, 0.7516110371438178, 0.7413942736977612], "centroid": [0.072130496163337, 1.57847735732648, -1.136594491751615], "normalizedAxes": [0.8137022256851196, -0.5812819600105286, -1.2907052316058566e-16, 0, -2.220446049250313e-16, 1, -0.5812819600105286, -0.8137022256851196, -1.8067818922887105e-16]}, "segments": [6643, 10884, 4462, 4513, 5433, 8681, 14057, 6872, 14452, 14406, 7505, 7557, 14476, 4425, 14318, 11343, 6849, 12543, 14356, 7520, 10877], "label": "table"}, {"objectId": 12, "id": 12, "partId": 12, "index": 11, "dominantNormal": [0.8706622123718262, 0.4918813705444336, 1.0921960459252169e-16], "obb": {"axesLengths": [0.5910360431747783, 0.673194989416115, 0.6472217850278453], "centroid": [-0.27961562942918694, 0.6686121255360424, -1.033402492476944], "normalizedAxes": [0.8706622123718262, 0.491881400346756, 1.0921961120996659e-16, 0, -2.220446049250313e-16, 1, 0.491881400346756, -0.8706622123718262, -1.9332584696925585e-16]}, "segments": [9605, 8059, 5621, 9436, 8046, 13304, 16374, 8321, 5686, 13332, 13335, 14600, 8302, 8256, 14580, 5708], "label": "chair"}, {"objectId": 13, "id": 13, "partId": 13, "index": 12, "dominantNormal": [-0.5843088626861572, -0.8115313649177551, -1.8019616130743435e-16], "obb": {"axesLengths": [0.5847080050877406, 0.5147400383336832, 0.47241794748485616], "centroid": [-1.0872453251958902, 0.35838387478112926, -0.9442100146216894], "normalizedAxes": [0.8115313649177551, -0.5843088626861572, -1.2974263056934215e-16, 0, -2.220446049250313e-16, 1, -0.5843088626861572, -0.8115313649177551, -1.8019616130743435e-16]}, "segments": [3809, 9764, 9807, 7221, 14806, 9869, 8162, 8192, 6536, 3785, 3758, 7709, 14018, 10794, 10822, 10034, 15128], "label": "chair"}, {"objectId": 14, "id": 14, "partId": 14, "index": 13, "dominantNormal": [0.26753687858581543, -0.9635476469993591, -2.1395055660441623e-16], "obb": {"axesLengths": [0.658463140886129, 0.6247989991724713, 0.5204633620276871], "centroid": [-1.6944867050003578, -0.5189551824086838, -1.0090604925365636], "normalizedAxes": [0.9635476469993591, 0.26753687858581543, 5.940512050846346e-17, 0, -2.220446049250313e-16, 1, 0.26753687858581543, -0.9635476469993591, -2.1395055660441623e-16]}, "segments": [10114, 10074, 14916, 10166, 12844, 14957, 14964, 16105, 10253, 14970, 16126, 7466, 7214, 7133, 3208, 3228, 2733, 3693, 14153], "label": "chair"}, {"objectId": 15, "id": 15, "partId": 15, "index": 14, "dominantNormal": [0.7663235664367676, 0.6424548625946045, 1.4265363614698423e-16], "obb": {"axesLengths": [1.3583138449318835, 0.6799999621510511, 0.5222117670432184], "centroid": [0.33013727993602693, 2.0007842508665963, -0.18999999150633862], "normalizedAxes": [-0.6424548625946045, 0.7663235664367676, 1.7015801355419304e-16, 0, -2.220446049250313e-16, 1, 0.7663235664367676, 0.6424548625946045, 1.4265363614698423e-16]}, "segments": [12168, 7057, 7918, 7181, 7869, 8572, 4257, 4275, 4303, 7018, 7841, 7859, 7876, 7903, 7906, 7910, 7916, 7966, 7998, 8037, 8044, 8576, 8592, 8610, 8614, 8621, 8626, 9668, 12108, 12111, 12115, 12142, 12173, 12193, 12245, 12272, 12288, 12297, 12299, 12313, 12332, 12342, 12344, 12375, 12376, 12378, 12387, 12428, 14504, 14507, 14552, 14632, 14638, 14751, 14754, 15480, 15481, 15490, 15530, 15540, 15706, 15743, 15753, 7367, 7310, 7366, 8566, 14343, 14345, 14628, 6426, 6340], "label": "window"}], "scan_id": "8f0f1437-55de-28ce-828e-dbf210a7f472", "annId": "3827", "appId": "stk.v1"}