{"segGroups": [{"objectId": 1, "id": 1, "partId": 1, "index": 0, "dominantNormal": [0, -2.220446049250313e-16, 1], "obb": {"axesLengths": [8.255161267230466, 0.3000000648200486, 6.028602901833836], "centroid": [1.6729093485478965, 1.3348255078152917, -1.300000025704503], "normalizedAxes": [-0.23582401871681213, 0.9717957973480225, 2.1578201388994744e-16, 0, -2.220446049250313e-16, 1, 0.9717957973480225, 0.23582401871681213, 5.236345106780774e-17]}, "segments": [6210, 22486, 10681, 19897, 10766, 49088, 627, 655, 700, 782, 1308, 1707, 1754, 1802, 1818, 1821, 1849, 1877, 1933, 1963, 2203, 2293, 2296, 2321, 2347, 2419, 2530, 2876, 2960, 2974, 2997, 3024, 3033, 3046, 3065, 3263, 5270, 5728, 5878, 5917, 5920, 5938, 5939, 5953, 5960, 5962, 5979, 5987, 6000, 6004, 6008, 6028, 6242, 6412, 6422, 6457, 6473, 9114, 9601, 9603, 9611, 9680, 9681, 9796, 9875, 9946, 10081, 10234, 10240, 10382, 10482, 10541, 10548, 10580, 10591, 10597, 10624, 10652, 10670, 10684, 10729, 10818, 10869, 10939, 10984, 11016, 11038, 11070, 11136, 11160, 11174, 11188, 11203, 11226, 11239, 11240, 11293, 11303, 11304, 11308, 11336, 11355, 11360, 11367, 11375, 11393, 11394, 11396, 11414, 11430, 11572, 11599, 11633, 11638, 11642, 11712, 11780, 11784, 11801, 11855, 11873, 11969, 12030, 12081, 12100, 12157, 12165, 12169, 12254, 12298, 12310, 12317, 12326, 12340, 12372, 12374, 12477, 12483, 12530, 12534, 12542, 12560, 12618, 12653, 12671, 12673, 12674, 12675, 12679, 12680, 12960, 12976, 13084, 13094, 13168, 13214, 13225, 13228, 13301, 13338, 14198, 14264, 14273, 14301, 14302, 14310, 14325, 14338, 14349, 14351, 14356, 14362, 14397, 14410, 14411, 15214, 15233, 15647, 15671, 17027, 17031, 17034, 17049, 17057, 17127, 17162, 17258, 17329, 17565, 18465, 18503, 18524, 18549, 18606, 18612, 18617, 18619, 18624, 18627, 18644, 18646, 18659, 18662, 18669, 18971, 19031, 19048, 19070, 19084, 19090, 19097, 19129, 19282, 19410, 19412, 19560, 19623, 19693, 19706, 19769, 19802, 20083, 20090, 20095, 20565, 20601, 20653, 20872, 21126, 21192, 21479, 21518, 21545, 21574, 21765, 21856, 21872, 21874, 21878, 22001, 22095, 22103, 22129, 22150, 22251, 22306, 22390, 22429, 22485, 22805, 22814, 22825, 23043, 23075, 23080, 23102, 23123, 23130, 23155, 23174, 23184, 23187, 23198, 23768, 23827, 23855, 23861, 23877, 24173, 25576, 25586, 25621, 25732, 25738, 25820, 25838, 25844, 25855, 25878, 25881, 25910, 25914, 25931, 25933, 25934, 25942, 25946, 25950, 25952, 25954, 25970, 25998, 26003, 26004, 26012, 26232, 26389, 26394, 26509, 26582, 26599, 26600, 26614, 26619, 26641, 26650, 26657, 26667, 26672, 26678, 26793, 26812, 26815, 26819, 27222, 27367, 27489, 27645, 27686, 27795, 27823, 27827, 27838, 27892, 27934, 28114, 28178, 28192, 28260, 28263, 28317, 28325, 28402, 28429, 28434, 28438, 28453, 28469, 28473, 28493, 28502, 28774, 28832, 28839, 28848, 28861, 28873, 28879, 28887, 28892, 28900, 28936, 28955, 28977, 28998, 29003, 29038, 29041, 29049, 29064, 29085, 29141, 29146, 29154, 29185, 29267, 29282, 29313, 29357, 29361, 30716, 30729, 30743, 30762, 30765, 30797, 30808, 30825, 30842, 30845, 30864, 30868, 31040, 31229, 31286, 31336, 31342, 31576, 31983, 32052, 32083, 32102, 32120, 32144, 32179, 32208, 32218, 32269, 32273, 32277, 32358, 32404, 32409, 32429, 32435, 32455, 32478, 32483, 32487, 32497, 32506, 32537, 32640, 32762, 32787, 32872, 32895, 32904, 32921, 32942, 32943, 32944, 32957, 32982, 32998, 33014, 33032, 33041, 33042, 33051, 33052, 33075, 33083, 33105, 33160, 33192, 33265, 33266, 33273, 33276, 33287, 33295, 33302, 33311, 33318, 33335, 33397, 33556, 33807, 33831, 33863, 33897, 33902, 33905, 33943, 34003, 34004, 34019, 34030, 34036, 34059, 34067, 34084, 34085, 34093, 34129, 34478, 34787, 35079, 35080, 35112, 35135, 35153, 35163, 35178, 35183, 35200, 35205, 35215, 35219, 35237, 36767, 36810, 36819, 36822, 36831, 36832, 36834, 36839, 36846, 37229, 37251, 37263, 37297, 37353, 37357, 37370, 37398, 37420, 37590, 37603, 37624, 37629, 37637, 37695, 37713, 37731, 37750, 37783, 37810, 37823, 37840, 37846, 37847, 37850, 37853, 37875, 37879, 37889, 37926, 37944, 38024, 38026, 38038, 38909, 38929, 39261, 39321, 39324, 39347, 39354, 39357, 39358, 39361, 39372, 39377, 39382, 39385, 39504, 39510, 39514, 39604, 39645, 39652, 39656, 39660, 39825, 39835, 39838, 39841, 39842, 39852, 39861, 40130, 40425, 40470, 40486, 40554, 40586, 40645, 40924, 40929, 40935, 40939, 40952, 41064, 41067, 41069, 41073, 41079, 41084, 41109, 41143, 41147, 41152, 41153, 41156, 41204, 41205, 41210, 41213, 41216, 41218, 41227, 41346, 41563, 41565, 41625, 41929, 41930, 41931, 41933, 41936, 41941, 42307, 42578, 42594, 42944, 42967, 42969, 42971, 42976, 43004, 43016, 43018, 43022, 43029, 43036, 43038, 43041, 43064, 43067, 43069, 43071, 43073, 43081, 44035, 44064, 44066, 44070, 44353, 44671, 44680, 44683, 44686, 44691, 44695, 44713, 44719, 44846, 44973, 44979, 44982, 44985, 44994, 44996, 45006, 45032, 45037, 45039, 45042, 45095, 45200, 45202, 45207, 45211, 45218, 45219, 45223, 45296, 45298, 45301, 45340, 45364, 45378, 45384, 45390, 45392, 45700, 45912, 45915, 45955, 45967, 45998, 46013, 46092, 47308, 47309, 47338, 47397, 47881, 48693, 48901, 49076, 49244, 21818, 25694, 48862, 36800, 32405, 45198, 32385, 32744, 28414, 49298, 31328, 19727, 48801, 26775, 48943, 19751, 31271, 3346, 2160], "label": "floor"}, {"objectId": 2, "id": 2, "partId": 2, "index": 1, "dominantNormal": [0, -2.220446049250313e-16, 1], "obb": {"axesLengths": [5.611768473641726, 1.0426100259435904, 1.8235356302543746], "centroid": [2.2440593964892246, 1.6207036893419775, -0.9286950451427323], "normalizedAxes": [-0.5646383762359619, 0.8253384232521057, 1.8326194412046209e-16, 0, -2.220446049250313e-16, 1, 0.8253384232521057, 0.5646383762359619, 1.2537490517682535e-16]}, "segments": [29854, 36866, 3793, 29716, 29848, 29914, 30460, 30462, 30489, 30531, 30533, 30548, 30571, 31117, 31394, 31429, 31449, 31531, 31658, 31661, 31662, 31664, 31676, 31689, 31695, 31707, 31716, 31720, 31735, 31768, 31786, 31796, 31817, 31835, 31848, 31854, 31858, 35688, 35773, 35909, 36040, 36062, 36082, 36088, 36100, 36103, 36120, 36139, 36163, 36176, 36179, 36193, 36209, 36212, 36226, 36231, 36236, 36255, 36314, 36319, 36337, 36351, 36392, 36397, 36400, 44587, 44848, 44866, 44871, 46089, 46122, 46128, 46133, 46136, 46140, 46156, 46163, 46462, 46512, 46517, 46520, 46522, 46527, 46549, 46559, 46576, 46619, 46874, 46879, 46883, 47089, 47092, 44583, 33796, 3812, 10195, 12255, 13741, 13875, 13942, 13962, 13968, 13982, 14012, 14062, 14063, 14068, 14102, 14118, 14129, 14140, 14767, 14908, 16051, 16128, 16133, 16247, 21952, 30509, 31057, 31106, 31109, 33425, 33678, 33777, 33795, 35546, 35900, 36895, 36912, 37063, 40453, 40625, 40630, 44440, 44750, 44769, 44800, 44806, 44809, 44812, 37039, 37081, 44782, 41848, 14002, 14003, 16143, 40589, 46296, 12319, 7352, 7369, 8201, 10075, 10079, 10156, 10171, 10180, 12248, 12323, 13729, 13882, 13904, 13979, 14004, 14760, 16050, 16072, 20017, 20286, 33503, 36991, 39176, 39178, 40622, 40628, 40822, 40827, 41439, 41448, 41488, 43786, 45981, 46857, 17965, 41877, 13719, 14988, 15002, 16078, 16079, 16132, 16189, 16207, 16214, 17628, 17726, 25338, 25343, 25355, 25391, 25392, 25402, 29431, 42802, 17581, 15423, 15461, 15618, 15727, 15741, 15751, 15757, 15759, 15838, 15866, 15869, 15886, 16171, 17623, 17653, 17657, 17678, 17703, 17711, 17712, 17769, 17774, 17775, 17785, 17790, 17818, 17827, 20640, 20880, 20980, 21241, 24483, 27113, 33443, 33761, 34156, 40797, 40798, 40802, 40804, 41089, 41095, 41101, 41104, 41111, 41492, 43959, 46678, 34598, 13013, 13023, 13026, 15365, 15368, 15376, 15391, 15400, 15407, 15439, 15450, 15462, 15631, 20556, 20615, 20738, 20948, 20986, 21007, 21303, 21313, 21327, 22164, 22193, 22221, 22704, 32694, 34591, 35505, 40577, 40580, 40582, 40781, 41560, 41900, 41902, 41904, 45647, 28258, 22182, 34562, 41528, 45638, 22358, 41674, 45652, 42898, 11749, 21690, 22030, 22039, 22116, 22137, 22197, 22253, 22266, 22315, 22321, 23082, 29731, 32569, 34532, 34533, 34566, 34571, 34594, 34618, 34644, 41657, 41664, 41667, 43595, 44417, 45625, 45642, 29750, 27563, 18233, 43694, 13699, 14114, 16630, 16662, 16703, 16718, 16766, 27443, 27445, 27448, 27452, 27481, 27502, 27539, 27617, 27626, 27638, 27644, 27695, 27948, 27999, 28024, 28085, 29788, 34642, 40874, 40900, 43428, 43456, 43465, 43475, 43777, 43976, 43980, 43989, 43991, 43993, 44008, 18311, 43770, 36434, 36463, 27589, 27802, 34850, 18322, 7268, 20439, 20449, 23376, 23206, 19429, 22736, 5643, 18059, 15565, 5597, 5670, 5725, 5731, 6047, 6526, 7044, 7124, 7417, 7429, 7441, 7499, 7520, 7533, 7534, 7560, 7576, 8015, 8061, 8237, 9642, 9665, 9671, 9693, 9709, 9845, 9847, 9856, 9861, 9874, 9880, 9920, 9952, 9964, 9969, 9979, 9996, 10000, 10004, 10209, 10321, 10405, 10425, 10807, 10898, 10924, 11538, 11578, 11610, 12411, 15508, 15515, 15542, 15868, 15874, 15970, 16615, 16623, 16661, 16674, 16682, 16685, 16691, 16697, 16756, 16762, 16767, 16893, 16895, 16900, 18025, 18038, 18404, 19149, 19483, 19484, 19493, 19497, 19498, 21239, 21377, 21386, 22917, 23233, 23244, 23247, 23258, 23270, 23288, 23289, 23313, 23324, 23325, 23339, 23345, 23368, 23546, 23551, 23560, 23566, 23575, 23616, 23623, 23633, 23635, 23661, 23668, 23689, 23699, 23706, 23714, 24586, 24611, 24704, 24719, 24819, 24840, 24892, 25418, 25430, 26236, 26237, 26263, 26266, 26423, 26492, 26847, 26870, 26879, 26906, 26907, 27691, 27711, 27743, 27848, 27850, 27870, 28271, 28895, 29300, 29423, 29493, 29506, 29526, 29527, 29545, 29575, 29608, 29637, 29639, 29641, 29658, 29664, 29685, 29938, 29953, 29978, 30341, 31465, 35977, 36233, 36988, 37122, 37158, 37165, 39195, 39197, 39199, 39200, 39201, 39211, 39216, 39222, 39231, 39234, 39592, 40444, 40464, 40496, 40790, 40817, 40878, 40891, 40898, 40902, 40912, 41124, 41137, 41220, 41224, 41326, 41962, 42019, 42091, 42096, 42100, 42112, 42165, 42166, 42168, 42215, 42225, 42235, 42239, 42249, 42257, 42273, 42554, 42560, 42572, 43092, 43095, 43507, 43510, 43514, 44020, 44026, 44028, 44087, 44121, 44387, 44481, 44510, 45397, 45401, 45949, 45958, 46081, 46084, 47126, 47154, 47281, 24614, 19175, 28875, 5634, 5792, 6377, 7941, 7946, 7973, 7979, 7991, 8119, 8675, 9038, 9764, 9772, 9806, 9809, 9901, 9949, 10033, 10056, 10495, 11843, 16959, 23830, 23912, 24623, 24834, 26459, 26472, 28910, 28922, 29042, 29051, 29083, 29116, 35455, 35777, 36433, 37970, 39183, 39191, 40922, 42271, 42280, 42286, 42288, 44317, 45363, 41259, 19251, 44649, 31690], "label": "sofa"}, {"objectId": 3, "id": 3, "partId": 3, "index": 2, "dominantNormal": [0, -2.220446049250313e-16, 1], "obb": {"axesLengths": [0.886113048589598, 0.8018929183060021, 0.861366274472199], "centroid": [1.981932032358565, -0.48266832685281247, -0.9792935163685645], "normalizedAxes": [0.9303458333015442, -0.36668333411216736, -8.142005605552946e-17, 0, -2.220446049250313e-16, 1, -0.36668333411216736, -0.9303458333015442, -2.0657827299909042e-16]}, "segments": [30614, 6834, 15235, 17086, 40542, 42202, 42774, 6936, 28680, 41545, 26118, 7578, 22851, 35853, 41911, 41913, 42139, 45371, 46959, 46961, 46966, 11972, 10572, 4608, 10600, 45081, 42152, 23517, 41946, 37172, 22890, 10248], "label": "armchair"}, {"objectId": 4, "id": 4, "partId": 4, "index": 3, "dominantNormal": [0, -2.220446049250313e-16, 1], "obb": {"axesLengths": [0.8467322262628947, 0.8114800271806112, 0.8438016611703502], "centroid": [0.971395586124399, -0.10548138290343201, -0.9823700398422031], "normalizedAxes": [-0.5755628943443298, 0.8177575469017029, 1.8157865142625138e-16, 0, -2.220446049250313e-16, 1, 0.8177575469017029, 0.5755628943443298, 1.2780063548419425e-16]}, "segments": [21985, 18959, 7312, 18189, 18210, 18629, 19449, 23702, 24028, 24374, 40744, 42344, 24027, 24215, 35018, 26969, 24205, 28380, 34294, 34306, 26945, 32592, 33259, 40726, 42362, 15339, 45064, 32618, 45410], "label": "armchair"}, {"objectId": 5, "id": 5, "partId": 5, "index": 4, "dominantNormal": [0, -2.220446049250313e-16, 1], "obb": {"axesLengths": [0.9668087606605122, 0.8395799806807939, 0.8552262708245986], "centroid": [0.3681725240793081, 0.6949932008474362, -0.9897900132881854], "normalizedAxes": [0.1799285113811493, 0.9836797118186951, 2.184207729835508e-16, 0, -2.220446049250313e-16, 1, 0.9836797118186951, -0.1799285113811493, -3.9952155224376294e-17]}, "segments": [17326, 41755, 13247, 11449, 11451, 11527, 16537, 16570, 16796, 17443, 17447, 17451, 17488, 18243, 18254, 22386, 22404, 22453, 22464, 22470, 22479, 22562, 22569, 22584, 22601, 22603, 22605, 23472, 31216, 34687, 34719, 41139, 41736, 41744, 41750, 41754, 41786, 41789, 41794, 41799, 41801, 41810, 42134, 42418, 45679, 45682, 45702, 40697, 11878, 14799, 23448, 15352, 14819, 31204, 42328, 11464, 16561, 17474, 26996, 16490, 16534, 34769, 16863, 22777], "label": "armchair"}, {"objectId": 6, "id": 6, "partId": 6, "index": 5, "dominantNormal": [0.9888831377029419, 0.14869475364685059, 3.3016867827939797e-17], "obb": {"axesLengths": [0.7801806294436253, 0.46368693268998856, 0.2992243387022211], "centroid": [0.16584439045841326, 1.6068580896595628, -1.1981564920807677], "normalizedAxes": [-0.14869475364685059, 0.9888831377029419, 2.1957616562827507e-16, 0, -2.220446049250313e-16, 1, 0.9888831377029419, 0.14869475364685059, 3.3016867827939797e-17]}, "segments": [20973, 13167, 11664, 12933, 41061, 20536, 12816, 16810], "label": "armchair"}, {"objectId": 7, "id": 7, "partId": 7, "index": 6, "dominantNormal": [0, -2.220446049250313e-16, 1], "obb": {"axesLengths": [0.5780445894697198, 0.3631499924551694, 0.5717982050010528], "centroid": [1.8242360676327791, 0.6236051093889688, -1.1915750069564213], "normalizedAxes": [0.973080575466156, -0.23046520352363586, -5.117355506537266e-17, 0, -2.220446049250313e-16, 1, -0.23046520352363586, -0.973080575466156, -2.1606729193960472e-16]}, "segments": [42697, 14452, 40563, 12750, 21981, 14566, 25322, 25552, 42606, 12433, 42941, 42719, 42753, 16324, 14449, 42730], "label": "coffee table"}, {"objectId": 8, "id": 8, "partId": 8, "index": 7, "dominantNormal": [0, -2.220446049250313e-16, 1], "obb": {"axesLengths": [0.6064555119575463, 0.4387829801712262, 0.5859420056512821], "centroid": [1.5456975676079678, 1.0712920727095572, -1.1627285350994354], "normalizedAxes": [0.9752366542816162, 0.2211637794971466, 4.910822404217066e-17, 0, -2.220446049250313e-16, 1, 0.2211637794971466, -0.9752366542816162, -2.1654603760837081e-16]}, "segments": [17139, 25155, 16312, 20046, 14719, 25176, 17217, 16368, 16419, 42801, 16438, 14617, 14610, 14643, 14711, 14723, 14734, 14739, 14749, 16409, 16429, 24970, 25231, 25309, 40670, 42659, 42677, 42682, 42798, 24984], "label": "coffee table"}, {"objectId": 10, "id": 10, "partId": 10, "index": 8, "dominantNormal": [0, -2.220446049250313e-16, 1], "obb": {"axesLengths": [0.608394792178514, 0.40817998927429305, 0.5582342586492132], "centroid": [0.9475714936160686, 1.6698758825096651, -1.1940900248865038], "normalizedAxes": [0.729627788066864, 0.6838445067405701, 1.518439833293628e-16, 0, -2.220446049250313e-16, 1, 0.6838445067405701, -0.729627788066864, -1.620099139436313e-16]}, "segments": [19930, 13467, 13527, 13587, 18741, 13554, 13607, 13558, 12180, 13631, 13643, 15314, 19935, 24151, 40543, 13596, 19940, 41178, 19987, 41414, 35254, 12239, 41621, 13644, 13655, 13660, 18843, 19944, 20070, 21862, 35303, 41200, 41405, 41627, 45973], "label": "coffee table"}, {"objectId": 12, "id": 12, "partId": 12, "index": 9, "dominantNormal": [0, -2.220446049250313e-16, 1], "obb": {"axesLengths": [0.8713664363128293, 0.22512006256460992, 0.8747333198926268], "centroid": [-0.2810406014783453, 3.3658875868751266, -1.1174400031393772], "normalizedAxes": [0.9993528127670288, -0.0359719879925251, -7.987385862168206e-18, 0, -2.220446049250313e-16, 1, -0.0359719879925251, -0.9993528127670288, -2.219009004915737e-16]}, "segments": [19504, 25800, 26981, 35939, 11911, 40523, 11938, 19536, 25785, 25794], "label": "coffee table"}, {"objectId": 13, "id": 13, "partId": 13, "index": 10, "dominantNormal": [0, -2.220446049250313e-16, 1], "obb": {"axesLengths": [1.0890303193555728, 0.21694993487857417, 1.0097979775129793], "centroid": [3.463154769659067, -1.3163041039953334, -1.1563450267982855], "normalizedAxes": [0.3913441002368927, 0.9202444553375244, 2.0433531651987123e-16, 0, -2.220446049250313e-16, 1, 0.9202444553375244, -0.3913441002368927, -8.689584612684269e-17]}, "segments": [30053, 45027, 36490, 29565, 3973, 29535, 29583, 30234, 31703, 31398, 3714, 3682], "label": "coffee table"}], "scan_id": "6bde60a9-9162-246f-8f1a-2441db12c4d1", "annId": "6533", "appId": "stk.v1"}