{"segGroups": [{"objectId": 1, "id": 1, "partId": 1, "index": 0, "dominantNormal": [0, -2.220446049250313e-16, 1], "obb": {"axesLengths": [4.517550415976198, 0.4278199577073766, 4.130112828394711], "centroid": [-0.12351932162585882, 0.4294507855440391, -1.5760899325215805], "normalizedAxes": [0.7730602622032166, -0.634332537651062, -1.408501177138226e-16, 0, -2.220446049250313e-16, 1, -0.634332537651062, -0.7730602622032166, -1.7165386050415433e-16]}, "segments": [28176, 5003, 7527, 9238, 4321, 5676, 6006, 6841, 8701, 8705, 8764, 9847, 9912, 9968, 9969, 23124, 26387, 36833, 42014, 44036, 44210, 49474, 51292, 55679, 55711, 55714, 55756, 57875, 62840, 63089, 64133, 64139, 64257, 61454, 35605, 9937, 9960, 10240, 24174, 24185, 25441, 25445, 30721, 30786, 35543, 38715, 42094, 55760, 24452, 24311, 24526, 57885, 23355, 25266, 34948, 24372, 24493, 24471, 25242, 24483], "label": "floor"}, {"objectId": 2, "id": 2, "partId": 2, "index": 1, "dominantNormal": [0.9989292621612549, -0.046264149248600006, -1.0272704742098072e-17], "obb": {"axesLengths": [3.985403262707145, 2.5943300144151586, 0.17732127800408637], "centroid": [-1.707217618758311, 0.19175734557004093, -0.2907450029459204], "normalizedAxes": [0.046264149248600006, 0.9989292621612549, 2.2180685336464887e-16, 0, -2.220446049250313e-16, 1, 0.9989292621612549, -0.046264149248600006, -1.0272704742098072e-17]}, "segments": [34525, 13279, 27293, 31632, 3615, 12647, 14267, 25853, 28981, 58578, 22736, 51518, 54148, 9460], "label": "wall"}, {"objectId": 3, "id": 3, "partId": 3, "index": 2, "dominantNormal": [-0.04794061928987503, -0.9988501667976379, -2.2178929066588314e-16], "obb": {"axesLengths": [3.7241921686329116, 2.5987100020339327, 0.22346267871627631], "centroid": [0.18225732925668345, 2.026398170714247, -0.2709950043410416], "normalizedAxes": [0.9988501667976379, -0.04794061928987503, -1.0644955870081636e-17, 0, -2.220446049250313e-16, 1, -0.04794061928987503, -0.9988501667976379, -2.2178929066588314e-16]}, "segments": [22953, 69614, 69986, 39944, 42958, 37969, 40961, 831, 834, 10245, 14177, 16272, 28928, 31510, 33208, 34231, 34233, 34258, 34524, 36722, 36725, 38285, 39204, 40890, 40893, 41915, 41930, 42283, 43088, 48282, 48452, 48520, 48538, 56861, 61123, 62927, 63666, 69505, 69508, 69885, 48531, 34943, 42522, 42245], "label": "wall"}, {"objectId": 4, "id": 4, "partId": 4, "index": 3, "dominantNormal": [0.998947024345398, -0.045879121869802475, -1.0187211489887654e-17], "obb": {"axesLengths": [3.9324532551446523, 2.5705099723374105, 0.3446173740476264], "centroid": [1.946077310102391, 0.03213516501108475, -0.27525500781256484], "normalizedAxes": [0.045879118144512177, 0.998947024345398, 2.2181079736180952e-16, 0, -2.220446049250313e-16, 1, 0.998947024345398, -0.045879118144512177, -1.0187210662707042e-17]}, "segments": [33350, 46016, 18588, 30759, 26098, 25361, 26008, 26108, 27980, 28269, 28685, 29153, 34244, 38926, 39058, 40253, 40336, 40458, 40850, 46343, 48974, 58688, 60381, 62666, 70170, 10183, 39641, 44611, 43391, 27060, 65728, 46424, 60409], "label": "wall"}, {"objectId": 5, "id": 5, "partId": 5, "index": 4, "dominantNormal": [0.9992049932479858, -0.0398663692176342, -8.852112202725016e-18], "obb": {"axesLengths": [2.24466799795948, 1.6861869911956708, 0.23317309610194015], "centroid": [1.8802890947416548, 0.27441234417196625, -0.03309350085041851], "normalizedAxes": [0.0398663692176342, 0.9992049932479858, 2.218680779648676e-16, 0, -2.220446049250313e-16, 1, 0.9992049932479858, -0.0398663692176342, -8.852112202725016e-18]}, "segments": [44486, 44444, 28406, 44473, 11612, 65821, 46431, 11198, 11576, 18314, 18425, 30194, 44441, 44480, 44497, 46445, 46572, 47821, 17431, 61795, 46267, 34768, 43076, 43196, 42928, 61798, 48035, 48062, 66667, 14314, 13207, 14272, 47794, 65736, 65788, 45797, 43245, 45840, 45639, 27510, 27382, 66302, 10297, 13062, 13073, 13105, 13144, 13157, 13942, 14239, 23798, 23800, 25045, 27088, 27483, 27509, 28075, 28104, 28138, 30596, 34810, 35136, 35160, 36337, 40761, 43339, 43382, 43394, 43476, 44414, 44434, 45563, 45658, 45746, 45836, 46409, 55649, 58437, 58444, 58498, 58504, 58508, 58510, 58513, 58521, 61926, 61962, 61992, 62930, 63091, 63667, 63670, 64667, 64730, 65099, 47742, 66811], "label": "curtain"}, {"objectId": 6, "id": 6, "partId": 6, "index": 5, "dominantNormal": [0.993218183517456, 0.11626537889242172, 2.5816100122626855e-17], "obb": {"axesLengths": [2.0298477226197575, 1.339999943822623, 0.6295097839334368], "centroid": [2.139641115836183, 0.19981708633737033, -0.019999999813659075], "normalizedAxes": [-0.11626537889242172, 0.993218183517456, 2.2053873916349077e-16, 0, -2.220446049250313e-16, 1, 0.993218183517456, 0.11626537889242172, 2.5816100122626855e-17]}, "segments": [2731, 27828, 53633, 18031, 54614, 6315, 10129, 2740, 5274, 5301, 5603, 5616, 5742, 5749, 5757, 5943, 5974, 6044, 6144, 6161, 6179, 6234, 6335, 6397, 6564, 6591, 6603, 6684, 6753, 6904, 7082, 7118, 7163, 7238, 7307, 7332, 7360, 7375, 7385, 7393, 7431, 7442, 7465, 7470, 7479, 7504, 7606, 9661, 17572, 22904, 23678, 24109, 24127, 24292, 24373, 25443, 37193, 41089, 45799, 45921, 45932, 46244, 54573, 54584, 54590, 54691, 54714, 54788, 54798, 54801, 54816, 54939, 54943, 56965, 57048, 57180, 57191, 57193, 57957, 63200, 65534, 66756, 5722, 6291, 6450, 54653, 54661, 15308, 56138, 14936, 21527, 21508, 57753, 21633, 57766, 2607, 57804, 707, 708, 727, 800, 820, 822, 2700, 2939, 3012, 3017, 3046, 4774, 4822, 4861, 5097, 5171, 5178, 5213, 8297, 8306, 14633, 14695, 14735, 14767, 15053, 15665, 15733, 16403, 16466, 16467, 17596, 21561, 21608, 21610, 21618, 21620, 21623, 21629, 21641, 21659, 21670, 22453, 23875, 23902, 24040, 24120, 24162, 34829, 34913, 35195, 41067, 47344, 54424, 54427, 54557, 54992, 56159, 56166, 56206, 57024, 57622, 57681, 57687, 57764, 57867, 57914, 58297, 58816, 61906, 65463, 65467, 65485, 50838, 68401, 16234, 54988, 17864, 16196, 47247, 16617, 16102, 15249, 21399, 65457, 54963, 8238, 6321, 5825, 6978, 54860, 6061], "label": "window"}, {"objectId": 7, "id": 7, "partId": 7, "index": 6, "dominantNormal": [0, -2.220446049250313e-16, 1], "obb": {"axesLengths": [2.2466099498705194, 0.904900053779034, 1.26160541910062], "centroid": [1.3991347733853865, -0.8146569504433032, -1.1024499780508856], "normalizedAxes": [0.03741627559065819, 0.9992997646331787, 2.2188912143965094e-16, 0, -2.220446049250313e-16, 1, 0.9992997646331787, -0.03741627559065819, -8.30808213129379e-18]}, "segments": [53090, 44820, 6994, 55870, 8251, 7070, 21883, 69204, 19152, 69266, 8761, 52605, 56578, 17642, 68738, 1052, 1124, 1178, 1299, 1615, 1833, 1852, 1984, 2129, 2285, 2471, 8135, 8207, 8213, 8290, 9542, 9558, 9567, 10116, 10203, 10351, 10748, 10811, 10814, 10907, 11334, 11348, 11354, 11357, 11476, 16976, 17061, 17065, 17085, 17098, 17112, 17125, 17163, 17185, 17200, 17404, 17545, 17554, 19068, 19160, 19200, 19255, 26434, 26460, 26492, 26537, 26561, 26580, 26596, 26609, 29926, 35632, 44376, 48042, 49826, 50042, 50095, 50161, 50166, 50174, 50194, 51539, 51545, 51563, 51577, 52802, 52865, 52881, 52902, 52980, 53133, 53152, 53236, 54443, 54473, 54485, 55776, 55850, 55971, 56115, 56330, 56359, 56376, 56400, 56577, 56896, 56897, 56900, 58342, 58353, 58363, 62651, 67704, 67727, 68139, 68651, 69306, 69370, 69409, 69411, 69421, 69423, 69426, 69453, 69466, 69474, 69498, 69500, 7093, 26363, 17561, 26296, 8064, 8330, 8383, 9479, 55855, 2098], "label": "bed"}, {"objectId": 8, "id": 8, "partId": 8, "index": 7, "dominantNormal": [-0.03775205463171005, -0.9992871284484863, -2.2188631564301316e-16], "obb": {"axesLengths": [3.7152871936788117, 2.5599998855590838, 0.2910636038803266], "centroid": [0.029099669334827827, -1.7701641989226151, -0.2699999644234017], "normalizedAxes": [0.9992871284484863, -0.03775205463171005, -8.382640055806257e-18, 0, -2.220446049250313e-16, 1, -0.03775205463171005, -0.9992871284484863, -2.2188631564301316e-16]}, "segments": [32021, 31572, 10906, 67510, 2442, 3780, 67343, 8099, 8218, 8346, 8395, 9385, 13423, 20556, 20812, 28580, 32725, 32764, 48935, 48964, 49087, 49155, 55384, 55388, 55407, 55415, 57363, 59052, 59055, 67085, 7129, 32700, 48919, 67247, 67351, 16682], "label": "wall"}, {"objectId": 9, "id": 9, "partId": 9, "index": 8, "dominantNormal": [0, -2.220446049250313e-16, 1], "obb": {"axesLengths": [4.846997613985301, 0.9799999301135554, 4.804884233027202], "centroid": [0.1199930899774766, 0.14058064225336223, 0.5599999742583206], "normalizedAxes": [0.3769100308418274, 0.9262498617172241, 2.056687846068659e-16, 0, -2.220446049250313e-16, 1, 0.9262498617172241, -0.3769100308418274, -8.369083889055493e-17]}, "segments": [27792, 1734, 2051, 2069, 18113, 19201, 19899, 19952, 22662, 22748, 28348, 28462, 29612, 29733, 30009, 37492, 37495, 37506, 37508, 39494, 39509, 39591, 39752, 42849, 43646, 44339, 46920, 47465, 56934, 66819, 66827, 63941, 20258, 66830, 38025, 28366, 29950, 3295, 3325, 8059, 8086, 8089, 8196, 8257, 8523, 11770, 12034, 12855, 12971, 13005, 13026, 17890, 17910, 17933, 17947, 17965, 18935, 27311, 27331, 27334, 31227, 31229, 31236, 31267, 31359, 31926, 31927, 31939, 33409, 33630, 33632, 33639, 33683, 33688, 33699, 33790, 33791, 33826, 33843, 37522, 37542, 37543, 37555, 37556, 38042, 38062, 38081, 38097, 38114, 38152, 39808, 39836, 42895, 43034, 43052, 44677, 44681, 46579, 54958, 55490, 55624, 58633, 58902, 58905, 58949, 58962, 58967, 59440, 59577, 59585, 60771, 60915, 60916, 61030, 61078, 62227, 62265, 66823, 66897, 66900, 66954, 66957, 68053, 68064, 68071, 68107], "label": "ceiling"}, {"objectId": 10, "id": 10, "partId": 10, "index": 9, "dominantNormal": [0, -2.220446049250313e-16, 1], "obb": {"axesLengths": [2.2062198929369528, 0.8448199440951655, 1.2731132369183082], "centroid": [-1.273763949157115, -0.7375141469429133, -1.1324099242520327], "normalizedAxes": [-0.09052687883377075, 0.9958940148353577, 2.2113289307132026e-16, 0, -2.220446049250313e-16, 1, 0.9958940148353577, 0.09052687883377075, 2.0101005045740806e-17]}, "segments": [2735, 8859, 61168, 38432, 35976, 9123, 14422, 14407, 38871, 2716, 3992, 34993, 54735, 159, 322, 2535, 2842, 2866, 2982, 2985, 3452, 3526, 3829, 4162, 4170, 4175, 4194, 4228, 4230, 4231, 7791, 7868, 8945, 9129, 9138, 9191, 14355, 14738, 14999, 15255, 15289, 15298, 15344, 33599, 34230, 35164, 35719, 35801, 35809, 35899, 35920, 35960, 38360, 38375, 38379, 38391, 38444, 38465, 38525, 39387, 39959, 39987, 40271, 40299, 40482, 40504, 40798, 40871, 41265, 41563, 54416, 54419, 54423, 54438, 54488, 54675, 54694, 54706, 54947, 54951, 55095, 55106, 56590, 60144, 61147, 61153, 61308, 61312, 61342, 62007, 67212, 11785, 4663, 4293], "label": "bed"}, {"objectId": 11, "id": 11, "partId": 11, "index": 10, "dominantNormal": [-0.36208292841911316, -0.932145893573761, -2.0697796667107604e-16], "obb": {"axesLengths": [0.9217865639879694, 1.6984999247230599, 0.8322799243874922], "centroid": [1.586931256660567, 1.6990170057191516, -0.7060199489960808], "normalizedAxes": [0.932145893573761, -0.36208292841911316, -8.039856079092037e-17, 0, -2.220446049250313e-16, 1, -0.36208292841911316, -0.932145893573761, -2.0697796667107604e-16]}, "segments": [49585, 47110, 27179, 27823, 27915, 64932, 49625, 32157, 52416, 11820, 12726, 12788, 12809, 12812, 25966, 26004, 27173, 27201, 27218, 27238, 27845, 27878, 27895, 27918, 27988, 27999, 29132, 29140, 29445, 29477, 37340, 37351, 37353, 37439, 37445, 37459, 37463, 45474, 46977, 47094, 50393, 52331, 58384, 58483, 58491, 58717, 58720, 60896, 60900, 63645, 64633, 64638, 64642, 64645, 65211, 65218, 65232, 65255, 69059, 69060], "label": "shelf"}, {"objectId": 12, "id": 12, "partId": 12, "index": 11, "dominantNormal": [0, -2.220446049250313e-16, 1], "obb": {"axesLengths": [1.306751449894215, 0.5524099941758064, 0.6437231275342701], "centroid": [0.5644598102400531, 1.6987561099129063, -1.2862049545077592], "normalizedAxes": [0.9899433255195618, -0.14146459102630615, -3.141144922531728e-17, 0, -2.220446049250313e-16, 1, -0.14146459102630615, -0.9899433255195618, -2.1981157461316276e-16]}, "segments": [43570, 44198, 29637, 11753, 65319, 65321, 45210, 64207, 44193, 49637, 30834, 3440, 64233], "label": "drawer"}, {"objectId": 13, "id": 13, "partId": 13, "index": 12, "dominantNormal": [-0.01375456154346466, -0.9999054074287415, -2.2202360115491736e-16], "obb": {"axesLengths": [0.7720301384393162, 1.3632169657226576, 0.616283348480321], "centroid": [-1.1461409683295234, 1.8611047034318884, -0.9075714638253697], "normalizedAxes": [0.9999054074287415, -0.013754562474787235, -3.0541263906307926e-18, 0, -2.220446049250313e-16, 1, -0.013754562474787235, -0.9999054074287415, -2.2202360115491736e-16]}, "segments": [24037, 22327, 24144, 57960, 58216, 15789, 16082, 16171, 59152, 22314, 15994, 13558, 14079, 10968, 11022, 11043, 11835, 11971, 12035, 12036, 12707, 12946, 12953, 12986, 13011, 13044, 13453, 13560, 13793, 13824, 13833, 13986, 14005, 14092, 14131, 14140, 15397, 41443, 41704, 41765, 48561, 48608, 56403, 56439, 56456, 56474, 56477, 56479, 56522, 56832, 59097, 62887, 62905, 62908, 9652, 16150, 62441, 12113, 56169, 56218, 56191, 7993, 11882, 9328, 9640, 9737, 9766, 9841, 11074, 11088, 11104, 12082, 12149, 12170, 12185, 12195, 12211, 12221, 12270, 12287, 12712, 12716, 12763, 12865, 38649, 40297, 55651, 55751, 55956, 56209, 56244, 56246, 56249, 56327, 56406, 56429, 61773, 63573, 34043, 48254, 48491, 48601, 9611, 9691], "label": "shelf"}, {"objectId": 14, "id": 14, "partId": 14, "index": 13, "dominantNormal": [0.8119127154350281, 0.5837787985801697, 1.296249326943432e-16], "obb": {"axesLengths": [0.7535325034574425, 1.5098430176859412, 0.5603464774733146], "centroid": [-0.26730819585309173, 1.7017514301647243, -0.43507851131077224], "normalizedAxes": [-0.5837787985801697, 0.8119127154350281, 1.8028083813238018e-16, 0, -2.220446049250313e-16, 1, 0.8119127154350281, 0.5837787985801697, 1.296249326943432e-16]}, "segments": [63287, 42292, 61008, 38978, 32267, 32164, 32188, 32289, 32345, 32363, 32846, 32865, 32868, 32884, 32925, 32945, 33883, 34798, 37892, 37916, 38965, 39267, 39279, 39401, 39415, 39465, 41227, 42414, 42628, 58980, 59721, 62168, 63320, 63398, 63401, 63424, 63443, 63544, 35098, 34847, 35242, 33698, 33506, 63464, 31583, 32059, 33408, 33470, 59287, 63300, 36264, 36589, 60292, 63485, 42284, 30172, 41138, 62613, 40082, 40218, 60340, 36108, 62638, 41017], "label": "clothes"}, {"objectId": 15, "id": 15, "partId": 15, "index": 14, "dominantNormal": [0.9945237636566162, -0.10451088845729828, -2.320607893786481e-17], "obb": {"axesLengths": [0.517540051053089, 2.4795789164398836, 0.526876995187078], "centroid": [-0.22112175467976458, 1.6915002818939002, -0.3365604697563376], "normalizedAxes": [0.9945237636566162, -0.10451089590787888, -2.3206080592226036e-17, 0, -2.220446049250313e-16, 1, -0.10451089590787888, -0.9945237636566162, -2.2082863618968856e-16]}, "segments": [30253, 42479, 36614, 62983, 8627, 60263, 35286, 63260, 37804, 60918, 32642, 37807], "label": "curtain"}, {"objectId": 16, "id": 16, "partId": 16, "index": 15, "dominantNormal": [0.9990766048431396, 0.042964544147253036, 9.540045230960867e-18], "obb": {"axesLengths": [0.6105265130679378, 1.748165985610351, 0.43100071901158865], "centroid": [1.0760860581953522, 1.7284771040778386, 0.024082998430440483], "normalizedAxes": [-0.042964544147253036, 0.9990766048431396, 2.2183957001223656e-16, 0, -2.220446049250313e-16, 1, 0.9990766048431396, 0.042964544147253036, 9.540045230960867e-18]}, "segments": [26923, 46142, 61064, 46778, 37120, 46753, 44750, 50061, 68122, 50016, 38012, 49857, 44818, 37219, 37232, 46744, 39863, 44742, 44767], "label": "curtain"}, {"objectId": 17, "id": 17, "partId": 17, "index": 16, "dominantNormal": [0.08791644126176834, -0.9961278438568115, -2.21184813544009e-16], "obb": {"axesLengths": [0.5939304404450447, 0.4200000073015686, 0.31831653088636974], "centroid": [0.25933345366734845, 1.9375241549778377, -0.9199999558552341], "normalizedAxes": [0.9961278438568115, 0.08791644126176834, 1.9521371466384072e-17, 0, -2.220446049250313e-16, 1, 0.08791644126176834, -0.9961278438568115, -2.21184813544009e-16]}, "segments": [37600, 58806, 31089], "label": "luggage"}, {"objectId": 18, "id": 18, "partId": 18, "index": 17, "dominantNormal": [-0.2277068793773651, -0.9737297296524048, -2.1621143312442576e-16], "obb": {"axesLengths": [0.7328140975768586, 0.5313640118085438, 0.3710193025499954], "centroid": [0.8139587859934282, 1.8515137771379522, -0.8243179926427882], "normalizedAxes": [0.9737297296524048, -0.2277068793773651, -5.0561084070058795e-17, 0, -2.220446049250313e-16, 1, -0.2277068793773651, -0.9737297296524048, -2.1621143312442576e-16]}, "segments": [30981, 3205, 35349, 60704, 7157, 3318, 31050, 45157, 37435], "label": "luggage"}, {"objectId": 19, "id": 19, "partId": 19, "index": 18, "dominantNormal": [0.018500562757253647, -0.9998288750648499, -2.2200660755641307e-16], "obb": {"axesLengths": [1.372688513681714, 1.060000038295983, 0.687946267468561], "centroid": [-0.042486147976670996, -1.5468615468393825, -1.0399999877437183], "normalizedAxes": [0.9998288750648499, 0.018500562757253647, 4.107950148325134e-18, 0, -2.220446049250313e-16, 1, 0.018500562757253647, -0.9998288750648499, -2.2200660755641307e-16]}, "segments": [228, 20522, 67132, 25538, 923, 607, 5534, 55338, 11380, 20167, 36790, 18351, 57317, 36737, 20318, 54538, 26802, 55287, 55272, 7495, 29823, 67619, 25692, 28030, 20323, 20266, 9579, 19402, 57348, 54513, 60592, 57274, 936, 67579, 67973, 406, 49219, 49225, 28743, 28810, 25785, 49335, 332, 67572, 7902, 20598, 49344, 67663], "label": "commode"}, {"objectId": 20, "id": 20, "partId": 20, "index": 19, "dominantNormal": [-0.04769955202937126, -0.9988617300987244, -2.217918582345045e-16], "obb": {"axesLengths": [2.86290339080408, 2.5245499046619986, 0.35850627705313737], "centroid": [0.5959023755890165, 1.708752832062395, -0.27227495445433925], "normalizedAxes": [0.9988617300987244, -0.04769955202937126, -1.0591428185462717e-17, 0, -2.220446049250313e-16, 1, -0.04769955202937126, -0.9988617300987244, -2.217918582345045e-16]}, "segments": [59465, 33460, 59364, 59521, 33847, 36294, 59333, 59043, 33316, 62789, 31145, 33247, 41482, 41494, 41538, 41543, 60778, 31620, 58921, 60802, 41574, 59560, 59301, 59485, 60356, 30638, 55429, 120, 64523, 49996, 64735, 39834, 19621, 66943, 65010, 48225, 64212, 46754, 46255, 12739, 62275, 20926, 55481, 103, 45323, 64588, 66463, 29447, 12937, 12959, 65027, 65026, 64834, 46228, 12815, 37554, 37564, 69035, 67787, 64563, 37157, 37981, 61026, 9589, 41317], "label": "rack"}, {"objectId": 22, "id": 22, "partId": 22, "index": 20, "dominantNormal": [0, -2.220446049250313e-16, 1], "obb": {"axesLengths": [0.7894338184004469, 0.3834500227097415, 0.4093679635172438], "centroid": [-0.2861414943096531, 1.6667135043696133, -1.38651497986499], "normalizedAxes": [0.6484226584434509, 0.7612805366516113, 1.6903823599792285e-16, 0, -2.220446049250313e-16, 1, 0.7612805366516113, -0.6484226584434509, -1.4397875301851458e-16]}, "segments": [10404, 63025, 8668, 10488, 10529, 10537, 55822, 10441, 30616, 63049, 36017, 10556, 30579, 35865, 36012, 55782, 10405, 30628, 35883, 36031, 36047, 30709], "label": "basket"}, {"objectId": 23, "id": 23, "partId": 23, "index": 21, "dominantNormal": [0.7947258949279785, -0.6069684624671936, -1.347740724504817e-16], "obb": {"axesLengths": [0.40597304013431634, 1.7082779323694564, 0.25335861140425164], "centroid": [-0.8164220895605543, 1.6466221878038738, -0.675860960538736], "normalizedAxes": [0.6069684624671936, 0.7947258949279785, 1.7646459736297493e-16, 0, -2.220446049250313e-16, 1, 0.7947258949279785, -0.6069684624671936, -1.347740724504817e-16]}, "segments": [63159, 32444, 35578, 31752, 40333, 62470, 33233, 35652, 60042, 62189, 62201, 41354, 62475, 62478, 63639, 9261, 39535, 40563, 41726, 42673, 62810, 62892, 62896, 41808, 9694, 39523, 42174, 60075, 9274, 33083, 32478, 32389, 62683, 40453, 41678, 41789, 31665, 63603, 9278, 9296, 40564, 35641], "label": "shelf"}, {"objectId": 24, "id": 24, "partId": 24, "index": 22, "dominantNormal": [0, -2.220446049250313e-16, 1], "obb": {"axesLengths": [0.5915399758020672, 0.36190795089510175, 0.4050864057834033], "centroid": [-0.014309588201053824, 0.6623231680013119, 1.1090459680398723], "normalizedAxes": [0.8353481888771057, 0.5497211813926697, 1.220626225412568e-16, 0, -2.220446049250313e-16, 1, 0.5497211813926697, -0.8353481888771057, -1.8548455857405737e-16]}, "segments": [21258, 57380, 21274, 19541, 19640, 19642, 20849, 20947, 21012, 21059, 21110, 21312, 21265, 19668, 19530, 19346, 19370, 19376, 19391, 19412, 19428, 19442, 19454, 19464, 19495, 19567, 19573, 19582, 19591, 19599, 19622, 19648, 19652, 19655, 19678, 19691, 20137, 20138, 20194, 57073, 57081, 57098, 57195, 57475, 21368, 57141, 19485, 19327, 19331, 20070, 20088, 56949, 57459, 20891, 20912, 20961, 20986, 20996, 21038, 57386, 57394, 57401, 20914, 20807, 20809, 20823, 20840, 20894, 20925, 57374, 57377, 20779, 21197, 57256], "label": "light"}, {"objectId": 25, "id": 25, "partId": 25, "index": 23, "dominantNormal": [0.9806525111198425, -0.19575676321983337, -4.34667331505508e-17], "obb": {"axesLengths": [1.045328964837967, 0.7200000125169748, 0.45251779462665775], "centroid": [1.9381164427206363, 0.4373255435794984, -1.1299999595060184], "normalizedAxes": [0.19575676321983337, 0.9806525111198425, 2.177485994003453e-16, 0, -2.220446049250313e-16, 1, 0.9806525111198425, -0.19575676321983337, -4.34667331505508e-17]}, "segments": [51015, 51836, 68795, 68564, 68897, 50943, 50948, 51044, 51161, 51163, 51196, 51212, 51849, 52243, 68430, 68449, 68555, 68557, 51826, 68811, 23447, 38635, 24777, 59632, 23440, 24735, 38603, 38725, 50910, 50914, 51027, 51241, 51766, 51791, 51859, 51910, 51920, 59591, 59693, 68600, 68828, 68983, 24648, 58148, 51045, 51133, 51917, 68502, 18208, 18240, 50988, 51003, 52268, 52276, 53610, 53976, 68441, 68444, 68890, 70416, 70505, 52073, 53756, 17979, 70201, 53461, 53442, 53446, 53466, 53470, 53476, 53509, 53541, 53571, 53585, 53781, 53958, 69997, 70057, 70060, 70064, 70257, 70262, 70264, 70375, 70389, 70392, 70396, 70471, 70475, 70532, 53929, 8732, 8749, 17326, 17383, 17390, 17407, 17452, 17456, 17552, 17597, 17602, 38683, 52638, 56941, 56944, 69077, 69295, 69299, 70081, 70266, 60432, 24746], "label": "radiator"}, {"objectId": 26, "id": 26, "partId": 26, "index": 24, "dominantNormal": [0, -2.220446049250313e-16, 1], "obb": {"axesLengths": [0.5744675468266646, 0.16850500177208322, 0.1729772070083495], "centroid": [0.6947844630690183, 1.7483995104015526, 0.14969650995672312], "normalizedAxes": [0.13956621289253235, 0.9902127385139465, 2.198713963150626e-16, 0, -2.220446049250313e-16, 1, 0.9902127385139465, -0.13956621289253235, -3.0989924602605156e-17]}, "segments": [43709, 22, 26878, 26887, 43707, 43740, 43771, 43817, 162, 43685, 43691, 43753, 64055, 67079, 67083, 43745, 64013, 26918], "label": "hanger"}, {"objectId": 27, "id": 27, "partId": 27, "index": 25, "dominantNormal": [0.9530506134033203, 0.3028109669685364, 6.723754152749537e-17], "obb": {"axesLengths": [0.4348401202696823, 0.459999983161688, 0.1936649189893036], "centroid": [2.0394392655557816, 0.4382702118733194, -0.3399999780579641], "normalizedAxes": [-0.3028109669685364, 0.9530506134033203, 2.11619746926699e-16, 0, -2.220446049250313e-16, 1, 0.9530506134033203, 0.3028109669685364, 6.723754152749537e-17]}, "segments": [22834, 23349, 23497, 23294, 23238, 22878], "label": "hanger"}, {"objectId": 28, "id": 28, "partId": 28, "index": 26, "dominantNormal": [0.7270421981811523, 0.6865927577018738, 1.524542176283003e-16], "obb": {"axesLengths": [0.28444051668289033, 0.2935800486747908, 0.2919943012040297], "centroid": [0.8173641408672343, 0.1855531799129099, -1.384239989834053], "normalizedAxes": [0.7270421981811523, 0.6865927577018738, 1.524542176283003e-16, 0, -2.220446049250313e-16, 1, 0.6865927577018738, -0.7270421981811523, -1.614357976589603e-16]}, "segments": [50564, 21915, 50514, 50515, 50596, 50611, 50343, 50439, 50441, 50487, 68234, 50507, 50482], "label": "trash can"}, {"objectId": 29, "id": 29, "partId": 29, "index": 27, "dominantNormal": [0, -2.220446049250313e-16, 1], "obb": {"axesLengths": [0.9740341444812206, 0.5199999991059301, 0.7293925766804418], "centroid": [1.6140397227214034, -0.3522688861192588, -0.7299999773874117], "normalizedAxes": [0.17728734016418457, 0.9841591119766235, 2.1852722120221902e-16, 0, -2.220446049250313e-16, 1, 0.9841591119766235, -0.17728734016418457, -3.9365697404966e-17]}, "segments": [66387, 34061, 29995, 30220, 33946, 9127, 70360, 70354, 33885, 54271, 54358, 51054, 50879, 64119, 45305, 29953, 62654, 44888, 45194, 47825], "label": "blanket"}, {"objectId": 30, "id": 30, "partId": 30, "index": 28, "dominantNormal": [0, -2.220446049250313e-16, 1], "obb": {"axesLengths": [0.9186826796694786, 0.1434389916783796, 0.5299602898091937], "centroid": [1.5186522023833653, -1.5472356456487566, -0.8582804800581059], "normalizedAxes": [0.8874372243881226, -0.46092861890792847, -1.0234671308405129e-16, 0, -2.220446049250313e-16, 1, -0.46092861890792847, -0.8874372243881226, -1.9705064788502703e-16]}, "segments": [56014, 10080, 11462, 12874, 56349], "label": "pillow"}, {"objectId": 31, "id": 31, "partId": 31, "index": 29, "dominantNormal": [0, -2.220446049250313e-16, 1], "obb": {"axesLengths": [0.4366674958124453, 0.186847026940129, 0.3194979160724883], "centroid": [0.38776088261664315, -0.9127018875971902, -0.7780084629428707], "normalizedAxes": [0.975651204586029, 0.2193278819322586, 4.8700572892692275e-17, 0, -2.220446049250313e-16, 1, 0.2193278819322586, -0.975651204586029, -2.1663808626693571e-16]}, "segments": [43957, 43999, 66548, 64461, 44984], "label": "table"}, {"objectId": 32, "id": 32, "partId": 32, "index": 30, "dominantNormal": [0, -2.220446049250313e-16, 1], "obb": {"axesLengths": [0.3141934637694318, 0.14951896333279535, 0.19288434007614785], "centroid": [0.5092561653521575, -0.890199268638936, -0.7552404726242146], "normalizedAxes": [-0.3223257064819336, 0.9466288089752197, 2.101938198995556e-16, 0, -2.220446049250313e-16, 1, 0.9466288089752197, 0.3223257064819336, 7.157068415296255e-17]}, "segments": [44947, 66563], "label": "toilet paper"}, {"objectId": 33, "id": 33, "partId": 33, "index": 31, "dominantNormal": [0.9921667575836182, 0.12492066621780396, 2.7737959977303984e-17], "obb": {"axesLengths": [0.31082672624987584, 0.3851499471407395, 0.15096671518335486], "centroid": [-0.7636941360818905, -1.6561063781042435, -1.3574249336325739], "normalizedAxes": [-0.12492065876722336, 0.9921667575836182, 2.203052757074038e-16, 0, -2.220446049250313e-16, 1, 0.9921667575836182, 0.12492065876722336, 2.773795832294276e-17]}, "segments": [6561, 6193, 8904, 8888, 6538, 6269, 6277, 6429, 6443, 6463, 6537, 6612, 55139, 55145, 55172, 55228], "label": "box"}, {"objectId": 34, "id": 34, "partId": 34, "index": 32, "dominantNormal": [0, -2.220446049250313e-16, 1], "obb": {"axesLengths": [0.9501357942061701, 0.3877019795544001, 0.7029740238313636], "centroid": [-1.2695505186872313, -0.9441541784846519, -0.7961489871631766], "normalizedAxes": [0.8608848452568054, -0.5087997913360596, -1.1297624865315371e-16, 0, -2.220446049250313e-16, 1, -0.5087997913360596, -0.8608848452568054, -1.9115483535099407e-16]}, "segments": [35398, 35449, 35497, 59746, 14296, 13690, 45530, 13612, 35480, 15515, 56784, 56884, 56732, 14946, 4035, 15636, 14559, 14718], "label": "blanket"}, {"objectId": 35, "id": 35, "partId": 35, "index": 33, "dominantNormal": [0, -2.220446049250313e-16, 1], "obb": {"axesLengths": [0.7075899427305432, 0.24230199510674177, 0.653939928789754], "centroid": [-1.4097353736630525, -0.45856296282343245, -0.7711509487147394], "normalizedAxes": [0.9622265100479126, -0.27225008606910706, -6.045166280202065e-17, 0, -2.220446049250313e-16, 1, -0.27225008606910706, -0.9622265100479126, -2.1365720527198042e-16]}, "segments": [15213, 16415, 32986], "label": "pillow"}, {"objectId": 36, "id": 36, "partId": 36, "index": 34, "dominantNormal": [0, -2.220446049250313e-16, 1], "obb": {"axesLengths": [0.8903786758476411, 0.1278960080170033, 0.7974411389736942], "centroid": [-1.4437003432192428, -0.09335099009459352, -0.8507739904721656], "normalizedAxes": [0.8378573656082153, 0.5458891987800598, 1.2121175147596026e-16, 0, -2.220446049250313e-16, 1, 0.5458891987800598, -0.8378573656082153, -1.8604170773000369e-16]}, "segments": [3369, 2680, 59987, 2727, 54687], "label": "pillow"}, {"objectId": 37, "id": 37, "partId": 37, "index": 35, "dominantNormal": [0, -2.220446049250313e-16, 1], "obb": {"axesLengths": [0.7929332573422349, 0.07999998152256063, 0.4184845231261663], "centroid": [-0.9750074439354115, -0.35719245830517204, -0.8899999851360153], "normalizedAxes": [0.3432416319847107, 0.9392471313476562, 2.0855475820705932e-16, 0, -2.220446049250313e-16, 1, 0.9392471313476562, -0.3432416319847107, -7.621495256786808e-17]}, "segments": [39238], "label": "magazine"}, {"objectId": 39, "id": 39, "partId": 39, "index": 36, "dominantNormal": [0, -2.220446049250313e-16, 1], "obb": {"axesLengths": [0.24726350444313003, 0.08509993362948443, 0.24584789075069685], "centroid": [0.31521550557439265, -0.418372051370831, -1.140369975372253], "normalizedAxes": [-0.39469286799430847, 0.9188131093978882, 2.0401749387619365e-16, 0, -2.220446049250313e-16, 1, 0.9188131093978882, 0.39469286799430847, 8.763942194052376e-17]}, "segments": [45065, 64475, 47616, 66495, 47682, 66359, 45117, 45144, 66447], "label": "item"}, {"objectId": 41, "id": 41, "partId": 41, "index": 37, "dominantNormal": [0, -2.220446049250313e-16, 1], "obb": {"axesLengths": [1.7165362922747625, 0.13999998256564172, 0.22239500366287318], "centroid": [2.028250271012685, 0.3122535759193008, -0.6999999619647101], "normalizedAxes": [0.04826630279421806, 0.998834490776062, 2.2178580988986552e-16, 0, -2.220446049250313e-16, 1, 0.998834490776062, -0.04826630279421806, -1.0717272135134085e-17]}, "segments": [51948, 7693, 39106, 53672], "label": "windowsill"}, {"objectId": 42, "id": 42, "partId": 42, "index": 38, "dominantNormal": [0, -2.220446049250313e-16, 1], "obb": {"axesLengths": [0.5015708152726208, 0.2976399593582757, 0.3993507239622623], "centroid": [1.8943892599519563, 0.914768985482538, -1.7295099601630848], "normalizedAxes": [0.3824765384197235, 0.9239652156829834, 2.051614912807994e-16, 0, -2.220446049250313e-16, 1, 0.9239652156829834, -0.3824765384197235, -8.492685186650107e-17]}, "segments": [23172, 22363, 57859, 57893, 57898, 23371, 22342, 22426, 23192, 23357, 23363, 23373, 24261, 24342, 24398, 24467, 24502, 24505, 24507, 24528, 25301, 25320, 58040, 58133, 58226, 58280, 58094, 58229, 57904], "label": "scale"}], "scan_id": "422885e0-192d-25fc-844a-62e395291839", "annId": "1782", "appId": "stk.v1"}