{"segGroups": [{"objectId": 1, "id": 1, "partId": 1, "index": 0, "dominantNormal": [0, -2.220446049250313e-16, 1], "obb": {"axesLengths": [5.546677084269573, 0.28000008434057005, 3.6587418333736887], "centroid": [-0.9156858645938405, -0.03555595948595164, -1.3100000531971456], "normalizedAxes": [-0.7013760805130005, 0.712791383266449, 1.5827148109136523e-16, 0, -2.220446049250313e-16, 1, 0.712791383266449, 0.7013760805130005, 1.5573677470137614e-16]}, "segments": [7684, 15102, 14940, 6786, 9636, 6404, 15637, 15636, 14693, 39515, 6668, 39135, 13245, 38986, 13124, 13321, 13509, 9392, 9301, 17626, 11945, 16774, 18782, 18295, 6853, 21330, 9386, 20270, 12081, 32515, 9376, 14801, 3516, 6611, 6597, 3393, 17041, 7767, 2028, 7738, 21286, 21283, 21315, 5773, 17053, 3665, 39266, 39164, 16762, 17169, 16894, 16896, 16671, 16921, 16924, 32557, 11909, 11936, 9575, 9652, 9751, 9469, 34351, 13479, 17321, 13470, 13338, 13651, 32357, 32479, 13187, 32341, 32435, 11983, 11990, 13204, 13552, 13569, 9244, 32420, 9249, 9769, 9901, 10002, 12290, 32048, 32045, 11889, 31968, 12080, 13542, 13585, 16598, 34203, 17163, 34160, 33893, 15768, 15924, 15877, 15670, 18164, 18136], "label": "floor"}, {"objectId": 2, "id": 2, "partId": 2, "index": 1, "dominantNormal": [0.5998098254203796, -0.8001425862312317, -1.7766734444340664e-16], "obb": {"axesLengths": [1.5800141796619467, 0.8611800478135035, 0.5960491364257416], "centroid": [1.504768352923694, -1.466360874078194, -0.940590083064362], "normalizedAxes": [0.8001425862312317, 0.5998098850250244, 1.3318454895051e-16, 0, -2.220446049250313e-16, 1, 0.5998098850250244, -0.8001425862312317, -1.7766734444340664e-16]}, "segments": [34588, 16197, 12552, 12555, 12558, 12563, 12564, 14979, 15754, 15815, 15817, 15996, 16028, 16054, 16056, 16090, 16130, 16157, 16174, 16586, 16638, 16664, 16706, 16725, 16727, 16735, 16770, 16800, 16814, 16846, 16852, 16867, 16879, 16895, 16911, 16932, 16933, 16942, 17014, 17043, 17051, 17058, 17110, 17112, 17119, 17150, 17183, 17209, 17236, 17242, 17291, 17336, 17377, 17462, 17555, 17559, 17770, 17777, 17800, 17899, 17901, 17905, 18049, 18073, 18128, 18179, 28237, 33441, 33506, 33949, 33950, 34131, 34133, 34150, 34158, 34168, 34169, 34181, 34208, 34212, 34217, 34292, 34433, 34438, 39261, 39344, 14973, 16807, 34238, 2905, 15024, 14995], "label": "cabinet"}, {"objectId": 3, "id": 3, "partId": 3, "index": 2, "dominantNormal": [0.20688237249851227, -0.9783658385276794, -2.1724085608802556e-16], "obb": {"axesLengths": [0.24217574059766994, 0.22246098021132532, 0.21669006333572158], "centroid": [1.1235456118928036, -1.8037073337148999, -0.5012305471771104], "normalizedAxes": [0.9783658385276794, 0.20688237249851227, 4.593711466738532e-17, 0, -2.220446049250313e-16, 1, 0.20688237249851227, -0.9783658385276794, -2.1724085608802556e-16]}, "segments": [3080, 3035, 3031, 30239, 3152, 3124], "label": "pot"}, {"objectId": 4, "id": 4, "partId": 4, "index": 3, "dominantNormal": [0.7809749245643616, -0.6245623826980591, -1.3868070751722674e-16], "obb": {"axesLengths": [0.5044419324440935, 0.9670529745432811, 0.3869689568113581], "centroid": [1.1169677780491054, -1.9860356383283415, -0.013526579062793198], "normalizedAxes": [0.6245623826980591, 0.7809749245643616, 1.734112685812498e-16, 0, -2.220446049250313e-16, 1, 0.7809749245643616, -0.6245623826980591, -1.3868070751722674e-16]}, "segments": [3005, 30204, 1162, 14114, 921, 934, 937, 958, 1120, 1181, 1190, 1216, 1218, 1880, 1918, 2707, 2757, 2789, 2826, 2831, 2832, 2840, 2959, 2978, 14229, 20217, 30015, 30143, 30150, 30157, 33546, 12363, 30304, 1087, 1970, 30182, 14175, 19933, 1922, 30011, 1842, 1781], "label": "plant"}, {"objectId": 5, "id": 5, "partId": 5, "index": 4, "dominantNormal": [0.4707331359386444, -0.8822756409645081, -1.9590454613294296e-16], "obb": {"axesLengths": [1.126906523144706, 1.220000001341104, 0.21063480529251866], "centroid": [1.638333253813171, -1.7395379765670032, 0.059999920949340035], "normalizedAxes": [0.8822756409645081, 0.4707331657409668, 1.0452375981206226e-16, 0, -2.220446049250313e-16, 1, 0.4707331657409668, -0.8822756409645081, -1.9590454613294296e-16]}, "segments": [13130, 26298, 29064, 12690, 10725, 2886, 2888, 3180, 10796, 10854, 10855, 10856, 10900, 10911, 11482, 11820, 11863, 12253, 12282, 12299, 12311, 12342, 12347, 12361, 12386, 12390, 12395, 12421, 12429, 12473, 12677, 12745, 12762, 12774, 12799, 12871, 12990, 13003, 13027, 13056, 13095, 13108, 13140, 13221, 13259, 13290, 13383, 13392, 13850, 18201, 18220, 18355, 18389, 19796, 19834, 20079, 23809, 23863, 24199, 24641, 25919, 26073, 26092, 26102, 26105, 26108, 26120, 26125, 26126, 26427, 26459, 26486, 26578, 26587, 26660, 26661, 26679, 26683, 26695, 26707, 26733, 27738, 27819, 28673, 28904, 29260, 29261, 29267, 29271, 29283, 29299, 29308, 29410, 29415, 29421, 29507, 29534, 29539, 29548, 29553, 29684, 30008, 30050, 30081, 31909, 33398, 33528, 33533, 32638, 3024, 12409, 12496, 12780, 33435, 32625, 29508, 13841], "label": "mirror"}, {"objectId": 6, "id": 6, "partId": 6, "index": 5, "dominantNormal": [0.7113564014434814, -0.7028314471244812, -1.5605993100564346e-16], "obb": {"axesLengths": [0.37830173546664414, 0.39344399288049337, 0.3042980381451462], "centroid": [1.9435986744370823, -1.350775616162822, -0.4467220709460529], "normalizedAxes": [0.7028314471244812, 0.7113564014434814, 1.579528511194098e-16, 0, -2.220446049250313e-16, 1, 0.7113564014434814, -0.7028314471244812, -1.5605993100564346e-16]}, "segments": [11969, 267, 194, 11978, 11989], "label": "object"}, {"objectId": 7, "id": 7, "partId": 7, "index": 6, "dominantNormal": [0, -2.220446049250313e-16, 1], "obb": {"axesLengths": [2.9027841034865403, 0.8969000079430637, 1.6389753484151761], "centroid": [-0.9465684160619418, -0.8579794241284833, -0.8584500713247801], "normalizedAxes": [-0.3651951849460602, 0.9309309720993042, 2.0670819991226534e-16, 0, -2.220446049250313e-16, 1, 0.9309309720993042, 0.3651951849460602, 8.108962056187167e-17]}, "segments": [23873, 23731, 20650, 24198, 8232, 18265, 35183, 19449, 20111, 20332, 20483, 20490, 20509, 20543, 21128, 21129, 21806, 23846, 24483, 24512, 24526, 24921, 28727, 34891, 34892, 36846, 1841, 37090, 36812, 35022, 35105, 35111, 36849, 37040, 37093, 18852, 746, 822, 927, 973, 18226, 18245, 18257, 20629, 22974, 23104, 23106, 23119, 24347, 29408, 35606, 35674, 35712, 36448, 18413, 23376, 23950, 23980, 24006, 24009, 24037, 24114, 24128, 24213, 24256, 24589, 24603, 24618, 24693, 24730, 24742, 25158, 25183, 25254, 25284, 25288, 25411, 25474, 36142, 36997, 37014, 37176, 24044, 22917, 22976, 23911, 23932, 24042, 24074, 25021, 35660, 36989, 25118, 22912], "label": "couch"}, {"objectId": 8, "id": 8, "partId": 8, "index": 7, "dominantNormal": [0.8419632315635681, 0.5395349264144897, 1.1980081957896121e-16], "obb": {"axesLengths": [0.46571380914695504, 0.6548963005491426, 0.39029597432916646], "centroid": [-1.6451785266730965, 0.5218172286796482, -0.37394992916398073], "normalizedAxes": [-0.5395349264144897, 0.8419632315635681, 1.8695339311393513e-16, 0, -2.220446049250313e-16, 1, 0.8419632315635681, 0.5395349264144897, 1.1980081957896121e-16]}, "segments": [2268, 35356, 2006, 2262, 37809, 25777, 21956, 22318, 22508, 22631, 25536, 25553, 25561, 25605, 25616, 25618, 25756, 25757, 27199, 35253, 35257, 35296, 37210, 37217, 37218, 37234, 37238, 35424, 22118, 22465, 25591, 25629, 27308, 35269, 22371, 27314, 5200, 22085, 22098, 22216, 22326, 22421, 22762, 25584, 37659, 37692], "label": "plant"}, {"objectId": 9, "id": 9, "partId": 9, "index": 8, "dominantNormal": [0, -2.220446049250313e-16, 1], "obb": {"axesLengths": [0.5499751937933917, 0.25062900221432, 0.6096644523879847], "centroid": [-1.711217065058965, 0.5542543939368277, -0.7353145818714533], "normalizedAxes": [0.9588367342948914, -0.28395795822143555, -6.30513326485972e-17, 0, -2.220446049250313e-16, 1, -0.28395795822143555, -0.9588367342948914, -2.1290452385411637e-16]}, "segments": [22368, 768, 2512, 35517, 35457, 2487, 27172, 26943, 22138, 22469, 30102, 35467, 35470, 22404, 27053, 22115, 22432, 25663, 28609, 28651, 28701, 38105, 38108, 22201, 22062, 25340, 25350, 38139], "label": "side table"}, {"objectId": 10, "id": 10, "partId": 10, "index": 9, "dominantNormal": [0.26726067066192627, -0.9636242985725403, -2.1396757667270012e-16], "obb": {"axesLengths": [0.44838877768591, 0.5380689977541042, 0.43863117040762567], "centroid": [-1.3883024026492492, 0.9430842827624736, -1.0009655337564913], "normalizedAxes": [0.9636242985725403, 0.26726067066192627, 5.934379002912632e-17, 0, -2.220446049250313e-16, 1, 0.26726067066192627, -0.9636242985725403, -2.1396757667270012e-16]}, "segments": [1266, 29908, 785, 10224, 816, 29854, 29917, 21175, 3248, 29799, 400], "label": "side table"}, {"objectId": 12, "id": 12, "partId": 12, "index": 10, "dominantNormal": [0.887126624584198, 0.46152612566947937, 1.024793862368599e-16], "obb": {"axesLengths": [5.799691191846806, 2.839999969899655, 0.37027661263388756], "centroid": [-2.0687494548230427, -0.19605520633274665, 0.08999989166855848], "normalizedAxes": [-0.46152615547180176, 0.887126624584198, 1.969816808742748e-16, 0, -2.220446049250313e-16, 1, 0.887126624584198, 0.46152615547180176, 1.024793928543048e-16]}, "segments": [3475, 39807, 23712, 17549, 26156, 26329, 38050, 2897, 2992, 17464, 17475, 17618, 17893, 17966, 17986, 17989, 19168, 19202, 19207, 19217, 19229, 19240, 19252, 25837, 26151, 26155, 26218, 26232, 26269, 26399, 26428, 26509, 26561, 26576, 27250, 27274, 27277, 27320, 27323, 27397, 27489, 27503, 27508, 27543, 27585, 27695, 27780, 27845, 27849, 27880, 27899, 28071, 28119, 28124, 28133, 28134, 28273, 28620, 28698, 29093, 29115, 29123, 29685, 29709, 34667, 37276, 37300, 37303, 37917, 37919, 37954, 37956, 37968, 37983, 40088, 40090, 40094, 40059, 11409, 40022, 28295, 26149, 40051, 16276, 36428, 12529, 19210, 23659, 36282, 25033, 1084, 25262, 25014, 1018, 1022, 1069, 12461, 14531, 14532, 14560, 14614, 16055, 16057, 16125, 22657, 22694, 22698, 22699, 22715, 22737, 22775, 22787, 22790, 22812, 22821, 22830, 22855, 22941, 22956, 22980, 23025, 23032, 23035, 23042, 23358, 23437, 23592, 23597, 23696, 23750, 24745, 24805, 24806, 24826, 24837, 24838, 24841, 24900, 24913, 24987, 24994, 25019, 25030, 25032, 25035, 25052, 25059, 33895, 35556, 35561, 35565, 35571, 35578, 35580, 35581, 35610, 35617, 35877, 35888, 35891, 35897, 36146, 36151, 36154, 36178, 36186, 36189, 36192, 36197, 36212, 36293, 36438, 36446, 11155, 35907, 11107, 33078, 20231, 24091, 10493, 11360, 18599, 37626, 36097, 23554, 18785, 34778, 23223, 36102, 35941, 23506, 23503, 23486, 23421, 23415, 35950, 23525, 23496, 23498, 18807, 34777, 18784, 36088, 23477, 23447, 11325, 23404, 11337, 11269, 11172, 32062, 9533, 10957, 10682, 14051, 13339, 12612, 20899, 20948, 35009, 34973, 25384, 21414, 21418, 34944, 21465, 21493, 21494, 34953, 21563, 21629, 21626, 21591, 21542, 20946, 21319, 37095, 25376, 37270, 21448, 21457, 18594, 34689, 26980, 26924, 37379, 18498, 22988, 20190, 34808, 23134, 23124, 23048, 20422, 20384], "label": "wall"}, {"objectId": 13, "id": 13, "partId": 13, "index": 11, "dominantNormal": [0.9384466409683228, 0.3454242944717407, 7.669960099748534e-17], "obb": {"axesLengths": [0.5435217800380837, 0.4269519650872354, 0.3214211855580571], "centroid": [-2.5778812406497815, 0.9389728312332167, -0.6765240633519592], "normalizedAxes": [-0.3454242944717407, 0.9384466409683228, 2.0837701363703393e-16, 0, -2.220446049250313e-16, 1, 0.9384466409683228, 0.3454242944717407, 7.669960099748534e-17]}, "segments": [40120, 28983, 39677, 39695, 38286, 27562, 28644, 29001, 28999, 28942, 29088, 28941, 29130, 28623], "label": "bookshelf"}, {"objectId": 14, "id": 14, "partId": 14, "index": 12, "dominantNormal": [0, -2.220446049250313e-16, 1], "obb": {"axesLengths": [1.0061978033460943, 0.19999999850988368, 0.3089597497292687], "centroid": [-2.5102707238377815, 0.7875248023200565, -0.3300000783801078], "normalizedAxes": [-0.4391649663448334, 0.898406445980072, 1.9948630435974657e-16, 0, -2.220446049250313e-16, 1, 0.898406445980072, 0.4391649663448334, 9.75142114489532e-17]}, "segments": [5496, 25798, 37021, 28489, 28886, 25845, 39862, 3771, 3828], "label": "shelf"}, {"objectId": 15, "id": 15, "partId": 15, "index": 13, "dominantNormal": [0, -2.220446049250313e-16, 1], "obb": {"axesLengths": [0.620239935942858, 0.23603999087125072, 0.3647173107688244], "centroid": [-2.4889036478763473, 0.8615478467455304, -1.1820300758176294], "normalizedAxes": [-0.27726075053215027, 0.9607946872711182, 2.1333927674918444e-16, 0, -2.220446049250313e-16, 1, 0.9607946872711182, 0.27726075053215027, 6.156425381312897e-17]}, "segments": [28405, 28407, 27900, 27925, 28338, 37964, 39605, 28846, 28818], "label": "shelf"}, {"objectId": 16, "id": 16, "partId": 16, "index": 14, "dominantNormal": [-0.2742134928703308, -0.961668848991394, -2.1353337964300368e-16], "obb": {"axesLengths": [0.42135956338193425, 0.6320559837209584, 0.3028824044468472], "centroid": [-2.239503251082909, 0.4137160079694024, -0.8939520721744297], "normalizedAxes": [0.961668848991394, -0.2742135226726532, -6.08876333069504e-17, 0, -2.220446049250313e-16, 1, -0.2742135226726532, -0.961668848991394, -2.1353337964300368e-16]}, "segments": [38310, 24536, 28761, 28790, 38324, 28795, 28813, 26227, 26864, 37342, 23993, 24170, 25344, 25402, 26551, 36471, 37312, 37352], "label": "shelf"}, {"objectId": 17, "id": 17, "partId": 17, "index": 15, "dominantNormal": [0.8891021013259888, 0.4577089548110962, 1.0163180404167886e-16], "obb": {"axesLengths": [0.7084664027159695, 0.5999999806284906, 0.13665247853792398], "centroid": [-2.3887671355120124, 0.43018934135163345, -0.010000085234641798], "normalizedAxes": [-0.4577089548110962, 0.8891021013259888, 1.9742032482694433e-16, 0, -2.220446049250313e-16, 1, 0.8891021013259888, 0.4577089548110962, 1.0163180404167886e-16]}, "segments": [30811, 7856, 8685, 34793, 34783, 20102, 31719, 8414, 31781, 30791, 7624, 5646, 7790, 7825, 8381, 30821, 7606, 19726, 19735, 19737, 34731, 34745, 35542, 19775, 19782, 39754, 4578, 11152, 31798, 19830, 11376, 19700, 19767, 34736], "label": "shelf"}, {"objectId": 18, "id": 18, "partId": 18, "index": 16, "dominantNormal": [0.8820993900299072, 0.4710632860660553, 1.0459706124922425e-16], "obb": {"axesLengths": [1.9782795886152043, 1.0399999684095382, 0.2329903515496685], "centroid": [-1.6710056833140852, -1.1027723556404696, 0.24999989941716216], "normalizedAxes": [-0.4710632860660553, 0.8820993900299072, 1.9586541056380185e-16, 0, -2.220446049250313e-16, 1, 0.8820993900299072, 0.4710632860660553, 1.0459706124922425e-16]}, "segments": [13597, 16405, 12867, 329, 37391, 206, 221, 13168, 13666, 14339, 16333, 16409, 18272, 18431, 19027, 20642, 20955, 21481, 21554, 21612, 21637, 21660, 29280, 34470, 34472, 34994, 34999, 35001, 35004, 35005, 35013, 35056, 37590, 14342, 37444, 19395, 249, 265, 289, 337, 12882, 13723, 13766, 13791, 19021, 19438, 19516, 19517, 29286, 33743, 34187, 34685, 12887, 37579, 12636, 18579, 18214, 34476, 18424], "label": "mirror"}, {"objectId": 20, "id": 20, "partId": 20, "index": 17, "dominantNormal": [0.8004900217056274, 0.5993460416793823, 1.330815550380798e-16], "obb": {"axesLengths": [0.5313782409877259, 0.3799999979138373, 0.22599371663497742], "centroid": [-0.8863158792200663, -2.404379363457711, 0.23999991849064806], "normalizedAxes": [-0.5993460416793823, 0.8004900217056274, 1.7774449061605578e-16, 0, -2.220446049250313e-16, 1, 0.8004900217056274, 0.5993460416793823, 1.330815550380798e-16]}, "segments": [32951, 11786, 10767, 33210, 10743, 32593], "label": "price tag"}, {"objectId": 21, "id": 21, "partId": 21, "index": 18, "dominantNormal": [0.37162455916404724, -0.9283831119537354, -2.0614246131283828e-16], "obb": {"axesLengths": [1.834024543851875, 2.0115999129802, 0.45012991797852964], "centroid": [0.0544669389092175, -2.455522379593298, -0.05580006973892471], "normalizedAxes": [0.9283831119537354, 0.37162452936172485, 8.251722180257489e-17, 0, -2.220446049250313e-16, 1, 0.37162452936172485, -0.9283831119537354, -2.0614246131283828e-16]}, "segments": [15224, 7711, 31702, 7819, 5285, 7803, 31456, 7248, 7354, 4315, 31321, 4187, 4140, 1388, 7123, 31334, 1337, 1341, 2227, 2236, 2240, 2247, 2299, 2300, 2405, 2429, 2437, 2461, 3594, 3870, 4237, 4249, 4294, 4305, 4354, 4357, 4374, 4390, 4408, 4425, 4429, 4512, 4543, 4556, 4884, 5022, 5045, 5069, 5078, 5079, 5085, 5091, 5123, 5166, 5215, 5270, 5281, 5297, 5326, 5330, 5366, 5421, 5448, 5468, 5482, 5483, 5493, 5516, 5666, 7177, 7259, 7343, 7381, 7401, 7409, 7414, 7419, 7434, 7454, 7461, 7463, 7474, 7486, 7531, 7533, 7571, 7575, 7577, 7580, 7799, 7805, 7833, 7835, 7863, 7864, 7920, 7942, 7959, 7960, 7963, 7966, 8003, 8008, 8025, 8029, 8042, 8048, 8070, 8103, 8111, 15197, 15269, 15272, 15279, 15289, 15292, 15298, 15315, 15325, 15347, 15354, 15377, 15436, 30077, 30083, 30652, 30654, 30657, 30663, 30666, 30671, 30672, 30755, 30828, 30843, 30845, 30848, 30854, 31315, 31359, 31394, 31428, 31434, 31488, 31491, 31512, 31513, 31519, 31574, 31597, 31678, 31682, 31686, 31723, 34000, 34002, 34010, 34012, 34014, 34023, 34040, 34048, 34065, 34074, 34082, 7894, 31593, 5244, 2327, 2357, 2396, 2442, 3945, 3971, 4025, 4862, 4880, 5681, 30098, 30716, 30718, 30721, 30767, 7135, 4676, 2140, 2151, 2171, 2298, 2350, 2384, 2391, 2407, 2408, 2409, 2467, 3812, 3908, 3964, 3991, 3995, 4024, 4595, 4640, 4705, 4734, 4746, 4823, 4831, 4835, 4903, 5140, 5142, 5147, 5171, 5175, 5611, 30068, 30321, 30675, 30693, 30701, 30990, 30993, 22007, 21740, 22009, 20894, 21368, 21391, 21395, 21770, 35414, 20875, 21951, 36137, 23785, 18361, 21728, 21919, 21921, 34680, 34682, 33019, 35231, 5532, 5546, 5551, 8867, 8878, 8880, 8954, 8990, 11105, 31921, 31964, 31999, 21666, 33047, 31949, 5540, 8661, 8753, 8839, 10999, 31979, 31993, 33114, 11069, 10984, 10986, 11099, 11205, 32992, 8916, 11267, 21708, 8254, 8256, 8327, 8602, 8260, 8303, 8306, 8314, 8588, 8596, 31757, 31838, 8654, 32052, 8658, 8689, 31825, 8391, 31810, 8493, 31821, 8286, 8292, 8498, 1363], "label": "rack"}, {"objectId": 28, "id": 28, "partId": 28, "index": 19, "dominantNormal": [0.9757453799247742, 0.21890859305858612, 4.8607472060388206e-17], "obb": {"axesLengths": [0.2770912432113365, 0.6119750098442653, 0.26922368782855394], "centroid": [-2.0628408425949356, -0.12346134930846553, 0.295987425275426], "normalizedAxes": [-0.21890857815742493, 0.9757453799247742, 2.1665899739282106e-16, 0, -2.220446049250313e-16, 1, 0.9757453799247742, 0.21890857815742493, 4.8607468751665756e-17]}, "segments": [37858, 37596, 37703, 14498, 37749, 37839, 14831, 14892, 14948, 14980, 15059, 26989, 27075, 27079, 27131, 27160, 37603, 37639, 37823, 20771, 37451, 14166, 14468, 14527, 14575, 15011, 33280], "label": "object"}, {"objectId": 29, "id": 29, "partId": 29, "index": 20, "dominantNormal": [0.5979394912719727, -0.8015412092208862, -1.7797790113258354e-16], "obb": {"axesLengths": [0.9396881339587216, 1.582299971976131, 0.6649507695900516], "centroid": [-0.5113078381502689, 2.114942994989204, -0.48115007062666126], "normalizedAxes": [0.8015412092208862, 0.5979395508766174, 1.3276925134344918e-16, 0, -2.220446049250313e-16, 1, 0.5979395508766174, -0.8015412092208862, -1.7797790113258354e-16]}, "segments": [32413, 514, 7190, 32190, 2108, 33302, 27426, 18155, 27481, 29347, 19289, 33960, 51, 124, 303, 385, 539, 860, 1089, 1128, 1134, 1166, 1168, 1430, 1994, 2177, 5639, 6027, 7239, 7352, 8499, 12097, 12117, 12122, 13458, 14902, 15017, 15489, 15951, 17410, 18008, 18099, 18112, 18120, 18986, 19329, 20803, 20882, 22270, 25415, 25721, 25882, 27361, 27451, 27471, 27479, 29360, 29446, 29531, 29643, 29672, 29690, 29744, 29752, 29761, 29762, 29780, 32241, 33245, 33262, 33272, 33293, 33340, 33353, 33392, 34641, 34725, 34754, 108, 12209, 29332, 17937, 4946, 14514, 14706, 14712, 23431, 27392, 24659, 4353, 10119, 10201, 25840, 32234, 32240, 10067, 10023, 19016, 20834, 4690, 10055, 18347, 18526, 18528, 19986, 20368, 32183, 33494, 33498, 35760, 35763, 35766, 35768, 13983, 13920, 13923, 13990, 33755, 33804, 13955, 14091, 33788, 14092], "label": "rack"}, {"objectId": 30, "id": 30, "partId": 30, "index": 21, "dominantNormal": [0.8890952467918396, 0.45772218704223633, 1.0163474218721465e-16], "obb": {"axesLengths": [1.8468600799601358, 0.9307380110605501, 0.19764253785133476], "centroid": [0.1978416258826376, 1.0272691703425842, -0.8150310837097982], "normalizedAxes": [-0.4577222168445587, 0.8890952467918396, 1.9741880281461723e-16, 0, -2.220446049250313e-16, 1, 0.8890952467918396, 0.4577222168445587, 1.0163474880465955e-16]}, "segments": [9138, 20081, 19524, 29844, 19950, 34906, 20151, 9086, 8914, 8987, 9020, 9042, 19487, 19886, 29564, 29588, 29614, 8917, 19143, 8801, 29619, 18279, 19682, 19685, 8805, 9016, 8999, 8764, 29623, 16524], "label": "cabinet"}, {"objectId": 31, "id": 31, "partId": 31, "index": 22, "dominantNormal": [0.47546330094337463, -0.87973552942276, -1.9534052806919e-16], "obb": {"axesLengths": [2.676322337760894, 1.0599999786913392, 0.21872478144809818], "centroid": [1.8380745947226425, -1.6738225529898614, 0.1399999322742218], "normalizedAxes": [0.87973552942276, 0.47546330094337463, 1.0557406081432289e-16, 0, -2.220446049250313e-16, 1, 0.47546330094337463, -0.87973552942276, -1.9534052806919e-16]}, "segments": [3856, 30411, 30423, 3901, 30619, 3884, 30450, 1227, 3975, 30640, 3938, 2306, 32920, 4811, 30713, 32842, 32793, 2313, 4933, 4868, 4819, 30088, 30546, 15282, 14030, 13987, 13853, 1611, 1614, 29996, 1677, 1578, 1580, 1517, 1454], "label": "wall"}, {"objectId": 38, "id": 38, "initialPoint": [-2.452727939185651, 0.9517763584366865, -0.07248050434646625], "index": 24, "dominantNormal": [0.9868180155754089, 0.16183406114578247, 3.593438017052863e-17], "obb": {"axesLengths": [0.16946279579509038, 0.16716799697649476, 0.09488246568893219], "centroid": [-2.4972419682175953, 1.007178554710562, -0.07358407902902364], "normalizedAxes": [-0.16183404624462128, 0.9868180155754089, 2.1911761640134507e-16, 0, -2.220446049250313e-16, 1, 0.9868180155754089, 0.16183404624462128, 3.593437686180618e-17]}, "segments": [5661, 30065, 21360, 5689], "partId": 38, "label": "shelf"}, {"objectId": 39, "id": 39, "initialPoint": [-0.7884926036078036, -1.5021606495406525, -0.7117180745548675], "index": 25, "dominantNormal": [0, -2.220446049250313e-16, 1], "obb": {"axesLengths": [0.544650260731449, 0.2304729767783066, 0.29037961739569185], "centroid": [-0.8777228281610043, -1.5483009852304357, -0.8003935541869666], "normalizedAxes": [0.7848369479179382, -0.6197023391723633, -1.3760156107264516e-16, 0, -2.220446049250313e-16, 1, -0.6197023391723633, -0.7848369479179382, -1.7426881003100597e-16]}, "segments": [36639, 24220, 36311, 24462, 24229], "partId": 39, "label": "cushion"}, {"objectId": 40, "id": 40, "initialPoint": [-0.7600298015689162, -1.7918295096471732, -0.6195684271520594], "index": 26, "dominantNormal": [-0.30879902839660645, -0.951127290725708, -2.1119268350260523e-16], "obb": {"axesLengths": [0.442210748990124, 0.3050039938463865, 0.2962063387552344], "centroid": [-0.7514239801240863, -1.7927842621565602, -0.7465940751896648], "normalizedAxes": [0.951127290725708, -0.30879902839660645, -6.8567158261558e-17, 0, -2.220446049250313e-16, 1, -0.30879902839660645, -0.951127290725708, -2.1119268350260523e-16]}, "segments": [24424, 36694, 24442, 24434, 24446, 24450], "partId": 40, "label": "cushion"}, {"objectId": 41, "id": 41, "initialPoint": [-0.653831222934254, -1.969860095347678, -0.5477053078709887], "index": 27, "dominantNormal": [0.3428593873977661, -0.9393867254257202, -2.085857543189729e-16], "obb": {"axesLengths": [0.6512429321803636, 0.46789201048257917, 0.3766052378530307], "centroid": [-0.7794001691772617, -2.036479903737491, -0.6960540612178893], "normalizedAxes": [0.9393867254257202, 0.3428593873977661, 7.613007721957523e-17, 0, -2.220446049250313e-16, 1, 0.3428593873977661, -0.9393867254257202, -2.085857543189729e-16]}, "segments": [35691, 22965, 36658, 19372, 35664, 23131], "partId": 41, "label": "cushion"}, {"objectId": 42, "id": 42, "initialPoint": [-1.0408827035330575, -1.7301448545467903, -0.5248344975350606], "index": 28, "dominantNormal": [0, -2.220446049250313e-16, 1], "obb": {"axesLengths": [0.6637162710694151, 0.3174319792367819, 0.39132356503561916], "centroid": [-1.0565859647467608, -1.8339568412945315, -0.6087160477329199], "normalizedAxes": [-0.07923489063978195, 0.9968559741973877, 2.2134649095781615e-16, 0, -2.220446049250313e-16, 1, 0.9968559741973877, 0.07923489063978195, 1.7593679988388445e-17]}, "segments": [662, 22923, 21878], "partId": 42, "label": "cushion"}, {"objectId": 43, "id": 43, "initialPoint": [-1.385599466195945, -0.5001417067848261, -0.7750399789856951], "index": 29, "dominantNormal": [0.9999915361404419, -0.004108065739274025, -9.121738340831575e-19], "obb": {"axesLengths": [0.5530783177081697, 0.2666450083260606, 0.21948034528461413], "centroid": [-1.4685159561273287, -0.4979679227965089, -0.7830235689947718], "normalizedAxes": [0.004108065739274025, 0.9999915361404419, 2.2204272557067959e-16, 0, -2.220446049250313e-16, 1, 0.9999915361404419, -0.004108065739274025, -9.121738340831575e-19]}, "segments": [23258, 23237, 36466], "partId": 43, "label": "cushion"}, {"objectId": 44, "id": 44, "initialPoint": [-1.1995927258129746, -0.06384667927549387, -0.6906010207337738], "index": 30, "dominantNormal": [0, -2.220446049250313e-16, 1], "obb": {"axesLengths": [0.7176335220249099, 0.3067549994568153, 0.4655811998421894], "centroid": [-1.339316747335075, -0.035271841766154, -0.7203935726644061], "normalizedAxes": [0.88947993516922, 0.45697420835494995, 1.014686575551038e-16, 0, -2.220446049250313e-16, 1, 0.45697420835494995, -0.88947993516922, -1.975042207933919e-16]}, "segments": [22585, 23210, 21844, 25495, 23193, 23218, 36843, 37169, 37170], "partId": 44, "label": "cushion"}, {"objectId": 45, "id": 45, "initialPoint": [-0.994305516998373, 0.26076314608288453, -0.6626701320430681], "index": 31, "dominantNormal": [0.49406957626342773, -0.8694223761558533, -1.930505480265084e-16], "obb": {"axesLengths": [0.5581408015424183, 0.3765690242520936, 0.3450105410718567], "centroid": [-1.0658414010915833, 0.2857567344846685, -0.7053215550931956], "normalizedAxes": [0.8694223761558533, 0.49406957626342773, 1.0970548386689044e-16, 0, -2.220446049250313e-16, 1, 0.49406957626342773, -0.8694223761558533, -1.930505480265084e-16]}, "segments": [36874, 20755, 24844, 36755], "partId": 45, "label": "cushion"}, {"objectId": 46, "id": 46, "initialPoint": [-1.4828145211294763, 0.11927344318058666, -0.5317880489655444], "index": 32, "dominantNormal": [0, -2.220446049250313e-16, 1], "obb": {"axesLengths": [0.6109730721917298, 0.21246200325052422, 0.30292065642933635], "centroid": [-1.5684993128031064, 0.06897911112134791, -0.5637690801821126], "normalizedAxes": [0.8218858242034912, 0.569652259349823, 1.2648821087198292e-16, 0, -2.220446049250313e-16, 1, 0.569652259349823, -0.8218858242034912, -1.8249531312874794e-16]}, "segments": [25452, 24947, 25185, 37032], "partId": 46, "label": "cushion"}, {"objectId": 47, "id": 47, "initialPoint": [-1.3489381674899255, -0.9293943174247183, -0.6569490881080762], "index": 33, "dominantNormal": [0.8323972225189209, 0.5541794300079346, 1.2305255259369087e-16], "obb": {"axesLengths": [0.5824975739152258, 0.4500229854131567, 0.2715534505200697], "centroid": [-1.404461880307947, -0.9629976823658921, -0.6750115508211072], "normalizedAxes": [-0.5541794300079346, 0.8323972225189209, 1.8482931241490716e-16, 0, -2.220446049250313e-16, 1, 0.8323972225189209, 0.5541794300079346, 1.2305255259369087e-16]}, "segments": [23889, 36475], "partId": 47, "label": "cushion"}, {"objectId": 48, "id": 48, "initialPoint": [-1.1991219210814945, -1.281307492921829, -0.5958251601430207], "index": 34, "dominantNormal": [0.8525618314743042, -0.5226263403892517, -1.1604635927514633e-16], "obb": {"axesLengths": [0.5810680869399827, 0.4461549718792368, 0.37788341176000695], "centroid": [-1.2285679295425147, -1.4124010195070944, -0.6930775543359484], "normalizedAxes": [0.5226263403892517, 0.8525618314743042, 1.89306755043873e-16, 0, -2.220446049250313e-16, 1, 0.8525618314743042, -0.5226263403892517, -1.1604635927514633e-16]}, "segments": [21895, 23390, 24786, 23885, 21121], "partId": 48, "label": "cushion"}, {"objectId": 49, "id": 49, "initialPoint": [-1.5820378507024668, -0.5806224660117828, -0.5311267691558937], "index": 35, "dominantNormal": [0, -2.220446049250313e-16, 1], "obb": {"axesLengths": [0.7471333340863663, 0.3433589858556017, 0.5472276403866029], "centroid": [-1.6748045464325085, -0.4652177779919402, -0.5983205508816136], "normalizedAxes": [-0.3810676634311676, 0.9245471358299255, 2.0529070350992507e-16, 0, -2.220446049250313e-16, 1, 0.9245471358299255, 0.3810676634311676, 8.461401877627841e-17]}, "segments": [17342, 23230, 24629, 24680], "partId": 49, "label": "cushion"}, {"objectId": 50, "id": 50, "initialPoint": [-1.7904186224571437, -0.26359230519465027, -0.5085522529957434], "index": 36, "dominantNormal": [0, -2.220446049250313e-16, 1], "obb": {"axesLengths": [0.5986878424445892, 0.18115198207306893, 0.20717165859910355], "centroid": [-1.8163329778878885, -0.13366073246524401, -0.5311640587188903], "normalizedAxes": [0.12773171067237854, 0.9918087720870972, 2.202257869592599e-16, 0, -2.220446049250313e-16, 1, 0.9918087720870972, -0.12773171067237854, -2.83621372326467e-17]}, "segments": [25444, 37052], "partId": 50, "label": "cushion"}, {"objectId": 34, "id": 34, "initialPoint": [0.5254942574525311, 0.48715773496262627, -0.3073474921329793], "index": 39, "dominantNormal": [0.9108109474182129, 0.4128236770629883, 9.166527027714994e-17], "obb": {"axesLengths": [0.4631580395935232, 0.3800000016391275, 0.3315544365553392], "centroid": [0.5846971583872808, 0.4820095445552808, -0.3000000778585672], "normalizedAxes": [-0.4128236770629883, 0.9108109474182129, 2.0224065698087055e-16, 0, -2.220446049250313e-16, 1, 0.9108109474182129, 0.4128236770629883, 9.166527027714994e-17]}, "segments": [29809, 665, 570, 688, 29834], "partId": 34, "label": "clock"}], "scan_id": "c7895f23-339c-2d13-818e-2375ea0ba6d6", "annId": "6173", "appId": "stk.v1"}