{"segGroups": [{"objectId": 1, "id": 1, "partId": 1, "index": 0, "dominantNormal": [0, -2.220446049250313e-16, 1], "obb": {"axesLengths": [2.7162132753264903, 0.19430994553171224, 1.3002338601085603], "centroid": [0.30373833834878944, 0.9812864783478437, -1.347155034500026], "normalizedAxes": [0.9685304760932922, -0.24889497458934784, -5.526578630051745e-17, 0, -2.220446049250313e-16, 1, -0.24889497458934784, -0.9685304760932922, -2.1505696692198755e-16]}, "segments": [5462, 7519, 9188], "label": "floor"}, {"objectId": 2, "id": 2, "partId": 2, "index": 1, "dominantNormal": [-0.6607584357261658, -0.750598669052124, -1.666663849269332e-16], "obb": {"axesLengths": [1.0630177183923832, 2.5274499089840803, 0.5985845479099746], "centroid": [0.24530172143403137, 1.6713295371978003, -0.18821504318099613], "normalizedAxes": [0.7505986094474792, -0.6607584357261658, -1.4671784581169817e-16, 0, -2.220446049250313e-16, 1, -0.6607584357261658, -0.7505986094474792, -1.666663716920434e-16]}, "segments": [932, 9431, 4843, 10510, 3110, 13247, 9464, 9433, 10465, 8128, 12944, 2165], "label": "closet"}, {"objectId": 3, "id": 3, "partId": 3, "index": 2, "dominantNormal": [0.6197879910469055, -0.7847692966461182, -1.74253788431082e-16], "obb": {"axesLengths": [0.41779567171810206, 2.08187998648256, 0.20956659127405525], "centroid": [-0.309908616083733, 1.4263349385971975, -0.35094010072201476], "normalizedAxes": [0.7847692966461182, 0.6197879910469055, 1.3762057960928898e-16, 0, -2.220446049250313e-16, 1, 0.6197879910469055, -0.7847692966461182, -1.74253788431082e-16]}, "segments": [2210, 10728, 10187, 2144, 1616, 4339, 9181], "label": "closet door"}, {"objectId": 4, "id": 4, "partId": 4, "index": 3, "dominantNormal": [-0.6372760534286499, -0.7706356048583984, -1.7111547842194562e-16], "obb": {"axesLengths": [1.4432560352953487, 2.4376398972204334, 0.20706099778823667], "centroid": [0.010686135525961593, 1.394375225417169, -0.1589500573200746], "normalizedAxes": [0.7706356048583984, -0.6372760534286499, -1.415037095117477e-16, 0, -2.220446049250313e-16, 1, -0.6372760534286499, -0.7706356048583984, -1.7111547842194562e-16]}, "segments": [5928, 2636, 7437, 5056, 4550, 13025, 8140, 655, 12858], "label": "wall"}, {"objectId": 5, "id": 5, "partId": 5, "index": 4, "dominantNormal": [0.8024049401283264, -0.5967799425125122, -1.3251176656237367e-16], "obb": {"axesLengths": [0.7935983095778901, 2.459999983161687, 0.06872601528513704], "centroid": [-0.8218095417860827, 1.4947981706912126, -0.16000005271896822], "normalizedAxes": [0.5967799425125122, 0.8024049401283264, 1.7816968792068764e-16, 0, -2.220446049250313e-16, 1, 0.8024049401283264, -0.5967799425125122, -1.3251176656237367e-16]}, "segments": [10126, 8921, 1748, 1787, 9853], "label": "wall"}, {"objectId": 6, "id": 6, "partId": 6, "index": 5, "dominantNormal": [0, -2.220446049250313e-16, 1], "obb": {"axesLengths": [2.165460066299567, 0.10966002696022353, 0.8634026142371277], "centroid": [0.1956371082604762, 1.2328130737077978, 1.0751698668202017], "normalizedAxes": [0.9903621077537537, -0.13850216567516327, -3.075365865860286e-17, 0, -2.220446049250313e-16, 1, -0.13850216567516327, -0.9903621077537537, -2.1990456294890352e-16]}, "segments": [2758, 2771, 10924, 9006, 10021], "label": "ceiling"}, {"objectId": 8, "id": 8, "partId": 8, "index": 6, "dominantNormal": [-0.6061194539070129, -0.7953736186027527, -1.7660842091044075e-16], "obb": {"axesLengths": [0.5692459866463173, 2.437119906311036, 0.124537115254735], "centroid": [1.1279171996007866, 1.2588666235788804, -0.15144011066481444], "normalizedAxes": [0.7953736186027527, -0.6061194539070129, -1.345855546801584e-16, 0, -2.220446049250313e-16, 1, -0.6061194539070129, -0.7953736186027527, -1.7660842091044075e-16]}, "segments": [8156, 8052, 11596, 7909, 3493, 23, 11572, 586, 7905, 8182], "label": "wall"}, {"objectId": 9, "id": 9, "partId": 9, "index": 7, "dominantNormal": [0.46164101362228394, -0.8870668411254883, -1.9696840627980456e-16], "obb": {"axesLengths": [0.5917362426042129, 0.8506319928773043, 0.4537907487464279], "centroid": [1.1079390406248217, 0.9927611906726844, -0.9684740687191341], "normalizedAxes": [0.8870668411254883, 0.46164101362228394, 1.0250489648695103e-16, 0, -2.220446049250313e-16, 1, 0.46164101362228394, -0.8870668411254883, -1.9696840627980456e-16]}, "segments": [12263, 11551, 7450, 7887, 3468, 1923, 7115, 850, 3472, 3484, 3494, 3520, 3548, 3550, 3559, 3566, 7068, 7152, 10973, 10976, 10977, 12167, 12171, 12207], "label": "bath cabinet"}, {"objectId": 10, "id": 10, "partId": 10, "index": 8, "dominantNormal": [0.6477245092391968, 0.7618746757507324, 1.691701613794577e-16], "obb": {"axesLengths": [0.6204537415580501, 0.6776699868365376, 0.8054852111050708], "centroid": [0.31218306952320646, 1.5903155877938084, -1.0888350663283097], "normalizedAxes": [0.6477245092391968, 0.7618746757507324, 1.691701613794577e-16, 0, -2.220446049250313e-16, 1, 0.7618746757507324, -0.6477245092391968, -1.4382373275427724e-16]}, "segments": [7926, 12156, 6940, 1471, 309, 12081, 5059, 6939, 7734, 7705, 12752, 6655, 1286, 1443, 6740, 8397, 11956, 8401, 6018, 4719, 6195, 11673, 7681, 4941, 11888, 333, 345, 353, 363, 367, 433, 480, 487, 531, 550, 1281, 1293, 1295, 1303, 1311, 1332, 1352, 1357, 1367, 1373, 1392, 1398, 1401, 1407, 1427, 1481, 3199, 3202, 3313, 3315, 4086, 4498, 4685, 4718, 4728, 4753, 4797, 4803, 4826, 4827, 4852, 4886, 4921, 5031, 5637, 5661, 5782, 5785, 5870, 5921, 5987, 6043, 6096, 6100, 6138, 6194, 6220, 6230, 6237, 6477, 6507, 6592, 6678, 6922, 7690, 7822, 7841, 7859, 8301, 8321, 8394, 8435, 8454, 8456, 8619, 8624, 8665, 8741, 10574, 10582, 10586, 10626, 10629, 10634, 10635, 10656, 10659, 11112, 11500, 11611, 11899, 11901, 11934, 11937, 11939, 12118, 12125, 12323, 12325, 12404, 12411, 12418, 12425, 12447, 12491, 12541, 12570, 12624, 12668, 12684, 12652], "label": "box"}, {"objectId": 11, "id": 11, "partId": 11, "index": 9, "dominantNormal": [0, -2.220446049250313e-16, 1], "obb": {"axesLengths": [0.5621056569305444, 0.44163893666180326, 0.4912112326469994], "centroid": [0.043472217887260745, 1.8348330222999216, -1.2166505484720214], "normalizedAxes": [0.6961265802383423, 0.7179190516471863, 1.5941005219115262e-16, 0, -2.220446049250313e-16, 1, 0.7179190516471863, -0.6961265802383423, -1.5457115148683582e-16]}, "segments": [11228, 11206, 3950, 3051, 8541, 2902, 2987, 3008, 3011, 3042, 3066, 3080, 3757, 3783, 3851, 4040, 4432, 10942, 10949, 10954, 11044, 11067, 11110, 11121, 11771, 3957, 4571, 3777, 3779, 4235, 4486, 4551, 4648, 11047, 11353, 11358, 3980, 3834, 3871, 4626, 2928, 3289, 11280, 7305, 4338, 10951, 8762, 12689, 3324, 12722, 12821, 12851, 3361, 8565, 11119, 11117], "label": "box"}, {"objectId": 12, "id": 12, "initialPoint": [0.7006678906779202, 1.6009854218575605, 1.0712432066716957], "index": 10, "dominantNormal": [0, -2.220446049250313e-16, 1], "obb": {"axesLengths": [0.37259661764234664, 0.03837001237936317, 0.14387967281762118], "centroid": [0.6686139934844398, 1.6063360497994343, 1.0691848453627903], "normalizedAxes": [-0.43214887380599976, 0.9018023014068604, 2.002403357363703e-16, 0, -2.220446049250313e-16, 1, 0.9018023014068604, 0.43214887380599976, 9.595632595305043e-17]}, "segments": [425], "partId": 12, "label": "ceiling"}], "scan_id": "4d3d82a6-8cf4-2e04-828b-ceb5235b58a8", "annId": "1777", "appId": "stk.v1"}