{"segGroups": [{"objectId": 11, "id": 11, "partId": 11, "index": 0, "dominantNormal": [0.9703701734542847, -0.24162302911281586, -5.3651090040144535e-17], "obb": {"axesLengths": [0.405886577853659, 0.6199999909102916, 0.3899189119705933], "centroid": [0.11406288934877917, 1.2203185162351748, -1.0600000662356621], "normalizedAxes": [0.24162304401397705, 0.9703701734542847, 2.1546546179569074e-16, 0, -2.220446049250313e-16, 1, 0.9703701734542847, -0.24162304401397705, -5.3651093348866985e-17]}, "segments": [13712, 20968, 58284, 58288, 30657, 59120, 31240, 59087, 13769, 13775, 18942, 31207, 31215, 31229, 31255, 31272, 31293, 58254, 59055, 59068, 31246], "label": "stool"}, {"objectId": 12, "id": 12, "partId": 12, "index": 1, "dominantNormal": [0.7622171640396118, -0.6473214030265808, -1.437342251945541e-16], "obb": {"axesLengths": [0.431985043556332, 0.6487779472296397, 0.4077376599826038], "centroid": [1.8446162652197313, 0.6311987862792963, -1.0948310529105896], "normalizedAxes": [0.6473214030265808, 0.7622171640396118, 1.6924620905625339e-16, 0, -2.220446049250313e-16, 1, 0.7622171640396118, -0.6473214030265808, -1.437342251945541e-16]}, "segments": [9906, 10389, 24069, 24187, 24204, 53560, 10575, 10563, 24135, 43676, 43992, 53241, 53517, 53580, 23796, 6488, 53127, 10541, 43830, 43836, 53526], "label": "stool"}, {"objectId": 13, "id": 13, "partId": 13, "index": 2, "dominantNormal": [0.9974086284637451, 0.07194461673498154, 1.597491399940177e-17], "obb": {"axesLengths": [0.44199290486938025, 0.4993780143698003, 0.39427349846446014], "centroid": [2.2803880905402516, 0.46221222570936193, -1.0157910935776457], "normalizedAxes": [-0.07194462418556213, 0.9974086284637451, 2.2146920485604962e-16, 0, -2.220446049250313e-16, 1, 0.9974086284637451, 0.07194462418556213, 1.5974915653762996e-17]}, "segments": [61549, 51390, 44634, 61502, 61459, 60947, 37733, 41955, 37683, 39770, 39779, 39818, 41909, 44586, 60858, 60944, 61526, 61565, 42569, 41358], "label": "stool"}, {"objectId": 14, "id": 14, "partId": 14, "index": 3, "dominantNormal": [0.8615533709526062, 0.5076670050621033, 1.127247195724886e-16], "obb": {"axesLengths": [0.4014374176681477, 0.5747719874656497, 0.3915806422233142], "centroid": [2.856631151525373, 0.307955970036192, -0.9475340910807103], "normalizedAxes": [-0.5076670050621033, 0.8615533709526062, 1.913032778750004e-16, 0, -2.220446049250313e-16, 1, 0.8615533709526062, 0.5076670050621033, 1.127247195724886e-16]}, "segments": [44951, 63858, 63864, 61646, 39752, 39461, 39679, 40151, 40159, 43221, 61418, 61453, 39716, 39462, 39733, 44970], "label": "stool"}, {"objectId": 15, "id": 15, "partId": 15, "index": 4, "dominantNormal": [0.7611520290374756, 0.6485735177993774, 1.4401225052460052e-16], "obb": {"axesLengths": [0.38700666897763847, 0.7543000410281108, 0.38898565128893114], "centroid": [3.396877795735248, 0.42938308663957914, -1.020090078485981], "normalizedAxes": [0.7611520290374756, 0.6485735177993774, 1.4401225052460052e-16, 0, -2.220446049250313e-16, 1, 0.6485735177993774, -0.7611520290374756, -1.6900970157551222e-16]}, "segments": [20439, 11806, 20455, 45815, 12457, 64021, 12455, 45292, 45326, 45332, 45814, 64030, 64436, 64456], "label": "stool"}, {"objectId": 16, "id": 16, "partId": 16, "index": 5, "dominantNormal": [0.47706860303878784, 0.8788660764694214, 1.9514747073166503e-16], "obb": {"axesLengths": [0.36767687614243555, 0.6607699246532484, 0.38893089544837806], "centroid": [3.6322443371097317, 1.1321108271299207, -1.0603850526276613], "normalizedAxes": [0.47706860303878784, 0.8788660764694214, 1.9514747073166503e-16, 0, -2.220446049250313e-16, 1, 0.8788660764694214, -0.47706860303878784, -1.0593050948388424e-16]}, "segments": [46214, 64750, 63946, 46286, 45802, 45107, 44928, 45046, 45078, 45098, 45103, 45116, 45121, 45775, 45776, 46140, 63901, 63905, 63926, 63934, 63943, 64389, 64392, 64397, 64400, 64426, 64431, 46249, 46018, 40607], "label": "stool"}, {"objectId": 17, "id": 17, "partId": 17, "index": 6, "dominantNormal": [0.7452945709228516, 0.6667353510856628, 1.4804498762136805e-16], "obb": {"axesLengths": [0.39862457569105947, 0.7385659648798558, 0.38054479460343305], "centroid": [3.3821009506758077, 1.845356787985354, -1.0261770834883228], "normalizedAxes": [-0.6667353510856628, 0.7452945709228516, 1.654886385533353e-16, 0, -2.220446049250313e-16, 1, 0.7452945709228516, 0.6667353510856628, 1.4804498762136805e-16]}, "segments": [35205, 34909, 60241, 64233, 45642, 45444, 41493, 41514, 60275, 64082, 64208, 64263, 64274, 35307, 35214], "label": "stool"}, {"objectId": 18, "id": 18, "partId": 18, "index": 7, "dominantNormal": [-0.12744665145874023, -0.991845428943634, -2.2023392641648743e-16], "obb": {"axesLengths": [0.4136089432946968, 0.667119964947105, 0.3847461019745699], "centroid": [2.7295069721545326, 1.966978557359477, -1.0818100609225787], "normalizedAxes": [0.991845428943634, -0.12744665145874023, -2.829884137217414e-17, 0, -2.220446049250313e-16, 1, -0.12744665145874023, -0.991845428943634, -2.2023392641648743e-16]}, "segments": [45529, 43660, 45454, 42388, 43709, 63212, 42258, 42379, 43683, 64124, 64128, 64133, 64136, 64140, 64145, 64148, 64150, 64183, 63219], "label": "stool"}, {"objectId": 19, "id": 19, "partId": 19, "index": 8, "dominantNormal": [-0.4643377363681793, 0.8856582045555115, 1.966556261291411e-16], "obb": {"axesLengths": [0.400499678918098, 0.6519539210508629, 0.4188682413280464], "centroid": [2.2707708656481493, 2.3104129076217528, -1.089463058722102], "normalizedAxes": [-0.4643377661705017, 0.8856582045555115, 1.966556261291411e-16, 0, -2.220446049250313e-16, 1, 0.8856582045555115, 0.4643377661705017, 1.0310369584110062e-16]}, "segments": [38386, 61597, 38394, 62571, 42100, 37345, 37368, 37378, 37381, 37386, 37389, 37403, 42176, 42184, 42188, 60842, 62551, 62554, 64556, 38142, 37410, 62529, 39112], "label": "stool"}, {"objectId": 20, "id": 20, "partId": 20, "index": 9, "dominantNormal": [-0.24751196801662445, 0.9688848257064819, 2.151356483418536e-16], "obb": {"axesLengths": [0.39682083639237586, 0.6470659230560226, 0.41759440049200214], "centroid": [1.9337420260331577, 2.900532274486487, -1.081897053899684], "normalizedAxes": [-0.24751198291778564, 0.9688848257064819, 2.151356483418536e-16, 0, -2.220446049250313e-16, 1, 0.9688848257064819, 0.24751198291778564, 5.495870046119081e-17]}, "segments": [9410, 53506, 10449, 9429, 9330, 10602, 5140, 6483, 51765, 51872, 53045, 53099, 53103, 53108, 53112, 53068, 9280, 10640, 6457, 53061, 53140, 9999, 53317], "label": "stool"}, {"objectId": 21, "id": 21, "partId": 21, "index": 10, "dominantNormal": [0.8755621910095215, -0.4831054210662842, -1.0727095235780397e-16], "obb": {"axesLengths": [0.42344554131918405, 0.6449459647026811, 0.39712746148271155], "centroid": [1.5570048891151549, 3.168055924190848, -1.0815670527912609], "normalizedAxes": [0.48310545086860657, 0.8755621910095215, 1.94413860790004e-16, 0, -2.220446049250313e-16, 1, 0.8755621910095215, -0.48310545086860657, -1.0727095897524887e-16]}, "segments": [20529, 10038, 55958, 53331, 10164, 10099, 11385, 10103, 10215, 10231, 10656, 41784, 53623, 11341, 53369, 10252, 53418], "label": "stool"}, {"objectId": 22, "id": 22, "partId": 22, "index": 11, "dominantNormal": [0.9703648090362549, 0.24164465069770813, 5.365589099641979e-17], "obb": {"axesLengths": [1.8335899911863025, 3.128503014255246, 1.6199248078963138], "centroid": [2.008254708137919, 1.3695177726078547, 1.1057484219428475], "normalizedAxes": [-0.24164463579654694, 0.9703648090362549, 2.1546427065560867e-16, 0, -2.220446049250313e-16, 1, 0.9703648090362549, 0.24164463579654694, 5.365588768769734e-17]}, "segments": [1870, 1683, 17703, 52578, 50335, 7627, 37303, 52669, 52444, 1265, 7819, 55062, 52694, 26295, 55248, 26460, 54765, 55483, 55269, 27495, 1245, 1283, 1360, 1477, 1680, 1751, 1842, 1906, 1913, 1950, 1973, 1980, 1987, 7574, 7592, 7615, 7617, 7618, 7619, 7647, 7666, 7671, 7676, 7704, 7712, 7721, 7805, 7893, 12530, 12748, 12802, 12852, 14694, 17600, 17780, 17909, 23800, 23806, 23851, 23864, 24404, 24430, 24437, 24441, 24445, 24510, 24986, 24994, 25779, 26279, 26353, 26439, 26447, 26468, 26493, 26499, 26558, 26644, 27220, 27229, 27234, 27238, 27367, 27398, 27458, 27488, 27514, 27546, 27578, 27649, 27721, 27795, 27942, 27948, 28028, 28063, 29602, 29678, 29688, 29903, 30283, 30292, 33568, 35873, 36173, 36198, 36260, 36970, 47726, 48836, 50014, 51596, 51599, 51634, 51637, 52267, 52403, 52473, 52493, 52528, 52555, 52581, 52763, 54604, 54644, 54646, 54648, 54696, 55116, 55118, 55222, 55242, 55469, 55472, 55496, 56065, 56078, 65256, 26232, 65024, 25625, 25668, 25903, 25720, 48763, 65236, 14420, 65063, 27004, 25118, 29782, 34056, 34522, 34690, 21810, 57329, 29607, 31182, 18460, 26273, 65052, 64980, 24461, 28465, 15377, 17880, 53278, 15941, 28500, 52996, 11104, 19814, 52169, 57425, 18314, 53743, 31479, 57345, 24449, 29275, 30653, 19733, 23276, 14883, 19562, 17285, 1153, 1568, 7547, 7900, 9080, 9137, 9138, 9146, 9153, 9164, 9181, 9189, 10649, 10651, 10723, 10917, 11039, 11090, 11634, 11646, 11677, 11682, 11764, 11894, 11906, 11967, 12117, 12121, 12149, 12320, 12658, 12704, 12794, 12897, 12901, 12951, 12991, 13024, 13162, 13316, 13387, 13443, 13904, 13910, 13912, 13964, 13982, 14024, 14050, 14089, 14144, 14192, 14197, 14199, 14205, 14240, 14318, 14321, 14324, 14338, 14391, 14433, 14516, 14563, 14599, 14614, 14641, 14652, 14666, 14670, 14802, 14819, 14851, 14902, 14995, 15005, 15048, 15099, 15108, 15225, 15350, 15431, 15479, 15511, 15668, 15677, 15696, 15776, 15863, 16185, 16193, 16215, 16254, 16273, 16322, 16352, 16359, 16508, 16517, 16527, 16672, 16781, 16789, 16792, 16863, 16902, 16960, 17055, 17084, 17091, 17132, 17513, 17624, 17635, 17697, 17925, 18014, 18018, 18066, 18119, 18159, 18178, 18204, 18222, 18246, 18265, 18280, 18282, 18395, 18547, 18571, 18579, 18580, 18588, 18592, 18614, 18655, 18669, 18700, 18737, 18773, 18853, 18869, 18875, 18917, 19004, 19038, 19065, 19169, 19202, 19229, 19245, 19263, 19296, 19311, 19405, 19420, 19467, 19487, 19575, 19648, 19729, 19805, 19850, 19899, 19914, 19946, 19947, 19973, 20032, 20035, 20071, 20080, 20387, 20392, 20425, 20544, 20587, 20804, 20832, 20837, 20842, 20931, 20962, 21034, 21101, 21114, 21186, 21191, 21366, 21388, 21439, 21495, 21528, 21552, 21625, 21854, 21931, 21955, 21997, 22061, 22136, 22256, 22581, 22988, 23021, 23257, 23288, 23370, 23454, 23534, 23538, 23541, 23752, 23846, 23990, 23998, 24143, 24246, 24254, 24256, 24337, 24415, 24456, 24465, 24540, 24546, 24565, 24579, 24593, 24752, 24816, 24818, 24819, 24858, 24886, 24938, 24981, 24999, 25123, 25248, 25261, 25267, 25517, 25532, 25536, 25595, 25609, 25623, 25641, 25669, 25682, 25702, 25732, 25788, 25878, 25881, 25892, 25920, 25971, 25995, 26013, 26015, 26040, 26055, 26069, 26073, 26208, 26215, 26329, 26787, 26911, 26944, 26988, 27000, 27080, 27109, 27176, 27179, 27228, 27991, 28005, 28097, 28317, 28406, 28413, 28517, 28521, 28676, 28745, 28810, 28892, 28904, 29028, 29053, 29122, 29137, 29156, 29201, 29227, 29292, 29476, 29523, 29581, 29589, 29693, 29876, 30063, 30078, 30110, 30193, 30205, 30354, 30387, 30413, 30460, 30503, 30611, 30868, 30874, 30905, 30906, 30908, 30972, 30977, 31017, 31047, 31095, 31147, 31224, 31398, 31456, 31536, 31571, 31632, 31688, 31692, 31713, 31734, 31770, 31786, 31836, 31840, 31975, 32021, 32120, 32301, 32364, 32366, 32441, 32465, 32510, 32527, 32553, 32577, 32655, 32667, 32705, 33341, 33343, 33396, 33422, 33437, 33892, 33928, 33935, 33941, 33945, 34009, 34072, 34104, 34124, 34231, 34255, 34270, 34318, 34344, 34352, 34441, 34496, 34603, 40974, 47697, 47719, 47723, 47766, 47800, 47802, 47812, 47828, 47876, 47914, 47923, 47943, 47980, 47992, 48353, 48363, 48586, 48588, 48604, 48632, 48647, 48669, 48677, 48680, 48724, 48750, 48785, 48877, 48902, 48939, 51823, 51910, 52131, 52160, 52164, 52190, 52204, 52583, 52584, 52585, 52625, 52629, 52641, 52681, 52800, 52976, 52978, 53004, 53008, 53020, 53092, 53133, 53167, 53188, 53195, 53197, 53199, 53201, 53215, 53226, 53251, 53254, 53257, 53287, 53657, 53668, 53674, 53688, 53689, 53691, 53737, 53784, 53794, 53827, 53835, 53909, 53920, 53924, 53925, 53944, 54001, 54086, 54106, 54128, 54139, 54144, 54172, 54251, 54254, 54261, 54265, 54279, 54363, 54370, 54409, 54536, 54660, 54735, 54791, 54885, 54945, 54950, 54951, 54952, 54964, 54990, 54993, 55000, 55002, 55009, 55015, 55025, 55036, 55039, 55052, 55165, 55168, 55177, 55186, 55194, 55200, 55206, 55228, 55503, 55513, 55529, 55536, 55589, 55617, 55637, 55664, 55670, 55683, 55891, 55927, 56010, 56012, 56015, 56058, 56154, 56157, 56159, 56166, 56190, 56191, 56202, 56203, 56219, 56221, 56250, 56327, 56329, 56331, 56453, 56578, 56587, 56595, 56688, 56759, 56764, 56853, 56894, 57481, 57543, 57614, 58648, 58814, 59648, 59661, 61023, 61029, 61053, 61136, 61150, 61189, 61233, 61269, 61532, 61534, 61619, 61675, 61692, 64840, 64847, 64849, 64852, 64885, 64888, 64894, 64924, 65087, 65222, 65301, 65305, 51559, 30866, 56929, 32863, 9598, 9617, 9890, 9895, 10107, 10146, 10149, 10155, 10160, 10693, 10772, 10803, 10837, 11436, 11488, 11963, 12009, 12064, 12164, 12340, 12392, 12879, 14598, 16337, 21304, 21985, 22149, 22207, 22212, 22215, 22296, 22349, 22414, 22418, 22498, 22511, 22536, 22808, 22830, 22851, 22854, 22946, 23108, 23150, 23216, 23278, 23309, 24087, 24129, 25356, 25358, 25361, 25385, 25407, 25567, 25634, 25661, 25734, 26224, 26433, 30349, 32010, 32713, 32960, 32971, 32973, 33044, 33516, 35005, 35142, 35190, 35221, 35298, 47949, 48377, 49261, 51788, 51830, 51848, 51849, 51883, 51981, 54377, 54471, 54513, 54571, 54621, 54625, 54629, 56172, 56874, 56875, 56881, 56891, 57150, 57537, 57794, 60988, 16803, 17272, 17399, 53648, 10074, 10098, 12107, 12209, 12237, 12338, 16122, 17280, 19931, 23390, 48220, 48296, 48303, 48346, 48394, 48400, 48410, 49277, 49283, 52251, 53357, 53362, 53917, 65098, 65134, 65142, 65682, 52378, 1640, 11926, 51990, 17261, 13500, 7103, 9651, 10039, 10425, 11302, 12522, 12557, 12562, 12774, 12823, 17011, 17032, 42878, 64001, 13648, 9360, 9453, 13812, 20366, 9520, 13109, 13129, 53028, 17041, 5396, 10337, 10468, 9770, 9961], "label": "tree"}, {"objectId": 39, "id": 39, "partId": 39, "index": 12, "dominantNormal": [-0.650565505027771, -0.7594501972198486, -1.686318190019184e-16], "obb": {"axesLengths": [0.3199452492244105, 0.16854899744952467, 0.15940705415277945], "centroid": [1.5894070184777271, 2.8284266112824525, -0.23658558011236486], "normalizedAxes": [0.7594501376152039, -0.650565505027771, -1.4445456054174488e-16, 0, -2.220446049250313e-16, 1, -0.650565505027771, -0.7594501376152039, -1.686318057670286e-16]}, "segments": [35629, 27418, 58304, 60377, 37020], "label": "computer"}, {"objectId": 40, "id": 40, "partId": 40, "index": 13, "dominantNormal": [0.722450315952301, 0.6914228200912476, 1.5352670692331206e-16], "obb": {"axesLengths": [0.34034768118314157, 0.20074800698277329, 0.18479655589048838], "centroid": [2.8604382900649217, 1.5463557165464343, -0.22962608978988275], "normalizedAxes": [-0.6914228200912476, 0.722450315952301, 1.6041619498359272e-16, 0, -2.220446049250313e-16, 1, 0.722450315952301, 0.6914228200912476, 1.5352670692331206e-16]}, "segments": [64494, 64470, 64782, 45959, 64471], "label": "computer"}, {"objectId": 1, "id": 1, "partId": 1, "index": 15, "dominantNormal": [0, -2.220446049250313e-16, 1], "obb": {"axesLengths": [8.669799726501557, 0.27301000938542197, 6.000465253350753], "centroid": [0.5544555325929681, 1.4055463991323913, -1.3934950200432181], "normalizedAxes": [0.911842942237854, 0.4105392396450043, 9.115802327319772e-17, 0, -2.220446049250313e-16, 1, 0.4105392396450043, -0.911842942237854, -2.0246980586288244e-16]}, "segments": [5044, 47564, 3178, 45092, 11652, 33604, 1467, 2017, 4420, 5329, 5335, 5469, 5480, 5575, 6606, 8293, 8301, 8434, 10332, 10795, 10807, 10816, 11707, 11715, 11768, 11790, 12683, 13990, 14875, 15178, 15195, 15200, 15297, 15316, 15423, 15426, 18452, 20697, 20724, 26929, 27088, 27875, 27935, 27968, 28000, 28006, 28049, 28623, 28712, 32643, 33625, 33912, 33913, 34407, 35500, 35501, 36959, 36960, 36968, 37650, 40250, 40304, 40733, 40790, 40861, 41241, 42059, 44631, 48592, 51736, 51767, 51768, 51770, 51778, 51785, 51792, 51796, 52631, 52644, 54531, 54534, 55175, 58329, 58332, 58338, 59675, 60105, 60336, 61843, 62155, 5950, 62088, 5455, 5506, 14707, 5754, 5771, 5780, 5864, 5871, 5872, 5879, 5904, 6017, 6063, 6074, 6131, 6132, 6189, 6239, 6244, 6265, 6292, 8406, 21952, 22113, 22114, 22122, 51815, 51819, 51820, 51834, 51840, 56559, 1016, 594, 1083, 2952, 22127, 62425, 62370, 15209], "label": "floor"}, {"objectId": 2, "id": 2, "partId": 2, "index": 16, "dominantNormal": [0, -2.220446049250313e-16, 1], "obb": {"axesLengths": [1.2428738329998523, 0.7610685953259034, 0.8898762406910786], "centroid": [-0.3390223409474358, 1.9267452799793914, -0.31541878583836525], "normalizedAxes": [0.5475437045097351, 0.8367770910263062, 1.858018385872531e-16, 0, -2.220446049250313e-16, 1, 0.8367770910263062, -0.5475437045097351, -1.2157912554705222e-16]}, "segments": [4968, 33992, 44285, 63528, 43742, 43954, 15526, 15532, 33987, 43783, 43784, 43914, 44262, 44525, 65335, 65365, 63504, 36629, 36568, 36427, 14884, 9275, 1106, 34586, 36464, 60649, 60756, 33041, 36189, 63466, 1102, 1145, 21023, 28150, 28455, 33225, 33247, 33290, 33299, 33314, 36559, 59925, 59928, 60688, 60721, 60798, 63332], "label": "beanbag"}, {"objectId": 3, "id": 3, "partId": 3, "index": 17, "dominantNormal": [0, -2.220446049250313e-16, 1], "obb": {"axesLengths": [1.414812286293775, 0.8456130136784982, 1.067499351407325], "centroid": [0.48405445539687536, 3.092244895574991, -0.2728065917758682], "normalizedAxes": [-0.5459355115890503, 0.837827205657959, 1.8603501087576446e-16, 0, -2.220446049250313e-16, 1, 0.837827205657959, 0.5459355115890503, 1.2122203498533552e-16]}, "segments": [20431, 17079, 22227, 13556, 9060, 21509, 56360, 19061, 18072, 55417, 19052, 55395, 60301, 56353, 7468, 7475, 13089, 13780, 13796, 13842, 13897, 16889, 16927, 17110, 17148, 17168, 17199, 17206, 17246, 17271, 17333, 19145, 20398, 21255, 21289, 21616, 54719, 54722, 54727, 54754, 54757, 54760, 55396, 56322, 56408, 56463, 60125, 60145, 60494, 54845, 54881, 13104, 16589, 20874, 21863, 36167, 55434, 56084, 56411, 56439, 60328, 60414, 16841, 36135, 36086, 36094, 13944, 13794, 2320, 2375, 56211, 59049, 59590, 60140, 60537, 34713], "label": "beanbag"}, {"objectId": 4, "id": 4, "partId": 4, "index": 18, "dominantNormal": [0, -2.220446049250313e-16, 1], "obb": {"axesLengths": [6.674436467634949, 0.8599999354779734, 4.045535931307524], "centroid": [-1.4753547835640433, 3.2951604832867605, -1.0000000353902587], "normalizedAxes": [0.5058175921440125, 0.8626404404640198, 1.9154465579518826e-16, 0, -2.220446049250313e-16, 1, 0.8626404404640198, -0.5058175921440125, -1.1231406741174786e-16]}, "segments": [20269, 2294, 39941, 40804, 37979, 47602, 48999, 34122, 66316, 49654, 36801, 50166, 50243, 50389, 35435, 50102, 40097, 396, 1015, 1050, 1057, 1078, 17522, 19661, 21079, 29405, 29577, 29682, 35587, 35614, 35781, 36286, 36312, 36314, 36678, 36723, 36828, 37106, 37474, 38030, 38572, 38610, 38611, 38636, 39604, 39629, 39738, 39757, 40501, 40590, 40819, 40927, 40933, 41132, 46820, 46853, 46856, 46938, 46946, 46976, 47081, 47369, 47381, 48095, 48125, 48995, 49370, 49489, 49493, 49505, 49508, 49518, 49525, 49805, 49876, 49883, 49935, 50184, 50188, 50315, 50400, 50875, 51448, 51450, 55531, 60824, 65685, 65686, 65694, 65698, 65699, 65704, 65707, 66335, 66337, 64763, 42353, 66207, 65909, 42374, 7867, 8211, 8742, 18682, 18683, 26850, 39007, 39010, 41595, 41836, 51442, 51467, 55233, 55234, 55238, 50753, 14540, 14558, 14564, 14581, 30075, 31717, 31737, 31794, 39117, 42003, 43123, 54309, 59192, 60061, 60063, 26844, 23685, 2418, 3440, 4228, 4341, 4343, 4365, 4376, 4379, 4382, 4402, 4460, 4478, 13984, 14028, 14037, 14071, 14107, 14128, 14132, 14138, 14156, 14629, 14630, 14632, 16031, 16368, 16394, 16398, 16409, 16673, 16697, 16709, 16772, 17763, 17774, 17796, 17851, 20660, 21215, 22360, 22367, 22447, 23668, 24734, 24737, 27195, 29954, 30134, 30138, 30152, 30168, 30187, 30195, 30200, 30216, 30222, 30236, 30296, 30300, 30301, 30309, 30318, 30331, 30370, 30402, 30409, 30423, 31591, 31655, 31658, 31725, 31838, 32500, 35387, 35405, 36016, 36071, 39621, 42066, 43345, 43355, 51077, 51444, 51453, 51721, 51728, 51732, 54290, 54294, 54303, 54315, 54318, 54713, 54717, 54718, 56562, 56564, 56566, 56569, 56687, 56882, 58661, 58674, 58681, 58682, 58686, 58694, 58702, 58709, 59221, 59336, 59355, 60329, 60333, 62985, 62987, 63028, 63033, 65890, 65984, 22320, 65743, 2764, 2829, 38099, 2761, 2950], "label": "platform"}, {"objectId": 5, "id": 5, "partId": 5, "index": 19, "dominantNormal": [0, -2.220446049250313e-16, 1], "obb": {"axesLengths": [2.912644336220944, 0.6449199174734965, 0.7655308164056304], "centroid": [-2.0776770600286216, 0.6178452064865299, -1.1124600500808663], "normalizedAxes": [0.7973619699478149, 0.6035013198852539, 1.3400421214565614e-16, 0, -2.220446049250313e-16, 1, 0.6035013198852539, -0.7973619699478149, -1.7704992359930726e-16]}, "segments": [42159, 38548, 50835, 42701, 49250, 64328, 50779, 62994, 63000, 63084, 43389, 51249, 51260, 51113, 2177, 2701, 3014], "label": "stairs"}, {"objectId": 6, "id": 6, "partId": 6, "index": 20, "dominantNormal": [0, -2.220446049250313e-16, 1], "obb": {"axesLengths": [4.378148374801138, 1.2326249651769179, 3.363150901249245], "centroid": [1.5919683117645493, 1.4706547356915591, -0.8189875654357491], "normalizedAxes": [0.7810935378074646, -0.6244140267372131, -1.3864776587651243e-16, 0, -2.220446049250313e-16, 1, -0.6244140267372131, -0.7810935378074646, -1.7343760601195348e-16]}, "segments": [31103, 65559, 44433, 36046, 44214, 12262, 51, 57, 60, 67, 68, 76, 256, 472, 503, 505, 513, 541, 631, 696, 744, 766, 780, 786, 2977, 6394, 6427, 6732, 16044, 21003, 23380, 29802, 31425, 31436, 32688, 34848, 35194, 36037, 37754, 42871, 44367, 44381, 46456, 51484, 51492, 51526, 51541, 59932, 63845, 18233, 26794, 60424, 29981, 18766, 46649, 51811, 53453, 17072, 40212, 10863, 61068, 19336, 38150, 40055, 23438, 23434, 31586, 26814], "label": "table"}, {"objectId": 7, "id": 7, "partId": 7, "index": 21, "dominantNormal": [0, -2.220446049250313e-16, 1], "obb": {"axesLengths": [1.659427135005251, 0.6358299709298465, 0.9687194140583937], "centroid": [1.045403001536484, 5.292253872046716, -1.1079150768090413], "normalizedAxes": [-0.2855072021484375, 0.9583765864372253, 2.1280235050485382e-16, 0, -2.220446049250313e-16, 1, 0.9583765864372253, 0.2855072021484375, 6.339533390430085e-17]}, "segments": [11002, 44019, 24470, 12162, 4546, 9528, 30579, 30619, 32104, 63417, 63419, 32535, 11840, 4312, 30451, 24539, 31876, 32018, 32036, 32068, 32084, 38288, 59358, 59360, 63335, 63362, 63397, 10972, 3505, 51666], "label": "stairs"}, {"objectId": 8, "id": 8, "partId": 8, "index": 22, "dominantNormal": [0.4138215482234955, -0.9103580117225647, -2.021400850532739e-16], "obb": {"axesLengths": [0.7305617250172735, 1.4908478746373675, 0.558183375618745], "centroid": [1.1604592846585455, 4.375460836977832, -0.6799661234773837], "normalizedAxes": [0.9103580117225647, 0.4138215482234955, 9.188684218475085e-17, 0, -2.220446049250313e-16, 1, 0.4138215482234955, -0.9103580117225647, -2.021400850532739e-16]}, "segments": [59569, 25287, 58053, 25560, 25674, 57040, 24073, 24088, 58429, 28879, 23874, 24284, 57227, 6542, 6568, 6596, 6599, 6705, 6733, 6741, 6757, 6795, 6800, 6813, 6864, 6893, 6896, 6900, 6903, 6927, 6943, 6980, 6989, 7037, 7075, 7079, 7109, 7113, 7121, 7158, 7208, 7222, 8621, 8667, 8668, 8708, 19781, 22582, 22587, 22595, 22599, 22632, 22636, 22672, 22741, 22763, 22788, 22794, 23804, 23813, 24041, 24131, 24150, 24155, 24266, 24294, 24323, 25323, 25344, 25373, 25376, 25416, 25421, 25437, 25460, 25463, 25528, 25545, 25547, 25728, 25752, 25766, 25804, 25838, 25845, 25914, 25937, 25967, 25986, 26024, 26098, 26115, 26120, 26137, 26140, 26148, 26173, 26203, 26214, 26229, 26251, 26374, 26548, 26616, 26630, 26642, 26649, 26652, 26660, 26681, 26706, 26733, 28865, 28900, 28969, 29041, 29047, 29159, 29193, 30873, 30892, 30913, 30920, 30924, 30935, 30945, 30965, 30969, 31065, 32753, 32834, 32865, 51922, 51979, 51983, 52010, 52013, 52020, 52035, 52116, 52685, 52689, 52878, 56730, 56985, 57073, 57096, 57211, 57252, 57303, 57310, 57319, 57725, 57727, 57731, 57738, 57745, 57796, 57804, 57810, 57817, 57819, 57822, 57823, 57826, 57829, 57914, 57915, 57934, 57943, 58009, 58073, 58076, 58090, 58150, 58154, 58170, 58179, 58215, 58222, 58418, 58420, 58533, 58789, 58796, 58827, 58885, 58896, 58898, 59514, 59538, 59540, 60003, 58093, 29059, 30741, 56982, 56966, 22928, 15065, 3837, 14355, 3201, 3209, 3220, 4146, 4158, 6854, 6862, 6881, 6882, 6932, 6942, 7003, 7173, 8609, 8647, 8683, 8690, 8701, 8722, 8746, 8792, 19721, 19817, 19912, 19945, 20024, 22806, 22972, 23003, 23827, 23930, 24423, 24506, 25520, 26402, 26797, 28211, 28313, 30781, 30798, 30818, 32183, 32353, 32358, 32788, 32852, 32854, 32888, 32918, 32923, 32934, 34769, 51692, 52024, 52046, 52049, 52726, 52728, 52735, 52804, 52847, 52866, 55661, 56762, 56783, 56789, 57354, 57400, 57985, 58083, 58341, 58345, 58348, 58350, 58354, 58530, 58581, 58583, 58588, 58640, 58643, 59681, 59693, 59820, 59822, 59996, 60175, 60177, 66113, 60223, 19960, 3164, 3176, 3180, 3195, 3199, 3200, 3212, 3224, 3228, 3229, 3239, 3295, 19792, 19834, 19852, 19926, 19935, 19937, 19965, 20064, 20086, 20128, 23295, 26554, 32251, 32889, 32928, 51639, 51641, 55735, 55737, 55804, 55813, 55815, 55819, 55885, 59536, 59743, 60234, 25476, 59880, 4131, 3183, 3198, 3282, 4263, 4266, 6633, 19529, 19550, 19572, 19823, 19964, 20033, 25283, 28600, 32890, 32892, 32950, 32952, 55525, 55764, 55829, 59819, 19537, 55729, 19977], "label": "plant"}, {"objectId": 9, "id": 9, "partId": 9, "index": 23, "dominantNormal": [0.9074010252952576, -0.4202658236026764, -9.331775876534918e-17], "obb": {"axesLengths": [1.2803172978695523, 0.8369090370034638, 0.675949972817941], "centroid": [-1.9942842139205434, 0.048841484672794255, -1.0316355873278789], "normalizedAxes": [0.4202658534049988, 0.9074010252952576, 2.014835021702538e-16, 0, -2.220446049250313e-16, 1, 0.9074010252952576, -0.4202658534049988, -9.331776538279408e-17]}, "segments": [6936, 43138, 43716, 5667, 45518, 49814, 64631, 43121, 49711, 8808, 42823, 42962, 45357, 45447, 48703, 49471, 49662, 51082, 51127, 51185, 51215, 60937, 63241, 64624, 64675, 64693], "label": "beanbag"}, {"objectId": 10, "id": 10, "partId": 10, "index": 24, "dominantNormal": [0.983644425868988, -0.180121049284935, -3.9994907227155485e-17], "obb": {"axesLengths": [0.39541977578734483, 0.7392589284645257, 0.4012934003953736], "centroid": [1.302045471469485, 0.0917920604232707, -1.0243005504988032], "normalizedAxes": [0.983644425868988, -0.1801210641860962, -3.9994910535877935e-17, 0, -2.220446049250313e-16, 1, -0.1801210641860962, -0.983644425868988, -2.184129379287887e-16]}, "segments": [21238, 38445, 41231, 60833, 52944, 8847, 19493, 41136, 41139, 51404, 51406, 51432, 52881, 52884, 52887, 52941, 19753, 38450, 37519, 60852], "label": "stool"}], "scan_id": "baf67389-8e94-22f8-8055-1d869ecfede9", "annId": "6090", "appId": "stk.v1"}