{"segGroups": [{"objectId": 1, "id": 1, "partId": 1, "index": 0, "dominantNormal": [0, -2.220446049250313e-16, 1], "obb": {"axesLengths": [4.305825738297431, 0.32973992087528314, 3.5530372748626866], "centroid": [-1.2475456045818714, 0.738048728443643, -1.2748700177909444], "normalizedAxes": [0.8614374399185181, -0.5078637003898621, -1.127683947088314e-16, 0, -2.220446049250313e-16, 1, -0.5078637003898621, -0.8614374399185181, -1.9127753601433774e-16]}, "segments": [27207, 16799, 23322, 19326, 25115, 21841, 7731, 878, 2621, 2782, 3609, 3694, 3701, 3916, 5932, 6210, 6905, 13593, 18749, 22326, 22348, 22399, 22582, 23297, 23363, 23366, 23734, 23960, 24262, 25178, 26683, 26722, 26727, 27933, 28194, 28207, 28210, 28549, 28552, 28604, 31140, 31142, 31364, 31392, 33170, 1059, 3681, 13510, 25878, 17429, 33480, 3839, 7118], "label": "floor"}, {"objectId": 2, "id": 2, "partId": 2, "index": 1, "dominantNormal": [0.8313173055648804, -0.5557980537414551, -1.234119592611227e-16], "obb": {"axesLengths": [1.8658247030670712, 1.679999939799309, 0.27306247040063575], "centroid": [0.7967523755282007, 0.12026524687619522, -0.5500000525849319], "normalizedAxes": [0.5557981133460999, 0.8313173055648804, 1.845895226814954e-16, 0, -2.220446049250313e-16, 1, 0.8313173055648804, -0.5557981133460999, -1.2341197249601251e-16]}, "segments": [7979, 8906, 10270, 11016, 2511, 2515, 2688, 3225, 3232, 3301, 3380, 7417, 7447, 7451, 7802, 8146, 27685, 27689, 27692, 28042, 28391, 2291], "label": "wall"}, {"objectId": 3, "id": 3, "partId": 3, "index": 2, "dominantNormal": [-0.5712586641311646, -0.8207700848579407, -1.8224756922656586e-16], "obb": {"axesLengths": [2.796988710431695, 2.215219984608441, 0.6330890686945712], "centroid": [-0.29880532571428897, 1.7521220781320048, -0.2976100758835678], "normalizedAxes": [0.8207700848579407, -0.5712586641311646, -1.2684490438700559e-16, 0, -2.220446049250313e-16, 1, -0.5712586641311646, -0.8207700848579407, -1.8224756922656586e-16]}, "segments": [24868, 8184, 29217, 9777, 31474, 14524, 11682, 12216, 12490, 12582, 12636, 13277, 13337, 16607, 25791, 28515, 28963, 29054, 29193, 29316, 30034, 30987, 32860, 32864], "label": "wardrobe"}, {"objectId": 4, "id": 4, "partId": 4, "index": 3, "dominantNormal": [0.8469823598861694, -0.531620979309082, -1.1804357032054336e-16], "obb": {"axesLengths": [0.6154366443203217, 0.9665399275748443, 0.5252871095485943], "centroid": [-1.7791225452000394, 2.7747278597462155, -0.8932700189055512], "normalizedAxes": [0.531620979309082, 0.8469823598861694, 1.8806786347939518e-16, 0, -2.220446049250313e-16, 1, 0.8469823598861694, -0.531620979309082, -1.1804357032054336e-16]}, "segments": [9898, 9934, 28256, 28269, 29333, 7243, 27745, 3343, 9941, 7294, 14756, 9413, 9415, 28598, 28722, 9443, 28192, 3541, 30381, 23239, 19788, 31389], "label": "chair"}, {"objectId": 5, "id": 5, "partId": 5, "index": 4, "dominantNormal": [0, -2.220446049250313e-16, 1], "obb": {"axesLengths": [2.9593353644360803, 0.979999997168779, 3.825385027915012], "centroid": [-1.4512912938728648, -0.049697767119907976, -0.8800000434207174], "normalizedAxes": [0.1567160040140152, 0.9876437187194824, 2.1930095932975622e-16, 0, -2.220446049250313e-16, 1, 0.9876437187194824, -0.1567160040140152, -3.4797943196721625e-17]}, "segments": [7077, 9285, 32140, 30011, 1368, 1414, 1717, 3139, 3155, 3182, 4281, 5097, 5132, 5166, 5262, 5265, 5648, 5703, 5717, 5786, 5839, 5886, 5917, 5923, 5939, 6126, 6170, 10569, 11517, 14601, 16686, 16713, 16898, 17217, 17262, 17793, 17812, 17822, 17849, 18465, 20092, 20111, 20180, 20534, 20944, 20988, 21171, 21547, 21591, 27034, 27035, 27195, 27877, 28058, 28930, 29008, 29631, 29725, 29902, 29903, 30027, 30631, 30635, 30852, 30854, 30857, 30860, 31847, 31899, 32856, 32871, 32873, 33099, 33103, 33108, 24908, 32799, 24914, 24186, 17037, 25855, 3157, 5060, 5084, 5110, 5796, 5865, 17876, 18916, 18985, 18986, 18995, 18999, 19013, 19031, 19033, 19034, 19066, 19133, 20698, 22872, 27043, 27047, 27057, 27879, 30201, 30208, 30216, 30251, 31225, 31852, 31867, 32937, 32943, 13400, 666, 690, 707, 1863, 2814, 2816, 2880, 3176, 6158, 10640, 10695, 19080, 19916, 19974, 19994, 25957, 27647, 27652, 27673, 27865, 27881, 30248, 10147, 19711, 31116, 10757, 2332, 2850, 2891, 2908, 4889, 5022, 5065, 5370, 5427, 5462, 5591, 6014, 6027, 6214, 6327, 6391, 9488, 10042, 10126, 10134, 10351, 10386, 10401, 10499, 10509, 10517, 10623, 10624, 10629, 10678, 18050, 18059, 18080, 18105, 18120, 18908, 18975, 19908, 20082, 20723, 20741, 20786, 21458, 22740, 22744, 22767, 22791, 22795, 22829, 24300, 24383, 27966, 28089, 28127, 28774, 28778, 28924, 29910, 30240, 30242, 30974, 31162, 31218, 31272, 31274, 32055, 32511, 32625, 19240, 22953, 20377, 394, 10708, 18268, 29945, 1443], "label": "bed"}, {"objectId": 6, "id": 6, "partId": 6, "index": 5, "dominantNormal": [-0.5192532539367676, -0.8546204566955566, -1.897638616678147e-16], "obb": {"axesLengths": [3.7349724082164792, 1.885289984525218, 0.126151992235998], "centroid": [-2.2072880143516933, -0.6878178420554069, -0.4326450810573621], "normalizedAxes": [0.8546204566955566, -0.5192531943321228, -1.1529737039153671e-16, 0, -2.220446049250313e-16, 1, -0.5192531943321228, -0.8546204566955566, -1.897638616678147e-16]}, "segments": [16828, 12094, 15802, 15528, 8155, 9041, 30688, 9020, 9031, 9036, 9050, 9053, 9077, 9085, 9090, 9112, 9134, 9241, 9248, 9255, 9262, 12042, 15206, 15273, 15576, 15891, 15958, 15978, 16069, 17993, 22182, 28496, 29042, 31215], "label": "wall"}, {"objectId": 7, "id": 7, "partId": 7, "index": 6, "dominantNormal": [-0.5920405983924866, -0.8059081435203552, -1.789475553338427e-16], "obb": {"axesLengths": [0.7443831965510257, 0.6317599870616197, 0.41063069863989904], "centroid": [-1.0084926481818792, -1.2048871739019802, -1.0658800446256254], "normalizedAxes": [0.8059081435203552, -0.5920405983924866, -1.314594207696388e-16, 0, -2.220446049250313e-16, 1, -0.5920405983924866, -0.8059081435203552, -1.789475553338427e-16]}, "segments": [23117, 22998, 20731, 22671, 21661, 21495, 20616, 20735], "label": "nightstand"}, {"objectId": 8, "id": 8, "partId": 8, "index": 7, "dominantNormal": [-0.40712201595306396, -0.9133737683296204, -2.0280971753763763e-16], "obb": {"axesLengths": [0.7302743768457249, 0.6000000104308123, 0.3675441180527686], "centroid": [-3.0574341744017475, 0.06970953354039089, -1.070000036789701], "normalizedAxes": [0.9133737683296204, -0.40712204575538635, -9.039925380602528e-17, 0, -2.220446049250313e-16, 1, -0.40712204575538635, -0.9133737683296204, -2.0280971753763763e-16]}, "segments": [1848, 31945, 22076, 640, 27829, 4944, 27659], "label": "nightstand"}, {"objectId": 9, "id": 9, "partId": 9, "index": 8, "dominantNormal": [0, -2.220446049250313e-16, 1], "obb": {"axesLengths": [1.031937060962567, 0.6599999518692504, 0.7433336297725381], "centroid": [0.053062879589788725, -1.022544425651286, -1.0600000465499615], "normalizedAxes": [0.46651312708854675, 0.8845142722129822, 1.9640162212408323e-16, 0, -2.220446049250313e-16, 1, 0.8845142722129822, -0.46651312708854675, -1.0358672299671728e-16]}, "segments": [24535, 900, 4986, 2061, 3539, 18145, 27704, 27717, 1156, 18360, 17381, 3655], "label": "commode"}, {"objectId": 10, "id": 10, "partId": 10, "index": 9, "dominantNormal": [-0.5348140001296997, -0.8449698090553284, -1.8762098742526953e-16], "obb": {"axesLengths": [2.0656679085613305, 2.518339935280234, 0.19500155008350128], "centroid": [-1.188481755897422, 2.667959249296282, -0.1555900621493167], "normalizedAxes": [0.8449698090553284, -0.5348140001296997, -1.1875256336717481e-16, 0, -2.220446049250313e-16, 1, -0.5348140001296997, -0.8449698090553284, -1.8762098742526953e-16]}, "segments": [2218, 9763, 16314, 14513, 2336, 3467, 3509, 7274, 7283, 9899, 15066, 15083, 15086, 15267, 28752, 28979, 29884, 3861, 19568, 3427, 13157], "label": "wall"}, {"objectId": 11, "id": 11, "partId": 11, "index": 10, "dominantNormal": [-0.5335245132446289, -0.845784604549408, -1.8780190836884713e-16], "obb": {"axesLengths": [0.46584190403126097, 1.6440699925108992, 0.30495793168760266], "centroid": [-2.9555574690498996, 1.618491219136642, -0.572035069702007], "normalizedAxes": [0.845784604549408, -0.5335245132446289, -1.1846623976122326e-16, 0, -2.220446049250313e-16, 1, -0.5335245132446289, -0.845784604549408, -1.8780190836884713e-16]}, "segments": [28373, 2018, 32967, 26502, 32992, 27514, 27382, 2482, 13080, 27394, 27410, 27526, 27528, 27553, 2008, 26521, 559, 7899, 25522, 33791, 17729, 113, 13788, 17693, 26917, 27578, 27590, 28314, 27081, 24403, 16611, 7679, 33785, 195], "label": "curtain"}, {"objectId": 12, "id": 12, "partId": 12, "index": 11, "dominantNormal": [0.8672322630882263, -0.49790385365486145, -1.1055686447544432e-16], "obb": {"axesLengths": [1.7783049919885854, 1.6860999982185654, 0.14679427274584678], "centroid": [-2.460239217630277, 2.49135698185118, -0.5730500622740391], "normalizedAxes": [0.49790388345718384, 0.8672322034835815, 1.9256423200077622e-16, 0, -2.220446049250313e-16, 1, 0.8672322034835815, -0.49790388345718384, -1.1055687109288922e-16]}, "segments": [3238, 27757, 4484, 4446, 1246, 2491, 2501, 2571, 2759, 4470, 4471, 11209, 24620, 1111, 1172, 2769, 2601], "label": "wall"}, {"objectId": 13, "id": 13, "partId": 13, "index": 12, "dominantNormal": [0.8721864819526672, -0.48917356133461, -1.0861835016631405e-16], "obb": {"axesLengths": [0.9523809823623062, 0.7204000192791216, 0.1517445389827854], "centroid": [-3.3139614549846925, 1.280854833422505, -0.950200038084612], "normalizedAxes": [0.48917356133461, 0.8721864819526672, 1.9366430280613295e-16, 0, -2.220446049250313e-16, 1, 0.8721864819526672, -0.48917356133461, -1.0861835016631405e-16]}, "segments": [16913, 13888, 13237, 17604, 17622], "label": "heater"}, {"objectId": 14, "id": 14, "partId": 14, "index": 13, "dominantNormal": [0.9537588357925415, -0.30057293176651, -6.674059788525311e-17], "obb": {"axesLengths": [0.40816573271183376, 0.8199999745190145, 0.21407749584970429], "centroid": [-3.123038068239526, 1.436751420006188, -0.16000006070606454], "normalizedAxes": [0.30057293176651, 0.9537588357925415, 2.117770038873127e-16, 0, -2.220446049250313e-16, 1, 0.9537588357925415, -0.30057293176651, -6.674059788525311e-17]}, "segments": [6670, 29547, 6053, 7671, 7673, 16272, 16277, 16281, 16347, 16348, 16530, 16564, 17483, 27531, 27534, 29480, 29570, 29574, 29778, 29787, 16171, 6928, 6548, 7491, 16285, 16408, 16481, 6580, 6594, 6602, 6922, 17074, 17079, 28176, 29707, 29813, 17525, 16456, 17320, 17353, 17499, 17511, 17551, 29791, 29823, 5346, 29653], "label": "curtain"}, {"objectId": 15, "id": 15, "partId": 15, "index": 14, "dominantNormal": [0.8055451512336731, 0.5925344228744507, 1.3156907183163884e-16], "obb": {"axesLengths": [0.687822601824097, 0.9109000061996275, 0.49239945203770846], "centroid": [-3.33980557621527, 0.452555827629138, -0.9254500592610241], "normalizedAxes": [-0.5925344228744507, 0.8055451512336731, 1.7886695485495554e-16, 0, -2.220446049250313e-16, 1, 0.8055451512336731, 0.5925344228744507, 1.3156907183163884e-16]}, "segments": [13880, 21622, 21639, 30357, 30451, 15746, 13919, 13889, 21619, 24462, 25459, 26095, 26099, 26111, 29189, 12648, 31558, 13107, 13182, 13509, 17840, 25207, 25242, 25247, 25276, 25327, 25357, 25718, 25760, 25783, 25803, 25815, 25833, 25839, 25845, 25850, 25859, 25881, 25882, 25898, 25931, 25969, 25973, 25982, 25991, 29113, 29119, 29175, 31161, 31584, 31590, 31596, 31601, 31609, 31610, 31611, 31615, 31722, 31732, 31781, 31802, 31820, 24444, 25443, 31203, 15703, 16009, 16073, 21649], "label": "chair"}, {"objectId": 16, "id": 16, "partId": 16, "index": 15, "dominantNormal": [0, -2.220446049250313e-16, 1], "obb": {"axesLengths": [0.8181818392971758, 0.14846199419061845, 0.6807571086834376], "centroid": [-1.4614709283481324, -0.7888987105329219, -0.8609530517829288], "normalizedAxes": [0.999951183795929, -0.009878764860332012, -2.1935264405597037e-18, 0, -2.220446049250313e-16, 1, -0.009878764860332012, -0.999951183795929, -2.2203376555028441e-16]}, "segments": [21132, 20051], "label": "pillow"}, {"objectId": 17, "id": 17, "partId": 17, "index": 16, "dominantNormal": [0.9976142048835754, -0.06903544068336487, -1.5328947152363186e-17], "obb": {"axesLengths": [0.4096782705726843, 0.1999350145473698, 0.1630020610952704], "centroid": [-0.6426260870790964, 0.3520507219836627, -0.7859445419162256], "normalizedAxes": [0.06903544068336487, 0.9976142048835754, 2.2151485199097275e-16, 0, -2.220446049250313e-16, 1, 0.9976142048835754, -0.06903544068336487, -1.5328947152363186e-17]}, "segments": [26269, 24376, 24416, 16726, 32846, 29740], "label": "bag"}, {"objectId": 19, "id": 19, "partId": 19, "index": 17, "dominantNormal": [0, -2.220446049250313e-16, 1], "obb": {"axesLengths": [0.7080032203275799, 0.47092996975190965, 0.6859499351145564], "centroid": [-1.7701600642648248, 2.726090651457263, -0.7654650122779247], "normalizedAxes": [0.8376798629760742, 0.5461615324020386, 1.2127222168746034e-16, 0, -2.220446049250313e-16, 1, 0.5461615324020386, -0.8376798629760742, -1.8600229422817676e-16]}, "segments": [33053, 26375, 14705, 30283, 19631, 3959, 2118, 3372, 3934, 3946, 4067, 28768, 11581, 14731, 29338, 2209, 7367, 11606, 14765, 14784, 14841, 14842, 14861, 19808, 27938, 29325, 29327, 29343, 29346, 30375, 19749], "label": "blanket"}, {"objectId": 20, "id": 20, "partId": 20, "index": 18, "dominantNormal": [0.6344127655029297, -0.7729944586753845, -1.716392491858142e-16], "obb": {"axesLengths": [0.115201954806405, 0.3715000069551168, 0.041392934368763304], "centroid": [-3.6560888969072707, 0.8953626871498274, -1.2157500197036573], "normalizedAxes": [0.7729944586753845, 0.6344127655029297, 1.4086793187549455e-16, 0, -2.220446049250313e-16, 1, 0.6344127655029297, -0.7729944586753845, -1.716392491858142e-16]}, "segments": [13281], "label": "wall"}, {"objectId": 21, "id": 21, "partId": 21, "index": 19, "dominantNormal": [0, -2.220446049250313e-16, 1], "obb": {"axesLengths": [0.4161631831765012, 0.16000002264976443, 0.36866153048627975], "centroid": [-3.4033582237009523, 0.422530618711936, -0.8300000624196977], "normalizedAxes": [0.5240215063095093, 0.851705014705658, 1.891165035029858e-16, 0, -2.220446049250313e-16, 1, 0.851705014705658, -0.5240215063095093, -1.163561483407148e-16]}, "segments": [20403, 22073, 15715, 20100, 29948, 29950, 30418], "label": "pillow"}, {"objectId": 22, "id": 22, "partId": 22, "index": 20, "dominantNormal": [-0.6536405086517334, -0.7568051815032959, -1.6804450753211595e-16], "obb": {"axesLengths": [0.47411472197059845, 0.4252129698124607, 0.29794261277794903], "centroid": [-3.4486460832060217, 0.24046140257225168, -0.6173935477111456], "normalizedAxes": [0.7568051815032959, -0.6536405086517334, -1.4513734850657065e-16, 0, -2.220446049250313e-16, 1, -0.6536405086517334, -0.7568051815032959, -1.6804450753211595e-16]}, "segments": [29440, 22261, 15902, 15969, 22169, 30908, 15482, 15517, 15599, 15660, 16008, 16039, 22023, 22051, 22553, 29434, 29461], "label": "clothes"}, {"objectId": 23, "id": 23, "partId": 23, "index": 21, "dominantNormal": [0.9778021574020386, -0.2095303237438202, -4.652507795551046e-17], "obb": {"axesLengths": [0.9079524373636265, 0.40000002682208935, 0.35280385341937665], "centroid": [0.2701945809956583, -1.2243238023384722, -0.5900000582473728], "normalizedAxes": [0.20953033864498138, 0.9778021574020386, 2.1711569373517893e-16, 0, -2.220446049250313e-16, 1, 0.9778021574020386, -0.20953033864498138, -4.652508126423291e-17]}, "segments": [11961, 2229, 27556, 27566, 492], "label": "mirror"}, {"objectId": 27, "id": 27, "partId": 27, "index": 23, "dominantNormal": [-0.49154165387153625, -0.8708540797233582, -1.9336845007952478e-16], "obb": {"axesLengths": [0.5156998362712721, 0.5987300142929698, 0.21039702123982004], "centroid": [1.04528868223609, 0.8473246673782355, -1.1093650592843818], "normalizedAxes": [0.8708540797233582, -0.49154165387153625, -1.0914417233810175e-16, 0, -2.220446049250313e-16, 1, -0.49154165387153625, -0.8708540797233582, -1.9336845007952478e-16]}, "segments": [12468, 14191, 8770, 14298, 8476, 8487, 8496, 8514, 8745, 12381, 12417, 12428, 14215, 14238, 14244, 14324, 20845, 29280], "label": "chair"}, {"objectId": 28, "id": 28, "partId": 28, "index": 24, "dominantNormal": [-0.3419138491153717, -0.9397312998771667, -2.0866226521691161e-16], "obb": {"axesLengths": [0.2915127311317583, 0.2682560026290415, 0.13430545406599614], "centroid": [-1.19210112173085, 2.1465818596125747, 0.7441279341264506], "normalizedAxes": [0.9397312998771667, -0.3419138491153717, -7.592012554521948e-17, 0, -2.220446049250313e-16, 1, -0.3419138491153717, -0.9397312998771667, -2.0866226521691161e-16]}, "segments": [14087, 13469], "label": "item"}, {"objectId": 29, "id": 29, "partId": 29, "index": 25, "dominantNormal": [0.1263684183359146, -0.9919833540916443, -2.202645519514866e-16], "obb": {"axesLengths": [0.23896179544267185, 0.2294300147273387, 0.1395467518614071], "centroid": [-1.381917534924191, 2.353049023568458, 0.7447149206550785], "normalizedAxes": [0.9919833540916443, 0.1263684183359146, 2.805942552439924e-17, 0, -2.220446049250313e-16, 1, 0.1263684183359146, -0.9919833540916443, -2.202645519514866e-16]}, "segments": [31061, 21234, 21296, 31020, 31022, 31025, 31028, 31036, 31057], "label": "item"}, {"objectId": 31, "id": 31, "partId": 31, "index": 27, "dominantNormal": [0, -2.220446049250313e-16, 1], "obb": {"axesLengths": [2.0559244132916406, 0.19891202005195563, 1.0794923242897168], "centroid": [-1.8543770915874478, 0.37266681049813, -0.8672040589617045], "normalizedAxes": [0.4120163917541504, 0.9111764430999756, 2.0232181332512935e-16, 0, -2.220446049250313e-16, 1, 0.9111764430999756, -0.4120163917541504, -9.148601692968725e-17]}, "segments": [9841, 4204, 3005, 4129, 26924, 18850, 18826, 13325], "label": "blanket"}, {"objectId": 32, "id": 32, "partId": 32, "index": 28, "dominantNormal": [0, -2.220446049250313e-16, 1], "obb": {"axesLengths": [1.7954303378447647, 0.2819870051297471, 1.1176525864342046], "centroid": [-1.147111964652745, 0.07976580282025442, -0.829006572222788], "normalizedAxes": [0.6786161661148071, 0.7344930768013, 1.6309022505851535e-16, 0, -2.220446049250313e-16, 1, 0.7344930768013, -0.6786161661148071, -1.5068305850070177e-16]}, "segments": [32631, 32468, 24569, 4321, 32668, 24160, 26588, 32813, 17203], "label": "blanket"}, {"objectId": 33, "id": 33, "partId": 33, "index": 29, "dominantNormal": [0.7552030086517334, -0.6554909348487854, -1.45548225660438e-16], "obb": {"axesLengths": [0.37789596852693946, 1.1399999602139002, 0.17660227328176542], "centroid": [-3.5373944677691207, 0.6303791673631429, -0.8200000423776365], "normalizedAxes": [0.6554909348487854, 0.7552030682563782, 1.6768876692915894e-16, 0, -2.220446049250313e-16, 1, 0.7552030682563782, -0.6554909348487854, -1.45548225660438e-16]}, "segments": [15478, 15474, 29089, 29395, 13865], "label": "wall"}, {"objectId": 35, "id": 35, "partId": 35, "index": 30, "dominantNormal": [0, -2.220446049250313e-16, 1], "obb": {"axesLengths": [1.3387032761228554, 0.05999994143843779, 0.6182747845525924], "centroid": [-0.994470260268788, 2.261049207543985, 1.0999999313963196], "normalizedAxes": [0.8773232102394104, -0.47989997267723083, -1.0655919983664904e-16, 0, -2.220446049250313e-16, 1, -0.47989997267723083, -0.8773232102394104, -1.9480488560917006e-16]}, "segments": [14856], "label": "ceiling"}, {"objectId": 360, "id": 360, "partId": 360, "index": 31, "dominantNormal": [0, -2.220446049250313e-16, 1], "obb": {"axesLengths": [0.4851777376549079, 0.1418509451631246, 0.18462980534891008], "centroid": [1.0657238561150955, 0.872318900234739, -0.8508805524944407], "normalizedAxes": [0.893176257610321, -0.4497067928314209, -9.985496714635575e-17, 0, -2.220446049250313e-16, 1, -0.4497067928314209, -0.893176257610321, -1.9832496924950172e-16]}, "segments": [8767], "label": "blanket"}, {"objectId": 362, "id": 362, "partId": 362, "index": 32, "dominantNormal": [0.8792355060577393, -0.4763873815536499, -1.0577924792835034e-16], "obb": {"axesLengths": [0.8270947781606834, 1.1599999853968619, 0.104234928772959], "centroid": [0.569069016906113, -0.34231679022907824, -0.7900000493066762], "normalizedAxes": [0.4763873815536499, 0.8792355060577393, 1.9522950057865068e-16, 0, -2.220446049250313e-16, 1, 0.8792355060577393, -0.4763873815536499, -1.0577924792835034e-16]}, "segments": [6894, 5177, 2455], "label": "door"}, {"objectId": 363, "id": 363, "partId": 363, "index": 33, "dominantNormal": [0.9980430603027344, -0.06253045052289963, -1.3884549182141465e-17], "obb": {"axesLengths": [0.23310937781867005, 0.8218999321334075, 0.13315188654981822], "centroid": [0.7169145103545405, 0.06818475166982219, -0.600950027294309], "normalizedAxes": [0.06253044307231903, 0.9980430603027344, 2.2161007702308985e-16, 0, -2.220446049250313e-16, 1, 0.9980430603027344, -0.06253044307231903, -1.388454752778024e-17]}, "segments": [7660, 9946], "label": "clothes"}], "scan_id": "5630cfdc-12bf-2860-87b7-c7eab95718be", "annId": "4461", "appId": "stk.v1"}