{"segGroups": [{"objectId": 32, "id": 32, "partId": 32, "index": 0, "dominantNormal": [0.9874463081359863, -0.15795502066612244, -3.507306015973431e-17], "obb": {"axesLengths": [1.7115203346637253, 1.0199999879300594, 0.24705292591672373], "centroid": [-0.10813505433562787, 5.680821376629215, 0.24000000230967933], "normalizedAxes": [0.15795502066612244, 0.9874463081359863, 2.1925712537473581e-16, 0, -2.220446049250313e-16, 1, 0.9874463081359863, -0.15795502066612244, -3.507306015973431e-17]}, "segments": [86774, 54898, 54900, 89951, 79003, 95844, 86167, 136835, 26041, 29156, 29397, 29431, 92549, 95883, 95892, 95897, 95905, 95934, 99529, 99538, 99539, 99542, 108584, 124870, 128529, 129634, 134336, 134338, 134343, 136846, 136849, 97203, 133475, 29198, 87279, 95915, 109868, 135127], "label": "mirror"}, {"objectId": 33, "id": 33, "partId": 33, "index": 1, "dominantNormal": [0.9882820248603821, -0.1526387482881546, -3.389261055989459e-17], "obb": {"axesLengths": [1.144253342172531, 0.972349979601428, 0.44806225461295407], "centroid": [-0.6572425041129057, 1.9869398875435593, -0.6161749690881007], "normalizedAxes": [0.1526387482881546, 0.9882820248603821, 2.194426917646335e-16, 0, -2.220446049250313e-16, 1, 0.9882820248603821, -0.1526387482881546, -3.389261055989459e-17]}, "segments": [62880, 138693, 535, 138652, 6326, 6543, 133815, 133897, 2819, 7601, 110203, 110313, 2433, 109180, 133888, 604, 646, 648, 786, 791, 830, 843, 1473, 1505, 1507, 1510, 1522, 1583, 1834, 1851, 1857, 1873, 1890, 1892, 1910, 1912, 1951, 2505, 2527, 2633, 2781, 6331, 6340, 6344, 6356, 6387, 6410, 6445, 6451, 6473, 6481, 6500, 6501, 6530, 6546, 7156, 7596, 7598, 7605, 7611, 7901, 8038, 8064, 8090, 22142, 22147, 22204, 22213, 65830, 65837, 65864, 65971, 65975, 65996, 66012, 66016, 80855, 80861, 93052, 93053, 93059, 93062, 93092, 93096, 93097, 93112, 93126, 93128, 93148, 93149, 94930, 103297, 108726, 108887, 108906, 108911, 109102, 109132, 109159, 109160, 109168, 109248, 109268, 109276, 109279, 109953, 109956, 109986, 110260, 110324, 112482, 112491, 112497, 112508, 112541, 112543, 112547, 121979, 121982, 121986, 122026, 132936, 132941, 133795, 133805, 133812, 133821, 133832, 847, 108897, 696, 802, 109215, 109082, 7944, 2272, 1612, 1609], "label": "shelf"}, {"objectId": 34, "id": 34, "partId": 34, "index": 2, "dominantNormal": [0.9384546279907227, -0.3454025387763977, -7.669477026270804e-17], "obb": {"axesLengths": [0.586445898836593, 0.7188899952421335, 0.329169964452043], "centroid": [-0.8077634449345492, 1.0233703681003412, -1.0294449862961847], "normalizedAxes": [0.3454025387763977, 0.9384546279907227, 2.0837878711226724e-16, 0, -2.220446049250313e-16, 1, 0.9384546279907227, -0.3454025387763977, -7.669477026270804e-17]}, "segments": [27301, 27183, 39668, 26493, 27150, 27170, 27055], "label": "commode"}, {"objectId": 1, "id": 1, "partId": 1, "index": 3, "dominantNormal": [0, -2.220446049250313e-16, 1], "obb": {"axesLengths": [9.224680728166827, 0.2800000843405699, 7.923106684381762], "centroid": [3.5452685312380425, 3.2081238702492905, -1.3099999600648884], "normalizedAxes": [0.9990392923355103, 0.04382331296801567, 9.730730214489041e-18, 0, -2.220446049250313e-16, 1, 0.04382331296801567, -0.9990392923355103, -2.2183128497122123e-16]}, "segments": [60137, 4407, 82882, 93215, 93222, 123, 1183, 2919, 2931, 2935, 2939, 3412, 3690, 3716, 3819, 3892, 4035, 4041, 4043, 4045, 4136, 10213, 10219, 10232, 10287, 10302, 10341, 10994, 11040, 11043, 11198, 11265, 12114, 12242, 12326, 13670, 13914, 14022, 14026, 14029, 14185, 14215, 14220, 14221, 14227, 14851, 15047, 15123, 15143, 15268, 15896, 17643, 18840, 22508, 23291, 23325, 23326, 23755, 23769, 24427, 28774, 28870, 30007, 30010, 30289, 30344, 30424, 31885, 31888, 31902, 31930, 31933, 31935, 31947, 31951, 31957, 31970, 32608, 32617, 32626, 32632, 32634, 32636, 32648, 32654, 32667, 32669, 32683, 32721, 32728, 32742, 32744, 32755, 32761, 33198, 33386, 33449, 33459, 36142, 36347, 36712, 36721, 36739, 36756, 36788, 36996, 37085, 37110, 37129, 37177, 37180, 37207, 37220, 37299, 37331, 37660, 37663, 37679, 37686, 39449, 39534, 41262, 41739, 41742, 41743, 41888, 41904, 41966, 41985, 42133, 42352, 42354, 42381, 42396, 42425, 42468, 42488, 43230, 43439, 43959, 43982, 44003, 44025, 44036, 44084, 45120, 45176, 45869, 45892, 48204, 48233, 48234, 48264, 48297, 48315, 51201, 53024, 54595, 54651, 54682, 54732, 55886, 55933, 56549, 56902, 59658, 59669, 61346, 64504, 64596, 64616, 64653, 64719, 65132, 65169, 66992, 67689, 67691, 67699, 69046, 69208, 70395, 71599, 72175, 73059, 74983, 76161, 76209, 76321, 76326, 76328, 76955, 77276, 77790, 78406, 78416, 78432, 78439, 78446, 78455, 78475, 78554, 78598, 79176, 79988, 80010, 80148, 80394, 80419, 80427, 80447, 80478, 80979, 81638, 81644, 81721, 82568, 83056, 83065, 83129, 83164, 83236, 83241, 86399, 86942, 90207, 90542, 90544, 90797, 90812, 93122, 93213, 93239, 93288, 93581, 94041, 94054, 94596, 95454, 95803, 96611, 97103, 97107, 97121, 97159, 97167, 97173, 98000, 98007, 101201, 101360, 101821, 101826, 101988, 102391, 102410, 102478, 102547, 104622, 105483, 105487, 105497, 105513, 105529, 106114, 106196, 107223, 107238, 108124, 108143, 109492, 110252, 110566, 110570, 110574, 110693, 110695, 110824, 110826, 110831, 110833, 111020, 111025, 111063, 111093, 113030, 113778, 114143, 114145, 114288, 114297, 114302, 114305, 114307, 114318, 115206, 115256, 115283, 115290, 115767, 115770, 116482, 116484, 116489, 116514, 116528, 116530, 116641, 116645, 116647, 117854, 117855, 118857, 120583, 120904, 121328, 122460, 122655, 123159, 124071, 124074, 124428, 126191, 126200, 126205, 126213, 126217, 130922, 131969, 134324, 134327, 135952, 138899, 139212, 139216, 139240, 139734, 140460, 140462, 143172, 143371, 144602, 145342, 73570, 1657, 1665, 1676, 2312, 3565, 3972, 12246, 19500, 21127, 23712, 23719, 23725, 23729, 64473, 69006, 79931, 109104, 109110, 113125, 113145, 114930, 114932, 115020, 123050, 126573, 126579, 18399, 20269, 1670, 19490, 33288, 109117, 115611, 106761, 102512, 43341, 32699], "label": "floor"}, {"objectId": 2, "id": 2, "partId": 2, "index": 4, "dominantNormal": [0, -2.220446049250313e-16, 1], "obb": {"axesLengths": [2.120716673313818, 0.7957399309633684, 1.209131418453639], "centroid": [0.2655611513688636, 5.513276854505756, -0.9678699325501188], "normalizedAxes": [0.38881346583366394, 0.9213165044784546, 2.0457335924782929e-16, 0, -2.220446049250313e-16, 1, 0.9213165044784546, -0.38881346583366394, -8.633393241056807e-17]}, "segments": [106612, 72385, 73253, 98554, 29440, 105931, 3107, 28773, 29479, 29512, 29634, 29686, 44534, 59260, 59263, 64589, 77427, 85014, 85279, 85331, 87318, 90285, 93206, 98577, 106030, 109352, 109355, 109361, 120300, 120303, 125906, 128278, 128370, 129188, 129191, 129200, 129250, 130361, 139777, 139998, 140055, 140060, 3040, 87431, 3321, 44950, 45080, 45082, 108129, 109403, 109405, 44523], "label": "couch"}, {"objectId": 3, "id": 3, "partId": 3, "index": 5, "dominantNormal": [0, -2.220446049250313e-16, 1], "obb": {"axesLengths": [2.412619414240778, 0.8698829218026338, 1.0973801925749704], "centroid": [2.1803619794135005, 1.506203966558447, -0.9750584611656116], "normalizedAxes": [0.9897942543029785, -0.14250397682189941, -3.1642239233664474e-17, 0, -2.220446049250313e-16, 1, -0.14250397682189941, -0.9897942543029785, -2.1977847415377083e-16]}, "segments": [62927, 99179, 120188, 94004, 21423, 53830, 58952, 61219, 97324, 120848, 120861, 120909, 124237, 133043, 51866, 28983, 61232, 124655, 124684, 65327, 28998, 29002, 29871, 61226, 80590, 113655, 113711, 120398, 120530, 124623, 133062, 17397, 131036, 90659, 120845, 131107, 120829, 90682, 61181, 61124, 20765, 82433, 127424, 73195, 73196, 65395, 66741, 74452, 123177, 124401, 17398, 44929, 118653, 67490, 90714, 44601, 44791, 122226, 66470, 66643, 63106, 122211, 122263, 122288, 13194, 42067, 41779, 14295, 118772, 46212, 52227], "label": "table"}, {"objectId": 4, "id": 4, "partId": 4, "index": 6, "dominantNormal": [0.35832828283309937, -0.9335956573486328, -2.0729987889570207e-16], "obb": {"axesLengths": [0.8874837493075088, 1.1033300063759823, 0.8036983029927035], "centroid": [0.9880773505126546, 3.1298543075346066, -0.8000049803404887], "normalizedAxes": [0.9335956573486328, 0.35832828283309937, 7.956486199514043e-17, 0, -2.220446049250313e-16, 1, 0.35832828283309937, -0.9335956573486328, -2.0729987889570207e-16]}, "segments": [75492, 59509, 75103, 35122, 59214, 74357, 124996, 75455, 131508, 59861, 124599, 59318, 59360, 125051, 62414, 121139, 35120, 59366, 59418, 59427, 59432, 59458, 59484, 59487, 59492, 59495, 59515, 59522, 59548, 59574, 59593, 59966, 62412, 62463, 62484, 75196, 75224, 75233, 75234, 75243, 75288, 75295, 75308, 75326, 75330, 75346, 75348, 75351, 75354, 75356, 75364, 75378, 75382, 82176, 91197, 120326, 120327, 120333, 120336, 120343, 120350, 120373, 121130, 124902, 124906, 124909, 124919, 124928, 124958, 124961, 124964, 124980, 127283, 127286, 91242, 136809, 75909, 76014, 73349, 76021, 73337, 73370, 73525, 73527, 74921, 75815, 76125, 76153, 76173, 76175, 76212, 76259, 77786, 77797, 77813, 77817, 124829, 124838, 124844, 125207, 125235, 125252, 125875], "label": "chair"}, {"objectId": 5, "id": 5, "partId": 5, "index": 7, "dominantNormal": [-0.2939371168613434, -0.9558247327804565, -2.122357251678101e-16], "obb": {"axesLengths": [2.0842204610573956, 1.0002199187825633, 0.7447394320609981], "centroid": [3.1557554470023246, 3.849314279212727, -0.8701099428509934], "normalizedAxes": [0.9558247327804565, -0.2939371168613434, -6.526715098627975e-17, 0, -2.220446049250313e-16, 1, -0.2939371168613434, -0.9558247327804565, -2.122357251678101e-16]}, "segments": [13852, 111134, 80538, 80555, 127603, 111603, 111665, 111438, 83288, 14712, 80512, 86334, 17103, 82096, 4442, 8429, 8438, 8451, 8462, 8545, 13767, 13820, 13860, 14064, 14067, 14314, 14686, 14703, 14722, 15357, 15446, 15526, 16504, 16515, 16529, 16569, 16649, 16660, 16717, 16782, 16789, 16795, 16831, 16847, 16934, 16945, 16967, 16977, 16986, 17000, 17020, 17029, 17033, 17084, 17487, 17507, 17511, 17515, 17530, 17535, 17741, 17900, 17902, 17941, 17956, 20832, 20869, 20884, 49282, 49346, 49354, 49355, 49637, 50131, 67269, 67312, 67649, 67668, 80522, 82090, 82093, 82098, 82467, 82482, 82518, 82555, 82572, 83310, 83312, 83318, 83327, 86264, 86282, 86283, 86289, 86301, 86315, 86896, 86899, 90154, 91013, 91047, 91110, 91126, 91157, 110954, 110957, 110972, 110974, 111008, 111157, 111163, 111173, 111175, 111308, 111316, 111335, 111381, 111394, 111473, 111478, 111552, 111554, 111560, 111587, 111593, 111616, 111661, 111702, 111706, 111757, 116886, 116925, 122512, 127327, 127389, 127395, 127544, 127666, 128830, 128833, 128840, 128845, 129032, 129038, 131204, 131429, 135445, 131395, 8557], "label": "chair"}, {"objectId": 6, "id": 6, "partId": 6, "index": 8, "dominantNormal": [-0.1564517319202423, -0.9876856207847595, -2.1931026345728622e-16], "obb": {"axesLengths": [1.4516301311813202, 0.7890799465236076, 0.616349991024547], "centroid": [2.7131693520015103, 3.7941293176347437, -0.9645399403302385], "normalizedAxes": [0.9876856207847595, -0.1564517319202423, -3.4739263004067113e-17, 0, -2.220446049250313e-16, 1, -0.1564517319202423, -0.9876856207847595, -2.1931026345728622e-16]}, "segments": [52354, 4762, 20746, 20736, 112349, 72883, 91133, 131286], "label": "commode"}, {"objectId": 7, "id": 7, "partId": 7, "index": 9, "dominantNormal": [0, -2.220446049250313e-16, 1], "obb": {"axesLengths": [2.9155829015669252, 0.9639959417880485, 1.91365015150857], "centroid": [5.5269820253597794, 1.4240775925883822, -0.8927219627189198], "normalizedAxes": [0.20568817853927612, 0.9786176085472107, 2.1729676026254434e-16, 0, -2.220446049250313e-16, 1, 0.9786176085472107, -0.20568817853927612, -4.567195034150287e-17]}, "segments": [42363, 116471, 95477, 138886, 116558, 138749, 85132, 41768, 33186, 52516, 134175, 89540, 42901, 94641, 20948, 31841, 9150, 113317, 6202, 6432, 2640, 8635, 99330, 89629, 89801, 5178, 7001, 136744, 99690, 5548, 6916, 6995, 7466, 8146, 8283, 10086, 10164, 10171, 10781, 16271, 16508, 17244, 17265, 17891, 19828, 20359, 20416, 32501, 32522, 32551, 32642, 42717, 42907, 53240, 54165, 54169, 57703, 57909, 57923, 59712, 59731, 59813, 59891, 74899, 80659, 80693, 80762, 80932, 80983, 81625, 81626, 81789, 82080, 83047, 83630, 83661, 85120, 89144, 89655, 89817, 90079, 94196, 94624, 94646, 95509, 95558, 99334, 100158, 103483, 103506, 103510, 103541, 103552, 103572, 103581, 103584, 103610, 103628, 103648, 106945, 106968, 109046, 110493, 110525, 110527, 110528, 110576, 110917, 110932, 113254, 116545, 116557, 116580, 116583, 119076, 119081, 119444, 119533, 120387, 126669, 126786, 126932, 127018, 127025, 127298, 127303, 127347, 127822, 128414, 130450, 130455, 130648, 134161, 134214, 136667, 136727, 136877, 136900, 136902, 138722, 138725, 138727, 138743, 138919, 140335], "label": "couch"}, {"objectId": 8, "id": 8, "partId": 8, "index": 10, "dominantNormal": [-0.17283602058887482, -0.984950602054596, -2.1870296730388449e-16], "obb": {"axesLengths": [8.674264465343388, 3.339999839514496, 0.9718707190211149], "centroid": [3.5320687560929427, 6.117072228344021, 0.2599999976903198], "normalizedAxes": [0.984950602054596, -0.172836035490036, -3.8377309217193736e-17, 0, -2.220446049250313e-16, 1, -0.172836035490036, -0.984950602054596, -2.1870296730388449e-16]}, "segments": [141967, 69549, 12005, 17613, 51296, 17627, 105277, 35333, 91556, 40297, 37, 69, 92, 126, 135, 148, 180, 201, 220, 289, 290, 291, 303, 341, 427, 873, 877, 887, 900, 918, 935, 947, 953, 971, 972, 979, 982, 1000, 1014, 1016, 1017, 1025, 1034, 1047, 1063, 1068, 1069, 1073, 1102, 1105, 1107, 1113, 1117, 1128, 1143, 1160, 1185, 1219, 1789, 1791, 2060, 3494, 3504, 4150, 4161, 4172, 4186, 4209, 4212, 4220, 4238, 4242, 4263, 4268, 4297, 4311, 4355, 4358, 4529, 4543, 4561, 4570, 4574, 4581, 4596, 4598, 4601, 4603, 4627, 4634, 4656, 4661, 4708, 4884, 4974, 5062, 5122, 5140, 5175, 5208, 5210, 5259, 5260, 5262, 5265, 5270, 5324, 5339, 5363, 5372, 5379, 5391, 5401, 5402, 5404, 5432, 5708, 5719, 5732, 5779, 5793, 5841, 5871, 5894, 6030, 6083, 6089, 6095, 6101, 6105, 6109, 6118, 6135, 6140, 6158, 6197, 6215, 6245, 6275, 6587, 6614, 6628, 6634, 6641, 6643, 6649, 6660, 6673, 6677, 6680, 6720, 6721, 7295, 7714, 7733, 8986, 8989, 9007, 9013, 9033, 9036, 9047, 9051, 9064, 9237, 9242, 9490, 9878, 11239, 11501, 11528, 11533, 11540, 11551, 11556, 11596, 11689, 11718, 11739, 11745, 11761, 11895, 11966, 12062, 12146, 12166, 12187, 12402, 12478, 12706, 12714, 12719, 12727, 12731, 12734, 12744, 12747, 12755, 12760, 12763, 12765, 12774, 12786, 12813, 12816, 12837, 12848, 12901, 12906, 12913, 12928, 12940, 12942, 13025, 13696, 13709, 13724, 13830, 14462, 14485, 14831, 14836, 14837, 15233, 15249, 16081, 16083, 18781, 19373, 19393, 19414, 19419, 19421, 19426, 19451, 19752, 19754, 19769, 19787, 19795, 19804, 19809, 19810, 19814, 19816, 19832, 19839, 20090, 21992, 22310, 22318, 22343, 22347, 22356, 22400, 22403, 22413, 22438, 22874, 22934, 23436, 23469, 24629, 25106, 25679, 26369, 26607, 26632, 27074, 27100, 27146, 27168, 27218, 28722, 28784, 28791, 28841, 28843, 28877, 28886, 29063, 29066, 29074, 29089, 29098, 29132, 29138, 29140, 29194, 29231, 29254, 29255, 29260, 29374, 29377, 30192, 30226, 30229, 30232, 30305, 30309, 30310, 30312, 30798, 30802, 30836, 30860, 30868, 30882, 30884, 30898, 30902, 30915, 30935, 30999, 31001, 31017, 31035, 31065, 31067, 31086, 31106, 31113, 31117, 31118, 31121, 31160, 31197, 31198, 31217, 31286, 31294, 31308, 31321, 31326, 31328, 31346, 31350, 31365, 31367, 31368, 31381, 31404, 31407, 31408, 31410, 31447, 31461, 31471, 31481, 31512, 31526, 31547, 31549, 31560, 31568, 31590, 31600, 31621, 32003, 32040, 32055, 32072, 32124, 32134, 32135, 32142, 32181, 32204, 32210, 32240, 32245, 32255, 32258, 32260, 32294, 32321, 32349, 32393, 32396, 32398, 32399, 32401, 32410, 32411, 32423, 32454, 32455, 32461, 32463, 32465, 32472, 32511, 32544, 32549, 32572, 32577, 34820, 34825, 34841, 34862, 34880, 34881, 34905, 34907, 34918, 34926, 34943, 34969, 34983, 34997, 35000, 35013, 35026, 35043, 35180, 35197, 35248, 35295, 35314, 35329, 35636, 35641, 35646, 35656, 35676, 35686, 35697, 35703, 35710, 35722, 35728, 35732, 35738, 35752, 35754, 35784, 35785, 35807, 35833, 35849, 35855, 35871, 35884, 35886, 35913, 35918, 35952, 35954, 35981, 35983, 36007, 36163, 36285, 36906, 36926, 38153, 38156, 38228, 38236, 38248, 38295, 38298, 38300, 38504, 38525, 38562, 38793, 38870, 38896, 39090, 39092, 39139, 39155, 39156, 39169, 39184, 40150, 40270, 40442, 40444, 40449, 40465, 40467, 40478, 40480, 40506, 40508, 40982, 41032, 41074, 41165, 41170, 41177, 41187, 41218, 41244, 42086, 42141, 42279, 42283, 42302, 42303, 42840, 43029, 44821, 45390, 45403, 45406, 45419, 45421, 45422, 45433, 45627, 45686, 45693, 45694, 45696, 45726, 45749, 45789, 45861, 46182, 46211, 46227, 46236, 46280, 46292, 46301, 46320, 46360, 46362, 46374, 46384, 46385, 46486, 46501, 46503, 46504, 46508, 46540, 46567, 46610, 46635, 46649, 47091, 47112, 47115, 47177, 47213, 47254, 47267, 47297, 47331, 47332, 47382, 47404, 47405, 47439, 47448, 47452, 47464, 47466, 47473, 47475, 47477, 47491, 47498, 47537, 47551, 49938, 49957, 50002, 50013, 51711, 51751, 52645, 52647, 52721, 52769, 53620, 56008, 56021, 56041, 56092, 56096, 56099, 56101, 56111, 56133, 57340, 57389, 57392, 57709, 57720, 57731, 57760, 57780, 57781, 57813, 57834, 57836, 59162, 63976, 63991, 64026, 64046, 64049, 64072, 64083, 64099, 64954, 65528, 65649, 66061, 66070, 66082, 66190, 66213, 66223, 66268, 67006, 68630, 68671, 68722, 68810, 68893, 68897, 70378, 70985, 71005, 72194, 72455, 73421, 73450, 73472, 73896, 73942, 73960, 73985, 74046, 74080, 74123, 74134, 74140, 74153, 74157, 74206, 74207, 75412, 75933, 75977, 75988, 76440, 76526, 76543, 77096, 77320, 77326, 77386, 77447, 77563, 77905, 77950, 77964, 78021, 79760, 80102, 80249, 82279, 82704, 83246, 83247, 83258, 83276, 83654, 83679, 83716, 83724, 83930, 84376, 84442, 84489, 84492, 84507, 84511, 84512, 84570, 84590, 84611, 84632, 84642, 84648, 84700, 84761, 84769, 84847, 84857, 84866, 86191, 90860, 90862, 90875, 90884, 90892, 90922, 90990, 91002, 91333, 91335, 91789, 91794, 91864, 91986, 91994, 92135, 92136, 92233, 94659, 94973, 94984, 94985, 94996, 94997, 95007, 95067, 95076, 95085, 95088, 95233, 96500, 97893, 97988, 98015, 98054, 98066, 98084, 98098, 98100, 98105, 98107, 98120, 98123, 98135, 98167, 98172, 98205, 98209, 98215, 98300, 100410, 100474, 100480, 100484, 100570, 100700, 100750, 100956, 102124, 102139, 102465, 102598, 103384, 103406, 103515, 104379, 104382, 104398, 104401, 104402, 104415, 104445, 104452, 104460, 104461, 104463, 104466, 104480, 104529, 104536, 104548, 104744, 105381, 106025, 106431, 106542, 107376, 107393, 107490, 107497, 107510, 107553, 107555, 107557, 107586, 107600, 108800, 108802, 108805, 108838, 108840, 108924, 108926, 108931, 108933, 108953, 108961, 108964, 108967, 108994, 108997, 108998, 109008, 109035, 109501, 109505, 109525, 109551, 109557, 109559, 109562, 109566, 109574, 109595, 109609, 109613, 109615, 109618, 109681, 109685, 109687, 109689, 109696, 109705, 109709, 109712, 109718, 109728, 109742, 109762, 109823, 109838, 109879, 109884, 109886, 109889, 109892, 109898, 109903, 109989, 109997, 110019, 110276, 110413, 110414, 110426, 110443, 110446, 110744, 110749, 110817, 110851, 110863, 110876, 110879, 110895, 110897, 111244, 112135, 112142, 112146, 112150, 112185, 112191, 112196, 112207, 112213, 112218, 112256, 112565, 112873, 112939, 113093, 113107, 113643, 113650, 113661, 113667, 113670, 113675, 113679, 113682, 113687, 113690, 113692, 113696, 113701, 113844, 113847, 113850, 113905, 113906, 113909, 113912, 113914, 113916, 113919, 113928, 113931, 113933, 113950, 113953, 113955, 113961, 113964, 113970, 113987, 113992, 114000, 114005, 114037, 114045, 114056, 114070, 114078, 114153, 114155, 114160, 114167, 114176, 114181, 114183, 114185, 114193, 114196, 114214, 114220, 114246, 114248, 114679, 114682, 114686, 114699, 114701, 114719, 114743, 114778, 114874, 115058, 115060, 115065, 115069, 115078, 115084, 115088, 115100, 115102, 115109, 115118, 115138, 115167, 115175, 115177, 115181, 115183, 115204, 115445, 115471, 115494, 115502, 115513, 115520, 115529, 115536, 115548, 115624, 115627, 115633, 115645, 115687, 115711, 116183, 116253, 116852, 116856, 116858, 116862, 116889, 116894, 116896, 116908, 116939, 117189, 117195, 117201, 117242, 117246, 117252, 117253, 117300, 117306, 117329, 117422, 117424, 117438, 117441, 117449, 119483, 119690, 119691, 121462, 122082, 122134, 122140, 122150, 122923, 122925, 122954, 123052, 123053, 123083, 123094, 123104, 124338, 124720, 125463, 125751, 125795, 125798, 125812, 127291, 127541, 127746, 127748, 127749, 127979, 127983, 127986, 127987, 127991, 128028, 128029, 128032, 128040, 128043, 128047, 128053, 128115, 128165, 128176, 128183, 128197, 128206, 128223, 128233, 128237, 128244, 128684, 129293, 133345, 133684, 133953, 133956, 135992, 136003, 137508, 137528, 137529, 138550, 138557, 138559, 138572, 138701, 138712, 138717, 139233, 139238, 139299, 139314, 139739, 139742, 140232, 140565, 140568, 140569, 140572, 140574, 140801, 141260, 141306, 141407, 142546, 142551, 142876, 142897, 142902, 142920, 144784, 11263, 11417, 28744, 32284, 35217, 68686, 68772, 95271, 113957, 114260, 114910, 122918, 122938, 123058, 69183, 38696, 38811, 101055, 93392, 50026, 139938, 87535, 43239, 116607, 43723, 42991, 42194, 139278, 104699, 81080, 81034, 116620, 40189, 7110, 53662, 100604, 131174, 123005, 122986, 123060, 73166, 125484, 114873, 114228, 57, 40974, 68885, 11179, 113294, 26591, 26514, 26582, 29407, 29250, 29306, 27255, 28287, 64598, 46671], "label": "wall"}, {"objectId": 9, "id": 9, "partId": 9, "index": 11, "dominantNormal": [-0.14620186388492584, -0.9892547726631165, -2.1965868516618336e-16], "obb": {"axesLengths": [1.6862655496334389, 1.02298999526374, 0.972791974503572], "centroid": [2.211787242553021, 6.234603498719038, -0.8414949903303015], "normalizedAxes": [0.9892547726631165, -0.14620186388492584, -3.246333510563156e-17, 0, -2.220446049250313e-16, 1, -0.14620186388492584, -0.9892547726631165, -2.1965868516618336e-16]}, "segments": [66862, 14527, 71827, 33804, 20029, 14893, 111091, 12965, 14427, 14885, 14913, 19119, 19155, 19174, 19187, 19197, 19211, 19222, 19231, 19249, 19332, 19339, 19371, 19647, 19654, 20041, 20055, 20063, 20376, 21214, 21972, 21981, 22002, 22007, 22011, 22570, 22669, 22701, 30662, 30714, 31576, 33778, 33781, 52978, 52984, 53011, 53018, 54067, 54078, 54103, 54104, 54482, 55365, 56393, 56510, 56517, 57966, 58887, 61932, 61940, 61952, 61956, 61971, 61976, 61979, 66269, 67103, 67138, 71849, 72123, 72143, 72144, 72185, 72211, 72214, 77513, 77556, 77606, 77619, 77640, 77658, 77663, 77667, 77668, 97451, 112118, 112124, 112726, 112728, 112752, 112756, 112834, 113872, 113882, 114579, 114582, 114588, 114591, 115052, 119043, 119047, 119053, 119378, 119611, 119615, 119624, 119684, 119737, 120970, 120972, 120975, 122490, 123193, 123985, 124054, 124059, 124064, 124068, 124186, 124214, 124217, 124222, 125794, 125804, 125847, 125849, 135174, 135224, 141231, 33616, 33735, 125789, 33600, 114564, 56513, 67154, 54495], "label": "couch"}, {"objectId": 10, "id": 10, "partId": 10, "index": 12, "dominantNormal": [-0.16896207630634308, -0.9856225252151489, -2.1885216421660945e-16], "obb": {"axesLengths": [1.3864405634179364, 0.867863933715285, 0.46759398238010863], "centroid": [2.640619607237071, 3.1928152077767513, -0.9388479548205148], "normalizedAxes": [0.9856225252151489, -0.16896209120750427, -3.751712078947739e-17, 0, -2.220446049250313e-16, 1, -0.16896209120750427, -0.9856225252151489, -2.1885216421660945e-16]}, "segments": [57048, 58268, 56619, 58274, 82767, 52925, 53192, 53202, 57598, 60927, 63924, 119682, 119862, 119863, 120715, 120719, 101150, 101175, 69466, 123467, 71513, 71595, 123473, 123866, 137469, 101146, 96937, 70213, 123471, 71736, 123932, 13997, 57649, 72752, 53198, 53205, 53207, 53270, 56224, 56229, 56236, 56250, 56251, 56264, 56269, 56285, 56303, 56314, 60956, 71024, 71061, 71107, 71115, 71156, 71188, 71196, 71197, 71210, 71212, 71241, 71263, 71265, 71266, 71269, 71297, 71324, 71334, 71363, 71532, 71557, 71637, 71661, 72835, 118895, 120712, 123775, 123778, 123783, 123787, 123824, 122515], "label": "table"}, {"objectId": 11, "id": 11, "partId": 11, "index": 13, "dominantNormal": [0, -2.220446049250313e-16, 1], "obb": {"axesLengths": [0.7295939716913398, 0.5026699192225204, 0.7141182394344033], "centroid": [4.630240999757348, 2.5153125317565097, -1.1013349514156217], "normalizedAxes": [0.9035003185272217, 0.4285873770713806, 9.516551481767013e-17, 0, -2.220446049250313e-16, 1, 0.4285873770713806, -0.9035003185272217, -2.0061737127701688e-16]}, "segments": [118289, 118229, 53868, 33757, 33787, 34739, 38533, 38535, 38548, 38577, 38595, 38611, 38662, 50672, 50743, 50799, 50823, 50954, 52744, 52778, 52780, 52798, 54743, 113613, 114526, 117457, 117570, 118218, 118252, 118261, 118597, 118835, 37281, 38409, 38418, 38421, 38427, 38461, 38501, 50659, 51300, 51318, 51887, 54218, 114460, 114463, 114483, 117531, 117843, 117889, 54015, 39684, 39792], "label": "table"}, {"objectId": 12, "id": 12, "partId": 12, "index": 14, "dominantNormal": [-0.5861796140670776, -0.8101811408996582, -1.7989635134877573e-16], "obb": {"axesLengths": [0.6776908893603879, 0.7473879289465857, 0.6708623358089681], "centroid": [5.099322035410935, 4.69654008212671, -0.7429259421022398], "normalizedAxes": [0.8101811408996582, -0.5861796140670776, -1.3015802082063158e-16, 0, -2.220446049250313e-16, 1, -0.5861796140670776, -0.8101811408996582, -1.7989635134877573e-16]}, "segments": [44564, 134273, 62057, 15974, 44573, 44581, 73632, 102079, 116742, 116745, 116752, 134953, 93929, 104595, 16306, 15981], "label": "chair"}, {"objectId": 13, "id": 13, "partId": 13, "index": 15, "dominantNormal": [0, -2.220446049250313e-16, 1], "obb": {"axesLengths": [1.7933155863400692, 0.366333983100936, 0.9231225274499786], "centroid": [5.949625629098945, 5.110573405752425, -0.6063959779650873], "normalizedAxes": [0.1239890307188034, 0.9922835826873779, 2.2033121609141347e-16, 0, -2.220446049250313e-16, 1, 0.9922835826873779, -0.1239890307188034, -2.7531095340994273e-17]}, "segments": [78161, 67298, 126026, 68475, 68649, 68716, 125943, 113007, 8766, 109674, 8729, 8789, 9675, 17447, 120618, 8752, 8782, 8813, 9597, 9698, 9710, 9941, 9963, 10812, 10836, 10846, 25160, 25178, 25353, 63161, 65479, 68503, 68575, 68690, 68707, 109435, 110393, 110397, 110510, 120581, 122973, 125988, 125991, 120863, 68889, 121292, 121350, 65439, 120282, 9937, 25429, 122509], "label": "table"}, {"objectId": 14, "id": 14, "partId": 14, "index": 16, "dominantNormal": [-0.6186316609382629, 0.7856811285018921, 1.7445625577525538e-16], "obb": {"axesLengths": [0.6970608285945605, 0.7524309884213433, 0.7100303053833469], "centroid": [5.3735820568591555, 5.54675167997783, -0.7434444875990341], "normalizedAxes": [-0.6186316609382629, 0.7856811881065369, 1.7445626901014519e-16, 0, -2.220446049250313e-16, 1, 0.7856811881065369, 0.6186316609382629, 1.3736382274715252e-16]}, "segments": [28436, 28308, 45327, 28336, 45916, 11422, 23157, 28521, 110690, 110691, 28289, 28376, 10405, 116841, 11107], "label": "chair"}, {"objectId": 15, "id": 15, "partId": 15, "index": 17, "dominantNormal": [-0.1831742376089096, -0.9830804467201233, -2.1828770940149307e-16], "obb": {"axesLengths": [1.4127544472298394, 2.143021952889368, 0.37301128983041637], "centroid": [4.5290821637828955, 6.041578001490679, -0.2984889846632859], "normalizedAxes": [0.9830804467201233, -0.1831742376089096, -4.0672851222314145e-17, 0, -2.220446049250313e-16, 1, -0.1831742376089096, -0.9830804467201233, -2.1828770940149307e-16]}, "segments": [140247, 100037, 103051, 24000, 125519, 128386, 125628, 59127, 53079, 53070, 119409, 74912, 129256, 12617, 125088, 86137, 47968, 145415, 106105, 76870, 111939, 18619, 75742, 76615, 4865, 4876, 4878, 5035, 5065, 8660, 8668, 8681, 12398, 12549, 12551, 18595, 18598, 18616, 18644, 18655, 18663, 18787, 18816, 18835, 18923, 18932, 18940, 18965, 18967, 19015, 22905, 24565, 24897, 26246, 47969, 56376, 59075, 59107, 68318, 68319, 74327, 74340, 74350, 75208, 75248, 75311, 75672, 75691, 75899, 76045, 76094, 76312, 76345, 76500, 76532, 76555, 76610, 76636, 76641, 76960, 76983, 77033, 77059, 77137, 84652, 84883, 84951, 95283, 95321, 95334, 95349, 95419, 97915, 97919, 97958, 97970, 103048, 103090, 103100, 104012, 105998, 106028, 106554, 107336, 109676, 110380, 110387, 110848, 111951, 112026, 112080, 112095, 112100, 118862, 124798, 124986, 125114, 125135, 125161, 125189, 125256, 125302, 125349, 125366, 125379, 125392, 125404, 125428, 125737, 125930, 128614, 128633, 128636, 128647, 128676, 128695, 129284, 129346, 132928, 133323, 133542, 134030, 134057, 134083, 135884, 136979, 136980, 138383, 138470, 138501, 140266, 140481, 145352, 145436, 145442, 135913, 111989, 5003, 11430, 19726, 27191, 75299, 102476, 105813, 141168, 142441], "label": "shelf"}, {"objectId": 16, "id": 16, "partId": 16, "index": 18, "dominantNormal": [0, -2.220446049250313e-16, 1], "obb": {"axesLengths": [0.44115534975859905, 0.2736940024712531, 0.3534536567097746], "centroid": [5.866701566271823, 4.928527330329262, 0.5224210186506575], "normalizedAxes": [0.2611413896083832, 0.9653005599975586, 2.1433978147856938e-16, 0, -2.220446049250313e-16, 1, 0.9653005599975586, -0.2611413896083832, -5.798503668516712e-17]}, "segments": [29968, 112558, 28424, 28535, 112793, 112561, 112568, 30301, 112733, 30379], "label": "lamp"}, {"objectId": 17, "id": 17, "partId": 17, "index": 19, "dominantNormal": [0, -2.220446049250313e-16, 1], "obb": {"axesLengths": [0.9742529673842409, 0.6921830022592169, 1.0695976498308122], "centroid": [3.664628789510752, 5.568478823220387, -1.0239084599783617], "normalizedAxes": [0.9983856678009033, -0.05679791793227196, -1.2611671247835678e-17, 0, -2.220446049250313e-16, 1, -0.05679791793227196, -0.9983856678009033, -2.2168615116966513e-16]}, "segments": [100821, 100808, 105742, 100218, 19670, 140544, 105455, 65757, 65081, 101959, 140438, 19687, 19710, 61432, 61460, 65083, 65719, 65749, 69799, 69848, 69894, 69899, 69948, 70864, 70865, 70876, 73261, 100849, 100857, 100869, 101375, 101444, 101491, 101519, 105026, 105065, 105087, 105122, 105146, 105355, 105371, 121815, 121930, 123444, 123450, 123755, 137367, 137375, 137633, 137636, 137640, 137643, 137665, 137668, 137672, 137675, 139685, 140389, 140406, 140412, 140417, 140448, 140468, 140474, 100492, 105432, 61463, 104990, 140208, 101475, 101512, 100936, 137679, 137409, 100803, 18443, 105148, 18439, 18450, 18456, 18495, 72063, 99892, 99898, 99930, 99941, 99942, 99956, 99959, 99967, 99996, 100240, 100261, 100269, 100916, 100938, 100980, 101002, 101009, 101645, 101712, 101736, 101757, 105061, 105175, 106711, 106714, 106812, 106842, 107030, 107055, 107078, 107143, 107212, 111918, 136924, 136927, 136948, 137379, 137380, 137394, 137399, 137408, 137411, 137420, 137422, 137427, 137429, 137431, 137434, 137441, 137449, 137724, 137732, 137736, 137738, 140220, 140313, 140321, 140378, 140385, 140466, 140470, 142998], "label": "chair"}, {"objectId": 18, "id": 18, "partId": 18, "index": 20, "dominantNormal": [0, -2.220446049250313e-16, 1], "obb": {"axesLengths": [1.214823933948328, 0.5493000026948747, 0.6727861562678162], "centroid": [1.9438120209713987, 5.117414958823091, -1.104649953067676], "normalizedAxes": [0.977597177028656, -0.210484579205513, -4.6736965232499594e-17, 0, -2.220446049250313e-16, 1, -0.210484579205513, -0.977597177028656, -2.1707017894915381e-16]}, "segments": [122865, 30107, 56958, 124481, 113836, 29821, 33837, 51437, 51442, 51473, 68558, 74700, 118501, 118504, 118516, 50261, 68185, 21696, 21699, 50269, 50325, 51466, 118529, 122818, 124487, 122837, 51517, 74909, 65048, 21464], "label": "table"}, {"objectId": 19, "id": 19, "partId": 19, "index": 21, "dominantNormal": [-0.18526071310043335, -0.982689380645752, -2.182008752895097e-16], "obb": {"axesLengths": [2.077686472802983, 0.9599999868869781, 0.12661592115697334], "centroid": [2.7902807245199, 3.508509413736565, 0.21000000178813893], "normalizedAxes": [0.982689380645752, -0.18526071310043335, -4.1136141848515295e-17, 0, -2.220446049250313e-16, 1, -0.18526071310043335, -0.982689380645752, -2.182008752895097e-16]}, "segments": [48057, 15007, 117755, 19927, 20001, 47679, 47767, 20466, 30737, 30572, 35523, 47837], "label": "mirror"}, {"objectId": 20, "id": 20, "partId": 20, "index": 22, "dominantNormal": [-0.23949836194515228, -0.9708967804908752, -2.1558239204708124e-16], "obb": {"axesLengths": [1.8262192051863848, 2.1037998921319856, 0.8135815461742195], "centroid": [7.118480418664179, 5.418120634167609, -0.021899984660000316], "normalizedAxes": [0.9708967804908752, -0.2394983470439911, -5.317931584958104e-17, 0, -2.220446049250313e-16, 1, -0.2394983470439911, -0.9708967804908752, -2.1558239204708124e-16]}, "segments": [122810, 24947, 24944, 43850, 66701, 34681, 25499, 87017, 122444, 64819, 66005, 67021, 41656, 67043, 122446, 122394, 121880, 103976, 110328, 126077, 24601, 122366, 24749, 92439, 124895, 90370, 118116, 56348, 74352, 139123, 103773, 18291, 122492, 2248, 10184, 10521, 10522, 10558, 10570, 10575, 10584, 10637, 10657, 13966, 14237, 14243, 15023, 15934, 16066, 17844, 17988, 18022, 18188, 18516, 18558, 18672, 18683, 18724, 19319, 23967, 24060, 24098, 24114, 24138, 24271, 24320, 24344, 24392, 24649, 24695, 24740, 24993, 25865, 25926, 25929, 25978, 25980, 27736, 31025, 31071, 31124, 34678, 34679, 41356, 41392, 41400, 41421, 41428, 41441, 41475, 41495, 41543, 41560, 41598, 46689, 46842, 46854, 49139, 49219, 49228, 49248, 49259, 49272, 49458, 49604, 55745, 56138, 58577, 64873, 65646, 65742, 65745, 65769, 65793, 65869, 65876, 65955, 65979, 65999, 66014, 66035, 66049, 66143, 66168, 66172, 66174, 66176, 66248, 66361, 66430, 66488, 66490, 66843, 67037, 67051, 67105, 67222, 67583, 67828, 67830, 67843, 67849, 67906, 67915, 68847, 70705, 70811, 72720, 72732, 74256, 74305, 75590, 75592, 75598, 75635, 75662, 75683, 86146, 86466, 86750, 86807, 86840, 86970, 87001, 87472, 87751, 87882, 87890, 87893, 88260, 88320, 88335, 88341, 88343, 88348, 88350, 88377, 88382, 88498, 88549, 88555, 88563, 88577, 88594, 88648, 88715, 88766, 88783, 88873, 89026, 89236, 89240, 89592, 90365, 91289, 91383, 91386, 91464, 91516, 91565, 91616, 91659, 91684, 103727, 103788, 103854, 103920, 103932, 104020, 104197, 104246, 104341, 108598, 108601, 108640, 108647, 108676, 108707, 108713, 108796, 110234, 110376, 110448, 110483, 111744, 111747, 111760, 111790, 112103, 112108, 113189, 113201, 113204, 113611, 116270, 116291, 116294, 116339, 116345, 116367, 116370, 117030, 117126, 118066, 118105, 118127, 121691, 121924, 121938, 121947, 122063, 122094, 122152, 122311, 122313, 122319, 122530, 122710, 122718, 122719, 124567, 124584, 124598, 125072, 125075, 125184, 125200, 125880, 125884, 125887, 125928, 126044, 126051, 126060, 126075, 126122, 126138, 130374, 130564, 130599, 130607, 130627, 130674, 138938, 138947, 139086, 139221, 140608, 140902], "label": "shelf"}, {"objectId": 21, "id": 21, "partId": 21, "index": 23, "dominantNormal": [0, -2.220446049250313e-16, 1], "obb": {"axesLengths": [1.6093492493907589, 0.32985996462717687, 0.5405574623637015], "centroid": [6.6055087464789874, 5.069763623885926, -1.0349299545974295], "normalizedAxes": [0.205649733543396, 0.9786256551742554, 2.1729854697266745e-16, 0, -2.220446049250313e-16, 1, 0.9786256551742554, -0.205649733543396, -4.566341383758132e-17]}, "segments": [88912, 55190, 12851, 93704, 120788, 85192, 93762, 54304, 101379], "label": "bench"}, {"objectId": 22, "id": 22, "partId": 22, "index": 24, "dominantNormal": [-0.6972486972808838, -0.7168292999267578, -1.5916807870092371e-16], "obb": {"axesLengths": [0.5710010028936223, 0.754977984242633, 0.5302674667952444], "centroid": [7.422119322358256, 4.755730132725088, -0.9925109689866535], "normalizedAxes": [0.7168292999267578, -0.6972486972808838, -1.548203115222266e-16, 0, -2.220446049250313e-16, 1, -0.6972486972808838, -0.7168292999267578, -1.5916807870092371e-16]}, "segments": [55017, 55050, 119344, 119337, 31744, 55047, 134986, 96701, 104925, 135013, 105785, 50719, 55048, 64778, 65149, 65176, 80902, 82060, 92673, 105842, 119341, 120930, 120944, 134962, 58657, 58660, 58649], "label": "stuffed animal"}, {"objectId": 35, "id": 35, "partId": 35, "index": 25, "dominantNormal": [0.9805374145507812, -0.19633236527442932, -4.3594542481357595e-17], "obb": {"axesLengths": [2.5000224538944926, 1.979999974817037, 0.24657155779049442], "centroid": [-0.8432081775094709, 1.6522079349173335, -0.3799999736994515], "normalizedAxes": [0.19633236527442932, 0.9805374145507812, 2.1772304282813987e-16, 0, -2.220446049250313e-16, 1, 0.9805374145507812, -0.19633236527442932, -4.3594542481357595e-17]}, "segments": [40008, 8850, 132755, 132778, 6749, 33290, 1630, 38989, 33321, 138102, 24972, 24887, 24808, 113223, 113214, 24883, 24973, 24925, 37863, 37790, 40059, 102228, 137934, 53414, 53475, 126071, 118947, 136376, 26977, 115975, 2136, 6787], "label": "wall"}, {"objectId": 36, "id": 36, "partId": 36, "index": 26, "dominantNormal": [0.9748572111129761, -0.22283048927783966, -4.947830795694933e-17], "obb": {"axesLengths": [1.5253465844111238, 0.7829790834416647, 0.2413694941606738], "centroid": [-0.785746201449113, 1.7203986563904845, 0.29851045351079497], "normalizedAxes": [0.22283048927783966, 0.9748572111129761, 2.1646178429989861e-16, 0, -2.220446049250313e-16, 1, 0.9748572111129761, -0.22283048927783966, -4.947830795694933e-17]}, "segments": [67119, 33429, 31975, 108442, 32557, 33785, 37645, 108477, 108327, 31963, 54662, 108415, 68159, 119098, 33884, 54255, 54988, 65266, 108000, 54241, 54998, 50999, 51226, 51746, 54953, 54967, 50947, 9663, 33124, 33788, 50946, 54242, 55007, 65713, 69573, 69576, 119977, 52530, 52420, 52477, 52761, 54937, 58523, 58395, 58422, 69532, 69598, 69624, 69644, 69646, 92942, 92950, 123296, 123363, 123376, 69563, 58517, 119919, 53154, 119867, 3482, 122681, 67779, 70214, 70227, 70293, 3001, 3011, 3329, 4082, 4084, 4088, 4142, 4280, 4306, 4356, 4364, 5748, 53325, 53500, 53578, 58345, 70215, 70228, 70280, 70310, 75533, 75549, 108740, 108747, 108754, 108759, 108786, 118993, 119915, 122688, 122698, 123497, 123527, 123546, 123553, 123555, 53506, 53561, 53499, 54230, 54949, 54222, 53382, 132617, 32556], "label": "shelf"}, {"objectId": 38, "id": 38, "partId": 38, "index": 27, "dominantNormal": [-0.17549076676368713, -0.9844810962677002, -2.185987160769232e-16], "obb": {"axesLengths": [5.230995213373111, 0.9600000166892991, 0.24315656886021075], "centroid": [1.8147542751062775, 6.8149037687447205, 2.4699999864399427], "normalizedAxes": [0.9844810962677002, -0.17549076676368713, -3.8966777974033725e-17, 0, -2.220446049250313e-16, 1, -0.17549076676368713, -0.9844810962677002, -2.185987160769232e-16]}, "segments": [51076, 51098, 79373, 79534, 79566, 81909, 83363, 83372, 83412, 118453, 127249, 127250, 127668, 127678, 139516, 139518, 139547, 34103, 83393, 17457, 17461, 17463, 27913, 27966, 111549, 8895, 8927, 8944, 8949, 9140, 9149, 9206, 9314, 9339, 9370, 9378, 9388, 9607, 34164, 79107, 100513, 110404, 110453, 110459, 110461, 110463, 111481, 111484, 120456, 121203, 12010, 39618, 41351, 65707, 65708, 67889, 67921, 67941, 67954, 67969, 68008, 70461, 110752, 110753, 116522, 116524, 122722, 122726, 123621, 24136, 24143, 24220, 11607, 20960, 9747, 12036, 42813, 42837, 79119, 87479], "label": "wall"}, {"objectId": 40, "id": 40, "partId": 40, "index": 28, "dominantNormal": [0, -2.220446049250313e-16, 1], "obb": {"axesLengths": [8.67390791249711, 1.9912900479594597, 4.989719003794592], "centroid": [2.478524424427631, 5.163949521734908, 2.0456449658652014], "normalizedAxes": [0.9948186278343201, 0.1016656681895256, 2.2574313127582536e-17, 0, -2.220446049250313e-16, 1, 0.1016656681895256, -0.9948186278343201, -2.2089410918953335e-16]}, "segments": [96296, 28568, 99245, 55587, 55646, 62808, 34226, 34357, 34419, 33