{"segGroups": [{"objectId": 1, "id": 1, "partId": 1, "index": 0, "dominantNormal": [0.8252685070037842, 0.5647405982017517, 1.253976030128338e-16], "obb": {"axesLengths": [4.12848201422862, 3.7448997852601127, 0.19874929283309714], "centroid": [-4.181608237875606, -2.63806637445442, 0.488099968326837], "normalizedAxes": [-0.5647405982017517, 0.8252685070037842, 1.832464195947257e-16, 0, -2.220446049250313e-16, 1, 0.8252685070037842, 0.5647405982017517, 1.253976030128338e-16]}, "segments": [30326, 46548, 70766, 849, 3080, 34, 140, 4674, 4710, 4738, 4776, 4784, 4787, 4792, 4908, 4915, 4955, 4957, 7467, 15630, 20222, 38950, 46407, 47318, 49528, 49967, 52699, 54562, 57408, 57535, 63981, 72916, 73070, 80250, 1274, 72409, 23206, 20221, 38024, 39055, 77682, 32600, 15566], "label": "wall"}, {"objectId": 2, "id": 2, "partId": 2, "index": 1, "dominantNormal": [0, -2.220446049250313e-16, 1], "obb": {"axesLengths": [8.812738660703484, 0.599999950826169, 6.7539116217873465], "centroid": [-0.32263829692095214, -0.7738926757475006, -1.2499999552965173], "normalizedAxes": [0.7000890970230103, 0.7140554785728455, 1.5855216663426163e-16, 0, -2.220446049250313e-16, 1, 0.7140554785728455, -0.7000890970230103, -1.5545100696079622e-16]}, "segments": [15822, 15174, 17790, 20374, 20547, 21283, 35160, 35218, 35302, 35310, 35320, 35367, 35389, 37652, 37834, 37848, 38065, 43264, 43296, 47380, 47456, 47474, 68254, 74493, 78630, 78723, 78726, 78729, 78733, 78761, 86160, 86344, 87035, 17928, 20653, 75023, 21774, 29315, 2357, 2367, 2399, 2404, 4162, 4169, 4193, 4200, 4217, 4234, 4243, 4289, 4293, 10704, 10718, 11122, 11678, 11683, 12001, 12009, 12014, 12068, 12109, 12167, 12244, 12311, 12314, 12324, 12344, 12350, 12371, 12375, 12567, 12593, 12603, 12639, 12732, 12741, 12751, 12778, 12788, 12824, 12983, 12996, 13165, 13194, 13212, 13227, 13268, 13303, 13342, 13345, 13374, 13429, 13656, 13658, 13667, 13687, 13763, 14002, 14026, 14070, 14074, 14354, 14359, 14363, 14370, 14377, 14490, 14632, 14709, 14870, 16178, 16196, 16271, 16276, 16437, 16697, 16756, 16780, 17104, 17388, 17697, 18091, 18887, 18924, 18938, 19185, 19201, 19217, 19277, 19775, 19793, 19842, 19860, 19864, 19949, 21094, 21111, 21137, 21143, 21393, 21517, 21995, 22205, 23143, 23149, 23266, 23269, 23523, 23599, 24338, 25043, 25074, 25155, 25293, 25381, 25443, 25452, 25471, 25477, 25487, 25493, 25494, 25525, 25541, 25557, 25565, 28328, 29065, 29121, 29131, 29181, 29209, 30023, 30073, 30168, 30198, 30202, 30528, 30550, 30621, 30684, 30685, 30792, 30803, 30884, 30887, 31139, 32288, 32651, 32687, 32730, 32745, 32804, 33133, 33242, 33341, 33400, 33406, 33436, 33437, 34095, 34164, 34409, 35078, 37558, 38266, 38273, 38322, 38329, 38333, 38335, 38352, 38379, 38426, 38522, 38551, 38736, 39783, 39835, 41874, 41972, 41973, 42001, 42003, 42008, 42011, 42057, 42398, 42412, 42670, 42672, 42717, 42719, 42764, 42825, 42920, 42957, 42976, 42991, 43788, 43825, 43835, 43891, 43912, 43923, 44085, 44161, 45520, 46945, 46987, 46989, 47001, 47075, 47076, 47078, 47085, 47115, 47186, 47968, 48427, 48531, 48572, 48574, 48587, 48607, 48680, 48688, 49015, 49057, 49080, 49125, 49127, 49138, 49139, 49795, 50391, 51140, 51165, 51692, 51694, 51716, 51803, 51808, 51876, 51991, 52030, 52070, 52148, 52159, 52163, 52166, 52167, 52664, 52894, 53347, 53349, 53401, 53467, 53968, 54706, 54727, 54857, 54969, 54994, 55003, 55035, 55353, 55408, 55437, 55450, 55463, 55465, 55507, 55511, 55544, 55612, 55616, 58836, 60860, 61233, 61391, 61399, 61412, 61474, 61500, 61502, 61557, 61820, 62216, 62223, 62228, 62234, 62356, 62363, 62372, 62386, 62388, 62391, 62396, 62443, 62590, 62602, 62609, 62622, 62893, 63295, 63299, 63300, 64066, 64086, 64121, 64129, 64142, 64151, 64166, 64182, 64218, 64285, 64304, 64312, 64323, 64367, 64800, 65159, 65165, 65184, 65215, 65602, 65610, 65613, 65626, 67214, 67251, 67253, 67263, 67290, 67535, 67537, 68137, 68142, 68157, 68159, 68161, 68170, 68173, 68174, 68306, 69926, 70610, 70643, 72827, 73752, 73796, 73810, 73815, 73817, 73825, 73857, 73864, 73916, 73927, 73983, 73986, 74065, 74110, 74121, 74176, 74179, 74181, 74202, 74228, 74437, 74440, 74444, 74472, 74491, 74647, 74817, 75585, 75600, 75613, 75616, 76115, 76116, 76186, 76800, 76814, 76892, 76896, 76902, 76904, 76913, 76915, 76925, 77606, 77618, 77620, 77624, 77628, 78505, 78509, 78516, 78767, 78905, 79272, 79279, 79557, 79559, 79567, 79628, 79641, 79670, 80217, 80301, 80303, 80304, 80307, 80394, 80398, 81107, 82713, 82721, 82723, 82725, 82727, 82729, 82776, 83057, 83061, 83090, 83230, 83424, 83623, 83624, 83626, 83631, 83641, 83642, 83649, 83651, 83666, 83887, 84600, 84602, 84607, 84635, 84643, 85496, 86427, 87150, 88151, 89333, 89336, 51325, 28398, 76083, 50174, 28456, 12062, 12406, 12397, 2052, 11530, 11544, 11553, 11798, 11828, 11856, 11859, 11866, 11906, 11917, 11930, 12218, 12236, 12273, 12440, 12484, 12512, 12517, 12802, 12806, 12838, 12861, 13029, 13108, 13503, 13822, 14099, 14104, 14114, 14123, 14136, 14167, 14189, 14204, 14270, 14408, 14441, 14451, 14493, 14515, 14533, 17447, 17476, 17492, 17493, 17498, 17516, 17521, 17573, 17586, 17587, 17598, 17605, 20094, 20243, 20247, 20369, 20553, 20629, 21330, 24050, 24074, 24197, 24204, 24957, 24993, 25002, 25084, 25132, 25139, 25149, 25274, 25298, 25336, 25351, 25543, 25558, 25582, 25593, 25595, 25635, 25641, 26051, 26062, 28430, 28438, 30110, 30121, 30298, 30809, 30930, 30956, 31006, 31016, 32689, 32765, 32797, 32806, 32813, 32824, 32830, 32872, 32893, 32914, 32927, 33163, 33246, 33362, 33466, 33474, 33507, 33556, 33575, 33585, 33613, 33630, 33723, 33733, 33736, 34366, 34380, 34396, 34418, 34424, 34455, 34460, 35432, 35433, 35438, 35454, 36673, 36687, 36689, 36708, 36782, 36814, 36873, 36887, 36919, 37882, 37934, 39494, 39510, 39514, 39536, 39546, 39549, 39568, 39571, 39577, 39583, 39585, 40503, 40561, 41281, 41282, 41289, 41346, 42481, 43150, 43627, 43799, 43851, 43986, 44171, 45012, 45068, 45069, 45073, 45091, 45098, 45146, 45153, 45163, 45168, 45223, 45225, 45240, 45242, 45271, 45273, 45288, 45401, 45416, 45442, 45443, 46216, 46425, 47147, 47164, 47176, 47192, 47211, 47385, 47493, 47632, 47798, 48466, 48540, 48731, 48735, 48739, 48741, 48771, 48779, 48789, 48809, 48815, 49031, 49121, 49161, 49189, 49193, 49212, 49223, 49227, 49247, 49250, 49252, 49389, 49420, 49436, 49803, 49929, 50464, 51875, 51989, 52109, 52113, 52127, 52162, 52164, 52193, 52196, 52204, 52209, 52241, 52299, 52868, 52874, 52919, 52945, 52952, 52966, 52974, 52982, 52997, 53033, 53044, 53046, 53047, 53049, 53098, 53396, 53458, 53543, 53550, 53566, 53567, 53586, 53609, 53621, 53623, 53661, 53662, 53707, 53966, 54475, 54508, 54515, 54533, 54556, 54573, 54766, 54863, 55384, 55431, 55476, 55534, 55571, 55577, 55584, 55625, 55637, 55643, 55789, 55935, 55959, 55986, 55995, 56003, 56015, 56020, 56029, 56051, 58624, 58881, 58884, 60891, 61404, 61570, 61585, 61814, 61827, 62275, 62333, 62353, 62419, 62445, 62448, 62463, 62476, 65200, 67246, 70213, 70653, 70656, 70664, 70665, 72071, 72198, 72238, 72571, 72582, 72690, 72709, 73601, 73619, 73623, 73636, 73808, 73827, 73991, 74071, 74074, 74086, 74097, 74313, 74318, 74497, 74501, 74504, 75453, 75572, 75577, 75595, 75619, 75622, 75625, 75631, 75634, 76084, 76192, 76194, 76513, 76518, 76524, 76610, 76820, 76827, 76831, 76927, 76929, 76933, 76934, 76988, 77232, 77278, 77280, 77289, 77328, 77339, 77340, 77343, 77701, 77809, 78415, 78440, 78456, 78469, 78581, 78647, 78658, 78734, 78818, 78827, 78992, 78994, 78997, 79009, 79015, 79027, 79297, 79299, 79574, 79586, 79593, 79597, 79601, 79603, 79607, 79647, 79649, 79661, 79667, 79668, 79672, 79675, 79681, 79698, 80028, 80035, 80209, 80393, 80401, 80411, 80423, 80425, 80430, 80432, 80655, 80658, 80661, 80696, 80736, 80739, 80754, 80758, 80910, 80912, 81023, 81027, 81032, 81052, 81101, 81191, 81206, 81230, 81235, 81237, 81248, 81256, 81263, 81996, 82716, 82768, 82779, 83204, 83210, 83217, 83220, 83694, 87452, 89135, 89357, 89366, 464, 708, 6, 31, 590, 743, 767, 812, 816, 873, 9445, 9569, 9583, 9598, 9633, 9636, 9657, 9698, 9718, 9721, 9729, 9735, 9845, 9847, 9861, 9886, 9892, 9906, 9915, 9917, 10010, 10120, 10128, 10138, 10149, 10180, 10181, 10426, 10476, 14606, 26293, 26336, 26338, 26748, 27631, 27698, 27707, 27712, 27713, 27721, 27722, 27740, 27755, 27768, 27769, 27775, 28266, 28323, 28406, 28421, 28455, 28457, 28617, 28708, 28715, 28743, 28758, 28766, 29544, 29562, 29581, 29852, 29862, 41541, 72056, 73641, 73683, 73719, 73721, 73732, 74124, 75450, 75452, 75654, 75656, 75657, 75842, 75847, 75852, 75856, 76093, 76098, 76101, 28639, 9618, 10236, 10271, 10322, 10324, 10392, 10393, 10461, 10479, 10482, 26609, 26700, 27386, 27391, 27481, 27488, 27504, 27528, 27535, 27550, 27568, 73735, 75721, 75839, 75843, 75740, 26786, 26804, 26029, 331, 834, 906, 9975, 10403, 25656, 25731, 25760, 25777, 25815, 25842, 25873, 25882, 25893, 25912, 26142, 26168, 26183, 26193, 26389, 26399, 26400, 26408, 26427, 26531, 26556, 26566, 26590, 26643, 26655, 26673, 38120, 75643, 75665, 75719, 75742, 85150, 34354, 35234, 44719, 45004, 53060, 80963, 81013, 44687], "label": "floor"}, {"objectId": 3, "id": 3, "partId": 3, "index": 2, "dominantNormal": [0, -2.220446049250313e-16, 1], "obb": {"axesLengths": [1.1200548275395799, 0.7818000141873949, 1.1102962965766887], "centroid": [-2.746745973452911, -0.5393415654945614, -0.9176000281959761], "normalizedAxes": [0.09714388847351074, 0.9952703714370728, 2.2099441641933398e-16, 0, -2.220446049250313e-16, 1, 0.9952703714370728, -0.09714388847351074, -2.1570276336981995e-17]}, "segments": [16047, 64029, 16074, 64665, 65728, 83946, 83949, 41650, 36303, 40863, 65746, 88643, 65135, 16443, 65708, 63629, 61351, 70952, 68985, 61126, 16446], "label": "armchair"}, {"objectId": 4, "id": 4, "partId": 4, "index": 3, "dominantNormal": [0, -2.220446049250313e-16, 1], "obb": {"axesLengths": [0.9384252220970378, 0.4445509215172172, 0.8047199745608956], "centroid": [-1.8884804072856591, -0.03805487950709757, -1.0919444745344409], "normalizedAxes": [0.8638284802436829, 0.503786027431488, 1.1186296942777575e-16, 0, -2.220446049250313e-16, 1, 0.503786027431488, -0.8638284802436829, -1.9180845361869877e-16]}, "segments": [20427, 54376, 62517, 57942, 16495, 77362], "label": "puf"}, {"objectId": 5, "id": 5, "partId": 5, "index": 4, "dominantNormal": [0, -2.220446049250313e-16, 1], "obb": {"axesLengths": [1.1005506461735755, 0.8047720610028787, 1.1212943038447911], "centroid": [-1.0674058606050612, 0.5672044770091029, -0.9026940095567552], "normalizedAxes": [0.3089855909347534, 0.9510667324066162, 2.1117923685456757e-16, 0, -2.220446049250313e-16, 1, 0.9510667324066162, -0.3089855909347534, -6.860858346663466e-17]}, "segments": [45741, 88790, 43361, 44833, 45879, 22892, 45653, 79070, 23569, 82563, 21979, 21957], "label": "armchair"}, {"objectId": 6, "id": 6, "partId": 6, "index": 5, "dominantNormal": [0, -2.220446049250313e-16, 1], "obb": {"axesLengths": [1.1247885587028053, 0.7913289489300035, 1.0598602085879578], "centroid": [-0.4156583100149587, 1.032069498201224, -0.9156854972462616], "normalizedAxes": [0.9913782477378845, -0.13103117048740387, -2.9094764483740014e-17, 0, -2.220446049250313e-16, 1, -0.13103117048740387, -0.9913782477378845, -2.2013019135022838e-16]}, "segments": [71004, 66595, 65170, 71074, 84343, 89786, 66789, 69751, 67179, 88810, 84441, 45925, 45957, 70984, 78622, 84399, 69772, 70266, 63427, 89825, 71791, 76658, 71910, 88785], "label": "armchair"}, {"objectId": 7, "id": 7, "partId": 7, "index": 6, "dominantNormal": [0, -2.220446049250313e-16, 1], "obb": {"axesLengths": [0.5238270813561751, 0.4066060094548905, 0.4721613968420897], "centroid": [-0.003953788200340869, 0.5911774897132334, -1.1560869982968192], "normalizedAxes": [0.9383759498596191, 0.3456161618232727, 7.674220410775428e-17, 0, -2.220446049250313e-16, 1, 0.3456161618232727, -0.9383759498596191, -2.0836131705773012e-16]}, "segments": [67150, 22721], "label": "puf"}, {"objectId": 8, "id": 8, "partId": 8, "index": 7, "dominantNormal": [0.8220194578170776, 0.5694593787193298, 1.2644538276858737e-16], "obb": {"axesLengths": [2.5059950086825618, 0.8417089989399384, 0.8071563654020657], "centroid": [0.7663387836158344, -0.5530574550038413, -0.949145487715032], "normalizedAxes": [-0.5694593787193298, 0.8220194578170776, 1.8252498575168144e-16, 0, -2.220446049250313e-16, 1, 0.8220194578170776, 0.5694593787193298, 1.2644538276858737e-16]}, "segments": [66041, 83258, 34470, 34487, 76773, 12178, 66513, 65704, 65583, 66549, 9420, 42032, 71260, 42897, 32259, 68731, 31291, 43516, 43709, 43722, 47867, 80163, 43740, 47883, 30226, 80205, 31498, 59912, 31486, 89182, 78502, 79426, 79335, 41636], "label": "sofa"}, {"objectId": 9, "id": 9, "partId": 9, "index": 8, "dominantNormal": [0.9366151690483093, -0.35035985708236694, -7.77955160474446e-17], "obb": {"axesLengths": [0.5332801687465516, 0.49877100068097535, 0.4843956925873624], "centroid": [-0.1035089396651836, -1.6225574156981968, -1.1406144673239926], "normalizedAxes": [0.35035985708236694, 0.9366151690483093, 2.0797034517812326e-16, 0, -2.220446049250313e-16, 1, 0.9366151690483093, -0.35035985708236694, -7.77955160474446e-17]}, "segments": [10804, 84076, 56304, 62137, 79571, 1159, 62002, 61959], "label": "puf"}, {"objectId": 10, "id": 10, "partId": 10, "index": 9, "dominantNormal": [0, -2.220446049250313e-16, 1], "obb": {"axesLengths": [0.5778309741713882, 0.5239280345157972, 0.5731806214118254], "centroid": [-0.7113059639948613, -0.7152395121441868, -1.1071060182801031], "normalizedAxes": [0.8675971627235413, 0.4972677528858185, 1.1041562173148966e-16, 0, -2.220446049250313e-16, 1, 0.4972677528858185, -0.8675971627235413, -1.9264526923102682e-16]}, "segments": [66619, 19029, 69814, 19033, 18515, 71143], "label": "puf"}, {"objectId": 11, "id": 11, "partId": 11, "index": 10, "dominantNormal": [0, -2.220446049250313e-16, 1], "obb": {"axesLengths": [0.6154839032569801, 0.42921601766610085, 0.6081693213527265], "centroid": [-1.2521321835105141, -1.3914634559472976, -1.103691983512968], "normalizedAxes": [0.9831380248069763, -0.18286509811878204, -4.0604208466362045e-17, 0, -2.220446049250313e-16, 1, -0.18286509811878204, -0.9831380248069763, -2.1830049430504069e-16]}, "segments": [24311, 44320, 45856, 23909, 17706, 24320, 17691], "label": "puf"}, {"objectId": 12, "id": 12, "partId": 12, "index": 11, "dominantNormal": [0, -2.220446049250313e-16, 1], "obb": {"axesLengths": [1.0495416913624003, 0.7825569335544791, 1.0288890186665327], "centroid": [-1.5313975460778488, -2.663626391128205, -0.9235714895970039], "normalizedAxes": [0.9331043362617493, -0.35960572957992554, -7.984851215335221e-17, 0, -2.220446049250313e-16, 1, -0.35960572957992554, -0.9331043362617493, -2.0719078369907368e-16]}, "segments": [23040, 22107, 22298, 22569, 74925, 22415, 22558, 78333, 57612, 22674, 75414, 23033, 74948, 20488, 22145, 17681, 21439, 22868], "label": "armchair"}, {"objectId": 13, "id": 13, "partId": 13, "index": 12, "dominantNormal": [0, -2.220446049250313e-16, 1], "obb": {"axesLengths": [0.9239795807081311, 0.4555899995061008, 0.9595774390210738], "centroid": [-2.205617554797761, -1.7237776224485386, -1.1020049932895972], "normalizedAxes": [0.7574322819709778, -0.6529136896133423, -1.449759622603391e-16, 0, -2.220446049250313e-16, 1, -0.6529136896133423, -0.7574322819709778, -1.6818375180771068e-16]}, "segments": [39301, 44297, 39846, 54569, 48086, 37742, 23758, 39755, 39809, 39788], "label": "puf"}, {"objectId": 14, "id": 14, "partId": 14, "index": 13, "dominantNormal": [0, -2.220446049250313e-16, 1], "obb": {"axesLengths": [0.5826657060282998, 0.4767859471562665, 0.4876099959328272], "centroid": [-1.3178472595474644, -3.185050962387094, -1.0892669743463324], "normalizedAxes": [0.9873382449150085, -0.15862920880317688, -3.522275999827171e-17, 0, -2.220446049250313e-16, 1, -0.15862920880317688, -0.9873382449150085, -2.1923313051952687e-16]}, "segments": [74789, 20824, 21825, 10853, 10876, 21871, 73748, 73750, 21912, 10829, 21877, 10839], "label": "coffee table"}, {"objectId": 15, "id": 15, "partId": 15, "index": 14, "dominantNormal": [-0.19017581641674042, -0.9817500710487366, -2.1799230666113813e-16], "obb": {"axesLengths": [0.7305652917781934, 3.6620700732900913, 0.658281109177784], "centroid": [0.23392232536613822, 1.3279238239213245, 0.5166650168598066], "normalizedAxes": [0.9817500710487366, -0.19017581641674042, -4.222751402255041e-17, 0, -2.220446049250313e-16, 1, -0.19017581641674042, -0.9817500710487366, -2.1799230666113813e-16]}, "segments": [20425, 18732, 89870, 16732, 70976, 18233, 28177, 67728, 67729, 28171, 18186, 90037, 66732, 65992, 74589, 21720, 25077, 84244], "label": "pillar"}, {"objectId": 16, "id": 16, "partId": 16, "index": 15, "dominantNormal": [0, -2.220446049250313e-16, 1], "obb": {"axesLengths": [3.6213226278872326, 0.6600000710785375, 2.700905052789147], "centroid": [-0.4657693142491117, 1.4187892778967042, 2.099999963864684], "normalizedAxes": [0.9613068699836731, -0.2754797041416168, -6.116878207098982e-17, 0, -2.220446049250313e-16, 1, -0.2754797041416168, -0.9613068699836731, -2.1345300415724313e-16]}, "segments": [60456, 60064, 58650, 55162, 55177, 58743, 60061, 55072, 56424, 18145, 61260, 61425, 63965, 21469, 58965, 68111, 68113, 84913, 85142, 67098, 21383, 52407, 62122, 62133, 65921, 66040, 66062, 68928, 84058, 67123, 21413, 21433, 21437, 21447, 29441, 29463, 65909, 68062, 84909, 27261, 24053, 27302, 28156, 28714, 63117, 68233, 68302, 70570, 70707, 84906, 22499, 24161, 28757, 28979, 43858, 43866, 44003, 36535, 62762, 32481, 21524, 16959], "label": "ceiling"}, {"objectId": 17, "id": 17, "partId": 17, "index": 16, "dominantNormal": [0, -2.220446049250313e-16, 1], "obb": {"axesLengths": [3.704739327611623, 0.16878008465215366, 2.595678650411076], "centroid": [-3.2275420914459008, -1.3081587114220414, 2.3456099570778752], "normalizedAxes": [0.9330400228500366, 0.35977259278297424, 7.988556322734969e-17, 0, -2.220446049250313e-16, 1, 0.35977259278297424, -0.9330400228500366, -2.0717650325297857e-16]}, "segments": [69887, 83303, 28986, 3944, 26529, 22517, 26352, 26632, 29589, 55019, 3525, 3301, 3321, 3328, 3519, 3925, 4153, 8831, 72328, 72331, 72335, 72336, 72340, 54242], "label": "ceiling"}, {"objectId": 18, "id": 18, "partId": 18, "index": 17, "dominantNormal": [0, -2.220446049250313e-16, 1], "obb": {"axesLengths": [4.385147948418899, 0.14302992501043, 1.459132982959459], "centroid": [-2.002659210165641, -2.2085072359774967, 1.661514947306029], "normalizedAxes": [0.7425174117088318, 0.6698267459869385, 1.4873141518088905e-16, 0, -2.220446049250313e-16, 1, 0.6698267459869385, -0.7425174117088318, -1.6487198533284437e-16]}, "segments": [67763, 49516, 48139, 3170, 60142, 82174, 79107, 47512, 53278, 64621], "label": "ceiling"}, {"objectId": 19, "id": 19, "partId": 19, "index": 18, "dominantNormal": [0.9185094237327576, -0.3953990340232849, -8.779622229743931e-17], "obb": {"axesLengths": [1.1557488264798876, 0.783569914469795, 0.649345429289986], "centroid": [0.7301995720698355, -0.10730509381479508, 2.0017849225151916], "normalizedAxes": [0.3953990042209625, 0.9185094833374023, 2.0395007534754813e-16, 0, -2.220446049250313e-16, 1, 0.9185094833374023, -0.3953990042209625, -8.779621567999441e-17]}, "segments": [38716, 37159, 40838, 38181, 38632], "label": "wall"}, {"objectId": 20, "id": 20, "partId": 20, "index": 19, "dominantNormal": [0.2602723240852356, -0.9655352234840393, -2.1439188723971532e-16], "obb": {"axesLengths": [0.6525010823177222, 1.9560199538762868, 0.5952301765470375], "centroid": [-4.598260117680562, -1.0824081947811903, -0.34801000882662825], "normalizedAxes": [0.9655352234840393, 0.2602723240852356, 5.779206537442585e-17, 0, -2.220446049250313e-16, 1, 0.2602723240852356, -0.9655352234840393, -2.1439188723971532e-16]}, "segments": [60572, 60521, 34258, 26949, 82381, 9749, 9753, 9775, 9788, 9793, 27041, 27060, 27082, 27198, 27199, 27220, 27852, 27871, 27997, 28003, 28004, 40059, 40172, 73649, 75872, 75878, 75884, 77811, 77836, 77839, 77849, 77855, 27130, 27186, 40126, 77825, 78117, 60536, 40048, 36718, 36856, 5389, 5422, 9822, 27177, 36857, 72419, 75765, 75795, 77410, 77459, 27644, 9415, 60579, 5467, 41114, 60524, 78168, 80598, 5289, 9458, 37353, 40193, 40195, 40199, 40200, 40212, 40213, 40228, 40268, 40273, 40303, 40306, 40315, 40320, 40331, 40338, 40353, 40356, 40369, 40393, 40398, 40444, 40451, 40465, 40509, 40516, 40537, 40564, 40618, 40692, 52631, 77857, 77859, 77864, 77875, 77878, 77882, 77886, 77916, 77920, 77923, 77933, 77936, 77953, 77956, 78017, 78021, 78046, 78054, 78158, 78177, 78186, 35814, 3540, 3498, 3544, 35854, 76287, 76296, 76160, 3448, 3496, 23861, 23871, 35753, 35755, 35776, 3526, 3471, 76180, 3551, 3557, 3560, 3580, 3646, 3694, 3766, 4506, 4516, 4525, 4542, 4551, 4943, 5463, 5512, 7367, 7375, 7630, 37274, 37310, 37315, 37316, 37346, 40276, 63667, 63694, 72785, 72929, 72940, 73401, 73405, 76221, 77376, 77397, 77468, 77474, 77972, 83468, 83471, 5537, 5491, 73111, 3775, 4560], "label": "plant"}, {"objectId": 21, "id": 21, "partId": 21, "index": 20, "dominantNormal": [0.8948243260383606, -0.44641849398612976, -9.912481812837765e-17], "obb": {"axesLengths": [0.5713304087330773, 1.177759978672266, 0.5243531902045588], "centroid": [1.115443445759566, 2.2071314262880204, -0.7188799947005511], "normalizedAxes": [0.44641849398612976, 0.8948243260383606, 1.9869091395249518e-16, 0, -2.220446049250313e-16, 1, 0.8948243260383606, -0.44641849398612976, -9.912481812837765e-17]}, "segments": [64998, 88575, 69516, 10841, 10855, 10914, 10922, 10927, 16048, 16050, 16056, 16096, 57062, 64917, 64920, 64939, 64963, 64974, 65016, 66209, 66312, 66383, 66453, 66473, 68024, 69438, 73742, 81379, 83741, 83746, 84159, 84901, 84904, 88635, 88563, 11600, 53310, 57159, 81405, 88604, 15963, 66446, 66447, 69379, 84193, 69329, 57077, 65071, 66362, 89659, 88624, 66265, 89641, 64881, 68005, 84897, 64841, 64860, 67988, 83703, 84877], "label": "plant"}, {"objectId": 22, "id": 22, "partId": 22, "index": 21, "dominantNormal": [0.536328911781311, -0.8440090417861938, -1.8740765423656965e-16], "obb": {"axesLengths": [6.073607925811353, 3.7210300329097334, 1.0759678421771948], "centroid": [-2.9963444938291497, 0.9310027239178524, 0.5105150097493452], "normalizedAxes": [0.8440090417861938, 0.536328911781311, 1.1908894132635318e-16, 0, -2.220446049250313e-16, 1, 0.536328911781311, -0.8440090417861938, -1.8740765423656965e-16]}, "segments": [7508, 6269, 76043, 68527, 73171, 28100, 76076, 68486, 88178, 43859, 48025, 9091, 9069, 8676, 9268, 9298, 47921, 2660, 2678, 3817, 3840, 3842, 4416, 4448, 4452, 4473, 4480, 5302, 5310, 5340, 5580, 5647, 5652, 5656, 5662, 5667, 5680, 5696, 5698, 5704, 5736, 5799, 5804, 5809, 5817, 5819, 5826, 5829, 5853, 5861, 5862, 5865, 5950, 5960, 5961, 5968, 5993, 6024, 6054, 6059, 6074, 6078, 6079, 6091, 6141, 6164, 6195, 6198, 6235, 6245, 6289, 6320, 6343, 6391, 6399, 6468, 6612, 6640, 6659, 6712, 6713, 6737, 6762, 6790, 6823, 6857, 6947, 6958, 6965, 6991, 7039, 7055, 7089, 7091, 7263, 7266, 7269, 7272, 7310, 7799, 7861, 7873, 8548, 8558, 8637, 8669, 9020, 9044, 28090, 33757, 43215, 43654, 43853, 44113, 44370, 45373, 45427, 45474, 46665, 46716, 46736, 46923, 47933, 47935, 47951, 49487, 49545, 49553, 49588, 49626, 49649, 49662, 50044, 50054, 50077, 50080, 50093, 50130, 50142, 50326, 50337, 50348, 51075, 51091, 51099, 51121, 51129, 51139, 51156, 51179, 51194, 51217, 53135, 53151, 53183, 53205, 53207, 53236, 53837, 53868, 54389, 54391, 54398, 54411, 57305, 57422, 57423, 57675, 57692, 58079, 72080, 72131, 72137, 72140, 72143, 72147, 72194, 72842, 73073, 73198, 73200, 73215, 73216, 73217, 73218, 73223, 73262, 73282, 73285, 73299, 73301, 73308, 73310, 73358, 73367, 73369, 73481, 73587, 76081, 79398, 79739, 79743, 79751, 79932, 79939, 80010, 80014, 80021, 80024, 80229, 80233, 80718, 81408, 81467, 81473, 81595, 81708, 81782, 81798, 88155, 88163, 88165, 91, 92, 823, 981, 1300, 1525, 1595, 1669, 1684, 1697, 1729, 1782, 1807, 3843, 3854, 3873, 7088, 7317, 7768, 7845, 8534, 8618, 8835, 28953, 31415, 31461, 34045, 46364, 46566, 46580, 57302, 57320, 57410, 57433, 57438, 57452, 57453, 57474, 57497, 57501, 57517, 57955, 57991, 58002, 72112, 72423, 76317, 76319, 81415, 81434, 81439, 81442, 81447, 81451, 81460, 81752, 716, 724, 1617, 1646, 1672, 3880, 4624, 4739, 7827, 8282, 31433, 31508, 31523, 31527, 31533, 31576, 31583, 31593, 31617, 31622, 31645, 31668, 31675, 31710, 31714, 31743, 33896, 34048, 34053, 34060, 46631, 46907, 46912, 72088, 72089, 72417, 72433, 72441, 72442, 72713, 73488, 76326, 76328, 76418, 76497, 76503, 76508, 77067, 77198, 81432, 81745, 623, 652, 3917, 3974, 3994, 7444, 8670, 8757, 33769, 34025, 46596, 46615, 46686, 46687, 46763, 72438, 72808, 76412, 77035, 77195, 7895, 80117, 47297, 502, 4303, 4306, 4328, 4358, 4412, 4860, 47210, 47226, 47248, 47249, 47306, 47315, 47346, 47347, 47365, 47406, 50725, 72830, 79302, 80097, 80479, 50535, 1575, 1735, 38546, 428, 496, 1503, 1535, 1541, 1592, 1628, 1681, 1706, 1724, 1751, 1810, 2258, 2894, 2901, 2935, 2938, 2949, 2999, 3104, 3123, 3149, 3163, 3165, 3181, 3189, 3221, 3268, 3963, 4075, 15683, 31155, 31158, 40706, 50567, 50578, 50612, 50631, 50632, 50640, 52350, 72493, 72494, 72550, 72555, 72558, 72566, 72717, 72734, 72811, 80040, 80044, 80048, 80057, 80059, 80060, 80079, 386, 3943, 4037, 5114, 31203, 73499, 73502, 76300, 77111, 3049, 4013, 4069, 4107, 46337, 43642, 5740, 72729, 72967, 1902, 72584, 253, 6938, 15884, 88296, 88224, 15056, 88247, 37629, 36196, 67070, 67064, 67031, 40918, 36067, 37437, 77498, 37601, 79503, 47721, 47716, 23693, 77256, 77270, 36337, 84543, 84453, 77359, 36250, 36307, 35542, 79520, 34772, 79529, 79512, 75543, 75517, 75510, 77273, 34625, 1246, 1994, 75035, 11140, 23201, 56668, 56878, 64412, 84833, 1078, 1097, 1117, 1124, 1179, 1252, 1336, 1340, 1349, 2103, 2104, 2113, 2139, 2142, 2148, 2149, 2151, 2175, 2178, 2199, 2200, 2222, 2243, 2285, 4081, 4130, 4725, 4754, 9068, 9096, 9098, 9132, 9140, 9172, 9222, 9331, 11194, 11323, 11359, 11408, 11450, 11473, 11478, 11480, 11550, 13146, 13169, 13181, 13292, 13294, 13305, 13341, 13381, 13474, 13546, 15275, 15276, 15325, 15337, 15339, 15391, 15421, 15427, 15429, 15437, 15441, 15447, 15449, 15452, 15471, 15714, 17950, 17969, 17991, 18031, 18619, 18654, 18720, 18729, 18745, 23212, 23240, 24337, 24366, 24383, 24561, 31902, 31959, 31963, 31972, 31979, 31995, 31996, 34282, 34286, 34303, 34320, 34333, 34524, 34527, 34744, 34911, 36179, 36221, 38697, 38720, 38856, 39464, 41744, 41814, 41847, 41853, 41863, 42608, 42636, 42704, 42753, 42795, 42821, 42822, 42836, 44590, 44641, 46309, 46344, 48176, 48194, 48201, 48205, 48211, 48234, 48254, 48274, 48283, 48381, 48385, 48386, 49921, 49940, 49957, 51411, 51424, 51455, 51464, 51477, 51546, 51561, 51593, 51599, 51601, 51625, 51632, 51655, 51671, 51685, 51687, 52438, 52448, 52453, 52469, 52486, 52495, 52500, 52511, 52512, 52526, 52573, 52583, 54303, 54344, 54597, 54605, 54795, 54820, 54829, 54841, 54866, 54876, 54890, 55281, 55658, 55730, 56180, 56246, 56279, 56308, 56319, 56356, 56381, 56444, 56506, 56543, 56590, 56593, 56598, 56621, 56625, 56659, 56681, 56697, 56722, 56728, 56732, 56739, 56756, 56806, 56876, 56948, 57847, 57880, 57893, 58297, 58321, 58355, 58417, 58439, 58476, 58525, 58679, 58682, 58953, 58964, 59023, 59054, 59058, 59072, 59092, 59101, 59128, 59136, 59142, 59150, 59164, 59171, 59198, 59232, 59255, 59257, 59278, 59285, 59294, 59322, 59402, 59403, 59419, 59425, 59561, 59578, 59601, 59609, 59616, 59641, 59649, 59660, 59703, 59746, 59759, 59790, 59823, 59841, 59844, 59857, 59926, 60125, 60206, 60207, 60221, 60226, 60230, 60239, 60241, 60264, 60294, 60333, 60379, 60612, 60644, 60657, 60667, 60683, 60697, 60729, 60765, 60767, 60778, 60797, 60830, 60993, 60995, 60997, 61017, 61021, 61049, 61103, 61127, 61149, 61159, 61177, 61185, 61195, 61205, 61547, 61553, 61597, 61625, 61631, 61632, 61707, 61787, 61874, 61894, 61900, 61905, 61921, 61926, 61957, 61977, 61984, 61987, 62037, 62047, 62051, 62054, 62059, 62061, 62077, 62083, 62175, 62540, 62545, 62550, 62695, 62710, 62760, 62764, 62772, 63225, 63242, 63256, 63259, 63737, 64329, 64371, 64380, 65439, 65470, 65488, 65550, 65570, 67038, 68714, 68773, 68847, 69240, 69247, 69267, 69269, 69279, 69286, 69321, 69326, 70182, 70185, 70315, 70348, 70394, 70396, 71394, 71412, 71414, 71427, 71429, 71438, 71496, 72093, 72345, 72346, 72354, 72477, 72479, 72487, 72605, 72609, 72629, 72631, 72655, 72657, 72768, 72778, 72795, 72796, 72821, 73754, 73761, 73783, 74129, 74136, 74137, 74140, 74147, 74149, 74154, 74155, 74161, 74163, 74168, 75339, 75492, 75495, 75500, 75502, 75514, 75534, 76535, 76594, 77216, 77361, 77491, 78520, 78533, 78537, 78576, 78908, 78911, 78952, 78979, 79523, 79524, 79547, 79548, 79886, 80270, 80273, 80275, 80277, 80279, 80283, 80290, 80565, 80573, 80580, 81064, 81070, 81082, 81085, 81314, 81319, 81320, 81326, 81337, 81597, 81917, 81920, 81949, 81953, 81955, 81957, 81961, 81964, 81966, 81971, 81975, 81987, 82014, 82023, 82026, 82038, 82042, 82045, 82049, 82052, 82055, 82058, 82068, 82070, 82089, 82090, 82110, 82159, 82165, 82179, 82200, 82223, 82399, 82573, 82575, 82619, 82624, 82651, 82711, 82739, 82781, 82784, 82816, 82827, 82847, 82850, 82853, 82855, 82870, 82875, 82881, 82889, 82939, 83223, 84054, 84323, 84329, 84443, 84586, 84771, 84845, 85074, 88398, 89462, 89465, 89531, 60655, 56688, 70489, 44668, 70512, 42542, 42590, 41810, 78620, 44706, 89550, 70511, 70362, 4368, 4810, 7443, 29123, 41753, 41757, 41778, 44508, 44561, 44653, 55136, 55153, 55160, 55169, 55189, 56370, 56576, 56583, 56889, 59059, 59125, 59132, 59221, 59339, 59411, 62006, 62145, 62164, 62176, 70309, 70443, 71434, 71568, 72918, 72920, 73486, 82102, 82115, 82120, 82150, 83893, 89142], "label": "window"}, {"objectId": 28, "id": 28, "partId": 28, "index": 24, "dominantNormal": [0.7262250185012817, 0.6874570250511169, 1.5264612353041261e-16], "obb": {"axesLengths": [0.46980103698828596, 1.3295399938626582, 0.40756081522986964], "centroid": [-3.2515011498263866, -3.718754857220625, -0.6547700104168799], "normalizedAxes": [-0.6874570250511169, 0.7262250185012817, 1.6125434731979066e-16, 0, -2.220446049250313e-16, 1, 0.7262250185012817, 0.6874570250511169, 1.5264612353041261e-16]}, "segments": [35006, 56933, 35716, 35717, 35850, 35893, 35909, 38455, 77346, 56032, 56079, 37759, 37781, 38460, 38485, 38527, 38890, 57042, 62572, 77635, 55182, 64569, 72545, 62901], "label": "rack"}, {"objectId": 29, "id": 29, "partId": 29, "index": 25, "dominantNormal": [0.620876669883728, -0.7839082479476929, -1.7406259721301895e-16], "obb": {"axesLengths": [0.4239715177916827, 0.2503660116262879, 0.19845422051886827], "centroid": [-3.0254304731165296, -3.834477961112163, -0.33518300760128317], "normalizedAxes": [0.7839082479476929, 0.620876669883728, 1.3786231487150147e-16, 0, -2.220446049250313e-16, 1, 0.620876669883728, -0.7839082479476929, -1.7406259721301895e-16]}, "segments": [61836, 63615], "label": "machine"}, {"objectId": 33, "id": 33, "partId": 33, "index": 28, "dominantNormal": [0, -2.220446049250313e-16, 1], "obb": {"axesLengths": [0.528149506467579, 0.4034499435845773, 0.5115268658740054], "centroid": [-2.528458339051457, -1.212225421119564, -1.0995249930875373], "normalizedAxes": [0.875751793384552, 0.48276159167289734, 1.0719460689598777e-16, 0, -2.220446049250313e-16, 1, 0.48276159167289734, -0.875751793384552, -1.944559609744605e-16]}, "segments": [16873, 16922, 17158, 39702, 39734, 16972, 16893, 16926, 16988, 16990, 39709, 39810, 39831, 48051, 77732, 77739, 83597, 83621], "label": "coffee table"}], "scan_id": "3b7b33a9-1b11-283e-9b02-e8f35f6ba24c", "annId": "4017", "appId": "stk.v1"}