{"segGroups": [{"objectId": 12, "id": 12, "partId": 12, "index": 0, "dominantNormal": [0.09782013297080994, -0.9952040910720825, -2.2097969922187544e-16], "obb": {"axesLengths": [0.29278235986612416, 1.1737199480000144, 0.18369232749097755], "centroid": [0.6566454775895487, 1.2582561205825815, -0.6168600171102577], "normalizedAxes": [0.9952040910720825, 0.09782013297080994, 2.172043277921752e-17, 0, -2.220446049250313e-16, 1, 0.09782013297080994, -0.9952040910720825, -2.2097969922187544e-16]}, "segments": [14851, 14854, 19054, 22500, 16971, 736], "label": "towel"}, {"objectId": 13, "id": 13, "partId": 13, "index": 1, "dominantNormal": [0.989875078201294, -0.1419413983821869, -3.1517321726279166e-17], "obb": {"axesLengths": [0.6841003916485863, 0.6540299805843087, 0.2783965546618987], "centroid": [-0.9739967552763726, 1.0269888985119726, -0.6170150199168541], "normalizedAxes": [0.1419413983821869, 0.989875078201294, 2.1979642066434078e-16, 0, -2.220446049250313e-16, 1, 0.989875078201294, -0.1419413983821869, -3.1517321726279166e-17]}, "segments": [16228, 16287, 9622, 20491, 9629, 12996, 11848, 21215, 9608], "label": "towel"}, {"objectId": 14, "id": 14, "partId": 14, "index": 2, "dominantNormal": [0, -2.220446049250313e-16, 1], "obb": {"axesLengths": [1.9939389667151362, 0.2999999456107627, 0.9891038429000324], "centroid": [0.14078341019378754, 1.0158669259705535, 1.4799999415415535], "normalizedAxes": [0.9774568676948547, -0.21113507449626923, -4.6881404202341154e-17, 0, -2.220446049250313e-16, 1, -0.21113507449626923, -0.9774568676948547, -2.1703902401856262e-16]}, "segments": [1173, 8071, 488, 621, 7398, 7298, 8244, 18753, 18737, 973, 9893, 134, 9321, 9830, 902, 16641, 13830, 483, 16323, 16312, 3622, 7309, 3718, 4671, 1055], "label": "ceiling"}, {"objectId": 1, "id": 1, "partId": 1, "index": 5, "dominantNormal": [0, -2.220446049250313e-16, 1], "obb": {"axesLengths": [2.4966883857393705, 0.29871999549746536, 1.5930330301905802], "centroid": [-0.03169651325050493, 0.7154000765799423, -1.199359971047044], "normalizedAxes": [0.9540250301361084, 0.2997269034385681, 6.655274185941987e-17, 0, -2.220446049250313e-16, 1, 0.2997269034385681, -0.9540250301361084, -2.1183611090516328e-16]}, "segments": [14607, 12505, 16824, 12321, 17418, 12847, 12427], "label": "floor"}, {"objectId": 2, "id": 2, "partId": 2, "index": 6, "dominantNormal": [0, -2.220446049250313e-16, 1], "obb": {"axesLengths": [0.9477359111326146, 0.2908349866233395, 0.5126365603814211], "centroid": [-0.5483804336314789, 1.2565205850547658, -0.4354175229363696], "normalizedAxes": [0.9915028214454651, -0.1300850659608841, -2.888468707793115e-17, 0, -2.220446049250313e-16, 1, -0.1300850659608841, -0.9915028214454651, -2.2015785226991215e-16]}, "segments": [15420, 20378, 14222, 11625, 13719, 21545, 11897], "label": "sink"}, {"objectId": 3, "id": 3, "partId": 3, "index": 7, "dominantNormal": [0.9941591620445251, -0.10792404413223267, -2.3963951741253246e-17], "obb": {"axesLengths": [1.4578150452905625, 2.849749978264793, 0.1699459078777873], "centroid": [-1.0451919980110274, 0.8111826586802378, 0.10882492145423028], "normalizedAxes": [0.10792405158281326, 0.9941591620445251, 2.2074767836877677e-16, 0, -2.220446049250313e-16, 1, 0.9941591620445251, -0.10792405158281326, -2.396395339561447e-17]}, "segments": [7177, 2276, 3283, 15329, 17212, 22341], "label": "wall"}, {"objectId": 4, "id": 4, "partId": 4, "index": 8, "dominantNormal": [-0.12933459877967834, -0.9916009902954102, -2.2017965013341415e-16], "obb": {"axesLengths": [2.1186965296523694, 2.8354999385289847, 0.41425436568755414], "centroid": [0.05365883285685194, 1.497084134475884, 0.09224994299627998], "normalizedAxes": [0.9916009902954102, -0.12933459877967834, -2.8718049889171114e-17, 0, -2.220446049250313e-16, 1, -0.12933459877967834, -0.9916009902954102, -2.2017965013341415e-16]}, "segments": [21530, 6566, 2743, 2505, 13534, 425, 10391, 2328, 19440, 10195, 3984, 3931, 3928, 12406, 2375, 14487, 13623, 22899, 9945, 21302, 9490, 19475, 9302], "label": "wall"}, {"objectId": 5, "id": 5, "partId": 5, "index": 9, "dominantNormal": [0.9855283498764038, -0.16951066255569458, -3.76389280977595e-17], "obb": {"axesLengths": [0.9335801365896664, 2.953989916578159, 0.29967435209906657], "centroid": [1.0762342442826822, 0.91449326118592, 0.14807493678938743], "normalizedAxes": [0.16951066255569458, 0.9855283498764038, 2.188312530907241e-16, 0, -2.220446049250313e-16, 1, 0.9855283498764038, -0.16951066255569458, -3.76389280977595e-17]}, "segments": [15201, 9090, 813, 12747, 19791, 1900, 10652, 351, 12001, 9953, 10294, 19810, 18213, 18004, 6478, 18054], "label": "wall"}, {"objectId": 6, "id": 6, "partId": 6, "index": 10, "dominantNormal": [-0.012047087773680687, -0.9999274015426636, -2.2202848482925387e-16], "obb": {"axesLengths": [0.5319649156634197, 2.813350018560512, 0.34175370682515727], "centroid": [0.7310027222918745, 0.41766019567878154, 0.08193494221594322], "normalizedAxes": [0.9999274015426636, -0.012047088705003262, -2.6749910519992563e-18, 0, -2.220446049250313e-16, 1, -0.012047088705003262, -0.9999274015426636, -2.2202848482925387e-16]}, "segments": [15778, 22711, 479, 1882, 10889, 10788, 10477, 9822, 19946, 17637, 14413, 10692], "label": "wall"}, {"objectId": 7, "id": 7, "partId": 7, "index": 11, "dominantNormal": [-0.029308464378118515, -0.9995704293251038, -2.219492210742366e-16], "obb": {"axesLengths": [0.8010535993300918, 2.5202799472150206, 0.6238328217782936], "centroid": [-0.7734459721986195, -0.16368919873110266, -0.042880042176841826], "normalizedAxes": [0.9995704293251038, -0.029308460652828217, -6.5077855666180665e-18, 0, -2.220446049250313e-16, 1, -0.029308460652828217, -0.9995704293251038, -2.219492210742366e-16]}, "segments": [11199, 7115, 13889, 19891, 17038, 1491, 19908, 1492, 10141, 19742, 10108, 20018, 10053, 1410, 20032, 10612, 10666, 20006, 12369], "label": "wall"}, {"objectId": 8, "id": 8, "partId": 8, "index": 12, "dominantNormal": [-0.07554417103528976, -0.9971424341201782, -2.2141009783819903e-16], "obb": {"axesLengths": [0.3643115813273469, 0.959999986886978, 0.11894775497156067], "centroid": [-0.9677068789303351, 0.11561363626453725, -0.15000003215789692], "normalizedAxes": [0.9971424341201782, -0.07554417103528976, -1.677417561191991e-17, 0, -2.220446049250313e-16, 1, -0.07554417103528976, -0.9971424341201782, -2.2141009783819903e-16]}, "segments": [6688, 8530, 6750, 6708, 6581, 19396, 6811, 6851, 10976, 11061, 8346, 8469, 6725, 6585, 8392, 6548, 6701, 6724, 6735, 8466, 8485, 8494, 19954, 19985, 19989, 20013], "label": "shelves"}, {"objectId": 9, "id": 9, "partId": 9, "index": 13, "dominantNormal": [0.04231778904795647, -0.9991042017936707, -2.2184569776621436e-16], "obb": {"axesLengths": [0.5250247806786561, 0.4618180290948291, 0.3867045803260892], "centroid": [-0.8723479909705074, 0.4005614798317916, -1.0894210241578284], "normalizedAxes": [0.9991042017936707, 0.04231778904795647, 9.39643675045431e-18, 0, -2.220446049250313e-16, 1, 0.04231778904795647, -0.9991042017936707, -2.2184569776621436e-16]}, "segments": [21805, 11703, 12498, 11722, 11723, 20036, 14649, 11948, 14668, 14673, 15132], "label": "toilet"}, {"objectId": 10, "id": 10, "partId": 10, "index": 14, "dominantNormal": [0.1949966549873352, -0.980803906917572, -2.1778221602043946e-16], "obb": {"axesLengths": [0.998064228744276, 0.9509099807386845, 0.48930053406370666], "centroid": [-0.49631067664676254, 1.119662889921599, -0.8254550210371233], "normalizedAxes": [0.980803906917572, 0.1949966549873352, 4.329795521836548e-17, 0, -2.220446049250313e-16, 1, 0.1949966549873352, -0.980803906917572, -2.1778221602043946e-16]}, "segments": [3396, 15472, 15855, 21061, 20414], "label": "bath cabinet"}, {"objectId": 11, "id": 11, "partId": 11, "index": 15, "dominantNormal": [0.9804189205169678, 0.19692333042621613, 4.3725763105010557e-17], "obb": {"axesLengths": [0.5043968727588438, 2.2467718814289883, 0.20895437925735708], "centroid": [0.39892359150188095, 1.1698554993524142, -0.1866140172356212], "normalizedAxes": [-0.19692331552505493, 0.9804189205169678, 2.1769673186721578e-16, 0, -2.220446049250313e-16, 1, 0.9804189205169678, 0.19692331552505493, 4.3725759796288107e-17]}, "segments": [14949, 12167, 12064, 14808, 16959, 22440, 9719, 9727, 3485, 9729, 5535, 18768, 1097, 5069, 17011, 22349, 20437, 7093, 19052, 16930, 5755, 5461, 22570], "label": "curtain"}, {"objectId": 18, "id": 18, "partId": 18, "index": 17, "dominantNormal": [-0.6034870147705078, -0.7973728179931641, -1.77052332349251e-16], "obb": {"axesLengths": [0.2932902140430799, 0.821071995696306, 0.14896711471309068], "centroid": [-0.8349566423120731, 1.5158351246488657, 0.4405359520556935], "normalizedAxes": [0.7973728179931641, -0.6034870147705078, -1.3400103577210394e-16, 0, -2.220446049250313e-16, 1, -0.6034870147705078, -0.7973728179931641, -1.77052332349251e-16]}, "segments": [3314, 3291, 18681, 18540, 3012], "label": "light"}, {"objectId": 20, "id": 20, "partId": 20, "index": 19, "dominantNormal": [0, -2.220446049250313e-16, 1], "obb": {"axesLengths": [0.18056558324956845, 0.07169699508629002, 0.09533354820377597], "centroid": [0.8334121265948177, 0.9959688587842169, 0.738219438636166], "normalizedAxes": [0.913564920425415, 0.4066929519176483, 9.030397583434897e-17, 0, -2.220446049250313e-16, 1, 0.4066929519176483, -0.913564920425415, -2.0285216182922895e-16]}, "segments": [12183, 15179, 12206, 21051], "label": "shower"}, {"objectId": 23, "id": 23, "partId": 23, "index": 21, "dominantNormal": [0.8618215918540955, -0.5072115659713745, -1.126235917795203e-16], "obb": {"axesLengths": [0.2908878453596607, 0.22475003693811502, 0.20741539566273892], "centroid": [0.13345222527594108, 1.3129103284181491, -1.2041750129583098], "normalizedAxes": [0.5072115659713745, 0.8618215918540955, 1.913628348791042e-16, 0, -2.220446049250313e-16, 1, 0.8618215918540955, -0.5072115659713745, -1.126235917795203e-16]}, "segments": [15057, 13637], "label": "trash can"}, {"objectId": 24, "id": 24, "partId": 24, "index": 22, "dominantNormal": [-0.6913654804229736, -0.7225052118301392, -1.604283843170993e-16], "obb": {"axesLengths": [0.26645563657471766, 0.3225399183659274, 0.21301479878688098], "centroid": [-0.9473777462339046, 0.6609387494880435, -1.1620900219670673], "normalizedAxes": [0.7225052118301392, -0.6913654804229736, -1.5351397495932365e-16, 0, -2.220446049250313e-16, 1, -0.6913654804229736, -0.7225052118301392, -1.604283843170993e-16]}, "segments": [15104, 15083, 16695, 16684], "label": "toilet brush"}, {"objectId": 26, "id": 26, "partId": 26, "index": 23, "dominantNormal": [-0.195612832903862, -0.9806811809539795, -2.1775496538233951e-16], "obb": {"axesLengths": [0.22433726433798098, 0.2000000432133664, 0.08232691348142855], "centroid": [-0.38776370121327763, 1.4271575877235445, 1.3499999492156514], "normalizedAxes": [0.9806811809539795, -0.195612832903862, -4.34347742004042e-17, 0, -2.220446049250313e-16, 1, -0.195612832903862, -0.9806811809539795, -2.1775496538233951e-16]}, "segments": [2694, 3804, 2818, 2881], "label": "flower"}, {"objectId": 29, "id": 29, "partId": 29, "index": 24, "dominantNormal": [0.8720365166664124, -0.48944079875946045, -1.0867768879473615e-16], "obb": {"axesLengths": [0.5613467518989006, 2.4346999577872452, 0.4443154398496407], "centroid": [0.3648713332610912, 0.3653254746527348, -0.1073500338502964], "normalizedAxes": [0.48944079875946045, 0.8720365166664124, 1.93631003823394e-16, 0, -2.220446049250313e-16, 1, 0.8720365166664124, -0.48944079875946045, -1.0867768879473615e-16]}, "segments": [14442, 13445, 13, 20426, 13447, 13333, 18019, 19864], "label": "shelves"}], "scan_id": "bcb0fe27-4f39-2c70-9dae-5c8625b3553d", "annId": "6296", "appId": "stk.v1"}