{"segGroups": [{"objectId": 24, "id": 24, "partId": 24, "index": 0, "dominantNormal": [-0.6059409976005554, -0.7955095767974854, -1.7663860969407649e-16], "obb": {"axesLengths": [0.4153282307330395, 0.49300001949816874, 0.05050945317865061], "centroid": [-1.232574201135479, 0.1792779742954047, -1.1165000192858279], "normalizedAxes": [0.7955095767974854, -0.6059409976005554, -1.3454592942009467e-16, 0, -2.220446049250313e-16, 1, -0.6059409976005554, -0.7955095767974854, -1.7663860969407649e-16]}, "segments": [24985, 14208], "label": "wall"}, {"objectId": 25, "id": 25, "partId": 25, "index": 1, "dominantNormal": [-0.5285620093345642, -0.8488947153091431, -1.884924916837656e-16], "obb": {"axesLengths": [1.2845575084649286, 2.432549899088965, 0.4860171958535897], "centroid": [-3.162849601509306, 2.0529999373524648, -0.18627502539139296], "normalizedAxes": [0.8488947153091431, -0.5285620093345642, -1.1736434254107402e-16, 0, -2.220446049250313e-16, 1, -0.5285620093345642, -0.8488947153091431, -1.884924916837656e-16]}, "segments": [4134, 3235, 3217, 2969, 2827, 2828, 40295, 40301, 40324, 40327, 47935, 47937, 25283, 4089, 40310, 2667, 3113, 10840, 11414, 11300, 10713, 10745, 10767, 10880, 11328, 11838, 715, 976, 3037, 3042, 3049, 3068, 11370, 11384, 11385, 11408, 11418, 42239, 42259, 42364, 42368, 42371, 42379, 42382, 42387, 42059, 32862, 11135, 1028, 1000, 10558, 10585, 10590, 11107, 11174, 522, 11091, 489, 492, 518, 546, 11659, 42176, 42306, 11205, 11793, 11711, 11212, 42182, 11258, 10149, 10534, 41895, 10418, 10311, 10287, 10369, 10525, 51714, 10281, 42357, 1972, 9065, 10453, 38537, 10088, 10113, 180, 194, 205, 214, 237, 8653, 8672, 8788, 9085, 9138, 9193, 12456, 34828, 34832, 37863, 37927, 38161, 38209, 38252, 38396, 41256, 41261, 51419, 51704, 8590, 8588, 8937, 1369, 11723, 646, 16177, 40216, 15892, 1803, 8726, 8736, 8860, 10353, 11890, 47096, 2516, 1998], "label": "shelf"}, {"objectId": 27, "id": 27, "partId": 27, "index": 2, "dominantNormal": [0, -2.220446049250313e-16, 1], "obb": {"axesLengths": [0.41328079007824103, 0.11996602743939988, 0.22477298025215334], "centroid": [0.2884363498295577, 1.4031179403689662, -0.887919013099693], "normalizedAxes": [-0.5368995070457458, 0.843646228313446, 1.873270934623519e-16, 0, -2.220446049250313e-16, 1, 0.843646228313446, 0.5368995070457458, 1.192156389264167e-16]}, "segments": [4168, 6137, 4258, 40787], "label": "item"}, {"objectId": 28, "id": 28, "partId": 28, "index": 3, "dominantNormal": [0.764162540435791, -0.6450237035751343, -1.432240334276212e-16], "obb": {"axesLengths": [0.7629290401018238, 2.483969990522339, 0.15943346308399292], "centroid": [-1.9733695288192572, 2.4887291983572664, -0.11198504950139676], "normalizedAxes": [0.6450237035751343, 0.764162540435791, 1.6967816938957348e-16, 0, -2.220446049250313e-16, 1, 0.764162540435791, -0.6450237035751343, -1.432240334276212e-16]}, "segments": [7082, 40981, 50877], "label": "wall"}, {"objectId": 29, "id": 29, "partId": 29, "index": 4, "dominantNormal": [0.7756969332695007, -0.6311056017875671, -1.4013359401489448e-16], "obb": {"axesLengths": [0.4307163295500048, 0.41999994769692534, 0.366349881221228], "centroid": [-3.422678110293891, 3.244042822311081, -1.3000000070780517], "normalizedAxes": [0.6311056017875671, 0.7756969332695007, 1.7223931908938466e-16, 0, -2.220446049250313e-16, 1, 0.7756969332695007, -0.6311056017875671, -1.4013359401489448e-16]}, "segments": [8098, 8035, 3434, 8013], "label": "box"}, {"objectId": 30, "id": 30, "partId": 30, "index": 5, "dominantNormal": [-0.031612467020750046, -0.9995002150535583, -2.219336303740512e-16], "obb": {"axesLengths": [0.379414415083862, 0.408813974064276, 0.2509067729081695], "centroid": [-2.47917600082053, 1.3297939583990328, 0.07440697049184841], "normalizedAxes": [0.9995002150535583, -0.031612467020750046, -7.019377750328025e-18, 0, -2.220446049250313e-16, 1, -0.031612467020750046, -0.9995002150535583, -2.219336303740512e-16]}, "segments": [42481, 12066, 46291, 37355, 42442, 11972], "label": "plant"}, {"objectId": 31, "id": 31, "partId": 31, "index": 6, "dominantNormal": [-0.6440379023551941, -0.7649936079978943, -1.698627034580667e-16], "obb": {"axesLengths": [0.6102540893697638, 1.263949976922199, 0.20966408818535281], "centroid": [-3.8729078069876373, 2.362756385128513, -0.741975009620749], "normalizedAxes": [0.7649936079978943, -0.6440379023551941, -1.4300514158520496e-16, 0, -2.220446049250313e-16, 1, -0.6440379023551941, -0.7649936079978943, -1.698627034580667e-16]}, "segments": [1345], "label": "box"}, {"objectId": 32, "id": 32, "partId": 32, "index": 7, "dominantNormal": [-0.47528979182243347, -0.8798292875289917, -1.9536134655084674e-16], "obb": {"axesLengths": [0.30579257603868537, 0.7103760083680744, 0.09253492423658709], "centroid": [-3.4669408041671996, 2.3161092975682913, -0.760442025726095], "normalizedAxes": [0.8798292875289917, -0.47528979182243347, -1.0553553405011262e-16, 0, -2.220446049250313e-16, 1, -0.47528979182243347, -0.8798292875289917, -1.9536134655084674e-16]}, "segments": [2056, 2070], "label": "box"}, {"objectId": 33, "id": 33, "partId": 33, "index": 8, "dominantNormal": [0, -2.220446049250313e-16, 1], "obb": {"axesLengths": [0.6594591828633388, 0.20955001839511045, 0.4790811386391834], "centroid": [-2.800332962517536, 2.784107825830724, 1.125224958168901], "normalizedAxes": [0.8069369792938232, -0.5906375050544739, -1.3114787146372683e-16, 0, -2.220446049250313e-16, 1, -0.5906375050544739, -0.8069369792938232, -1.7917600276669515e-16]}, "segments": [47607, 4820, 5070, 47698, 23773, 44993, 40484, 47369, 5074, 4634, 4640, 4642, 4649, 4663, 4675, 4677, 4681, 4685, 4698, 4712, 4720, 4731, 4733, 4767, 4781, 4798, 4800, 4865, 4880, 4897, 4945, 4970, 4987, 5013, 5032, 5046, 5085, 5124, 5245, 5261, 5273, 5278, 5310, 5321, 6173, 6178, 6201, 6220, 6223, 6259, 6287, 6632, 6642, 6717, 23690, 23698, 23699, 29221, 40450, 40461, 40547, 40553, 40560, 40789, 40814, 45008, 45009, 47841], "label": "light"}, {"objectId": 34, "id": 34, "partId": 34, "index": 9, "dominantNormal": [-0.5709266066551208, -0.8210011124610901, -1.8229886765943395e-16], "obb": {"axesLengths": [0.521152377719287, 0.4456389744809497, 0.31392500639456294], "centroid": [-2.6146212573379204, 3.605879625478291, -0.6071805017326668], "normalizedAxes": [0.8210011124610901, -0.5709266066551208, -1.2677117281592506e-16, 0, -2.220446049250313e-16, 1, -0.5709266066551208, -0.8210011124610901, -1.8229886765943395e-16]}, "segments": [18668, 48812, 21026], "label": "box"}, {"objectId": 35, "id": 35, "partId": 35, "index": 10, "dominantNormal": [0.9363073110580444, -0.3511817753314972, -7.79780185603534e-17], "obb": {"axesLengths": [0.5316742135628546, 0.5747610202112563, 0.40497286673796645], "centroid": [-2.9513010153846126, 3.856561427310483, -1.083769500245836], "normalizedAxes": [0.3511817753314972, 0.9363073110580444, 2.0790198697230187e-16, 0, -2.220446049250313e-16, 1, 0.9363073110580444, -0.3511817753314972, -7.79780185603534e-17]}, "segments": [30365, 28089, 45354, 27231], "label": "box"}, {"objectId": 36, "id": 36, "partId": 36, "index": 11, "dominantNormal": [0.9270148873329163, -0.37502458691596985, -8.327218623892959e-17], "obb": {"axesLengths": [0.4957322697024818, 0.3791729872113542, 0.35812207232820126], "centroid": [-3.3087765107790252, 3.8949431483396832, 0.4195864684227142], "normalizedAxes": [0.37502458691596985, 0.9270148873329163, 2.058386544174598e-16, 0, -2.220446049250313e-16, 1, 0.9270148873329163, -0.37502458691596985, -8.327218623892959e-17]}, "segments": [30239, 27379], "label": "box"}, {"objectId": 37, "id": 37, "partId": 37, "index": 12, "dominantNormal": [0.7513206005096436, -0.6599373817443848, -1.4653553520469148e-16], "obb": {"axesLengths": [0.32068890196184846, 0.37999998673796664, 0.17848929046432974], "centroid": [-3.353601378278185, 3.552823397219984, 0.8399999307841064], "normalizedAxes": [0.6599373817443848, 0.7513206005096436, 1.6682668591220108e-16, 0, -2.220446049250313e-16, 1, 0.7513206005096436, -0.6599373817443848, -1.4653553520469148e-16]}, "segments": [28605, 47035, 26618], "label": "box"}, {"objectId": 38, "id": 38, "partId": 38, "index": 13, "dominantNormal": [0.8799881935119629, -0.47499558329582214, -1.0547020663405563e-16], "obb": {"axesLengths": [0.6126370260268894, 0.4200000073015686, 0.24924755298808118], "centroid": [-3.4895509076403783, 3.5419360463069407, 0.3399999717622988], "normalizedAxes": [0.47499558329582214, 0.8799881935119629, 1.953966307670558e-16, 0, -2.220446049250313e-16, 1, 0.8799881935119629, -0.47499558329582214, -1.0547020663405563e-16]}, "segments": [27459, 33518, 18144, 27458], "label": "box"}, {"objectId": 39, "id": 39, "partId": 39, "index": 14, "dominantNormal": [0, -2.220446049250313e-16, 1], "obb": {"axesLengths": [0.6430434311929526, 0.27999999493360517, 0.34574927177930653], "centroid": [-3.512346499802402, 3.653858224173305, 0.049999971687793465], "normalizedAxes": [0.9755008816719055, -0.2199953943490982, -4.8848790423571976e-17, 0, -2.220446049250313e-16, 1, -0.2199953943490982, -0.9755008816719055, -2.1660470787485798e-16]}, "segments": [44750, 30380, 22162], "label": "box"}, {"objectId": 40, "id": 40, "partId": 40, "index": 15, "dominantNormal": [0, -2.220446049250313e-16, 1], "obb": {"axesLengths": [0.6398303154916277, 0.2399999948590994, 0.2944544125112998], "centroid": [-3.5594006312706554, 3.6392076206670683, -0.13000002119690235], "normalizedAxes": [0.8832042217254639, -0.4689885973930359, -1.0413638782248122e-16, 0, -2.220446049250313e-16, 1, -0.4689885973930359, -0.8832042217254639, -1.9611073248115038e-16]}, "segments": [18173, 44601, 18162], "label": "box"}, {"objectId": 41, "id": 41, "partId": 41, "index": 16, "dominantNormal": [0, -2.220446049250313e-16, 1], "obb": {"axesLengths": [0.3048656569850683, 0.13999998256564172, 0.2113619831713963], "centroid": [-3.4161445398254413, 3.417946246817765, -0.38000001095235403], "normalizedAxes": [0.4856186807155609, 0.87417072057724, 1.941048922876032e-16, 0, -2.220446049250313e-16, 1, 0.87417072057724, -0.4856186807155609, -1.0782900810370164e-16]}, "segments": [20446, 39882], "label": "box"}, {"objectId": 42, "id": 42, "partId": 42, "index": 17, "dominantNormal": [0.4317310154438019, 0.9020023941993713, 2.0028476526143176e-16], "obb": {"axesLengths": [0.32610746516701006, 0.4874289820917921, 0.3304512103860615], "centroid": [-3.6313615000356427, 3.2715919935600164, -0.513714519954149], "normalizedAxes": [0.4317310154438019, 0.9020023941993713, 2.0028476526143176e-16, 0, -2.220446049250313e-16, 1, 0.9020023941993713, -0.4317310154438019, -9.586354275810158e-17]}, "segments": [18725, 17473, 20040], "label": "box"}, {"objectId": 43, "id": 43, "partId": 43, "index": 18, "dominantNormal": [0.7762560248374939, -0.6304177641868591, -1.3998086338659269e-16], "obb": {"axesLengths": [0.5797253916806192, 0.4999999888241291, 0.24202674525259724], "centroid": [-3.629419583226466, 3.3825244923952207, 0.7799999297410256], "normalizedAxes": [0.6304177641868591, 0.7762560248374939, 1.7236346235571662e-16, 0, -2.220446049250313e-16, 1, 0.7762560248374939, -0.6304177641868591, -1.3998086338659269e-16]}, "segments": [4045, 26209], "label": "box"}, {"objectId": 44, "id": 44, "partId": 44, "index": 19, "dominantNormal": [0.7560533285140991, -0.6545100212097168, -1.4533041907898543e-16], "obb": {"axesLengths": [0.580531958700111, 0.40000002682208935, 0.37297233109149586], "centroid": [-3.356418136164648, 3.8409676720719794, -1.0300000023841862], "normalizedAxes": [0.6545100212097168, 0.7560533285140991, 1.6787756263216805e-16, 0, -2.220446049250313e-16, 1, 0.7560533285140991, -0.6545100212097168, -1.4533041907898543e-16]}, "segments": [5991, 30181, 6019, 17281], "label": "box"}, {"objectId": 45, "id": 45, "partId": 45, "index": 20, "dominantNormal": [-0.5812588930130005, -0.8137186765670776, -1.8068184205845609e-16], "obb": {"axesLengths": [0.19997100992418565, 0.3018879822964671, 0.1597264237862071], "centroid": [-3.592473850752067, 3.230766936570274, 0.41905596474432905], "normalizedAxes": [0.8137186765670776, -0.5812588930130005, -1.2906540125823273e-16, 0, -2.220446049250313e-16, 1, -0.5812588930130005, -0.8137186765670776, -1.8068184205845609e-16]}, "segments": [51746, 50907, 51730], "label": "box"}, {"objectId": 46, "id": 46, "partId": 46, "index": 21, "dominantNormal": [-0.24174460768699646, -0.9703398942947388, -2.154587384716719e-16], "obb": {"axesLengths": [0.6862662029172262, 0.5481980022445765, 0.48053685315121913], "centroid": [-3.971567614666563, 3.152881716673423, 0.39590097637695765], "normalizedAxes": [0.9703398942947388, -0.24174462258815765, -5.3678089215338266e-17, 0, -2.220446049250313e-16, 1, -0.24174462258815765, -0.9703398942947388, -2.154587384716719e-16]}, "segments": [36621, 52358, 36681, 51888, 51857, 29549, 51759], "label": "box"}, {"objectId": 47, "id": 47, "partId": 47, "index": 22, "dominantNormal": [0, -2.220446049250313e-16, 1], "obb": {"axesLengths": [0.6895162624266812, 0.5599999600648886, 0.5759399741249027], "centroid": [-4.071277095623236, 2.9862135488101926, 0.3699999573826789], "normalizedAxes": [0.8521360754966736, -0.5233202576637268, -1.162004398622078e-16, 0, -2.220446049250313e-16, 1, -0.5233202576637268, -0.8521360754966736, -1.8921221822602554e-16]}, "segments": [38794, 53993, 2728, 2386], "label": "box"}, {"objectId": 48, "id": 48, "partId": 48, "index": 23, "dominantNormal": [-0.6444471478462219, -0.7646488547325134, -1.697861528554586e-16], "obb": {"axesLengths": [0.6640193711654601, 0.3199999856948854, 0.22931725342377496], "centroid": [-4.33185522704811, 2.763278890634888, 0.7099999682605258], "normalizedAxes": [0.7646488547325134, -0.6444471478462219, -1.430960123385776e-16, 0, -2.220446049250313e-16, 1, -0.6444471478462219, -0.7646488547325134, -1.697861528554586e-16]}, "segments": [25992, 25383, 35642], "label": "box"}, {"objectId": 18, "id": 18, "partId": 18, "index": 24, "dominantNormal": [-0.6792829036712646, -0.7338765263557434, -1.6295332335841537e-16], "obb": {"axesLengths": [1.2443179137354754, 1.8659349858924368, 0.5198369039632487], "centroid": [-2.796793629970075, 3.693040475487966, 0.1104824574183858], "normalizedAxes": [0.7338765263557434, -0.6792829036712646, -1.5083110397801406e-16, 0, -2.220446049250313e-16, 1, -0.6792829036712646, -0.7338765263557434, -1.6295332335841537e-16]}, "segments": [60, 12191, 21475, 21462], "label": "wall"}, {"objectId": 19, "id": 19, "partId": 19, "index": 25, "dominantNormal": [0.787248432636261, 0.6166359782218933, 1.369206921668405e-16], "obb": {"axesLengths": [1.267649732794034, 2.3961998880758895, 0.7611322506560573], "centroid": [-2.2062434173739187, 3.040234280124231, -0.168100019884855], "normalizedAxes": [-0.6166359782218933, 0.7872483730316162, 1.748042539676789e-16, 0, -2.220446049250313e-16, 1, 0.7872483730316162, 0.6166359782218933, 1.369206921668405e-16]}, "segments": [43030, 37296, 12692, 19539, 16976, 13243, 39011, 48687, 13156, 34782, 22465, 40714, 28478, 26926, 39808, 48674, 4392, 4434, 37235, 37003, 53392, 38019, 8957, 54215, 40679, 12914, 41743, 12831, 12737, 43779, 19048, 18546, 12398, 6524, 26284, 9501, 37194, 52589, 33891, 53693, 53703, 38211, 53177, 37426, 53819, 15450, 15796, 8139, 4385, 4425, 5493, 6993, 7005, 7134, 7262, 7299, 7398, 7455, 8138, 8348, 8422, 8488, 8680, 8804, 8904, 9253, 9288, 9305, 9306, 9345, 9350, 9362, 9397, 9422, 9629, 9635, 10030, 10733, 10891, 11032, 11088, 11669, 12237, 12433, 12502, 13654, 15004, 15061, 15331, 15426, 16458, 16465, 16478, 16586, 16595, 16663, 16677, 16836, 16879, 16884, 16902, 16934, 17076, 17084, 17089, 17113, 17168, 17174, 17186, 17885, 17919, 18021, 18657, 19490, 19730, 20462, 20688, 20726, 20733, 20753, 20910, 21707, 21999, 22365, 22470, 22546, 22833, 23048, 23302, 23574, 23603, 23737, 24364, 24540, 24585, 24639, 24953, 24958, 25390, 25409, 25466, 26403, 26412, 26461, 26802, 26999, 28196, 28309, 28928, 29095, 29096, 29099, 29732, 29791, 29793, 29823, 29839, 29911, 30822, 30829, 30866, 30880, 30949, 30951, 30956, 30993, 31663, 31717, 31732, 31741, 31775, 32712, 32716, 32720, 32728, 32757, 32782, 32804, 32809, 32828, 32830, 32903, 33166, 33190, 33682, 33684, 33930, 34622, 34654, 34657, 34763, 34930, 35002, 35085, 35104, 35153, 35173, 35200, 35202, 35220, 36071, 36074, 36881, 36976, 36998, 37078, 37089, 37109, 37141, 37162, 37183, 37184, 37189, 37303, 37341, 37360, 37413, 37442, 37464, 37472, 37491, 37514, 37558, 37599, 37610, 37619, 37631, 38073, 38075, 38111, 38148, 38193, 38270, 38447, 38601, 38622, 38666, 38757, 38761, 39042, 39063, 39371, 39372, 39447, 39477, 39499, 39500, 39505, 39510, 39536, 39548, 39602, 39608, 39616, 39656, 39681, 39695, 39696, 39718, 39720, 39740, 39750, 39769, 39771, 39779, 39781, 39792, 39820, 39821, 39825, 39826, 39828, 39832, 39835, 39838, 40426, 40549, 40576, 40590, 40594, 40595, 40607, 40628, 40640, 40691, 40705, 40709, 40721, 40791, 40970, 41008, 41010, 41031, 41157, 41183, 41344, 41442, 41456, 41548, 41576, 41668, 41775, 41783, 41798, 41940, 42509, 42514, 42633, 42703, 42741, 42745, 42808, 42823, 42905, 43010, 43074, 43784, 48074, 48075, 48078, 48080, 48518, 48542, 48544, 48575, 48579, 48726, 48799, 48805, 48904, 48931, 49335, 49623, 49651, 50713, 50715, 50719, 50733, 50742, 50745, 50890, 51337, 51457, 51892, 52393, 52425, 52438, 52440, 52443, 52446, 52771, 52868, 53138, 53288, 53302, 53309, 53348, 53353, 53385, 53435, 53575, 53615, 53674, 53716, 53721, 53755, 54222, 38466, 19460, 19263, 6701, 9920, 12150, 12371, 29065, 30997, 36975, 36460, 36051, 28325, 36954], "label": "shelf"}, {"objectId": 20, "id": 20, "partId": 20, "index": 26, "dominantNormal": [0.7343785166740417, -0.6787401437759399, -1.5071058707148753e-16], "obb": {"axesLengths": [1.3122216303270686, 2.4476500202495584, 0.7177789901430246], "centroid": [-3.479410750737799, 3.7364043579081665, -0.133825025323965], "normalizedAxes": [0.6787401437759399, 0.7343785166740417, 1.6306478760031812e-16, 0, -2.220446049250313e-16, 1, 0.7343785166740417, -0.6787401437759399, -1.5071058707148753e-16]}, "segments": [18200, 17896, 14105, 17754, 44119, 31219, 46579, 23255, 44876, 3942, 9621, 9627, 9633, 9652, 9679, 9787, 10172, 13422, 13445, 13460, 13474, 13491, 13520, 13562, 13608, 13642, 13651, 13669, 13673, 14016, 15202, 15259, 16809, 17052, 17080, 17101, 17165, 17448, 17705, 17786, 17792, 17827, 17917, 18117, 18122, 18138, 18716, 18788, 18792, 19325, 19385, 19429, 19668, 19676, 19694, 19746, 19758, 19763, 19778, 19792, 19799, 19831, 19877, 19895, 19903, 19904, 20283, 21827, 21839, 21844, 21846, 21860, 21917, 21927, 21951, 21962, 22008, 22012, 22053, 22054, 22060, 22088, 22096, 22099, 22109, 22121, 22127, 22169, 22251, 22298, 22301, 22332, 22358, 22399, 22401, 22409, 22452, 22459, 22510, 22524, 22560, 22648, 22655, 22658, 22747, 22756, 22814, 22834, 22845, 22991, 22998, 23061, 23070, 23095, 23161, 23190, 23210, 23214, 23238, 23242, 23251, 23261, 23272, 23273, 23365, 23425, 23433, 23524, 24071, 24184, 25123, 26193, 26202, 26261, 26264, 26670, 26815, 26861, 26868, 26902, 26957, 26967, 27089, 27108, 27119, 27123, 27287, 27297, 27331, 27385, 27442, 27462, 28258, 28275, 28637, 28638, 29510, 29512, 29647, 30262, 30317, 30328, 30347, 30468, 30474, 30483, 30495, 30678, 30850, 30856, 31088, 31437, 31485, 31525, 31574, 31909, 31975, 31990, 32001, 32023, 32031, 32077, 32122, 32182, 32203, 32205, 32209, 33512, 33538, 33546, 33601, 33637, 33662, 33722, 33742, 33815, 35664, 35823, 35846, 35853, 35857, 35904, 35908, 39849, 39861, 39875, 39877, 39904, 39909, 39926, 41626, 41629, 41643, 41648, 41649, 41664, 41665, 42719, 42720, 42752, 43907, 44063, 44076, 44079, 44128, 44514, 44519, 44522, 44525, 44532, 44640, 44652, 44659, 44661, 44665, 44706, 44709, 44713, 44725, 44756, 44777, 44829, 44844, 44867, 45748, 45758, 45761, 45765, 45767, 45779, 45781, 45788, 45926, 46067, 46250, 46264, 46280, 46286, 46964, 47031, 47214, 47256, 47259, 47748, 47844, 47850, 47881, 47918, 47922, 47924, 47929, 47930, 48285, 48290, 48355, 48360, 48461, 48467, 48470, 48496, 50899, 50981, 51015, 51017, 51102, 51121, 51862, 14852, 47439, 7909, 5803, 5923, 5967, 6022, 6026, 6055, 6073, 18960, 18980, 18993, 19099, 26889, 26936, 27024, 29665, 30230, 40731, 40739, 43482, 43488, 43503, 43839, 44032, 44036, 45013, 6014, 19097, 43957, 5659, 1218, 3477, 3527, 5499, 5591, 5675, 5696, 5701, 5712, 5716, 5744, 5815, 5821, 5823, 5865, 5893, 18956, 18969, 18985, 19024, 19026, 19057, 20134, 20144, 20199, 23382, 23441, 23445, 23454, 26964, 27105, 28418, 40646, 43726, 43842, 43845, 43897, 43986, 44258, 44262, 44291, 44298, 44903, 44952, 45016, 44924, 6067, 29529, 40395, 48140, 48225, 22593, 43697, 22755, 30697, 460, 47731, 31835, 48081, 32798, 48216, 23915, 22031, 608, 21904, 44314, 22056, 48158, 18268, 17135, 44172, 19103, 20029, 18712, 17241, 3479, 18361, 23477, 30696, 32543, 24133, 45193, 24372, 46975, 24441, 23038, 22199, 3891, 3934, 40409], "label": "shelf"}, {"objectId": 1, "id": 1, "partId": 1, "index": 27, "dominantNormal": [0, -2.220446049250313e-16, 1], "obb": {"axesLengths": [4.872862961359151, 0.20693993105873623, 2.4261219907137606], "centroid": [-1.897513917305399, 1.698703553486361, -1.3523399769736837], "normalizedAxes": [0.7971859574317932, -0.6037338376045227, -1.3405584145076925e-16, 0, -2.220446049250313e-16, 1, -0.6037338376045227, -0.7971859574317932, -1.7701084096972535e-16]}, "segments": [15409, 9563, 21324, 21379, 11500, 25874, 22706, 22246, 18047, 27256, 15, 30, 38, 45, 94, 107, 123, 309, 317, 1053, 1090, 1091, 1095, 1132, 1139, 3794, 3803, 5642, 7719, 7769, 7813, 8309, 8958, 10825, 10972, 11027, 11029, 11557, 11588, 13727, 13827, 14610, 14711, 14717, 14722, 14743, 14746, 15748, 18415, 21787, 21809, 25640, 25679, 25711, 25720, 25756, 25759, 26388, 26428, 26447, 27924, 28884, 30749, 30783, 40048, 40051, 40063, 40191, 41115, 41119, 42000, 42723, 42841, 43079, 44818, 44825, 45587, 45588, 45647, 45670, 50703, 50706, 27637, 26509, 28708, 28748, 28753, 28755, 44870], "label": "floor"}, {"objectId": 2, "id": 2, "partId": 2, "index": 28, "dominantNormal": [0, -2.220446049250313e-16, 1], "obb": {"axesLengths": [0.8431296978481566, 0.33999990656972123, 0.5117237151722963], "centroid": [-1.5632283219240712, 2.3835177757144943, -1.2599999865144498], "normalizedAxes": [0.6119154691696167, 0.7909231781959534, 1.756202246285706e-16, 0, -2.220446049250313e-16, 1, 0.7909231781959534, -0.6119154691696167, -1.3587252859928272e-16]}, "segments": [20924, 44439, 24552, 20934, 13895, 13856, 29052, 25043, 45422, 19243, 24566, 24597, 24630, 25482, 25485, 25606, 42738, 45203, 45206, 45627, 48038, 45615], "label": "box"}, {"objectId": 3, "id": 3, "partId": 3, "index": 29, "dominantNormal": [0.7795326113700867, -0.626361608505249, -1.3908021590075515e-16], "obb": {"axesLengths": [2.0777694278059777, 2.414829915430472, 0.14432384091650088], "centroid": [-2.0577639643408885, 2.093361861633516, -0.1574150530826668], "normalizedAxes": [0.626361608505249, 0.7795326113700867, 1.7309101071784886e-16, 0, -2.220446049250313e-16, 1, 0.7795326113700867, -0.626361608505249, -1.3908021590075515e-16]}, "segments": [9908, 45457, 12243, 35767, 13903, 13985, 51349, 45576, 25553, 25563, 25565, 45568, 34888, 25570, 45468], "label": "wall"}, {"objectId": 4, "id": 4, "partId": 4, "index": 30, "dominantNormal": [-0.652938723564148, -0.7574107646942139, -1.6817897401249257e-16], "obb": {"axesLengths": [0.9621552124052203, 2.4221898968028293, 0.26210955821971643], "centroid": [-2.3742728169055103, 0.9991266195184672, -0.1417750330617651], "normalizedAxes": [0.7574107646942139, -0.652938723564148, -1.4498152091405546e-16, 0, -2.220446049250313e-16, 1, -0.652938723564148, -0.7574107646942139, -1.6817897401249257e-16]}, "segments": [28273, 26697, 12701, 14183, 31250, 45854, 48617, 48643, 26722, 14990, 38345, 27209], "label": "wall"}, {"objectId": 5, "id": 5, "partId": 5, "index": 31, "dominantNormal": [-0.6862658858299255, -0.7273507118225098, -1.6150430144856948e-16], "obb": {"axesLengths": [2.876398360021489, 2.4399998834729204, 0.3288820370610531], "centroid": [-0.4258423857585283, 1.9017231080298254, -0.17000003710389167], "normalizedAxes": [0.7273507714271545, -0.6862658858299255, -1.5238163749263246e-16, 0, -2.220446049250313e-16, 1, -0.6862658858299255, -0.7273507714271545, -1.6150431468345928e-16]}, "segments": [40279, 4997, 6927, 32153, 6831, 6846, 25567, 28516], "label": "wall"}, {"objectId": 6, "id": 6, "partId": 6, "index": 32, "dominantNormal": [-0.6373800039291382, -0.7705496549606323, -1.710963937108528e-16], "obb": {"axesLengths": [1.200734353265083, 2.263274917082303, 0.11835000272211646], "centroid": [-0.7237872496668796, 2.317461374492141, -0.2983624812581591], "normalizedAxes": [0.7705496549606323, -0.6373800039291382, -1.415267911595604e-16, 0, -2.220446049250313e-16, 1, -0.6373800039291382, -0.7705496549606323, -1.710963937108528e-16]}, "segments": [21650, 28427, 19309, 28867, 7038, 47168, 4480, 4596, 14224, 14225, 14228, 14246, 14252, 15329, 15728, 15744, 15747, 16226, 16267, 16516, 16530, 16590, 16617, 16618, 16621, 16676, 16678, 16723, 16995, 17006, 19449, 19452, 24688, 24696, 24699, 24719, 24743, 24774, 24787, 24801, 24811, 24821, 24836, 24861, 24862, 24872, 24914, 28095, 28808, 28910, 43336, 43420, 45277, 45278, 45283, 45288, 45305, 45338, 46953, 52385, 52389, 19290], "label": "door"}, {"objectId": 7, "id": 7, "partId": 7, "index": 33, "dominantNormal": [-0.5613197684288025, -0.8275989890098572, -1.8376389055104906e-16], "obb": {"axesLengths": [0.7626384148649663, 2.153034936941378, 0.11046801160686558], "centroid": [-2.3435031287107124, 2.5952831653693194, -0.3014525051835375], "normalizedAxes": [0.8275989890098572, -0.5613197684288025, -1.246380262173835e-16, 0, -2.220446049250313e-16, 1, -0.5613197684288025, -0.8275989890098572, -1.8376389055104906e-16]}, "segments": [4523, 4448, 4456, 4533, 7615, 7627, 9025, 9026, 12592, 12659, 12689, 30842, 31833, 31845, 31869, 36488, 40423, 40444, 40579, 40583, 40586, 41018, 41020, 41024, 41325, 42516, 42519, 42528, 42530, 42532, 42552, 42554, 42557, 48907, 48912, 48915, 48918, 48920, 48922, 48936, 48938, 49367, 49654, 49672, 36509, 32011, 5362, 39319, 40442, 41332, 41591, 49295, 49305, 49310, 49318, 49321, 49657, 49664, 49669, 49678, 49685, 53079, 7118, 7248, 4618, 7608, 12706, 12833, 36430, 53165], "label": "door"}, {"objectId": 8, "id": 8, "partId": 8, "index": 34, "dominantNormal": [0.9118920564651489, -0.4104301333427429, -9.113379680741727e-17], "obb": {"axesLengths": [1.1624315864064423, 2.4854299466588348, 0.8623928319443755], "centroid": [-4.140366338063327, 2.980304169133384, -0.13271500804912373], "normalizedAxes": [0.4104301333427429, 0.9118920564651489, 2.0248071141207833e-16, 0, -2.220446049250313e-16, 1, 0.9118920564651489, -0.4104301333427429, -9.113379680741727e-17]}, "segments": [3380, 39151, 53608, 38892, 2207, 1612, 1587, 4360, 16397, 52374, 53978, 29552, 1024, 1318, 2118, 2169, 2275, 2382, 2444, 2758, 3530, 3532, 3607, 3628, 3635, 3646, 3650, 3666, 3684, 3703, 3718, 3737, 3773, 3988, 4039, 5583, 5646, 13271, 13332, 15317, 15907, 16051, 16057, 16101, 17677, 18301, 18334, 18362, 18376, 20762, 20770, 20800, 20817, 20832, 24751, 25340, 25346, 25347, 26328, 26337, 26367, 33790, 35589, 35612, 35614, 36586, 36602, 36651, 36695, 36706, 36717, 36718, 38848, 38875, 40006, 40008, 40340, 40350, 40358, 42815, 43709, 43713, 43718, 43721, 43724, 43727, 43767, 44334, 44335, 44341, 44345, 44348, 44351, 44356, 44398, 44401, 44406, 44410, 44412, 44418, 44420, 44808, 45397, 49819, 49831, 51763, 51781, 53571], "label": "boxes"}, {"objectId": 9, "id": 9, "partId": 9, "index": 35, "dominantNormal": [0, -2.220446049250313e-16, 1], "obb": {"axesLengths": [2.356588647896265, 0.1654399596428882, 1.6035494276760716], "centroid": [-2.9124023824910834, 2.9726489541840055, 1.0727199430155752], "normalizedAxes": [0.9314597249031067, -0.36384448409080505, -8.078970472409465e-17, 0, -2.220446049250313e-16, 1, -0.36384448409080505, -0.9314597249031067, -2.0682560661968867e-16]}, "segments": [26006, 6777, 6169, 6293, 6734, 6778, 10103, 12885, 12897, 12921, 12925, 12941, 14421, 14424, 24338, 24350, 24356, 24359, 25925, 6405, 10109, 28585], "label": "ceiling"}, {"objectId": 10, "id": 10, "partId": 10, "index": 36, "dominantNormal": [0, -2.220446049250313e-16, 1], "obb": {"axesLengths": [1.8616781868930945, 0.0798400622642026, 1.2263467894881872], "centroid": [-1.6983482332831878, 1.6830588363460344, 1.0499199748057118], "normalizedAxes": [0.6584907174110413, 0.7525888681411743, 1.6710829789738353e-16, 0, -2.220446049250313e-16, 1, 0.7525888681411743, -0.6584907174110413, -1.462143111943351e-16]}, "segments": [3720, 50110, 7658], "label": "ceiling"}, {"objectId": 11, "id": 11, "partId": 11, "index": 37, "dominantNormal": [0.6258177757263184, 0.7799692749977112, 1.7318796952052988e-16], "obb": {"axesLengths": [0.9352487921261969, 2.1689299456269295, 0.9368843332396911], "centroid": [-2.496356961707126, 2.2378867050962605, -0.2744650127485775], "normalizedAxes": [0.6258177757263184, 0.7799692749977112, 1.7318796952052988e-16, 0, -2.220446049250313e-16, 1, 0.7799692749977112, -0.6258177757263184, -1.389594607662122e-16]}, "segments": [38808, 6502, 41765, 33210, 7233, 29832, 40993, 41790, 42486, 48024, 29804, 9554], "label": "doorframe"}, {"objectId": 12, "id": 12, "partId": 12, "index": 38, "dominantNormal": [-0.4609090983867645, -0.8874473571777344, -1.9705289781629318e-16], "obb": {"axesLengths": [0.6382723900783205, 1.645622961693488, 0.5753514693153814], "centroid": [-2.2814085843715057, 1.3266500050308538, -0.5436685056909516], "normalizedAxes": [0.8874473571777344, -0.4609090983867645, -1.0234237865764151e-16, 0, -2.220446049250313e-16, 1, -0.4609090983867645, -0.8874473571777344, -1.9705289781629318e-16]}, "segments": [34281, 51142, 34302, 35376, 34505, 51550, 1576, 3874, 3597, 5426, 36220, 49766, 36164, 51272, 37715, 37909, 51243, 37672, 51317, 35313, 35555, 49942, 3724, 42879, 32473, 1946, 2360, 2515, 2524, 2534, 3305, 6797, 6995, 11924, 11966, 12200, 12215, 30218, 31358, 31406, 32936, 32969, 32973, 32989, 32997, 33006, 33928, 33939, 33942, 34019, 34038, 34055, 34128, 34167, 34208, 34235, 34316, 34343, 34363, 34365, 34378, 34432, 34511, 34581, 34617, 34626, 34661, 34682, 34695, 35286, 35320, 35396, 35447, 35472, 35474, 35493, 35500, 35636, 36116, 36137, 36157, 36352, 37683, 37781, 37821, 39977, 39980, 39995, 40025, 42447, 49674, 49724, 49957, 49961, 50746, 50752, 51180, 51187, 51226, 51284, 51309, 51312, 51314, 51338, 51356, 51513, 51523, 51527, 51531, 51540, 51909, 52072, 52333, 53042, 53061, 53127, 6426, 1487, 11884, 35252, 12084], "label": "showcase"}, {"objectId": 13, "id": 13, "partId": 13, "index": 39, "dominantNormal": [0.9393396377563477, -0.34298837184906006, -7.615871752110427e-17], "obb": {"axesLengths": [0.780499405254878, 0.6042849882479385, 0.5992586125937235], "centroid": [-1.9002385741971173, 1.1523982347701167, -1.055567503596079], "normalizedAxes": [0.34298837184906006, 0.9393396377563477, 2.0857529875603024e-16, 0, -2.220446049250313e-16, 1, 0.9393396377563477, -0.34298837184906006, -7.615871752110427e-17]}, "segments": [32596, 52218, 31532, 30043, 52237, 52286, 52041, 14877, 14055, 27202, 31534, 36269, 14918, 14960, 14988, 15054, 15058, 30038, 30045, 30060, 30064, 30079, 30103, 30124, 31339, 31376, 31386, 31464, 32226, 32304, 32379, 32392, 32451, 32630, 32999, 33040, 33052, 33110, 33113, 36200, 36216, 36253, 36306, 42849, 48235, 48237, 48587, 48620, 48626, 48638, 48653, 48656, 48665, 49761, 49806, 49888, 49919, 50069, 50754, 50759, 51926, 26708, 50054], "label": "box"}, {"objectId": 14, "id": 14, "partId": 14, "index": 40, "dominantNormal": [0.7336511015892029, 0.6795263290405273, 1.5088515526796072e-16], "obb": {"axesLengths": [1.0887732830880381, 1.2399999818205831, 0.24724027112404026], "centroid": [0.0715354485994859, 1.6095539538376087, -0.31000001966953317], "normalizedAxes": [-0.6795263290405273, 0.7336511015892029, 1.6290326900518856e-16, 0, -2.220446049250313e-16, 1, 0.7336511015892029, 0.6795263290405273, 1.5088515526796072e-16]}, "segments": [13197, 4154, 45096, 23623, 23875, 13180, 15533, 15552, 15573, 15588, 15589, 17446, 17447, 17455, 17463, 17467, 17476, 17487, 23591, 23595, 23619, 23880, 23901, 24241, 24249, 24281, 24285, 24318, 43516, 44956, 45018, 24089, 21232, 45113, 25166, 25201], "label": "wall"}, {"objectId": 15, "id": 15, "partId": 15, "index": 41, "dominantNormal": [-0.6482217907905579, -0.7614516019821167, -1.690762201316513e-16], "obb": {"axesLengths": [1.2213151677595708, 0.7799999539554124, 0.2940637674045826], "centroid": [-0.010933233529546671, 1.5633695674410844, -1.0000000018626456], "normalizedAxes": [0.7614516019821167, -0.6482217907905579, -1.4393415143988572e-16, 0, -2.220446049250313e-16, 1, -0.6482217907905579, -0.7614516019821167, -1.690762201316513e-16]}, "segments": [28791, 10900, 14533, 11023, 14514, 14681, 14707, 14731, 26060, 26071, 27808, 27809, 27830, 27919, 27976, 28008, 28035, 42826, 42836, 46301, 46560, 46762, 46779, 46524, 46699, 46720], "label": "cabinet"}, {"objectId": 16, "id": 16, "partId": 16, "index": 42, "dominantNormal": [0.75734943151474, 0.6530097723007202, 1.4499729690269807e-16], "obb": {"axesLengths": [0.47271158866595725, 0.86992699943646, 0.17612102076950123], "centroid": [0.24480702379244024, 1.434071824143881, -0.1449635387592727], "normalizedAxes": [-0.6530097723007202, 0.75734943151474, 1.681653553108875e-16, 0, -2.220446049250313e-16, 1, 0.75734943151474, 0.6530097723007202, 1.4499729690269807e-16]}, "segments": [26533, 26474, 47075, 21284, 23926, 23967, 24044, 24052, 24065, 24069, 24075, 24111, 24130, 24134, 24216, 26535, 28484, 45784], "label": "clothes"}, {"objectId": 17, "id": 17, "partId": 17, "index": 43, "dominantNormal": [-0.581130862236023, -0.8138101100921631, -1.8070214437941059e-16], "obb": {"axesLengths": [1.179167427179702, 1.5241099851404871, 0.10856704256907315], "centroid": [-4.1734751525413305, 2.511468768536944, 0.31205499033506845], "normalizedAxes": [0.8138101100921631, -0.581130862236023, -1.290369727149405e-16, 0, -2.220446049250313e-16, 1, -0.581130862236023, -0.8138101100921631, -1.8070214437941059e-16]}, "segments": [875, 25921], "label": "wall"}, {"objectId": 21, "id": 21, "partId": 21, "index": 44, "dominantNormal": [-0.6958326697349548, -0.7182039022445679, -1.5947330172951088e-16], "obb": {"axesLengths": [0.9741491498622578, 0.9801299352914851, 0.3925425769552422], "centroid": [-2.7685418441941567, 3.7224908814505078, -0.8800649688378361], "normalizedAxes": [0.7182039022445679, -0.6958326697349548, -1.5450589024522784e-16, 0, -2.220446049250313e-16, 1, -0.6958326697349548, -0.7182039022445679, -1.5947330172951088e-16]}, "segments": [15743, 2327, 15517, 16381, 16862, 16911, 17058, 17290, 18096, 18132, 33817, 34345, 34785, 34916, 42706, 42805, 45173, 48670, 48684, 48796, 46162], "label": "box"}, {"objectId": 22, "id": 22, "partId": 22, "index": 45, "dominantNormal": [-0.702754557132721, -0.7114323377609253, -1.579697123690161e-16], "obb": {"axesLengths": [0.37008063433564314, 0.45999999992549395, 0.25453307519518104], "centroid": [-2.63224267713578, 3.7093078531665604, -0.26000002283602974], "normalizedAxes": [0.7114323377609253, -0.702754557132721, -1.5604285799780037e-16, 0, -2.220446049250313e-16, 1, -0.702754557132721, -0.7114323377609253, -1.579697123690161e-16]}, "segments": [43293, 8783, 43261, 8124, 19999, 20107, 20741, 21438, 21440, 21489, 21503, 39971, 39974, 43517, 43520, 8579, 20210, 43548, 8781, 20051, 20060, 20188, 20192, 20278, 20529, 20549, 20820, 21266, 21422, 21478, 21522, 21559, 21568, 43247, 43649, 43656, 43659, 20751, 20064, 20336, 20521, 20603, 21481, 14861, 20706, 46110], "label": "item"}], "scan_id": "feefd90b-9d00-2ce5-8119-b936443cc39b", "annId": "5168", "appId": "stk.v1"}