{"segGroups": [{"objectId": 1, "id": 1, "partId": 1, "index": 0, "dominantNormal": [0, -2.220446049250313e-16, 1], "obb": {"axesLengths": [2.220101357942414, 1.4327439047527923, 1.5008245954797692], "centroid": [-0.4571253366208874, 1.0186050468480436, -0.9654680287027049], "normalizedAxes": [0.8817889094352722, 0.4716443121433258, 1.0472607495500292e-16, 0, -2.220446049250313e-16, 1, 0.4716443121433258, -0.8817889094352722, -1.9579647002282923e-16]}, "segments": [2705, 2032, 2004, 300, 1821, 98, 513, 1146, 1160, 1171, 1847, 1920, 6473, 6976, 7831, 622, 2752], "label": "floor"}, {"objectId": 2, "id": 2, "partId": 2, "index": 1, "dominantNormal": [0.8955392837524414, -0.4449824094772339, -9.88059433109609e-17], "obb": {"axesLengths": [1.0645210766889184, 2.154419970041066, 0.22739366550152856], "centroid": [-0.2776125860719813, 1.0487514654098211, -0.5872100621751677], "normalizedAxes": [0.4449824094772339, 0.8955393433570862, 1.9884967969054616e-16, 0, -2.220446049250313e-16, 1, 0.8955393433570862, -0.4449824094772339, -9.88059433109609e-17]}, "segments": [3602, 437, 6545, 3630, 7069, 337, 1036, 6105, 6173, 7525, 6055], "label": "wall"}, {"objectId": 3, "id": 3, "partId": 3, "index": 2, "dominantNormal": [-0.513209879398346, -0.8582631349563599, -1.9057269872310375e-16], "obb": {"axesLengths": [0.507065677162515, 2.2312039234220093, 0.0835876933771988], "centroid": [-0.7729529504946332, 0.9361002181374347, -0.5543980337852674], "normalizedAxes": [0.8582631349563599, -0.513209879398346, -1.139554849146287e-16, 0, -2.220446049250313e-16, 1, -0.513209879398346, -0.8582631349563599, -1.9057269872310375e-16]}, "segments": [1071, 1154, 1165, 448, 1694, 4055], "label": "wall"}, {"objectId": 4, "id": 4, "partId": 4, "index": 3, "dominantNormal": [0.8544440865516663, -0.5195434093475342, -1.1536181106997704e-16], "obb": {"axesLengths": [1.0257057323038126, 2.228400001785158, 0.1277415200777737], "centroid": [-0.7076742020597564, 1.4799701643470542, -0.5442000965246532], "normalizedAxes": [0.5195434093475342, 0.8544440269470215, 1.897246863940042e-16, 0, -2.220446049250313e-16, 1, 0.8544440269470215, -0.5195434093475342, -1.1536181106997704e-16]}, "segments": [5258, 7911, 7910, 3003, 3051, 3454, 3496, 4038, 4479, 4732, 4848, 5529, 7972], "label": "wall"}, {"objectId": 5, "id": 5, "partId": 5, "index": 4, "dominantNormal": [-0.5571073889732361, -0.8304404616355896, -1.843948242176351e-16], "obb": {"axesLengths": [0.557059138091176, 2.2318298913874486, 0.1425250431508743], "centroid": [-0.24579532679527277, 1.7387992458871342, -0.5459150413257987], "normalizedAxes": [0.8304404616355896, -0.5571073889732361, -1.2370269008537795e-16, 0, -2.220446049250313e-16, 1, -0.5571073889732361, -0.8304404616355896, -1.843948242176351e-16]}, "segments": [3594, 5501, 6371, 3208, 1940, 3085, 2578, 7219, 8073], "label": "wall"}, {"objectId": 6, "id": 6, "partId": 6, "index": 5, "dominantNormal": [0, -2.220446049250313e-16, 1], "obb": {"axesLengths": [0.3859779270049773, 0.2685140013281852, 0.33579811938316667], "centroid": [-0.43252834098943177, 1.678771394286065, -0.5357430767885647], "normalizedAxes": [0.5484817028045654, 0.8361625671386719, 1.8566538687340636e-16, 0, -2.220446049250313e-16, 1, 0.8361625671386719, -0.5484817028045654, -1.2178740300784817e-16]}, "segments": [4673, 3880, 7294, 4466, 3660, 3662, 3666, 3842, 3862, 7364, 3419, 3915, 3412, 3414, 3441, 4735, 7217, 4557, 4482], "label": "shelf"}, {"objectId": 7, "id": 7, "partId": 7, "index": 6, "dominantNormal": [0, -2.220446049250313e-16, 1], "obb": {"axesLengths": [0.37699697828778, 0.2008986875213975, 0.3211430866327674], "centroid": [-0.45414806837764066, 1.6894752943492284, -0.18955071715167016], "normalizedAxes": [0.5430352687835693, 0.8397098779678345, 1.8645304810501406e-16, 0, -2.220446049250313e-16, 1, 0.8397098779678345, -0.5430352687835693, -1.2057805171740584e-16]}, "segments": [6513, 7698, 5609, 7651, 6410, 7687, 5634, 6387, 6544, 6584, 6623, 7817, 6690], "label": "shelf"}, {"objectId": 8, "id": 8, "partId": 8, "index": 7, "dominantNormal": [-0.4622497856616974, -0.8867497444152832, -1.9689799666606405e-16], "obb": {"axesLengths": [0.430169797788592, 2.0866299997278293, 0.15376127666424189], "centroid": [0.10773883117082345, 1.3056623724765555, -0.6133150780616305], "normalizedAxes": [0.8867497444152832, -0.462249755859375, -1.026400644164871e-16, 0, -2.220446049250313e-16, 1, -0.462249755859375, -0.8867497444152832, -1.9689799666606405e-16]}, "segments": [4262, 2451, 1412, 2535, 7563, 2258, 757, 7606, 3220, 4390, 4378, 5711], "label": "door"}, {"objectId": 9, "id": 9, "partId": 9, "index": 8, "dominantNormal": [0.7080935835838318, -0.7061185836791992, -1.5678982194327045e-16], "obb": {"axesLengths": [1.334760620130774, 1.6217119331275232, 0.40085846476824405], "centroid": [-0.01182927643103826, 1.2082639156051593, -0.019144073934016737], "normalizedAxes": [0.7061185836791992, 0.7080935835838318, 1.5722836001682156e-16, 0, -2.220446049250313e-16, 1, 0.7080935835838318, -0.7061185836791992, -1.5678982194327045e-16]}, "segments": [5218, 5369, 1921, 5345, 6993, 4918, 1434], "label": "wall"}, {"objectId": 10, "id": 10, "partId": 10, "index": 9, "dominantNormal": [0, -2.220446049250313e-16, 1], "obb": {"axesLengths": [1.0074467057063283, 0.0795180183756794, 0.5286271404483828], "centroid": [-0.5529222230657453, 1.3727564884444625, 0.5497589125126843], "normalizedAxes": [0.6372396349906921, 0.77066570520401, 1.7112216204129505e-16, 0, -2.220446049250313e-16, 1, 0.77066570520401, -0.6372396349906921, -1.414956229940794e-16]}, "segments": [1205, 6006], "label": "ceiling"}, {"objectId": 11, "id": 11, "partId": 11, "index": 10, "dominantNormal": [0, -2.220446049250313e-16, 1], "obb": {"axesLengths": [0.734601345896403, 0.05274098993671734, 0.48099049880444916], "centroid": [0.2353891315905826, 1.4032145001092857, 0.7963703829450068], "normalizedAxes": [0.8512004017829895, 0.5248408317565918, 1.1653807513591725e-16, 0, -2.220446049250313e-16, 1, 0.5248408317565918, -0.8512004017829895, -1.8900445692593182e-16]}, "segments": [6773], "label": "ceiling"}], "scan_id": "4d3d82a2-8cf4-2e04-810b-7634c83eed98", "annId": "1778", "appId": "stk.v1"}