{"segGroups": [{"objectId": 23, "id": 23, "partId": 23, "index": 0, "dominantNormal": [0.5593003034591675, -0.8289651274681091, -1.840672342252845e-16], "obb": {"axesLengths": [1.0257697707771718, 2.0958909519935176, 0.2569414532032844], "centroid": [-1.447651066505595, -1.36007848676445, -0.3020545791375371], "normalizedAxes": [0.8289651274681091, 0.5593003034591675, 1.2418961491604096e-16, 0, -2.220446049250313e-16, 1, 0.5593003034591675, -0.8289651274681091, -1.840672342252845e-16]}, "segments": [18014, 10661, 10905, 10922, 10933, 10935, 10951, 10957, 10963, 10965, 11003, 11013, 11014, 11020, 13654, 13660, 13665, 13696, 13874, 13886, 13913, 17982, 18046, 32228, 32231, 32232, 32234, 32236, 32250, 32311, 41960, 41975, 41976, 41982, 41989, 41992, 42418, 11054, 18002, 32244, 42113, 21382, 38111, 17211, 30579, 29321, 29466, 27789, 313, 4303, 5100, 6694, 6723, 6735, 6795, 7769, 7782, 7802, 7815, 7943, 7946, 7953, 7958, 7965, 7968, 7990, 8004, 8045, 11091, 11118, 11121, 11144, 11158, 11188, 12396, 12937, 17218, 23686, 25991, 31627, 32325, 32361, 32845, 33781, 33785, 33810, 34388, 34405, 7765, 13877, 6683, 6690, 18023, 12935], "label": "wardrobe"}, {"objectId": 26, "id": 26, "partId": 26, "index": 2, "dominantNormal": [0.3683851659297943, -0.9296732544898987, -2.0642893050257764e-16], "obb": {"axesLengths": [0.09296734298614258, 0.22101099295144533, 0.07051578632802374], "centroid": [-1.0779322793123898, 0.20478186908443954, -0.2752025606065429], "normalizedAxes": [0.9296732544898987, 0.3683851659297943, 8.179793862912328e-17, 0, -2.220446049250313e-16, 1, 0.3683851659297943, -0.9296732544898987, -2.0642893050257764e-16]}, "segments": [34083, 18084, 18076], "label": "item"}, {"objectId": 27, "id": 27, "partId": 27, "index": 3, "dominantNormal": [-0.4374478757381439, -0.8992437720298767, -1.996722280916689e-16], "obb": {"axesLengths": [0.30945334292926197, 0.21999999389052394, 0.1510107620135873], "centroid": [-1.8695038189065563, 0.6251090549104177, 0.199999937042594], "normalizedAxes": [0.8992437720298767, -0.4374478757381439, -9.713294074357036e-17, 0, -2.220446049250313e-16, 1, -0.4374478757381439, -0.8992437720298767, -1.996722280916689e-16]}, "segments": [40479, 7229, 7236, 1453], "label": "item"}, {"objectId": 28, "id": 28, "partId": 28, "index": 4, "dominantNormal": [0.058581843972206116, -0.9982826113700867, -2.2166326804519946e-16], "obb": {"axesLengths": [0.4179137202000682, 0.3055579743037079, 0.19204666564527742], "centroid": [-1.5630218300892669, 0.4931446320786029, -0.29722105233622353], "normalizedAxes": [0.9982826113700867, 0.058581843972206116, 1.3007782400588334e-17, 0, -2.220446049250313e-16, 1, 0.058581843972206116, -0.9982826113700867, -2.2166326804519946e-16]}, "segments": [34575, 7608, 29062], "label": "item"}, {"objectId": 29, "id": 29, "partId": 29, "index": 5, "dominantNormal": [0, -2.220446049250313e-16, 1], "obb": {"axesLengths": [0.8179015010066232, 0.13250699343144157, 0.507058808450048], "centroid": [-1.2729680288088856, 1.3064165430662316, -0.350214549894307], "normalizedAxes": [-0.07971560955047607, 0.9968176484107971, 2.213379809236742e-16, 0, -2.220446049250313e-16, 1, 0.9968176484107971, 0.07971560955047607, 1.7700421028993512e-17]}, "segments": [32698, 27321, 38950, 21276], "label": "item"}, {"objectId": 30, "id": 30, "partId": 30, "index": 6, "dominantNormal": [0, -2.220446049250313e-16, 1], "obb": {"axesLengths": [0.3751235989097624, 0.16760597748445016, 0.2684804076021313], "centroid": [-1.5520963588451728, 1.363981902102577, -0.3138030492409396], "normalizedAxes": [0.9915443062782288, -0.12976869940757751, -2.8814439591590694e-17, 0, -2.220446049250313e-16, 1, -0.12976869940757751, -0.9915443062782288, -2.2016706375321355e-16]}, "segments": [27344, 38239, 27291], "label": "item"}, {"objectId": 31, "id": 31, "partId": 31, "index": 7, "dominantNormal": [0.8128870129585266, 0.5824214220046997, 1.2932353454890848e-16], "obb": {"axesLengths": [0.314243513964589, 0.24202399904972305, 0.24132536673804805], "centroid": [-1.0653493915101604, 1.4946811803793594, -0.26876505794901395], "normalizedAxes": [-0.5824214220046997, 0.8128870129585266, 1.8049717564106485e-16, 0, -2.220446049250313e-16, 1, 0.8128870129585266, 0.5824214220046997, 1.2932353454890848e-16]}, "segments": [16602, 16585, 36585], "label": "pack"}, {"objectId": 32, "id": 32, "partId": 32, "index": 8, "dominantNormal": [0.0731368213891983, -0.9973219037055969, -2.2144994809138939e-16], "obb": {"axesLengths": [0.23778189592279989, 0.19545900384800863, 0.170847902986759], "centroid": [-0.8669231077588306, 1.5388123242613316, -0.2933405590800826], "normalizedAxes": [0.9973219037055969, 0.0731368213891983, 1.6239636610837117e-17, 0, -2.220446049250313e-16, 1, 0.0731368213891983, -0.9973219037055969, -2.2144994809138939e-16]}, "segments": [8658, 22002, 36449], "label": "pack"}, {"objectId": 33, "id": 33, "partId": 33, "index": 9, "dominantNormal": [0, -2.220446049250313e-16, 1], "obb": {"axesLengths": [0.5841303608107108, 0.4042199964623153, 0.47501808438858223], "centroid": [-0.5809451840622811, 1.7865406298871638, -0.21211005925141246], "normalizedAxes": [0.9992089867591858, -0.039767131209373474, -8.830076938387216e-18, 0, -2.220446049250313e-16, 1, -0.039767131209373474, -0.9992089867591858, -2.2186896470248425e-16]}, "segments": [35666, 9234, 8891, 8830, 8650, 37697, 20070, 34019, 39458, 9280, 9109], "label": "clutter"}, {"objectId": 34, "id": 34, "partId": 34, "index": 10, "dominantNormal": [0, -2.220446049250313e-16, 1], "obb": {"axesLengths": [0.34546070964982284, 0.21045998758539575, 0.23114017854028737], "centroid": [-0.3872382945214408, 1.5819893429796816, -0.30477005493409925], "normalizedAxes": [0.7451367378234863, 0.6669117212295532, 1.4808414966028876e-16, 0, -2.220446049250313e-16, 1, 0.6669117212295532, -0.7451367378234863, -1.6545359256514265e-16]}, "segments": [22627, 13437, 34508], "label": "jar"}, {"objectId": 35, "id": 35, "partId": 35, "index": 11, "dominantNormal": [0, -2.220446049250313e-16, 1], "obb": {"axesLengths": [0.2401935566086805, 0.2227230022239013, 0.2834678633694052], "centroid": [-0.2908019132757898, 1.423481119941513, -0.28669756196370333], "normalizedAxes": [-0.41210320591926575, 0.9111371636390686, 2.023130915327506e-16, 0, -2.220446049250313e-16, 1, 0.9111371636390686, 0.41210320591926575, 9.150529354668219e-17]}, "segments": [36893, 36900, 15192, 13208, 36874, 22557], "label": "jar"}, {"objectId": 36, "id": 36, "partId": 36, "index": 12, "dominantNormal": [0.7591718435287476, -0.6508902907371521, -1.445266774562697e-16], "obb": {"axesLengths": [0.43501391607752327, 0.3457261842699455, 0.3201515636449553], "centroid": [-0.16671179617248924, 1.1692646834309885, -0.23366695306449614], "normalizedAxes": [0.6508902907371521, 0.7591718435287476, 1.6857001206654844e-16, 0, -2.220446049250313e-16, 1, 0.7591718435287476, -0.6508902907371521, -1.445266774562697e-16]}, "segments": [24844, 15356, 15482, 15477, 15507], "label": "bucket"}, {"objectId": 37, "id": 37, "partId": 37, "index": 13, "dominantNormal": [0.8335227966308594, 0.5524850487709045, 1.2267632438132215e-16], "obb": {"axesLengths": [0.24422488350677807, 0.2384749895675109, 0.12443040091096493], "centroid": [0.19248233882386245, 0.8781702798522153, -0.26923755885874856], "normalizedAxes": [-0.5524850487709045, 0.8335227966308594, 1.8507924007390639e-16, 0, -2.220446049250313e-16, 1, 0.8335227966308594, 0.5524850487709045, 1.2267632438132215e-16]}, "segments": [37529, 12069, 12043], "label": "pack"}, {"objectId": 40, "id": 40, "partId": 40, "index": 15, "dominantNormal": [0.8442816734313965, 0.5358996987342834, 1.1899363688489727e-16], "obb": {"axesLengths": [1.021937865215696, 2.05074991172366, 0.3708525566604082], "centroid": [-1.192723844766956, -0.7171135854862946, -0.21537503304984473], "normalizedAxes": [-0.5358996987342834, 0.8442816734313965, 1.8746819062251873e-16, 0, -2.220446049250313e-16, 1, 0.8442816734313965, 0.5358996987342834, 1.1899363688489727e-16]}, "segments": [25127, 26750, 32537, 40293, 23159, 14096, 40241, 14981, 38173, 11703, 21884], "label": "doorframe"}, {"objectId": 41, "id": 41, "partId": 41, "index": 16, "dominantNormal": [0.6796495318412781, -0.7335370182991028, -1.6287793742610974e-16], "obb": {"axesLengths": [0.5908883820772594, 0.4200000669062122, 0.3445772976215181], "centroid": [0.11061408403429313, 0.6186660874435538, -1.2600000237673523], "normalizedAxes": [0.7335370182991028, 0.6796495318412781, 1.5091251178517908e-16, 0, -2.220446049250313e-16, 1, 0.6796495318412781, -0.7335370182991028, -1.6287793742610974e-16]}, "segments": [26156, 41512, 41504, 26170, 26200, 38973, 28182, 28192, 28299, 32544, 38967, 38969, 38972, 39004, 42474], "label": "bowl"}, {"objectId": 1, "id": 1, "partId": 1, "index": 17, "dominantNormal": [0, -2.220446049250313e-16, 1], "obb": {"axesLengths": [4.305324155739712, 0.3966499478373686, 2.4651496662972026], "centroid": [0.3374681907408501, 0.32513216843595133, -1.2083250032739716], "normalizedAxes": [0.9715516567230225, 0.23682765662670135, 5.2586303450996875e-17, 0, -2.220446049250313e-16, 1, 0.23682765662670135, -0.9715516567230225, -2.1572780378132316e-16]}, "segments": [12264, 6644, 4700, 5513, 26043, 50, 53, 3326, 3393, 3428, 4724, 5323, 5346, 5375, 5395, 6471, 10030, 10176, 12517, 12518, 12519, 12889, 12891, 15956, 16348, 16363, 16384, 18643, 18707, 20208, 20498, 22756, 22878, 22880, 22904, 22917, 22920, 22933, 26036, 26037, 26088, 27621, 27689, 27690, 27692, 27773, 31616, 31709, 31717, 31719, 31724, 31903, 33566, 33568, 34132, 34144, 34148, 34895, 34897, 37125, 37133, 37183, 37202, 38537, 38551, 38553, 41217, 41221, 41229, 41232, 41235, 12865, 16313, 42220, 41061, 12875, 18711, 12907, 15756, 15815, 42242, 18682, 12950, 13003, 12551], "label": "floor"}, {"objectId": 2, "id": 2, "partId": 2, "index": 18, "dominantNormal": [0.833961009979248, 0.5518233180046082, 1.2252939063475313e-16], "obb": {"axesLengths": [2.6006149730146753, 2.515649858512359, 0.20110335460590203], "centroid": [-1.4411082036318565, -0.0063545177279954596, 0.02286493540856993], "normalizedAxes": [-0.5518233180046082, 0.8339610695838928, 1.8517655621861203e-16, 0, -2.220446049250313e-16, 1, 0.8339610695838928, 0.5518233180046082, 1.2252939063475313e-16]}, "segments": [551, 32367, 4495, 427, 14057, 1370], "label": "wall"}, {"objectId": 3, "id": 3, "partId": 3, "index": 19, "dominantNormal": [0.5384584665298462, -0.8426520228385925, -1.8710633550047374e-16], "obb": {"axesLengths": [1.9777693361065143, 1.6811589520910606, 0.3219036005954996], "centroid": [-1.2876837776603085, 1.5212366934986639, 0.4094204345475023], "normalizedAxes": [0.8426520228385925, 0.5384584665298462, 1.195617974691579e-16, 0, -2.220446049250313e-16, 1, 0.5384584665298462, -0.8426520228385925, -1.8710633550047374e-16]}, "segments": [18802, 18907, 25667, 33561, 20143, 27551, 8502, 21618, 23092, 23117, 27213, 27652, 38227, 38463, 6463, 38787, 3814, 3299, 3624, 5058, 9666, 9679, 27232, 27287, 27568, 33261, 33266, 33277, 34879, 36194, 37207, 37210, 37212, 38189, 25608, 25575, 6340, 2391, 3610, 2274, 5937, 6095, 6990, 38205, 38267, 23124, 5263, 2235, 2280, 2603, 2911, 2916, 2982, 2985, 3602, 3650, 3669, 3701, 3707, 3708, 3719, 3723, 6306, 6385, 6389, 7118, 7123, 7144, 7147, 7169, 9329, 9680, 12724, 33142, 33230, 33232, 33345, 33404, 33591, 33598, 33639, 34436, 34439, 34936, 38012, 38020, 9163, 8524, 7033, 9218, 9225, 9228, 9231, 9865, 9870, 12725, 12729, 18885, 34116, 765, 8281, 9175, 9835, 19492, 19559, 19574, 19584, 35415, 35571, 35579, 38695, 39376, 39392, 19498, 16210, 33517], "label": "curtain"}, {"objectId": 4, "id": 4, "partId": 4, "index": 20, "dominantNormal": [0.4995902180671692, -0.8662618398666382, -1.923487679948184e-16], "obb": {"axesLengths": [1.8598073650757163, 1.5831499341916302, 0.2832581284424502], "centroid": [-1.3285059194155031, 1.441973318259995, 0.37842490237001414], "normalizedAxes": [0.8662618398666382, 0.4995902478694916, 1.1093131921257972e-16, 0, -2.220446049250313e-16, 1, 0.4995902478694916, -0.8662618398666382, -1.923487679948184e-16]}, "segments": [602, 42422, 27966, 9655, 6025, 33380, 33354, 3038, 33576, 33408, 2387, 35495], "label": "decoration"}, {"objectId": 5, "id": 5, "partId": 5, "index": 21, "dominantNormal": [0, -2.220446049250313e-16, 1], "obb": {"axesLengths": [0.5408582266773952, 0.26129298818201585, 0.5031579987130053], "centroid": [-0.8995488643702897, 0.771687622899347, 1.1193534165020251], "normalizedAxes": [0.9495517015457153, 0.3136104941368103, 6.963551827095189e-17, 0, -2.220446049250313e-16, 1, 0.3136104941368103, -0.9495517015457153, -2.108428324256096e-16]}, "segments": [38611, 31378, 3197, 31335, 33107, 33118, 28639, 33487, 3256, 16107, 16295, 31929, 31959, 32489, 32868, 32874, 32877, 32880, 32910, 33114, 33120, 33581, 38666, 3212, 18756, 18772, 28689, 31718, 32198, 32470, 32650, 32850, 38557, 32854, 32914, 31727, 312, 3457, 32970, 3208, 19756, 18790, 3617, 16705, 18644, 19181, 19759, 32085, 33006, 32940, 38542, 32919], "label": "chandelier"}, {"objectId": 7, "id": 7, "partId": 7, "index": 22, "dominantNormal": [0.8003098368644714, 0.5995866656303406, 1.3313498428820582e-16], "obb": {"axesLengths": [2.757441786067912, 2.513859931069762, 0.38269997038528636], "centroid": [0.31829912212009404, 0.9622019700030446, 0.02247994901657102], "normalizedAxes": [-0.5995866656303406, 0.8003098368644714, 1.7770448154418782e-16, 0, -2.220446049250313e-16, 1, 0.8003098368644714, 0.5995866656303406, 1.3313498428820582e-16]}, "segments": [15179, 27711, 39782, 13174, 9529, 841, 23676, 9107, 9506, 12014, 12067, 13160, 13299, 15999, 16014, 16041, 19409, 19463, 19511, 20041, 23620, 23651, 23654, 23663, 24265, 31703, 31758, 31794, 33146, 34398, 34654, 35393, 39653, 41556, 41591, 41602, 40020, 3498, 406, 417, 1014, 1183, 1873, 1955, 1974, 2686, 3068, 3072, 4019, 4029, 4044, 4059, 4064, 4074, 4092, 5496, 8983, 9117, 9395, 9514, 11308, 12114, 12141, 12142, 13069, 15604, 15916, 15960, 16035, 16052, 16093, 16480, 18913, 18972, 19379, 19384, 19552, 19611, 19646, 19650, 19679, 19704, 19824, 19854, 19858, 19949, 20614, 20670, 20978, 21519, 23750, 23903, 23920, 24625, 24901, 25872, 29713, 29728, 29749, 30414, 30434, 33214, 33427, 33428, 33439, 34348, 34738, 34882, 34883, 35030, 35202, 35417, 35419, 35593, 35634, 35637, 35947, 36653, 36797, 36859, 37505, 38021, 39125, 39133, 39461, 40145, 40148, 16956, 21493, 22405, 33500, 35208, 36522, 36525], "label": "wall"}, {"objectId": 8, "id": 8, "partId": 8, "index": 23, "dominantNormal": [0.845637321472168, 0.5337579250335693, 1.1851806758968338e-16], "obb": {"axesLengths": [1.6506494761224275, 1.2433420141784388, 0.5521108816792543], "centroid": [-0.2162717753697857, 1.2807338194886628, 0.5698089453620683], "normalizedAxes": [-0.5337579250335693, 0.845637321472168, 1.8776920495614923e-16, 0, -2.220446049250313e-16, 1, 0.845637321472168, 0.5337579250335693, 1.1851806758968338e-16]}, "segments": [36758, 21790, 21848, 36403, 9440, 21799, 36383, 25177, 36536, 23924, 29532, 37618, 4080, 4109, 4110, 4114, 4115, 11252, 11410, 12670, 16722, 16745, 16755, 16761, 16807, 16850, 16902, 16925, 16929, 16979, 17027, 18381, 20755, 20782, 20803, 20824, 20840, 20980, 21060, 21077, 21444, 21484, 21523, 22267, 22305, 22351, 22356, 22375, 22396, 23395, 24632, 24638, 24662, 25202, 25246, 25328, 25404, 25431, 25499, 25544, 33445, 33447, 33449, 33469, 34944, 34948, 34954, 34970, 34986, 35018, 35756, 35780, 35784, 35788, 35790, 35803, 35817, 35819, 35839, 35842, 35946, 36318, 36323, 36325, 36338, 36418, 36562, 36734, 36745, 37236, 37359, 37480, 37487, 37541, 37552, 37611, 4143, 17314, 8287, 39838, 17133, 35069, 9491, 9492, 9499, 10534, 10541, 10786, 10795, 10832, 10836, 10850, 10870, 11406, 11477, 12673, 14000, 17318, 19093, 19117, 19741, 20011, 20032, 20858, 21858, 21868, 21898, 30192, 34040, 34431, 34434, 35290, 35301, 35336, 35377, 35811, 35943, 40774, 18515, 25101, 24557, 35262, 19056, 19986, 18994, 39898, 19065, 29760, 40122, 9401, 39926, 22314, 4191, 10842, 30197, 40435, 40448, 16076], "label": "shelf"}, {"objectId": 9, "id": 9, "partId": 9, "index": 24, "dominantNormal": [0, -2.220446049250313e-16, 1], "obb": {"axesLengths": [2.012866834581553, 1.0948879772077205, 1.6628242926582972], "centroid": [-0.8523065522409075, 0.9197277792424006, -0.7367960515589413], "normalizedAxes": [0.8844974040985107, 0.46654513478279114, 1.0359383013254034e-16, 0, -2.220446049250313e-16, 1, 0.46654513478279114, -0.8844974040985107, -1.9639787665026959e-16]}, "segments": [27347, 24324, 15570, 15554, 20344, 20359, 20369, 23868, 24312, 25023, 26773, 26785, 27455, 35737, 35739, 8703, 8822, 8861, 8866, 13380, 13426, 20096, 20111, 21281, 24697, 24699, 24855, 35719, 36519, 37834, 37915, 37933, 11863, 9326, 10413, 10428, 10430, 11858, 11862, 12332, 13799, 13829, 18494, 25085, 25270, 25293, 25315, 25389, 26130, 32015, 32033, 32048, 36470, 37970, 41949, 41958, 24444, 12846, 41893, 14390, 42659, 17597, 23367, 37372, 23451, 28685, 32343, 17886, 35142, 25322, 22686, 41861, 41890, 22715, 37042, 41671, 22690, 17419, 28657, 39171, 17726, 13631, 37196, 22842, 22660, 17809, 17779, 17920, 32331, 23420, 37166, 22734, 10048, 37391, 37468, 37445, 29162, 10106, 34125, 37110, 27758, 22802, 22790, 22727, 22793, 10459, 42673, 9799], "label": "cabinet"}, {"objectId": 10, "id": 10, "partId": 10, "index": 25, "dominantNormal": [0.8866387605667114, 0.4624626040458679, 1.0268732620796593e-16], "obb": {"axesLengths": [0.4205790594649027, 0.274503992322743, 0.24030489684542838], "centroid": [-1.3637100634785588, 0.5887295638042611, -0.24152505416739722], "normalizedAxes": [-0.4624626338481903, 0.8866387605667114, 1.9687335330125487e-16, 0, -2.220446049250313e-16, 1, 0.8866387605667114, 0.4624626338481903, 1.0268733282541083e-16]}, "segments": [7582, 7510, 13536, 7588, 7592, 7605, 7690, 13544, 13595, 33755, 33767, 34561, 34571, 7889, 33801], "label": "sewing machine"}, {"objectId": 11, "id": 11, "partId": 11, "index": 26, "dominantNormal": [0, -2.220446049250313e-16, 1], "obb": {"axesLengths": [0.6041557276167303, 0.2863989855408894, 0.4177107527437658], "centroid": [-1.8222628455694598, 0.8869592735788098, -0.28045255250217416], "normalizedAxes": [-0.6319987177848816, 0.7749693989753723, 1.720777740244755e-16, 0, -2.220446049250313e-16, 1, 0.7749693989753723, 0.6319987177848816, 1.403319056036704e-16]}, "segments": [28926, 1301, 7859, 28943, 29004, 29008, 29017, 4547, 13731, 16213, 39271, 42696, 669], "label": "box"}, {"objectId": 12, "id": 12, "partId": 12, "index": 27, "dominantNormal": [0, -2.220446049250313e-16, 1], "obb": {"axesLengths": [0.39360968484380293, 0.2484800014984606, 0.32795826391529836], "centroid": [-1.3049779765733527, 0.07064197883524623, -0.24576005721628658], "normalizedAxes": [-0.4853350520133972, 0.8743282556533813, 1.9413987210134683e-16, 0, -2.220446049250313e-16, 1, 0.8743282556533813, 0.4853350520133972, 1.077660298805843e-16]}, "segments": [9874, 35187, 8192, 33972, 34643, 34652], "label": "box"}, {"objectId": 13, "id": 13, "partId": 13, "index": 28, "dominantNormal": [0.8372524976730347, 0.5468164682388306, 1.2141764665659206e-16], "obb": {"axesLengths": [0.4037226597344138, 1.0399999833106994, 0.16217691188839267], "centroid": [-1.5462369290015705, 0.26300025713098113, 0.4099999332427977], "normalizedAxes": [-0.5468164682388306, 0.8372524976730347, 1.8590740006830468e-16, 0, -2.220446049250313e-16, 1, 0.8372524976730347, 0.5468164682388306, 1.2141764665659206e-16]}, "segments": [597, 14577, 34657, 33513, 40193, 8146, 6664, 7379, 33641, 33658, 7324, 34670], "label": "shelf"}, {"objectId": 14, "id": 14, "partId": 14, "index": 29, "dominantNormal": [0.9289484024047852, -0.3702091574668884, -8.220294610936395e-17], "obb": {"axesLengths": [0.1385934875873993, 0.13999999746680258, 0.056956939274910925], "centroid": [-1.3927405455242992, 0.004043260034191263, 0.1799999342113734], "normalizedAxes": [0.3702091872692108, 0.9289484024047852, 2.0626798100770952e-16, 0, -2.220446049250313e-16, 1, 0.9289484024047852, -0.3702091872692108, -8.220295272680885e-17]}, "segments": [42463], "label": "decoration"}, {"objectId": 15, "id": 15, "partId": 15, "index": 30, "dominantNormal": [0.7081603407859802, 0.7060516476631165, 1.567749591620241e-16], "obb": {"axesLengths": [0.1984518219504277, 0.17413901893483796, 0.137731969262434], "centroid": [-1.3647692572707761, -0.019343985458360795, 0.5370694260209166], "normalizedAxes": [-0.7060516476631165, 0.7081603407859802, 1.5724318309339851e-16, 0, -2.220446049250313e-16, 1, 0.7081603407859802, 0.7060516476631165, 1.567749591620241e-16]}, "segments": [4574, 4648, 4636, 33518, 4655], "label": "decoration"}, {"objectId": 16, "id": 16, "partId": 16, "index": 31, "dominantNormal": [0.4905227720737457, -0.871428370475769, -1.9349596824275595e-16], "obb": {"axesLengths": [1.9804393861616427, 2.5130199824343613, 0.2057404863768888], "centroid": [0.06848603862022384, -0.6029939778436815, -0.0017500537987802378], "normalizedAxes": [0.871428370475769, 0.4905227720737457, 1.0891793513184605e-16, 0, -2.220446049250313e-16, 1, 0.4905227720737457, -0.871428370475769, -1.9349596824275595e-16]}, "segments": [6665, 6653, 7799, 16155, 28868, 38898, 14046, 9003, 13371, 12250, 1057, 2314, 1025, 16153, 2284, 5518, 15796], "label": "wardrobe"}, {"objectId": 17, "id": 17, "partId": 17, "index": 32, "dominantNormal": [0, -2.220446049250313e-16, 1], "obb": {"axesLengths": [2.738454181527612, 0.16839003186546186, 2.0594866429107785], "centroid": [-0.6134194376008915, 0.46826877819193663, 1.2141949244396013], "normalizedAxes": [-0.5673664808273315, 0.8234654068946838, 1.8284605094336022e-16, 0, -2.220446049250313e-16, 1, 0.8234654068946838, 0.5673664808273315, 1.2598066608301018e-16]}, "segments": [2128, 29881, 26958, 40595], "label": "ceiling"}, {"objectId": 21, "id": 21, "partId": 21, "index": 36, "dominantNormal": [0.6429279446601868, -0.7659266591072083, -1.700698824230092e-16], "obb": {"axesLengths": [0.6441731016810797, 2.0290819549020678, 0.22299512130479598], "centroid": [0.698102229878373, 0.7642729443641277, -0.21545907559709931], "normalizedAxes": [0.7659266591072083, 0.6429279446601868, 1.4275868146733356e-16, 0, -2.220446049250313e-16, 1, 0.6429279446601868, -0.7659266591072083, -1.700698824230092e-16]}, "segments": [26318, 25928, 19909, 15012, 13086, 10357, 30502, 41563, 41571, 41607, 31713, 41598], "label": "wall"}, {"objectId": 22, "id": 22, "partId": 22, "index": 37, "dominantNormal": [0.5411479473114014, -0.8409274220466614, -1.86723397198976e-16], "obb": {"axesLengths": [0.6147386951875173, 0.42845802541543465, 0.14225700233946914], "centroid": [0.06517260907257322, 0.663804212052613, -0.6642290521957948], "normalizedAxes": [0.8409274220466614, 0.5411479473114014, 1.2015898216675177e-16, 0, -2.220446049250313e-16, 1, 0.5411479473114014, -0.8409274220466614, -1.86723397198976e-16]}, "segments": [38414, 24248, 24213, 23720, 26811, 27460, 24220, 41732, 23767, 41693, 31846, 23774, 39950, 23840, 26864], "label": "shelf"}, {"objectId": 49, "id": 49, "initialPoint": [-2.1119599676180547, 1.1015139608224245, 0.3288888306457183], "index": 38, "dominantNormal": [0.5513089895248413, -0.8343011140823364, -1.8525206126492587e-16], "obb": {"axesLengths": [1.9855535117978742, 1.6127920088292944, 0.16398812475345925], "centroid": [-1.3155919264583904, 1.5552669862844406, 0.4700539435434188], "normalizedAxes": [0.8343011140823364, 0.5513089895248413, 1.224151867706616e-16, 0, -2.220446049250313e-16, 1, 0.5513089895248413, -0.8343011140823364, -1.8525206126492587e-16]}, "segments": [5471, 3601, 6272, 4958], "partId": 49, "label": "wall"}], "scan_id": "10b1795b-3938-2467-88fe-b10cad8913f8", "annId": "3211", "appId": "stk.v1"}