{"segGroups": [{"objectId": 1, "id": 1, "partId": 1, "index": 0, "dominantNormal": [0, -2.220446049250313e-16, 1], "obb": {"axesLengths": [7.2729923027693815, 0.5280299068682665, 5.18085271944629], "centroid": [-1.4651130850405047, -0.7476923838035829, -1.774014904558324], "normalizedAxes": [0.060091253370046616, 0.9981929063796997, 2.2164334953604918e-16, 0, -2.220446049250313e-16, 1, 0.9981929063796997, -0.060091253370046616, -1.3342938614001957e-17]}, "segments": [2342, 32139, 38669, 19378, 26300, 38018, 5985, 6832, 7212, 7213, 7575, 8647, 8677, 8979, 9415, 9604, 10017, 10854, 10858, 11065, 11081, 11217, 12005, 12007, 12382, 14193, 14218, 14238, 14240, 14272, 14276, 14290, 15188, 15685, 15773, 17386, 17551, 18643, 20498, 23296, 25094, 27779, 27838, 31613, 32837, 33841, 33865, 34051, 34057, 34252, 35584, 36090, 36427, 36624, 36808, 36812, 37813, 38972, 39931, 42684, 42794, 46729, 46747, 55739, 55744, 56256, 56257, 60340, 60488, 61753, 61756, 61759, 61762, 5905, 5991, 20441, 42659, 24003, 10937, 10979, 9050, 25869, 33743, 30284, 24049, 5219, 5234, 5252, 5267, 7834, 7846, 9465, 9632, 10040, 10220, 12098, 12432, 12439, 12670, 12967, 13288, 14002, 14301, 14354, 14447, 14461, 14476, 14477, 15575, 23838, 25874, 25884, 25898, 25980, 25991, 26024, 26026, 30401, 31182, 32531, 32546, 32564, 32857, 32905, 32907, 33519, 33525, 33553, 33567, 33613, 34091, 34104, 34109, 39347, 39370, 41649, 42023, 42333, 42720, 42839, 43207, 44090, 46578, 54850, 54851, 54855, 54869, 54872, 56300, 58236, 58238, 58241, 58332, 58336, 59540, 61765, 61830, 61889, 63829, 65114, 46603, 43257, 43289, 34274, 42726, 61836, 34108, 25617, 42193, 2387, 59703], "label": "floor"}, {"objectId": 2, "id": 2, "partId": 2, "index": 1, "dominantNormal": [0, -2.220446049250313e-16, 1], "obb": {"axesLengths": [2.213633943712139, 0.5166090015334853, 1.1612329331421836], "centroid": [-0.7456841114256847, -1.9127037215045575, -1.100545465561476], "normalizedAxes": [-0.1616356372833252, 0.9868505001068115, 2.1912482941628653e-16, 0, -2.220446049250313e-16, 1, 0.9868505001068115, 0.1616356372833252, 3.5890321222381604e-17]}, "segments": [29389, 9660, 40411, 35251, 58953, 29513, 41009, 41097, 39845, 60996, 39834, 42455, 46835, 20990, 34604, 59964, 21008, 59984, 35274, 58975, 61267, 58844, 39093, 20136, 33160, 20115, 23369, 3910, 3338, 29369, 3905, 20131, 22766, 61283, 41016, 40992, 7152, 43941, 3280, 58846, 43956, 61011], "label": "table"}, {"objectId": 3, "id": 3, "partId": 3, "index": 2, "dominantNormal": [0, -2.220446049250313e-16, 1], "obb": {"axesLengths": [0.6228754215271832, 0.4631510273407913, 0.6131877295665185], "centroid": [-1.0952112779089758, -0.593297199779005, -1.1202844969119612], "normalizedAxes": [0.2916361689567566, 0.9565293192863464, 2.1239217480014592e-16, 0, -2.220446049250313e-16, 1, 0.9565293192863464, -0.2916361689567566, -6.47562379178527e-17]}, "segments": [40931, 44918, 63259, 62868, 45508, 62738, 62944, 40943, 13614, 13616, 13642, 13650, 40467, 40468, 40472, 40479, 40480, 40481, 40488, 40489, 40497, 40506, 40518, 40549, 40553, 40569, 40575, 40578, 40598, 40606, 40610, 40623, 40629, 40645, 40663, 40668, 40710, 41220, 41227, 41234, 41247, 41248, 41249, 41260, 41262, 41268, 41270, 41273, 44835, 44859, 44860, 44862, 44864, 44875, 44883, 44909, 44910, 44932, 44953, 45513, 54844, 54846, 61085, 61088, 61090, 61094, 61095, 61097, 61099, 61105, 61512, 61513, 61515, 62619, 62631, 62720, 62811, 62967, 62973, 62976, 62979, 62982, 62987, 63304, 61222, 44975, 61125, 40186, 39786], "label": "chair"}, {"objectId": 4, "id": 4, "partId": 4, "index": 3, "dominantNormal": [0, -2.220446049250313e-16, 1], "obb": {"axesLengths": [0.6878164238140314, 0.4330740474222436, 0.5106671644318899], "centroid": [-1.1328450879790284, -1.406825593673391, -1.106522976833813], "normalizedAxes": [-0.05419836938381195, 0.9985302090644836, 2.2171824577743219e-16, 0, -2.220446049250313e-16, 1, 0.9985302090644836, 0.05419836938381195, 1.2034455517409437e-17]}, "segments": [46952, 29509, 61297, 54881, 29476, 40959, 43771, 54957, 58854, 58856, 61261, 61330, 41073, 46936, 4241, 5477, 63883, 5314, 5409, 54875, 63875, 63867, 63865, 63880, 63888, 63878, 58870, 63870, 63860], "label": "chair"}, {"objectId": 5, "id": 5, "partId": 5, "index": 4, "dominantNormal": [0, -2.220446049250313e-16, 1], "obb": {"axesLengths": [0.6015247982913527, 0.4104100374040745, 0.5290192423092668], "centroid": [-1.0854693395968242, -1.9938111804092815, -1.0952049789159366], "normalizedAxes": [-0.16876976191997528, 0.9856554865837097, 2.1885948311066932e-16, 0, -2.220446049250313e-16, 1, 0.9856554865837097, 0.16876976191997528, 3.7474415108812505e-17]}, "segments": [45202, 45175, 33178, 8259, 43781, 42439, 42506, 42531, 42541, 55270, 55546, 61696, 61704, 63019, 63022, 63025, 63027, 63086, 63102, 63105, 42595, 61963], "label": "chair"}, {"objectId": 6, "id": 6, "partId": 6, "index": 5, "dominantNormal": [0.990052342414856, 0.14069974422454834, 3.124161911939279e-17], "obb": {"axesLengths": [0.6496568848891294, 0.3952490599025249, 0.37892048062376155], "centroid": [-1.0555766202840589, -2.6193781764147994, -1.092175483505975], "normalizedAxes": [-0.14069974422454834, 0.990052342414856, 2.198357812266085e-16, 0, -2.220446049250313e-16, 1, 0.990052342414856, 0.14069974422454834, 3.124161911939279e-17]}, "segments": [40379, 39079, 61076, 39159, 40197, 40372, 41173, 61003, 61018, 61020, 61022, 30745], "label": "chair"}, {"objectId": 7, "id": 7, "partId": 7, "index": 6, "dominantNormal": [0, -2.220446049250313e-16, 1], "obb": {"axesLengths": [0.4901461925541419, 0.4617299930364635, 0.5578650679738334], "centroid": [-0.504847484269044, -3.145569536875148, -1.1323749710088595], "normalizedAxes": [0.9996542930603027, 0.026292020455002785, 5.838001294611935e-18, 0, -2.220446049250313e-16, 1, 0.026292020455002785, -0.9996542930603027, -2.2196784256418639e-16]}, "segments": [59989, 60073, 28378, 35406, 35812, 35819, 35956, 35959, 35964, 35990, 60135, 60138, 56976, 35400, 36039, 35206, 22481, 21230], "label": "chair"}, {"objectId": 8, "id": 8, "partId": 8, "index": 7, "dominantNormal": [0.9890888929367065, 0.1473197489976883, 3.2711555463846474e-17], "obb": {"axesLengths": [1.8921962176517306, 1.1600000002980226, 0.5707581033029157], "centroid": [0.19493244846107727, -1.7521450383572033, -1.1699999551475044], "normalizedAxes": [-0.1473197489976883, 0.9890888929367065, 2.196218524678676e-16, 0, -2.220446049250313e-16, 1, 0.9890888929367065, 0.1473197489976883, 3.2711555463846474e-17]}, "segments": [9707, 9093, 60292, 37288, 25227, 13474, 60258, 36059, 60235, 9108, 13488, 16791, 25138, 25178, 58177, 58179, 60558, 60586, 35649, 13808, 36727, 11208, 11922, 13564, 13799, 17005, 17034, 36286, 36530, 36535, 36573, 36585, 36699, 36738, 36781, 36793, 37218, 55803, 56199, 56718, 59883, 60357, 60362, 60378, 60620, 60570, 11902, 37758, 37239, 60493, 36647, 60622, 60473, 60485, 60360], "label": "bench"}, {"objectId": 9, "id": 9, "partId": 9, "index": 8, "dominantNormal": [0.04417544603347778, -0.9990237951278687, -2.21827843899873e-16], "obb": {"axesLengths": [0.4234991634359314, 0.417987992957502, 0.3624714714049165], "centroid": [-0.6293142721229615, -1.2833425114164743, -0.009174996781907918], "normalizedAxes": [0.9990237951278687, 0.04417544603347778, 9.808919461890616e-18, 0, -2.220446049250313e-16, 1, 0.04417544603347778, -0.9990237951278687, -2.21827843899873e-16]}, "segments": [25332, 26691, 58389, 40084, 32358, 32344, 37367, 58369, 26758, 32399], "label": "lamp"}, {"objectId": 10, "id": 10, "partId": 10, "index": 9, "dominantNormal": [-0.3048223853111267, 0.9524092078208923, 2.1147732627755208e-16], "obb": {"axesLengths": [0.3845244075235012, 0.4023039996109007, 0.38478649496249245], "centroid": [-0.5389963476310741, -2.310651208328582, -0.02884799363803836], "normalizedAxes": [-0.3048223853111267, 0.9524092078208923, 2.1147732627755208e-16, 0, -2.220446049250313e-16, 1, 0.9524092078208923, 0.3048223853111267, 6.76841661187148e-17]}, "segments": [47881, 27923, 64196, 25619, 48339, 24102, 27897, 58686, 20325, 24121, 48245, 64212, 47867], "label": "lamp"}, {"objectId": 11, "id": 11, "partId": 11, "index": 10, "dominantNormal": [0.10381875187158585, -0.9945962429046631, -2.208447298156864e-16], "obb": {"axesLengths": [1.9243532127591456, 2.683459937197119, 0.1854645706025977], "centroid": [-1.814567497730264, 0.4766215683877604, -0.35172997560210506], "normalizedAxes": [0.9945962429046631, 0.10381875187158585, 2.3052393743136134e-17, 0, -2.220446049250313e-16, 1, 0.10381875187158585, -0.9945962429046631, -2.208447298156864e-16]}, "segments": [11857, 62530, 28366, 5170, 3993, 55207, 8173, 3958, 3875, 3892, 45882, 13021], "label": "wall"}, {"objectId": 12, "id": 12, "partId": 12, "index": 11, "dominantNormal": [0.9892902970314026, 0.14596129953861237, 3.240991909039534e-17], "obb": {"axesLengths": [2.288938895538462, 2.304889925459997, 1.542967504596491], "centroid": [-2.4147974453860224, -3.3674836522051534, -0.5824449770351121], "normalizedAxes": [-0.14596131443977356, 0.9892902970314026, 2.1966657316050466e-16, 0, -2.220446049250313e-16, 1, 0.9892902970314026, 0.14596131443977356, 3.240992239911779e-17]}, "segments": [17339, 21729, 20018, 39803, 24345, 38535, 41449, 22267, 19893, 28457, 56986, 18299, 18409, 9230, 55280, 9923, 12273, 9066, 9324, 10277, 10402, 10836, 11026, 11755, 11756, 11987, 12085, 12278, 16613, 17211, 17766, 18993, 21070, 21208, 21262, 21438, 22238, 23368, 24659, 24826, 26557, 26764, 26767, 26784, 26843, 27065, 30572, 32054, 35404, 35436, 36912, 37539, 37770, 37864, 37962, 38943, 41496, 43044, 55205, 55268, 55358, 55374, 55376, 55380, 56235, 56750, 56826, 57121, 58056, 58066, 58116, 59423, 59425, 59459, 61632, 64897, 36424, 35714, 58867, 31049, 31486, 27608, 28555, 1652, 231, 1696, 1756, 1810, 19078, 22304, 26213, 27018, 27637, 27784, 28522, 29368, 29443, 29788, 31028, 31150, 31254, 31658, 34577, 35493, 36683, 38792, 38954, 40835, 46948, 46984, 48117, 54704, 56724, 57180, 58193, 58205, 58215, 58220, 58230, 408, 1005, 1105, 1115, 1822, 1834, 32264, 32271, 34672, 54707, 54724, 54727, 34798, 35100, 32374, 46676, 29929, 29931, 29936, 29945, 29986, 30003, 30011, 30045, 30047, 32438, 32455, 32475, 32502, 32619, 32628, 33367, 33657, 35068, 35084, 35095, 35099, 35147, 35176, 38988, 39509, 54680, 54684, 57928, 57933, 57935, 58483, 58487, 58789, 58796, 239, 413, 42206, 11255], "label": "cabinet"}, {"objectId": 13, "id": 13, "partId": 13, "index": 12, "dominantNormal": [0.08421667665243149, -0.9964474439620972, -2.2125577902312114e-16], "obb": {"axesLengths": [3.05032352838766, 2.0075899509879203, 0.26139432808319774], "centroid": [-0.5643286500360336, -4.334408955030835, 0.09379497519593771], "normalizedAxes": [0.9964474439620972, 0.08421667665243149, 1.8699858695388258e-17, 0, -2.220446049250313e-16, 1, 0.08421667665243149, -0.9964474439620972, -2.2125577902312114e-16]}, "segments": [47971, 52798, 52923, 65787, 51386, 51099, 51119, 46025, 50886, 34135, 34102], "label": "wall"}, {"objectId": 14, "id": 14, "partId": 14, "index": 13, "dominantNormal": [0.9887086153030396, 0.14985066652297974, 3.327353204584765e-17], "obb": {"axesLengths": [3.655204383004255, 2.7389699800542733, 0.4395915920699794], "centroid": [0.6433927599474552, -2.377089817701712, -0.35243497932475076], "normalizedAxes": [-0.14985066652297974, 0.9887086153030396, 2.1953741387093818e-16, 0, -2.220446049250313e-16, 1, 0.9887086153030396, 0.14985066652297974, 3.327353204584765e-17]}, "segments": [5455, 316, 63355, 45860, 15020, 6758, 35636, 14580, 16886, 56217, 58581, 56618, 15816, 57500, 22020, 21530, 57433, 21525, 235, 2888, 2895, 3178, 3736, 3752, 4685, 8031, 9377, 9558, 9565, 9594, 9609, 10117, 10134, 10174, 10186, 10236, 10279, 10332, 10360, 11015, 11438, 11459, 11473, 11492, 11518, 11565, 11592, 12709, 12860, 12890, 13166, 13367, 13368, 13388, 13441, 13442, 13503, 13888, 13926, 14012, 14035, 14076, 14079, 14101, 14630, 14636, 14681, 14694, 14697, 14705, 14766, 14789, 14810, 14848, 15482, 15502, 15511, 15782, 15896, 15905, 15913, 15922, 15948, 15991, 15993, 16003, 16010, 16012, 16014, 16016, 16043, 16053, 16064, 16091, 16093, 16097, 16160, 16204, 16208, 16217, 16229, 16249, 16250, 21346, 21376, 21413, 21433, 21455, 21492, 21494, 21505, 21528, 21546, 21602, 21954, 21967, 21975, 21989, 22001, 22022, 22148, 22570, 22609, 23086, 24292, 24359, 24367, 24509, 24525, 24646, 24823, 24825, 24832, 25395, 25724, 25751, 25784, 27530, 29593, 34015, 36193, 36232, 36261, 37295, 37299, 37577, 44460, 45873, 49951, 55613, 55640, 55642, 55659, 55754, 55856, 55872, 56050, 56062, 56124, 56128, 56154, 56156, 56163, 56166, 56170, 56173, 56180, 56239, 56329, 56335, 56351, 56419, 56422, 56440, 56446, 56459, 56462, 56482, 56516, 56543, 56580, 56604, 56648, 56749, 57099, 57105, 57185, 57215, 57253, 57324, 57618, 57662, 57690, 57697, 57728, 57793, 57867, 57953, 57955, 58182, 58191, 58195, 58497, 58670, 58673, 58681, 58877, 58878, 60251, 60720, 62348, 62354, 63450, 63485, 63490, 63491, 65345, 57652, 58632, 27486, 56529, 13901, 14016, 65339, 65260, 2813], "label": "wall"}, {"objectId": 17, "id": 17, "partId": 17, "index": 14, "dominantNormal": [0.9973494410514832, 0.07276039570569992, 1.6156053318661083e-17], "obb": {"axesLengths": [1.503844718872664, 2.728169857080953, 0.15316452540345296], "centroid": [0.5137188463273212, -0.002190376376526748, -0.3340849745850636], "normalizedAxes": [-0.07276039570569992, 0.9973494410514832, 2.2145606261047738e-16, 0, -2.220446049250313e-16, 1, 0.9973494410514832, 0.07276039570569992, 1.6156053318661083e-17]}, "segments": [23160, 21865, 21066, 27013, 57851], "label": "wall"}, {"objectId": 18, "id": 18, "partId": 18, "index": 15, "dominantNormal": [0.09677483886480331, -0.9953063130378723, -2.210023970578839e-16], "obb": {"axesLengths": [2.8260547554057207, 2.4944999852515752, 0.283590261535425], "centroid": [-0.44336639791542265, -4.2557081871664275, -0.4972500038016574], "normalizedAxes": [0.9953063130378723, 0.09677483141422272, 2.1488329208057592e-17, 0, -2.220446049250313e-16, 1, 0.09677483141422272, -0.9953063130378723, -2.210023970578839e-16]}, "segments": [66879, 66867, 52027, 52388, 66167, 52329, 50707, 51475, 51436, 50054, 24184, 786, 51563, 51595, 47297, 47575, 51650, 47356, 54060, 65875, 45467, 47557, 10722, 26047, 27718, 28606, 30655, 31153, 44774, 44781, 44782, 44801, 44820, 45170, 45214, 47164, 47415, 48891, 49986, 49992, 50000, 50014, 50216, 50241, 50369, 50374, 50601, 50907, 50920, 50943, 51175, 51198, 51234, 51308, 51598, 52047, 52570, 52670, 53139, 53289, 53336, 53358, 53408, 53448, 53573, 53575, 53623, 53772, 54782, 63904, 63925, 65350, 65355, 65360, 65361, 65364, 65450, 65464, 65935, 66034, 66272, 66373, 66420, 66739, 66775, 66848, 53158, 46083, 50448, 52146, 52790, 1172, 244, 44267, 44474, 44522, 44748, 48871, 49912, 51136, 51213, 61145, 61198, 63914, 65440, 65492, 46582, 44818, 65695, 43776, 65680, 47485, 31514, 51668, 66423], "label": "door"}, {"objectId": 20, "id": 20, "partId": 20, "index": 16, "dominantNormal": [0, -2.220446049250313e-16, 1], "obb": {"axesLengths": [6.995961323710617, 1.5151428837669745, 3.8138640915425626], "centroid": [-0.774790436369777, -1.1137060406118366, 1.5524284548514675], "normalizedAxes": [-0.12228720635175705, 0.9924947619438171, 2.2037810730597787e-16, 0, -2.220446049250313e-16, 1, 0.9924947619438171, 0.12228720635175705, 2.7153214421761673e-17]}, "segments": [51592, 54094, 54140, 54163, 67331, 35536, 35531, 20971, 550, 683, 697, 701, 705, 713, 732, 752, 774, 791, 810, 811, 812, 825, 837, 838, 851, 859, 866, 1625, 1641, 1644, 1703, 1710, 1712, 1723, 1729, 1746, 4848, 5680, 5717, 5719, 6249, 6281, 6296, 6309, 6317, 6385, 6387, 6426, 6492, 9722, 12255, 12281, 12535, 12539, 12541, 12543, 12547, 12571, 12598, 12914, 12916, 12932, 12934, 12938, 12939, 12943, 12953, 12959, 13692, 14139, 16333, 17446, 17604, 17801, 17819, 17947, 17950, 18010, 18031, 18171, 18173, 18197, 18204, 18225, 18239, 18242, 18265, 18266, 18269, 18280, 18284, 18325, 18335, 18353, 18356, 18357, 18361, 18364, 18369, 18380, 18391, 18393, 18404, 18413, 18425, 18460, 18474, 18490, 18492, 18500, 18501, 18665, 18843, 18845, 19021, 20225, 20261, 20266, 20292, 20801, 20812, 20817, 20982, 21108, 21748, 21749, 21784, 21801, 22378, 22387, 22392, 22399, 22413, 22417, 22428, 22445, 22456, 22990, 26608, 26986, 28219, 28224, 28484, 30756, 31052, 32207, 32226, 32253, 32275, 32301, 33260, 33320, 33732, 33982, 34282, 34293, 34871, 34909, 34921, 35478, 44641, 49139, 51515, 51527, 51757, 51807, 52876, 53196, 53345, 53351, 53962, 53985, 54046, 54066, 54068, 54528, 54569, 54580, 54823, 54824, 54832, 54840, 54989, 54994, 54996, 55010, 55015, 55027, 55100, 55103, 55105, 55838, 55849, 55951, 55956, 55959, 56081, 56083, 56835, 56838, 56851, 56895, 56896, 56899, 56904, 56908, 56927, 56933, 56941, 56945, 56951, 56959, 56961, 57130, 57147, 57158, 57513, 57604, 58440, 58445, 58735, 59464, 59792, 59803, 59885, 63972, 64278, 66665, 66945, 67007, 67010, 67013, 67018, 67023, 67028, 67251, 67255, 67261, 33235, 66649, 49259, 65422, 49318, 67240, 53842, 52342, 1987, 2038, 7022, 7783, 9909, 10784, 13443, 16649, 17152, 17243, 18719, 21812, 21813, 22513, 24477, 24493, 24497, 24705, 25252, 25309, 27384, 28198, 28249, 33336, 33403, 33409, 42701, 42708, 43579, 44075, 44079, 45040, 45441, 46143, 49216, 50155, 50323, 50624, 51058, 51078, 52676, 52880, 52898, 55504, 55506, 57065, 57164, 57166, 57169, 58548, 58551, 58558, 58837, 59665, 59668, 64002, 64026, 64090, 66936, 66938, 67042, 35110, 12086, 7010, 2068, 9748, 4412, 35073, 18052, 59396, 47795, 48423, 48474, 48485, 48453, 43037, 48181, 31843, 921, 1449, 1809, 1355, 1340, 2170, 4705, 4435, 4620, 579, 658, 660, 917, 923, 1077, 1082, 1205, 1454, 1469, 1556, 1576, 1603, 1606, 1883, 1889, 1895, 1935, 2143, 2164, 2196, 2235, 2278, 3293, 3692, 4208, 4239, 5557, 6958, 7798, 7805, 7809, 10596, 10617, 11247, 14556, 18073, 18155, 19432, 25306, 25411, 28293, 29268, 29306, 32967, 33029, 33299, 33361, 33381, 33385, 33830, 35086, 37416, 37425, 42602, 45278, 47674, 47749, 47998, 48054, 48079, 48141, 48142, 48147, 48178, 48186, 48199, 48546, 48549, 48593, 48618, 48655, 48698, 48703, 48709, 48745, 48862, 48912, 48928, 48990, 49084, 49098, 49103, 49591, 50041, 50120, 50265, 51888, 52513, 52567, 53469, 53856, 55050, 55072, 55076, 55084, 55092, 55124, 55131, 56396, 59387, 59651, 60726, 63782, 63957, 63961, 64135, 64217, 64237, 64241, 64244, 64246, 64248, 64251, 65246, 65252, 65295, 65301, 65314, 66629, 67049, 67111, 4342, 34449, 58753, 34027, 34098, 65313, 32713, 34506, 34163, 51013, 65317, 48971, 52152, 37412, 52197, 22860, 24803, 1047, 24884, 24956, 57974, 24401, 36, 58164, 24899, 7, 1013, 24192, 24211, 24859, 24894, 24896, 24901, 24918, 25388, 58128, 58144, 58148, 58150, 58171, 58747, 34394, 43177], "label": "ceiling"}, {"objectId": 21, "id": 21, "partId": 21, "index": 17, "dominantNormal": [0.1898731291294098, -0.9818086624145508, -2.1800531655781236e-16], "obb": {"axesLengths": [0.9027286254601194, 2.320169993039145, 0.24196511404499077], "centroid": [-1.3834389929770372, 0.5240072640637896, -0.5300850097816054], "normalizedAxes": [0.9818086624145508, 0.1898731142282486, 4.21603006346968e-17, 0, -2.220446049250313e-16, 1, 0.1898731142282486, -0.9818086624145508, -2.1800531655781236e-16]}, "segments": [2619, 29105, 3286, 3669, 7444, 8328, 44187, 25546, 62612, 8346, 8317, 24231, 28192, 3704, 3719, 4729, 5642, 8323, 8326, 8381, 8406, 24247, 29130, 44534, 62356, 62358, 62361, 62527, 63311, 63320, 63325, 63334, 59688, 6240, 3291, 936], "label": "pin board wall"}, {"objectId": 22, "id": 22, "partId": 22, "index": 18, "dominantNormal": [0.12353335320949554, -0.9923404455184937, -2.2034384217628348e-16], "obb": {"axesLengths": [0.8714894346156863, 2.6857269998104782, 0.2829117149801686], "centroid": [0.058752148691233685, 0.7068584975748542, -0.3671364944323181], "normalizedAxes": [0.9923404455184937, 0.12353335320949554, 2.7429914608466787e-17, 0, -2.220446049250313e-16, 1, 0.12353335320949554, -0.9923404455184937, -2.2034384217628348e-16]}, "segments": [59177, 5127, 6075, 59138, 22836, 22873, 28762, 38300, 4213, 5076, 6138, 6144, 15022, 16469, 19909, 20377, 20763, 22837, 22864, 22917, 23346, 23350, 23356, 26088, 26107, 26805, 26809, 27350, 27354, 27368, 29915, 29990, 30495, 30502, 30512, 30517, 30530, 38608, 57763, 57772, 57821, 58781, 59029, 59131, 59261, 59312, 59327, 59614, 57010, 20354, 59083, 16502, 38509, 15063, 15093, 16478, 32495, 38621, 38747, 58940, 60888, 58929], "label": "pin board wall"}, {"objectId": 24, "id": 24, "partId": 24, "index": 19, "dominantNormal": [0.9972307682037354, 0.07436930388212204, 1.6513302699055385e-17], "obb": {"axesLengths": [2.2870996001371444, 0.9438600329191974, 0.3995302666177915], "centroid": [-0.364626107976773, 1.8117183482971089, -1.2419299745873351], "normalizedAxes": [-0.07436930388212204, 0.9972307682037354, 2.214297119448839e-16, 0, -2.220446049250313e-16, 1, 0.9972307682037354, 0.07436930388212204, 1.6513302699055385e-17]}, "segments": [17676, 22190, 18514, 18524, 37942, 20549, 38276, 17369, 17372, 38550, 38648, 39636, 60950, 38750, 20639, 43396, 41537, 41607, 43870, 42398, 42414, 30962, 30934, 11745, 13305, 11982, 12136, 12103, 9327, 4858, 61534], "label": "wall"}, {"objectId": 27, "id": 27, "partId": 27, "index": 21, "dominantNormal": [0.997605562210083, 0.06916017085313797, 1.5356642813632686e-17], "obb": {"axesLengths": [0.5404710963461559, 0.7399999631941323, 0.030715733849004022], "centroid": [0.43910718186002096, -2.020504626796312, 0.020000000968576348], "normalizedAxes": [-0.06916017085313797, 0.997605562210083, 2.2151293293195162e-16, 0, -2.220446049250313e-16, 1, 0.997605562210083, 0.06916017085313797, 1.5356642813632686e-17]}, "segments": [34551, 56729, 57085], "label": "picture"}, {"objectId": 28, "id": 28, "partId": 28, "index": 22, "dominantNormal": [0.9885287284851074, 0.15103298425674438, 3.353605931993728e-17], "obb": {"axesLengths": [0.9265002433703304, 0.9999999776482582, 0.051456937775526006], "centroid": [0.4083482500515103, -1.6081780647047343, -0.06999998569488497], "normalizedAxes": [-0.15103298425674438, 0.9885287284851074, 2.1949747097351922e-16, 0, -2.220446049250313e-16, 1, 0.9885287284851074, 0.15103298425674438, 3.353605931993728e-17]}, "segments": [17054], "label": "picture"}, {"objectId": 29, "id": 29, "partId": 29, "index": 23, "dominantNormal": [0.16422776877880096, -0.9864224195480347, -2.1902977643773684e-16], "obb": {"axesLengths": [1.1341293246759525, 1.07861993286118, 0.19749158001751377], "centroid": [-3.2801810318230875, -0.23816403303668365, -1.1693099419926853], "normalizedAxes": [0.9864224195480347, 0.16422776877880096, 3.646589003620825e-17, 0, -2.220446049250313e-16, 1, 0.16422776877880096, -0.9864224195480347, -2.1902977643773684e-16]}, "segments": [4178, 4096, 4108, 5874, 8245, 55460, 5512, 7044, 8505, 11740, 55468, 55559, 55572, 55565, 55257, 4577, 55261, 4616, 7180], "label": "wall"}, {"objectId": 30, "id": 30, "partId": 30, "index": 24, "dominantNormal": [0.9976475238800049, 0.06855267286300659, 1.5221751162421214e-17], "obb": {"axesLengths": [0.639577505181567, 2.6944798820954574, 0.10172045825467135], "centroid": [-2.7410271652953275, 0.10815375929529569, -0.3461199865612383], "normalizedAxes": [-0.06855267286300659, 0.9976475238800049, 2.2152225029437142e-16, 0, -2.220446049250313e-16, 1, 0.9976475238800049, 0.06855267286300659, 1.5221751162421214e-17]}, "segments": [8749], "label": "wall"}, {"objectId": 32, "id": 32, "partId": 32, "index": 25, "dominantNormal": [0.8512743711471558, -0.5247208476066589, -1.1651143330274814e-16], "obb": {"axesLengths": [0.24602478167356576, 0.3999999988824127, 0.17849443654647762], "centroid": [-1.9419093228144528, -4.298019492390361, 0.2300000036880374], "normalizedAxes": [0.5247208476066589, 0.8512743711471558, 1.8902088142417467e-16, 0, -2.220446049250313e-16, 1, 0.8512743711471558, -0.5247208476066589, -1.1651143330274814e-16]}, "segments": [47717, 47665, 34626], "label": "plant"}, {"objectId": 33, "id": 33, "partId": 33, "index": 26, "dominantNormal": [0, -2.220446049250313e-16, 1], "obb": {"axesLengths": [2.14355758471236, 0.16000002264976443, 1.6213945438273962], "centroid": [-3.1228247791040533, -3.3620246317733358, -0.7299999673664566], "normalizedAxes": [0.28196850419044495, 0.9594236612319946, 2.1303484781398532e-16, 0, -2.220446049250313e-16, 1, 0.9594236612319946, -0.28196850419044495, -6.260958511426938e-17]}, "segments": [20751, 20923, 22839, 28813, 27054, 27061, 27293, 28165, 28287, 28900, 28031, 10499, 10511, 10527, 10545, 10563, 10577, 10580, 10587, 22360, 27071, 34393, 34400, 34489, 55661, 55665, 56773, 56777, 56780, 56784, 54600, 34445, 34465, 34491, 66380, 66381, 25976, 27115], "label": "kitchen counter"}, {"objectId": 41, "id": 41, "partId": 41, "index": 27, "dominantNormal": [0.10785234719514847, -0.994166910648346, -2.2074939890445088e-16], "obb": {"axesLengths": [2.437033069534687, 0.7798331969268647, 0.0902213804603808], "centroid": [-3.342771628873618, -4.527428295476181, -0.3987954030082652], "normalizedAxes": [0.994166910648346, 0.10785234719514847, 2.394803182318405e-17, 0, -2.220446049250313e-16, 1, 0.10785234719514847, -0.994166910648346, -2.2074939890445088e-16]}, "segments": [54225, 6531, 54258, 54350, 54414, 6550, 6566, 6571, 6573, 13269, 13293, 54275, 54304, 55378, 66769, 53667, 45681, 50637, 50662, 50689, 53548, 53594, 54193, 63307, 67447, 67450, 67458, 29126, 67037, 54409, 29046, 49395, 53527, 54402, 29150, 50644, 6674, 6536, 5798, 6603, 6625, 6632, 55408, 29237, 35743], "label": "wall"}, {"objectId": 35, "id": 35, "partId": 35, "index": 28, "dominantNormal": [0.9614096283912659, 0.2751208543777466, 6.108910141694381e-17], "obb": {"axesLengths": [0.20459886083990333, 0.3399999959766864, 0.09537497924251394], "centroid": [-4.021397855640319, -4.295231863557538, -0.059999995455144894], "normalizedAxes": [-0.2751208543777466, 0.9614096283912659, 2.134758211072598e-16, 0, -2.220446049250313e-16, 1, 0.9614096283912659, 0.2751208543777466, 6.108910141694381e-17]}, "segments": [2512, 27583, 65305], "label": "kitchen hood"}, {"objectId": 37, "id": 37, "partId": 37, "index": 30, "dominantNormal": [0.8508599996566772, -0.5253925323486328, -1.166605772759139e-16], "obb": {"axesLengths": [0.2384290424506735, 0.2199999883025886, 0.1072988011257469], "centroid": [-1.8879325656120778, -3.9556348156020307, 0.10000000018626531], "normalizedAxes": [0.5253925323486328, 0.8508599996566772, 1.8892887247027917e-16, 0, -2.220446049250313e-16, 1, 0.8508599996566772, -0.5253925323486328, -1.166605772759139e-16]}, "segments": [47058, 61944], "label": "plant"}, {"objectId": 38, "id": 38, "partId": 38, "index": 31, "dominantNormal": [0, -2.220446049250313e-16, 1], "obb": {"axesLengths": [0.4492486507833824, 0.30981998943194755, 0.4520509580638661], "centroid": [-2.036688212235681, -4.126522220802258, -0.5167169697571468], "normalizedAxes": [0.20316480100154877, 0.9791445732116699, 2.1741376992327364e-16, 0, -2.220446049250313e-16, 1, 0.9791445732116699, -0.20316480100154877, -4.51116479730615e-17]}, "segments": [58989, 36284, 30419, 59515, 59369, 59357, 36471, 27179, 58137, 58139, 36084], "label": "box"}, {"objectId": 40, "id": 40, "partId": 40, "index": 32, "dominantNormal": [0.9079291820526123, -0.4191235601902008, -9.306412533720572e-17], "obb": {"axesLengths": [0.5482342244972821, 1.6949897141384387, 0.3490951905697752], "centroid": [0.7388809551162274, -3.6439440238596186, -0.884825049679911], "normalizedAxes": [0.4191235899925232, 0.9079291820526123, 2.0160077652877913e-16, 0, -2.220446049250313e-16, 1, 0.9079291820526123, -0.4191235899925232, -9.306413195465062e-17]}, "segments": [45346, 63117, 13126, 7376, 29917, 33934, 36718, 55784, 490, 53756, 54807, 55905, 12766, 12710, 12758, 12891, 55938], "label": "lamp"}, {"objectId": 43, "id": 43, "partId": 43, "index": 33, "dominantNormal": [0, -2.220446049250313e-16, 1], "obb": {"axesLengths": [0.3409950202340412, 0.17924999790079887, 0.3296603640903948], "centroid": [-2.6201874838199792, 0.2545802399358976, -1.33192499916423], "normalizedAxes": [0.6814619898796082, 0.7318535447120667, 1.6250413119857458e-16, 0, -2.220446049250313e-16, 1, 0.7318535447120667, -0.6814619898796082, -1.5131495831424328e-16]}, "segments": [63595, 45621, 45643, 46176, 46202, 46224, 46303, 63627, 63586, 63647, 6183, 45652, 63628, 63719, 63720, 63730, 63763, 63715, 63664, 7867], "label": "trash can"}, {"objectId": 49, "id": 49, "partId": 49, "index": 36, "dominantNormal": [0.9065324664115906, 0.422136127948761, 9.37330497549651e-17], "obb": {"axesLengths": [0.3576035299423517, 0.4906099925053864, 0.3128048730809867], "centroid": [0.07752688120695606, -0.9934104931766603, -0.9953049739009514], "normalizedAxes": [-0.422136127948761, 0.9065324664115906, 2.0129064335607584e-16, 0, -2.220446049250313e-16, 1, 0.9065324664115906, 0.422136127948761, 9.37330497549651e-17]}, "segments": [60173, 34640, 36297, 60549, 60188, 56194, 13632], "label": "backpack"}, {"objectId": 50, "id": 50, "partId": 50, "index": 37, "dominantNormal": [0, -2.220446049250313e-16, 1], "obb": {"axesLengths": [0.42436739084762753, 0.07235604362884063, 0.3711361045648114], "centroid": [-0.5727184025607649, -1.8113634475996192, -0.923335973024308], "normalizedAxes": [0.6277048587799072, 0.7784513831138611, 1.7285092981686147e-16, 0, -2.220446049250313e-16, 1, 0.7784513831138611, -0.6277048587799072, -1.3937847737730707e-16]}, "segments": [22670, 27128], "label": "laptop"}], "scan_id": "a0905ffa-66f7-2272-9ca9-24c7ec00f34f", "annId": "4939", "appId": "stk.v1"}