{"segGroups": [{"objectId": 1, "id": 1, "partId": 1, "index": 0, "dominantNormal": [0, -2.220446049250313e-16, 1], "obb": {"axesLengths": [5.827807367446798, 0.48124991771765213, 5.599626623154472], "centroid": [-1.0284616451609832, 0.8605203345021579, -1.350624926700257], "normalizedAxes": [0.7492372393608093, -0.6623017191886902, -1.4706052357842174e-16, 0, -2.220446049250313e-16, 1, -0.6623017191886902, -0.7492372393608093, -1.6636408680899202e-16]}, "segments": [1019, 9520, 33544, 34266, 33345, 14753, 20729, 28723, 4884, 21127, 24458, 21489, 20758, 22603, 18070, 3355, 5657, 5664, 5755, 6699, 7259, 7408, 7457, 7462, 8314, 9313, 9324, 9354, 9375, 10367, 10383, 12441, 12547, 12768, 13584, 13606, 13616, 13631, 13636, 13640, 13715, 14737, 14758, 14768, 16042, 16080, 16096, 16162, 16170, 16176, 16192, 16202, 16203, 16209, 16374, 17357, 17438, 17500, 17542, 17551, 18336, 18392, 18504, 18510, 20682, 20698, 21092, 23239, 24120, 24430, 24433, 24533, 24537, 24568, 24746, 25022, 25033, 25066, 25096, 25207, 25242, 25252, 25286, 25359, 25361, 25371, 25495, 25516, 25527, 25552, 25571, 25580, 25585, 25609, 26345, 26383, 26408, 26427, 26471, 26478, 26505, 26516, 26522, 26558, 26627, 26634, 26695, 27187, 27202, 27203, 27204, 27313, 27318, 27427, 28453, 28948, 28982, 29026, 29082, 29084, 29086, 29093, 29101, 31791, 31834, 31869, 32836, 33267, 33349, 33479, 33588, 33622, 34672, 34679, 34766, 35254, 35295, 35301, 35373, 35901, 37550, 38549, 39868, 41522, 41526, 42066, 42424, 42496, 42500, 42634, 42747, 42811, 43577, 43702, 44339, 44342, 44345, 44411, 45991, 45998, 46000, 47017, 47436, 47710, 47713, 47741, 48808, 47093, 25624, 11472, 11395, 39649, 39624, 11281, 27671], "label": "floor"}, {"objectId": 2, "id": 2, "partId": 2, "index": 1, "dominantNormal": [0, -2.220446049250313e-16, 1], "obb": {"axesLengths": [2.737370646011202, 0.9395229010390583, 1.7472621677072384], "centroid": [-1.9753001115058384, -0.8234167522548326, -1.001758441988189], "normalizedAxes": [-0.350460410118103, 0.936577558517456, 2.0796199396265892e-16, 0, -2.220446049250313e-16, 1, 0.936577558517456, 0.350460410118103, 7.781784330653863e-17]}, "segments": [46525, 34222, 7002, 17904, 33810, 46398, 20510, 25524, 36737, 22062, 47038, 46496, 46602, 34653, 33876, 25510, 30209, 32368, 32494, 32500, 33010, 33367, 34149, 35550, 41652, 42045, 42182, 45848, 45904, 45923, 46421, 46439, 46533, 46615, 47021, 47788, 34172, 21500, 25187, 33656, 20286, 32660, 45754, 22629, 22877, 25126, 42403, 42594, 34156, 47027, 33261], "label": "couch"}, {"objectId": 3, "id": 3, "partId": 3, "index": 2, "dominantNormal": [-0.5545861124992371, -0.8321263194084167, -1.847691598407623e-16], "obb": {"axesLengths": [3.999557472986747, 2.535649958201125, 0.4811251318300735], "centroid": [-1.8685205552693827, -2.092907939850541, -0.18847498691324094], "normalizedAxes": [0.8321263194084167, -0.5545861124992371, -1.2314285424680206e-16, 0, -2.220446049250313e-16, 1, -0.5545861124992371, -0.8321263194084167, -1.847691598407623e-16]}, "segments": [6504, 36499, 17326, 4473, 9353, 17430, 36972, 27153, 30665, 20332, 36032, 30817, 4056, 4581, 36340, 30374, 4935, 924, 926, 969, 1003, 1045, 1052, 3107, 3126, 3144, 3155, 3163, 3176, 3201, 3209, 3227, 3243, 3244, 3256, 3257, 3288, 3451, 3527, 4219, 4224, 4386, 4395, 4509, 5099, 5159, 5204, 5207, 5244, 5253, 5256, 5273, 5405, 5527, 5529, 5543, 5545, 5561, 5586, 5621, 5625, 6251, 6500, 6522, 6540, 8916, 8920, 8937, 9399, 9414, 9435, 9590, 9595, 9610, 9630, 9739, 10105, 10135, 10164, 10191, 10200, 10914, 10928, 10936, 12210, 12216, 12221, 12235, 12254, 12258, 12270, 12305, 12328, 12339, 12365, 12367, 12397, 12411, 12425, 12429, 12433, 12453, 12457, 12675, 12873, 14118, 14146, 14147, 14153, 14154, 14183, 14200, 14232, 14249, 14250, 14270, 14277, 14310, 14333, 14433, 14435, 14878, 14883, 14929, 15194, 15284, 15947, 16312, 17359, 17409, 17455, 17456, 17503, 17518, 17535, 17538, 17572, 17580, 17582, 17590, 17595, 17830, 18277, 18577, 18596, 18599, 18604, 18720, 18787, 18876, 18884, 18887, 18902, 18940, 18972, 21403, 21414, 21433, 21439, 21453, 21468, 21474, 21670, 21693, 21704, 22221, 22282, 23168, 23203, 23206, 23222, 23230, 23248, 23280, 23652, 23942, 23961, 24365, 24422, 24529, 27064, 28876, 29023, 29028, 29048, 29076, 29818, 29840, 29893, 30801, 32210, 32322, 32360, 32981, 36416, 36687, 38172, 38180, 38372, 38377, 38484, 38533, 39693, 39695, 39711, 40349, 40546, 40550, 40553, 40554, 40561, 40670, 41041, 41044, 41078, 41083, 41093, 41109, 41110, 41121, 41643, 41801, 41824, 41826, 42178, 42187, 42191, 42406, 42408, 42411, 42414, 42449, 42457, 42459, 44573, 44598, 44602, 44606, 44757, 44760, 45764, 45765, 47782, 48993, 15429, 8368, 33079, 994, 3147, 4196, 4382, 4415, 5690, 9453, 9478, 9581, 9708, 9731, 9756, 9797, 10082, 10225, 10945, 10950, 10998, 11012, 11017, 11035, 11041, 11072, 11090, 11101, 11106, 11154, 11157, 11163, 11164, 11167, 11182, 11187, 11212, 11227, 11261, 11284, 11325, 11333, 11337, 11352, 11382, 11386, 11420, 11858, 11896, 12029, 12071, 12089, 14039, 14066, 14358, 15941, 15985, 18299, 18607, 18745, 20288, 21967, 21982, 21997, 22010, 23259, 24399, 24981, 26895, 26931, 26937, 26951, 26954, 26957, 27054, 31164, 31336, 31353, 31361, 31374, 31376, 31414, 31419, 31425, 31439, 32951, 32998, 33005, 33025, 33047, 35870, 35873, 35932, 35942, 35973, 36019, 36020, 36021, 36107, 36598, 36609, 36627, 36659, 36678, 37166, 37198, 38375, 38378, 40206, 40210, 40217, 40418, 40479, 40487, 40657, 40660, 40662, 41503, 42549, 43340, 43343, 43567, 45484, 45497, 45523, 45526, 45558, 45568, 45576, 45591, 45775, 45783, 47048, 47751, 47769, 47773, 47775, 47780, 48446, 49439], "label": "wall"}, {"objectId": 4, "id": 4, "partId": 4, "index": 3, "dominantNormal": [-0.5568611025810242, -0.8306056261062622, -1.8443149809727326e-16], "obb": {"axesLengths": [1.328332815488738, 0.8785129887197984, 0.14552769687597936], "centroid": [-0.39930937470050976, 1.5008434244738171, -0.5507434713953694], "normalizedAxes": [0.8306056261062622, -0.5568611025810242, -1.2364800352072084e-16, 0, -2.220446049250313e-16, 1, -0.5568611025810242, -0.8306056261062622, -1.8443149809727326e-16]}, "segments": [45118, 17833, 21928, 23421, 24745, 21395], "label": "tv"}, {"objectId": 5, "id": 5, "partId": 5, "index": 4, "dominantNormal": [-0.5897840857505798, -0.8075609803199768, -1.7931455882802023e-16], "obb": {"axesLengths": [2.000906314952227, 0.5390399573957926, 0.48192219850462104], "centroid": [-0.5876851089216304, 1.3827243077916507, -1.2395199639736858], "normalizedAxes": [0.8075609803199768, -0.5897840857505798, -1.3095837431155829e-16, 0, -2.220446049250313e-16, 1, -0.5897840857505798, -0.8075609803199768, -1.7931455882802023e-16]}, "segments": [21785, 24228, 42001, 19633, 41921, 42015, 19884, 19622, 19564, 20920, 24143, 6897, 43795, 27757, 26145, 27807, 25756, 26636, 28123, 44000, 44006, 28055, 22785, 15402, 44303, 28403, 15349, 19302, 43917, 15666, 44463, 15458, 6931, 25849, 27934, 43898, 20996, 21019, 20915, 20796, 563, 686, 688, 769, 816, 852, 888, 2349, 2574, 5959, 5982, 5993, 6907, 6921, 6926, 7423, 7616, 7625, 7661, 15279, 15316, 15465, 15470, 15535, 15567, 15594, 15609, 15681, 15687, 15707, 15741, 15744, 19318, 19327, 19342, 19352, 19366, 19394, 19543, 19638, 19720, 19735, 19840, 19915, 19933, 20783, 20798, 20820, 20823, 20912, 21021, 21046, 21786, 21838, 21854, 22674, 22685, 22694, 22707, 22708, 22733, 22752, 22759, 22765, 22777, 22795, 22799, 22809, 22828, 22835, 22842, 23014, 23038, 23068, 23101, 23112, 23703, 23719, 23758, 24190, 24194, 24900, 24902, 25680, 25705, 25726, 25729, 25888, 25889, 25893, 25900, 25916, 25950, 25967, 25977, 25982, 25992, 25994, 26010, 26027, 26037, 26044, 26051, 26064, 26104, 26127, 26139, 26174, 26218, 27682, 27700, 27710, 27713, 27719, 27732, 27742, 27744, 27747, 27766, 27787, 27820, 27843, 27866, 27952, 27967, 27971, 28019, 28068, 28074, 28083, 28102, 28108, 28112, 28167, 28172, 28181, 28187, 28198, 28203, 28232, 28234, 28244, 28257, 28294, 28341, 28410, 28424, 28963, 37557, 37984, 38011, 38014, 38565, 38578, 39018, 39223, 40792, 40796, 40802, 40811, 41837, 41847, 41945, 41966, 41973, 41995, 42123, 42133, 42139, 42370, 42371, 42445, 42492, 42822, 42826, 42909, 42920, 42928, 42933, 42940, 42956, 42960, 42966, 43087, 43090, 43091, 43737, 43752, 43771, 43776, 43869, 43895, 43940, 43944, 43949, 43955, 43972, 43974, 43977, 44151, 44154, 44164, 44225, 44231, 44236, 44348], "label": "tv stand"}, {"objectId": 6, "id": 6, "partId": 6, "index": 5, "dominantNormal": [-0.5653324723243713, -0.8248631358146667, -1.8315640910919012e-16], "obb": {"axesLengths": [2.2639460768570396, 1.4999999366700658, 0.24359674833477346], "centroid": [-0.42883902589397455, 1.5229115249579661, -0.6599999451171611], "normalizedAxes": [0.8248631358146667, -0.5653324723243713, -1.2552902546855623e-16, 0, -2.220446049250313e-16, 1, -0.5653324723243713, -0.8248631358146667, -1.8315640910919012e-16]}, "segments": [21381, 17237, 17145, 2045, 45062, 22490, 2356, 965, 151, 20081, 20976, 23565, 23552, 19290, 23586, 23345, 24792, 44198, 19191], "label": "wall"}, {"objectId": 7, "id": 7, "partId": 7, "index": 6, "dominantNormal": [0.9220815896987915, 0.3869955837726593, 8.593028150653199e-17], "obb": {"axesLengths": [0.25752801406953, 0.23857902947264087, 0.1984798240476349], "centroid": [-1.1224593969468777, 1.8278017202250463, -0.9291204981981842], "normalizedAxes": [-0.3869955837726593, 0.9220815896987915, 2.0474324229331298e-16, 0, -2.220446049250313e-16, 1, 0.9220815896987915, 0.3869955837726593, 8.593028150653199e-17]}, "segments": [41865, 41851, 18102, 19482, 19528, 115, 18118, 41882], "label": "lamp"}, {"objectId": 8, "id": 8, "partId": 8, "index": 7, "dominantNormal": [0.8287801742553711, 0.5595743060112, 1.2425045570445546e-16], "obb": {"axesLengths": [0.5309677627140211, 0.5457969930962397, 0.5047327697414522], "centroid": [-2.405093160590559, -0.8048241414516407, 0.09204552792097243], "normalizedAxes": [-0.5595743060112, 0.8287801742553711, 1.8402616636223248e-16, 0, -2.220446049250313e-16, 1, 0.8287801742553711, 0.5595743060112, 1.2425045570445546e-16]}, "segments": [13754, 13738, 30286, 12281, 30120, 30123, 10735, 11465, 15836, 15844, 20616, 20622, 30111, 30115, 30308, 41471, 41474, 14779], "label": "lamp"}, {"objectId": 9, "id": 9, "partId": 9, "index": 8, "dominantNormal": [0.22795531153678894, -0.9736716151237488, -2.1619852910686994e-16], "obb": {"axesLengths": [0.5041634048135315, 0.40002430081313156, 0.39877879285787193], "centroid": [-2.0679161085493947, -1.2470407267537957, 0.2999438718439522], "normalizedAxes": [0.9736716151237488, 0.22795531153678894, 5.061624709074873e-17, 0, -2.220446049250313e-16, 1, 0.22795531153678894, -0.9736716151237488, -2.1619852910686994e-16]}, "segments": [10316, 11702, 45242, 40168, 40131, 30423, 9776, 40232, 10984, 39909, 10678, 10604, 10298, 9659, 9670, 9789, 9809, 10319, 10345, 10412, 10414, 10443, 10456, 10462, 10464, 10511, 10554, 10557, 10580, 10591, 10595, 10610, 10612, 10620, 10633, 10680, 10698, 10713, 10737, 10754, 10761, 10788, 10813, 10826, 10840, 10867, 11079, 11148, 11586, 11614, 11647, 11689, 11721, 11722, 11741, 30438, 30454, 30499, 30533, 39439, 39793, 39816, 39822, 39825, 39827, 39828, 39830, 39833, 39876, 39906, 39949, 39964, 39976, 40035, 40118, 40146, 40177, 40268, 40269, 40275, 40327, 40329, 40344, 45209, 45246, 45261, 45286, 45293, 45262, 10257], "label": "lamp"}, {"objectId": 10, "id": 10, "partId": 10, "index": 9, "dominantNormal": [0.8266214728355408, -0.5627583861351013, -1.249574635176168e-16], "obb": {"axesLengths": [3.231113169875262, 2.1741299739301945, 0.4831004166542451], "centroid": [0.5831575817009398, -1.6389576083367317, -0.37706500263925524], "normalizedAxes": [0.5627583861351013, 0.826621413230896, 1.8354682512342535e-16, 0, -2.220446049250313e-16, 1, 0.826621413230896, -0.5627583861351013, -1.249574635176168e-16]}, "segments": [29416, 33174, 30856, 30834, 45343, 316, 2709, 39005, 38057, 6843, 6871, 1855, 2440, 1263, 7005, 39359, 39364, 39420, 3018, 3099, 38311, 3509, 38345, 38447, 2910, 38217, 1392, 37763, 37874, 37530, 9367, 27498, 33552, 26234, 43678, 13146, 4547, 4256, 4238, 3928, 3740, 1629, 1627, 37802, 1199, 46694, 21012, 37382, 21983, 187, 238, 267, 272, 277, 358, 374, 396, 426, 434, 459, 469, 480, 507, 514, 523, 659, 669, 672, 716, 728, 738, 756, 761, 766, 772, 814, 817, 874, 1112, 1113, 1138, 1143, 1150, 1246, 1288, 1295, 1297, 1299, 1337, 1360, 1365, 1379, 1401, 1523, 1610, 1664, 1698, 1722, 1848, 1859, 1901, 1936, 2067, 2080, 2089, 2104, 2128, 2147, 2176, 2182, 2188, 2196, 2202, 2208, 2225, 2304, 2388, 2470, 2517, 2674, 2682, 2695, 2721, 2724, 2791, 2850, 2885, 2914, 2920, 2927, 2952, 2960, 2985, 3075, 3199, 3273, 3327, 3473, 3517, 3559, 3668, 3701, 3742, 3787, 3790, 3806, 3813, 3831, 3908, 3919, 3948, 3969, 3980, 4001, 4023, 4042, 4045, 4085, 4114, 4123, 4246, 4277, 4408, 4485, 4533, 4576, 4590, 4609, 4613, 4631, 4701, 5096, 5948, 6086, 6091, 6093, 6094, 6130, 6175, 6176, 6204, 6214, 6215, 6252, 6254, 6266, 6285, 6320, 6334, 6345, 6409, 6484, 6535, 6551, 6561, 6570, 6572, 6579, 6597, 6599, 6619, 6624, 6634, 6769, 6802, 6881, 7011, 7024, 7043, 7081, 7093, 7135, 7156, 7206, 7210, 7242, 7291, 7308, 7361, 7433, 7444, 7449, 7506, 7713, 7750, 7823, 7866, 7927, 7933, 7943, 7944, 7977, 8009, 8025, 8028, 8049, 8120, 8284, 8295, 8362, 8372, 8381, 8450, 8461, 8479, 8566, 8578, 8580, 8586, 8593, 8626, 8630, 8665, 8691, 8693, 8698, 8801, 8813, 8847, 8880, 9278, 9325, 9460, 9475, 9677, 9683, 9747, 9830, 9883, 9916, 10071, 10125, 10241, 10852, 10872, 12517, 12608, 12609, 12674, 12736, 12756, 12799, 12819, 12827, 12831, 12836, 12840, 12842, 12865, 12883, 12905, 12920, 12939, 13018, 13028, 13067, 13094, 13099, 13113, 13118, 13129, 13170, 13174, 13197, 13200, 13226, 15881, 16838, 16911, 16921, 17624, 17969, 17994, 17998, 18005, 18015, 18025, 18485, 19105, 19123, 19730, 19790, 19794, 19901, 20007, 20169, 20453, 20454, 20460, 20898, 21041, 21221, 21227, 21240, 21812, 21836, 21966, 22523, 22525, 22668, 22894, 22997, 23030, 23754, 23925, 24154, 24171, 24176, 24204, 24296, 24393, 26230, 26266, 26272, 26280, 26299, 26320, 26359, 26444, 26465, 26476, 27235, 27249, 27251, 27256, 27259, 27268, 27270, 27320, 27367, 27376, 27389, 27423, 27426, 27436, 27487, 27488, 27542, 29396, 30602, 30613, 30631, 30847, 30929, 30930, 30942, 30944, 30983, 31009, 31028, 31036, 31043, 31044, 31062, 31088, 31123, 31952, 32643, 32647, 33111, 33182, 33195, 33203, 33606, 33630, 33645, 33663, 33665, 33666, 33668, 33675, 33676, 33678, 33679, 33690, 35450, 37245, 37259, 37263, 37294, 37297, 37311, 37334, 37339, 37366, 37375, 37401, 37406, 37408, 37433, 37436, 37445, 37459, 37464, 37470, 37474, 37476, 37481, 37484, 37527, 37533, 37543, 37546, 37552, 37616, 37620, 37661, 37681, 37694, 37698, 37702, 37714, 37715, 37726, 37749, 37752, 37755, 37757, 37769, 37784, 37785, 37862, 37865, 37914, 37919, 37935, 37943, 37963, 37965, 37966, 37969, 38157, 38253, 38272, 38275, 38277, 38317, 38328, 38331, 38348, 38350, 38352, 38354, 38357, 38401, 38414, 38601, 38619, 38675, 38690, 38712, 38739, 38747, 38749, 38754, 38756, 38760, 38763, 38766, 38771, 38775, 38789, 38798, 38804, 38860, 38907, 38947, 38951, 38994, 38998, 39069, 39130, 39137, 39140, 39220, 39225, 39227, 39232, 39233, 39241, 39248, 39252, 39254, 39258, 39311, 39333, 39390, 39398, 39402, 39440, 39442, 39576, 39578, 39580, 39616, 39865, 39879, 39912, 39920, 39925, 39956, 39961, 39979, 39983, 40042, 40097, 40103, 40105, 40148, 41661, 42814, 42818, 43096, 43099, 43135, 43138, 43139, 43144, 43146, 43579, 43584, 43590, 43592, 43598, 43607, 43610, 43612, 43617, 43693, 43698, 43711, 45326, 45330, 45334, 45368, 45371, 45411, 45413, 45449, 45462, 45470, 45846, 45986, 46008, 46009, 46016, 46023, 46027, 46102, 46218, 46294, 46303, 46309, 46319, 46321, 46328, 46996, 47000, 47004, 2251, 23915, 3149, 45720, 22322, 20705, 32581, 39285, 6194, 7602], "label": "cupboard"}, {"objectId": 11, "id": 11, "partId": 11, "index": 10, "dominantNormal": [0.851629912853241, -0.5241435170173645, -1.1638324016013713e-16], "obb": {"axesLengths": [2.3702302499910277, 2.5512300159507233, 0.6350573557433736], "centroid": [-2.7666257689404627, -0.21593175175600834, -0.17438498564507787], "normalizedAxes": [0.5241435170173645, 0.851629912853241, 1.8909982754183673e-16, 0, -2.220446049250313e-16, 1, 0.851629912853241, -0.5241435170173645, -1.1638324016013713e-16]}, "segments": [35588, 21947, 48495, 47872, 47892, 36908, 36133, 36800, 31777, 47910, 5185, 28652, 35124, 29503, 8137, 28529, 48036, 26568, 35196, 47010, 31475, 31484, 35185, 32453, 34874, 22709, 22578, 25070, 29468, 38930, 6731, 7896, 38536, 14316, 5036, 5058, 5078, 5108, 5179, 5228, 5258, 5262, 5285, 5341, 5376, 5418, 5470, 5480, 5505, 5520, 5558, 5632, 5670, 6695, 6706, 6722, 6726, 6729, 6736, 6741, 7586, 7663, 7690, 7801, 7810, 7832, 7851, 7863, 7875, 7890, 7909, 7945, 7963, 7964, 7979, 8020, 8022, 8130, 8144, 8162, 8218, 8507, 8726, 8740, 8905, 8945, 8991, 9003, 9167, 9199, 9215, 9983, 9997, 10006, 10080, 10237, 12390, 12725, 12797, 12800, 12874, 12875, 12902, 12917, 12925, 12941, 12985, 12988, 12991, 12997, 13027, 13050, 13058, 13068, 13075, 13093, 13178, 13188, 13194, 13225, 13227, 13252, 13276, 13288, 13295, 13299, 13301, 13326, 13340, 13357, 13366, 13383, 13386, 13401, 13405, 13419, 13421, 13439, 13445, 13450, 13459, 13495, 13504, 13517, 13530, 13534, 13561, 14239, 14347, 14497, 14499, 14503, 14511, 14519, 14520, 14525, 14559, 14560, 14565, 14571, 14578, 14607, 14610, 14623, 14786, 14797, 14804, 14813, 14822, 14824, 14826, 14832, 14834, 14835, 14837, 14844, 14863, 14897, 14943, 14944, 14948, 14950, 15013, 15021, 15054, 15100, 15110, 15114, 15124, 15137, 15143, 15145, 15153, 15165, 15211, 15214, 15240, 15264, 15310, 15337, 15351, 15368, 15373, 15439, 15445, 15457, 15495, 15553, 15563, 15565, 15584, 15606, 15618, 15651, 15655, 15691, 15711, 15731, 15732, 15750, 15761, 15791, 15806, 16890, 16973, 17029, 17119, 18539, 18552, 18566, 18582, 18592, 18638, 18639, 18653, 18656, 18658, 18688, 18729, 18732, 18746, 18795, 18849, 19762, 19798, 19900, 20066, 20323, 20324, 20334, 20337, 20363, 20368, 20385, 20388, 20598, 21198, 23151, 23189, 23795, 23804, 23813, 23909, 24975, 26680, 26801, 26848, 26913, 26991, 26999, 27020, 28483, 28485, 28492, 28534, 28540, 28553, 28560, 28562, 28578, 28582, 28711, 28733, 28791, 29451, 29466, 29753, 29755, 29760, 29780, 29782, 31247, 31263, 31296, 31479, 31509, 31519, 32104, 32120, 32296, 32447, 33912, 33919, 33945, 33959, 33990, 33998, 34012, 34015, 34029, 34044, 34732, 34774, 34810, 34814, 35114, 35178, 35206, 35241, 35520, 35669, 36126, 36193, 36852, 36857, 36890, 37988, 37992, 38002, 38008, 38486, 38491, 38504, 38514, 38522, 38527, 38544, 38545, 38550, 38595, 38878, 39147, 39533, 40687, 40688, 40697, 40700, 40762, 40769, 40771, 40779, 40782, 40784, 40791, 40814, 40820, 40826, 40830, 41125, 41129, 41130, 41169, 41187, 41191, 41212, 41214, 41215, 41225, 41246, 41251, 41263, 41271, 41276, 41280, 41283, 41288, 41294, 41303, 41307, 41312, 41322, 41327, 41330, 41356, 41374, 41447, 41458, 41592, 41655, 41657, 41683, 41688, 41693, 41697, 41706, 41710, 41714, 41720, 41737, 41754, 41756, 41806, 41810, 41815, 41817, 41820, 42152, 42156, 43203, 43214, 43232, 43237, 43241, 43246, 43249, 43279, 43281, 43286, 43330, 43334, 43347, 43353, 43357, 43389, 44570, 44577, 44579, 44744, 45620, 45681, 45855, 46441, 46468, 48251, 48295, 48811], "label": "wall"}, {"objectId": 12, "id": 12, "partId": 12, "index": 11, "dominantNormal": [-0.4411698281764984, 0.8974236249923706, 1.9926807426182038e-16], "obb": {"axesLengths": [0.3536869333990007, 0.35490799647030224, 0.3602737306809187], "centroid": [-2.5692269199978597, -0.25033735865369083, 0.10407001967757945], "normalizedAxes": [-0.4411698281764984, 0.8974236249923706, 1.9926807426182038e-16, 0, -2.220446049250313e-16, 1, 0.8974236249923706, 0.4411698281764984, 9.795938020229454e-17]}, "segments": [23879, 42345, 14891, 42352, 14282, 12416, 43723, 22621, 42265, 28435, 43728], "label": "lamp"}, {"objectId": 13, "id": 13, "partId": 13, "index": 12, "dominantNormal": [0.9999461770057678, -0.010375183075666428, -2.303753427061223e-18], "obb": {"axesLengths": [0.41109976265314685, 0.41756003161758065, 0.330510655448907], "centroid": [-2.906538764982419, -0.9648899238880685, 0.5774230150429975], "normalizedAxes": [0.010375183075666428, 0.9999461770057678, 2.2203265381954114e-16, 0, -2.220446049250313e-16, 1, 0.9999461770057678, -0.010375183075666428, -2.303753427061223e-18]}, "segments": [13841, 13843, 39676, 9186, 39662, 39655, 43452, 43433, 8734, 9233, 9229, 8729, 9212, 9214, 13799, 13803, 13868, 13876, 13916, 26524, 26549, 26591, 26691, 26700, 26723, 26771, 26808, 26879, 26973, 27035, 39535, 43211, 43242, 43326, 43368, 43460, 43480], "label": "lamp"}, {"objectId": 14, "id": 14, "partId": 14, "index": 13, "dominantNormal": [0, -2.220446049250313e-16, 1], "obb": {"axesLengths": [0.7893374777184003, 0.5070959216260328, 0.6919634169541496], "centroid": [-0.9492030176088629, -1.884537632304453, -1.219641934594691], "normalizedAxes": [-0.17244908213615417, 0.9850184321403503, 2.1871802860847785e-16, 0, -2.220446049250313e-16, 1, 0.9850184321403503, 0.17244908213615417, 3.829138831260663e-17]}, "segments": [42585, 16714, 25478, 42779, 22920, 42742, 22906, 21505, 25325, 24659, 25199, 25272, 25277, 25309, 42745, 42750, 42760, 42768, 5855], "label": "side table"}, {"objectId": 16, "id": 16, "partId": 16, "index": 14, "dominantNormal": [0.7844166159629822, -0.6202342510223389, -1.3771966922922793e-16], "obb": {"axesLengths": [0.8251677322503885, 1.7967999473929406, 0.27290497936334573], "centroid": [-1.4926364487280042, 1.8766655325629928, -0.5683999463062737], "normalizedAxes": [0.6202342510223389, 0.7844166159629822, 1.7417547758813038e-16, 0, -2.220446049250313e-16, 1, 0.7844166159629822, -0.6202342510223389, -1.3771966922922793e-16]}, "segments": [12395, 16347, 39411, 19134, 45655, 41069, 18229, 31625, 41633, 45631, 5958, 5979, 6019, 6027, 6038, 13576, 13599, 13601, 16652, 16698, 16810, 18062, 38591, 41052, 41053, 45664], "label": "wall"}, {"objectId": 17, "id": 17, "partId": 17, "index": 15, "dominantNormal": [0, -2.220446049250313e-16, 1], "obb": {"axesLengths": [0.686952389960707, 0.4110489693794628, 0.5089916350054856], "centroid": [-2.5507377658787194, -1.3406610291858485, 0.4711025021444448], "normalizedAxes": [0.9463464617729187, -0.3231537640094757, -7.175454985952083e-17, 0, -2.220446049250313e-16, 1, -0.3231537640094757, -0.9463464617729187, -2.1013112622656898e-16]}, "segments": [12602, 11817, 11863, 11633, 40506, 11921, 12585, 40525, 40589, 40441, 12470, 11851, 40380, 13995, 13774, 12639, 14031, 40936, 9273, 9768, 9872, 11537, 11543, 11756, 11852, 11866, 11920, 11942, 11977, 12053, 12080, 12506, 12510, 12611, 13769, 14056, 14062, 31407, 40227, 40395, 40411, 40425, 40481, 40541, 40595, 40597, 40650, 40857, 40888, 40998, 41012, 41018, 41023, 41032, 45250, 45609], "label": "lamp"}, {"objectId": 18, "id": 18, "partId": 18, "index": 16, "dominantNormal": [0, -2.220446049250313e-16, 1], "obb": {"axesLengths": [0.6397115870804033, 0.24755793256555636, 0.598203350875456], "centroid": [-2.125176751338252, -0.7342273164554589, -0.912970947882809], "normalizedAxes": [0.7745586633682251, 0.632502019405365, 1.4044366101314876e-16, 0, -2.220446049250313e-16, 1, 0.632502019405365, -0.7745586633682251, -1.7198657239885786e-16]}, "segments": [33518, 32505, 30924], "label": "pillow"}, {"objectId": 19, "id": 19, "partId": 19, "index": 17, "dominantNormal": [0, -2.220446049250313e-16, 1], "obb": {"axesLengths": [0.6411783721940594, 0.28272598349915484, 0.3235836322025037], "centroid": [-1.4220236903549122, -1.5475734702899013, -0.90179692498117], "normalizedAxes": [-0.702674388885498, 0.7115115523338318, 1.5798730153756142e-16, 0, -2.220446049250313e-16, 1, 0.7115115523338318, 0.702674388885498, 1.5602505707101822e-16]}, "segments": [46357, 17937, 33819, 19409, 17838, 33831], "label": "pillow"}, {"objectId": 210, "id": 210, "partId": 210, "index": 18, "dominantNormal": [0, -2.220446049250313e-16, 1], "obb": {"axesLengths": [0.7872254596600151, 0.3347700163400913, 0.5564413692227441], "centroid": [-2.169848156412608, 0.13700517090638997, -0.8573849687099081], "normalizedAxes": [0.8649641275405884, 0.5018336772918701, 1.1142946061234896e-16, 0, -2.220446049250313e-16, 1, 0.5018336772918701, -0.8649641275405884, -1.9206061797407434e-16]}, "segments": [44746, 35725, 35546], "label": "pillow"}, {"objectId": 22, "id": 22, "partId": 22, "index": 19, "dominantNormal": [0.5583767890930176, 0.829587459564209, 1.8420541970969517e-16], "obb": {"axesLengths": [0.26655682545779225, 0.2956469588954678, 0.29256689438606764], "centroid": [-2.0788853003976557, -0.17775260575495294, -0.8857664349410725], "normalizedAxes": [0.5583767890930176, 0.829587459564209, 1.8420541970969517e-16, 0, -2.220446049250313e-16, 1, 0.829587459564209, -0.5583767890930176, -1.2398455353346662e-16]}, "segments": [30000, 44750], "label": "pillow"}, {"objectId": 23, "id": 23, "partId": 23, "index": 20, "dominantNormal": [0, -2.220446049250313e-16, 1], "obb": {"axesLengths": [1.2804820406924622, 0.3600000658631308, 0.6940221125777299], "centroid": [-2.044905341612178, -0.2386926961743781, -0.8899999739509071], "normalizedAxes": [0.9362951517105103, 0.3512142300605774, 7.798522495784996e-17, 0, -2.220446049250313e-16, 1, 0.3512142300605774, -0.9362951517105103, -2.078992870547825e-16]}, "segments": [45938, 45882, 33366], "label": "pillow"}, {"objectId": 24, "id": 24, "partId": 24, "index": 21, "dominantNormal": [0, -2.220446049250313e-16, 1], "obb": {"axesLengths": [1.4641721540583155, 0.33284129203465657, 0.3901114807532839], "centroid": [-0.4265122202963804, 1.3722687302981114, 0.24357936289542903], "normalizedAxes": [0.8619359135627747, -0.5070172548294067, -1.1258044603876954e-16, 0, -2.220446049250313e-16, 1, -0.5070172548294067, -0.8619359135627747, -1.9138821939774223e-16]}, "segments": [44592, 28830, 29196, 29246, 16449, 16513, 29292, 29392, 28981, 16460, 16474, 16575, 16609, 16616, 16945, 16949, 16978, 21531, 21533, 28942, 28954, 29261, 29321, 29323, 29374, 29375, 41539, 41540, 41547, 41583, 44651, 44694, 44719, 44773, 29989, 30204, 30168, 30158, 30207, 17022, 30144, 17013, 30022, 44733, 29905, 41533, 30229, 17056, 44891, 16633, 17040, 28943, 30142, 30149, 30187, 30197, 41535, 44596, 44900, 44924, 44928, 44929, 44933], "label": "shelf"}, {"objectId": 25, "id": 25, "partId": 25, "index": 22, "dominantNormal": [0.8576321005821228, -0.5142637491226196, -1.141894910011975e-16], "obb": {"axesLengths": [0.18657832061187415, 0.14458489467386385, 0.07319511814688705], "centroid": [-0.9731645201981936, 1.7677275600596167, -0.022292426056210957], "normalizedAxes": [0.5142637491226196, 0.8576321005821228, 1.9043258094478217e-16, 0, -2.220446049250313e-16, 1, 0.8576321005821228, -0.5142637491226196, -1.141894910011975e-16]}, "segments": [45185, 30275, 17128], "label": "lamp"}, {"objectId": 211, "id": 211, "initialPoint": [0.43129811365255555, -2.344266208732616, 1.1497730602470284], "index": 23, "dominantNormal": [0, -2.220446049250313e-16, 1], "obb": {"axesLengths": [2.309604115388937, 0.18000006273388713, 0.8446242757345831], "centroid": [0.15824172543786674, -2.60989005480387, 1.1399999818671498], "normalizedAxes": [0.5480660200119019, 0.836435079574585, 1.8572589678957584e-16, 0, -2.220446049250313e-16, 1, 0.836435079574585, -0.5480660200119019, -1.2169510288637705e-16]}, "segments": [9528, 2958, 2163, 38989, 39013, 39016, 4009, 2837, 4082, 39032, 4281], "partId": 211, "label": "ceiling"}], "scan_id": "75c25973-9ca2-2844-96f4-90cd531364ac", "annId": "3587", "appId": "stk.v1"}