{"segGroups": [{"objectId": 1, "id": 1, "partId": 1, "index": 0, "dominantNormal": [0, -2.220446049250313e-16, 1], "obb": {"axesLengths": [3.7149130620295803, 0.19293009803600436, 2.5398508190248377], "centroid": [-0.2421322523273381, 0.4142623077296542, -1.4064650485619532], "normalizedAxes": [-0.3586144745349884, 0.933485746383667, 2.072754737589093e-16, 0, -2.220446049250313e-16, 1, 0.933485746383667, 0.3586144745349884, 7.96284093185192e-17]}, "segments": [2103, 14218, 15131, 1301, 2967, 5076, 5334, 8337, 11223, 11254, 11339, 12243, 18109, 18276, 21022, 21092, 21104, 21122, 21124, 21513, 21675, 22419, 22465, 22915, 23513, 24977, 26173, 26519, 32081, 32046, 23906, 25420, 31792, 11610, 5818, 20044, 31834, 6930], "label": "floor"}, {"objectId": 2, "id": 2, "partId": 2, "index": 1, "dominantNormal": [0.9522213339805603, 0.30540889501571655, 6.781439743435515e-17], "obb": {"axesLengths": [1.419813503064266, 2.4331699065900603, 0.11144664703707483], "centroid": [-0.31042838710516396, -0.8378762023858002, -0.18658509097274356], "normalizedAxes": [-0.30540889501571655, 0.9522212743759155, 2.1143559667001e-16, 0, -2.220446049250313e-16, 1, 0.9522212743759155, 0.30540889501571655, 6.781439743435515e-17]}, "segments": [22029, 12355, 12581, 4583, 29149, 1977, 5213], "label": "wall"}, {"objectId": 3, "id": 3, "partId": 3, "index": 2, "dominantNormal": [0.9565117955207825, 0.29169362783432007, 6.476899635162072e-17], "obb": {"axesLengths": [1.1226254552768449, 2.1018599398018423, 0.10965122967201471], "centroid": [-0.2660385278783579, -0.9629499906606542, -0.36093007375299946], "normalizedAxes": [-0.29169362783432007, 0.9565117955207825, 2.1238828374254447e-16, 0, -2.220446049250313e-16, 1, 0.9565117955207825, 0.29169362783432007, 6.476899635162072e-17]}, "segments": [2942, 3861, 8371], "label": "door"}, {"objectId": 4, "id": 4, "partId": 4, "index": 3, "dominantNormal": [0.3558054566383362, -0.9345600605010986, -2.075140194126798e-16], "obb": {"axesLengths": [1.666638334609806, 2.4978799261626605, 0.19817265515692345], "centroid": [0.6862197749870718, -1.1928879394496525, -0.19555004657909358], "normalizedAxes": [0.9345600605010986, 0.3558054566383362, 7.900468204942972e-17, 0, -2.220446049250313e-16, 1, 0.3558054566383362, -0.9345600605010986, -2.075140194126798e-16]}, "segments": [1544, 3971, 3752, 2391, 1485, 1635, 912, 25020, 12055, 312, 595, 734, 4647, 3800, 4063, 2470], "label": "wall"}, {"objectId": 5, "id": 5, "partId": 5, "index": 4, "dominantNormal": [0.9518905878067017, 0.3064380884170532, 6.80429242765464e-17], "obb": {"axesLengths": [3.6875021814337345, 2.489879910129012, 0.1901687833530704], "centroid": [0.8553152851701957, 0.8091819317741985, -0.21494009274221937], "normalizedAxes": [-0.3064380884170532, 0.9518905878067017, 2.113621695013949e-16, 0, -2.220446049250313e-16, 1, 0.9518905878067017, 0.3064380884170532, 6.80429242765464e-17]}, "segments": [19026, 29799, 12441, 97, 3682, 4360, 4643, 5378, 5424, 5668, 6567, 6860, 6865, 6954, 6956, 6961, 7001, 7007, 7087, 12878, 13329, 13750, 14126, 14380, 14409, 14538, 14788, 15033, 15972, 16146, 16321, 17081, 17090, 17383, 17440, 17449, 17534, 17671, 17676, 29061, 29222, 29223, 29641, 29651, 29726, 29728, 29870, 29973, 29975, 16964, 6607, 12361, 14947, 20846, 1385, 297, 15051], "label": "wall"}, {"objectId": 6, "id": 6, "partId": 6, "index": 5, "dominantNormal": [0.33674466609954834, -0.9415960311889648, -2.0907631874433116e-16], "obb": {"axesLengths": [2.5207218958323088, 2.478419963752776, 0.5750945283170812], "centroid": [-0.857582306150532, 2.073561616796372, -0.21597012058555998], "normalizedAxes": [0.9415960311889648, 0.33674466609954834, 7.47723363446858e-17, 0, -2.220446049250313e-16, 1, 0.33674466609954834, -0.9415960311889648, -2.0907631874433116e-16]}, "segments": [9152, 9047, 5431, 4932, 22898, 18914, 20438, 28835, 7338, 21758, 9439, 4957, 5499, 5569, 5591, 5888, 7609, 9180, 15348, 15421, 15484, 15523, 15526, 15545, 15573, 15653, 15672, 15711, 15764, 15805, 15808, 16425, 19870, 19927, 20243, 20783, 20869, 21834, 28750, 29717, 29721, 30217, 30246, 30482, 7649, 7660, 15830, 18083, 18119, 25100, 27496, 5733, 7645, 9644, 9646, 11906, 12138, 13505, 13581, 13907, 14672, 14678, 15846, 16107, 16166, 17770, 18047, 18190, 18560, 18646, 18652, 18716, 18853, 19807, 23070, 23126, 23237, 27801, 29446, 29683, 30153, 30581, 24754, 7682, 17386, 18562, 19636, 30083, 30125, 30242, 30812, 1033, 28796, 27067, 18968, 17007, 22908, 5716, 5780, 19749, 19648, 6009, 7639, 30074, 30501, 29017, 20168, 28960, 17815, 11939, 5488, 18511, 18794, 19682, 26103], "label": "wall"}, {"objectId": 7, "id": 7, "partId": 7, "index": 6, "dominantNormal": [0.9390175342559814, 0.3438692092895508, 7.635430272258121e-17], "obb": {"axesLengths": [2.381459932073972, 2.471059982380419, 0.3270706075036037], "centroid": [-1.6622349942165469, 0.6017464869567345, -0.19664009629838142], "normalizedAxes": [-0.3438692092895508, 0.9390175342559814, 2.0850377741154645e-16, 0, -2.220446049250313e-16, 1, 0.9390175342559814, 0.3438692092895508, 7.635430272258121e-17]}, "segments": [24027, 27315, 25735, 25274, 24078, 31368, 23409, 23494, 19161, 31145, 31150, 31182, 23369, 24565, 23601, 30363, 25908, 22738, 19421, 31229, 18406, 10994, 13303, 8756, 31083, 28216, 10055, 8777, 8579, 26570, 25541, 22641, 9514, 31024, 25824, 26673, 25819, 24271, 25296, 8702, 11126, 11732, 12889, 13348, 13361, 13375, 15991, 15998, 19357, 19386, 19470, 22237, 22282, 22476, 22504, 22574, 22651, 22705, 22754, 23363, 23652, 23672, 23696, 23799, 23811, 24265, 24267, 24335, 24374, 25524, 25530, 25539, 25544, 25575, 25763, 25776, 25850, 25860, 25938, 25956, 25963, 26005, 26006, 26008, 28174, 29648, 29660, 30361, 30365, 30373, 30377, 30378, 30388, 30391, 30993, 30997, 31598, 22459, 23817, 25596], "label": "wall"}, {"objectId": 8, "id": 8, "partId": 8, "index": 7, "dominantNormal": [0, -2.220446049250313e-16, 1], "obb": {"axesLengths": [0.7387686995590205, 0.24817799967129517, 0.6082325069422089], "centroid": [-1.1581414151778828, 0.10702324716539124, -0.6940890659877882], "normalizedAxes": [-0.29223862290382385, 0.9563454389572144, 2.123513451651103e-16, 0, -2.220446049250313e-16, 1, 0.9563454389572144, 0.29223862290382385, 6.489000956651477e-17]}, "segments": [31720, 16593, 16570, 16773, 22777, 30021, 31601, 31639, 8013, 31682, 26828, 7513, 17256, 7464, 13204], "label": "sink"}, {"objectId": 9, "id": 9, "partId": 9, "index": 8, "dominantNormal": [0.9869560599327087, 0.16098983585834503, 3.574692450011186e-17], "obb": {"axesLengths": [0.7408389655994001, 0.7199999529123312, 0.45392783768637834], "centroid": [-0.6625716615289516, 1.8757802113415885, -1.0500000446944686], "normalizedAxes": [-0.16098983585834503, 0.9869560599327087, 2.1914826840612383e-16, 0, -2.220446049250313e-16, 1, 0.9869560599327087, 0.16098983585834503, 3.574692450011186e-17]}, "segments": [7875, 7937, 6650, 6035, 6685, 6994, 7075, 29392, 29404, 7201, 6765, 6797, 6817, 6826, 6846, 7136, 13838, 27662, 29255, 29301, 29309, 29313, 29436, 32182, 32188, 32244, 32247, 32268, 13822, 14404, 6769, 6329, 6063, 29251, 26050, 28367, 7850, 5882, 32191], "label": "toilet"}, {"objectId": 10, "id": 10, "partId": 10, "index": 9, "dominantNormal": [0, -2.220446049250313e-16, 1], "obb": {"axesLengths": [4.0228094176268, 0.16616993771113586, 2.8575461671409683], "centroid": [-0.15891042609859451, 0.47274118458319625, 0.9930848886963357], "normalizedAxes": [-0.5039190053939819, 0.8637508749961853, 1.9179122179217807e-16, 0, -2.220446049250313e-16, 1, 0.8637508749961853, 0.5039190053939819, 1.1189249646692144e-16]}, "segments": [14793, 14497, 21856, 10382, 10335, 10367, 10805, 10424, 9992, 12756, 19322, 270, 2783, 29501, 29570, 29118], "label": "ceiling"}, {"objectId": 11, "id": 11, "partId": 11, "index": 10, "dominantNormal": [0.9817627668380737, 0.19011002779006958, 4.221290601293272e-17], "obb": {"axesLengths": [0.3686840703856227, 0.14585095317994928, 0.1453243180253473], "centroid": [-0.20420883824948682, -0.9766449811579356, 0.9770743662117911], "normalizedAxes": [-0.19011004269123077, 0.9817627668380737, 2.179951256926657e-16, 0, -2.220446049250313e-16, 1, 0.9817627668380737, 0.19011004269123077, 4.221290932165517e-17]}, "segments": [29636, 14931, 29699, 4492], "label": "exit sign"}, {"objectId": 12, "id": 12, "partId": 12, "index": 11, "dominantNormal": [0.7748323678970337, 0.6321668028831482, 1.4036922799290878e-16], "obb": {"axesLengths": [0.2140062999567768, 0.26225995431259347, 0.12805662205250518], "centroid": [-1.922287286385585, 1.6728034820764153, -1.2745200971158583], "normalizedAxes": [-0.6321667432785034, 0.7748323678970337, 1.7204734701282336e-16, 0, -2.220446049250313e-16, 1, 0.7748323678970337, 0.6321667432785034, 1.4036921475801898e-16]}, "segments": [11970, 24242, 24351, 13362, 12010], "label": "trash can"}, {"objectId": 13, "id": 13, "partId": 13, "index": 12, "dominantNormal": [0, -2.220446049250313e-16, 1], "obb": {"axesLengths": [0.18443165293252087, 0.09328895598749165, 0.09958989304286561], "centroid": [-1.037033102113682, 1.8722281243348682, -0.7890645651638247], "normalizedAxes": [-0.24606001377105713, 0.9692546129226685, 2.1521775759817806e-16, 0, -2.220446049250313e-16, 1, 0.9692546129226685, 0.24606001377105713, 5.4636298545642143e-17]}, "segments": [10924, 10907, 29609, 30116, 30118, 30132, 10946, 29602, 30088], "label": "handhold"}, {"objectId": 14, "id": 14, "partId": 14, "index": 13, "dominantNormal": [0.9706678986549377, 0.24042430520057678, 5.338491986263722e-17], "obb": {"axesLengths": [0.4052880647327557, 0.1489540305222413, 0.08445736559634467], "centroid": [-0.35299214531100687, 2.255352608465814, -0.7844770639789032], "normalizedAxes": [-0.24042430520057678, 0.9706678986549377, 2.1553157007024598e-16, 0, -2.220446049250313e-16, 1, 0.9706678986549377, 0.24042430520057678, 5.338491986263722e-17]}, "segments": [6410, 5967, 5988, 5998, 19708, 19799, 29260, 29274, 30162, 30208, 30211], "label": "handhold"}, {"objectId": 15, "id": 15, "partId": 15, "index": 14, "dominantNormal": [0.2993481755256653, -0.9541439414024353, -2.1186251451031597e-16], "obb": {"axesLengths": [0.7756948635858598, 0.5488900121549511, 0.2072557441500588], "centroid": [-0.07824680952178131, 2.4944498254815732, 0.7444449083348732], "normalizedAxes": [0.9541439414024353, 0.2993481755256653, 6.646864736962527e-17, 0, -2.220446049250313e-16, 1, 0.2993481755256653, -0.9541439414024353, -2.1186251451031597e-16]}, "segments": [32386, 28568, 28543, 8330, 28652, 9318, 26256, 9165, 26918, 26991, 28711, 7583, 8183, 27007, 26962, 26996, 27055, 31479, 28505, 27837], "label": "ventilation"}, {"objectId": 16, "id": 16, "partId": 16, "index": 15, "dominantNormal": [0.3314853012561798, -0.9434604048728943, -2.094902928624119e-16], "obb": {"axesLengths": [0.1452749700207292, 2.4010558783772007, 0.08349671598672713], "centroid": [-0.5748744599231318, -0.2246919290156042, -0.20226206587258022], "normalizedAxes": [0.9434604048728943, 0.3314853012561798, 7.360452275588343e-17, 0, -2.220446049250313e-16, 1, 0.3314853012561798, -0.9434604048728943, -2.094902928624119e-16]}, "segments": [14256, 8994, 30292], "label": "wall"}, {"objectId": 17, "id": 17, "initialPoint": [-1.2616256908533865, 0.7088946377720315, -1.3316644288971], "index": 16, "dominantNormal": [0.9788228273391724, 0.20470929145812988, 4.5454593746303536e-17], "obb": {"axesLengths": [0.06636394447325206, 0.1200000020861626, 0.040080105936120616], "centroid": [-1.263591612535799, 0.7216230912201674, -1.330000039628074], "normalizedAxes": [-0.20470929145812988, 0.9788228273391724, 2.1734232798812866e-16, 0, -2.220446049250313e-16, 1, 0.9788228273391724, 0.20470929145812988, 4.5454593746303536e-17]}, "segments": [11258], "partId": 17, "label": "hand dryer"}], "scan_id": "6bde60d2-9162-246f-8dbf-dbd911924def", "annId": "5229", "appId": "stk.v1"}