{"segGroups": [{"objectId": 13, "id": 13, "partId": 13, "index": 0, "dominantNormal": [-0.5054147839546204, -0.8628765344619751, -1.9159707919368942e-16], "obb": {"axesLengths": [0.9981167464064025, 0.8949579396480779, 0.7641120453614583], "centroid": [1.3103399117895516, -1.8448353701394655, -1.209280972347833], "normalizedAxes": [0.8628765344619751, -0.5054147839546204, -1.1222462602647373e-16, 0, -2.220446049250313e-16, 1, -0.5054147839546204, -0.8628765344619751, -1.9159707919368942e-16]}, "segments": [35152, 64379, 17242, 15384, 23395, 23409, 66947, 22213, 21795, 21297, 21815, 21844, 21789, 59858, 22288, 20659, 48452, 22145, 25436, 49604, 16764, 16983, 17168, 17170, 17181, 17210, 17306, 20608, 20609, 20645, 20647, 20690, 20716, 20733, 20759, 20868, 20871, 20872, 20876, 20880, 20934, 20948, 20950, 20987, 21010, 21138, 21215, 21248, 21271, 21278, 21281, 21300, 21315, 21356, 21668, 21865, 21868, 21875, 21889, 21910, 21959, 21983, 22059, 22090, 22092, 22223, 22257, 22307, 22317, 22357, 22397, 22572, 22955, 22958, 23061, 23095, 23168, 23170, 23281, 23458, 23962, 48445, 48950, 49006, 49029, 49194, 49222, 49377, 49558, 49583, 49593, 49610, 59276, 59577, 59583, 59589, 59591, 59665, 59668, 59676, 59680, 59683, 59830, 59835, 59844, 59850, 59898, 59921, 59987, 60030, 60074, 60183, 60878, 64204, 64208, 64211, 64213, 64289, 64311, 64407, 64430, 64445, 64448, 64455, 64474, 64489, 20566], "label": "refrigerator"}, {"objectId": 15, "id": 15, "partId": 15, "index": 1, "dominantNormal": [0, -2.220446049250313e-16, 1], "obb": {"axesLengths": [6.37810836681634, 0.3008139662262649, 3.2563864306524732], "centroid": [2.3469121753756186, -1.1148855621133746, 0.7395929808260577], "normalizedAxes": [0.8807041645050049, -0.4736666977405548, -1.0517513476594571e-16, 0, -2.220446049250313e-16, 1, -0.4736666977405548, -0.8807041645050049, -1.955556082633436e-16]}, "segments": [26989, 14639, 283, 8354, 14417, 24994, 25466, 25772, 25775, 25807, 25821, 26681, 27949, 55066, 55730, 56744, 60213, 60345, 413, 1241, 22509, 23734, 1055, 23242, 59256, 25351, 27109, 60347, 60458, 19677, 26053, 5458, 3871, 6294, 6321, 7117, 19003, 19729, 26016, 38454, 55543, 55605, 60817, 62513, 6980], "label": "ceiling"}, {"objectId": 17, "id": 17, "partId": 17, "index": 2, "dominantNormal": [0.8661670088768005, -0.4997546374797821, -1.1096782103865046e-16], "obb": {"axesLengths": [0.6738576151180747, 0.4869398961900197, 0.4655417758398572], "centroid": [3.725820358518976, -0.5878369873437891, -1.426529973524883], "normalizedAxes": [0.4997546672821045, 0.8661670088768005, 1.9232771128514526e-16, 0, -2.220446049250313e-16, 1, 0.8661670088768005, -0.4997546672821045, -1.1096782765609536e-16]}, "segments": [62479, 56622, 38904, 36672, 36706, 48298, 48365, 54426, 63869, 63890, 63894, 66289, 54398, 65048, 38066, 36667], "label": "box"}, {"objectId": 18, "id": 18, "partId": 18, "index": 3, "dominantNormal": [-0.523756206035614, -0.851868212223053, -1.8915274063126052e-16], "obb": {"axesLengths": [0.9717966032072206, 1.0759950039685884, 0.24967097945739714], "centroid": [3.724966781186348, -3.8827919557044783, -0.1679975073487121], "normalizedAxes": [0.851868212223053, -0.523756206035614, -1.162972398462112e-16, 0, -2.220446049250313e-16, 1, -0.523756206035614, -0.851868212223053, -1.8915274063126052e-16]}, "segments": [56918, 41921, 42020, 67594, 12785, 1778, 19735, 13093, 67481, 19484, 1769, 60354, 19606, 19521, 1776, 19624, 59553], "label": "curtain"}, {"objectId": 19, "id": 19, "partId": 19, "index": 4, "dominantNormal": [0, -2.220446049250313e-16, 1], "obb": {"axesLengths": [0.8701477886935179, 0.26000001445412607, 0.5021475205669298], "centroid": [3.8095535042753093, -3.8417474842117705, -0.5999999973922963], "normalizedAxes": [0.94974684715271, -0.3130190372467041, -6.950418845945807e-17, 0, -2.220446049250313e-16, 1, -0.3130190372467041, -0.94974684715271, -2.1088616345481758e-16]}, "segments": [7602, 64568, 63037, 50648, 13102, 13135, 13138, 28618, 41278, 64573, 28505, 28592, 58016, 13096], "label": "item"}, {"objectId": 20, "id": 20, "partId": 20, "index": 5, "dominantNormal": [0.49831724166870117, -0.8669947981834412, -1.9251151743469944e-16], "obb": {"axesLengths": [0.7396293185897144, 0.9990229979375819, 0.6016696436462762], "centroid": [2.0871916045161862, 0.34546590068281247, -1.1613084730958527], "normalizedAxes": [0.8669947981834412, 0.4983172118663788, 1.106486484362132e-16, 0, -2.220446049250313e-16, 1, 0.4983172118663788, -0.8669947981834412, -1.9251151743469944e-16]}, "segments": [32733, 62098, 62030, 32846, 62007, 33744, 33722, 33763, 33768, 33773, 33781, 33797, 33798, 33806, 34191, 61068, 61069, 61080, 62001, 62010, 33516, 32785, 32788, 33179, 33188, 33495, 33709, 33839, 33840, 33869, 61064, 61541, 61590, 61958, 32342, 32770, 32366, 32398, 34179, 60894, 61039, 61115, 33133, 32680, 32334, 32542, 32636, 32649, 32652, 33078, 33089, 33092, 33175, 60904, 60948, 60961, 61996], "label": "vacuum cleaner"}, {"objectId": 21, "id": 21, "partId": 21, "index": 6, "dominantNormal": [0.858332633972168, -0.5130936503410339, -1.1392967687951704e-16], "obb": {"axesLengths": [0.9116508717935579, 2.0045398919759707, 0.299257937888167], "centroid": [-0.704010143059548, 0.0790852340207242, -0.652269961634204], "normalizedAxes": [0.5130936503410339, 0.858332633972168, 1.9058813060461154e-16, 0, -2.220446049250313e-16, 1, 0.858332633972168, -0.5130936503410339, -1.1392967687951704e-16]}, "segments": [52864, 2017, 55384, 9133, 65146, 13372, 21086], "label": "doorframe"}, {"objectId": 22, "id": 22, "partId": 22, "index": 7, "dominantNormal": [-0.5286368727684021, -0.8488481044769287, -1.8848214199994134e-16], "obb": {"axesLengths": [0.8972641652506653, 1.9884399625262617, 0.28089790759662014], "centroid": [0.9908647019983183, 1.5768910706650572, -0.6442199969093496], "normalizedAxes": [0.8488481044769287, -0.5286368727684021, -1.1738096556266389e-16, 0, -2.220446049250313e-16, 1, -0.5286368727684021, -0.8488481044769287, -1.8848214199994134e-16]}, "segments": [41174, 38719, 37564, 63728, 45647, 44655, 44585, 44030, 63679, 45972, 44040], "label": "doorframe"}, {"objectId": 23, "id": 23, "partId": 23, "index": 8, "dominantNormal": [0, -2.220446049250313e-16, 1], "obb": {"axesLengths": [0.8114317997895529, 0.47397797240366096, 0.6536750140685623], "centroid": [2.4043965250503825, 0.12271225880446068, -0.7130109825057311], "normalizedAxes": [0.42167767882347107, 0.9067457914352417, 2.0133801102667308e-16, 0, -2.220446049250313e-16, 1, 0.9067457914352417, -0.42167767882347107, -9.363125360006187e-17]}, "segments": [30793, 31401, 60870, 31680, 32948, 32190, 34117, 34053, 32336, 33663, 33383, 63134, 31358, 33000], "label": "box"}, {"objectId": 24, "id": 24, "partId": 24, "index": 9, "dominantNormal": [0, -2.220446049250313e-16, 1], "obb": {"axesLengths": [0.567604415439329, 0.3138619591177559, 0.4274352348693944], "centroid": [2.6785038845819877, -0.26522260999979475, -0.7442509980294625], "normalizedAxes": [0.6091033220291138, 0.7930908799171448, 1.7610155110084786e-16, 0, -2.220446049250313e-16, 1, 0.7930908799171448, -0.6091033220291138, -1.3524810649847869e-16]}, "segments": [65125, 65116, 54107, 54137, 44244, 57578, 57589], "label": "box"}, {"objectId": 26, "id": 26, "partId": 26, "index": 11, "dominantNormal": [-0.5465818047523499, -0.8374056816101074, -1.8594141373509286e-16], "obb": {"axesLengths": [0.9936632197043811, 1.135019992254227, 0.26256662515061563], "centroid": [3.776443627262821, -3.791569609104445, -0.1741200069162243], "normalizedAxes": [0.8374056816101074, -0.5465818047523499, -1.2136554089544612e-16, 0, -2.220446049250313e-16, 1, -0.5465818047523499, -0.8374056816101074, -1.8594141373509286e-16]}, "segments": [67730, 56946, 39979, 50697, 39946], "label": "windowsill"}, {"objectId": 27, "id": 27, "partId": 27, "index": 12, "dominantNormal": [0.2910166084766388, -0.9567180275917053, -2.124340764612554e-16], "obb": {"axesLengths": [0.1997511149522617, 0.25129898820894225, 0.16928168687526196], "centroid": [3.460816468405218, -3.6400040802553253, -0.5956494842697044], "normalizedAxes": [0.9567180275917053, 0.2910166084766388, 6.461866785581778e-17, 0, -2.220446049250313e-16, 1, 0.2910166084766388, -0.9567180275917053, -2.124340764612554e-16]}, "segments": [40922, 40909], "label": "plant"}, {"objectId": 28, "id": 28, "partId": 28, "index": 13, "dominantNormal": [0.7581790685653687, 0.6520464420318604, 1.4478339461373676e-16], "obb": {"axesLengths": [0.37728059600668695, 0.2599999846518042, 0.19689708466430528], "centroid": [3.5579437926549726, -3.7947635991549475, -0.5799999722093343], "normalizedAxes": [-0.6520464420318604, 0.7581790685653687, 1.683495717420255e-16, 0, -2.220446049250313e-16, 1, 0.7581790685653687, 0.6520464420318604, 1.4478339461373676e-16]}, "segments": [28500, 42087, 41318, 28523], "label": "plant"}, {"objectId": 29, "id": 29, "partId": 29, "index": 14, "dominantNormal": [0, -2.220446049250313e-16, 1], "obb": {"axesLengths": [0.24326734396903466, 0.17516499366242444, 0.22138226828802818], "centroid": [3.7639851127999213, -3.8452192590182195, -0.6251934943677442], "normalizedAxes": [0.5817849040031433, 0.8133426904678345, 1.8059835637359233e-16, 0, -2.220446049250313e-16, 1, 0.8133426904678345, -0.5817849040031433, -1.2918219916072522e-16]}, "segments": [28525, 41319, 41329], "label": "plant"}, {"objectId": 30, "id": 30, "partId": 30, "index": 15, "dominantNormal": [0.8260666131973267, -0.5635724663734436, -1.2513822564251678e-16], "obb": {"axesLengths": [0.5153639442219837, 0.3399999661743647, 0.3176799771210426], "centroid": [3.787135460172416, -4.073574668637992, -0.5399999814480543], "normalizedAxes": [0.5635724663734436, 0.8260666728019714, 1.8342364800404885e-16, 0, -2.220446049250313e-16, 1, 0.8260666728019714, -0.5635724663734436, -1.2513822564251678e-16]}, "segments": [67524, 28603, 28680, 60370, 12988, 13057, 50577], "label": "plant"}, {"objectId": 31, "id": 31, "partId": 31, "index": 16, "dominantNormal": [0.2832827866077423, -0.9590364098548889, -2.129488607349492e-16], "obb": {"axesLengths": [0.323330048405395, 0.5693000427789974, 0.20999565561464212], "centroid": [4.26435293873802, -3.7876054577205847, -1.3894499844435597], "normalizedAxes": [0.9590364098548889, 0.2832827866077423, 6.290141443437809e-17, 0, -2.220446049250313e-16, 1, 0.2832827866077423, -0.9590364098548889, -2.129488607349492e-16]}, "segments": [13427, 14572, 12408, 14525, 14546, 58913, 14480, 60658, 13397, 13264, 13272, 63923, 58822], "label": "toy"}, {"objectId": 32, "id": 32, "partId": 32, "index": 17, "dominantNormal": [0, -2.220446049250313e-16, 1], "obb": {"axesLengths": [0.2943097853740408, 0.17303996891439022, 0.2382654141362681], "centroid": [1.8253565651367638, -2.3729473312112783, -1.0365199531647566], "normalizedAxes": [0.9409600496292114, -0.33851760625839233, -7.516600814181203e-17, 0, -2.220446049250313e-16, 1, -0.33851760625839233, -0.9409600496292114, -2.089351024701561e-16]}, "segments": [2332, 2398, 57808, 2453], "label": "box"}, {"objectId": 33, "id": 33, "partId": 33, "index": 18, "dominantNormal": [-0.5440975427627563, -0.8390219807624817, -1.8630030424182247e-16], "obb": {"axesLengths": [0.35680205178029933, 0.3199999838322403, 0.05856583152264511], "centroid": [-0.691176989202781, -0.9908815467087293, -0.1299999951198696], "normalizedAxes": [0.8390219807624817, -0.5440974831581116, -1.2081391068854676e-16, 0, -2.220446049250313e-16, 1, -0.5440974831581116, -0.8390219807624817, -1.8630030424182247e-16]}, "segments": [23222, 21988], "label": "picture"}, {"objectId": 34, "id": 34, "partId": 34, "index": 19, "dominantNormal": [0.8805302977561951, -0.473989874124527, -1.0524689433844591e-16], "obb": {"axesLengths": [0.41991968667316415, 0.6295300581411257, 0.27612202280130727], "centroid": [-0.8685161380367012, -0.6477137435664075, -1.3402749615101144], "normalizedAxes": [0.473989874124527, 0.8805302977561951, 1.9551700208979452e-16, 0, -2.220446049250313e-16, 1, 0.8805302977561951, -0.473989874124527, -1.0524689433844591e-16]}, "segments": [23233, 16205, 15925, 16816, 20151, 16370, 16155, 16462, 15108, 59253, 20160, 21518, 15749, 15241], "label": "trash can"}, {"objectId": 35, "id": 35, "initialPoint": [0.07845700393278054, -1.5393422028908559, 0.321199105576488], "index": 20, "dominantNormal": [-0.5016652345657349, -0.86506187915802, -1.9208232319334773e-16], "obb": {"axesLengths": [0.90535429739007, 2.0014299600996823, 0.28897086258556137], "centroid": [0.06386831796001458, -1.5902420596438243, -0.6507149956960598], "normalizedAxes": [0.8650618195533752, -0.5016652345657349, -1.1139205881377176e-16, 0, -2.220446049250313e-16, 1, -0.5016652345657349, -0.8650618195533752, -1.9208230995845793e-16]}, "segments": [20933, 47045, 34031, 42418], "partId": 35, "label": "doorframe"}, {"objectId": 1, "id": 1, "partId": 1, "index": 21, "dominantNormal": [0, -2.220446049250313e-16, 1], "obb": {"axesLengths": [6.497926739657621, 0.18430006092116036, 3.4379119749163394], "centroid": [2.194328756665565, -1.225011017011503, -1.6221499695148311], "normalizedAxes": [0.8065469861030579, -0.5911700129508972, -1.3126611196920761e-16, 0, -2.220446049250313e-16, 1, -0.5911700129508972, -0.8065469861030579, -1.790894068827282e-16]}, "segments": [57537, 50065, 43370, 11768, 10930, 2225, 3856, 4078, 4087, 5418, 5472, 5615, 5618, 11036, 11414, 11973, 12497, 28967, 29951, 30373, 30856, 31553, 32889, 33248, 37742, 37747, 38690, 45025, 46863, 50363, 50402, 54300, 55565, 56300, 57753, 58096, 61220, 61316, 37892], "label": "floor"}, {"objectId": 2, "id": 2, "partId": 2, "index": 22, "dominantNormal": [-0.5157238245010376, -0.8567548990249634, -1.9023780307158308e-16], "obb": {"axesLengths": [6.247398120945923, 2.3879368963553684, 0.20942691701806837], "centroid": [1.624709280910202, -2.302265936831142, -0.49095146937031675], "normalizedAxes": [0.8567548990249634, -0.5157238245010376, -1.1451369286175907e-16, 0, -2.220446049250313e-16, 1, -0.5157238245010376, -0.8567548990249634, -1.9023780307158308e-16]}, "segments": [47190, 26345, 57319, 25192, 1189, 3054, 3330, 3593, 4709, 4857, 22552, 25385, 26820, 28360, 35003, 40007, 44339, 44684, 55308, 3397, 4715, 43030, 3558, 67095, 67022, 56012], "label": "wall"}, {"objectId": 3, "id": 3, "partId": 3, "index": 23, "dominantNormal": [0.8533575534820557, -0.5213260650634766, -1.1575764015414082e-16], "obb": {"axesLengths": [3.231548075804467, 2.346389896875844, 0.1705094087647248], "centroid": [4.959918916240191, -2.7870100309175494, -0.48319496810745455], "normalizedAxes": [0.5213260650634766, 0.8533575534820557, 1.8948344082271432e-16, 0, -2.220446049250313e-16, 1, 0.8533575534820557, -0.5213260650634766, -1.1575764015414082e-16]}, "segments": [14303, 1924, 4490, 2194, 2280, 7176, 10536, 11157, 11291, 11367, 11566, 12237, 13139, 16157, 22717, 24931, 29606, 60736], "label": "wall"}, {"objectId": 4, "id": 4, "partId": 4, "index": 24, "dominantNormal": [-0.5303170084953308, -0.8477994203567505, -1.882492873487852e-16], "obb": {"axesLengths": [6.379544690689587, 2.4688009663939248, 0.6199964569914133], "centroid": [3.1053397003277152, -0.005751412951918056, -0.536769499180402], "normalizedAxes": [0.8477994203567505, -0.5303170084953308, -1.177540306363702e-16, 0, -2.220446049250313e-16, 1, -0.5303170084953308, -0.8477994203567505, -1.882492873487852e-16]}, "segments": [35228, 52512, 56854, 32168, 34532, 37514, 48494, 49235, 61760, 61782, 63914, 2547, 1395, 16832, 23912, 18139, 3958, 1423, 3696, 3714, 3875, 3906, 3955, 4107, 4143, 4207, 4230, 4231, 4270, 4963, 4994, 5026, 5033, 5054, 5490, 5506, 5517, 16812, 16949, 18110, 18113, 18115, 18127, 18130, 18148, 18157, 18170, 18184, 18222, 23262, 23883, 23913, 23934, 24076, 24401, 24428, 24484, 24486, 57831, 58045, 58048, 58052, 58067, 59376, 59382, 59384, 5558, 5093, 5103, 5112, 5127, 5216, 5222, 5533, 6388, 6424, 6429, 6894, 6895, 6903, 6914, 18279, 18295, 18357, 18868, 20330, 20341, 24084, 58189, 58201, 59387, 59388, 59389, 59536, 7715, 6575, 7714, 7729, 7768, 7836, 7839, 7912, 7922, 14611, 18540, 18869, 18971, 18998, 19020, 20360, 20367, 20382, 20397, 20431, 20434, 20452, 58059, 58223, 58227, 65392, 8207, 8283, 10295, 5340, 5351, 5360, 5371, 6406, 6611, 6662, 6681, 6699, 6702, 7538, 7794, 7800, 7917, 7925, 7972, 7988, 8130, 8246, 8473, 8586, 8646, 8696, 8709, 8716, 8802, 8980, 9115, 9179, 9190, 9226, 10180, 10198, 10207, 10284, 10301, 10417, 12736, 13533, 13548, 13558, 13572, 13588, 14707, 14730, 14738, 35738, 35745, 35789, 35804, 35826, 35916, 35923, 35941, 35951, 35961, 36036, 53846, 58055, 58197, 58286, 58339, 58723, 58806, 58829, 58849, 59264, 62221, 62225, 62232, 62233, 62237, 62320, 65303, 65481, 65566, 35987, 3677, 4618, 5178, 5202, 5207, 5944, 5952, 6062, 6133, 6164, 6215, 6223, 6231, 6287, 6333, 6416, 6513, 7211, 7249, 7274, 7360, 7418, 7432, 7446, 7450, 8033, 8093, 8111, 8133, 8135, 8572, 8869, 8923, 9239, 9245, 9378, 9417, 9435, 9444, 9460, 9536, 9539, 9571, 9572, 9609, 9648, 9664, 9667, 9672, 9702, 9708, 9720, 9744, 9753, 9798, 9817, 9850, 9869, 9890, 9933, 9977, 9991, 10009, 10051, 10053, 10067, 10068, 10145, 10262, 10384, 10591, 10615, 10631, 10635, 13778, 18899, 35728, 35801, 35878, 35954, 36003, 36010, 36118, 36145, 36146, 58121, 58134, 58156, 58370, 58514, 58517, 58589, 58695, 58715, 58719, 58739, 58757, 58780, 58783, 58786, 58787, 58836, 62220, 62258, 62313, 62328, 62421, 62469, 8756, 6282, 7402, 58522, 9509, 58366, 6012, 6048, 6079, 6088, 6132, 6270, 6303, 6331, 6354, 6379, 7262, 7298, 7461, 7512, 9266, 9301, 9338, 9381, 9582, 9596, 9675, 9698, 9706, 58101, 58103, 58107, 58110, 58114, 58148, 58152, 58176, 58179, 58181, 58204, 58210, 58217, 58363, 58497, 58551, 7348, 24878, 21587, 24464, 24308, 21533, 13996, 13730, 14853, 24591, 34192, 36824, 49988, 62121], "label": "wall"}, {"objectId": 5, "id": 5, "partId": 5, "index": 25, "dominantNormal": [0.8515182733535767, -0.524324893951416, -1.164235139298011e-16], "obb": {"axesLengths": [2.9604289565754676, 2.3595309326157494, 0.21340382915406747], "centroid": [-0.28755717421028404, 0.47991917644979076, -0.47023447483253844], "normalizedAxes": [0.524324893951416, 0.8515182733535767, 1.8907503859323974e-16, 0, -2.220446049250313e-16, 1, 0.8515182733535767, -0.524324893951416, -1.164235139298011e-16]}, "segments": [40181, 54975, 59178, 59068, 7649, 8401, 15083, 1371, 21100, 26509, 40839, 40868, 62834, 66371, 38835, 39083, 37995, 48264, 61827], "label": "wall"}, {"objectId": 6, "id": 6, "partId": 6, "index": 26, "dominantNormal": [0.8495647311210632, -0.5274843573570251, -1.1712505573347468e-16], "obb": {"axesLengths": [0.8333120372994723, 1.9624200024659921, 0.09250857844980724], "centroid": [-0.8135592944981846, 0.1382745811535553, -0.671210007640495], "normalizedAxes": [0.5274843573570251, 0.8495647311210632, 1.8864126508001694e-16, 0, -2.220446049250313e-16, 1, 0.8495647311210632, -0.5274843573570251, -1.1712505573347468e-16]}, "segments": [10097, 728, 14126, 697, 723, 11747], "label": "door"}, {"objectId": 7, "id": 7, "partId": 7, "index": 27, "dominantNormal": [-0.5428840517997742, -0.8398076891899109, -1.8647476655917725e-16], "obb": {"axesLengths": [0.8319674887303651, 1.947619931080491, 0.06873147181688287], "centroid": [1.0555000544538478, 1.6849675698095896, -0.6638099719477444], "normalizedAxes": [0.8398076891899109, -0.5428840517997742, -1.2054447480198109e-16, 0, -2.220446049250313e-16, 1, -0.5428840517997742, -0.8398076891899109, -1.8647476655917725e-16]}, "segments": [45605, 45159], "label": "door"}, {"objectId": 8, "id": 8, "partId": 8, "index": 28, "dominantNormal": [-0.6380571722984314, -0.769989013671875, -1.7097190633738601e-16], "obb": {"axesLengths": [4.06597588765961, 2.5289889008777817, 1.4503957672116343], "centroid": [3.1143230367386505, -0.561519609218554, -0.3855054907015225], "normalizedAxes": [0.769989013671875, -0.6380571722984314, -1.4167715274258783e-16, 0, -2.220446049250313e-16, 1, -0.6380571722984314, -0.769989013671875, -1.7097190633738601e-16]}, "segments": [37211, 62933, 42458, 45550, 47376, 39838, 39687, 42461, 63187, 63296, 63241, 63264, 43078, 47359, 48184, 47601, 10838, 47654, 64652, 50830, 40047, 42225, 42205, 40503, 39447, 62892, 12211, 12212, 13224, 13226, 28727, 37149, 37202, 37334, 37346, 37370, 37372, 39191, 39209, 39213, 39241, 39285, 39337, 39646, 39649, 39653, 39694, 39827, 39833, 40075, 40118, 40119, 40324, 40700, 41029, 41387, 41390, 41391, 41447, 42092, 42206, 42247, 43094, 43103, 43128, 43168, 43193, 43195, 43267, 45452, 45507, 46878, 46931, 46936, 47327, 47362, 47633, 47641, 48015, 48041, 48079, 48099, 48106, 48147, 50757, 50884, 50905, 51111, 62503, 62842, 62899, 62986, 63193, 63587, 63776, 63929, 63933, 63937, 64640, 64682, 64775, 64803, 64887, 64907, 65035, 10820, 52574, 66365, 53048, 53184, 35624, 12232, 31971, 31974, 31987, 32010, 32013, 40626, 40627, 40638, 54659, 54666, 55048, 51662, 45084, 45154, 65247, 36212, 54754, 55643, 34340, 55625, 55028], "label": "stairs"}, {"objectId": 9, "id": 9, "partId": 9, "index": 29, "dominantNormal": [-0.45958539843559265, -0.8881335854530334, -1.9720527110257034e-16], "obb": {"axesLengths": [1.339745642643042, 1.125699912182243, 0.988310688338196], "centroid": [2.662917956705326, -0.11786508303840848, -1.1128499575812372], "normalizedAxes": [0.8881335854530334, -0.45958536863327026, -1.0204845160749937e-16, 0, -2.220446049250313e-16, 1, -0.45958536863327026, -0.8881335854530334, -1.9720527110257034e-16]}, "segments": [53415, 30827, 30836, 31528, 57164, 54201, 30253, 31452, 31718, 31915, 32263, 32502, 33016, 33019, 33040, 33047, 33067, 40257, 40345, 40742, 42119, 42653, 42720, 42722, 44232, 55692, 57182, 57596, 60931, 62951, 63114, 63170, 67696, 57187, 57290, 33101, 34130, 31278, 34260, 34268, 34343, 35875, 62014, 62204, 62211, 63120, 55096, 55142, 30503, 67686, 65104], "label": "table"}, {"objectId": 10, "id": 10, "partId": 10, "index": 30, "dominantNormal": [-0.5292105078697205, -0.8484905362129211, -1.8840274589602605e-16], "obb": {"axesLengths": [1.0869980530576115, 1.916478024799867, 0.6230769432130162], "centroid": [3.032992529977085, -2.882942757778084, -0.692611010165266], "normalizedAxes": [0.8484905362129211, -0.5292105078697205, -1.1750833814210725e-16, 0, -2.220446049250313e-16, 1, -0.5292105078697205, -0.8484905362129211, -1.8840274589602605e-16]}, "segments": [2997, 38326, 28169, 46124, 29400, 39894, 29823, 60774, 47029, 29619, 54018, 54078, 4778, 63494, 39737, 54037, 29341, 3383, 6867, 8362, 8379, 28155, 29097, 29287, 29401, 29425, 40453, 41973, 43550, 45011, 46225, 49727, 49739, 49859, 49882, 49897, 60813, 63450, 63547, 64537, 64552, 66038, 66066, 60746, 28966, 28979, 29019, 29780, 29797, 42802, 60416, 60439, 63512], "label": "cupboard"}, {"objectId": 11, "id": 11, "partId": 11, "index": 31, "dominantNormal": [-0.609435498714447, -0.7928356528282166, -1.7604487930272063e-16], "obb": {"axesLengths": [0.8537092586758855, 0.6779500094514334, 0.6324009017431488], "centroid": [2.1450565596823576, -2.3368502589323628, -1.308975013517401], "normalizedAxes": [0.7928356528282166, -0.609435498714447, -1.3532186453933881e-16, 0, -2.220446049250313e-16, 1, -0.609435498714447, -0.7928356528282166, -1.7604487930272063e-16]}, "segments": [2678, 1521, 1475, 17069, 63348, 1549, 2904, 17091, 3990, 57865, 4342, 4010, 4012, 4016, 4018, 4034, 4040, 4046, 4059, 4314, 57845, 57847, 57849, 57899, 57991, 58010, 4332, 57822, 2490, 3472, 3487, 3488, 3523, 57829, 57896, 58003, 58007, 57980, 4064, 57848, 57902, 57885, 4067, 57881, 57889, 1579, 57756, 807, 58090, 58070, 5637], "label": "table"}, {"objectId": 12, "id": 12, "partId": 12, "index": 32, "dominantNormal": [-0.4894825518131256, -0.8720130920410156, -1.9362580251170228e-16], "obb": {"axesLengths": [0.8184096040609391, 1.9490299981304249, 0.06129335910842411], "centroid": [0.006288615136440967, -1.7017474539142345, -0.6787749991839747], "normalizedAxes": [0.8720130920410156, -0.489482581615448, -1.0868696645248654e-16, 0, -2.220446049250313e-16, 1, -0.489482581615448, -0.8720130920410156, -1.9362580251170228e-16]}, "segments": [38689, 47251, 63062], "label": "door"}], "scan_id": "bf9a3dcb-45a5-2e80-83df-181fa8da160f", "annId": "3571", "appId": "stk.v1"}