{"segGroups": [{"objectId": 1, "id": 1, "partId": 1, "index": 0, "dominantNormal": [0, -2.220446049250313e-16, 1], "obb": {"axesLengths": [3.538973841368706, 0.3047699860162291, 1.4216142889289016], "centroid": [-0.01741174615937513, -0.06432703710885986, -1.3023849378738181], "normalizedAxes": [-0.12194996327161789, 0.9925362467765808, 2.2038731878927927e-16, 0, -2.220446049250313e-16, 1, 0.9925362467765808, 0.12194996327161789, 2.7078331415268473e-17]}, "segments": [269, 3839, 9544, 208, 3554, 3983, 3119, 1704, 4466, 13570, 8353, 7791, 7805, 8262, 8267, 12185, 2815, 2721, 2499], "label": "floor"}, {"objectId": 2, "id": 2, "partId": 2, "index": 1, "dominantNormal": [0.9995548725128174, -0.029834691435098648, -6.624632272766695e-18], "obb": {"axesLengths": [1.2647445525646692, 2.3999148666877694, 0.0980360603324321], "centroid": [-0.4701614791315862, 1.070351767070533, -0.23004247665310285], "normalizedAxes": [0.029834693297743797, 0.9995548725128174, 2.2194576676799857e-16, 0, -2.220446049250313e-16, 1, 0.9995548725128174, -0.029834693297743797, -6.624632686357001e-18]}, "segments": [10745, 10270, 11208, 12004, 3148, 3194, 3196, 4255, 8477, 8485, 8486, 10184, 11465, 11649, 12535, 13946, 14243, 14446, 3780], "label": "wall"}, {"objectId": 3, "id": 3, "partId": 3, "index": 2, "dominantNormal": [-0.06070435792207718, -0.9981557726860046, -2.2163510419970326e-16], "obb": {"axesLengths": [0.987232949638667, 2.377666897080832, 0.1494546097302233], "centroid": [0.05672056941558201, 1.630538219958574, -0.22116648097709235], "normalizedAxes": [0.9981557726860046, -0.06070435792207718, -1.3479075172035322e-17, 0, -2.220446049250313e-16, 1, -0.06070435792207718, -0.9981557726860046, -2.2163510419970326e-16]}, "segments": [5760, 5767, 5749, 11626, 6450, 6110, 6614, 6508, 5177, 7230, 6201, 6221, 6496, 6502, 6535, 7211, 6788], "label": "wall"}, {"objectId": 4, "id": 4, "partId": 4, "index": 3, "dominantNormal": [0.9931278228759766, -0.11703483015298843, -2.5986952623788458e-17], "obb": {"axesLengths": [1.8897782696240013, 2.3972319424771076, 0.13600667451634338], "centroid": [0.4117253142922691, 0.711273581818516, -0.216684003173917], "normalizedAxes": [0.11703482270240784, 0.9931278228759766, 2.2051867507055269e-16, 0, -2.220446049250313e-16, 1, 0.9931278228759766, -0.11703482270240784, -2.5986950969427233e-17]}, "segments": [4303, 6645, 4792, 7933, 14155, 4645, 4969, 4973, 4985, 5322, 14069, 6599, 9001, 2025, 2012, 277, 552, 8839], "label": "wall"}, {"objectId": 5, "id": 5, "partId": 5, "index": 4, "dominantNormal": [-0.08109387010335922, -0.996706485748291, -2.2131329785419563e-16], "obb": {"axesLengths": [0.8930349841003045, 2.3392159415956737, 0.07151753972491184], "centroid": [-0.06918100630308066, 0.42248138251456585, -0.21899198437500011], "normalizedAxes": [0.996706485748291, -0.08109387010335922, -1.8006456348942206e-17, 0, -2.220446049250313e-16, 1, -0.08109387010335922, -0.996706485748291, -2.2131329785419563e-16]}, "segments": [10135, 5823, 908, 13888, 5597, 13114, 8879], "label": "wall"}, {"objectId": 6, "id": 6, "partId": 6, "index": 5, "dominantNormal": [0.9997709393501282, 0.021402152255177498, 4.752232442046255e-18], "obb": {"axesLengths": [0.879360740472665, 2.086489928815738, 0.1210759615847864], "centroid": [-0.44174548136789166, -0.16981837962673368, -0.3532449766268211], "normalizedAxes": [-0.021402154117822647, 0.9997709393501282, 2.2199374324352665e-16, 0, -2.220446049250313e-16, 1, 0.9997709393501282, 0.021402154117822647, 4.752232855636562e-18]}, "segments": [6312, 9827, 1357, 2010, 1380, 1393, 1419, 4527, 4604, 4608, 6666, 7859, 9036, 9046, 9092, 9660, 12213, 12857, 12870, 13460, 13461, 13722, 13801], "label": "door"}, {"objectId": 7, "id": 7, "partId": 7, "index": 6, "dominantNormal": [-0.07871972024440765, -0.9968968033790588, -2.2135555685732974e-16], "obb": {"axesLengths": [1.0792476226424939, 0.40230899149978905, 0.040426750777110304], "centroid": [-0.1716221820881681, 0.22199029478499152, 0.7311544608811777], "normalizedAxes": [0.9968968033790588, -0.07871972024440765, -1.7479289181478486e-17, 0, -2.220446049250313e-16, 1, -0.07871972024440765, -0.9968968033790588, -2.2135555685732974e-16]}, "segments": [6294], "label": "wall"}, {"objectId": 9, "id": 9, "partId": 9, "index": 7, "dominantNormal": [0, -2.220446049250313e-16, 1], "obb": {"axesLengths": [2.9775132806810833, 0.13999998256564172, 1.4020276434429388], "centroid": [-0.07990818386218418, 0.19618642068213246, 0.9599999626725917], "normalizedAxes": [0.15665598213672638, 0.9876532554626465, 2.1930307691212436e-16, 0, -2.220446049250313e-16, 1, 0.9876532554626465, -0.15665598213672638, -3.478461566269217e-17]}, "segments": [2052, 2063, 2073, 2067, 3355, 11812, 5554, 10921, 12132], "label": "ceiling"}, {"objectId": 10, "id": 10, "partId": 10, "index": 8, "dominantNormal": [-0.06626182794570923, -0.9978022575378418, -2.2155660806829442e-16], "obb": {"axesLengths": [0.8270519819651749, 2.08189989443347, 0.31703699598435353], "centroid": [-0.09018409255198101, 0.2910007591021883, -0.3509499594356871], "normalizedAxes": [0.9978022575378418, -0.06626182794570923, -1.4713081407815405e-17, 0, -2.220446049250313e-16, 1, -0.06626182794570923, -0.9978022575378418, -2.2155660806829442e-16]}, "segments": [8952, 13778, 9997, 2022, 3781, 4023, 4766, 3767, 9962, 8967, 10149], "label": "doorframe"}, {"objectId": 12, "id": 12, "partId": 12, "index": 9, "dominantNormal": [0.9905174970626831, -0.13738657534122467, -3.050594784364528e-17], "obb": {"axesLengths": [0.5556985314257256, 1.0968399994781608, 0.39505834618700686], "centroid": [0.00943162366230993, 1.3903740121736832, -0.7984199885632095], "normalizedAxes": [0.13738659024238586, 0.9905174970626831, 2.1993906630661433e-16, 0, -2.220446049250313e-16, 1, 0.9905174970626831, -0.13738659024238586, -3.050595115236773e-17]}, "segments": [5176, 13833, 12754, 12772, 4836, 4810, 6461, 5232, 5201, 5220, 5269, 5315, 5348, 5701, 5721, 5729, 5747, 5765, 12568, 12615, 12618, 12662, 12749, 12751, 12776, 12779, 12781, 12783, 13251, 13855, 5674, 12680, 4828, 7552], "label": "toilet"}, {"objectId": 13, "id": 13, "partId": 13, "index": 10, "dominantNormal": [0.9951132535934448, -0.09874016046524048, -2.1924719920738518e-17], "obb": {"axesLengths": [0.2954665539982402, 0.3764300262235844, 0.22059072171204283], "centroid": [-0.36848896154676436, 0.949990290035825, -1.2275149491984774], "normalizedAxes": [0.09874016046524048, 0.9951132535934448, 2.2095952924981895e-16, 0, -2.220446049250313e-16, 1, 0.9951132535934448, -0.09874016046524048, -2.1924719920738518e-17]}, "segments": [3383, 12548, 3411, 3106], "label": "bin"}, {"objectId": 14, "id": 14, "partId": 14, "index": 11, "dominantNormal": [-0.15896739065647125, -0.9872838258743286, -2.192210470651387e-16], "obb": {"axesLengths": [1.5216674293486632, 2.388729995741023, 0.388129408260467], "centroid": [-0.1643023134494272, -1.1508726647861196, -0.22436498535353722], "normalizedAxes": [0.9872838258743286, -0.15896740555763245, -3.529785476300172e-17, 0, -2.220446049250313e-16, 1, -0.15896740555763245, -0.9872838258743286, -2.192210470651387e-16]}, "segments": [12287, 12291, 1938, 12316, 2239, 85, 1308, 7569, 2212, 998, 2530, 169, 7873, 9792, 12187, 1486, 2628, 2777], "label": "wall"}, {"objectId": 20, "id": 20, "partId": 20, "index": 15, "dominantNormal": [0, -2.220446049250313e-16, 1], "obb": {"axesLengths": [0.1735871402457806, 0.13760298182957667, 0.1395698278488357], "centroid": [-0.39637119836140805, 1.0039687175843894, -0.7569274975301136], "normalizedAxes": [0.8420782089233398, -0.5393553972244263, -1.1976095609088106e-16, 0, -2.220446049250313e-16, 1, -0.5393553972244263, -0.8420782089233398, -1.8697892321636097e-16]}, "segments": [3591, 12517, 12504, 4237], "label": "toilet paper dispenser"}], "scan_id": "ba6fda9e-a4c1-2dca-8381-c08ad16a6170", "annId": "6082", "appId": "stk.v1"}