{"segGroups": [{"objectId": 1, "id": 1, "partId": 1, "index": 0, "dominantNormal": [0, -2.220446049250313e-16, 1], "obb": {"axesLengths": [9.525858112002147, 0.5812599529044339, 4.782491436270471], "centroid": [0.8051587685299073, 1.1773963711734496, -1.417379945500643], "normalizedAxes": [0.8476662039756775, 0.5305299162864685, 1.1780130566273883e-16, 0, -2.220446049250313e-16, 1, 0.5305299162864685, -0.8476662039756775, -1.882197073700803e-16]}, "segments": [36871, 12850, 30850, 33372, 32026, 40894, 50381, 30892, 20684, 14495, 14018, 47541, 9349, 4912, 5183, 33829, 33561, 4814, 34916, 35290, 35658, 35766, 34857, 33376, 34288, 4403, 3943, 4043, 4227, 89943, 3871, 3879, 3969, 65263, 3609, 3564, 18737, 8418, 50729, 50868, 67334, 64591, 9779, 8813, 6712, 2622, 6434, 64586, 80664, 52443, 45444, 13200, 33215, 30839, 13449, 19423, 17874, 10605, 15143, 32217, 67345, 9843, 9222, 9870, 11053, 13692, 12992, 12873, 9607, 19020, 64225, 17208, 50926, 5851, 21145, 15871, 64146, 81625, 3478, 4280, 26347, 22086, 11098, 45712, 52735, 23577, 21970, 78160, 54712, 33423, 32642, 33587, 33710, 34081, 34616, 33633, 32188, 32629, 32736, 33117, 40537, 35729, 35754, 35260, 35148, 33600, 33457, 34653, 33639, 34849, 35847, 32730, 43252, 48535, 45824, 45750, 50931, 19633, 19671, 19885, 19310, 19740, 64195, 21603, 64203, 65099, 2571, 19183, 2514, 30178, 18062, 17540, 17523, 18200, 7120, 65616, 8815, 8908, 7960, 8433, 64538, 6128, 11404, 13949, 64327, 13996, 13377, 14034, 64395, 64250, 17703, 19007, 17497, 5994, 6094, 6156, 6385, 7430, 7396, 6340, 884, 890, 1372, 1518, 11276, 64400, 64342, 64343, 11057, 7686, 6636, 64508, 6110, 64607, 8043, 9000, 7912, 9145, 64444, 9166, 13952, 14083, 14041, 10858, 12816, 13021, 12925, 64398, 11030, 7975, 7163, 65693, 7079, 7999, 9603, 7817, 64457, 18067, 65105, 17977, 17981, 18005, 17866, 18804, 18528, 2702, 2699, 7125, 65618, 2521, 2561, 52680, 52114, 52092], "label": "floor"}, {"objectId": 2, "id": 2, "partId": 2, "index": 1, "dominantNormal": [0.6653463840484619, -0.7465348243713379, -1.6576403014031136e-16], "obb": {"axesLengths": [7.1768855045227555, 3.3642299615391322, 0.6438407385094986], "centroid": [0.5147601386241585, 3.163393681476335, 0.26788502146560633], "normalizedAxes": [0.7465348243713379, 0.6653463244438171, 1.4773656174944908e-16, 0, -2.220446049250313e-16, 1, 0.6653463244438171, -0.7465348243713379, -1.6576403014031136e-16]}, "segments": [25792, 34809, 25088, 25608, 29479, 30840, 53533, 18852, 20566, 62142, 32787, 49422, 32119, 54457, 28451, 62175, 60664, 61215, 91228, 52191, 1230, 6134, 52232, 38002, 39054, 91781, 11669, 18680, 11286, 1002, 15663, 9045, 39706, 39671, 45064, 24887, 3520, 4012, 81987, 44746, 82062, 42903, 8038, 50784, 23344, 20951, 2507, 16736, 13931, 14729, 90265, 3011, 11123, 61474, 61002, 17760, 61830, 40462, 14187, 59009, 59008, 47947], "label": "wall"}, {"objectId": 3, "id": 3, "partId": 3, "index": 2, "dominantNormal": [0.7209643125534058, -0.6929721832275391, -1.5387073464879532e-16], "obb": {"axesLengths": [0.7579550685905538, 1.7399999408423905, 0.5087851159424611], "centroid": [-1.4906190418911964, 1.3525557367217902, -0.5399999665468942], "normalizedAxes": [0.6929721832275391, 0.7209643125534058, 1.6008623594596777e-16, 0, -2.220446049250313e-16, 1, 0.7209643125534058, -0.6929721832275391, -1.5387073464879532e-16]}, "segments": [84384, 85170, 60982, 85250, 62536, 63049, 85303, 63166, 63419, 63570, 62019, 63770, 58915, 82550, 84945, 82563, 83349, 83316, 58833, 83213, 10960, 9912, 61459, 87970, 88063, 88019, 63438, 62880, 85284, 62658, 56657, 88165, 56936, 42805, 62769, 79887, 79729, 57683, 57580, 27617, 90647, 28111, 29836, 85178, 60649, 83782, 60495, 87634, 61191, 61302, 63393, 66164, 69274, 22670, 29484, 10817, 10818, 72268, 83255, 60829, 60756, 85870, 88567, 88470, 85826, 86948, 62492, 91370, 62762, 87364, 60702, 61186, 87309, 61133, 61765, 60519, 63550, 86604, 63606, 63520, 63633, 63534, 63442, 88107, 61623, 62446, 85089, 58765, 58910, 62756, 63272, 69295, 10067, 10064, 72293, 10941, 27505, 29891, 70239, 79445, 56939, 88521, 56749, 63010, 79529, 56575, 57190, 42804, 42782, 79459, 42807, 91262, 79507, 79615, 30326, 28249, 28258, 28494, 27840, 69074, 29457, 60347, 3841, 3862, 8564, 8566, 8569, 8605, 9475, 9628, 9636, 9660, 9675, 9687, 9703, 9707, 9729, 9732, 9751, 9803, 9816, 9822, 9825, 9834, 9846, 9852, 9855, 9858, 9902, 9913, 9919, 9981, 10017, 10025, 10106, 10121, 10708, 10731, 10831, 11003, 11007, 11225, 22690, 27591, 27597, 27721, 27772, 27820, 27864, 28051, 28052, 28106, 28231, 28273, 28310, 28370, 28415, 28549, 28586, 28773, 28817, 28891, 28906, 28913, 28914, 29333, 29336, 29348, 29351, 29374, 29385, 29395, 29418, 29423, 29446, 29498, 29500, 29521, 29804, 29923, 30062, 30104, 30177, 30210, 30226, 30482, 30492, 30500, 30508, 30513, 30554, 30581, 30601, 31129, 31131, 31133, 31136, 35317, 35320, 35327, 35357, 35371, 42042, 52315, 52336, 52359, 56606, 56671, 56689, 56691, 56692, 56762, 56773, 56795, 56816, 56860, 56878, 56998, 57121, 57276, 57370, 57523, 57587, 57590, 57648, 57785, 57789, 58317, 58407, 58417, 58472, 58476, 58585, 58638, 58677, 58697, 58705, 58734, 58736, 58751, 58771, 58818, 58834, 58872, 58907, 59692, 59747, 59783, 59840, 59857, 59858, 59890, 60068, 60164, 60205, 60247, 60292, 60297, 60316, 60355, 60375, 60498, 60522, 60569, 60724, 60777, 60778, 60819, 60828, 60835, 60849, 60906, 60934, 60960, 61053, 61153, 61176, 61193, 61246, 61258, 61328, 61386, 61415, 61452, 61520, 61554, 61555, 61568, 61602, 61634, 61649, 61669, 61691, 61738, 61791, 61833, 61834, 61854, 61855, 61856, 61875, 61887, 61986, 61991, 62003, 62040, 62041, 62149, 62217, 62226, 62358, 62471, 62472, 62493, 62511, 62519, 62585, 62600, 62605, 62620, 62668, 62685, 62766, 62809, 62837, 62861, 62870, 62912, 62916, 62954, 62973, 62980, 63026, 63034, 63042, 63048, 63096, 63103, 63110, 63144, 63147, 63212, 63217, 63222, 63235, 63248, 63274, 63298, 63304, 63308, 63312, 63316, 63317, 63375, 63405, 63420, 63422, 63449, 63461, 63466, 63471, 63474, 63478, 63518, 63533, 63552, 63573, 63609, 63638, 63644, 63779, 63799, 63832, 63839, 63845, 63853, 63855, 63860, 63883, 63899, 65947, 65949, 65950, 65952, 65957, 65964, 65966, 65968, 65975, 65982, 65985, 66069, 66080, 66094, 66113, 66133, 66150, 66155, 66158, 66159, 66234, 68900, 69043, 69064, 69253, 69446, 72006, 72010, 72012, 72019, 72024, 72254, 72257, 72296, 72298, 73470, 75607, 79343, 79346, 79355, 79371, 79447, 79506, 79662, 79737, 79921, 82159, 82179, 82547, 83187, 83192, 83199, 83266, 83322, 83368, 83429, 83465, 83710, 83748, 83946, 83952, 84034, 84035, 84287, 84300, 84414, 84453, 84458, 84469, 84472, 84488, 84540, 84878, 84890, 84893, 84896, 84961, 84969, 85189, 85312, 85441, 85504, 85532, 85535, 85584, 85680, 85773, 85792, 85888, 85892, 86043, 86048, 86344, 86644, 86842, 87078, 87263, 87288, 87295, 87301, 87368, 87769, 88110, 88175, 88180, 88622, 88706, 90841, 8610], "label": "plant"}, {"objectId": 4, "id": 4, "partId": 4, "index": 3, "dominantNormal": [0, -2.220446049250313e-16, 1], "obb": {"axesLengths": [0.7689609246704175, 0.24000000417232492, 0.5363253622418582], "centroid": [2.985850326386336, 2.2948801946452484, -1.4500000171363348], "normalizedAxes": [0.723987340927124, 0.6898132562637329, 1.5316931195912995e-16, 0, -2.220446049250313e-16, 1, 0.6898132562637329, -0.723987340927124, -1.607574830868872e-16]}, "segments": [46435, 45755, 45837], "label": "carpet"}, {"objectId": 5, "id": 5, "partId": 5, "index": 4, "dominantNormal": [0.8364503383636475, -0.5480427145957947, -1.2168992804446492e-16], "obb": {"axesLengths": [0.7484374014894081, 1.209979924336524, 0.5894095644981355], "centroid": [3.4935777185682824, 2.6975149601283417, -0.7949899573998909], "normalizedAxes": [0.5480427145957947, 0.8364503383636475, 1.8572928492136486e-16, 0, -2.220446049250313e-16, 1, 0.8364503383636475, -0.5480427145957947, -1.2168992804446492e-16]}, "segments": [44299, 44265, 44137, 44153, 44288, 44145, 44143, 302, 310, 314, 333, 352, 384, 1682, 2287, 2301, 2339, 2403, 2425, 2430, 2885, 3022, 5465, 40938, 40952, 40962, 40963, 40968, 42673, 43511, 44110, 44113, 44131, 44136, 44167, 44314, 44340, 44369, 44384, 44416, 48759, 53652, 54112, 54136, 64757, 64759, 65056, 65058, 65071, 65077, 65084, 65090, 75317, 75321, 75323, 75882, 75885, 75901, 76200, 76202, 76318, 76459, 76464, 82858, 1670, 2479, 2876, 40907, 53664, 54039, 82854, 82985, 83036, 83063, 83086, 232, 2951, 48729, 78166, 78304, 83179, 2356, 1663, 1662, 2235, 2182, 82973, 235, 2319, 2869, 26241, 26388, 48748, 48756, 48837, 53605, 53646, 54093, 54211, 65037, 65048, 78255, 78300, 78306, 78331, 78375, 82987, 83056, 37785, 272, 2803, 2822, 2830, 3068, 3093, 3143, 3190, 3246, 3249, 3262, 3342, 5477, 5503, 5517, 37688, 37712, 39999, 43582, 43636, 43645, 43666, 43724, 46445, 47238, 64734, 65115, 65117, 65121, 65138, 74303, 75915, 75925, 75936, 75957, 75977, 75990, 76041, 76053, 76089, 76095, 76097, 76106, 76111, 76117, 76137, 76754, 77197, 79374, 3058, 3252, 2760, 2729, 65475, 228, 1647, 83107, 76065, 47128, 2778, 54030, 65145, 82834], "label": "shelf"}, {"objectId": 6, "id": 6, "partId": 6, "index": 5, "dominantNormal": [0.7270532250404358, -0.6865810751914978, -1.5245162358989934e-16], "obb": {"axesLengths": [0.5880038873024322, 0.5152100209472321, 0.43024924026827277], "centroid": [2.209347993818066, 4.68585440471881, -1.1076050171791385], "normalizedAxes": [0.6865810751914978, 0.7270532250404358, 1.6143824611357345e-16, 0, -2.220446049250313e-16, 1, 0.7270532250404358, -0.6865810751914978, -1.5245162358989934e-16]}, "segments": [23757, 34380, 75592, 41740, 75420, 55640, 35286, 41560, 41557, 53561, 75535, 75548, 75490, 75455, 82901, 23756, 34371, 41540, 41572, 41592, 41601, 41631, 41636, 41667, 41675, 41724, 41750, 41755, 41794, 41911, 41919, 41947, 75402, 75404, 75466, 75542, 75578, 76524, 82771], "label": "plant"}, {"objectId": 7, "id": 7, "partId": 7, "index": 6, "dominantNormal": [0, -2.220446049250313e-16, 1], "obb": {"axesLengths": [0.7648364055638971, 0.5438870070005873, 0.6480244653604129], "centroid": [2.7256639990347917, 4.384967590515995, -1.0983964573950367], "normalizedAxes": [0.7918329834938049, -0.610737681388855, -1.3561100717681795e-16, 0, -2.220446049250313e-16, 1, -0.610737681388855, -0.7918329834938049, -1.7582224198649075e-16]}, "segments": [80311, 76551, 80287, 50087, 50061, 50144, 83668, 79136, 50093, 83631, 54633, 54955, 87151, 34425, 34451, 34464, 34486, 34492, 34545, 36182, 36191, 36640, 49987, 50010, 50070, 50147, 50222, 50265, 50279, 50286, 50289, 50308, 50320, 50342, 51860, 51939, 51958, 54574, 73667, 76749, 76752, 79115, 79185, 79190, 80294, 80297, 80301, 80304, 80337, 80339, 80348, 80355, 80381, 83431, 83443, 83444, 83580, 83701, 44761, 80244, 51898, 51841, 76738, 83416, 38807, 54563, 36065, 36161, 36174, 36175, 36218, 36346, 36403, 36465, 36492, 36677, 36684, 36694, 38716, 44849, 44882, 44956, 50002, 73677, 73714, 73737, 73771, 74438, 76499, 76518, 76520, 79111, 83457, 44954, 36388], "label": "plant"}, {"objectId": 8, "id": 8, "partId": 8, "index": 7, "dominantNormal": [0, -2.220446049250313e-16, 1], "obb": {"axesLengths": [0.6892142663678177, 0.5814900268281241, 0.5995998493676374], "centroid": [3.229132600206727, 4.358613106497092, -1.1041049729115149], "normalizedAxes": [-0.20829994976520538, 0.978065013885498, 2.1717405959920067e-16, 0, -2.220446049250313e-16, 1, 0.978065013885498, 0.20829994976520538, 4.62518800515189e-17]}, "segments": [43325, 38523, 78117, 73763, 76679, 73759, 38732, 74550, 46978, 77011, 38728, 38697, 38627, 74594, 47078, 46050, 38366, 45909, 50985, 79367, 78133, 48612, 45862, 36394, 73715, 48626, 74440, 38735, 35938, 35962, 36001, 36007, 36025, 36264, 36273, 36314, 36371, 36428, 36442, 36519, 36521, 38339, 38383, 38426, 38496, 38616, 38684, 38685, 38903, 45851, 45873, 45886, 45894, 45918, 45938, 45965, 46009, 46014, 46046, 46052, 46081, 46084, 46110, 47004, 47085, 48583, 48599, 48603, 73619, 73710, 73767, 73778, 74368, 74408, 74470, 74527, 74587, 74590, 74602, 76688, 76691, 76696, 76699, 76713, 76718, 76722, 76723, 77007, 77029, 77089, 78074, 78149], "label": "plant"}, {"objectId": 9, "id": 9, "partId": 9, "index": 8, "dominantNormal": [0.6099700927734375, -0.7924244403839111, -1.7595357179798457e-16], "obb": {"axesLengths": [1.4680768040088092, 2.699999868124725, 0.7255960137335541], "centroid": [2.8418405840175414, 5.047331080671572, -0.04000002242624756], "normalizedAxes": [0.7924244403839111, 0.6099700927734375, 1.3544056826596262e-16, 0, -2.220446049250313e-16, 1, 0.6099700927734375, -0.7924244403839111, -1.7595357179798457e-16]}, "segments": [87546, 60035, 87587, 87484, 88883, 87490, 56325, 57768, 57912, 59239, 87795, 59275, 83751, 55261, 87564, 86267, 55167, 55130, 86495, 86278, 86292, 57958, 86510, 86197, 86347, 57986, 57558, 58137, 58147, 87268, 87210, 20986, 21004, 21020, 21021, 21042, 27536, 27540, 27543, 27556, 27565, 27599, 27614, 27629, 27635, 27652, 27689, 27795, 28691, 28731, 28839, 28919, 53672, 53708, 53748, 53796, 53800, 55019, 55072, 55111, 55124, 55143, 55146, 55227, 55278, 55304, 55327, 55335, 55342, 55377, 55380, 55422, 55435, 55504, 55514, 55555, 56293, 56307, 56312, 56320, 56359, 56369, 56656, 56917, 57530, 57539, 57604, 57623, 57628, 57723, 57736, 57742, 57823, 57878, 57902, 57906, 57916, 57921, 57926, 58034, 58071, 58073, 58074, 58190, 58252, 58368, 58382, 58492, 58542, 58880, 58949, 58965, 58985, 59105, 59112, 59113, 59256, 59952, 60006, 60022, 60085, 71513, 71534, 71538, 71882, 71885, 71888, 71936, 82875, 82878, 82881, 83743, 83764, 83773, 83774, 83840, 83849, 83852, 83976, 83979, 84084, 84152, 84160, 85100, 86069, 86071, 86073, 86385, 86389, 86436, 86460, 86543, 86641, 86841, 86850, 87023, 87227, 87402, 87453, 87460, 87536, 87801, 88712, 88836, 88949, 88960, 88963, 20976, 21013, 28738, 59066, 71945, 28588, 71855, 12058, 18876, 18877, 20835, 20872, 20878, 20899, 20909, 20929, 20948, 20964, 20972, 21017, 24987, 27090, 27117, 27152, 27167, 27177, 27178, 27191, 27202, 27206, 27217, 27218, 27232, 27251, 27261, 27268, 27269, 27282, 27284, 27288, 27299, 27305, 27334, 27335, 27351, 27352, 27373, 27386, 27398, 27408, 27410, 27418, 27420, 27447, 27448, 27465, 27671, 28317, 28338, 28522, 28530, 28546, 28583, 28607, 28635, 28656, 28770, 28782, 28825, 28840, 28875, 28882, 28953, 55388, 55411, 55413, 56437, 56501, 56531, 56574, 57115, 57217, 57518, 57582, 57616, 58188, 58507, 58566, 59421, 59460, 59531, 59552, 59567, 59585, 59597, 59649, 59709, 59730, 59745, 59792, 59905, 59913, 59919, 59995, 60062, 68645, 68873, 68875, 68883, 71430, 71451, 71457, 71458, 71464, 71469, 71499, 71527, 71797, 71842, 71891, 71924, 71926, 71937, 83951, 85219, 85225, 85506, 85681, 86689, 86805, 87058, 87073, 87913, 88127, 88196, 88200, 88260, 88617, 88648, 88676, 88749, 88753, 88773, 88989, 89003, 89042, 89086, 91590, 71767, 12379, 12306, 40776, 66577, 66358, 8964, 11665, 11702, 11710, 11773, 11775, 11822, 11831, 11846, 11882, 11891, 11908, 11916, 11925, 11953, 11956, 12034, 12038, 12118, 12164, 12175, 12219, 12244, 12270, 12273, 12274, 12293, 12299, 12322, 12363, 12385, 12507, 24825, 24839, 24920, 24939, 24947, 24951, 24959, 24967, 24974, 27023, 28313, 28325, 28357, 28490, 28821, 28853, 28859, 31997, 35240, 36027, 36087, 36101, 36525, 36559, 40788, 40791, 40852, 40862, 53767, 55955, 55989, 56005, 56007, 56088, 56446, 56461, 56557, 56583, 56584, 56666, 56669, 56699, 56709, 56713, 56720, 56745, 56845, 56928, 57064, 57088, 57158, 57240, 58240, 58558, 58590, 59368, 59398, 59405, 59437, 59455, 59518, 59579, 59604, 59676, 59688, 59690, 59784, 59885, 60153, 60176, 64034, 64036, 66374, 66379, 66380, 66383, 66513, 66535, 66558, 66655, 66673, 66675, 66688, 66690, 66691, 66695, 66727, 66730, 66733, 71917, 84031, 84880, 84883, 85222, 85319, 85328, 85419, 85590, 85609, 85652, 86766, 86772, 86964, 86966, 87886, 87903, 87915, 88023, 89090, 89093, 87840, 68025, 16260, 13651, 67245, 12641, 13647, 67091, 45621, 42872, 8934, 10162, 10257, 10285, 10301, 10319, 10377, 10404, 10425, 11639, 12627, 12630, 12652, 12668, 12670, 12681, 13564, 13625, 13627, 13631, 13639, 13649, 13698, 16235, 16259, 28448, 28720, 31569, 31602, 31623, 31628, 31657, 31679, 31681, 31695, 31709, 31713, 31741, 31765, 31773, 31781, 31795, 31800, 31827, 31830, 31832, 31833, 31836, 31845, 31853, 31859, 31879, 31891, 31896, 32001, 33973, 33992, 34032, 37174, 37348, 37421, 37845, 37895, 38463, 38470, 38570, 39021, 39032, 39042, 39072, 39078, 39087, 39099, 39112, 39128, 39133, 39173, 39229, 39261, 39264, 39276, 39324, 39357, 39410, 39720, 39871, 40214, 40286, 40310, 40333, 40365, 40374, 40389, 40390, 40393, 40411, 40428, 40459, 40466, 40469, 41306, 41357, 41394, 41398, 41422, 41458, 42049, 42169, 42280, 43798, 43820, 43874, 44108, 53201, 53219, 53239, 53312, 53347, 53401, 53479, 53482, 53499, 53509, 53515, 55922, 55929, 55991, 56029, 56050, 56052, 56053, 56103, 56128, 56131, 56201, 56404, 56835, 57594, 58141, 58228, 58278, 58320, 58520, 59296, 59354, 64084, 66021, 66197, 66225, 66231, 66414, 66740, 66797, 66817, 67217, 67277, 67305, 68017, 68057, 68059, 68065, 71912, 72388, 72447, 72464, 72501, 72502, 72504, 72513, 73165, 73174, 73179, 74623, 74638, 74665, 74692, 74706, 74716, 74719, 74732, 75023, 75034, 75128, 75170, 75192, 75393, 82516, 82537, 82539, 82614, 82622, 82731, 82742, 84876, 85088, 85372, 85400, 85497, 85505, 86712, 86730, 86781, 86801, 86810, 87804, 87814, 87844, 87850, 87853, 89397, 13634, 13644, 31643, 31702, 31913, 37103, 39231, 40270, 64078, 67106, 72377, 45595, 45612, 39757, 66827, 43847, 67066, 66950, 67777, 58802, 49290, 67856, 55937, 59386, 59777, 68092, 67949, 52627, 66391, 39036, 89711, 37368, 44981, 13570, 45672, 66471, 57893, 67973, 66917, 68137, 20460, 13714, 12675, 12693, 31501, 75202, 72479, 33943, 73159, 73163, 75044, 41391, 75380, 87173, 44780, 42995, 85975, 42989, 42905, 85690, 57072, 30118, 30046, 29992, 85340, 85663, 85029, 29716, 39376, 74753, 74862, 39486, 74758, 39565, 39481, 74721, 39465, 75837, 72103, 30310, 30154, 86011, 40836, 40849, 75310, 85745, 60530, 38948, 84068, 84196, 84228, 57251, 29808, 30001, 37250, 74264, 37399, 60528, 57175, 55639, 35426, 35634, 74186, 29896, 20374, 20397, 20411, 20705, 20786, 20792, 22745, 22749, 25779, 29632, 29684, 29702, 29729, 29734, 29761, 29765, 29840, 29881, 29889, 30010, 30012, 30020, 30039, 30052, 30077, 30096, 30127, 30163, 30191, 30253, 30286, 31059, 31163, 31172, 31176, 31196, 31214, 31222, 31263, 31279, 31293, 31300, 31302, 31321, 31426, 31433, 31620, 33890, 34828, 34865, 34934, 34949, 34954, 34990, 35061, 35064, 35067, 35081, 35082, 35092, 35145, 35383, 35394, 35413, 35439, 35440, 35500, 35569, 35580, 35581, 35607, 35653, 35674, 35679, 35684, 35794, 35805, 35816, 35836, 35887, 36084, 36111, 36121, 36756, 36782, 36786, 36797, 36798, 37004, 37009, 37011, 37036, 37056, 37074, 37150, 37418, 37452, 37490, 37507, 37550, 38034, 38043, 38179, 38208, 38222, 38271, 38275, 39452, 39463, 39512, 39548, 39573, 39629, 39648, 39986, 40156, 40221, 40558, 40568, 40650, 40664, 40667, 40684, 40688, 40720, 40726, 40745, 40760, 40804, 40807, 40814, 40830, 40973, 41040, 41052, 41060, 41062, 41071, 41083, 41099, 41123, 41187, 41212, 41474, 41494, 42070, 42071, 42081, 42732, 42740, 42742, 42771, 42890, 42919, 42943, 42994, 43027, 43038, 43049, 43063, 43093, 43119, 44583, 44723, 44771, 44796, 44840, 44916, 44919, 45002, 45092, 45118, 45200, 45203, 45207, 45385, 45389, 45599, 45609, 45613, 45643, 45819, 49225, 52629, 53420, 53451, 53466, 53524, 53737, 53774, 53775, 53783, 53803, 53810, 53837, 53858, 53874, 53904, 53933, 53945, 54426, 54436, 54908, 55584, 55598, 55665, 56030, 56051, 56106, 56118, 56142, 56158, 56395, 56526, 56922, 57289, 57306, 57330, 57332, 57439, 57450, 57487, 58528, 58596, 58658, 58743, 59371, 60426, 60472, 63935, 64053, 65030, 65860, 66276, 66282, 66814, 67130, 67552, 67929, 67957, 69041, 69307, 69311, 72050, 72052, 72071, 72080, 72166, 72173, 72322, 72340, 72345, 72358, 72360, 73161, 73168, 73455, 73462, 73500, 73502, 73506, 73525, 73528, 73567, 73585, 73590, 73628, 74152, 74198, 74201, 74205, 74607, 74766, 74803, 74809, 74858, 74872, 74875, 74877, 74886, 74887, 74965, 74968, 75197, 75216, 75221, 75223, 75275, 75285, 75342, 75818, 75829, 76494, 76495, 76538, 76553, 76563, 81639, 82903, 82905, 82968, 83697, 83994, 84093, 84238, 85072, 85082, 85086, 85706, 85775, 85802, 85806, 85807, 85810, 85893, 85899, 85902, 85990, 85993, 89399, 89403, 74997], "label": "plant"}, {"objectId": 10, "id": 10, "partId": 10, "index": 9, "dominantNormal": [0.7203914523124695, 0.69356769323349, 1.540029644327956e-16], "obb": {"axesLengths": [3.180143685809301, 0.9933900313066679, 0.5318083985711732], "centroid": [4.1445721580345065, 4.263145826084015, -0.9066950047754868], "normalizedAxes": [-0.69356769323349, 0.7203914523124695, 1.5995903542009182e-16, 0, -2.220446049250313e-16, 1, 0.7203914523124695, 0.69356769323349, 1.540029644327956e-16]}, "segments": [6031, 82209, 51213, 47363, 40593, 74959, 38183, 40039, 44069, 40031, 52994, 6036, 31974, 40625, 37027, 37155, 38260, 74937, 757, 1486], "label": "wall"}, {"objectId": 11, "id": 11, "partId": 11, "index": 10, "dominantNormal": [0.5763269066810608, -0.8172192573547363, -1.8145912713645991e-16], "obb": {"axesLengths": [0.7353160162836772, 1.2946424329919564, 0.6899431000769495], "centroid": [3.653445438491837, 4.552574883036534, -0.6426787183859488], "normalizedAxes": [0.8172192573547363, 0.5763269066810608, 1.2797028030166153e-16, 0, -2.220446049250313e-16, 1, 0.5763269066810608, -0.8172192573547363, -1.8145912713645991e-16]}, "segments": [46926, 79480, 46941, 76915, 46605, 47053, 47892, 79719, 47825, 47757, 47494, 47434, 47422, 79585, 80131, 51413, 47568, 77272, 47585, 77294, 77259, 47359, 47433, 77266, 80142, 51262, 51497, 47811, 46869, 47896, 51095, 51406, 44087, 44066, 78864, 78998, 49793, 49648, 51808, 82445, 47519, 79007, 49655, 45149, 78822, 79029, 47249, 49836, 78491, 49268, 78475, 79941, 49477, 52896, 51734, 51517, 79787, 1999, 2003, 1906, 66293, 64938, 64958, 1792, 1725, 1803, 64993, 65014, 2076, 79770, 2095, 83360, 83339, 54460, 54870, 44493, 45083, 83532, 54791, 54369, 54659, 83541, 83476, 54343, 54397, 54275, 54234, 48960, 420, 1734, 1737, 1742, 1745, 1778, 1791, 1823, 1838, 1850, 1863, 1881, 1884, 1901, 1902, 1943, 1957, 1966, 1995, 2051, 11479, 37866, 37901, 37903, 37908, 37920, 37943, 38455, 43995, 44029, 44599, 45154, 45839, 46564, 46575, 46582, 46606, 46640, 46642, 46650, 46682, 46696, 46699, 46718, 46729, 46734, 46739, 46740, 46777, 46810, 46830, 46867, 46902, 46912, 47278, 47292, 47296, 47333, 47394, 47397, 47404, 47412, 47419, 47460, 47473, 47501, 47511, 47523, 47550, 47551, 47588, 47601, 47611, 47614, 47624, 47644, 47653, 47678, 47753, 47763, 47773, 47809, 47864, 48971, 48990, 49023, 49072, 49125, 49133, 49159, 49160, 49172, 49199, 49205, 49223, 49234, 49241, 49273, 49281, 49301, 49308, 49312, 49335, 49342, 49357, 49369, 49373, 49383, 49395, 49425, 49452, 49493, 49507, 49513, 49518, 49527, 49530, 49543, 49555, 49556, 49559, 49565, 49572, 49614, 49693, 49699, 49736, 49746, 49748, 49749, 49750, 49771, 49799, 49812, 49814, 49822, 49847, 49849, 49862, 49919, 49938, 49946, 50415, 51053, 51067, 51105, 51148, 51153, 51170, 51216, 51224, 51237, 51242, 51280, 51288, 51321, 51323, 51329, 51338, 51360, 51391, 51399, 51443, 51504, 51547, 51554, 51602, 51633, 51652, 51743, 51748, 52879, 52882, 52887, 52908, 52926, 52931, 52959, 52962, 52965, 52968, 52988, 53005, 53018, 53033, 53099, 54255, 54266, 54290, 54338, 54355, 54367, 54387, 54488, 54490, 54649, 54672, 54707, 54832, 54838, 54849, 54862, 54868, 54887, 54888, 64761, 64903, 64905, 64913, 64917, 64919, 64946, 64960, 64961, 64999, 65006, 65009, 66347, 74312, 74323, 74370, 76169, 76171, 76469, 76470, 76475, 76794, 76798, 76803, 76813, 76853, 76860, 76904, 76926, 77231, 77268, 77279, 77292, 77306, 77356, 77360, 77364, 77367, 77371, 77386, 77389, 77415, 77429, 77433, 77435, 77445, 77449, 77453, 77493, 78402, 78405, 78414, 78417, 78421, 78430, 78437, 78478, 78481, 78484, 78514, 78515, 78813, 78824, 78826, 78827, 78829, 78831, 78833, 78835, 78841, 78859, 78862, 78872, 78942, 79022, 79056, 79079, 79103, 79105, 79391, 79397, 79465, 79513, 79520, 79550, 79628, 79640, 79741, 79748, 79751, 79818, 79845, 79914, 79998, 80016, 80018, 80026, 80055, 80059, 82322, 82330, 82337, 82353, 82355, 82389, 82410, 82469, 82471, 82475, 83183, 83268, 83271, 83273, 83357, 83365, 83493, 83508, 54240, 52877], "label": "plant"}, {"objectId": 12, "id": 12, "partId": 12, "index": 11, "dominantNormal": [-0.6793704032897949, -0.7337955236434937, -1.6293533714317602e-16], "obb": {"axesLengths": [0.9375213889728833, 1.2519299853161718, 0.49085711218692807], "centroid": [-0.5221121132827895, -0.40872035822960484, -0.7359649914659936], "normalizedAxes": [0.7337955236434937, -0.6793704032897949, -1.508505327962417e-16, 0, -2.220446049250313e-16, 1, -0.6793704032897949, -0.7337955236434937, -1.6293533714317602e-16]}, "segments": [65913, 7316, 7275, 78005, 48435, 77777, 20348, 16128, 68355, 8249, 48079, 14320, 78031, 68836, 16087, 16574, 75627, 78052, 42121, 78060, 75616, 7256, 7383, 42331, 37590, 20329, 77849, 42187, 48056, 48418, 77914, 77941, 6202, 48365, 65509, 76585, 42416, 42414, 66035, 9164, 9134, 45508, 5521, 6188, 6193, 6199, 6234, 7284, 7313, 7317, 7347, 7559, 7930, 8294, 9130, 9206, 14226, 14227, 14228, 14233, 14275, 14279, 14285, 14286, 14289, 14295, 16105, 16116, 16165, 16513, 16535, 16577, 16579, 18421, 18424, 21280, 21325, 21342, 21374, 21392, 21405, 21415, 37580, 42117, 42215, 42248, 42250, 47975, 47992, 48023, 48252, 48348, 48358, 48409, 48416, 48504, 65505, 65724, 65726, 65739, 65770, 65902, 65910, 65934, 65935, 66051, 66055, 67391, 67396, 67399, 68007, 68218, 68225, 68234, 68350, 73960, 75638, 75764, 75768, 76568, 76610, 77590, 77642, 77925, 77948, 9196, 14238, 48176, 47930, 65885, 7478, 9185, 21367, 48052, 67434, 20305], "label": "shelf"}, {"objectId": 13, "id": 13, "partId": 13, "index": 12, "dominantNormal": [0.6619053483009338, -0.7495874166488647, -1.66441841786572e-16], "obb": {"axesLengths": [3.65727364226003, 1.3737100148861843, 0.2421977929856992], "centroid": [1.162366968440353, 0.35313786560713645, -0.6768550097527728], "normalizedAxes": [0.7495874166488647, 0.6619053483009338, 1.469725115612461e-16, 0, -2.220446049250313e-16, 1, 0.6619053483009338, -0.7495874166488647, -1.66441841786572e-16]}, "segments": [30441, 7428, 8324, 79204, 6257, 50559, 7518, 7561, 7711, 9009, 16459, 17485, 24997, 25015, 25026, 25660, 25698, 25737, 55767, 55784, 55811, 55813, 55825, 55847, 55871, 56215, 65807, 66022, 70453, 84335, 84346, 84532, 84549, 84550, 84551, 84702, 84864, 87081, 89110, 89113, 29283, 46238, 9305, 68462, 36813, 25008, 60310, 46266], "label": "wall"}, {"objectId": 14, "id": 14, "partId": 14, "index": 13, "dominantNormal": [0.6120669841766357, -0.7908059358596802, -1.7559419160033233e-16], "obb": {"axesLengths": [0.4943662265577731, 0.9000000156462183, 0.251931221263729], "centroid": [1.7639340064714228, 1.0949632047867928, -0.7600000051409006], "normalizedAxes": [0.7908059358596802, 0.6120669841766357, 1.3590617168915647e-16, 0, -2.220446049250313e-16, 1, 0.6120669841766357, -0.7908059358596802, -1.7559419160033233e-16]}, "segments": [29123, 68339, 71982, 29143, 68490, 17012, 17038, 17042, 29019, 29097, 29101, 29135, 68298, 71966, 71968, 29030, 17056, 55776, 84441, 29046, 55808, 55821, 84534, 84542, 36826, 36862, 73904], "label": "object"}, {"objectId": 15, "id": 15, "partId": 15, "index": 14, "dominantNormal": [0.9216466546058655, -0.38803017139434814, -8.616000610625022e-17], "obb": {"axesLengths": [0.27384924808311506, 0.719999982714653, 0.15135997150761454], "centroid": [2.2303162984043805, 1.449672338852515, -0.649999978393317], "normalizedAxes": [0.38803020119667053, 0.9216466546058655, 2.0464666730243619e-16, 0, -2.220446049250313e-16, 1, 0.9216466546058655, -0.38803020119667053, -8.616001272369512e-17]}, "segments": [72191, 30366, 13270, 13043, 13276, 13304, 46224, 66940, 66944, 72211, 66980, 13020, 28985, 72232, 28986], "label": "object"}, {"objectId": 16, "id": 16, "partId": 16, "index": 15, "dominantNormal": [0, -2.220446049250313e-16, 1], "obb": {"axesLengths": [0.2187738578328517, 0.19211601781585763, 0.19879665868349752], "centroid": [0.04640239515116684, 1.331461787264749, 0.4360780003798448], "normalizedAxes": [0.9971248507499695, 0.07577640563249588, 1.6825742051306465e-17, 0, -2.220446049250313e-16, 1, 0.07577640563249588, -0.9971248507499695, -2.2140619354570778e-16]}, "segments": [19571, 21530, 42077, 73447, 42100], "label": "lamp"}, {"objectId": 17, "id": 17, "partId": 17, "index": 16, "dominantNormal": [-0.332475870847702, -0.943111777305603, -2.0941288199196673e-16], "obb": {"axesLengths": [0.3189763580952297, 0.5281899751382321, 0.2557227283473761], "centroid": [0.5348086070765832, 1.825287566784663, 0.35409498727109234], "normalizedAxes": [0.943111777305603, -0.332475870847702, -7.382447338948373e-17, 0, -2.220446049250313e-16, 1, -0.332475870847702, -0.943111777305603, -2.0941288199196673e-16]}, "segments": [6580, 18505, 6611, 66822, 66853, 18339, 65574, 66743, 6612, 7586, 7589], "label": "lamp"}, {"objectId": 18, "id": 18, "partId": 18, "index": 17, "dominantNormal": [0.983745276927948, -0.17956942319869995, -3.987242163077108e-17], "obb": {"axesLengths": [0.23883417487810288, 0.4556950079866867, 0.23720729078360536], "centroid": [1.15885969728842, 2.4138230161566754, 0.39155250471340386], "normalizedAxes": [0.17956943809986115, 0.983745276927948, 2.1843533136233173e-16, 0, -2.220446049250313e-16, 1, 0.983745276927948, -0.17956943809986115, -3.987242493949353e-17]}, "segments": [66005, 14782, 65986, 14725, 66118, 15692, 15808], "label": "lamp"}, {"objectId": 19, "id": 19, "partId": 19, "index": 18, "dominantNormal": [0.7590458989143372, -0.6510370969772339, -1.445592749898492e-16], "obb": {"axesLengths": [0.6454648256914267, 0.7624039479552813, 0.7330220896813204], "centroid": [0.09852572870842358, 1.2514495235112035, -0.9623579782465553], "normalizedAxes": [0.7590458989143372, -0.6510370969772339, -1.445592749898492e-16, 0, -2.220446049250313e-16, 1, -0.6510370969772339, -0.7590458989143372, -1.6854204674439924e-16]}, "segments": [72698, 68963, 21901, 19214, 14976, 69388, 74284, 37596, 33433, 32688, 22964, 22971, 32783, 67583, 19126, 68950, 21613, 71014, 26093], "label": "table"}, {"objectId": 20, "id": 20, "partId": 20, "index": 19, "dominantNormal": [0, -2.220446049250313e-16, 1], "obb": {"axesLengths": [0.8470796189418829, 0.7709850496578573, 0.8055843209350316], "centroid": [0.6952357798391602, 1.7149303017219644, -0.9529374941526914], "normalizedAxes": [0.19060851633548737, 0.9816661477088928, 2.1797367193629853e-16, 0, -2.220446049250313e-16, 1, 0.9816661477088928, -0.19060851633548737, -4.232359270505967e-17]}, "segments": [32724, 20000, 72627, 23938, 25947, 32771, 25061, 70857, 20044, 72732, 25030, 32792, 69535, 69520, 15340, 25370, 25924, 25970, 26294, 26360, 15101, 18821, 71131, 26285, 32574, 16623, 16625, 23683, 23667, 69546, 70563, 23742, 69550, 23689, 14944, 17560, 17563, 17593, 17973, 18011, 20074, 23562, 23679, 25458, 25956, 25974, 25988, 26031, 26230, 26243, 26250, 26282, 26304, 26305, 26312, 32200, 32201, 32520, 32576, 32803, 34260, 34282, 67594, 68509, 69529, 69539, 69555, 70980, 70981, 70982, 70984, 70986, 71133, 72549, 72598], "label": "table"}, {"objectId": 21, "id": 21, "partId": 21, "index": 20, "dominantNormal": [0, -2.220446049250313e-16, 1], "obb": {"axesLengths": [0.7651905430213888, 0.7513200472745285, 0.8084084006518345], "centroid": [1.2679460857431888, 2.2297259369516804, -0.9656599860863392], "normalizedAxes": [0.9465013742446899, -0.32269981503486633, -7.165375293879757e-17, 0, -2.220446049250313e-16, 1, -0.32269981503486633, -0.9465013742446899, -2.1016552370516138e-16]}, "segments": [59091, 87442, 21108, 70843, 70253, 68626, 70303, 26849, 28018], "label": "table"}, {"objectId": 22, "id": 22, "partId": 22, "index": 21, "dominantNormal": [0.6257927417755127, -0.7799893617630005, -1.7319242967839276e-16], "obb": {"axesLengths": [0.2490108952009936, 0.25212999614782644, 0.1879952243789951], "centroid": [0.5339672650732954, 1.712668226324301, -0.5285689880273718], "normalizedAxes": [0.7799894213676453, 0.6257927417755127, 1.3895390211249585e-16, 0, -2.220446049250313e-16, 1, 0.6257927417755127, -0.7799894213676453, -1.7319244291328257e-16]}, "segments": [15189, 15345, 67681, 34187, 15319, 15290, 15236, 15207, 15212, 15227, 15296, 67609, 15276, 15315, 67628, 67639], "label": "vase"}, {"objectId": 23, "id": 23, "partId": 23, "index": 22, "dominantNormal": [-0.17539741098880768, -0.9844977259635925, -2.1860240861117764e-16], "obb": {"axesLengths": [0.2543898283278348, 0.24328997187413312, 0.21467322290011964], "centroid": [1.026320090048392, 2.1773791795215938, -0.5316449750592196], "normalizedAxes": [0.9844977259635925, -0.17539741098880768, -3.8946048827883146e-17, 0, -2.220446049250313e-16, 1, -0.17539741098880768, -0.9844977259635925, -2.1860240861117764e-16]}, "segments": [23872, 20172, 20186, 23912, 20176, 23899, 24505, 68781, 68785, 69645, 23921, 20160, 68777], "label": "vase"}, {"objectId": 24, "id": 24, "partId": 24, "index": 23, "dominantNormal": [0.738813579082489, -0.6739098429679871, -1.4963804483691658e-16], "obb": {"axesLengths": [1.3653362655415362, 1.0358199841718376, 0.4905903791986616], "centroid": [-2.66254568186159, 0.38058915793200976, -0.8879099904467913], "normalizedAxes": [0.6739098429679871, 0.738813579082489, 1.6404956928061965e-16, 0, -2.220446049250313e-16, 1, 0.738813579082489, -0.6739098429679871, -1.4963804483691658e-16]}, "segments": [48166, 50230, 37359, 72038, 49106, 39301, 77566, 37772, 51068, 51426, 56429, 50725, 76825, 82693, 50711, 59231, 36500, 37511, 37549, 37637, 37719, 37774, 38663, 39318, 41289, 41307, 41351, 45562, 48469, 49204, 49327, 50817, 51100, 51647, 52168, 52693, 52790, 53386, 53531, 53599, 53632, 53781, 53965, 54180, 54375, 71998, 72036, 74307, 74309, 77442, 77458, 77755, 77829, 82862, 77621, 53456, 36566, 59301, 50562, 45620], "label": "shelf"}, {"objectId": 25, "id": 25, "partId": 25, "index": 24, "dominantNormal": [0.9751476645469666, -0.22155581414699554, -4.919527322111329e-17], "obb": {"axesLengths": [0.6484656020955957, 0.7250139551234104, 0.6314911203073375], "centroid": [0.27501356180505, 1.0654529093677974, -0.9596129459974257], "normalizedAxes": [0.22155582904815674, 0.9751476645469666, 2.1652627791789815e-16, 0, -2.220446049250313e-16, 1, 0.9751476645469666, -0.22155582904815674, -4.919527652983574e-17]}, "segments": [73125, 21773, 72589, 33674, 34072, 73256, 32883, 32960, 33031, 26049, 33016, 32981, 72767, 68523, 67559, 11398, 15093, 33675, 23064, 69376, 22978, 72821, 33067, 32897, 33054, 73084, 73069, 73065, 73054, 34035, 73079, 23001, 73259, 11377, 18264, 19208, 21787, 21808, 21815, 21838, 21842, 21887, 21894, 22996, 23026, 23052, 23099, 23167, 23193, 26069, 26076, 32460, 32886, 32890, 32963, 32991, 32993, 33720, 33723, 68961, 69438, 72812, 72818, 72820, 72829, 72833, 73017, 73048, 73050, 73057, 73060, 73070, 73075, 73082, 73090, 73092, 73184, 73187], "label": "chair"}, {"objectId": 26, "id": 26, "partId": 26, "index": 25, "dominantNormal": [0.8116399645805359, 0.5841580033302307, 1.297091330632562e-16], "obb": {"axesLengths": [0.5433071684634203, 0.6318440296088746, 0.5551309012833776], "centroid": [-0.22090661201918937, 1.4889180831795064, -0.91250799233076], "normalizedAxes": [0.8116399645805359, 0.5841579437255859, 1.297091198283664e-16, 0, -2.220446049250313e-16, 1, 0.5841579437255859, -0.8116399645805359, -1.802202752766515e-16]}, "segments": [20494, 69918, 42347, 69791, 69896, 19817, 68670, 18543, 69837, 21474, 68848, 11340, 22905, 73793, 68850, 19826, 68748, 68752, 21547, 21512, 18550, 19805, 19815, 19819, 19832, 20377, 20414, 21470, 24120, 24129, 24142, 24152, 68620, 68622, 68936, 69349, 69738, 69740, 69747, 69789, 69793, 69797, 73791, 75770], "label": "chair"}, {"objectId": 27, "id": 27, "partId": 27, "index": 26, "dominantNormal": [0.8950037360191345, -0.4460586905479431, -9.904492571609483e-17], "obb": {"axesLengths": [0.6944394918034578, 0.7475949954779068, 0.6172160406217541], "centroid": [0.42074953526735065, 2.0327895422524223, -0.9679324727222516], "normalizedAxes": [0.4460586905479431, 0.8950037360191345, 1.9873075097079574e-16, 0, -2.220446049250313e-16, 1, 0.8950037360191345, -0.4460586905479431, -9.904492571609483e-17]}, "segments": [70164, 70184, 24408, 24456, 15364, 67838, 11216, 15138, 14876, 15360, 15351, 70131, 24340, 69961, 24242, 69925, 69932, 24258, 15391, 15477, 67869, 15515, 15395, 67736, 15368, 15377, 67848, 67865, 15510, 67741, 67738, 15421, 14833, 14817, 69942, 69737, 69974, 14816, 14820, 14843, 14844, 14878, 14913, 14930, 15380, 15414, 15432, 15439, 15460, 15468, 15489, 15490, 15503, 15506, 18811, 18813, 20080, 23952, 24255, 24351, 24371, 67534, 67853, 67862, 67864, 68636, 69965, 69967, 69969, 69971, 70136, 18009], "label": "chair"}, {"objectId": 28, "id": 28, "partId": 28, "index": 27, "dominantNormal": [0, -2.220446049250313e-16, 1], "obb": {"axesLengths": [0.6030093774246044, 0.48512201416964773, 0.552918647361361], "centroid": [0.9546916160508196, 1.5362484009957313, -0.8474390037930235], "normalizedAxes": [0.3270440101623535, 0.9450091123580933, 2.0983417500410734e-16, 0, -2.220446049250313e-16, 1, 0.9450091123580933, -0.3270440101623535, -7.261835802959771e-17]}, "segments": [34146, 71097, 71054, 70535, 25171, 25147, 25130, 25106, 73267, 73291, 73304, 26122, 25274, 25207, 70479, 26186, 72965, 73010, 72602, 72969, 25303, 19576, 25870, 25183, 26127, 25263, 25103, 25122, 25132, 25141, 25151, 25177, 25179, 25193, 25196, 25199, 25229, 25265, 25269, 25270, 25294, 25785, 25848, 25851, 26209, 32524, 32560, 33176, 70455, 70457, 70485, 70489, 70491, 70495, 70541, 70544, 70547, 70550, 70818, 70890, 70895, 70950, 71023, 71093, 71120, 71124, 73005, 73271, 73274, 73301], "label": "chair"}, {"objectId": 29, "id": 29, "partId": 29, "index": 28, "dominantNormal": [-0.41578835248947144, -0.9094614386558533, -2.0194100584088954e-16], "obb": {"axesLengths": [0.6724358467941662, 0.7464780044597831, 0.5927548128607354], "centroid": [1.436884703560044, 2.0701138817538918, -0.9767609932997602], "normalizedAxes": [0.9094614386558533, -0.41578835248947144, -9.232356046095434e-17, 0, -2.220446049250313e-16, 1, -0.41578835248947144, -0.9094614386558533, -2.0194100584088954e-16]}, "segments": [89288, 71302, 30348, 26510, 73419, 26503, 89158, 26490, 26456, 26402, 71257, 34704, 26743, 89321, 69113, 22466, 69118, 22255, 26687, 71252, 18351, 21645, 26764, 71260, 71245, 26568, 26746, 26509, 34686, 28207, 18302, 34749, 60399, 71250, 26641, 60402, 60357, 26422, 71265, 18081, 18342, 18988, 19002, 19601, 22132, 22260, 23445, 23503, 23513, 23570, 26421, 26425, 26440, 26442, 26462, 26466, 26476, 26479, 26488, 26499, 26529, 26570, 26587, 26615, 26634, 26648, 26649, 26670, 26678, 60412, 68648, 68678, 68680, 69492, 69494, 69496, 69499, 69506, 71216, 71221, 71244, 71262, 71322, 71329, 71679, 73406, 73409, 73427, 89242, 21653, 21619, 71684, 23603], "label": "chair"}, {"objectId": 30, "id": 30, "partId": 30, "index": 29, "dominantNormal": [0.7917459607124329, 0.6108505129814148, 1.3563606082321096e-16], "obb": {"axesLengths": [0.7840533025544784, 0.730929954403714, 0.6413671365436868], "centroid": [1.0274020424333818, 2.36995881655913, -0.9754649797350545], "normalizedAxes": [-0.6108505129814148, 0.7917459607124329, 1.7580291904738151e-16, 0, -2.220446049250313e-16, 1, 0.7917459607124329, 0.6108505129814148, 1.3563606082321096e-16]}, "segments": [70438, 17352, 17276, 68438, 70740, 70768, 16327, 68419, 68378, 25584, 71335, 71632, 26951, 70342, 20100, 22278, 70390, 22369, 69227, 17446, 31007, 20728, 22399, 27972, 16310, 16361, 16364, 17224, 17236, 17253, 17277, 17286, 17307, 17436, 17445, 19068, 19078, 19239, 19242, 20761, 22188, 22243, 22295, 22331, 22333, 22359, 22365, 22383, 22393, 22397, 22413, 22488, 22517, 23453, 23536, 23538, 23543, 23596, 25501, 25531, 25601, 26927, 26958, 26964, 26972, 26978, 26987, 26990, 26992, 27818, 27960, 27961, 27982, 282