{"segGroups": [{"objectId": 24, "id": 24, "partId": 24, "index": 0, "dominantNormal": [0, -2.220446049250313e-16, 1], "obb": {"axesLengths": [1.7894436274938212, 0.20983102448662305, 0.3462826983670267], "centroid": [-3.458223513827571, -1.199189338762387, -0.574915572028631], "normalizedAxes": [0.9433730244636536, -0.3317338228225708, -7.365970562890807e-17, 0, -2.220446049250313e-16, 1, -0.3317338228225708, -0.9433730244636536, -2.0947089051396385e-16]}, "segments": [51086, 79473, 79440, 51322, 52241, 11842, 41022, 79978], "label": "kitchen counter"}, {"objectId": 25, "id": 25, "partId": 25, "index": 1, "dominantNormal": [-0.39309751987457275, -0.9194967746734619, -2.0416929806220938e-16], "obb": {"axesLengths": [2.221534581601377, 0.9999999776482583, 0.4025635941096151], "centroid": [-3.643984107523473, -1.1849299311199255, -0.1100000833291539], "normalizedAxes": [0.9194967746734619, -0.39309754967689514, -8.728519011500405e-17, 0, -2.220446049250313e-16, 1, -0.39309754967689514, -0.9194967746734619, -2.0416929806220938e-16]}, "segments": [56844, 75098, 17052, 30967, 65172], "label": "wall"}, {"objectId": 26, "id": 26, "partId": 26, "index": 2, "dominantNormal": [0, -2.220446049250313e-16, 1], "obb": {"axesLengths": [2.1910854648291127, 0.12000000208616246, 0.4372785189032897], "centroid": [-3.627743088925783, -1.1262635736193938, 0.36999992501549617], "normalizedAxes": [0.9434918165206909, -0.3313958942890167, -7.358467042118216e-17, 0, -2.220446049250313e-16, 1, -0.3313958942890167, -0.9434918165206909, -2.0949726764933694e-16]}, "segments": [50612, 52024, 32667, 83433, 3872], "label": "ceiling"}, {"objectId": 27, "id": 27, "partId": 27, "index": 3, "dominantNormal": [-0.28281500935554504, -0.9591744542121887, -2.1297951273972798e-16], "obb": {"axesLengths": [0.8833821082747346, 0.35999997645616566, 0.339378412565394], "centroid": [-4.238433817223813, -0.9386606302933804, -0.4500000644046793], "normalizedAxes": [0.9591744542121887, -0.28281500935554504, -6.279754701922103e-17, 0, -2.220446049250313e-16, 1, -0.28281500935554504, -0.9591744542121887, -2.1297951273972798e-16]}, "segments": [3989, 65054, 18282, 17782, 24128, 4275], "label": "microwave"}, {"objectId": 28, "id": 28, "partId": 28, "index": 4, "dominantNormal": [0, -2.220446049250313e-16, 1], "obb": {"axesLengths": [0.6145465910369506, 0.27999999493360517, 0.36497084128354873], "centroid": [-3.506642778280038, -1.1790431146797071, -0.43000005412287834], "normalizedAxes": [0.9243334531784058, -0.3815856873989105, -8.472904320353758e-17, 0, -2.220446049250313e-16, 1, -0.3815856873989105, -0.9243334531784058, -2.0524325642998903e-16]}, "segments": [51220, 79865, 51153, 79889, 51205], "label": "microwave"}, {"objectId": 29, "id": 29, "partId": 29, "index": 5, "dominantNormal": [0, -2.220446049250313e-16, 1], "obb": {"axesLengths": [5.34823563868447, 0.6823900785507986, 1.7135873046040153], "centroid": [-2.2757731264011953, -0.8175048937944402, 1.3911948966396244], "normalizedAxes": [0.887688398361206, -0.46044468879699707, -1.022392590137582e-16, 0, -2.220446049250313e-16, 1, -0.46044468879699707, -0.887688398361206, -1.971064197106478e-16]}, "segments": [31632, 70398, 70958, 14742, 29119, 28998, 27080, 31624, 69804, 31716, 10648, 30113, 39925, 32114, 32432, 52352, 70905, 20462, 43549, 7910, 53517, 42441, 80325, 34815, 36893, 42475, 13229, 43425, 49995, 38591, 39798, 41680, 43850, 29240], "label": "ceiling"}, {"objectId": 32, "id": 32, "partId": 32, "index": 6, "dominantNormal": [0.9626908302307129, -0.27060365676879883, -6.008608205849671e-17], "obb": {"axesLengths": [0.7900977087567109, 0.7185370165436632, 0.46729484879790134], "centroid": [-1.1489932211355631, 0.6506015522675352, -1.05849154605549], "normalizedAxes": [0.27060365676879883, 0.9626908302307129, 2.1376030506352903e-16, 0, -2.220446049250313e-16, 1, 0.9626908302307129, -0.27060365676879883, -6.008608205849671e-17]}, "segments": [18053, 37368, 15959, 18061, 21033, 21037, 21068, 21073, 21077, 21101, 21110, 21927, 21949, 21963, 37280, 37292, 37298, 37324, 37338, 37345, 37346, 37410, 37415, 68518, 68524, 68525, 68570, 73912, 73934, 73944, 70671, 37282, 68533, 70741, 73972, 70823, 15255, 15411, 15428, 34595, 67794, 72866, 21146, 21916, 28799, 70736, 70826, 70829, 18038, 68190, 15512, 18048, 17250, 15587, 17157, 15581, 67842, 21945], "label": "chair"}, {"objectId": 33, "id": 33, "partId": 33, "index": 7, "dominantNormal": [0.7370346188545227, -0.6758549809455872, -1.5006995223067746e-16], "obb": {"axesLengths": [0.6115723792973914, 0.6995419703526351, 0.4668653624199936], "centroid": [-1.3735088761966225, 0.32802658303559434, -1.071129041767588], "normalizedAxes": [0.6758549809455872, 0.7370346188545227, 1.6365456075962353e-16, 0, -2.220446049250313e-16, 1, 0.7370346188545227, -0.6758549809455872, -1.5006995223067746e-16]}, "segments": [35299, 36118, 34185, 34229, 34232, 34268, 34272, 34273, 72801, 73581, 34284, 34285, 36214, 73662, 73666, 73688, 36222, 73094, 73707, 73658, 73587, 14967, 14972, 15058, 15420, 15441, 15546, 32653, 34196, 35155, 35182, 35207, 35216, 35221, 35228, 35242, 35253, 35262, 35277, 35297, 35320, 36176, 36227, 36248, 73018, 73033, 73036, 73130, 73132, 73137, 73670, 73714, 15542, 16627, 15507, 17102, 17260, 35276], "label": "chair"}, {"objectId": 34, "id": 34, "partId": 34, "index": 8, "dominantNormal": [0, -2.220446049250313e-16, 1], "obb": {"axesLengths": [0.8976254935874921, 0.7711800164465599, 0.812511370183848], "centroid": [-0.4254969588558979, 2.3704887852130914, -1.0355900413355215], "normalizedAxes": [0.8121610283851624, 0.5834333300590515, 1.2954822327305749e-16, 0, -2.220446049250313e-16, 1, 0.5834333300590515, -0.8121610283851624, -1.8033597468329051e-16]}, "segments": [42811, 32909, 37031, 42752, 43185, 44337, 44350, 44368, 44534, 71916, 73846, 73849, 73852, 73855, 76359, 76986, 77004, 77005, 77008, 77142, 77152, 71881, 32707, 32747, 32752, 32755, 32774, 32790, 32792, 32803, 37098, 43089, 43103, 43120, 44317, 44507, 71848, 71850, 71853, 71861, 71876, 71918, 73878, 76317, 77072, 44394, 44373, 32885, 32723, 77108, 37128, 76272, 23809, 23994, 24792, 26176, 37116, 42749, 42769, 42808, 42809, 42876, 43082, 43100, 43145, 69721, 76136, 76255, 76284, 81425, 81441, 84860, 18232, 18220, 27027, 16278, 16336, 16446, 18241, 18275, 18284, 18293, 18315, 19909, 20024, 20040, 20041, 20042, 20076, 20077, 26021, 26440, 26494, 26504, 26546, 26547, 26551, 27350, 33918, 42791, 42829, 42831, 42853, 42984, 42985, 42992, 42995, 43013, 43134, 43140, 43183, 43207, 43750, 43754, 43755, 43803, 43806, 44382, 44386, 44424, 69650, 69772, 69781, 69866, 69870, 73871, 76118, 76290, 76443, 76790, 76794, 76920, 76928, 76930, 76989, 84674], "label": "chair"}, {"objectId": 1, "id": 1, "partId": 1, "index": 9, "dominantNormal": [0, -2.220446049250313e-16, 1], "obb": {"axesLengths": [7.895330838945757, 0.6999999724328527, 6.065679497801545], "centroid": [-1.5864899843741391, 0.01624502724841448, -1.2800000440645944], "normalizedAxes": [-0.6090017557144165, 0.7931689023971558, 1.7611887557159717e-16, 0, -2.220446049250313e-16, 1, 0.7931689023971558, 0.6090017557144165, 1.3522555424625804e-16]}, "segments": [28228, 20985, 27586, 25646, 81997, 2582, 3612, 3755, 3827, 3834, 3835, 3846, 7136, 8220, 8313, 8317, 8331, 8335, 8382, 8383, 8387, 8392, 8446, 8447, 8466, 8467, 8472, 8539, 8549, 8562, 8566, 8578, 8632, 8660, 8663, 8664, 8671, 8675, 9476, 9536, 9550, 9609, 9619, 9642, 9670, 9723, 9728, 9782, 9817, 9827, 9922, 9930, 9931, 9947, 9969, 9973, 10546, 10657, 10739, 10742, 10834, 10932, 11052, 11070, 11083, 11102, 11227, 11251, 11297, 11392, 11457, 11773, 13470, 15093, 15243, 15432, 16867, 16875, 16884, 16891, 16901, 16905, 16909, 16914, 16936, 16957, 16988, 17013, 17029, 17037, 17531, 22455, 22495, 23259, 23264, 23329, 23353, 23366, 23372, 23383, 23398, 23402, 23430, 23434, 23444, 23452, 23469, 23472, 23485, 23496, 23506, 23511, 23517, 23518, 23530, 23543, 23748, 23751, 24419, 24541, 24585, 24618, 26874, 26878, 27364, 27387, 27454, 27457, 27460, 27472, 27473, 27479, 27481, 27509, 27511, 27515, 27520, 27539, 27546, 29027, 29128, 30437, 31664, 35361, 36416, 36958, 37009, 37020, 37052, 41691, 42154, 42179, 42253, 42266, 42490, 42520, 42532, 42533, 42926, 42957, 43354, 46652, 51542, 51703, 52747, 52748, 53383, 53406, 53664, 65974, 65977, 66463, 66467, 66468, 66479, 66485, 66488, 66491, 66613, 66621, 66623, 66628, 66696, 66699, 66714, 66716, 66721, 67835, 68008, 68012, 68015, 68019, 68924, 68937, 68944, 68947, 69175, 69178, 69872, 69888, 69897, 69900, 69917, 69929, 75821, 75831, 76287, 82396, 23765, 46591, 48979, 5400, 32540, 82792, 75, 83, 89, 99, 180, 230, 232, 290, 314, 318, 341, 351, 359, 367, 389, 434, 467, 476, 490, 506, 520, 529, 575, 601, 627, 628, 696, 731, 750, 799, 804, 922, 929, 934, 968, 1003, 1024, 1076, 1122, 1129, 1258, 1289, 1308, 1340, 1368, 1377, 1418, 1429, 1569, 1574, 1658, 1703, 1764, 1774, 1787, 1862, 2249, 2252, 2253, 2876, 3278, 3479, 3512, 3558, 3588, 3593, 3608, 3666, 3699, 3784, 4067, 4657, 4664, 4668, 4684, 4700, 4718, 4938, 4995, 5005, 5031, 5052, 5147, 5208, 5332, 5357, 5815, 5820, 5826, 5904, 6163, 6166, 6173, 6199, 6202, 6217, 6225, 6246, 6265, 6266, 6271, 6279, 6282, 6295, 6300, 6311, 6364, 6380, 6397, 6415, 6586, 7061, 7789, 9094, 9123, 9537, 9539, 10718, 11181, 13546, 13663, 13666, 15583, 15762, 15925, 15926, 16136, 16570, 16579, 16590, 16591, 16718, 16726, 17287, 17591, 17603, 17617, 17651, 17672, 17685, 17694, 17719, 17756, 17795, 17803, 17832, 17836, 17845, 17850, 17882, 17926, 17931, 17951, 17962, 17971, 17974, 18527, 18534, 18549, 18786, 19195, 19252, 19285, 19298, 19301, 19325, 19339, 19351, 19354, 19362, 19365, 19388, 19428, 19435, 19772, 19788, 20092, 20104, 20113, 20604, 20611, 20633, 20638, 20691, 20693, 20707, 20710, 20717, 20720, 21663, 22402, 22537, 22544, 22569, 22575, 22612, 22613, 22625, 22627, 22631, 22632, 22648, 22685, 22884, 22898, 23563, 23564, 23574, 23587, 23593, 27210, 29142, 29144, 29165, 30365, 30373, 30384, 30442, 30454, 30456, 30487, 30494, 31261, 31300, 31311, 31314, 31326, 31346, 32407, 32411, 32417, 32441, 32442, 32482, 32487, 32504, 32514, 32551, 32613, 32630, 32639, 33197, 34144, 34390, 34392, 34415, 34416, 34427, 34473, 34966, 35061, 35670, 36277, 36330, 36352, 36563, 36597, 36641, 36683, 36703, 36710, 36999, 37134, 37137, 37906, 37925, 38155, 38163, 38168, 41133, 41886, 41946, 41954, 41967, 41969, 42143, 42672, 42706, 42707, 42708, 42737, 42765, 43675, 43958, 46043, 46079, 46120, 46144, 46147, 47625, 49003, 49135, 49144, 49156, 49205, 52521, 52572, 52598, 52620, 52621, 52625, 52626, 52636, 52642, 52651, 52661, 52672, 52697, 52715, 52724, 52738, 53333, 53412, 53427, 53430, 53867, 54027, 54078, 54340, 54429, 54434, 54435, 54442, 54485, 54488, 54499, 54503, 54514, 54522, 54556, 54580, 54591, 54595, 54604, 54607, 54612, 54621, 54629, 54651, 54660, 54670, 54725, 54749, 54786, 54793, 54795, 54801, 54822, 54826, 54849, 54853, 54876, 54891, 54916, 54938, 55320, 56220, 56231, 56234, 56242, 56255, 56263, 58481, 58507, 58540, 64896, 64899, 64905, 64917, 64922, 64950, 64952, 64956, 64963, 64984, 64997, 65001, 65017, 65299, 65303, 65306, 65310, 65318, 65324, 65327, 65340, 65344, 65347, 65348, 65357, 65359, 65392, 65401, 65494, 65773, 65785, 65812, 65893, 65896, 65898, 65904, 66007, 66013, 66017, 66023, 66035, 66188, 66461, 66707, 67158, 67171, 67218, 67221, 67848, 67850, 67852, 67856, 67991, 68037, 68054, 68140, 68142, 68151, 68155, 68158, 68164, 68166, 68174, 68283, 68326, 68343, 68365, 68394, 68468, 68476, 68487, 68495, 68664, 68683, 68835, 68839, 68849, 68857, 68859, 68970, 68975, 69042, 69118, 69998, 71197, 71203, 71209, 71422, 71425, 71763, 71766, 71770, 71833, 71846, 72756, 72758, 72760, 72762, 72835, 72838, 74471, 75790, 75795, 75796, 75827, 76132, 76145, 77658, 77666, 77670, 77676, 77679, 78467, 79157, 79426, 79519, 79521, 80104, 80108, 80187, 80226, 80266, 80268, 80272, 81152, 81155, 81167, 81177, 81187, 81227, 81232, 81241, 81266, 81276, 81289, 81294, 82271, 82514, 82657, 83588, 83628, 83632, 83635, 83637, 83682, 83722, 83778, 84639, 84644, 81597, 3037, 2014, 20649, 68607, 19479, 17806, 11712, 51874, 51992, 79860, 68896, 22378, 11716, 19336, 51979, 19274, 52034, 52052, 79795, 23201, 68907, 79703, 51845, 22419, 3455, 3497, 3475, 49893, 79005], "label": "floor"}, {"objectId": 2, "id": 2, "partId": 2, "index": 10, "dominantNormal": [0.93752121925354, -0.3479280173778534, -7.725553916101488e-17], "obb": {"axesLengths": [4.467333073314469, 3.263490007888747, 1.228666795578786], "centroid": [-3.596594435838735, 1.4650921423874554, 0.18174491718795371], "normalizedAxes": [0.3479280173778534, 0.93752121925354, 2.0817152873798595e-16, 0, -2.220446049250313e-16, 1, 0.93752121925354, -0.3479280173778534, -7.725553916101488e-17]}, "segments": [2210, 114, 2453, 60780, 29945, 29504, 27893, 25764, 60150, 4060, 4062, 4363, 4420, 4436, 20743, 22301, 24060, 24063, 24734, 24810, 24888, 26023, 26666, 26782, 27157, 29899, 30623, 30866, 34135, 34136, 50053, 50127, 50228, 50379, 53326, 54248, 54264, 55035, 55070, 55082, 55098, 55101, 55103, 55109, 55130, 55154, 55157, 55159, 55167, 55190, 55196, 55232, 55235, 55244, 55248, 55253, 55254, 55261, 55270, 55295, 55302, 55309, 55327, 55356, 55369, 55374, 55467, 55507, 55514, 55517, 56695, 56784, 56862, 56891, 56895, 56907, 56912, 56915, 56937, 57677, 57685, 57694, 57846, 57947, 57952, 57967, 58003, 58032, 58089, 58133, 58181, 58209, 58275, 58362, 58390, 58997, 59038, 59143, 59188, 59339, 59371, 59707, 59747, 59813, 59816, 59826, 59832, 59833, 59934, 60060, 60149, 60437, 60821, 61157, 61207, 61216, 61276, 61280, 61333, 61335, 61342, 61361, 61366, 61388, 61397, 61429, 61437, 61557, 61683, 61706, 61826, 61844, 61944, 62386, 62788, 62872, 63059, 63249, 63389, 63416, 63422, 63482, 63496, 63532, 63540, 63597, 63615, 63618, 63639, 63664, 63668, 63689, 63692, 63709, 63733, 63746, 64259, 64269, 64292, 64298, 64358, 64526, 64632, 68689, 68691, 68694, 68941, 71213, 81308, 81313, 81322, 81324, 81333, 81343, 81352, 82918, 82928, 82975, 83018, 83038, 83042, 83053, 83435, 83442, 83449, 84624, 84677, 84846, 84849, 84854, 85692, 85711, 85727, 85909, 86141, 86144, 87416, 87664, 87704, 87705, 82964, 55579, 58348, 58337, 59502, 61553, 64576, 55542, 56340, 56124, 8130, 7906, 7926, 7927, 8000, 14721, 27167, 41327, 55732, 56673, 56680, 56728, 56794, 56795, 56809, 56817, 56822, 56827, 56851, 56854, 56859, 56901, 57748, 57772, 57864, 57985, 58023, 58892, 59902, 59905, 60079, 60097, 60172, 60187, 61463, 61538, 61568, 61570, 61675, 61804, 61837, 61858, 63606, 64349, 64482, 64535, 64580, 64597, 64608, 64657, 66683, 70481, 70971, 70980, 74224, 74939, 74980, 74983, 81238, 82894, 82898, 82903, 82916, 82922, 83437, 84649, 84852, 84856, 84870, 84871, 84888, 85630, 85694, 85700, 85702, 85709, 86992, 87008, 54754, 55328, 2523, 28156, 22238], "label": "wall"}, {"objectId": 3, "id": 3, "partId": 3, "index": 11, "dominantNormal": [-0.3540274500846863, 0.9352350234985352, 2.076638913047846e-16], "obb": {"axesLengths": [0.3945553664838359, 0.6484599564568706, 0.46920575710507656], "centroid": [-4.696810401347089, -0.29350248028808545, -1.1342300339904412], "normalizedAxes": [-0.35402747988700867, 0.9352350234985352, 2.076638913047846e-16, 0, -2.220446049250313e-16, 1, 0.9352350234985352, 0.35402747988700867, 7.860989190411531e-17]}, "segments": [1907, 22, 30, 307, 1848, 4734], "label": "garbage bin"}, {"objectId": 4, "id": 4, "partId": 4, "index": 12, "dominantNormal": [-0.3533303737640381, -0.9354985952377319, -2.0772241598748396e-16], "obb": {"axesLengths": [6.612623265705247, 2.9093100374346204, 0.86218326510491], "centroid": [-1.7508748123050033, -1.3506837515308763, -0.0046550749263523095], "normalizedAxes": [0.9354985952377319, -0.3533304035663605, -7.845510986789438e-17, 0, -2.220446049250313e-16, 1, -0.3533304035663605, -0.9354985952377319, -2.0772241598748396e-16]}, "segments": [50983, 45010, 39569, 49880, 47593, 49237, 205, 413, 1899, 21152, 21159, 21990, 21994, 22011, 22026, 25251, 25283, 25303, 25312, 25313, 25388, 25423, 25465, 25475, 25478, 25488, 25499, 25510, 25544, 25545, 25552, 25713, 25731, 25746, 25762, 28946, 32843, 33180, 34751, 34775, 34781, 34800, 34812, 35341, 36489, 37186, 37442, 37488, 38577, 39123, 39138, 39143, 39145, 39156, 39162, 39175, 39178, 39205, 39213, 39216, 39221, 39231, 39239, 39256, 39287, 39294, 39411, 40011, 40022, 40034, 40112, 44044, 44050, 45533, 47996, 48359, 48496, 49378, 50003, 50722, 50936, 50981, 51310, 52366, 52374, 52382, 53464, 53542, 59586, 68579, 69452, 69455, 69457, 69459, 69461, 69466, 69473, 69475, 69496, 69509, 69548, 69549, 73729, 73743, 74566, 74571, 74573, 74584, 74589, 74591, 74607, 74612, 74640, 84622, 45582, 4632, 49243, 44, 268, 360, 372, 2843, 3556, 6939, 6969, 6974, 6975, 9451, 9492, 15172, 15184, 15217, 15340, 15347, 15352, 15405, 20483, 21154, 28119, 28136, 31253, 31274, 35075, 35160, 35239, 36535, 38400, 43797, 43810, 46630, 46812, 47074, 47628, 65464, 65816, 66150, 66154, 66168, 67763, 67768, 67805, 70346, 75125, 41003, 17471, 1833, 45713], "label": "wall"}, {"objectId": 5, "id": 5, "partId": 5, "index": 13, "dominantNormal": [0, -2.220446049250313e-16, 1], "obb": {"axesLengths": [1.4928842808257767, 0.7599999138712902, 1.2693259225091116], "centroid": [0.04752251071206781, -1.603575039892979, -1.050000030132009], "normalizedAxes": [-0.14914706349372864, 0.9888150095939636, 2.195610381492327e-16, 0, -2.220446049250313e-16, 1, 0.9888150095939636, 0.14914706349372864, 3.3117300789193535e-17]}, "segments": [48745, 47686, 45984, 45915, 11169, 6786, 9347, 9354, 9364, 9367, 9377, 9379, 9383, 9395, 9408, 9411, 9442, 9464, 10135, 45932, 45947, 45965, 45976, 45979, 45982, 46353, 46354, 46372, 46378, 46433, 46441, 46455, 46467, 46491, 46494, 46501, 46508, 46510, 46524, 46568, 46871, 47472, 47757, 47798, 48694, 48710, 48762, 49266, 49281, 49350, 66502, 66505, 66544, 66546, 66599, 66604, 77594, 77598, 77613, 77615, 77622, 77752, 77759, 77765, 77875, 77895, 77919, 77924, 78955, 78960, 10006, 8716, 78416, 34662, 38016, 38091, 38148, 46662, 47521, 47622, 48519, 48527, 48629, 48955, 49248, 49294, 49326, 74348, 74352, 74356, 78072, 78422, 78438], "label": "table"}, {"objectId": 6, "id": 6, "partId": 6, "index": 14, "dominantNormal": [-0.3614269196987152, -0.9324004650115967, -2.0703449288541546e-16], "obb": {"axesLengths": [1.9084501898014328, 1.279999927878381, 0.096335770063171], "centroid": [-1.0073188590009012, -1.8569053562240292, 0.5299998955111977], "normalizedAxes": [0.9324004650115967, -0.3614268898963928, -8.025289097632733e-17, 0, -2.220446049250313e-16, 1, -0.3614268898963928, -0.9324004650115967, -2.0703449288541546e-16]}, "segments": [50916, 44724, 50767, 47268, 28057, 45167, 45212, 50885, 53627, 45729], "label": "pictures"}, {"objectId": 7, "id": 7, "partId": 7, "index": 15, "dominantNormal": [0, -2.220446049250313e-16, 1], "obb": {"axesLengths": [3.6406326525014903, 0.6862750496057786, 0.9385715604091266], "centroid": [-2.5133375560491027, 1.53481122241574, -0.9868625598673689], "normalizedAxes": [0.3596135675907135, 0.9331012964248657, 2.0719010871969384e-16, 0, -2.220446049250313e-16, 1, 0.9331012964248657, -0.3596135675907135, -7.985025254136102e-17]}, "segments": [27986, 7827, 7828, 10152, 10161, 10164, 20164, 40410, 40415, 66414, 66416, 74203, 75144, 75668, 38242, 1077, 11648, 11672, 13259, 20211, 25071, 28001, 28011, 37796, 37826, 37830, 38216, 40419, 40426, 41321, 41349, 41378, 74404, 74409, 74919, 75439, 75441, 75480, 80422, 80470, 10248, 2597, 7844, 12983, 38971, 67667, 70191, 53145, 53415, 22104], "label": "table"}, {"objectId": 8, "id": 8, "partId": 8, "index": 16, "dominantNormal": [0, -2.220446049250313e-16, 1], "obb": {"axesLengths": [3.031798218291903, 0.33394902198130516, 0.924191371237701], "centroid": [-0.7385914279117641, 1.1901056015378026, -0.8169745441028944], "normalizedAxes": [0.3307744264602661, 0.9437098503112793, 2.0954568087622845e-16, 0, -2.220446049250313e-16, 1, 0.9437098503112793, -0.3307744264602661, -7.344667684267361e-17]}, "segments": [20828, 43408, 25815, 26502, 26553, 26557, 26566, 26569, 69787, 76972, 70783, 37545, 72770, 33470, 33493, 44011, 40532, 44957, 76563, 27737, 44310, 43014, 43063], "label": "table"}, {"objectId": 9, "id": 9, "partId": 9, "index": 17, "dominantNormal": [-0.3258723318576813, -0.9454137682914734, -2.099240266709653e-16], "obb": {"axesLengths": [4.396672408936787, 2.4800499123323716, 0.8255471291315108], "centroid": [-1.271383720755118, 3.1885031389264564, -0.22959507186312011], "normalizedAxes": [0.9454137682914734, -0.3258723318576813, -7.235819318333753e-17, 0, -2.220446049250313e-16, 1, -0.3258723318576813, -0.9454137682914734, -2.099240266709653e-16]}, "segments": [56098, 57648, 55693, 59319, 60415, 60839, 85073, 62357, 85145, 62557, 62546, 85296, 63069, 63123, 63695, 85539, 63820, 63368, 64041, 63593, 61172, 52515, 80402, 52874, 4010, 52917, 22139, 4820, 34469, 36314, 76104, 41931, 22125, 23991, 24046, 24957, 24969, 24972, 25022, 25029, 25041, 33889, 33893, 34367, 34429, 34495, 34508, 34681, 36295, 36300, 36304, 36346, 37221, 39539, 39547, 41835, 41855, 41856, 41862, 41874, 41948, 42106, 42384, 42390, 42392, 42428, 42991, 43006, 43022, 43028, 43096, 44048, 44068, 44083, 44094, 44107, 44134, 44141, 44147, 44159, 44163, 44170, 44171, 44177, 44186, 44188, 44197, 44211, 47157, 47159, 52443, 52500, 52786, 52806, 52867, 52880, 52899, 53151, 53628, 55599, 55635, 55638, 55644, 55665, 55684, 55699, 55733, 55793, 55797, 55803, 55813, 55851, 55878, 55883, 55905, 55906, 55937, 55938, 55942, 55980, 56109, 56130, 56134, 56296, 56309, 56332, 56333, 56338, 56344, 56346, 56393, 56410, 56432, 56441, 56479, 56487, 56489, 56511, 56512, 56521, 56541, 56570, 56611, 56614, 56616, 56629, 56991, 57008, 57011, 57028, 57075, 57076, 57111, 57129, 57133, 57140, 57141, 57154, 57155, 57165, 57196, 57200, 57207, 57214, 57259, 57269, 57271, 57355, 57376, 57401, 57430, 57437, 57489, 57521, 57543, 57566, 58458, 58780, 58809, 58829, 58865, 58884, 58916, 58926, 58963, 58971, 58973, 58999, 59000, 59003, 59020, 59031, 59065, 59196, 59214, 59239, 59261, 59292, 59304, 59365, 59512, 59528, 60220, 60229, 60235, 60242, 60248, 60250, 60274, 60278, 60300, 60316, 60334, 60336, 60384, 60394, 60480, 60508, 60629, 60707, 60721, 60726, 60766, 60784, 60788, 60817, 60835, 60922, 61000, 61890, 61897, 61914, 61917, 61934, 61935, 61958, 61961, 61973, 61977, 62015, 62019, 62059, 62075, 62080, 62098, 62125, 62132, 62162, 62164, 62183, 62251, 62340, 62341, 62356, 62410, 62433, 62444, 62447, 62448, 62460, 62510, 62531, 62563, 62566, 62571, 62590, 62596, 62622, 62630, 62633, 62652, 62661, 62670, 62706, 62709, 62711, 62720, 62723, 62727, 62738, 62739, 62747, 62763, 62777, 62814, 62846, 62853, 62857, 62880, 62892, 62902, 62928, 62929, 62938, 62956, 62971, 62983, 62988, 62991, 63001, 63030, 63041, 63052, 63099, 63100, 63143, 63194, 63200, 63225, 63282, 63312, 63322, 63336, 63354, 63767, 63775, 63808, 63868, 63927, 63929, 63946, 63963, 63969, 63975, 63990, 64005, 64012, 64030, 64312, 64467, 64583, 64638, 64824, 69134, 69145, 69148, 69244, 72831, 72836, 73718, 75782, 75800, 75803, 75805, 76107, 76110, 76874, 76881, 76885, 76887, 79399, 80359, 80363, 80366, 80386, 81357, 81359, 81362, 81366, 81368, 81371, 81373, 81388, 81392, 81394, 81401, 81407, 81409, 81411, 81465, 81467, 81474, 81475, 81477, 81488, 81495, 82880, 82882, 82885, 83056, 83058, 83168, 83169, 83173, 83182, 83185, 83186, 83191, 83196, 83206, 83207, 83232, 83234, 83259, 83262, 83379, 83409, 83416, 83771, 83773, 83810, 83812, 83847, 83861, 83879, 83886, 83932, 84750, 84754, 84758, 84839, 84913, 84963, 84989, 84992, 84993, 84999, 85004, 85011, 85084, 85086, 85089, 85104, 85106, 85109, 85114, 85116, 85121, 85123, 85275, 85429, 85470, 85543, 85574, 85904, 87157, 6255, 76060, 42091, 34312, 34322, 34365, 34394, 42072, 55719, 55734, 55765, 55968, 55971, 55973, 56374, 56700, 58989, 59042, 59179, 60401, 61888, 61967, 62003, 83065, 83104, 87222, 32349, 71742, 71712, 32237, 71684, 26631, 26607, 8062, 33333, 26673, 8154, 8169, 12080, 12083, 12122, 26658, 26660, 26665, 26695, 26741, 26773, 26790, 31453, 31461, 31469, 31471, 31473, 31489, 31518, 31527, 31709, 31739, 31796, 31835, 31884, 31928, 31939, 31957, 32001, 32010, 32175, 32183, 32188, 32191, 32211, 32275, 32322, 32328, 32363, 33324, 33344, 33358, 33377, 33758, 33772, 33778, 33868, 69798, 69800, 71428, 71430, 71432, 71436, 71442, 71450, 71453, 71456, 71467, 71497, 71511, 71514, 71524, 71629, 71647, 71664, 71674, 72036, 72388, 72400, 72438, 72445, 72454, 72491, 76816, 12089, 33819, 72441, 72452, 79650, 32123, 79583, 33860, 43901, 43903, 23075, 24264, 23013, 67948, 16221, 79677, 83747, 24082, 84664, 6407, 5436, 80739, 52666, 80196, 69102, 1582, 83665, 1134, 1701, 1768, 23612, 17670, 17724, 237, 68131, 253, 3664, 22668, 22675, 22604, 68822, 68845, 64975, 68667, 1405, 68749, 508, 83690, 58758, 58505, 58479, 590, 702, 83678, 83620, 58545, 720, 785, 729, 58565, 64987, 1172, 1815, 1699, 69123, 83730, 83672, 58661, 58500, 1400, 65008, 638, 64993, 1246, 22515, 68865, 22585, 22683, 64972, 346, 17584, 296, 22522, 83595, 1190, 64970, 58552], "label": "window"}, {"objectId": 10, "id": 10, "partId": 10, "index": 18, "dominantNormal": [0.2817833721637726, -0.9594780206680298, -2.130469180334837e-16], "obb": {"axesLengths": [0.6672133914691022, 0.7768800084990257, 0.6652631604303322], "centroid": [-2.815977019906467, 0.05655666661043024, -1.0281200893960118], "normalizedAxes": [0.9594780802726746, 0.2817833721637726, 6.256847754654795e-17, 0, -2.220446049250313e-16, 1, 0.2817833721637726, -0.9594780802726746, -2.130469312683735e-16]}, "segments": [67329, 14081, 12625, 12661, 12667, 12842, 14031, 14060, 66965, 66967, 67423, 67476, 67517, 37886, 37930, 74285, 37942, 13519, 68200, 14331, 12145, 12601, 12638, 12679, 12687, 12696, 12705, 12759, 12770, 12776, 12819, 12849, 12860, 13265, 13293, 13300, 13344, 13394, 13503, 13531, 13742, 14015, 14044, 14069, 14120, 14136, 18636, 37954, 66963, 66972, 66978, 67277, 67290, 67316, 67442, 67459, 67506, 67535, 67538, 67541, 67563, 74325], "label": "chair"}, {"objectId": 11, "id": 11, "partId": 11, "index": 19, "dominantNormal": [0.38746020197868347, -0.9218864440917969, -2.04699911264105e-16], "obb": {"axesLengths": [0.6820663649721451, 0.5400000689923745, 0.52874421313981], "centroid": [-2.641738585777839, 0.48988756643093156, -0.9200000676084287], "normalizedAxes": [0.9218864440917969, 0.38746020197868347, 8.60334474725296e-17, 0, -2.220446049250313e-16, 1, 0.38746020197868347, -0.9218864440917969, -2.04699911264105e-16]}, "segments": [15629, 27945, 12252, 12260, 14296, 14322, 14418, 14622, 14657, 17416, 17418, 17421, 38887, 38891, 38903, 67568, 67725, 67747, 70141, 70144, 74511, 14343, 27962, 70319, 14307, 12360, 12233, 12238, 12239, 12243, 12273, 12289, 12291, 12297, 12302, 12322, 12330, 12343, 12346, 13279, 13320, 14312, 14430, 14436, 14438, 14464, 14470, 14530, 14533, 14536, 14537, 14566, 14615, 14639, 14642, 38997, 66975, 67096, 67615, 67618, 67620, 67645, 67661, 12758], "label": "chair"}, {"objectId": 12, "id": 12, "partId": 12, "index": 20, "dominantNormal": [0.8935397863388062, -0.4489840567111969, -9.969448749007557e-17], "obb": {"axesLengths": [0.5023794865187523, 0.4032920508840965, 0.32963666034014844], "centroid": [-2.3992569550641516, 1.0193593888925507, -0.8796740692498364], "normalizedAxes": [0.4489840567111969, 0.8935397863388062, 1.984056888423971e-16, 0, -2.220446049250313e-16, 1, 0.8935397863388062, -0.4489840567111969, -9.969448749007557e-17]}, "segments": [41605, 17408, 41650, 71233, 75778, 68124, 16797, 30518, 71224, 17396, 39062, 41549, 75697, 17315, 17317, 38942, 38977, 38978, 39007, 39013, 39018, 39023, 39025, 41560, 41577, 74522, 74525, 75562, 75565, 75567, 75619, 75623, 75628, 75685, 75689, 75692, 75694], "label": "chair"}, {"objectId": 13, "id": 13, "partId": 13, "index": 21, "dominantNormal": [0.8969323635101318, -0.4421677887439728, -9.818097196223014e-17], "obb": {"axesLengths": [0.596044271136369, 0.6243259767221067, 0.6687227526171797], "centroid": [-2.2063724732051107, 1.863602509907333, -1.0175270329540136], "normalizedAxes": [0.8969323635101318, -0.4421677887439728, -9.818097196223014e-17, 0, -2.220446049250313e-16, 1, -0.4421677887439728, -0.8969323635101318, -1.991589923000818e-16]}, "segments": [72368, 72277, 13041, 33514, 13189, 13198, 13223, 13233, 31030, 31059, 33521, 33535, 33607, 33631, 33677, 72329, 74411, 33550, 14876, 31054, 12973, 13042, 13046, 13052, 13066, 13069, 13078, 13080, 13084, 13094, 13105, 13116, 13136, 13137, 13143, 14811, 14843, 16013, 16015, 19743, 19748, 31034, 33100, 33105, 33130, 33131, 33171, 33210, 33223, 33253, 33617, 38246, 66982, 66985, 66987, 66990, 71336, 71973, 71975, 71979, 72194, 72245, 72248, 72323, 74377, 74388, 74395, 74401, 74420, 33162, 33284, 8202, 8208, 8211, 8221, 8229, 19710, 19751, 19759, 19777, 19791, 33083, 33257, 66448, 66451, 68378], "label": "chair"}, {"objectId": 14, "id": 14, "partId": 14, "index": 22, "dominantNormal": [0.973422110080719, -0.22901833057403564, -5.0852284732901963e-17], "obb": {"axesLengths": [0.5278006601829033, 0.7161139685784135, 0.35559512366582446], "centroid": [-1.9140636186800202, 2.311472578637912, -1.0670730649905704], "normalizedAxes": [0.22901833057403564, 0.973422110080719, 2.1614312785816358e-16, 0, -2.220446049250313e-16, 1, 0.973422110080719, -0.22901833057403564, -5.0852284732901963e-17]}, "segments": [72665, 72642, 72066, 20312, 20263, 20271, 20279, 20286, 20303, 20332, 20351, 20377, 20394, 20397, 20412, 32945, 32993, 33024, 33043, 33045, 33049, 68410, 68413, 68419, 68420, 68452, 71934, 71959, 71969, 72117, 72726, 34016, 72621, 14855, 16529, 16538, 16556, 16564, 18660, 18672, 18678, 20232, 67974, 68258, 68407, 72106, 33462, 20318, 20430, 72732, 20171], "label": "chair"}, {"objectId": 15, "id": 15, "partId": 15, "index": 23, "dominantNormal": [0.9824793338775635, -0.18637171387672424, -4.138283357695821e-17], "obb": {"axesLengths": [0.6592587955021337, 0.7238919573152369, 0.337080186374647], "centroid": [-1.7089915093775068, 2.785316400726363, -1.0680540084100354], "normalizedAxes": [0.18637171387672424, 0.9824793338775635, 2.181542355378515e-16, 0, -2.220446049250313e-16, 1, 0.9824793338775635, -0.18637171387672424, -4.138283357695821e-17]}, "segments": [73012, 69419, 18957, 72910, 68320, 18926, 18939, 18945, 18946, 18978, 19013, 19034, 19053, 19056, 19061, 19100, 19113, 19134, 19137, 22079, 24980, 25108, 25126, 25128, 25136, 25137, 25155, 25159, 25179, 25193, 34893, 34918, 34955, 34956, 34963, 34978, 35058, 35105, 68317, 69261, 69263, 69275, 69277, 69280, 69282, 69421, 69423, 69428, 69444, 69448, 72634, 72879, 73802, 36689, 72754, 10869, 20324, 25053, 25134, 36692, 68298, 69255, 69257, 72733, 73807, 73811, 73777, 4597, 4523, 4550, 18902, 18913, 18938, 18975, 20217, 25101, 34066, 34124, 66110, 68288, 68295, 68303, 68454, 69272], "label": "chair"}, {"objectId": 16, "id": 16, "partId": 16, "index": 24, "dominantNormal": [-0.6942763924598694, -0.7197084426879883, -1.598073768178639e-16], "obb": {"axesLengths": [0.6089712205333695, 0.7897640290164043, 0.5682570486396875], "centroid": [-0.7947047085728426, -0.08070728272135208, -1.034908045005245], "normalizedAxes": [0.7197084426879883, -0.6942763924598694, -1.5416032727252768e-16, 0, -2.220446049250313e-16, 1, -0.6942763924598694, -0.7197084426879883, -1.598073768178639e-16]}, "segments": [73256, 73553, 37450, 69560, 26327, 73230, 73499, 20937, 20967, 20969, 25863, 25885, 25905, 25922, 26283, 26289, 26304, 26309, 26341, 26363, 26393, 26395, 35726, 35962, 35966, 35979, 35981, 36038, 36048, 36050, 36052, 36054, 43712, 43715, 43726, 68511, 68514, 69554, 69556, 69744, 69746, 69748, 73573, 73578, 77208, 74050, 74076, 44586, 73287, 32661, 44600, 26230], "label": "chair"}, {"objectId": 17, "id": 17, "partId": 17, "index": 25, "dominantNormal": [0.6845337152481079, -0.7289811968803406, -1.618663418590717e-16], "obb": {"axesLengths": [0.6948446386679661, 0.6823299970702079, 0.5422502622486745], "centroid": [-0.6654432399067972, 0.5493035255826842, -1.0711650727745492], "normalizedAxes": [0.7289811968803406, 0.6845337152481079, 1.5199701836013e-16, 0, -2.220446049250313e-16, 1, 0.6845337152481079, -0.7289811968803406, -1.618663418590717e-16]}, "segments": [45096, 45042, 45048, 45072, 45068, 77392, 45007, 44985, 36865, 40563, 40584, 40794, 40817, 40849, 42588, 42600, 42607, 42609, 43424, 43720, 44975, 45036, 45037, 45052, 45083, 75017, 75060, 75082, 75086, 75087, 75093, 76113, 76116, 77295, 77332, 77509, 43273, 43727, 17138, 33948, 40606, 40724, 40808, 43311, 43326, 68073, 73836, 74992, 75032, 75037, 75051, 40689, 33946, 68077, 72567, 15586], "label": "chair"}, {"objectId": 18, "id": 18, "partId": 18, "index": 26, "dominantNormal": [0.9029670357704163, -0.429709792137146, -9.541474102750991e-17], "obb": {"axesLengths": [0.6408025006060488, 0.7262800173547858, 0.4148026257466753], "centroid": [-0.359597055125074, 1.2284341426694811, -1.0731400428327156], "normalizedAxes": [0.4297097623348236, 0.9029670357704163, 2.004989587179687e-16, 0, -2.220446049250313e-16, 1, 0.9029670357704163, -0.4297097623348236, -9.541473441006501e-17]}, "segments": [39987, 79175, 39775, 74743, 24151, 39672, 39694, 74727, 22790, 22853, 22867, 24208, 24209, 28465, 28476, 28497, 28514, 28529, 28581, 28591, 28707, 38732, 38762, 38797, 38798, 38808, 38809, 38817, 38826, 39712, 39741, 39767, 39817, 39818, 39835, 39840, 39845, 39851, 39864, 39995, 39998, 68736, 68739, 70494, 70521, 74478, 74487, 74491, 74647, 74703, 74733, 74736, 74738, 74986, 75078, 76718, 40797], "label": "chair"}, {"objectId": 19, "id": 19, "partId": 19, "index": 27, "dominantNormal": [0.9772747755050659, -0.2119765281677246, -4.706824445038218e-17], "obb": {"axesLengths": [0.706248662031936, 0.8198699767916651, 0.4156373000244912], "centroid": [-0.10358116291767949, 1.7212672076297733, -1.0399350410285946], "normalizedAxes": [0.21197651326656342, 0.9772747755050659, 2.1699859143022103e-16, 0, -2.220446049250313e-16, 1, 0.9772747755050659, -0.21197651326656342, -4.706824114165973e-17]}, "segments": [70477, 28629, 71108, 21331, 28509, 19875, 21272, 21282, 21285, 21293, 28431, 28472, 28576, 28582, 28620, 30096, 30168, 30171, 68544, 70484, 70485, 70492, 70499, 70551, 71057, 71156, 71168, 71174, 71181, 22770, 21204, 21412, 21413, 21416, 27204, 27286, 27294, 28444, 28686, 70508, 70645, 71073, 22200, 20569, 22209, 24237, 24343, 27319, 68584, 68590, 69151, 69159, 22758, 21301, 21319, 21364, 24176, 24326, 24328, 24331, 24337, 24338, 24353, 24369, 24382, 24438, 24447, 24521, 28484, 28578, 30473, 69168, 70531], "label": "chair"}, {"objectId": 20, "id": 20, "partId": 20, "index": 28, "dominantNormal": [0.4114915430545807, -0.9114135503768921, -2.0237446171675712e-16], "obb": {"axesLengths": [0.6782833676322757, 0.696961923756556, 0.5540066436737335], "centroid": [-0.7004680108326359, 1.8842953373251217, -1.0731890378496256], "normalizedAxes": [0.9114135503768921, 0.4114915430545807, 9.136947710754588e-17, 0, -2.220446049250313e-16, 1, 0.4114915430545807, -0.9114135503768921, -2.0237446171675712e-16]}, "segments": [74154, 37629, 69612, 69588, 69695, 13973, 67241, 16402, 16466, 5491, 5520, 13815, 13869, 13923, 13937, 13951, 16331, 16353, 16390, 16417, 16427, 20863, 20866, 20867, 20910, 21573, 21577, 21580, 23269, 23326, 26031, 26054, 26068, 26090, 26107, 26169, 26186, 27338, 27357, 37608, 37654, 65938, 65941, 67965, 67966, 69593, 69645, 69684, 69862, 74108, 74197, 74199], "label": "chair"}, {"objectId": 21, "id": 21, "partId": 21, "index": 29, "dominantNormal": [0.19028787314891815, -0.9817283153533936, -2.1798747592636082e-16], "obb": {"axesLengths": [0.7975766908048098, 0.7255499200772508, 0.6927806617474812], "centroid": [-0.8010357122367243, 1.3821598154623733, -1.069075035952216], "normalizedAxes": [0.9817283153533936, 0.19028787314891815, 4.2252395615376004e-17, 0, -2.220446049250313e-16, 1, 0.19028787314891815, -0.9817283153533936, -2.1798747592636082e-16]}, "segments": [27790, 27843, 67248, 70863, 28855, 5488, 21832, 21902, 24762, 24766, 24789, 27773, 27868, 27873, 28829, 34551, 34578, 69211, 69232, 69234, 70031, 70033, 70036, 70105, 70108, 70111, 70669, 70675, 70840, 70841, 73214, 35546, 19605, 22473, 28746, 28750, 28751, 28768, 34570, 34605, 35591, 39648, 42128, 42149, 42151, 42213, 67266, 72867, 73161, 73178, 75835, 80233, 73190, 28315, 70466, 28267, 5525, 19598, 21879, 22446, 23405, 28274, 28328, 28344, 28359, 28374, 28378, 28384, 28393, 35486, 39704, 42304, 70443, 70473, 73141, 74481], "label": "chair"}, {"objectId": 22, "id": 22, "partId": 22, "index": 30, "dominantNormal": [0, -2.220446049250313e-16, 1], "obb": {"axesLengths": [3.6129571956813282, 0.2124499035079047, 2.230492409417781], "centroid": [-2.484264590768989, 1.4838263449926243, 1.8037749006928894], "normalizedAxes": [0.9865634441375732, 0.16337870061397552, 3.6277359030995165e-17, 0, -2.220446049250313e-16, 1, 0.16337870061397552, -0.9865634441375732, -2.1906109018700565e-16]}, "segments": [13476, 60760, 61910, 23056, 9911, 14777, 16748, 17487, 19453, 19494, 26121, 30852, 54458, 58125], "label": "ceiling"}, {"objectId": 23, "id": 23, "partId": 23, "index": 31, "dominantNormal": [-0.37837469577789307, -0.9256525039672852, -2.055361445412818e-16], "obb": {"axesLengths": [2.2456687529141153, 0.927459994089752, 0.468770924510188], "centroid": [-3.659370710143495, -1.147269512924999, -1.0137300681550778], "normalizedAxes": [0.9256525039672852, -0.37837469577789307, -8.401605983763118e-17, 0, -2.220446049250313e-16, 1, -0.37837469577789307, -0.9256525039672852, -2.055361445412818e-16]}, "segments": [55281, 55488, 12025, 1912, 17268, 65506, 725, 641, 39100], "label": "kitchen cabinet"}, {"objectId": 35, "id": 35, "partId": 35, "index": 32, "dominantNormal": [0.9361331462860107, -0.3516457974910736, -7.8081052177453e-17], "obb": {"axesLengths": [0.8759550851965733, 0.5282355000473072, 0.11633662904371671], "centroid": [-4.112064245482241, 1.5105317226829489, 0.2858821781210863], "normalizedAxes": [0.3516457974910736, 0.9361331462860107, 2.078633146243038e-16, 0, -2.220446049250313e-16, 1, 0.9361331462860107, -0.3516457974910736, -7.8081052177453e-17]}, "segments": [50293, 60442, 50203, 50233, 50285, 50324, 50372, 50385, 57396, 57593, 57690, 57737, 57742, 57786, 57814, 57822, 57849, 57887, 58665, 60344, 60461, 60546, 60654, 60659, 60739, 60783, 60795, 60847, 60890, 60909, 60971, 60980, 61497, 61545, 61566, 61567, 61614, 61621, 61699, 61707, 84628, 85235, 87595, 60408, 60380, 60386, 60407, 60427, 60433, 60464, 60532, 60540, 60569, 60630, 60701, 60705, 60718, 60818, 61691, 84868, 84875, 84978, 85236, 60963, 60450, 61751, 57830, 50161, 50163, 50164, 57836, 57903, 57928, 57959, 57963, 57971, 57977, 58652, 58701, 61772, 61784, 61821, 58697, 58714, 58721], "label": "tv"}, {"objectId": 37, "id": 37, "partId": 37, "index": 33, "dominantNormal": [0.9488049745559692, -0.3158624470233917, -7.013555225996265e-17], "obb": {"axesLengths": [0.4701808896690394, 0.47732507115620937, 0.34477136221790083], "centroid": [-2.3314394831700724, 2.871647741001087, -0.9156975660261304], "normalizedAxes": [0.31586241722106934, 0.9488049745559692, 2.1067702572618457e-16, 0, -2.220446049250313e-16, 1, 0.9488049745559692, -0.31586241722106934, -7.013554564251775e-17]}, "segments": [80518, 52988, 53270, 1875, 1944, 1946, 2373, 52987, 52991, 53051, 53070, 53073, 53086, 53094, 53111, 53205, 53246, 53296, 80427, 80429, 80484, 80542, 80548, 80551, 80589, 80605, 80635, 80668, 80680, 80701, 2481, 2157, 2341, 2381, 2495, 2598, 1845, 1971, 1991, 2057, 2469, 2685, 65143, 65153, 65214, 80685, 80713, 80714, 80717], "label": "chair"}, {"objectId": 38, "id": 38, "partId": 38, "index": 34, "dominantNormal": [0.9205056428909302, -0.39072930812835693, -8.675933485599184e-17], "obb": {"axesLengths": [0.6378362642879424, 0.5745079984998401, 0.25700249684289245], "centroid": [-2.5579845876514127, 2.360887318200316, -0.9838060337516055], "normalizedAxes": [0.39072930812835693, 0.9205056428909302, 2.0439331180697855e-16, 0, -2.220446049250313e-16, 1, 0.9205056428909302, -0