{"segGroups": [{"objectId": 59, "id": 59, "partId": 59, "index": 0, "dominantNormal": [-0.08393175899982452, -0.9964715242385864, -2.2126112591860068e-16], "obb": {"axesLengths": [0.3859407306856372, 0.28000002473592706, 0.24175823541281377], "centroid": [3.1453634075868218, 2.837056136401719, -0.6500000239139809], "normalizedAxes": [0.9964715242385864, -0.08393175899982452, -1.8636594267778977e-17, 0, -2.220446049250313e-16, 1, -0.08393175899982452, -0.9964715242385864, -2.2126112591860068e-16]}, "segments": [61572, 81443, 81452, 58762, 61548, 61587, 81508, 81253, 59098], "label": "kitchen appliance"}, {"objectId": 60, "id": 60, "partId": 60, "index": 1, "dominantNormal": [0, -2.220446049250313e-16, 1], "obb": {"axesLengths": [0.4512705628717926, 0.2729090391194289, 0.3787063409260767], "centroid": [3.1176361368599954, 2.5781880858152695, -0.7135455177653112], "normalizedAxes": [0.9818289279937744, -0.18976812064647675, -4.2136987376312606e-17, 0, -2.220446049250313e-16, 1, -0.18976812064647675, -0.9818289279937744, -2.1800981642034465e-16]}, "segments": [62887, 62972, 58609, 59106, 80076, 59119, 61002, 83100], "label": "food"}, {"objectId": 61, "id": 61, "partId": 61, "index": 2, "dominantNormal": [0.8437600135803223, 0.5367206335067749, 1.1917592102212435e-16], "obb": {"axesLengths": [0.28976783116928856, 0.23999998927116406, 0.14546235932297558], "centroid": [2.3203104609207363, 1.2246601761823772, 0.009999965208171258], "normalizedAxes": [-0.5367206335067749, 0.8437600135803223, 1.873523588669817e-16, 0, -2.220446049250313e-16, 1, 0.8437600135803223, 0.5367206335067749, 1.1917592102212435e-16]}, "segments": [28348, 71598, 28379, 28388], "label": "clock"}, {"objectId": 62, "id": 62, "partId": 62, "index": 3, "dominantNormal": [-0.23553466796875, -0.9718659520149231, -2.1579759135524303e-16], "obb": {"axesLengths": [0.2137321681203861, 0.21659895293565934, 0.12692566717522138], "centroid": [2.147085308363385, 1.3224893201709849, -0.4217005155576672], "normalizedAxes": [0.9718659520149231, -0.23553466796875, -5.229920229526952e-17, 0, -2.220446049250313e-16, 1, -0.23553466796875, -0.9718659520149231, -2.1579759135524303e-16]}, "segments": [23987, 23813, 23866, 23875, 23870], "label": "flowers"}, {"objectId": 63, "id": 63, "partId": 63, "index": 4, "dominantNormal": [0, -2.220446049250313e-16, 1], "obb": {"axesLengths": [0.37948497150323846, 0.13999998256564186, 0.26420271270134127], "centroid": [2.814826308011939, 1.5163020814177495, -0.7400000254786028], "normalizedAxes": [-0.048708055168390274, 0.9988130331039429, 2.217810453295372e-16, 0, -2.220446049250313e-16, 1, 0.9988130331039429, 0.048708055168390274, 1.0815360866531848e-17]}, "segments": [52568, 30477], "label": "box"}, {"objectId": 64, "id": 64, "partId": 64, "index": 5, "dominantNormal": [0, -2.220446049250313e-16, 1], "obb": {"axesLengths": [0.4386774692423448, 0.08157104071443433, 0.34966582692972914], "centroid": [3.0916325460346274, 1.49274109797715, -0.7315605146065258], "normalizedAxes": [0.8591594099998474, -0.5117079615592957, -1.136219921614269e-16, 0, -2.220446049250313e-16, 1, -0.5117079615592957, -0.8591594099998474, -1.907717117610391e-16]}, "segments": [27958], "label": "pile of books"}, {"objectId": 65, "id": 65, "partId": 65, "index": 6, "dominantNormal": [0, -2.220446049250313e-16, 1], "obb": {"axesLengths": [0.5338049079815548, 0.18793403682260124, 0.39911705655209956], "centroid": [2.324295353404122, 1.6459344281186743, -1.0160330035655292], "normalizedAxes": [0.9479640126228333, -0.3183775544166565, -7.069401828744415e-17, 0, -2.220446049250313e-16, 1, -0.3183775544166565, -0.9479640126228333, -2.104902946659844e-16]}, "segments": [40916, 17846, 54735, 12813], "label": "basin"}, {"objectId": 66, "id": 66, "partId": 66, "index": 7, "dominantNormal": [-0.13278640806674957, 0.9911446571350098, 2.2007832381709886e-16], "obb": {"axesLengths": [0.16791278220231395, 0.6508670303776776, 0.18642339564035906], "centroid": [1.4912771004573098, 1.5061893979550718, -1.112346507777577], "normalizedAxes": [-0.13278640806674957, 0.9911446571350098, 2.2007832381709886e-16, 0, -2.220446049250313e-16, 1, 0.9911446571350098, 0.13278640806674957, 2.94845055185954e-17]}, "segments": [17397, 18347, 68819, 68843, 68870, 11987], "label": "bag"}, {"objectId": 67, "id": 67, "partId": 67, "index": 8, "dominantNormal": [0.8704445958137512, -0.492266446352005, -1.0930510859808007e-16], "obb": {"axesLengths": [0.1658017351461015, 0.2516049686460577, 0.12346973600281026], "centroid": [0.40161192418104674, 0.27217605835502445, -0.689937519206611], "normalizedAxes": [0.492266446352005, 0.8704445958137512, 1.9327752638659295e-16, 0, -2.220446049250313e-16, 1, 0.8704445958137512, -0.492266446352005, -1.0930510859808007e-16]}, "segments": [83589, 57670, 57647], "label": "napkins"}, {"objectId": 68, "id": 68, "partId": 68, "index": 9, "dominantNormal": [0.9983317255973816, 0.057738885283470154, 1.2820607971579835e-17], "obb": {"axesLengths": [0.18962024294177443, 0.2488720361395469, 0.09495902187180703], "centroid": [0.5912401655659105, 2.903343112756982, 0.6544359451309729], "normalizedAxes": [-0.057738885283470154, 0.9983317255973816, 2.2167417359439536e-16, 0, -2.220446049250313e-16, 1, 0.9983317255973816, 0.057738885283470154, 1.2820607971579835e-17]}, "segments": [51338, 22057, 50229], "label": "vase"}, {"objectId": 69, "id": 69, "partId": 69, "index": 10, "dominantNormal": [0, -2.220446049250313e-16, 1], "obb": {"axesLengths": [0.23164228483158691, 0.14993899725513904, 0.18845224022263027], "centroid": [-0.7272185769329376, 3.0653959201675174, 0.6849694668159727], "normalizedAxes": [-0.013587779365479946, 0.9999076724052429, 2.220241040807298e-16, 0, -2.220446049250313e-16, 1, 0.9999076724052429, 0.013587779365479946, 3.0170931010164872e-18]}, "segments": [35546, 72613, 72594], "label": "vase"}, {"objectId": 70, "id": 70, "partId": 70, "index": 11, "dominantNormal": [0.7263699173927307, -0.6873039603233337, -1.5261213633340403e-16], "obb": {"axesLengths": [0.25666275018591156, 0.21874498832050726, 0.14363455912815318], "centroid": [3.0701974014676705, 2.767759873351305, 0.6593724613055758], "normalizedAxes": [0.6873039603233337, 0.7263699173927307, 1.6128652133689652e-16, 0, -2.220446049250313e-16, 1, 0.7263699173927307, -0.6873039603233337, -1.5261213633340403e-16]}, "segments": [37989, 72503, 38119], "label": "vase"}, {"objectId": 71, "id": 71, "partId": 71, "index": 12, "dominantNormal": [0.9986176490783691, -0.052561741322278976, -1.1671051086077128e-17], "obb": {"axesLengths": [1.7199451974682305, 2.7799999092519294, 0.27358870521677303], "centroid": [3.2483996246514386, 2.1368826385049022, -0.22000005617499419], "normalizedAxes": [0.052561741322278976, 0.9986176490783691, 2.2173766136077003e-16, 0, -2.220446049250313e-16, 1, 0.9986176490783691, -0.052561741322278976, -1.1671051086077128e-17]}, "segments": [32456, 31658, 31092, 19903, 19667, 43327, 44251, 35232, 47451, 36960, 36838], "label": "wall"}, {"objectId": 1, "id": 1, "partId": 1, "index": 13, "dominantNormal": [0, -2.220446049250313e-16, 1], "obb": {"axesLengths": [5.802909435950099, 0.23656010098993627, 4.536718793910284], "centroid": [0.8444151837786016, 0.7467870562257323, -1.5482799985620395], "normalizedAxes": [0.6858125329017639, 0.7277782559394836, 1.6159923531311097e-16, 0, -2.220446049250313e-16, 1, 0.7277782559394836, -0.6858125329017639, -1.522809729208072e-16]}, "segments": [14778, 51572, 14714, 20663, 20707, 20726, 25608, 28809, 28901, 35419, 41687, 41711, 42728, 47636, 48259, 50362, 50495, 53323, 53329, 53624, 58330, 60039, 60075, 60558, 61204, 61244, 64563, 65473, 69786, 71030, 73493, 73777, 73784, 75366, 78425, 80023, 81560, 13379, 53177, 28921, 13072, 55233], "label": "floor"}, {"objectId": 2, "id": 2, "partId": 2, "index": 14, "dominantNormal": [0, -2.220446049250313e-16, 1], "obb": {"axesLengths": [1.6113991212420038, 1.0258649954378976, 1.0360920173508383], "centroid": [0.42174690634754797, 0.3507865443366397, -1.077067532602531], "normalizedAxes": [0.9995943903923035, -0.02847842499613762, -6.323480627154514e-18, 0, -2.220446049250313e-16, 1, -0.02847842499613762, -0.9995943903923035, -2.2195454149993653e-16]}, "segments": [58071, 57686, 57391, 21799, 22804, 22817, 22832, 23047, 24197, 24201, 24206, 24221, 24225, 33295, 35590, 35598, 35602, 50911, 57603, 58586, 61978, 70282, 70289, 70785, 70786, 76418, 76432, 79688, 79691, 51418, 51909, 24157, 24160, 50864, 22811, 21838, 21949, 51914, 76503, 76524, 76772, 21901, 21443, 79018, 69940, 20635, 20621, 33349, 69945, 22105, 22005, 33361, 33342, 70931, 24629, 25137, 21387, 24728, 70967, 24708, 70948, 22869, 23700], "label": "table"}, {"objectId": 3, "id": 3, "partId": 3, "index": 15, "dominantNormal": [0.7986847162246704, 0.6017497181892395, 1.336152784390786e-16], "obb": {"axesLengths": [0.6344608167460742, 0.8478309918679816, 0.5686132237744405], "centroid": [-0.48288800099522544, 0.37354803935373426, -1.148524529591997], "normalizedAxes": [-0.6017497181892395, 0.7986847162246704, 1.7734363227376768e-16, 0, -2.220446049250313e-16, 1, 0.7986847162246704, 0.6017497181892395, 1.336152784390786e-16]}, "segments": [29650, 57041, 29631, 32345, 32361, 56057, 56088, 56090, 56122, 56130, 56131, 56135, 56157, 56180, 56198, 63660, 63670, 63676, 77876, 79113, 79179, 79202, 79205, 79209, 79212, 79215, 79276, 79280, 83474, 83479, 83485, 83487, 83508, 79116, 56070, 56054, 66231, 56123, 56185, 79263, 31362, 66253, 29683, 29716, 71682, 83543, 83545, 83653, 83529, 28848, 28874, 28876, 28879, 28890, 31373, 31389, 31396, 31419, 31433, 31467, 63729, 64638, 66270, 71911, 71918, 71921, 82126, 82129, 57019, 31406, 28953, 63713, 20745, 20652, 31435, 20588], "label": "chair"}, {"objectId": 4, "id": 4, "partId": 4, "index": 16, "dominantNormal": [0.9728080034255981, -0.2316129207611084, -5.1428399485932896e-17], "obb": {"axesLengths": [0.6138893450644786, 0.8596380160829864, 0.5910560517866468], "centroid": [0.1695269828517636, 1.0547903176217253, -1.1601810222799864], "normalizedAxes": [0.2316129356622696, 0.9728080034255981, 2.1600676878854544e-16, 0, -2.220446049250313e-16, 1, 0.9728080034255981, -0.2316129356622696, -5.1428402794655346e-17]}, "segments": [80437, 47762, 47786, 75342, 61816, 36080, 57960, 60892, 75321, 75343, 47743, 47777, 72467, 72478, 74743, 75306, 75313, 34712, 34728, 34747, 34755, 34762, 34786, 34803, 72450, 72469, 35625, 76566, 53502, 21867, 49814, 80335, 18402, 18404, 38619, 38784, 39617, 41234, 41416, 58421, 60719, 60782, 60805, 60808, 60815, 61937, 69142, 69145, 71895, 79801, 79806, 79812, 79828, 79988, 80376, 80371, 79821, 49840], "label": "chair"}, {"objectId": 5, "id": 5, "partId": 5, "index": 17, "dominantNormal": [0.8043537139892578, 0.594150722026825, 1.3192796233836844e-16], "obb": {"axesLengths": [0.6211142268267853, 0.8220059091894494, 0.5731436977788922], "centroid": [0.8733990781559202, 0.9774757391801312, -1.1547969944424126], "normalizedAxes": [-0.594150722026825, 0.8043537139892578, 1.7860240264272638e-16, 0, -2.220446049250313e-16, 1, 0.8043537139892578, 0.594150722026825, 1.3192796233836844e-16]}, "segments": [79655, 59996, 18482, 18490, 18495, 59920, 69672, 69675, 79567, 79570, 24270, 69669, 69666, 19588, 19622, 18499, 18522, 18540, 19347, 19910, 20003, 23643, 23665, 23704, 24290, 58357, 58405, 58511, 60061, 69150, 69164, 69548, 70510, 70807, 78985, 78988, 23689, 23714, 45097], "label": "chair"}, {"objectId": 6, "id": 6, "partId": 6, "index": 18, "dominantNormal": [0.9952195286750793, 0.09766291826963425, 2.168552410300656e-17], "obb": {"axesLengths": [0.670217756653194, 0.873867015379659, 0.455138414310564], "centroid": [1.0328375417146907, 0.36178403621007016, -1.1645565097481807], "normalizedAxes": [-0.09766292572021484, 0.9952195286750793, 2.2098312705833386e-16, 0, -2.220446049250313e-16, 1, 0.9952195286750793, 0.09766292572021484, 2.1685525757367784e-17]}, "segments": [79872, 22979, 24518, 23021, 24525, 25040, 25388, 25410, 25470, 70902, 71112, 79001, 79966, 81319, 81323, 81328, 23112, 71119, 25122, 25434, 71023, 25142, 58307, 80025, 80054, 79935, 58072, 3271, 58089, 24667, 25119, 3255, 3178, 58355], "label": "chair"}, {"objectId": 7, "id": 7, "partId": 7, "index": 19, "dominantNormal": [0.998161256313324, -0.06061476841568947, -1.3459182305484034e-17], "obb": {"axesLengths": [4.057846910851447, 2.780000028461216, 0.2217713803698103], "centroid": [-1.1216579355612257, 0.7100881296718982, -0.20000001609087148], "normalizedAxes": [0.06061476841568947, 0.998161256313324, 2.2163632180956493e-16, 0, -2.220446049250313e-16, 1, 0.998161256313324, -0.06061476841568947, -1.3459182305484034e-17]}, "segments": [52543, 30923, 51162, 45553, 47132, 77077, 77099, 77027, 77210, 62148, 47430, 2489, 32663, 77879], "label": "wall"}, {"objectId": 8, "id": 8, "partId": 8, "index": 20, "dominantNormal": [0.9881022572517395, -0.1537981778383255, -3.415005563630069e-17], "obb": {"axesLengths": [0.9219910520874963, 2.4350199751178914, 0.44928813840424725], "centroid": [-1.3999956904444006, -0.7847554866830795, -0.40751003576181954], "normalizedAxes": [0.1537981927394867, 0.9881022572517395, 2.1940277533699415e-16, 0, -2.220446049250313e-16, 1, 0.9881022572517395, -0.1537981927394867, -3.415005894502314e-17]}, "segments": [52009, 52050, 32650, 77307, 76708, 51287, 48108, 46795, 77257, 48158, 33640, 33563, 44161, 33694, 73703, 41438, 41381, 41145, 41133, 73524, 26079, 29485, 29533, 32268, 32281, 32292, 32421, 32434, 32484, 32492, 32496, 32504, 32526, 32567, 32605, 32612, 32678, 32687, 32990, 33006, 33551, 33639, 33651, 33683, 33746, 33747, 33801, 33895, 34393, 34400, 34406, 34410, 34418, 34426, 34473, 34499, 34500, 35806, 35807, 35871, 37032, 37119, 37172, 41148, 41181, 41188, 41206, 41215, 41224, 41263, 41268, 41391, 41392, 41625, 41660, 42931, 42980, 43794, 43797, 43925, 46759, 46766, 46779, 47495, 47575, 49107, 49127, 49135, 49172, 49178, 51278, 51780, 51788, 53377, 60569, 60572, 72115, 72132, 72134, 72138, 72143, 72146, 72322, 72398, 72412, 72433, 72876, 73475, 73513, 73516, 73527, 73557, 73562, 73569, 73573, 73577, 74070, 74552, 75159, 75166, 75608, 76705, 76710, 76842, 77447, 81237, 81240, 81245, 53489, 32542, 41301, 26396, 50158, 41654], "label": "door"}, {"objectId": 9, "id": 9, "partId": 9, "index": 21, "dominantNormal": [-0.013048439286649227, -0.9999148845672607, -2.220257055023957e-16], "obb": {"axesLengths": [2.6366495613877716, 2.7217798816759897, 0.35258037401117975], "centroid": [-0.010139010109387392, -1.2696193767240742, -0.21089002286650427], "normalizedAxes": [0.9999148845672607, -0.013048439286649227, -2.897335546292285e-18, 0, -2.220446049250313e-16, 1, -0.013048439286649227, -0.9999148845672607, -2.220257055023957e-16]}, "segments": [20581, 62097, 27021, 54007, 51154, 38459, 36437, 3428, 10801, 15789, 2552, 3919, 3652, 66000, 17035, 26106], "label": "wall"}, {"objectId": 10, "id": 10, "partId": 10, "index": 22, "dominantNormal": [-0.07367756962776184, -0.997282087802887, -2.2144110718500242e-16], "obb": {"axesLengths": [0.9369592463252565, 2.7408999784089616, 0.06208881723647557], "centroid": [1.7167607843189128, -1.150547071531999, -0.21893003361590369], "normalizedAxes": [0.997282087802887, -0.07367756962776184, -1.6359706839832864e-17, 0, -2.220446049250313e-16, 1, -0.07367756962776184, -0.997282087802887, -2.2144110718500242e-16]}, "segments": [344, 11325, 67199], "label": "wall"}, {"objectId": 11, "id": 11, "partId": 11, "index": 23, "dominantNormal": [0.9989092350006104, -0.046694476157426834, -1.0368256510557135e-17], "obb": {"axesLengths": [4.224565707796493, 2.774339971519857, 0.2626707494684295], "centroid": [2.2278221399463867, 0.9411241179068554, -0.22257002958633132], "normalizedAxes": [0.046694472432136536, 0.9989092350006104, 2.2180240644167578e-16, 0, -2.220446049250313e-16, 1, 0.9989092350006104, -0.046694472432136536, -1.0368255683376523e-17]}, "segments": [733, 1891, 7306, 7626, 10172, 10087, 28705, 45437, 39895, 28366, 30201, 73375, 23402, 31600, 23509, 39378, 5308], "label": "wall"}, {"objectId": 12, "id": 12, "partId": 12, "index": 24, "dominantNormal": [0.9989345073699951, 0.046149734407663345, 1.0247299543944731e-17], "obb": {"axesLengths": [0.8793013522377446, 1.989512965317525, 0.5957078863151841], "centroid": [1.9911163065672717, 0.6991717157018398, -0.6114735344444189], "normalizedAxes": [-0.046149738132953644, 0.9989345073699951, 2.2180801803495134e-16, 0, -2.220446049250313e-16, 1, 0.9989345073699951, 0.046149738132953644, 1.0247300371125344e-17]}, "segments": [71144, 35780, 42325, 42522, 42526, 42584, 45443, 45789, 46099, 46116, 46222, 46244, 47237, 47248, 47251, 47270, 47273, 47300, 47307, 47346, 48571, 48948, 68246, 75193, 75195, 75201, 75217, 75267, 75276, 48614, 48773, 48873, 75450, 10241, 14149, 48643, 48650, 48676, 48705, 48866, 48905, 72646, 75545, 39853, 72529, 35370, 74283, 14126, 15194, 39085, 39273, 15673, 76138, 12196, 11233, 11423, 7301, 48386, 75867, 14418, 14487, 75102, 4697, 4729, 4799, 4801, 4812, 4823, 4884, 5292, 5358, 7303, 7339, 10315, 10341, 10387, 10452, 10461, 10671, 10672, 10696, 11308, 11361, 11485, 11537, 11544, 11559, 11732, 11743, 12173, 12184, 12208, 12296, 12313, 12334, 12338, 13837, 13843, 13859, 13868, 13890, 13937, 14048, 14049, 14086, 14088, 14140, 14148, 14411, 14441, 14510, 14513, 14589, 15010, 15019, 15071, 15144, 15233, 15617, 15652, 17620, 23391, 23439, 23446, 28171, 38073, 38199, 38248, 38289, 39161, 39290, 39292, 43093, 43147, 45969, 46125, 46185, 46309, 46477, 48418, 48436, 48495, 48697, 48891, 49408, 49440, 49472, 49476, 49559, 49585, 49596, 49617, 49632, 49643, 49650, 49797, 49841, 49917, 49927, 49939, 49961, 49986, 49993, 50355, 50358, 50401, 50443, 50483, 50486, 50490, 50550, 50554, 50560, 50591, 50957, 51022, 51030, 51057, 51062, 51069, 51493, 66667, 67922, 67924, 68020, 68160, 68165, 68175, 68187, 68256, 68259, 68261, 68279, 68293, 68296, 68363, 68667, 70368, 70394, 70408, 70734, 73032, 73035, 73039, 73043, 73046, 73312, 74166, 74186, 74222, 74229, 74464, 75372, 75374, 75377, 75383, 75421, 75751, 75765, 75890, 75892, 75900, 75924, 75935, 75963, 75972, 75992, 76161, 76165, 76241, 76273, 76328, 76607, 76777, 11185, 9965, 74417, 70502, 39302, 28429, 23550, 38072, 73063, 38269, 43224, 74471, 70412], "label": "showcase"}, {"objectId": 13, "id": 13, "partId": 13, "index": 25, "dominantNormal": [0.9991360902786255, -0.0415586493909359, -9.227873885228254e-18], "obb": {"axesLengths": [1.315818993399205, 2.6515198353338265, 0.35254950557121345], "centroid": [2.1915303351801336, -0.5227928826973984, -0.27576002130210564], "normalizedAxes": [0.0415586493909359, 0.9991360902786255, 2.218527784322578e-16, 0, -2.220446049250313e-16, 1, 0.9991360902786255, -0.0415586493909359, -9.227873885228254e-18]}, "segments": [1676, 1685, 1822, 67037, 3324, 1715, 1640, 3240, 3308, 3316, 3338, 3339, 3371, 3373, 3386, 3420, 3446, 3475, 3483, 5507, 5532, 66474, 66475, 66506, 66514, 66536, 66813, 66863, 66899, 67040, 1092, 66521, 1704, 2904, 3343, 6884, 66677, 6530, 3016, 3067, 5211, 66793, 66936, 56581, 30615, 45206, 45278, 2718, 766, 3916, 5076, 7448, 66631, 66645, 30269, 83990, 30596, 38795, 8736, 5722, 30603, 62000, 71156, 9000, 9050, 43420, 62267, 6949, 67123, 4422, 67143, 6862, 55343, 9909, 1617, 4770], "label": "curtain"}, {"objectId": 14, "id": 14, "partId": 14, "index": 26, "dominantNormal": [-0.021370630711317062, -0.9997715950012207, -2.2199388882731446e-16], "obb": {"axesLengths": [4.313930535804572, 0.6946100139332556, 0.5874556760605307], "centroid": [1.242690413240368, 2.9380028135374237, 0.8173049627870674], "normalizedAxes": [0.9997715950012207, -0.021370630711317062, -4.745233253293138e-18, 0, -2.220446049250313e-16, 1, -0.021370630711317062, -0.9997715950012207, -2.2199388882731446e-16]}, "segments": [54605, 52479, 35548, 51863, 66018, 66110, 45086, 24283, 20839, 26402, 14607, 27732, 16522, 29682, 11840], "label": "wall"}, {"objectId": 15, "id": 15, "partId": 15, "index": 27, "dominantNormal": [0, -2.220446049250313e-16, 1], "obb": {"axesLengths": [4.243331441847577, 1.1600000002980226, 1.3945887008784623], "centroid": [1.2562657382042053, 2.565082889989583, 0.14999997012555433], "normalizedAxes": [0.9995663166046143, -0.029446911066770554, -6.5385277340836e-18, 0, -2.220446049250313e-16, 1, -0.029446911066770554, -0.9995663166046143, -2.2194830786684033e-16]}, "segments": [2614, 2835, 3601, 1136, 1194, 3085, 71851, 5743, 6658, 80613, 13805, 80660, 38456, 72837, 23988, 39825, 80490, 1184, 1399, 2221, 2231, 12025, 14565, 65879, 1431, 46677, 38592, 80529, 32145, 32163, 34934, 76386, 33216, 72209, 30992, 72158, 73282, 71860, 402, 520, 606, 1150, 1280, 1301, 1434, 1463, 1482, 1558, 1564, 1990, 2011, 2052, 2194, 2310, 2347, 2389, 6697, 6759, 7006, 7057, 7084, 12039, 14229, 14749, 14825, 14832, 16403, 16453, 16890, 16905, 20073, 20157, 20162, 20169, 20215, 20253, 20300, 20394, 20404, 20469, 20945, 21002, 21004, 21050, 21083, 21173, 21198, 21214, 21223, 22097, 22235, 22255, 22287, 22311, 22350, 22369, 22395, 22403, 22418, 22422, 22435, 22454, 22470, 22487, 22515, 22549, 22576, 22607, 22617, 25013, 25884, 26072, 30064, 30936, 30978, 30979, 31074, 31188, 31206, 31211, 31245, 31260, 31275, 31278, 31284, 31308, 31325, 31898, 31944, 31994, 32031, 32040, 32045, 32092, 32103, 32123, 32127, 32136, 32142, 33152, 33156, 33160, 33189, 33228, 33236, 33240, 34912, 38902, 38930, 39676, 39722, 39919, 45824, 50782, 50813, 50824, 62845, 62855, 63802, 66393, 66404, 66459, 66463, 67031, 67045, 67977, 68135, 68151, 68158, 69689, 69714, 69716, 69798, 69826, 69835, 69843, 69845, 69848, 69961, 69962, 69989, 70003, 70030, 70073, 70125, 70128, 70132, 70189, 70227, 70301, 70303, 70323, 71470, 71473, 71475, 71862, 71878, 71898, 71902, 71907, 71961, 71962, 71989, 71991, 72107, 72152, 72157, 72227, 72266, 72268, 72481, 72642, 72783, 72868, 72871, 73230, 73257, 73261, 80603, 74941, 45864, 21297, 6797, 4987, 43086, 37422, 42100, 41963, 80717, 80886, 80815, 46945, 59007, 61500, 81074, 81414, 59567, 39180, 72578, 72879, 71491, 39749, 59538, 59435, 80893, 80888, 73310, 11753, 80898], "label": "kitchen cabinet"}, {"objectId": 16, "id": 16, "partId": 16, "index": 28, "dominantNormal": [0, -2.220446049250313e-16, 1], "obb": {"axesLengths": [4.492030673848169, 0.6025369628696821, 1.2156330273385494], "centroid": [1.0947165746303136, 2.785270062880478, -0.4312685062428918], "normalizedAxes": [0.994620144367218, 0.10358969867229462, 2.3001533715992698e-17, 0, -2.220446049250313e-16, 1, 0.10358969867229462, -0.994620144367218, -2.2085003700649653e-16]}, "segments": [51518, 22863, 79431, 7129, 8106, 5805, 39043], "label": "wall"}, {"objectId": 17, "id": 17, "partId": 17, "index": 29, "dominantNormal": [0, -2.220446049250313e-16, 1], "obb": {"axesLengths": [4.1637461097936415, 0.8399999549984937, 1.299162478907071], "centroid": [1.2382106610590669, 2.4632655840306534, -0.9700000096088663], "normalizedAxes": [0.9975095987319946, -0.07053087651729584, -1.5661000611299122e-17, 0, -2.220446049250313e-16, 1, -0.07053087651729584, -0.9975095987319946, -2.2149162475937226e-16]}, "segments": [27470, 24814, 25301, 24825, 65028, 36757, 46572, 8902, 6385, 8589, 36307, 27261, 71420, 62800, 84271, 83227, 84154, 57117, 64520, 72714], "label": "kitchen counter"}, {"objectId": 18, "id": 18, "partId": 18, "index": 30, "dominantNormal": [0.1806218922138214, -0.9835526347160339, -2.183925561984954e-16], "obb": {"axesLengths": [4.664680362173307, 2.2077698810151984, 1.4419222390933117], "centroid": [1.0285987416535618, 2.3437920287196157, -0.5138850124033185], "normalizedAxes": [0.9835526347160339, 0.18062187731266022, 4.0106113388707114e-17, 0, -2.220446049250313e-16, 1, 0.18062187731266022, -0.9835526347160339, -2.183925561984954e-16]}, "segments": [57864, 57955, 26952, 28255, 61308, 26765, 29333, 28615, 77582, 30827, 30824, 4563, 31757, 63938, 63885, 56846, 56814, 80183, 80250, 50100, 42766, 77105, 14352, 45918, 29549, 29547, 79615, 50084, 74035, 43015, 217, 405, 36634, 82516, 82488, 62818, 63273, 84088, 64069, 63160, 83092, 36699, 81202, 36774, 63376, 83470, 63439, 65242, 65309, 82164, 63363, 46637, 39639, 39657, 39526, 52939, 36733, 60352, 84763, 4046, 46980, 28636, 7335, 2671, 66717, 67949, 10971, 29858, 29353, 53909, 27047, 62518, 60487, 46562, 75352, 36718, 47897, 62436, 53135, 53103, 53136, 40514, 60367, 36730, 36731, 84976, 77362, 46595, 63427, 79604, 81317, 61357, 41023, 82240, 527, 64091, 65140, 85062, 64701, 65372, 84906, 64137, 85098, 85095, 65130, 84886, 65298, 59926, 39770, 38519, 77768, 52176, 54061, 73215, 26880, 26149, 26140, 26274, 26228], "label": "kitchen cabinet"}, {"objectId": 19, "id": 19, "partId": 19, "index": 31, "dominantNormal": [0, -2.220446049250313e-16, 1], "obb": {"axesLengths": [0.5244295710990954, 0.20671396985544307, 0.5331042729873277], "centroid": [1.5901514246078408, 2.753110922523299, -0.8055010284720149], "normalizedAxes": [0.6122129559516907, 0.790692925453186, 1.7556909824926992e-16, 0, -2.220446049250313e-16, 1, 0.790692925453186, -0.6122129559516907, -1.3593858393427875e-16]}, "segments": [24402, 21201, 24999, 24339, 25330], "label": "sink"}, {"objectId": 20, "id": 20, "partId": 20, "index": 32, "dominantNormal": [0, -2.220446049250313e-16, 1], "obb": {"axesLengths": [0.5015172012943462, 0.22373800969709423, 0.5176652897626401], "centroid": [1.154218371097289, 2.774406176866872, -0.8181310139990389], "normalizedAxes": [0.9280516505241394, 0.372451514005661, 8.270084928111676e-17, 0, -2.220446049250313e-16, 1, 0.372451514005661, -0.9280516505241394, -2.0606886209065576e-16]}, "segments": [85134, 24443, 85139, 21408, 85106, 65586], "label": "sink"}, {"objectId": 21, "id": 21, "partId": 21, "index": 33, "dominantNormal": [0, -2.220446049250313e-16, 1], "obb": {"axesLengths": [4.651967774811274, 0.1864200788791459, 3.6067203908957746], "centroid": [0.5436447313152979, 0.9140052846121534, 1.1232099553249015], "normalizedAxes": [0.01500886119902134, 0.9998873472213745, 2.220195909833077e-16, 0, -2.220446049250313e-16, 1, 0.9998873472213745, -0.01500886119902134, -3.332636655311325e-18]}, "segments": [433, 6647, 2074, 24354, 27017, 37240, 37851, 37879, 52653, 54434, 55722, 61760, 78328, 78330, 78333, 78243, 37255, 41933, 6728, 34575, 24845, 49296, 54199, 44579, 24119, 55362, 7216, 471], "label": "ceiling"}, {"objectId": 22, "id": 22, "partId": 22, "index": 34, "dominantNormal": [0, -2.220446049250313e-16, 1], "obb": {"axesLengths": [0.2963851027684818, 0.12000000208616246, 0.2308593640745503], "centroid": [0.7372224409810191, 1.156069154293082, 0.44999994553863853], "normalizedAxes": [0.9121049046516418, -0.4099568724632263, -9.102871178239853e-17, 0, -2.220446049250313e-16, 1, -0.4099568724632263, -0.9121049046516418, -2.0252797320355716e-16]}, "segments": [66378, 2226, 2414, 2428], "label": "lamp"}, {"objectId": 23, "id": 23, "partId": 23, "index": 35, "dominantNormal": [0, -2.220446049250313e-16, 1], "obb": {"axesLengths": [0.3697749445937455, 0.11495899897160378, 0.2827980020304927], "centroid": [0.4502431183647977, 0.7904190140041919, 0.46083845390233646], "normalizedAxes": [0.01654345728456974, 0.9998631477355957, 2.2201421761804856e-16, 0, -2.220446049250313e-16, 1, 0.9998631477355957, -0.01654345728456974, -3.673385436846419e-18]}, "segments": [1577, 1666, 66330, 66331, 72315, 1659, 1494, 1509, 1611, 66367, 1323, 1383, 1391, 1644, 33398], "label": "lamp"}, {"objectId": 24, "id": 24, "partId": 24, "index": 36, "dominantNormal": [-0.16711097955703735, -0.9859380722045898, -2.1892222972321514e-16], "obb": {"axesLengths": [1.2171634708892218, 2.3073398551194395, 0.2472069477832143], "centroid": [2.7217367680620677, 1.3445646674787854, -0.01633003585554782], "normalizedAxes": [0.9859380722045898, -0.16711099445819855, -3.710609474309979e-17, 0, -2.220446049250313e-16, 1, -0.16711099445819855, -0.9859380722045898, -2.1892222972321514e-16]}, "segments": [13404, 45257, 46512, 4028, 9735, 67570, 10380, 10276, 46251, 49164, 49157, 49000, 37684, 37755, 49042, 54282, 44217, 74095, 74080, 11270, 74204, 12710, 10472, 67351, 9734, 9958, 67365, 10747, 45892, 11118, 10973, 9914, 9960, 12831, 46262, 46158, 74890, 37759, 37544, 48930, 41827, 37570, 37522, 37621, 67230, 67844, 43342, 78675], "label": "wall"}, {"objectId": 26, "id": 26, "partId": 26, "index": 37, "dominantNormal": [-0.04219822585582733, -0.9991092681884766, -2.2184682273184743e-16], "obb": {"axesLengths": [1.6346461057706183, 1.1490600150288632, 0.3427781421425998], "centroid": [1.4976791130822338, 1.3372890529697892, -1.0445300282991687], "normalizedAxes": [0.9991092681884766, -0.04219822585582733, -9.369888388694421e-18, 0, -2.220446049250313e-16, 1, -0.04219822585582733, -0.9991092681884766, -2.2184682273184743e-16]}, "segments": [13487, 13688, 17440, 18848, 16633, 69057, 13471, 13494, 13593, 16733, 17089, 17108, 17113, 17157, 17161, 17216, 18274, 18762, 19119, 19135, 19142, 19288, 19775, 19795, 68773, 68778, 69040, 69191, 69195, 69204, 69208, 69338, 69392, 69405, 69412, 69456, 69631, 69634, 69723, 69742, 69754, 69765, 23417, 78802, 17750, 23195, 23250, 23371, 23447, 27731, 27754, 68915, 71551, 71555, 78678, 23142, 23495, 18518, 4817, 56289, 23396], "label": "bar"}, {"objectId": 27, "id": 27, "partId": 27, "index": 38, "dominantNormal": [0.9993281364440918, -0.03665115684270859, -8.138191641184586e-18], "obb": {"axesLengths": [1.141452655916941, 1.6199999685585504, 0.29696725872114416], "centroid": [3.3165911114293225, 2.1015588509579683, 0.19999995112657443], "normalizedAxes": [0.03665115684270859, 0.9993281364440918, 2.2189542124719614e-16, 0, -2.220446049250313e-16, 1, 0.9993281364440918, -0.03665115684270859, -8.138191641184586e-18]}, "segments": [36341, 34925, 35042, 35110, 35115, 40289, 72291, 72293, 72295, 72301, 73070, 21886, 34161, 64870, 40059, 40328, 40623, 73121, 73153, 64951, 34079, 34120, 40600, 64900, 84132, 34089, 35190, 36124, 48271, 36957, 41014], "label": "window"}, {"objectId": 28, "id": 28, "partId": 28, "index": 39, "dominantNormal": [0, -2.220446049250313e-16, 1], "obb": {"axesLengths": [1.7134867381841872, 0.08000004112720337, 0.5331139137297416], "centroid": [3.099524264077598, 2.1501322161054874, 1.149999977576135], "normalizedAxes": [0.051980119198560715, 0.9986481070518494, 2.2174442438945826e-16, 0, -2.220446049250313e-16, 1, 0.9986481070518494, -0.051980119198560715, -1.1541905031400449e-17]}, "segments": [18768, 32995], "label": "ceiling"}, {"objectId": 29, "id": 29, "partId": 29, "index": 40, "dominantNormal": [0, -2.220446049250313e-16, 1], "obb": {"axesLengths": [1.6704400482552357, 0.06000000104308123, 0.34043343099612783], "centroid": [2.49976662639591, 2.186553052940593, 0.9599999544048301], "normalizedAxes": [0.0595378540456295, 0.9982260465621948, 2.2165070813477846e-16, 0, -2.220446049250313e-16, 1, 0.9982260465621948, -0.0595378540456295, -1.322005927964598e-17]}, "segments": [32302, 29173, 29461], "label": "ceiling"}, {"objectId": 30, "id": 30, "partId": 30, "index": 41, "dominantNormal": [0.7738671898841858, 0.6333479285240173, 1.406314905692024e-16], "obb": {"axesLengths": [0.7431300933109329, 0.7830870572532622, 0.6232355134080664], "centroid": [1.7538975191953976, 1.6514362024033153, -1.1784565212153693], "normalizedAxes": [-0.6333479285240173, 0.7738671898841858, 1.7183303444227822e-16, 0, -2.220446049250313e-16, 1, 0.7738671898841858, 0.6333479285240173, 1.406314905692024e-16]}, "segments": [68942, 12616, 12642, 12666, 14843, 14882, 17423, 17447, 18082, 68281, 69009, 69014, 69017, 69107, 17235, 17255, 17258, 17718, 17849, 18369, 69129, 69134, 69139, 13177, 12049, 12082, 12111, 12114, 13020, 13172, 17273, 17320, 68906, 17922, 23293], "label": "chair"}, {"objectId": 31, "id": 31, "partId": 31, "index": 42, "dominantNormal": [0.8768694996833801, 0.48072847723960876, 1.0674316480488083e-16], "obb": {"axesLengths": [0.7274131458181349, 0.8078209577242812, 0.696160804982589], "centroid": [2.3276496087998075, 1.605219482182379, -1.1904294847577197], "normalizedAxes": [-0.48072847723960876, 0.8768694996833801, 1.94704141628006e-16, 0, -2.220446049250313e-16, 1, 0.8768694996833801, 0.48072847723960876, 1.0674316480488083e-16]}, "segments": [54807, 77935, 54773, 17884, 12874, 12964, 13186, 17871, 27683, 54936, 68893, 71526, 71528, 68983, 23244, 55509, 70336, 70339, 70362, 70365, 18036, 55522, 78940, 55938, 55541, 55582, 55593, 55625, 55637, 55640, 55780, 55830, 55961, 78335, 78385, 78414, 78994, 13285, 55225, 54842, 78087, 68064], "label": "chair"}, {"objectId": 32, "id": 32, "partId": 32, "index": 43, "dominantNormal": [0.3368167281150818, -0.9415702223777771, -2.090705880370474e-16], "obb": {"axesLengths": [0.9146247807962707, 0.9483999397963294, 0.41300413594325813], "centroid": [2.8552218748063836, 1.6226317445840719, -1.1641999845734259], "normalizedAxes": [0.9415702223777771, 0.3368167281150818, 7.478833732645502e-17, 0, -2.220446049250313e-16, 1, 0.3368167281150818, -0.9415702223777771, -2.090705880370474e-16]}, "segments": [27852, 27855, 27559, 78098, 35082, 72438, 27569, 27573, 30560, 44130, 71726, 71762, 74577, 47672, 52784], "label": "cabinet"}, {"objectId": 33, "id": 33, "partId": 33, "index": 44, "dominantNormal": [0, -2.220446049250313e-16, 1], "obb": {"axesLengths": [0.6727873821373656, 0.2069349838733303, 0.23807041054627162], "centroid": [2.6516446753461556, 1.4775542571595268, 0.4934674364322227], "normalizedAxes": [0.9982033371925354, -0.059917278587818146, -1.3304308452215118e-17, 0, -2.220446049250313e-16, 1, -0.059917278587818146, -0.9982033371925354, -2.2164566564176433e-16]}, "segments": [7905, 8008, 78617, 12579, 7898, 7917, 7965, 7975, 7989, 8026, 8055, 12543, 12555, 12804, 12864, 12914, 67541, 67505, 13197, 13180, 13196, 13323, 13354, 67863, 67885, 67886, 67916, 67891, 13193, 13394], "label": "shelf"}, {"objectId": 34, "id": 34, "partId": 34, "index": 45, "dominantNormal": [0, -2.220446049250313e-16, 1], "obb": {"axesLengths": [0.9518071403564415, 0.17999999009072792, 0.24905315315528775], "centroid": [2.7758297171272823, 1.451104242011906, 0.11999996122211098], "normalizedAxes": [0.9949835538864136, -0.10003875195980072, -2.2213065156107152e-17, 0, -2.220446049250313e-16, 1, -0.10003875195980072, -0.9949835538864136, -2.209307301296123e-16]}, "segments": [6189, 6131, 6134, 6171, 73800, 44897, 44903, 44627, 44999, 45684, 44723, 6215, 44727, 6147, 6197, 6208, 6222, 44586, 45710, 45503, 45365, 45539, 45549, 45677, 45492, 45580], "label": "shelf"}, {"objectId": 35, "id": 35, "partId": 35, "index": 46, "dominantNormal": [-0.05822419747710228, -0.9983035326004028, -2.2166791349151956e-16], "obb": {"axesLengths": [0.7011542178135356, 0.7171699840462953, 0.2597259794227466], "centroid": [-0.11466407762054659, -1.2460411488537075, -1.2085850293481732], "normalizedAxes": [0.9983035326004028, -0.05822420120239258, -1.2928369753060793e-17, 0, -2.220446049250313e-16, 1, -0.05822420120239258, -0.9983035326004028, -2.2166791349151956e-16]}, "segments": [44566, 26693, 44541, 53510, 76862, 71369], "label": "heater"}, {"objectId": 36, "id": 36, "partId": 36, "index": 47, "dominantNormal": [0.0069929612800478935, -0.9999755620956421, -2.2203917862021296e-16], "obb": {"axesLengths": [0.6449530971834937, 0.9227100404491262, 0.47566843569776873], "centroid": [0.9069982190459843, -1.18953931793326, -1.111355014336222], "normalizedAxes": [0.9999755620956421, 0.0069929612800478935, 1.5527493246842757e-18, 0, -2.220446049250313e-16, 1, 0.0069929612800478935, -0.9999755620956421, -2.2203917862021296e-16]}, "segments": [19199, 68660, 19519, 19202, 24304, 16375, 15761, 15870, 59088, 18914, 18952, 15839, 15933, 16197, 16214, 16505, 18893, 19227, 59141, 68613, 68662, 69309, 69399, 68654, 15376, 15413, 15427, 15463, 15484, 16424, 68327, 68329, 68748, 68520, 16927, 19248, 15724, 24322], "label": "tv stand"}, {"objectId": 37, "id": 37, "partId": 37, "index": 48, "dominantNormal": [-0.023207340389490128, -0.99973064661026, -2.2198479645802127e-16], "obb": {"axesLengths": [0.5327750927061078, 0.4239939654470837, 0.2822452848361334], "centroid": [0.9475814390423445, -1.2655332125699612, -0.5580030134742797], "normalizedAxes": [0.99973064661026, -0.023207342252135277, -5.153065141735364e-18, 0, -2.220446049250313e-16, 1, -0.023207342252135277, -0.99973064661026, -2.2198479645802127e-16]}, "segments": [11834, 68526, 15996, 68547, 12422, 12468, 15809, 16086, 16092, 68034, 68299, 68425, 68448, 68452, 68457, 68557, 68564, 4216, 15307, 12541], "label": "tv"}, {"objectId": 38, "id": 38, "partId": 38, "index": 49, "dominantNormal": [-0.11873413622379303, -0.9929260611534119, -2.2047387496857681e-16], "obb": {"axesLengths": [0.4644268597800592, 0.3399999959766864, 0.033875809100944655], "centroid": [0.8011771826799321, -1.3815803137056717, 0.05999996856093248], "normalizedAxes": [0.9929260611534119, -0.11873413622379303, -2.6364274368926972e-17, 0, -2.220446049250313e-16, 1, -0.11873413622379303, -0.9929260611534119, -2.2047387496857681e-16]}, "segments": [4100], "label": "picture"}, {"objectId": 39, "id": 39, "partId": 39, "index": 50, "dominantNormal": [-0.11870314925909042, -0.9929298162460327, -2.2047470876663427e-16], "obb": {"axesLengths": [0.32776316874380107, 0.32000001549720714, 0.08021461871592675], "centroid": [0.2492952788321413, -1.3517047784273646, 0.509999961482881], "normalizedAxes": [0.9929298162460327, -0.11870315670967102, -2.635739553495298e-17, 0, -2.220446049250313e-16, 1, -0.11870315670967102, -0.9929298162460327, -2.2047470876663427e-16]}, "segments": [32806, 66312, 30689], "label": "picture"}, {"objectId": 41, "id": 41, "partId": 41, "index": 52, "dominantNormal": [0.9997166991233826, -0.02380266785621643, -5.285253980295319e-18], "obb": {"axesLengths": [0.3402038106218827, 0.27999999493360517, 0.018849844882573324], "centroid": [-1.166488364563908, 0.11988889766790489, 0.2699999573105558], "normalizedAxes": [0.02380266599357128, 0.9997166991233826, 2.2198169949380788e-16, 0, -2.220446049250313e-16, 1, 0.9997166991233826, -0.02380266599357128, -5.285253566705013e-18]}, "segments": [55991], "label": "picture"}, {"objectId": 42, "id": 42, "partId": 42, "index": 53, "dominantNormal": [0.9999939203262329, -0.003493714611977339, -7.757604807373172e-19], "obb": {"axesLengths": [0.28001915740702843, 0.2199999883025886, 0.01796089063320982], "centroid": [-1.1521399969052126, 0.4699821811492707, 0.09999996211618067], "normalizedAxes": [0.003493714379146695, 0.9999939203262329, 2.2204325496627162e-16, 0, -2.220446049250313e-16, 1, 0.9999939203262329, -0.003493714379146695, -7.75760429038529e-19]}, "segments": [54882], "label": "picture"}, {"objectId": 48, "id": 48, "partId": 48, "index": 58, "dominantNormal": [-0.2867625951766968, -0.9580016732215881, -2.1271910304800648e-16], "obb": {"axesLengths": [0.42887899383349626, 0.2800000247359269, 0.26612641195956815], "centroid": [-0.8565199850006235, 2.5146782808529613, -0.6500000239139809], "normalizedAxes": [0.9580016732215881, -0.2867625951766968, -6.367408715328632e-17, 0, -2.220446049250313e-16, 1, -0.2867625951766968, -0.9580016732215881, -2.1271910304800648e-16]}, "segments": [8134, 66975, 6041], "label": "basket"}, {"objectId": 49, "id": 49, "partId": 49, "index": 59, "dominantNormal": [0, -2.220446049250313e-16, 1], "obb": {"axesLengths": [0.4607304457537652, 0.07730799740609515, 0.4359962311385192], "centroid": [-0.836957820094379, 2.1122507821796503, -0.7167280182949917], "normalizedAxes": [0.6958389282226562, 0.7181978821754456, 1.59471965005641e-16, 0, -2.220446049250313e-16, 1, 0.7181978821754456, -0.6958389282226562, -1.5450727990865692e-16]}, "segments": [11034, 66993, 4515, 11158], "label": "scale"}, {"objectId": 50, "id": 50, "partId": 50, "index": 60, "dominantNormal": [0, -2.220446049250313e-16, 1], "obb": {"axesLengths": [0.2606821697445286, 0.07810699765145035, 0.10026151292816392], "centroid": [-0.6586572593503686, 2.0069395969833703, -0.7149605320006509], "normalizedAxes": [0.9947566986083984, 0.10226988792419434, 2.2708476859854962e-17, 0, -2.220446049250313e-16, 1, 0.10226988792419434, -0.9947566986083984, -2.208803581390302