{"segGroups": [{"objectId": 1, "id": 1, "partId": 1, "index": 0, "dominantNormal": [0, -2.220446049250313e-16, 1], "obb": {"axesLengths": [4.731318963290088, 0.2055000020824374, 2.5675425765401694], "centroid": [-0.2899961669115978, 0.531683968586047, -1.5672500041685988], "normalizedAxes": [-0.6516982316970825, 0.7584783434867859, 1.6841602412371557e-16, 0, -2.220446049250313e-16, 1, 0.7584783434867859, 0.6516982316970825, 1.447060763875202e-16]}, "segments": [24511, 24008, 10383, 16914, 18492, 22355, 22061, 21676, 45061, 1824, 2986, 3354, 7426, 7661, 8339, 8346, 8356, 8403, 8474, 8522, 9406, 9457, 9580, 9624, 9884, 9891, 9930, 9937, 9945, 11209, 11216, 11217, 11409, 12125, 12147, 12148, 12214, 12220, 12247, 12253, 12276, 12281, 12564, 12596, 12599, 13012, 13299, 13589, 13821, 13885, 14230, 14307, 14309, 14324, 14343, 16197, 16691, 16722, 16727, 16753, 16800, 16812, 16879, 16921, 16946, 16959, 16983, 17688, 17777, 17911, 18853, 19136, 19994, 20031, 20380, 20418, 20427, 20432, 20434, 20507, 20514, 20548, 20567, 20644, 20676, 20677, 20679, 20687, 20690, 20725, 20800, 20839, 20844, 21158, 21225, 21227, 21231, 21302, 21303, 21688, 21955, 21969, 21970, 21971, 22018, 22023, 22043, 22049, 22054, 22056, 22074, 22088, 22107, 22143, 22149, 22161, 22218, 22230, 22443, 22470, 22482, 22507, 22558, 22561, 22586, 22592, 25171, 25180, 25182, 27374, 32795, 33829, 36808, 36858, 36867, 36868, 36934, 36991, 37023, 37049, 39167, 39172, 39173, 39627, 39631, 39701, 39702, 39892, 39896, 40019, 40193, 40987, 40989, 40992, 41000, 41003, 41338, 41621, 41623, 41633, 41638, 41642, 41650, 41747, 41751, 41754, 41762, 41764, 41837, 41841, 41848, 41854, 41915, 41989, 42000, 42001, 42571, 45122, 48278, 48281, 48291, 48363, 48368, 33436, 33786, 14209, 48342, 16744, 17691, 20400, 20453, 20454, 20834, 20848, 21206, 21266, 22503, 33808, 33814, 36792, 36844, 36940, 36945, 36965, 36981, 41674, 41759, 45532, 45537, 45546, 48050, 48054, 23869, 28808, 28714, 35651, 34470, 49059], "label": "floor"}, {"objectId": 2, "id": 2, "partId": 2, "index": 1, "dominantNormal": [0, -2.220446049250313e-16, 1], "obb": {"axesLengths": [3.0788214565546586, 0.9421499160941703, 1.9267967318108674], "centroid": [-1.6740852448752124, 1.283137281424811, -1.141075045213288], "normalizedAxes": [-0.16303135454654694, 0.9866209030151367, 2.1907384862077366e-16, 0, -2.220446049250313e-16, 1, 0.9866209030151367, 0.16303135454654694, 3.620023271068072e-17]}, "segments": [29157, 14913, 10565, 11556, 29121, 35190, 35321, 361, 4289, 4353, 5938, 10567, 11379, 11653, 11686, 11737, 11760, 11812, 11866, 11997, 12142, 12203, 12204, 12217, 12225, 12650, 13340, 13352, 13365, 15865, 15873, 15879, 16585, 23246, 23266, 23281, 23286, 23289, 23306, 23314, 23353, 23380, 23399, 23400, 23419, 23424, 23462, 23512, 23709, 23717, 23724, 23747, 23749, 23759, 23884, 24319, 24364, 26062, 26087, 26123, 26127, 26158, 26410, 27176, 27217, 27226, 27316, 27342, 27387, 28570, 29174, 29175, 29188, 29216, 29228, 29258, 29314, 29329, 32091, 32093, 32099, 32125, 32140, 32151, 32152, 32161, 32185, 32371, 32375, 32403, 32423, 32444, 32488, 32521, 32535, 34541, 35396, 35410, 37575, 37940, 39253, 39286, 39297, 39307, 39311, 39333, 39337, 39959, 39986, 39988, 40040, 40046, 40059, 41665, 42310, 42699, 43022, 43026, 43030, 43033, 43066, 43068, 43092, 43095, 43118, 43430, 44290, 44310, 44325, 44353, 44359, 44364, 44438, 44468, 44549, 44570, 44578, 45676, 28928, 43423, 23671, 29633], "label": "kitchen cabinet"}, {"objectId": 3, "id": 3, "partId": 3, "index": 2, "dominantNormal": [0, -2.220446049250313e-16, 1], "obb": {"axesLengths": [1.5615595402234084, 0.24000000417232506, 0.6530419692957318], "centroid": [-1.7598716090889883, 2.6616956174502517, -0.7700000491682427], "normalizedAxes": [0.7772514224052429, 0.6291901469230652, 1.397082775962544e-16, 0, -2.220446049250313e-16, 1, 0.6291901469230652, -0.7772514224052429, -1.725844850153908e-16]}, "segments": [31988, 15751, 40953, 16507, 46901, 14845, 15789, 15827, 16563, 23500, 23584, 23645, 23648, 23666, 23679, 25325, 37590, 40508, 40950, 42267, 44285, 44288, 46757, 24948], "label": "kitchen counter"}, {"objectId": 4, "id": 4, "partId": 4, "index": 3, "dominantNormal": [0, -2.220446049250313e-16, 1], "obb": {"axesLengths": [2.2531271001872804, 0.3650569834174891, 0.7422317240314964], "centroid": [-1.7595518755384985, 0.8291705476513559, -0.8513415524007775], "normalizedAxes": [-0.6266897320747375, 0.7792688608169556, 1.730324463304801e-16, 0, -2.220446049250313e-16, 1, 0.7792688608169556, 0.6266897320747375, 1.3915307396910882e-16]}, "segments": [15890, 32993, 32948, 29553, 26696, 420, 455, 465, 507, 523, 972, 4191, 4804, 12385, 12386, 12685, 12910, 13059, 13060, 13172, 13280, 13465, 13623, 13662, 24539, 25782, 31717, 37181, 37790, 37853, 37856, 37857, 37860, 38269, 38272, 38274, 38296, 38327, 39416, 41631, 42732], "label": "kitchen counter"}, {"objectId": 5, "id": 5, "partId": 5, "index": 4, "dominantNormal": [0.809617280960083, 0.586958110332489, 1.3033088171632046e-16], "obb": {"axesLengths": [1.4690481858240174, 1.0738199113200622, 0.528431393158203], "centroid": [-1.6797667266506346, 0.5581735391765394, -1.0869100407400714], "normalizedAxes": [-0.586958110332489, 0.809617280960083, 1.797711492912597e-16, 0, -2.220446049250313e-16, 1, 0.809617280960083, 0.586958110332489, 1.3033088171632046e-16]}, "segments": [48181, 32254, 48240, 2321, 48384, 26940, 25817, 1793, 3851, 22933, 22970, 23581, 25841, 25862, 25875, 25885, 25887, 25904, 25909, 25969, 26749, 26823, 26910, 32334, 32337, 37226, 37911, 37949, 38261, 42811, 42957, 42966, 48266, 3849, 37182, 30174, 33123, 37811, 11976, 27215, 23273, 33142, 4325, 33231, 37807, 459, 37194, 23834, 32228, 37129, 42852, 42899, 26814, 16016, 42840, 26793], "label": "sink"}, {"objectId": 6, "id": 6, "partId": 6, "index": 5, "dominantNormal": [0.7826054096221924, 0.6225180625915527, 1.3822677726683724e-16], "obb": {"axesLengths": [2.745677564595001, 2.619999946206808, 0.22256548000264215], "centroid": [-1.806781699532385, 0.4989877865662714, -0.24000003002025116], "normalizedAxes": [-0.6225180625915527, 0.7826054096221924, 1.73773308991752e-16, 0, -2.220446049250313e-16, 1, 0.7826054096221924, 0.6225180625915527, 1.3822677726683724e-16]}, "segments": [22305, 8754, 30659, 3350, 7121, 551, 578, 595, 617, 642, 648, 830, 1039, 1361, 1690, 1734, 1767, 3098, 3113, 3127, 11241, 11764, 11885, 12143, 12289, 12307, 12336, 12339, 13978, 14035, 14037, 17170, 17581, 17588, 18253, 18259, 18273, 18332, 18333, 18343, 18898, 19117, 19571, 19585, 19610, 21106, 23889, 23891, 23893, 23929, 24001, 24187, 24226, 24750, 25983, 26915, 27080, 27883, 28395, 28452, 28461, 28471, 28531, 29893, 30505, 30651, 32292, 33067, 37270, 37341, 37365, 37385, 37397, 37789, 38186, 38192, 38446, 38458, 38465, 39382, 39385, 39389, 39404, 40176, 40205, 41733, 41792, 41821, 42443, 42477, 42724, 42748, 42807, 42845, 42882, 42999, 44352, 48556, 48757, 49117, 49170, 49173, 49181, 28366, 8529, 8234, 6330], "label": "wall"}, {"objectId": 7, "id": 7, "partId": 7, "index": 6, "dominantNormal": [0.6163687705993652, -0.7874576449394226, -1.7485072166576967e-16], "obb": {"axesLengths": [0.6704396569731721, 1.759999891519548, 0.2605159197105688], "centroid": [-2.428962177473844, 1.736981233754381, 0.1699998976346122], "normalizedAxes": [0.7874576449394226, 0.6163687705993652, 1.368613601558633e-16, 0, -2.220446049250313e-16, 1, 0.6163687705993652, -0.7874576449394226, -1.7485072166576967e-16]}, "segments": [5205, 12516, 12531, 3071, 3323, 3451, 3465, 3872, 10997, 12418, 38631, 39565, 39885, 5480], "label": "wall"}, {"objectId": 8, "id": 8, "partId": 8, "index": 7, "dominantNormal": [0.7717851996421814, 0.6358833312988281, 1.4119446307666109e-16], "obb": {"axesLengths": [0.6584096183825657, 1.8016459539164753, 0.15229101259105032], "centroid": [-2.3804406906206905, 2.1802978473183505, 0.20917692708387348], "normalizedAxes": [-0.6358833312988281, 0.7717851996421814, 1.7137073974153458e-16, 0, -2.220446049250313e-16, 1, 0.7717851996421814, 0.6358833312988281, 1.4119446307666109e-16]}, "segments": [5662, 40452, 40479, 5707], "label": "wall"}, {"objectId": 9, "id": 9, "partId": 9, "index": 8, "dominantNormal": [0.612982988357544, -0.79009610414505, -1.7543657729769403e-16], "obb": {"axesLengths": [2.5022336172150137, 2.1097298985034985, 0.29460051770952583], "centroid": [-2.104059378097083, 2.800925585140531, 0.34486490112658785], "normalizedAxes": [0.79009610414505, 0.612982988357544, 1.361095654756159e-16, 0, -2.220446049250313e-16, 1, 0.612982988357544, -0.79009610414505, -1.7543657729769403e-16]}, "segments": [17663, 18135, 1090, 538, 1143, 1171, 1290, 2671, 2708, 9241, 10085, 10597, 10619, 15242, 16200, 38346, 18536, 17469, 8535, 8695, 33390], "label": "wall"}, {"objectId": 10, "id": 10, "partId": 10, "index": 9, "dominantNormal": [-0.6450875997543335, -0.7641085982322693, -1.696661918143037e-16], "obb": {"axesLengths": [0.6858394158768071, 2.6764299271308634, 0.3034059551086075], "centroid": [-1.0675971229570314, 3.1595907179928306, -0.28180511760588467], "normalizedAxes": [0.7641085982322693, -0.6450875997543335, -1.432382212294877e-16, 0, -2.220446049250313e-16, 1, -0.6450875997543335, -0.7641085982322693, -1.696661918143037e-16]}, "segments": [33836, 46230, 32070, 19617, 44063, 281, 282, 34798, 38120, 38133, 19359], "label": "wall"}, {"objectId": 11, "id": 11, "partId": 11, "index": 10, "dominantNormal": [0.7817283868789673, 0.6236190795898438, 1.384712521512385e-16], "obb": {"axesLengths": [2.558736236047215, 2.7822599981220053, 0.4259131200463245], "centroid": [-0.022202140132014492, 1.9980521885989255, -0.22379007039874654], "normalizedAxes": [-0.6236190795898438, 0.7817283868789673, 1.7357857082322232e-16, 0, -2.220446049250313e-16, 1, 0.7817283868789673, 0.6236190795898438, 1.384712521512385e-16]}, "segments": [31783, 5006, 27554, 46944, 47569, 10517, 10672, 11879, 12043, 23080, 23809, 25113, 25249, 25960, 26258, 26488, 30735, 31017, 31448, 31493, 31501, 31569, 31795, 31806, 31916, 31918, 32075, 32388, 34202, 34327, 35018, 36275, 36318, 36346, 36369, 36372, 36378, 36409, 36420, 36423, 37637, 37735, 37762, 42335, 42339, 43229, 43230, 46135, 46322, 47734, 47737, 47742, 47746, 47792, 9251, 25162, 31616, 34818], "label": "wall"}, {"objectId": 12, "id": 12, "partId": 12, "index": 11, "dominantNormal": [0.7346172332763672, 0.6784817576408386, 1.5065321382420085e-16], "obb": {"axesLengths": [0.3861872498396489, 1.2414979657195955, 0.15213959357830975], "centroid": [0.2641635176622178, 1.6853751419357528, 0.03074893682079849], "normalizedAxes": [-0.6784817576408386, 0.7346172332763672, 1.6311779333397051e-16, 0, -2.220446049250313e-16, 1, 0.7346172332763672, 0.6784817576408386, 1.5065321382420085e-16]}, "segments": [46079, 33909, 25035, 5945, 32588, 24131, 35103, 5961, 6680, 24982, 24983, 31076, 35500, 35521, 42495, 42497, 31034, 31054], "label": "curtain"}, {"objectId": 13, "id": 13, "partId": 13, "index": 12, "dominantNormal": [0.7861465811729431, 0.6180400848388672, 1.372324664658791e-16], "obb": {"axesLengths": [0.60679766307485, 1.2799999427795417, 0.14823476542288871], "centroid": [-0.20235025013363406, 2.2861027026547833, 0.009999904787169722], "normalizedAxes": [-0.6180400848388672, 0.7861465811729431, 1.745596070297102e-16, 0, -2.220446049250313e-16, 1, 0.7861465811729431, 0.6180400848388672, 1.372324664658791e-16]}, "segments": [25690, 25718, 25555, 25574, 45632, 43853, 30315, 45780, 25731, 34413, 34905, 45833, 45767, 45829, 25688, 25714, 26478, 27942, 29451, 29466, 29477, 30265, 36310, 42032, 43123, 43540, 43878, 45818, 34980, 36390], "label": "curtain"}, {"objectId": 14, "id": 14, "partId": 14, "index": 13, "dominantNormal": [0.7869206070899963, 0.617054283618927, 1.3701357462346286e-16], "obb": {"axesLengths": [0.7223228311165204, 1.2599999623000624, 0.06482325744151343], "centroid": [0.059376990597814205, 2.008115094248303, -8.545256990899475e-08], "normalizedAxes": [-0.617054283618927, 0.7869205474853516, 1.7473146207377423e-16, 0, -2.220446049250313e-16, 1, 0.7869205474853516, 0.617054283618927, 1.3701357462346286e-16]}, "segments": [33949, 32652, 31004, 47258], "label": "window"}, {"objectId": 15, "id": 15, "partId": 15, "index": 14, "dominantNormal": [0, -2.220446049250313e-16, 1], "obb": {"axesLengths": [1.0061346540591773, 0.8835470478933959, 1.0074906150068088], "centroid": [-0.20156940662255818, 1.8735955067386607, -1.157546579812543], "normalizedAxes": [0.9853502511978149, -0.17054304480552673, -3.7868163006555096e-17, 0, -2.220446049250313e-16, 1, -0.17054304480552673, -0.9853502511978149, -2.1879170723999918e-16]}, "segments": [46730, 28305, 35851, 36111, 36137, 31036, 46621, 21959, 42586, 28896, 22114, 30507, 42383, 15701, 15481, 15488, 15501, 15547, 15551, 15589, 15830, 20823, 22199, 22205, 24236, 24237, 24282, 24289, 24326, 24333, 24337, 24351, 24370, 24384, 24398, 24413, 24451, 25297, 26282, 26629, 27574, 28612, 28629, 28655, 28692, 28821, 28883, 28941, 28953, 28970, 30120, 31278, 31279, 31349, 33581, 34721, 35557, 36125, 36180, 36194, 39947, 41218, 42349, 42374, 42392, 42400, 42413, 42598, 42600, 43832, 44670, 44676, 44680, 46649, 46726, 46735, 33474, 35553, 35873, 35166], "label": "table"}, {"objectId": 16, "id": 16, "partId": 16, "index": 15, "dominantNormal": [0.7808501124382019, -0.624718427658081, -1.3871535645872536e-16], "obb": {"axesLengths": [0.567072824100115, 0.9082779681322429, 0.6489023891282073], "centroid": [0.33239881161493656, 1.2342263793031396, -1.1551210284522686], "normalizedAxes": [0.7808501124382019, -0.624718427658081, -1.3871535645872536e-16, 0, -2.220446049250313e-16, 1, -0.624718427658081, -0.7808501124382019, -1.7338355472200682e-16]}, "segments": [31351, 18517, 18354, 4288, 43296, 44233, 31436, 4085, 4187, 4195, 4208, 4213, 4216, 4220, 10489, 10530, 10671, 13905, 13964, 18076, 18472, 18511, 18513, 18747, 18764, 18800, 18885, 18901, 18947, 18977, 19032, 29071, 31478, 31491, 31511, 31513, 31565, 31567, 38709, 38713, 40509, 40564, 40606, 40660, 40907, 40928, 41238, 43273, 43291, 44166, 30680, 13454, 46740, 30710], "label": "chair"}, {"objectId": 17, "id": 17, "partId": 17, "index": 16, "dominantNormal": [0, -2.220446049250313e-16, 1], "obb": {"axesLengths": [0.6020393057199144, 0.5241999508991845, 0.5660142064237608], "centroid": [-1.8641881502230186, 1.8775842585618385, -1.3767800877907101], "normalizedAxes": [-0.41483983397483826, 0.9098944664001465, 2.020371573152927e-16, 0, -2.220446049250313e-16, 1, 0.9098944664001465, 0.41483983397483826, 9.211294704210854e-17]}, "segments": [41571, 13724, 13736, 13023, 13704, 12869, 12993, 13242, 13322, 13336, 13361, 13553, 13556, 13695, 13718, 13743, 13858, 13873, 13891, 13898, 13902, 14498, 14589, 14648, 14664, 14753, 14763, 14932, 19255, 24923, 29944, 30018, 40072, 40083, 40212, 40297, 41582, 43712, 43785, 43787, 43811, 40295, 13527, 13767, 30064, 12350, 13369, 13499, 13544, 16372, 30060], "label": "stepladder"}, {"objectId": 18, "id": 18, "partId": 18, "index": 17, "dominantNormal": [0.8036728501319885, 0.5950713753700256, 1.3213238844623235e-16], "obb": {"axesLengths": [1.6247775941599367, 0.6865070010757368, 0.4557525111323697], "centroid": [-1.7004721129800793, 0.6322709396585219, 0.4932534176930021], "normalizedAxes": [-0.5950713753700256, 0.8036728501319885, 1.784512204965313e-16, 0, -2.220446049250313e-16, 1, 0.8036728501319885, 0.5950713753700256, 1.3213238844623235e-16]}, "segments": [19216, 19632, 8967, 18619, 17908, 17731, 17631, 4569, 8818, 8841, 8844, 8941, 19426, 39243, 39257, 19657, 16319, 16362, 19071, 19085, 41499, 13930, 41220], "label": "kitchen cabinet"}, {"objectId": 19, "id": 19, "partId": 19, "index": 18, "dominantNormal": [0.6209495067596436, -0.7838505506515503, -1.7404978583969173e-16], "obb": {"axesLengths": [3.9436767420088645, 0.5238100173217797, 0.1523210926616778], "centroid": [-2.296941254952105, 3.0250303190677235, 1.6519048778342849], "normalizedAxes": [0.7838505506515503, 0.6209495067596436, 1.378784879068381e-16, 0, -2.220446049250313e-16, 1, 0.6209495067596436, -0.7838505506515503, -1.7404978583969173e-16]}, "segments": [7075, 6339, 7847, 8074, 6929, 6932, 7311, 1635, 31100, 25481, 37055, 37059, 33317, 33346, 33353, 22644, 25397, 25400, 25412, 25421, 33042, 8678], "label": "ceiling"}, {"objectId": 20, "id": 20, "partId": 20, "index": 19, "dominantNormal": [0.7672001719474792, 0.6414077877998352, 1.4242113883785272e-16], "obb": {"axesLengths": [0.6310429768812958, 2.2535998913586153, 0.12917593767761615], "centroid": [-0.7580701521925047, -0.7852269260671836, -0.41680006845928586], "normalizedAxes": [-0.6414077877998352, 0.7672001719474792, 1.7035265907849412e-16, 0, -2.220446049250313e-16, 1, 0.7672001719474792, 0.6414077877998352, 1.4242113883785272e-16]}, "segments": [30485, 3707, 33920, 34572, 20186], "label": "poster"}, {"objectId": 21, "id": 21, "partId": 21, "index": 20, "dominantNormal": [0.6622228026390076, 0.7493069767951965, 1.6637957163005902e-16], "obb": {"axesLengths": [0.7820881857653407, 2.576529981720521, 0.7888550378742095], "centroid": [0.8088831977696549, 0.5764577103578423, -0.33826510946791366], "normalizedAxes": [0.6622228026390076, 0.7493069767951965, 1.6637957163005902e-16, 0, -2.220446049250313e-16, 1, 0.7493069767951965, -0.6622228026390076, -1.4704300058432542e-16]}, "segments": [6196, 42670, 6175, 4101, 29288, 42635, 5097, 4136, 35793, 1651, 1657, 18485, 29588], "label": "wall"}, {"objectId": 22, "id": 22, "partId": 22, "index": 21, "dominantNormal": [0.8786914944648743, 0.4773900508880615, 1.0600188524458021e-16], "obb": {"axesLengths": [0.8752308036963936, 2.0179298963115375, 0.6938200254483714], "centroid": [1.007748709864007, 0.5816120759875197, -0.5989650463488314], "normalizedAxes": [-0.4773900508880615, 0.8786914944648743, 1.9510870573943834e-16, 0, -2.220446049250313e-16, 1, 0.8786914944648743, 0.4773900508880615, 1.0600188524458021e-16]}, "segments": [7226, 3236, 3268, 38941, 1736, 39466, 4626, 38951, 4537, 38954, 39528, 41209, 10020, 9395, 9526, 11080, 11174, 39518, 39543, 39689, 3631, 3670, 5551, 3599, 39130, 39015, 3717, 4771, 4793, 4797, 5037, 5149, 5588, 5619, 10248, 11028, 29178, 38687, 38956, 38966, 38988, 38997, 39009, 39012, 39057, 39059, 39085, 39127, 39144, 39178, 39181, 39443, 39545, 39597, 42611, 4895, 39110, 6454, 39185, 39187, 39191, 39193, 42695, 5010, 9426, 9886, 10170, 11033, 39419], "label": "wardrobe"}, {"objectId": 25, "id": 25, "partId": 25, "index": 22, "dominantNormal": [0, -2.220446049250313e-16, 1], "obb": {"axesLengths": [0.37220156746117966, 0.2752316979639599, 0.3884299476663298], "centroid": [-0.23055606534217832, 1.8869435346984462, -0.10166223469572766], "normalizedAxes": [-0.277454137802124, 0.9607388973236084, 2.1332688889233085e-16, 0, -2.220446049250313e-16, 1, 0.9607388973236084, 0.277454137802124, 6.160719441308782e-17]}, "segments": [43953, 27911, 30451, 30441, 24715], "label": "lamp"}, {"objectId": 26, "id": 26, "partId": 26, "index": 23, "dominantNormal": [0.8503962755203247, -0.5261427760124207, -1.1682716483383718e-16], "obb": {"axesLengths": [0.5602176012336922, 0.8683059617510591, 0.4472002981287093], "centroid": [-0.9760163777326267, -0.22616760740209108, -1.1655370293009195], "normalizedAxes": [0.5261427760124207, 0.8503962159156799, 1.8882589179273877e-16, 0, -2.220446049250313e-16, 1, 0.8503962159156799, -0.5261427760124207, -1.1682716483383718e-16]}, "segments": [33321, 27373, 27435, 27439, 27502, 27521, 27532, 27588, 27671, 27689, 27839, 27956, 42438, 42441, 42526, 42529, 45272, 45528, 30380, 35982, 27353, 27456, 27537, 27552, 27692, 27844, 27995, 27997, 28205, 28251, 28252, 28261, 28293, 28541, 42421, 42425, 42430, 42481, 42504, 42560, 42568, 42575, 42923, 42969, 44685, 45850, 45881, 46291, 46295, 46297, 46298, 46301, 46305, 46308, 46311, 46315, 46318, 46324, 46362, 47813, 47820, 28420, 35211, 35280, 35296, 36069, 45909, 28213, 28112, 28055, 28104, 28117, 28234, 28235, 28249, 29851, 36014, 42490, 43176, 43189, 43569, 43659, 46282, 46287, 43573, 29724, 28033, 28053, 28348, 29610, 43591, 43594, 44019, 43627, 44001, 29822, 30633, 36514, 36523, 36602, 42482, 43567, 43622, 43966, 44031, 44034, 44039, 46335, 47875, 47879, 47881, 47885, 47915, 47920, 36205, 24890, 24902, 30614, 35331, 42473, 24815, 30635, 36475, 36496, 36587, 27490, 29706, 29899], "label": "organizer"}, {"objectId": 28, "id": 28, "partId": 28, "index": 25, "dominantNormal": [0, -2.220446049250313e-16, 1], "obb": {"axesLengths": [1.028762023191252, 0.17999999567866354, 0.8353451119726163], "centroid": [-1.8615743473762494, 2.8794809558377334, -0.02000008455850022], "normalizedAxes": [0.7914456725120544, 0.6112395524978638, 1.357224449489411e-16, 0, -2.220446049250313e-16, 1, 0.6112395524978638, -0.7914456725120544, -1.7573624167256484e-16]}, "segments": [18937, 19030, 41291, 729, 16280, 16285, 38238, 40983, 41359, 41549, 664, 19805, 2469, 41554, 41349, 682, 2536, 693, 756, 16013, 16020, 18960, 18963, 41415, 40309, 22275, 11381, 41911, 41898], "label": "kitchen hood"}, {"objectId": 30, "id": 30, "partId": 30, "index": 26, "dominantNormal": [0, -2.220446049250313e-16, 1], "obb": {"axesLengths": [0.17070622206877653, 0.12843599628427627, 0.13300019533316407], "centroid": [-1.4197387700188546, 3.075463452485473, 0.20859791267630645], "normalizedAxes": [0.10222684592008591, 0.9947611093521118, 2.2088133752087554e-16, 0, -2.220446049250313e-16, 1, 0.9947611093521118, -0.10222684592008591, -2.2698919615057524e-17]}, "segments": [35561, 36387, 36811], "label": "lamp"}, {"objectId": 31, "id": 31, "partId": 31, "index": 27, "dominantNormal": [-0.6160978674888611, -0.7876695990562439, -1.748977849339015e-16], "obb": {"axesLengths": [0.16103448672252155, 0.12784801137787072, 0.11995333591978276], "centroid": [-2.1687576963349158, 2.4831775933182865, 0.20560491765987288], "normalizedAxes": [0.7876695990562439, -0.6160978674888611, -1.3680120758171845e-16, 0, -2.220446049250313e-16, 1, -0.6160978674888611, -0.7876695990562439, -1.748977849339015e-16]}, "segments": [15163, 16103, 16104, 40592], "label": "lamp"}, {"objectId": 32, "id": 32, "partId": 32, "index": 28, "dominantNormal": [0.9903303384780884, 0.13872922956943512, 3.080407697129919e-17], "obb": {"axesLengths": [0.34299263545845654, 0.300000005215406, 0.14887612657082805], "centroid": [-1.3140194687988078, 3.209427600683001, -0.5400000650379793], "normalizedAxes": [-0.13872922956943512, 0.9903303384780884, 2.1989750875263967e-16, 0, -2.220446049250313e-16, 1, 0.9903303384780884, 0.13872922956943512, 3.080407697129919e-17]}, "segments": [11083, 38019, 114], "label": "bottle"}, {"objectId": 33, "id": 33, "partId": 33, "index": 29, "dominantNormal": [0.84553462266922, 0.5339205861091614, 1.185541856039499e-16], "obb": {"axesLengths": [0.2706761967541441, 0.3338059708370424, 0.14358589359181811], "centroid": [-1.488618619392571, 3.120176683951626, -0.5480570631107597], "normalizedAxes": [-0.5339205861091614, 0.84553462266922, 1.8774640124102237e-16, 0, -2.220446049250313e-16, 1, 0.84553462266922, 0.5339205861091614, 1.185541856039499e-16]}, "segments": [293, 37983, 130, 22500, 37999, 38028, 38079, 38082], "label": "bottle"}, {"objectId": 34, "id": 34, "partId": 34, "index": 30, "dominantNormal": [-0.6871910691261292, -0.7264767289161682, -1.6131023825941964e-16], "obb": {"axesLengths": [0.29100510552275466, 0.3081670036576613, 0.14791191664816844], "centroid": [-1.39939747342051, 3.1540468004004985, -0.5561035856674552], "normalizedAxes": [0.7264767289161682, -0.6871910691261292, -1.5258706945212123e-16, 0, -2.220446049250313e-16, 1, -0.6871910691261292, -0.7264767289161682, -1.6131023825941964e-16]}, "segments": [97, 38089], "label": "bottle"}, {"objectId": 35, "id": 35, "partId": 35, "index": 31, "dominantNormal": [0, -2.220446049250313e-16, 1], "obb": {"axesLengths": [0.42142386674983506, 0.30351298369065693, 0.3920005380210347], "centroid": [-1.6997283001716907, 2.8276137472097256, -0.7182435789295973], "normalizedAxes": [0.9998444318771362, -0.017638780176639557, -3.916595975681404e-18, 0, -2.220446049250313e-16, 1, -0.017638780176639557, -0.9998444318771362, -2.220100618626511e-16]}, "segments": [37447, 16868, 1221, 16847, 16875, 16886, 37572, 40180, 46808, 46829, 48506, 48473, 22431, 250, 253, 26152, 37571], "label": "pot"}, {"objectId": 36, "id": 36, "partId": 36, "index": 32, "dominantNormal": [0, -2.220446049250313e-16, 1], "obb": {"axesLengths": [0.31196975439593233, 0.25109195147994257, 0.30187772868151563], "centroid": [-1.7316220625004608, 2.612846996285138, -0.6444540734282715], "normalizedAxes": [0.9091958403587341, 0.4163687527179718, 9.24524352003901e-17, 0, -2.220446049250313e-16, 1, 0.4163687527179718, -0.9091958403587341, -2.0188203117193696e-16]}, "segments": [15897, 17028, 16808, 16952, 40177, 40179, 40195, 47964, 47933, 42249], "label": "pot"}, {"objectId": 37, "id": 37, "partId": 37, "index": 33, "dominantNormal": [0.9563387036323547, 0.29226064682006836, 6.489489985829619e-17], "obb": {"axesLengths": [0.22521359041233527, 0.20969500669028585, 0.07964902443587968], "centroid": [-2.4250213182340365, 2.2721097142088165, -0.5748475771003012], "normalizedAxes": [-0.29226064682006836, 0.9563387036323547, 2.123498496225628e-16, 0, -2.220446049250313e-16, 1, 0.9563387036323547, 0.29226064682006836, 6.489489985829619e-17]}, "segments": [13209], "label": "cut board"}, {"objectId": 38, "id": 38, "partId": 38, "index": 34, "dominantNormal": [0.9307206273078918, 0.365730881690979, 8.12085691339568e-17], "obb": {"axesLengths": [0.21284851890751977, 0.22547700497186907, 0.15499957510988063], "centroid": [-2.4557740932863688, 2.4275454769871336, -0.5827385762410928], "normalizedAxes": [-0.365730881690979, 0.9307206273078918, 2.0666149398615815e-16, 0, -2.220446049250313e-16, 1, 0.9307206273078918, 0.365730881690979, 8.12085691339568e-17]}, "segments": [15433, 15515, 15540], "label": "plant"}, {"objectId": 39, "id": 39, "partId": 39, "index": 35, "dominantNormal": [0.8070879578590393, 0.5904312133789062, 1.311020655101261e-16], "obb": {"axesLengths": [0.5320743239009683, 0.41999999240040775, 0.2103617604647414], "centroid": [-2.3654544193765448, 2.301075296639186, -0.020000088283790296], "normalizedAxes": [-0.5904312133789062, 0.8070879578590393, 1.792095267425607e-16, 0, -2.220446049250313e-16, 1, 0.8070879578590393, 0.5904312133789062, 1.311020655101261e-16]}, "segments": [15199, 15025, 12782, 40351, 15076, 40342, 14993], "label": "kitchen rack"}, {"objectId": 40, "id": 40, "partId": 40, "index": 36, "dominantNormal": [0.45626571774482727, -0.8898435831069946, -1.9758496685606689e-16], "obb": {"axesLengths": [0.4540869513157384, 0.24946489931348925, 0.1515494078231595], "centroid": [-2.405298879036381, 1.6653854412759117, 0.10526746392211006], "normalizedAxes": [0.8898435831069946, 0.4562656879425049, 1.0131133442004112e-16, 0, -2.220446049250313e-16, 1, 0.4562656879425049, -0.8898435831069946, -1.9758496685606689e-16]}, "segments": [11015, 10933, 3445, 3507, 38634], "label": "plant"}, {"objectId": 41, "id": 41, "partId": 41, "index": 37, "dominantNormal": [0.5614967942237854, -0.8274788856506348, -1.8373722224810035e-16], "obb": {"axesLengths": [0.6588358032874682, 0.43999995797872615, 0.13013258217415763], "centroid": [-2.408687336822508, 1.6939998271290926, -0.3100000660065547], "normalizedAxes": [0.8274788856506348, 0.5614967942237854, 1.2467733384009203e-16, 0, -2.220446049250313e-16, 1, 0.5614967942237854, -0.8274788856506348, -1.8373722224810035e-16]}, "segments": [39806, 2959, 10802, 39744, 2950, 12370, 39869, 12462, 12712, 39877], "label": "kitchen rack"}, {"objectId": 42, "id": 42, "partId": 42, "index": 38, "dominantNormal": [0, -2.220446049250313e-16, 1], "obb": {"axesLengths": [0.4518861298820181, 0.26994219377766104, 0.43546174517275255], "centroid": [-2.1055085606652764, 1.095716538312734, -0.11502898297580377], "normalizedAxes": [0.8735585808753967, 0.4867190420627594, 1.080733374043151e-16, 0, -2.220446049250313e-16, 1, 0.4867190420627594, -0.8735585808753967, -1.9396896996934848e-16]}, "segments": [2274, 38482, 2323, 1389, 1444, 1475, 1520, 1563, 2176, 2184, 38359, 1445, 2217, 2284, 2221, 38877, 38912, 38917, 38920, 38546, 2634, 38557, 7907, 18724, 1723, 2206, 1988, 2655, 4339, 38823, 38935, 38937, 48610, 1473, 2628], "label": "shelf"}, {"objectId": 43, "id": 43, "partId": 43, "index": 39, "dominantNormal": [0, -2.220446049250313e-16, 1], "obb": {"axesLengths": [0.4785266741791651, 0.278548823846344, 0.4626549390680805], "centroid": [-1.343157235511374, 0.13304190332174026, -0.1403956673545801], "normalizedAxes": [0.9415018558502197, 0.3370077908039093, 7.483076176571164e-17, 0, -2.220446049250313e-16, 1, 0.3370077908039093, -0.9415018558502197, -2.0905540761844582e-16]}, "segments": [21040, 41735, 41741, 41815, 21441, 41794, 21373, 42087, 20900, 41676, 41684, 41695, 41812, 23144, 23178, 20870, 23139, 42061, 42084, 23102, 21022, 41721, 23217], "label": "shelf"}, {"objectId": 44, "id": 44, "partId": 44, "index": 40, "dominantNormal": [0, -2.220446049250313e-16, 1], "obb": {"axesLengths": [3.303242246726044, 0.3000000648200496, 1.839533812821929], "centroid": [-1.6300654580764107, 2.009792191975792, 1.1799998953249324], "normalizedAxes": [0.7102108597755432, 0.7039889693260193, 1.5631695256557594e-16, 0, -2.220446049250313e-16, 1, 0.7039889693260193, -0.7102108597755432, -1.576984897723273e-16]}, "segments": [11525, 6274, 11464, 19309, 19324, 42018, 22781, 42008, 1107, 1088, 39645, 5369, 5234, 4711, 5990, 4715, 5382, 5991, 6553, 6554, 8298, 8320, 5394, 3833, 2851, 2852, 2940, 3561, 3843, 8127, 8200, 2877, 8460, 7378, 8643, 7893, 8601, 9006, 39215, 41110, 17167, 17177, 966, 1030, 2096, 2110, 2118, 8145, 8208, 8211, 11479, 11539, 12967, 12987, 12989, 19318, 22837, 39204, 7572, 41196, 17192], "label": "ceiling"}, {"objectId": 46, "id": 46, "partId": 46, "index": 41, "dominantNormal": [0.780158519744873, -0.6255818605422974, -1.3890707707238045e-16], "obb": {"axesLengths": [0.19252477249885042, 0.36829798590470864, 0.1872794411430594], "centroid": [-0.07155493774690191, 2.0704858106183233, -0.6915150686703978], "normalizedAxes": [0.6255818605422974, 0.780158519744873, 1.7322999029564757e-16, 0, -2.220446049250313e-16, 1, 0.780158519744873, -0.6255818605422974, -1.3890707707238045e-16]}, "segments": [46843, 47773, 46866, 47689, 47725], "label": "vase"}, {"objectId": 47, "id": 47, "partId": 47, "index": 42, "dominantNormal": [0.7783118486404419, 0.6278778910636902, 1.3941689826239893e-16], "obb": {"axesLengths": [0.41890032141237826, 0.3399999959766864, 0.04110706576214633], "centroid": [0.5064312252831249, 1.4595287778353043, 0.3199999151434767], "normalizedAxes": [-0.6278778910636902, 0.7783118486404419, 1.7281994693983769e-16, 0, -2.220446049250313e-16, 1, 0.7783118486404419, 0.6278778910636902, 1.3941689826239893e-16]}, "segments": [35108], "label": "picture"}, {"objectId": 48, "id": 48, "partId": 48, "index": 43, "dominantNormal": [0.76678067445755, 0.6419091820716858, 1.4253247073085746e-16], "obb": {"axesLengths": [0.4614959712535617, 0.39999999701976763, 0.02520595591711422], "centroid": [0.5484555086857599, 1.4261568320664755, -0.050000081354750536], "normalizedAxes": [-0.6419091820716858, 0.76678067445755, 1.7025951192407575e-16, 0, -2.220446049250313e-16, 1, 0.76678067445755, 0.6419091820716858, 1.4253247073085746e-16]}, "segments": [6098], "label": "picture"}, {"objectId": 49, "id": 49, "partId": 49, "index": 44, "dominantNormal": [0.7544780373573303, 0.6563252806663513, 1.4573348764787027e-16], "obb": {"axesLengths": [0.4099051466590266, 0.7000000022351738, 0.0310417450225946], "centroid": [0.6564882480343219, 1.2944454158351277, -0.08000008187629115], "normalizedAxes": [-0.6563252806663513, 0.7544780373573303, 1.6752777772962142e-16, 0, -2.220446049250313e-16, 1, 0.7544780373573303, 0.6563252806663513, 1.4573348764787027e-16]}, "segments": [6253], "label": "picture"}, {"objectId": 50, "id": 50, "partId": 50, "index": 45, "dominantNormal": [0.8054448962211609, 0.5926706790924072, 1.3159932678972358e-16], "obb": {"axesLengths": [0.6202588664466231, 0.8199999745190145, 0.11697225972025695], "centroid": [-0.5809119584707303, 2.7707089745289135, 0.05999991559051132], "normalizedAxes": [-0.5926706790924072, 0.8054448962211609, 1.788446937703105e-16, 0, -2.220446049250313e-16, 1, 0.8054448962211609, 0.5926706790924072, 1.3159932678972358e-16]}, "segments": [36761, 25647, 25684, 26621, 45505, 45508, 45515, 47980, 48014, 44595, 31844, 25771, 25362, 25458, 31896, 47464, 31955, 31977], "label": "shelf"}, {"objectId": 52, "id": 52, "partId": 52, "index": 46, "dominantNormal": [0.7199825644493103, 0.6939921379089355, 1.5409721008306744e-16], "obb": {"axesLengths": [0.41935116365179675, 0.8399999549984939, 0.11533448436599626], "centroid": [-0.6674542380748392, 2.8480088666472847, -0.6100000563208001], "normalizedAxes": [-0.6939921379089355, 0.7199825644493103, 1.59868244076058e-16, 0, -2.220446049250313e-16, 1, 0.7199825644493103, 0.6939921379089355, 1.5409721008306744e-16]}, "segments": [31634, 22687], "label": "kitchen towel"}, {"objectId": 53, "id": 53, "partId": 53, "index": 47, "dominantNormal": [0.5450270175933838, -0.8384184837341309, -1.8616630098258887e-16], "obb": {"axesLengths": [0.386631977239477, 0.3399999959766864, 0.07351003259549603], "centroid": [-2.4380069659739596, 1.6867428472294854, 0.43999991722963916], "normalizedAxes": [0.8384184837341309, 0.5450270175933838, 1.21020308794991e-16, 0, -2.220446049250313e-16, 1, 0.5450270175933838, -0.8384184837341309, -1.8616630098258887e-16]}, "segments": [9806, 9784, 10896, 7125, 39788, 10910], "label": "clock"}], "scan_id": "f62fd5ff-9a3f-2f44-894c-462b3997d695", "annId": "1342", "appId": "stk.v1"}