{"segGroups": [{"objectId": 16, "id": 16, "partId": 16, "index": 0, "dominantNormal": [-0.3000142574310303, -0.9539347290992737, -2.11816060047115e-16], "obb": {"axesLengths": [0.9367357658511879, 2.3180899697969104, 0.23239645980398077], "centroid": [-3.463066642401481, -2.55502940117181, -0.2090450795208283], "normalizedAxes": [0.9539347290992737, -0.3000142574310303, -6.661654726314976e-17, 0, -2.220446049250313e-16, 1, -0.3000142574310303, -0.9539347290992737, -2.11816060047115e-16]}, "segments": [8438, 42795, 25496, 8336, 6807, 2027, 7225, 7201, 11067, 8798], "label": "wall"}, {"objectId": 17, "id": 17, "partId": 17, "index": 1, "dominantNormal": [-0.1678389459848404, -0.9858144521713257, -2.1889478056176818e-16], "obb": {"axesLengths": [0.566784551710675, 0.2759039936385155, 0.2350529256456348], "centroid": [-3.272995279602912, -1.5323818338417106, 0.421737927830115], "normalizedAxes": [0.9858144521713257, -0.1678389310836792, -3.7267729143515105e-17, 0, -2.220446049250313e-16, 1, -0.1678389310836792, -0.9858144521713257, -2.1889478056176818e-16]}, "segments": [34319, 46349, 3538, 4398, 4439, 34325, 46376, 19231, 3654, 3566, 3569, 3587, 3605, 3609, 3655, 3661, 3681, 3711, 4450, 4478, 3673, 3678, 39372, 3636, 39474, 2413], "label": "lamp"}, {"objectId": 18, "id": 18, "partId": 18, "index": 2, "dominantNormal": [0, -2.220446049250313e-16, 1], "obb": {"axesLengths": [0.38891344402982647, 0.20469298501253896, 0.27205769319410733], "centroid": [-2.3528148239383606, 0.6449308586812775, 0.4062704185484989], "normalizedAxes": [0.9050858616828918, -0.42522889375686646, -9.441978171695152e-17, 0, -2.220446049250313e-16, 1, -0.42522889375686646, -0.9050858616828918, -2.0096943258060925e-16]}, "segments": [46453, 34157, 46411, 34176, 40747, 46304, 34216, 46323, 13552, 46404, 34225], "label": "lamp"}, {"objectId": 24, "id": 24, "partId": 24, "index": 5, "dominantNormal": [0, -2.220446049250313e-16, 1], "obb": {"axesLengths": [0.29488640228354696, 0.16929304221362518, 0.22451391189415643], "centroid": [-3.40114398921224, -1.4536362086410008, -0.7914235433617941], "normalizedAxes": [0.9336236119270325, -0.3582554757595062, -7.954869557724869e-17, 0, -2.220446049250313e-16, 1, -0.3582554757595062, -0.9336236119270325, -2.0730608605901867e-16]}, "segments": [250, 263, 245, 39090, 39117, 394, 458, 39166], "label": "box"}, {"objectId": 25, "id": 25, "partId": 25, "index": 6, "dominantNormal": [0, -2.220446049250313e-16, 1], "obb": {"axesLengths": [0.1812348394943526, 0.13180297318541312, 0.14096973192317178], "centroid": [-2.6410293015774795, 0.8408237123603135, -0.7959015508167108], "normalizedAxes": [0.9994428157806396, 0.03337690234184265, 7.411161094115804e-18, 0, -2.220446049250313e-16, 1, 0.03337690234184265, -0.9994428157806396, -2.2192088517517298e-16]}, "segments": [41148, 16113], "label": "candle"}, {"objectId": 26, "id": 26, "partId": 26, "index": 7, "dominantNormal": [0, -2.220446049250313e-16, 1], "obb": {"axesLengths": [0.5649300983534705, 0.21999999389052394, 0.23738947767576604], "centroid": [-3.508209507118873, -2.550528545370999, -0.36000005282461633], "normalizedAxes": [0.9958564639091492, -0.09093908220529556, -2.0192532580519798e-17, 0, -2.220446049250313e-16, 1, -0.09093908220529556, -0.9958564639091492, -2.2112455509074573e-16]}, "segments": [39177, 39613, 39187, 39653, 39672, 39676, 830, 831, 5059, 7404, 7455, 7497, 39051, 39054, 39670, 39722, 40087, 837, 4993, 7168, 7453, 8917, 39699, 42753, 980, 40110, 39643], "label": "player"}, {"objectId": 27, "id": 27, "partId": 27, "index": 8, "dominantNormal": [-0.2668425738811493, -0.9637401103973389, -2.1399329206358317e-16], "obb": {"axesLengths": [0.8813227810354229, 0.2962760263023667, 0.24523345372248767], "centroid": [-3.4740220885504263, -2.5190269850914637, 0.5381379286615999], "normalizedAxes": [0.9637401103973389, -0.2668425738811493, -5.925095389461827e-17, 0, -2.220446049250313e-16, 1, -0.2668425738811493, -0.9637401103973389, -2.1399329206358317e-16]}, "segments": [39922, 39948, 11163, 11341, 10469, 7629], "label": "shelf"}, {"objectId": 32, "id": 32, "partId": 32, "index": 11, "dominantNormal": [0.5235964059829712, -0.8519664406776428, -1.8917455172965232e-16], "obb": {"axesLengths": [0.34617381722380564, 0.7724399393996606, 0.14901328957481735], "centroid": [0.29865030098780165, 0.2986977731264546, -1.0162200123171514], "normalizedAxes": [0.8519664406776428, 0.5235964059829712, 1.1626175710665514e-16, 0, -2.220446049250313e-16, 1, 0.5235964059829712, -0.8519664406776428, -1.8917455172965232e-16]}, "segments": [32242, 8042, 39982, 44333, 23301], "label": "wall"}, {"objectId": 33, "id": 33, "partId": 33, "index": 12, "dominantNormal": [0.9520301222801208, -0.30600425601005554, -6.794659413113092e-17], "obb": {"axesLengths": [0.3384539767577828, 0.33999998107552554, 0.04140912530722785], "centroid": [-3.4917808016632064, -1.3316180590642195, -0.3400000499933957], "normalizedAxes": [0.30600425601005554, 0.9520301222801208, 2.1139315237841868e-16, 0, -2.220446049250313e-16, 1, 0.9520301222801208, -0.30600425601005554, -6.794659413113092e-17]}, "segments": [2104], "label": "picture"}, {"objectId": 34, "id": 34, "partId": 34, "index": 13, "dominantNormal": [0, -2.220446049250313e-16, 1], "obb": {"axesLengths": [0.6029591062189785, 0.20105999258771545, 0.5803438597957056], "centroid": [-2.3203064014364743, -0.2106668945208463, -0.6094700278460239], "normalizedAxes": [-0.03282446786761284, 0.9994611144065857, 2.2192494828634184e-16, 0, -2.220446049250313e-16, 1, 0.9994611144065857, 0.03282446786761284, 7.288495999538478e-18]}, "segments": [6465, 5938, 46422, 5909, 24424, 20692, 41129], "label": "pillow"}, {"objectId": 35, "id": 35, "partId": 35, "index": 14, "dominantNormal": [0, -2.220446049250313e-16, 1], "obb": {"axesLengths": [1.0645436491788005, 0.2353689617953679, 0.973678075147171], "centroid": [-2.56077745135954, -0.040425900662109104, -0.6629135479126833], "normalizedAxes": [-0.11145380139350891, 0.993769645690918, 2.2066118836392822e-16, 0, -2.220446049250313e-16, 1, 0.993769645690918, 0.11145380139350891, 2.474771529781459e-17]}, "segments": [19345, 25445, 24920, 5804, 5886, 6024, 36126, 46041, 43682], "label": "pillow"}, {"objectId": 36, "id": 36, "partId": 36, "index": 15, "dominantNormal": [0.9213480949401855, -0.3887385427951813, -8.63172961540884e-17], "obb": {"axesLengths": [0.6063748158396116, 0.353700987539418, 0.31815564681203407], "centroid": [-2.5850738109225277, -0.868324510613914, -0.5935825591478678], "normalizedAxes": [0.3887385427951813, 0.9213480949401855, 2.0458037373942374e-16, 0, -2.220446049250313e-16, 1, 0.9213480949401855, -0.3887385427951813, -8.63172961540884e-17]}, "segments": [41419, 18635, 19449, 15293, 18716, 15323, 18652, 15232], "label": "pillow"}, {"objectId": 37, "id": 37, "partId": 37, "index": 16, "dominantNormal": [0, -2.220446049250313e-16, 1], "obb": {"axesLengths": [0.9750709241460764, 0.27045797697176077, 0.8866667615624362], "centroid": [-2.852602751085794, -0.8401198431167025, -0.645229029017039], "normalizedAxes": [0.5769811272621155, 0.8167575001716614, 1.8135659644517274e-16, 0, -2.220446049250313e-16, 1, 0.8167575001716614, -0.5769811272621155, -1.2811554645211564e-16]}, "segments": [42227, 14530, 42270, 15274, 15851, 41971, 39777, 3518], "label": "pillow"}, {"objectId": 38, "id": 38, "partId": 38, "index": 17, "dominantNormal": [0, -2.220446049250313e-16, 1], "obb": {"axesLengths": [1.921612346919903, 0.36041199355396597, 1.3611020818742579], "centroid": [-1.7533872191351605, -0.827228934321551, -0.775374039440438], "normalizedAxes": [0.3223755657672882, 0.9466118216514587, 2.1019004795596235e-16, 0, -2.220446049250313e-16, 1, 0.9466118216514587, -0.3223755657672882, -7.158175513828096e-17]}, "segments": [17214, 47808, 33079, 47845, 33654, 46065, 32782, 37655, 35511, 28073, 35514, 25821], "label": "blanket"}, {"objectId": 39, "id": 39, "partId": 39, "index": 18, "dominantNormal": [0.9251627922058105, -0.3795706331729889, -8.42816112840403e-17], "obb": {"axesLengths": [0.7243030867215504, 0.4931700119412685, 0.14624882276179585], "centroid": [-1.3787290257224698, -1.5812963174667063, -0.9765850701946386], "normalizedAxes": [0.3795706033706665, 0.9251627922058105, 2.0542740668667804e-16, 0, -2.220446049250313e-16, 1, 0.9251627922058105, -0.3795706033706665, -8.42816046665954e-17]}, "segments": [25326, 21570, 21660], "label": "blanket"}, {"objectId": 40, "id": 40, "partId": 40, "index": 19, "dominantNormal": [0, -2.220446049250313e-16, 1], "obb": {"axesLengths": [0.4683166113403597, 0.2230279395797563, 0.26717248838040436], "centroid": [-0.9867185846472758, -1.859728885055968, -0.8055290418372526], "normalizedAxes": [-0.08231450617313385, 0.9966064095497131, 2.2129107647422e-16, 0, -2.220446049250313e-16, 1, 0.9966064095497131, 0.08231450617313385, 1.8277492002812557e-17]}, "segments": [22672, 22719, 34773], "label": "pillow"}, {"objectId": 41, "id": 41, "partId": 41, "index": 20, "dominantNormal": [-0.35877084732055664, -0.9334256649017334, -2.0726213298999006e-16], "obb": {"axesLengths": [1.137704298195498, 0.4144949820378055, 0.2891648522854687], "centroid": [-0.7553659220063855, 0.7886969390658882, 0.6572474075724006], "normalizedAxes": [0.9334256649017334, -0.35877081751823425, -7.966312443446683e-17, 0, -2.220446049250313e-16, 1, -0.35877081751823425, -0.9334256649017334, -2.0726213298999006e-16]}, "segments": [33937, 46264, 12951, 42429, 23734, 33959], "label": "shelf"}, {"objectId": 1, "id": 1, "partId": 1, "index": 21, "dominantNormal": [0, -2.220446049250313e-16, 1], "obb": {"axesLengths": [5.3456874308627995, 0.1842400986498577, 4.871148208536661], "centroid": [-1.3547143085052056, -1.3712485638499983, -1.3578800274160507], "normalizedAxes": [-0.5608360767364502, 0.8279268741607666, 1.8383669567984353e-16, 0, -2.220446049250313e-16, 1, 0.8279268741607666, 0.5608360767364502, 1.2453062508664963e-16]}, "segments": [24586, 20165, 7120, 33237, 33324, 30145, 682, 736, 1078, 1356, 1416, 1425, 1443, 1478, 1489, 1501, 1573, 1588, 1595, 1605, 1621, 1680, 1767, 1782, 1787, 1822, 1833, 1841, 1868, 3357, 6940, 6965, 6967, 7598, 7623, 7628, 9321, 17667, 17682, 17698, 22297, 23386, 23454, 23587, 24442, 24447, 26177, 26208, 29055, 30088, 30207, 30224, 30240, 30241, 30310, 35217, 37645, 38259, 38338, 38976, 38985, 38988, 38994, 38999, 39002, 39005, 39007, 39010, 39024, 39938, 42653, 44605, 44611, 44614, 8020, 15710, 10378, 28476, 24182, 24238, 7579, 25784, 15025, 25550, 35322, 57, 82, 108, 173, 190, 264, 276, 294, 301, 312, 315, 421, 6844, 6864, 6865, 7966, 8770, 9805, 9814, 9845, 9865, 9876, 9882, 9889, 9930, 10021, 10054, 10097, 10102, 10126, 10154, 10158, 10164, 10188, 10327, 13851, 13858, 13867, 13869, 13872, 15151, 15197, 16360, 16932, 17132, 17230, 17233, 17263, 17283, 17284, 17304, 17311, 17362, 17380, 17462, 17557, 19686, 19721, 19756, 21843, 21874, 22004, 22160, 22396, 24338, 24425, 24445, 26701, 26703, 27142, 28169, 28281, 28285, 28293, 28345, 28349, 28361, 30436, 34915, 35818, 36036, 36110, 37642, 37667, 37672, 37742, 37860, 37865, 38935, 38937, 38939, 38942, 38945, 38949, 38950, 38957, 39030, 39876, 39885, 39892, 40654, 43120, 43549, 46828, 47066, 47079, 47088, 24904], "label": "floor"}, {"objectId": 2, "id": 2, "partId": 2, "index": 22, "dominantNormal": [0.7578446865081787, 0.6524350047111511, 1.448696728603485e-16], "obb": {"axesLengths": [0.9782394161011618, 0.9807529528270741, 0.9064394121781613], "centroid": [-0.8823909699148962, -1.915811085190472, -0.899793532122817], "normalizedAxes": [-0.6524350047111511, 0.7578446865081787, 1.6827532401024275e-16, 0, -2.220446049250313e-16, 1, 0.7578446865081787, 0.6524350047111511, 1.448696728603485e-16]}, "segments": [44300, 29147, 21168, 9040, 42876, 22594, 43597, 9020, 7984, 7996, 7997, 9099, 10283, 43088, 46606, 46513, 46537, 26095, 34846, 17740, 25648, 21179, 12153, 10760, 34863, 9383, 43645, 11405], "label": "chair"}, {"objectId": 3, "id": 3, "partId": 3, "index": 23, "dominantNormal": [0, -2.220446049250313e-16, 1], "obb": {"axesLengths": [2.432636930861737, 1.379999955072999, 2.062592056945719], "centroid": [-2.0588191744269664, -0.7629736007365087, -0.7000000385567547], "normalizedAxes": [0.9250016808509827, -0.3799630105495453, -8.436873656359929e-17, 0, -2.220446049250313e-16, 1, -0.3799630105495453, -0.9250016808509827, -2.0539163277954634e-16]}, "segments": [18918, 27960, 17453, 5844, 3369, 3394, 3497, 5656, 5657, 5692, 5698, 5923, 6004, 6847, 14394, 14416, 15028, 15059, 15077, 15223, 17240, 17249, 18017, 18475, 18534, 18692, 18898, 19498, 20270, 21198, 21258, 21328, 21354, 21360, 21380, 21454, 21612, 21626, 21635, 21776, 21821, 21830, 22105, 22809, 24327, 25512, 25527, 27375, 27928, 27936, 28308, 28325, 28826, 30568, 30775, 30872, 31250, 32819, 32838, 33026, 33191, 33693, 33751, 35404, 35414, 35852, 36486, 36809, 37998, 38110, 38129, 38360, 38459, 38465, 39033, 39034, 39035, 39037, 39040, 39744, 39764, 39794, 40861, 40862, 41113, 41464, 41602, 41967, 42096, 42100, 42105, 42108, 42648, 43567, 44207, 45417, 45973, 45974, 46029, 46730, 46753, 46757, 46789, 47780, 47785, 48050, 28897, 5542, 7821, 9011, 5186, 4989, 18279, 6221, 18928, 21341, 23831, 36811, 36942, 4975, 25635, 5729], "label": "bed"}, {"objectId": 4, "id": 4, "partId": 4, "index": 24, "dominantNormal": [0.8840312957763672, -0.4674277603626251, -1.037898123807113e-16], "obb": {"axesLengths": [0.6955201239611314, 0.5909399258135273, 0.47105816270830453], "centroid": [-3.3585841758787325, -1.5023532585899417, -1.1054700086533285], "normalizedAxes": [0.46742770075798035, 0.8840312957763672, 1.9629437981202695e-16, 0, -2.220446049250313e-16, 1, 0.8840312957763672, -0.46742770075798035, -1.037897991458215e-16]}, "segments": [39153, 31004, 21788, 39149, 15997, 16004, 31333, 41504, 41509, 43929], "label": "nightstand"}, {"objectId": 5, "id": 5, "partId": 5, "index": 25, "dominantNormal": [0.8864271640777588, -0.4628681242465973, -1.02777369780726e-16], "obb": {"axesLengths": [0.7114880578465594, 0.5974100098592782, 0.525526008961096], "centroid": [-2.455616326154983, 0.9212029147782008, -1.101345069303847], "normalizedAxes": [0.4628681242465973, 0.8864271640777588, 1.9682636944246185e-16, 0, -2.220446049250313e-16, 1, 0.8864271640777588, -0.4628681242465973, -1.02777369780726e-16]}, "segments": [30645, 46161, 46167, 17496, 29664, 48258, 16167, 31484, 20449, 31575, 33890, 33830, 46223], "label": "nightstand"}, {"objectId": 6, "id": 6, "partId": 6, "index": 26, "dominantNormal": [0.9392011165618896, -0.34336745738983154, -7.624289142023767e-17], "obb": {"axesLengths": [4.509779563183093, 3.259999917596579, 0.4799953670575898], "centroid": [-3.139526177352831, -0.35451100364275623, 0.239999942705035], "normalizedAxes": [0.34336748719215393, 0.9392011165618896, 2.0854454087213307e-16, 0, -2.220446049250313e-16, 1, 0.9392011165618896, -0.34336748719215393, -7.624289803768257e-17]}, "segments": [7081, 44834, 8500, 13220, 3474, 3461, 32322, 10963, 29233, 19252, 44420, 29375, 44410, 44350, 29351, 12577, 7995, 34279, 45189, 12540, 2632, 12562, 12558], "label": "wall"}, {"objectId": 7, "id": 7, "partId": 7, "index": 27, "dominantNormal": [-0.2836219370365143, -0.9589361548423767, -2.1292659965030418e-16], "obb": {"axesLengths": [1.3656804179753859, 2.583529891441838, 0.3238446941040646], "centroid": [-1.8744636319896288, 1.2218694761650495, -0.12176507625508992], "normalizedAxes": [0.9589361548423767, -0.2836219370365143, -6.297672095734492e-17, 0, -2.220446049250313e-16, 1, -0.2836219370365143, -0.9589361548423767, -2.1292659965030418e-16]}, "segments": [14586, 41070, 13708, 17330, 19807, 45507, 31440, 19824, 45452, 15134, 18044, 43790, 27061, 43189, 15604, 13464, 29821, 43474, 45633, 31620, 31112, 45791, 20793, 41756, 40694, 41627, 12295, 12305, 12528, 12614, 12715, 12717, 12812, 12820, 13012, 13035, 13042, 13050, 13110, 13121, 13218, 13256, 13300, 13323, 13354, 13401, 13426, 13491, 13758, 14841, 14881, 16406, 16413, 16448, 16528, 16547, 16600, 16603, 16671, 17097, 17115, 18053, 18082, 19908, 20506, 20642, 20646, 20663, 20788, 20930, 20951, 20963, 23509, 23581, 23625, 23631, 23644, 24525, 24547, 24560, 24846, 26362, 26374, 27106, 27230, 27543, 27548, 27566, 27598, 27656, 27666, 27767, 28024, 29590, 31621, 31622, 31701, 31837, 31950, 32080, 32732, 35068, 35129, 40625, 40629, 40630, 40637, 40739, 40892, 40895, 41263, 41268, 41271, 41645, 41662, 41705, 41716, 41732, 41735, 42513, 42538, 42564, 43141, 43275, 43296, 43372, 43375, 43390, 43445, 43451, 43463, 43662, 43969, 43973, 44049, 45207, 45578, 45614, 45690, 45710, 45846, 45849, 45854, 45857, 45859, 45862, 45955, 48710, 20435, 27764, 31000, 27784, 16763, 28702, 14955, 32761, 45929, 32686, 12354, 13056, 13091, 13132, 13395, 14984, 15436, 15473, 16388, 16389, 16432, 16607, 16610, 16840, 18057, 20498, 27829, 28706, 31383, 32121, 40664, 40898, 41079, 41156, 41233, 45438, 45443, 46631, 13311, 12523, 12631, 12775, 13237, 16613, 16614, 16973, 16993, 18095, 20586, 21011, 21052, 40636, 40712, 41342, 41616, 42435, 44102, 48556], "label": "curtain"}, {"objectId": 8, "id": 8, "partId": 8, "index": 28, "dominantNormal": [-0.36237847805023193, -0.9320310354232788, -2.069524630384298e-16], "obb": {"axesLengths": [1.8200388687748292, 2.475489918690399, 0.8087997547009633], "centroid": [-0.5527083037108087, 0.7538094266933117, -0.15889501402761885], "normalizedAxes": [0.9320310354232788, -0.36237847805023193, -8.046418599199788e-17, 0, -2.220446049250313e-16, 1, -0.36237847805023193, -0.9320310354232788, -2.069524630384298e-16]}, "segments": [27962, 26974, 26982, 25934, 20059, 21933, 26757, 27967, 28009, 28184, 31188, 45263, 11922, 40517, 40478, 7926, 9397, 9403, 9404, 9432, 9433, 9440, 10079, 10095, 10101, 10176, 10945, 11148, 11948, 12203, 12939, 14075, 21504, 21958, 21992, 21994, 26749, 26822, 28039, 28182, 29127, 31175, 31286, 32007, 33539, 35384, 35385, 35399, 35655, 38561, 40283, 40291, 40321, 40324, 40467, 40616, 42656, 43001, 43004, 44284, 46300, 46700, 48641, 48793, 38626, 9207, 35400], "label": "wall"}, {"objectId": 9, "id": 9, "partId": 9, "index": 29, "dominantNormal": [-0.36914166808128357, -0.9293731451034546, -2.0636229283243037e-16], "obb": {"axesLengths": [1.0333562962889387, 0.852189998652264, 0.5652927651895879], "centroid": [-0.5286285855357737, 0.5850488850242597, -0.9560950203367699], "normalizedAxes": [0.9293731451034546, -0.36914166808128357, -8.196591585047565e-17, 0, -2.220446049250313e-16, 1, -0.36914166808128357, -0.9293731451034546, -2.0636229283243037e-16]}, "segments": [21204, 26132, 11279, 8879, 9451, 8114, 10391, 10439, 11378, 30192, 40258, 43031, 11296, 40188, 22264, 22867, 21704, 42670], "label": "table"}, {"objectId": 10, "id": 10, "partId": 10, "index": 30, "dominantNormal": [0, -2.220446049250313e-16, 1], "obb": {"axesLengths": [0.5260127307233716, 0.4573009507961355, 0.4895152034605424], "centroid": [-0.6363438621583981, 0.2427931500533682, -1.1539695321626329], "normalizedAxes": [0.9931014180183411, 0.11725838482379913, 2.6036591732347765e-17, 0, -2.220446049250313e-16, 1, 0.11725838482379913, -0.9931014180183411, -2.205128120143709e-16]}, "segments": [10446, 11537, 10612, 40569, 12029, 9505, 35937, 10665, 10679, 11605, 11628, 11676, 11713, 40297, 40301, 40432, 40473, 40555, 46802, 46804], "label": "stool"}, {"objectId": 11, "id": 11, "partId": 11, "index": 31, "dominantNormal": [0, -2.220446049250313e-16, 1], "obb": {"axesLengths": [0.8317890299893865, 0.13999998256564186, 0.4557410158537499], "centroid": [-0.49786951946090796, 1.0737737195053727, -0.5800000318139795], "normalizedAxes": [0.761746883392334, -0.6478747725486755, -1.4385709791146518e-16, 0, -2.220446049250313e-16, 1, -0.6478747725486755, -0.761746883392334, -1.691417857757247e-16]}, "segments": [22926, 22977], "label": "mirror"}, {"objectId": 12, "id": 12, "partId": 12, "index": 32, "dominantNormal": [0, -2.220446049250313e-16, 1], "obb": {"axesLengths": [0.687481940859552, 0.26478802565959025, 0.40079196357314484], "centroid": [-0.4251126220889778, -0.9089068853823504, -0.9369060802406213], "normalizedAxes": [0.9002150297164917, 0.4354456067085266, 9.668834770793535e-17, 0, -2.220446049250313e-16, 1, 0.4354456067085266, -0.9002150297164917, -1.9988789062097372e-16]}, "segments": [11095, 40319, 41557, 41569, 9657, 9661, 9698, 40251, 43068, 15558, 9757, 9736, 15336, 17707, 40237, 17644], "label": "table"}, {"objectId": 13, "id": 13, "partId": 13, "index": 33, "dominantNormal": [-0.2666712701320648, -0.9637875556945801, -2.1400382703586464e-16], "obb": {"axesLengths": [2.526340874306482, 2.17999995842576, 0.6301206754949397], "centroid": [-1.7738232048007132, -2.7962620793205137, -0.30000003688037435], "normalizedAxes": [0.9637875556945801, -0.2666712701320648, -5.921291682133063e-17, 0, -2.220446049250313e-16, 1, -0.2666712701320648, -0.9637875556945801, -2.1400382703586464e-16]}, "segments": [32662, 6637, 2710, 1265, 39841, 6380, 24661, 5833, 21183, 2743, 6395, 6446, 6549, 6551, 6599, 6614, 6616, 9552, 9577, 9650, 9651, 32477, 33660, 38540, 38827, 39390, 39392, 39400, 39824, 39889, 43521, 43902, 46488, 46587, 5503, 5446, 34884], "label": "wardrobe"}, {"objectId": 14, "id": 14, "partId": 14, "index": 34, "dominantNormal": [0.9366422295570374, -0.350287526845932, -7.777945550867127e-17], "obb": {"axesLengths": [0.8944228036390106, 0.659999983534217, 0.18258285551706432], "centroid": [-3.153054923908451, -0.2723349119691611, 0.35999992895871413], "normalizedAxes": [0.350287526845932, 0.9366422295570374, 2.0797635381809284e-16, 0, -2.220446049250313e-16, 1, 0.9366422295570374, -0.350287526845932, -7.777945550867127e-17]}, "segments": [866, 1843, 1022, 8566, 1646, 39189], "label": "mirror"}, {"objectId": 15, "id": 15, "partId": 15, "index": 35, "dominantNormal": [-0.3544899523258209, -0.9350598454475403, -2.0762499396365992e-16], "obb": {"axesLengths": [0.9046662124993337, 1.0509399238763761, 0.4155642005871042], "centroid": [-3.446638145235217, -2.4272853943792185, -0.8754700096219039], "normalizedAxes": [0.9350598454475403, -0.3544899523258209, -7.871258141408009e-17, 0, -2.220446049250313e-16, 1, -0.3544899523258209, -0.9350598454475403, -2.0762499396365992e-16]}, "segments": [5469, 5463, 35381, 5527, 19002, 6338, 12037, 13250, 7398], "label": "commode"}], "scan_id": "0cac760f-8d6f-2d13-8d9d-2d8df8f8cb6e", "annId": "4107", "appId": "stk.v1"}