{"segGroups": [{"objectId": 1, "id": 1, "partId": 1, "index": 0, "dominantNormal": [0, -2.220446049250313e-16, 1], "obb": {"axesLengths": [3.185623822573731, 0.16778993231527678, 2.4046396300710624], "centroid": [-0.4494147244232664, 0.06904424828012501, -1.153894985380135], "normalizedAxes": [0.9999275803565979, 0.012034012004733086, 2.672087441254042e-18, 0, -2.220446049250313e-16, 1, 0.012034012004733086, -0.9999275803565979, -2.2202852453392328e-16]}, "segments": [6143, 28206, 37573, 23130, 28270, 6418], "label": "floor"}, {"objectId": 2, "id": 2, "partId": 2, "index": 1, "dominantNormal": [0.7597392201423645, 0.6502279043197632, 1.4437959812591287e-16], "obb": {"axesLengths": [2.911281358049896, 2.57999998524785, 0.44657911018125773], "centroid": [-0.9187398085279325, -1.1025610425086692, 0.09999997131526528], "normalizedAxes": [-0.6502279043197632, 0.7597392201423645, 1.6869599498256271e-16, 0, -2.220446049250313e-16, 1, 0.7597392201423645, 0.6502279043197632, 1.4437959812591287e-16]}, "segments": [14322, 25375, 494, 6073, 26907, 38625, 38675, 37242, 30060, 36686, 1602, 1617, 1211, 1365, 28300, 1261], "label": "wall"}, {"objectId": 3, "id": 3, "partId": 3, "index": 2, "dominantNormal": [0.8231201767921448, 0.5678672790527344, 1.260918656271169e-16], "obb": {"axesLengths": [0.5551710590962591, 0.3104399671307215, 0.1202447919611638], "centroid": [-0.21133797824779088, -1.7580154615396282, 0.5652199801380937], "normalizedAxes": [-0.5678672790527344, 0.8231201171875, 1.827693812267439e-16, 0, -2.220446049250313e-16, 1, 0.8231201171875, 0.5678672790527344, 1.260918656271169e-16]}, "segments": [35450, 3454, 35493, 3468, 3423, 36101, 3517, 3520, 5146, 5166, 35457, 35477, 35480], "label": "spices"}, {"objectId": 4, "id": 4, "partId": 4, "index": 3, "dominantNormal": [0.6426310539245605, -0.7661758065223694, -1.7012520426237674e-16], "obb": {"axesLengths": [2.6234309120770316, 1.7199999305605893, 0.2142597078101235], "centroid": [0.9928092880138968, -1.3132934724654273, 0.5499999791383743], "normalizedAxes": [0.7661758065223694, 0.6426309943199158, 1.4269274524634574e-16, 0, -2.220446049250313e-16, 1, 0.6426309943199158, -0.7661758065223694, -1.7012520426237674e-16]}, "segments": [31438, 71, 33835, 30111, 104, 5497, 16685, 27722, 29578, 29583, 31467, 31498, 31501, 31553, 31573, 31619, 31647, 31655, 31685, 31689, 31708, 31737, 31803, 37179, 42141, 42143, 42202, 42261, 43780, 24034, 23180, 42694, 18125, 15919, 16638, 16743, 16847, 19415, 23210, 23903, 23940, 29280, 31490, 31621, 31694, 31728, 31750, 37190, 38916, 42137, 42263, 42345, 43997, 16086, 19346, 5451], "label": "wall"}, {"objectId": 5, "id": 5, "partId": 5, "index": 4, "dominantNormal": [0.7664346694946289, 0.6423222422599792, 1.4262418851717734e-16], "obb": {"axesLengths": [2.900620376140426, 1.6348159543838503, 0.22637967757867963], "centroid": [1.0672357975351305, 0.5558918068888237, 0.5725919867472651], "normalizedAxes": [-0.6423222422599792, 0.7664346694946289, 1.7018268338878182e-16, 0, -2.220446049250313e-16, 1, 0.7664346694946289, 0.6423222422599792, 1.4262418851717734e-16]}, "segments": [9027, 33889, 2321, 2793, 4013, 4016, 4268, 8182, 11190, 19234, 35675, 35689, 35939], "label": "wall"}, {"objectId": 6, "id": 6, "partId": 6, "index": 5, "dominantNormal": [0.6422914266586304, -0.7664604783058167, -1.701884140960656e-16], "obb": {"axesLengths": [2.550642962933872, 2.582059921725244, 0.2251657541360746], "centroid": [-0.7959939752510427, 0.8722874793099791, 0.07795996230930191], "normalizedAxes": [0.7664604783058167, 0.6422914266586304, 1.426173460791503e-16, 0, -2.220446049250313e-16, 1, 0.6422914266586304, -0.7664604783058167, -1.701884140960656e-16]}, "segments": [25573, 40020, 6941, 7079, 17040, 19218, 19737, 25094, 25130, 25731, 25808, 26094, 37298, 37787, 38593, 38598, 38603, 39089, 39323, 40165, 40160, 19704], "label": "wall"}, {"objectId": 7, "id": 7, "partId": 7, "index": 6, "dominantNormal": [0.7023835778236389, -0.7117986679077148, -1.580510540017321e-16], "obb": {"axesLengths": [0.8651735016962305, 2.020889892707245, 0.2526555102116048], "centroid": [-0.7962927188460266, 0.9489591319021313, -0.18044497228164258], "normalizedAxes": [0.7117986679077148, 0.7023835778236389, 1.5596048404367988e-16, 0, -2.220446049250313e-16, 1, 0.7023835778236389, -0.7117986679077148, -1.580510540017321e-16]}, "segments": [26828, 7139, 29103, 16191, 19955, 21163, 24694, 25084], "label": "door"}, {"objectId": 8, "id": 8, "partId": 8, "index": 7, "dominantNormal": [0, -2.220446049250313e-16, 1], "obb": {"axesLengths": [3.662787679927768, 0.11713993287518765, 3.4991259143741313], "centroid": [0.10455112572271186, -0.2552142978651788, 1.3639699604965005], "normalizedAxes": [0.9091697931289673, -0.41642558574676514, -9.246505466781521e-17, 0, -2.220446049250313e-16, 1, -0.41642558574676514, -0.9091697931289673, -2.0187624752509398e-16]}, "segments": [20185, 43900, 7054, 259, 19561, 30156, 36469, 37757], "label": "ceiling"}, {"objectId": 9, "id": 9, "partId": 9, "index": 8, "dominantNormal": [0.9924026727676392, -0.12303245812654495, -2.731869355766413e-17], "obb": {"axesLengths": [0.9200131214890308, 2.0487949390233684, 0.23079480912956601], "centroid": [-2.0564982776727536, -0.6750636162253956, -0.1456024521082091], "normalizedAxes": [0.12303245067596436, 0.9924026727676392, 2.2035765940123556e-16, 0, -2.220446049250313e-16, 1, 0.9924026727676392, -0.12303245067596436, -2.7318691903302906e-17]}, "segments": [19023, 16654, 27843, 27851, 16652, 29752, 12902, 10743, 14278, 10188, 10695, 10696, 10705, 12927, 29972, 30090, 37204, 37740, 37743, 40946, 28821, 16118], "label": "door"}, {"objectId": 10, "id": 10, "partId": 10, "index": 9, "dominantNormal": [0.6285033822059631, -0.7778068780899048, -1.727078209534449e-16], "obb": {"axesLengths": [1.3717162219803825, 1.9999999552965164, 0.10849709760444644], "centroid": [-2.895684429424582, -0.8917214641818183, -0.1499999634921556], "normalizedAxes": [0.7778068780899048, 0.6285033822059631, 1.3955578519596904e-16, 0, -2.220446049250313e-16, 1, 0.6285033822059631, -0.7778068780899048, -1.727078209534449e-16]}, "segments": [11981, 11375, 19441, 30122, 13405, 6665, 6676, 6718, 6755, 7815, 7842, 7847, 7870, 8638, 8645, 9153, 9155, 9197, 9229, 9246, 9273, 9283, 9285, 9287, 9716, 9935, 9984, 10064, 10557, 11449, 11796, 11801, 11921, 11973, 12053, 12092, 12106, 13070, 13083, 13089, 13090, 13094, 13125, 13162, 13178, 13207, 13345, 13347, 13357, 13376, 13383, 19412, 35661, 35665, 35668, 35886, 35894, 35901, 35905, 35941, 36334, 36336, 36338, 36488, 36493, 36640, 36644, 37754, 38342, 12109, 7834, 11083], "label": "wall"}, {"objectId": 11, "id": 11, "partId": 11, "index": 10, "dominantNormal": [0.7775521278381348, 0.6288185119628906, 1.3962575805834612e-16], "obb": {"axesLengths": [0.9664983201757882, 0.9769459148433964, 0.15004147571121443], "centroid": [-0.5355434696102152, -0.9947241043228143, 0.8132769674820381], "normalizedAxes": [-0.6288185119628906, 0.7775521278381348, 1.7265125503443607e-16, 0, -2.220446049250313e-16, 1, 0.7775521278381348, 0.6288185119628906, 1.3962575805834612e-16]}, "segments": [16299, 19683, 19989, 23937, 15942, 38353], "label": "kitchen cabinet"}, {"objectId": 12, "id": 12, "partId": 12, "index": 11, "dominantNormal": [0, -2.220446049250313e-16, 1], "obb": {"axesLengths": [2.5307648858564957, 0.2415979897618742, 2.13792817798106], "centroid": [0.3115542492747434, -0.5309541753484757, -0.2907989835560545], "normalizedAxes": [0.7812519073486328, 0.6242159008979797, 1.386037731028144e-16, 0, -2.220446049250313e-16, 1, 0.6242159008979797, -0.7812519073486328, -1.7347277111415434e-16]}, "segments": [9112, 2268, 2585, 32662, 30794, 17685, 13277, 922, 2281, 2944, 2948, 2953, 2957, 2976, 2980, 5046, 5597, 5715, 5722, 5728, 5731, 6824, 7570, 7601, 7621, 7660, 7720, 7950, 8054, 8328, 8567, 9620, 12238, 12277, 26068, 26070, 27106, 27697, 30221, 30225, 31111, 31250, 32268, 32298, 32315, 32318, 35048, 35549, 35554, 35558, 35574, 35644, 35649, 35743, 35804, 36732, 41778, 42349, 42382, 42409, 42448, 42459, 42492, 42525, 34527, 41229, 17451, 17711, 42441, 32246, 42502, 5242, 41750], "label": "kitchen counter"}, {"objectId": 13, "id": 13, "partId": 13, "index": 12, "dominantNormal": [0.9553404450416565, 0.29550737142562866, 6.56158175406382e-17], "obb": {"axesLengths": [2.6209844930692405, 1.8836298759960401, 1.5418306380308733], "centroid": [0.25141027460509124, 0.10402572164930957, -0.2847049675575277], "normalizedAxes": [-0.29550737142562866, 0.9553404450416565, 2.121281916881782e-16, 0, -2.220446049250313e-16, 1, 0.9553404450416565, 0.29550737142562866, 6.56158175406382e-17]}, "segments": [855, 21986, 11211, 18409, 20625, 22677, 30710, 3777, 17339, 813, 822, 826, 1128, 1202, 1444, 1482, 1741, 1907, 2083, 2085, 2178, 2184, 2191, 2227, 2228, 2718, 2797, 3012, 3026, 3070, 3071, 3092, 3095, 3100, 3101, 3118, 3167, 3186, 3217, 3644, 3654, 3669, 3699, 3702, 3709, 3712, 3744, 4862, 5203, 5384, 5523, 5564, 5638, 5761, 11154, 11742, 11763, 11771, 16943, 17441, 18795, 18796, 18801, 18812, 18850, 20683, 20703, 20727, 21714, 21858, 21902, 24451, 30584, 30601, 30615, 30631, 30664, 30675, 30753, 30905, 31000, 31249, 35039, 35042, 35044, 35046, 35060, 35069, 35083, 35085, 35089, 35168, 35174, 35177, 35181, 35185, 35192, 35361, 35535, 36331, 38036, 38259, 38345, 38409, 38415, 38421, 38424, 38428, 38432, 38436, 38438, 38440, 38447, 38974, 39577, 41202, 41297, 41298, 41301, 41308, 41315, 41427, 41527, 41580, 42100, 42545, 20656, 21487, 3583, 3146, 31865, 3125, 35321], "label": "kitchen cabinet"}, {"objectId": 14, "id": 14, "partId": 14, "index": 13, "dominantNormal": [0.7346168160438538, 0.6784822344779968, 1.5065331970331926e-16], "obb": {"axesLengths": [1.1344615787223276, 1.2525009679980355, 0.5436346929077022], "centroid": [1.1948356760352243, 0.7086992193338493, 0.4112294988059364], "normalizedAxes": [-0.6784822344779968, 0.7346168160438538, 1.631177006897419e-16, 0, -2.220446049250313e-16, 1, 0.7346168160438538, 0.6784822344779968, 1.5065331970331926e-16]}, "segments": [32619, 31890, 33081, 6002, 10355, 6715, 6556, 5405, 5455, 5473, 5840, 6402, 6417, 6480, 31329, 31876, 31885, 31915, 31921, 31939, 31971, 31975, 32378, 32391, 32626, 32650, 32665, 32704, 32728, 32730, 32734, 32737, 32763, 32776, 33157, 33615, 33626, 33632, 35195, 35199, 35281, 42554, 42560, 43064, 43092, 43101, 43115, 43117, 31932, 10312, 5413, 32024, 33584, 3410, 8133, 8195, 8196, 8263, 8885, 8903, 8916, 8936, 8945, 8947, 8955, 8980, 9008, 9017, 12358, 12377, 12475, 30434, 31351, 32030, 32041, 35509, 35718, 35872, 35874, 36374, 36376, 36384, 36387, 36390, 36395, 36401, 41173, 41184, 4801, 5011, 7899, 7963, 35673, 32875, 33485, 43645, 3366, 4843, 35339, 5640], "label": "window"}, {"objectId": 15, "id": 15, "partId": 15, "index": 14, "dominantNormal": [0.6400200724601746, -0.7683581709861755, -1.70609786517545e-16], "obb": {"axesLengths": [0.7822243976192412, 0.7872499945629385, 0.1487016956385022], "centroid": [-1.398611680179411, 0.2894014076936247, -0.8036249752277509], "normalizedAxes": [0.7683581709861755, 0.6400200724601746, 1.4211300413350937e-16, 0, -2.220446049250313e-16, 1, 0.6400200724601746, -0.7683581709861755, -1.70609786517545e-16]}, "segments": [20141, 25351, 24950, 37314, 37781, 22597, 19168], "label": "heater"}, {"objectId": 16, "id": 16, "partId": 16, "index": 15, "dominantNormal": [0.5255864262580872, -0.8507401943206787, -1.8890227034177947e-16], "obb": {"axesLengths": [0.3288045370541093, 0.4513459905681164, 0.14760364543741802], "centroid": [-1.2248061445649756, 0.4356878806137714, -0.23567298552379756], "normalizedAxes": [0.8507401943206787, 0.5255864262580872, 1.1670363037243606e-16, 0, -2.220446049250313e-16, 1, 0.5255864262580872, -0.8507401943206787, -1.8890227034177947e-16]}, "segments": [13530, 18138, 13531], "label": "cutting board"}, {"objectId": 17, "id": 17, "partId": 17, "index": 16, "dominantNormal": [0.7469903826713562, 0.6648347973823547, 1.476229799251782e-16], "obb": {"axesLengths": [1.0083918439915123, 0.9205139669661078, 0.6013914333836923], "centroid": [-0.5701761404922034, -0.8422744991298816, -0.7168829783748911], "normalizedAxes": [-0.6648347973823547, 0.7469903826713562, 1.6586518440305924e-16, 0, -2.220446049250313e-16, 1, 0.7469903826713562, 0.6648347973823547, 1.476229799251782e-16]}, "segments": [6613, 40816, 10094, 3818, 6345], "label": "kitchen cabinet"}, {"objectId": 18, "id": 18, "partId": 18, "index": 17, "dominantNormal": [0.61733078956604, -0.7867037057876587, -1.7468331354467874e-16], "obb": {"axesLengths": [0.5569350346481158, 1.0259999105483306, 0.3629281589574672], "centroid": [0.2809079685963819, -1.7249248067781981, 0.8429999703243376], "normalizedAxes": [0.7867037057876587, 0.6173307299613953, 1.370749580423592e-16, 0, -2.220446049250313e-16, 1, 0.6173307299613953, -0.7867037057876587, -1.7468331354467874e-16]}, "segments": [43431, 43704, 32991, 33982, 33109, 32933, 43458, 33761, 4495, 33651, 4279, 35269, 4340, 43690, 4203, 4451, 211, 262, 33561, 33499, 43335, 35302, 35284, 177, 194, 234, 4078, 4090, 4118, 4185, 4229, 4242, 4366, 4406, 4496, 32871, 32876, 33030, 33242, 33280, 33317, 33335, 33337, 33666, 33695, 33709, 34163, 34164, 34200, 34276, 35225, 38924, 43277, 43301, 43328, 43437, 43468, 43748, 43783, 43803, 43819, 43980, 43982, 43986, 43989, 33576, 167, 4582], "label": "hanging cabinet"}, {"objectId": 19, "id": 19, "partId": 19, "index": 18, "dominantNormal": [0.5110531449317932, -0.8595491051673889, -1.9085824147055706e-16], "obb": {"axesLengths": [0.5559367320457824, 1.0794940051549515, 0.46127238638126533], "centroid": [1.531157718100355, -0.752336432060706, 0.8102530004027555], "normalizedAxes": [0.8595491051673889, 0.5110531449317932, 1.134765936620748e-16, 0, -2.220446049250313e-16, 1, 0.5110531449317932, -0.8595491051673889, -1.9085824147055706e-16]}, "segments": [24974, 39081, 24338, 24921, 20807, 40705, 24677, 18853, 40270, 18863, 40352, 19128, 21376, 21316, 20497, 23786, 21251, 21295, 21299, 21321, 21993, 22229, 22285, 24943, 26081, 26099, 26119, 26195, 26264, 26434, 26454, 26646, 27004, 27057, 27569, 29499, 29518, 38404, 38581, 39331, 39343, 39850, 40183, 40398, 41095, 23692, 26759, 23549, 23687, 39053, 24090, 38709, 41045, 18716, 24985], "label": "hanging cabinet"}, {"objectId": 20, "id": 20, "partId": 20, "index": 19, "dominantNormal": [0, -2.220446049250313e-16, 1], "obb": {"axesLengths": [0.6092360646035319, 0.3826180014919191, 0.577010654527147], "centroid": [0.03078680228039099, -1.4702496463733739, -0.29869098852520437], "normalizedAxes": [0.8957508206367493, 0.44455647468566895, 9.871136678844404e-17, 0, -2.220446049250313e-16, 1, 0.44455647468566895, -0.8957508206367493, -1.9889663707955957e-16]}, "segments": [39188, 31987, 13648, 19636, 42533, 6508, 13196, 13912, 32302, 38982, 28101, 24500], "label": "sink"}, {"objectId": 21, "id": 21, "partId": 21, "index": 20, "dominantNormal": [0.69659423828125, -0.717465341091156, -1.5930930820998857e-16], "obb": {"axesLengths": [0.9467938445179521, 0.6795499172907339, 0.5468108333447991], "centroid": [0.779045215117576, -1.1057208453707412, -0.8297749479165308], "normalizedAxes": [0.717465341091156, 0.69659423828125, 1.5467499243221328e-16, 0, -2.220446049250313e-16, 1, 0.69659423828125, -0.717465341091156, -1.5930930820998857e-16]}, "segments": [10390, 12645, 31477, 20895, 34639, 40993, 132, 3214, 9202, 11168, 12393, 12485, 12564, 12615, 12631, 12713, 12804, 12820, 12885, 21458, 21850, 28112, 28134, 28158, 29507, 29508, 29513, 29537, 34419, 34457, 36317, 36328, 40405, 31056, 1968, 1986, 2004, 2013, 20278, 20506, 20507, 21875, 21933, 22075, 22080, 22719, 34399, 34913, 34917, 34919, 34921, 34728, 377, 358, 13001, 421], "label": "oven"}, {"objectId": 24, "id": 24, "initialPoint": [-1.485242343834121, -0.5082939225261609, 0.8164756043600963], "index": 23, "dominantNormal": [0, -2.220446049250313e-16, 1], "obb": {"axesLengths": [0.8134242122074536, 0.06000000104308123, 0.3921406031237622], "centroid": [-1.579115121782026, -0.48541459887205685, 0.8200000136345618], "normalizedAxes": [-0.6422005295753479, 0.7665366530418396, 1.7020532828523107e-16, 0, -2.220446049250313e-16, 1, 0.7665366530418396, 0.6422005295753479, 1.42597162872204e-16]}, "segments": [29862, 27990, 16476], "partId": 24, "label": "ceiling"}, {"objectId": 25, "id": 25, "initialPoint": [-1.4993299577745893, 0.27264905092079694, -0.2501351386575825], "index": 24, "dominantNormal": [0.6401520371437073, -0.7682482600212097, -1.7058538138075224e-16], "obb": {"axesLengths": [0.3593515483580171, 0.3345809951145723, 0.09079914693345048], "centroid": [-1.504958861195325, 0.2683677627433176, -0.2772904851893223], "normalizedAxes": [0.7682482600212097, 0.6401520371437073, 1.4214230617952845e-16, 0, -2.220446049250313e-16, 1, 0.6401520371437073, -0.7682482600212097, -1.7058538138075224e-16]}, "segments": [13545], "partId": 25, "label": "cutting board"}, {"objectId": 28, "id": 28, "initialPoint": [0.0052470626357490335, 1.4207155541656817, 0.657842905614173], "index": 25, "dominantNormal": [0, -2.220446049250313e-16, 1], "obb": {"axesLengths": [0.7589103637190174, 0.371148041535585, 0.6713501842966185], "centroid": [0.1664213401333463, 1.2341916808202713, 0.715573989624366], "normalizedAxes": [-0.7061480283737183, 0.7080642580986023, 1.5722184845103955e-16, 0, -2.220446049250313e-16, 1, 0.7080642580986023, 0.7061480283737183, 1.5679635997883207e-16]}, "segments": [15825, 40459, 123, 753, 28308, 905, 40420, 28665, 13786, 3562, 3811, 28479, 40645, 40505, 3749, 28666, 713, 718, 739, 747, 752, 3651, 4139, 5369, 15787, 15886, 17390, 23334, 23357, 23395, 23410, 23413, 23439, 28318, 28319, 28371, 28383, 28433, 28441, 28635, 28643, 28662, 34931, 35022, 38704, 38719, 38728, 38745, 40406, 40463, 40466, 40550, 40561, 40625, 40654, 40658, 40669, 40673, 40676, 23285, 38690, 23251, 2807, 2812, 2840, 3677, 3718, 3732, 4148, 4161, 15857, 22725, 23181, 23362, 34987, 35027, 35035, 38686, 38712, 23278, 2762], "partId": 28, "label": "clutter"}, {"objectId": 29, "id": 29, "initialPoint": [0.5513309602735701, 0.7595594208216223, -0.1210268602070268], "index": 26, "dominantNormal": [0.7098488807678223, -0.7043539881706238, -1.5639800303071633e-16], "obb": {"axesLengths": [0.3876077066926002, 0.2868032912879447, 0.240917334625442], "centroid": [0.6320098626717949, 0.8622654989350444, -0.20659833125922833], "normalizedAxes": [0.7043539881706238, 0.7098488807678223, 1.5761811428656675e-16, 0, -2.220446049250313e-16, 1, 0.7098488807678223, -0.7043539881706238, -1.5639800303071633e-16]}, "segments": [1936, 35350, 1622, 34582], "partId": 29, "label": "pack"}, {"objectId": 30, "id": 30, "initialPoint": [0.9626474697608522, 0.26355183174720576, -0.19362109478119627], "index": 27, "dominantNormal": [0, -2.220446049250313e-16, 1], "obb": {"axesLengths": [1.1571260236053054, 0.44000000268220874, 0.6336695124407317], "centroid": [1.1043654097356956, 0.3958179983472036, -0.10999999508261671], "normalizedAxes": [-0.6143405437469482, 0.7890409827232361, 1.752022932784394e-16, 0, -2.220446049250313e-16, 1, 0.7890409827232361, 0.6143405437469482, 1.3641100332572004e-16]}, "segments": [13216, 12661, 7973, 36852, 35706, 7893, 35727, 7909, 7928, 8199, 8087, 8317, 35768, 8106, 8150, 13251, 12298, 12210, 12289, 35527, 5362, 4946, 5322, 12569, 12687, 5052, 4961, 35402], "partId": 30, "label": "clutter"}, {"objectId": 31, "id": 31, "initialPoint": [1.048170668350173, -0.2769339433180126, -0.1251408222185817], "index": 28, "dominantNormal": [0, -2.220446049250313e-16, 1], "obb": {"axesLengths": [0.42449393853998646, 0.1452089962689057, 0.25090884865668567], "centroid": [1.1903932879057366, -0.32954955484643234, -0.17739548696438612], "normalizedAxes": [0.9572627544403076, -0.2892196476459503, -6.42196623981018e-17, 0, -2.220446049250313e-16, 1, -0.2892196476459503, -0.9572627544403076, -2.1255503011914536e-16]}, "segments": [18043, 18049, 18065], "partId": 31, "label": "pot"}, {"objectId": 33, "id": 33, "initialPoint": [1.5706817547990313, -0.19207206449755365, 0.514534168881406], "index": 29, "dominantNormal": [0.7360079884529114, 0.6769728064537048, 1.5031815935400257e-16], "obb": {"axesLengths": [0.8981324202993441, 0.8272429817786142, 0.13439030031794308], "centroid": [1.6577171092823346, -0.20859614841290686, 0.1563784985308685], "normalizedAxes": [-0.6769728064537048, 0.7360079884529114, 1.634266030176937e-16, 0, -2.220446049250313e-16, 1, 0.7360079884529114, 0.6769728064537048, 1.5031815935400257e-16]}, "segments": [10147, 16279, 16255, 18895, 14711, 8152, 10056, 10100, 16393, 26204, 37019], "partId": 33, "label": "shelf"}, {"objectId": 34, "id": 34, "initialPoint": [1.391562799284245, -0.19383925989051154, -0.066205835530043], "index": 30, "dominantNormal": [0.4035692811012268, -0.9149490594863892, -2.0315950244018425e-16], "obb": {"axesLengths": [0.38803757117203386, 0.23920360604218516, 0.200913117205705], "centroid": [1.4526509089362416, -0.22333869594778555, -0.14614519243362856], "normalizedAxes": [0.9149491190910339, 0.4035692811012268, 8.961038158200081e-17, 0, -2.220446049250313e-16, 1, 0.4035692811012268, -0.9149491190910339, -2.0315951567507405e-16]}, "segments": [15430, 15602, 37034, 15514, 37016, 15196], "partId": 34, "label": "kettle"}, {"objectId": 35, "id": 35, "initialPoint": [1.7767596591474746, -0.46856063495334777, -0.2618665214681122], "index": 31, "dominantNormal": [0.6807916164398193, -0.7324771881103516, -1.6264260785056085e-16], "obb": {"axesLengths": [0.6430877335330255, 0.3599999857693911, 0.3556024814971603], "centroid": [1.6239987161862208, -0.5896074651875163, -0.1699999840185049], "normalizedAxes": [0.7324771881103516, 0.6807916164398193, 1.5116610550865313e-16, 0, -2.220446049250313e-16, 1, 0.6807916164398193, -0.7324771881103516, -1.6264260785056085e-16]}, "segments": [26648, 26527, 26607, 39793, 39443, 26142, 26531, 26471, 26528, 9669, 9472, 9436, 26318, 35930, 35919, 9617, 26303, 27635, 27687, 40297, 39469, 9489, 35913, 27095, 27619, 9483, 9447, 9691, 9694, 24621, 26275, 26292, 26345, 26414, 26485, 26505, 26557, 26559, 26610, 27046, 27050, 27051, 27060, 27082, 27097, 27113, 27121, 27384, 27416, 27478, 35935, 39362, 39465, 39510, 39528, 39529, 39531, 39535, 39539, 39542, 39549, 39855, 40239, 40289, 40339, 40345], "partId": 35, "label": "pile of bottles"}, {"objectId": 36, "id": 36, "initialPoint": [1.1874702426209525, -0.6677021616413057, -0.1329577420043957], "index": 32, "dominantNormal": [-0.5593152046203613, -0.8289550542831421, -1.8406499752890817e-16], "obb": {"axesLengths": [0.16618727174462844, 0.09663000486873075, 0.05411619373766878], "centroid": [1.2398285893396286, -0.7035548062339507, -0.17831498544704183], "normalizedAxes": [0.8289550542831421, -0.5593152046203613, -1.2419292363849118e-16, 0, -2.220446049250313e-16, 1, -0.5593152046203613, -0.8289550542831421, -1.8406499752890817e-16]}, "segments": [17749, 37260, 37263], "partId": 36, "label": "bottle"}, {"objectId": 37, "id": 37, "initialPoint": [1.1608736463785039, -1.071681606069836, -0.3955601376987814], "index": 33, "dominantNormal": [0, -2.220446049250313e-16, 1], "obb": {"axesLengths": [1.0179982471105804, 0.5855579003194441, 0.6064350778514941], "centroid": [0.9464243355251127, -1.0947352966885355, -0.3172210411976042], "normalizedAxes": [0.6463410258293152, 0.7630486488342285, 1.6943083576897522e-16, 0, -2.220446049250313e-16, 1, 0.7630486488342285, -0.6463410258293152, -1.4351653772710975e-16]}, "segments": [13706, 16676, 42080, 13563, 30489, 40910, 14073, 29466, 37180, 13773, 13871, 14139, 16445, 16528, 16541, 16797, 17756, 27583, 27626, 27627, 29588, 29603, 29628, 29653, 29658, 30733, 30782, 30884, 37156, 37158, 37161, 37238, 40276, 41312, 41636, 41639, 42015, 42032, 42097, 42101, 42128, 16435, 31860, 31313, 31631, 41140, 30418, 41166, 30325, 31151, 42282, 42119, 31120, 31794, 31039, 31003, 42029, 31479, 31779, 42148], "partId": 37, "label": "pile"}, {"objectId": 38, "id": 38, "initialPoint": [0.3205257494389173, -1.5173456392655833, -0.20226125068959444], "index": 34, "dominantNormal": [0, -2.220446049250313e-16, 1], "obb": {"axesLengths": [0.9453028554892332, 0.24323399566335988, 0.39927377556903154], "centroid": [0.2628000125587645, -1.701110448424708, -0.1916169872518556], "normalizedAxes": [0.4670320451259613, 0.8842403888702393, 1.9634080780544833e-16, 0, -2.220446049250313e-16, 1, 0.8842403888702393, -0.4670320451259613, -1.0370194594732347e-16]}, "segments": [16115, 32492, 9069, 8577, 15287, 32107, 8671, 29261, 29311, 32075, 29336], "partId": 38, "label": "dish dryer"}, {"objectId": 39, "id": 39, "initialPoint": [-0.3622973636894665, -1.2187461751706323, -0.08825206844396227], "index": 35, "dominantNormal": [0.8190826177597046, -0.5736755728721619, -1.273815659335402e-16], "obb": {"axesLengths": [0.3515717879456505, 0.28703760272925477, 0.1723120696611995], "centroid": [-0.4405485369259693, -1.2979563286599274, -0.16182019106700585], "normalizedAxes": [0.5736755728721619, 0.8190826177597046, 1.8187287626141404e-16, 0, -2.220446049250313e-16, 1, 0.8190826177597046, -0.5736755728721619, -1.273815659335402e-16]}, "segments": [2156, 34953, 1150, 1243, 1316, 1321, 2164, 2180, 2208, 34786, 34937, 1265, 1405], "partId": 39, "label": "kitchen appliance"}, {"objectId": 40, "id": 40, "initialPoint": [-0.265560568294612, -1.5457902248185058, -0.32984847214696567], "index": 36, "dominantNormal": [0, -2.220446049250313e-16, 1], "obb": {"axesLengths": [0.4685441261099547, 0.24143900927665052, 0.253884784333947], "centroid": [-0.3743879972355285, -1.5994111469702021, -0.31071948869408295], "normalizedAxes": [0.7792401313781738, 0.6267254948616028, 1.3916101490298933e-16, 0, -2.220446049250313e-16, 1, 0.6267254948616028, -0.7792401313781738, -1.730260671135961e-16]}, "segments": [24522, 961, 1925, 1549, 1774, 979, 986, 999, 1658, 1682, 1758, 1761, 1776, 1781, 13014, 27187, 34775, 34778, 34837, 34843, 34858, 34863, 34869, 34872, 34873, 1826], "partId": 40, "label": "pile"}, {"objectId": 41, "id": 41, "initialPoint": [-0.7696089023203688, -0.9876640850990055, -0.14709166576534116], "index": 37, "dominantNormal": [-0.5968650579452515, -0.802341639995575, -1.7815563246771914e-16], "obb": {"axesLengths": [0.30413620818943504, 0.35810140278708763, 0.2401985269528824], "centroid": [-0.7453700702492915, -1.0245188251651456, -0.15362429182326132], "normalizedAxes": [0.802341639995575, -0.5968650579452515, -1.3253066598500928e-16, 0, -2.220446049250313e-16, 1, -0.5968650579452515, -0.802341639995575, -1.7815563246771914e-16]}, "segments": [35628, 8425, 7189, 7223, 7261, 7268, 35635, 36213, 6858, 7388], "partId": 41, "label": "salad"}, {"objectId": 42, "id": 42, "initialPoint": [-0.8614306070917483, -0.644032837693602, -0.17514389812711073], "index": 38, "dominantNormal": [0, -2.220446049250313e-16, 1], "obb": {"axesLengths": [0.3212186627327659, 0.2631930747845827, 0.30095008063451845], "centroid": [-0.9683671782376617, -0.7154467289118711, -0.1384034579883484], "normalizedAxes": [0.8604847192764282, -0.5094762444496155, -1.1312645141750354e-16, 0, -2.220446049250313e-16, 1, -0.5094762444496155, -0.8604847192764282, -1.9106598953576098e-16]}, "segments": [10220, 8394, 8398, 8406, 8508, 10459, 8384, 10467, 10078, 10475, 36280, 36289], "partId": 42, "label": "bag"}], "scan_id": "6ed38500-7db9-2d45-810c-865e82827b54", "annId": "1740", "appId": "stk.v1"}