{"segGroups": [{"objectId": 19, "id": 19, "partId": 19, "index": 0, "dominantNormal": [0.8226683735847473, -0.5685214996337891, -1.2623713177757102e-16], "obb": {"axesLengths": [0.6817137076333514, 0.5411999700695284, 0.4979023932739818], "centroid": [-1.0863785618631523, 0.639023298085587, -1.0805999576044085], "normalizedAxes": [0.5685214996337891, 0.8226683735847473, 1.8266907399694328e-16, 0, -2.220446049250313e-16, 1, 0.8226683735847473, -0.5685214996337891, -1.2623713177757102e-16]}, "segments": [1791, 1944, 1862, 1932, 25300, 2072, 1513, 1535, 1891, 1945, 2050, 16556, 16585, 20453, 20455, 20527, 24291, 16716, 24216, 1490, 2178, 2305, 5494, 17155, 16642, 16802, 11648, 17222, 2021, 1070, 1510, 1545, 2361, 2384, 10945, 11106, 11222, 15955, 15977, 16496, 16811, 21689, 24191, 24194, 24196, 24287, 24288, 24374, 24445, 24566, 25245, 2116, 20465, 20516, 20519, 20523, 20525], "label": "clutter"}, {"objectId": 20, "id": 20, "partId": 20, "index": 1, "dominantNormal": [0.9794232845306396, 0.20181682705879211, 4.4812337631492863e-17], "obb": {"axesLengths": [0.1337325578060839, 0.23094999273978178, 0.11408764408995233], "centroid": [-0.8372743131931535, 1.0367721649120891, -1.2269749846118314], "normalizedAxes": [-0.2018168419599533, 0.9794232845306396, 2.174756562679824e-16, 0, -2.220446049250313e-16, 1, 0.9794232845306396, 0.2018168419599533, 4.4812340940215313e-17]}, "segments": [18914, 16728], "label": "cleanser"}, {"objectId": 21, "id": 21, "partId": 21, "index": 2, "dominantNormal": [0.3707636892795563, -0.9287272691726685, -2.0621887956654838e-16], "obb": {"axesLengths": [1.3714239474120984, 1.4056919796982703, 0.33750398101034845], "centroid": [-1.3513211175363726, 2.8396291984911746, 0.23284601325617693], "normalizedAxes": [0.9287272691726685, 0.3707636892795563, 8.232607690662614e-17, 0, -2.220446049250313e-16, 1, 0.3707636892795563, -0.9287272691726685, -2.0621887956654838e-16]}, "segments": [14335, 3839, 7647, 4485, 7852, 435], "label": "windowsill"}, {"objectId": 22, "id": 22, "partId": 22, "index": 3, "dominantNormal": [0.23110097646713257, -0.9729297757148743, -2.1603380766840858e-16], "obb": {"axesLengths": [0.4583030646078491, 0.3799999979138373, 0.2311744314380316], "centroid": [-1.6638808412774047, 2.758868626973074, -0.23999998687475932], "normalizedAxes": [0.9729297757148743, 0.23110096156597137, 5.131472170871096e-17, 0, -2.220446049250313e-16, 1, 0.23110096156597137, -0.9729297757148743, -2.1603380766840858e-16]}, "segments": [22418, 13878, 22455, 14157, 13990], "label": "box"}, {"objectId": 2, "id": 2, "partId": 2, "index": 4, "dominantNormal": [0, -2.220446049250313e-16, 1], "obb": {"axesLengths": [1.7279655210333174, 0.7119189937728864, 0.8729177993042283], "centroid": [-1.4277423442497121, 1.7338644758069124, -1.0136204912327114], "normalizedAxes": [-0.4169866442680359, 0.9089125990867615, 2.0181913897560332e-16, 0, -2.220446049250313e-16, 1, 0.9089125990867615, 0.4169866442680359, 9.25896346855106e-17]}, "segments": [10677, 16898, 16919, 18171, 10426, 19057, 19105, 25445, 25474, 10688, 13894, 9351, 9404, 13718, 17403, 17406, 17410, 17418, 23022, 23052, 23064, 23069, 23073, 23105, 23107, 23110, 23113, 24622, 24625, 26327, 18049, 19682, 23867, 24920, 17083, 9271, 17481, 13354, 14599, 19166, 13650, 13666, 16893, 14549, 18034, 23846, 15168, 7019, 15213, 15107, 23360, 23292, 14854, 15154, 23019], "label": "bathtub"}, {"objectId": 3, "id": 3, "partId": 3, "index": 5, "dominantNormal": [0, -2.220446049250313e-16, 1], "obb": {"axesLengths": [0.6191968122119982, 0.4539930122943292, 0.5417693541701932], "centroid": [-1.1163853733078193, 0.5762562081987301, -0.6169964714152406], "normalizedAxes": [-0.1188470795750618, 0.9929125905036926, 2.2047088388348182e-16, 0, -2.220446049250313e-16, 1, 0.9929125905036926, 0.1188470795750618, 2.6389352830738355e-17]}, "segments": [5417, 21413, 7343, 5384, 7361, 7460, 15684, 15694, 15722, 15723, 21800, 23733, 7379, 21437, 7249, 16073, 16065, 7269, 15678, 15727, 16036, 16043, 16055, 16072, 21392, 23943, 24081, 24089, 24140, 24143, 24149, 24151, 23769, 5438], "label": "sink"}, {"objectId": 4, "id": 4, "partId": 4, "index": 6, "dominantNormal": [0.8961819410324097, 0.4436867833137512, 9.851825651135986e-17], "obb": {"axesLengths": [2.9040882368898497, 1.9108600189344565, 0.22219081603595217], "centroid": [-1.5229408053443982, 1.0531537241018116, 0.08543003585450282], "normalizedAxes": [-0.4436867833137512, 0.8961819410324097, 1.989923650374891e-16, 0, -2.220446049250313e-16, 1, 0.8961819410324097, 0.4436867833137512, 9.851825651135986e-17]}, "segments": [8786, 10286, 21, 23, 1689, 1723, 5878, 7052, 7180, 7184, 8782, 9589, 19487, 19491, 20125, 25745, 25961, 25963, 25967, 25969, 13150, 5479, 23739, 7243, 20815, 3101], "label": "wall"}, {"objectId": 5, "id": 5, "partId": 5, "index": 7, "dominantNormal": [-0.40989214181900024, -0.9121339917182922, -2.0253443182977998e-16], "obb": {"axesLengths": [0.8663673865879896, 0.9679679952270981, 0.675057663451297], "centroid": [-0.7339838824118604, 0.26035649238773684, -0.8540659685892017], "normalizedAxes": [0.9121339917182922, -0.40989217162132263, -9.101434530951971e-17, 0, -2.220446049250313e-16, 1, -0.40989217162132263, -0.9121339917182922, -2.0253443182977998e-16]}, "segments": [25143, 25010, 17781, 17834, 17896, 18487, 18489, 18557, 18625, 24742, 24960, 24983, 25145, 25152, 18521, 18441, 9570, 9607, 11871, 17741, 17844, 17951, 24740, 11703, 11848, 18619, 6642, 17770, 18566, 6316, 9595, 13227, 17063, 17079, 2406, 2153, 783, 21161], "label": "washing machine"}, {"objectId": 6, "id": 6, "partId": 6, "index": 8, "dominantNormal": [0.4292652904987335, -0.9031784534454346, -2.005459028720923e-16], "obb": {"axesLengths": [0.5226536992914708, 0.7399999631941323, 0.09421680316075706], "centroid": [-0.6433420238455051, -0.1544317807323512, -0.27999996832281404], "normalizedAxes": [0.9031784534454346, 0.4292652904987335, 9.531604183682008e-17, 0, -2.220446049250313e-16, 1, 0.4292652904987335, -0.9031784534454346, -2.005459028720923e-16]}, "segments": [3116, 3086, 20345, 20705], "label": "wall"}, {"objectId": 7, "id": 7, "partId": 7, "index": 9, "dominantNormal": [0.9259199500083923, 0.37771984934806824, 8.387065472083416e-17], "obb": {"axesLengths": [0.31925528927308144, 1.0544489982474814, 0.10406748700247613], "centroid": [-0.37126694909593727, -0.14659818892817977, -0.8195354936253537], "normalizedAxes": [-0.37771981954574585, 0.9259199500083923, 2.0559552949181822e-16, 0, -2.220446049250313e-16, 1, 0.9259199500083923, 0.37771981954574585, 8.387064810338926e-17]}, "segments": [6049, 4297, 629, 5375, 20337, 20343, 20771, 20882], "label": "wall"}, {"objectId": 8, "id": 8, "partId": 8, "index": 10, "dominantNormal": [0, -2.220446049250313e-16, 1], "obb": {"axesLengths": [1.248026397825694, 0.8729749722858893, 0.9161071394012342], "centroid": [-1.0706965681187803, 2.3396886509690304, -0.9335124762939104], "normalizedAxes": [0.10524649918079376, 0.9944461584091187, 2.2081140436316785e-16, 0, -2.220446049250313e-16, 1, 0.9944461584091187, -0.10524649918079376, -2.3369417330341982e-17]}, "segments": [25991, 26245, 19677, 936, 972, 987, 1007, 2452, 10284, 10644, 18886, 18961, 18970, 19002, 19024, 19591, 19626, 25362, 25441, 26132, 20174, 548, 832, 934, 1919, 1949, 2009, 2134, 2487, 2542, 2592, 2593, 2788, 2833, 2889, 2960, 2962, 5610, 5616, 5620, 5714, 6053, 6339, 8741, 8773, 9797, 9845, 9875, 9880, 9913, 9955, 9979, 10351, 10428, 11619, 11638, 11650, 11654, 11667, 11668, 11672, 11799, 11828, 11847, 11861, 16116, 16148, 16176, 19136, 19149, 19157, 19372, 19722, 20562, 20572, 20585, 21814, 21966, 21997, 22249, 22260, 22263, 22269, 22279, 22325, 22333, 24171, 24185, 24189, 25413, 25475, 25555, 25573, 26418, 25501, 928, 890, 1620, 2125, 2205, 2554, 2582, 2627, 2771, 2825, 9926, 10135, 10159, 11769, 20414, 20532, 21823, 21927, 21999, 22003, 1989, 2441, 2517, 2704, 2724, 2725, 2737, 2750, 2859, 9050, 9867, 9874, 9902, 19345, 19392, 19421, 19422, 19434, 20441, 21724, 21728, 21730, 21739, 25715, 25723, 10175, 1459, 2095, 2096, 2773, 2816, 3664, 5272, 9856, 9896, 9983, 10013, 10151, 19033, 19341, 19359, 19446, 19457, 21849, 17354], "label": "washing machine"}, {"objectId": 9, "id": 9, "partId": 9, "index": 11, "dominantNormal": [0.41773638129234314, -0.908568263053894, -2.0174268101722382e-16], "obb": {"axesLengths": [1.124199618774699, 1.3599999839067456, 0.38266088972484186], "centroid": [-1.5189737367916147, 2.9786617053357176, 0.23000002564221544], "normalizedAxes": [0.908568263053894, 0.41773638129234314, 9.275610974687057e-17, 0, -2.220446049250313e-16, 1, 0.41773638129234314, -0.908568263053894, -2.0174268101722382e-16]}, "segments": [12685, 11399, 12901, 5132, 22662, 3433, 15962, 12701, 3316, 3434, 3528, 3563, 3568, 3573, 4587, 4589, 4981, 5025, 5039, 5155, 5205, 6345, 6369, 6436, 6445, 6473, 6475, 7785, 8057, 8187, 8237, 8284, 8285, 8322, 8325, 8327, 8361, 8411, 8448, 8535, 8628, 8644, 8657, 8680, 8723, 10748, 11347, 11348, 11395, 12359, 12409, 12430, 12460, 12516, 12612, 12750, 12839, 12897, 12937, 12979, 13020, 16009, 16334, 16336, 16340, 16350, 20891, 20898, 20901, 20904, 20934, 21031, 21064, 22176, 22225, 22227, 22228, 22231, 22236, 22237, 22238, 22247, 22471, 22472, 22538, 22896, 22927, 13601, 10190, 12332, 13680, 13735, 13738, 14025, 14130, 14178, 14180, 14211, 14241, 14262, 22121, 22546, 22413, 795, 22611, 12877, 10498, 842, 11416, 11429], "label": "window"}, {"objectId": 10, "id": 10, "partId": 10, "index": 12, "dominantNormal": [0.9194733500480652, 0.3931523561477661, 8.729735959617593e-17], "obb": {"axesLengths": [3.4803259027182785, 2.415099924465269, 0.5159955440618652], "centroid": [-0.37831669288242975, 1.7282514312639141, -0.1669300044146924], "normalizedAxes": [-0.3931523263454437, 0.9194733500480652, 2.0416409675051765e-16, 0, -2.220446049250313e-16, 1, 0.9194733500480652, 0.3931523263454437, 8.729735297873103e-17]}, "segments": [12270, 18152, 4093, 27402, 18326, 486, 286, 23405, 8141, 26932, 8294, 13195, 16265, 12526, 26647, 26522, 26882, 26676, 6867, 3983, 26571, 26505, 3922, 21523, 7669, 15476, 7507, 7692, 7599, 3388, 7816, 7874, 7679, 6133, 15285, 15356, 9537, 8208, 8257, 22092, 10927, 13167, 13202, 14479, 11042, 11177, 10938, 2199, 6660, 7961, 5696, 17326, 3559, 17311, 3906, 19959, 4179, 4119, 4065, 3579, 23707, 15548, 15504, 6456, 12276, 22341, 12000, 14414, 1346, 6749, 1328, 21237, 5747, 5738], "label": "wall"}, {"objectId": 11, "id": 11, "partId": 11, "index": 13, "dominantNormal": [0.40961509943008423, -0.9122584462165833, -2.0256206627968415e-16], "obb": {"axesLengths": [1.4314177177821814, 1.8791099962791047, 0.131826719217505], "centroid": [-1.5365698121979912, 2.636441376042007, 0.10955504509042835], "normalizedAxes": [0.9122584462165833, 0.40961509943008423, 9.095282292428047e-17, 0, -2.220446049250313e-16, 1, 0.40961509943008423, -0.9122584462165833, -2.0256206627968415e-16]}, "segments": [23224, 4550, 14355], "label": "wall"}, {"objectId": 12, "id": 12, "partId": 12, "index": 14, "dominantNormal": [0, -2.220446049250313e-16, 1], "obb": {"axesLengths": [2.4138325378032377, 0.08070802508202107, 1.6878787669969282], "centroid": [-1.0240327628993515, 1.682354045439437, 1.029276002077847], "normalizedAxes": [-0.5925599932670593, 0.8055263161659241, 1.7886277262977847e-16, 0, -2.220446049250313e-16, 1, 0.8055263161659241, 0.5925599932670593, 1.315747495993634e-16]}, "segments": [9985], "label": "ceiling"}, {"objectId": 13, "id": 13, "partId": 13, "index": 15, "dominantNormal": [0.8939173817634583, 0.4482317864894867, 9.952744994589906e-17], "obb": {"axesLengths": [0.5713367941427284, 1.14220592806773, 0.1569309471078435], "centroid": [-0.1142401053305947, 1.085398665929315, -0.04110299278088658], "normalizedAxes": [-0.4482317566871643, 0.8939173817634583, 1.9848953186928547e-16, 0, -2.220446049250313e-16, 1, 0.8939173817634583, 0.4482317566871643, 9.952744332845416e-17]}, "segments": [14921, 23320, 14900, 14975, 14658, 14759, 14927, 14937, 16458, 23277, 23281, 27317, 9309, 16484, 16480, 19883, 14459, 11368, 11363], "label": "clothes"}, {"objectId": 14, "id": 14, "partId": 14, "index": 16, "dominantNormal": [0, -2.220446049250313e-16, 1], "obb": {"axesLengths": [2.6789827688308145, 0.27661990501091127, 1.0625369544221601], "centroid": [-0.4619725446304803, 1.0067044514800039, -1.257809956781045], "normalizedAxes": [-0.3367912769317627, 0.9415793418884277, 2.0907261297518692e-16, 0, -2.220446049250313e-16, 1, 0.9415793418884277, 0.3367912769317627, 7.478268602851006e-17]}, "segments": [3731, 4667, 6062, 7084, 16806, 17448, 20774, 24630, 24717, 4329, 4227, 4673, 20691, 15633, 20689, 20693, 17707, 4251, 16246, 16383, 20265, 20272, 26281, 20313], "label": "floor"}, {"objectId": 15, "id": 15, "partId": 15, "index": 17, "dominantNormal": [0.31835922598838806, -0.9479701519012451, -2.104916578596339e-16], "obb": {"axesLengths": [0.6992110300363639, 0.5451089897354915, 0.4937596536534333], "centroid": [-1.1439082093452042, 2.805839158145223, -0.24255448449922], "normalizedAxes": [0.9479701519012451, 0.31835922598838806, 7.068994855883039e-17, 0, -2.220446049250313e-16, 1, 0.31835922598838806, -0.9479701519012451, -2.104916578596339e-16]}, "segments": [23137, 15460, 15349, 23387, 8445, 15502, 23608, 5941, 14190, 15486, 23149, 23665, 22071, 23625, 14216, 8832, 1139, 1145, 1227, 1233, 1245, 1258, 1775, 1781, 5992, 5995, 7594, 10198, 20363, 20371, 20433, 20435, 21530, 21719, 23158, 23161, 7601, 20970, 10610, 1239, 15478, 15530, 21527, 21532, 8903], "label": "box"}, {"objectId": 16, "id": 16, "partId": 16, "index": 18, "dominantNormal": [0, -2.220446049250313e-16, 1], "obb": {"axesLengths": [0.6497704887708603, 0.2262119600278445, 0.4560343564511293], "centroid": [-0.9060135045687702, 0.038307353992403925, -0.4168939678197955], "normalizedAxes": [0.77176433801651, -0.6359086632728577, -1.4120008790482645e-16, 0, -2.220446049250313e-16, 1, -0.6359086632728577, -0.77176433801651, -1.7136610753010429e-16]}, "segments": [4374, 20759, 3119, 21169, 6206, 23999, 6224, 6328, 4488, 4498, 4900, 23959, 4877, 4873, 4830, 4765, 4890, 21186, 4759, 4752, 4920, 4893, 20799], "label": "clothes"}, {"objectId": 17, "id": 17, "partId": 17, "index": 19, "dominantNormal": [0.3833232820034027, -0.9236142635345459, -2.05083564249652e-16], "obb": {"axesLengths": [0.7422183189903697, 0.6210799674448376, 0.4809587386970602], "centroid": [-1.0891257562403636, 0.9522331135897903, -1.02053993468538], "normalizedAxes": [0.9236142635345459, 0.3833232820034027, 8.511486671101192e-17, 0, -2.220446049250313e-16, 1, 0.3833232820034027, -0.9236142635345459, -2.05083564249652e-16]}, "segments": [8559, 23878, 16020, 15925, 11190, 8667, 15966], "label": "cabinet"}, {"objectId": 18, "id": 18, "partId": 18, "index": 20, "dominantNormal": [0.2997249364852905, -0.9540256857872009, -2.1183625648895109e-16], "obb": {"axesLengths": [0.37850959450452076, 0.31236004131227607, 0.17555939126654327], "centroid": [-0.8321810568443468, 0.4984548882604978, -1.1861799573139848], "normalizedAxes": [0.9540256857872009, 0.2997249364852905, 6.655230510805644e-17, 0, -2.220446049250313e-16, 1, 0.2997249364852905, -0.9540256857872009, -2.1183625648895109e-16]}, "segments": [1911, 11601, 17092, 17241, 24552], "label": "washing powder"}], "scan_id": "fcf66d7b-622d-291c-86b8-7db96aebcee3", "annId": "3208", "appId": "stk.v1"}