{"segGroups": [{"objectId": 1, "id": 1, "partId": 1, "index": 0, "dominantNormal": [0, -2.220446049250313e-16, 1], "obb": {"axesLengths": [5.876091565548034, 0.24785994929388322, 4.010768304037094], "centroid": [-1.3463850680798894, 2.0327090492827016, -1.3339299727097904], "normalizedAxes": [-0.05075741559267044, 0.9987109899520874, 2.2175838719819816e-16, 0, -2.220446049250313e-16, 1, 0.9987109899520874, 0.05075741559267044, 1.1270410292290132e-17]}, "segments": [17702, 17489, 37846, 38554, 35758, 33533, 36333, 21055, 591, 718, 874, 1071, 1213, 12884, 16209, 16921, 17855, 17996, 20270, 21644, 21815, 21835, 21837, 21840, 21860, 21883, 21933, 21962, 22142, 22145, 26333, 27518, 27550, 28844, 28879, 30210, 30727, 31106, 31155, 31194, 31243, 31251, 31256, 31686, 31704, 31769, 31777, 31780, 31901, 33168, 33176, 33314, 33453, 33456, 33496, 33501, 33617, 33632, 33637, 33639, 33655, 35089, 35820, 36730, 37097, 37108, 37129, 37133, 37151, 37256, 37285, 37839, 37870, 37898, 38448, 39078, 39717, 45337, 45384, 45390, 46900, 47316, 53505, 53571, 54652, 55032, 55101, 55393, 55394, 55398, 60662, 60881, 61205, 4383, 38856, 18180, 18204, 22867, 23527, 25029, 29194, 29241, 30679, 31974, 33972, 34087, 34091, 39557, 39663, 40090, 53024, 31328, 40680, 43826, 37530, 29501, 39616, 35405, 12710, 13265, 23574, 28317, 29531, 30407, 30421, 34338, 35322, 35424, 47801, 54935, 55482, 55802, 55817, 55820, 26593, 45519, 47458, 47025, 24022, 24775, 26346, 26360, 27632, 28324, 31326, 35328, 45277, 45508, 45636, 53785, 58442], "label": "floor"}, {"objectId": 2, "id": 2, "partId": 2, "index": 1, "dominantNormal": [0.06108475103974342, -0.998132586479187, -2.2162995582757073e-16], "obb": {"axesLengths": [3.4662620336729777, 2.6153599631333346, 0.19330770641714431], "centroid": [-1.8186979773879481, 4.929327952825947, -0.09767995742678748], "normalizedAxes": [0.998132586479187, 0.06108475103974342, 1.3563539411563724e-17, 0, -2.220446049250313e-16, 1, 0.06108475103974342, -0.998132586479187, -2.2162995582757073e-16]}, "segments": [29730, 29317, 8004, 56882, 14759, 23731, 26957, 31287, 7355, 9671, 11587, 23000, 23437, 25277, 25468, 25496, 25525, 25536, 25537, 25559, 28270, 28772, 28890, 29254, 30012, 30023, 30024, 30031, 30054, 30062, 32267, 32692, 33087, 34893, 34906, 34950, 34976, 34988, 35041, 38677, 38704, 38718, 38723, 38747, 41328, 41818, 54017, 54931, 56524, 18992, 56760, 1689], "label": "wall"}, {"objectId": 3, "id": 3, "partId": 3, "index": 2, "dominantNormal": [0.9991061687469482, 0.0422716960310936, 9.386202044735192e-18], "obb": {"axesLengths": [2.228003976247191, 2.06547899397882, 0.29209241336636765], "centroid": [-0.10635499375390367, 3.9417757261443125, 0.1972605076299494], "normalizedAxes": [-0.0422716923058033, 0.9991061687469482, 2.2184613451757778e-16, 0, -2.220446049250313e-16, 1, 0.9991061687469482, 0.0422716923058033, 9.38620121755458e-18]}, "segments": [2793, 17027, 33200, 9639, 16901, 16912, 52383, 51691, 52373, 12910, 52349, 52378], "label": "wall"}, {"objectId": 4, "id": 4, "partId": 4, "index": 3, "dominantNormal": [0.9977779984474182, 0.06662625074386597, 1.4793999524057792e-17], "obb": {"axesLengths": [2.504061895083978, 2.4859100024571257, 0.3288603604969485], "centroid": [-3.259820558700791, 1.4462080100936112, -0.13295499869536642], "normalizedAxes": [-0.06662625074386597, 0.9977779984474182, 2.2155122146814548e-16, 0, -2.220446049250313e-16, 1, 0.9977779984474182, 0.06662625074386597, 1.4793999524057792e-17]}, "segments": [15912, 8328, 8347, 14639, 14679, 14699, 48525, 51009, 24198, 8334, 8338, 8399, 9137, 9903, 11330, 13034, 60314, 60326, 60402, 12988, 46163, 11252, 42724, 47029, 60262, 60606, 61569], "label": "wall"}, {"objectId": 5, "id": 5, "partId": 5, "index": 4, "dominantNormal": [0.01376674696803093, -0.9999052286148071, -2.2202356145024796e-16], "obb": {"axesLengths": [0.6426544920714593, 2.677300035715846, 0.2635546881839217], "centroid": [-3.090950262814986, 2.740399844635179, -0.05472998384989847], "normalizedAxes": [0.9999052286148071, 0.01376674696803093, 3.0568318916193004e-18, 0, -2.220446049250313e-16, 1, 0.01376674696803093, -0.9999052286148071, -2.2202356145024796e-16]}, "segments": [12143, 59225, 23864, 25975, 23909, 59649, 59627, 15071, 40893, 15083, 60071, 7872, 8089, 8127, 8130, 8155, 8160, 8504, 11190, 11203, 11316, 14822, 14850, 15042, 23793, 23826, 23844, 26026, 32672, 45033, 45037, 45041, 45081, 45108, 45151, 45183, 45185, 45235, 45262, 45830, 45831, 45832, 45847, 46057, 46356, 46433, 46504, 46610, 50982, 50997, 53766, 53770, 59170, 59269, 59676, 59679, 59740, 59791, 59804, 60005, 60090, 60181, 7620, 7867], "label": "curtain"}, {"objectId": 6, "id": 6, "partId": 6, "index": 5, "dominantNormal": [0.9965202212333679, 0.08335107564926147, 1.8507656662616662e-17], "obb": {"axesLengths": [2.1155075575934115, 1.9070359638250767, 0.22318694315122053], "centroid": [-3.3860065071443763, 3.8095966839644366, 0.15648202062065852], "normalizedAxes": [-0.08335107564926147, 0.9965202212333679, 2.2127193882356798e-16, 0, -2.220446049250313e-16, 1, 0.9965202212333679, 0.08335107564926147, 1.8507656662616662e-17]}, "segments": [32675, 23175, 43906, 9894, 51501, 2, 1704, 2670, 41569, 46597, 48115, 42850], "label": "wall"}, {"objectId": 7, "id": 7, "partId": 7, "index": 6, "dominantNormal": [0.9953688979148865, 0.09612898528575897, 2.13449225596205e-17], "obb": {"axesLengths": [2.1106373041561484, 1.022381938493655, 0.9724459241340937], "centroid": [-2.974932452359524, 3.8146815659580198, -0.8743089409699522], "normalizedAxes": [-0.09612898528575897, 0.9953688979148865, 2.2101629369217479e-16, 0, -2.220446049250313e-16, 1, 0.9953688979148865, 0.09612898528575897, 2.13449225596205e-17]}, "segments": [7171, 42667, 57691, 16489, 13064, 57644, 5499, 5742, 6101, 6203, 12745, 13423, 13606, 13880, 13907, 13963, 14587, 16482, 16486, 17266, 40334, 40339, 40345, 40365, 40379, 40403, 51369, 52327, 52331, 52334, 52337, 57530, 57649, 57785, 57789, 42611, 6157, 6247, 6474, 6951, 9333, 14847, 14858, 14886, 43959, 46565, 46595, 51049, 52793, 60226, 52943, 6618, 6642, 6649, 6747, 6808, 7905, 8473, 9879, 13090, 13118, 13148, 13178, 13196, 15033, 17268, 35011, 39060, 39658, 41131, 50875, 51730, 54547, 57375, 57381, 57387, 7850], "label": "bed"}, {"objectId": 8, "id": 8, "partId": 8, "index": 7, "dominantNormal": [0.9934902787208557, 0.11391710489988327, 2.529467855169793e-17], "obb": {"axesLengths": [1.0255051015963452, 0.37999901816251086, 0.22553109048125256], "centroid": [-3.427488227538877, 4.3586524065812995, -0.39999948479236314], "normalizedAxes": [-0.11391711235046387, 0.9934902787208557, 2.2059915643543165e-16, 0, -2.220446049250313e-16, 1, 0.9934902787208557, 0.11391711235046387, 2.5294680206059154e-17]}, "segments": [10402, 50804, 10363, 4783, 4819, 48538, 50801, 4764, 5864, 5024, 9734, 9174, 11069, 51217, 9181, 9204, 9381, 9160, 5905, 5131, 51253, 10116, 10102, 5068, 5108, 5241, 9245, 10992, 11538, 50689, 51686, 5977, 5983], "label": "shelf"}, {"objectId": 9, "id": 9, "partId": 9, "index": 8, "dominantNormal": [0.9898779988288879, 0.1419207602739334, 3.151273914568562e-17], "obb": {"axesLengths": [3.0262670754687697, 2.5329600006425363, 0.688298840258323], "centroid": [-2.9536750621916017, 0.534564131541746, -0.1275799711589527], "normalizedAxes": [-0.1419207602739334, 0.9898779988288879, 2.1979706917394103e-16, 0, -2.220446049250313e-16, 1, 0.9898779988288879, 0.1419207602739334, 3.151273914568562e-17]}, "segments": [28195, 41636, 31307, 31296, 48400, 47002, 44497, 41011, 41482, 38804, 15366, 52660, 14492, 12459, 57881, 42791, 44468, 35303, 13558, 13574, 14021, 14478, 14499, 14621, 19164, 20494, 23477, 23720, 23721, 24745, 24748, 24967, 29041, 31281, 33436, 34318, 35159, 36867, 40511, 40513, 40522, 40524, 40561, 40816, 40853, 40909, 40970, 41310, 41314, 41344, 41454, 41466, 41528, 41537, 41539, 41668, 41737, 41741, 41765, 41773, 41888, 42679, 42944, 42968, 43046, 43051, 43061, 43114, 43173, 44528, 44537, 44641, 44691, 46693, 46701, 46712, 46741, 47140, 47169, 47193, 47197, 47215, 47223, 47249, 47532, 47641, 47655, 47663, 47785, 52692, 52713, 53287, 53289, 53487, 54996, 55991, 57743, 57812, 57819, 57866, 58087, 58090, 58334, 58340, 58358, 58404, 58601, 58603, 58606, 58840, 59710, 59712, 59734, 60235, 60260, 60484, 60629, 61572, 61576, 61590, 61598, 61723, 61811, 61832, 42090, 15331, 14436, 15191, 15267, 15293, 15303, 15383, 15407, 15418, 15429, 15433, 42084, 42440, 52907, 58225, 58289, 60608, 60612], "label": "cabinet"}, {"objectId": 10, "id": 10, "partId": 10, "index": 9, "dominantNormal": [0.999962568283081, 0.008653057739138603, 1.9213647870805158e-18], "obb": {"axesLengths": [0.6803144458735414, 0.24000000417232492, 0.12806760530597822], "centroid": [-3.1666564073367036, 0.950025882567372, -0.7499999701976782], "normalizedAxes": [-0.008653057739138603, 0.999962568283081, 2.2203629341423638e-16, 0, -2.220446049250313e-16, 1, 0.999962568283081, 0.008653057739138603, 1.9213647870805158e-18]}, "segments": [42264, 58248, 42243, 58101, 15228, 15237, 41953, 41988, 42048, 42211, 42254, 42262, 42291, 42317, 42417, 52855, 58104, 58220, 58243, 58253, 58280, 58284], "label": "tv"}, {"objectId": 11, "id": 11, "partId": 11, "index": 10, "dominantNormal": [0, -2.220446049250313e-16, 1], "obb": {"axesLengths": [0.8370581007993586, 0.4953599461460125, 0.7673918116307321], "centroid": [-1.4318491846150139, -0.10277371152762171, -0.8943199483084687], "normalizedAxes": [-0.3867342472076416, 0.9221912026405334, 2.0476758125565674e-16, 0, -2.220446049250313e-16, 1, 0.9221912026405334, 0.3867342472076416, 8.587225313220017e-17]}, "segments": [57439, 19386, 32810, 31808, 31831, 30868, 39308, 39440, 40151, 40162, 40179, 54945, 54947, 54964, 57244, 57248, 39326, 16099, 40180, 28522], "label": "chair"}, {"objectId": 12, "id": 12, "partId": 12, "index": 11, "dominantNormal": [0, -2.220446049250313e-16, 1], "obb": {"axesLengths": [0.8603634682296771, 0.5102779751208875, 0.7745579169970295], "centroid": [-1.3603189829308149, 1.749453446666203, -0.8948609498546802], "normalizedAxes": [0.9997997879981995, 0.0200104471296072, 4.443211827266858e-18, 0, -2.220446049250313e-16, 1, 0.0200104471296072, -0.9997997879981995, -2.2200014893019026e-16]}, "segments": [38611, 56411, 37317, 38033, 32949, 32922, 32702, 33826, 56391, 28961, 32901, 32944, 33848, 37375, 37406, 38207, 38225, 27557, 55331, 29333], "label": "chair"}, {"objectId": 13, "id": 13, "partId": 13, "index": 12, "dominantNormal": [0.0391664020717144, -0.9992327094078064, -2.2187423218862499e-16], "obb": {"axesLengths": [1.9635794412380327, 2.640000045895574, 0.7893395319560312], "centroid": [-1.9056008749066176, -1.0373431961359882, -0.1299999792873867], "normalizedAxes": [0.9992327094078064, 0.0391664020717144, 8.696688274348752e-18, 0, -2.220446049250313e-16, 1, 0.0391664020717144, -0.9992327094078064, -2.2187423218862499e-16]}, "segments": [43166, 20127, 47478, 27746, 44028, 18307, 20535, 20650, 20674, 21144, 21194, 21196, 21234, 21294, 21323, 21340, 44056, 44061, 44084, 53053, 53055, 53294, 53445, 53465, 54461, 56470, 56473, 58611, 58613, 58699, 58818, 43145, 58387, 33752, 32015, 38365, 9713, 9775, 9752, 9382, 38361], "label": "wall"}, {"objectId": 14, "id": 14, "partId": 14, "index": 13, "dominantNormal": [0.04834912344813347, -0.9988304972648621, -2.2178492315224886e-16], "obb": {"axesLengths": [0.5591382913149984, 1.4894899691010266, 0.36201295912983766], "centroid": [-1.8149211064666173, -0.7524246519597022, -0.6547449699473756], "normalizedAxes": [0.9988304972648621, 0.04834912344813347, 1.0735662014512363e-17, 0, -2.220446049250313e-16, 1, 0.04834912344813347, -0.9988304972648621, -2.2178492315224886e-16]}, "segments": [46265, 48072, 43239, 21066, 21380, 18431, 58460, 48097, 20662, 58529, 24598, 24673, 59313, 21013, 17109, 18946, 18961, 19002, 19013, 20888, 20899, 20914, 20919, 21395, 21412, 21414, 27775, 27880, 27932, 28764, 28791, 37780, 43327, 43402, 43479, 44841, 44845, 46067, 46408, 48078, 48109, 53152, 53155, 53158, 53168, 53177, 53388, 53403, 53407, 53409, 53412, 53483, 54643, 58417, 58449, 58938, 59016, 59310, 59334, 59357, 59561, 59565, 27896, 17108, 18411, 29346, 19379, 20756, 27764, 53920, 58935, 58971, 20965, 27591, 56290], "label": "shelf"}, {"objectId": 15, "id": 15, "partId": 15, "index": 14, "dominantNormal": [0, -2.220446049250313e-16, 1], "obb": {"axesLengths": [2.133774761823686, 1.0016309991114358, 1.0581130896252509], "centroid": [-0.5529149018713055, 3.950971030367102, -0.9052844906907269], "normalizedAxes": [-0.04148205742239952, 0.9991392493247986, 2.2185347988141726e-16, 0, -2.220446049250313e-16, 1, 0.9991392493247986, 0.04148205742239952, 9.210867051834164e-18]}, "segments": [6957, 37557, 36175, 7119, 34264, 36354, 34509, 5936, 33732, 33705, 33360, 33431, 56113, 55301, 32366, 52653, 3469, 3655, 3721, 3855, 4062, 5535, 7144, 7600, 7868, 7883, 7954, 7970, 7982, 7990, 8032, 8034, 8041, 8049, 8503, 9445, 10613, 15523, 22266, 22287, 23295, 27228, 27965, 32425, 33480, 33540, 34636, 35167, 35573, 35590, 35595, 35613, 35623, 35646, 35938, 35944, 35946, 35952, 35982, 35986, 35990, 36003, 36058, 36099, 36620, 37668, 37670, 37699, 45553, 50326, 50646, 50711, 55054, 55824, 55845, 55858, 56240, 56269, 56276, 56283, 52440, 8067, 2967, 7472, 7558, 7560, 8613, 8677, 8706, 8828, 10432, 10473, 10492, 10519, 10525, 10649, 50881, 50884, 50886, 50888, 50921, 30100, 3326, 5785], "label": "bed"}, {"objectId": 16, "id": 16, "partId": 16, "index": 15, "dominantNormal": [0.999058723449707, 0.043378252536058426, 9.63190694670733e-18], "obb": {"axesLengths": [1.823338962873088, 0.6937630021476068, 0.13538647166976517], "centroid": [-0.507031580472324, 4.120670490051992, 0.7085984917298287], "normalizedAxes": [-0.043378252536058426, 0.999058723449707, 2.218355995452963e-16, 0, -2.220446049250313e-16, 1, 0.999058723449707, 0.043378252536058426, 9.63190694670733e-18]}, "segments": [15142, 20794, 5278, 5306, 11384, 11393, 12877, 14714, 14730, 14839, 20298, 20712, 20721, 20743, 51753, 51904, 53044, 16488, 53087], "label": "cabinet"}, {"objectId": 18, "id": 18, "partId": 18, "index": 16, "dominantNormal": [0, -2.220446049250313e-16, 1], "obb": {"axesLengths": [0.9224365101969519, 0.33819996554702564, 0.8122125081453764], "centroid": [-2.3064023341464295, 4.611573739635018, -1.2042199569742387], "normalizedAxes": [0.9682459235191345, -0.24999965727329254, -5.551107513064147e-17, 0, -2.220446049250313e-16, 1, -0.24999965727329254, -0.9682459235191345, -2.149937835580783e-16]}, "segments": [13741, 12758, 28247, 45164, 12754, 54404], "label": "box"}, {"objectId": 19, "id": 19, "partId": 19, "index": 17, "dominantNormal": [0.9999585747718811, -0.009101400151848793, -2.0209168009818852e-18], "obb": {"axesLengths": [1.8454580489458914, 0.728999985851348, 0.5069651128465532], "centroid": [-3.137779997069292, 3.970383723414818, 0.6945000117011362], "normalizedAxes": [0.009101400151848793, 0.9999585747718811, 2.2203540667661972e-16, 0, -2.220446049250313e-16, 1, 0.9999585747718811, -0.009101400151848793, -2.0209168009818852e-18]}, "segments": [22228, 18748, 24374, 53894, 47470, 17118, 26906, 8262, 15539, 15774, 15799, 15826, 15842, 18742, 24382, 24390, 24442, 24445, 48517, 48520, 52923, 52929, 52934, 53863, 53881, 53903, 54616], "label": "cabinet"}, {"objectId": 20, "id": 20, "partId": 20, "index": 18, "dominantNormal": [0, -2.220446049250313e-16, 1], "obb": {"axesLengths": [1.0338881867763838, 0.37999998673796664, 0.5007236246134733], "centroid": [-3.035747740404148, 4.711305680101303, -0.09999997876584588], "normalizedAxes": [0.9933635592460632, 0.1150166392326355, 2.5538824218215405e-17, 0, -2.220446049250313e-16, 1, 0.1150166392326355, -0.9933635592460632, -2.2057101905971504e-16]}, "segments": [51605, 10776, 51935, 10884, 10795, 51827, 22930, 54521, 32174, 11, 7194, 7338, 9069, 9098, 10549, 10634, 10647, 10704, 10746, 10864, 10872, 10999, 11421, 11443, 11476, 11495, 12240, 12259, 22987, 23004, 28071, 28079, 28095, 50894, 51635, 51765, 51784, 51817, 51845, 51856, 51875, 51920, 51924, 51936, 52184, 52191, 52194, 53688, 53734, 53741, 54483, 54512, 51879, 10963, 51987, 7295], "label": "shelf"}, {"objectId": 21, "id": 21, "partId": 21, "index": 19, "dominantNormal": [0.9949129819869995, 0.10073820501565933, 2.2368374933558884e-17], "obb": {"axesLengths": [2.2148894977635205, 2.0399999162554745, 0.6210730479605756], "centroid": [-0.12351803444713205, 1.7990044354757195, -0.5299999465048324], "normalizedAxes": [-0.10073820501565933, 0.9949129819869995, 2.209150600200881e-16, 0, -2.220446049250313e-16, 1, 0.9949129819869995, 0.10073820501565933, 2.2368374933558884e-17]}, "segments": [30585, 30571, 52197, 26114, 26228, 58568, 55689, 29872, 34778, 25852, 29809, 29713, 29855, 418, 1310, 1361, 1363, 1380, 1405, 12333, 12373, 13490, 13639, 16276, 17200, 18721, 18807, 18841, 19872, 19881, 19888, 19903, 19952, 19953, 20006, 20025, 20338, 20339, 20375, 20407, 22004, 23166, 23963, 24528, 25344, 26136, 26245, 26248, 26325, 29679, 29732, 29749, 29932, 32285, 32288, 33970, 34444, 34457, 34473, 34512, 34790, 35206, 35250, 36988, 36995, 38968, 39767, 39802, 39924, 40006, 40008, 43716, 43839, 43870, 43923, 44279, 44332, 44974, 52204, 53110, 53116, 53121, 53135, 53230, 53280, 53285, 53681, 53683, 53750, 53778, 54074, 54082, 54124, 54327, 54801, 54804, 54827, 54894, 54896, 54899, 55520, 55535, 55557, 55607, 55735, 55786, 55788, 55794, 55997, 56007, 57315, 57333, 57346, 57361, 57400, 58597, 59575, 32220, 22279, 59468, 61645, 59594], "label": "table"}, {"objectId": 100, "id": 100, "partId": 100, "index": 20, "dominantNormal": [0, -2.220446049250313e-16, 1], "obb": {"axesLengths": [2.021599201501974, 0.124999997206032, 0.6678265957769521], "centroid": [-2.451162324055365, 1.2132652968695303, -1.328819947418124], "normalizedAxes": [-0.04738086089491844, 0.9988768696784973, 2.2179521989651392e-16, 0, -2.220446049250313e-16, 1, 0.9988768696784973, 0.04738086089491844, 1.052066453842003e-17]}, "segments": [16776, 17313, 17731, 17945, 17442, 16018, 12836, 8655, 12875, 51044, 51047], "label": "cushion"}, {"objectId": 23, "id": 23, "partId": 23, "index": 21, "dominantNormal": [0, -2.220446049250313e-16, 1], "obb": {"axesLengths": [0.46076733550133914, 0.1864600139902528, 0.46333505485942184], "centroid": [-0.7108103218365056, 2.3491721857863603, -0.8767699868953973], "normalizedAxes": [0.4400337338447571, 0.8979812264442444, 1.9939188665590732e-16, 0, -2.220446049250313e-16, 1, 0.8979812264442444, -0.4400337338447571, -9.770711658524546e-17]}, "segments": [30990, 57186, 57179, 57159, 30944, 31011, 31018, 31029, 31044, 34825, 34870, 34871, 34971, 34990, 39229, 39254, 39268, 57149, 30999, 30919], "label": "stool"}, {"objectId": 24, "id": 24, "partId": 24, "index": 22, "dominantNormal": [0, -2.220446049250313e-16, 1], "obb": {"axesLengths": [1.2542831322300254, 0.2799999856203795, 0.6259358164403377], "centroid": [-0.24093242770867596, 4.5059201706521765, -0.14999997932463938], "normalizedAxes": [-0.32379671931266785, 0.9461266994476318, 2.1008232918787325e-16, 0, -2.220446049250313e-16, 1, 0.9461266994476318, 0.32379671931266785, 7.189731461580259e-17]}, "segments": [19413, 53580, 14455, 12013, 12064, 17857, 18145, 14350, 19305], "label": "shelf"}, {"objectId": 25, "id": 25, "partId": 25, "index": 23, "dominantNormal": [0.9992667436599731, -0.03828803822398186, -8.501652320798549e-18], "obb": {"axesLengths": [0.5858072384894113, 0.8898299435564139, 0.5390003020726901], "centroid": [-0.6446240212884475, 1.2014391731756895, -0.9420949624755611], "normalizedAxes": [0.03828803449869156, 0.9992667436599731, 2.2188178931070127e-16, 0, -2.220446049250313e-16, 1, 0.9992667436599731, -0.03828803449869156, -8.501651493617936e-18]}, "segments": [44152, 44246, 34202, 38390, 48217, 26713, 26764, 26770, 26773, 34270, 34276, 34279, 44198, 48292, 55479, 61951, 61973, 28041, 48173, 61964, 48164, 32114, 30451, 21969, 53512, 54939, 55072, 24214], "label": "chair"}, {"objectId": 26, "id": 26, "partId": 26, "index": 24, "dominantNormal": [0.06090814247727394, -0.9981433749198914, -2.2163235134262468e-16], "obb": {"axesLengths": [0.9349127317238253, 2.536719980760216, 0.21718895413547326], "centroid": [-0.4194351038853912, 2.8533052438081294, -0.13836000736743204], "normalizedAxes": [0.9981433749198914, 0.06090814247727394, 1.352432443308381e-17, 0, -2.220446049250313e-16, 1, 0.06090814247727394, -0.9981433749198914, -2.2163235134262468e-16]}, "segments": [54222, 13570, 54368, 16333, 54176, 54725, 19959, 20000, 55165, 55254, 55237, 35547, 23062, 26291, 19884, 54298, 22427, 22503, 54313, 26970, 54766, 25807, 54797, 25873, 28700, 25871, 54790], "label": "curtain"}, {"objectId": 27, "id": 27, "partId": 27, "index": 25, "dominantNormal": [0, -2.220446049250313e-16, 1], "obb": {"axesLengths": [6.88223847581951, 1.076059913425299, 3.322732142069843], "centroid": [-2.5047043564720073, 2.2810491909418924, 1.608029998286887], "normalizedAxes": [0.3708377480506897, 0.9286976456642151, 2.0621230182631735e-16, 0, -2.220446049250313e-16, 1, 0.9286976456642151, -0.3708377480506897, -8.234252125720369e-17]}, "segments": [54060, 53942, 25985, 27649, 20586, 25538, 43636, 26944, 20360, 20411, 20441, 20481, 24981, 25922, 25935, 25948, 27657, 27682, 27734, 28613, 28653, 53962, 47562, 36249, 25438, 31748, 28566, 16980, 27019, 22709, 55780, 58893, 45424, 25881, 58307, 40236, 42508, 42562, 42587, 41036, 47797, 24940, 22662, 30292, 19758, 18551, 19789, 19802, 19806, 23631, 25433, 25878, 28171, 30398, 30925, 32234, 37426, 40602, 41088, 42524, 42566, 45281, 45327, 45464, 47789, 47850, 48460, 49498, 49509, 53206, 53751, 54010, 54159, 57779, 58901, 16326], "label": "ceiling"}, {"objectId": 29, "id": 29, "partId": 29, "index": 27, "dominantNormal": [0, -2.220446049250313e-16, 1], "obb": {"axesLengths": [0.6542085739819906, 0.35313098833417156, 0.6426149306318124], "centroid": [-0.5389401697044334, 4.473573777016391, -0.6065654786698784], "normalizedAxes": [0.9253259301185608, 0.3791727125644684, 8.419325515972984e-17, 0, -2.220446049250313e-16, 1, 0.3791727125644684, -0.9253259301185608, -2.0546363058006296e-16]}, "segments": [52575, 10037, 7998, 10111], "label": "pillow"}, {"objectId": 30, "id": 30, "partId": 30, "index": 28, "dominantNormal": [0, -2.220446049250313e-16, 1], "obb": {"axesLengths": [0.632516741432172, 0.24825098555719127, 0.40959036382306463], "centroid": [-0.3591364221906519, 3.8462300616822436, -0.5858744568554805], "normalizedAxes": [0.46767187118530273, 0.8839021325111389, 1.962656998058285e-16, 0, -2.220446049250313e-16, 1, 0.8839021325111389, -0.46767187118530273, -1.0384401587189068e-16]}, "segments": [8988, 7241, 9505, 8997, 10739, 50898, 50906, 8862, 50718, 8816], "label": "stuffed animal"}, {"objectId": 31, "id": 31, "partId": 31, "index": 29, "dominantNormal": [0, -2.220446049250313e-16, 1], "obb": {"axesLengths": [0.72896085325446, 0.4697039916432498, 0.5506439642088564], "centroid": [-0.6270431475648495, 4.751514194110685, -0.5648519885200561], "normalizedAxes": [0.9948447942733765, 0.1014091745018959, 2.2517360088047035e-17, 0, -2.220446049250313e-16, 1, 0.1014091745018959, -0.9948447942733765, -2.2089991930615593e-16]}, "segments": [17515, 22380, 6545, 54969, 6467, 52750, 17577, 53353, 23479], "label": "pillow"}, {"objectId": 32, "id": 32, "partId": 32, "index": 30, "dominantNormal": [0, -2.220446049250313e-16, 1], "obb": {"axesLengths": [0.3987874463884992, 0.2861249680938203, 0.32029555486947675], "centroid": [-0.2717243440196082, 4.744780102731964, -0.5069374645440847], "normalizedAxes": [0.9983628392219543, -0.057198017835617065, -1.2700511272804486e-17, 0, -2.220446049250313e-16, 1, -0.057198017835617065, -0.9983628392219543, -2.216810822068714e-16]}, "segments": [17649, 52290, 15781, 15873, 17735, 17761, 20046, 52710, 17422, 15800, 15443], "label": "stuffed animal"}, {"objectId": 33, "id": 33, "partId": 33, "index": 31, "dominantNormal": [0, -2.220446049250313e-16, 1], "obb": {"axesLengths": [0.7991117312104599, 0.36653005257554216, 0.7127049856208345], "centroid": [-2.331041969745245, 3.6891638151696853, -1.2081649499051652], "normalizedAxes": [0.3764195740222931, 0.9264492988586426, 2.0571306854813955e-16, 0, -2.220446049250313e-16, 1, 0.9264492988586426, -0.3764195740222931, -8.358193559982865e-17]}, "segments": [39463, 61699, 39081, 17342, 12590], "label": "box"}, {"objectId": 51, "id": 51, "initialPoint": [-3.2665213330742184, 3.697563735979664, -0.5667067292142685], "index": 32, "dominantNormal": [0.9971568584442139, -0.0753541812300682, -1.6731989400679705e-17], "obb": {"axesLengths": [0.47218410819480205, 0.4199999774992467, 0.3359627781467651], "centroid": [-3.311817550427239, 3.617906148783609, -0.5599999619275339], "normalizedAxes": [0.07535417377948761, 0.9971568584442139, 2.2141330068153084e-16, 0, -2.220446049250313e-16, 1, 0.9971568584442139, -0.07535417377948761, -1.673198774631848e-17]}, "segments": [5720, 5586, 5672], "partId": 51, "label": "pillow"}, {"objectId": 52, "id": 52, "initialPoint": [-2.93979711785203, 4.512097803642458, -0.5816726330760102], "index": 33, "dominantNormal": [0, -2.220446049250313e-16, 1], "obb": {"axesLengths": [0.9688299339223402, 0.2107809734914977, 0.9723185735136166], "centroid": [-3.0090835353175147, 4.48212806335351, -0.6764774636966554], "normalizedAxes": [0.2992039918899536, 0.9541891813278198, 2.1187255979167481e-16, 0, -2.220446049250313e-16, 1, 0.9541891813278198, -0.2992039918899536, -6.643663217119702e-17]}, "segments": [15115, 13892, 57559], "partId": 52, "label": "pillow"}], "scan_id": "b05fddd1-fca0-2d4f-8ab9-ecffab72e046", "annId": "4610", "appId": "stk.v1"}