{"segGroups": [{"objectId": 32, "id": 32, "partId": 32, "index": 1, "dominantNormal": [0.8423149585723877, -0.5389856100082397, -1.196788468345566e-16], "obb": {"axesLengths": [1.5081934229716203, 2.614080013020037, 0.20610125629554474], "centroid": [1.3960161698108022, 1.640729767511118, 0.02295991818159826], "normalizedAxes": [0.5389856100082397, 0.8423149585723877, 1.8703149219864994e-16, 0, -2.220446049250313e-16, 1, 0.8423149585723877, -0.5389856100082397, -1.196788468345566e-16]}, "segments": [7891, 34002, 30926, 34302, 5712], "label": "door"}, {"objectId": 34, "id": 34, "partId": 34, "index": 2, "dominantNormal": [0, -2.220446049250313e-16, 1], "obb": {"axesLengths": [0.5888302452334403, 0.08789101046567382, 0.20689723775717073], "centroid": [0.5379453038155984, 2.6076301184718687, -0.5060545828905433], "normalizedAxes": [0.8983480334281921, 0.43928444385528564, 9.7540740785559e-17, 0, -2.220446049250313e-16, 1, 0.43928444385528564, -0.8983480334281921, -1.9947333416774174e-16]}, "segments": [7503], "label": "items"}, {"objectId": 1, "id": 1, "partId": 1, "index": 3, "dominantNormal": [0, -2.220446049250313e-16, 1], "obb": {"axesLengths": [4.596644830064979, 0.2469699327579894, 3.279987534381415], "centroid": [0.20858434031816844, 1.567436832076612, -1.2134850638901062], "normalizedAxes": [-0.16187505424022675, 0.9868112802505493, 2.1911612085879757e-16, 0, -2.220446049250313e-16, 1, 0.9868112802505493, 0.16187505424022675, 3.594348246598916e-17]}, "segments": [14462, 7776, 14566, 23220, 9467, 21608, 21550, 21634, 18847, 24523, 19039, 17999, 11821, 12887, 27202, 33901, 26736, 10494, 10473, 18910, 3028, 31875, 22750], "label": "floor"}, {"objectId": 2, "id": 2, "partId": 2, "index": 4, "dominantNormal": [-0.5129067897796631, -0.858444333076477, -1.9061293278809833e-16], "obb": {"axesLengths": [1.0579051994258983, 2.113929999308361, 0.07859250396652472], "centroid": [-0.44481990996761556, -0.6027190812623395, -0.24696510387081538], "normalizedAxes": [0.858444333076477, -0.5129067301750183, -1.1388817226510157e-16, 0, -2.220446049250313e-16, 1, -0.5129067301750183, -0.858444333076477, -1.9061293278809833e-16]}, "segments": [6244, 5176, 19719, 23390], "label": "door"}, {"objectId": 3, "id": 3, "partId": 3, "index": 5, "dominantNormal": [0.8693066835403442, -0.4942730963230133, -1.0975067439811543e-16], "obb": {"axesLengths": [3.6495621356037486, 2.705309926599786, 0.20079868656296282], "centroid": [0.8752914424165845, 0.7045886775320095, 0.039614886071049904], "normalizedAxes": [0.4942731261253357, 0.8693066835403442, 1.9302485910540495e-16, 0, -2.220446049250313e-16, 1, 0.8693066835403442, -0.4942731261253357, -1.0975068101556033e-16]}, "segments": [24758, 35014, 41578, 33838, 14606, 39565, 9663, 10745, 50147, 8255], "label": "wall"}, {"objectId": 4, "id": 4, "partId": 4, "index": 6, "dominantNormal": [-0.5020672678947449, -0.8648285865783691, -1.920305218346672e-16], "obb": {"axesLengths": [3.044321538838757, 2.705540000523476, 0.12121863277805518], "centroid": [0.500283361341097, 3.0038427459949766, 0.07414993569128203], "normalizedAxes": [0.8648285865783691, -0.5020672678947449, -1.1148132814547848e-16, 0, -2.220446049250313e-16, 1, -0.5020672678947449, -0.8648285865783691, -1.920305218346672e-16]}, "segments": [36124, 47482, 3078, 47461, 8308, 47287, 5262, 4376, 6094], "label": "wall"}, {"objectId": 5, "id": 5, "partId": 5, "index": 7, "dominantNormal": [-0.48280009627342224, -0.875730574131012, -1.944512493536914e-16], "obb": {"axesLengths": [0.7051897201603903, 2.2459099982848008, 0.36626380596109603], "centroid": [1.0202021446264267, 2.6322059336629016, -0.15295508070927077], "normalizedAxes": [0.875730574131012, -0.48280012607574463, -1.0720316325224402e-16, 0, -2.220446049250313e-16, 1, -0.48280012607574463, -0.875730574131012, -1.944512493536914e-16]}, "segments": [35674, 35718, 35535, 34895, 38309, 39742, 40165, 37125, 39760, 44645, 49841, 33951, 51061, 51062, 39075, 39516, 39088, 50857, 39523, 33678, 14390, 9582, 44369, 10292, 14347, 10355, 44389, 10302, 38349, 37124, 14850, 26093, 14425], "label": "curtain"}, {"objectId": 6, "id": 6, "partId": 6, "index": 8, "dominantNormal": [-0.5161848664283752, -0.8564772009849548, -1.9017614172000093e-16], "obb": {"axesLengths": [0.6831969073695932, 2.2790098873002096, 0.28658223228921015], "centroid": [-0.2692545239357005, 3.4088689389168048, -0.12950506425801667], "normalizedAxes": [0.8564772009849548, -0.5161848664283752, -1.1461606473436864e-16, 0, -2.220446049250313e-16, 1, -0.5161848664283752, -0.8564772009849548, -1.9017614172000093e-16]}, "segments": [11973, 11968, 16337, 21088, 19933, 20547, 35114, 26310, 17720, 17854, 36236, 27007, 35069, 48291, 48309, 34323, 35611, 18323, 46470, 32099, 20814, 16472, 32462, 17665], "label": "curtain"}, {"objectId": 7, "id": 7, "partId": 7, "index": 9, "dominantNormal": [-0.4935075640678406, -0.8697414994239807, -1.9312140762650214e-16], "obb": {"axesLengths": [1.2478159797055872, 1.5399999870359895, 0.32342973428620414], "centroid": [0.3434083370312125, 3.1705820397635436, 0.19999992491513519], "normalizedAxes": [0.8697414994239807, -0.4935075640678406, -1.0958069209095824e-16, 0, -2.220446049250313e-16, 1, -0.4935075640678406, -0.8697414994239807, -1.9312140762650214e-16]}, "segments": [18733, 22408, 46630, 6380, 25463, 23254, 4818, 23558, 23590, 23640, 10034, 9922, 22532, 18767, 4559, 4884, 42831, 46611, 6517, 6511, 6974, 23287, 20616, 16040, 15982, 29940, 7155, 6799, 46696, 4904, 32330, 32402, 46371, 46789, 32215, 32214, 42675, 4029, 4623, 4685, 4691, 4704, 4726, 4731, 4733, 4837, 6828, 6836, 7039, 7055, 7105, 7113, 10288, 16371, 16439, 16492, 17587, 17612, 17623, 17627, 17738, 17829, 17851, 17876, 20079, 20240, 20780, 20794, 20867, 20990, 21168, 29931, 31529, 32209, 32265, 32314, 32334, 32342, 32367, 32369, 32472, 32479, 32535, 32673, 32686, 39988, 42088, 42100, 42580, 42583, 42657, 42717, 42796, 42888, 43340, 45042, 46141, 46368, 46380, 46409, 46666, 46816, 46820, 46824], "label": "window"}, {"objectId": 8, "id": 8, "partId": 8, "index": 10, "dominantNormal": [0.8319985866546631, 0.5547778010368347, 1.231854176524016e-16], "obb": {"axesLengths": [0.24762676309119724, 0.20348697445943253, 0.1187727379205576], "centroid": [1.7278386899693874, 2.2709347147478276, 0.468256404381324], "normalizedAxes": [-0.5547777414321899, 0.8319985866546631, 1.847407974719191e-16, 0, -2.220446049250313e-16, 1, 0.8319985866546631, 0.5547777414321899, 1.231854044175118e-16]}, "segments": [10138, 8455, 47442], "label": "lamp"}, {"objectId": 9, "id": 9, "partId": 9, "index": 11, "dominantNormal": [0.8551392555236816, -0.5183983445167542, -1.1510755560201295e-16], "obb": {"axesLengths": [0.4536247703478676, 0.42498003486588515, 0.33948555448568823], "centroid": [1.3927593352850156, 1.8650644246843235, -1.0824900912512083], "normalizedAxes": [0.5183983445167542, 0.8551392555236816, 1.8987905814864129e-16, 0, -2.220446049250313e-16, 1, 0.8551392555236816, -0.5183983445167542, -1.1510755560201295e-16]}, "segments": [30864, 45878, 8111, 31053, 45999, 1240, 45982, 30922], "label": "backpack"}, {"objectId": 10, "id": 10, "partId": 10, "index": 12, "dominantNormal": [0, -2.220446049250313e-16, 1], "obb": {"axesLengths": [0.3223190243017899, 0.3157499958034604, 0.31763641956365435], "centroid": [0.7813174263199832, 2.555743485310554, -1.127875093326679], "normalizedAxes": [-0.18826739490032196, 0.9821178317070007, 2.1807396593120936e-16, 0, -2.220446049250313e-16, 1, 0.9821178317070007, 0.18826739490032196, 4.1803759320906844e-17]}, "segments": [42554, 14681, 28491, 44621, 28571, 44708, 14632, 14984, 28711, 44549, 44589], "label": "garbage"}, {"objectId": 11, "id": 11, "partId": 11, "index": 13, "dominantNormal": [-0.5012389421463013, -0.865308940410614, -1.9213718181157225e-16], "obb": {"axesLengths": [1.3317298295517281, 0.9300729126466901, 0.7558600531303796], "centroid": [0.2116695757427684, 2.927409048654633, -0.8098535496604404], "normalizedAxes": [0.865308940410614, -0.5012389421463013, -1.112974028819161e-16, 0, -2.220446049250313e-16, 1, -0.5012389421463013, -0.865308940410614, -1.9213718181157225e-16]}, "segments": [26254, 25134, 49219, 49178, 7555, 13937, 31468, 31356, 19665, 7393, 7588, 20671, 23770, 25219, 24436, 21382, 40043, 28487, 7446, 35218, 46125, 31400, 35258, 47632], "label": "desk"}, {"objectId": 12, "id": 12, "partId": 12, "index": 14, "dominantNormal": [-0.21631009876728058, -0.976324737071991, -2.167876405216853e-16], "obb": {"axesLengths": [0.7020051226795068, 1.0190799604561929, 0.47562730740338377], "centroid": [-0.2151269163916556, 2.6674352841386564, -0.7437000695364171], "normalizedAxes": [0.976324737071991, -0.21631009876728058, -4.803049042207532e-17, 0, -2.220446049250313e-16, 1, -0.21631009876728058, -0.976324737071991, -2.167876405216853e-16]}, "segments": [48479, 48556, 27777, 19915, 46080, 48487, 19015, 36879, 19954, 31139, 31159, 19870, 31218, 36731, 36676, 20658, 20688, 28089, 31238, 36754, 36817, 43346, 46308, 31579, 46242, 31792, 46298, 21385, 21427, 23090, 23113, 23115, 31586, 31688, 31702, 31707, 31826, 31887, 43374, 46214, 46240, 46248, 46257, 46267, 46270, 46273, 46285, 46336, 42890, 46184, 31741], "label": "chair"}, {"objectId": 100, "id": 100, "partId": 100, "index": 15, "dominantNormal": [0, -2.220446049250313e-16, 1], "obb": {"axesLengths": [1.2088683406844214, 0.35705106652413887, 0.801663583219959], "centroid": [-0.6906379917590737, 2.2202962790322016, -1.1104045849033173], "normalizedAxes": [0.7567522525787354, -0.6537017822265625, -1.4515095397328592e-16, 0, -2.220446049250313e-16, 1, -0.6537017822265625, -0.7567522525787354, -1.680327549499728e-16]}, "segments": [44911, 25691, 44807, 28210, 20029, 43953, 29137, 44768, 22587, 43217, 20054, 27035, 28231, 28354, 28360, 27523, 25607, 25663, 27091, 1906, 1909, 43837, 44060, 2021, 44256, 28386, 28470, 44315, 44854, 29249, 29259, 22669, 22754, 22807, 27132, 27136, 27566, 43822], "label": "bag"}, {"objectId": 14, "id": 14, "partId": 14, "index": 16, "dominantNormal": [0.8590682148933411, -0.5118610858917236, -1.136559925933253e-16], "obb": {"axesLengths": [3.6289964559178993, 2.669230043830795, 0.12644795118533922], "centroid": [-1.711847546732942, 2.2170769450909877, 0.06385490246649939], "normalizedAxes": [0.5118610858917236, 0.8590682148933411, 1.9075146237964381e-16, 0, -2.220446049250313e-16, 1, 0.8590682148933411, -0.5118610858917236, -1.136559925933253e-16]}, "segments": [41228, 38241, 11261, 10778, 1489, 12612, 24682, 7836, 7799, 33501, 39415, 39816, 45865, 45839, 24718, 38890, 35696, 32857, 3402, 11491, 10942, 3024, 45821, 4927, 10733, 45508], "label": "wall"}, {"objectId": 15, "id": 15, "partId": 15, "index": 17, "dominantNormal": [0.8327940106391907, -0.553583025932312, -1.2292012428634358e-16], "obb": {"axesLengths": [0.9859182924013483, 1.1199999797344204, 0.1545922341116439], "centroid": [-1.7358445037823063, 2.157743587157319, 0.3699999080023173], "normalizedAxes": [0.553583025932312, 0.8327939510345459, 1.849174038414216e-16, 0, -2.220446049250313e-16, 1, 0.8327939510345459, -0.553583025932312, -1.2292012428634358e-16]}, "segments": [2271, 27321, 24164, 35019, 206, 6693, 37271, 13148, 33235, 33316, 41902, 41926, 46382, 46424, 3321, 45962], "label": "frame"}, {"objectId": 16, "id": 16, "partId": 16, "index": 18, "dominantNormal": [0.8459824919700623, -0.5332106947898865, -1.183965580664218e-16], "obb": {"axesLengths": [0.5808419782996805, 0.3799999867379668, 0.10522144640830754], "centroid": [-1.771956670755366, 2.047638524171168, -0.38000007523387636], "normalizedAxes": [0.5332106947898865, 0.8459824919700623, 1.8784584820298594e-16, 0, -2.220446049250313e-16, 1, 0.8459824919700623, -0.5332106947898865, -1.183965580664218e-16]}, "segments": [1512, 1682, 2114, 1579, 10767], "label": "air conditioner"}, {"objectId": 17, "id": 17, "partId": 17, "index": 19, "dominantNormal": [-0.5033709406852722, -0.8640704154968262, -1.9186217403640042e-16], "obb": {"axesLengths": [3.073064228781368, 2.24651397213681, 0.1596405724289896], "centroid": [-1.2970498790726015, -0.07950102571399764, 0.29266291293718716], "normalizedAxes": [0.8640704154968262, -0.5033709406852722, -1.1177080165520264e-16, 0, -2.220446049250313e-16, 1, -0.5033709406852722, -0.8640704154968262, -1.9186217403640042e-16]}, "segments": [13264, 2340, 1259, 27359, 17504, 27867, 37963, 762, 678, 16865, 14265], "label": "wall"}, {"objectId": 18, "id": 18, "partId": 18, "index": 20, "dominantNormal": [-0.5198823809623718, -0.8542378544807434, -1.8967890691018306e-16], "obb": {"axesLengths": [0.8975483493240544, 0.8799999848753213, 0.07264087695821378], "centroid": [-1.7306764960157512, 0.14131378246408755, 0.4299999043887859], "normalizedAxes": [0.8542378544807434, -0.5198823809623718, -1.1543707788827447e-16, 0, -2.220446049250313e-16, 1, -0.5198823809623718, -0.8542378544807434, -1.8967890691018306e-16]}, "segments": [37463, 3236, 8559, 37751, 3168, 18598, 17821, 1978, 9068, 9606, 9649, 9693, 17304, 41730, 49790, 15547, 16730, 17863, 16308, 49818], "label": "frame"}, {"objectId": 19, "id": 19, "partId": 19, "index": 21, "dominantNormal": [0, -2.220446049250313e-16, 1], "obb": {"axesLengths": [2.541404148831748, 0.6624799818736317, 2.290304952467336], "centroid": [-1.3990072441315347, 1.173240497725794, -0.9412400801032771], "normalizedAxes": [-0.18708495795726776, 0.9823437333106995, 2.1812412616355458e-16, 0, -2.220446049250313e-16, 1, 0.9823437333106995, 0.18708495795726776, 4.154120557703761e-17]}, "segments": [29773, 10868, 30664, 10650, 27928, 36319, 42146, 43917, 13867, 21252, 36023, 36086, 45236, 35355, 18930, 2079, 2089, 10550, 21958, 21979, 21995, 22270, 22595, 26442, 26451, 26454, 26473, 27647, 30017, 30152, 30162, 30169, 36579, 36591, 41937, 43725, 43895, 44320, 45228, 45284, 45293, 46354, 15286, 1825, 25930, 22094, 45108], "label": "bed"}, {"objectId": 20, "id": 20, "partId": 20, "index": 22, "dominantNormal": [-0.4903801679611206, -0.8715086579322815, -1.935137956393177e-16], "obb": {"axesLengths": [0.7220193546117943, 0.3502319972910284, 0.18964860140143133], "centroid": [-1.6370594110406134, 0.16244535779013947, -0.5451160836396507], "normalizedAxes": [0.8715086579322815, -0.4903801679611206, -1.0888627065799752e-16, 0, -2.220446049250313e-16, 1, -0.4903801679611206, -0.8715086579322815, -1.935137956393177e-16]}, "segments": [13673, 13731, 42488], "label": "pillow"}, {"objectId": 21, "id": 21, "partId": 21, "index": 23, "dominantNormal": [-0.5061149001121521, -0.862466037273407, -1.9150593050763098e-16], "obb": {"axesLengths": [0.8084658110255571, 0.1799999733269221, 0.17528185556005035], "centroid": [-2.265322076624789, 0.5128247534828076, -0.5000000624188777], "normalizedAxes": [0.862466037273407, -0.5061149001121521, -1.123800830420745e-16, 0, -2.220446049250313e-16, 1, -0.5061149001121521, -0.862466037273407, -1.9150593050763098e-16]}, "segments": [12365, 49453, 12666, 49459], "label": "pillow"}, {"objectId": 22, "id": 22, "partId": 22, "index": 24, "dominantNormal": [-0.6404926776885986, -0.767964243888855, -1.705223171308512e-16], "obb": {"axesLengths": [0.7990589601969283, 0.6249019959963409, 0.5805697138947974], "centroid": [-0.9239533073894524, -0.0627498881262849, -0.9833790729014792], "normalizedAxes": [0.767964243888855, -0.6404926776885986, -1.422179435747403e-16, 0, -2.220446049250313e-16, 1, -0.6404926776885986, -0.767964243888855, -1.705223171308512e-16]}, "segments": [25989, 28270, 43878, 28289, 28927, 4307, 27845, 25844, 25865, 43903, 22219, 45169], "label": "bedside table"}, {"objectId": 23, "id": 23, "partId": 23, "index": 25, "dominantNormal": [0.8685943484306335, -0.4955238401889801, -1.1002839532569644e-16], "obb": {"axesLengths": [1.47996546115249, 2.0909500250753, 0.5449277528475324], "centroid": [0.7219664621614716, 0.43138820524278876, -0.2554750972337638], "normalizedAxes": [0.4955238103866577, 0.8685943484306335, 1.9286668893739501e-16, 0, -2.220446049250313e-16, 1, 0.8685943484306335, -0.4955238103866577, -1.1002838870825154e-16]}, "segments": [20312, 37773, 20309, 36496, 33647, 35427, 20434, 38852, 40442, 37920, 48637, 48629, 48591, 48594, 37829, 38593, 38578, 16152, 10406, 10366, 40731, 40782, 40771, 40926, 49989, 50034, 21079, 34006, 21175, 21695, 21685, 39155, 21759, 37252, 50347, 17411, 36215, 36362, 35135, 34283, 36386, 16554, 21081, 40756, 40645, 50022, 50806, 41003, 40849, 50763, 20403, 20420, 21656, 21783, 21792, 21803, 33048, 33050, 33068, 33185, 35731, 36510, 36540, 37343, 37398, 37400, 38466, 38534, 38554, 38556, 38584, 38600, 38604, 38613, 38639, 38659, 38808, 38847, 38867, 38871, 38916, 39137, 39172, 40353, 40372, 40648, 40676, 40811, 40826, 40828, 40866, 40907, 40975, 40978, 41413, 41431, 41463, 43370, 43467, 48317, 48661, 48664, 48665, 48681, 48711, 48720, 48840, 49908, 51252, 39181, 39202], "label": "dressing table"}, {"objectId": 24, "id": 24, "partId": 24, "index": 26, "dominantNormal": [0, -2.220446049250313e-16, 1], "obb": {"axesLengths": [4.044723404675446, 0.11661994196578927, 3.612655893090552], "centroid": [-0.38716497109940623, 1.453779348571463, 1.388309895674511], "normalizedAxes": [0.6422051191329956, 0.766532838344574, 1.7020448125228382e-16, 0, -2.220446049250313e-16, 1, 0.766532838344574, -0.6422051191329956, -1.4259818195871867e-16]}, "segments": [1078, 901, 36798, 512, 8950, 8880, 31919, 4248, 5517, 5562, 5399, 5218, 4987, 36339, 22745, 25035, 22559, 30296, 727, 50], "label": "ceiling"}, {"objectId": 25, "id": 25, "partId": 25, "index": 27, "dominantNormal": [0, -2.220446049250313e-16, 1], "obb": {"axesLengths": [0.41235884066630296, 0.0950900294984125, 0.25101476630391434], "centroid": [-0.6742038509803819, 1.5022155784322875, -0.6142320784555667], "normalizedAxes": [0.4420441687107086, 0.8969932794570923, 1.9917251835745826e-16, 0, -2.220446049250313e-16, 1, 0.8969932794570923, -0.4420441687107086, -9.815352280078318e-17]}, "segments": [43554, 31562, 26778, 46150], "label": "pillow"}, {"objectId": 26, "id": 26, "partId": 26, "index": 28, "dominantNormal": [0.8787429332733154, -0.4772953689098358, -1.0598086162213156e-16], "obb": {"axesLengths": [0.49418675784753535, 0.8498909730488585, 0.21355285417543035], "centroid": [0.7141894395401949, 0.3928721482069858, 0.2050544061296924], "normalizedAxes": [0.4772953689098358, 0.8787429332733154, 1.9512012744933647e-16, 0, -2.220446049250313e-16, 1, 0.8787429332733154, -0.4772953689098358, -1.0598086162213156e-16]}, "segments": [15776, 33967, 50590, 35828, 10575, 21050, 21132, 26581, 21078, 21117, 34012, 34033, 34039, 34428, 35742, 43366, 47257, 47264, 47266, 33762, 43361], "label": "clothes"}, {"objectId": 27, "id": 27, "partId": 27, "index": 29, "dominantNormal": [0, -2.220446049250313e-16, 1], "obb": {"axesLengths": [0.6995930209239593, 0.29719498089265106, 0.44790840953820205], "centroid": [-1.4804663636936741, 0.3711969582642739, -0.5614025607221756], "normalizedAxes": [0.8216167092323303, -0.5700403451919556, -1.2657438323947624e-16, 0, -2.220446049250313e-16, 1, -0.5700403451919556, -0.8216167092323303, -1.824355576012971e-16]}, "segments": [30464, 45047, 29512, 30477, 11626, 29583, 13752], "label": "pillow"}, {"objectId": 28, "id": 28, "partId": 28, "index": 30, "dominantNormal": [0, -2.220446049250313e-16, 1], "obb": {"axesLengths": [0.9350842321650302, 0.3278089986486212, 0.44762173992362986], "centroid": [-2.058729081246191, 0.6670143024149092, -0.5518745796538623], "normalizedAxes": [0.8752279877662659, -0.4837106764316559, -1.0740534604628668e-16, 0, -2.220446049250313e-16, 1, -0.4837106764316559, -0.8752279877662659, -1.9433965276289064e-16]}, "segments": [44954, 45347, 11632, 11716, 30274, 11891, 44974, 11600], "label": "pillow"}, {"objectId": 29, "id": 29, "partId": 29, "index": 31, "dominantNormal": [0, -2.220446049250313e-16, 1], "obb": {"axesLengths": [0.18394699370725498, 0.07363298370764437, 0.07441008509350859], "centroid": [-1.0270898083978073, -0.13419203783163502, -0.45657557627553813], "normalizedAxes": [0.9092866778373718, 0.4161703586578369, 9.240838286968798e-17, 0, -2.220446049250313e-16, 1, 0.4161703586578369, -0.9092866778373718, -2.0190220114399345e-16]}, "segments": [14049, 13996, 14067, 42462, 13998, 14037, 42459, 42469], "label": "lamp"}, {"objectId": 30, "id": 30, "partId": 30, "index": 32, "dominantNormal": [0.9949082136154175, -0.10078486055135727, -2.2378734543550498e-17], "obb": {"axesLengths": [0.07943645624178818, 0.18904399449279907, 0.06895210534535451], "centroid": [-0.6226606003542454, 0.41682007301712265, -0.5128860647906508], "normalizedAxes": [0.10078486055135727, 0.9949082136154175, 2.2091400122890403e-16, 0, -2.220446049250313e-16, 1, 0.9949082136154175, -0.10078486055135727, -2.2378734543550498e-17]}, "segments": [43940, 4474, 43948, 28131, 42012], "label": "item"}], "scan_id": "68bae772-3567-2f7c-804c-d77a47cdc508", "annId": "4773", "appId": "stk.v1"}