{"segGroups": [{"objectId": 1, "id": 1, "partId": 1, "index": 0, "dominantNormal": [0, -2.220446049250313e-16, 1], "obb": {"axesLengths": [5.301527213746136, 0.3600000062584871, 3.8760050516388325], "centroid": [0.7418334878185043, -0.5182189646920858, -1.4100000897049898], "normalizedAxes": [-0.5225732326507568, 0.8525943756103516, 1.8931398129370426e-16, 0, -2.220446049250313e-16, 1, 0.8525943756103516, 0.5225732326507568, 1.1603456698833377e-16]}, "segments": [61768, 27550, 25673, 41477, 23784, 62067, 63825, 34468, 36012, 53304, 64704, 45710, 87683, 3129, 5086, 45136, 37873, 37865, 69301, 3802, 29335, 1147, 28669, 37144, 3693, 3358], "label": "floor"}, {"objectId": 2, "id": 2, "partId": 2, "index": 1, "dominantNormal": [-0.31113940477371216, -0.9503642916679382, -2.1102326367826457e-16], "obb": {"axesLengths": [3.094476466689126, 1.4111399428291624, 0.3066690661208183], "centroid": [0.05702200891442222, -2.83047064198624, -0.6955700668565186], "normalizedAxes": [0.9503642916679382, -0.31113937497138977, -6.908681959214342e-17, 0, -2.220446049250313e-16, 1, -0.31113937497138977, -0.9503642916679382, -2.1102326367826457e-16]}, "segments": [499, 9914, 3050, 47343, 45175, 54873, 9151, 11094, 11058, 27583, 72373], "label": "wall"}, {"objectId": 3, "id": 3, "partId": 3, "index": 2, "dominantNormal": [0.9477835893630981, -0.3189142346382141, -7.081318523521099e-17], "obb": {"axesLengths": [2.569991904768181, 2.491719965076744, 0.10911566100845271], "centroid": [-1.027667615379124, -1.183962089510965, 0.29585992069855305], "normalizedAxes": [0.3189142346382141, 0.9477835893630981, 2.1045023265455723e-16, 0, -2.220446049250313e-16, 1, 0.9477835893630981, -0.3189142346382141, -7.081318523521099e-17]}, "segments": [67520, 52439, 47061, 53186, 48825], "label": "wall"}, {"objectId": 4, "id": 4, "partId": 4, "index": 3, "dominantNormal": [0.9457420110702515, -0.3249184787273407, -7.214639524185455e-17], "obb": {"axesLengths": [1.2774318226704668, 2.0825699698350575, 0.384479858218545], "centroid": [1.564600988347461, -2.7010602297417057, -0.37128507819879797], "normalizedAxes": [0.3249184787273407, 0.9457420110702515, 2.0999691120909857e-16, 0, -2.220446049250313e-16, 1, 0.9457420110702515, -0.3249184787273407, -7.214639524185455e-17]}, "segments": [31890, 28126, 41684, 15697, 74476, 57608, 57378, 56824, 52321, 16372], "label": "wall"}, {"objectId": 5, "id": 5, "partId": 5, "index": 4, "dominantNormal": [-0.488410621881485, -0.8726139068603516, -1.9375921020089483e-16], "obb": {"axesLengths": [1.0224519177571145, 2.361549980307742, 0.3474320968875543], "centroid": [1.4513320139467862, -1.986748199305661, -0.23077511830385689], "normalizedAxes": [0.8726139068603516, -0.4884106516838074, -1.0844895019430809e-16, 0, -2.220446049250313e-16, 1, -0.4884106516838074, -0.8726139068603516, -1.9375921020089483e-16]}, "segments": [43040, 41328, 72197, 42625, 39008, 85626, 10351, 63183, 74070, 42660, 29760, 30269], "label": "wall"}, {"objectId": 6, "id": 6, "partId": 6, "index": 5, "dominantNormal": [0.9428374171257019, -0.33325305581092834, -7.399704311759699e-17], "obb": {"axesLengths": [2.2177445992931957, 3.8740399209997056, 0.2105291424653265], "centroid": [2.2777981272507617, -0.9145522401009679, 0.512979937427192], "normalizedAxes": [0.33325305581092834, 0.9428374171257019, 2.0935196179421343e-16, 0, -2.220446049250313e-16, 1, 0.9428374171257019, -0.33325305581092834, -7.399704311759699e-17]}, "segments": [45314, 85484, 85501, 58677, 45030, 66312, 46949], "label": "wall"}, {"objectId": 7, "id": 7, "partId": 7, "index": 6, "dominantNormal": [-0.3079766035079956, -0.9513939023017883, -2.1125188316468442e-16], "obb": {"axesLengths": [0.9623011085632993, 2.377959913507999, 0.23043427249055431], "centroid": [1.5124914443675503, -1.8720520408055255, -0.17898008386090414], "normalizedAxes": [0.9513939023017883, -0.3079766035079956, -6.83845432520859e-17, 0, -2.220446049250313e-16, 1, -0.3079766035079956, -0.9513939023017883, -2.1125188316468442e-16]}, "segments": [63027, 63072, 63023, 73928, 58400, 29673, 30094, 30135, 30233, 58435], "label": "wall"}, {"objectId": 8, "id": 8, "partId": 8, "index": 7, "dominantNormal": [0.7324797511100769, -0.6807888150215149, -1.511654834688325e-16], "obb": {"axesLengths": [1.4682354240114552, 2.339949913175032, 1.2934755178302297], "centroid": [1.7124418059429711, -1.336159735138324, -0.4399750488257048], "normalizedAxes": [0.6807888150215149, 0.7324797511100769, 1.626431769508223e-16, 0, -2.220446049250313e-16, 1, 0.7324797511100769, -0.6807888150215149, -1.511654834688325e-16]}, "segments": [61298, 29604, 34261, 32550, 85313, 34339, 30688, 30283, 30919, 73466, 85434, 62941, 42300, 37038, 87362, 63127, 63156, 83162, 38274, 85303, 23855, 23074, 22803, 22855, 77583, 33990, 1200, 2419, 77929, 45017, 22637, 33376, 35439, 31948, 23341, 35513, 29448], "label": "bath cabinet"}, {"objectId": 9, "id": 9, "partId": 9, "index": 8, "dominantNormal": [0, -2.220446049250313e-16, 1], "obb": {"axesLengths": [5.472339755949936, 3.2168999191321435, 4.798158346029282], "centroid": [0.3854552258530708, -0.7931685321248607, 0.9784498834211379], "normalizedAxes": [-0.5621395111083984, 0.8270424604415894, 1.8364031638497854e-16, 0, -2.220446049250313e-16, 1, 0.8270424604415894, 0.5621395111083984, 1.2482004565681458e-16]}, "segments": [20398, 8832, 78058, 14733, 8800, 8742, 7430, 4248, 6870, 76820, 77975, 6054, 14277, 45982, 15810, 39404, 47017, 45837, 15687, 15138, 19335, 76815, 17764, 2787, 4316, 70426, 4836, 5332, 7041, 6794, 5062, 70746, 71303, 13339, 8656, 8588, 7816, 71695, 21601, 2650, 2663, 2668, 2691, 2775, 2982, 3000, 3015, 3043, 3898, 3915, 3919, 3930, 3938, 3940, 3965, 3981, 4438, 4493, 4521, 4526, 4532, 4559, 4577, 4580, 4604, 4609, 4622, 4626, 4637, 4694, 4739, 4742, 4759, 4808, 4815, 4825, 4837, 4843, 4871, 4888, 4900, 4901, 4929, 4965, 5033, 5035, 5050, 5080, 5101, 5114, 5134, 5135, 5136, 5137, 5198, 5201, 5231, 5238, 5301, 5316, 5327, 5357, 5366, 5388, 6129, 6144, 6167, 6192, 6193, 6215, 6260, 6261, 6262, 6284, 6313, 6324, 6375, 6379, 6383, 6399, 6418, 6426, 6428, 6437, 6448, 6470, 6495, 6500, 6523, 6533, 6536, 6542, 6543, 6557, 6570, 6579, 6618, 6642, 6655, 6689, 6711, 6712, 6721, 6758, 6765, 6778, 6782, 6789, 6801, 6806, 6811, 6883, 6885, 6902, 6904, 6927, 6944, 6950, 6954, 6955, 7024, 7524, 7752, 7850, 7873, 7964, 7975, 8007, 8596, 8731, 8772, 8955, 8968, 9015, 9046, 9066, 11726, 11734, 11736, 11794, 11803, 11817, 11844, 11872, 11928, 11939, 11976, 11977, 11980, 11985, 12015, 12019, 12087, 13238, 13297, 14137, 14144, 14157, 14161, 14164, 14202, 14219, 14421, 14627, 14683, 15067, 15627, 15799, 17328, 17329, 19800, 33371, 44024, 45849, 69460, 69464, 69465, 69468, 69473, 69479, 69483, 69500, 69543, 69551, 69554, 69559, 69579, 69580, 69582, 69587, 69596, 69605, 69609, 69614, 69624, 69633, 69642, 69647, 69654, 69664, 69669, 69674, 69731, 69780, 69899, 69972, 69976, 69980, 69987, 69994, 70006, 70016, 70022, 70023, 70031, 70055, 70058, 70089, 70098, 70103, 70106, 70154, 70201, 70203, 70218, 70230, 70275, 70400, 70704, 70727, 70729, 70776, 70888, 70948, 71103, 71488, 71490, 71649, 71662, 71738, 71804, 71837, 71843, 72008, 72010, 74631, 74776, 76743, 76824, 77385, 77404, 12277, 8148, 12391, 70758, 11752, 15271, 74686, 45928, 19741, 18544, 19409, 20776, 36530, 36566, 3142, 7211, 8193, 7260, 5593, 3220, 85163, 85136, 7316, 85173, 4096, 3333, 45902, 33617, 33574, 50993, 47511, 49456, 4038, 45531, 13191, 2101, 11751, 7710, 51715, 12640, 73006, 25879, 22805, 29990, 19541, 19348, 21271, 80430, 42788, 23828, 17669, 20474, 25036, 25467, 8486, 73615, 73644, 32468, 72938, 26603, 38877, 38971, 23547, 39031, 43645, 79789, 48019, 47065, 68643, 79842, 78412, 12353, 78312, 72876, 20577, 20923, 24194, 46901, 11646, 14522, 72831, 14479, 12575, 20354, 32342, 34164, 52417, 32768, 52169, 53123, 80293, 33276, 76313, 58655, 31551, 46134, 48170, 36807, 36846, 36732, 49926, 49921, 79868, 78334, 73094, 73050, 26264, 10163, 9669, 26691, 10143, 9441, 52892, 32436, 26152, 52962, 32248, 80450, 52161, 79824, 70017, 18765, 78166, 78218, 50590, 18839, 24278, 72017, 18660, 2476, 2039, 75327, 23582, 36834, 42106, 22495, 24718, 46738, 48837, 81613, 71522, 9128, 14418, 15442, 11556, 11918, 70545, 10940, 10655, 9587, 32262, 76685, 72221, 51392, 52328, 80501, 50420, 80471, 27764, 40661, 80524, 73076, 15406, 52748, 19621, 2568, 15289], "label": "ceiling"}, {"objectId": 10, "id": 10, "partId": 10, "index": 9, "dominantNormal": [-0.3280397951602936, -0.9446638822555542, -2.0975751852238083e-16], "obb": {"axesLengths": [4.123093437377854, 3.1447499287556857, 0.24434478722886419], "centroid": [0.35554013216056035, -0.2678213281263995, 0.16018494046810927], "normalizedAxes": [0.9446638822555542, -0.3280397951602936, -7.283946671605559e-17, 0, -2.220446049250313e-16, 1, -0.3280397951602936, -0.9446638822555542, -2.0975751852238083e-16]}, "segments": [8407, 46527, 21919, 21690, 2901, 2869, 2606, 39992, 37578, 35082, 34075, 43979, 44525, 50323, 30518, 28043, 44851, 49557], "label": "wall"}, {"objectId": 11, "id": 11, "partId": 11, "index": 10, "dominantNormal": [-0.3176094889640808, -0.9482216238975525, -2.1054749585970367e-16], "obb": {"axesLengths": [4.212712346976824, 3.984569818126338, 0.3253112244600734], "centroid": [0.7250335289559101, 0.765047264103199, 0.5622848984833433], "normalizedAxes": [0.9482216238975525, -0.3176094591617584, -7.052346688002551e-17, 0, -2.220446049250313e-16, 1, -0.3176094591617584, -0.9482216238975525, -2.1054749585970367e-16]}, "segments": [39366, 8254, 12450, 7665, 86631, 33473, 53209, 55519, 34909, 49605, 34872, 47211, 2994, 86657, 55227, 47267, 59161, 753, 47391, 55193, 86696, 58268, 25438, 44389, 54999, 55097, 867, 54952, 28476, 66948, 61745, 13149, 66354, 59084, 71286, 34602], "label": "wall"}, {"objectId": 12, "id": 12, "partId": 12, "index": 11, "dominantNormal": [0.9514642953872681, -0.30775904655456543, -6.83362359043128e-17], "obb": {"axesLengths": [1.1729684997080614, 3.6999798186127864, 0.08410783860507136], "centroid": [-1.4280743967944676, 0.8901279247637472, 0.4800098673252027], "normalizedAxes": [0.30775904655456543, 0.9514643549919128, 2.1126752680442903e-16, 0, -2.220446049250313e-16, 1, 0.9514643549919128, -0.30775904655456543, -6.83362359043128e-17]}, "segments": [67099, 38875, 29612, 32132, 34190, 64551, 19043, 9763, 38975], "label": "wall"}, {"objectId": 13, "id": 13, "partId": 13, "index": 12, "dominantNormal": [0.8424344658851624, -0.5387987494468689, -1.1963735545503094e-16], "obb": {"axesLengths": [0.9770443375697615, 2.0288399004450457, 0.14053157171574585], "centroid": [-1.356202384283343, 0.8203626212108965, -0.3844200640673936], "normalizedAxes": [0.5387987494468689, 0.8424344658851624, 1.8705802815270064e-16, 0, -2.220446049250313e-16, 1, 0.8424344658851624, -0.5387987494468689, -1.1963735545503094e-16]}, "segments": [41151, 32153, 77360, 77377], "label": "door"}, {"objectId": 14, "id": 14, "partId": 14, "index": 13, "dominantNormal": [0, -2.220446049250313e-16, 1], "obb": {"axesLengths": [0.8344466363553343, 0.4607030050299388, 0.5919227340020795], "centroid": [1.1929582349634842, 0.2690964634825924, -0.5596485962797288], "normalizedAxes": [0.9529832005500793, -0.30302321910858154, -6.728467097007619e-17, 0, -2.220446049250313e-16, 1, -0.30302321910858154, -0.9529832005500793, -2.1160477826633425e-16]}, "segments": [88961, 65809, 51712, 65687, 89671, 51736, 65734, 88789, 65820, 10518, 80173, 28457, 87065, 89054], "label": "sink"}, {"objectId": 15, "id": 15, "partId": 15, "index": 14, "dominantNormal": [-0.4234149754047394, -0.9059358239173889, -2.0115816210916935e-16], "obb": {"axesLengths": [0.8439761339839235, 1.3527183304864538, 0.4275928068708245], "centroid": [0.19394623155785462, 0.77429654939072, -0.6136408627709571], "normalizedAxes": [0.9059358239173889, -0.4234149754047394, -9.40170109330872e-17, 0, -2.220446049250313e-16, 1, -0.4234149754047394, -0.9059358239173889, -2.0115816210916935e-16]}, "segments": [77013, 26479, 41001, 55618, 25603, 41003, 45422, 86464, 46275, 23459, 34706, 33924, 46249, 45380, 41876, 55378, 45449, 45375, 45563, 26719, 45414, 26375, 76941, 25618, 45341], "label": "bath cabinet"}, {"objectId": 16, "id": 16, "partId": 16, "index": 15, "dominantNormal": [-0.4186857342720032, -0.9081311821937561, -2.016456295703142e-16], "obb": {"axesLengths": [0.3859572482116921, 0.3208509909916446, 0.18592280235517739], "centroid": [0.023186776899580153, 0.8865674935075014, 0.45042538567426504], "normalizedAxes": [0.9081311821937561, -0.4186857342720032, -9.296690845417359e-17, 0, -2.220446049250313e-16, 1, -0.4186857342720032, -0.9081311821937561, -2.016456295703142e-16]}, "segments": [79920, 49986, 38750, 74917, 76289, 76281, 24820, 24790, 24803, 24887, 49982], "label": "shelf"}, {"objectId": 17, "id": 17, "partId": 17, "index": 16, "dominantNormal": [0, -2.220446049250313e-16, 1], "obb": {"axesLengths": [0.47412200758193696, 0.25691997430652425, 0.2902392979911374], "centroid": [0.7036681117024315, 0.3980500615287952, -1.266050107418372], "normalizedAxes": [0.46939101815223694, 0.8829904198646545, 1.9606325893143473e-16, 0, -2.220446049250313e-16, 1, 0.8829904198646545, -0.46939101815223694, -1.0422574318097165e-16]}, "segments": [64969, 88301, 59553, 59551, 60917, 59855, 69728, 84012, 69710, 59509, 59936, 60531, 60904, 63233, 69703, 71994, 83998, 56570], "label": "garbage"}, {"objectId": 18, "id": 18, "partId": 18, "index": 17, "dominantNormal": [-0.5670928359031677, -0.8236538767814636, -1.828878996649105e-16], "obb": {"axesLengths": [0.8553466863326151, 1.00000000745058, 0.48783735431915354], "centroid": [2.132761134845323, 0.00011658891513377512, -0.8300001044571395], "normalizedAxes": [0.8236538767814636, -0.5670928359031677, -1.2591990470393449e-16, 0, -2.220446049250313e-16, 1, -0.5670928359031677, -0.8236538767814636, -1.828878996649105e-16]}, "segments": [31907, 4132, 89500, 62934, 68545, 68821, 62816, 62718, 67128, 89059, 88269, 68847, 3463], "label": "bath cabinet"}, {"objectId": 19, "id": 19, "partId": 19, "index": 18, "dominantNormal": [-0.2881912291049957, -0.957572877407074, -2.1262389125077918e-16], "obb": {"axesLengths": [0.7017872490371654, 0.564533980983481, 0.1989522944982732], "centroid": [2.222390348945893, 0.17623020908671067, 0.11226689750849461], "normalizedAxes": [0.957572877407074, -0.2881912291049957, -6.399130760947796e-17, 0, -2.220446049250313e-16, 1, -0.2881912291049957, -0.957572877407074, -2.1262389125077918e-16]}, "segments": [88514, 61468, 65424, 65480, 86821, 61579, 86990, 81899, 61845, 80046, 80067, 80074, 79012, 53866, 78639, 78657, 61728, 54662, 56195, 53631], "label": "shelf"}, {"objectId": 20, "id": 20, "partId": 20, "index": 19, "dominantNormal": [0.41261976957321167, -0.9109033346176147, -2.0226117106006186e-16], "obb": {"axesLengths": [1.2601526751727252, 1.361780016978531, 0.7067467087093566], "centroid": [2.918537425677226, -0.25468748191461493, 0.16132189904178684], "normalizedAxes": [0.9109033346176147, 0.41261976957321167, 9.161999371914124e-17, 0, -2.220446049250313e-16, 1, 0.41261976957321167, -0.9109033346176147, -2.0226117106006186e-16]}, "segments": [76867, 43258, 60146, 48679, 76897, 31450, 31424, 75920, 24573, 31342, 31305, 24523, 16195, 25121, 24463, 42043, 52762, 16136, 16070, 16158, 74189, 42832, 24980, 25104, 31187, 42900, 31078, 16119, 42968, 44376, 48113, 75148, 41611, 75275, 75288, 75256, 75221, 41779, 39956, 74957, 74934, 40806, 16008, 42917, 42881, 75873, 42883, 43070, 75395, 24469, 24473, 24538, 42267, 42225, 47851, 75815, 74942, 74954, 75689, 42479, 75648, 40724, 75771, 69446, 31326, 16199, 75399, 75444, 75811, 5858, 75297, 40190, 40247, 40321, 40222, 75036, 75089, 41675, 41435, 75778, 74820, 39945, 39899, 16153, 25045, 31318, 2255, 41492, 40041, 21402, 31146, 75887, 16085, 16186, 75352, 71763, 41937, 74824, 42546, 41210, 40327, 40276, 77393, 76163, 5516, 5438, 48639, 1742, 1369, 1243, 1751, 1231, 1678, 1238, 41642, 5902, 69455, 41112, 40010, 75663, 75677, 75665, 1865, 25184, 2319, 74929, 69453, 75871, 1727, 1699, 69094, 1698, 1571, 40525, 74884, 75347, 40058, 69385, 1259, 5618, 69452, 75662, 69216, 69221, 69117, 69135, 2067, 69171, 2243, 2116, 5770, 5621, 31193, 16089, 41184, 41180, 74936, 25212, 72488], "label": "window"}, {"objectId": 21, "id": 21, "partId": 21, "index": 20, "dominantNormal": [0.81602942943573, -0.5780103802680969, -1.283440865291967e-16], "obb": {"axesLengths": [0.4902940715908404, 2.299999900907279, 0.3489372197758809], "centroid": [2.3165506916095837, -0.7367247573185571, -0.28000006012618606], "normalizedAxes": [0.5780103802680969, 0.81602942943573, 1.8119493226625538e-16, 0, -2.220446049250313e-16, 1, 0.81602942943573, -0.5780103802680969, -1.283440865291967e-16]}, "segments": [20625, 21673, 46591, 49798, 49805, 21986, 53469, 49422, 81881, 53472, 58996, 79041, 21670, 44685, 3683, 44625, 21970, 49093, 80589, 83767, 27850, 20615, 36432, 19192, 19222, 19115, 27881, 19269, 49414, 27971, 46931, 80604], "label": "curtain"}, {"objectId": 22, "id": 22, "partId": 22, "index": 21, "dominantNormal": [0, -2.220446049250313e-16, 1], "obb": {"axesLengths": [0.554727743701714, 0.40015899240615216, 0.4322608683632012], "centroid": [1.4186706597959173, -2.3926133108727217, -1.1899205534177908], "normalizedAxes": [0.8763566017150879, -0.48166289925575256, -1.0695064817228873e-16, 0, -2.220446049250313e-16, 1, -0.48166289925575256, -0.8763566017150879, -1.945902554012697e-16]}, "segments": [34918, 74389, 48101, 69148, 31860, 47470, 36492, 16498, 16412], "label": "toilet"}, {"objectId": 23, "id": 23, "partId": 23, "index": 22, "dominantNormal": [-0.2437078356742859, -0.9698486924171448, -2.1534966974482312e-16], "obb": {"axesLengths": [0.6277456446601556, 0.713568969512679, 0.3534351974340378], "centroid": [0.8044251490473546, -2.90824295705873, -1.0532155453440069], "normalizedAxes": [0.9698486924171448, -0.2437078356742859, -5.411401008943126e-17, 0, -2.220446049250313e-16, 1, -0.2437078356742859, -0.9698486924171448, -2.1534966974482312e-16]}, "segments": [10034, 1709, 70565, 9901, 10934, 35990, 36636, 21351, 9971, 10829, 70596, 9974, 1630, 81153, 10849, 10838, 63934], "label": "bath cabinet"}, {"objectId": 24, "id": 24, "partId": 24, "index": 23, "dominantNormal": [0.45298460125923157, -0.8915183544158936, -1.9795684078969113e-16], "obb": {"axesLengths": [0.26720826724948693, 0.2847900326969466, 0.26386486310965807], "centroid": [0.42457316928518496, -2.818089374694744, -1.2723950813175362], "normalizedAxes": [0.8915183544158936, 0.45298460125923157, 1.0058278682372891e-16, 0, -2.220446049250313e-16, 1, 0.45298460125923157, -0.8915183544158936, -1.9795684078969113e-16]}, "segments": [1816, 63639, 1768], "label": "garbage"}, {"objectId": 25, "id": 25, "partId": 25, "index": 24, "dominantNormal": [0.9418121576309204, -0.3361396789550781, -7.463800221320718e-17], "obb": {"axesLengths": [0.2788010859554557, 0.3399999978393315, 0.08539994960463299], "centroid": [1.8289159112033868, -2.389858739462279, 0.19999990258365896], "normalizedAxes": [0.3361396789550781, 0.9418121576309204, 2.0912430845474903e-16, 0, -2.220446049250313e-16, 1, 0.9418121576309204, -0.3361396789550781, -7.463800221320718e-17]}, "segments": [57967, 57963, 52427], "label": "frame"}, {"objectId": 26, "id": 26, "partId": 26, "index": 25, "dominantNormal": [0.9611678123474121, -0.2759645879268646, -6.127644789951972e-17], "obb": {"axesLengths": [0.2611992616544569, 0.13790200342456982, 0.13508698807524439], "centroid": [1.5388259366391301, -3.133140812689506, -0.18367109595974496], "normalizedAxes": [0.2759645879268646, 0.9611678123474121, 2.1342212715933775e-16, 0, -2.220446049250313e-16, 1, 0.9611678123474121, -0.2759645879268646, -6.127644789951972e-17]}, "segments": [76918, 76912, 76831, 40723, 27689, 40769], "label": "toilet paper"}, {"objectId": 27, "id": 27, "partId": 27, "index": 26, "dominantNormal": [0, -2.220446049250313e-16, 1], "obb": {"axesLengths": [2.7455171774369647, 1.0432799225312481, 1.3565203014726916], "centroid": [-0.6914426340780366, -1.3396176473462051, -0.9516400538018357], "normalizedAxes": [0.038438718765974045, 0.9992609620094299, 2.218805055263906e-16, 0, -2.220446049250313e-16, 1, 0.9992609620094299, -0.038438718765974045, -8.535110122215094e-18]}, "segments": [28559, 73248, 56296, 56402, 24267, 35527, 21482, 56119, 25404, 60727, 73327, 55988, 11478, 17822, 46305, 45666, 11222, 71276, 55670, 27386, 60488, 55799, 60593, 84781, 51277, 27467, 60424, 84582, 25709, 84992, 26728, 60813, 60738, 27380, 84874, 47464, 84576, 60357, 84677, 25785, 168, 60013, 73478, 84350, 59862, 69234, 29472, 70666, 11666, 13820, 84898, 13832, 82954, 51020, 57484, 24292, 56077, 56433, 60166, 84773], "label": "bathtub"}, {"objectId": 28, "id": 28, "partId": 28, "index": 27, "dominantNormal": [0, -2.220446049250313e-16, 1], "obb": {"axesLengths": [0.4818050159874551, 0.2641119301890149, 0.3971381014278906], "centroid": [-0.3018625970762694, -2.4720125039089487, -1.0001140665237456], "normalizedAxes": [0.5001077651977539, 0.8659631609916687, 1.9228244796202636e-16, 0, -2.220446049250313e-16, 1, 0.8659631609916687, -0.5001077651977539, -1.110462311432756e-16]}, "segments": [12708, 13588, 71357, 71878, 17755], "label": "towel"}, {"objectId": 29, "id": 29, "partId": 29, "index": 28, "dominantNormal": [0.20656335353851318, -0.9784332513809204, -2.1725582474839032e-16], "obb": {"axesLengths": [0.3570561311432635, 0.40736260099643595, 0.26910291231332767], "centroid": [-1.259655335131074, -2.250667183633968, -0.2863187930810738], "normalizedAxes": [0.9784332513809204, 0.206563338637352, 4.586627491972628e-17, 0, -2.220446049250313e-16, 1, 0.206563338637352, -0.9784332513809204, -2.1725582474839032e-16]}, "segments": [51870, 81668, 54851, 51841, 77700, 45315, 74479], "label": "statue"}, {"objectId": 33, "id": 33, "partId": 33, "index": 32, "dominantNormal": [0.9357076287269592, -0.352776437997818, -7.83321048020853e-17], "obb": {"axesLengths": [0.6038865911667188, 0.671806406114852, 0.5883492217306595], "centroid": [1.4879858633986371, -0.9907333089234001, 0.2852337110362839], "normalizedAxes": [0.352776437997818, 0.9357076287269592, 2.0776883074601554e-16, 0, -2.220446049250313e-16, 1, 0.9357076287269592, -0.352776437997818, -7.83321048020853e-17]}, "segments": [29440, 29872, 73167, 29518, 29081, 28798, 74153, 32073, 35625, 73859, 73151, 31681, 10758], "label": "towel"}, {"objectId": 34, "id": 34, "partId": 34, "index": 33, "dominantNormal": [-0.3234393298625946, -0.9462488889694214, -2.1010946071196499e-16], "obb": {"axesLengths": [1.1298809090405, 1.0199999581277377, 0.6998877655918473], "centroid": [1.1552417391028516, 0.33665073382510735, -0.8800000705569984], "normalizedAxes": [0.9462488889694214, -0.3234393298625946, -7.18179582165567e-17, 0, -2.220446049250313e-16, 1, -0.3234393298625946, -0.9462488889694214, -2.1010946071196499e-16]}, "segments": [64709, 65777, 88445, 66203, 66180, 75940, 29151, 67116, 66489, 89119, 89090, 66559, 63235, 2749, 56601, 66958], "label": "bath cabinet"}, {"objectId": 35, "id": 35, "partId": 35, "index": 34, "dominantNormal": [0.9972941875457764, 0.07351420074701309, 1.6323431661249963e-17], "obb": {"axesLengths": [0.5285211367024221, 0.6161600213611118, 0.1462603692251474], "centroid": [1.5897341311933537, 0.0864771207304037, -1.038080108432173], "normalizedAxes": [-0.0735141932964325, 0.9972941875457764, 2.21443793867632e-16, 0, -2.220446049250313e-16, 1, 0.9972941875457764, 0.0735141932964325, 1.6323430006888738e-17]}, "segments": [69418, 32050, 85785, 66348, 66327, 76118, 61591, 85826, 85830], "label": "towel"}, {"objectId": 36, "id": 36, "partId": 36, "index": 35, "dominantNormal": [-0.19355948269367218, -0.9810885190963745, -2.1784541261923851e-16], "obb": {"axesLengths": [0.3747438153152686, 0.16710900886858226, 0.1080700859095885], "centroid": [1.32496150295158, 0.4801341860710484, -0.37140059199779074], "normalizedAxes": [0.9810885190963745, -0.19355948269367218, -4.2978838864209874e-17, 0, -2.220446049250313e-16, 1, -0.19355948269367218, -0.9810885190963745, -2.1784541261923851e-16]}, "segments": [10548, 10509, 10559, 51639], "label": "tube"}, {"objectId": 37, "id": 37, "partId": 37, "index": 36, "dominantNormal": [0.8140639662742615, 0.5807752013206482, 1.2895800012749885e-16], "obb": {"axesLengths": [0.0999716033756694, 0.11126699794977157, 0.04263836058912436], "centroid": [1.6241210131175245, 0.3929400312541428, -0.3856335997067353], "normalizedAxes": [-0.5807752013206482, 0.8140639662742615, 1.807585117750724e-16, 0, -2.220446049250313e-16, 1, 0.8140639662742615, 0.5807752013206482, 1.2895800012749885e-16]}, "segments": [10524], "label": "tube"}, {"objectId": 38, "id": 38, "partId": 38, "index": 37, "dominantNormal": [-0.2633257210254669, -0.9647069573402405, -2.1420797521104273e-16], "obb": {"axesLengths": [0.6369585517692786, 1.904112952110626, 0.11449799851962764], "centroid": [-1.1564661689942755, 0.25457881265682025, -0.2120035895257404], "normalizedAxes": [0.9647069573402405, -0.2633257210254669, -5.847005569169881e-17, 0, -2.220446049250313e-16, 1, -0.2633257210254669, -0.9647069573402405, -2.1420797521104273e-16]}, "segments": [82425, 35842, 28087, 28134, 28193, 32621, 32626, 33037, 33045, 33061, 33104, 33134, 33145, 33224, 33930, 34017, 34072, 34081, 35057, 35069, 35714, 35822, 37694, 37908, 37921, 37943, 39570, 39572, 39589, 39605, 39653, 39772, 39773, 39781, 39806, 39809, 39835, 39848, 39868, 39883, 39909, 39982, 40015, 40233, 40249, 40434, 43846, 43863, 43867, 43906, 43928, 43938, 43952, 49564, 53608, 53717, 53721, 55453, 55455, 55458, 55498, 73437, 73438, 73441, 74467, 74485, 74503, 74705, 74866, 75098, 76116, 76412, 76413, 76533, 76534, 76560, 76579, 76595, 76598, 77487, 79684, 79992, 80021, 80024, 80236, 80802, 80806, 80808, 80851, 81884, 82658, 82693, 40548, 75082, 75106, 28198, 28228, 35731, 37622, 37625, 74966, 74980, 75975, 75977, 76013, 81003, 81006, 80867, 35658, 37707, 43911, 43941, 53664, 53801, 53917, 53975, 53997, 80889, 81020, 28155, 36403, 83938, 49274, 28006, 28024, 28097, 33201, 33844, 34966, 34993, 35764, 35778, 36415, 37938, 38655, 49302, 49315, 49463, 53531, 53561, 59107, 59153, 59210, 73435, 74835, 74992, 75054, 75087, 75446, 79096, 79121, 79130, 83944, 83947, 83968, 53586, 37567, 37584, 43870, 77527, 77549], "label": "clothes dryer"}, {"objectId": 39, "id": 39, "partId": 39, "index": 38, "dominantNormal": [0, -2.220446049250313e-16, 1], "obb": {"axesLengths": [0.3857000383129492, 0.15508997093685029, 0.31874093176144797], "centroid": [0.0506430448829196, -2.6697631187255126, -1.4475450546098128], "normalizedAxes": [0.8403776288032532, -0.5420013070106506, -1.2034846608403052e-16, 0, -2.220446049250313e-16, 1, -0.5420013070106506, -0.8403776288032532, -1.8660131857545296e-16]}, "segments": [10998, 16511, 45717], "label": "scale"}, {"objectId": 40, "id": 40, "partId": 40, "index": 39, "dominantNormal": [0, -2.220446049250313e-16, 1], "obb": {"axesLengths": [0.5250857051108493, 0.14050000591948608, 0.2884208236372533], "centroid": [2.3313721831869554, 0.06900593867803712, -0.4398670750141074], "normalizedAxes": [0.9833418726921082, -0.181765615940094, -4.0360074380373144e-17, 0, -2.220446049250313e-16, 1, -0.181765615940094, -0.9833418726921082, -2.183457576281596e-16]}, "segments": [68731, 62738, 89399, 62713, 68684, 68755, 67980, 67955, 89426, 62771, 67909, 67970, 68668, 68716, 87534, 89287, 89409, 66971], "label": "basket"}, {"objectId": 41, "id": 41, "partId": 41, "index": 40, "dominantNormal": [0.06819500029087067, -0.9976720213890076, -2.2152768983407957e-16], "obb": {"axesLengths": [0.35011973076673153, 0.42017697348795124, 0.2991755283945037], "centroid": [-0.6225721293686999, -0.5523698684480596, -0.6199115730096811], "normalizedAxes": [0.9976720213890076, 0.06819500029087067, 1.5142331897448772e-17, 0, -2.220446049250313e-16, 1, 0.06819500029087067, -0.9976720213890076, -2.2152768983407957e-16]}, "segments": [51145, 51232, 60196, 60367, 84545, 59249], "label": "basket"}, {"objectId": 42, "id": 42, "partId": 42, "index": 41, "dominantNormal": [0.9893107414245605, -0.14582276344299316, -3.2379157897775715e-17], "obb": {"axesLengths": [1.9952961521846233, 0.6200000207126138, 0.4364984668764586], "centroid": [-1.002441924601035, -1.4644105257361446, -0.6600000915676354], "normalizedAxes": [0.14582276344299316, 0.9893107414245605, 2.1967111272770635e-16, 0, -2.220446049250313e-16, 1, 0.9893107414245605, -0.14582276344299316, -3.2379157897775715e-17]}, "segments": [81397, 51466, 51880, 51922, 54387, 54630, 82714, 143, 144, 152, 181, 268, 337, 32894, 38427, 50216, 50218, 50272, 50273, 50444, 50478, 50522, 50601, 50607, 50614, 50667, 50725, 50727, 50755, 50764, 50810, 50835, 50860, 50871, 50903, 50911, 50932, 50949, 51025, 51028, 51046, 51055, 51858, 51953, 51998, 52000, 52028, 52055, 52072, 52078, 52099, 52102, 52108, 54482, 54483, 54493, 54511, 57144, 57219, 57229, 57442, 57868, 58194, 58215, 58237, 58291, 58299, 58614, 58626, 58933, 58939, 58945, 59908, 59996, 60007, 60202, 80031, 80035, 80052, 80068, 80085, 80107, 80129, 80158, 80249, 80251, 80269, 80272, 81526, 81532, 81537, 81540, 82707, 84310, 84317, 84322, 84452, 84459], "label": "wall"}, {"objectId": 43, "id": 43, "partId": 43, "index": 42, "dominantNormal": [0, -2.220446049250313e-16, 1], "obb": {"axesLengths": [0.6692697106078985, 0.16589098797982205, 0.4725721132973019], "centroid": [-0.4379356636287668, -0.37107442975542504, -0.9270545688929896], "normalizedAxes": [0.8543926477432251, -0.5196279883384705, -1.1538059137860445e-16, 0, -2.220446049250313e-16, 1, -0.5196279883384705, -0.8543926477432251, -1.8971327791899586e-16]}, "segments": [55848, 44462, 55827], "label": "clothes"}, {"objectId": 45, "id": 45, "partId": 45, "index": 43, "dominantNormal": [0.3719807267189026, -0.9282404780387878, -2.0611079022154485e-16], "obb": {"axesLengths": [0.15911695570529696, 0.10926198715131008, 0.07057361101530377], "centroid": [-0.717654535249661, -2.4950526783942992, -0.944631054372393], "normalizedAxes": [0.9282404780387878, 0.3719807267189026, 8.259631350402476e-17, 0, -2.220446049250313e-16, 1, 0.3719807267189026, -0.9282404780387878, -2.0611079022154485e-16]}, "segments": [50070], "label": "shampoo"}], "scan_id": "4731976a-f9f7-2a1a-9737-305b709ca37f", "annId": "3473", "appId": "stk.v1"}