{"segGroups": [{"objectId": 12, "id": 12, "partId": 12, "index": 0, "dominantNormal": [0.9973240494728088, -0.07310737669467926, -1.6233098575275498e-17], "obb": {"axesLengths": [0.8976207561010542, 2.024775012773833, 0.8983564868022087], "centroid": [0.8067052064733811, -4.5286961605769935, -0.5576126989048946], "normalizedAxes": [0.9973240494728088, -0.07310737669467926, -1.6233098575275498e-17, 0, -2.220446049250313e-16, 1, -0.07310737669467926, -0.9973240494728088, -2.2145042454742222e-16]}, "segments": [5874, 7649, 7800, 10066, 7721, 8257, 8357, 19921, 10423, 94842, 39618, 43905, 43172, 39664, 13423, 85911, 85637, 85741, 85845, 94675, 43151, 43368, 35441, 92602, 32338, 92626, 35761, 43346, 10761, 39803, 10529, 10394, 10305, 39772, 96290, 43783, 42397, 39665, 86335, 10094, 7545, 31883, 39670, 42287, 43494, 35248, 5354, 5360, 5373, 5834, 5852, 5858, 5864, 5866, 5882, 5899, 5903, 5906, 6323, 6331, 7683, 7712, 7725, 7797, 7838, 7841, 7861, 8092, 8227, 8235, 8236, 8288, 8301, 8323, 8332, 8338, 8348, 8369, 8952, 9727, 9730, 9742, 9764, 9768, 9800, 9895, 9904, 9905, 9907, 9935, 9938, 9957, 9973, 10002, 10043, 10055, 10061, 10101, 10140, 10233, 10253, 10257, 10294, 10299, 10339, 10419, 10564, 10599, 10600, 10658, 10670, 10672, 10747, 10767, 10978, 11004, 12638, 12916, 12918, 12919, 12943, 12945, 13245, 13284, 13288, 13295, 13379, 13413, 13421, 13469, 13535, 13537, 13552, 13579, 13582, 13584, 13613, 13618, 13636, 13645, 13674, 13685, 13688, 13690, 13691, 13701, 13719, 13887, 13920, 14007, 14012, 14014, 14029, 14041, 14049, 14057, 19909, 19935, 24770, 24858, 24870, 25339, 25347, 25350, 25358, 25950, 26159, 26571, 26930, 26944, 28995, 29174, 29404, 29557, 29568, 30387, 31103, 31403, 31408, 31692, 31896, 31957, 32324, 32326, 32355, 32371, 32389, 32400, 32415, 33419, 33470, 35231, 35238, 35243, 35278, 35335, 35376, 35397, 35407, 35445, 35451, 35460, 35484, 35515, 35549, 35550, 35553, 35588, 35623, 35631, 35659, 35733, 35749, 35785, 35860, 37461, 37503, 37505, 37509, 37511, 39467, 39471, 39482, 39500, 39528, 39623, 39663, 39740, 40903, 40986, 40997, 42232, 42252, 42256, 42267, 42299, 42355, 42407, 42438, 43157, 43228, 43296, 43321, 43389, 43422, 43424, 43452, 43753, 43756, 43890, 43918, 43955, 43959, 43965, 44012, 44024, 44061, 44073, 83011, 83012, 83021, 83040, 83042, 83068, 83074, 83081, 83083, 83089, 84299, 84348, 84997, 85036, 85042, 85070, 85076, 85189, 85213, 85228, 85235, 85434, 85631, 85648, 85650, 85658, 85673, 85679, 85686, 85688, 85693, 85694, 85704, 85716, 85732, 85851, 85862, 85868, 85873, 85874, 85886, 85921, 85924, 85936, 85964, 85970, 85974, 85997, 86325, 86328, 86356, 86368, 86374, 86395, 86409, 86411, 86429, 88822, 92397, 92401, 92407, 92411, 92424, 92441, 92444, 92456, 92476, 92480, 92492, 92511, 92552, 92607, 93484, 93487, 94618, 94664, 94671, 94740, 94750, 94753, 94759, 94824, 94827, 94871, 94876, 94907, 95878, 95883, 95886, 95892, 95977, 96000, 96069, 96119, 96228, 96315, 96319, 96323, 96325, 96328, 96370, 96406, 96412, 26227], "label": "plant"}, {"objectId": 13, "id": 13, "partId": 13, "index": 1, "dominantNormal": [-0.6440034508705139, -0.7650225758552551, -1.6986913561450992e-16], "obb": {"axesLengths": [1.0189652431457696, 1.6999999202787888, 0.9506918953617945], "centroid": [-0.2891923439196167, -4.389331082144494, -0.44000016081184645], "normalizedAxes": [0.7650225758552551, -0.6440034508705139, -1.4299749181890007e-16, 0, -2.220446049250313e-16, 1, -0.6440034508705139, -0.7650225758552551, -1.6986913561450992e-16]}, "segments": [102467, 71689, 70216, 98633, 86874, 86860, 48775, 48798, 87155, 15918, 16069, 14160, 95236, 40438, 15257, 14777, 14688, 1043, 1005, 35970, 94067, 17936, 17634, 87726, 17403, 15704, 79891, 77023, 72660, 82044, 108287, 80763, 49221, 56176, 17704, 91551, 91689, 30082, 955, 986, 993, 1021, 1030, 1116, 1255, 3005, 3019, 3020, 3030, 12793, 12801, 12810, 12826, 13786, 13797, 13798, 13816, 13837, 14079, 14108, 14133, 14356, 14359, 14372, 14406, 14413, 14418, 14423, 14431, 14454, 14672, 14691, 14694, 14706, 14708, 14721, 14747, 14751, 14752, 14766, 14772, 14786, 14797, 14825, 14835, 14845, 14847, 14860, 14872, 14896, 14972, 14978, 15060, 15073, 15077, 15144, 15166, 15296, 15316, 15327, 15357, 15377, 15401, 15402, 15431, 15442, 15738, 15755, 15778, 15779, 15788, 15795, 15833, 15838, 15855, 15856, 15859, 15878, 15893, 15929, 15987, 16043, 16051, 16054, 16076, 16098, 16121, 16125, 16140, 16147, 16152, 16158, 16171, 16190, 16203, 16210, 16231, 16236, 16305, 16343, 16346, 16363, 16380, 16387, 16389, 16410, 16420, 16426, 16434, 16450, 16454, 16756, 17157, 17160, 17171, 17191, 17231, 17241, 17335, 17347, 17367, 17385, 17428, 17468, 17503, 17509, 17525, 17562, 17576, 17600, 17603, 17615, 17620, 17642, 17695, 17736, 17745, 17767, 17791, 17824, 17830, 17856, 17857, 17887, 17897, 17925, 17950, 17954, 19081, 29588, 29605, 29619, 29642, 29715, 29729, 29761, 29778, 29789, 29798, 29800, 29813, 29837, 29861, 29865, 29872, 29876, 29912, 29917, 30097, 30167, 30277, 30314, 30340, 30350, 30356, 30373, 30382, 30383, 30391, 30407, 30413, 30417, 30418, 30430, 30437, 30447, 30471, 30488, 30509, 30611, 30624, 30665, 30689, 30697, 30702, 30709, 30744, 30755, 30808, 33996, 34141, 34148, 35980, 37890, 37908, 37910, 37932, 37935, 37937, 37950, 37965, 37975, 37980, 37999, 38007, 38013, 38025, 38088, 38089, 38132, 38134, 38165, 38187, 38189, 38199, 38204, 38213, 38275, 38307, 38331, 38333, 38335, 38345, 38373, 38394, 38412, 38441, 38506, 38509, 38510, 38953, 38961, 38988, 38990, 39002, 39018, 39025, 39036, 39063, 39079, 39108, 40358, 40384, 40392, 40416, 40446, 40489, 41027, 44718, 44722, 44760, 44789, 45011, 45033, 48321, 48331, 48333, 48360, 48365, 48377, 48392, 48409, 48716, 48739, 48747, 48781, 48806, 48964, 48978, 49017, 49029, 49051, 49059, 49079, 49130, 49170, 49184, 49192, 49196, 49205, 49212, 49238, 56133, 56296, 56332, 56355, 56412, 56546, 58305, 58379, 59092, 59104, 59464, 59476, 59478, 59566, 59568, 60095, 60114, 61528, 61901, 62449, 62892, 63776, 64097, 64374, 64409, 64462, 64813, 65152, 65189, 65194, 65202, 65216, 65230, 65255, 65265, 65266, 65271, 65272, 65310, 65319, 65339, 65367, 65435, 65436, 65504, 65525, 65546, 65577, 65592, 65996, 66147, 66169, 66264, 66265, 66303, 68167, 68172, 68179, 69681, 69852, 70144, 70166, 70186, 70849, 70869, 71346, 71763, 71957, 72157, 72188, 72244, 73063, 73183, 73206, 73602, 73641, 73650, 73660, 73768, 73786, 73801, 73802, 73810, 73828, 73833, 73878, 73893, 74103, 74126, 74131, 74135, 74300, 74435, 74621, 74830, 74835, 74946, 74972, 75050, 75109, 75123, 75313, 75353, 75862, 76446, 76457, 76565, 76616, 76617, 76769, 77789, 77855, 77891, 77900, 77922, 78284, 78307, 78530, 79060, 79124, 79268, 79271, 79718, 80157, 80459, 80819, 80930, 81339, 81388, 81416, 81417, 81557, 81564, 82023, 82032, 82047, 82067, 82084, 82160, 82235, 82255, 82277, 82383, 82418, 82512, 82517, 82524, 82981, 83483, 83688, 83690, 83692, 84479, 84978, 84986, 84989, 85979, 85981, 85984, 85986, 86019, 86083, 86156, 86303, 86450, 86507, 86558, 86566, 86620, 86623, 86627, 86630, 86640, 86642, 86646, 86696, 86734, 86737, 86813, 86823, 86831, 86851, 86857, 86862, 86865, 86871, 86918, 86922, 86927, 86933, 87005, 87009, 87018, 87054, 87092, 87099, 87100, 87161, 87168, 87193, 87222, 87232, 87305, 87307, 87351, 87364, 87390, 87455, 87647, 87681, 87705, 87718, 87824, 87850, 87852, 87882, 87886, 87908, 87933, 87944, 87950, 87957, 87958, 88280, 88495, 88518, 89006, 89135, 89144, 89148, 89151, 90134, 90157, 90697, 90753, 90756, 90806, 91299, 91312, 91378, 91466, 91557, 91623, 91651, 91652, 91656, 91669, 91672, 91674, 91705, 91712, 91726, 91732, 91784, 91794, 91796, 91930, 92074, 92181, 92191, 92192, 92195, 92365, 92647, 92690, 92721, 92734, 92896, 92962, 93047, 93393, 93454, 93757, 93762, 93765, 93767, 93830, 93833, 93843, 93853, 93874, 93910, 93917, 93952, 94016, 94043, 94057, 94061, 94064, 94185, 94219, 94261, 94265, 94287, 94292, 94307, 94486, 94491, 94494, 94522, 94559, 94577, 94669, 94780, 95174, 95282, 95534, 95802, 96896, 96937, 97268, 97435, 98616, 98617, 98663, 98671, 98722, 98724, 98749, 98758, 98773, 98909, 98927, 98929, 102394, 102399, 102401, 102402, 102488, 102504, 102668, 102719, 102728, 104515, 104529, 105388, 106579, 106582, 106603, 106674, 106677, 106690, 108188, 108246, 108252, 108262, 108410, 3307, 3092, 91529, 91493, 29997, 34133, 34053, 34098, 2988, 3182, 12874, 14393, 14489, 14898, 15283, 15307, 18612, 19072, 21147, 29950, 29975, 29983, 30183, 30194, 34054, 38897, 40477, 73118, 86749, 87055, 87117, 91469, 91476, 91518, 91522, 91525, 92189, 92371, 94482, 105018, 106664], "label": "plant"}, {"objectId": 14, "id": 14, "partId": 14, "index": 2, "dominantNormal": [-0.5487024188041687, -0.8360177278518677, -1.856332260911903e-16], "obb": {"axesLengths": [4.977826632772314, 3.099999954551458, 1.3872709659119558], "centroid": [-0.6921383988220029, -3.7609184450342994, -0.02000022801608159], "normalizedAxes": [0.8360177278518677, -0.5487024188041687, -1.218364118047807e-16, 0, -2.220446049250313e-16, 1, -0.5487024188041687, -0.8360177278518677, -1.856332260911903e-16]}, "segments": [13576, 97354, 26862, 7473, 8811, 45509, 37565, 97178, 30914, 29968, 16313, 97088, 109133, 6893, 10145, 83677, 34761, 72714], "label": "wall"}, {"objectId": 15, "id": 15, "partId": 15, "index": 3, "dominantNormal": [0.8926419615745544, -0.45076632499694824, -1.0009023054745564e-16], "obb": {"axesLengths": [0.8771803374957716, 2.0999999172985566, 0.05035029619867308], "centroid": [3.4498820417788703, -1.2223239279882696, -0.5000001469537665], "normalizedAxes": [0.45076632499694824, 0.8926419615745544, 1.9820633169732692e-16, 0, -2.220446049250313e-16, 1, 0.8926419615745544, -0.45076632499694824, -1.0009023054745564e-16]}, "segments": [77464, 104921], "label": "door"}, {"objectId": 16, "id": 16, "partId": 16, "index": 4, "dominantNormal": [0.9983264207839966, -0.0578305646777153, -1.2840964886454765e-17], "obb": {"axesLengths": [2.213579375125087, 3.0623599798449863, 0.8973958797017134], "centroid": [4.120854849583667, 0.8598930712747901, -0.02118022114232554], "normalizedAxes": [0.0578305646777153, 0.9983264207839966, 2.2167299568920309e-16, 0, -2.220446049250313e-16, 1, 0.9983264207839966, -0.0578305646777153, -1.2840964886454765e-17]}, "segments": [46580, 62273, 82426, 61290, 61278, 105759, 50739, 50709, 105596, 48049, 70459, 58199, 58197, 61430, 74931, 61719, 70270], "label": "wall"}, {"objectId": 17, "id": 17, "partId": 17, "index": 5, "dominantNormal": [0.9958369135856628, -0.09115257114171982, -2.0239936647063987e-17], "obb": {"axesLengths": [1.2440641630207545, 2.3797099654441323, 0.5547000931187106], "centroid": [3.8930696963322453, 1.0138188678905087, -0.35985520589527153], "normalizedAxes": [0.09115257114171982, 0.9958369135856628, 2.2112021404689105e-16, 0, -2.220446049250313e-16, 1, 0.9958369135856628, -0.09115257114171982, -2.0239936647063987e-17]}, "segments": [60914, 61949, 108154, 53064, 57650, 58092, 70755, 68531, 103648, 49088], "label": "wardrobe"}, {"objectId": 18, "id": 18, "partId": 18, "index": 6, "dominantNormal": [0, -2.220446049250313e-16, 1], "obb": {"axesLengths": [8.088015185942167, 0.46988998793311476, 5.461308450663181], "centroid": [0.9292863817340014, -0.9504671131675039, 1.31505473577257], "normalizedAxes": [0.5635792016983032, 0.826062023639679, 1.8342261568264439e-16, 0, -2.220446049250313e-16, 1, 0.826062023639679, -0.5635792016983032, -1.2513972118506427e-16]}, "segments": [249, 52838, 52826, 578, 30244, 50840, 50842, 12112, 76816, 657, 677, 4877, 14398, 14587, 16058, 29106, 30004, 30006, 30118, 33811, 42854, 42855, 42891, 43385, 43394, 43773, 45583, 48104, 48493, 49112, 55564, 55742, 56012, 57000, 57006, 57031, 57046, 57063, 77438, 82686, 85993, 93646, 94447, 62120, 60704, 60617, 14813, 8541, 54578, 26831, 68786, 79922], "label": "ceiling"}, {"objectId": 19, "id": 19, "partId": 19, "index": 7, "dominantNormal": [-0.41631701588630676, -0.90921950340271, -2.018872854231879e-16], "obb": {"axesLengths": [1.234553173031596, 2.7199998486042043, 1.0492675314014852], "centroid": [-1.2926107691251738, -3.89879114044607, -0.05000019873530093], "normalizedAxes": [0.90921950340271, -0.41631704568862915, -9.244095393348787e-17, 0, -2.220446049250313e-16, 1, -0.41631704568862915, -0.90921950340271, -2.018872854231879e-16]}, "segments": [103039, 90295, 32244, 103097, 93261, 35199, 38798, 41733, 41910, 41626, 12274, 38745, 92861, 34222, 91168, 31174, 31746, 1371, 30408, 69966, 104977, 75260, 28953, 32026, 9012, 91136, 103303, 103301, 28793, 24833, 63318, 70034, 69993, 20772, 5007, 3189, 1709, 1772, 1090, 83547, 83418, 3670, 91190, 29340, 16638, 66532, 66529, 66516, 12313, 1688, 1603, 90, 127, 129, 137, 144, 154, 215, 224, 262, 432, 439, 453, 551, 672, 975, 1003, 1028, 1034, 1149, 1156, 1171, 1181, 1230, 1247, 1277, 1316, 1320, 1363, 1375, 1380, 1403, 1416, 1471, 1553, 1565, 1597, 1626, 1634, 1646, 1647, 1673, 1682, 1995, 2003, 2005, 2234, 2274, 2281, 2296, 2345, 2693, 2716, 2734, 2771, 2815, 2843, 3571, 3676, 3712, 3715, 4378, 4388, 4552, 4624, 4658, 4711, 8999, 9009, 9023, 9540, 10322, 10372, 10479, 10489, 10509, 12248, 12280, 12298, 12305, 12355, 12358, 12370, 12375, 12387, 12392, 12405, 12408, 12446, 12461, 20592, 20606, 20681, 20714, 20720, 20763, 21086, 21141, 21142, 21178, 21198, 21226, 21529, 21531, 24734, 24787, 24789, 24886, 24887, 24906, 25125, 25150, 25161, 25176, 25193, 25222, 25238, 25255, 25273, 25305, 25316, 25387, 25392, 25429, 25440, 25442, 25470, 25536, 25564, 25569, 25577, 25619, 25632, 25636, 25640, 25648, 25694, 25703, 25734, 25742, 25748, 25774, 25775, 25782, 25787, 25855, 25860, 25898, 26951, 26974, 26984, 26996, 27003, 27012, 27041, 27054, 27082, 27085, 27138, 27142, 27143, 27146, 27156, 27168, 27191, 27224, 28845, 28852, 28874, 28887, 28948, 29220, 29221, 29233, 29249, 29271, 29464, 29473, 29480, 29779, 30040, 30331, 30508, 30648, 30654, 30663, 31072, 31082, 31138, 31221, 31583, 31586, 31859, 31860, 31906, 31942, 31973, 31999, 32015, 32048, 32071, 32110, 32157, 32160, 32211, 32243, 32474, 32497, 32505, 32530, 32537, 32756, 32816, 33802, 34182, 34191, 34237, 34944, 34954, 34966, 35652, 35666, 35684, 35686, 35729, 35745, 35755, 35758, 35770, 38693, 38724, 38732, 38926, 39993, 40020, 40644, 40691, 40750, 40788, 40933, 40945, 40961, 40964, 41343, 41357, 41394, 41408, 41411, 41435, 41441, 41450, 41490, 41501, 41502, 41546, 41705, 41770, 41839, 41847, 41859, 41893, 41919, 41930, 41934, 41970, 41974, 42293, 42311, 42339, 42342, 42364, 43163, 43179, 43185, 43206, 61590, 61683, 61700, 61725, 61729, 61749, 61754, 61755, 61765, 61766, 61775, 63294, 63338, 63394, 63424, 63449, 63568, 63574, 63583, 64693, 64707, 64714, 64851, 64906, 64913, 66395, 66406, 66428, 66448, 66457, 66463, 66494, 66502, 66522, 66630, 66639, 66641, 66643, 66652, 66657, 66675, 66681, 66688, 66694, 66695, 66697, 66713, 66721, 66732, 66740, 66742, 66751, 66772, 66775, 66781, 66800, 66810, 66821, 66835, 66837, 66841, 66852, 67121, 67122, 67125, 67138, 67139, 67154, 67190, 67195, 67200, 69145, 69229, 70026, 70280, 70281, 70328, 70376, 70380, 70390, 70396, 70408, 70409, 70419, 70421, 70428, 70465, 70486, 75290, 75332, 78371, 78391, 78412, 78417, 78448, 78478, 78523, 78525, 78609, 78616, 78624, 78644, 78647, 78662, 78679, 78731, 78754, 78803, 78814, 78836, 78924, 78948, 78963, 78985, 79111, 79158, 79176, 79178, 79566, 79572, 82595, 82953, 82955, 82968, 82979, 82999, 83108, 83113, 83116, 83124, 83209, 83319, 83354, 83357, 83370, 83378, 83404, 83409, 83411, 83413, 83427, 83430, 83435, 83466, 83471, 83504, 83506, 83509, 83686, 87550, 90016, 90035, 90055, 90061, 90076, 90081, 90097, 90165, 90169, 90198, 90202, 90206, 90208, 90213, 90219, 90222, 90225, 90238, 90243, 90249, 90253, 90262, 90263, 90266, 90279, 90316, 90397, 90758, 90763, 90766, 90773, 90776, 90778, 90781, 90783, 90801, 90804, 90832, 90858, 90934, 90968, 90972, 91034, 91042, 91115, 91120, 91139, 91149, 91229, 91240, 91245, 91257, 91265, 91275, 91314, 91316, 91350, 91362, 91397, 91398, 91402, 91408, 92732, 92904, 92908, 92927, 92932, 92939, 92942, 92956, 93083, 93085, 93113, 93123, 93231, 93240, 93243, 93245, 93250, 93253, 93295, 93703, 93710, 93713, 93722, 96428, 98859, 101695, 101703, 101706, 101709, 101930, 101934, 101938, 101940, 102290, 102927, 102939, 102942, 102974, 103145, 103182, 103184, 103243, 103247, 103260, 104438, 105000, 105012, 105034, 105038, 107427, 109545, 109553, 109558, 109574, 109589, 109593, 109636, 109696, 109698, 109702, 109710, 109714, 109723, 109724, 109733, 109739, 109781, 110091, 110228, 110297, 113053, 113163, 113245, 113376, 27056, 4375, 78605, 109678, 18197, 18160, 18128, 78875, 25335, 90112, 76580, 76593, 79041, 109795], "label": "window"}, {"objectId": 32, "id": 32, "partId": 32, "index": 8, "dominantNormal": [0.3107829689979553, -0.9504808783531189, -2.1104915112271503e-16], "obb": {"axesLengths": [0.7427148369654356, 0.9000000156462185, 0.4555494107199335], "centroid": [-2.144089413196673, -1.9776214528224292, -1.120000197468702], "normalizedAxes": [0.9504808783531189, 0.3107829988002777, 6.900768818602414e-17, 0, -2.220446049250313e-16, 1, 0.3107829988002777, -0.9504808783531189, -2.1104915112271503e-16]}, "segments": [75052, 20280, 77655, 77665, 20341, 20372, 20409, 88901, 88908, 88914, 88917, 88959, 88969, 107699, 109105], "label": "cabinet"}, {"objectId": 34, "id": 34, "partId": 34, "index": 10, "dominantNormal": [0, -2.220446049250313e-16, 1], "obb": {"axesLengths": [1.0016907901922174, 0.33964001373261166, 0.5372801632955974], "centroid": [-1.3681427133518917, -3.701363859014221, -1.4122501387227375], "normalizedAxes": [0.917809247970581, -0.3970215916633606, -8.815650246759801e-17, 0, -2.220446049250313e-16, 1, -0.3970215916633606, -0.917809247970581, -2.0379459186216776e-16]}, "segments": [28089, 102204, 91924, 102183, 1635, 91049, 83205, 64329], "label": "heater"}, {"objectId": 35, "id": 35, "partId": 35, "index": 11, "dominantNormal": [-0.4685858190059662, -0.8834179639816284, -1.9615819279597622e-16], "obb": {"axesLengths": [1.4386251059365442, 2.6599999071657665, 0.3548589948198422], "centroid": [0.573121834249063, -4.9726029871034, 0.019999852152163378], "normalizedAxes": [0.8834179639816284, -0.4685858488082886, -1.0404695967209689e-16, 0, -2.220446049250313e-16, 1, -0.4685858488082886, -0.8834179639816284, -1.9615819279597622e-16]}, "segments": [32898, 71618, 105486, 61799, 106075, 71456, 113515, 82535, 56876, 9228, 9130, 85499, 9149, 85529, 9173, 9212, 8677, 8682, 8684, 8710, 8715, 9073, 9079, 9081, 9089, 9131, 9138, 9152, 9178, 28735, 30540, 30549, 30552, 30558, 30594, 32865, 36364, 38326, 41096, 41101, 45289, 48601, 48629, 48909, 56856, 62630, 62655, 62836, 63020, 63058, 63168, 71521, 71562, 71567, 71581, 71591, 71614, 79997, 80068, 80095, 80107, 80126, 80127, 80148, 80152, 80163, 80171, 80205, 80220, 80254, 80255, 80256, 80274, 80336, 80408, 82139, 82175, 82578, 82865, 82874, 82933, 82978, 83008, 85416, 85475, 85477, 85479, 85482, 85495, 85497, 85504, 85509, 85516, 85533, 85541, 85587, 85594, 105497, 110539, 110595, 110597, 113609, 93566, 37667, 37625, 37615, 37619, 20957, 21016, 21064, 20909, 20994, 89131, 20159, 10881, 10851, 20131, 20061, 92076, 76671, 113558, 71492, 105480, 80371, 80375, 13317], "label": "window"}, {"objectId": 38, "id": 38, "partId": 38, "index": 12, "dominantNormal": [0, -2.220446049250313e-16, 1], "obb": {"axesLengths": [0.48461079249109956, 0.3068100145427133, 0.3888152051977183], "centroid": [1.1919949603835307, -4.960763899000353, -1.3969751375382815], "normalizedAxes": [-0.3186642527580261, 0.9478676319122314, 2.1046889384917643e-16, 0, -2.220446049250313e-16, 1, 0.9478676319122314, 0.3186642527580261, 7.075767810738623e-17]}, "segments": [11088, 11153], "label": "windowsill"}, {"objectId": 39, "id": 39, "partId": 39, "index": 13, "dominantNormal": [-0.559797465801239, -0.8286294341087341, -1.8399269532592613e-16], "obb": {"axesLengths": [0.4670508338588596, 1.8033199950310583, 0.46086909419343375], "centroid": [2.8164819809828603, -1.7103334263079149, -0.6610401886752286], "normalizedAxes": [0.8286294937133789, -0.559797465801239, -1.2430000713186984e-16, 0, -2.220446049250313e-16, 1, -0.559797465801239, -0.8286294937133789, -1.8399270856081593e-16]}, "segments": [59103, 52330, 52683, 56727, 58534, 58910, 58912, 59044, 101221, 101225, 101292, 103889, 101120, 13007, 56447, 56503, 56579, 56586, 56591, 56606, 56627, 56634, 56693, 58004, 58010, 58085, 58097, 58113, 58122, 58151, 58389, 58402, 58416, 58444, 58454, 58455, 58472, 58490, 58494, 58516, 58525, 58907, 71174, 71223, 74443, 74448, 74461, 74464, 100709, 100998, 101066, 101078, 101215, 101223, 103610, 103616, 103621, 103628, 107689, 107691, 67727, 104807, 104883, 58541, 101149, 103945, 103611, 101234, 71550, 108058, 12996, 69736, 13002, 107604, 69780, 71354, 55785, 56009, 58090, 59270, 69735, 69747, 69802, 69839, 69858, 69859, 71199, 71298, 74219, 74273, 74274, 74283, 74330, 74374, 74375, 74378, 74382, 74423, 74424, 74482, 103753, 103872, 103879, 104721, 104723, 104939, 104946, 107501, 107539, 107654, 107666, 107693], "label": "rack"}, {"objectId": 46, "id": 46, "partId": 46, "index": 16, "dominantNormal": [0.8937751650810242, -0.4485152065753937, -9.959038184690209e-17], "obb": {"axesLengths": [0.9423140470912119, 2.1434198734889947, 0.1675579288628488], "centroid": [3.3901903521568135, -1.1974147240172124, -0.481710164090027], "normalizedAxes": [0.44851523637771606, 0.8937751650810242, 1.9845795342222065e-16, 0, -2.220446049250313e-16, 1, 0.8937751650810242, -0.44851523637771606, -9.959038846434699e-17]}, "segments": [57561, 58564, 58261, 67690], "label": "doorframe"}, {"objectId": 47, "id": 47, "partId": 47, "index": 17, "dominantNormal": [-0.48475542664527893, -0.8746497631072998, -1.942112610969326e-16], "obb": {"axesLengths": [1.1794922776518089, 0.1959880546632098, 0.17525134092761172], "centroid": [-0.18260454037867935, -3.1949993925123645, 0.9767458129373283], "normalizedAxes": [0.8746497631072998, -0.48475542664527893, -1.0763732719471596e-16, 0, -2.220446049250313e-16, 1, -0.48475542664527893, -0.8746497631072998, -1.942112610969326e-16]}, "segments": [33112, 99748, 33398, 71826, 101575, 105828, 52433, 51221, 51588, 52461, 52472, 52495, 52509, 99359, 99365, 99760, 99765, 99773, 99864, 51533, 51593, 36682, 51164, 51513, 51525, 51596, 99356, 99361, 52406, 71834, 99237, 99768, 77460, 51156, 51424, 99367, 109054, 99375], "label": "light"}, {"objectId": 20, "id": 20, "partId": 20, "index": 18, "dominantNormal": [0.9933727383613586, 0.11493761837482452, 2.552127806306193e-17], "obb": {"axesLengths": [0.2962276496277103, 0.6694088875634463, 0.24110740435780784], "centroid": [-0.7458473715177514, -3.6553615327001383, -0.23811973265887731], "normalizedAxes": [-0.11493761837482452, 0.9933727383613586, 2.2057305723274437e-16, 0, -2.220446049250313e-16, 1, 0.9933727383613586, 0.11493761837482452, 2.552127806306193e-17]}, "segments": [24591, 23574, 3339, 89315], "label": "lamp"}, {"objectId": 21, "id": 21, "partId": 21, "index": 19, "dominantNormal": [-0.4013962149620056, -0.9159045219421387, -2.0337165772369185e-16], "obb": {"axesLengths": [0.9545182526811853, 2.4799999636411663, 0.6113939486979905], "centroid": [-0.39096229150462003, -4.651908553525235, 0.08999984343498424], "normalizedAxes": [0.9159045219421387, -0.4013962149620056, -8.912786396964148e-17, 0, -2.220446049250313e-16, 1, -0.4013962149620056, -0.9159045219421387, -2.0337165772369185e-16]}, "segments": [49305, 94331, 42485, 42524, 46157, 82909, 102600, 65122, 42908, 42613, 42787, 2723, 98225, 43216, 19131, 19120, 102717, 43602, 48846, 30032, 44171, 43669, 43380, 82930, 48611, 48897, 49271, 50695, 42984, 39608, 44700, 45565, 42205, 15391], "label": "window"}, {"objectId": 22, "id": 22, "partId": 22, "index": 20, "dominantNormal": [0, -2.220446049250313e-16, 1], "obb": {"axesLengths": [1.3619684328824146, 0.6892459238489131, 0.7702128941961034], "centroid": [0.14844253321864498, -3.7590755203956454, -1.209497135842664], "normalizedAxes": [0.9099990129470825, -0.41461044549942017, -9.206201256870998e-17, 0, -2.220446049250313e-16, 1, -0.41461044549942017, -0.9099990129470825, -2.020603713120034e-16]}, "segments": [99646, 42919, 42972, 46404, 36724, 99508, 36241, 99671, 99577, 52034, 46438, 97744, 97703, 46504, 46339, 46322, 46213, 46191, 97811, 46178, 95621, 43087, 41638, 41645, 1232, 1251, 2968, 3139, 3147, 3181, 3190, 14003, 14030, 32175, 32181, 32604, 32734, 32736, 32749, 32764, 32768, 32787, 32791, 32809, 32825, 32840, 32954, 32973, 32987, 32997, 33047, 33063, 33108, 33120, 33134, 33143, 33148, 33150, 33207, 33234, 33235, 33240, 33266, 33268, 33289, 34401, 34420, 34421, 34433, 34466, 34467, 34474, 34478, 34488, 34504, 34518, 34522, 34529, 34542, 34547, 34554, 34581, 34585, 34668, 34713, 34718, 34723, 34747, 34750, 34752, 34798, 34968, 35018, 35108, 35140, 35179, 35185, 35187, 35192, 35197, 36245, 36480, 36485, 36494, 36498, 36525, 36538, 36594, 36624, 36668, 36725, 36743, 36752, 37734, 37744, 37746, 37748, 37759, 37764, 37805, 37827, 37840, 40305, 42156, 42982, 45321, 45388, 45408, 45722, 45731, 45744, 45768, 45975, 46000, 46012, 46015, 46034, 46094, 46106, 46143, 46151, 46162, 46163, 46190, 46204, 46218, 46226, 46230, 46234, 46248, 46264, 46270, 46320, 46336, 46444, 46455, 46469, 46484, 48154, 48177, 51772, 51780, 51793, 51802, 51806, 51810, 51844, 51849, 51874, 51876, 51887, 51899, 51911, 52006, 52039, 52041, 52051, 52072, 52084, 52095, 52106, 52123, 52131, 52135, 52162, 52164, 52171, 52172, 54044, 54049, 86443, 92009, 92034, 92037, 92040, 92048, 92054, 92060, 92226, 92228, 92247, 92248, 92252, 92256, 92268, 92299, 92373, 92375, 92384, 92849, 92850, 92865, 92875, 92913, 92948, 92969, 92970, 93676, 93694, 93699, 95106, 95122, 95573, 95914, 95920, 95925, 97466, 97503, 97505, 97587, 97589, 97598, 97602, 97612, 97825, 97826, 97881, 98606, 99408, 99409, 99411, 99519, 99524, 99563, 99566, 99570, 99574, 99582, 99696, 2943, 52233, 46056, 48265, 48190, 32220], "label": "couch"}, {"objectId": 23, "id": 23, "partId": 23, "index": 21, "dominantNormal": [0.7920156121253967, -0.6105008721351624, -1.3555842495963918e-16], "obb": {"axesLengths": [1.186543086504177, 1.8099748981749653, 0.7858134230502957], "centroid": [-2.3726408081637955, -2.6272747020218397, -0.6450126565155623], "normalizedAxes": [0.6105008125305176, 0.7920156121253967, 1.7586279368884055e-16, 0, -2.220446049250313e-16, 1, 0.7920156121253967, -0.6105008125305176, -1.3555841172474938e-16]}, "segments": [77568, 21647, 23370, 23172, 26623, 89666, 108963, 73539, 108851, 106717, 107371, 109988, 20806, 108798, 19430, 20942, 86969, 10127, 3881, 3898, 3961, 18641, 18650, 18663, 18668, 18703, 18724, 18734, 19037, 19095, 19127, 19294, 19301, 19517, 19578, 19584, 19599, 19634, 19638, 19654, 19692, 19802, 19805, 19849, 19854, 19867, 19880, 20036, 20055, 20166, 20182, 20314, 20322, 20379, 20432, 20440, 20448, 20492, 20495, 20530, 20561, 20564, 20568, 20594, 20617, 20627, 20629, 20631, 20669, 20697, 20699, 20705, 20723, 20730, 20887, 20919, 21023, 21074, 21080, 21282, 21338, 21365, 21387, 21399, 21419, 21430, 21431, 21439, 21455, 21573, 21586, 21682, 21691, 21734, 21754, 21768, 21783, 21825, 21845, 21879, 21960, 21964, 21988, 22014, 22020, 22022, 22096, 22134, 22136, 22164, 22186, 22274, 22312, 22333, 22479, 22535, 22628, 22685, 22699, 22825, 22840, 22869, 22932, 22945, 22985, 23015, 23020, 23027, 23074, 23075, 23081, 23086, 23129, 23302, 23415, 23434, 23529, 23538, 23547, 23570, 23587, 23590, 23611, 23614, 23630, 23671, 25621, 25714, 25730, 26578, 26602, 27398, 27400, 70983, 71025, 71030, 73288, 73322, 73344, 73368, 73374, 73389, 73439, 73453, 73458, 73475, 73552, 73585, 73586, 73595, 73604, 73672, 73759, 73966, 74006, 74011, 74023, 76871, 76902, 76904, 77060, 77133, 77177, 77219, 77268, 79306, 79331, 79386, 79393, 86445, 86489, 86503, 86571, 86619, 86624, 86655, 86820, 86990, 86991, 86995, 88175, 88177, 88178, 88324, 88368, 88982, 89159, 89179, 89207, 89210, 89217, 89223, 89247, 89263, 89304, 89445, 89493, 89500, 89506, 89520, 89526, 89636, 89638, 89694, 90978, 102827, 106696, 106738, 106742, 106831, 107358, 107409, 108655, 108662, 108664, 108669, 108671, 108694, 108822, 108825, 108828, 108834, 108837, 108878, 108906, 108921, 109942, 109945, 109947, 109955, 109958, 109965, 110047, 110527, 106954, 73635, 19722, 20211, 20227, 20236, 20838, 21126, 21863, 21866, 21878, 22011, 22102, 22124, 22169, 22254, 22369, 22419, 22429, 22453, 22545, 22828, 22935, 22964, 23769, 23782, 23814, 23875, 23880, 23892, 23896, 23933, 23961, 23987, 24052, 24119, 24121, 24127, 24163, 24283, 24310, 24367, 24370, 24396, 24398, 24400, 24411, 24415, 24419, 24429, 24434, 24441, 24505, 24609, 24649, 24667, 24668, 24670, 24673, 24690, 26090, 26092, 26099, 26104, 26120, 26127, 26164, 26169, 26175, 26190, 26207, 26209, 26212, 26219, 26238, 26268, 26289, 26326, 26404, 26405, 26421, 26437, 26468, 26491, 27437, 27757, 28435, 28662, 28681, 28708, 28743, 28807, 65608, 65619, 65630, 65643, 65645, 65654, 65658, 65684, 65697, 65698, 65705, 65730, 65750, 65764, 65790, 65809, 65826, 65831, 73407, 73440, 73463, 73484, 73524, 73564, 73572, 89053, 89088, 89229, 89230, 89245, 89266, 89269, 89301, 89356, 89376, 89388, 89403, 89425, 89461, 89720, 89724, 89727, 89741, 89749, 89754, 89759, 89774, 89804, 89817, 89824, 89826, 89831, 89835, 89839, 89842, 89845, 89847, 89912, 89981, 90331, 90339, 90380, 90390, 90400, 90403, 90408, 90420, 90441, 90442, 90457, 90468, 90480, 90499, 90576, 102741, 102744, 102747, 102749, 102765, 102769, 102772, 102774, 102781, 102789, 102795, 106838, 106847, 107201, 109112], "label": "refrigerator"}, {"objectId": 24, "id": 24, "partId": 24, "index": 22, "dominantNormal": [-0.050874680280685425, -0.9987050294876099, -2.2175706370921807e-16], "obb": {"axesLengths": [1.0624546813012503, 2.735599933513999, 0.9692958491389879], "centroid": [-2.598642277955614, -3.436873750268851, -0.022200175800924704], "normalizedAxes": [0.9987050294876099, -0.050874680280685425, -1.1296448283612076e-17, 0, -2.220446049250313e-16, 1, -0.050874680280685425, -0.9987050294876099, -2.2175706370921807e-16]}, "segments": [87983, 29302, 16922, 16692, 16718, 16830, 16988, 24081, 24165, 24221, 24502, 24523, 24531, 24538, 24542, 24791, 24817, 87802, 87819, 9161, 4219, 4224, 4330, 4364, 4571, 16607, 16627, 16663, 16676, 17676, 17868, 17927, 17957, 17974, 18013, 18565, 24202, 24723, 24749, 24750, 24755, 24794, 25098, 25334, 25509, 70614, 70615, 70661, 70662, 86187, 86209, 87643, 88149, 108989, 70651, 70759, 104306, 4716, 22395, 22427, 22430, 22433, 22461, 22477, 22481, 22494, 22523, 22544, 22550, 22556, 22562, 22575, 22630, 22640, 22641, 22659, 22698, 22735, 22765, 23120, 23127, 23662, 23667, 23761, 23801, 23835, 23988, 26017, 26622, 26632, 26637, 26668, 26749, 26771, 26809, 27015, 27111, 27132, 27182, 27210, 27267, 64107, 64120, 64126, 87368, 87372, 87376, 87380, 87402, 87411, 87418, 87519, 87591, 87597, 87601, 87602, 87609, 87615, 87623, 87639, 88384, 88390, 88701, 88721, 20487, 20854, 76647, 18774, 18797, 18807, 18811, 18819, 18823, 18827, 18831, 18847, 18852, 18876, 18878, 18879, 18889, 18901, 18924, 18955, 18959, 20706, 20782, 20789, 20799, 20800, 20871, 20879, 22746, 22874, 23174, 23182, 23237, 23251, 23254, 23263, 23269, 23377, 23420, 23542, 24949, 24968, 24989, 24993, 25001, 26725, 27580, 27608, 27659, 27667, 27671, 27699, 27708, 27730, 27733, 27741, 27795, 27802, 27860, 27878, 27905, 27937, 27945, 27973, 28004, 28025, 28027, 28028, 28032, 28061, 28110, 28113, 28157, 28219, 28290, 28337, 28363, 29065, 29071, 64179, 64192, 64199, 76634, 87523, 87534, 87543, 87553, 87554, 88185, 88187, 88190, 88192, 88195, 88198, 88218, 88221, 88231, 88234, 88262, 88266, 88269, 88275, 88278, 88886, 88911, 88963, 88966, 89018, 89028, 89038, 89050, 89051, 89056, 90037, 90041, 90042, 90047, 90603, 90613, 91009, 91015, 91024, 104348, 108648, 22655, 23580, 29002, 105200, 22766, 22792, 87432, 87606, 88369, 88373, 105129, 25263, 20827, 20839, 89058, 74082, 105252, 10996, 11179, 2848, 2953, 3079, 4352, 9193, 9261, 9269, 9355, 9379, 9395, 9398, 9434, 9442, 10606, 10688, 10717, 10733, 11036, 11063, 11070, 11738, 11805, 13240, 13265, 13281, 13533, 13648, 13682, 13683, 17915, 22060, 22393, 22619, 22807, 22833, 23016, 23110, 23114, 23390, 23554, 23642, 23968, 24024, 25274, 26508, 26600, 26624, 26643, 26681, 26708, 26763, 26772, 27147, 27275, 27288, 27427, 27462, 27483, 83736, 83745, 84272, 84355, 84360, 84834, 84836, 87436, 87573, 87578, 87588, 88098, 88398, 88401, 88405, 88410, 88427, 88691, 88791, 106401, 106449, 3248, 11015, 22193, 22194, 22326, 22845, 22904, 23589, 24238, 26799, 28313, 28339, 87085, 87088, 87512, 88464, 88593, 89776, 89782, 106467, 106546, 9377, 9245, 9533, 9589, 10636, 10674, 10753, 13365, 13556, 17882, 21370, 24626, 82939, 82951, 86141, 13086, 11228, 11713, 11840, 13106, 13201, 21344, 21386, 21657, 21999, 22064, 23585, 23805, 24620, 27157, 28703, 28711, 88632, 89778, 89797, 89963, 89970, 102786, 21336, 11689, 9600, 21687, 24575, 21221, 21422, 22243, 107146, 72959, 24302], "label": "window"}, {"objectId": 26, "id": 26, "partId": 26, "index": 23, "dominantNormal": [0.9012959599494934, -0.4332038462162018, -9.619057688508054e-17], "obb": {"axesLengths": [0.9289746619875638, 1.6680999472416942, 0.4731514449981944], "centroid": [3.757657711826619, -0.04406773981102352, -0.724050164607545], "normalizedAxes": [0.43320387601852417, 0.9012959599494934, 2.001279053475121e-16, 0, -2.220446049250313e-16, 1, 0.9012959599494934, -0.43320387601852417, -9.619058350252544e-17]}, "segments": [71429, 101190, 53656, 53819, 59821, 59822, 59867, 59917, 59924, 99037, 100620, 64830, 53920, 53954, 63586, 64775, 99028, 101307, 105465, 72903, 53657, 53660, 94506, 94509, 105456, 106329, 60280, 106109, 58692, 58681, 44533, 44603, 47756, 47825, 47836, 48201, 48354, 55719, 58290, 58619, 58994, 60150, 60533, 71370, 72591, 94564, 96002, 96006, 96007, 96430, 96431, 101168, 60374, 44446, 46901, 60316, 94511, 46944, 47006, 105853, 53963, 105856, 105890, 77686, 67253, 67281, 68330, 68573, 70282, 70308, 70424, 71949, 103232, 103235, 104195, 105858, 105907, 105911, 104204, 50798, 103352, 104219, 104237, 105926, 68640, 68631], "label": "shelf"}, {"objectId": 28, "id": 28, "partId": 28, "index": 24, "dominantNormal": [0.7023194432258606, -0.7118619680404663, -1.580651094547006e-16], "obb": {"axesLengths": [0.5788442032845272, 0.8343600444266189, 0.5198760698606311], "centroid": [0.9557440562265533, 1.0629641346413359, -1.12718017281786], "normalizedAxes": [0.7118619680404663, 0.7023194432258606, 1.5594624330225417e-16, 0, -2.220446049250313e-16, 1, 0.7023194432258606, -0.7118619680404663, -1.580651094547006e-16]}, "segments": [7026, 7020, 51252, 7210, 44298, 84742, 98126, 50382, 6668, 6658, 6620, 7229, 7257, 7260, 84660, 84746, 84749, 84751, 84754, 84807, 84811, 7203, 84815, 6641, 7037, 6703, 6830, 9494, 47443, 47450, 47465, 47924, 49592, 84774, 98189], "label": "stool"}, {"objectId": 31, "id": 31, "partId": 31, "index": 25, "dominantNormal": [-0.691730260848999, -0.7221559286117554, -1.6035082786286633e-16], "obb": {"axesLengths": [0.7439239638790578, 1.098455970768869, 0.4900057279016804], "centroid": [2.9762087593224904, 0.5583743111748343, -0.9949221628832414], "normalizedAxes": [0.7221559286117554, -0.691730260848999, -1.5359497248490484e-16, 0, -2.220446049250313e-16, 1, -0.691730260848999, -0.7221559286117554, -1.6035082786286633e-16]}, "segments": [50708, 61802, 62684, 56650, 56661, 72260, 72275, 67009, 56679, 101793, 106085], "label": "table"}, {"objectId": 1, "id": 1, "partId": 1, "index": 26, "dominantNormal": [0, -2.220446049250313e-16, 1], "obb": {"axesLengths": [7.977299665629609, 0.5151599530467396, 4.985836096367441], "centroid": [1.0313881502066382, -0.5737407114702356, -1.6319701398006874], "normalizedAxes": [0.42073115706443787, 0.9071853756904602, 2.0143561833895434e-16, 0, -2.220446049250313e-16, 1, 0.9071853756904602, -0.42073115706443787, -9.34210835500244e-17]}, "segments": [11889, 58782, 59613, 79460, 71198, 71086, 1438, 1443, 3352, 3354, 3521, 3568, 3687, 4021, 5013, 5173, 5174, 5175, 5184, 5212, 5216, 5481, 5495, 5680, 6211, 6555, 6707, 6718, 7105, 7299, 7564, 7912, 7929, 8001, 8058, 8165, 8429, 8439, 8461, 8493, 8515, 8576, 11520, 17047, 30900, 31309, 33700, 33987, 36653, 36770, 37270, 37277, 37293, 37310, 40353, 43556, 47083, 47510, 49515, 49536, 49674, 49812, 49956, 50207, 50238, 50800, 52662, 52714, 52721, 54878, 56870, 56880, 56881, 56893, 56906, 56938, 56947, 56950, 56955, 58121, 58928, 59205, 59715, 59882, 59980, 60044, 60070, 60129, 60155, 60748, 60777, 60779, 60787, 60792, 61073, 61148, 61188, 61190, 62042, 62377, 62387, 66255, 66272, 66371, 67783, 67786, 67819, 67823, 67833, 67838, 67841, 68731, 68748, 69538, 70676, 70960, 71761, 71802, 72296, 74687, 74750, 74767, 74801, 74811, 74821, 74840, 74934, 75822, 75895, 75916, 77183, 78459, 79232, 79918, 80236, 81136, 81143, 81145, 81197, 81275, 81387, 81403, 81445, 81474, 81569, 81581, 81630, 81919, 82080, 83305, 83711, 84287, 84289, 84292, 84966, 84969, 85164, 85270, 85303, 85327, 85329, 85331, 85334, 85337, 85402, 85428, 85474, 99912, 100731, 100733, 101314, 101333, 101336, 101538, 101591, 101604, 101757, 101765, 101769, 103724, 103728, 103732, 103734, 103739, 103743, 103745, 104235, 104274, 105300, 107356, 108119, 108128, 108149, 109886, 110066, 110585, 110587, 110611, 110682, 110683, 110684, 111566, 112885, 39928, 17264, 9121, 9619, 77620, 53807, 49144, 27354, 27516, 27921, 1752, 1763, 1789, 1863, 2315, 2326, 2335, 2343, 2364, 2380, 2446, 2497, 2542, 2556, 2570, 2622, 3201, 3217, 3234, 3270, 3279, 3370, 7925, 10934, 11077, 11245, 11284, 12687, 12698, 14961, 15587, 16981, 19339, 21518, 27807, 27850, 28037, 28170, 28415, 28448, 28482, 28526, 28557, 28562, 28575, 31425, 31644, 31652, 31657, 31674, 31708, 31742, 31756, 31780, 31796, 31800, 31838, 31898, 31908, 31915, 31926, 31929, 31976, 31996, 32301, 32319, 32419, 32508, 33407, 33539, 33804, 33805, 33859, 33875, 33892, 33904, 33905, 33932, 33953, 33962, 34674, 36178, 36198, 36212, 36236, 36254, 36311, 36312, 36393, 39197, 39822, 40587, 42496, 42553, 42572, 42576, 42670, 44175, 44202, 45058, 45095, 45142, 46067, 48210, 48280, 51917, 51921, 52206, 52209, 53584, 57718, 57753, 59986, 60125, 64335, 64337, 64399, 64499, 64506, 64517, 64530, 64546, 64548, 64553, 64556, 64566, 64574, 64585, 66973, 75549, 81009, 81472, 81904, 81942, 81992, 82151, 82155, 82184, 83199, 83550, 83620, 83652, 83655, 83656, 83695, 83697, 83701, 87061, 91057, 91062, 91063, 91933, 91935, 91971, 91974, 91990, 91991, 92073, 92148, 92158, 92818, 92824, 92832, 92843, 99712, 99726, 99731, 99733, 100911, 101001, 101060, 102233, 102237, 102266, 102277, 110704, 110785, 111122, 111777, 111864, 112493, 112989, 113008, 113014, 55672, 80534, 76618, 112768, 9322, 11255, 11262, 11292, 28231, 53222, 75256, 92093, 106694, 111605, 112533, 49960, 92778, 33577, 33617, 33601, 33535, 33982, 111926, 6539, 5819, 82314, 82309, 99220, 56853, 3496, 3487, 51053, 51111, 57645, 100843, 38652, 39264, 100948, 57724, 15532, 100899, 53636, 40823, 40616, 38595, 38699, 57318, 19388, 96604, 96519, 42605, 44353, 43567, 43640, 96854, 96174, 43616, 96573, 19501, 19409, 43527, 43830], "label": "floor"}, {"objectId": 2, "id": 2, "partId": 2, "index": 27, "dominantNormal": [0.8949308395385742, -0.4462048411369324, -9.907737766588651e-17], "obb": {"axesLengths": [5.526949865688812, 3.0653299600184716, 0.15908568883659427], "centroid": [2.5296212850826127, -2.7143610268281098, -0.03733522528257627], "normalizedAxes": [0.4462048411369324, 0.8949308395385742, 1.987145647005693e-16, 0, -2.220446049250313e-16, 1, 0.8949308395385742, -0.4462048411369324, -9.907737766588651e-17]}, "segments": [56074, 54015, 36796, 50651, 107737, 50680, 674, 7168, 11102, 11164, 50483, 50612, 50615, 56141, 57130, 57137, 58025, 58106, 58299, 76772, 78300, 78341, 107827], "label": "wall"}, {"objectId": 3, "id": 3, "partId": 3, "index": 28, "dominantNormal": [0.9034872651100159, -0.42861494421958923, -9.517163595420302e-17], "obb": {"axesLengths": [2.490963350369817, 2.9514699514626708, 0.09987205187