{"segGroups": [{"objectId": 1, "id": 1, "partId": 1, "index": 0, "dominantNormal": [0, -2.220446049250313e-16, 1], "obb": {"axesLengths": [5.422207837051307, 0.7065700134656572, 3.3790940418104616], "centroid": [-0.650155306330138, 0.8473100414079631, -1.1232849685858568], "normalizedAxes": [0.518534243106842, 0.855056881904602, 1.8986076753093651e-16, 0, -2.220446049250313e-16, 1, 0.855056881904602, -0.518534243106842, -1.1513773115075888e-16]}, "segments": [46858, 9534, 14092, 33902, 27313, 8271, 2302, 2380, 2604, 2654, 2664, 2693, 2773, 3281, 4113, 4377, 4382, 4392, 4445, 4472, 8286, 8300, 10080, 10143, 10188, 18554, 20350, 24786, 25113, 28340, 28430, 29832, 29882, 33863, 33874, 33950, 33960, 33993, 34439, 35592, 35608, 35643, 37528, 38089, 38187, 42126, 42177, 42185, 42194, 42218, 42351, 42360, 42386, 42395, 42402, 42420, 42454, 42468, 42501, 42522, 42524, 43374, 43376, 43418, 43429, 43467, 43577, 44399, 45242, 45394, 45435, 45459, 46108, 46122, 50978, 51081, 51127, 51157, 51164, 51168, 53593, 53601, 56112, 56892, 59931, 60253, 61437, 61737, 61779, 61791, 61793, 62401, 7881], "label": "floor"}, {"objectId": 2, "id": 2, "partId": 2, "index": 1, "dominantNormal": [0, -2.220446049250313e-16, 1], "obb": {"axesLengths": [1.5518363613408606, 0.7369289829523341, 0.7974474977370611], "centroid": [-0.7089414883031157, -1.0409245664257867, -0.8625654664807287], "normalizedAxes": [0.5284658074378967, 0.8489546179771423, 1.8850579274801545e-16, 0, -2.220446049250313e-16, 1, 0.8489546179771423, -0.5284658074378967, -1.1734298142893545e-16]}, "segments": [59889, 59896, 48402, 45203, 48759, 52339, 13385, 3564, 3489, 64647, 5232, 13282, 13304, 43509, 43540, 43777, 43870, 43901, 43916, 43926, 43951, 43970, 43998, 44094, 44097, 44116, 44126, 44138, 52304, 52310, 53677, 55502, 59493, 59495, 59535, 59545, 59549, 59588, 59661, 59707, 59919, 64258, 64427, 51106, 5177, 25264, 48145], "label": "bench"}, {"objectId": 3, "id": 3, "partId": 3, "index": 2, "dominantNormal": [0, -2.220446049250313e-16, 1], "obb": {"axesLengths": [1.7194598511480907, 0.8325829319823616, 1.379822651253974], "centroid": [-1.2387365512467476, -0.7734518845548106, -0.9937084672516177], "normalizedAxes": [0.4027726352214813, 0.9153000712394714, 2.0323744270622145e-16, 0, -2.220446049250313e-16, 1, 0.9153000712394714, -0.4027726352214813, -8.943349066236757e-17]}, "segments": [31356, 36875, 64316, 36899, 59008, 95, 30202, 14697, 17010, 44899, 37744, 314, 323, 7989, 8022, 8248, 14130, 14719, 17032, 17090, 17148, 18587, 27283, 27341, 27695, 27702, 27725, 28951, 30243, 31368, 31386, 31423, 31443, 31460, 31471, 31479, 31486, 31490, 31506, 31522, 31525, 31552, 31570, 31576, 37224, 37227, 37390, 37407, 37989, 38636, 38655, 38707, 39935, 41736, 42157, 43988, 45252, 47295, 52971, 54004, 55850, 56316, 56319, 56320, 56341, 56365, 56367, 56393, 56404, 58090, 58115, 58117, 58881, 59070, 59086, 61294, 64264, 64271, 31010, 38523, 42926, 43528, 43669, 45100, 47421, 47448, 59352, 59554, 40097, 3754, 43573, 43586, 43588, 43797, 51087, 51100, 59708, 59711, 14138, 59119, 30256, 25399, 29563, 42742], "label": "table"}, {"objectId": 4, "id": 4, "partId": 4, "index": 3, "dominantNormal": [0.94392329454422, -0.3301648497581482, -7.331132362468033e-17], "obb": {"axesLengths": [0.45729992650942236, 0.9098509644750286, 0.36826432965046896], "centroid": [-1.649504881333293, -0.12635461029842954, -0.9350744705258054], "normalizedAxes": [0.3301648497581482, 0.94392329454422, 2.0959307501660528e-16, 0, -2.220446049250313e-16, 1, 0.94392329454422, -0.3301648497581482, -7.331132362468033e-17]}, "segments": [58755, 37681, 39274, 39287, 39373, 39496, 58713, 58704, 39735, 12452, 39497, 39566, 30364, 39391, 56136], "label": "chair"}, {"objectId": 5, "id": 5, "partId": 5, "index": 4, "dominantNormal": [0.4293777048587799, 0.903124988079071, 2.0053403117594094e-16], "obb": {"axesLengths": [0.5518760120095962, 0.9228689166262235, 0.5588670987286222], "centroid": [-1.8466413282696528, -0.9131375368542849, -0.9392454544623465], "normalizedAxes": [0.4293777048587799, 0.903124988079071, 2.0053403117594094e-16, 0, -2.220446049250313e-16, 1, 0.903124988079071, -0.4293777048587799, -9.534100283898448e-17]}, "segments": [44745, 44843, 31937, 60969, 61080, 61087, 61091, 61096, 61102, 61113, 32655, 32669, 31020, 38569, 37840, 37843, 37864, 20145, 20148, 20155, 20160, 20415, 30878, 30886, 30894, 30934, 30938, 30942, 30945, 30956, 30957, 31914, 31919, 31922, 31936, 32526, 32545, 32546, 32558, 32570, 32584, 32593, 32601, 32609, 32616, 32634, 32637, 32668, 32672, 37786, 37821, 40394, 40420, 40845, 40876, 40878, 40880, 40912, 40923, 40926, 40959, 40960, 40970, 40987, 41029, 41054, 41064, 41597, 53595, 53600, 56200, 56205, 56219, 56510, 56548, 56552, 58169, 58181, 59174, 60935, 61093, 61104, 61117, 61120, 61679, 47279], "label": "chair"}, {"objectId": 6, "id": 6, "partId": 6, "index": 5, "dominantNormal": [-0.4110085964202881, -0.9116314649581909, -2.0242284847386903e-16], "obb": {"axesLengths": [4.521255805801317, 3.2235500092010927, 0.2201322109920958], "centroid": [-1.673892590507816, -1.46598908276512, 0.1617749911895019], "normalizedAxes": [0.9116314649581909, -0.4110085964202881, -9.12622414129345e-17, 0, -2.220446049250313e-16, 1, -0.4110085964202881, -0.9116314649581909, -2.0242284847386903e-16]}, "segments": [24832, 30098, 11699, 592, 30557, 28356, 26715, 26117, 27821, 46073, 31654, 24808, 2002, 2095, 2107, 2797, 10625, 10846, 14580, 15313, 15325, 15336, 16459, 16511, 17026, 17608, 21606, 21612, 21633, 21678, 25274, 25303, 25734, 25855, 26547, 27050, 27811, 29702, 29748, 29805, 29813, 31642, 32830, 33310, 34283, 41855, 41861, 41995, 43046, 44670, 44708, 46787, 47801, 50919, 50921, 50931, 52926, 54789, 55072, 56558, 62425, 63067, 64120, 64170, 65762, 2903, 18069], "label": "wall"}, {"objectId": 7, "id": 7, "partId": 7, "index": 6, "dominantNormal": [0.9090895056724548, -0.41660088300704956, -9.250397847871951e-17], "obb": {"axesLengths": [4.846042085580529, 2.5507699873126284, 0.5106666404851714], "centroid": [-2.2064218444387405, 1.4052585457564393, -0.17461501975472937], "normalizedAxes": [0.41660088300704956, 0.9090895056724548, 2.0185842012853224e-16, 0, -2.220446049250313e-16, 1, 0.9090895056724548, -0.41660088300704956, -9.250397847871951e-17]}, "segments": [34018, 62874, 31767, 32078, 43964, 45533, 45551, 37437, 45553, 38226, 38762, 40468, 25678, 28476, 28502, 31139, 31209, 31716, 31780, 32021, 33581, 34113, 34132, 35865, 35867, 36777, 36779, 36784, 37465, 37486, 37504, 37581, 40108, 41358, 41390, 42880, 43858, 45652, 45678, 47280, 50395, 56411, 57995, 57996, 57999, 58000, 59642, 61573, 62749, 63018, 63027, 25704, 5268, 47783, 32883, 35890, 8958, 22737, 10447, 10930, 10874, 51306, 54843, 10229, 10019, 10030, 51506, 6317, 9673, 9690, 9742, 9760, 9797, 9811, 9838, 10001, 10003, 10007, 10010, 10050, 10055, 10115, 10141, 10152, 10171, 10323, 10350, 10379, 10404, 10444, 10470, 10486, 10546, 10639, 10649, 10652, 10769, 10827, 10901, 10942, 10998, 11049, 11094, 11104, 11106, 11111, 11120, 11144, 11164, 11177, 11209, 11217, 11276, 11308, 11337, 11357, 11368, 11369, 11374, 11462, 11485, 11486, 11525, 11603, 11664, 12162, 12254, 12264, 12267, 12364, 12671, 12742, 12743, 12791, 12823, 18200, 18205, 51299, 51350, 51353, 51362, 51371, 51386, 51389, 51392, 51446, 51448, 51479, 51520, 51526, 51565, 51568, 51573, 51577, 51578, 51585, 51592, 51594, 51609, 51616, 51630, 51682, 51687, 51690, 51696, 51697, 51711, 51738, 51748, 52262, 52279, 52284, 54801, 54936, 54957, 54967, 54994, 6298, 5453, 6313, 6436, 9794, 9848, 9854, 51247, 51318, 51322, 51324, 51377, 51400, 51406, 51412, 51501, 6386, 51316, 51304, 6362, 9982, 22819, 10525, 11737, 30742], "label": "wall"}, {"objectId": 8, "id": 8, "partId": 8, "index": 7, "dominantNormal": [0.9065020680427551, -0.4222014248371124, -9.374754857674193e-17], "obb": {"axesLengths": [2.661596036118224, 0.9227999540537601, 0.6301867214035083], "centroid": [-1.5546183823705437, 2.3231211839872388, -0.9313999634668233], "normalizedAxes": [0.42220139503479004, 0.9065020680427551, 2.012838935622774e-16, 0, -2.220446049250313e-16, 1, 0.9065020680427551, -0.42220139503479004, -9.374754195929703e-17]}, "segments": [54724, 63180, 63522, 12475, 3402, 15728, 20540, 29288, 22554, 6115, 29384, 63155, 5091, 47243, 25142, 63541, 27526, 20385, 8388, 8469, 15638, 15663, 15669, 15707, 15778, 25049, 25054, 25080, 25097, 29086, 29150, 29189, 29427, 29433, 29486, 29496, 29505, 29509, 45949, 47136, 47157, 47167, 47181, 51297, 52716, 52740, 54643, 54689, 54701, 54706, 54713, 56103, 63118, 63740, 63746, 63867, 38449, 24996, 25008, 54682, 17270, 28995, 38618, 5912, 30056, 27449, 6094, 19242], "label": "kitchen cabinet"}, {"objectId": 9, "id": 9, "partId": 9, "index": 8, "dominantNormal": [0.9320405721664429, -0.3623538613319397, -8.045871998251013e-17], "obb": {"axesLengths": [2.6290695698877595, 0.7000000022351742, 0.6703527888768375], "centroid": [-1.5823212536411415, 2.3313328196410987, -0.7599999865144491], "normalizedAxes": [0.3623538613319397, 0.9320405721664429, 2.0695458062079794e-16, 0, -2.220446049250313e-16, 1, 0.9320405721664429, -0.3623538613319397, -8.045871998251013e-17]}, "segments": [41957, 41178, 39792, 39223, 33265, 56456, 8340, 8662, 33263, 65, 6103, 6105, 6126, 6172, 8382, 8412, 8414, 8419, 8423, 8429, 8436, 8457, 8464, 15581, 15597, 15617, 15640, 15650, 19205, 19256, 19263, 19265, 24872, 24873, 24878, 24949, 24953, 24982, 25236, 27431, 27463, 27479, 29009, 29071, 29327, 29331, 29341, 29343, 29389, 29391, 31125, 31212, 31216, 32297, 32320, 32334, 32350, 32351, 32359, 32375, 32390, 32391, 32411, 32465, 32478, 33290, 33342, 33358, 33359, 37647, 38591, 39365, 39830, 40065, 40067, 40151, 40185, 40210, 41221, 41229, 41245, 41257, 41614, 41682, 41718, 42029, 45863, 45870, 45876, 45897, 45902, 46999, 47029, 47033, 47070, 47081, 47085, 47087, 47092, 51271, 51273, 51289, 51294, 51749, 51814, 51820, 51824, 51827, 52714, 54590, 54594, 54640, 54645, 54648, 55854, 56064, 56069, 56077, 56078, 56302, 56438, 56446, 56448, 56453, 56790, 58841, 58849, 58857, 58866, 59207, 59514, 59655, 59685, 59695, 59698, 59701, 59704, 60492, 60555, 61720, 63108, 63110, 63112], "label": "kitchen counter"}, {"objectId": 10, "id": 10, "partId": 10, "index": 9, "dominantNormal": [-0.32749539613723755, -0.9448527693748474, -2.0979945988815971e-16], "obb": {"axesLengths": [1.3344241743740786, 2.502770010320021, 0.643788988478101], "centroid": [-0.03503314667941759, 3.441744168703479, -0.17164497997660222], "normalizedAxes": [0.9448527693748474, -0.32749539613723755, -7.271858585005954e-17, 0, -2.220446049250313e-16, 1, -0.32749539613723755, -0.9448527693748474, -2.0979945988815971e-16]}, "segments": [17905, 48814, 7692, 24726, 60065, 7413, 7176, 7151, 16072, 44784, 3633, 3649, 3697, 4042, 5319, 5375, 8519, 8531, 18147, 21052, 21097, 21408, 21414, 22287, 22298, 22308, 24208, 24242, 28605, 28705, 28721, 28768, 28902, 39081, 39095, 39098, 39115, 44531, 51086, 51131, 51229, 51234, 51245, 53684, 53890, 56006, 56016, 56029, 56044, 28685, 52113, 12253, 12567, 48016, 23423, 53887, 23611, 28030, 11976, 11978, 12026, 12044, 12110, 12113, 12149, 12160, 12210, 12217, 12286, 12437, 12536, 12540, 12550, 12638, 18033, 18035, 18651, 21203, 21223, 21274, 21404, 22150, 22199, 22212, 22226, 22232, 22268, 22310, 22325, 22326, 22341, 22353, 22589, 22971, 23314, 23322, 23600, 23674, 23704, 23743, 23750, 23777, 23795, 23828, 24201, 24228, 24272, 24305, 24325, 24348, 24355, 26765, 28889, 28891, 42276, 42287, 43042, 43149, 43157, 43218, 43681, 47870, 47899, 47900, 48050, 49939, 49951, 50000, 52108, 52147, 52150, 52154, 52253, 53897, 53902, 54338, 54477, 54495, 54496, 54497, 54501, 54502, 59715, 59717, 60053, 60057, 60126, 60128, 60138, 64199, 64207, 64208, 64213, 64255, 43048, 43142, 52226, 53669, 60045, 61288, 64231, 17993, 48033, 61278, 42986], "label": "cupboard"}, {"objectId": 11, "id": 11, "partId": 11, "index": 10, "dominantNormal": [0.01753939315676689, -0.9998461604118347, -2.2201044567445532e-16], "obb": {"axesLengths": [1.3148302376441439, 1.5999999284744273, 0.4382706101701538], "centroid": [-0.6851183792320776, 3.609076383793694, 0.24999996647238776], "normalizedAxes": [0.9998461604118347, 0.01753939315676689, 3.894527624119102e-18, 0, -2.220446049250313e-16, 1, 0.01753939315676689, -0.9998461604118347, -2.2201044567445532e-16]}, "segments": [30026, 46893, 42254, 47989, 39950, 43094, 45165, 63014], "label": "wall"}, {"objectId": 12, "id": 12, "partId": 12, "index": 11, "dominantNormal": [0.9032189249992371, -0.4291801452636719, -9.529713579673957e-17], "obb": {"axesLengths": [1.9237467718792143, 2.089684916518219, 0.5168379705973226], "centroid": [-2.727827560276435, 0.044087844698523115, -0.38515745546316826], "normalizedAxes": [0.4291801452636719, 0.9032189249992371, 2.0055488936226708e-16, 0, -2.220446049250313e-16, 1, 0.9032189249992371, -0.4291801452636719, -9.529713579673957e-17]}, "segments": [34623, 35333, 34176, 16591, 56961, 19671, 61376, 26104, 57038, 34578, 2100, 37090, 2875, 16447, 42603, 1139, 1176, 1157, 15869, 61480, 328, 43674, 43704, 118, 181, 188, 351, 414, 430, 459, 500, 523, 610, 688, 740, 1092, 1122, 1181, 1381, 1582, 1637, 1646, 1672, 1684, 1691, 1769, 1796, 1882, 2145, 2155, 2260, 6462, 6472, 6475, 7002, 8498, 8624, 8659, 8800, 9110, 9411, 9578, 9587, 9608, 10191, 10653, 10706, 11427, 11492, 11779, 11796, 11804, 11887, 11936, 11937, 12864, 13583, 13655, 14064, 15819, 15864, 16401, 16500, 16521, 16535, 16567, 16578, 17095, 17673, 18065, 18283, 18443, 18447, 18451, 18789, 19099, 19108, 19191, 19203, 19228, 19252, 19301, 19404, 19476, 19522, 19613, 19621, 19643, 19676, 19884, 20567, 20585, 20626, 23114, 23116, 23120, 23144, 23667, 23668, 23846, 23898, 24489, 24511, 24531, 25435, 25437, 25776, 25790, 25802, 25817, 25876, 25894, 25906, 26067, 26108, 26114, 26121, 26122, 26125, 26127, 26137, 26139, 26148, 26150, 26691, 26920, 27780, 27801, 27802, 27941, 30658, 32144, 32774, 32944, 32952, 33006, 33026, 33055, 33129, 33135, 33138, 33214, 34211, 34228, 34250, 34254, 34432, 34445, 34466, 34491, 34492, 34502, 34576, 34663, 34792, 34803, 34814, 35070, 35450, 35584, 35628, 35761, 35769, 35808, 35830, 35838, 35841, 35915, 36523, 36525, 36673, 37064, 37072, 37109, 37125, 37130, 38741, 38753, 41476, 41561, 42584, 42651, 42686, 42695, 42706, 42749, 43606, 43756, 50368, 50369, 50376, 50476, 50497, 50511, 50517, 50608, 50639, 50735, 50744, 50789, 51344, 52752, 53425, 53499, 53501, 53504, 53511, 53514, 53613, 54290, 54293, 54536, 55090, 55095, 55112, 55116, 55149, 55523, 55571, 55682, 55868, 55873, 55875, 55947, 56563, 56705, 56765, 56881, 56950, 56970, 56998, 57008, 57149, 57173, 57182, 57276, 57287, 57347, 57479, 57486, 57499, 57558, 57560, 57564, 58045, 58074, 58319, 58327, 58670, 59309, 59775, 59779, 59800, 59937, 59940, 59944, 59947, 59978, 60005, 60310, 60335, 61296, 61412, 61558, 61563, 15891, 36335, 24646, 59758, 57509, 24592, 873, 6540, 11784, 12788, 12821, 16360, 18193, 24588, 24617, 25358, 25360, 25693, 25749, 25771, 27915, 28390, 35963, 52289, 53443, 55000, 55059, 55083, 55674], "label": "shelf"}, {"objectId": 13, "id": 13, "partId": 13, "index": 12, "dominantNormal": [0.9150756001472473, -0.40328237414360046, -8.954667543994443e-17], "obb": {"axesLengths": [1.0786727475419353, 2.5860798972976218, 0.3074627936840888], "centroid": [-0.20141832526243975, -1.5813579897694798, -0.12304001585304669], "normalizedAxes": [0.40328237414360046, 0.9150756001472473, 2.0318760011123145e-16, 0, -2.220446049250313e-16, 1, 0.9150756001472473, -0.40328237414360046, -8.954667543994443e-17]}, "segments": [35121, 7833, 49688, 16882, 21162, 35989, 36245, 37011, 49609, 50068, 56803, 56823, 56867, 56869, 58197, 64741, 65129, 32925, 37316, 50123], "label": "wall"}, {"objectId": 14, "id": 14, "partId": 14, "index": 13, "dominantNormal": [0.9002037048339844, -0.4354690611362457, -9.669355563707199e-17], "obb": {"axesLengths": [1.3271193275955773, 2.5204699668183173, 0.23408879422783707], "centroid": [0.15386931094599965, -0.5957445278818829, -0.17023497253131192], "normalizedAxes": [0.4354690909385681, 0.9002037048339844, 1.9988537599191156e-16, 0, -2.220446049250313e-16, 1, 0.9002037048339844, -0.4354690909385681, -9.669356225451689e-17]}, "segments": [35137, 56252, 40301, 33745, 4005, 6742, 51070, 50667, 6717, 7154, 50560, 6424, 51061, 6656, 5738, 41137, 60186, 48803, 48793, 3492, 3520, 3523, 3534, 3542, 3596, 3969, 4197, 4544, 4608, 4664, 4694, 4899, 4981, 4995, 5013, 5024, 5045, 5128, 5160, 5627, 5712, 5742, 7021, 7203, 7768, 8459, 22412, 22430, 22468, 22478, 22498, 22515, 22922, 22952, 22954, 23035, 40592, 40877, 45880, 48506, 48612, 48632, 48665, 48693, 48868, 49416, 49739, 49743, 50589, 50685, 50698, 50700, 50737, 51154, 51176, 51183, 51204, 51206, 51211, 53905, 53907, 53941, 54044, 54058, 54082, 54216, 54220, 58223, 64738, 64923, 64937, 65136, 65153, 65158, 60215, 22654, 49262, 49311], "label": "curtain"}, {"objectId": 15, "id": 15, "partId": 15, "index": 14, "dominantNormal": [0, -2.220446049250313e-16, 1], "obb": {"axesLengths": [0.338250891698378, 0.2740350006363912, 0.3133626662697262], "centroid": [-1.3835035855729538, -0.4418649481359269, 0.2619705011255178], "normalizedAxes": [-0.5757296085357666, 0.8176401257514954, 1.815525786933437e-16, 0, -2.220446049250313e-16, 1, 0.8176401257514954, 0.5757296085357666, 1.2783765347096723e-16]}, "segments": [53588, 52891, 3824, 21415, 21255, 20897, 24074], "label": "lamp"}, {"objectId": 16, "id": 16, "partId": 16, "index": 15, "dominantNormal": [0.9084344506263733, -0.4180273711681366, -9.282072247887831e-17], "obb": {"axesLengths": [1.8105238846353555, 0.6999999649822713, 0.427452489300365], "centroid": [-1.5295319841067294, 2.754617715335738, 0.41999998308718167], "normalizedAxes": [0.4180273711681366, 0.9084344506263733, 2.0171296868962092e-16, 0, -2.220446049250313e-16, 1, 0.9084344506263733, -0.4180273711681366, -9.282072247887831e-17]}, "segments": [27961, 25959, 2877, 14817, 61585, 45617, 26009, 45719, 38194, 38915, 45668], "label": "kitchen cabinet"}, {"objectId": 18, "id": 18, "partId": 18, "index": 16, "dominantNormal": [0.88162761926651, -0.4719456434249878, -1.0479298394039111e-16], "obb": {"axesLengths": [0.826600407124361, 0.7506220023940056, 0.3139546677732302], "centroid": [-0.3586595735824991, -1.6281156372441985, 0.26531100611438596], "normalizedAxes": [0.4719456434249878, 0.88162761926651, 1.9576065641102814e-16, 0, -2.220446049250313e-16, 1, 0.88162761926651, -0.4719456434249878, -1.0479298394039111e-16]}, "segments": [35673, 37971, 64228, 64251, 35671, 35768, 49329, 38887, 35920, 38013, 57571, 58215, 58155, 39702, 65060, 16833, 36189, 39889, 48933, 49226, 50061, 50089, 50090, 50261, 58203, 63970, 65210, 65212, 65215, 65218, 65932, 12667, 12711, 36251, 64746, 39453, 38049, 65227, 65077, 49572], "label": "shelf"}, {"objectId": 19, "id": 19, "partId": 19, "index": 17, "dominantNormal": [0.8569567203521729, -0.5153884291648865, -1.144392201368497e-16], "obb": {"axesLengths": [0.7837914271116471, 1.1999999165534985, 0.2107278854949603], "centroid": [0.7186003872434172, 0.23045454755908612, -0.8299999554455286], "normalizedAxes": [0.5153883695602417, 0.8569567203521729, 1.9028261640844876e-16, 0, -2.220446049250313e-16, 1, 0.8569567203521729, -0.5153883695602417, -1.144392069019599e-16]}, "segments": [33395, 2326, 35573, 2392, 2585, 35424, 48788], "label": "wall"}, {"objectId": 20, "id": 20, "partId": 20, "index": 18, "dominantNormal": [-0.5413071513175964, -0.8408249616622925, -1.8670064642340833e-16], "obb": {"axesLengths": [0.778079181828151, 1.927199916678668, 0.2890156391262164], "centroid": [1.2863856051461333, 2.903736235050658, -0.4535999774128203], "normalizedAxes": [0.8408249616622925, -0.5413071513175964, -1.2019433255740984e-16, 0, -2.220446049250313e-16, 1, -0.5413071513175964, -0.8408249616622925, -1.8670064642340833e-16]}, "segments": [25598, 8909, 34312, 9265, 9277, 9281, 9284, 24441, 33633, 35016, 36259, 36312, 36417, 36580, 36604, 51925, 57705, 57885, 9234, 7624, 7526, 23924, 23975, 7503, 7563, 7591, 7658, 9262, 9354, 9371, 9399, 9441, 9461, 9477, 9479, 9586, 9591, 23996, 36516, 36520, 36588, 51621, 51676, 51935, 51940, 54459, 57782, 57879, 57881, 57906, 57935, 57956, 7662, 9336, 9338, 36456, 36408, 57776], "label": "wall"}, {"objectId": 21, "id": 21, "partId": 21, "index": 19, "dominantNormal": [-0.27893877029418945, -0.9603089094161987, -2.1323141239730752e-16], "obb": {"axesLengths": [0.7183840230890965, 2.4599998639524006, 0.4399205367999883], "centroid": [0.7611601154140604, 3.219558639728732, -0.18000000126659854], "normalizedAxes": [0.9603089094161987, -0.27893877029418945, -6.193684904824736e-17, 0, -2.220446049250313e-16, 1, -0.27893877029418945, -0.9603089094161987, -2.1323141239730752e-16]}, "segments": [7859, 9097, 8987, 24146, 9017, 9043, 9101, 9116, 11637, 18994, 19020, 19023, 19036, 19039, 51866, 53341, 53409, 57692, 57589, 34695, 52905, 13038, 7611, 9148, 11546, 11557, 12959, 13061, 13098, 13127, 13129, 16610, 16664, 16701, 16741, 16752, 16792, 51868, 51869, 51875, 52012, 52014, 52298, 53376, 56992, 57080, 57094, 57097, 57145, 57622, 57640, 7238, 9085, 11460, 7600, 7240, 7642, 36111, 7564, 11223, 11225, 11426, 52011, 57647, 11126, 22143, 22152, 23366, 23373, 23984, 24098, 24115, 36135, 53854, 57627, 11027, 21902, 11033, 11037, 21975, 21983, 22053, 22066, 22075, 22108, 23921, 51996, 51999, 53847, 23913, 24136, 54471, 21991, 21932, 21952, 21967, 22019, 22041, 22128, 23353, 24099, 21921, 9024, 10238, 10277, 10377, 10716, 10796, 10877, 21354, 23328, 53265, 53340, 54483, 54488, 54492, 55493, 55496, 55998, 56002, 56146, 56149, 56864, 53848, 10354, 9876, 10146, 10530, 10677, 10858, 10872, 13073, 18679, 21110, 21272, 49990, 53235, 53258, 11389, 52057, 9170, 9194, 11302, 11408, 11541, 13015, 18783, 23414, 23513, 23517, 23534, 23551, 51888, 52291, 53244, 53276, 54226, 23556, 23765, 11064, 18790, 53310, 34781, 20707, 6631, 13183, 17690, 18897, 20725, 20727, 26183, 26189, 53329, 57147, 20729, 53633, 6674, 6694, 6708, 6715, 6716, 6729, 6739, 6750, 6756, 6780, 6783, 6808, 6821, 6843, 17728, 17747, 17784, 19744, 19750, 19769, 19801, 19815, 19828, 20723, 20772, 20790, 23480, 26242, 26245, 51356, 51416, 51423, 51424, 51431, 51433, 51441, 51457, 51460, 53208, 53550, 53564, 53568, 53664, 55170, 55173, 58103, 24341, 51993, 58218, 58889, 59489, 27968, 16226, 16227, 16237, 16240, 16246, 16263, 16276, 16321, 17828, 20840, 25448, 25472, 25486, 25507, 26301, 26309, 27028, 27029, 27037, 27038, 27056, 27063, 27068, 27072, 27075, 27098, 27117, 27134, 27156, 27981, 52755, 52765, 53666, 55032, 55039, 55042, 55180, 55686, 55689, 55690, 55694, 55705, 55746, 55778, 55785, 55810, 55989, 25480, 16256, 16307, 16314, 16697, 52768, 10802, 17729, 18646, 18745, 18748, 18898, 23473, 23494, 23573, 23683, 25510, 25581, 25602, 25618, 26260, 27175, 27196, 27199, 27212, 34412, 53256, 53274, 54229, 54283, 54284, 55375, 55838, 55841, 21687, 21732, 21584, 53687, 21539, 21541, 45049, 49852, 21534, 21763, 21781, 21739, 21731, 54512, 22588], "label": "shelf"}, {"objectId": 24, "id": 24, "partId": 24, "index": 21, "dominantNormal": [0, -2.220446049250313e-16, 1], "obb": {"axesLengths": [4.532739324031408, 0.8199999149143711, 1.651877986288974], "centroid": [-1.4086484833620487, -1.2779500876541212, 2.0999999787658448], "normalizedAxes": [0.898589015007019, -0.43879127502441406, -9.743123530734678e-17, 0, -2.220446049250313e-16, 1, -0.43879127502441406, -0.898589015007019, -1.9952684282720657e-16]}, "segments": [52574, 18370, 18937, 18391, 18925, 19627, 52356, 52371, 52373, 52374, 52600, 52604, 52607, 52498, 13033, 18634, 51828, 12829, 13094, 15977, 15738, 16055, 18400, 15943, 15461, 15906, 16689, 13545, 15896, 16885, 16937, 51861, 13644, 13641, 19864, 14178, 19857, 24730, 14305, 14262, 51927, 51900, 13946, 13955, 51892, 51910, 2241, 2058, 2077, 2425, 2449, 4830, 4808, 2042, 2051, 4936, 50905, 4881, 4598, 50819, 4607, 50824, 470, 50856, 348, 349, 1875, 202, 832, 926, 1084, 1089, 1114, 1454, 1629, 1659, 1688, 13650, 15687, 16928, 17172, 19442, 19775, 50387, 50403, 52608], "label": "ceiling"}, {"objectId": 29, "id": 29, "partId": 29, "index": 22, "dominantNormal": [0, -2.220446049250313e-16, 1], "obb": {"axesLengths": [0.2258684997882671, 0.15864398720911166, 0.198208017631261], "centroid": [-1.179321266124223, -0.11087248020893925, -0.5449089714532576], "normalizedAxes": [-0.6139941215515137, 0.7893105745315552, 1.7526215468500865e-16, 0, -2.220446049250313e-16, 1, 0.7893105745315552, 0.6139941215515137, 1.363340821461975e-16]}, "segments": [36959, 36970, 58006, 39916, 58012, 37037, 36975], "label": "napkins"}, {"objectId": 30, "id": 30, "partId": 30, "index": 23, "dominantNormal": [0, -2.220446049250313e-16, 1], "obb": {"axesLengths": [0.16353433930591194, 0.1085129952018038, 0.13933543971149415], "centroid": [-1.4218793023836942, -0.6610862235333319, -0.5581424688963039], "normalizedAxes": [0.995582103729248, -0.09389491379261017, -2.0848859037549998e-17, 0, -2.220446049250313e-16, 1, -0.09389491379261017, -0.995582103729248, -2.2106363489299242e-16]}, "segments": [38712, 58265, 58276, 37935], "label": "sauce boat"}, {"objectId": 31, "id": 31, "partId": 31, "index": 24, "dominantNormal": [-0.36993375420570374, -0.9290581345558167, -2.0629234643983289e-16], "obb": {"axesLengths": [0.6496211670263013, 0.4010960779839139, 0.26748772760474177], "centroid": [-1.6571303502071353, -1.3711989546617627, -0.24945193716618563], "normalizedAxes": [0.9290581345558167, -0.36993372440338135, -8.214178768359422e-17, 0, -2.220446049250313e-16, 1, -0.36993372440338135, -0.9290581345558167, -2.0629234643983289e-16]}, "segments": [15347, 15454, 15342, 15368, 17339, 61143, 15011, 13860, 13947, 15370, 52359, 61159, 15150, 46737, 13794, 15162, 15163, 15381, 17343, 17346, 17351, 46754, 53018, 53102, 15243, 15201, 53043, 52625, 53057, 52637, 44867, 17384, 15365], "label": "shelf"}, {"objectId": 32, "id": 32, "partId": 32, "index": 25, "dominantNormal": [-0.4041126072406769, -0.9147092700004578, -2.0310625847851544e-16], "obb": {"axesLengths": [0.6148980981198235, 0.3200000061839816, 0.2292441989747498], "centroid": [-1.989450547478975, -1.2251166786629402, 0.1700000045076009], "normalizedAxes": [0.9147092700004578, -0.4041125774383545, -8.973101760253554e-17, 0, -2.220446049250313e-16, 1, -0.4041125774383545, -0.9147092700004578, -2.0310625847851544e-16]}, "segments": [14746, 2818, 64081, 64076, 47604, 64117, 17548, 14748, 52483, 47489, 14727, 47469, 47500, 47519, 63935, 35742, 47590, 63973, 64022, 17481, 47642, 17559], "label": "shelf"}, {"objectId": 33, "id": 33, "partId": 33, "index": 26, "dominantNormal": [0.9940052628517151, 0.109332375228405, 2.4276664063106468e-17], "obb": {"axesLengths": [0.2526755998051612, 0.2756149893489108, 0.18146492171149986], "centroid": [-0.19111002880757777, -1.3703722953029494, 0.08780749690962963], "normalizedAxes": [-0.1093323677778244, 0.9940052628517151, 2.2071350588331098e-16, 0, -2.220446049250313e-16, 1, 0.9940052628517151, 0.1093323677778244, 2.4276662408745242e-17]}, "segments": [49531, 49528, 65021, 50293, 49501, 50237, 50241, 50319, 50330, 65001, 65054], "label": "plant"}, {"objectId": 35, "id": 35, "partId": 35, "index": 28, "dominantNormal": [0, -2.220446049250313e-16, 1], "obb": {"axesLengths": [0.7030807136632026, 0.10998999826632438, 0.474860430247031], "centroid": [-1.6634774087677975, -0.8318264174834065, 1.504995016269496], "normalizedAxes": [-0.42460042238235474, 0.9053808450698853, 2.0103493205023365e-16, 0, -2.220446049250313e-16, 1, 0.9053808450698853, 0.42460042238235474, 9.428023303889138e-17]}, "segments": [15021, 12944, 14866, 51943, 51959, 51965, 51981, 51983], "label": "ceiling"}, {"objectId": 36, "id": 36, "partId": 36, "index": 29, "dominantNormal": [0, -2.220446049250313e-16, 1], "obb": {"axesLengths": [0.371443090534035, 0.1599999928474427, 0.2889916910214452], "centroid": [-1.6230858529075118, 2.6640709120863506, -0.3899999900162221], "normalizedAxes": [0.5126237869262695, 0.8586133122444153, 1.9065045370068374e-16, 0, -2.220446049250313e-16, 1, 0.8586133122444153, -0.5126237869262695, -1.1382534624321695e-16]}, "segments": [39191, 58818, 39987, 58834, 39329], "label": "basket"}, {"objectId": 37, "id": 37, "partId": 37, "index": 30, "dominantNormal": [0.9507337808609009, -0.3100084960460663, -6.883571402795192e-17], "obb": {"axesLengths": [0.2997520988240605, 0.2742519913408459, 0.18339010985905638], "centroid": [-2.510789904477763, 1.0827123020958243, -0.007126001481875921], "normalizedAxes": [0.3100084960460663, 0.9507337808609009, 2.1110530676014003e-16, 0, -2.220446049250313e-16, 1, 0.9507337808609009, -0.3100084960460663, -6.883571402795192e-17]}, "segments": [33789, 33817, 33832, 33833, 33846, 33850, 46246, 46250, 46259, 46270, 56826, 56829, 56833, 56838, 62410, 46468, 46293, 33381, 33382, 33762, 33795, 46298, 46325, 46349, 46355, 46371, 46392, 46397, 46426, 46427, 46432, 53607, 62445, 46419], "label": "pan"}, {"objectId": 38, "id": 38, "partId": 38, "index": 31, "dominantNormal": [0, -2.220446049250313e-16, 1], "obb": {"axesLengths": [0.9159675236005065, 0.1799999882280831, 0.19886828170065998], "centroid": [-2.0855848869757816, 1.7300415570436578, 0.29999998472630995], "normalizedAxes": [0.35191306471824646, 0.9360327124595642, 2.0784101383498937e-16, 0, -2.220446049250313e-16, 1, 0.9360327124595642, -0.35191306471824646, -7.814039742332001e-17]}, "segments": [35112, 35147, 35168, 57236, 34863, 45301, 35173], "label": "kitchen hood"}, {"objectId": 39, "id": 39, "partId": 39, "index": 32, "dominantNormal": [0, -2.220446049250313e-16, 1], "obb": {"axesLengths": [0.9163566894640409, 0.38448097442505574, 0.4728924432581293], "centroid": [-2.001351089782836, 1.6463590966320722, -0.5610534851762619], "normalizedAxes": [0.1731228232383728, 0.9849002361297607, 2.1869178382200277e-16, 0, -2.220446049250313e-16, 1, 0.9849002361297607, -0.1731228232383728, -3.844098888947052e-17]}, "segments": [41608, 40687, 2205, 59371, 1418, 1440, 1438, 2163, 2184, 2238, 2274, 40556, 40621, 40659, 40725, 40731, 40743, 41421, 41729, 44131, 44410, 44685, 50936, 58925, 59211, 59215, 59245, 59246, 59296, 59354, 59440, 59449, 59451, 59487, 59465, 40740, 60396, 40558, 43302, 40485, 2210, 37639, 37676, 40586, 40593, 40679, 40714, 41261, 41786, 41894, 44014, 44054, 44136, 44152, 44179, 44217, 44270, 44285, 44288, 44322, 44358, 44364, 44372, 44380, 44396, 44405, 44419, 44441, 44488, 44503, 44600, 44630, 44640, 44678, 44692, 44703, 59232, 60353, 60357, 60384, 60386, 60401, 60410, 60425, 60426, 60428, 60473, 60513, 60781, 60789, 60791, 60804, 60812, 60815, 60826, 60846, 60848, 60676, 60431, 1464], "label": "stove"}, {"objectId": 40, "id": 40, "partId": 40, "index": 33, "dominantNormal": [0, -2.220446049250313e-16, 1], "obb": {"axesLengths": [2.0036747565111, 0.1842399794405697, 1.1181119714601047], "centroid": [-1.4016636208685018, 3.221654697749974, 1.737880014154015], "normalizedAxes": [0.9769245982170105, -0.2135845571756363, -4.742529861615192e-17, 0, -2.220446049250313e-16, 1, -0.2135845571756363, -0.9769245982170105, -2.1692083645264104e-16]}, "segments": [36713, 11870, 3911, 11533, 36768, 62405, 64323, 64328, 33015, 9316, 30556, 30624, 53988, 64331, 31407, 31491, 31512, 31913, 64423, 28912, 29678, 30080, 50389, 57981, 4160, 4195], "label": "ceiling"}, {"objectId": 41, "id": 41, "partId": 41, "index": 34, "dominantNormal": [0.9213106036186218, -0.388827383518219, -8.633702275733657e-17], "obb": {"axesLengths": [0.48609540759793046, 0.3354889675493024, 0.29194623820348914], "centroid": [-0.6700040115864208, -1.1084825155279983, -0.7518414966350457], "normalizedAxes": [0.3888274133205414, 0.9213106036186218, 2.04572048993739e-16, 0, -2.220446049250313e-16, 1, 0.9213106036186218, -0.3888274133205414, -8.633702937478147e-17]}, "segments": [64687, 64731, 48722, 48186], "label": "pillow"}], "scan_id": "0cac75e4-8d6f-2d13-8f7c-fb5b5747d1ba", "annId": "4094", "appId": "stk.v1"}