{"segGroups": [{"objectId": 1, "id": 1, "partId": 1, "index": 0, "dominantNormal": [0, -2.220446049250313e-16, 1], "obb": {"axesLengths": [4.50262757914765, 0.3729799902518094, 4.268077098373859], "centroid": [-1.4549223067093142, 1.6144261224720535, -1.2635101065785443], "normalizedAxes": [-0.6587479710578918, 0.7523636817932129, 1.6705829648371593e-16, 0, -2.220446049250313e-16, 1, 0.7523636817932129, 0.6587479710578918, 1.4627143297871555e-16]}, "segments": [33327, 266, 404, 419, 430, 575, 583, 599, 627, 720, 751, 775, 784, 787, 793, 812, 815, 825, 836, 844, 864, 865, 878, 896, 897, 986, 1003, 1005, 2408, 5658, 7732, 7770, 7795, 9432, 9434, 10675, 16616, 16618, 18604, 20652, 20653, 20670, 20678, 20704, 23816, 23826, 23856, 24734, 24745, 24759, 29205, 29252, 29255, 29259, 30140, 30144, 30149, 30180, 31000, 35397, 36410, 38018, 38066, 38513, 38566, 38615, 38619, 40066, 40095, 40167, 40185, 40190, 40193, 40195, 40203, 40207, 40212, 40216, 40221, 40226, 41076, 41086, 44816, 44822, 44840, 44843, 2946, 14563, 19, 30, 1913, 2293, 2981, 7771, 7773, 14019, 14088, 14130, 14144, 14150, 14151, 14240, 14459, 16252, 28702, 29914, 40086, 40087, 40091, 40097, 40146, 40174, 45546, 722, 16420, 16496, 41557, 14829, 14724, 18745, 37034, 10594, 32695, 30968, 32149, 18727, 26910, 21645, 21153, 11644, 44982, 12640, 18107, 16911, 16921, 16956, 4958, 4968, 5174, 12584, 14165, 14222, 14627, 16170, 16197, 16198, 16212, 16226, 16326, 16947, 16959, 18081, 18100, 19441, 19452, 19804, 19811, 19834, 19844, 19865, 19890, 20542, 20564, 21074, 21091, 21608, 21644, 21664, 21715, 21797, 24112, 26747, 26834, 26838, 26886, 27471, 28691, 28719, 28875, 29341, 29409, 29553, 30435, 30443, 30919, 30925, 30951, 30956, 30994, 31021, 31431, 32044, 32085, 32087, 41553, 41560, 42467, 43841, 43998, 44000, 44337, 44646, 45014, 45016, 45555, 45696, 45700, 46811, 47442, 47562, 47722, 50989], "label": "floor"}, {"objectId": 2, "id": 2, "partId": 2, "index": 1, "dominantNormal": [0.4637264907360077, -0.8859784007072449, -1.9672672395715127e-16], "obb": {"axesLengths": [5.120617919475542, 3.3999997809529336, 0.2502232270181216], "centroid": [-2.57855063831893, 3.534994171758168, 0.3899998905469464], "normalizedAxes": [0.8859784007072449, 0.4637264907360077, 1.0296796542874802e-16, 0, -2.220446049250313e-16, 1, 0.4637264907360077, -0.8859784007072449, -1.9672672395715127e-16]}, "segments": [37644, 2159, 3999, 7333, 2458, 1893, 1918, 1947, 3008, 4313, 4346, 4885, 4942, 5081, 8406, 10792, 15766, 23574, 23635, 23957, 32417, 32588, 40149, 44148, 49295, 49300, 49303, 33952, 34, 485, 60, 208, 242, 272, 289, 322, 338, 341, 348, 28591, 28683, 31713, 32339, 32655, 32672, 32879, 33353, 33653, 33700, 33720, 39511, 39513, 39565, 39568, 39571, 39574, 39578, 39580, 39581, 39612, 13211, 13118, 1038, 25773, 35374, 26090, 36119, 44805, 26082, 10090], "label": "wall"}, {"objectId": 3, "id": 3, "partId": 3, "index": 2, "dominantNormal": [0.8815364837646484, 0.4721159040927887, 1.0483078940310724e-16], "obb": {"axesLengths": [4.508841948396451, 2.5999999657273287, 0.5171289972848309], "centroid": [0.0014385824944915804, 2.406443041973375, -0.07000007771358097], "normalizedAxes": [-0.4721159040927887, 0.8815364837646484, 1.9574042026452264e-16, 0, -2.220446049250313e-16, 1, 0.8815364837646484, 0.4721159040927887, 1.0483078940310724e-16]}, "segments": [31390, 27561, 28570, 48156, 23870, 48241, 13319, 22657, 22881, 15086, 1393, 27729, 1387, 14725, 16137, 18477, 22650, 22730, 22832, 22856, 22908, 22923, 23331, 23377, 23533, 23593, 23694, 23752, 24271, 24524, 24562, 27440, 30325, 30416, 30648, 30675, 30837, 42835, 44276, 45208, 45212, 45216, 45819, 45822, 45824, 47697, 47703, 37137, 5151, 5202, 23073, 30326, 30341, 40074, 44271, 44272, 48037, 31785, 31767, 255, 31744, 47145, 48609, 7578, 18492, 143, 415, 7484, 9212, 9292, 9320, 9407, 9412, 10711, 17834, 17847, 17856, 17870, 17889, 17982, 18464, 19178, 19233, 19303, 19530, 19620, 19635, 19668, 19712, 19729, 22435, 28209, 28212, 28220, 28225, 28226, 33776, 37462, 37863, 39221, 41231, 42822, 44106, 44294, 44321, 44323, 45724, 45783, 47258, 47266, 49694, 49809, 50424, 50634, 50689, 19492, 22473, 22685, 1, 106, 442, 2926, 3872, 3878, 4650, 4748, 4755, 4757, 4921, 8587, 14444, 15734, 16428, 16429, 16446, 16458, 16468, 16519, 16538, 17513, 17940, 18009, 18398, 18409, 19339, 19460, 19473, 19557, 23205, 23223, 23236, 23271, 28783, 33738, 33763, 33797, 33803, 33830, 33833, 33838, 33856, 33862, 39645, 40102, 40113, 40499, 40838, 40850, 40859, 40860, 40871, 40909, 40992, 41926, 42748, 43941, 44328, 44361, 45728, 36662, 42923, 3906, 4462, 4648, 10083, 10100, 10183, 10243, 10247, 23174, 24706, 24720, 24946, 25114, 44129, 10248, 4527, 44187], "label": "wall"}, {"objectId": 4, "id": 4, "partId": 4, "index": 3, "dominantNormal": [0.8887848854064941, 0.4583246111869812, 1.0176850721843183e-16], "obb": {"axesLengths": [3.689338449807671, 2.4960499443996693, 0.32777595354486927], "centroid": [-3.3080142527406498, 1.1484606705360527, -0.029455091894978302], "normalizedAxes": [-0.4583246111869812, 0.8887848854064941, 1.9734988874342422e-16, 0, -2.220446049250313e-16, 1, 0.8887848854064941, 0.4583246111869812, 1.0176850721843183e-16]}, "segments": [30275, 26381, 18562, 51053, 37276, 15810, 17702, 17744, 17795, 18176, 18186, 21290, 21301, 21303, 22966, 23068, 35726, 36462, 36492, 37309, 38658, 44339, 45434, 45469, 50433, 50437, 50440, 50992, 37466, 51136, 3664, 4976, 3258, 3398, 5037, 25801, 3128, 3222, 2385, 2768, 3039, 3058, 3201, 3211, 6884, 9259, 19518, 24975, 26035, 29984, 30449, 31135, 31338, 31415, 36628, 38569, 40501, 26059, 42428, 50919, 18270, 18039, 23029, 23033, 23002], "label": "wall"}, {"objectId": 5, "id": 5, "partId": 5, "index": 4, "dominantNormal": [0.4739760160446167, -0.880537748336792, -1.9551865645101962e-16], "obb": {"axesLengths": [1.4499037883970676, 2.00000001490116, 0.40274401098815976], "centroid": [-1.582117288175314, 3.9240195240803075, -0.2100000900815442], "normalizedAxes": [0.880537748336792, 0.4739760160446167, 1.0524381722656722e-16, 0, -2.220446049250313e-16, 1, 0.4739760160446167, -0.880537748336792, -1.9551865645101962e-16]}, "segments": [21605, 15621, 9303, 10727, 21735, 21807, 21848, 21641, 21131, 45288, 45256, 46736, 46750, 22045, 26396, 26684, 26722, 44759, 46873, 46948, 27164, 24372, 25683, 50805, 32357, 36011, 24184, 35146, 35201, 23753, 5091, 5118, 5126, 5135, 10533, 12324, 12363, 12370, 12388, 12427, 12460, 12707, 12721, 12732, 12739, 12907, 15854, 15929, 15964, 16216, 16352, 16485, 16861, 16917, 18924, 19933, 19968, 20126, 20137, 20154, 20163, 20227, 20283, 20359, 20362, 20603, 20811, 20840, 20857, 20921, 20943, 20946, 21107, 21201, 21202, 21254, 21322, 21339, 21372, 21375, 21390, 21392, 21440, 21528, 21534, 21555, 21560, 21786, 21788, 21838, 21850, 21858, 22010, 22083, 22102, 22111, 22471, 22521, 22553, 22558, 22586, 22591, 23134, 23707, 23718, 23781, 24027, 24247, 25093, 25862, 26399, 26487, 26490, 26565, 26634, 26637, 26649, 26655, 26700, 27035, 27145, 27186, 27781, 28195, 29937, 29969, 30473, 30503, 30512, 31069, 31074, 31148, 31937, 31940, 32322, 32325, 32352, 32389, 32410, 32422, 32448, 32768, 35096, 35180, 35185, 35265, 35924, 35945, 35955, 35973, 36000, 36017, 36093, 36125, 42401, 42470, 43806, 43871, 44428, 44766, 44771, 44787, 44790, 44794, 44856, 44868, 44877, 44969, 45134, 45160, 45165, 45169, 45172, 45175, 45176, 45305, 45806, 46307, 46314, 46318, 46325, 46714, 46762, 46772, 46825, 46912, 46918, 46933, 47280, 47282, 47638, 47643, 47649, 47761, 48647, 48662, 48723, 49229, 49305, 49309, 49351, 50240, 50241, 50245, 50251, 50262, 50272, 50289, 50695, 50710, 50776, 50832, 50843, 50850, 50903, 18554, 19977, 20388, 21925, 26782, 47273, 24043, 10349, 14540, 26675, 28166, 28305, 28393, 28436, 28483, 47355, 47356, 47730, 5491, 28290, 28370, 28397, 28402, 28470, 30459, 31061, 47635, 47751, 47833, 5412, 5488, 14660, 26857, 28398, 30725, 31160, 31479, 47726, 27180, 5422, 5449, 5510, 5541, 5543, 10445, 10457, 14534, 14559, 14566, 14567, 14623, 14637, 14653, 14749, 14785, 19980, 23171, 23178, 23194, 23200, 23219, 23228, 23285, 23351, 26816, 27041, 27139, 27805, 30218, 30278, 30310, 30339, 30360, 30375, 30576, 30579, 30582, 30607, 30616, 30620, 30637, 30667, 30688, 30701, 30735, 30745, 30822, 30825, 31462, 31467, 31474, 31485, 31510, 31519, 31568, 31609, 31640, 31648, 31652, 40081, 40083, 40883, 42810, 42814, 42833, 42839, 44233, 44236, 44239, 44253, 44256, 44264, 44908, 44911, 44914, 44957, 47616, 47618, 47629, 47655, 47675, 47681, 47693, 47755, 47757, 48546, 10447, 23347, 30229, 30256, 30677, 47615, 47619, 30224, 5427, 9385, 14714, 23774, 30311, 30728, 30805, 47611, 47621, 47625, 47714, 21988, 45040, 21193, 20612, 45048, 26702, 31644, 48498], "label": "rack"}, {"objectId": 6, "id": 6, "partId": 6, "index": 5, "dominantNormal": [0.9080076813697815, 0.4189535677433014, 9.30263794314937e-17], "obb": {"axesLengths": [1.0213383960199314, 2.074428988819666, 0.42012458568066724], "centroid": [0.6216983583454736, 0.9644225731013583, 0.052785428174609406], "normalizedAxes": [-0.4189535677433014, 0.9080076813697815, 2.0161820687864684e-16, 0, -2.220446049250313e-16, 1, 0.9080076813697815, 0.4189535677433014, 9.30263794314937e-17]}, "segments": [46657, 25076, 24290, 46178, 26376, 48829, 32461, 46168, 9334, 9440, 44635, 44726, 16745, 43964, 7545, 7584, 7627, 9206, 9309, 9311, 9423, 9443, 11342, 11385, 11422, 16636, 16639, 16646, 16664, 16706, 16708, 16964, 16991, 17003, 19130, 19261, 19264, 19272, 19654, 19658, 20243, 20756, 20854, 22357, 22370, 24316, 24329, 25618, 25636, 25639, 25659, 32555, 32572, 42048, 42086, 43978, 43987, 43992, 44001, 44003, 44124, 44521, 44527, 44529, 44532, 44539, 44543, 44649, 44653, 44748, 45811, 46143, 46185, 46189, 48784, 48813, 48816, 48822, 48843, 46691, 7678, 9928, 12220, 12228, 12239, 12247, 12291, 12672, 16862, 17040, 17110, 17123, 17174, 17220, 19363, 20723, 23568, 32831, 40159, 44007, 44009, 44049, 44053, 44064, 44494, 45402, 45405, 49360, 49573, 49812, 49970, 49974, 50593, 50610, 50628, 12297, 5221, 5232, 12295, 17561, 37433, 39151, 39159, 44612, 44480, 17556, 668, 19900, 42841, 32855, 49512, 12829, 12855, 20743, 20777, 20778, 20820, 20833, 22426, 23602, 23639, 23681, 32912, 32958, 25383, 25361, 22362, 14155], "label": "sideboard"}, {"objectId": 7, "id": 7, "partId": 7, "index": 6, "dominantNormal": [0, -2.220446049250313e-16, 1], "obb": {"axesLengths": [3.5092986184298276, 1.7887588935622818, 1.8722867129171554], "centroid": [-2.869295175182053, 1.8319986073667351, -0.4013105511412678], "normalizedAxes": [-0.1729520708322525, 0.9849302172660828, 2.186984409715726e-16, 0, -2.220446049250313e-16, 1, 0.9849302172660828, 0.1729520708322525, 3.840307423891354e-17]}, "segments": [52397, 34928, 37934, 29272, 9710, 39211, 35707, 52607, 38530, 52499, 38683, 37553, 37941, 2248, 2270, 2501, 2573, 2580, 2593, 2594, 2598, 2602, 2610, 2614, 2636, 2639, 2644, 2650, 3175, 8813, 8831, 8866, 8867, 8884, 8887, 8935, 8938, 8953, 8981, 8987, 8995, 9009, 9040, 9614, 9924, 11075, 11084, 11117, 11118, 11126, 11148, 11178, 11204, 11236, 15377, 15510, 15520, 15521, 15546, 15639, 15656, 15696, 15740, 15872, 15927, 15993, 17065, 17654, 17658, 18106, 18957, 18992, 19421, 19594, 19613, 19722, 23392, 29702, 30736, 32909, 33024, 33728, 33959, 33962, 33980, 34242, 35582, 35772, 35860, 35866, 36897, 36902, 37201, 38392, 38402, 38425, 38442, 38473, 38481, 38485, 38561, 38713, 38744, 38750, 38867, 38874, 39074, 39112, 39113, 39125, 39133, 39147, 39150, 39433, 39437, 39440, 39452, 39454, 39458, 39687, 41043, 41397, 41403, 41410, 41422, 41425, 41426, 41442, 41452, 41456, 41459, 41462, 41486, 41511, 41549, 41833, 41889, 41917, 47609, 50682, 50911, 51241, 51990, 52149, 52157, 52295, 17542, 33518, 33542, 13486, 19059, 19426, 19572, 39654, 39677, 52562, 34859, 32515, 36295, 39339, 52186, 52193, 36704, 38227, 32101, 38800, 39037, 2022, 1934, 2715, 44432, 33890, 19514, 34228, 34234, 11006, 36811, 33971, 20237, 26126, 30819, 30938, 23012, 33322], "label": "kitchen cabinet"}, {"objectId": 8, "id": 8, "partId": 8, "index": 7, "dominantNormal": [0.9091838598251343, 0.4163948595523834, 9.245823208212288e-17], "obb": {"axesLengths": [1.2739182438466699, 0.44272994005538663, 0.3489251701435016], "centroid": [-2.9308177607007115, 0.7788498819524718, 0.8513648647469645], "normalizedAxes": [-0.4163948595523834, 0.9091838598251343, 2.0187937095908699e-16, 0, -2.220446049250313e-16, 1, 0.9091838598251343, 0.4163948595523834, 9.245823208212288e-17]}, "segments": [36874, 36883, 50939, 37434, 3963, 3562, 3690, 3750, 3766, 3780, 4003, 4008, 4227, 4247, 4303, 4309, 36854, 37449, 40643, 40723, 40736, 40747, 40766, 40771, 50928, 50969, 51196, 51198, 3538, 37524, 36972, 3612, 5020, 3696, 3700, 3703, 3829, 5010, 34657, 34662, 34677, 40637, 40660, 40662, 40666, 40669, 40672, 49814, 49848, 4289, 4212, 4203, 18266, 18221, 3443, 3669], "label": "kitchen cabinet"}, {"objectId": 9, "id": 9, "partId": 9, "index": 8, "dominantNormal": [0.4658495783805847, -0.8848639130592346, -1.96479257987655e-16], "obb": {"axesLengths": [1.9694954721907887, 0.857279996783733, 0.41220580375801485], "centroid": [-3.188811005962089, 3.064056630970221, 0.6786399063731712], "normalizedAxes": [0.8848639130592346, 0.46584954857826233, 1.0343937896856444e-16, 0, -2.220446049250313e-16, 1, 0.46584954857826233, -0.8848639130592346, -1.96479257987655e-16]}, "segments": [3526, 3445, 8014, 44384, 11870, 12657, 12715, 13721, 26934, 33694, 36268, 39614, 24995, 4861, 13873, 35337, 35363], "label": "kitchen cabinet"}, {"objectId": 10, "id": 10, "partId": 10, "index": 9, "dominantNormal": [0, -2.220446049250313e-16, 1], "obb": {"axesLengths": [1.1228370117833757, 0.37999998673796664, 0.6792620914575828], "centroid": [-2.8052410953916755, 3.1926069174159895, -0.3200000721256455], "normalizedAxes": [0.9815698266029358, 0.19110383093357086, 4.243357463930472e-17, 0, -2.220446049250313e-16, 1, 0.19110383093357086, -0.9815698266029358, -2.1795228435438036e-16]}, "segments": [39233, 51249, 51303, 52119, 34118, 14872, 14940, 15001, 15005, 33439, 37683, 37693, 37749, 37833, 37838, 39009, 51248, 51290, 51964], "label": "sink"}, {"objectId": 11, "id": 11, "partId": 11, "index": 10, "dominantNormal": [0.903969943523407, 0.42759594321250916, 9.494537227816772e-17], "obb": {"axesLengths": [0.3700804663216766, 0.28875599156120424, 0.25207018458750863], "centroid": [-3.8630955132849256, 2.4366212292986686, -0.27001908265414265], "normalizedAxes": [-0.42759597301483154, 0.903969943523407, 2.0072164897375777e-16, 0, -2.220446049250313e-16, 1, 0.903969943523407, 0.42759597301483154, 9.494537889561262e-17]}, "segments": [2674, 2672, 29611, 29524, 39602, 30023, 29457], "label": "object"}, {"objectId": 13, "id": 13, "partId": 13, "index": 11, "dominantNormal": [0, -2.220446049250313e-16, 1], "obb": {"axesLengths": [1.7752037309351782, 0.48419498315017684, 0.980764357637735], "centroid": [-0.7243714883608483, 1.842199470239089, -0.6879025812211089], "normalizedAxes": [0.9059276580810547, 0.42343246936798096, 9.402089537324375e-17, 0, -2.220446049250313e-16, 1, 0.42343246936798096, -0.9059276580810547, -2.0115634892926663e-16]}, "segments": [20484, 13982, 9114, 7994, 8036, 9997, 10000, 15527, 16024, 20519, 23488, 24856, 24879, 25227, 25234, 25238, 25260, 25264, 25477, 28037, 28038, 41849, 43820, 45846, 45857, 45884, 46138, 15562, 7713, 28029, 28061, 28065, 28075, 28085, 28105, 28115, 28120, 28125, 28142, 28909, 47189, 47197, 47453, 25974, 28919, 29045, 32194, 32230, 48727, 48729, 48732, 14713, 9055, 48582, 14946, 7298, 43810, 25541, 25505], "label": "dining table"}, {"objectId": 14, "id": 14, "partId": 14, "index": 12, "dominantNormal": [0, -2.220446049250313e-16, 1], "obb": {"axesLengths": [0.20661261556958374, 0.17189597699278636, 0.17354225978957113], "centroid": [-0.4139269666967267, 2.3697972767094813, -0.4840520780413169], "normalizedAxes": [-0.5656720995903015, 0.8246302604675293, 1.831047003947382e-16, 0, -2.220446049250313e-16, 1, 0.8246302604675293, 0.5656720995903015, 1.2560443787064146e-16]}, "segments": [12572, 45771, 13358, 14730, 14001], "label": "paper towel dispenser"}, {"objectId": 15, "id": 15, "partId": 15, "index": 13, "dominantNormal": [0.4071626663208008, -0.9133556485176086, -2.0280569413113817e-16], "obb": {"axesLengths": [1.8416871346463777, 0.8973029353327389, 0.6946377752659629], "centroid": [-1.0724031614478156, 2.447293726381677, -0.861348532263151], "normalizedAxes": [0.9133556485176086, 0.4071626663208008, 9.040827338342456e-17, 0, -2.220446049250313e-16, 1, 0.4071626663208008, -0.9133556485176086, -2.0280569413113817e-16]}, "segments": [35536, 29674, 31285, 34893, 49969, 31298, 31912, 29330, 12180, 12182, 14892, 14939, 29472, 29497, 29513, 29623, 29637, 29643, 29719, 29727, 31265, 31273, 31275, 31278, 33202, 34864, 35479, 47570, 47574, 47576, 47752, 49609, 49895, 50100, 50105, 50396, 50408, 50228, 14898, 14965, 35419, 27938, 14891, 49909, 15701, 27416, 27951, 47009, 47018, 47547, 50002, 27413, 24454, 8760, 10710, 10683, 8580], "label": "bench"}, {"objectId": 16, "id": 16, "partId": 16, "index": 14, "dominantNormal": [0.2807682752609253, -0.9597755670547485, -2.1311298660336953e-16], "obb": {"axesLengths": [0.5310836907613753, 0.36599402801705816, 0.3437753146250877], "centroid": [-0.840927558961788, 2.6609062397524825, -0.6329970784600765], "normalizedAxes": [0.9597755670547485, 0.2807682752609253, 6.23430807557946e-17, 0, -2.220446049250313e-16, 1, 0.2807682752609253, -0.9597755670547485, -2.1311298660336953e-16]}, "segments": [29124, 33144, 29100, 34777, 34843, 47560, 49869, 49870, 49873, 49887, 49894, 34873, 15427, 29307, 34855], "label": "cushion"}, {"objectId": 17, "id": 17, "partId": 17, "index": 15, "dominantNormal": [-0.326715350151062, -0.9451227784156799, -2.0985941393895756e-16], "obb": {"axesLengths": [0.738998443699143, 0.9311439484847195, 0.4841561464400064], "centroid": [-0.9398340009409571, 1.0210340544181407, -0.7769480591244717], "normalizedAxes": [0.9451227784156799, -0.326715350151062, -7.254538084723583e-17, 0, -2.220446049250313e-16, 1, -0.326715350151062, -0.9451227784156799, -2.0985941393895756e-16]}, "segments": [29009, 29040, 12134, 18166, 12106, 18302, 4828, 4809, 4824, 47458, 19840], "label": "chair"}, {"objectId": 18, "id": 18, "partId": 18, "index": 16, "dominantNormal": [0.9993228316307068, 0.036794666200876236, 8.170057119921966e-18], "obb": {"axesLengths": [0.5630646253085417, 0.6416329896085038, 0.6072057164670038], "centroid": [-0.268058456511286, 1.4968756792510474, -0.6362265623499509], "normalizedAxes": [0.9993228316307068, 0.036794666200876236, 8.170057119921966e-18, 0, -2.220446049250313e-16, 1, 0.036794666200876236, -0.9993228316307068, -2.2189424334200387e-16]}, "segments": [46416, 22213, 25940, 46376, 46364, 22137, 22142, 22149, 22170, 22174, 22178, 24940, 25396, 25404, 25934, 25987, 26234, 26250, 26267, 26289, 26292, 26364, 46386, 46388, 46448, 46459, 46463, 46468, 46474, 46476, 46481, 46487, 46500, 46584, 46594, 46599, 46603, 46615, 18322, 44804, 22266], "label": "chair"}, {"objectId": 20, "id": 20, "partId": 20, "index": 17, "dominantNormal": [0.7604960203170776, 0.6493425965309143, 1.4418302030770087e-16], "obb": {"axesLengths": [0.4033784591464086, 0.45761299600572125, 0.3015101167787146], "centroid": [-1.1318988846974882, 1.670695260311409, 0.370846407763066], "normalizedAxes": [-0.6493425965309143, 0.7604960203170776, 1.6886403837836409e-16, 0, -2.220446049250313e-16, 1, 0.7604960203170776, 0.6493425965309143, 1.4418302030770087e-16]}, "segments": [13976, 39635, 23646, 39624, 42629, 13795, 42673, 22797, 22780, 42724, 11990, 39913, 11757, 11768, 12020, 13441, 13461, 13473, 13497, 13543, 13556, 13562, 13601, 13609, 13622, 13665, 13668, 13669, 13673, 13679, 13687, 13694, 13699, 13709, 13807, 23345, 23350, 39896, 39898, 39910, 42559, 42563, 42571, 42582, 42585, 42592, 42594, 42604, 13444, 13470, 39894], "label": "light"}, {"objectId": 21, "id": 21, "partId": 21, "index": 18, "dominantNormal": [0, -2.220446049250313e-16, 1], "obb": {"axesLengths": [0.38726757037916765, 0.30668499380309133, 0.3181271388376659], "centroid": [-3.8676916280829663, 2.6872072903102326, -0.28833458375585597], "normalizedAxes": [0.040319595485925674, 0.9991868138313293, 2.2186404132347833e-16, 0, -2.220446049250313e-16, 1, 0.9991868138313293, -0.040319595485925674, -8.952748650409442e-18]}, "segments": [29386, 2801, 2863, 25131, 2783, 2892, 29430, 40495, 2851], "label": "object"}, {"objectId": 23, "id": 23, "initialPoint": [-0.3222084844564417, 2.8937176486964273, 0.5296360058904788], "index": 20, "dominantNormal": [0.8991978168487549, 0.43754225969314575, 9.715389819157e-17], "obb": {"axesLengths": [1.7853701603251446, 2.56000000476837, 0.36360732907867327], "centroid": [0.04131919897343672, 2.2510665116769495, -0.07000007771358097], "normalizedAxes": [-0.43754225969314575, 0.8991978764533997, 1.9966203722652224e-16, 0, -2.220446049250313e-16, 1, 0.8991978764533997, 0.43754225969314575, 9.715389819157e-17]}, "segments": [17661, 22649, 17653, 17483, 43728, 43423, 69, 43541, 10288, 43112, 6070, 6176, 43560, 7103, 41591, 41202, 41659, 7143, 3918, 4495, 4543, 4550, 4604, 4679, 5597, 5604, 5607, 5616, 5619, 5633, 5733, 5736, 5744, 5755, 5762, 5764, 5779, 5780, 5790, 5793, 5848, 5903, 5906, 5922, 5948, 5959, 5972, 5984, 5992, 6026, 6034, 6085, 6090, 6116, 6134, 6167, 6168, 6188, 6196, 6204, 6596, 6628, 6687, 6700, 6749, 6753, 6761, 6782, 6795, 6808, 6853, 6859, 6912, 6933, 6959, 6967, 7003, 7016, 7023, 7057, 7060, 7061, 7127, 7128, 7129, 7204, 7284, 7341, 7418, 7422, 7907, 7921, 7971, 8164, 8170, 8408, 8496, 8511, 8523, 8563, 8654, 8742, 9078, 9508, 9515, 9546, 9574, 10143, 10147, 10210, 10250, 10283, 10289, 10292, 10359, 10401, 10404, 10413, 10496, 10571, 10863, 11095, 11168, 11220, 11248, 11529, 11783, 11802, 11827, 11884, 11913, 11944, 11954, 12007, 12053, 12057, 12076, 14184, 14185, 14284, 14383, 14407, 14468, 14988, 15009, 15020, 15034, 15064, 15065, 15088, 15115, 15122, 15124, 15135, 15151, 15155, 15165, 15166, 15172, 15225, 15229, 15250, 15263, 15276, 15303, 15321, 15341, 15356, 15359, 15369, 15370, 15439, 16371, 16385, 16878, 17367, 17469, 17479, 17487, 17716, 18383, 18405, 18425, 18519, 18540, 18547, 18788, 18793, 18795, 18820, 18839, 18967, 19251, 19328, 19676, 19945, 20176, 20236, 20354, 20385, 20456, 20513, 20551, 20572, 20800, 24201, 24212, 24429, 24448, 24470, 24478, 24589, 24595, 24628, 24751, 24789, 24952, 34263, 36812, 36852, 39096, 39358, 39363, 39378, 39472, 39473, 39620, 39646, 39692, 39717, 39733, 39738, 39742, 39748, 39764, 40062, 40820, 40857, 40887, 40896, 40904, 40921, 40936, 40941, 40948, 40961, 40966, 40970, 40973, 40999, 41000, 41002, 41003, 41010, 41011, 41028, 41034, 41037, 41039, 41048, 41052, 41057, 41088, 41091, 41093, 41100, 41122, 41127, 41130, 41141, 41143, 41147, 41151, 41209, 41214, 41215, 41220, 41222, 41225, 41228, 41385, 41390, 41623, 41624, 41633, 41693, 41709, 41819, 41824, 41852, 41857, 41860, 41867, 41958, 41998, 42112, 42139, 42142, 42146, 42162, 42206, 42228, 42237, 42249, 42251, 42306, 42347, 42376, 42381, 42746, 42759, 42782, 42785, 42792, 42798, 42801, 42807, 42883, 42901, 42930, 42939, 42942, 42963, 42968, 42972, 42999, 43002, 43034, 43047, 43053, 43061, 43433, 43487, 43598, 43649, 43789, 43792, 43864, 44142, 44162, 44176, 44185, 44352, 47000, 50632, 50478, 9195, 3866, 4511, 4523, 4536, 4671, 7358, 7453, 7462, 8113, 8127, 15681, 15688, 15689, 17493, 17505, 23265, 24509, 33920, 41869, 41883, 42510, 42531, 44150, 44152, 44156, 44160, 49693, 49724, 10776, 8126, 13074, 15725, 24725, 41335, 44163, 13149, 43144, 15667, 34058, 8553, 13258, 17969, 4738], "partId": 23, "label": "curtain"}, {"objectId": 24, "id": 24, "initialPoint": [-0.7781049305622325, 3.690063271523008, 0.6422449519272218], "index": 21, "dominantNormal": [0.8703266382217407, 0.49247491359710693, 1.0935139762515854e-16], "obb": {"axesLengths": [0.8772275612933986, 0.8800000072270626, 0.16302111678878742], "centroid": [-0.6434482000833528, 3.5131848727364954, 0.4699999158416668], "normalizedAxes": [-0.49247491359710693, 0.8703266382217407, 1.9325133453967707e-16, 0, -2.220446049250313e-16, 1, 0.8703266382217407, 0.49247491359710693, 1.0935139762515854e-16]}, "segments": [39942, 11412, 47987, 15006, 14330, 39828, 39798, 40248, 14197, 40346, 1184, 1314, 47079, 47088, 1085, 1120, 1153, 1189, 1294, 1391, 1405, 1424, 8234, 8291, 9618, 9627, 9738, 9782, 9833, 11001, 11111, 11355, 11431, 11708, 12089, 12275, 12710, 12744, 13060, 13200, 13268, 13269, 13929, 13951, 13953, 14037, 14108, 14214, 14317, 14388, 14428, 14519, 16136, 16154, 39779, 39791, 39843, 39845, 39849, 39865, 39950, 39995, 40054, 40260, 40333, 40361, 41287, 41296, 41780, 41796, 8341, 6331, 40012, 41322, 41815], "partId": 24, "label": "shelf"}, {"objectId": 28, "id": 28, "initialPoint": [-3.336906849417982, 3.0022094679935156, -0.3553621826240969], "index": 22, "dominantNormal": [0.9838758707046509, -0.17885255813598633, -3.971324561113628e-17], "obb": {"axesLengths": [0.14495714519724542, 0.14591499836932864, 0.1612597812662568], "centroid": [-3.3803251312625386, 3.068042482703847, -0.33704257450560293], "normalizedAxes": [0.9838758707046509, -0.17885255813598633, -3.971324561113628e-17, 0, -2.220446049250313e-16, 1, -0.17885255813598633, -0.9838758707046509, -2.184643290058854e-16]}, "segments": [49028, 1849, 1819, 1846, 1896], "partId": 28, "label": "plant"}, {"objectId": 27, "id": 27, "initialPoint": [-3.5411665653037145, 2.9036349456862824, -0.3379981853372085], "index": 23, "dominantNormal": [-0.35318607091903687, -0.9355530738830566, -2.0773451267676194e-16], "obb": {"axesLengths": [0.28590166810075285, 0.30000000521540615, 0.13223945033992218], "centroid": [-3.623640608684468, 2.9737241761712276, -0.28000008136436505], "normalizedAxes": [0.9355530738830566, -0.35318610072135925, -7.842306819968653e-17, 0, -2.220446049250313e-16, 1, -0.35318610072135925, -0.9355530738830566, -2.0773451267676194e-16]}, "segments": [40377, 1566, 1586, 40371], "partId": 27, "label": "plant"}], "scan_id": "c7895f4e-339c-2d13-80d3-90eaa1403a25", "annId": "6034", "appId": "stk.v1"}