{"segGroups": [{"objectId": 1, "id": 1, "partId": 1, "index": 0, "dominantNormal": [0, -2.220446049250313e-16, 1], "obb": {"axesLengths": [2.8246986406391037, 0.15475010525993815, 1.6282132620332181], "centroid": [-0.07289733548901939, -0.08902080932476977, -1.5400249927649288], "normalizedAxes": [0.21931937336921692, 0.9756531119346619, 2.1663850978340934e-16, 0, -2.220446049250313e-16, 1, 0.9756531119346619, -0.21931937336921692, -4.8698683612173203e-17]}, "segments": [19520, 11511, 18887, 10982, 1953, 35438, 95, 9807, 20698, 21056, 21076, 35486, 38510, 38575, 35456, 20668, 9710, 19888], "label": "floor"}, {"objectId": 2, "id": 2, "partId": 2, "index": 1, "dominantNormal": [0, -2.220446049250313e-16, 1], "obb": {"axesLengths": [1.827252658319637, 0.7124929864892436, 0.9275913716219853], "centroid": [0.7483431586564975, -0.06478126616019435, -1.2048434957688279], "normalizedAxes": [0.4255772531032562, 0.9049220681190491, 2.0093306310343652e-16, 0, -2.220446049250313e-16, 1, 0.9049220681190491, -0.4255772531032562, -9.449713303039258e-17]}, "segments": [31411, 32733, 10350, 11585, 12040, 6259, 6315, 32703, 7099, 7296, 7765, 7841, 7928, 7950, 8582, 8585, 10415, 10426, 10450, 10626, 10646, 10676, 10729, 10746, 10763, 10780, 11340, 11410, 11426, 11458, 11462, 11469, 11843, 11869, 11873, 11881, 11883, 14565, 15674, 15794, 15795, 18016, 19625, 19628, 19706, 19770, 19817, 26241, 27297, 31563, 31565, 31829, 31832, 31879, 33857, 33859, 33863, 33865, 33928, 37141, 5032, 5034, 5073, 5083, 9845, 14614, 20516, 20738, 20742, 33618, 33741, 33752, 7905, 15733, 17601, 19715, 26033], "label": "bathtub"}, {"objectId": 3, "id": 3, "partId": 3, "index": 2, "dominantNormal": [-0.536016047000885, -0.8442078232765198, -1.8745179259405548e-16], "obb": {"axesLengths": [1.8473223892388533, 2.541428986010797, 0.20854524627784432], "centroid": [0.731488030428429, 0.9014612196404066, -0.27986552843901236], "normalizedAxes": [0.844207763671875, -0.536016047000885, -1.1901947138978852e-16, 0, -2.220446049250313e-16, 1, -0.536016047000885, -0.844207763671875, -1.8745177935916568e-16]}, "segments": [13034, 26353, 36008, 11654, 26930, 20855, 25884], "label": "wall"}, {"objectId": 4, "id": 4, "partId": 4, "index": 3, "dominantNormal": [0.8392971158027649, -0.543673038482666, -1.2071966503827492e-16], "obb": {"axesLengths": [2.273099550885952, 2.521349969774111, 0.18715843725109765], "centroid": [0.8790605997756991, -0.4979383259313946, -0.270675028861874], "normalizedAxes": [0.543673038482666, 0.8392971158027649, 1.8636139649314318e-16, 0, -2.220446049250313e-16, 1, 0.8392971158027649, -0.543673038482666, -1.2071966503827492e-16]}, "segments": [25462, 14972, 693, 1786, 1824, 2892, 5064, 5099, 5124, 5186, 5218, 5266, 5292, 10233, 10235, 10255, 10283, 13195, 13328, 15040, 15060, 20341, 20342, 20392, 20404, 20555, 20641, 20648, 20666, 22103, 22468, 22476, 22999, 23002, 26245, 26247, 26333, 27090, 27145, 27194, 27233, 27296, 28055, 28887, 28888, 31903, 33677, 33745, 34116, 35675, 36094, 36113, 36333, 37648, 37651, 37654, 37658, 38674, 38919, 39058], "label": "wall"}, {"objectId": 5, "id": 5, "partId": 5, "index": 4, "dominantNormal": [-0.42927446961402893, -0.903174102306366, -2.0054493672513684e-16], "obb": {"axesLengths": [1.8084128116720224, 2.5537499214615673, 0.45180995258876455], "centroid": [-0.5659252046452489, -1.219847394913403, -0.27935498486560073], "normalizedAxes": [0.903174102306366, -0.42927446961402893, -9.531808000984941e-17, 0, -2.220446049250313e-16, 1, -0.42927446961402893, -0.903174102306366, -2.0054493672513684e-16]}, "segments": [18967, 10861, 26853, 1737, 1746, 1855, 1860, 1862, 1902, 2209, 7219, 7434, 8280, 9198, 9498, 10976, 11126, 11136, 11141, 11182, 11233, 11324, 11345, 11416, 12270, 15558, 15585, 15615, 15617, 17878, 21501, 26312, 26838, 28666, 28667, 28669, 28675, 30914, 31196, 31296, 33200, 33379, 34224, 2100, 22687, 1576, 1659, 2615, 2674, 19160, 21421, 21433, 21443, 21446, 22839, 22871, 35555, 35600, 35757, 9708, 17514, 17505, 1804, 34226, 11050, 2728, 10117], "label": "wall"}, {"objectId": 6, "id": 6, "partId": 6, "index": 5, "dominantNormal": [0.8564732074737549, -0.5161914229393005, -1.1461752057224673e-16], "obb": {"axesLengths": [2.500679337720886, 2.582279982068836, 0.576423763349128], "centroid": [-0.7789051307972518, 0.3907406092737602, -0.28918000567451263], "normalizedAxes": [0.5161914229393005, 0.8564732670783997, 1.9017526821727408e-16, 0, -2.220446049250313e-16, 1, 0.8564732670783997, -0.5161914229393005, -1.1461752057224673e-16]}, "segments": [2851, 22626, 37778, 5807, 9298, 6019, 684, 37975, 19449, 15894, 529, 538, 746, 764, 792, 804, 818, 1403, 1538, 2714, 3022, 3062, 3138, 3158, 3181, 3185, 5978, 8355, 8389, 8985, 9241, 9247, 12606, 12863, 13092, 13096, 13873, 14562, 14570, 14598, 15514, 15890, 17102, 18936, 19272, 22356, 22433, 22662, 22854, 23589, 24278, 27306, 27322, 27354, 27970, 28785, 31160, 31841, 31845, 31865, 32193, 32346, 32389, 32431, 33526, 33567, 33631, 33852, 34959, 34993, 35114, 2642, 5859, 23576, 28658, 1059, 8496], "label": "wall"}, {"objectId": 7, "id": 7, "partId": 7, "index": 6, "dominantNormal": [-0.5467187762260437, -0.8373163342475891, -1.8592157463528139e-16], "obb": {"axesLengths": [1.009508227645343, 2.1336999058641504, 0.1322008683777053], "centroid": [0.42572201600598414, 1.0434481450645858, -0.5168499846879413], "normalizedAxes": [0.8373162746429443, -0.5467187762260437, -1.2139595467220847e-16, 0, -2.220446049250313e-16, 1, -0.5467187762260437, -0.8373162746429443, -1.8592156140039159e-16]}, "segments": [25044, 26656, 24434, 35823, 27605, 37592, 23397, 23400, 24297, 24299, 24361, 25524, 26670, 26926, 26951, 27691, 36086, 37020, 37027, 37573, 37639, 38308, 27568, 12251], "label": "door"}, {"objectId": 8, "id": 8, "partId": 8, "index": 7, "dominantNormal": [0, -2.220446049250313e-16, 1], "obb": {"axesLengths": [2.589442392451768, 0.10343998439371616, 1.909745881717722], "centroid": [0.09917103633015689, -0.14596842300372087, 0.9817199471789584], "normalizedAxes": [0.4965115189552307, 0.8680301308631897, 1.9274140747054018e-16, 0, -2.220446049250313e-16, 1, 0.8680301308631897, -0.4965115189552307, -1.102477040671414e-16]}, "segments": [21371, 32217, 17806, 18849, 21316, 23865, 31575, 2401], "label": "ceiling"}, {"objectId": 9, "id": 9, "partId": 9, "index": 8, "dominantNormal": [-0.5301928520202637, -0.8478770852088928, -1.8826653241019571e-16], "obb": {"axesLengths": [0.5860263909723601, 0.4485099215393527, 0.3618348449253021], "centroid": [0.1077131865547829, -1.05062754362802, -1.329005004653224], "normalizedAxes": [0.8478770852088928, -0.5301928520202637, -1.1772646236091503e-16, 0, -2.220446049250313e-16, 1, -0.5301928520202637, -0.8478770852088928, -1.8826653241019571e-16]}, "segments": [31771, 9303, 31791, 8984, 13938, 15072, 15017, 32038, 548, 8858, 8859, 8881, 8928, 9071, 9118, 9133, 11600, 11640, 12984, 13038, 13039, 28354, 28359, 28491, 29953, 29965, 32200, 28391, 9814, 14101, 9026, 30295], "label": "toilet"}, {"objectId": 10, "id": 10, "partId": 10, "index": 9, "dominantNormal": [0.19590972363948822, -0.9806219339370728, -2.1774180990187747e-16], "obb": {"axesLengths": [0.10171554809452887, 0.25361996322229574, 0.026975584878508638], "centroid": [-0.8202232841273934, -0.7462793351828143, -0.9368099972737596], "normalizedAxes": [0.9806219339370728, 0.19590970873832703, 4.350069387777978e-17, 0, -2.220446049250313e-16, 1, 0.19590970873832703, -0.9806219339370728, -2.1774180990187747e-16]}, "segments": [21274], "label": "sink"}, {"objectId": 11, "id": 11, "partId": 11, "index": 10, "dominantNormal": [0.8798317313194275, -0.47528529167175293, -1.0553453481593265e-16], "obb": {"axesLengths": [1.0356561546839276, 1.868009942739979, 0.36054538283382814], "centroid": [-0.4583141669948559, 0.3847818096536454, -0.6240050072981804], "normalizedAxes": [0.4752853214740753, 0.8798317313194275, 1.9536188918132857e-16, 0, -2.220446049250313e-16, 1, 0.8798317313194275, -0.4752853214740753, -1.0553454143337755e-16]}, "segments": [37546, 26807, 26740, 28351, 23173, 36384, 24085, 24031, 36410, 8765, 8825, 10171, 23474, 24109, 24639, 24666, 24748, 24795, 24844, 26614, 26616, 26638, 26645, 26702, 31184, 37038, 37426, 37452, 37521, 37525, 37529, 37551, 33292, 20235, 17992, 11730, 12560, 12567, 12783, 13148, 15211, 19047, 20231, 24194, 24203, 24211, 24830, 24858, 26637, 27828, 32224, 33320, 33348, 36327, 36526, 36592, 32252, 18203, 18234, 18249, 13536, 27408, 8205, 8291, 8310, 8331, 13479, 15184, 15373, 18112, 18114, 18120, 18181, 18221, 33394, 36298, 38279, 38392, 38398, 26156, 38460, 12389, 12448, 12640, 12781, 13599, 13926, 13929, 13950, 15081, 18583, 18634, 19106, 24357, 34909, 36659, 38579, 571, 655, 660, 941, 942, 8308, 8901, 9346, 9855, 9881, 9898, 9909, 9947, 10003, 10088, 10095, 10121, 10155, 12150, 12433, 12468, 12600, 15288, 15305, 15460, 15488, 18717, 18919, 18964, 19098, 22008, 23195, 23208, 23546, 23579, 24166, 24224, 24565, 24613, 24632, 24820, 24822, 24915, 25681, 25686, 25826, 26047, 26734, 26746, 27316, 28203, 30357, 31163, 31261, 32279, 33523, 33581, 33591, 34891, 36334, 36419, 36424, 36586, 37089, 37211, 37472, 37557, 38267, 19478, 6015, 25709, 26055, 14054, 25817, 25752], "label": "shelf"}, {"objectId": 12, "id": 12, "partId": 12, "index": 11, "dominantNormal": [0.9907858371734619, -0.13543787598609924, -3.007324966521879e-17], "obb": {"axesLengths": [0.3507538236662908, 1.124703009619496, 0.20159953060497365], "centroid": [-0.09923490549301339, 1.0897345010847046, -0.3777945345552016], "normalizedAxes": [0.13543787598609924, 0.9907858371734619, 2.1999864978049775e-16, 0, -2.220446049250313e-16, 1, 0.9907858371734619, -0.13543787598609924, -3.007324966521879e-17]}, "segments": [786, 32853, 32343, 28600, 15884, 826, 32403, 32406, 32415, 32392, 12823, 17076, 17084, 16013, 724, 1165, 28594, 28596, 28617, 28621], "label": "clothes"}, {"objectId": 13, "id": 13, "partId": 13, "index": 12, "dominantNormal": [0.9571262001991272, 0.28967130184173584, 6.431994977556773e-17], "obb": {"axesLengths": [0.38305221707767967, 2.127320003643929, 0.32280687548304715], "centroid": [0.17372163042133992, -0.5469270933447897, -0.31997003594257034], "normalizedAxes": [-0.28967130184173584, 0.9571262001991272, 2.1252470898661162e-16, 0, -2.220446049250313e-16, 1, 0.9571262001991272, 0.28967130184173584, 6.431994977556773e-17]}, "segments": [13763, 38483, 13795, 28101, 38504, 13652, 13659, 13662, 13689, 28123, 28209, 28251, 38365, 38499, 38637, 8561, 32892, 1925, 1966, 13695, 13790, 38517, 17360, 8152, 18764, 10374, 38622], "label": "shower curtain"}, {"objectId": 14, "id": 14, "partId": 14, "index": 13, "dominantNormal": [-0.4917927384376526, -0.8707122802734375, -1.9333696427668856e-16], "obb": {"axesLengths": [1.088715931934829, 0.7199999529123313, 0.2122770404468098], "centroid": [-0.5202305322958083, -1.1736581467689917, -1.1899999725982566], "normalizedAxes": [0.8707122802734375, -0.4917927086353302, -1.0919991769394293e-16, 0, -2.220446049250313e-16, 1, -0.4917927086353302, -0.8707122802734375, -1.9333696427668856e-16]}, "segments": [9337, 4388, 4078, 9233, 12759, 33419, 16233, 17198, 16571, 16564, 17410, 16634, 32502, 33074, 3730, 4368, 7088, 7182, 7189, 7192, 7211, 7277, 7294, 9657, 12364, 12373, 12374, 12740, 12764, 14242, 14247, 14250, 14262, 14270, 14313, 14314, 14371, 14381, 14410, 14427, 14442, 14464, 14485, 16099, 16112, 16135, 16221, 16235, 16255, 16258, 16268, 16280, 16308, 16353, 16507, 16514, 16552, 16566, 16577, 16584, 16649, 16669, 16863, 16869, 16871, 16887, 16915, 16976, 16982, 17236, 17277, 17337, 17339, 17372, 18468, 21582, 21650, 21667, 21707, 21721, 21743, 21809, 28414, 28417, 28441, 28444, 28475, 31758, 32118, 32152, 32154, 32171, 32179, 32439, 32440, 32459, 32465, 32479, 32498, 32549, 32563, 32565, 32567, 32572, 32634, 32655, 32749, 32937, 32971, 33054, 33057, 33078, 33106, 33402, 33404, 33407, 33424, 33440, 33462, 34465, 34533, 34538, 34541, 34546, 34572, 34579, 34760, 34762, 34766, 34773, 16493, 34711, 21695, 32942, 34597, 17215, 21270, 16676, 17388, 17242, 17254, 17290, 17302, 17445, 21588, 21636, 21687, 21738, 21788, 21795, 28424, 32494, 32917, 34528, 34536, 34754, 32595, 16156, 21538, 7627, 21599, 21773, 34478, 7194], "label": "heater"}, {"objectId": 16, "id": 16, "partId": 16, "index": 15, "dominantNormal": [0.9284553527832031, -0.3714439868927002, -8.247713332136812e-17], "obb": {"axesLengths": [0.7407883109564332, 0.6170559387567051, 0.4227588309476798], "centroid": [-0.826198070936389, -0.39259179180822334, -1.2414719796760694], "normalizedAxes": [0.3714439868927002, 0.9284553527832031, 2.061585019992769e-16, 0, -2.220446049250313e-16, 1, 0.9284553527832031, -0.3714439868927002, -8.247713332136812e-17]}, "segments": [27901, 38540, 20564, 8104, 36744, 413], "label": "bath cabinet"}, {"objectId": 17, "id": 17, "partId": 17, "index": 16, "dominantNormal": [0.6202030777931213, -0.7844412922859192, -1.7418095683250794e-16], "obb": {"axesLengths": [0.7234779559394319, 0.5399999497830876, 0.5330258229605764], "centroid": [-0.872391233858427, -0.3379301373188189, -0.8999999874249118], "normalizedAxes": [0.7844412922859192, 0.6202030777931213, 1.3771274738186209e-16, 0, -2.220446049250313e-16, 1, 0.6202030777931213, -0.7844412922859192, -1.7418095683250794e-16]}, "segments": [443, 425, 9743, 22275, 30901, 9778, 25309, 36926, 161, 210, 219, 279, 280, 285, 318, 367, 491, 8020, 22394, 25145, 25148, 25176, 25274, 28536, 35104, 35107, 35265, 36908, 36912, 36937, 11783, 265, 306, 359, 375, 7783, 8074, 9706, 11726, 11729, 11754, 11762, 11778, 13693, 13723, 13725, 13726, 13730, 13734, 13742, 16213, 22272, 28550, 28571, 30322, 30909, 31376, 31378, 31379, 31382, 31385, 31387, 31666, 31669, 31672, 31676, 31678, 35089, 35225, 36838, 36843, 36847, 36923, 7745, 7792], "label": "sink"}, {"objectId": 18, "id": 18, "initialPoint": [-0.7450294625776095, -1.1927478012449833, -0.7609546747696675], "index": 17, "dominantNormal": [-0.4918513894081116, -0.8706791400909424, -1.933296056779593e-16], "obb": {"axesLengths": [1.2752686467570886, 0.4200000073015686, 0.2983711160901556], "centroid": [-0.5787681584138742, -1.257359649928086, -0.7000000336185105], "normalizedAxes": [0.8706791400909424, -0.4918513894081116, -1.0921294744295186e-16, 0, -2.220446049250313e-16, 1, -0.4918513894081116, -0.8706791400909424, -1.933296056779593e-16]}, "segments": [35150, 21886, 8246, 35528, 28404, 16748, 7601, 21488], "partId": 18, "label": "windowsill"}, {"objectId": 19, "id": 19, "initialPoint": [-0.014224946821643325, -1.4507842853311697, -1.216115864911638], "index": 18, "dominantNormal": [0.85721355676651, 0.5149611234664917, 1.1434433921186742e-16], "obb": {"axesLengths": [0.29762334888166786, 0.3323199674713617, 0.15105881922908213], "centroid": [0.06934280592061859, -1.4714997438912882, -1.1961599634864948], "normalizedAxes": [-0.5149611234664917, 0.8572134971618652, 1.9033963231371081e-16, 0, -2.220446049250313e-16, 1, 0.8572134971618652, 0.5149611234664917, 1.1434433921186742e-16]}, "segments": [11039, 10679, 31007, 31042, 10673, 10099, 30355, 10274], "partId": 19, "label": "counter"}, {"objectId": 20, "id": 20, "initialPoint": [-0.23598731973400483, -1.5321336899090041, 0.11246238179079504], "index": 19, "dominantNormal": [-0.5405041575431824, -0.8413413763046265, -1.8681531350864288e-16], "obb": {"axesLengths": [1.2307468564046076, 1.7215100142022204, 0.36703705713740487], "centroid": [-0.5899513197183064, -1.3501484992032808, 0.10924496844459197], "normalizedAxes": [0.8413413763046265, -0.5405041575431824, -1.200160321220128e-16, 0, -2.220446049250313e-16, 1, -0.5405041575431824, -0.8413413763046265, -1.8681531350864288e-16]}, "segments": [1641, 31973, 19190, 19180, 31947, 1766, 1275, 1449, 1592, 31959, 21943, 23435, 24676, 23520, 37424, 32304, 32300, 15541, 19247, 17896, 1763], "partId": 20, "label": "window"}, {"objectId": 21, "id": 21, "initialPoint": [-0.22860475488432352, -1.4691775675509833, -0.6799389412257966], "index": 20, "dominantNormal": [-0.6299265027046204, -0.7766547799110413, -1.724520037684843e-16], "obb": {"axesLengths": [0.32498098083741367, 0.2956250243866809, 0.1708760662945941], "centroid": [-0.27967720928900436, -1.4872726899189341, -0.6122165201272864], "normalizedAxes": [0.7766547799110413, -0.6299265027046204, -1.398717814248541e-16, 0, -2.220446049250313e-16, 1, -0.6299265027046204, -0.7766547799110413, -1.724520037684843e-16]}, "segments": [33271, 32516, 32506, 12237], "partId": 21, "label": "item"}, {"objectId": 22, "id": 22, "initialPoint": [0.3121355201417886, -0.9100931769145805, -1.3897772342699046], "index": 21, "dominantNormal": [0.9708051085472107, -0.2398696094751358, -5.3261752669428076e-17], "obb": {"axesLengths": [0.16492355992580654, 0.2219099948873371, 0.1580940129604339], "centroid": [0.342027561140011, -0.9480301271431528, -1.4314650291040918], "normalizedAxes": [0.2398696094751358, 0.9708051085472107, 2.1556203678656753e-16, 0, -2.220446049250313e-16, 1, 0.9708051085472107, -0.2398696094751358, -5.3261752669428076e-17]}, "segments": [6761, 19906, 20036, 11618, 33958], "partId": 22, "label": "toilet brush"}, {"objectId": 23, "id": 23, "initialPoint": [0.4555616508771191, -1.2605148027448034, -0.9821154487012401], "index": 22, "dominantNormal": [-0.17883960902690887, -0.9838782548904419, -2.1846485840147742e-16], "obb": {"axesLengths": [0.1593981113884504, 0.8140699085428582, 0.11961169601588352], "centroid": [0.5247337528054721, -1.2752869772029771, -1.0770349873683989], "normalizedAxes": [0.9838782548904419, -0.17883960902690887, -3.9710370331327044e-17, 0, -2.220446049250313e-16, 1, -0.17883960902690887, -0.9838782548904419, -2.1846485840147742e-16]}, "segments": [17664, 23780, 8606, 8590, 17734, 8633, 23760, 34012, 33972], "partId": 23, "label": "pipe"}, {"objectId": 24, "id": 24, "initialPoint": [1.357386520653775, 0.43365901642092375, -0.06637218946019896], "index": 23, "dominantNormal": [0.9959321022033691, -0.09010671079158783, -2.0007708998812175e-17], "obb": {"axesLengths": [0.19631108833273875, 0.6199999760091307, 0.16283484239877224], "centroid": [1.42171415763224, 0.4090573006431726, 0.1399999586328855], "normalizedAxes": [0.09010671824216843, 0.9959321022033691, 2.21141350165903e-16, 0, -2.220446049250313e-16, 1, 0.9959321022033691, -0.09010671824216843, -2.00077106531734e-17]}, "segments": [11168, 13319, 14772, 13242, 13258, 11223], "partId": 24, "label": "shelf"}, {"objectId": 26, "id": 26, "initialPoint": [-1.1468687675177978, -0.7532332401148709, -0.7866053519076526], "index": 24, "dominantNormal": [-0.41271668672561646, -0.9108594655990601, -2.0225143018116844e-16], "obb": {"axesLengths": [0.5305504740608166, 0.3843499932210892, 0.17574294864746365], "centroid": [-1.0568282548893078, -0.7745584306512756, -0.9378250047469525], "normalizedAxes": [0.9108594655990601, -0.41271665692329407, -9.164150703251252e-17, 0, -2.220446049250313e-16, 1, -0.41271665692329407, -0.9108594655990601, -2.0225143018116844e-16]}, "segments": [22808, 34180, 22836, 22793], "partId": 26, "label": "towel"}, {"objectId": 27, "id": 27, "initialPoint": [-1.0435709744583503, -0.67496841495985, -0.7796193768585946], "index": 25, "dominantNormal": [-0.43332746624946594, -0.9012365341186523, -2.0011471016238066e-16], "obb": {"axesLengths": [0.5292795779853979, 0.698229952941165, 0.16424168718512303], "centroid": [-1.0132641460021696, -0.7067550870430865, -1.0947649846069902], "normalizedAxes": [0.9012365341186523, -0.43332746624946594, -9.62180260465275e-17, 0, -2.220446049250313e-16, 1, -0.43332746624946594, -0.9012365341186523, -2.0011471016238066e-16]}, "segments": [22823, 22752, 34139, 35050], "partId": 27, "label": "towel"}, {"objectId": 28, "id": 28, "initialPoint": [-1.249662333140333, -0.6216817039994902, 0.12010742950085085], "index": 26, "dominantNormal": [0.8212631940841675, -0.570549488067627, -1.266874356681551e-16], "obb": {"axesLengths": [0.23437233844716182, 0.29999998472630995, 0.07769117158473741], "centroid": [-1.2585716856629368, -0.6389463335490477, 0.139999961426853], "normalizedAxes": [0.5705495476722717, 0.8212631940841675, 1.8235706146988828e-16, 0, -2.220446049250313e-16, 1, 0.8212631940841675, -0.5705495476722717, -1.266874489030449e-16]}, "segments": [2920], "partId": 28, "label": "clock"}, {"objectId": 29, "id": 29, "initialPoint": [-0.9769697454723751, -0.19947965569617745, -0.2834682984930079], "index": 27, "dominantNormal": [0, -2.220446049250313e-16, 1], "obb": {"axesLengths": [0.9584024568076585, 0.24057100175534918, 0.24430512178699107], "centroid": [-0.9545909043859317, -0.15409968950692585, -0.2497145270038892], "normalizedAxes": [0.6588383316993713, 0.7522845268249512, 1.670407205500604e-16, 0, -2.220446049250313e-16, 1, 0.7522845268249512, -0.6588383316993713, -1.4629149707165364e-16]}, "segments": [30366, 3161, 3235, 3148, 9070, 9042, 31219, 31283, 9271, 9397, 3244, 28935], "partId": 29, "label": "shelf"}], "scan_id": "eee5b056-ee2d-28f4-9bbe-f7ddf37895a6", "annId": "1717", "appId": "stk.v1"}