{"segGroups": [{"objectId": 19, "id": 19, "partId": 19, "index": 0, "dominantNormal": [0.9293035268783569, 0.36931684613227844, 8.200481319160034e-17], "obb": {"axesLengths": [0.6858970986206502, 0.9426630077660897, 0.5959393007268382], "centroid": [0.8141421232508574, -0.34127483290212735, -0.6095385182011459], "normalizedAxes": [-0.36931684613227844, 0.9293035268783569, 2.0634683448114298e-16, 0, -2.220446049250313e-16, 1, 0.9293035268783569, 0.36931684613227844, 8.200481319160034e-17]}, "segments": [40031, 40029, 40967, 41072, 39384, 55682, 41539, 41452, 42656, 32070, 41444, 41491, 41507, 42690, 42720, 55972, 55982, 55987, 55990, 56925, 56926, 56930, 56933, 56937, 41543, 41279, 45604, 45640, 45645, 40990, 41422, 40518, 42808, 56993, 42829, 42785, 56944, 40925, 57024, 43767, 56772, 38874, 39947, 40482, 41059, 41075, 41297, 41367, 55860, 55876, 55883, 55887, 55914, 55916, 57016, 57021, 57027, 57297], "label": "chair"}, {"objectId": 24, "id": 24, "partId": 24, "index": 2, "dominantNormal": [0.08965796232223511, -0.9959726333618164, -2.2115034989096758e-16], "obb": {"axesLengths": [1.0402123197586832, 0.3400000257790083, 0.2843712080041123], "centroid": [-0.1867936024197246, 3.0698393527211176, -1.0200000316654136], "normalizedAxes": [0.9959726333618164, 0.08965796232223511, 1.9908066822224037e-17, 0, -2.220446049250313e-16, 1, 0.08965796232223511, -0.9959726333618164, -2.2115034989096758e-16]}, "segments": [35806, 17348, 29368, 52288, 30716], "label": "heater"}, {"objectId": 25, "id": 25, "partId": 25, "index": 3, "dominantNormal": [-0.1028485968708992, -0.9946970343589783, -2.2086711001433962e-16], "obb": {"axesLengths": [0.6664265375176049, 0.23999994456768162, 0.22447897221544205], "centroid": [-0.9865238664086382, 3.1293820480568915, -1.0299999921028316], "normalizedAxes": [0.9946970343589783, -0.1028485968708992, -2.2836976059292624e-17, 0, -2.220446049250313e-16, 1, -0.1028485968708992, -0.9946970343589783, -2.2086711001433962e-16]}, "segments": [22645, 23340], "label": "box"}, {"objectId": 26, "id": 26, "partId": 26, "index": 4, "dominantNormal": [0, -2.220446049250313e-16, 1], "obb": {"axesLengths": [0.35814806477766276, 0.13934003995343947, 0.24479849345797708], "centroid": [0.3990369273513867, 3.244527688471789, -1.1803299660166355], "normalizedAxes": [0.9918287992477417, -0.12757621705532074, -2.8327610713878735e-17, 0, -2.220446049250313e-16, 1, -0.12757621705532074, -0.9918287992477417, -2.20230233882233e-16]}, "segments": [19734, 30199], "label": "box"}, {"objectId": 27, "id": 27, "partId": 27, "index": 5, "dominantNormal": [0, -2.220446049250313e-16, 1], "obb": {"axesLengths": [0.3632737381364349, 0.25999998465180435, 0.2736690706365368], "centroid": [0.6829651551502279, 3.236693241918264, -1.2200000152741366], "normalizedAxes": [0.8198198080062866, -0.5726216435432434, -1.2714754661208159e-16, 0, -2.220446049250313e-16, 1, -0.5726216435432434, -0.8198198080062866, -1.8203656537847093e-16]}, "segments": [49672, 19743, 49696], "label": "box"}, {"objectId": 28, "id": 28, "partId": 28, "index": 6, "dominantNormal": [0, -2.220446049250313e-16, 1], "obb": {"axesLengths": [0.19464163612271831, 0.07893001856811299, 0.1402699277913901], "centroid": [0.8500034512090875, 3.1464893200040214, -1.230534957188778], "normalizedAxes": [0.4765733480453491, 0.8791347146034241, 1.9520712037999745e-16, 0, -2.220446049250313e-16, 1, 0.8791347146034241, -0.4765733480453491, -1.0582054078452899e-16]}, "segments": [21761], "label": "box"}, {"objectId": 29, "id": 29, "partId": 29, "index": 7, "dominantNormal": [0.145926371216774, -0.989295482635498, -2.1966772459591733e-16], "obb": {"axesLengths": [0.34787701323226555, 0.4719500436197957, 0.14228363423253998], "centroid": [0.9477214171049406, 3.2971131405713043, -1.2659749841104073], "normalizedAxes": [0.989295482635498, 0.145926371216774, 3.240216344497204e-17, 0, -2.220446049250313e-16, 1, 0.145926371216774, -0.989295482635498, -2.1966772459591733e-16]}, "segments": [6486, 17083, 17107, 19867], "label": "box"}, {"objectId": 30, "id": 30, "partId": 30, "index": 8, "dominantNormal": [0, -2.220446049250313e-16, 1], "obb": {"axesLengths": [0.41839629224016667, 0.11333000406630322, 0.25307607182685393], "centroid": [1.6205033490523955, 2.790387929778988, -1.4466649705921486], "normalizedAxes": [-0.08747536689043045, 0.9961667060852051, 2.2119344269215914e-16, 0, -2.220446049250313e-16, 1, 0.9961667060852051, 0.08747536689043045, 1.9423433281857794e-17]}, "segments": [10792, 10572], "label": "board"}, {"objectId": 31, "id": 31, "partId": 31, "index": 9, "dominantNormal": [0, -2.220446049250313e-16, 1], "obb": {"axesLengths": [0.5664468226796749, 0.3851300391898292, 0.5355548006669335], "centroid": [1.4921441889078193, 3.183528522332483, -1.4193749845917147], "normalizedAxes": [-0.33538371324539185, 0.94208163022995, 2.0918414339153867e-16, 0, -2.220446049250313e-16, 1, 0.94208163022995, 0.33538371324539185, 7.447014410586302e-17]}, "segments": [48156, 9896, 10317, 9855, 9761, 6518, 10246, 48074, 48089, 48119, 10263, 9881, 9923, 10051, 10053, 10188, 48002, 48080, 48082], "label": "clothes"}, {"objectId": 32, "id": 32, "partId": 32, "index": 10, "dominantNormal": [0.9999949336051941, 0.003179574850946665, 7.060074416080175e-19], "obb": {"axesLengths": [1.0584228088567007, 0.5210009696855921, 0.3814259341829417], "centroid": [1.6285037873130421, 1.228836276823028, -0.8101494866580627], "normalizedAxes": [-0.003179574850946665, 0.9999949336051941, 2.2204347995939824e-16, 0, -2.220446049250313e-16, 1, 0.9999949336051941, 0.003179574850946665, 7.060074416080175e-19]}, "segments": [44365, 44180, 15441, 15487, 44192, 44197, 44245, 44260, 44279, 58070, 58072, 58076, 58111, 58167, 58175, 58316, 44306, 44241, 13595, 43632, 44181, 44327, 44455, 44494, 48001, 57291, 57294, 58187, 58309, 58572, 44149, 44267, 45877, 57193, 6906, 58207, 15215, 6919, 7036, 13519, 13530, 13549, 13886, 15178, 15238, 15267, 22119, 22346, 23063, 47984, 47998, 48817, 49165, 49207, 22215, 22239, 22367, 49178, 49228, 43652, 42915, 42118, 44992, 45039, 60440, 42951, 42940, 19392, 20304, 59176], "label": "tv"}, {"objectId": 33, "id": 33, "partId": 33, "index": 11, "dominantNormal": [0, -2.220446049250313e-16, 1], "obb": {"axesLengths": [0.5072531722131999, 0.11634003856018094, 0.47794354334688227], "centroid": [1.6248440619291704, 0.2692805720248336, -1.4219899595088514], "normalizedAxes": [0.6100437045097351, 0.7923677563667297, 1.7594098541778397e-16, 0, -2.220446049250313e-16, 1, 0.7923677563667297, -0.6100437045097351, -1.3545691335486667e-16]}, "segments": [43194, 31263, 31217, 51219, 51222, 34909, 52722, 30260, 34677], "label": "item"}, {"objectId": 34, "id": 34, "partId": 34, "index": 12, "dominantNormal": [-0.21512575447559357, -0.9765863418579102, -2.1684572845302123e-16], "obb": {"axesLengths": [0.8266158426594857, 0.4059269635544649, 0.14037022979838515], "centroid": [0.6348665063521359, -1.0933038355688187, -0.5329635014472118], "normalizedAxes": [0.9765863418579102, -0.21512575447559357, -4.776751316173246e-17, 0, -2.220446049250313e-16, 1, -0.21512575447559357, -0.9765863418579102, -2.1684572845302123e-16]}, "segments": [8344, 8599, 6700, 47721, 47825, 47872], "label": "monitor"}, {"objectId": 35, "id": 35, "partId": 35, "index": 13, "dominantNormal": [-0.3853023052215576, -0.9227904081344604, -2.0490063160282467e-16], "obb": {"axesLengths": [0.22694903516457215, 0.2240009853839653, 0.17154421861067037], "centroid": [0.2778280587865133, -1.1141614371333988, -0.6811535047486386], "normalizedAxes": [0.9227904081344604, -0.38530233502388, -8.555430475706949e-17, 0, -2.220446049250313e-16, 1, -0.38530233502388, -0.9227904081344604, -2.0490063160282467e-16]}, "segments": [55769, 40660, 12321], "label": "speaker"}, {"objectId": 36, "id": 36, "partId": 36, "index": 14, "dominantNormal": [0.9985013008117676, 0.05472789332270622, 1.2152033451219562e-17], "obb": {"axesLengths": [0.3074753278875649, 0.3078000476703034, 0.30199750144433185], "centroid": [0.22075862958355968, -0.8176342802734122, -1.3022500124820313], "normalizedAxes": [-0.054727889597415924, 0.9985013008117676, 2.2171182685587877e-16, 0, -2.220446049250313e-16, 1, 0.9985013008117676, 0.054727889597415924, 1.215203262403895e-17]}, "segments": [52312, 30888, 30760, 30941, 30945, 30919, 52687, 30959, 52635, 52659, 52666, 31893, 31911, 31940, 31706, 40579], "label": "trash can"}, {"objectId": 37, "id": 37, "partId": 37, "index": 15, "dominantNormal": [0.9709723591804504, 0.2391916960477829, 5.3111225650278126e-17], "obb": {"axesLengths": [0.7666419944125622, 0.672756001217156, 0.3478453780250414], "centroid": [1.767435594609738, -0.7207779605519717, -1.1427219692013713], "normalizedAxes": [-0.2391916960477829, 0.9709723591804504, 2.1559917388734871e-16, 0, -2.220446049250313e-16, 1, 0.9709723591804504, 0.2391916960477829, 5.3111225650278126e-17]}, "segments": [40750, 40215, 46009, 46069, 40301, 40315, 40439, 46081, 33575, 20764, 20807, 20840, 20937, 20942, 20959, 20996, 21053, 21062, 21072, 21079, 21094, 21107, 21168, 21191, 21238, 33648, 33705, 40157, 40208, 40236, 40252, 40491, 40598, 40770, 40926, 46121, 48877, 48901, 48905, 48916, 48926, 49030, 54714, 54909, 55041, 55149, 58887, 58899, 59093, 41326, 20727, 20742, 20782, 20816, 20911, 20924, 21152, 33351, 33681, 40150, 40688, 46023, 46181, 48872, 48881, 48929, 48946, 55154, 55187, 56186, 58979, 59100, 33456, 39247, 59054, 21101, 40805, 21480, 41209, 41250, 41261, 43808, 55999, 56213, 59969, 60006, 58801, 40631, 44099, 44128, 56070, 60082, 43794, 43939, 56222, 60029, 60100, 46250, 57798, 45970], "label": "pc"}, {"objectId": 39, "id": 39, "partId": 39, "index": 16, "dominantNormal": [-0.008400427177548409, -0.999964714050293, -2.220367698702692e-16], "obb": {"axesLengths": [0.6156502470887711, 0.5857499706950042, 0.25093298885606335], "centroid": [-0.9460515978312527, -0.075672074327923, -1.2045850027822327], "normalizedAxes": [0.999964714050293, -0.008400427177548409, -1.8652695338402322e-18, 0, -2.220446049250313e-16, 1, -0.008400427177548409, -0.999964714050293, -2.220367698702692e-16]}, "segments": [49754, 16710, 49729, 49732, 33591, 22072, 21960, 49759, 16193, 21900, 21937, 33074, 33097, 33122, 33167, 53043, 53047, 33089, 23797, 33134, 53049, 16718, 21884, 22004], "label": "kids rocking chair"}, {"objectId": 40, "id": 40, "partId": 40, "index": 17, "dominantNormal": [0.5600703954696655, -0.8284450173377991, -1.839517465768823e-16], "obb": {"axesLengths": [0.528237039281568, 0.5264459730734083, 0.41330245606025134], "centroid": [-0.9335555135261062, 0.3941119887771224, -1.229726956642263], "normalizedAxes": [0.8284450173377991, 0.5600703954696655, 1.2436060969226793e-16, 0, -2.220446049250313e-16, 1, 0.5600703954696655, -0.8284450173377991, -1.839517465768823e-16]}, "segments": [27344, 27617, 27554, 51129, 27669, 53182, 27184, 25703, 25823, 25835, 26958, 27173, 27567, 27581, 33713, 51115, 51136, 23771], "label": "table"}, {"objectId": 41, "id": 41, "partId": 41, "index": 18, "dominantNormal": [0.9999361038208008, 0.0113045210018754, 2.5101078997281424e-18], "obb": {"axesLengths": [0.5018072622374732, 0.39316200331236395, 0.23770150963001194], "centroid": [-1.1691926178490424, 1.1595743157335583, -0.686581014173604], "normalizedAxes": [-0.0113045210018754, 0.9999361038208008, 2.220304171231648e-16, 0, -2.220446049250313e-16, 1, 0.9999361038208008, 0.0113045210018754, 2.5101078997281424e-18]}, "segments": [24403, 24419, 24498, 22731], "label": "pillow"}, {"objectId": 42, "id": 42, "partId": 42, "index": 19, "dominantNormal": [0, -2.220446049250313e-16, 1], "obb": {"axesLengths": [0.6899197972634685, 0.2857089574849092, 0.4913186367953001], "centroid": [-0.9638289352886471, 1.0225400067564863, -0.9119954938745014], "normalizedAxes": [0.7709368467330933, 0.6369116306304932, 1.4142279139550532e-16, 0, -2.220446049250313e-16, 1, 0.6369116306304932, -0.7709368467330933, -1.711823675549991e-16]}, "segments": [26049, 24434, 52564, 26173, 31535, 17279], "label": "pillow"}, {"objectId": 43, "id": 43, "partId": 43, "index": 20, "dominantNormal": [0, -2.220446049250313e-16, 1], "obb": {"axesLengths": [0.5414486423770908, 0.1329949468449887, 0.5320952057332858], "centroid": [-0.7284376297183783, 1.5221012560933054, -0.9875424720900694], "normalizedAxes": [0.5966662764549255, 0.8024894595146179, 1.7818845499442524e-16, 0, -2.220446049250313e-16, 1, 0.8024894595146179, -0.5966662764549255, -1.3248652762752345e-16]}, "segments": [28435, 202, 52871], "label": "pillow"}, {"objectId": 44, "id": 44, "partId": 44, "index": 21, "dominantNormal": [0, -2.220446049250313e-16, 1], "obb": {"axesLengths": [0.5686272223344929, 0.2083610249677069, 0.5146776408364502], "centroid": [-0.7723698304690911, 1.9474674787209394, -0.9597495123059412], "normalizedAxes": [0.9790153503417969, 0.20378662645816803, 4.524972096090885e-17, 0, -2.220446049250313e-16, 1, 0.20378662645816803, -0.9790153503417969, -2.173850766821854e-16]}, "segments": [32836, 17965, 2305, 16321], "label": "pillow"}, {"objectId": 45, "id": 45, "partId": 45, "index": 22, "dominantNormal": [0, -2.220446049250313e-16, 1], "obb": {"axesLengths": [0.5449441709660289, 0.19874703439890493, 0.3504436693045399], "centroid": [-0.6432062336260319, 2.309418657362432, -0.9706265252693027], "normalizedAxes": [0.9839543700218201, 0.17842021584510803, 3.9617246337965824e-17, 0, -2.220446049250313e-16, 1, 0.17842021584510803, -0.9839543700218201, -2.184817593557531e-16]}, "segments": [50142, 31039, 33864], "label": "pillow"}, {"objectId": 46, "id": 46, "partId": 46, "index": 23, "dominantNormal": [0, -2.220446049250313e-16, 1], "obb": {"axesLengths": [0.5089292706447204, 0.3117689420632508, 0.36850221986474246], "centroid": [0.3880619577287025, 2.331858954894649, -0.8941154717483637], "normalizedAxes": [0.9880925416946411, -0.15386077761650085, -3.416395557931403e-17, 0, -2.220446049250313e-16, 1, -0.15386077761650085, -0.9880925416946411, -2.194006180499566e-16]}, "segments": [22831, 12651, 12562, 50970, 48461, 48489, 22481, 51006, 51024], "label": "pillow"}, {"objectId": 47, "id": 47, "partId": 47, "index": 24, "dominantNormal": [0, -2.220446049250313e-16, 1], "obb": {"axesLengths": [0.7059143284938699, 0.212100024250894, 0.4524764288551783], "centroid": [0.8021632827851124, 2.39938589232443, -0.9560500309013567], "normalizedAxes": [0.2730688452720642, 0.961994469165802, 2.1360568184598572e-16, 0, -2.220446049250313e-16, 1, 0.961994469165802, -0.2730688452720642, -6.063346386577e-17]}, "segments": [35686, 55122, 38164], "label": "pillow"}, {"objectId": 48, "id": 48, "partId": 48, "index": 25, "dominantNormal": [0, -2.220446049250313e-16, 1], "obb": {"axesLengths": [0.7581313510963551, 0.3700120366362025, 0.43355611090406615], "centroid": [0.47158788166539856, 2.62050605001701, -0.853723997688949], "normalizedAxes": [0.9895332455635071, -0.14430497586727142, -3.204214135516446e-17, 0, -2.220446049250313e-16, 1, -0.14430497586727142, -0.9895332455635071, -2.1972051857133292e-16]}, "segments": [12471, 48487, 14017, 52263, 30611], "label": "pillow"}, {"objectId": 49, "id": 49, "partId": 49, "index": 26, "dominantNormal": [0, -2.220446049250313e-16, 1], "obb": {"axesLengths": [1.0776207870514602, 0.3999999672174459, 0.428936282470935], "centroid": [-0.23380544107226087, 2.648583787404761, -0.8499999591712661], "normalizedAxes": [0.9645856022834778, -0.2637700140476227, -5.856870856027434e-17, 0, -2.220446049250313e-16, 1, -0.2637700140476227, -0.9645856022834778, -2.141810289754082e-16]}, "segments": [23096, 51163, 30574, 27095], "label": "pillow"}, {"objectId": 50, "id": 50, "partId": 50, "index": 27, "dominantNormal": [-0.6220309734344482, -0.7829926609992981, -1.7385929607078812e-16], "obb": {"axesLengths": [0.4058471590419961, 0.42000006690621206, 0.2685641322701908], "centroid": [-0.4567371971576032, 2.5515194366824554, -0.8600000090156492], "normalizedAxes": [0.7829926013946533, -0.6220309734344482, -1.381186217473847e-16, 0, -2.220446049250313e-16, 1, -0.6220309734344482, -0.7829926013946533, -1.7385928283589831e-16]}, "segments": [15612, 50865], "label": "pillow"}, {"objectId": 51, "id": 51, "partId": 51, "index": 28, "dominantNormal": [0, -2.220446049250313e-16, 1], "obb": {"axesLengths": [0.6614454976365829, 0.30301403322039455, 0.5271679035381585], "centroid": [-0.9007030631825941, 2.5338279795449776, -0.8390679907266498], "normalizedAxes": [0.9999703764915466, -0.007694695610553026, -1.7085656468636193e-18, 0, -2.220446049250313e-16, 1, -0.007694695610553026, -0.9999703764915466, -2.2203802718480029e-16]}, "segments": [33821, 18226, 18266, 18249], "label": "pillow"}, {"objectId": 52, "id": 52, "partId": 52, "index": 29, "dominantNormal": [0, -2.220446049250313e-16, 1], "obb": {"axesLengths": [0.6817777338380308, 0.26749300358832606, 0.4315224015836762], "centroid": [-1.104635081188236, 2.0901747667996617, -0.8718734924080933], "normalizedAxes": [0.03767414391040802, 0.9992900490760803, 2.218869641526134e-16, 0, -2.220446049250313e-16, 1, 0.9992900490760803, -0.03767414391040802, -8.365340400475323e-18]}, "segments": [18629, 18614, 22325], "label": "pillow"}, {"objectId": 53, "id": 53, "partId": 53, "index": 30, "dominantNormal": [0, -2.220446049250313e-16, 1], "obb": {"axesLengths": [0.6555107043699036, 0.28724198891426633, 0.5383630437847836], "centroid": [-1.0073139144034928, 1.4338292695823145, -0.8683189992986844], "normalizedAxes": [-0.14564992487430573, 0.9893361926078796, 2.1967676402565131e-16, 0, -2.220446049250313e-16, 1, 0.9893361926078796, 0.14564992487430573, 3.2340780026075705e-17]}, "segments": [22796, 49911, 22391, 32204, 22389], "label": "pillow"}, {"objectId": 1, "id": 1, "partId": 1, "index": 33, "dominantNormal": [0, -2.220446049250313e-16, 1], "obb": {"axesLengths": [5.0887553133833014, 0.5043800956521909, 3.587696628377243], "centroid": [0.8035841566886798, 0.6845068723415333, -1.3178099834667891], "normalizedAxes": [0.4417158365249634, 0.8971549868583679, 1.9920842461348796e-16, 0, -2.220446049250313e-16, 1, 0.8971549868583679, -0.4417158365249634, -9.808061841031521e-17]}, "segments": [19774, 17959, 16204, 17428, 26905, 30531, 31139, 34537, 39317, 40835, 41586, 41618, 41649, 41675, 41678, 42357, 43551, 56686, 11875, 34636, 10576, 11586, 24116, 56530, 25777], "label": "floor"}, {"objectId": 2, "id": 2, "partId": 2, "index": 34, "dominantNormal": [0.000780455709900707, -0.9999997019767761, -2.220445387505823e-16], "obb": {"axesLengths": [3.2378890280831376, 2.331810005043222, 0.1560374123852108], "centroid": [0.35688223246436, -1.1680232513581483, -0.3040950071645905], "normalizedAxes": [0.9999997019767761, 0.000780455709900707, 1.7329597976638733e-19, 0, -2.220446049250313e-16, 1, 0.000780455709900707, -0.9999997019767761, -2.220445387505823e-16]}, "segments": [41160, 20720, 1360, 14970, 30424, 39242, 7419, 25184, 6597], "label": "wall"}, {"objectId": 3, "id": 3, "partId": 3, "index": 35, "dominantNormal": [0.04261798784136772, -0.9990914463996887, -2.2184286549979698e-16], "obb": {"axesLengths": [1.3210748849045346, 2.099999976903199, 0.10176526854980734], "centroid": [-0.5898744328690475, -1.1996251189723546, -0.4400000017140808], "normalizedAxes": [0.9990914463996887, 0.04261799156665802, 9.463095100116896e-18, 0, -2.220446049250313e-16, 1, 0.04261799156665802, -0.9990914463996887, -2.2184286549979698e-16]}, "segments": [1265, 53900, 39684, 39866, 39782, 53594, 1249, 7718, 34494, 1038, 34708], "label": "door"}, {"objectId": 4, "id": 4, "partId": 4, "index": 36, "dominantNormal": [0.0006904220208525658, -0.9999997615814209, -2.220445519854721e-16], "obb": {"axesLengths": [0.460006785432781, 0.6799999621510507, 0.020048552557737815], "centroid": [0.6000032613547179, -1.1808354437943664, 0.18999996453478962], "normalizedAxes": [0.9999997615814209, 0.0006904220208525658, 1.533044848517497e-19, 0, -2.220446049250313e-16, 1, 0.0006904220208525658, -0.9999997615814209, -2.220445519854721e-16]}, "segments": [6606, 39810], "label": "picture"}, {"objectId": 5, "id": 5, "partId": 5, "index": 37, "dominantNormal": [0, -2.220446049250313e-16, 1], "obb": {"axesLengths": [1.5979739193760922, 0.5229709627560308, 0.8495263144537857], "centroid": [0.8524001064874482, -0.8143949560802151, -0.8885144830086567], "normalizedAxes": [0.9979495406150818, -0.06400570273399353, -1.421212097651859e-17, 0, -2.220446049250313e-16, 1, -0.06400570273399353, -0.9979495406150818, -2.2158931148099232e-16]}, "segments": [39574, 43047, 36742, 54417, 54408, 44555, 11604, 10866, 9780, 41273, 43080, 43967, 54468, 39667, 40001, 57786, 14879, 47525, 9623, 57789, 58394, 44821, 46444, 9866, 39571, 9769, 7259, 11852, 12799, 57942, 41917, 41999, 12326, 12421, 41873, 11442, 44143, 56798, 41360, 41278, 43138], "label": "table"}, {"objectId": 6, "id": 6, "partId": 6, "index": 38, "dominantNormal": [0.025774644687771797, -0.999667763710022, -2.2197083364928138e-16], "obb": {"axesLengths": [1.1067264861450061, 0.41454299357809865, 0.22256923127066258], "centroid": [0.8061589764397085, -1.1109633342280487, -0.5496545003436244], "normalizedAxes": [0.999667763710022, 0.025774642825126648, 5.723120383189039e-18, 0, -2.220446049250313e-16, 1, 0.025774642825126648, -0.999667763710022, -2.2197083364928138e-16]}, "segments": [5640, 6086, 6157, 8553, 47090, 47091, 47098, 47272, 52986, 47633, 11667, 12738, 12925, 10857, 53014, 32992], "label": "monitor"}, {"objectId": 7, "id": 7, "partId": 7, "index": 39, "dominantNormal": [0.9991611838340759, 0.04094966500997543, 9.092652188952373e-18], "obb": {"axesLengths": [4.622628117373474, 2.350306935228996, 0.31699023883287625], "centroid": [1.787152064315096, 1.0771373658779484, -0.3141365120384876], "normalizedAxes": [-0.04094966500997543, 0.9991611838340759, 2.2185835032086397e-16, 0, -2.220446049250313e-16, 1, 0.9991611838340759, 0.04094966500997543, 9.092652188952373e-18]}, "segments": [28863, 59171, 11470, 11485, 11498, 17561, 18053, 19741, 19951, 19958, 33162, 34937, 35782, 45921, 48775, 48776, 48779, 48797, 50329, 59442, 59794, 26447, 24043, 59363, 3806, 18988, 45400, 18957], "label": "wall"}, {"objectId": 8, "id": 8, "partId": 8, "index": 40, "dominantNormal": [-0.4838978946208954, -0.875124454498291, -1.9431666375930657e-16], "obb": {"axesLengths": [0.3973751667318663, 0.9970400110548727, 0.27562554231453507], "centroid": [1.3647969909530286, 2.1605338246775068, -0.8885199964381754], "normalizedAxes": [0.875124454498291, -0.4838978946208954, -1.0744691683515115e-16, 0, -2.220446049250313e-16, 1, -0.4838978946208954, -0.875124454498291, -1.9431666375930657e-16]}, "segments": [43422, 43270, 43284, 43332, 43390, 57169, 43660, 60223, 43321, 43476, 60197, 45531, 60265, 43485, 45524, 40061, 11268, 40131, 43729, 43295, 43377], "label": "guitar"}, {"objectId": 9, "id": 9, "partId": 9, "index": 41, "dominantNormal": [0.9999656081199646, 0.008296391926705837, 1.842169067668617e-18], "obb": {"axesLengths": [4.4554546531129064, 2.382349914706871, 0.2250666327700358], "centroid": [-1.2241061515451779, 1.0046787455009596, -0.3191649981779232], "normalizedAxes": [-0.008296391926705837, 0.9999656081199646, 2.2203696839361622e-16, 0, -2.220446049250313e-16, 1, 0.9999656081199646, 0.008296391926705837, 1.842169067668617e-18]}, "segments": [15172, 24399, 32888, 8542, 17791, 26832, 26916, 17882, 31125, 25922], "label": "wall"}, {"objectId": 10, "id": 10, "partId": 10, "index": 42, "dominantNormal": [0.13973675668239594, -0.990188717842102, -2.1986606265447285e-16], "obb": {"axesLengths": [3.3129831156159866, 2.3403288794980446, 2.3080619115390273], "centroid": [0.2169461900704357, 2.2909566459690645, -0.3194354840498681], "normalizedAxes": [0.990188717842102, 0.13973675668239594, 3.1027792931047834e-17, 0, -2.220446049250313e-16, 1, 0.13973675668239594, -0.990188717842102, -2.1986606265447285e-16]}, "segments": [28266, 53371, 43177, 57157, 7514, 8279, 15735, 53529, 20592, 19079, 6663, 50455, 57444, 18172, 48843, 15920, 4131, 12155, 8217, 35149, 14931, 14921, 14448, 8000, 47560, 24192, 38567, 49023, 34276, 8556], "label": "wall"}, {"objectId": 11, "id": 11, "partId": 11, "index": 43, "dominantNormal": [0, -2.220446049250313e-16, 1], "obb": {"axesLengths": [3.7632957424543485, 0.19999998360872295, 3.2932785957844275], "centroid": [0.3099923587203311, 0.05067557938074729, 0.8499999611075229], "normalizedAxes": [0.9609071612358093, -0.27687081694602966, -6.147767116405182e-17, 0, -2.220446049250313e-16, 1, -0.27687081694602966, -0.9609071612358093, -2.1336425098623864e-16]}, "segments": [19837, 33855, 2125, 4180, 2813, 2909, 3263, 3528, 3602, 3611, 3632, 3646, 3697, 3994, 4194, 5159, 5559, 5689, 5705, 5797, 7145, 39910, 46999, 47002, 47005, 47008, 47327, 47331, 47333, 47336, 47466, 48439, 47056, 3438, 2903, 3434, 3625, 3626], "label": "ceiling"}, {"objectId": 12, "id": 12, "partId": 12, "index": 44, "dominantNormal": [0, -2.220446049250313e-16, 1], "obb": {"axesLengths": [3.4616449768768005, 0.7832349363736446, 2.252237351366466], "centroid": [-0.40214212633974766, 2.0684209799900195, -1.1196924933119305], "normalizedAxes": [0.6967032551765442, 0.7173594832420349, 1.5928580304570226e-16, 0, -2.220446049250313e-16, 1, 0.7173594832420349, -0.6967032551765442, -1.5469919904565903e-16]}, "segments": [33668, 22855, 38200, 55029, 55032, 22532, 55006, 34350, 2384, 2394, 11136, 16335, 23830, 34218, 40722, 48772, 55722, 34400, 32005, 27307, 29753, 22821, 24491, 27082, 27086, 27098, 27591, 27614, 34296, 34299, 38362, 49835, 50363, 50913, 50914, 51119, 51848, 54050, 54055, 17262, 50719, 27560, 54989, 40142, 13104, 35118, 14053, 48538, 49465, 49655, 36426, 14270, 14007, 13999, 48545, 14084, 53933, 14122, 26752, 50853, 26896, 26772, 27693], "label": "sofa"}, {"objectId": 13, "id": 13, "partId": 13, "index": 45, "dominantNormal": [0, -2.220446049250313e-16, 1], "obb": {"axesLengths": [1.0096412713023153, 0.19999998360872295, 0.2511481171301836], "centroid": [-0.12598813419220578, 3.0792144169651756, -0.6099999848012629], "normalizedAxes": [0.9999729990959167, 0.007351146545261145, 1.6322824303885196e-18, 0, -2.220446049250313e-16, 1, 0.007351146545261145, -0.9999729990959167, -2.2203860951995152e-16]}, "segments": [35755, 14613, 48995, 20231, 36330, 48963], "label": "windowsill"}, {"objectId": 14, "id": 14, "partId": 14, "index": 46, "dominantNormal": [-0.1413322538137436, -0.9899622201919556, -2.1981577007322963e-16], "obb": {"axesLengths": [1.0484412469916615, 1.179999980777502, 0.6278461088534938], "centroid": [-0.14019899159607974, 3.3114559678473023, 0.03999997682824752], "normalizedAxes": [0.9899622201919556, -0.1413322538137436, -3.1382064461236945e-17, 0, -2.220446049250313e-16, 1, -0.1413322538137436, -0.9899622201919556, -2.1981577007322963e-16]}, "segments": [20168, 9421, 3430, 3511, 3613, 8762, 8841, 8842, 8857, 8928, 8950, 8961, 8995, 9010, 9025, 9035, 9049, 9057, 9074, 9084, 9114, 9120, 9127, 9133, 9154, 9203, 9270, 9283, 9302, 9319, 20152, 27862, 27872, 27884, 27885, 27925, 27962, 27993, 27996, 28033, 28051, 28052, 28075, 28093, 28106, 28108, 28119, 28158, 28177, 28181, 28187, 28193, 28216, 28229, 29859, 29872, 29889, 29909, 29926, 29929, 29930, 30036, 30055, 30060, 30065, 30084, 30087, 30091, 30098, 30099, 30194, 30195, 30253, 30326, 30380, 30406, 35519, 36697, 37381, 37430, 37602, 37607, 37618, 37630, 46712, 46717, 47654, 47661, 47664, 47671, 47753, 47755, 47876, 47887, 47901, 47906, 47919, 47930, 47972, 47976, 51171, 51177, 51180, 51188, 51202, 51208, 51239, 51248, 51850, 51866, 51869, 51871, 51884, 51896, 51902, 52016, 52018, 52020, 52025, 52032, 52051, 52095, 52123, 52137, 52167, 52169, 52175, 52181, 52185, 52202, 52205, 54330, 54346, 54383, 54515, 54681, 55361, 55419, 55425, 8494, 37545, 9128, 29982, 30227, 35212, 35280, 35282, 35302, 35316, 35329, 35458, 36214, 36261, 36601, 36611, 37427, 53948, 53976, 17433, 4345, 4527, 4936, 4980, 5078, 9254, 9259, 17468, 17500, 24638, 25022, 27954, 28638, 28641, 28700, 34656, 35209, 35222, 35260, 35261, 35266, 35464, 36642, 36668, 47150, 50579, 50582, 51351, 51365, 53972, 53980, 54148, 54221, 54282, 54393, 25023, 24776, 52450, 4332, 4339, 4341, 4400, 4443, 4474, 4548, 4594, 4725, 4778, 4791, 4793, 4842, 4897, 4945, 5024, 5031, 5107, 5127, 9158, 24687, 24748, 24960, 24967, 25068, 25126, 25132, 28491, 28498, 28499, 28605, 28623, 28678, 28679, 28688, 28701, 28743, 28759, 28818, 28820, 28831, 28868, 28982, 29056, 29110, 29128, 29132, 29310, 31222, 31238, 31314, 31328, 31409, 47156, 47171, 47174, 47176, 47180, 47184, 47258, 50491, 50575, 50586, 50605, 51384, 51390, 51444, 51469, 51551, 51715, 52083, 52326, 52335, 52347, 52380, 52493, 54150, 54279, 31212, 4312, 4321, 4328, 4386, 4446, 4501, 4503, 4533, 4656, 4663, 4757, 4775, 4827, 4877, 4937, 4953, 5203, 5207, 5219, 5225, 12719, 12722, 12735, 12758, 12780, 12785, 12792, 12802, 12810, 12811, 12814, 12823, 22913, 22922, 22935, 22950, 22965, 22966, 24653, 24674, 24689, 24726, 24730, 24737, 24749, 24788, 24806, 24831, 24841, 24842, 24865, 24872, 24875, 24903, 24913, 24943, 24947, 24984, 24986, 24993, 25055, 25094, 28469, 28524, 28545, 28598, 28787, 28848, 29001, 29011, 29037, 29934, 47144, 47165, 47167, 47169, 47246, 47281, 47291, 47294, 47300, 48435, 50400, 50417, 50420, 50422, 50430, 50432, 50434, 50441, 50446, 50478, 50490, 50517, 50526, 50535, 50553, 50563, 51284, 51289, 51321, 51327, 51381, 51430, 51432, 51434, 51455, 51486, 51501, 51512, 51541, 52423, 52458, 52755, 28981], "label": "window"}, {"objectId": 15, "id": 15, "partId": 15, "index": 47, "dominantNormal": [0.9999848008155823, -0.005512408912181854, -1.2240006590906414e-18], "obb": {"axesLengths": [1.0956675988149542, 0.30274399624592085, 0.300965392835112], "centroid": [-1.1424804887948117, 0.4879977496571152, 0.18137198284882317], "normalizedAxes": [0.005512408912181854, 0.9999848008155823, 2.220412300281321e-16, 0, -2.220446049250313e-16, 1, 0.9999848008155823, -0.005512408912181854, -1.2240006590906414e-18]}, "segments": [55513, 38674, 29230, 36928, 37143, 38198, 38460, 38462, 38468, 38485, 38547, 38549, 38592, 53993, 55527, 57776, 38272, 55453, 54494, 37069, 37084, 37501, 53543, 53544, 53550, 53567, 54497, 55506, 37480, 33728, 37099, 37226, 37046, 37231, 55566, 37182, 55648, 36751, 36704, 37604, 37555, 29277, 37949], "label": "shelf"}, {"objectId": 16, "id": 16, "partId": 16, "index": 48, "dominantNormal": [0.9978797435760498, 0.06508444994688034, 1.445165097521802e-17], "obb": {"axesLengths": [1.2827435402705498, 0.55999998986721, 0.4710788333268734], "centroid": [1.6030695979061895, 1.1579334980285505, -1.2099999952320752], "normalizedAxes": [-0.06508444994688034, 0.9978797435760498, 2.2157381342503553e-16, 0, -2.220446049250313e-16, 1, 0.9978797435760498, 0.06508444994688034, 1.445165097521802e-17]}, "segments": [16938, 58646, 58709, 42176, 11508, 60478, 20108, 30458, 11801, 45084, 16873, 18007, 19988], "label": "tv stand"}, {"objectId": 17, "id": 17, "partId": 17, "index": 49, "dominantNormal": [0.9952316284179688, 0.09753955900669098, 2.1658132844202478e-17], "obb": {"axesLengths": [0.9389303717754451, 2.180000018030403, 0.41819879210398714], "centroid": [1.7689887522483323, -0.758560285823096, -0.24000001810535787], "normalizedAxes": [-0.09753955900669098, 0.9952316284179688, 2.2098581374096343e-16, 0, -2.220446049250313e-16, 1, 0.9952316284179688, 0.09753955900669098, 2.1658132844202478e-17]}, "segments": [4039, 47126, 50123, 18812, 33907, 33928, 53193, 23865, 24007, 45175, 45352, 5065, 44696, 44661, 26489, 4788, 4917, 4992, 5098, 18394, 18489, 18550, 18808, 19003, 19300, 19332, 19346, 19504, 19512, 19531, 20484, 20511, 20516, 20568, 20672, 20692, 21126, 21166, 21325, 21420, 23469, 23515, 23644, 23658, 23678, 23906, 25293, 25337, 25373, 25454, 25618, 26635, 26652, 26698, 33220, 33235, 33403, 33465, 33502, 33511, 33560, 33973, 33982, 34038, 39159, 44317, 44442, 45220, 45275, 45297, 49174, 49254, 49281, 49316, 49344, 49383, 49426, 49569, 49578, 49584, 49619, 49624, 49626, 49631, 49649, 49981, 49984, 50033, 50052, 50055, 50057, 50306, 50611, 50635, 50655, 50667, 53053, 53055, 53057, 53064, 53081, 53188, 53220, 53315, 58812, 58896, 58903, 59348, 26717, 25550, 26649, 25632, 25558, 25394, 49232, 18390, 18521, 19312, 19526, 25628, 49347, 50785, 26671, 15062, 3168, 49544, 3045, 3080, 3081, 3083, 3114, 3120, 3139, 3771, 3778, 3916, 4064, 4087, 18683, 19015, 19335, 20471, 20490, 20493, 20619, 21082, 23422, 36115, 40690, 40777, 46974, 47063, 47115, 47141, 49337, 49550, 49556, 49955, 49989, 53077, 55129, 55172, 59494], "label": "shelf of caps"}], "scan_id": "5104a9c7-adc4-2a85-9026-45557dcf9a87", "annId": "5159", "appId": "stk.v1"}