{"segGroups": [{"objectId": 1, "id": 1, "partId": 1, "index": 0, "dominantNormal": [0, -2.220446049250313e-16, 1], "obb": {"axesLengths": [10.282721001880805, 0.19999992400408093, 6.712236982327081], "centroid": [1.0963354897838604, 3.07618906042387, -1.4499999538064017], "normalizedAxes": [0.8949767351150513, 0.44611281156539917, 9.9056942996034e-17, 0, -2.220446049250313e-16, 1, 0.44611281156539917, -0.8949767351150513, -1.9872475556571595e-16]}, "segments": [52696, 50566, 67817, 23935, 37912, 6679, 23095, 27507, 59748, 28546, 29780, 34269, 30767, 31286, 1477, 3824, 3833, 3904, 3973, 4167, 4198, 4279, 4308, 4388, 4521, 4834, 5072, 5302, 5857, 6443, 6495, 7053, 7089, 7090, 7097, 8150, 8316, 8364, 8460, 8472, 8473, 8529, 8577, 8679, 8699, 8700, 9161, 9165, 9224, 9231, 9236, 9307, 9940, 10368, 10512, 12316, 12329, 12343, 12344, 12613, 12617, 13955, 14604, 14758, 17160, 17904, 20747, 20817, 21001, 22835, 23047, 23049, 23057, 23397, 23449, 23699, 23828, 23862, 24840, 24846, 24864, 24891, 24902, 25084, 25131, 25139, 25306, 25331, 25387, 25443, 25545, 25553, 25570, 25587, 25593, 25596, 25634, 25641, 25683, 25698, 25704, 25814, 25825, 25828, 25925, 26090, 26214, 26380, 26953, 27108, 27133, 27606, 27687, 27735, 27798, 27827, 27833, 27834, 27925, 27997, 28010, 28260, 28414, 28462, 28789, 28910, 29010, 29035, 29053, 29110, 29114, 29168, 29280, 29678, 29681, 29683, 29693, 29798, 29808, 29832, 29866, 29873, 30037, 30302, 30387, 30507, 30508, 30537, 30560, 30695, 30731, 30752, 30753, 30762, 30986, 30989, 31057, 31502, 31515, 31804, 31812, 31890, 32244, 32625, 32727, 32774, 32794, 33700, 33701, 33719, 33727, 33748, 34075, 34203, 34308, 34350, 34361, 35272, 35278, 35316, 35336, 35346, 35377, 35397, 35407, 35445, 35475, 35477, 35486, 35490, 35495, 35504, 35516, 35578, 35630, 35788, 35793, 35843, 36879, 36886, 36957, 36985, 39262, 39269, 40852, 40857, 40887, 40888, 40911, 41042, 41052, 42085, 42147, 42159, 42173, 42176, 42196, 42979, 42996, 43314, 43735, 43761, 43938, 44008, 44027, 44050, 44079, 44083, 44324, 44346, 44353, 44693, 46230, 48811, 49565, 49672, 49959, 49981, 52234, 52440, 52606, 53119, 53159, 53177, 53214, 53571, 53613, 53620, 53644, 53650, 53655, 53662, 54458, 54545, 54570, 54590, 54635, 54664, 54688, 54699, 54704, 54706, 54714, 54725, 54734, 54768, 54806, 54811, 54828, 54852, 54861, 55092, 55094, 55096, 55101, 55281, 55284, 55288, 55733, 57047, 57049, 57053, 57056, 57066, 57069, 57071, 57075, 57081, 57083, 59626, 59628, 59638, 59732, 59753, 59755, 59800, 59802, 59808, 59816, 59817, 59819, 59850, 59873, 59886, 59892, 59895, 60177, 60182, 63417, 63768, 66363, 66365, 66441, 66444, 66449, 66451, 66458, 66460, 66464, 66466, 66739, 67540, 67690, 14900, 18838, 18875, 14041, 17910, 18041, 18822, 20648, 20707, 29701, 8099, 20958, 5179, 20255, 20260, 20298, 20308, 20669, 20989, 23091, 23425, 59533, 43743, 43677, 43596, 43995, 44567], "label": "floor"}, {"objectId": 2, "id": 2, "partId": 2, "index": 1, "dominantNormal": [0, -2.220446049250313e-16, 1], "obb": {"axesLengths": [2.6291444310396757, 0.6675739139115674, 0.9941182438484107], "centroid": [0.7335598531387735, 3.331935359265007, -1.1213229625376395], "normalizedAxes": [-0.6343566179275513, 0.7730405330657959, 1.7164947975563025e-16, 0, -2.220446049250313e-16, 1, 0.7730405330657959, 0.6343566179275513, 1.4085546460930215e-16]}, "segments": [33522, 16504, 33301, 15017, 58620, 15307, 58952, 53104, 29433, 27274, 42225, 15588, 58661, 15586, 26403, 61091, 36375, 47111, 47971, 47313, 43862, 30417, 30692, 34781, 60974, 26158, 60018, 15202, 15542, 20500, 23311, 20106, 20081, 37781, 4961, 26420, 4848, 4852, 55721, 59958, 30824, 2174, 2185, 2221, 2803, 2808, 2813, 2818, 2821, 2873, 2878, 2880, 2883, 2898, 2900, 2903, 2905, 2921, 2933, 2941, 2951, 2954, 2970, 2972, 2977, 2987, 2991, 3035, 3066, 3101, 3241, 3526, 3551, 3557, 3633, 3649, 3650, 3708, 3721, 3727, 3738, 3755, 3763, 3767, 3785, 3813, 3855, 3944, 3974, 3976, 3989, 4016, 4032, 4122, 4455, 5381, 5845, 6062, 6101, 6177, 6376, 6413, 7078, 9414, 9436, 9444, 9458, 12580, 12657, 12739, 12812, 12836, 12916, 12917, 13000, 13197, 13476, 13621, 13881, 13902, 13912, 14151, 14158, 15078, 15081, 15205, 15508, 15813, 15835, 15887, 15981, 15985, 16024, 16148, 16263, 16288, 16302, 16416, 16430, 16646, 16660, 16661, 16721, 16761, 16764, 16780, 16786, 16800, 17150, 17203, 17534, 17590, 17591, 17601, 17619, 17622, 17824, 17833, 20502, 21835, 22038, 22041, 22653, 22989, 23037, 24975, 24989, 25467, 25603, 25620, 25689, 25718, 26335, 27731, 27905, 28796, 28811, 29474, 30860, 30972, 31063, 33378, 33402, 33500, 34085, 34108, 34119, 34177, 34182, 34275, 34385, 34416, 34421, 34424, 34428, 34596, 34619, 34626, 34651, 34665, 34678, 34692, 34697, 34700, 34705, 34748, 34751, 35591, 35600, 35661, 35672, 35685, 35707, 35718, 35728, 35735, 35737, 36237, 36411, 36426, 36447, 36463, 36988, 37558, 37573, 37599, 37639, 37642, 37674, 37682, 37728, 37735, 37798, 37844, 37970, 37982, 38031, 38082, 38109, 38152, 38194, 38204, 38231, 38250, 38254, 38281, 38306, 38811, 38993, 39635, 39637, 39648, 39653, 39696, 39769, 39793, 39892, 39922, 40715, 40818, 43049, 43097, 44171, 44639, 44652, 44724, 44728, 44760, 44786, 44797, 44804, 45408, 47343, 47350, 47402, 54855, 54971, 54974, 54979, 55018, 55031, 55035, 55073, 55076, 55084, 55088, 55103, 55111, 55114, 55121, 55128, 55184, 55195, 55199, 55201, 55203, 55217, 55219, 55232, 55280, 55638, 55641, 55643, 55644, 55739, 55744, 55749, 55788, 55799, 55801, 55805, 55810, 55813, 55869, 55884, 55887, 55891, 55894, 55905, 55910, 55917, 55923, 55927, 55929, 56089, 56115, 56134, 56141, 56151, 56171, 56201, 57212, 57318, 58705, 58711, 58749, 58753, 58756, 58760, 58763, 58765, 58771, 58774, 58794, 58859, 58862, 58997, 59017, 59073, 59140, 59619, 59783, 59853, 59989, 60051, 60057, 60058, 60063, 60067, 60072, 60076, 60103, 60108, 60208, 60250, 60254, 60259, 60269, 60273, 60276, 60304, 60306, 60309, 60377, 60379, 60387, 60389, 60390, 60394, 60401, 60462, 60465, 60469, 60472, 60476, 60484, 60486, 60488, 60512, 60886, 61112, 61122, 61132, 61138, 61141, 61181, 61188, 61221, 61250, 61278, 61551, 61721, 61863, 61929, 62075, 62077, 62081, 62084, 62088, 62756, 62812, 6940, 61410, 28746, 56072, 61418, 6186], "label": "sofa"}, {"objectId": 3, "id": 3, "partId": 3, "index": 2, "dominantNormal": [0, -2.220446049250313e-16, 1], "obb": {"axesLengths": [2.6124186092053985, 0.6677059381967939, 0.9480194930995507], "centroid": [-1.624577447524826, 1.204852355642891, -1.1255669621623992], "normalizedAxes": [-0.6102287173271179, 0.7922253012657166, 1.7590935403115994e-16, 0, -2.220446049250313e-16, 1, 0.7922253012657166, 0.6102287173271179, 1.354979944528085e-16]}, "segments": [13685, 14188, 14418, 62276, 44225, 62518, 18704, 47169, 40077, 40859, 41048, 33033, 32785, 62305, 41860, 34757, 36734, 37223, 41372, 43911, 62651, 17288, 52038, 62090, 4974, 4978, 4980, 8896, 8932, 9029, 9067, 9153, 9156, 9186, 9195, 9227, 11490, 11573, 11577, 11600, 11630, 13874, 13884, 13925, 15644, 15652, 15663, 15668, 15932, 16079, 16125, 16133, 16136, 16192, 16209, 16309, 16351, 16580, 17857, 18169, 18723, 19736, 19778, 20236, 20307, 20579, 20622, 21671, 21962, 23546, 26705, 26900, 28488, 32007, 32176, 32436, 32449, 32458, 32459, 32468, 32510, 35913, 35955, 36309, 36401, 36439, 37596, 37773, 37854, 37867, 37882, 37972, 38028, 38172, 38216, 38704, 38835, 38939, 38966, 39292, 39493, 39577, 39609, 39612, 39953, 39963, 40269, 40312, 40451, 40481, 40517, 41888, 41892, 41960, 41993, 42117, 42377, 42521, 42531, 42538, 42539, 42552, 42573, 42603, 42653, 42655, 42664, 42763, 42777, 42835, 42881, 43501, 43817, 44768, 44801, 44886, 44891, 45000, 45003, 45026, 45033, 45295, 45326, 45345, 45411, 45415, 45445, 48666, 48703, 48704, 48785, 49525, 49549, 49557, 49568, 49619, 49620, 49624, 49650, 51838, 54864, 56430, 56437, 56438, 56440, 56448, 57137, 57313, 57320, 57582, 57586, 57592, 57611, 57615, 57667, 57672, 58714, 58726, 58729, 58734, 58744, 58865, 58866, 59569, 59577, 59884, 60311, 60316, 60340, 60343, 60347, 60356, 60367, 60405, 60596, 60873, 60879, 60881, 61118, 61692, 62181, 62238, 62352, 62367, 62372, 62411, 62458, 62476, 62484, 62509, 62624, 63247, 63309, 63311, 63326, 63412, 63432, 63855, 64560, 64562, 64566, 64574, 64580, 64593, 64660, 64726, 64732, 64740, 64749, 64756, 64759, 64765, 64768, 64883, 21361, 32531, 11471, 9203, 15224, 28571, 45486, 18038, 64626, 44900, 49185, 48570, 11920, 46625, 49696, 10862, 11869, 16819], "label": "sofa"}, {"objectId": 4, "id": 4, "partId": 4, "index": 3, "dominantNormal": [0, -2.220446049250313e-16, 1], "obb": {"axesLengths": [0.5075702201110467, 0.37071698075420434, 0.49687844748512183], "centroid": [-0.5292199129219588, 1.4814265964947282, -1.1423914456578022], "normalizedAxes": [0.9711464047431946, 0.23848401010036469, 5.295408780367265e-17, 0, -2.220446049250313e-16, 1, 0.23848401010036469, -0.9711464047431946, -2.156378197655672e-16]}, "segments": [60451, 33484, 35194, 36099, 32420, 60424, 60228, 33939, 60248, 35186], "label": "table"}, {"objectId": 5, "id": 5, "partId": 5, "index": 4, "dominantNormal": [0, -2.220446049250313e-16, 1], "obb": {"axesLengths": [0.4763858314377267, 0.4061829953003748, 0.5318176448622471], "centroid": [0.21648106991941773, 2.3973044819424705, -1.1543684921182287], "normalizedAxes": [0.6963428854942322, 0.7177092432975769, 1.5936346537905364e-16, 0, -2.220446049250313e-16, 1, 0.7177092432975769, -0.6963428854942322, -1.546191809019231e-16]}, "segments": [38874, 28994, 61581, 15440, 61546, 61537, 38934], "label": "table"}, {"objectId": 6, "id": 6, "partId": 6, "index": 5, "dominantNormal": [0.8182951807975769, -0.5747982263565063, -1.2763084508293917e-16], "obb": {"axesLengths": [0.5112147764388291, 0.5024019963502435, 0.49516139611602494], "centroid": [-0.37115737352918043, 3.110836600046639, -1.201488972794511], "normalizedAxes": [0.5747982263565063, 0.8182951807975769, 1.8169803013225503e-16, 0, -2.220446049250313e-16, 1, 0.8182951807975769, -0.5747982263565063, -1.2763084508293917e-16]}, "segments": [61671, 32205, 60170, 32094, 61625, 32100, 39185, 39186, 39200, 39223, 60173, 61605, 19262, 32152], "label": "table"}, {"objectId": 7, "id": 7, "partId": 7, "index": 6, "dominantNormal": [0, -2.220446049250313e-16, 1], "obb": {"axesLengths": [0.5139593068608027, 0.08674102827740393, 0.47261879002549684], "centroid": [-0.9915681050328504, 1.9895784279892688, -0.9990494903389484], "normalizedAxes": [0.7368539571762085, 0.676051914691925, 1.5011368030657947e-16, 0, -2.220446049250313e-16, 1, 0.676051914691925, -0.7368539571762085, -1.6361444580863715e-16]}, "segments": [54125, 36675, 66386, 53946, 53968, 36654, 66400], "label": "table"}, {"objectId": 8, "id": 8, "partId": 8, "index": 7, "dominantNormal": [0.7639326453208923, 0.645296037197113, 1.4328450363912127e-16], "obb": {"axesLengths": [5.422761227321232, 2.6852598782198145, 0.1644768748533158], "centroid": [4.791006047802018, 5.769888604187214, -0.15666001498714133], "normalizedAxes": [-0.645296037197113, 0.7639325857162476, 1.696271091847218e-16, 0, -2.220446049250313e-16, 1, 0.7639325857162476, 0.645296037197113, 1.4328450363912127e-16]}, "segments": [32942, 52679, 52977, 45949, 43495, 187, 252, 8780, 21524, 21883, 21896, 22107, 23996, 39152, 40938, 43833, 43841, 45509, 48253, 48551, 48732, 48757, 48768, 50721, 50906, 50922, 50933, 50948, 50951, 63414, 65908, 38396], "label": "wall"}, {"objectId": 9, "id": 9, "partId": 9, "index": 8, "dominantNormal": [0.48851171135902405, -0.8725573420524597, -1.9374665029047382e-16], "obb": {"axesLengths": [0.46680455767276474, 1.9873699697694924, 0.44526825742043735], "centroid": [-2.0953527418850264, 3.1190094702376947, -0.4636850234787535], "normalizedAxes": [0.8725573420524597, 0.48851171135902405, 1.0847138994996542e-16, 0, -2.220446049250313e-16, 1, 0.48851171135902405, -0.8725573420524597, -1.9374665029047382e-16]}, "segments": [51675, 29775, 3272, 1794, 52143, 32213, 7674, 9812, 55867, 65925, 46293], "label": "column"}, {"objectId": 10, "id": 10, "partId": 10, "index": 9, "dominantNormal": [0.8035670518875122, 0.5952142477035522, 1.3216411247708498e-16], "obb": {"axesLengths": [1.9462157067108612, 1.0067499650996183, 0.7742792474113143], "centroid": [4.659029375948805, 5.435830406324732, -0.9933749792715543], "normalizedAxes": [-0.5952142477035522, 0.8035670518875122, 1.7842772856713478e-16, 0, -2.220446049250313e-16, 1, 0.8035670518875122, 0.5952142477035522, 1.3216411247708498e-16]}, "segments": [9732, 34848, 63752, 13365, 66021, 49006, 10312, 12039, 12107, 57630, 5785, 5773, 14261, 5772, 63638, 12859, 51365, 2644, 3934, 5082, 5095, 5119, 5124, 5136, 5216, 5294, 5374, 5750, 5763, 10538, 10578, 10869, 11038, 11154, 11161, 11165, 11172, 11175, 11188, 11209, 11221, 11239, 11248, 11250, 11255, 11271, 11274, 11292, 11293, 11301, 11306, 11313, 11329, 11349, 11363, 11365, 11381, 11418, 11422, 11437, 11442, 11468, 11541, 11545, 11566, 11590, 11639, 11649, 11798, 11802, 11819, 11825, 11833, 11854, 11872, 11898, 11922, 11992, 12062, 12065, 12066, 12136, 12138, 12153, 12218, 12221, 12506, 12527, 12552, 12593, 12614, 12665, 12686, 12766, 12815, 12838, 12909, 12914, 13006, 13014, 13041, 13048, 13069, 13106, 13107, 13109, 13149, 13163, 13425, 13532, 13583, 13608, 13631, 13633, 13648, 13661, 13666, 13684, 13686, 13721, 13730, 13768, 13779, 13843, 13864, 13883, 13930, 14126, 14130, 14133, 14139, 14171, 14194, 14232, 14242, 14270, 14279, 14281, 14299, 14310, 14344, 14406, 14442, 14451, 14526, 35897, 35899, 35901, 46553, 46977, 46994, 47000, 47001, 48903, 48961, 48964, 48976, 48994, 51305, 51310, 51402, 51405, 56453, 56457, 56514, 56531, 57286, 57289, 57293, 57302, 57305, 57310, 57319, 57322, 57323, 57326, 57341, 57401, 57427, 57494, 57507, 57602, 57621, 57637, 57652, 57662, 57677, 57701, 57716, 57810, 57867, 57887, 57899, 57905, 57909, 57910, 57913, 57918, 57936, 58045, 58047, 58052, 58061, 58067, 58114, 58123, 58167, 58240, 58285, 58319, 58370, 58589, 58593, 58597, 58604, 60412, 62896, 63761, 64869, 64872, 64875, 66073, 66077, 66083, 66109, 63729, 14503, 11030, 5769], "label": "commode"}, {"objectId": 11, "id": 11, "partId": 11, "index": 10, "dominantNormal": [0.9977091550827026, -0.06764941662549973, -1.502118798801793e-17], "obb": {"axesLengths": [0.7809190516096876, 0.939999976605177, 0.4581153211850378], "centroid": [4.9156388340745885, 2.671822519452661, -1.0199999860674147], "normalizedAxes": [0.06764941662549973, 0.9977091550827026, 2.215359351704255e-16, 0, -2.220446049250313e-16, 1, 0.9977091550827026, -0.06764941662549973, -1.502118798801793e-17]}, "segments": [10630, 57161, 57215, 13216, 57236, 9973, 8821, 57059], "label": "stand"}, {"objectId": 12, "id": 12, "partId": 12, "index": 11, "dominantNormal": [0.685714066028595, -0.7278710603713989, -1.6161984203653089e-16], "obb": {"axesLengths": [0.5759901564234636, 0.8200000341236583, 0.5159871803520478], "centroid": [3.640250236711797, 1.5517350077448104, -1.0599999768286947], "normalizedAxes": [0.7278710603713989, 0.6857140064239502, 1.522590956479664e-16, 0, -2.220446049250313e-16, 1, 0.6857140064239502, -0.7278710603713989, -1.6161984203653089e-16]}, "segments": [21613, 28284, 59492, 20023, 19663, 19713, 21329, 18685, 18581], "label": "stand"}, {"objectId": 13, "id": 13, "partId": 13, "index": 12, "dominantNormal": [-0.14096471667289734, -0.9900146126747131, -2.1982740354136457e-16], "obb": {"axesLengths": [0.8048550401347964, 0.7463300061301137, 0.4497381478681404], "centroid": [2.3420894870572573, 0.5493518453932671, -1.1231649844386058], "normalizedAxes": [0.9900146126747131, -0.14096471667289734, -3.1300454822002463e-17, 0, -2.220446049250313e-16, 1, -0.14096471667289734, -0.9900146126747131, -2.1982740354136457e-16]}, "segments": [63278, 24349, 43285, 22881, 22410], "label": "stand"}, {"objectId": 14, "id": 14, "partId": 14, "index": 13, "dominantNormal": [0, -2.220446049250313e-16, 1], "obb": {"axesLengths": [4.230222326670111, 0.14421999132141483, 1.4737808544279547], "centroid": [4.137053634314881, 5.688361292270094, 1.2178899392212186], "normalizedAxes": [-0.5489699244499207, 0.8358421325683594, 1.85594236105837e-16, 0, -2.220446049250313e-16, 1, 0.8358421325683594, 0.5489699244499207, 1.2189580999020692e-16]}, "segments": [30024, 31313, 27516, 46193, 41195, 46954, 43083, 37204, 53346, 53369], "label": "ceiling"}, {"objectId": 18, "id": 18, "partId": 18, "index": 14, "dominantNormal": [0.5924310088157654, -0.8056211471557617, -1.7888382933945162e-16], "obb": {"axesLengths": [0.5141324804158345, 0.628012956052729, 0.46348909330036137], "centroid": [2.862681162072293, 1.0052032391113088, -0.5440064751951441], "normalizedAxes": [0.8056211471557617, 0.5924310088157654, 1.3154610929783436e-16, 0, -2.220446049250313e-16, 1, 0.5924310088157654, -0.8056211471557617, -1.7888382933945162e-16]}, "segments": [59303, 19138, 59333, 17873, 18201, 18204, 18238, 19103, 19155, 59034, 59269, 59287, 59293, 19115, 18318, 59083, 16559, 17515, 18146, 18147, 18162, 18164, 18319, 18344, 18402, 19292, 19299, 19372, 59070, 59098, 59264, 59298, 59300, 18352, 59065, 18078, 17012, 17961, 17993, 18021, 18025, 18067, 18069, 18100, 18381, 18412, 19014, 19055, 19317, 59137, 19373, 19040, 18049, 19361, 18079, 18045, 16999, 17005, 17006, 18060, 18129, 16992, 18092, 18994, 19282, 59422, 19225, 19453, 19458, 17968], "label": "plant"}, {"objectId": 19, "id": 19, "partId": 19, "index": 15, "dominantNormal": [0.16147039830684662, -0.9868775606155396, -2.1913083805625612e-16], "obb": {"axesLengths": [0.23895555111697, 0.29052101916400286, 0.1518478307782891], "centroid": [2.224184288173581, 0.499025657877771, -0.6752604672627047], "normalizedAxes": [0.9868775606155396, 0.16147039830684662, 3.58536307991312e-17, 0, -2.220446049250313e-16, 1, 0.16147039830684662, -0.9868775606155396, -2.1913083805625612e-16]}, "segments": [22783], "label": "box"}, {"objectId": 20, "id": 20, "partId": 20, "index": 16, "dominantNormal": [0.04684963822364807, -0.9989019632339478, -2.2180079178512008e-16], "obb": {"axesLengths": [0.16995323254128006, 0.2800000247359269, 0.0941056037333975], "centroid": [2.4264408853779686, 0.48272860497489267, -0.6699999700486665], "normalizedAxes": [0.9989019632339478, 0.04684963822364807, 1.0402709410250582e-17, 0, -2.220446049250313e-16, 1, 0.04684963822364807, -0.9989019632339478, -2.2180079178512008e-16]}, "segments": [22753], "label": "box"}, {"objectId": 21, "id": 21, "partId": 21, "index": 17, "dominantNormal": [0.146876260638237, -0.9891548752784729, -2.1963650349087713e-16], "obb": {"axesLengths": [0.3421006528387292, 0.25999999955296504, 0.22138911556641677], "centroid": [2.290228215987142, 0.4955133318619134, -0.23999999485909962], "normalizedAxes": [0.9891548752784729, 0.146876260638237, 3.261308126628326e-17, 0, -2.220446049250313e-16, 1, 0.146876260638237, -0.9891548752784729, -2.1963650349087713e-16]}, "segments": [16484, 16068, 20348, 58787, 59571, 59574, 16074, 16012, 16117], "label": "box"}, {"objectId": 22, "id": 22, "partId": 22, "index": 18, "dominantNormal": [0, -2.220446049250313e-16, 1], "obb": {"axesLengths": [0.3811943945852155, 0.3208479809571507, 0.36987186639553665], "centroid": [3.6749432521987977, 1.5186368640561494, -0.6704239676797998], "normalizedAxes": [0.7778638601303101, 0.6284328699111938, 1.3954012832133463e-16, 0, -2.220446049250313e-16, 1, 0.6284328699111938, -0.7778638601303101, -1.727204735080945e-16]}, "segments": [17943, 59459, 59545, 17686, 17743, 17728, 17731, 17733, 17752, 17774, 59022, 59026, 59027, 59030, 59033, 18644], "label": "box"}, {"objectId": 23, "id": 23, "partId": 23, "index": 19, "dominantNormal": [0.13289615511894226, -0.991129994392395, -2.2007506803420785e-16], "obb": {"axesLengths": [0.453912717439221, 0.4443693843997405, 0.3395891422756176], "centroid": [3.697561578170715, 1.5557366700187212, -0.17450629157186492], "normalizedAxes": [0.991129994392395, 0.13289615511894226, 2.950887425944121e-17, 0, -2.220446049250313e-16, 1, 0.13289615511894226, -0.991129994392395, -2.2007506803420785e-16]}, "segments": [16829, 16940, 58873, 59044, 16871, 17930, 18697, 58874, 58783, 16333, 16314, 58779, 58781, 58617, 15207, 58615, 16917], "label": "box"}, {"objectId": 25, "id": 25, "partId": 25, "index": 21, "dominantNormal": [0.8148549199104309, -0.579664945602417, -1.2871147383517845e-16], "obb": {"axesLengths": [0.2883117668164562, 0.2720110355613148, 0.21682016479371072], "centroid": [4.900197540192294, 2.70542801291343, -0.6660054754613607], "normalizedAxes": [0.579664945602417, 0.8148549199104309, 1.8093413876272966e-16, 0, -2.220446049250313e-16, 1, 0.8148549199104309, -0.579664945602417, -1.2871147383517845e-16]}, "segments": [10209, 10182], "label": "box"}, {"objectId": 26, "id": 26, "partId": 26, "index": 22, "dominantNormal": [0.7415894269943237, 0.6708540320396423, 1.4895951850660668e-16], "obb": {"axesLengths": [0.3792101209358221, 0.2720110355613148, 0.21257401452814342], "centroid": [5.040415112259078, 2.7484865654765436, -0.6660054754613607], "normalizedAxes": [-0.6708540320396423, 0.7415894269943237, 1.6466593133353496e-16, 0, -2.220446049250313e-16, 1, 0.7415894269943237, 0.6708540320396423, 1.4895951850660668e-16]}, "segments": [57126, 57145, 9599], "label": "box"}, {"objectId": 27, "id": 27, "partId": 27, "index": 23, "dominantNormal": [0.9475456476211548, -0.3196205496788025, -7.097001867935104e-17], "obb": {"axesLengths": [0.28448343390928904, 0.3799999774247411, 0.06488748853893674], "centroid": [4.9795438233318245, 2.700509923564959, -0.19999998640269112], "normalizedAxes": [0.3196205496788025, 0.9475456476211548, 2.1039739897447225e-16, 0, -2.220446049250313e-16, 1, 0.9475456476211548, -0.3196205496788025, -7.097001867935104e-17]}, "segments": [7271, 7263, 7226, 7244, 9520], "label": "box"}, {"objectId": 28, "id": 28, "partId": 28, "index": 24, "dominantNormal": [0.8145519495010376, 0.5800906419754028, 1.288059974181361e-16], "obb": {"axesLengths": [0.26146375835572533, 0.3453454856869841, 0.18397951197269638], "centroid": [3.7782061809614538, 1.5966373096263957, -0.23162424046641128], "normalizedAxes": [-0.5800905823707581, 0.8145519495010376, 1.8086686581787195e-16, 0, -2.220446049250313e-16, 1, 0.8145519495010376, 0.5800905823707581, 1.288059841832463e-16]}, "segments": [17427, 17337, 16326, 18542, 17308, 16362], "label": "box"}, {"objectId": 29, "id": 29, "partId": 29, "index": 25, "dominantNormal": [0.8735290169715881, 0.4867720603942871, 1.0808510983879296e-16], "obb": {"axesLengths": [0.7545462334369716, 1.9321099385892602, 0.7376824080053692], "centroid": [5.694224455116631, 4.217075369973428, -0.5560549801724788], "normalizedAxes": [-0.4867720603942871, 0.8735290169715881, 1.9396240546400726e-16, 0, -2.220446049250313e-16, 1, 0.8735290169715881, 0.4867720603942871, 1.0808510983879296e-16]}, "segments": [831, 3182, 230, 947, 955, 957, 999, 1001, 1038, 1044, 1054, 1087, 1103, 1142, 1150, 1158, 1166, 1167, 4209, 6705, 6823, 6890, 7641, 7654, 7723, 19484, 20510, 55131, 55410, 55411, 55414, 55441, 55447, 55705, 55829, 56828, 56992, 56994, 56996, 57019, 57026, 3083, 55134, 6372, 56775, 8, 63, 71, 76, 94, 95, 156, 200, 214, 458, 482, 491, 542, 561, 577, 597, 613, 618, 623, 650, 672, 676, 681, 694, 705, 733, 847, 952, 2070, 2076, 2101, 2472, 4173, 6120, 6169, 6223, 6260, 6310, 6345, 6356, 6409, 6456, 6518, 6717, 11702, 11706, 11782, 15607, 55295, 55297, 55327, 55347, 55350, 55377, 55379, 55385, 55389, 55392, 55400, 56157, 56159, 56541, 56574, 56663, 56692, 56728, 56739, 56745, 56823, 56830, 56834, 56844, 56860, 56788, 6037, 418, 424, 441, 6067, 55324, 55332, 56347, 56350, 56355, 56550, 56668, 2029, 4398, 1832, 1861, 1889, 1928, 1937, 1943, 1962, 2324, 2358, 2388, 2400, 2409, 2413, 3161, 4344, 4427, 4528, 4651, 39767, 39771, 55535, 55554, 55555, 55560, 55647, 55654, 55661, 55664, 55668, 55673, 55691, 56190, 56329, 56346, 894, 903, 932, 1867, 1901, 1907, 1984, 2038, 2099, 20679, 20824, 55539, 55545, 55550, 3203, 1715, 360, 1237, 1257, 1276, 1284, 1297, 1310, 1314, 1316, 1318, 1690, 1713, 1811, 1815, 39899, 55462, 55464, 55467, 55848, 1196, 183, 518, 583, 603, 631, 1227, 1592, 1692, 1741, 2050, 2495, 3334, 3409, 11740, 52040, 55300, 55718, 24031, 1191, 1461, 3249, 55476, 55477, 55479, 55482, 2488, 57361, 2066, 582, 599, 601, 52801, 53074, 55002, 55344, 55368, 52041, 18652, 186, 6836, 43574, 55315, 55323, 56866], "label": "xbox"}, {"objectId": 30, "id": 30, "partId": 30, "index": 26, "dominantNormal": [0.7785525918006897, -0.6275793313980103, -1.3935060469938648e-16], "obb": {"axesLengths": [1.0375181731261631, 0.6100341597191802, 0.49623124380688105], "centroid": [4.473514562970903, 6.147166951670181, -0.2849828788641946], "normalizedAxes": [0.6275793313980103, 0.7785525918006897, 1.7287340265974331e-16, 0, -2.220446049250313e-16, 1, 0.7785525918006897, -0.6275793313980103, -1.3935060469938648e-16]}, "segments": [41289, 37271, 37284, 37316, 37335, 40573, 41229, 41621, 37303, 41406, 41658, 41667, 41710, 62850, 62853, 62906, 62957, 63088, 40415, 37269, 62879, 41496, 41635, 41650, 62934, 62938, 63057, 63091, 45617, 40404, 41467, 41682, 45473, 45594, 62890, 63454, 63067, 36068, 37253, 37422, 40465, 40614, 41399, 41596, 41759, 44973, 45500, 60928, 62480, 62818, 62917, 62920, 62925, 62927, 63452, 63488, 37369, 37371, 45161, 60913, 60906, 35970, 37463, 37480, 66195, 45632, 49284], "label": "coffee machine"}, {"objectId": 31, "id": 31, "partId": 31, "index": 27, "dominantNormal": [0.5859402418136597, -0.8103542923927307, -1.799347987036472e-16], "obb": {"axesLengths": [0.8176826757716423, 0.8667106881727862, 0.6121958217968685], "centroid": [3.6275413113520076, 6.530547061143516, -0.4966446404163998], "normalizedAxes": [0.8103542923927307, 0.5859402418136597, 1.3010486950319137e-16, 0, -2.220446049250313e-16, 1, 0.5859402418136597, -0.8103542923927307, -1.799347987036472e-16]}, "segments": [37070, 65236, 36997, 37014, 37029, 37074, 47273, 47281, 47290, 49802, 49823, 49826, 50102, 50111, 50121, 50129, 50174, 50177, 50309, 50353, 50361, 50376, 50378, 50389, 50395, 50413, 50443, 50489, 50491, 60860, 63777, 63778, 63796, 64906, 64909, 64916, 65032, 65037, 65038, 65041, 65054, 65072, 65074, 65077, 65078, 65084, 65169, 65173, 65195, 65198, 65207, 65216, 65322, 65324, 65401, 65405, 65408, 65412, 65450, 36549, 36505, 36524, 36530, 36541, 36595, 37090, 47245, 49839, 49850, 49881, 50161, 50165, 50196, 50300, 60569, 60571, 64919, 65097, 64973, 36577, 50108, 50523, 65277, 50093, 50118, 50136, 50320, 50407, 50478, 65327, 47241, 36740, 47160, 47167, 47206, 47217, 64021, 64997, 64998, 47209, 36725, 36743, 60610, 64279, 64309, 36718, 47069, 47808, 47840, 47962, 47966, 48148, 48156, 50260, 50271, 50278, 64092, 64095, 64098, 64195, 64198, 64204, 64257, 64259, 64261, 64304, 64379, 64384, 64485, 65162, 65165, 64331, 48124, 47577, 47588, 47628, 47639, 47640, 47674, 47737, 47791, 47828, 47945, 48033, 48037, 48076, 48086, 50079, 63862, 63866, 63868, 63911, 63919, 63920, 63923, 63926, 63942, 64007, 64344, 64394, 65114, 65116, 65457, 65493, 65496, 65499, 47548, 47558, 47853, 47420, 47491, 47527, 47561, 50233, 50258, 63810, 63839, 63843, 63852, 64448, 38436, 47613, 64157, 48381, 47511, 48380, 36793, 37157, 38383, 38525, 46840, 46851, 46860, 46870, 46876, 46881, 47571, 47665, 47711, 47715, 47727, 47759, 47796, 48367, 48385, 48398, 48432, 48437, 48460, 48471, 48473, 48599, 61202, 63959, 63964, 64148, 64151, 64155, 64247, 64558, 64595, 64792, 64797, 38363, 38490, 39382, 64576, 64578, 47389, 47397, 63803, 47353, 37143, 48721, 48651, 46863, 48724, 64852, 39390, 38355, 46806, 64221, 49917, 36816, 48691, 48755, 64859], "label": "plant"}], "scan_id": "0cac755a-8d6f-2d13-8fed-b1be02f4ef77", "annId": "5561", "appId": "stk.v1"}