{"segGroups": [{"objectId": 1, "id": 1, "partId": 1, "index": 0, "dominantNormal": [0, -2.220446049250313e-16, 1], "obb": {"axesLengths": [9.180317802251595, 0.25999998465180435, 4.3639474366559705], "centroid": [-0.643196015823792, -1.1343212002711247, -1.2799999222904455], "normalizedAxes": [0.28191834688186646, 0.9594383835792542, 2.1303811683176613e-16, 0, -2.220446049250313e-16, 1, 0.9594383835792542, -0.28191834688186646, -6.259844795450197e-17]}, "segments": [10315, 15144, 17779, 4912, 17924, 8340, 13089, 16129, 12986, 17443, 17458, 1402, 1449, 10045, 17897, 1394, 11332, 22759, 10933, 19938, 12073, 21851, 18850, 539, 399, 11068, 7513, 15492, 17, 61, 74, 82, 84, 134, 139, 153, 159, 187, 257, 278, 436, 440, 448, 458, 475, 491, 505, 507, 523, 546, 559, 586, 595, 626, 734, 866, 925, 960, 1135, 1141, 1151, 1189, 1202, 1238, 1282, 1321, 1331, 1421, 1434, 1436, 1490, 1505, 1510, 1536, 1539, 1565, 1566, 1583, 1594, 1607, 1631, 1637, 1641, 1644, 1658, 1668, 1671, 1827, 1864, 1872, 1895, 1898, 1935, 1939, 1957, 1984, 2007, 2034, 2035, 2036, 2045, 2053, 2054, 2078, 2089, 2105, 2125, 2131, 2136, 2137, 2149, 2182, 2201, 2212, 2236, 2237, 2238, 2260, 2273, 2275, 2283, 2284, 2321, 2353, 2408, 2540, 2541, 2554, 2565, 2571, 2592, 2607, 2611, 2613, 2616, 2620, 2643, 2657, 2660, 2671, 2734, 2791, 2934, 3035, 3264, 3278, 3304, 3323, 3361, 3493, 3502, 3548, 3790, 3811, 3834, 3899, 3930, 3936, 3960, 3986, 3990, 4016, 4070, 4073, 4097, 4121, 4125, 4129, 4227, 4233, 4243, 4246, 4270, 4303, 4314, 4318, 4322, 4366, 4598, 4651, 4709, 4721, 4737, 4806, 4814, 4834, 4877, 4884, 4966, 5018, 5044, 5047, 5473, 5970, 5974, 5995, 6017, 6035, 6075, 6324, 6816, 6824, 6838, 6844, 6932, 6992, 7075, 7089, 7126, 7549, 7566, 7619, 7624, 7644, 7697, 7821, 7862, 7870, 8011, 8283, 8313, 8351, 8353, 8359, 8367, 8563, 8615, 8643, 8667, 8704, 8756, 8784, 8811, 8817, 8823, 8856, 8860, 8867, 8879, 8970, 8988, 9010, 9012, 9023, 9035, 9052, 9083, 9094, 9108, 9115, 9125, 9133, 9136, 9156, 9168, 9200, 9215, 9345, 9377, 9383, 9389, 9402, 9561, 9592, 9632, 9638, 9649, 9675, 9684, 9795, 9814, 9827, 9854, 9883, 9895, 9900, 9904, 9915, 9961, 9976, 10031, 10055, 10072, 10079, 10083, 10096, 10112, 10148, 10159, 10164, 10167, 10253, 10265, 10836, 10895, 10927, 11050, 11096, 11115, 11134, 11218, 11223, 11313, 11411, 11434, 11465, 11500, 11520, 11544, 11552, 11572, 11576, 11621, 11658, 11661, 11667, 11685, 11717, 11721, 11748, 11833, 11834, 11835, 11839, 11859, 11864, 11872, 11881, 11909, 11933, 11943, 11944, 11964, 12012, 12046, 12060, 12069, 12082, 12096, 12103, 12112, 12136, 12245, 12268, 12291, 12327, 12337, 12344, 12355, 12370, 12371, 12383, 12388, 12390, 12414, 12431, 12444, 12464, 12471, 12487, 12560, 12597, 12606, 12624, 12625, 12630, 12631, 12635, 12660, 12676, 12679, 12685, 12699, 12700, 12717, 12731, 12738, 12757, 12806, 12820, 12867, 12880, 12935, 13009, 13047, 13064, 13133, 13161, 13307, 13334, 13341, 13347, 13357, 13383, 13394, 13430, 13540, 13575, 13692, 13699, 13725, 13735, 13758, 13795, 13800, 13808, 13824, 13839, 13859, 13861, 13869, 13874, 13889, 13894, 13927, 13940, 13987, 13991, 14154, 14186, 14195, 14314, 14319, 14326, 14340, 14346, 14348, 14349, 14353, 14359, 14365, 14390, 14397, 14407, 14457, 14483, 14493, 14504, 14525, 14530, 14533, 14543, 14554, 14559, 14560, 14593, 14618, 14628, 14635, 14636, 14653, 14659, 14671, 14687, 14714, 14717, 14726, 14734, 14745, 14751, 14755, 14762, 14771, 14777, 14782, 14786, 14791, 14805, 14997, 15005, 15027, 15076, 15080, 15098, 15186, 15356, 15378, 15388, 15416, 15475, 15632, 15639, 15645, 15706, 15717, 15728, 15812, 15916, 15918, 16012, 16028, 16031, 16059, 16062, 16108, 16113, 16120, 16125, 16134, 16139, 16189, 16343, 16362, 16520, 16523, 16627, 16642, 16905, 16908, 16930, 16935, 16947, 16949, 16972, 16974, 16987, 16997, 17007, 17010, 17012, 17022, 17033, 17329, 17494, 17510, 17572, 17596, 17605, 17606, 17618, 17642, 17658, 17731, 17900, 18046, 18068, 18193, 18196, 18198, 18208, 18210, 18266, 18321, 18322, 18325, 18326, 18328, 18352, 18357, 18361, 18384, 18386, 18391, 18424, 18432, 18465, 18468, 18469, 18504, 18507, 18526, 18563, 18568, 18582, 18587, 18590, 18620, 18624, 18694, 18701, 18737, 18776, 18800, 18838, 18840, 18846, 18859, 18922, 18933, 18934, 18937, 18942, 19084, 19086, 19199, 19200, 19259, 19269, 19272, 19273, 19280, 19355, 19478, 19482, 19487, 19510, 19512, 19519, 19581, 19585, 19595, 19604, 19621, 19622, 19625, 19672, 19673, 19675, 19682, 19729, 19845, 19853, 19855, 19865, 19870, 19875, 19879, 19882, 19890, 19896, 19900, 19901, 19908, 19913, 19941, 19946, 19950, 19957, 19983, 19985, 19990, 20038, 20047, 20054, 20061, 20097, 20100, 20251, 20258, 20309, 20412, 20421, 20429, 20431, 20441, 20445, 20447, 20457, 20459, 20473, 20478, 20495, 20499, 20504, 20507, 20509, 20516, 20574, 20639, 20642, 20651, 20765, 20845, 20874, 20950, 21050, 21055, 21176, 21179, 21243, 21253, 21368, 22034, 22057, 22134, 22276, 23397, 23400, 10959, 11262, 16655, 16570, 18436, 10024, 1808, 1902, 5397, 14874, 22223, 5287, 17958, 21586, 6559, 10550, 7832, 840, 842, 851, 867, 869, 889, 924, 941, 954, 957, 959, 965, 983, 990, 1006, 1014, 1033, 1037, 1042, 1068, 1073, 1123, 1313, 1722, 1831, 1835, 3853, 3872, 5304, 5327, 5430, 5439, 5455, 5470, 5493, 5508, 5521, 5522, 5538, 5555, 5573, 5584, 5590, 5591, 5623, 5639, 5642, 5646, 5679, 6009, 6083, 6091, 6321, 6331, 6334, 6343, 6347, 6348, 6359, 6379, 6393, 6400, 6407, 6422, 6430, 6432, 6465, 6467, 6475, 6485, 6492, 6522, 6538, 6539, 8006, 8062, 8202, 8208, 8292, 8507, 8508, 8519, 8524, 9773, 9847, 9919, 9947, 9957, 10334, 10350, 10367, 10395, 10408, 10411, 10485, 10496, 10511, 10521, 10532, 10556, 10579, 10586, 10614, 10632, 10649, 10711, 10720, 10735, 10753, 10766, 10774, 10785, 10806, 10825, 10879, 11256, 12493, 12572, 12772, 12775, 12830, 14001, 15104, 15161, 15163, 15198, 15207, 15211, 15280, 15612, 15699, 15739, 15741, 15775, 16128, 16427, 16428, 16474, 16488, 16595, 17050, 17125, 17209, 17223, 17244, 17915, 17960, 18229, 18552, 18558, 18562, 18584, 18736, 18984, 18986, 18997, 19001, 19005, 19007, 19155, 19156, 19163, 19172, 19177, 19182, 19190, 19193, 19465, 19470, 19685, 19689, 19694, 19703, 19707, 19712, 19736, 19765, 19768, 19780, 19788, 19800, 19803, 19806, 19809, 19811, 19820, 20000, 20043, 20048, 20066, 20074, 20080, 20329, 20602, 20603, 20610, 20641, 20648, 20654, 20683, 20684, 20689, 20703, 20707, 20716, 20718, 20726, 20928, 21087, 21479, 21531, 21582, 21590, 21594, 22291, 13712, 19742, 8411, 10456, 10479, 10483, 10501, 10617, 10624, 10647, 10801, 10810, 17865, 17880, 17929, 17937, 19726, 19773], "label": "floor"}, {"objectId": 2, "id": 2, "partId": 2, "index": 1, "dominantNormal": [0.7630395889282227, 0.64635169506073, 1.435189067723841e-16], "obb": {"axesLengths": [0.40316787935749687, 0.43157201040747717, 0.37129165849511225], "centroid": [0.8597664580144055, 2.1608664137429487, -0.7457859442579896], "normalizedAxes": [-0.6463517546653748, 0.7630395889282227, 1.694288240657255e-16, 0, -2.220446049250313e-16, 1, 0.7630395889282227, 0.6463517546653748, 1.435189200072739e-16]}, "segments": [18944, 7401, 3152, 7385, 20939, 20949, 9528, 9518, 19601, 9516, 3138, 9481], "label": "stool"}, {"objectId": 3, "id": 3, "partId": 3, "index": 2, "dominantNormal": [0, -2.220446049250313e-16, 1], "obb": {"axesLengths": [0.3901319308433156, 0.3712500250805162, 0.4282112188335856], "centroid": [0.27416333072615573, 1.8923598241360997, -0.7156249515945092], "normalizedAxes": [0.9488100409507751, 0.31584733724594116, 7.013219721539813e-17, 0, -2.220446049250313e-16, 1, 0.31584733724594116, -0.9488100409507751, -2.1067815069181764e-16]}, "segments": [20164, 6855, 13449, 20172, 19081, 20773, 21228], "label": "stool"}, {"objectId": 4, "id": 4, "partId": 4, "index": 3, "dominantNormal": [0.9901853799819946, -0.13976000249385834, -3.1032954538070165e-17], "obb": {"axesLengths": [0.3658197209177694, 0.5995939835996779, 0.3888134524152462], "centroid": [-0.1769336299488124, 1.7084435880892679, -0.8364529813873834], "normalizedAxes": [0.9901853799819946, -0.13976001739501953, -3.1032957846792615e-17, 0, -2.220446049250313e-16, 1, -0.13976001739501953, -0.9901853799819946, -2.19865321500644e-16]}, "segments": [21044, 19841, 7450, 7458, 19397, 19433, 7928, 7932, 7971, 19362, 19364, 19365, 19367, 19370, 19372, 19377, 19381, 19383, 19408, 19413, 19414, 19419, 19423, 19427, 19443], "label": "stool"}, {"objectId": 5, "id": 5, "partId": 5, "index": 4, "dominantNormal": [-0.2941451072692871, -0.9557607769966125, -2.1222152413105378e-16], "obb": {"axesLengths": [0.4631060624197062, 0.7821990076706031, 0.3839489936848746], "centroid": [-0.5361528073147545, 1.6776431785401154, -0.928190488110694], "normalizedAxes": [0.9557607769966125, -0.2941451072692871, -6.531333413423981e-17, 0, -2.220446049250313e-16, 1, -0.2941451072692871, -0.9557607769966125, -2.1222152413105378e-16]}, "segments": [4205, 7719, 18502, 5225, 5919, 21298, 5161, 5130, 5153, 5159, 5162, 5215, 5222, 5239, 7725, 13707, 17628, 18966, 18974, 19532, 17635, 17623, 17630, 5096, 18844], "label": "stool"}, {"objectId": 6, "id": 6, "partId": 6, "index": 5, "dominantNormal": [0.9951177835464478, 0.09869447350502014, 2.1914575377706167e-17], "obb": {"axesLengths": [0.42282720033557414, 0.8224950248935436, 0.25188096631799684], "centroid": [-0.024635512780903868, 0.8240318734128811, -0.9387524607311373], "normalizedAxes": [-0.09869447350502014, 0.9951177835464478, 2.209605351014438e-16, 0, -2.220446049250313e-16, 1, 0.9951177835464478, 0.09869447350502014, 2.1914575377706167e-17]}, "segments": [20728, 20733, 7912, 20203, 20237, 7146, 7190, 7204, 13566, 13567, 13620, 20181, 20183, 20248, 18066, 23370, 7194, 7202, 7262, 7277, 7289, 19240, 19251, 19256, 20194, 13559, 13565], "label": "stool"}, {"objectId": 7, "id": 7, "partId": 7, "index": 6, "dominantNormal": [0.9851019382476807, -0.17197129130363464, -3.8185297435963027e-17], "obb": {"axesLengths": [0.43182720405806285, 0.6208469728936183, 0.3742023153057389], "centroid": [0.31960401275973793, 0.9693272980258132, -0.8372264708453451], "normalizedAxes": [0.17197129130363464, 0.9851019382476807, 2.1873657068908884e-16, 0, -2.220446049250313e-16, 1, 0.9851019382476807, -0.17197129130363464, -3.8185297435963027e-17]}, "segments": [20577, 8182, 7797, 7910, 14209, 15909, 19213, 19233, 7011, 7073, 7077, 7078, 7079, 7108, 19204, 19220, 19223, 15875, 15873, 15883, 20788, 20836, 20808], "label": "stool"}, {"objectId": 8, "id": 8, "partId": 8, "index": 7, "dominantNormal": [0, -2.220446049250313e-16, 1], "obb": {"axesLengths": [0.38264833616051186, 0.12206500495824932, 0.39231399210994783], "centroid": [0.9232399988850486, 0.9975755171869363, -0.6089674787454117], "normalizedAxes": [0.7469115257263184, 0.6649234294891357, 1.4764266020631206e-16, 0, -2.220446049250313e-16, 1, 0.6649234294891357, -0.7469115257263184, -1.6584767464385272e-16]}, "segments": [8583, 13329, 20131, 13389], "label": "stool"}, {"objectId": 9, "id": 9, "partId": 9, "index": 8, "dominantNormal": [0, -2.220446049250313e-16, 1], "obb": {"axesLengths": [0.3830809473952423, 0.12984996743835575, 0.38150302355958454], "centroid": [1.2622589635788144, 1.335202616257268, -0.6120619730190482], "normalizedAxes": [0.34204891324043274, 0.939682126045227, 2.0865134643282591e-16, 0, -2.220446049250313e-16, 1, 0.939682126045227, -0.34204891324043274, -7.59501158055082e-17]}, "segments": [9205, 8837, 8949, 3215, 20152], "label": "stool"}, {"objectId": 10, "id": 10, "partId": 10, "index": 9, "dominantNormal": [0, -2.220446049250313e-16, 1], "obb": {"axesLengths": [2.445548893693655, 0.6512499902117997, 0.8453855098522536], "centroid": [0.32763058136110657, 1.548871939619291, -0.5756249690288675], "normalizedAxes": [0.9665441513061523, 0.2565002739429474, 5.695450199082406e-17, 0, -2.220446049250313e-16, 1, 0.2565002739429474, -0.9665441513061523, -2.1461591421937428e-16]}, "segments": [2688, 6915, 4183, 254, 2432, 2435, 2908, 4420, 5844, 6121, 6143, 8662, 8669, 13400, 14038, 14053, 14280, 14288, 14300, 14322, 16703, 17068, 17107, 17133, 17148, 19122, 19124, 20334, 21202, 3303, 20365, 6131, 2500, 2995, 3022, 3030, 3051, 3091, 3106, 5739, 5747, 5758, 5760, 6126, 6203, 6217, 9245, 9257, 9313, 9321, 9726, 13401, 14151, 16194, 16200, 16469, 17253, 18699, 19127, 19129, 19130, 19525, 19528, 19530, 19546, 19575, 19578, 20082, 20085, 20090, 21132, 21135, 21139, 21148, 21150, 21153, 21156, 21159, 21162, 21167, 14164, 14895, 20353, 5764, 5769, 6227, 6231, 6232, 8541, 8542, 16204, 16252, 16264, 16515, 19032, 19045, 19473, 20952, 20955, 20979, 21165, 3556, 4197, 5795, 15865], "label": "table"}, {"objectId": 11, "id": 11, "partId": 11, "index": 10, "dominantNormal": [0, -2.220446049250313e-16, 1], "obb": {"axesLengths": [0.9256365124150748, 0.2800000247359269, 0.4483791570577305], "centroid": [-1.1249602694385619, -1.3911717103770442, -0.9699999566376207], "normalizedAxes": [-0.5670533180236816, 0.823681116104126, 1.828939480095495e-16, 0, -2.220446049250313e-16, 1, 0.823681116104126, 0.5670533180236816, 1.2591112997199653e-16]}, "segments": [368, 778, 4923, 7117, 285, 355, 3922, 4054, 4060, 4471, 4910, 7099, 7161, 7183, 18238, 18240, 18860, 18864, 18893, 18894, 4548, 4491, 4511, 4538, 18887, 4298], "label": "table"}, {"objectId": 12, "id": 12, "partId": 12, "index": 11, "dominantNormal": [0, -2.220446049250313e-16, 1], "obb": {"axesLengths": [0.5300679659890825, 0.1443490353744692, 0.31556579342773183], "centroid": [-2.0483402480584143, 0.5847854594172803, -0.9482954621695985], "normalizedAxes": [0.545285701751709, 0.8382502794265747, 1.8612895212357088e-16, 0, -2.220446049250313e-16, 1, 0.8382502794265747, -0.545285701751709, -1.2107774821672667e-16]}, "segments": [15989, 7998, 8171, 7989, 9622, 15831, 19619], "label": "chair"}], "scan_id": "355465d4-d29b-29f9-9550-e366a10d6924", "annId": "1923", "appId": "stk.v1"}