{"segGroups": [{"objectId": 20, "id": 20, "partId": 20, "index": 0, "dominantNormal": [0, -2.220446049250313e-16, 1], "obb": {"axesLengths": [2.413363025052295, 0.07590794393625977, 2.326338648249239], "centroid": [-0.4625851939898053, -0.16494839930568544, 0.8866389470312219], "normalizedAxes": [0.9961020946502686, 0.08820796012878418, 1.9586101658038797e-17, 0, -2.220446049250313e-16, 1, 0.08820796012878418, -0.9961020946502686, -2.2117909607161502e-16]}, "segments": [7685, 24299, 16736, 9071, 8431], "label": "ceiling"}, {"objectId": 31, "id": 31, "partId": 31, "index": 1, "dominantNormal": [0.9375417232513428, 0.34787291288375854, 7.7243303505394e-17], "obb": {"axesLengths": [0.8223173728312735, 0.3816029921560809, 0.17174235423690917], "centroid": [-1.5803609054802104, -0.017738782000066657, -0.1608015295552876], "normalizedAxes": [-0.34787291288375854, 0.9375417232513428, 2.0817608154007745e-16, 0, -2.220446049250313e-16, 1, 0.9375417232513428, 0.34787291288375854, 7.7243303505394e-17]}, "segments": [20999, 6915, 21364, 6981, 21347, 8499, 2508, 8784, 21593, 6875, 8523, 7009, 21336, 21589, 6972, 21338], "label": "toiletry"}, {"objectId": 26, "id": 26, "partId": 26, "index": 2, "dominantNormal": [0, -2.220446049250313e-16, 1], "obb": {"axesLengths": [0.11302144780672886, 0.0813750010421499, 0.08506019150932966], "centroid": [0.5550449043284371, -0.019839377035477154, -0.64325548994149], "normalizedAxes": [0.2886808514595032, 0.9574254155158997, 2.1259114813341188e-16, 0, -2.220446049250313e-16, 1, 0.9574254155158997, -0.2886808514595032, -6.410002561174703e-17]}, "segments": [21324, 6258, 5537], "label": "soap"}, {"objectId": 1, "id": 1, "partId": 1, "index": 3, "dominantNormal": [0, -2.220446049250313e-16, 1], "obb": {"axesLengths": [2.7423505705027087, 0.20107996014326918, 2.509771459608052], "centroid": [-0.34538959512295564, -0.12308896587243512, -1.5505400274814662], "normalizedAxes": [0.1690557599067688, 0.9856064915657043, 2.1884860403125302e-16, 0, -2.220446049250313e-16, 1, 0.9856064915657043, -0.1690557599067688, -3.7537919418799426e-17]}, "segments": [19250, 16117, 4460, 225, 210, 20435, 20868, 20413], "label": "floor"}, {"objectId": 2, "id": 2, "partId": 2, "index": 4, "dominantNormal": [0.2878868579864502, -0.957664430141449, -2.1264422004151328e-16], "obb": {"axesLengths": [2.1202177190206326, 2.511487010609647, 0.26651495736736136], "centroid": [-0.18686550976393007, -1.0628073495895176, -0.363496536185969], "normalizedAxes": [0.957664430141449, 0.2878868579864502, 6.392372364470993e-17, 0, -2.220446049250313e-16, 1, 0.2878868579864502, -0.957664430141449, -2.1264422004151328e-16]}, "segments": [155, 25084, 5445, 4709, 19440, 4287, 256, 1602, 3928, 4078, 8668, 9101, 19189, 19313, 19955, 24789, 25112, 5856], "label": "wall"}, {"objectId": 3, "id": 3, "partId": 3, "index": 5, "dominantNormal": [0.27974146604537964, -0.9600753784179688, -2.131795580990678e-16], "obb": {"axesLengths": [0.8737984559257347, 2.085209919097797, 0.16732475041415293], "centroid": [-0.040751437491046094, -1.044448514324218, -0.5526049931006516], "normalizedAxes": [0.9600753784179688, 0.27974143624305725, 6.211507669175048e-17, 0, -2.220446049250313e-16, 1, 0.27974143624305725, -0.9600753784179688, -2.131795580990678e-16]}, "segments": [3874, 25048, 4665, 9912, 24849, 937, 19635, 2303, 2417, 4645, 12942, 15093, 15227, 15607, 19108, 25044], "label": "door"}, {"objectId": 4, "id": 4, "partId": 4, "index": 6, "dominantNormal": [0.957502543926239, 0.28842490911483765, 6.404319499494219e-17], "obb": {"axesLengths": [2.0055529147603046, 2.4838399927949895, 0.22351152136685426], "centroid": [-1.4011503466168598, -0.44684776676942684, -0.35941004183150826], "normalizedAxes": [-0.28842490911483765, 0.957502543926239, 2.1260827408081418e-16, 0, -2.220446049250313e-16, 1, 0.957502543926239, 0.28842490911483765, 6.404319499494219e-17]}, "segments": [14142, 885, 688, 25144, 1409, 6352, 2762, 2949, 7495, 8547, 1938, 25262, 3028], "label": "wall"}, {"objectId": 5, "id": 5, "partId": 5, "index": 7, "dominantNormal": [0.9883914589881897, 0.15192870795726776, 3.373494993514198e-17], "obb": {"axesLengths": [0.33888437746373695, 0.46000002786517075, 0.32065632333318], "centroid": [-1.0592235785285813, -0.8841976766157548, -1.0000000097844008], "normalizedAxes": [-0.15192870795726776, 0.9883914589881897, 2.1946699102230787e-16, 0, -2.220446049250313e-16, 1, 0.9883914589881897, 0.15192870795726776, 3.373494993514198e-17]}, "segments": [25302, 1512, 25126, 641, 19875, 25334], "label": "urinal"}, {"objectId": 6, "id": 6, "partId": 6, "index": 8, "dominantNormal": [0.2746170163154602, -0.961553692817688, -2.1350780983590844e-16], "obb": {"axesLengths": [0.5646394760019936, 1.1399999602139, 0.4842192553597808], "centroid": [-1.2402276966756456, 0.1698395631613434, -1.060000010827482], "normalizedAxes": [0.961553692817688, 0.2746170163154602, 6.097722689345724e-17, 0, -2.220446049250313e-16, 1, 0.2746170163154602, -0.961553692817688, -2.1350780983590844e-16]}, "segments": [20882, 13859, 14745, 17134, 25437, 25405, 14814, 27, 71, 108, 14713, 14827, 37, 3072], "label": "toilet"}, {"objectId": 8, "id": 8, "partId": 8, "index": 9, "dominantNormal": [0.32941558957099915, -0.9441850185394287, -2.096511894177208e-16], "obb": {"axesLengths": [2.1480829304579956, 2.5199999246001252, 0.32611648902705914], "centroid": [-0.7359623467549401, 0.8060565434326195, -0.3700000286343694], "normalizedAxes": [0.9441850185394287, 0.32941561937332153, 7.314496105988367e-17, 0, -2.220446049250313e-16, 1, 0.32941561937332153, -0.9441850185394287, -2.096511894177208e-16]}, "segments": [8321, 9192, 6765, 8139, 8834, 7470, 6047, 9228, 9955, 11242, 13274, 19546, 21562, 17893, 24209, 17206, 18772, 6030, 14216, 15951], "label": "wall"}, {"objectId": 9, "id": 9, "partId": 9, "index": 10, "dominantNormal": [0.9619139432907104, 0.27335238456726074, 6.069642223655264e-17], "obb": {"axesLengths": [1.9941844258022634, 2.4992588795887167, 0.2151819104097068], "centroid": [0.5228440455338003, 0.13651096161800394, -0.3647205175390733], "normalizedAxes": [-0.27335238456726074, 0.9619139432907104, 2.1358780150986477e-16, 0, -2.220446049250313e-16, 1, 0.9619139432907104, 0.27335238456726074, 6.069642223655264e-17]}, "segments": [24619, 7756, 24662, 5132, 18224, 9230, 3951, 3510, 3986, 5134, 6226, 6233, 7096, 11888, 13231, 15467, 16483, 17897, 21104, 21298, 6193, 21296], "label": "wall"}, {"objectId": 10, "id": 10, "partId": 10, "index": 11, "dominantNormal": [0.33394521474838257, -0.9425925016403198, -2.0929757963202174e-16], "obb": {"axesLengths": [0.9832765205520863, 1.3999999448657041, 0.5217109593804733], "centroid": [-0.4732479207432403, 1.0565336887812378, 0.009999958103597217], "normalizedAxes": [0.9425925016403198, 0.3339451849460602, 7.415072665796445e-17, 0, -2.220446049250313e-16, 1, 0.3339451849460602, -0.9425925016403198, -2.0929757963202174e-16]}, "segments": [6636, 9999, 10185, 21777, 10289, 9449, 12162, 12484, 10475, 22973, 16974, 16442, 855, 6628, 8638, 9470, 9476, 9557, 9777, 9945, 10242, 10373, 10394, 10442, 10477, 10518, 10722, 12013, 12554, 12556, 12581, 12614, 12640, 13542, 13627, 15273, 16281, 16620, 16632, 16872, 16903, 16920, 16933, 16960, 16984, 17001, 21674, 21766, 21767, 21770, 21772, 21776, 22524, 22545, 23216, 23218, 23294, 23593, 23598, 23602, 23604, 23671, 23893, 13209, 9961, 21624, 22521, 23178], "label": "window"}, {"objectId": 11, "id": 11, "partId": 11, "index": 12, "dominantNormal": [0.5923636555671692, -0.8056706786155701, -1.7889482753287613e-16], "obb": {"axesLengths": [0.47825475131025696, 1.1191599714943767, 0.38676667373996154], "centroid": [-0.3528061355759709, 1.082767836720663, -0.1095800398625435], "normalizedAxes": [0.8056707382202148, 0.5923636555671692, 1.315311538723594e-16, 0, -2.220446049250313e-16, 1, 0.5923636555671692, -0.8056707382202148, -1.7889484076776593e-16]}, "segments": [10766, 10658, 22135, 12279, 23393, 23436, 12257, 23108, 23161, 23527, 15418, 15397, 15405, 17742, 17309, 10567, 10677, 10725, 10780, 10838, 10933, 10946, 11959, 11983, 12095, 12102, 12132, 12177, 12239, 12269, 12321, 12353, 12399, 12409, 12419, 12921, 12922, 12929, 12936, 15192, 15208, 15219, 15221, 15225, 15322, 15334, 15416, 15442, 15507, 15658, 15684, 15812, 15823, 15876, 21838, 22165, 22424, 22936, 22988, 23305, 23543, 16383, 23466, 23316, 10644, 11886, 11937, 11968, 12043, 12073, 12155, 12297, 12309, 12946, 15321, 16172, 16270, 16275, 22066, 22077, 22079, 23004, 23327, 23328], "label": "plant"}, {"objectId": 12, "id": 12, "partId": 12, "index": 13, "dominantNormal": [0.2541576623916626, -0.9671627879142761, -2.1475327914061729e-16], "obb": {"axesLengths": [0.9964859024583461, 0.7199999529123313, 0.21086058670918012], "centroid": [-0.4850861614699676, 0.9638394750580751, -1.1699999928715832], "normalizedAxes": [0.9671627879142761, 0.2541576623916626, 5.643433773442621e-17, 0, -2.220446049250313e-16, 1, 0.2541576623916626, -0.9671627879142761, -2.1475327914061729e-16]}, "segments": [5750, 24240, 18420, 17924, 17958, 17826, 16000, 16036, 16073, 16079, 18423, 18432, 18437, 18736, 23194, 23199, 24009, 24065, 24140, 24170, 24212, 24214, 18422], "label": "heater"}, {"objectId": 13, "id": 13, "partId": 13, "index": 14, "dominantNormal": [0.18053853511810303, -0.9835678935050964, -2.183959443302844e-16], "obb": {"axesLengths": [0.5277865611169009, 1.5541139493708167, 0.21573550300760266], "centroid": [-0.9611311944305208, 0.6289181736790547, -0.05294302220948821], "normalizedAxes": [0.9835678935050964, 0.18053853511810303, 4.008760770404308e-17, 0, -2.220446049250313e-16, 1, 0.18053853511810303, -0.9835678935050964, -2.183959443302844e-16]}, "segments": [8970, 9168, 9050, 22700, 14243, 22853, 7360, 14409, 11402, 14348, 7586, 7322, 8981, 11111, 11139, 11175, 14260, 14282, 14346, 14403, 14611, 22719, 22919, 22934, 9939, 6719, 21637, 14424], "label": "curtain"}, {"objectId": 14, "id": 14, "partId": 14, "index": 15, "dominantNormal": [0.29930198192596436, -0.9541584253311157, -2.1186573058853758e-16], "obb": {"axesLengths": [0.5300661741142809, 1.570890927965396, 0.20487031205239015], "centroid": [0.0669250383397969, 0.9414387345143236, -0.044554532912198797], "normalizedAxes": [0.9541584253311157, 0.29930198192596436, 6.645839033002962e-17, 0, -2.220446049250313e-16, 1, 0.29930198192596436, -0.9541584253311157, -2.1186573058853758e-16]}, "segments": [10084, 13040, 21975, 13445, 8251, 21539, 18161, 22478, 17663, 8223, 8241, 11592, 11612, 13018, 13039, 13302, 21649, 21885, 21888, 21971, 22464, 23071, 23791, 23926, 18097], "label": "curtain"}, {"objectId": 15, "id": 15, "partId": 15, "index": 16, "dominantNormal": [0.8231809139251709, 0.5677791833877563, 1.2607230445999126e-16], "obb": {"axesLengths": [0.6040607674015911, 0.5199999693036084, 0.37097281654318837], "centroid": [0.411685238590926, 0.14447003651379925, -1.0100000000241405], "normalizedAxes": [-0.5677791833877563, 0.8231809139251709, 1.8278288081434078e-16, 0, -2.220446049250313e-16, 1, 0.8231809139251709, 0.5677791833877563, 1.2607230445999126e-16]}, "segments": [21128, 5250, 5273, 5652, 5172, 5662, 3686, 3225, 4122, 21055, 3687, 4136, 4138, 4156, 5202, 21003, 21009, 21015, 21187, 21193, 21198], "label": "sink"}, {"objectId": 16, "id": 16, "partId": 16, "index": 17, "dominantNormal": [0.9624378085136414, 0.271502286195755, 6.02856178745792e-17], "obb": {"axesLengths": [0.2665335297473141, 0.543515014420859, 0.16347753304810783], "centroid": [0.6278632565564355, -0.4185197266569665, -1.029442528075818], "normalizedAxes": [-0.271502286195755, 0.9624378085136414, 2.1370412295632443e-16, 0, -2.220446049250313e-16, 1, 0.9624378085136414, 0.271502286195755, 6.02856178745792e-17]}, "segments": [21882, 3817, 13869, 13893, 10763, 3804, 13557, 13710, 18967, 18985, 24383, 24418, 13572], "label": "towel"}, {"objectId": 17, "id": 17, "partId": 17, "index": 18, "dominantNormal": [0, -2.220446049250313e-16, 1], "obb": {"axesLengths": [0.14147230677429373, 0.13874101328683608, 0.1554519408722086], "centroid": [-1.0789101092103426, 0.6245933307124132, -0.9206295129012432], "normalizedAxes": [0.637601375579834, 0.7703664898872375, 1.710557228944948e-16, 0, -2.220446049250313e-16, 1, 0.7703664898872375, -0.637601375579834, -1.4157594554028074e-16]}, "segments": [14519, 22883, 22899], "label": "toilet paper holder"}, {"objectId": 18, "id": 18, "partId": 18, "index": 19, "dominantNormal": [0, -2.220446049250313e-16, 1], "obb": {"axesLengths": [0.7444705125123243, 0.15999996304512112, 0.32801641153609035], "centroid": [-0.4833046477070281, 0.9575410655469304, -0.6900000143292552], "normalizedAxes": [0.9159166216850281, 0.4013686180114746, 8.912173621566368e-17, 0, -2.220446049250313e-16, 1, 0.4013686180114746, -0.9159166216850281, -2.0337434440632142e-16]}, "segments": [17748, 17322, 15936, 17344], "label": "windowsill"}, {"objectId": 19, "id": 19, "partId": 19, "index": 20, "dominantNormal": [0.810184895992279, 0.5861744284629822, 1.301568693852189e-16], "obb": {"axesLengths": [0.3237300691853276, 0.2442799751994018, 0.24130340144073142], "centroid": [0.19488394041444423, 0.9836461993025316, -1.512139974361808], "normalizedAxes": [-0.5861744284629822, 0.810184895992279, 1.7989718514683318e-16, 0, -2.220446049250313e-16, 1, 0.810184895992279, 0.5861744284629822, 1.301568693852189e-16]}, "segments": [6130, 4957, 4959, 6150, 5006], "label": "trash can"}], "scan_id": "bf9a3dba-45a5-2e80-8282-0ee19d0447c7", "annId": "6356", "appId": "stk.v1"}