{"segGroups": [{"objectId": 1, "id": 1, "partId": 1, "index": 0, "dominantNormal": [0, -2.220446049250313e-16, 1], "obb": {"axesLengths": [4.866410193996181, 0.3894599589081113, 3.878170356817999], "centroid": [-0.8919008378776101, 0.37826702895911357, -1.2847299767108267], "normalizedAxes": [0.9993855953216553, 0.035048991441726685, 7.782439457699005e-18, 0, -2.220446049250313e-16, 1, 0.035048991441726685, -0.9993855953216553, -2.2190817968096416e-16]}, "segments": [27671, 3962, 4147, 4152, 8373, 11249, 11291, 11331, 11386, 11410, 11566, 15325, 15562, 16234, 16248, 16255, 16300, 17679, 17716, 17735, 17755, 19214, 19357, 25071, 28609, 29904, 30174, 31353, 33760, 35401, 36677, 39058, 39662, 41734, 42748, 44248, 45510, 45669, 54372, 23255, 21734, 12311, 18841, 17316, 23238, 16175, 17994, 16303, 16313, 16305, 16213, 37849], "label": "floor"}, {"objectId": 2, "id": 2, "partId": 2, "index": 1, "dominantNormal": [0, -2.220446049250313e-16, 1], "obb": {"axesLengths": [1.2295111642459595, 0.7724309390985006, 0.8674082647661912], "centroid": [-0.6492188562520433, 1.5544791748589881, -1.03563445296069], "normalizedAxes": [0.8733619451522827, -0.48707181215286255, -1.0815166809960143e-16, 0, -2.220446049250313e-16, 1, -0.48707181215286255, -0.8733619451522827, -1.9392530806789548e-16]}, "segments": [56202, 42783, 33381, 56293, 42221, 27370, 27376, 27412, 27458, 27471, 27566, 28033, 29501, 29529, 29531, 31705, 32119, 36342, 49052, 50367, 50369, 50372, 29522, 36402, 36352, 3563, 41909, 54226, 42144, 42178, 42154], "label": "sofa"}, {"objectId": 4, "id": 4, "partId": 4, "index": 2, "dominantNormal": [-0.41456031799316406, -0.9100218415260315, -2.0206544027479711e-16], "obb": {"axesLengths": [4.055204484026204, 2.6399999266862877, 0.2813311149091265], "centroid": [-0.06738610668926992, 1.632798437649376, -0.06999997952438997], "normalizedAxes": [0.9100218415260315, -0.41456031799316406, -9.205088202638746e-17, 0, -2.220446049250313e-16, 1, -0.41456031799316406, -0.9100218415260315, -2.0206544027479711e-16]}, "segments": [3014, 33773, 37500, 2049, 2165, 2195, 2229, 2922, 6540, 26911, 26954, 28144, 40019, 40708, 40727, 41605, 51824, 52971, 54110, 25123, 24336, 28088, 29736, 30751, 45231, 19569, 33566, 33444, 48923, 6654, 25170, 28181, 33472, 36192, 36502, 44119, 48967, 50375, 7473, 16999, 17298, 49171, 6398, 8117, 7678, 7705, 35691, 36460, 3952, 8068, 44200, 8115, 44204, 8063, 44109, 7828, 15052, 16028, 6646, 23997], "label": "wall"}, {"objectId": 5, "id": 5, "partId": 5, "index": 3, "dominantNormal": [0.909146785736084, -0.4164758026599884, -9.247620506247243e-17], "obb": {"axesLengths": [3.0263829989656914, 2.545779886563571, 0.20192281114659813], "centroid": [1.1570929361954543, -0.5279398834685236, -0.1171099995857483], "normalizedAxes": [0.4164758324623108, 0.909146785736084, 2.0187113885763086e-16, 0, -2.220446049250313e-16, 1, 0.909146785736084, -0.4164758324623108, -9.247621167991733e-17]}, "segments": [2209, 23550, 1393, 2723, 4942, 9434, 9627, 10089, 10106, 10116, 10131, 10147, 10162, 11578, 12474, 17457, 23761, 23842, 29590, 29681, 29690, 31708, 34282, 34574, 36162, 38001, 38405, 38484, 44681, 44685, 44686, 47196, 51052, 51104, 51534, 51537, 37558, 22723, 20876, 22705, 29660, 34639, 36145, 51009, 15925, 18355, 51023, 37367], "label": "wall"}, {"objectId": 6, "id": 6, "partId": 6, "index": 4, "dominantNormal": [-0.3994724750518799, -0.9167451858520508, -2.0355832260944302e-16], "obb": {"axesLengths": [4.04437615077306, 2.5918999331019825, 0.35679349168365176], "centroid": [-1.2957023643979808, -1.0788265846694916, -0.13127999028541248], "normalizedAxes": [0.9167451858520508, -0.3994724750518799, -8.87007079013191e-17, 0, -2.220446049250313e-16, 1, -0.3994724750518799, -0.9167451858520508, -2.0355832260944302e-16]}, "segments": [5612, 37041, 30324, 38139, 36273, 27211, 27593, 25352, 48950, 47165, 16552, 55321, 31883, 55432, 35764, 35875, 35994, 25338, 24518, 47181, 17828, 17956, 31660, 32000, 42943, 32836, 8256, 3094, 8193, 30247, 51759, 38078, 38141, 36206, 43641, 23935, 23963, 23951, 23916, 38035, 38169, 51795, 36031, 35988, 38235, 6539, 38055, 23975, 27492, 27398, 27266, 27580, 27615, 46684, 25882, 25887, 25983, 47174, 37754, 31169, 53126], "label": "wall"}, {"objectId": 7, "id": 7, "partId": 7, "index": 5, "dominantNormal": [0.9123926162719727, -0.4093160927295685, -9.088643009959451e-17], "obb": {"axesLengths": [3.0011223576839585, 2.781119999711512, 0.2069370942520987], "centroid": [-2.4525381549179546, 1.0700808376343278, -0.02056001395083995], "normalizedAxes": [0.4093160927295685, 0.9123926162719727, 2.0259185801662586e-16, 0, -2.220446049250313e-16, 1, 0.9123926162719727, -0.4093160927295685, -9.088643009959451e-17]}, "segments": [15768, 49148, 14696, 14699, 4306, 18490, 10943, 15467, 49191, 20402, 15503, 21678, 21526, 19244, 18514, 15496, 45455, 15701, 9588, 15504], "label": "wall"}, {"objectId": 8, "id": 8, "partId": 8, "index": 6, "dominantNormal": [-0.6368440985679626, -0.7709925770759583, -1.711947421769629e-16], "obb": {"axesLengths": [0.30026509528951917, 1.9514099519384653, 0.2525706001112959], "centroid": [-0.9430187858111094, 2.0654286789803424, 0.04570500136222577], "normalizedAxes": [0.7709925770759583, -0.6368440985679626, -1.4140779626536096e-16, 0, -2.220446049250313e-16, 1, -0.6368440985679626, -0.7709925770759583, -1.711947421769629e-16]}, "segments": [19782, 50495, 27983, 27977, 19767, 19584, 22163, 50408, 19605, 22495, 19776, 22354, 22368, 26644, 26925, 27021, 36475, 36530, 36583, 46735, 46737, 46847, 50423, 50444, 50454, 50436], "label": "curtain"}, {"objectId": 9, "id": 9, "partId": 9, "index": 7, "dominantNormal": [-0.40043628215789795, -0.9163246154785156, -2.0346493722700823e-16], "obb": {"axesLengths": [0.6888157277877709, 1.1799999807775017, 0.09017994651858924], "centroid": [-0.5567908513353101, 1.9474798504116122, 0.1400000241263939], "normalizedAxes": [0.9163246154785156, -0.40043628215789795, -8.891471606939881e-17, 0, -2.220446049250313e-16, 1, -0.40043628215789795, -0.9163246154785156, -2.0346493722700823e-16]}, "segments": [26568, 40331], "label": "window"}, {"objectId": 10, "id": 10, "partId": 10, "index": 8, "dominantNormal": [-0.4431607127189636, -0.896442174911499, -1.9905014856635961e-16], "obb": {"axesLengths": [0.31529636788965226, 2.009335890203656, 0.2569917615268814], "centroid": [-0.21082725698055332, 1.7038617122000732, 0.04533199550355871], "normalizedAxes": [0.896442174911499, -0.443160742521286, -9.840145199142248e-17, 0, -2.220446049250313e-16, 1, -0.443160742521286, -0.896442174911499, -1.9905014856635961e-16]}, "segments": [53245, 26885, 23735, 26784, 53332, 40061, 53297, 41556, 53299, 40219, 52977, 23394, 54209, 40256, 40860], "label": "curtain"}, {"objectId": 11, "id": 11, "partId": 11, "index": 9, "dominantNormal": [0.9218658208847046, -0.387509286403656, -8.60443464042806e-17], "obb": {"axesLengths": [0.9503769014188466, 0.39999998211860677, 0.367865994879962], "centroid": [-2.750169540922324, 0.12987145434950603, 0.4300000018491583], "normalizedAxes": [0.387509286403656, 0.9218658208847046, 2.046953319922339e-16, 0, -2.220446049250313e-16, 1, 0.9218658208847046, -0.387509286403656, -8.60443464042806e-17]}, "segments": [9670, 21547, 18021, 9781, 9791, 11985, 11159, 11196, 11994, 12098, 12155, 44265, 44289, 45418, 46081, 22026, 6514, 6117], "label": "shelf"}, {"objectId": 12, "id": 12, "partId": 12, "index": 10, "dominantNormal": [0.9379913806915283, -0.3466585874557495, -7.697366909548131e-17], "obb": {"axesLengths": [0.9758423004588515, 0.41999999612569794, 0.3871965991674165], "centroid": [-2.7473832818031183, 0.11461579282254611, -0.15999998667694726], "normalizedAxes": [0.3466585874557495, 0.9379913806915283, 2.0827592554873505e-16, 0, -2.220446049250313e-16, 1, 0.9379913806915283, -0.3466585874557495, -7.697366909548131e-17]}, "segments": [20670, 20906, 46392, 9324, 9601, 20647, 20659, 46417, 46510, 19992, 5363, 20644, 46958, 18491, 25699, 18256, 18480, 46257, 46260, 46265], "label": "shelf"}, {"objectId": 13, "id": 13, "partId": 13, "index": 11, "dominantNormal": [0.9369500279426575, -0.34946340322494507, -7.759646330483984e-17], "obb": {"axesLengths": [1.0078895447819902, 0.7399999333918107, 0.29797633776179144], "centroid": [-2.7876354676416515, 0.13335595239091685, -0.6799999503926204], "normalizedAxes": [0.34946340322494507, 0.9369500279426575, 2.0804469878902442e-16, 0, -2.220446049250313e-16, 1, 0.9369500279426575, -0.34946340322494507, -7.759646330483984e-17]}, "segments": [18770, 46567, 18892, 19043, 46547, 20803, 46469, 20535, 20546, 18317, 18400, 18429, 18944, 18980, 18985, 19013, 19039, 19066, 19102, 20554, 20572, 20824, 46493, 46544, 46201, 20742, 46364, 18633, 19170, 46094, 46122, 18563, 18623, 18702, 18508, 20075, 20082], "label": "shelf"}, {"objectId": 14, "id": 14, "partId": 14, "index": 12, "dominantNormal": [0.8387851119041443, -0.5444625616073608, -1.2089497438857696e-16], "obb": {"axesLengths": [1.7968941790406832, 2.437269931198583, 0.6010234672256889], "centroid": [-1.7868207730797014, 1.7579841511174095, -0.38863498908210636], "normalizedAxes": [0.5444625616073608, 0.8387851119041443, 1.862477087897539e-16, 0, -2.220446049250313e-16, 1, 0.8387851119041443, -0.5444625616073608, -1.2089497438857696e-16]}, "segments": [1562, 24396, 44411, 47141, 44869, 46749, 10852, 46811, 10708, 22911, 708, 22790, 46679, 11211, 45714, 26267, 1614, 21800, 52647, 22952, 23032, 7121, 51645, 483, 721, 749, 777, 1637, 1943, 1978, 1983, 2013, 3718, 4056, 4102, 4188, 4189, 4202, 4402, 4584, 4592, 4600, 4633, 4652, 4681, 4870, 4877, 4914, 4924, 5063, 5157, 5233, 5431, 7227, 9177, 9180, 9238, 9244, 9301, 10601, 10602, 10676, 10693, 10697, 10776, 11112, 11382, 11544, 12666, 12693, 12712, 15097, 15341, 15978, 15984, 16107, 16200, 19684, 20079, 21873, 21893, 21982, 22939, 22987, 23860, 23883, 24153, 24753, 24763, 24770, 26816, 26882, 27263, 27512, 27594, 27747, 27790, 29894, 30124, 43799, 43801, 43803, 43805, 43807, 43836, 43838, 43841, 43852, 43855, 43860, 43884, 43893, 43906, 43973, 44091, 44177, 44178, 44180, 44183, 44540, 44567, 44573, 44580, 44845, 44872, 45038, 45062, 45065, 45077, 45080, 45582, 45696, 46248, 46671, 46892, 47116, 47118, 47298, 52675, 3828, 4661, 4411, 3823, 45597, 45154, 45514, 45534, 45103, 45662, 13898, 45640, 45650, 49282, 27415, 34530, 50208, 13450, 13803, 32657, 35809, 35820, 30126, 50160, 30135, 30137, 35882, 50262, 35890, 50254, 35769, 3781, 5449, 5498, 6507, 13821, 13906, 13910, 13917, 13933, 13972, 13978, 14365, 14392, 14413, 21105, 21172, 29570, 32553, 32554, 32582, 32597, 32598, 32607, 32617, 35787, 35817, 35830, 35851, 35859, 35868, 35924, 35955, 44112, 45052, 45069, 45145, 45151, 45313, 45631, 45954, 45958, 49075, 49251, 49276, 49278, 49291, 49352, 49356, 50136, 50157, 50260, 50275, 3847], "label": "wardrobe"}, {"objectId": 15, "id": 15, "partId": 15, "index": 13, "dominantNormal": [-0.4409591555595398, -0.8975271582603455, -1.9929106326540446e-16], "obb": {"axesLengths": [1.018751150657588, 1.3677258264967982, 0.4152528744030712], "centroid": [-1.3661740942258556, -0.7875101635760003, -0.6887870715871368], "normalizedAxes": [0.8975271582603455, -0.4409591853618622, -9.791260810173834e-17, 0, -2.220446049250313e-16, 1, -0.4409591853618622, -0.8975271582603455, -1.9929106326540446e-16]}, "segments": [40452, 31628, 53387, 29776, 29783, 31880, 31960, 32046, 32332, 32351, 38722, 39249, 39263, 39415, 39650, 39711, 40463, 40481, 42557, 52572, 53092, 53344, 53389, 53400, 53404, 54278, 39297, 53063, 17597, 52998, 32082, 38704, 42552, 43152, 40420, 48209, 32117, 32721], "label": "cabinet"}, {"objectId": 16, "id": 16, "partId": 16, "index": 14, "dominantNormal": [0.719856858253479, 0.6941225528717041, 1.541261680219517e-16], "obb": {"axesLengths": [0.7728459423735257, 0.7824600164042406, 0.7377655708397891], "centroid": [-0.5602910561496472, -1.068168159722111, -0.9612299765506395], "normalizedAxes": [-0.6941225528717041, 0.719856858253479, 1.59840331693468e-16, 0, -2.220446049250313e-16, 1, 0.719856858253479, 0.6941225528717041, 1.541261680219517e-16]}, "segments": [53490, 53557, 40381, 42407, 3065, 7578, 9007, 40384, 40402, 41142, 41144, 42022, 42057, 42093, 42430, 53426, 53466, 53595, 53598, 53605, 55016, 55930, 3068, 42871, 42917, 42886, 43097, 42412, 42921, 42635, 9044, 41766], "label": "chair"}, {"objectId": 17, "id": 17, "partId": 17, "index": 15, "dominantNormal": [0.8541021347045898, -0.5201053023338318, -1.1548657637612964e-16], "obb": {"axesLengths": [1.555973209778462, 1.0599999190866962, 0.8594828619421406], "centroid": [0.4410465271559485, -1.055313268943998, -0.8999999442831444], "normalizedAxes": [0.5201053023338318, 0.8541021347045898, 1.8964877106610652e-16, 0, -2.220446049250313e-16, 1, 0.8541021347045898, -0.5201053023338318, -1.1548657637612964e-16]}, "segments": [14620, 13099, 52804, 8204, 8841, 40143, 8830, 2346, 51716, 14258, 41425, 36884, 13103, 44553, 2970, 3812, 3818, 3868, 3886, 3887, 4513, 4526, 4537, 4544, 8278, 8299, 8333, 8351, 8377, 8388, 8395, 8408, 8855, 9992, 10018, 11879, 11885, 11903, 12264, 12272, 12300, 12419, 12484, 12494, 12495, 12508, 12559, 12565, 12586, 12843, 12873, 12882, 12893, 12903, 12943, 13002, 13016, 13063, 13568, 13627, 19429, 19483, 19504, 19506, 19525, 19894, 19909, 19942, 19976, 21767, 21772, 21819, 22140, 35112, 35157, 35238, 38425, 38437, 38462, 38493, 38510, 38511, 38591, 38724, 38731, 40880, 40887, 41028, 41056, 41081, 41314, 41455, 41477, 41504, 41518, 41708, 41733, 41774, 41799, 41975, 42053, 42061, 42077, 42556, 42571, 42630, 42647, 42673, 42690, 42861, 42880, 42916, 43358, 44083, 44253, 44260, 44348, 44353, 44368, 44376, 44380, 44382, 44895, 44921, 46078, 48803, 48834, 50145, 51738, 51892, 51965, 51986, 51997, 52026, 52040, 52373, 52426, 52623, 9963, 11799, 8971, 54590, 45471, 44209, 11814, 19068, 54951, 39120, 6973, 8374, 40702, 40804, 19080, 42432, 11512, 11476, 39150, 51926, 12271], "label": "crib"}, {"objectId": 18, "id": 18, "partId": 18, "index": 16, "dominantNormal": [-0.6026625633239746, -0.7979961037635803, -1.7719072959189848e-16], "obb": {"axesLengths": [1.599394761467827, 0.9272400231531249, 0.8829576526862664], "centroid": [0.9869031851491004, 0.8139824215399405, -0.9336199881207203], "normalizedAxes": [0.7979961037635803, -0.6026625633239746, -1.338179707763786e-16, 0, -2.220446049250313e-16, 1, -0.6026625633239746, -0.7979961037635803, -1.7719072959189848e-16]}, "segments": [14037, 29970, 7554, 36557, 7522, 7492, 25519, 7839, 4712, 7526, 11128, 11251, 11261, 13176, 13312, 13493, 13651, 13725, 14106, 14109, 14136, 14219, 14246, 14256, 14323, 14833, 24520, 24578, 25249, 25319, 25377, 29683, 29753, 29819, 34062, 34401, 34421, 34424, 34450, 34452, 37420, 37639, 37646, 44888, 44889, 45162, 45164, 47512, 47514, 47517, 47687, 47764, 47768, 47779, 47829, 48446, 49640, 49649, 49691, 49694, 49727, 49384, 33984, 14783, 3605, 14771, 32789], "label": "changing table"}, {"objectId": 19, "id": 19, "partId": 19, "index": 17, "dominantNormal": [-0.46384719014167786, -0.885915219783783, -1.9671269497396237e-16], "obb": {"axesLengths": [0.44973937822109744, 1.2178100224328774, 0.36033829725489075], "centroid": [0.2457063236164695, 1.404203926838235, -0.7778949967632075], "normalizedAxes": [0.885915219783783, -0.46384719014167786, -1.0299476608059474e-16, 0, -2.220446049250313e-16, 1, -0.46384719014167786, -0.885915219783783, -1.9671269497396237e-16]}, "segments": [48530, 25023, 25538, 25646, 25721, 35469, 25772, 25395, 33761, 48514, 4961, 5015, 5018, 5047, 5181, 5190, 25218, 25222, 25270, 25372, 25471, 25661, 47637, 47640, 47641, 47676, 48425, 47678, 25615, 25563, 26270], "label": "floor lamp"}, {"objectId": 20, "id": 20, "partId": 20, "index": 18, "dominantNormal": [0.9846687912940979, -0.17443449795246124, -3.873223918315044e-17], "obb": {"axesLengths": [0.4219240059669328, 0.4364569685655019, 0.3854436438056493], "centroid": [-1.2974013988958921, 0.8725744884649869, -1.1161314776049227], "normalizedAxes": [0.17443449795246124, 0.9846687912940979, 2.1864039274490608e-16, 0, -2.220446049250313e-16, 1, 0.9846687912940979, -0.17443449795246124, -3.873223918315044e-17]}, "segments": [35662, 30574, 50118, 30596, 30613, 28606, 28843, 30601, 35676, 48277, 48279, 50076, 35635, 34814, 49853, 48662, 30721, 35644, 49933, 48648, 30684, 30453, 28776, 28844, 30456, 50056, 50060, 48300, 30608, 48269], "label": "coffee table"}, {"objectId": 22, "id": 22, "partId": 22, "index": 19, "dominantNormal": [0, -2.220446049250313e-16, 1], "obb": {"axesLengths": [0.5477480410711645, 0.4432610174284644, 0.5366046998833472], "centroid": [-1.3437787386899784, 0.2835454679899157, -1.1302894579689329], "normalizedAxes": [0.13232021033763885, 0.9912070035934448, 2.2009216751183054e-16, 0, -2.220446049250313e-16, 1, 0.9912070035934448, -0.13232021033763885, -2.9380988828018063e-17]}, "segments": [25974, 35118, 25888, 32300, 36793, 36838, 37107, 35116, 36841], "label": "ottoman"}, {"objectId": 23, "id": 23, "partId": 23, "index": 20, "dominantNormal": [-0.4281907081604004, -0.903688371181488, -2.0065912735433856e-16], "obb": {"axesLengths": [0.6836159959860386, 0.4251919889779687, 0.15923475045168758], "centroid": [-1.4262436915115217, -0.9128116126710849, 0.480951012189216], "normalizedAxes": [0.903688371181488, -0.4281907081604004, -9.507743662604548e-17, 0, -2.220446049250313e-16, 1, -0.4281907081604004, -0.903688371181488, -2.0065912735433856e-16]}, "segments": [48704, 28761, 30666, 29225, 30284, 48682, 30917, 48320, 48317, 31160, 55615, 28690, 30104, 30091, 30098, 31206, 30034, 30314, 47684, 48109, 48308, 48312, 48613], "label": "shelf"}, {"objectId": 24, "id": 24, "partId": 24, "index": 21, "dominantNormal": [-0.5891807675361633, -0.8080012202262878, -1.794123117240893e-16], "obb": {"axesLengths": [0.2506558971984915, 0.1999999985098841, 0.1650127213506538], "centroid": [-1.6798290868502583, -0.750360784281526, 0.010000009448750458], "normalizedAxes": [0.8080012798309326, -0.5891807675361633, -1.308244107569941e-16, 0, -2.220446049250313e-16, 1, -0.5891807675361633, -0.8080012798309326, -1.794123249589791e-16]}, "segments": [28420, 29070, 28858, 28885, 28942, 28987, 48297, 28797], "label": "object"}, {"objectId": 25, "id": 25, "partId": 25, "index": 22, "dominantNormal": [-0.4163212776184082, -0.9092175364494324, -2.0188684867182446e-16], "obb": {"axesLengths": [0.48130915458313045, 0.5599999749660495, 0.05987538011467984], "centroid": [-0.6449366496216546, -1.3465269554223815, 0.11000000125311238], "normalizedAxes": [0.9092175960540771, -0.4163212776184082, -9.244189361066373e-17, 0, -2.220446049250313e-16, 1, -0.4163212776184082, -0.9092175960540771, -2.0188686190671427e-16]}, "segments": [43263, 2745, 2742], "label": "picture"}, {"objectId": 26, "id": 26, "partId": 26, "index": 23, "dominantNormal": [-0.4236200749874115, -0.9058399796485901, -2.0113688040636959e-16], "obb": {"axesLengths": [0.6874109029418038, 0.4328617859737174, 0.1590745126534462], "centroid": [0.10604378387765545, -1.6255201022935006, 0.19356910603107913], "normalizedAxes": [0.9058399796485901, -0.4236200749874115, -9.406255218889192e-17, 0, -2.220446049250313e-16, 1, -0.4236200749874115, -0.9058399796485901, -2.0113688040636959e-16]}, "segments": [42, 44746, 2620, 2606, 35122, 36022, 36013, 2562], "label": "shelf"}, {"objectId": 27, "id": 27, "partId": 27, "index": 24, "dominantNormal": [-0.1423112452030182, -0.9898219704627991, -2.1978462837752823e-16], "obb": {"axesLengths": [0.6026365916011042, 0.5599999600648885, 0.3101649198839651], "centroid": [0.34938806330380645, -1.7137054582328934, -0.5499999729678793], "normalizedAxes": [0.9898219704627991, -0.1423112452030182, -3.159944421749343e-17, 0, -2.220446049250313e-16, 1, -0.1423112452030182, -0.9898219704627991, -2.1978462837752823e-16]}, "segments": [43466, 43454, 6904, 43415], "label": "pillow"}, {"objectId": 28, "id": 28, "partId": 28, "index": 25, "dominantNormal": [0.2987692356109619, -0.9543253779411316, -2.1190280151486975e-16], "obb": {"axesLengths": [0.6436521724443175, 0.4066169767092842, 0.37598434504498696], "centroid": [0.4368543264401933, -1.4546940814238127, -0.6333084741375197], "normalizedAxes": [0.9543253779411316, 0.2987692654132843, 6.634010350243453e-17, 0, -2.220446049250313e-16, 1, 0.2987692654132843, -0.9543253779411316, -2.1190280151486975e-16]}, "segments": [44340, 43289, 6575, 48592, 47189], "label": "pillow"}, {"objectId": 29, "id": 29, "partId": 29, "index": 26, "dominantNormal": [-0.5506967306137085, -0.8347054123878479, -1.8534183352244502e-16], "obb": {"axesLengths": [0.8500700281625748, 0.76122693506121, 0.5325862181492612], "centroid": [0.7075005120013207, -0.6016894712203299, -0.9093864537302457], "normalizedAxes": [0.8347054123878479, -0.5506967306137085, -1.222792379826273e-16, 0, -2.220446049250313e-16, 1, -0.5506967306137085, -0.8347054123878479, -1.8534183352244502e-16]}, "segments": [10141, 44148, 50667, 13295, 15728, 10142, 12545, 4287, 15105, 14625, 44909, 12520, 15727, 12902], "label": "blanket"}, {"objectId": 30, "id": 30, "partId": 30, "index": 27, "dominantNormal": [0, -2.220446049250313e-16, 1], "obb": {"axesLengths": [0.846874463594531, 0.12000000208616246, 0.23455826164726515], "centroid": [1.51459574568412, 0.5177640847130066, -0.4099999755010766], "normalizedAxes": [0.27129700779914856, 0.9624956846237183, 2.1371697403432105e-16, 0, -2.220446049250313e-16, 1, 0.9624956846237183, -0.27129700779914856, -6.024003691410508e-17]}, "segments": [49584, 13124], "label": "shelf"}, {"objectId": 31, "id": 31, "partId": 31, "index": 28, "dominantNormal": [0.9446329474449158, -0.3281288743019104, -7.285924625886295e-17], "obb": {"axesLengths": [0.27619959214351514, 0.3199999856948856, 0.20620401135379154], "centroid": [1.5344667453882437, 0.41653217724088865, -0.24999998265363388], "normalizedAxes": [0.3281288743019104, 0.9446329474449158, 2.0975064961457419e-16, 0, -2.220446049250313e-16, 1, 0.9446329474449158, -0.3281288743019104, -7.285924625886295e-17]}, "segments": [37418, 51054, 51047, 37433], "label": "object"}, {"objectId": 32, "id": 32, "partId": 32, "index": 29, "dominantNormal": [0.9721336364746094, -0.2344273030757904, -5.205331789510446e-17], "obb": {"axesLengths": [0.4227756700999804, 0.2684149831142653, 0.20520014957248345], "centroid": [1.6501472676666187, 0.666985994514927, -0.27579248394394384], "normalizedAxes": [0.2344273179769516, 0.9721336364746094, 2.1585702924533864e-16, 0, -2.220446049250313e-16, 1, 0.9721336364746094, -0.2344273179769516, -5.205332120382691e-17]}, "segments": [51081, 34281, 49737], "label": "books"}, {"objectId": 33, "id": 33, "partId": 33, "index": 30, "dominantNormal": [-0.43264883756637573, -0.901562511920929, -2.001870917747015e-16], "obb": {"axesLengths": [0.7429293896680567, 0.6501230154158987, 0.2599214502453072], "centroid": [1.2683942191310005, 0.9725075947854371, -0.23506149438489699], "normalizedAxes": [0.901562511920929, -0.43264883756637573, -9.606734020869994e-17, 0, -2.220446049250313e-16, 1, -0.43264883756637573, -0.901562511920929, -2.001870917747015e-16]}, "segments": [9313, 9561, 14628, 32701], "label": "pillow"}, {"objectId": 34, "id": 34, "partId": 34, "index": 31, "dominantNormal": [0, -2.220446049250313e-16, 1], "obb": {"axesLengths": [0.637144168215745, 0.3067030242077329, 0.5195237354545099], "centroid": [-0.8045558804935884, 1.8032969196555526, -0.9358584852087095], "normalizedAxes": [0.9857558012008667, -0.16818290948867798, -3.73441076925558e-17, 0, -2.220446049250313e-16, 1, -0.16818290948867798, -0.9857558012008667, -2.1888175743020415e-16]}, "segments": [56090, 32057, 27647, 27442, 38960, 52229, 52063], "label": "cushion"}, {"objectId": 35, "id": 35, "partId": 35, "index": 32, "dominantNormal": [0, -2.220446049250313e-16, 1], "obb": {"axesLengths": [0.6859699364367627, 0.32015299081460374, 0.49514141632219777], "centroid": [-0.3292717742094561, 1.5673293847852683, -0.9393934875997125], "normalizedAxes": [-0.6299487948417664, 0.7766366600990295, 1.7244798036198484e-16, 0, -2.220446049250313e-16, 1, 0.7766366600990295, 0.6299487948417664, 1.398767312736396e-16]}, "segments": [40364, 38887, 38769, 38964, 38997, 39007, 39067, 39073, 41857, 41886, 52328, 52340, 52346, 53336, 40855], "label": "cushion"}, {"objectId": 36, "id": 36, "partId": 36, "index": 33, "dominantNormal": [0.9995685815811157, -0.02937084622681141, -6.521637946746186e-18], "obb": {"axesLengths": [0.2577008695406185, 0.31999999500811094, 0.23637196965646792], "centroid": [-2.690328739458133, 0.27880845519974645, 0.15000000970952088], "normalizedAxes": [0.02937084622681141, 0.9995685815811157, 2.2194881079265277e-16, 0, -2.220446049250313e-16, 1, 0.9995685815811157, -0.02937084622681141, -6.521637946746186e-18]}, "segments": [18665, 18790, 10969, 18441, 11052, 18782, 10484, 10561, 11006, 17890, 44188], "label": "price tag"}, {"objectId": 37, "id": 37, "partId": 37, "index": 34, "dominantNormal": [0, -2.220446049250313e-16, 1], "obb": {"axesLengths": [0.5132030742107744, 0.410730948804372, 0.44198508620484583], "centroid": [-0.6748818275891321, -1.0278140617119544, -0.7490904642234643], "normalizedAxes": [-0.17586331069469452, 0.9844145774841309, 2.1858394593990546e-16, 0, -2.220446049250313e-16, 1, 0.9844145774841309, 0.17586331069469452, 3.904949934401148e-17]}, "segments": [42859, 42399, 53464, 44031, 41405], "label": "cushion"}, {"objectId": 38, "id": 38, "partId": 38, "index": 35, "dominantNormal": [-0.5261220932006836, -0.8504090309143066, -1.8882873729404595e-16], "obb": {"axesLengths": [0.522254634474897, 0.3399999866634609, 0.19204587377248097], "centroid": [0.18100798611800084, -1.656597140364265, 0.18000000464312604], "normalizedAxes": [0.8504090309143066, -0.5261220932006836, -1.168225723270763e-16, 0, -2.220446049250313e-16, 1, -0.5261220932006836, -0.8504090309143066, -1.8882873729404595e-16]}, "segments": [35762, 35160, 35849, 819, 862, 2589, 43767, 35626], "label": "books"}, {"objectId": 39, "id": 39, "partId": 39, "index": 36, "dominantNormal": [-0.41556814312934875, -0.9095620512962341, -2.0196334633487337e-16], "obb": {"axesLengths": [0.2670402468015943, 0.15999999284744298, 0.14423686817739978], "centroid": [0.245852569678094, -1.694350915997963, 0.3300000025942167], "normalizedAxes": [0.9095620512962341, -0.41556814312934875, -9.227466416058511e-17, 0, -2.220446049250313e-16, 1, -0.41556814312934875, -0.9095620512962341, -2.0196334633487337e-16]}, "segments": [98], "label": "stuffed animal"}, {"objectId": 40, "id": 40, "partId": 40, "index": 37, "dominantNormal": [0.8887287974357605, -0.4584333598613739, -1.0179265427487347e-16], "obb": {"axesLengths": [0.6943726721973983, 2.5400000242888905, 0.43332368868494975], "centroid": [-3.300391997303742, -0.7828606111371896, -0.1999999718502925], "normalizedAxes": [0.4584333300590515, 0.8887287974357605, 1.9733743471212162e-16, 0, -2.220446049250313e-16, 1, 0.8887287974357605, -0.4584333300590515, -1.0179264765742857e-16]}, "segments": [21423, 22526, 27100, 26643, 11015, 22401, 11727, 47811, 26024, 22517, 47789, 11563, 16733, 38620, 16396, 16453, 16958, 45743, 16876, 16839, 10949, 11107, 11392, 11407, 11418, 11449, 11471, 11569, 11576, 11764, 11793, 11827, 11843, 11850, 11870, 11897, 11905, 11946, 11965, 11972, 11982, 11984, 11997, 12041, 16288, 16357, 16388, 16495, 16499, 16754, 16782, 16807, 16808, 16856, 16885, 16893, 16918, 16943, 16967, 16969, 16971, 17013, 17015, 17049, 17060, 17065, 17071, 17156, 17197, 17203, 17231, 17248, 22437, 26074, 26083, 26091, 26124, 26143, 38623, 44935, 44947, 45674, 45679, 45693, 45730, 45731, 45740, 45746, 45752, 45766, 45804, 45810, 45815, 45819, 45863, 45949, 45967, 47773, 47784, 47796, 47817, 48061], "label": "wall /other room"}, {"objectId": 41, "id": 41, "partId": 41, "index": 38, "dominantNormal": [0, -2.220446049250313e-16, 1], "obb": {"axesLengths": [5.702690239164603, 1.1199999797344213, 5.033758627139531], "centroid": [-0.2639479246764826, 0.303589536224171, 1.6899999715998013], "normalizedAxes": [0.9162808656692505, -0.40053635835647583, -8.893693744937444e-17, 0, -2.220446049250313e-16, 1, -0.40053635835647583, -0.9162808656692505, -2.034552228178944e-16]}, "segments": [33247, 33200, 5125, 5761, 6760, 33151, 33153, 33216, 49426, 51116, 51120, 51123, 33328, 5873, 5865, 33319, 47409, 24471, 23083, 24133, 23592, 47349, 21147, 21664, 21574, 47374, 5492, 44104, 5550, 7949, 7924, 10004, 44974, 8460, 7606, 28508, 14989, 6912, 5172, 10311, 5147, 5173, 5414, 5556, 5586, 5589, 5603, 5616, 5879, 5925, 5941, 5969, 5973, 5984, 6009, 6181, 6231, 6255, 7944, 7977, 7983, 8449, 8451, 8471, 8482, 8528, 8535, 8540, 9945, 10261, 14966, 14975, 14982, 15002, 20385, 21989, 22013, 22053, 23070, 23088, 23142, 23148, 23163, 23165, 23197, 24302, 24412, 24421, 24424, 24468, 28394, 28397, 28402, 28434, 28458, 28474, 28507, 28513, 28520, 29267, 29284, 29297, 44097, 44637, 46649, 46652, 46840, 46844, 46870, 46872, 46875, 48187, 48421, 8548, 20381, 25877, 24474, 11539, 53673, 49293, 15532, 15573, 15591, 18108, 21143, 21164, 25687, 25946, 40417, 43739, 48096, 49350, 53214, 1045, 49901, 972, 2861, 50952, 250, 27841, 102, 122, 201, 229, 243, 267, 281, 319, 366, 387, 515, 553, 563, 757, 810, 859, 901, 902, 923, 1032, 1059, 1089, 1099, 1131, 1168, 1175, 1176, 1181, 3250, 3254, 3260, 3496, 3497, 4981, 5036, 5090, 5141, 5628, 5833, 5870, 6289, 6557, 6743, 7162, 7241, 7272, 7846, 7851, 7889, 7971, 8543, 10666, 10756, 12361, 14809, 14836, 15505, 15508, 15597, 15602, 15608, 15615, 15618, 15945, 16037, 21578, 23602, 27753, 27762, 27779, 27810, 27860, 27881, 27883, 28932, 32835, 33300, 33304, 33305, 34897, 34903, 35310, 35325, 35380, 35389, 36860, 37266, 37278, 37471, 37477, 37941, 38582, 38602, 38663, 38756, 38758, 39351, 39361, 39378, 39384, 39910, 40500, 40561, 40591, 40632, 43663, 43665, 43666, 43670, 43675, 43686, 43688, 43697, 43700, 43721, 43723, 43741, 45168, 48147, 48165, 48169, 48174, 48817, 48818, 48821, 48827, 49863, 49865, 49894, 49895, 49971, 49975, 50151, 50718, 50720, 50845, 50923, 50926, 50930, 50998, 51005, 51663, 51671, 53139, 53225, 54231, 34904, 2508, 2838, 2884, 3306, 3314, 3338, 3394, 3466, 3486, 32844, 33079, 35384, 44020, 50351, 50352, 32855, 36939, 50869, 34678, 38004, 12996, 13044, 7062, 28910, 5268, 33700, 33720, 2463, 34757, 5238, 5357, 12991, 31599, 31566, 48839, 31770, 31055, 5698, 12826, 12922, 15923, 20241, 28896, 30631, 31004, 31005, 31038, 31050, 31557, 31790, 33647, 33701, 34040, 34060, 34331, 34668, 34698, 34719, 34721, 43775, 44005, 48280, 49800, 49804, 50859, 8887, 8894, 8923, 7337, 37236, 31397, 6581, 2518, 31274, 32653, 35060], "label": "ceiling"}, {"objectId": 45, "id": 45, "partId": 45, "index": 39, "dominantNormal": [0, -2.220446049250313e-16, 1], "obb": {"axesLengths": [0.5395323223264102, 0.21371560066083956, 0.2514488084011407], "centroid": [-1.414936783955242, -0.8454410642965047, 0.043142214035714055], "normalizedAxes": [0.9350711703300476, -0.3544600307941437, -7.870593749940006e-17, 0, -2.220446049250313e-16, 1, -0.3544600307941437, -0.9350711703300476, -2.0762750859272208e-16]}, "segments": [28412, 28510, 55993, 56000, 28319, 28915], "label": "audio system"}, {"objectId": 50, "id": 50, "partId": 50, "index": 44, "dominantNormal": [-0.4311840534210205, -0.9022639989852905, -2.0034285319276768e-16], "obb": {"axesLengths": [1.1961224958110575, 0.6937142828021727, 0.16612568475314246], "centroid": [0.999475069762688, 1.1490692904402464, 0.2831428515073755], "normalizedAxes": [0.9022639989852905, -0.4311840534210205, -9.574209279184409e-17, 0, -2.220446049250313e-16, 1, -0.4311840534210205, -0.9022639989852905, -2.0034285319276768e-16]}, "segments": [53916, 7019, 38995, 44630, 9730, 6995, 44613, 38110, 12206, 9486, 14465, 49767, 1648, 14467, 9764, 21109, 46613, 21006, 21022, 21079, 24263, 46609, 47316, 23440, 47207, 24230, 20949, 20975, 21041], "label": "shelf"}], "scan_id": "c7895f1d-339c-2d13-820f-f998ab956707", "annId": "6266", "appId": "stk.v1"}