{"segGroups": [{"objectId": 20, "id": 20, "partId": 20, "index": 0, "dominantNormal": [-0.6491759419441223, -0.7606382369995117, -1.688956168254289e-16], "obb": {"axesLengths": [0.31019658355909907, 0.26435994511038174, 0.20669743124525689], "centroid": [-1.6030251256443364, 0.5999182353179128, -1.1488601029174037], "normalizedAxes": [0.7606382369995117, -0.6491760015487671, -1.441460287907075e-16, 0, -2.220446049250313e-16, 1, -0.6491760015487671, -0.7606382369995117, -1.688956168254289e-16]}, "segments": [5152, 5192, 27451, 11277, 11012, 11234, 27460], "label": "trashcan"}, {"objectId": 21, "id": 21, "partId": 21, "index": 1, "dominantNormal": [0.9997472167015076, -0.02248384803533554, -4.9924171542005215e-18], "obb": {"axesLengths": [0.36654527763029404, 0.2418519800487462, 0.237099612547427], "centroid": [-0.09063594303773637, 2.02487342532716, -0.3709261353106954], "normalizedAxes": [0.02248384617269039, 0.9997472167015076, 2.219884757573859e-16, 0, -2.220446049250313e-16, 1, 0.9997472167015076, -0.02248384617269039, -4.992416740610215e-18]}, "segments": [20793, 10152, 10171], "label": "basket"}, {"objectId": 22, "id": 22, "partId": 22, "index": 2, "dominantNormal": [0, -2.220446049250313e-16, 1], "obb": {"axesLengths": [0.33428698751560465, 0.24000000417232464, 0.241889694330845], "centroid": [0.9395252134628129, 1.518938382244322, -0.37000014737248454], "normalizedAxes": [0.22967006266117096, 0.9732685685157776, 2.161090347820366e-16, 0, -2.220446049250313e-16, 1, 0.9732685685157776, -0.22967006266117096, -5.099699832670689e-17]}, "segments": [27744, 12906, 12936, 27990, 27736], "label": "plant"}, {"objectId": 23, "id": 23, "partId": 23, "index": 3, "dominantNormal": [0.9253689646720886, -0.37906762957572937, -8.416992204901094e-17], "obb": {"axesLengths": [0.2813699502613719, 0.6199999760091307, 0.14957489584234332], "centroid": [0.6402995657449713, 0.4347893475638749, -0.20000014193356064], "normalizedAxes": [0.37906762957572937, 0.9253689646720886, 2.0547318617049917e-16, 0, -2.220446049250313e-16, 1, 0.9253689646720886, -0.37906762957572937, -8.416992204901094e-17]}, "segments": [9555, 10806, 27151, 10764, 12294, 27578], "label": "papers"}, {"objectId": 24, "id": 24, "partId": 24, "index": 4, "dominantNormal": [0, -2.220446049250313e-16, 1], "obb": {"axesLengths": [3.139965399255576, 1.9510600130768108, 2.0438096854446552], "centroid": [-0.5078948244272327, 2.064586979530585, 2.214469828505739], "normalizedAxes": [0.9667734503746033, 0.255634605884552, 5.676228506880143e-17, 0, -2.220446049250313e-16, 1, 0.255634605884552, -0.9667734503746033, -2.1466682884043814e-16]}, "segments": [33953, 24753, 24762, 24765, 24774, 33987, 7004, 6988, 7048, 7057, 7135, 24974, 8745, 7526, 8041, 23395, 6435, 1795, 1807, 1817, 1820, 6404, 6418, 23135, 26832, 26869, 26874, 1955, 1938, 1749, 3541, 26032, 26212, 1741, 3547, 25294, 25754, 22115, 7804, 23290, 914, 811, 421, 433, 444, 482, 505, 509, 514, 573, 600, 717, 869, 873, 1113, 1140, 1142, 1146, 1156, 1191, 1198, 1214, 1226, 1288, 1304, 1311, 1376, 1393, 1399, 1407, 1420, 1477, 1505, 1524, 1530, 1661, 12499, 14382, 14639, 14892, 14922, 20476, 20496, 22792, 25750, 25857, 25860, 25885, 25891, 25918, 25933, 25935, 25947, 25953, 28109, 28110, 32963, 32967, 1423, 31792, 1467, 1648, 1691, 25958, 25987, 25993, 14456, 14388, 1086, 1041, 1057, 14334, 14342, 14434, 14444, 18700, 18735, 27994, 30578, 78, 11860, 12702, 18723, 18806, 18809], "label": "ceiling"}, {"objectId": 26, "id": 26, "partId": 26, "index": 5, "dominantNormal": [0.8270319104194641, -0.56215500831604, -1.248234867281628e-16], "obb": {"axesLengths": [1.1243605633236422, 1.9847299012974662, 0.7946891134298565], "centroid": [-2.420684618896768, 0.2589028100380345, -0.28236513885039827], "normalizedAxes": [0.56215500831604, 0.8270318508148193, 1.83637960574594e-16, 0, -2.220446049250313e-16, 1, 0.8270318508148193, -0.56215500831604, -1.248234867281628e-16]}, "segments": [30771, 18628, 5328, 26922, 7976, 7910, 8002, 8190, 26380, 26986, 8384, 9945, 26510, 8473, 6472, 8401, 26513, 26469, 26493, 6584, 8212, 8243, 26460, 6775, 6088, 6135, 7024, 7052, 8494, 6262, 6298, 6306, 6325, 6334, 6346, 6366, 8497, 8908, 8950, 9074, 26657, 26719, 26722, 26727, 26747, 26750, 26756, 26759, 26763], "label": "wall"}, {"objectId": 27, "id": 27, "partId": 27, "index": 6, "dominantNormal": [0.9299853444099426, -0.3675965368747711, -8.162282780216826e-17], "obb": {"axesLengths": [0.9621498686042845, 1.7199999305605895, 0.26435367957062733], "centroid": [-1.4131059139029625, 1.15179173626249, 0.14999985173344577], "normalizedAxes": [0.3675965666770935, 0.9299853444099426, 2.0649822838557488e-16, 0, -2.220446049250313e-16, 1, 0.9299853444099426, -0.3675965666770935, -8.162283441961316e-17]}, "segments": [3756, 26053, 31116, 31135, 12746, 15870, 12802, 27825, 6692, 27469, 27582, 6083, 19863, 36, 199, 206, 216, 272, 279, 303, 313, 323, 367, 1555, 2243, 2248, 2350, 2376, 2416, 2426, 3409, 3546, 3675, 5287, 5324, 5691, 7349, 11978, 12039, 13373, 13450, 15967, 15977, 16106, 19848, 25739, 25740, 26063, 26072, 26076, 26550, 26623, 27462, 27597, 27599, 27620, 27637, 27659, 27662, 27665, 27684, 27789, 27834, 28214, 28301, 105, 2287, 13323, 15998, 16007, 16044, 19715, 19718, 19945, 26514, 26516, 27335, 27820, 28846, 31092, 175, 5245, 89, 30304], "label": "mirror"}, {"objectId": 28, "id": 28, "partId": 28, "index": 7, "dominantNormal": [-0.060153648257255554, -0.9981891512870789, -2.2164251573799173e-16], "obb": {"axesLengths": [0.19906455561627545, 0.16000000774860357, 0.13387498326914374], "centroid": [-0.06971754260840413, 2.119452307651479, -0.29000014349818226], "normalizedAxes": [0.9981891512870789, -0.060153648257255554, -1.3356793062081608e-17, 0, -2.220446049250313e-16, 1, -0.060153648257255554, -0.9981891512870789, -2.2164251573799173e-16]}, "segments": [22252], "label": "picture"}, {"objectId": 29, "id": 29, "partId": 29, "index": 8, "dominantNormal": [0, -2.220446049250313e-16, 1], "obb": {"axesLengths": [0.4898303649319746, 0.22263302901462362, 0.3440579581518075], "centroid": [0.34503917283050867, 1.7034239793177006, -0.4013166505549144], "normalizedAxes": [0.6185846924781799, 0.7857181429862976, 1.744644746418217e-16, 0, -2.220446049250313e-16, 1, 0.7857181429862976, -0.6185846924781799, -1.3735339365398945e-16]}, "segments": [21450, 21383, 21318, 17371, 17453, 17361, 17478, 17486, 17495, 17549, 21291, 21329, 21368, 21464], "label": "item"}, {"objectId": 30, "id": 30, "partId": 30, "index": 9, "dominantNormal": [0.9247059226036072, -0.3806822896003723, -8.452844859627103e-17], "obb": {"axesLengths": [0.38444247747524646, 0.3447191787201348, 0.11573498889020452], "centroid": [-0.9053571824708774, 2.273480116171827, -0.1501425415245654], "normalizedAxes": [0.3806822597980499, 0.9247059226036072, 2.0532596125635453e-16, 0, -2.220446049250313e-16, 1, 0.9247059226036072, -0.3806822597980499, -8.452844197882612e-17]}, "segments": [6828, 34487, 24931, 24908, 25078, 34270, 6654, 34237, 25162], "label": "mirror"}, {"objectId": 33, "id": 33, "partId": 33, "index": 10, "dominantNormal": [0, -2.220446049250313e-16, 1], "obb": {"axesLengths": [0.3179061396317136, 0.12319004260323868, 0.29842059226684975], "centroid": [-1.0275328986718102, 0.8162025952428902, -1.2193151160482691], "normalizedAxes": [0.479196697473526, 0.8777075409889221, 1.9489022417860594e-16, 0, -2.220446049250313e-16, 1, 0.8777075409889221, -0.479196697473526, -1.0640304137188883e-16]}, "segments": [13755, 14250, 13906, 28081, 13990], "label": "stand"}, {"objectId": 34, "id": 34, "partId": 34, "index": 11, "dominantNormal": [0.9244474768638611, -0.3813094198703766, -8.466769948931065e-17], "obb": {"axesLengths": [0.3596849334215588, 0.9244499744970353, 0.16128280121510805], "centroid": [-1.1828494777720473, 1.669009006408921, -0.6322251361111184], "normalizedAxes": [0.3813094198703766, 0.9244474768638611, 2.0526857477417806e-16, 0, -2.220446049250313e-16, 1, 0.9244474768638611, -0.3813094198703766, -8.466769948931065e-17]}, "segments": [7682, 29517, 7653, 27065], "label": "towel"}, {"objectId": 1, "id": 1, "partId": 1, "index": 12, "dominantNormal": [0, -2.220446049250313e-16, 1], "obb": {"axesLengths": [4.877606807654353, 0.31521999131396417, 3.5115863885568164], "centroid": [-0.48200503227526303, 0.5860278271815531, -1.2476101555464412], "normalizedAxes": [0.9994586110115051, 0.03290071338415146, 7.3054259051356e-18, 0, -2.220446049250313e-16, 1, 0.03290071338415146, -0.9994586110115051, -2.219243924209702e-16]}, "segments": [5664, 11729, 17706, 12467, 12698, 4766, 4889, 4926, 6972, 7007, 7088, 7107, 7115, 7128, 7226, 7645, 7646, 9899, 10678, 12040, 13854, 14254, 15394, 17541, 26508, 27982, 29167, 30917, 21389, 25441, 992, 18858, 3932, 4014, 4043, 4117, 4139, 4143, 4920, 4927, 4958, 5008, 5081, 5086, 14985, 15086, 15089, 26246, 26451, 28146, 28149, 14986, 4022, 15041, 5091, 26411, 26447, 26453, 11621, 11641, 11538], "label": "floor"}, {"objectId": 2, "id": 2, "partId": 2, "index": 13, "dominantNormal": [-0.42912203073501587, -0.9032465219497681, -2.0056101711624487e-16], "obb": {"axesLengths": [2.306145848460955, 2.615500034045426, 0.20557415195999093], "centroid": [0.187154362045445, 2.0175545977787457, 0.02224984529055618], "normalizedAxes": [0.9032465219497681, -0.42912203073501587, -9.528423177918374e-17, 0, -2.220446049250313e-16, 1, -0.42912203073501587, -0.9032465219497681, -2.0056101711624487e-16]}, "segments": [23906, 11290, 33570, 8070, 10652, 13491, 17248, 17621, 17726, 22801, 23782, 24679, 27260, 29794, 33822, 33904, 33908], "label": "wall"}, {"objectId": 3, "id": 3, "partId": 3, "index": 14, "dominantNormal": [-0.4513837695121765, -0.8923299312591553, -1.9813704704921948e-16], "obb": {"axesLengths": [0.6568486412215473, 1.0999999843537807, 0.09923652534038373], "centroid": [0.14716942921282516, 2.0123358525497315, 0.4399998443573705], "normalizedAxes": [0.8923299312591553, -0.4513837695121765, -1.0022733077090263e-16, 0, -2.220446049250313e-16, 1, -0.4513837695121765, -0.8923299312591553, -1.9813704704921948e-16]}, "segments": [7999, 33999, 23786, 23405, 24299, 33356, 24617, 25036, 25024, 6942, 7438, 7408, 22887, 27003, 33193, 34033, 21756], "label": "window"}, {"objectId": 4, "id": 4, "partId": 4, "index": 15, "dominantNormal": [0.9048354029655457, -0.42576155066490173, -9.453805530965681e-17], "obb": {"axesLengths": [1.2455535749121842, 1.3399999326467522, 0.08642136449023138], "centroid": [-0.5118416038151447, 1.7455807432283006, 0.6199998158216475], "normalizedAxes": [0.42576152086257935, 0.9048354029655457, 2.0091381957366609e-16, 0, -2.220446049250313e-16, 1, 0.9048354029655457, -0.42576152086257935, -9.45380486922119e-17]}, "segments": [7877, 7278, 24880, 24992], "label": "wall"}, {"objectId": 5, "id": 5, "partId": 5, "index": 16, "dominantNormal": [0.8941933512687683, -0.4476810097694397, -9.940515294669432e-17], "obb": {"axesLengths": [1.0565427743855664, 1.3319928124846634, 0.07523074909075281], "centroid": [0.40713833919591536, 1.3684634810285663, 0.6440033563821719], "normalizedAxes": [0.4476809799671173, 0.8941933512687683, 1.985508094090634e-16, 0, -2.220446049250313e-16, 1, 0.8941933512687683, -0.4476809799671173, -9.940514632924942e-17]}, "segments": [23418], "label": "wall"}, {"objectId": 6, "id": 6, "partId": 6, "index": 17, "dominantNormal": [0.8459137678146362, -0.5333197116851807, -1.1842076467986754e-16], "obb": {"axesLengths": [1.1238109092262507, 1.179999988228083, 0.7688870030843183], "centroid": [0.6906083737627289, 1.206032719003121, 0.5199998445063829], "normalizedAxes": [0.5333197116851807, 0.8459137678146362, 1.8783058837504557e-16, 0, -2.220446049250313e-16, 1, 0.8459137678146362, -0.5333197116851807, -1.1842076467986754e-16]}, "segments": [9581], "label": "ceiling"}, {"objectId": 7, "id": 7, "partId": 7, "index": 18, "dominantNormal": [0.9023259878158569, -0.43105435371398926, -9.571329367163745e-17], "obb": {"axesLengths": [2.2830194288582293, 2.5742098709744976, 0.3304397233198849], "centroid": [-1.2679005056680044, 1.4770324423614078, 0.002894846657775396], "normalizedAxes": [0.43105438351631165, 0.9023259282112122, 2.0035660424327077e-16, 0, -2.220446049250313e-16, 1, 0.9023259282112122, -0.43105438351631165, -9.571330028908235e-17]}, "segments": [11407, 2120, 759, 2036, 2160, 2185, 2189, 2202, 8305, 11981, 11988, 12006, 12026, 14744, 18468, 19649, 26038, 26039, 26045, 26048, 27558, 29109, 29537, 23139, 7747, 18888, 24024, 24057, 24309, 31994, 32003, 33314, 33320, 33322, 33353, 17825, 1818, 28536, 6130, 5853, 5379, 19202, 14525, 747, 2710, 16137, 28492], "label": "wall"}, {"objectId": 8, "id": 8, "partId": 8, "index": 19, "dominantNormal": [0.8978243470191956, -0.44035378098487854, -9.777818132603112e-17], "obb": {"axesLengths": [1.4686890514371356, 2.3869499626692385, 0.20478937559807048], "centroid": [0.913676777535327, 0.8887812882097426, -0.0834751427141951], "normalizedAxes": [0.44035378098487854, 0.8978243470191956, 1.993570524259515e-16, 0, -2.220446049250313e-16, 1, 0.8978243470191956, -0.44035378098487854, -9.777818132603112e-17]}, "segments": [14561, 14780], "label": "wall"}, {"objectId": 9, "id": 9, "partId": 9, "index": 20, "dominantNormal": [0.9307456016540527, -0.36566734313964844, -8.11944607414291e-17], "obb": {"axesLengths": [1.2320093882423597, 1.4535799297635272, 0.782961205280593], "centroid": [-0.8186293824512563, 1.8628302466281004, 0.5367898206385231], "normalizedAxes": [0.36566731333732605, 0.9307456016540527, 2.066670394049847e-16, 0, -2.220446049250313e-16, 1, 0.9307456016540527, -0.36566731333732605, -8.11944541239842e-17]}, "segments": [25241, 34341, 4160], "label": "ceiling"}, {"objectId": 10, "id": 10, "partId": 10, "index": 21, "dominantNormal": [0.8318129181861877, -0.5550560355186462, -1.2324719811799195e-16], "obb": {"axesLengths": [0.5401237068581027, 1.7464399841478462, 0.4301737642913188], "centroid": [-0.94537141495646, 1.871931550758403, -0.40322015464559247], "normalizedAxes": [0.5550560355186462, 0.8318129777908325, 1.8469958402507925e-16, 0, -2.220446049250313e-16, 1, 0.8318129777908325, -0.5550560355186462, -1.2324719811799195e-16]}, "segments": [10371, 22633, 9660, 9623, 7753, 6801, 6731, 32989, 7634, 32415, 21982, 31807, 31923, 22195, 4683, 3796, 5898, 5922, 5956, 7675, 7697, 8109, 8114, 8122, 8136, 8138, 8225, 8229, 8288, 8527, 8586, 9626, 9710, 9729, 10283, 10292, 10294, 10393, 20915, 21076, 21630, 21883, 21922, 21969, 22326, 22328, 22391, 22408, 22428, 22447, 22483, 22699, 23797, 23801, 24305, 26881, 27078, 27081, 27164, 31873, 31912, 31980, 31984, 31986, 32559, 32573, 32591, 32757, 32891, 32907, 32910, 32913, 33090, 27218, 32635, 8388, 27047, 31987, 21092, 10409, 31997, 32829], "label": "rack"}, {"objectId": 11, "id": 11, "partId": 11, "index": 22, "dominantNormal": [0.830974817276001, -0.5563100576400757, -1.23525646964512e-16], "obb": {"axesLengths": [0.8777641077208066, 0.9118019734665306, 0.536312602305954], "centroid": [-1.2764030385427374, 0.9981577624206616, -0.8162091210586802], "normalizedAxes": [0.5563100576400757, 0.830974817276001, 1.8451347500469972e-16, 0, -2.220446049250313e-16, 1, 0.830974817276001, -0.5563100576400757, -1.23525646964512e-16]}, "segments": [6547, 11420, 14989, 32433, 18676, 5200, 11483, 12886, 12942, 13152, 13156, 13789, 13957, 16669, 18031, 18123, 18133, 18138, 18144, 18145, 18212, 18215, 19362, 27226, 27239, 27249, 27263, 27269, 27271, 27319, 28865, 28867, 28876, 28884, 28889, 28895, 28899], "label": "commode"}, {"objectId": 12, "id": 12, "partId": 12, "index": 23, "dominantNormal": [0, -2.220446049250313e-16, 1], "obb": {"axesLengths": [0.8412205981545773, 0.18981498055573615, 0.5495598855475418], "centroid": [-1.2780673493684236, 1.0158168195980295, -0.4553466356095708], "normalizedAxes": [0.55110764503479, 0.8344341516494751, 1.8528160153896136e-16, 0, -2.220446049250313e-16, 1, 0.8344341516494751, -0.55110764503479, -1.2237047931291435e-16]}, "segments": [30939, 30932, 31835, 19793, 20666, 20676, 20683, 30996], "label": "sink"}, {"objectId": 13, "id": 13, "partId": 13, "index": 24, "dominantNormal": [-0.3784702718257904, -0.9256134629249573, -2.0552747568846225e-16], "obb": {"axesLengths": [0.86015579748617, 0.9042290247031515, 0.5355574982156703], "centroid": [0.09356546247957354, 1.8176831203299295, -0.8445256480308139], "normalizedAxes": [0.9256134629249573, -0.378470242023468, -8.403727536598194e-17, 0, -2.220446049250313e-16, 1, -0.378470242023468, -0.9256134629249573, -2.0552747568846225e-16]}, "segments": [10189, 29619, 10046, 32163, 11540, 16439, 11006, 27347, 20858, 11117, 10091, 16487, 16597, 9609, 10195, 10198, 10209, 10214, 10216, 10244, 10264, 10971, 10974, 10978, 11008, 11167, 11176, 11643, 12186, 12190, 12588, 16497, 16584, 16603, 16632, 16636, 16659, 16692, 16696, 17508, 17524, 17533, 17544, 18061, 20543, 20566, 20586, 20885, 21364, 21382, 21396, 21413, 21422, 27367, 27373, 27375, 27395, 29176, 29180, 29187, 29188, 29194, 29197, 29200, 29571, 30666, 30667, 30672, 30676, 30678, 32032, 32345, 14200, 15701, 14192, 12177, 14179, 27976, 15169, 14211, 14206], "label": "commode"}, {"objectId": 14, "id": 14, "partId": 14, "index": 25, "dominantNormal": [-0.36743852496147156, 0.9300478100776672, 2.0651209855008617e-16], "obb": {"axesLengths": [0.6038721861328026, 0.9225899966972317, 0.6090901146085104], "centroid": [0.8102084358181816, 1.5093660521745194, -0.8312951457211004], "normalizedAxes": [-0.36743852496147156, 0.9300478100776672, 2.0651209855008617e-16, 0, -2.220446049250313e-16, 1, 0.9300478100776672, 0.36743852496147156, 8.158774210930621e-17]}, "segments": [32303, 32377, 13603, 13244, 13662, 15273, 16429, 29820, 16475, 29064, 17843, 17106, 29663, 12423, 16155, 29640, 11785, 12090, 13000, 13058, 13074, 13276, 13543, 13545, 13589, 15199, 15283, 15289, 15307, 15324, 15335, 15360, 15370, 15418, 16342, 16504, 16817, 16821, 16831, 16861, 16961, 17689, 17761, 17813, 17972, 17973, 17976, 18000, 18016, 18079, 18606, 21572, 27728, 27739, 27862, 27876, 28162, 28176, 28178, 28195, 29041, 29282, 29396, 29406, 29417, 29420, 29437, 29650, 29796, 29853, 29856, 30300, 30535, 32396, 29483], "label": "shelf"}, {"objectId": 15, "id": 15, "partId": 15, "index": 26, "dominantNormal": [0.9576036334037781, -0.28808900713920593, -6.39686097734695e-17], "obb": {"axesLengths": [0.9369898738590614, 0.6266270139822283, 0.5354598453870724], "centroid": [0.5977105832259841, 0.7629340024312213, -1.073466636461023], "normalizedAxes": [0.28808900713920593, 0.9576036334037781, 2.1263072045391642e-16, 0, -2.220446049250313e-16, 1, 0.9576036334037781, -0.28808900713920593, -6.39686097734695e-17]}, "segments": [11668, 15740, 25777, 23183, 25389, 22889, 24707, 11206, 18329, 18350, 18275, 16290, 18436, 30399, 193, 453, 930, 932, 934, 946, 958, 11316, 12207, 12465, 14014, 14782, 14789, 16196, 16258, 16262, 16269, 16270, 16288, 16337, 16347, 18265, 18283, 18352, 18411, 18435, 18461, 18516, 18528, 18546, 18551, 18571, 18573, 18574, 20723, 21192, 21690, 21713, 22343, 22520, 22584, 23190, 23242, 23255, 23419, 23510, 23531, 24185, 25106, 25393, 25420, 25421, 25719, 27595, 28864, 29036, 30341, 30349, 30386, 30390, 30439, 30442, 30449, 30457, 30460, 30496, 30509, 30511, 30523, 30525], "label": "bench"}, {"objectId": 40, "id": 40, "partId": 40, "index": 28, "dominantNormal": [-0.2355615496635437, -0.9718594551086426, -2.1579614875225474e-16], "obb": {"axesLengths": [0.47290511340629143, 0.8687580331692535, 0.3747851038745056], "centroid": [-0.6531031528308283, 2.2688476376669695, -0.8323411625100445], "normalizedAxes": [0.9718594551086426, -0.2355615496635437, -5.23051712305697e-17, 0, -2.220446049250313e-16, 1, -0.2355615496635437, -0.9718594551086426, -2.1579614875225474e-16]}, "segments": [33226, 23958, 21217, 21226, 21243, 21221, 22471, 22523, 22537, 22563, 22605, 23639, 23662, 32005, 32009, 32012, 33463, 10587, 20964, 33329, 24404, 20940, 10645, 22372, 22256, 33109, 33101, 33174, 23539, 23182, 23146, 10549, 10583, 10616, 10619, 10639, 21959, 21995, 21997, 22375, 23562, 23931, 24039, 24055, 24062, 24079, 24086, 24203, 24208, 24444, 24449, 24466, 27235, 32496, 32639, 33162, 33164, 33348, 33488, 33497, 33902, 23123, 23157, 23204], "label": "shelf"}, {"objectId": 50, "id": 50, "partId": 50, "index": 29, "dominantNormal": [0.7661700248718262, 0.6426379084587097, 1.4269428049356263e-16], "obb": {"axesLengths": [0.14565110574293905, 0.11816301677756713, 0.10816889041634328], "centroid": [-1.558249211140268, 0.8124613822066322, -0.35926664748937265], "normalizedAxes": [-0.6426379084587097, 0.7661700248718262, 1.7012392047806605e-16, 0, -2.220446049250313e-16, 1, 0.7661700248718262, 0.6426379084587097, 1.4269428049356263e-16]}, "segments": [31055, 19695, 31075, 19934, 31096], "label": "toiletry"}, {"objectId": 51, "id": 51, "partId": 51, "index": 30, "dominantNormal": [0.9922810792922974, 0.12400893867015839, 2.7535515794187756e-17], "obb": {"axesLengths": [0.14704440866947094, 0.10491800073717555, 0.101708308224944], "centroid": [-1.5449645233271485, 0.9197244758200745, -0.3597131309722439], "normalizedAxes": [-0.12400893121957779, 0.9922810792922974, 2.2033066022604183e-16, 0, -2.220446049250313e-16, 1, 0.9922810792922974, 0.12400893121957779, 2.753551413982653e-17]}, "segments": [19685, 30890, 30882], "label": "toiletry"}, {"objectId": 55, "id": 55, "partId": 55, "index": 31, "dominantNormal": [0.26652851700782776, -0.9638270139694214, -2.140125885329128e-16], "obb": {"axesLengths": [0.38738404781670827, 0.37743198027986313, 0.3315896972127229], "centroid": [-1.0372384160745638, 1.775852963725749, 0.5012838411789233], "normalizedAxes": [0.9638270139694214, 0.26652851700782776, 5.91812192602576e-17, 0, -2.220446049250313e-16, 1, 0.26652851700782776, -0.9638270139694214, -2.140125885329128e-16]}, "segments": [3699, 4433, 4564, 4659, 4561, 4511, 26334, 4520, 4752, 26277, 3729], "label": "plant"}, {"objectId": 56, "id": 56, "partId": 56, "index": 32, "dominantNormal": [0.744055986404419, -0.6681172847747803, -1.4835183854140072e-16], "obb": {"axesLengths": [0.19696590937445807, 0.24000000417232492, 0.1392731225439926], "centroid": [-1.17707575007494, 1.6461415440420337, 0.30999984458088825], "normalizedAxes": [0.6681172847747803, 0.744055986404419, 1.6521361754327367e-16, 0, -2.220446049250313e-16, 1, 0.744055986404419, -0.6681172847747803, -1.4835183854140072e-16]}, "segments": [5636, 16131, 2495, 5747, 5804, 26085, 26648, 26652, 26654, 26692, 4728, 5735, 5763, 5786, 5798, 26714, 28562], "label": "lamp"}, {"objectId": 57, "id": 57, "partId": 57, "index": 33, "dominantNormal": [-0.12472279369831085, -0.9921916127204895, -2.2031079465645076e-16], "obb": {"axesLengths": [0.1556578325657497, 0.1840079981682896, 0.13723896301202668], "centroid": [-1.7061579350045954, 0.5592696109088395, 0.31225483725395087], "normalizedAxes": [0.9921916127204895, -0.12472279369831085, -2.7694023451887618e-17, 0, -2.220446049250313e-16, 1, -0.12472279369831085, -0.9921916127204895, -2.2031079465645076e-16]}, "segments": [27535, 30541, 18647], "label": "lamp"}], "scan_id": "0cac7680-8d6f-2d13-8e05-f6da6172d239", "annId": "6343", "appId": "stk.v1"}