{"segGroups": [{"objectId": 1, "id": 1, "initialPoint": [2.1058332039821797, 1.1686668674097216, -1.3931065984744124], "index": 0, "dominantNormal": [0, -2.220446049250313e-16, 1], "obb": {"axesLengths": [8.132948987972721, 0.27999996513128445, 6.345961470805515], "centroid": [1.5867300825978121, 1.3642309425747792, -1.3300000746548166], "normalizedAxes": [0.9803416728973389, -0.1973072737455368, -4.381101564766272e-17, 0, -2.220446049250313e-16, 1, -0.1973072737455368, -0.9803416728973389, -2.1767957945003388e-16]}, "segments": [34733, 2146, 6351, 6365, 9092, 17131, 17534, 17642, 17664, 17677, 17698, 17758, 17802, 17864, 17872, 18129, 18172, 18174, 18439, 18593, 18670, 18671, 18679, 19534, 19537, 19546, 19552, 19609, 19610, 19629, 19644, 19665, 19900, 22286, 23917, 25021, 25030, 25782, 28086, 28124, 29228, 32157, 32262, 32406, 33007, 35789, 36180, 37595, 37925, 39871, 39873, 39876, 39882, 39888, 42326, 18567, 23583, 23904, 23922, 24035, 24328, 28879, 28933, 28937, 29346, 29708, 35511, 23973, 16896, 23474, 30665, 20741, 10349, 6403, 5862, 3589, 11707, 11612, 3047, 4955, 5472, 5524, 5527, 5730, 5734, 5769, 6003, 6018, 6057, 6165, 6226, 6243, 6249, 6262, 6270, 6279, 6288, 6309, 7035, 7153, 7185, 7429, 7523, 7533, 7534, 7575, 7579, 7676, 7702, 7739, 7811, 7910, 7983, 8104, 8112, 8120, 8166, 8223, 8298, 8314, 8323, 8329, 8372, 8417, 8420, 8504, 8514, 8531, 8605, 8607, 8689, 8750, 8759, 8771, 8773, 8783, 8789, 8799, 8807, 8865, 8882, 8883, 8913, 9112, 9113, 9127, 9152, 9171, 10731, 11200, 11265, 11511, 11544, 11573, 11575, 13299, 14098, 14146, 15339, 15381, 15431, 15473, 15552, 15564, 15569, 15925, 15926, 17046, 18519, 19125, 19416, 19485, 19502, 19628, 20671, 21847, 21858, 21919, 21931, 21932, 21937, 21939, 21954, 21988, 22281, 22321, 22424, 22440, 22483, 22563, 23275, 23328, 23953, 23968, 24012, 24037, 24057, 24320, 24330, 24371, 24393, 24413, 24422, 24432, 24450, 24454, 25599, 25689, 26537, 26546, 26602, 26697, 26704, 27206, 27222, 27227, 27257, 28914, 29455, 30814, 35040, 35459, 35732, 35746, 36276, 36397, 36398, 36408, 36506, 36571, 36621, 36667, 36681, 36716, 38883, 38886, 38950, 38959, 38963, 38964, 38966, 38967, 38985, 38990, 39290, 39844, 39846, 39852, 39914, 39917, 39983, 39987, 39990, 39992, 40004, 40005, 40006, 40013, 40018, 40044, 40047, 40051, 40054, 40114, 40116, 40122, 40124, 40126, 40130, 40132, 41630, 41749, 42256, 42399, 589, 33902, 22103, 15826, 20970, 2354, 21613, 28891, 24793], "partId": 1, "label": "floor"}, {"objectId": 2, "id": 2, "initialPoint": [4.961481429590943, -1.288843722820908, 1.0119553814591753], "index": 1, "dominantNormal": [0.8238171339035034, -0.5668556690216064, -1.258672430774169e-16], "obb": {"axesLengths": [3.4987555607847134, 2.707499920409173, 0.12680782136039595], "centroid": [4.695563472735209, -1.621539849131434, -0.042240084136128564], "normalizedAxes": [0.5668556690216064, 0.8238171339035034, 1.8292415002807503e-16, 0, -2.220446049250313e-16, 1, 0.8238171339035034, -0.5668556690216064, -1.258672430774169e-16]}, "segments": [4933, 4384, 18571, 38584, 31856, 463, 163, 3656, 16541, 758, 1080, 1007, 2227, 27287, 4684], "partId": 2, "label": "wall"}, {"objectId": 3, "id": 3, "initialPoint": [4.102291134541609, -2.4721088356331142, 0.12879722207320743], "index": 2, "dominantNormal": [0.8235929012298584, -0.567181408405304, -1.2593957175017855e-16], "obb": {"axesLengths": [0.620092019169372, 0.7799999837577343, 0.050478224263932905], "centroid": [4.144686133130022, -2.4102159804011256, 0.07999993495643132], "normalizedAxes": [0.567181408405304, 0.8235929012298584, 1.8287436037264424e-16, 0, -2.220446049250313e-16, 1, 0.8235929012298584, -0.567181408405304, -1.2593957175017855e-16]}, "segments": [3771, 4881, 4045, 3089], "partId": 3, "label": "picture"}, {"objectId": 4, "id": 4, "initialPoint": [4.67390683324478, -1.6545714790032209, 0.30336232535340946], "index": 3, "dominantNormal": [0.8257653713226318, -0.5640137791633606, -1.2523621676660226e-16], "obb": {"axesLengths": [0.5719325950945586, 0.6399999564886103, 0.05597900637767652], "centroid": [4.706153633834953, -1.6363619282273563, 0.20999991983175303], "normalizedAxes": [0.5640137791633606, 0.8257653713226318, 1.8335674563610556e-16, 0, -2.220446049250313e-16, 1, 0.8257653713226318, -0.5640137791633606, -1.2523621676660226e-16]}, "segments": [1387, 1564, 22173, 24321], "partId": 4, "label": "picture"}, {"objectId": 5, "id": 5, "initialPoint": [5.238180075171745, -0.8446929994761805, 0.2953721963579736], "index": 4, "dominantNormal": [0.8209228515625, -0.571039080619812, -1.2679614705297926e-16], "obb": {"axesLengths": [0.6064590404262515, 0.7999999642372135, 0.040356570746470775], "centroid": [5.2297341692432715, -0.8563614332769185, 0.0499999344348907], "normalizedAxes": [0.571039080619812, 0.8209228515625, 1.8228149024912543e-16, 0, -2.220446049250313e-16, 1, 0.8209228515625, -0.571039080619812, -1.2679614705297926e-16]}, "segments": [247, 1516, 40659, 195, 1390], "partId": 5, "label": "picture"}, {"objectId": 6, "id": 6, "initialPoint": [3.6094381851423916, -1.0144890091638206, 0.15065693240914357], "index": 5, "dominantNormal": [0.6433738470077515, -0.7655521631240845, -1.6998672761039046e-16], "obb": {"axesLengths": [0.5150688275669489, 0.25264458352376695, 0.2069086261752034], "centroid": [3.760596237153626, -0.9600994280892743, 0.1461986298591189], "normalizedAxes": [0.7655521631240845, 0.6433738470077515, 1.428576916779337e-16, 0, -2.220446049250313e-16, 1, 0.6433738470077515, -0.7655521631240845, -1.6998672761039046e-16]}, "segments": [2568, 1246, 2594, 1257, 38759], "partId": 6, "label": "lamp"}, {"objectId": 7, "id": 7, "initialPoint": [4.886412947109287, -0.49562632826005704, -0.985940897695655], "index": 6, "dominantNormal": [0, -2.220446049250313e-16, 1], "obb": {"axesLengths": [1.0034628501162395, 0.7026480279270997, 0.9294628711249404], "centroid": [4.738597934333452, -0.5291263630087646, -1.0147360355093484], "normalizedAxes": [-0.18090207874774933, 0.983501136302948, 2.1838112125370745e-16, 0, -2.220446049250313e-16, 1, 0.983501136302948, 0.18090207874774933, 4.01683306056609e-17]}, "segments": [6659, 10429, 10460, 9909, 38869, 5317, 5239, 4788, 6636, 6904, 4761, 4834, 39191, 1800, 5431, 5445, 10469, 10511, 39090, 39038, 9497, 9887, 5334, 7757, 9861, 6571, 9523], "partId": 7, "label": "armchair"}, {"objectId": 8, "id": 8, "initialPoint": [3.632641314466868, -2.283698249030266, -0.9695507897973809], "index": 7, "dominantNormal": [0, -2.220446049250313e-16, 1], "obb": {"axesLengths": [0.9227277844337554, 0.722840054567753, 0.8531456391805052], "centroid": [3.6374380036693372, -2.1009331491455363, -1.011420050380677], "normalizedAxes": [0.9519937634468079, 0.3061174750328064, 6.797173380430763e-17, 0, -2.220446049250313e-16, 1, 0.3061174750328064, -0.9519937634468079, -2.1138507909564016e-16]}, "segments": [7659, 3944, 10061, 39321, 12349, 39401, 1783, 3973, 4527, 4561, 4569, 11862, 11884, 11903, 11909, 11929, 12217, 12410, 12475, 12609, 12640, 38835, 38837, 38841, 39350, 39407, 39431, 12411, 38900, 39351, 3989, 38816, 3895], "partId": 8, "label": "armchair"}, {"objectId": 9, "id": 9, "initialPoint": [3.45133919533677, -0.9525031361514249, -0.9906505948190503], "index": 8, "dominantNormal": [0, -2.220446049250313e-16, 1], "obb": {"axesLengths": [0.9292315055407496, 0.10898095125747576, 0.9197769875332913], "centroid": [3.6169235289360455, -0.9102482831885037, -1.0254595367135222], "normalizedAxes": [0.9199292659759521, 0.39208436012268066, 8.706021684072433e-17, 0, -2.220446049250313e-16, 1, 0.39208436012268066, -0.9199292659759521, -2.0426533042260434e-16]}, "segments": [14080, 13351, 13418, 39596, 39779, 39283, 10985, 11171, 11437, 13410, 39718], "partId": 9, "label": "coffee table"}, {"objectId": 10, "id": 10, "initialPoint": [3.302024626856621, 0.1951866798713161, -0.9837522597378769], "index": 9, "dominantNormal": [0, -2.220446049250313e-16, 1], "obb": {"axesLengths": [0.8813910731785507, 0.8005299985290315, 0.8311413745170478], "centroid": [3.648137973706696, 0.2270391268481845, -0.9902650213182351], "normalizedAxes": [0.8358004093170166, -0.5490334033966064, -1.2190990514784482e-16, 0, -2.220446049250313e-16, 1, -0.5490334033966064, -0.8358004093170166, -1.855849716829764e-16]}, "segments": [11957, 12696, 39679, 14432, 14608, 11751, 39704, 16861, 13169, 12261, 12903, 13066, 13088, 39507, 12884, 13545, 12526, 15202, 12525], "partId": 10, "label": "armchair"}, {"objectId": 11, "id": 11, "initialPoint": [2.366356585296093, -1.0068365686505307, -0.7952741967200503], "index": 10, "dominantNormal": [0.536116898059845, -0.8441437482833862, -1.8743756508751957e-16], "obb": {"axesLengths": [0.6726951414235083, 0.6999999724328521, 0.304990222328449], "centroid": [2.43457816023372, -1.0883127627433793, -0.9400000082701453], "normalizedAxes": [0.8441437482833862, 0.536116898059845, 1.1904186482333156e-16, 0, -2.220446049250313e-16, 1, 0.536116898059845, -0.8441437482833862, -1.8743756508751957e-16]}, "segments": [24894, 18731, 32077, 31942, 13866, 33914, 39924, 40222, 38746, 35922], "partId": 11, "label": "armchair"}, {"objectId": 12, "id": 12, "initialPoint": [-0.7652483978446765, 2.757420593715913, 1.0531057647957383], "index": 11, "dominantNormal": [0.8228424787521362, -0.5682695508003235, -1.2618118789838284e-16], "obb": {"axesLengths": [3.7145517473354173, 2.7094399323439613, 0.1669954737469515], "centroid": [-1.063167430694794, 2.3328970933804234, -0.044720114140509803], "normalizedAxes": [0.5682694911956787, 0.8228424787521362, 1.8270773311005156e-16, 0, -2.220446049250313e-16, 1, 0.8228424787521362, -0.5682694911956787, -1.2618117466349304e-16]}, "segments": [7745, 8690, 19744, 17440, 20411, 1892, 22232, 20495, 21162, 12624, 37277, 37180, 16854, 17531, 17337, 14241, 38378, 23927, 19673, 20580, 37531, 28250, 26252, 34077, 32026, 21125, 22186, 22695], "partId": 12, "label": "wall"}, {"objectId": 13, "id": 13, "initialPoint": [-0.486755950657084, 3.055831099553374, 0.0786598252118933], "index": 12, "dominantNormal": [0.8268354535102844, -0.5624439120292664, -1.2488763623902751e-16], "obb": {"axesLengths": [0.588660351711121, 0.5599999898672103, 0.07857614116917523], "centroid": [-0.47361753390293204, 3.102333574686872, 0.0899999400973317], "normalizedAxes": [0.5624439120292664, 0.8268354535102844, 1.835943516127002e-16, 0, -2.220446049250313e-16, 1, 0.8268354535102844, -0.5624439120292664, -1.2488763623902751e-16]}, "segments": [6767, 43266, 33940, 43291, 9844], "partId": 13, "label": "picture"}, {"objectId": 14, "id": 14, "initialPoint": [-0.9163659984810519, 2.4057050962047892, 0.1946949915389482], "index": 13, "dominantNormal": [0.8273227214813232, -0.5617268681526184, -1.247284205147233e-16], "obb": {"axesLengths": [0.5644068524098305, 0.5799999703466896, 0.07715956161749801], "centroid": [-0.9773407720856833, 2.344402531847387, 0.09999993033707111], "normalizedAxes": [0.5617268681526184, 0.8273227214813232, 1.8370254683682213e-16, 0, -2.220446049250313e-16, 1, 0.8273227214813232, -0.5617268681526184, -1.247284205147233e-16]}, "segments": [38507, 8486, 38496, 43308], "partId": 14, "label": "picture"}, {"objectId": 15, "id": 15, "initialPoint": [-1.6278794929658842, 1.4603590206776762, 0.3582801254448764], "index": 14, "dominantNormal": [0.822445809841156, -0.5688434839248657, -1.263086266522752e-16], "obb": {"axesLengths": [0.5611115282797619, 0.5399999944865702, 0.08713079764559617], "centroid": [-1.5149408229918273, 1.5902656092437106, 0.09999993778765193], "normalizedAxes": [0.5688434839248657, 0.8224457502365112, 1.826196416835371e-16, 0, -2.220446049250313e-16, 1, 0.8224457502365112, -0.5688434839248657, -1.263086266522752e-16]}, "segments": [38341, 16269, 14131, 16463, 39921], "partId": 15, "label": "picture"}, {"objectId": 16, "id": 16, "initialPoint": [-0.8067323007688341, 2.0528620444522083, -0.8731296422908853], "index": 15, "dominantNormal": [0, -2.220446049250313e-16, 1], "obb": {"axesLengths": [1.9620541183513156, 0.7606449553226317, 0.9215878716776847], "centroid": [-0.6641302952469323, 2.0521574257822346, -1.0179275363401885], "normalizedAxes": [0.5661523938179016, 0.8243005871772766, 1.8303149821924971e-16, 0, -2.220446049250313e-16, 1, 0.8243005871772766, -0.5661523938179016, -1.257110846126567e-16]}, "segments": [10954, 30855, 40168, 26347, 13993, 1215, 1996, 2013, 2596, 2604, 4624, 8833, 9970, 9985, 10907, 13949, 13953, 15748, 16584, 16667, 19153, 19389, 19509, 22075, 22083, 24738, 24762, 24777, 26319, 30404, 30464, 32106, 33321, 38674, 38682, 38690, 38691, 38719, 39862, 40404, 40410, 40932, 32732, 24767, 25185, 28672, 29020, 29078, 29177, 40207, 40210, 40380, 9384, 39108, 9336, 10180, 10379, 12128, 38673, 39137, 39268, 40449, 14065, 31191, 30859, 40476, 26090, 2084, 4614, 11393, 12183, 13837, 22060, 24807, 24822, 25218, 25301, 26863, 27755, 29221, 30887, 30955, 30990, 32264, 40377, 33016, 9317], "partId": 16, "label": "sofa"}, {"objectId": 17, "id": 17, "initialPoint": [1.7518613018475073, 2.0438543214101115, -0.8153984388946178], "index": 16, "dominantNormal": [0, -2.220446049250313e-16, 1], "obb": {"axesLengths": [0.8321774662660061, 0.7981710255554834, 0.8245088971265958], "centroid": [1.4584668981325815, 1.8333975964141147, -0.9943745528673864], "normalizedAxes": [-0.15356770157814026, 0.9881381392478943, 2.1941074274065426e-16, 0, -2.220446049250313e-16, 1, 0.9881381392478943, 0.15356770157814026, 3.409887962616326e-17]}, "segments": [31461, 16815, 31248, 34360, 34396, 34922, 34933, 27734, 42801, 12478, 30525, 41098, 41212, 42862, 36981, 34807, 36962, 34685, 27336, 25707, 39999, 17860, 34214, 35208], "partId": 17, "label": "armchair"}, {"objectId": 18, "id": 18, "initialPoint": [0.5640668864982633, 0.22581061503293032, -1.3206453976282768], "index": 17, "dominantNormal": [0, -2.220446049250313e-16, 1], "obb": {"axesLengths": [0.9116857396759723, 0.793983978167534, 0.93655561514458], "centroid": [0.18671666825197275, 0.20311928560111636, -0.994588026897878], "normalizedAxes": [0.8311078548431396, 0.5561112761497498, 1.2348150860702617e-16, 0, -2.220446049250313e-16, 1, 0.5561112761497498, -0.8311078548431396, -1.845430152787352e-16]}, "segments": [15574, 29933, 16778, 35300, 28445, 35291, 16323, 26999, 27674, 16201, 15997, 41480, 15664, 16131, 16145, 27566, 27614, 28454, 28516, 30120, 35553, 41268, 41565, 30068, 29620, 32759, 16249, 16713], "partId": 18, "label": "armchair"}, {"objectId": 19, "id": 19, "initialPoint": [0.5004092770014926, 1.8754544431821847, -1.0107509510767796], "index": 18, "dominantNormal": [0, -2.220446049250313e-16, 1], "obb": {"axesLengths": [0.5667011109967819, 0.13624101572690117, 0.5678161996282708], "centroid": [0.5048582313459606, 1.8752930581823004, -1.0618795235779999], "normalizedAxes": [0.490149587392807, 0.8716383576393127, 1.9354259475952434e-16, 0, -2.220446049250313e-16, 1, 0.8716383576393127, -0.490149587392807, -1.0883507148680294e-16]}, "segments": [26363, 26406, 41012, 28650, 26436, 26468, 28015, 41043], "partId": 19, "label": "coffee table"}, {"objectId": 20, "id": 20, "initialPoint": [0.036935437916284286, 1.1225562298350424, -1.0151734281034748], "index": 19, "dominantNormal": [0, -2.220446049250313e-16, 1], "obb": {"axesLengths": [0.5864361069952375, 0.11346006139829612, 0.5821763406712898], "centroid": [0.04278907894148998, 1.1291231289150323, -1.064610042096451], "normalizedAxes": [0.4339948296546936, 0.9009153842926025, 2.0004340057613369e-16, 0, -2.220446049250313e-16, 1, 0.9009153842926025, -0.4339948296546936, -9.63662104901827e-17]}, "segments": [31507, 23085, 23105, 29583, 31576, 25359, 23146], "partId": 20, "label": "coffee table"}, {"objectId": 21, "id": 21, "initialPoint": [-0.6186855587864408, 1.7471890364622513, 1.212858707352709], "index": 20, "dominantNormal": [0, -2.220446049250313e-16, 1], "obb": {"axesLengths": [2.9483581487162502, 0.14146995228223602, 0.8192119387545876], "centroid": [-0.88583491849315, 1.8078133541209134, 1.199264914931394], "normalizedAxes": [0.584780216217041, 0.8111917972564697, 1.8012076214023892e-16, 0, -2.220446049250313e-16, 1, 0.8111917972564697, -0.584780216217041, -1.2984729207788726e-16]}, "segments": [24384, 31003, 36324, 34795, 29762, 20725], "partId": 21, "label": "ceiling"}], "scan_id": "6bde60a3-9162-246f-8ca3-48f7e86e95b8", "annId": "1155", "appId": "stk.v1"}