{"segGroups": [{"objectId": 1, "id": 1, "initialPoint": [0.33668399474773825, 0.13357303597466252, -1.5183558682567135], "index": 0, "dominantNormal": [0, -2.220446049250313e-16, 1], "obb": {"axesLengths": [5.579345258407046, 0.3294299767293779, 5.596744040258416], "centroid": [-1.0136603677196319, -0.2814833739939357, -1.44528504024554], "normalizedAxes": [-0.10376474261283875, 0.994601845741272, 2.2084597389532767e-16, 0, -2.220446049250313e-16, 1, 0.994601845741272, 0.10376474261283875, 2.304040127861534e-17]}, "segments": [19540, 4049, 16952, 13320, 4189, 15887, 21212, 31768, 15446, 33116, 34979, 28348, 25941, 26703, 22597, 24091, 59570, 43210, 43644, 41003, 48397, 59435, 38589, 18868, 47171, 37975, 32242, 18473, 18669, 18672, 18634, 17045, 30062, 21701, 39873, 33716, 22918, 40028, 27961, 29180, 29105, 29239, 60388, 27151, 52204, 21775, 52372, 51774, 47671, 60115, 11750, 19874, 23463, 60490, 59174, 4241, 2951, 2991, 52963, 52943, 51803, 2870, 2717, 4229, 52940, 3081, 3040, 2911, 2599, 2778, 2647, 2834], "partId": 1, "label": "floor"}, {"objectId": 2, "id": 2, "initialPoint": [-0.21086698823404804, -2.2116428269235677, -0.2377841982692226], "index": 1, "dominantNormal": [0.6252829432487488, -0.7803981304168701, -1.7328319455264698e-16], "obb": {"axesLengths": [4.113294083431232, 2.5000000037252885, 0.18155120269012762], "centroid": [0.25339581458145544, -1.8435986990425697, -0.34000004626810565], "normalizedAxes": [0.7803981304168701, 0.6252829432487488, 1.388407041000292e-16, 0, -2.220446049250313e-16, 1, 0.6252829432487488, -0.7803981304168701, -1.7328319455264698e-16]}, "segments": [38274, 20739, 2027, 45273, 44320, 41640, 17240, 16721, 33491, 33418, 6878, 24002, 53972, 922, 3320, 2151, 3367, 24194], "partId": 2, "label": "wall"}, {"objectId": 3, "id": 3, "initialPoint": [1.6024190592953227, -0.2611770007610369, -0.19936966939824563], "index": 2, "dominantNormal": [0.7864024043083191, 0.617714524269104, 1.3716017749778686e-16], "obb": {"axesLengths": [4.080019033173329, 2.4421418955443364, 0.16152501773884229], "centroid": [0.598926768519328, 0.9945607628264144, -0.3158690467655134], "normalizedAxes": [-0.617714524269104, 0.7864024043083191, 1.7461641117673545e-16, 0, -2.220446049250313e-16, 1, 0.7864024043083191, 0.617714524269104, 1.3716017749778686e-16]}, "segments": [14515, 7781, 57465, 6843, 24743, 44787, 22009, 47631, 21999, 47608, 43920, 42578, 41090], "partId": 3, "label": "wall"}, {"objectId": 4, "id": 4, "initialPoint": [0.6499883989765589, 0.7964434552782431, -0.2337569545493241], "index": 3, "dominantNormal": [0.8027707934379578, 0.596287727355957, 1.3240247284239826e-16], "obb": {"axesLengths": [0.937126916881913, 1.9559699455804382, 0.08389945171895923], "centroid": [0.559315199324786, 0.9632154409280702, -0.5279850450608505], "normalizedAxes": [-0.596287727355957, 0.8027707934379578, 1.7825092367428525e-16, 0, -2.220446049250313e-16, 1, 0.8027707934379578, 0.596287727355957, 1.3240247284239826e-16]}, "segments": [51585, 57323], "partId": 4, "label": "door"}, {"objectId": 5, "id": 5, "initialPoint": [0.8261146873981262, 0.6256547108485417, 0.36193085601226627], "index": 4, "dominantNormal": [0.7962167859077454, 0.6050114631652832, 1.3433953131365044e-16], "obb": {"axesLengths": [0.9975073721358063, 1.9199999141693125, 0.07188874165195323], "centroid": [0.5459727451841472, 0.995452810256972, -0.4700000087916856], "normalizedAxes": [-0.6050114631652832, 0.7962167263031006, 1.7679562842667375e-16, 0, -2.220446049250313e-16, 1, 0.7962167263031006, 0.6050114631652832, 1.3433953131365044e-16]}, "segments": [9962, 4346, 24741, 44011, 15907], "partId": 5, "label": "doorframe"}, {"objectId": 6, "id": 6, "initialPoint": [-1.8989626187035942, -2.417297931686491, -0.22088952233758685], "index": 5, "dominantNormal": [0.785509467124939, 0.6188496351242065, 1.3741222273915422e-16], "obb": {"axesLengths": [4.1387101814818115, 2.415011888406904, 0.173527047131794], "centroid": [-2.5932009916093177, -1.5169954927039255, -0.3144140378144231], "normalizedAxes": [-0.6188496351242065, 0.785509467124939, 1.7441813929262894e-16, 0, -2.220446049250313e-16, 1, 0.785509467124939, 0.6188496351242065, 1.3741222273915422e-16]}, "segments": [23563, 43307, 43361, 54108, 5664, 11456, 52618, 30489, 18817, 14742, 11617, 22508, 53728], "partId": 6, "label": "wall"}, {"objectId": 7, "id": 7, "initialPoint": [-3.08418169009652, -1.0658740776422464, -0.24537010830586947], "index": 6, "dominantNormal": [0.7983179688453674, 0.6022362112998962, 1.3372330160963314e-16], "obb": {"axesLengths": [0.8958947091076036, 0.8999999858438967, 0.25447636982798166], "centroid": [-2.940476299774659, -1.2648365520313374, 0.1799999379366639], "normalizedAxes": [-0.6022362112998962, 0.7983179688453674, 1.7726219799682306e-16, 0, -2.220446049250313e-16, 1, 0.7983179688453674, 0.6022362112998962, 1.3372330160963314e-16]}, "segments": [14409, 39273, 15701, 55929, 13279], "partId": 7, "label": "window frame"}, {"objectId": 8, "id": 8, "initialPoint": [-3.0119846407550828, -1.3054541777784785, 0.2654638820216939], "index": 7, "dominantNormal": [0.7847108244895935, 0.6198620796203613, 1.3763703057731143e-16], "obb": {"axesLengths": [0.7870923545901921, 0.7911630096026578, 0.277093549171188], "centroid": [-3.0580406446097603, -1.3564882811009118, 0.17453745548715793], "normalizedAxes": [-0.6198620796203613, 0.7847107648849487, 1.7424079176929757e-16, 0, -2.220446049250313e-16, 1, 0.7847107648849487, 0.6198620796203613, 1.3763703057731143e-16]}, "segments": [12952, 56323, 13123, 12038, 12002, 53511, 12012, 39086, 12177, 55838, 12590, 14027, 12014, 12046, 12169, 12205, 12210, 12232, 12240, 12301, 12412, 12417, 12451, 12493, 12509, 12702, 12746, 12750, 12767, 12770, 12774, 12784, 12810, 12821, 12826, 12869, 12872, 12876, 12899, 12919, 12927, 12960, 12990, 13000, 13016, 13034, 13061, 13097, 13100, 13342, 13363, 13367, 13387, 13394, 13417, 13440, 13449, 13455, 13476, 13503, 13522, 13651, 13668, 13705, 13707, 13721, 13732, 13744, 13783, 13818, 14056, 14058, 14061, 14075, 14086, 14093, 14128, 14131, 14322, 14359, 14376, 17612, 17677, 17768, 17783, 17945, 39064, 39120, 39141, 39187, 42361, 42425, 42428, 42443, 42571, 42572, 42597, 42601, 42605, 42610, 42662, 42710, 42722, 42723, 42729, 42762, 48079, 48098, 53291, 53293, 53294, 53295, 53296, 53306, 53311, 53312, 53327, 53336, 53343, 53345, 53354, 53356, 53363, 53373, 53374, 53379, 53388, 53395, 53402, 53411, 53471, 53562, 53569, 53572, 53599, 53668, 53676, 53684, 53686, 53691, 53773, 53805, 53871, 53926, 56207, 56222, 56228, 56233, 56236, 56240, 57601, 58586, 12117, 12136, 14265, 48058, 57567, 57569, 53816, 53890, 12109, 12176, 12204, 13060, 13161, 13165, 17461, 17575, 17589, 47925, 47946, 47956, 47994, 48022, 48039, 48070, 52640, 53560, 53756, 53759, 53760, 53764, 57580, 57588, 57591, 14378, 57616, 47911], "partId": 8, "label": "window"}, {"objectId": 9, "id": 9, "initialPoint": [-3.7786881162356045, 0.19222008748319613, -0.09186357828017466], "index": 8, "dominantNormal": [0.6151654124259949, -0.7883980870246887, -1.7505954175704746e-16], "obb": {"axesLengths": [4.122003019036932, 2.332555897551269, 0.16924930749267955], "centroid": [-2.2393710476751307, 1.3145965156264774, -0.2637220171007071], "normalizedAxes": [0.7883980870246887, 0.6151654124259949, 1.3659416096567398e-16, 0, -2.220446049250313e-16, 1, 0.6151654124259949, -0.7883980870246887, -1.7505954175704746e-16]}, "segments": [38796, 58300, 13233, 31770, 54991, 23850, 11610, 42866, 58132, 19753, 52573, 29477, 44208, 26776, 49362, 25820, 58513, 50605, 50610, 50588, 58278, 29488, 58357, 14896], "partId": 9, "label": "wall"}, {"objectId": 10, "id": 10, "initialPoint": [-1.848085379331823, -0.4449588247192222, 0.8726406856680211], "index": 9, "dominantNormal": [0, -2.220446049250313e-16, 1], "obb": {"axesLengths": [5.542187849897161, 0.12000000208616246, 5.544499018365562], "centroid": [-1.0047422001585458, -0.27600754459619753, 0.8899999155104164], "normalizedAxes": [-0.15086010098457336, 0.9885551333427429, 2.19503334029701e-16, 0, -2.220446049250313e-16, 1, 0.9885551333427429, 0.15086010098457336, 3.349767152206992e-17]}, "segments": [4993, 34674, 22083, 5509, 8914, 10426, 324, 5143, 6871, 7071, 7103, 7201, 7210, 8354, 8931, 11245, 13560, 18340, 18369, 18433, 20305, 20404, 20995, 21005, 25547, 28096, 28116, 28185, 28230, 28248, 28250, 28267, 34822, 34926, 36680, 37330, 37504, 38299, 38999, 46523, 46526, 46549, 47816, 52981, 53080, 54343, 54918, 54921, 54922, 54925, 55223, 55824, 56946, 57035, 57088, 24698], "partId": 10, "label": "ceiling"}, {"objectId": 11, "id": 11, "initialPoint": [-0.151243436587705, -0.6063253555857582, 0.6181998581808652], "index": 10, "dominantNormal": [0.7892544269561768, 0.6140663623809814, 1.3635012283263613e-16], "obb": {"axesLengths": [2.8499957292493097, 1.359999924302102, 0.16087071501613817], "centroid": [-0.3003469122511184, -0.4930909007009774, 0.14999995231628405], "normalizedAxes": [-0.6140663027763367, 0.7892544269561768, 1.7524968741881625e-16, 0, -2.220446049250313e-16, 1, 0.7892544269561768, 0.6140663027763367, 1.3635010959774633e-16]}, "segments": [1607, 3638, 1658, 53025, 53028, 1547, 1324, 9002, 27697, 3618, 7638, 7930, 21927, 8400, 33882, 17944, 27708, 27714, 27716, 27745, 27750, 27754, 28845, 33886, 54708, 54710, 54712, 54851, 54004, 17915, 17907, 53987, 53273, 10203, 27690, 17821, 17929, 17938, 17961, 53982, 53992, 53995, 17876, 53975, 53977, 53980, 53974], "partId": 11, "label": "pipe"}, {"objectId": 12, "id": 12, "initialPoint": [0.7873860020918471, -1.3209222025283234, -1.3295500635597985], "index": 11, "dominantNormal": [0, -2.220446049250313e-16, 1], "obb": {"axesLengths": [0.7103556838345956, 0.321030013538226, 0.4427860868642405], "centroid": [0.5382012596592554, -1.383080832954103, -1.3837149932895234], "normalizedAxes": [0.8333057761192322, 0.5528123378753662, 1.227489971612186e-16, 0, -2.220446049250313e-16, 1, 0.5528123378753662, -0.8333057761192322, -1.850310518401415e-16]}, "segments": [16638, 54298, 54191, 18074, 21342, 17464, 17611, 16269, 56740, 21057, 54245, 16781, 16268, 16256, 16583, 16636, 16696, 16707, 16814, 18749, 18778, 19411, 21120, 21310, 23669, 27328, 33678, 34223, 37713, 42392, 42439, 42460, 53753, 54200, 54333, 54453, 54455, 55027, 56747, 58587, 60633, 16498, 16626, 16649, 16654, 16844, 59330], "partId": 12, "label": "box"}, {"objectId": 13, "id": 13, "initialPoint": [-1.0917440424988178, 0.8163181900391356, -1.4810812701223732], "index": 12, "dominantNormal": [0, -2.220446049250313e-16, 1], "obb": {"axesLengths": [0.6188952677156693, 0.22565996142491773, 0.5475044893246832], "centroid": [-1.0205423186833489, 0.7199882145371034, -1.430950004288182], "normalizedAxes": [0.9213389158248901, 0.3887602984905243, 8.632212688886571e-17, 0, -2.220446049250313e-16, 1, 0.3887602984905243, -0.9213389158248901, -2.045783355663944e-16]}, "segments": [55049, 25409, 41301, 40902, 41162, 40774, 40060, 40758, 40765, 40811, 40817, 40818, 40820, 40824, 40839, 40929, 41109, 41142, 41170, 41173, 41179, 41284, 43610, 43626, 43638, 54592, 56108, 56109, 56168, 56172, 56175, 56178, 56181, 56201, 56214, 56351, 56354, 56454, 56457, 56460, 56464, 56467, 56470, 56473, 56476], "partId": 13, "label": "laundry basket"}, {"objectId": 14, "id": 14, "initialPoint": [-1.3215524752397296, 0.8866294599544227, -0.7088362127989764], "index": 13, "dominantNormal": [0.8091514110565186, 0.5876002311706543, 1.30473461184145e-16], "obb": {"axesLengths": [0.9798055503797574, 0.8789959949479398, 0.7585376131452292], "centroid": [-1.4252899182019878, 1.401663911893035, -0.9565720251223744], "normalizedAxes": [-0.5876002311706543, 0.8091514110565186, 1.7966770539257627e-16, 0, -2.220446049250313e-16, 1, 0.8091514110565186, 0.5876002311706543, 1.30473461184145e-16]}, "segments": [27610, 27622, 28509, 20556, 28600, 34134, 9335, 35481, 37919, 37948, 37409, 55504, 37440, 55610, 26560, 1162, 58084, 1051, 34085, 57975, 10991, 7614, 144, 182, 187, 203, 219, 232, 244, 668, 689, 1050, 1055, 1072, 1099, 1105, 1205, 3875, 6617, 6619, 6629, 6645, 6830, 7167, 7571, 7613, 7631, 7960, 9270, 9286, 9328, 9626, 9678, 9750, 11739, 11949, 12065, 12453, 12724, 20541, 20546, 20665, 23276, 23302, 23318, 23320, 23889, 23913, 24301, 25892, 26548, 27632, 27633, 28564, 28647, 28792, 28799, 34505, 34543, 34560, 34583, 34586, 35071, 35072, 35092, 35151, 35162, 35165, 35239, 35300, 35352, 35360, 35370, 35379, 35471, 35501, 36977, 36995, 36997, 36999, 37009, 37010, 37017, 37030, 37031, 37065, 37067, 37071, 37412, 37421, 37429, 37435, 37441, 37456, 37486, 37524, 37542, 37551, 37565, 37619, 37633, 37638, 37659, 37682, 37686, 37693, 37703, 37711, 37734, 37739, 37745, 37753, 37930, 37931, 38060, 38066, 38069, 38077, 38084, 38086, 38098, 38113, 38124, 52850, 52861, 52863, 52920, 52922, 53034, 53037, 54422, 54930, 54971, 54973, 54981, 55199, 55204, 55206, 55226, 55233, 55393, 55396, 55404, 55417, 55431, 55497, 55500, 55507, 55512, 55546, 55552, 55575, 55585, 55588, 55602, 55643, 55656, 55661, 55663, 55800, 180, 119, 36221, 60460, 35475], "partId": 14, "label": "washing machine"}, {"objectId": 15, "id": 15, "initialPoint": [-1.2803702848331273, 1.5845855299604528, -0.45694632751746633], "index": 14, "dominantNormal": [0.7998923659324646, 0.6001434922218323, 1.3325862462872535e-16], "obb": {"axesLengths": [0.4017084191713478, 0.31690999157182875, 0.16544905350087355], "centroid": [-1.2991779829167773, 1.578984854709242, -0.48025303564400224], "normalizedAxes": [-0.6001434922218323, 0.7998923659324646, 1.7761178437602267e-16, 0, -2.220446049250313e-16, 1, 0.7998923659324646, 0.6001434922218323, 1.3325862462872535e-16]}, "segments": [55693, 54372, 5215, 2436, 6261, 6535, 20702, 52851], "partId": 15, "label": "object"}, {"objectId": 16, "id": 16, "initialPoint": [-2.1395633759434944, 0.260636308339277, -0.7275722888968793], "index": 15, "dominantNormal": [0.8646901249885559, 0.5023056864738464, 1.1153426770468187e-16], "obb": {"axesLengths": [0.9780580062886154, 0.8873229424508745, 0.6930243344185685], "centroid": [-2.157852969610681, 0.7431923465239274, -0.9863384946509048], "normalizedAxes": [-0.5023056864738464, 0.8646901249885559, 1.9199977718565984e-16, 0, -2.220446049250313e-16, 1, 0.8646901249885559, 0.5023056864738464, 1.1153426770468187e-16]}, "segments": [51494, 31587, 25776, 32151, 32126, 40567, 55177, 40288, 24919, 33624, 42253, 42264, 42360, 52090, 54550, 56336, 57866, 57868, 40519, 56101, 20176, 20179, 27490, 27523, 39759, 54553, 54673, 27526, 27495, 57218, 15043, 27060, 27062, 27064, 27103, 46708, 46736, 27093, 15078, 15073, 27080, 54652, 25024, 23484, 15210, 15237, 15251, 15261, 17377, 18145, 18931, 18939, 23532, 23540, 23545, 25021, 25027, 25029, 25057, 27152, 27254, 34056, 34067, 34110, 39609, 53737, 55181, 55184, 55187, 55190, 55195, 60611], "partId": 16, "label": "clothes dryer"}, {"objectId": 17, "id": 17, "initialPoint": [-2.610855754670804, -0.19766844673365644, -0.8781167224661753], "index": 16, "dominantNormal": [0.7781462669372559, 0.6280831098556519, 1.3946246598798325e-16], "obb": {"axesLengths": [1.0093989475982004, 0.8875099222173555, 0.7329227910470971], "centroid": [-2.9986186086484534, 0.13231890928943113, -0.9337550099844861], "normalizedAxes": [-0.6280831098556519, 0.7781462669372559, 1.7278318041597093e-16, 0, -2.220446049250313e-16, 1, 0.7781462669372559, 0.6280831098556519, 1.3946246598798325e-16]}, "segments": [33784, 23156, 31242, 31353, 56704, 52779, 54507, 50216, 56668, 56798, 42940, 46847, 46928, 46771, 57264, 56801, 56793, 51154, 59000, 50422, 50336, 50355, 59914], "partId": 17, "label": "clothes dryer"}, {"objectId": 18, "id": 18, "initialPoint": [-3.110231044940693, -0.5160415249595818, -1.2466232746992227], "index": 17, "dominantNormal": [0, -2.220446049250313e-16, 1], "obb": {"axesLengths": [0.3573029836202396, 0.22605001421160967, 0.4255176206926669], "centroid": [-3.254696960453408, -0.4095551376094368, -1.2630250078508634], "normalizedAxes": [-0.13615141808986664, 0.9906880259513855, 2.1997693132633456e-16, 0, -2.220446049250313e-16, 1, 0.9906880259513855, 0.13615141808986664, 3.02316878397472e-17]}, "segments": [22828, 22822, 54497, 24586, 54429, 54460, 54464, 54501, 54516, 22694, 54582], "partId": 18, "label": "bucket"}, {"objectId": 19, "id": 19, "initialPoint": [-3.3341930255616132, 0.27679111207721085, -0.12174512944941873], "index": 18, "dominantNormal": [0.5899274945259094, -0.8074561953544617, -1.7929129189175034e-16], "obb": {"axesLengths": [0.6462200296652254, 1.3199999633431436, 0.27806450947947475], "centroid": [-3.5681159265498197, 0.18055292621660812, 0.08999995127320282], "normalizedAxes": [0.8074562549591064, 0.5899274945259094, 1.3099021745641913e-16, 0, -2.220446049250313e-16, 1, 0.5899274945259094, -0.8074562549591064, -1.7929130512664014e-16]}, "segments": [44333, 43483, 58770, 51772, 45574, 39843, 36161, 36076, 34165, 34148, 36067, 43493, 45557, 48962, 49061, 49202, 50878, 50944, 50981, 51032, 51736, 51780, 51832, 51918, 51921, 52103, 52183, 52189, 56553, 56556, 56610, 57562, 57566, 57766, 57877, 58688, 58720, 58785, 58791, 44371, 58882, 51864, 49056, 47136, 57763, 45733, 55100], "partId": 19, "label": "pipe"}, {"objectId": 20, "id": 20, "initialPoint": [-2.933129378752584, 0.809379378044822, -0.0025263198231926243], "index": 19, "dominantNormal": [0.627302885055542, -0.7787753939628601, -1.7292287467781888e-16], "obb": {"axesLengths": [0.14153508226601746, 0.12000000022351735, 0.06355046832638687], "centroid": [-2.9584301221551925, 0.7675788631523175, 0.02999995116144416], "normalizedAxes": [0.7787753939628601, 0.627302885055542, 1.3928922128049015e-16, 0, -2.220446049250313e-16, 1, 0.627302885055542, -0.7787753939628601, -1.7292287467781888e-16]}, "segments": [41925], "partId": 20, "label": "switch"}, {"objectId": 21, "id": 21, "initialPoint": [-2.249851787397471, 1.295558451109643, 0.042056586079880054], "index": 20, "dominantNormal": [0.6278477311134338, -0.7783361673355103, -1.7282534677487643e-16], "obb": {"axesLengths": [0.524390608473258, 0.959999986886978, 0.0845231297480079], "centroid": [-2.0835099235587364, 1.4542624248106801, 0.20999993845820453], "normalizedAxes": [0.7783361673355103, 0.6278477311134338, 1.394102014081597e-16, 0, -2.220446049250313e-16, 1, 0.6278477311134338, -0.7783361673355103, -1.7282534677487643e-16]}, "segments": [16065, 16088, 25241, 19851], "partId": 21, "label": "pipe"}, {"objectId": 22, "id": 22, "initialPoint": [-1.0501885426885065, 2.266590949525325, -0.015145944428621494], "index": 21, "dominantNormal": [0.5835532546043396, -0.8120748400688171, -1.8031683703263849e-16], "obb": {"axesLengths": [0.6506725163679746, 0.479999993443489, 0.14576094804660186], "centroid": [-1.0294184470497287, 2.263500912571526, -0.010000047981739035], "normalizedAxes": [0.8120748996734619, 0.5835532546043396, 1.295748518713368e-16, 0, -2.220446049250313e-16, 1, 0.5835532546043396, -0.8120748996734619, -1.8031685026752829e-16]}, "segments": [46810, 30700, 14276, 46182, 45969, 30722], "partId": 22, "label": "sign"}], "scan_id": "54b263a3-0199-2df4-87db-40539528902d", "annId": "5762", "appId": "stk.v1"}