{"segGroups": [{"objectId": 29, "id": 29, "partId": 29, "index": 0, "dominantNormal": [0.6577401161193848, -0.753244936466217, -1.6725397432942147e-16], "obb": {"axesLengths": [0.5496163754556942, 0.7761809652407248, 0.4463086139966454], "centroid": [-1.643693308285819, 6.199249538300199, -1.1317495749205482], "normalizedAxes": [0.753244936466217, 0.6577401161193848, 1.46047644227073e-16, 0, -2.220446049250313e-16, 1, 0.6577401161193848, -0.753244936466217, -1.6725397432942147e-16]}, "segments": [74515, 69924, 27120, 74687, 49390, 24706, 24709, 26121, 26124, 27011, 27023, 27045, 27047, 27048, 27052, 27054, 27068, 27075, 27078, 27097, 27106, 27109, 27115, 27138, 49368, 49370, 49393, 49403, 49405, 49415, 49424, 49433, 49451, 49479, 49482, 49484, 49499, 49502, 49593, 51141, 52617, 69730, 69868, 69869, 69873, 69890, 69920, 74375, 74413, 74417, 74421, 74424, 74426, 74437, 74441, 74444, 74450, 74452, 74455, 74459, 74465, 74475, 74480, 74483, 74485, 74487, 74491, 74498, 74717, 74720, 74728, 74731, 74735, 74739, 74741, 75213, 75703, 75706, 75708, 75711, 75715, 75717, 75722, 75725, 75728, 75731, 75734, 75738, 75741, 75743, 75746, 75750, 69958, 26158, 69752, 25545, 25553, 25575, 25576, 25584, 26209, 27222, 27397, 27398, 27406, 27410, 27414, 49346, 49487, 69684, 69736, 69821, 70003, 70030, 70033, 74373, 28093, 69995, 70036, 28050, 70154, 26868, 30282, 70115], "label": "chair"}, {"objectId": 30, "id": 30, "partId": 30, "index": 1, "dominantNormal": [0.44660425186157227, -0.8947315812110901, -1.9867032046396506e-16], "obb": {"axesLengths": [0.5749508879434925, 0.7624229618365397, 0.49360702489439223], "centroid": [-0.8381514060222615, 5.028999204726959, -1.121308540121651], "normalizedAxes": [0.8947315812110901, 0.44660425186157227, 9.916606466244199e-17, 0, -2.220446049250313e-16, 1, 0.44660425186157227, -0.8947315812110901, -1.9867032046396506e-16]}, "segments": [48245, 39760, 47122, 48338, 48662, 48702, 55466, 55468, 72422, 74104, 77717, 77706, 77251, 39758, 48488, 46190, 48292, 46170, 46176, 46265, 46291, 46295, 47250, 48515, 48523, 56732, 56742, 56755, 58054, 58076, 73614, 73640, 73648, 73654, 74057, 74100, 77255, 78305, 77987, 73629, 78007], "label": "chair"}, {"objectId": 31, "id": 31, "partId": 31, "index": 2, "dominantNormal": [-0.7048431634902954, -0.7093632221221924, -1.5751027640446944e-16], "obb": {"axesLengths": [0.6073725359471359, 0.7815210048514375, 0.5877562153393422], "centroid": [-0.39250236351273937, 4.276927556619978, -1.1345195517129585], "normalizedAxes": [0.7093632221221924, -0.7048431038856506, -1.565066085364221e-16, 0, -2.220446049250313e-16, 1, -0.7048431038856506, -0.7093632221221924, -1.5751027640446944e-16]}, "segments": [73343, 53710, 256, 52005, 49820, 206, 208, 217, 229, 259, 313, 975, 1716, 44440, 44470, 66034, 66038, 73365, 74744, 233, 49865, 74873, 138, 49899, 52698, 66026, 54197, 74985, 49867, 50448, 50450, 50480, 50603, 50617, 50627, 53069, 70893, 70896, 76285, 77870, 33257, 55831, 49924, 53803], "label": "chair"}, {"objectId": 32, "id": 32, "partId": 32, "index": 3, "dominantNormal": [0, -2.220446049250313e-16, 1], "obb": {"axesLengths": [0.5662750655006781, 0.46669005304522654, 0.5746587949178587], "centroid": [0.22852763081921035, 3.3644531748345683, -1.2833450448216146], "normalizedAxes": [0.6434192657470703, 0.7655139565467834, 1.6997824404602811e-16, 0, -2.220446049250313e-16, 1, 0.7655139565467834, -0.6434192657470703, -1.4286777666396196e-16]}, "segments": [23650, 19201, 31743, 19230, 19298, 19304, 20509, 20514, 22591, 23434, 23492, 23722, 31726, 31733, 31776, 36581, 36605, 43606, 70596, 70600, 71540, 71542, 73206, 23667, 23443, 23543, 71515, 23721, 32213, 70602, 70692, 43662], "label": "chair"}, {"objectId": 33, "id": 33, "partId": 33, "index": 4, "dominantNormal": [-0.4756336510181427, -0.8796434998512268, -1.953200933993375e-16], "obb": {"axesLengths": [0.5848352448437244, 0.7550579736741337, 0.5215516872522917], "centroid": [0.7141024046347191, 2.2334240595922257, -1.134561036544795], "normalizedAxes": [0.879643440246582, -0.4756336510181427, -1.0561188612937371e-16, 0, -2.220446049250313e-16, 1, -0.4756336510181427, -0.879643440246582, -1.953200801644477e-16]}, "segments": [34995, 38562, 72132, 31200, 31359, 31381, 34982, 34989, 34999, 35004, 35010, 35038, 35040, 35044, 35047, 35057, 35061, 38033, 38041, 38359, 38411, 38434, 38541, 38635, 71218, 71222, 71225, 71227, 71732, 71846, 71849, 71852, 71855, 71859, 71864, 71867, 71870, 71874, 71877, 71882, 71884, 71888, 71890, 71984, 71987, 71990, 71993, 71997, 71999, 72002, 72005, 72007, 72010, 72013, 72075, 38705, 31251, 31384, 35627, 35657, 35778, 42754, 42755, 44102, 44129, 44173, 71220, 71311, 71363, 73029, 73030, 73037, 73249, 73251, 73260, 73264, 73291, 73294, 31358, 34893, 38755, 73155, 73281], "label": "chair"}, {"objectId": 34, "id": 34, "partId": 34, "index": 5, "dominantNormal": [0.8775429129600525, -0.47949814796447754, -1.0646997682705662e-16], "obb": {"axesLengths": [0.41977609349380857, 1.1895299884036925, 0.36574923527093167], "centroid": [-1.9833336760679139, 8.876462783272462, -0.9847650606315976], "normalizedAxes": [0.47949814796447754, 0.8775429129600525, 1.94853669412976e-16, 0, -2.220446049250313e-16, 1, 0.8775429129600525, -0.47949814796447754, -1.0646997682705662e-16]}, "segments": [22236, 22956, 19021, 21188, 20810, 22889, 20103], "label": "column"}, {"objectId": 36, "id": 36, "partId": 36, "index": 7, "dominantNormal": [0, -2.220446049250313e-16, 1], "obb": {"axesLengths": [0.531968370384661, 0.4579599993386864, 0.49810240661390226], "centroid": [-4.363251711258898, 4.471163548214613, -1.2867200385472948], "normalizedAxes": [0.6862787008285522, 0.7273386716842651, 1.615016280008297e-16, 0, -2.220446049250313e-16, 1, 0.7273386716842651, -0.6862787008285522, -1.5238448299393964e-16]}, "segments": [16858, 16648, 17929, 19221, 14400, 14453, 29089, 29094, 29102, 70204, 70209, 70212, 70224, 70227, 70239, 18755, 19257, 28623, 29112, 29137, 29153, 70250, 70255, 68315, 16702, 67893, 29188, 20456], "label": "chair"}, {"objectId": 37, "id": 37, "partId": 37, "index": 8, "dominantNormal": [-0.14224177598953247, -0.9898319244384766, -2.1978683860412497e-16], "obb": {"axesLengths": [0.3448558137533741, 2.11140997458823, 0.16083373382424393], "centroid": [-6.301231048976617, 5.872209438170282, -0.44570507607560805], "normalizedAxes": [0.9898319244384766, -0.14224177598953247, -3.158401895343054e-17, 0, -2.220446049250313e-16, 1, -0.14224177598953247, -0.9898319244384766, -2.1978683860412497e-16]}, "segments": [31991, 32820, 38636], "label": "pillar"}, {"objectId": 1, "id": 1, "partId": 1, "index": 9, "dominantNormal": [0, -2.220446049250313e-16, 1], "obb": {"axesLengths": [11.559484797001298, 0.4312699936791523, 7.174161936667806], "centroid": [-3.440217151756449, 4.659217147093405, -1.4343650318902386], "normalizedAxes": [-0.465993195772171, 0.8847882747650146, 1.9646246291249773e-16, 0, -2.220446049250313e-16, 1, 0.8847882747650146, 0.465993195772171, 1.0347127505298448e-16]}, "segments": [64563, 63405, 62397, 2131, 53463, 20906, 18555, 60662, 60145, 60266, 59929, 7677, 61101, 61124, 150, 1816, 1845, 2112, 2117, 2127, 2130, 2295, 2314, 2333, 2337, 2442, 2507, 3173, 3358, 3717, 4326, 4389, 5179, 5365, 5563, 5825, 6588, 6598, 6629, 6639, 6690, 7835, 7842, 7862, 8100, 8490, 8541, 8572, 8574, 9970, 10307, 10559, 10823, 10929, 10961, 11034, 11048, 11073, 11153, 11167, 11857, 12491, 12503, 12504, 12508, 13029, 13062, 13095, 14026, 14541, 14972, 15277, 15646, 15673, 15714, 16075, 16216, 16217, 16901, 16905, 17630, 17718, 17739, 17748, 17771, 17799, 17819, 17877, 17881, 17926, 18168, 18223, 18304, 18476, 18478, 18480, 18490, 18514, 18538, 18541, 18548, 18551, 18588, 18608, 18614, 18628, 18650, 18667, 18693, 18714, 18772, 18787, 18790, 18792, 19019, 19049, 19102, 19155, 19682, 20133, 20180, 20207, 20236, 20287, 20358, 20363, 20391, 21305, 21350, 21352, 21382, 21994, 22475, 22505, 22510, 22542, 22560, 22563, 22835, 24344, 25480, 25587, 25681, 26495, 26543, 26545, 26546, 26550, 26552, 26556, 26575, 26592, 26605, 26606, 26640, 27008, 27717, 28806, 28813, 28838, 28846, 29265, 29372, 29373, 29630, 30364, 30432, 30522, 31007, 31402, 31409, 31422, 31433, 31438, 31485, 31489, 31512, 31515, 31525, 31534, 31851, 31969, 32009, 32162, 32317, 32319, 32344, 32345, 32353, 32354, 32361, 32743, 32762, 33014, 33059, 33061, 33083, 33085, 33088, 33092, 33108, 33142, 33150, 33191, 33197, 33200, 33214, 33228, 33240, 33243, 33434, 33470, 33691, 33793, 34474, 34969, 34972, 35386, 35731, 36375, 37070, 37532, 37932, 38836, 38885, 40425, 40442, 40573, 40635, 40689, 40697, 40702, 40708, 40718, 40728, 40842, 41317, 41372, 41406, 41482, 42123, 42155, 42181, 43192, 44705, 44916, 45139, 45188, 45237, 46130, 46283, 46328, 46749, 47206, 47209, 47271, 47480, 47953, 47979, 48093, 48317, 48494, 48863, 49195, 49585, 49594, 49604, 49627, 50392, 51523, 51589, 52043, 52056, 52059, 52077, 52096, 52104, 52117, 52120, 52129, 52139, 52142, 52171, 52172, 52225, 52238, 52269, 52271, 52276, 52785, 52798, 52818, 52993, 53164, 53979, 55141, 55169, 55486, 55512, 55532, 55570, 55590, 55606, 55644, 55652, 55655, 55656, 55665, 55780, 55998, 55999, 56004, 56012, 56028, 56060, 56062, 56074, 56094, 56095, 56143, 56171, 56175, 56198, 56210, 56255, 56259, 56276, 56279, 56308, 56321, 56325, 56327, 56332, 56351, 56363, 56401, 56409, 57543, 57545, 57575, 57671, 57757, 57763, 57766, 57777, 57781, 58014, 58065, 59208, 59592, 59873, 59910, 59915, 59943, 59948, 60009, 60035, 60054, 60072, 60087, 60136, 60148, 60171, 60181, 60182, 60312, 60317, 60318, 60355, 60575, 60585, 60593, 60605, 60638, 60641, 60648, 60670, 60673, 60680, 60687, 60719, 60720, 60758, 60771, 60775, 60783, 60826, 60844, 60857, 60875, 60881, 60894, 60912, 60917, 60919, 60932, 60945, 60947, 60952, 60959, 60970, 60980, 61005, 61010, 61036, 61058, 61068, 61139, 61177, 61201, 61226, 61241, 61465, 61469, 61576, 61606, 61608, 61664, 61704, 61713, 61747, 61754, 61784, 61789, 62038, 62206, 62461, 62936, 62997, 63432, 63608, 63853, 65198, 65303, 65488, 65574, 65591, 65594, 66067, 66071, 66072, 66087, 66093, 66168, 66874, 67492, 67531, 67533, 67554, 67556, 67562, 67791, 67885, 68008, 68199, 68238, 68243, 68246, 68248, 68287, 68290, 68665, 68727, 68730, 68734, 68736, 68739, 68771, 68776, 68779, 69003, 69006, 69011, 69014, 69017, 69023, 69026, 69031, 69216, 69218, 69224, 69227, 69274, 69280, 69282, 69769, 69781, 69787, 69789, 70218, 70560, 70575, 70586, 70756, 70871, 70875, 70880, 70886, 70889, 72480, 72481, 72485, 73367, 73373, 73535, 73537, 73578, 73581, 73590, 73668, 73911, 73917, 75584, 75594, 75598, 75604, 75911, 77750, 77751, 77754, 77786, 77900, 77903, 77911, 77913, 77920, 77922, 77924, 77928, 77945, 77947, 77957, 77961, 78290, 78428, 78431, 78433, 78950, 78953, 78961, 78988, 78991, 79094, 79096, 79102, 79111, 79120, 79124, 79139, 79160, 79162, 79164, 79258, 79283, 79285, 79296, 79303, 79307, 79311, 79313, 79316, 79317, 79455, 79457, 79466, 79467, 79593, 80165, 80179, 80804, 81018, 81142, 82253, 82283, 82831, 36716, 2111, 15083, 15224, 15253, 19888, 19923, 25207, 30445, 31423, 31441, 31480, 39992, 42441, 44037, 47609, 52418, 66498, 67021, 70067, 70543, 78282, 17316, 16208, 50096, 47913, 40723, 6046, 80966, 17843, 17847, 16098], "label": "floor"}, {"objectId": 2, "id": 2, "partId": 2, "index": 10, "dominantNormal": [0.8093665838241577, 0.5873037576675415, 1.3040763084227558e-16], "obb": {"axesLengths": [9.546586230648035, 0.7200000125169737, 0.6412123102757498], "centroid": [-3.1855062081689938, 4.7135654771238915, -1.0100000573400432], "normalizedAxes": [-0.5873037576675415, 0.8093665838241577, 1.7971548334475734e-16, 0, -2.220446049250313e-16, 1, 0.8093665838241577, 0.5873037576675415, 1.3040763084227558e-16]}, "segments": [64394, 54265, 61269, 40407, 2059, 5273, 6570, 21890, 35584, 35605, 57031, 59602, 64936, 76383, 77339, 77430, 77460, 77622, 79675, 9960, 10760, 12599, 27678, 32903, 64985, 39363, 3578, 45921, 36548, 26347, 64448, 63927, 53573, 63667, 34176, 28988, 16469, 10363, 44992, 444, 15721, 43720, 41901, 29696, 68148, 4488, 69188, 58565, 59478], "label": "bench"}, {"objectId": 3, "id": 3, "partId": 3, "index": 11, "dominantNormal": [0.8049042224884033, 0.5934047102928162, 1.3176231445762102e-16], "obb": {"axesLengths": [9.511141442303579, 0.7600000330805771, 0.6220058045957968], "centroid": [-2.381650619319365, 5.322329854085335, -0.970000066578763], "normalizedAxes": [-0.5934047102928162, 0.8049042224884033, 1.7872464008492702e-16, 0, -2.220446049250313e-16, 1, 0.8049042224884033, 0.5934047102928162, 1.3176231445762102e-16]}, "segments": [9374, 4149, 19513, 39678, 26690, 7188, 67167, 5251, 5669, 10469, 11700, 11720, 11744, 12385, 14216, 14221, 14240, 14316, 16233, 21219, 29725, 29925, 51827, 51849, 51851, 53166, 68517, 68521, 75295, 75333, 75379, 75428, 75459, 75392, 12326, 14262, 14272, 14287, 19406, 54329, 75554, 2373, 2803, 10489, 10513, 12353, 19556, 24438, 34070, 34828, 35930, 37479, 41616, 44307, 51613, 51984, 53215, 53219, 53220, 53233, 67992, 75579, 75971, 76110, 76172, 76192, 16323, 21760, 70984, 4790, 12348], "label": "bench"}, {"objectId": 4, "id": 4, "partId": 4, "index": 12, "dominantNormal": [0, -2.220446049250313e-16, 1], "obb": {"axesLengths": [10.038590963755617, 1.0287669667132129, 1.5418989115553092], "centroid": [-2.7659308889870564, 5.002544622691606, -1.0226465533533], "normalizedAxes": [-0.5958151817321777, 0.8031215667724609, 1.7832881100076324e-16, 0, -2.220446049250313e-16, 1, 0.8031215667724609, 0.5958151817321777, 1.3229754663605714e-16]}, "segments": [1481, 4209, 1304, 15676, 53868, 79613, 50831, 62169, 58610, 62156, 34178, 78546, 78669, 29462, 30060, 41049, 41005, 78852, 39447, 39468, 72252, 72267, 41061, 78810, 43549, 50132, 71565, 53311, 43133, 5640, 29016, 36995, 30080, 30046, 7127, 35553, 29081, 75143, 75156, 75175, 15032, 6820, 2167, 15855, 68143, 60273, 43032, 56428, 44356, 35268, 30890, 24643, 9582, 9634, 9880, 72210, 29940, 17207, 29688, 42612, 30129, 72235, 37095, 51718, 28715, 65064, 60441, 60547, 36619, 13958], "label": "wall"}, {"objectId": 5, "id": 5, "partId": 5, "index": 13, "dominantNormal": [0.8179699182510376, 0.5752610564231873, 1.2773361400224276e-16], "obb": {"axesLengths": [1.2013299543322957, 0.7215910392644022, 0.6891629797531055], "centroid": [-5.887704702745122, 7.389291460893635, -1.1479245764186734], "normalizedAxes": [-0.5752610564231873, 0.8179699182510376, 1.816258073386118e-16, 0, -2.220446049250313e-16, 1, 0.8179699182510376, 0.5752610564231873, 1.2773361400224276e-16]}, "segments": [63076, 64265, 64012, 65361, 64881, 62887, 63128, 62882, 64280, 41187, 16863, 16545, 32613, 78936, 33881, 70701, 45531, 45503], "label": "table"}, {"objectId": 6, "id": 6, "partId": 6, "index": 14, "dominantNormal": [0.8381977677345276, 0.5453664064407349, 1.2109566825751702e-16], "obb": {"axesLengths": [1.1860530299515257, 0.7069189390483732, 0.6285400872439721], "centroid": [-4.976432989332992, 5.982281995066635, -1.1441405458273652], "normalizedAxes": [-0.5453664064407349, 0.8381977677345276, 1.8611729218565633e-16, 0, -2.220446049250313e-16, 1, 0.8381977677345276, 0.5453664064407349, 1.2109566825751702e-16]}, "segments": [58315, 35951, 56630, 78977, 64359, 30224, 60806, 29249, 60824, 29277, 19575], "label": "table"}, {"objectId": 7, "id": 7, "partId": 7, "index": 15, "dominantNormal": [0.8035224676132202, 0.5952743887901306, 1.3217746648089404e-16], "obb": {"axesLengths": [1.190090292115556, 0.7150609929473474, 0.6202639516529953], "centroid": [-3.9130818094745012, 4.488153364858166, -1.1529095511683956], "normalizedAxes": [-0.5952743887901306, 0.8035224676132202, 1.7841782886956375e-16, 0, -2.220446049250313e-16, 1, 0.8035224676132202, 0.5952743887901306, 1.3217746648089404e-16]}, "segments": [16516, 63897, 16148, 13269, 18918, 63300, 79757, 67781, 7360, 11930, 21409, 6902, 63295, 44659, 20449, 47980, 48088], "label": "table"}, {"objectId": 8, "id": 8, "partId": 8, "index": 16, "dominantNormal": [0, -2.220446049250313e-16, 1], "obb": {"axesLengths": [1.2010090198782877, 0.11124098052290865, 0.6463563248722616], "centroid": [-2.5662657743557995, 2.7478584636987198, -0.850153576251788], "normalizedAxes": [-0.56290602684021, 0.8265209197998047, 1.8352451109922112e-16, 0, -2.220446049250313e-16, 1, 0.8265209197998047, 0.56290602684021, 1.249902463396535e-16]}, "segments": [4214, 52957, 4093, 73064, 4609, 5622, 66307, 59736, 73732, 4912], "label": "table"}, {"objectId": 9, "id": 9, "partId": 9, "index": 17, "dominantNormal": [0.8347674608230591, 0.5506026744842529, 1.2225835332652156e-16], "obb": {"axesLengths": [1.1952533966466214, 0.7789799992968138, 0.6453766868683769], "centroid": [-1.4595148251893462, 1.1873019141474823, -1.200510087642969], "normalizedAxes": [-0.5506026744842529, 0.8347674608230591, 1.853556110427277e-16, 0, -2.220446049250313e-16, 1, 0.8347674608230591, 0.5506026744842529, 1.2225835332652156e-16]}, "segments": [136, 49579, 51590, 31932, 54001, 77132, 53823, 54675, 74950, 8262, 8288, 74956, 10988, 8325, 8293, 8404, 11009, 11169, 7817], "label": "table"}, {"objectId": 10, "id": 10, "partId": 10, "index": 18, "dominantNormal": [0.7967625856399536, 0.6042924523353577, 1.341798788379828e-16], "obb": {"axesLengths": [1.198036350696896, 0.713776930113652, 0.6251303785378102], "centroid": [-4.125441759135602, 8.876612698563852, -1.1564215461670295], "normalizedAxes": [-0.6042924523353577, 0.7967625856399536, 1.7691683354746992e-16, 0, -2.220446049250313e-16, 1, 0.7967625856399536, 0.6042924523353577, 1.341798788379828e-16]}, "segments": [3409, 3975, 66670, 2744, 3133, 3995, 4288, 4290, 4948, 6093, 66840, 5442, 6125, 67153, 66332, 5025, 5996], "label": "table"}, {"objectId": 11, "id": 11, "partId": 11, "index": 19, "dominantNormal": [0, -2.220446049250313e-16, 1], "obb": {"axesLengths": [1.2161935295644497, 0.7211610513666032, 0.7235595336323065], "centroid": [-3.196768636384534, 7.584382034991387, -1.1588595847001053], "normalizedAxes": [-0.5171491503715515, 0.8558952808380127, 1.9004692949087525e-16, 0, -2.220446049250313e-16, 1, 0.8558952808380127, 0.5171491503715515, 1.1483017878156676e-16]}, "segments": [10017, 11184, 9011, 10590, 11633, 12862, 12864, 12871, 12879, 12897, 13898, 17938, 18013, 67297, 67864, 68872, 68903, 8983, 13810, 10596, 15783, 9050, 9891, 10751, 10057, 10655, 67452, 67480, 10976, 67524, 14403, 14381, 14362, 10683, 13273], "label": "table"}, {"objectId": 12, "id": 12, "partId": 12, "index": 20, "dominantNormal": [0.7779354453086853, 0.6283441781997681, 1.3952043480531097e-16], "obb": {"axesLengths": [1.1970333445563175, 0.6940400445303307, 0.6746327597359166], "centroid": [-2.06992152744719, 6.06554256632413, -1.1393100663134477], "normalizedAxes": [-0.6283441781997681, 0.7779354453086853, 1.7273636861074533e-16, 0, -2.220446049250313e-16, 1, 0.7779354453086853, 0.6283441781997681, 1.3952043480531097e-16]}, "segments": [27637, 24156, 25982, 22047, 28001, 22025, 74231, 31257, 25898, 70549, 25436, 69681, 26797, 69799, 24555, 26812, 26833, 26874, 26896, 27673, 28056, 28074, 28099, 28142, 30297, 30308, 30337, 69656, 69834, 69865, 70038, 70130, 70131, 70159, 70500, 70515, 70520, 25431], "label": "table"}, {"objectId": 13, "id": 13, "partId": 13, "index": 21, "dominantNormal": [0.7940795421600342, 0.6078138947486877, 1.3496179612741693e-16], "obb": {"axesLengths": [1.1800678811385552, 0.7391629649885819, 0.6308925239063676], "centroid": [-0.9971370670227904, 4.5371135362417805, -1.1604185441493602], "normalizedAxes": [-0.6078138947486877, 0.7940795421600342, 1.7632107821797453e-16, 0, -2.220446049250313e-16, 1, 0.7940795421600342, 0.6078138947486877, 1.3496179612741693e-16]}, "segments": [55876, 55707, 56989, 47025, 47040, 77804, 56541, 73875, 52318, 52303, 46569, 46560, 46595, 46602, 47170, 47184, 47186, 73661, 73669, 46509, 46504, 46672, 53064, 77856, 75892], "label": "table"}, {"objectId": 14, "id": 14, "partId": 14, "index": 22, "dominantNormal": [0.7899608016014099, 0.613157331943512, 1.361482775282834e-16], "obb": {"axesLengths": [1.2069722032651709, 0.7109349807142838, 0.6417093163916985], "centroid": [0.32230769134535286, 2.787792941312585, -1.1550525467164279], "normalizedAxes": [-0.613157331943512, 0.7899608016014099, 1.754065340978461e-16, 0, -2.220446049250313e-16, 1, 0.7899608016014099, 0.613157331943512, 1.361482775282834e-16]}, "segments": [31070, 34495, 72424, 24383, 33908, 34546, 34547, 71132, 71138, 74248, 34511, 33912, 23423, 70766, 23478, 23536, 23569, 23581, 32693, 70745, 27822, 31134, 31118, 27816, 27885, 36159, 71305, 70045, 31164, 35655, 23526, 23579, 31757], "label": "table"}, {"objectId": 15, "id": 15, "partId": 15, "index": 23, "dominantNormal": [0.8371923565864563, -0.5469085574150085, -1.2143809456133437e-16], "obb": {"axesLengths": [0.5724038533391566, 0.7826979581408656, 0.5422678569210054], "centroid": [-6.44084555183974, 7.367487328220568, -1.1293410406859765], "normalizedAxes": [0.5469085574150085, 0.8371923565864563, 1.8589404606449562e-16, 0, -2.220446049250313e-16, 1, 0.8371923565864563, -0.5469085574150085, -1.2143809456133437e-16]}, "segments": [57250, 79207, 58295, 58314, 65431, 58477, 15971, 15973, 15974, 15980, 16018, 16020, 16052, 16061, 16090, 16168, 40509, 56632, 57290, 58324, 58379, 58487, 58511, 58528, 58530, 61538, 64843, 64849, 64859, 64900, 64905, 65001, 65004, 65010, 65014, 65066, 65067, 65107, 65113, 65118, 65123, 65164, 65168, 65199, 65238, 68557, 68559, 68625, 78325, 78335, 78338, 79126, 79131, 79134, 79143, 79151, 79154, 79157, 79252, 79256, 79260, 79264, 79266, 79268, 79331, 68591, 58236, 15968, 37222], "label": "chair"}, {"objectId": 16, "id": 16, "partId": 16, "index": 24, "dominantNormal": [0.8704555034637451, -0.4922471344470978, -1.093008204937846e-16], "obb": {"axesLengths": [0.6357219435131233, 0.7698410577362536, 0.5243103433352045], "centroid": [-6.040309878586617, 6.945065659631632, -1.1181895781418807], "normalizedAxes": [0.4922471046447754, 0.8704555034637451, 1.932799483714265e-16, 0, -2.220446049250313e-16, 1, 0.8704555034637451, -0.4922471046447754, -1.093008138763397e-16]}, "segments": [40874, 39005, 78252, 55374, 40915, 42961, 32857, 32860, 32879, 32881, 32886, 32890, 32894, 32897, 32898, 32907, 32908, 32912, 32916, 32923, 32929, 32931, 32935, 32943, 32945, 32948, 32952, 32971, 32989, 32991, 40864, 40890, 41078, 55341, 55344, 55355, 55357, 55358, 55379, 61971, 62249, 70788, 70797, 70801, 70803, 72494, 72500, 72502, 72509, 72513, 72517, 72526, 72529, 72545, 77258, 77261, 77270, 77272, 77276, 77279, 77281, 78097, 78099, 78100, 78104, 78108, 78111, 78272, 78276, 78278, 40904, 72601, 41121, 41186, 78161, 32869, 39051, 39056, 41001, 70809, 72567, 72627, 55390, 41786, 16537, 16551, 16624, 39012, 41173, 45034, 45995, 68638, 72683, 72770, 72774, 73565, 73573, 73593, 73598, 73601, 41717], "label": "chair"}, {"objectId": 17, "id": 17, "partId": 17, "index": 25, "dominantNormal": [0.964552104473114, -0.26389244198799133, -5.859589302392528e-17], "obb": {"axesLengths": [0.6418820648636687, 0.6782629934341532, 0.5903011296880434], "centroid": [-5.412897522060857, 5.889000736416744, -1.1746585703050698], "normalizedAxes": [0.26389244198799133, 0.964552104473114, 2.1417359096734012e-16, 0, -2.220446049250313e-16, 1, 0.964552104473114, -0.26389244198799133, -5.859589302392528e-17]}, "segments": [58838, 71380, 34635, 36390, 36426, 36435, 36440, 36443, 36445, 36449, 36471, 58671, 60731, 71390, 71393, 71397, 71404, 71411, 71414, 71418, 71422, 71425, 71428, 71433, 71436, 71438, 71442, 71445, 75218, 77757, 57213, 34255, 49010, 58653, 71193, 34281, 28211, 28233, 28241, 28248, 28267, 34236, 34249, 34251, 34268, 34270, 34286, 41271, 41296, 41319, 41321, 41377, 49039, 58598, 60610, 70165, 71069, 71207, 71210, 71213, 72704, 72745, 72749, 72751, 72752, 74308, 74368, 75787, 28240], "label": "chair"}, {"objectId": 18, "id": 18, "partId": 18, "index": 26, "dominantNormal": [0.9891302585601807, -0.14704209566116333, -3.264990403843167e-17], "obb": {"axesLengths": [0.592915036721639, 0.6484389756223785, 0.585662637865897], "centroid": [-5.115642589107994, 5.495427206763967, -1.1876905295474742], "normalizedAxes": [0.14704209566116333, 0.9891302585601807, 2.1963103748138938e-16, 0, -2.220446049250313e-16, 1, 0.9891302585601807, -0.14704209566116333, -3.264990403843167e-17]}, "segments": [37786, 37502, 75670, 71653, 37693, 37699, 37707, 37716, 37724, 37729, 37730, 37734, 37737, 37742, 37757, 37761, 37763, 43852, 43870, 43871, 71630, 71637, 71639, 71644, 71646, 73243, 76232, 70944, 59394, 35288, 35293, 35308, 35315, 35316, 35318, 35319, 35333, 35412, 49104, 49111, 49113, 49149, 49151, 49177, 59430, 71294, 71298, 71300, 74272, 74277, 74279, 75870, 76992, 82196, 74346, 59184, 74317], "label": "chair"}, {"objectId": 19, "id": 19, "partId": 19, "index": 27, "dominantNormal": [0.5843378901481628, -0.8115105032920837, -1.8019152909600405e-16], "obb": {"axesLengths": [0.5634788869723909, 0.4859999309629215, 0.46464643012146667], "centroid": [-4.02969598506337, 3.9835065189282166, -1.3070000416416698], "normalizedAxes": [0.811510443687439, 0.5843378901481628, 1.2974907596067516e-16, 0, -2.220446049250313e-16, 1, 0.5843378901481628, -0.811510443687439, -1.8019151586111425e-16]}, "segments": [63764, 64838, 79769, 79717, 13740, 17046, 79787, 79773, 17674, 17710, 17726, 17792, 17850, 18746, 62928, 62940, 63554, 63714, 63721, 63742, 63841, 63865, 64719, 68019, 68023, 68026, 68029, 68317, 79730, 79855, 79881, 82837, 79843, 17738, 17655, 18644, 62964, 63012], "label": "chair"}, {"objectId": 20, "id": 20, "partId": 20, "index": 28, "dominantNormal": [0.7463327646255493, -0.6655729413032532, -1.477868808004719e-16], "obb": {"axesLengths": [0.5461972572248466, 0.7621559926385579, 0.5749344963716536], "centroid": [-2.9245283327634413, 2.451935364068844, -1.1435920638984014], "normalizedAxes": [0.7463327646255493, -0.6655729413032532, -1.477868808004719e-16, 0, -2.220446049250313e-16, 1, -0.6655729413032532, -0.7463327646255493, -1.6571916386388648e-16]}, "segments": [54218, 65457, 60565, 57938, 65448, 59489, 60192, 52357, 42750, 65738, 59591, 59826, 42600, 66115, 5631, 5586, 65726, 62016, 5551], "label": "chair"}, {"objectId": 21, "id": 21, "partId": 21, "index": 29, "dominantNormal": [0, -2.220446049250313e-16, 1], "obb": {"axesLengths": [0.5630428194912052, 0.4776799572032699, 0.5411876487347355], "centroid": [-2.7063110977633276, 1.9374680483868651, -1.2901300798033193], "normalizedAxes": [0.9571786522865295, -0.28949785232543945, -6.428143624624726e-17, 0, -2.220446049250313e-16, 1, -0.28949785232543945, -0.9571786522865295, -2.1253635568963637e-16]}, "segments": [3816, 67039, 3694, 2774, 2970, 3416, 40830, 42985, 3240, 66937, 5521, 5543, 66436, 66948, 64609], "label": "chair"}, {"objectId": 22, "id": 22, "partId": 22, "index": 30, "dominantNormal": [0.8015594482421875, -0.5979150533676147, -1.3276381180374103e-16], "obb": {"axesLengths": [0.5579647856505713, 0.700093968955562, 0.5139095109086758], "centroid": [-1.9959469821622877, 1.1344535220116723, -1.1842530403531442], "normalizedAxes": [0.5979150533676147, 0.8015594482421875, 1.779819510088626e-16, 0, -2.220446049250313e-16, 1, 0.8015594482421875, -0.5979150533676147, -1.3276381180374103e-16]}, "segments": [1546, 1600, 65849, 50176, 1389, 65765, 1207, 1118, 1119, 1121, 1124, 1127, 1134, 1145, 1146, 1163, 1175, 1181, 1186, 1188, 1200, 1232, 1383, 1617, 1673, 1692, 1711, 2106, 2154, 2265, 2272, 2278, 2280, 2282, 2296, 2387, 65563, 65566, 65568, 65570, 65625, 65691, 65693, 65696, 65699, 65706, 65709, 65712, 65716, 65864, 65881, 65957, 65963, 76277, 65982, 1339, 79484, 8512, 31759, 7467, 7231, 7421, 7430, 7455, 7466, 8518, 8564, 31740, 31741, 31756, 31768, 50173, 61843, 61900, 61960, 61962, 61963, 66001, 67001, 76271, 79503], "label": "chair"}, {"objectId": 23, "id": 23, "partId": 23, "index": 31, "dominantNormal": [0.5047551393508911, -0.8632625937461853, -1.9168280157492952e-16], "obb": {"axesLengths": [0.5489029947172753, 0.7467849683735152, 0.4920366312159242], "centroid": [-1.6062449828112952, 0.6865691976904023, -1.1366075619774145], "normalizedAxes": [0.8632625341415405, 0.5047551393508911, 1.1207815550104774e-16, 0, -2.220446049250313e-16, 1, 0.5047551393508911, -0.8632625341415405, -1.9168278834003972e-16]}, "segments": [8027, 318, 8762, 8999, 66366, 167, 251, 303, 308, 490, 494, 498, 499, 506, 518, 522, 531, 534, 543, 545, 565, 574, 590, 595, 624, 625, 631, 651, 654, 671, 8810, 8820, 8840, 8841, 8892, 8894, 8906, 8913, 8937, 8942, 8951, 8953, 8963, 8970, 8974, 8989, 9025, 9037, 9066, 9104, 49581, 65439, 65476, 65481, 65491, 65508, 66511, 66633, 66636, 66644, 66650, 66770, 66455, 8058, 66338, 8165, 7732, 7568, 7572, 7578, 7602, 7771, 7827, 29662, 67014, 67015, 67063, 69775, 7810, 754, 823], "label": "chair"}, {"objectId": 24, "id": 24, "partId": 24, "index": 32, "dominantNormal": [0, -2.220446049250313e-16, 1], "obb": {"axesLengths": [0.5185144231855096, 0.46836005594521596, 0.4964430287026864], "centroid": [-4.169479334132886, 9.527991221357583, -1.2841800462716095], "normalizedAxes": [0.7307950854301453, 0.6825969219207764, 1.5156696385094123e-16, 0, -2.220446049250313e-16, 1, 0.6825969219207764, -0.7307950854301453, -1.622691060254911e-16]}, "segments": [3440, 66154, 1631, 66179, 3046, 3304, 3330, 36244, 2644, 4307, 3498, 3813, 2985], "label": "chair"}, {"objectId": 25, "id": 25, "partId": 25, "index": 33, "dominantNormal": [-0.29583191871643066, -0.95524001121521, -2.1210589089886377e-16], "obb": {"axesLengths": [0.5084591202465446, 0.7446790171113826, 0.4602690577149572], "centroid": [-3.3230740297331702, 8.858688404487054, -1.1176605571290015], "normalizedAxes": [0.95524001121521, -0.29583191871643066, -6.568788151560382e-17, 0, -2.220446049250313e-16, 1, -0.29583191871643066, -0.95524001121521, -2.1210589089886377e-16]}, "segments": [18324, 6266, 6966, 4903, 6915, 6920, 6927, 6971, 6977, 7057, 18051, 18289, 19455, 66312, 66314, 68995, 69121, 69173, 4842, 18335, 5308, 6323, 66323, 4892, 5727, 5729, 5732, 5765, 5775, 6708, 7052, 66368, 66438, 66440, 66443, 66875], "label": "chair"}, {"objectId": 26, "id": 26, "partId": 26, "index": 34, "dominantNormal": [0.5058331489562988, -0.8626313209533691, -1.9154263085704873e-16], "obb": {"axesLengths": [0.4812971341382976, 0.47752999192036666, 0.4500102786466027], "centroid": [-2.977738218113381, 8.090366219003155, -1.282455028285722], "normalizedAxes": [0.8626313209533691, 0.5058331489562988, 1.1231752171798589e-16, 0, -2.220446049250313e-16, 1, 0.5058331489562988, -0.8626313209533691, -1.9154263085704873e-16]}, "segments": [9694, 11399, 9714, 9203, 9677, 10255, 11313, 11374, 11440, 11460, 11462, 11948, 11954, 11971, 11978, 11984, 67216, 67254, 67258, 67295, 67377, 67381, 67384, 67633, 67716, 67725, 67824, 67937, 12712, 67912, 9287, 9331, 11982, 11989, 67285, 67727, 11339], "label": "chair"}, {"objectId": 27, "id": 27, "partId": 27, "index": 35, "dominantNormal": [0.2582706809043884, -0.9660726189613342, -2.1451121300615977e-16], "obb": {"axesLengths": [0.5846234903379187, 0.7727170413870277, 0.54869303086943], "centroid": [-2.690038433005869, 7.615314747316737, -1.1287615643424225], "normalizedAxes": [0.9660726189613342, 0.25827065110206604, 5.734760468768886e-17, 0, -2.220446049250313e-16, 1, 0.25827065110206604, -0.9660726189613342, -2.1451121300615977e-16]}, "segments": [25055, 68319, 13321, 25050, 27262, 27263, 27295, 27296, 27297, 27303, 27304, 27308, 27309, 27311, 30158, 30161, 69965, 69970, 69972, 69974, 69976, 69977, 69979, 69981, 70390, 70484, 70327, 15492, 15516, 14779, 14816, 30153, 68084, 69960, 69962, 70312, 13465, 68711, 12965, 13270, 13447, 13448, 14831, 15549, 15554, 15568, 67869, 67881, 68112, 68380, 68686, 68692, 68697, 17435, 13278, 13409, 68351, 13643, 15560, 15621, 67957, 68400, 68669, 13005, 13003], "label": "chair"}, {"objectId": 28, "id": 28, "partId": 28, "index": 36, "dominantNormal": [0.6085923910140991, -0.7934830188751221, -1.7618862344084764e-16], "obb": {"axesLengths": [0.5556753888142446, 0.7703839964333768, 0.4709545947860117], "centroid": [-1.9036490381246354, 6.6781067678314034, -1.1242980706181842], "normalizedAxes": [0.7934830188751221, 0.6085923910140991, 1.3513465702310581e-16, 0, -2.220446049250313e-16, 1, 0.6085923910140991, -0.7934830188751221, -1.7618862344084764e-16]}, "segments": [69538, 76887, 21652, 69331, 54447, 76759, 21685, 76871, 22999, 23005, 23008, 23010, 23024, 23025, 23042, 23047, 23050, 23052, 23054, 23055, 23056, 23063, 23073, 23075, 23080, 23087, 23089, 23111, 23114, 23118, 23122, 23128, 24695, 24702, 24703, 51109, 51121, 54386, 54408, 54455, 54481, 54590, 54608, 54620, 54621, 54623, 54639, 54643, 69323, 69324, 69326, 69336, 69337, 69338, 69342, 69344, 69346, 76751, 76756, 76762, 76765, 76975, 76978, 76983, 76986, 76990, 76994, 76999, 77013, 77016, 77018, 77023, 77025, 77030, 77034, 77035, 77040, 77043, 77046, 77050, 77053, 77060, 77063, 77067, 77069, 77072, 77075, 77078, 77080, 77087, 77089, 77093, 77098, 77103, 77105, 77110, 77113, 77116, 77120, 77126, 54441, 23169, 23972, 23835, 69709, 21700, 23799, 23814, 23819, 24826, 24827, 25548, 69479, 69487, 69557, 69561, 69693, 69608, 69552, 24245, 24830, 69506], "label": "chair"}], "scan_id": "0cac7558-8d6f-2d13-8fe1-c8af0362735d", "annId": "5565", "appId": "stk.v1"}