{"segGroups": [{"objectId": 1, "id": 1, "partId": 1, "index": 0, "dominantNormal": [0, -2.220446049250313e-16, 1], "obb": {"axesLengths": [6.9174256892070645, 0.3966600806267534, 5.599612814362736], "centroid": [1.8423094762016075, 2.533284059131754, -1.5083300339058792], "normalizedAxes": [0.6123914122581482, 0.7905547022819519, 1.7553840653982176e-16, 0, -2.220446049250313e-16, 1, 0.7905547022819519, -0.6123914122581482, -1.359782091943425e-16]}, "segments": [50333, 58576, 52457, 57672, 57622, 86615, 50402, 86519, 86451, 51548, 86181, 33750, 18644, 4121, 6411, 8126, 8188, 8286, 8305, 9918, 9935, 9980, 9996, 16931, 16947, 16950, 21983, 23587, 23630, 23636, 23639, 23689, 28115, 30762, 32589, 40430, 41410, 41425, 41462, 41467, 41507, 41512, 41554, 41596, 41599, 41635, 42180, 42939, 42949, 42959, 42974, 42975, 43000, 43013, 43019, 43040, 43045, 43046, 43072, 43082, 43084, 43102, 44501, 45129, 47592, 47975, 48305, 49329, 51684, 52209, 52215, 52233, 52260, 52372, 52377, 55554, 55562, 58302, 58312, 60152, 69144, 69147, 69160, 69161, 69386, 69387, 70154, 70172, 70264, 70266, 70271, 70344, 70363, 70372, 72917, 73964, 73984, 76480, 78609, 78612, 78614, 78617, 78879, 78884, 79042, 79129, 79132, 79172, 79180, 84500, 86027, 88176, 88218, 89632, 89634, 89650, 89661, 89673, 90145, 32273, 32229, 48880, 1602, 1781, 1802, 1804, 16646, 16698, 16760, 16838, 17954, 17991, 18956, 22460, 22477, 22482, 22494, 22496, 22517, 22546, 22574, 30928, 30937, 32291, 32313, 48798, 48823, 48907, 50992, 52436, 54163, 57445, 60033, 60043, 63500, 65202, 66848, 67471, 67603, 69308, 69353, 69358, 69390, 69404, 70140, 70184, 70193, 70232, 70303, 70320, 71724, 73341, 73347, 73391, 74445, 74453, 76414, 76444, 76447, 81749, 81752, 82624, 82699, 86706, 88395, 89647, 89663, 90070, 86260, 59728, 51007, 82733, 48908], "label": "floor"}, {"objectId": 2, "id": 2, "partId": 2, "index": 1, "dominantNormal": [0.12457524240016937, -0.9922101497650146, -2.2031491070717882e-16], "obb": {"axesLengths": [4.799709464308458, 2.53043002194695, 0.22574659087972349], "centroid": [1.2245256746960247, 5.2446979035965064, -0.21304507636178371], "normalizedAxes": [0.9922101497650146, 0.12457524985074997, 2.7661262136546842e-17, 0, -2.220446049250313e-16, 1, 0.12457524985074997, -0.9922101497650146, -2.2031491070717882e-16]}, "segments": [61410, 51096, 60765, 278, 54269, 51611, 2449, 974, 1627, 8543, 10941, 13262, 19120, 19129, 47893, 48709, 51568, 53889, 54318, 64184, 65187, 71844, 73350, 76363, 47407, 65644], "label": "wall"}, {"objectId": 3, "id": 3, "partId": 3, "index": 2, "dominantNormal": [0.16867376863956451, -0.9856719374656677, -2.1886313594025436e-16], "obb": {"axesLengths": [1.1495337638704175, 2.340479977269172, 0.10182053502442483], "centroid": [3.0419568779793975, 5.507493895621745, -0.34024010396957394], "normalizedAxes": [0.9856719374656677, 0.16867375373840332, 3.745309701006579e-17, 0, -2.220446049250313e-16, 1, 0.16867375373840332, -0.9856719374656677, -2.1886313594025436e-16]}, "segments": [65936, 26892, 65709, 56269, 68095, 64683, 25079], "label": "door"}, {"objectId": 4, "id": 4, "partId": 4, "index": 3, "dominantNormal": [0.99025958776474, 0.13923338055610657, 3.091602097795722e-17], "obb": {"axesLengths": [4.938017232255976, 2.4078499136600664, 0.16828871146881888], "centroid": [3.8656528998327877, 3.1812071725447226, -0.29392503103781653], "normalizedAxes": [-0.13923338055610657, 0.99025958776474, 2.1988179893844606e-16, 0, -2.220446049250313e-16, 1, 0.99025958776474, 0.13923338055610657, 3.091602097795722e-17]}, "segments": [7603, 68869, 89051, 33137, 46034, 6508, 25213, 22969, 5685, 11880, 11884, 17035, 18911, 18989, 67128, 67809, 68899, 89582, 68815], "label": "wall"}, {"objectId": 5, "id": 5, "partId": 5, "index": 4, "dominantNormal": [0.9942480325698853, 0.10710212588310242, 2.3781449228344446e-17], "obb": {"axesLengths": [1.4705241523186783, 0.979999997168779, 0.18722376200797416], "centroid": [3.6031104220882826, 4.792461233407032, -0.8800000556558376], "normalizedAxes": [-0.10710211843252182, 0.9942480325698853, 2.2076741158946983e-16, 0, -2.220446049250313e-16, 1, 0.9942480325698853, 0.10710211843252182, 2.378144757398322e-17]}, "segments": [5677, 67000, 7607, 88307, 19455, 89617, 88248, 88281, 88315, 89597], "label": "radiator"}, {"objectId": 6, "id": 6, "partId": 6, "index": 5, "dominantNormal": [0.9896790981292725, 0.14330120384693146, 3.181925919347327e-17], "obb": {"axesLengths": [2.6229406332156477, 2.3683700032151482, 0.4494087992033478], "centroid": [3.8389914776126925, 2.5440721421945227, -0.3141850963789592], "normalizedAxes": [-0.14330120384693146, 0.9896790981292725, 2.197529043466756e-16, 0, -2.220446049250313e-16, 1, 0.9896790981292725, 0.14330120384693146, 3.181925919347327e-17]}, "segments": [84390, 18684, 45044, 54618, 82642, 52422, 82602, 27226, 18665, 18692, 18695, 18708, 18726, 18741, 20261, 20338, 28160, 36152, 37053, 38802, 38859, 38867, 38899, 38943, 48929, 49443, 49787, 51797, 53388, 56425, 58006, 58279, 58531, 74154, 74238, 74242, 74244, 77283, 78006, 80454, 80463, 80597, 84193, 84345, 84355, 82582, 80701, 35182, 35195, 35206, 36132, 36864, 36914, 36950, 36976, 49579, 76757, 76761, 76868, 76880, 77098, 77194, 77196, 81061, 29183, 31791, 81239, 18055, 18415, 18479, 18484, 18507, 23899, 28732, 29162, 31807, 35138, 35139, 35147, 35199, 35255, 35274, 36012, 36764, 36821, 36867, 36916, 38469, 42617, 46659, 46662, 46672, 48435, 50738, 50802, 50844, 50960, 51032, 51996, 76860, 76863, 76877, 77161, 80646, 80676, 80686, 81022, 81036, 81118, 81125, 81138, 81242, 28757, 46682, 80679, 42406, 42561, 41682, 73763, 6658, 6683, 6712, 18286, 19841, 19905, 38765, 46099, 64949, 73392, 73394, 73743, 73748, 75595, 78944, 79186, 81150, 80985, 80896, 6641, 42011, 72835, 28606, 37547, 25945, 37551, 37692, 82987, 52960, 83024, 6555, 6654, 6724, 6736, 20357, 24881, 24928, 24944, 24962, 25357, 25367, 25423, 29473, 35153, 36015, 37319, 39010, 40168, 40353, 41846, 46430, 46433, 46447, 46461, 46543, 50248, 50481, 53212, 55414, 55478, 64901, 65172, 72794, 73409, 73521, 73625, 74921, 74932, 74965, 75064, 75081, 75083, 75279, 80812, 80968, 86889, 52838, 52853, 33846, 54079, 38848, 38769, 18803, 77236, 77083, 20303, 82490, 77113, 46157, 24863, 80910, 6535, 16607, 18033, 19392, 20305, 36907, 36968, 38764, 38817, 46055, 46467, 55410, 56297, 77109, 77269, 80601, 82658], "label": "curtain"}, {"objectId": 7, "id": 7, "partId": 7, "index": 6, "dominantNormal": [0.9867660999298096, 0.16215002536773682, 3.6004538321362926e-17], "obb": {"axesLengths": [0.6937878273296655, 1.9859299215839068, 0.14380119622531415], "centroid": [4.136144197216659, 3.3126094942096818, -0.46296508134234715], "normalizedAxes": [-0.16215002536773682, 0.9867660999298096, 2.1910608881232853e-16, 0, -2.220446049250313e-16, 1, 0.9867660999298096, 0.16215002536773682, 3.6004538321362926e-17]}, "segments": [48282, 47605, 47020, 46827, 46266, 46208, 78829, 78676, 46878, 46926, 47586, 47811, 48869, 78820, 78669, 31584, 47205, 46894], "label": "window"}, {"objectId": 8, "id": 8, "partId": 8, "index": 7, "dominantNormal": [0.11793436855077744, -0.9930213689804077, -2.2049503755736837e-16], "obb": {"axesLengths": [3.1275219683160613, 0.5200000289082521, 0.4567140753079111], "centroid": [2.3619699691677596, 0.7334124934108424, -1.2100000613927844], "normalizedAxes": [0.9930213689804077, 0.11793436855077744, 2.6186690271940413e-17, 0, -2.220446049250313e-16, 1, 0.11793436855077744, -0.9930213689804077, -2.2049503755736837e-16]}, "segments": [80401, 60679, 60508, 68401, 15849, 13981, 12016, 7440, 16042, 7035, 7102, 7140, 13467, 13622, 15232, 15598, 16092, 25635, 25651, 60646, 67417, 67912, 67935, 70575, 70808, 75097, 88410, 88426, 88701, 67245, 39193, 15252, 64059, 71141, 73251], "label": "tv stand"}, {"objectId": 9, "id": 9, "partId": 9, "index": 8, "dominantNormal": [0.1188047006726265, -0.9929176568984985, -2.204720088491149e-16], "obb": {"axesLengths": [4.812136959103522, 2.5313499600138516, 0.36370792286677767], "centroid": [1.8758155342522542, 0.5823627377645573, -0.23531509968679387], "normalizedAxes": [0.9929176568984985, 0.1188047006726265, 2.637994282408995e-17, 0, -2.220446049250313e-16, 1, 0.1188047006726265, -0.9929176568984985, -2.204720088491149e-16]}, "segments": [10578, 2758, 64123, 58077, 28847, 28840, 34311, 123, 1888, 2907, 4235, 10884, 13818, 14236, 16308, 16343, 16344, 16348, 16383, 24262, 25054, 26760, 27266, 27270, 30895, 34240, 37037, 41056, 41075, 48031, 48034, 48043, 48053, 52357, 59303, 60816, 63763, 63822, 73010, 73267, 76391, 77078, 85580, 85587, 85590, 88404, 88444, 88451, 45837, 7060, 7100, 9264, 10943, 14773, 20966, 37799, 37843, 52288, 54757, 54910, 60128, 72891, 76349, 77404, 84318, 84339, 85202, 85228, 89020, 9592, 83563, 83632, 22680, 33619], "label": "wall"}, {"objectId": 10, "id": 10, "partId": 10, "index": 9, "dominantNormal": [0.10257415473461151, -0.9947253465652466, -2.2087339658699503e-16], "obb": {"axesLengths": [0.9332448662358028, 2.1140470032234404, 0.4562619931808823], "centroid": [0.1035188013991053, -0.10425122404437737, -0.4240365734539222], "normalizedAxes": [0.9947253465652466, 0.10257416218519211, 2.2776039317927068e-17, 0, -2.220446049250313e-16, 1, 0.10257416218519211, -0.9947253465652466, -2.2087339658699503e-16]}, "segments": [24607, 21290, 39318, 30196, 84221, 35603, 22285, 30193, 22288, 22910, 23388, 23389, 27549, 27565, 27588, 27630, 30099, 30115, 39283, 52880, 52889, 52893, 52899, 52946, 52953, 52968, 52980, 52985, 53006, 53010, 58985, 60366, 60377, 74467, 74470, 85271], "label": "door"}, {"objectId": 11, "id": 11, "partId": 11, "index": 10, "dominantNormal": [0.9897500276565552, 0.14281046390533447, 3.1710293037020437e-17], "obb": {"axesLengths": [0.390177663496086, 1.5107099821259826, 0.19316442550823168], "centroid": [4.145213486044815, 0.9264186729273161, -0.865355068101995], "normalizedAxes": [-0.14281046390533447, 0.9897500276565552, 2.197686538655386e-16, 0, -2.220446049250313e-16, 1, 0.9897500276565552, 0.14281046390533447, 3.1710293037020437e-17]}, "segments": [18949, 19327, 19272, 83627, 24351], "label": "lamp"}, {"objectId": 12, "id": 12, "partId": 12, "index": 11, "dominantNormal": [0.21783314645290375, 0.9759860038757324, 2.1671242664294708e-16], "obb": {"axesLengths": [0.4197330116939529, 1.1429729802241997, 0.4205350761763798], "centroid": [3.653985856984069, 0.8222172796252591, -0.03186356018788805], "normalizedAxes": [0.21783314645290375, 0.9759860038757324, 2.1671242664294708e-16, 0, -2.220446049250313e-16, 1, 0.9759860038757324, -0.21783314645290375, -4.83686749437115e-17]}, "segments": [9803, 35233, 9769, 36471, 35171, 33853, 35450, 9741, 31077, 35009, 35612, 35912, 36180, 76287, 76313, 75274, 33008, 9701, 35946, 76294, 34724, 35485, 35462], "label": "cabinet"}, {"objectId": 13, "id": 13, "partId": 13, "index": 12, "dominantNormal": [0.3776310384273529, -0.925956130027771, -2.0560356306992733e-16], "obb": {"axesLengths": [0.6306434568528978, 1.1824539635526987, 0.4109198847361616], "centroid": [3.313119579538414, 0.8033436982600506, -0.11877306098998419], "normalizedAxes": [0.925956130027771, 0.3776310384273529, 8.385093473503089e-17, 0, -2.220446049250313e-16, 1, 0.3776310384273529, -0.925956130027771, -2.0560356306992733e-16]}, "segments": [5303, 30869, 17283, 30796, 25462, 31288, 25738, 3296, 16160, 24895, 24979, 25292, 25412, 28936, 29356, 29388, 29509, 33999, 73353, 74345, 75001, 75009, 75014, 75025, 75122, 75127, 75597, 75615, 4699, 30124, 83822, 17196, 29040, 29271, 33609, 35701], "label": "cabinet"}, {"objectId": 14, "id": 14, "partId": 14, "index": 13, "dominantNormal": [-0.4148111045360565, -0.9099075794219971, -2.0204006899104889e-16], "obb": {"axesLengths": [0.5206989426089722, 1.126126979452513, 0.39712023302698174], "centroid": [1.5189035914366629, 0.5635452487181105, -0.0693705867371599], "normalizedAxes": [0.9099075794219971, -0.41481107473373413, -9.210656120777963e-17, 0, -2.220446049250313e-16, 1, -0.41481107473373413, -0.9099075794219971, -2.0204006899104889e-16]}, "segments": [80578, 55844, 55659, 34690, 45673, 16318, 15071, 14574, 14585, 14588, 14826, 15079, 52625, 52634, 73557, 14503, 14550, 14577, 14616, 16291, 16403, 16513, 16538, 52340, 73858, 76707, 84167, 16229, 15677], "label": "cabinet"}, {"objectId": 15, "id": 15, "partId": 15, "index": 14, "dominantNormal": [-0.3836756646633148, -0.9234679341316223, -2.050510725951909e-16], "obb": {"axesLengths": [0.46627367679034537, 1.1848499510098254, 0.43770740125519086], "centroid": [1.087862751195957, 0.5009061291841093, -0.022425075491704582], "normalizedAxes": [0.9234679341316223, -0.3836756646633148, -8.519311137951453e-17, 0, -2.220446049250313e-16, 1, -0.3836756646633148, -0.9234679341316223, -2.050510725951909e-16]}, "segments": [60694, 73170, 15896, 9170, 9535, 9754, 9959, 10180, 10491, 10537, 14156, 14222, 14235, 14260, 15837, 15861, 15888, 15998, 60701, 73719, 73752, 16055, 73836, 60256, 85198, 10108, 14433, 16004, 9359], "label": "cabinet"}, {"objectId": 16, "id": 16, "partId": 16, "index": 15, "dominantNormal": [0.9945446252822876, 0.10431172698736191, 2.31618562079565e-17], "obb": {"axesLengths": [1.3697706923897048, 0.6400000309944139, 0.5483104821090132], "centroid": [-0.3212845493963137, 0.8603527568962626, -1.1500000603497031], "normalizedAxes": [-0.1043117344379425, 0.9945446252822876, 2.2083326840111885e-16, 0, -2.220446049250313e-16, 1, 0.9945446252822876, 0.1043117344379425, 2.3161857862317726e-17]}, "segments": [28198, 24692, 41182, 78572, 40164, 78564, 78575, 28499, 40188, 78186, 40340, 78287, 32204, 21153, 490, 59, 503, 591, 597, 598, 613, 614, 635, 636, 652, 658, 671, 675, 4005, 4007, 4010, 4022, 4790, 4938, 4941, 6317, 6813, 6901, 7477, 7546, 7917, 11961, 12145, 12398, 12437, 12466, 12474, 12481, 12487, 12492, 12493, 12494, 12544, 12676, 12694, 13810, 20821, 20857, 20924, 21221, 22621, 22849, 24013, 24135, 24316, 24472, 24474, 24526, 28216, 28245, 28265, 28272, 28276, 28371, 28402, 28407, 28433, 28434, 28461, 28494, 32433, 38170, 38271, 38283, 38290, 38298, 38302, 38337, 38353, 38363, 38418, 38435, 38438, 38456, 38459, 38495, 38525, 38541, 38547, 38556, 38558, 38573, 38599, 38634, 38641, 38659, 38671, 40098, 40209, 40274, 40278, 40332, 40364, 40846, 41199, 71752, 71755, 71762, 71828, 71834, 71836, 73186, 73188, 73190, 73194, 73203, 73211, 73214, 73227, 73270, 73320, 74293, 74304, 74308, 74577, 74685, 75580, 75585, 77548, 77644, 77650, 77651, 77663, 77734, 77737, 77803, 77806, 77810, 77817, 78162, 78171, 78209, 78214, 78237, 78239, 78272, 78277, 78281, 78283, 78462, 78602, 78607, 12330, 1145, 13864, 32347], "label": "commode"}, {"objectId": 17, "id": 17, "partId": 17, "index": 16, "dominantNormal": [0, -2.220446049250313e-16, 1], "obb": {"axesLengths": [0.46155639795048736, 0.06120902163068154, 0.3234148767743167], "centroid": [-0.3515907321493752, 0.45667698630995357, -0.8993955556438384], "normalizedAxes": [0.025112871080636978, 0.9996846318244934, 2.2197457912309502e-16, 0, -2.220446049250313e-16, 1, 0.9996846318244934, -0.025112871080636978, -5.576177537633282e-18]}, "segments": [32389], "label": "pillow"}, {"objectId": 18, "id": 18, "partId": 18, "index": 17, "dominantNormal": [0, -2.220446049250313e-16, 1], "obb": {"axesLengths": [0.6265830370015747, 0.08145099696254016, 0.5570252153920369], "centroid": [-0.3530552175020527, 0.8313807820009049, -0.9092745484573885], "normalizedAxes": [-0.652137815952301, 0.7581004500389099, 1.6833211492237819e-16, 0, -2.220446049250313e-16, 1, 0.7581004500389099, 0.652137815952301, 1.4480368369980146e-16]}, "segments": [24238], "label": "pillow"}, {"objectId": 19, "id": 19, "partId": 19, "index": 18, "dominantNormal": [0, -2.220446049250313e-16, 1], "obb": {"axesLengths": [0.4206957941872269, 0.04000002056360197, 0.2712648535307326], "centroid": [-0.49972018316032196, 1.237600249392693, -0.8900000756978992], "normalizedAxes": [-0.25805020332336426, 0.9661315083503723, 2.14524289077283e-16, 0, -2.220446049250313e-16, 1, 0.9661315083503723, 0.25805020332336426, 5.729865544776042e-17]}, "segments": [20756], "label": "pillow"}, {"objectId": 20, "id": 20, "partId": 20, "index": 19, "dominantNormal": [0.0518319196999073, -0.9986557960510254, -2.2174613169024257e-16], "obb": {"axesLengths": [0.5210677194636145, 0.4172799493980417, 0.38328412568662384], "centroid": [0.018824819080472954, 2.291977665993446, -1.2514100595993556], "normalizedAxes": [0.9986557960510254, 0.0518319196999073, 1.1508998132271864e-17, 0, -2.220446049250313e-16, 1, 0.0518319196999073, -0.9986557960510254, -2.2174613169024257e-16]}, "segments": [75337, 47574, 73373, 28024, 19831, 27097, 13396, 13605, 13655, 13658, 13671, 13683, 13695, 13698, 19835, 44971, 73363, 73375, 73382, 74219, 75346, 75351, 75374, 80194, 80197, 19956, 44982, 81815, 75578], "label": "ottoman"}, {"objectId": 21, "id": 21, "partId": 21, "index": 20, "dominantNormal": [0, -2.220446049250313e-16, 1], "obb": {"axesLengths": [0.643658521492496, 0.37696992508389204, 0.6019066730144443], "centroid": [0.4271135313508778, 3.974602900920109, -1.2450450585399946], "normalizedAxes": [-0.6038197875022888, 0.7971208691596985, 1.7699638847006282e-16, 0, -2.220446049250313e-16, 1, 0.7971208691596985, 0.6038197875022888, 1.3407492616186208e-16]}, "segments": [17578, 29050, 8394, 16790, 29010, 75860, 50430, 16824, 16784, 23224, 75552], "label": "ottoman"}, {"objectId": 22, "id": 22, "partId": 22, "index": 21, "dominantNormal": [0.9900203943252563, 0.14092420041561127, 3.1291458405660337e-17], "obb": {"axesLengths": [1.7668413208642169, 1.382609962315634, 0.4827408851396751], "centroid": [-0.5183886078633031, 2.1612034201097097, -0.7813050628161811], "normalizedAxes": [-0.14092418551445007, 0.9900203943252563, 2.1982868732567525e-16, 0, -2.220446049250313e-16, 1, 0.9900203943252563, 0.14092418551445007, 3.1291455096937886e-17]}, "segments": [15295, 31163, 83192, 57820, 35001, 40721, 404, 409, 421, 1070, 1142, 1157, 1159, 1186, 1205, 1229, 1272, 11156, 12200, 12237, 12282, 19200, 19228, 19270, 19282, 19669, 19687, 20731, 23808, 23974, 24003, 24033, 24077, 24083, 24090, 24123, 24146, 24148, 24170, 24172, 24173, 24187, 24197, 24200, 24212, 24219, 24227, 24239, 24243, 24247, 24268, 24271, 24298, 24324, 24329, 24344, 24348, 24383, 24387, 24394, 24399, 24418, 24428, 24496, 24515, 24518, 24529, 24548, 24555, 24590, 26210, 27396, 30513, 31622, 34423, 35047, 35057, 37665, 37753, 40734, 40783, 40806, 40834, 40864, 41793, 42032, 43405, 51061, 51062, 51093, 71850, 71871, 74211, 74276, 74283, 74483, 74489, 74493, 74502, 74503, 74510, 74520, 74524, 74528, 74572, 74644, 74645, 74658, 74683, 74688, 74692, 74695, 74750, 74821, 74896, 76697, 78337, 79860, 79864, 82623, 82779, 82787, 82791, 82795, 20665, 42059, 18131, 26186, 51819, 12859, 17778, 19252, 23440, 42142, 74584, 79276], "label": "cabinet"}, {"objectId": 23, "id": 23, "partId": 23, "index": 22, "dominantNormal": [0.9909924268722534, 0.13391771912574768, 2.973570703573795e-17], "obb": {"axesLengths": [0.1776840594070952, 0.23778858808155523, 0.15552989898837236], "centroid": [-0.5818977233853304, 2.485341826880883, -0.09110577480258764], "normalizedAxes": [-0.13391771912574768, 0.9909924268722534, 2.200445219085475e-16, 0, -2.220446049250313e-16, 1, 0.9909924268722534, 0.13391771912574768, 2.973570703573795e-17]}, "segments": [20588, 74272, 51377, 37449], "label": "picture"}, {"objectId": 24, "id": 24, "partId": 24, "index": 23, "dominantNormal": [0.7091043591499329, 0.7051035761833191, 1.565644450048518e-16], "obb": {"axesLengths": [0.1910304370003946, 0.1474424977427162, 0.08081004280888751], "centroid": [-0.4389740010884453, 1.81398869194547, -0.09627882921072706], "normalizedAxes": [-0.7051035761833191, 0.7091043591499329, 1.5745279727806435e-16, 0, -2.220446049250313e-16, 1, 0.7091043591499329, 0.7051035761833191, 1.565644450048518e-16]}, "segments": [74198, 19477, 74175, 19505], "label": "picture"}, {"objectId": 25, "id": 25, "partId": 25, "index": 24, "dominantNormal": [0.13693569600582123, -0.9905799627304077, -2.1995293647112562e-16], "obb": {"axesLengths": [0.954422848539235, 0.5400000019371507, 0.09025341275259484], "centroid": [0.5177188770581398, 5.1815062155343, 0.3399999196082346], "normalizedAxes": [0.9905799627304077, 0.13693569600582123, 3.040583251974676e-17, 0, -2.220446049250313e-16, 1, 0.13693569600582123, -0.9905799627304077, -2.1995293647112562e-16]}, "segments": [13188, 48639, 976, 761, 32010], "label": "picture"}, {"objectId": 26, "id": 26, "partId": 26, "index": 25, "dominantNormal": [0.9906540513038635, 0.1363985240459442, 3.0286556384139066e-17], "obb": {"axesLengths": [4.879719984418957, 1.7684480152626028, 0.3187300589587296], "centroid": [-0.7211191854567423, 2.594959237929512, 0.02904392155161517], "normalizedAxes": [-0.1363985240459442, 0.9906540513038635, 2.1996938743914807e-16, 0, -2.220446049250313e-16, 1, 0.9906540513038635, 0.1363985240459442, 3.0286556384139066e-17]}, "segments": [62515, 87175, 55334, 23531, 16617, 53965, 53218, 57539, 40568, 2407, 10990, 11042, 11062, 15427, 17716, 17953, 17969, 18109, 18142, 19170, 19586, 19666, 19668, 20668, 30439, 30442, 35423, 35436, 35456, 35467, 35490, 35508, 37218, 39042, 40605, 40615, 40635, 40736, 42792, 42867, 43360, 51524, 51541, 51897, 51909, 51915, 51961, 52038, 52521, 53511, 53529, 53649, 53718, 54813, 54833, 56000, 56008, 56013, 57491, 57498, 57813, 57845, 58020, 62256, 62364, 62570, 62612, 62638, 62678, 62697, 62706, 62714, 62720, 63928, 63947, 63964, 64016, 64018, 64097, 64109, 64165, 74033, 74034, 74042, 74050, 76042, 76095, 76786, 76806, 76809, 78320, 78972, 78979, 82926, 83080, 83218, 83296, 84253, 84255, 84261, 84282, 84308, 84497, 84533, 84536, 84797, 84803, 85700, 86722, 86723, 86727, 86731, 87101, 87106, 87122, 87137, 87140, 87145, 87148, 87387, 54820, 52513, 84360], "label": "wall"}, {"objectId": 27, "id": 27, "partId": 27, "index": 26, "dominantNormal": [-0.3561092019081116, -0.9344443678855896, -2.0748833049157636e-16], "obb": {"axesLengths": [0.20294467488186885, 0.1516189932461307, 0.053669578750929786], "centroid": [-0.7643560921370742, 3.0095836673267518, 0.06580941697635811], "normalizedAxes": [0.9344443678855896, -0.3561091721057892, -7.907212043040994e-17, 0, -2.220446049250313e-16, 1, -0.3561091721057892, -0.9344443678855896, -2.0748833049157636e-16]}, "segments": [53617], "label": "object"}, {"objectId": 28, "id": 28, "partId": 28, "index": 27, "dominantNormal": [-0.49285489320755005, -0.8701115250587463, -1.932035698223858e-16], "obb": {"axesLengths": [0.2000737401104021, 0.22000002369284566, 0.0838675088199031], "centroid": [-0.8898574481508854, 3.6273529051324003, 0.49999990873038724], "normalizedAxes": [0.8701115250587463, -0.49285489320755005, -1.0943577004763895e-16, 0, -2.220446049250313e-16, 1, -0.49285489320755005, -0.8701115250587463, -1.932035698223858e-16]}, "segments": [55033, 84475, 55034, 55053, 55068, 84469, 84472], "label": "object"}, {"objectId": 29, "id": 29, "partId": 29, "index": 28, "dominantNormal": [0, -2.220446049250313e-16, 1], "obb": {"axesLengths": [0.38955120753054584, 0.1658976935022094, 0.16785274560128824], "centroid": [-0.6230023327051923, 2.0909076514049336, -0.11528122726199497], "normalizedAxes": [-0.17132215201854706, 0.9852150678634644, 2.1876169050993085e-16, 0, -2.220446049250313e-16, 1, 0.9852150678634644, 0.17132215201854706, 3.8041159559864437e-17]}, "segments": [51450, 37225, 19487], "label": "picture"}, {"objectId": 30, "id": 30, "partId": 30, "index": 29, "dominantNormal": [0, -2.220446049250313e-16, 1], "obb": {"axesLengths": [3.3904143649060763, 0.8265780621786841, 2.238525838719831], "centroid": [0.6369222802865324, 4.312632703015047, -1.0207410729510862], "normalizedAxes": [0.9672299027442932, 0.25390228629112244, 5.637763284907447e-17, 0, -2.220446049250313e-16, 1, 0.25390228629112244, -0.9672299027442932, -2.1476818162653304e-16]}, "segments": [51153, 82218, 39416, 39761, 45623, 56915, 45348, 78722, 31019, 4391, 4179, 2248, 2485, 72462, 43851, 79304, 1408, 1843, 2191, 2583, 2601, 2610, 2636, 2877, 2893, 2960, 3293, 3336, 3501, 3541, 3542, 3665, 3807, 3827, 3860, 3884, 3904, 3941, 3942, 3961, 4087, 4161, 4271, 4315, 4335, 4510, 4605, 4732, 4875, 4886, 4890, 4901, 5030, 5034, 5049, 5080, 5103, 5176, 5180, 5181, 5190, 5237, 5343, 5349, 5404, 5413, 5424, 5545, 6113, 6156, 6221, 6232, 6238, 6240, 6243, 6254, 6259, 6360, 6833, 6856, 6864, 6891, 6921, 6930, 6983, 7485, 7756, 7824, 7891, 7909, 8068, 8086, 8134, 8227, 8239, 8463, 8491, 8697, 8823, 8867, 8870, 8921, 8963, 8976, 8985, 9047, 9824, 11333, 11395, 11397, 11444, 13954, 13957, 13995, 14017, 14056, 14057, 14063, 14083, 14102, 14105, 14122, 14130, 15434, 15500, 15546, 15559, 15568, 15578, 15593, 15627, 15637, 15660, 16682, 16727, 16737, 17049, 18308, 18321, 18328, 18342, 18348, 18352, 18366, 18372, 18406, 18419, 18421, 18480, 18515, 18520, 18531, 18540, 18581, 18585, 18587, 18591, 19729, 20126, 21415, 21455, 21496, 21505, 21509, 21540, 21553, 21575, 21602, 21625, 21627, 21712, 21746, 21748, 21775, 25814, 25858, 26085, 26101, 26133, 26487, 26523, 26590, 26628, 26676, 26695, 27481, 27850, 27852, 27861, 27869, 27900, 27922, 27924, 27929, 29292, 29317, 29906, 30348, 30356, 30525, 30552, 30970, 30972, 30979, 31040, 31943, 32794, 32821, 32843, 32844, 32895, 32901, 32903, 32912, 32923, 32939, 32941, 32955, 32968, 32978, 32981, 33298, 33306, 33331, 33332, 33335, 33400, 33406, 33411, 33548, 33683, 33930, 33943, 34432, 34482, 34552, 35685, 35699, 35704, 35705, 35707, 35713, 35718, 35759, 35784, 35791, 35828, 36355, 36427, 36429, 36437, 36443, 36445, 36456, 36461, 36478, 36490, 36508, 36515, 36545, 36575, 37548, 37571, 37594, 37599, 37961, 37981, 38019, 38030, 38041, 39431, 39434, 39488, 39594, 39615, 39627, 39663, 39673, 39675, 39682, 39713, 39755, 39765, 39790, 39812, 39824, 39836, 39863, 39882, 39894, 39896, 39899, 39900, 40907, 41031, 41683, 41954, 42229, 42272, 42286, 42303, 42331, 42334, 42342, 42877, 43626, 43654, 43678, 43683, 43689, 43773, 43777, 43782, 43792, 43793, 43797, 43815, 43912, 43934, 43939, 43976, 43998, 44026, 44196, 44197, 44205, 44218, 44224, 44239, 44243, 44247, 44259, 44272, 44281, 44308, 44344, 44420, 44603, 44687, 44695, 44714, 44720, 44744, 44764, 44769, 44772, 44781, 44785, 44797, 44802, 44820, 44849, 44857, 44871, 44880, 44884, 44913, 44925, 45421, 45452, 45477, 45513, 45565, 45567, 45578, 45590, 45854, 47025, 47095, 47101, 47150, 47243, 47246, 47257, 47259, 47281, 47294, 47300, 48244, 48266, 48271, 48289, 48313, 48341, 48356, 48378, 48401, 48421, 48429, 48433, 48467, 48475, 48487, 48488, 49467, 49498, 49538, 49965, 51120, 51161, 56925, 57006, 57060, 59469, 59497, 59550, 59567, 59569, 59680, 59693, 59708, 61660, 61685, 61948, 61979, 61986, 62037, 62466, 63427, 63428, 63442, 63460, 63838, 63867, 63870, 69267, 69708, 69730, 69741, 69746, 69757, 69763, 69779, 69859, 69906, 69920, 69925, 69926, 69947, 69968, 69989, 70018, 70044, 70242, 70249, 72280, 72281, 72283, 72296, 72301, 72319, 72328, 72380, 72385, 72398, 72404, 72416, 72486, 72511, 72514, 72550, 72608, 72610, 72742, 72745, 72898, 72902, 72904, 72907, 72909, 72914, 72991, 73071, 73119, 73144, 73416, 73425, 73429, 73432, 73443, 73466, 73475, 73478, 73481, 73485, 73487, 73650, 73655, 73893, 73914, 74067, 74070, 74072, 74077, 74080, 74082, 74103, 74106, 74122, 74124, 74143, 74149, 74151, 74406, 74418, 74424, 74427, 75107, 75124, 75220, 75222, 75229, 75234, 75259, 75409, 75412, 75413, 75421, 75423, 75425, 75428, 75448, 75893, 76119, 76154, 76340, 76523, 76568, 76577, 76631, 76703, 76835, 76838, 76841, 76844, 76889, 76894, 76899, 76902, 76907, 76913, 78009, 78027, 78035, 78046, 78049, 78059, 78068, 78079, 78083, 78087, 78088, 78094, 78100, 78158, 78663, 78696, 78699, 78702, 78816, 78943, 79228, 79238, 79243, 79336, 79339, 79401, 79464, 79471, 79501, 79516, 79519, 79521, 79527, 79615, 79619, 79622, 79625, 79627, 79634, 79694, 79708, 79736, 79767, 79774, 79780, 79797, 79808, 79818, 79950, 79983, 80097, 80099, 80159, 80163, 80167, 80180, 80412, 80441, 80444, 80447, 80493, 80495, 80500, 80502, 80550, 80557, 81497, 81501, 81515, 81521, 81586, 81589, 81610, 81614, 81616, 81626, 81669, 81719, 81848, 81883, 81937, 81941, 81943, 81946, 82157, 82278, 82301, 82311, 82390, 82396, 82890, 82900, 82902, 85070, 85109, 85121, 85951, 87034, 87086, 87090, 89832, 89989, 89991, 90010, 90012, 90014, 90016, 90040, 90150, 36530, 61696, 2471, 56430, 72024, 3149, 72138, 72086, 1558, 1426, 1699, 1725, 2727, 2780, 2793, 3122, 3241, 3261, 3365, 3380, 3388, 3409, 3431, 6158, 6979, 26727, 29805, 30575, 30594, 30600, 56445, 56462, 62085, 62430, 63747, 69220, 69252, 69662, 70013, 70031, 71935, 72040, 72070, 72107, 72184, 72194, 76155, 76159, 86011, 89643, 89716, 89729, 10247, 17497, 17510, 41743, 87178, 6391, 40062, 39570, 69186, 1732, 89639, 89801, 63521, 2539], "label": "couch"}, {"objectId": 31, "id": 31, "partId": 31, "index": 30, "dominantNormal": [0, -2.220446049250313e-16, 1], "obb": {"axesLengths": [1.4532511605832144, 0.5625799768586456, 0.6873995420902349], "centroid": [0.5392552147569336, 4.200023840942937, -1.1640900318155452], "normalizedAxes": [0.9936257004737854, 0.11272939294576645, 2.5030953520081322e-17, 0, -2.220446049250313e-16, 1, 0.11272939294576645, -0.9936257004737854, -2.2062922610505917e-16]}, "segments": [59142, 27054, 85626, 10511, 10605, 73961, 21706, 6429, 29377, 21679, 21708, 6785, 11253, 27674, 21430, 10452, 10463, 9925], "label": "table"}, {"objectId": 32, "id": 32, "partId": 32, "index": 31, "dominantNormal": [0, -2.220446049250313e-16, 1], "obb": {"axesLengths": [0.7817193306168221, 0.43346600755752585, 0.7073436359104763], "centroid": [1.5087232478749684, 4.974307521075059, -0.8045370901852027], "normalizedAxes": [-0.6198751330375671, 0.7847004532814026, 1.7423850213336202e-16, 0, -2.220446049250313e-16, 1, 0.7847004532814026, 0.6198751330375671, 1.3763992901817782e-16]}, "segments": [21032, 39145, 21031, 47739, 72268], "label": "pillow"}, {"objectId": 33, "id": 33, "partId": 33, "index": 32, "dominantNormal": [0.29582130908966064, -0.9552432894706726, -2.1210661881780282e-16], "obb": {"axesLengths": [0.3722959390118402, 0.2759349880531059, 0.2429395452759231], "centroid": [1.2292346732604322, 4.864454818608165, -0.8520325734757077], "normalizedAxes": [0.9552432894706726, 0.29582130908966064, 6.568552570521927e-17, 0, -2.220446049250313e-16, 1, 0.29582130908966064, -0.9552432894706726, -2.1210661881780282e-16]}, "segments": [32446, 32461, 78014, 33646, 32479], "label": "pillow"}, {"objectId": 34, "id": 34, "partId": 34, "index": 33, "dominantNormal": [0, -2.220446049250313e-16, 1], "obb": {"axesLengths": [1.0741483151838438, 0.40267806345198887, 0.7744340722851015], "centroid": [-0.3891316221262362, 4.748913809240479, -0.8087910735877384], "normalizedAxes": [0.9176467061042786, -0.3973971903324127, -8.823990212567805e-17, 0, -2.220446049250313e-16, 1, -0.3973971903324127, -0.9176467061042786, -2.0375850031768085e-16]}, "segments": [40981, 84587, 41906, 40988, 40083, 40970, 56869], "label": "pillow"}, {"objectId": 35, "id": 35, "partId": 35, "index": 34, "dominantNormal": [0, -2.220446049250313e-16, 1], "obb": {"axesLengths": [0.6949195721634359, 0.2006660058945564, 0.5429537355831431], "centroid": [-0.30855522708745786, 3.1628925530520555, -0.9096670450344617], "normalizedAxes": [0.949819803237915, -0.3127976953983307, -6.945504069618262e-17, 0, -2.220446049250313e-16, 1, -0.3127976953983307, -0.949819803237915, -2.1090236295993382e-16]}, "segments": [42604, 45285, 79294, 31434, 45280], "label": "blanket"}, {"objectId": 36, "id": 36, "partId": 36, "index": 35, "dominantNormal": [0, -2.220446049250313e-16, 1], "obb": {"axesLengths": [0.520851699099509, 0.2545700016341357, 0.3576109358723867], "centroid": [0.287663288826419, 4.825938279612755, -0.8469970837906675], "normalizedAxes": [0.7907875180244446, 0.6120907664299011, 1.35911452410187e-16, 0, -2.220446049250313e-16, 1, 0.6120907664299011, -0.7907875180244446, -1.7559010201938387e-16]}, "segments": [8561], "label": "pillow"}, {"objectId": 37, "id": 37, "partId": 37, "index": 36, "dominantNormal": [0, -2.220446049250313e-16, 1], "obb": {"axesLengths": [0.48868280048800566, 0.17174595210524002, 0.40846247735603364], "centroid": [0.6054021350180148, 4.692690620353119, -0.9441270524085992], "normalizedAxes": [0.9295458197593689, 0.36870667338371277, 8.186932762470906e-17, 0, -2.220446049250313e-16, 1, 0.36870667338371277, -0.9295458197593689, -2.0640063430818343e-16]}, "segments": [79896, 79929, 31482, 19756, 32712], "label": "pillow"}, {"objectId": 38, "id": 38, "partId": 38, "index": 37, "dominantNormal": [0, -2.220446049250313e-16, 1], "obb": {"axesLengths": [0.5676557952215859, 0.19863998445928122, 0.4594651470396614], "centroid": [1.0653674172889602, 4.694286319668265, -0.9198800324675453], "normalizedAxes": [0.952398955821991, -0.30485448241233826, -6.769129310687255e-17, 0, -2.220446049250313e-16, 1, -0.30485448241233826, -0.952398955821991, -2.1147504987650633e-16]}, "segments": [84983, 31488, 32513, 33712, 33715, 59366, 59427, 59454, 59491, 85092, 85658, 85690], "label": "pillow"}, {"objectId": 39, "id": 39, "partId": 39, "index": 38, "dominantNormal": [0, -2.220446049250313e-16, 1], "obb": {"axesLengths": [0.38797856956988874, 0.14226501862112384, 0.2664402398521057], "centroid": [-0.5989962772446509, 4.4129249352544555, -0.9011325541630582], "normalizedAxes": [0.9943434000015259, 0.10621286183595657, 2.3583992944321913e-17, 0, -2.220446049250313e-16, 1, 0.10621286183595657, -0.9943434000015259, -2.207885874131512e-16]}, "segments": [30351, 84743, 42879, 38086], "label": "pillow"}, {"objectId": 40, "id": 40, "partId": 40, "index": 39, "dominantNormal": [0, -2.220446049250313e-16, 1], "obb": {"axesLengths": [6.5458591425758135, 0.24000006377696892, 6.466563387229672], "centroid": [1.554392815992436, 2.8601149899220455, 0.9499999165534971], "normalizedAxes": [-0.5895680785179138, 0.8077186942100525, 1.7934957834643328e-16, 0, -2.220446049250313e-16, 1, 0.8077186942100525, 0.5895680785179138, 1.3091041107092e-16]}, "segments": [66001, 69104, 33077, 65248, 33038, 58325, 36211, 56540, 15174, 49862, 49889, 6474, 6492, 11178, 11788, 15095, 22094, 22123, 22189, 22209, 23341, 25195, 25346, 28417, 29620, 30559, 30565, 33025, 33885, 34137, 35540, 36722, 36726, 39991, 40513, 42453, 44349, 44894, 46333, 50586, 50588, 50605, 58383, 58403, 58433, 58460, 58471, 58498, 58526, 58541, 58776, 58787, 58803, 58848, 61306, 71723, 74460, 75791, 82677, 82681, 82686, 84898, 84902, 84904, 84905, 84908, 84911, 84913, 88094, 18305, 1917, 47997, 49898, 56291, 56551], "label": "ceiling"}, {"objectId": 41, "id": 41, "partId": 41, "index": 40, "dominantNormal": [0.8471832871437073, 0.5313007235527039, 1.179724592576434e-16], "obb": {"axesLengths": [0.6119132328415908, 0.38395201301681947, 0.2661919042632696], "centroid": [1.450735924722521, 3.0743024045817537, 0.6070009129419693], "normalizedAxes": [-0.5313007235527039, 0.8471832871437073, 1.8811247829291384e-16, 0, -2.220446049250313e-16, 1, 0.8471832871437073, 0.5313007235527039, 1.179724592576434e-16]}, "segments": [39731, 75166, 41170, 39805, 67511, 40177, 41160, 41179, 41192, 41830, 70425, 70714, 71718, 71721, 75112, 48813, 43435, 71641, 44292, 38888, 41484, 41660, 42165, 43868, 44003, 48988, 49157, 49198, 71547, 71552, 71555, 71576, 71584, 49038, 42124, 34743, 41441, 71627, 71635, 41618, 43596], "label": "light"}, {"objectId": 42, "id": 42, "partId": 42, "index": 41, "dominantNormal": [0.7420000433921814, 0.6703998446464539, 1.488586686463242e-16], "obb": {"axesLengths": [0.34746073217774215, 0.2402809804615158, 0.20452462063904633], "centroid": [-0.33508343649970884, 1.7429648723299969, 0.36373740552952416], "normalizedAxes": [-0.6703998446464539, 0.7420000433921814, 1.64757106489373e-16, 0, -2.220446049250313e-16, 1, 0.7420000433921814, 0.6703998446464539, 1.488586686463242e-16]}, "segments": [77021, 76985, 26361, 36607, 76967, 36286, 36669, 36693, 34886, 33192, 36696, 26364, 26433, 33201, 36670, 75199, 75209, 75213, 75218, 76883, 76887, 76938, 76941, 77032, 77043, 77064, 78952, 36301], "label": "flowers"}, {"objectId": 43, "id": 43, "partId": 43, "index": 42, "dominantNormal": [0.14902076125144958, -0.9888340830802917, -2.1956527331396897e-16], "obb": {"axesLengths": [1.0115896177198258, 0.9343000143550328, 0.2696142101251742], "centroid": [2.392409621697722, 0.6603830431912945, -0.8771500745307654], "normalizedAxes": [0.9888340830802917, 0.14902076125144958, 3.308925605770554e-17, 0, -2.220446049250313e-16, 1, 0.14902076125144958, -0.9888340830802917, -2.1956527331396897e-16]}, "segments": [61789, 61918, 68262, 13005, 82116, 6162, 6638, 7364, 12550, 12555, 12615, 12907, 13003, 13016, 13778, 14479, 14530, 14590, 14651, 14729, 14802, 14921, 14926, 15751, 35909, 35911, 35941, 35958, 35974, 35984, 37652, 48514, 48538, 49046, 49052, 49056, 49085, 49096, 49178, 49185, 49545, 49551, 49565, 49620, 61861, 61880, 61892, 61900, 72951, 73042, 73046, 73048, 73051, 73053, 76852, 82137, 82144, 82267, 82275, 85826, 1667, 1613, 5782, 5848, 6021, 12594, 12698, 12701, 12756, 14172, 14247, 14301, 14345, 14702, 25644, 68085, 72949, 73002, 73004, 73180, 74978, 74981, 85806, 88155, 88980], "label": "tv"}, {"objectId": 44, "id": 44, "partId": 44, "index": 43, "dominantNormal": [0.165571391582489, -0.986197829246521, -2.1897990737296724e-16], "obb": {"axesLengths": [1.3322281292068825, 0.3599999913573265, 0.20843442645358945], "centroid": [2.298901979007466, 0.6086994317689589, 0.0699999186396596], "normalizedAxes": [0.986197829246521, 0.165571391582489, 3.676423423082143e-17, 0, -2.220446049250313e-16, 1, 0.165571391582489, -0.986197829246521, -2.1897990737296724e-16]}, "segments": [3975, 25268, 25240, 75394, 16136, 4080, 25206, 75405, 16196], "label": "shelf"}, {"objectId": 45, "id": 45, "partId": 45, "index": 44, "dominantNormal": [0.1305101364850998, -0.9914469718933105, -2.2014545117816876e-16], "obb": {"axesLengths": [0.3481132166520093, 0.3799999569356449, 0.04843572562676345], "centroid": [2.359407204017161, 0.5528439713248461, 0.33999990098178356], "normalizedAxes": [0.9914469718933105, 0.1305101364850998, 2.89790716945459e-17, 0, -2.220446049250313e-16, 1, 0.1305101364850998, -0.9914469718933105, -2.2014545117816876e-16]}, "segments": [58686], "label": "picture"}, {"objectId": 46, "id": 46, "initialPoint": [0.5427897477855765, 0.13318129149022662, -0.8958270304716072], "index": 45, "dominantNormal": [0.15127283334732056, -0.9884920716285706, -2.194893315162917e-16], "obb": {"axesLengths": [0.9574578542053447, 2.0924399623474477, 0.5018049505087158], "centroid": [0.1106034899891537, 0.04972532247185857, -0.43622006059691376], "normalizedAxes": [0.9884920716285706, 0.15127281844615936, 3.3589313207773444e-17, 0, -2.220446049250313e-16, 1, 0.15127281844615936, -0.9884920716285706, -2.194893315162917e-16]}, "segments": [16560, 32532, 37171, 37186, 37191, 29761, 58936, 85304, 85299, 60326, 22937, 22989, 25584, 31200, 3483, 30093, 638, 22904, 29715, 29730, 29741, 45838, 59878, 60385, 71781, 85274, 85547], "partId": 46, "label": "doorframe"}], "scan_id": "137a8158-1db5-2cc0-8003-31c12610471e", "annId": "4463", "appId": "stk.v1"}