{"segGroups": [{"objectId": 7, "id": 7, "partId": 7, "index": 0, "dominantNormal": [0.19557034969329834, -0.9806897044181824, -2.1775685797158104e-16], "obb": {"axesLengths": [1.0192321349986824, 1.5726959949874275, 0.4327824938541187], "centroid": [-0.0832231973549441, -0.5641816533480065, -0.06365204646471145], "normalizedAxes": [0.9806897044181824, 0.19557033479213715, 4.34253377239762e-17, 0, -2.220446049250313e-16, 1, 0.19557033479213715, -0.9806897044181824, -2.1775685797158104e-16]}, "segments": [1110, 578, 20302, 20220, 14435, 18955, 13477, 14446, 11387, 986, 19656, 11548, 12831, 12830, 10208, 12694, 18879, 18862, 4251, 18842, 1014, 6693, 10531, 10615, 11316, 11424, 11624, 11659, 12637, 12667, 12684, 12689, 12825, 12840, 12933, 13001, 13473, 14855, 14857, 14890, 15752, 17070, 18084, 18256, 18824, 18938, 19032, 19130, 19775, 20283, 19982, 10448, 5096, 8339, 10371, 10377, 10445, 12589, 12657, 12962, 12990, 15715, 15839, 19614, 182, 134, 151, 17228, 20184], "label": "curtain"}, {"objectId": 8, "id": 8, "partId": 8, "index": 1, "dominantNormal": [0, -2.220446049250313e-16, 1], "obb": {"axesLengths": [2.3220984069331587, 0.223983998060584, 1.3974719164607998], "centroid": [-0.3062134435473197, 0.48662445699692136, 0.7780079276559952], "normalizedAxes": [-0.2455824315547943, 0.969375729560852, 2.1524465089425339e-16, 0, -2.220446049250313e-16, 1, 0.969375729560852, 0.2455824315547943, 5.4530253991112845e-17]}, "segments": [13455, 6636, 14892, 1880, 1979, 6935, 6958, 6989, 8369, 8383, 9677, 12929, 12931, 16660, 16805, 16840, 17623, 17709, 18053, 19965, 20099, 20209, 21378, 21494], "label": "ceiling"}, {"objectId": 9, "id": 9, "partId": 9, "index": 2, "dominantNormal": [0.20587469637393951, -0.9785783886909485, -2.1728805170505538e-16], "obb": {"axesLengths": [0.5891049090719525, 0.8207099254270657, 0.4521852452207936], "centroid": [-0.39047150299004024, -0.22485540776662316, -1.2603550066719578], "normalizedAxes": [0.9785783886909485, 0.20587469637393951, 4.5713365620412175e-17, 0, -2.220446049250313e-16, 1, 0.20587469637393951, -0.9785783886909485, -2.1728805170505538e-16]}, "segments": [20097, 20849, 12050, 12126, 19554, 17521, 17431, 2187, 12104, 2965, 2426, 2441, 2404, 12082, 1759, 1819, 2454, 2554, 2861, 2882, 2887, 2904, 2906, 3014, 17432, 17452, 17460, 17462, 17464, 17494, 19495, 3114], "label": "toilet"}, {"objectId": 10, "id": 10, "partId": 10, "index": 3, "dominantNormal": [0, -2.220446049250313e-16, 1], "obb": {"axesLengths": [0.41897608614080717, 0.17039596653589673, 0.3598458049230761], "centroid": [-0.49952976589305353, 0.31378438325548996, -0.8048020216494353], "normalizedAxes": [0.43935859203338623, 0.8983117341995239, 1.9946527411985303e-16, 0, -2.220446049250313e-16, 1, 0.8983117341995239, -0.43935859203338623, -9.755720498847125e-17]}, "segments": [5328, 5323, 4714, 5335, 4553, 4590, 4595, 5321, 5370, 10955, 17999, 4551], "label": "sink"}, {"objectId": 11, "id": 11, "partId": 11, "index": 4, "dominantNormal": [0.9170961976051331, -0.3986659646034241, -8.852162660742381e-17], "obb": {"axesLengths": [1.036039791589114, 1.0199999581277375, 0.3956034467301683], "centroid": [-0.8901981155551965, -0.3444744722612082, 0.07999994240701214], "normalizedAxes": [0.3986659646034241, 0.9170961976051331, 2.0363626287548021e-16, 0, -2.220446049250313e-16, 1, 0.9170961976051331, -0.3986659646034241, -8.852162660742381e-17]}, "segments": [13380, 13845, 15099, 5049, 14152, 14132, 13305, 5327, 18101, 8710, 5692, 279, 6269, 5594, 17555, 21303, 12343, 18161, 18114, 5694, 5916, 7609, 18280], "label": "window"}, {"objectId": 12, "id": 12, "partId": 12, "index": 5, "dominantNormal": [0, -2.220446049250313e-16, 1], "obb": {"axesLengths": [0.6784087642398251, 0.22534602376790294, 0.4219757755527908], "centroid": [-0.5443120728193209, 0.3983918344267017, -0.857327034160636], "normalizedAxes": [-0.2567220628261566, 0.9664852619171143, 2.1460283814825104e-16, 0, -2.220446049250313e-16, 1, 0.9664852619171143, 0.2567220628261566, 5.700374901577301e-17]}, "segments": [20950, 20956, 18048, 18583, 8232, 14735, 5414, 4578, 4581, 4624, 4819, 5500, 5537, 17767, 18215, 20662], "label": "bath cabinet"}, {"objectId": 14, "id": 14, "partId": 14, "index": 6, "dominantNormal": [0.9970041513442993, 0.07734781503677368, 1.7174665031654808e-17], "obb": {"axesLengths": [0.1599476109432011, 0.2631469906163142, 0.09816324397893532], "centroid": [-0.32846026120223043, 0.5651449540598568, -1.0184465214212275], "normalizedAxes": [-0.07734781503677368, 0.9970041513442993, 2.2137939289386106e-16, 0, -2.220446049250313e-16, 1, 0.9970041513442993, 0.07734781503677368, 1.7174665031654808e-17]}, "segments": [17915, 8009, 6270], "label": "towel"}, {"objectId": 15, "id": 15, "partId": 15, "index": 7, "dominantNormal": [0, -2.220446049250313e-16, 1], "obb": {"axesLengths": [0.9026322335757082, 0.17580398524245644, 0.20932634665338318], "centroid": [-0.7525755199988766, -0.061858138492781045, -0.3541310294539257], "normalizedAxes": [-0.043601930141448975, 0.9990490078926086, 2.2183344225825877e-16, 0, -2.220446049250313e-16, 1, 0.9990490078926086, 0.043601930141448975, 9.681573352226852e-18]}, "segments": [20468, 13858, 14283, 14331, 14241, 6518], "label": "windowsill"}, {"objectId": 17, "id": 17, "partId": 17, "index": 9, "dominantNormal": [-0.14591984450817108, -0.9892964363098145, -2.1966793635415415e-16], "obb": {"axesLengths": [0.21607414049346937, 0.24102204499344415, 0.14433833487784206], "centroid": [-0.6624890094721637, 0.6077420404977132, -0.7894890225047843], "normalizedAxes": [0.9892964363098145, -0.14591984450817108, -3.240071422453885e-17, 0, -2.220446049250313e-16, 1, -0.14591984450817108, -0.9892964363098145, -2.1966793635415415e-16]}, "segments": [20985, 14506, 14473], "label": "tube"}, {"objectId": 20, "id": 20, "partId": 20, "index": 10, "dominantNormal": [0.923301637172699, -0.3840755820274353, -8.528191087263333e-17], "obb": {"axesLengths": [0.22953731273777567, 0.1691800020073353, 0.11283487981970614], "centroid": [-0.7642640411080284, 0.253055848266342, -0.3072590405361577], "normalizedAxes": [0.3840755820274353, 0.923301637172699, 2.0501414725264654e-16, 0, -2.220446049250313e-16, 1, 0.923301637172699, -0.3840755820274353, -8.528191087263333e-17]}, "segments": [5164, 6483, 6466, 17437], "label": "tube"}, {"objectId": 21, "id": 21, "partId": 21, "index": 11, "dominantNormal": [-0.47766900062561035, -0.8785398602485657, -1.9507503617978498e-16], "obb": {"axesLengths": [0.17522356277875958, 0.2157300662458672, 0.1682503695906739], "centroid": [0.29804667543379937, -0.46100487403164225, -1.537864987823405], "normalizedAxes": [0.8785399198532104, -0.47766897082328796, -1.0606381791140328e-16, 0, -2.220446049250313e-16, 1, -0.47766897082328796, -0.8785399198532104, -1.9507504941467478e-16]}, "segments": [1454, 19864, 1500], "label": "trash can"}, {"objectId": 23, "id": 23, "partId": 23, "index": 13, "dominantNormal": [0.9874199628829956, 0.1581197828054428, 3.510964470386631e-17], "obb": {"axesLengths": [1.0141844543045269, 2.0579959290177534, 0.2505578477311558], "centroid": [0.4423378339683284, 0.2251854159871029, -0.6181020095623588], "normalizedAxes": [-0.1581197828054428, 0.9874199628829956, 2.1925127555344384e-16, 0, -2.220446049250313e-16, 1, 0.9874199628829956, 0.1581197828054428, 3.510964470386631e-17]}, "segments": [7117, 7070, 22247, 5649, 5663, 6414, 858], "label": "doorframe"}, {"objectId": 25, "id": 25, "partId": 25, "index": 15, "dominantNormal": [0.1614217460155487, -0.9868854880332947, -2.1913259829659963e-16], "obb": {"axesLengths": [1.212243410151181, 2.623655916221679, 0.12631276951392795], "centroid": [-0.4465716267716735, 1.6181997633729894, -0.4079620244064479], "normalizedAxes": [0.9868854880332947, 0.1614217460155487, 3.584282782033126e-17, 0, -2.220446049250313e-16, 1, 0.1614217460155487, -0.9868854880332947, -2.1913259829659963e-16]}, "segments": [16016, 21812, 3312, 16531, 16643, 16747, 21776], "label": "shower wall"}, {"objectId": 26, "id": 26, "partId": 26, "index": 16, "dominantNormal": [0.9468384385108948, 0.3217094838619232, 7.143385524475648e-17], "obb": {"axesLengths": [1.031611833235181, 2.589709939292595, 0.5383742659463906], "centroid": [-0.9552956945630382, 1.0620238350248186, -0.40485504296000996], "normalizedAxes": [-0.3217094838619232, 0.9468384385108948, 2.1024036700698518e-16, 0, -2.220446049250313e-16, 1, 0.9468384385108948, 0.3217094838619232, 7.143385524475648e-17]}, "segments": [14108, 8932, 15849, 6569, 8599, 8643, 18929, 17877, 8162, 796, 3675, 3758, 5878, 6060, 7596, 8108, 8253, 9184, 9247, 9339, 9354, 11927, 11951, 11963, 12066, 13753, 14008, 14062, 14067, 14119, 14120, 14313, 14428, 14494, 14502, 14515, 14571, 14590, 14632, 15072, 15604, 15683, 15750, 15825, 15837, 16649, 16719, 16721, 16788, 16851, 17822, 17872, 18040, 19142, 19145, 19154, 19156, 19168, 19173, 19184, 19361, 19632, 19635, 19638, 19757, 19796, 19801, 20511, 20914, 21274, 21576, 21620, 21585, 2188, 15628, 3612, 3681, 3737, 7548, 7651, 8115, 9098, 9136, 9157, 13774, 14455, 21960, 15910, 17652, 2415, 3731, 7214, 12348, 13301, 15894, 15905, 17258, 17654, 17657, 17660, 17680, 17689, 17691, 17696, 18036, 19813, 12317], "label": "shower wall"}, {"objectId": 1, "id": 1, "partId": 1, "index": 18, "dominantNormal": [0, -2.220446049250313e-16, 1], "obb": {"axesLengths": [2.2544235391520497, 0.2000000432133664, 1.2953268160173188], "centroid": [-0.13946850909308095, 0.5426627596771116, -1.649999978393317], "normalizedAxes": [-0.17597532272338867, 0.9843945503234863, 2.1857949901693237e-16, 0, -2.220446049250313e-16, 1, 0.9843945503234863, 0.17597532272338867, 3.907437101066972e-17]}, "segments": [10905, 1303, 4949, 3138, 393, 3115, 6739, 6757, 10078, 10082, 10090, 18766, 18769, 18773, 18775, 18780, 18799, 18807, 18814, 18818, 623, 6714], "label": "floor"}, {"objectId": 2, "id": 2, "partId": 2, "index": 19, "dominantNormal": [0.9052135944366455, -0.4249568283557892, -9.435937106245555e-17], "obb": {"axesLengths": [0.9500989575377957, 2.0999999769031996, 0.5903971162372561], "centroid": [0.06920964612093361, 1.1522719908525763, -0.6600000505894417], "normalizedAxes": [0.4249568283557892, 0.9052135944366455, 2.0099779494945247e-16, 0, -2.220446049250313e-16, 1, 0.9052135944366455, -0.4249568283557892, -9.435937106245555e-17]}, "segments": [9007, 9226, 9240, 9259, 9263, 9264, 9266, 9286, 9289, 18380, 18383, 18387, 18395, 18562, 18632, 191, 3511, 3526, 10023, 18376, 3452, 8131, 8146, 8824, 8904, 8955, 8993, 10119, 11066, 19051, 19054, 4004, 6803, 6963, 6993, 7011, 7022, 7235, 7328, 7447, 7728, 7782, 11758, 11952, 11975, 12027, 14802, 14812, 14820, 14832, 17620, 17828, 18260, 18603, 19370, 19417, 19457, 19460, 19472, 19491, 21444], "label": "shower door"}, {"objectId": 3, "id": 3, "partId": 3, "index": 20, "dominantNormal": [0.9918608665466309, 0.12732632458209991, 2.827212343838868e-17], "obb": {"axesLengths": [2.319133622163978, 2.5430898694003394, 0.1826542282863817], "centroid": [0.2896197035746013, 0.6198959034924473, -0.4415450090569635], "normalizedAxes": [-0.12732632458209991, 0.9918608665466309, 2.2023735425294585e-16, 0, -2.220446049250313e-16, 1, 0.9918608665466309, 0.12732632458209991, 2.827212343838868e-17]}, "segments": [9141, 9866, 17533, 5755, 5668, 3424, 3582, 9790, 18580, 18606, 18609, 18613, 9317, 9947, 18555, 8982, 4071, 3410, 8853, 18423, 18574, 8984, 3969], "label": "wall"}, {"objectId": 4, "id": 4, "partId": 4, "index": 21, "dominantNormal": [0.9859223365783691, 0.16720391809940338, 3.7126727936299316e-17], "obb": {"axesLengths": [0.9566321392598546, 2.03316397890827, 0.08910342121409694], "centroid": [0.5499239202355759, 0.2474275973785565, -0.6329180251899809], "normalizedAxes": [-0.16720391809940338, 0.9859223365783691, 2.1891873571230772e-16, 0, -2.220446049250313e-16, 1, 0.9859223365783691, 0.16720391809940338, 3.7126727936299316e-17]}, "segments": [10918, 3340, 5665], "label": "door"}, {"objectId": 5, "id": 5, "partId": 5, "index": 22, "dominantNormal": [0.9986852407455444, 0.05126155912876129, 1.1382352644586933e-17], "obb": {"axesLengths": [1.4192334217201201, 2.4739899678381527, 0.3573024176014062], "centroid": [-0.678942571725862, 0.003284079893637548, -0.4269950387553496], "normalizedAxes": [-0.05126156285405159, 0.9986852407455444, 2.217526697258042e-16, 0, -2.220446049250313e-16, 1, 0.9986852407455444, 0.05126156285405159, 1.1382353471767546e-17]}, "segments": [14001, 12168, 10972, 20839, 4279, 4407, 4490, 5923, 6095, 6096, 6194, 6502, 11010, 11031, 11049, 13608, 13611, 13612, 13618, 13639, 13641, 13673, 13780, 13921, 17857, 18870, 18871, 20356, 20367, 7950, 6314, 7952, 5938, 20686, 20673, 20578, 21311, 18318, 15198], "label": "wall"}, {"objectId": 6, "id": 6, "partId": 6, "index": 23, "dominantNormal": [0.11197178065776825, -0.9937114119529724, -2.206482578765928e-16], "obb": {"axesLengths": [1.2098860230078894, 2.463577930698291, 0.23554734327658822], "centroid": [-0.1390487906504594, -0.5338599143140925, -0.4382109935236509], "normalizedAxes": [0.9937114119529724, 0.11197178065776825, 2.4862729798906413e-17, 0, -2.220446049250313e-16, 1, 0.11197178065776825, -0.9937114119529724, -2.206482578765928e-16]}, "segments": [1161, 9901, 20639, 460, 18303, 1486, 1634, 1966, 2000, 2101, 2307, 4205, 4862, 8658, 14271, 15234, 17106, 19907], "label": "wall"}], "scan_id": "4238490c-60a7-271e-9f38-3c651e3b3912", "annId": "3355", "appId": "stk.v1"}