{"segGroups": [{"objectId": 1, "id": 1, "partId": 1, "index": 0, "dominantNormal": [0, -2.220446049250313e-16, 1], "obb": {"axesLengths": [2.2982948588313845, 0.9599999570846562, 2.1190550886598216], "centroid": [-1.908083028755358, 3.1173488921533234, -0.9299999578597427], "normalizedAxes": [0.9469555616378784, -0.32136455178260803, -7.135726493747897e-17, 0, -2.220446049250313e-16, 1, -0.32136455178260803, -0.9469555616378784, -2.1026637356544385e-16]}, "segments": [11653, 9826, 57236, 13965, 18787, 38831, 62430, 62501, 31305, 40235, 40160, 2963, 63529, 59255, 28195, 21090, 18529, 57131, 18542, 18686, 57413, 28083, 59776, 2958, 9682, 9685, 9910, 9944, 11357, 11422, 11674, 12131, 12760, 13338, 15180, 15205, 15262, 15270, 15535, 16952, 16974, 17066, 17139, 17236, 17259, 17268, 17697, 17730, 17760, 17772, 18121, 18607, 19014, 19038, 19067, 19397, 19428, 19440, 19441, 19460, 19506, 19517, 19539, 19553, 19556, 19562, 19569, 19580, 19586, 19595, 19608, 19619, 19823, 21721, 21791, 21840, 21881, 21904, 22222, 22269, 22274, 22276, 22278, 22280, 22309, 22314, 22317, 22373, 22590, 22595, 22603, 22609, 22635, 22655, 24371, 28091, 28134, 28161, 28163, 28233, 28239, 30073, 30110, 30149, 30244, 30267, 30354, 30357, 30830, 31042, 31044, 31260, 31262, 31281, 31318, 31321, 31364, 31382, 32379, 32485, 32856, 33095, 38844, 38879, 38888, 38908, 39696, 39985, 40062, 40074, 40078, 40091, 40092, 40222, 41951, 41961, 41982, 42005, 42010, 42012, 42023, 42059, 43872, 43878, 43879, 43891, 43903, 48801, 48837, 48842, 49728, 49777, 49821, 49828, 49928, 50346, 50351, 52056, 52115, 54280, 56569, 56973, 57450, 57470, 57552, 57582, 57584, 57599, 57620, 57813, 58182, 58190, 58194, 58238, 58299, 58699, 58849, 58920, 58930, 58993, 59248, 59250, 59260, 59263, 59264, 59267, 59273, 59279, 59569, 59579, 59590, 59751, 59767, 59811, 62455, 63222, 63243, 63311, 63716, 15521, 15600, 9919, 11721, 15949, 17658, 40767, 17838, 63438, 63369, 22735, 16182, 43214, 57163, 17073, 13983, 17704, 17681, 14329, 11949, 14307, 18453, 17707, 18521, 57141], "label": "bed"}, {"objectId": 2, "id": 2, "partId": 2, "index": 1, "dominantNormal": [0, -2.220446049250313e-16, 1], "obb": {"axesLengths": [5.112467683483159, 1.0225119958256486, 5.428671157702492], "centroid": [-0.6280565718722285, 1.2055793833582222, -1.0987439817026134], "normalizedAxes": [-0.11896542459726334, 0.9928984045982361, 2.2046773397970922e-16, 0, -2.220446049250313e-16, 1, 0.9928984045982361, 0.11896542459726334, 2.641563070443794e-17]}, "segments": [52394, 51455, 27587, 27111, 27419, 47205, 40338, 35395, 30840, 67969, 3566, 3620, 3675, 3681, 3691, 3752, 3754, 3779, 3780, 3824, 3850, 3859, 3878, 3890, 3907, 3912, 3922, 3923, 3966, 4652, 4672, 4676, 5916, 5930, 6600, 7457, 7737, 7782, 7847, 7856, 7989, 7999, 9127, 9821, 10223, 11582, 11614, 12095, 13915, 23451, 26154, 26528, 27089, 27488, 27866, 28357, 28454, 28461, 28502, 28508, 28759, 33424, 34514, 35253, 35844, 35862, 35877, 35901, 35938, 35984, 35985, 36001, 36017, 36255, 37499, 37500, 38227, 38294, 39071, 39903, 41376, 41510, 41737, 41760, 42232, 42303, 42380, 42388, 42399, 42477, 42501, 42506, 42517, 42532, 42556, 42573, 42586, 42627, 42629, 42638, 42653, 42661, 42666, 42673, 42691, 42692, 42717, 42721, 42728, 42797, 42805, 42815, 42816, 42829, 42838, 42863, 42877, 42892, 43616, 43627, 43673, 44176, 44301, 44303, 44308, 44342, 44353, 44359, 44364, 44365, 44368, 44378, 44597, 46801, 46935, 46967, 48621, 51470, 51525, 51622, 52089, 52138, 52164, 52478, 52553, 52925, 53360, 54256, 54812, 58538, 60634, 62699, 62702, 62783, 63181, 63184, 63200, 63204, 63210, 63212, 63345, 63351, 63359, 63365, 63390, 63427, 63725, 63740, 67652, 68318, 68801, 68804, 50124, 42352, 42433, 27603, 57485, 4015, 37508, 40454, 6751, 68315, 26417, 26881, 26872, 26550, 59712, 27022, 26984, 26993], "label": "floor"}, {"objectId": 3, "id": 3, "partId": 3, "index": 2, "dominantNormal": [0.9978923797607422, 0.06489026546478271, 1.440853335860808e-17], "obb": {"axesLengths": [1.046892704139563, 2.057957007185585, 0.15271415745022354], "centroid": [0.317724290447595, 0.6311526016149567, -0.3885415122539235], "normalizedAxes": [-0.06489026546478271, 0.9978923797607422, 2.215766192216733e-16, 0, -2.220446049250313e-16, 1, 0.9978923797607422, 0.06489026546478271, 1.440853335860808e-17]}, "segments": [47357, 30424, 29547, 14440, 61956, 21246, 45754], "label": "door"}, {"objectId": 4, "id": 4, "partId": 4, "index": 3, "dominantNormal": [-0.23155628144741058, -0.9728215336799622, -2.1600977310853024e-16], "obb": {"axesLengths": [1.4360001756891356, 2.2827049579611796, 0.7510440451997996], "centroid": [-1.82834845420921, 1.225090916692039, -0.2538374916651682], "normalizedAxes": [0.9728215336799622, -0.23155628144741058, -5.141582303189964e-17, 0, -2.220446049250313e-16, 1, -0.23155628144741058, -0.9728215336799622, -2.1600977310853024e-16]}, "segments": [18865, 22432, 22157, 22175, 58231, 54959, 47552, 20975, 60213, 60389, 39355, 60536, 1760, 58669, 24968, 52399, 60146, 1184, 1205, 1219, 1227, 2160, 2207, 4772, 5783, 5934, 6232, 6725, 6808, 8419, 17551, 17566, 19900, 20009, 20088, 20102, 20140, 20144, 20433, 21052, 21063, 21270, 21274, 21289, 21401, 21626, 22001, 23958, 24024, 24074, 26082, 26181, 26202, 26203, 26214, 26218, 26222, 26229, 26243, 28223, 28224, 31853, 31888, 31896, 31912, 31930, 31935, 31939, 31940, 32263, 32267, 34360, 34378, 35312, 38328, 45321, 45509, 57747, 57758, 57761, 57877, 57880, 57921, 57928, 57933, 57940, 58416, 58419, 58423, 58433, 59631, 59633, 59640, 60090, 60095, 60139, 60150, 60410, 60413, 60539, 60547, 60550, 60563, 62240, 1497, 6000, 20964, 19988], "label": "wardrobe"}, {"objectId": 5, "id": 5, "partId": 5, "index": 4, "dominantNormal": [-0.34001147747039795, -0.9404212832450867, -2.0881547230124623e-16], "obb": {"axesLengths": [4.378456656188076, 2.6768299934976536, 0.9310339777556907], "centroid": [-1.4745028395909623, 1.1806406264229532, -0.08841502598513085], "normalizedAxes": [0.9404212832450867, -0.34001147747039795, -7.54977141848907e-17, 0, -2.220446049250313e-16, 1, -0.34001147747039795, -0.9404212832450867, -2.0881547230124623e-16]}, "segments": [45455, 58572, 56160, 49291, 1832, 2241, 4910, 5029, 9051, 15420, 16845, 19334, 20466, 20556, 22976, 23863, 25264, 25303, 25334, 25343, 25375, 25954, 25955, 25980, 26004, 26782, 37197, 37379, 38358, 38402, 43096, 46549, 53881, 55734, 62910, 17899, 6652, 45443, 38098, 29266, 62902, 37984, 5016, 3286, 43412], "label": "wall"}, {"objectId": 6, "id": 6, "partId": 6, "index": 5, "dominantNormal": [0, -2.220446049250313e-16, 1], "obb": {"axesLengths": [1.2456737615518139, 0.4259530210654505, 0.5572906830647686], "centroid": [-1.8779288051508038, 1.1661072952590221, 0.8770234971858497], "normalizedAxes": [0.902725338935852, -0.4302173852920532, -9.552744934905393e-17, 0, -2.220446049250313e-16, 1, -0.4302173852920532, -0.902725338935852, -2.0044529123982625e-16]}, "segments": [2065, 1704, 53207, 2691, 1699, 23452, 58536, 39270, 62157, 62177, 39180, 1710, 2326, 2657, 2688, 28286, 28512, 39179, 53195, 53196, 53290, 58518, 58523, 62140, 62143, 53198, 1723, 1743, 2031, 2050, 2068, 2119, 2377, 2776, 2785, 2795, 2807, 2834, 2837, 2871, 2898, 2907, 2915, 2918, 2922, 2925, 2927, 2948, 23441, 28364, 28374, 28505, 29353, 29475, 29483, 29548, 39284, 39307, 39309, 39327, 53125, 53130, 53223, 53227, 53228, 53231, 53247, 53254, 53293, 53296, 53300, 53307, 58513, 58734, 58759, 62147, 62264, 62267, 2887, 6207, 29398, 29452, 58691, 58752, 2043, 39372, 62254, 53138, 2134, 39326, 39319, 6287], "label": "clutter"}, {"objectId": 7, "id": 7, "partId": 7, "index": 6, "dominantNormal": [0.9370811581611633, -0.34911152720451355, -7.751833113290053e-17], "obb": {"axesLengths": [3.0878296152806564, 2.5919398682130894, 0.17785901240749302], "centroid": [0.9641670020514552, 1.5038093325642905, -0.13402998277500555], "normalizedAxes": [0.34911155700683594, 0.9370811581611633, 2.080738155465863e-16, 0, -2.220446049250313e-16, 1, 0.9370811581611633, -0.34911155700683594, -7.751833775034543e-17]}, "segments": [34758, 20269, 10299, 29257, 173, 32429], "label": "wall"}, {"objectId": 8, "id": 8, "partId": 8, "index": 7, "dominantNormal": [0.940985918045044, -0.3384456932544708, -7.515004024726731e-17], "obb": {"axesLengths": [1.1445429574905257, 0.673447966424048, 0.26212341864839533], "centroid": [0.8403555235930189, 1.5588217524148904, -0.10280599344978025], "normalizedAxes": [0.3384457230567932, 0.940985918045044, 2.0894084641232967e-16, 0, -2.220446049250313e-16, 1, 0.940985918045044, -0.3384457230567932, -7.515004686471221e-17]}, "segments": [46401, 3897, 5485, 189, 192, 305, 25235, 53069, 33227, 28843, 23730], "label": "tv"}, {"objectId": 9, "id": 9, "partId": 9, "index": 8, "dominantNormal": [0.9359810948371887, -0.3520503044128418, -7.817087075708646e-17], "obb": {"axesLengths": [3.006950519745564, 2.5799999852478495, 0.15989606809547066], "centroid": [-3.0693310045184385, 2.9924739726889396, -0.099999963298667], "normalizedAxes": [0.3520503044128418, 0.9359810948371887, 2.0782955242042183e-16, 0, -2.220446049250313e-16, 1, 0.9359810948371887, -0.3520503044128418, -7.817087075708646e-17]}, "segments": [38121, 1051, 1314, 43133, 9709, 13220, 13238, 13249, 13274, 13939, 13998, 14106, 15257, 16651, 16663, 16666, 17068, 17090, 17151, 17177, 17179, 18056, 18171, 18193, 18433, 18484, 18543, 18591, 18613, 18636, 18678, 18697, 54972, 54974, 55062, 55727, 56410, 56414, 56416, 56417, 56805, 56852, 56859, 56865, 56971, 56989, 56991, 56993, 57134, 57145, 57216, 54620], "label": "wall"}, {"objectId": 10, "id": 10, "partId": 10, "index": 9, "dominantNormal": [0, -2.220446049250313e-16, 1], "obb": {"axesLengths": [4.447884980673791, 1.7876300114177903, 2.5532262178684992], "centroid": [-0.9012118724414677, 2.6220356826857367, 0.42381501610967964], "normalizedAxes": [0.9559301733970642, -0.29359403252601624, -6.519097096058607e-17, 0, -2.220446049250313e-16, 1, -0.29359403252601624, -0.9559301733970642, -2.122591376878678e-16]}, "segments": [24409, 43944, 39956, 30321, 41030, 37662, 10160, 32754, 38598, 37264, 29890, 9432, 45668, 65900, 65855, 33506, 44051, 11849, 25466, 25160, 25870, 26050, 30523], "label": "ceiling"}, {"objectId": 11, "id": 11, "partId": 11, "index": 10, "dominantNormal": [0, -2.220446049250313e-16, 1], "obb": {"axesLengths": [1.2655783484481409, 0.6200000002235174, 1.1607632916136972], "centroid": [-0.21886756512329847, 3.144239769093732, 0.2999999992621665], "normalizedAxes": [0.828883707523346, -0.5594208836555481, -1.2421638909810808e-16, 0, -2.220446049250313e-16, 1, -0.5594208836555481, -0.828883707523346, -1.8404915536581655e-16]}, "segments": [35920, 45250, 590, 5740, 64606, 10491, 59299, 53855, 28943, 58987, 52312, 52846, 52563, 28950, 59165, 23200, 52682, 10558, 43180, 670, 671, 681, 688, 704, 5526, 5664, 5726, 5746, 5765, 10326, 10684, 10722, 10756, 10840, 10856, 23090, 23229, 23230, 23263, 23290, 23296, 23326, 23574, 23580, 25669, 25675, 25680, 25690, 27282, 27316, 27325, 27461, 27518, 27565, 28868, 28881, 40598, 52517, 52520, 52522, 52542, 52546, 52637, 52655, 52710, 52711, 52720, 52740, 52743, 52867, 52928, 52931, 53917, 58475, 58502, 58990, 59323, 59383, 59386, 64400, 64576, 65516, 65807, 66122], "label": "window"}, {"objectId": 12, "id": 12, "partId": 12, "index": 11, "dominantNormal": [-0.3271254003047943, -0.9449809193611145, -2.0982791490123154e-16], "obb": {"axesLengths": [1.552830984189975, 0.8000000536441787, 0.23918936241407812], "centroid": [-0.11307692977521744, 3.54634154106961, -0.9299999876620646], "normalizedAxes": [0.9449809193611145, -0.3271254301071167, -7.263643688906567e-17, 0, -2.220446049250313e-16, 1, -0.3271254301071167, -0.9449809193611145, -2.0982791490123154e-16]}, "segments": [50178, 67822, 50735, 67536, 67358, 49596, 67072, 44837, 66621, 44988, 44900, 44477, 48933, 67171, 36648, 60052, 24638, 60678, 36625, 36628, 36530, 60902, 61317, 61054, 61574, 37535, 61597, 37682, 36657, 29940, 36973, 44428, 48744, 66482, 67296, 49465, 63899, 67851, 21531, 8895, 21065, 21427, 21529, 21591, 22921, 24595, 24633, 24646, 24658, 24680, 24682, 24696, 24764, 24767, 24778, 24805, 24842, 24853, 24882, 24897, 24899, 24909, 29942, 34064, 34065, 34089, 34094, 34113, 34153, 36249, 36275, 36286, 36327, 36339, 36346, 36353, 36398, 36428, 36431, 36464, 36467, 36534, 36545, 36591, 36702, 36709, 36761, 37025, 37169, 37170, 37544, 37556, 37560, 37583, 37625, 37749, 37792, 37835, 38700, 44473, 44731, 44770, 44782, 44800, 44804, 44807, 44823, 44869, 44878, 44899, 44956, 44972, 45012, 45015, 45039, 45050, 45051, 45063, 45069, 48713, 48724, 48728, 48746, 48756, 48769, 48806, 48826, 48864, 48910, 48955, 48976, 48985, 49004, 49054, 49065, 49104, 49472, 49485, 49497, 49506, 49515, 49561, 49643, 49647, 49660, 49767, 49804, 49822, 49933, 49945, 50012, 50092, 50238, 50305, 50308, 50323, 50434, 50436, 50442, 50657, 50740, 50833, 51246, 51265, 51269, 51309, 51376, 53446, 60034, 60082, 60712, 60749, 60759, 60782, 60852, 60854, 60891, 60941, 60997, 61003, 61048, 61299, 61344, 61397, 61463, 61525, 61602, 61644, 63914, 63917, 63920, 63939, 63981, 66287, 66420, 66430, 66476, 66540, 66595, 66707, 66711, 66742, 66993, 66998, 67003, 67021, 67123, 67129, 67311, 67350, 67440, 67448, 67452, 67482, 67541, 67559, 67602, 67611, 67632, 67654, 67660, 67771, 67791, 67794, 67797, 67915, 67927, 68945, 68957, 68960, 68968, 29976, 28719, 29935, 67843, 61253, 38729, 36984, 37078, 59399], "label": "heater"}, {"objectId": 13, "id": 13, "partId": 13, "index": 12, "dominantNormal": [-0.3929672837257385, -0.9195524454116821, -2.0418165944928338e-16], "obb": {"axesLengths": [2.4793849136439143, 1.0842000301733603, 0.19843903639517482], "centroid": [0.37295360120066334, 3.4132411697957012, -0.8921000025997332], "normalizedAxes": [0.9195524454116821, -0.3929672837257385, -8.72562652633443e-17, 0, -2.220446049250313e-16, 1, -0.3929672837257385, -0.9195524454116821, -2.0418165944928338e-16]}, "segments": [9288, 29903, 41691, 61652, 41381, 38972, 38704, 62850, 41169, 37332, 41475, 37949, 47372, 39687], "label": "wall"}, {"objectId": 14, "id": 14, "partId": 14, "index": 13, "dominantNormal": [-0.21668903529644012, -0.9762406945228577, -2.167689793270661e-16], "obb": {"axesLengths": [0.8316875424735622, 1.1809239719601572, 0.5676609242307326], "centroid": [-0.894460689410519, 0.7971956973046948, -0.8416779760196536], "normalizedAxes": [0.9762406945228577, -0.21668903529644012, -4.811463123398421e-17, 0, -2.220446049250313e-16, 1, -0.21668903529644012, -0.9762406945228577, -2.167689793270661e-16]}, "segments": [66900, 46021, 45961, 36875, 51852, 66315, 42101, 43174, 51990, 43033, 24160, 24011, 46525, 24962, 66922, 34168, 33632, 62636, 33578, 59971, 42447, 63593, 60007, 28640, 66770, 51885, 24151, 24036, 24116, 24210, 24218, 28528, 28575, 28657, 28691, 33557, 33566, 33571, 33606, 36873, 37976, 42604, 42702, 42749, 42755, 42828, 42861, 46099, 46264, 46289, 46356, 52042, 52150, 58554, 58643, 59984, 59986, 61076, 61077, 61101, 62479, 62483, 27972, 43759], "label": "clothes"}, {"objectId": 15, "id": 15, "partId": 15, "index": 14, "dominantNormal": [0.9344980120658875, -0.3559683561325073, -7.904085300325543e-17], "obb": {"axesLengths": [1.4897112596230575, 1.0799999293684972, 0.5099055370934736], "centroid": [0.8191782573210771, 1.7054768541432281, -0.8899999521973017], "normalizedAxes": [0.3559683561325073, 0.9344980120658875, 2.0750024189239712e-16, 0, -2.220446049250313e-16, 1, 0.9344980120658875, -0.3559683561325073, -7.904085300325543e-17]}, "segments": [38484, 23971, 64154, 62417, 39773, 5833, 35785, 26795, 46415, 46501, 46536, 33293, 27324, 22969, 5845, 1212, 5671, 23564, 25998, 26645, 27572, 33326, 33330, 33338, 33345, 34771, 38483, 46476, 59967, 43857, 52875, 44193], "label": "commode"}, {"objectId": 16, "id": 16, "partId": 16, "index": 15, "dominantNormal": [0.951421856880188, -0.30789023637771606, -6.836536589676447e-17], "obb": {"axesLengths": [0.7697836431531199, 0.8894499937567854, 0.8601389271309966], "centroid": [-3.1561695386225184, 1.8395792973074752, -1.034724958761449], "normalizedAxes": [0.951421856880188, -0.30789026618003845, -6.836537251420937e-17, 0, -2.220446049250313e-16, 1, -0.30789026618003845, -0.951421856880188, -2.1125809032800102e-16]}, "segments": [17369, 17370, 16440, 14678, 8791, 56121, 8465, 8372, 8379, 8558, 10993, 54676, 8040, 17320, 54834, 54309, 8284, 55303, 14687, 14927, 14996, 55503, 14989, 6803, 14659, 55359, 17425, 457, 11207, 54864, 10077, 68198, 55626, 10117, 55391, 55587, 55455, 374, 408, 426, 6791, 6805, 6855, 6922, 6928, 6935, 6961, 7056, 7077, 7088, 7216, 7244, 7320, 7351, 7390, 7412, 7474, 7484, 7491, 7530, 7567, 7725, 7747, 7804, 7807, 7854, 7879, 7897, 7902, 8003, 8007, 8091, 8118, 8131, 8136, 8153, 8159, 8160, 8161, 8171, 8200, 8233, 8278, 8317, 8326, 8352, 8357, 8358, 8439, 8467, 8482, 8526, 8535, 8538, 8544, 8684, 8688, 8693, 8713, 8717, 8733, 8760, 8766, 8776, 8778, 8862, 8909, 8936, 8944, 9080, 10106, 10214, 10291, 10566, 10573, 10577, 10607, 10611, 10691, 10707, 10709, 10731, 10790, 10807, 10855, 10925, 11050, 11085, 11914, 14464, 14477, 14480, 14528, 14542, 14552, 14662, 14675, 14688, 14709, 14724, 14738, 14742, 14759, 14777, 14843, 14915, 14982, 15087, 15107, 15117, 15140, 15142, 15202, 16364, 16374, 16380, 16410, 16447, 16448, 16450, 16469, 16581, 17351, 17424, 17490, 17552, 18330, 18335, 18378, 18380, 53071, 53072, 53780, 53793, 53800, 53832, 53878, 53976, 53993, 53998, 54032, 54039, 54042, 54050, 54052, 54057, 54071, 54074, 54076, 54077, 54109, 54110, 54114, 54176, 54196, 54232, 54245, 54247, 54252, 54304, 54321, 54324, 54344, 54347, 54460, 54465, 54493, 54514, 54594, 54751, 54769, 54773, 54777, 54779, 54782, 54790, 54805, 54842, 54845, 54849, 55275, 55281, 55283, 55334, 55352, 55367, 55372, 55405, 55432, 55436, 55437, 55440, 55441, 55445, 55448, 55463, 55470, 55475, 55646, 55649, 55657, 55691, 55724, 56061, 56134, 56156, 56326, 56385, 56388, 56391, 56402, 56662, 56673, 56728, 56743, 56769, 56807, 56892, 56897, 68066, 10458, 54367, 6709, 6773, 6894, 6974, 7076, 7078, 10448, 10485, 10585, 16579, 18352, 54262, 54332, 56941, 503, 6978, 15137, 15179, 17936, 56137, 56815, 56817, 56840, 54690, 6860, 6685, 6955, 20665, 53842, 54808], "label": "plant"}, {"objectId": 17, "id": 17, "partId": 17, "index": 16, "dominantNormal": [0, -2.220446049250313e-16, 1], "obb": {"axesLengths": [0.45501068497244257, 0.2952400379946816, 0.529370588174632], "centroid": [-2.6611891667868406, 1.5342529775443134, -1.242430004825743], "normalizedAxes": [0.9804457426071167, -0.1967894732952118, -4.36960408512403e-17, 0, -2.220446049250313e-16, 1, -0.1967894732952118, -0.9804457426071167, -2.1770268756762616e-16]}, "segments": [20560, 21511, 9618, 57992, 57835, 6614, 6615, 9491, 20611, 20643, 20648, 20685, 20741, 20747, 20767, 20770, 20782, 57833, 57840, 57857, 58008, 20253], "label": "bag"}, {"objectId": 18, "id": 18, "partId": 18, "index": 17, "dominantNormal": [-0.2632172405719757, -0.9647365808486938, -2.1421455295127375e-16], "obb": {"axesLengths": [1.9628690474635622, 2.555710020161195, 0.5742440335084791], "centroid": [-0.3336684629070952, 0.07329605481585899, -0.10761499294031673], "normalizedAxes": [0.9647365808486938, -0.2632172405719757, -5.844596819226127e-17, 0, -2.220446049250313e-16, 1, -0.2632172405719757, -0.9647365808486938, -2.1421455295127375e-16]}, "segments": [62532, 49711, 59454, 64016, 45323, 47754, 62558, 64023, 45184, 15487, 23141, 32839, 36897, 38791, 40081, 40258, 41929, 42097, 43464, 45199, 45200, 45298, 45375, 48258, 48285, 48368, 48400, 48451, 48456, 48482, 48495, 48539, 52562, 63023, 63433, 66120, 66131, 66156, 66194, 66197, 48597, 48356, 43386, 3203], "label": "wall"}, {"objectId": 20, "id": 20, "partId": 20, "index": 19, "dominantNormal": [0, -2.220446049250313e-16, 1], "obb": {"axesLengths": [0.7641305918835927, 0.06000006064772467, 0.46954846226084485], "centroid": [-0.43201757561640414, 0.166287669697456, 1.1599999990013954], "normalizedAxes": [0.9999861717224121, -0.005260417703539133, -1.1680473707229873e-18, 0, -2.220446049250313e-16, 1, -0.005260417703539133, -0.9999861717224121, -2.220415344305975e-16]}, "segments": [48571], "label": "ceiling"}, {"objectId": 21, "id": 21, "partId": 21, "index": 20, "dominantNormal": [0.17575214803218842, -0.9844344258308411, -2.1858835315820914e-16], "obb": {"axesLengths": [0.38366758818378605, 0.44824992608465397, 0.26959595363112737], "centroid": [0.7997643115424187, 2.499403791828462, -1.2058749538392233], "normalizedAxes": [0.9844344258308411, 0.17575214803218842, 3.9024816274532895e-17, 0, -2.220446049250313e-16, 1, 0.17575214803218842, -0.9844344258308411, -2.1858835315820914e-16]}, "segments": [7610, 59027, 34642, 35059, 60447, 60450, 60454, 60465, 35016, 35025, 35062, 34670, 35088, 60438, 34686, 35082], "label": "lamp"}, {"objectId": 23, "id": 23, "partId": 23, "index": 21, "dominantNormal": [0, -2.220446049250313e-16, 1], "obb": {"axesLengths": [0.4284100348088754, 0.20244001889735408, 0.229750331740547], "centroid": [-2.7054005469539057, 1.3466754623963033, -1.193469975841197], "normalizedAxes": [0.9333131909370422, -0.35906338691711426, -7.972808789105429e-17, 0, -2.220446049250313e-16, 1, -0.35906338691711426, -0.9333131909370422, -2.0723715875293585e-16]}, "segments": [20559, 57821, 21468, 17989], "label": "bag"}, {"objectId": 24, "id": 24, "partId": 24, "index": 22, "dominantNormal": [0.952826201915741, -0.3035164773464203, -6.739419630062311e-17], "obb": {"axesLengths": [0.8015688491731696, 0.3199999875575305, 0.05383713542535212], "centroid": [-3.1186469215388253, 2.8683712466929454, 0.18999999114103394], "normalizedAxes": [0.3035164773464203, 0.952826201915741, 2.115699175665988e-16, 0, -2.220446049250313e-16, 1, 0.952826201915741, -0.3035164773464203, -6.739419630062311e-17]}, "segments": [29140, 29081], "label": "picture"}, {"objectId": 25, "id": 25, "partId": 25, "index": 23, "dominantNormal": [-0.3507794439792633, -0.9364581108093262, -2.0793547124349802e-16], "obb": {"axesLengths": [1.886365006781085, 0.491240997063197, 0.199181028336246], "centroid": [-1.6563896558129758, 4.1190766022596055, -0.5956204860446515], "normalizedAxes": [0.9364581108093262, -0.3507794439792633, -7.788868305419767e-17, 0, -2.220446049250313e-16, 1, -0.3507794439792633, -0.9364581108093262, -2.0793547124349802e-16]}, "segments": [19002, 15456], "label": "wall"}, {"objectId": 26, "id": 26, "partId": 26, "index": 24, "dominantNormal": [0, -2.220446049250313e-16, 1], "obb": {"axesLengths": [4.373758168751357, 0.2107599926570053, 0.9476410596925815], "centroid": [-1.4321627802940786, 1.2145283124429347, 1.2122500254900719], "normalizedAxes": [0.9270028471946716, -0.375054270029068, -8.327877721405041e-17, 0, -2.220446049250313e-16, 1, -0.375054270029068, -0.9270028471946716, -2.0583598096972003e-16]}, "segments": [2498, 30116, 1062, 65414, 45397, 21933, 2570, 48121, 32627], "label": "ceiling"}, {"objectId": 27, "id": 27, "partId": 27, "index": 25, "dominantNormal": [0, -2.220446049250313e-16, 1], "obb": {"axesLengths": [0.8022094985582664, 0.29284095109609626, 0.6411001640941496], "centroid": [-2.2903046054448475, 3.9269166477033566, -0.6835794905073334], "normalizedAxes": [-0.002971587935462594, 0.9999955892562866, 2.2204362554318605e-16, 0, -2.220446049250313e-16, 1, 0.9999955892562866, 0.002971587935462594, 6.598250691297811e-19]}, "segments": [20812, 35769, 58101, 20842], "label": "pillow"}, {"objectId": 28, "id": 28, "partId": 28, "index": 26, "dominantNormal": [0, -2.220446049250313e-16, 1], "obb": {"axesLengths": [0.9436946694094025, 0.29580103689876847, 0.7971068927440927], "centroid": [-2.397700578954743, 3.810426541672066, -0.7379004803324407], "normalizedAxes": [0.9999600052833557, -0.008940872736275196, -1.9852725544112096e-18, 0, -2.220446049250313e-16, 1, -0.008940872736275196, -0.9999600052833557, -2.2203572431397494e-16]}, "segments": [33023, 58202, 18767, 18774, 21728, 21816, 35714, 18089, 18039], "label": "pillow"}, {"objectId": 29, "id": 29, "partId": 29, "index": 27, "dominantNormal": [0, -2.220446049250313e-16, 1], "obb": {"axesLengths": [0.679243073466766, 0.24683701440311193, 0.5025299110507987], "centroid": [-2.8026697391431665, 3.148095668577039, -0.7134184690846122], "normalizedAxes": [-0.11306362599134445, 0.9935877323150635, 2.2062079548025603e-16, 0, -2.220446049250313e-16, 1, 0.9935877323150635, 0.11306362599134445, 2.510516816463958e-17]}, "segments": [13555, 12814, 56430], "label": "pillow"}, {"objectId": 30, "id": 30, "partId": 30, "index": 28, "dominantNormal": [0, -2.220446049250313e-16, 1], "obb": {"axesLengths": [0.8494284934352136, 0.20294898294771505, 0.6856573638623618], "centroid": [-2.6406997903835165, 2.858448290630233, -0.7314744739205159], "normalizedAxes": [0.5874149799346924, 0.8092858791351318, 1.7969756330396699e-16, 0, -2.220446049250313e-16, 1, 0.8092858791351318, -0.5874149799346924, -1.3043232714664396e-16]}, "segments": [54980, 11515, 13059, 12364, 16903, 17285], "label": "pillow"}, {"objectId": 32, "id": 32, "partId": 32, "index": 29, "dominantNormal": [0, -2.220446049250313e-16, 1], "obb": {"axesLengths": [1.159974346624393, 0.45834802556750115, 1.063640042829681], "centroid": [-1.235976452160478, 3.382679774153063, -0.9104159879891747], "normalizedAxes": [0.9186252951622009, -0.39512985944747925, -8.773645353509868e-17, 0, -2.220446049250313e-16, 1, -0.39512985944747925, -0.9186252951622009, -2.0397579073843118e-16]}, "segments": [34210, 34230, 25764, 30528, 59799, 22584, 24360, 23897, 63642, 50102, 63665, 24364, 22560, 33754, 60019, 28135, 62113, 25862, 24375, 25831, 32356, 32383, 30112], "label": "blanket"}, {"objectId": 33, "id": 33, "partId": 33, "index": 30, "dominantNormal": [0.8124351501464844, 0.5830515623092651, 1.2946345380388305e-16], "obb": {"axesLengths": [1.8929382578150016, 0.6799999323487294, 0.6024536240500195], "centroid": [-1.6020194788857034, 2.6669916927758788, -0.9499999681415439], "normalizedAxes": [-0.5830515623092651, 0.8124351501464844, 1.8039684194148461e-16, 0, -2.220446049250313e-16, 1, 0.8124351501464844, 0.5830515623092651, 1.2946345380388305e-16]}, "segments": [49594, 50716, 50790, 63820, 67118, 19651, 19718, 63862, 63964, 66951, 51730, 49346, 50641, 50587, 31289, 61896, 63335, 51571, 30788, 30948, 59504, 51539, 31348, 50163], "label": "blanket"}, {"objectId": 37, "id": 37, "initialPoint": [-0.5190883563834181, 0.3703212364354076, 0.4495515372816996], "index": 33, "dominantNormal": [-0.3305768072605133, -0.9437791109085083, -2.0956105981817703e-16], "obb": {"axesLengths": [0.9971116815638921, 2.0017739086946706, 0.25394641627887565], "centroid": [-0.11005600791248155, 0.2749764015922973, -0.3890929744150593], "normalizedAxes": [0.9437791109085083, -0.3305767774581909, -7.3402789948094e-17, 0, -2.220446049250313e-16, 1, -0.3305767774581909, -0.9437791109085083, -2.0956105981817703e-16]}, "segments": [62974, 63001, 65935, 27644, 27093, 31812], "partId": 37, "label": "doorframe"}], "scan_id": "73315a2d-185c-2c8a-87e9-d8dfe07ae3cb", "annId": "4951", "appId": "stk.v1"}