{"segGroups": [{"objectId": 44, "id": 44, "partId": 44, "index": 0, "dominantNormal": [-0.18486209213733673, -0.982764482498169, -2.1821755125065877e-16], "obb": {"axesLengths": [1.0347448392187388, 0.7307510212640976, 0.36836484380412454], "centroid": [2.3453124194885833, 5.583537861363391, -1.1046245122233516], "normalizedAxes": [0.982764482498169, -0.18486209213733673, -4.104763021424967e-17, 0, -2.220446049250313e-16, 1, -0.18486209213733673, -0.982764482498169, -2.1821755125065877e-16]}, "segments": [45339, 31914, 45481, 64617, 49579, 50150, 6839, 7530, 62558, 49508, 51290, 49439, 8843], "label": "heater"}, {"objectId": 45, "id": 45, "partId": 45, "index": 1, "dominantNormal": [0, -2.220446049250313e-16, 1], "obb": {"axesLengths": [0.7809400618084432, 0.2600000442564478, 0.3424005557870604], "centroid": [2.2408074528726902, 5.49251861454551, -0.720000009816885], "normalizedAxes": [0.9895907640457153, -0.1439102590084076, -3.195449660618079e-17, 0, -2.220446049250313e-16, 1, -0.1439102590084076, -0.9895907640457153, -2.1973329023999074e-16]}, "segments": [46196, 49798, 49987, 54262, 51504], "label": "windowsill"}, {"objectId": 46, "id": 46, "partId": 46, "index": 2, "dominantNormal": [0.965141236782074, -0.2617296278476715, -5.811565181261169e-17], "obb": {"axesLengths": [0.27562926543871324, 0.1413379876016531, 0.124753415629414], "centroid": [1.9879652983316158, 5.52570052019948, -0.6406690010100083], "normalizedAxes": [0.2617296278476715, 0.965141236782074, 2.143044046181317e-16, 0, -2.220446049250313e-16, 1, 0.965141236782074, -0.2617296278476715, -5.811565181261169e-17]}, "segments": [46343, 64762, 49964], "label": "box"}, {"objectId": 47, "id": 47, "partId": 47, "index": 3, "dominantNormal": [0, -2.220446049250313e-16, 1], "obb": {"axesLengths": [0.20768284224237132, 0.12664597943471426, 0.16514828306598328], "centroid": [2.276351566750444, 5.461919084070575, -0.6466770000574665], "normalizedAxes": [0.2429760843515396, 0.970032274723053, 2.1539043320540973e-16, 0, -2.220446049250313e-16, 1, 0.970032274723053, -0.2429760843515396, -5.3951528656068695e-17]}, "segments": [66192, 51178, 50095], "label": "item"}, {"objectId": 48, "id": 48, "partId": 48, "index": 4, "dominantNormal": [0, -2.220446049250313e-16, 1], "obb": {"axesLengths": [0.49830746594564956, 0.23053001842208154, 0.29249393700722726], "centroid": [2.043252063333176, 5.424252353194805, -1.479274982212298], "normalizedAxes": [-0.030392782762646675, 0.999538004398346, 2.2194202129418493e-16, 0, -2.220446049250313e-16, 1, 0.999538004398346, 0.030392782762646675, 6.7485534411041826e-18]}, "segments": [9706, 8674, 55184, 62981, 9655, 7093, 7009, 7159, 7178, 7189, 7795, 7801, 9183, 9368, 9466, 9659, 55198, 55410, 7227], "label": "pack"}, {"objectId": 49, "id": 49, "partId": 49, "index": 5, "dominantNormal": [0, -2.220446049250313e-16, 1], "obb": {"axesLengths": [0.7149000865863003, 0.20346998713605124, 0.5781249201388692], "centroid": [1.3793506701370681, 5.331049165603854, -1.4717349948167429], "normalizedAxes": [0.98923659324646, 0.1463250070810318, 3.2490678387960114e-17, 0, -2.220446049250313e-16, 1, 0.1463250070810318, -0.98923659324646, -2.196546485247941e-16]}, "segments": [13217, 11969, 63819, 11219, 10629, 58801, 35858], "label": "box"}, {"objectId": 50, "id": 50, "partId": 50, "index": 6, "dominantNormal": [0, -2.220446049250313e-16, 1], "obb": {"axesLengths": [0.3952503258788303, 0.17019998646825574, 0.2989024803445687], "centroid": [1.3178228183267668, 5.431738163190747, -1.455099994482845], "normalizedAxes": [0.9404709935188293, 0.33987393975257874, 7.546717467667524e-17, 0, -2.220446049250313e-16, 1, 0.33987393975257874, -0.9404709935188293, -2.0882651019934014e-16]}, "segments": [59003, 12146, 58629, 55556], "label": "box"}, {"objectId": 51, "id": 51, "partId": 51, "index": 7, "dominantNormal": [0.10850927978754044, -0.9940954446792603, -2.2073353027157966e-16], "obb": {"axesLengths": [0.17202837186700576, 0.24058395086413734, 0.14973654507163656], "centroid": [2.257406571666544, 4.223938498240275, -0.6222730112879054], "normalizedAxes": [0.9940954446792603, 0.10850927978754044, 2.40939001611241e-17, 0, -2.220446049250313e-16, 1, 0.10850927978754044, -0.9940954446792603, -2.2073353027157966e-16]}, "segments": [51239, 52189, 21189, 27333, 55786], "label": "plant"}, {"objectId": 52, "id": 52, "partId": 52, "index": 8, "dominantNormal": [-0.00607727374881506, -0.9999815225601196, -2.2204050210919305e-16], "obb": {"axesLengths": [0.9563004445102193, 1.9916679115965674, 0.25522937657177697], "centroid": [0.13140306243995004, 0.6347336753982791, -0.5155459947210703], "normalizedAxes": [0.9999815225601196, -0.00607727374881506, -1.3494258485769039e-18, 0, -2.220446049250313e-16, 1, -0.00607727374881506, -0.9999815225601196, -2.2204050210919305e-16]}, "segments": [25078, 32476, 29309, 25073, 25107, 25120, 31101, 33797, 33801, 57311, 38541], "label": "doorframe"}, {"objectId": 53, "id": 53, "partId": 53, "index": 9, "dominantNormal": [0.9671061635017395, -0.25437304377555847, -5.648216200872158e-17], "obb": {"axesLengths": [0.4980769873075722, 0.4501199621680385, 0.29429715604581946], "centroid": [-0.7424194936513986, 0.10502725185444683, -1.304939983209819], "normalizedAxes": [0.25437304377555847, 0.9671061635017395, 2.1474070599530648e-16, 0, -2.220446049250313e-16, 1, 0.9671061635017395, -0.25437304377555847, -5.648216200872158e-17]}, "segments": [37878, 31566, 38045, 38080, 31576, 31590, 31550, 57730, 59347], "label": "wall"}, {"objectId": 1, "id": 1, "partId": 1, "index": 10, "dominantNormal": [0, -2.220446049250313e-16, 1], "obb": {"axesLengths": [7.091178897394036, 0.3292000220149749, 4.534127478306453], "centroid": [0.8331595565123705, 2.176598407724359, -1.47459995160848], "normalizedAxes": [0.014424271881580353, 0.9998959898948669, 2.2202151004232883e-16, 0, -2.220446049250313e-16, 1, 0.9998959898948669, -0.014424271881580353, -3.2028317512767474e-18]}, "segments": [21129, 43063, 24880, 63576, 34598, 20726, 63583, 18291, 37282, 8625, 12054, 41321, 35195, 63820, 762, 766, 2071, 2113, 2229, 2246, 2289, 2310, 2316, 2323, 2328, 2385, 2417, 3105, 3807, 3838, 3843, 3923, 4556, 4570, 4580, 5057, 5173, 5185, 5248, 5293, 5501, 9291, 9299, 9303, 10826, 14050, 14056, 14131, 17297, 17303, 17309, 17317, 17326, 17574, 17608, 17911, 18208, 18322, 18449, 18539, 18546, 18550, 18647, 18910, 19582, 19950, 20095, 20096, 20102, 20106, 20702, 20924, 20926, 21071, 21527, 21594, 21640, 22461, 23131, 23162, 23213, 23231, 24078, 24082, 24101, 24107, 24121, 24141, 24186, 24191, 24208, 24224, 24251, 25351, 25368, 25380, 25391, 25486, 26306, 26350, 26751, 27174, 27187, 27193, 27195, 27246, 27528, 27885, 27932, 28429, 28869, 29046, 29412, 29520, 29751, 29786, 29799, 29814, 29823, 30545, 30865, 30886, 30930, 30945, 30950, 31160, 31212, 31382, 32278, 32299, 32374, 32399, 32403, 32422, 32426, 32427, 32832, 33060, 33181, 33227, 33266, 33325, 33336, 33342, 33364, 33367, 33547, 33549, 33568, 33588, 33612, 33613, 33717, 33984, 34823, 35704, 36898, 37759, 38965, 39008, 39023, 39071, 40565, 40580, 41723, 41861, 42256, 43102, 44376, 44410, 44428, 44553, 44611, 44662, 45796, 46613, 46688, 46701, 46717, 46802, 46810, 47902, 48126, 48257, 49008, 49010, 49465, 49467, 49468, 49991, 50152, 51359, 52353, 52356, 52364, 52760, 52769, 55044, 55199, 55208, 55814, 56291, 56296, 56327, 56338, 56637, 56761, 56863, 56864, 56870, 57051, 57053, 57071, 57252, 57469, 57472, 57476, 57517, 58008, 58359, 58361, 58403, 58448, 58451, 58463, 58466, 58507, 59052, 59560, 59571, 59572, 59574, 59588, 59591, 60114, 60355, 60358, 60359, 60460, 60549, 60703, 60707, 61499, 61515, 61713, 62796, 63393, 63527, 64158, 64274, 64306, 64308, 64360, 13799, 11447, 12488, 2267, 2599, 2728, 2791, 2891, 11569, 11789, 11853, 12426, 12457, 12507, 12520, 12529, 12576, 12582, 13685, 17100, 17124, 17141, 17148, 17149, 17165, 17227, 20026, 20045, 20081, 20084, 20087, 20116, 20119, 21342, 21978, 25138, 25149, 25166, 25167, 25168, 25172, 28762, 31237, 31259, 31331, 31332, 31334, 31335, 31352, 31359, 31398, 31400, 31446, 33289, 33307, 33391, 34390, 34446, 34752, 36071, 42535, 42696, 42702, 49417, 49496, 54979, 54984, 54986, 55679, 56285, 56910, 56914, 56917, 57233, 57704, 57707, 57711, 57713, 57720, 57723, 58587, 58589, 59382, 59387, 62148, 14269, 15026, 15131, 13059, 6602, 6066, 64491, 48296, 13087, 8684, 46641, 26788, 56943, 26835, 5381, 5401, 57679, 23174, 40663, 44576, 44602], "label": "floor"}, {"objectId": 2, "id": 2, "partId": 2, "index": 11, "dominantNormal": [0, -2.220446049250313e-16, 1], "obb": {"axesLengths": [1.9334579994629693, 0.8773189587000237, 1.1929253567184193], "centroid": [2.0634179989528754, 3.5380261647080657, -1.1113404654233054], "normalizedAxes": [-0.06691352277994156, 0.9977588057518005, 2.215469598336296e-16, 0, -2.220446049250313e-16, 1, 0.9977588057518005, 0.06691352277994156, 1.4857786729814206e-17]}, "segments": [21201, 11572, 13471, 13520, 13521, 13538, 27371, 27387, 27390, 29746, 55795, 57098, 61418, 42475, 45460, 27760, 31754, 21038, 23936, 47977, 27376, 57753, 2202, 2862, 11399, 13641, 13756, 21022, 23934, 28661, 28668, 31764, 45228, 45247, 45840, 45878, 46332, 47173, 47813, 47981, 48236, 48282, 49592, 53336, 55797, 61769, 62296, 62299, 62376, 62382, 62384, 62474, 62477, 62479, 61407, 48202], "label": "table"}, {"objectId": 3, "id": 3, "partId": 3, "index": 12, "dominantNormal": [-0.5301777720451355, -0.8478865027427673, -1.8826862352278425e-16], "obb": {"axesLengths": [0.6756851192178832, 1.0249900588767957, 0.6277639446054594], "centroid": [2.7924781823245626, 3.2439074267862766, -1.0424950160839779], "normalizedAxes": [0.8478865027427673, -0.5301777720451355, -1.1772311393379542e-16, 0, -2.220446049250313e-16, 1, -0.5301777720451355, -0.8478865027427673, -1.8826862352278425e-16]}, "segments": [45152, 61976, 48557, 39698, 59601, 39853, 43259, 40906, 17006, 60727, 60754, 2271, 17026, 39731, 39751, 39752, 40918, 40974, 40979, 41421, 48604, 48626, 48702, 49544, 49576, 49603, 49706, 49886, 59597, 59605, 60175, 62276, 62288, 62370, 45173, 42309, 44829, 49610, 2854, 49993, 49936, 20216], "label": "chair"}, {"objectId": 4, "id": 4, "partId": 4, "index": 13, "dominantNormal": [0.9995702505111694, -0.02931378036737442, -6.508966780532792e-18], "obb": {"axesLengths": [5.024180584580379, 2.5712500235904003, 0.16129733443344077], "centroid": [3.0121447997362485, 3.1409283944654267, -0.28437503266688413], "normalizedAxes": [0.02931378036737442, 0.9995702505111694, 2.219491813695672e-16, 0, -2.220446049250313e-16, 1, 0.9995702505111694, -0.02931378036737442, -6.508966780532792e-18]}, "segments": [19736, 1613, 419, 3006, 745, 8087, 8111, 17464, 17468, 22626, 36390, 36405, 37949, 38423, 38434, 38504, 39283, 40049, 40572, 40576, 40602, 40624, 40678, 42152, 42841, 43627, 59495, 60323, 60332, 60338, 67045, 67119, 67167, 54070, 42169, 41281, 51528, 3269, 26126, 4959, 41344, 41362, 41213], "label": "wall"}, {"objectId": 5, "id": 5, "partId": 5, "index": 14, "dominantNormal": [0.9994273781776428, -0.03383699432015419, -7.513322035669165e-18], "obb": {"axesLengths": [1.200055870146558, 1.9918999822758134, 0.10214488366013733], "centroid": [2.9682582800970785, 1.730366788349963, -0.5659500206988304], "normalizedAxes": [0.03383699059486389, 0.9994273781776428, 2.2191745733871456e-16, 0, -2.220446049250313e-16, 1, 0.9994273781776428, -0.03383699059486389, -7.513321208488553e-18]}, "segments": [34115, 32807], "label": "door"}, {"objectId": 6, "id": 6, "partId": 6, "index": 15, "dominantNormal": [0.8385300636291504, 0.5448553562164307, 1.2098219231236455e-16], "obb": {"axesLengths": [0.8348492541648902, 1.0399999386072167, 0.752962533248766], "centroid": [2.7619420078340857, 4.064706670604248, -1.0299999754697091], "normalizedAxes": [-0.5448553562164307, 0.8385300636291504, 1.8619107669629606e-16, 0, -2.220446049250313e-16, 1, 0.8385300636291504, 0.5448553562164307, 1.2098219231236455e-16]}, "segments": [44081, 36336, 67268, 34236, 35868, 35869, 35875, 35913, 35916, 35952, 36287, 36303, 42054, 42730, 42742, 56621, 59030, 59039, 60251, 60289, 30928, 36410, 60409, 17510, 3344, 1988, 2001, 3410, 3451, 3551, 3554, 3555, 3564, 17441, 17460, 17498, 17509, 17530, 17555, 43645, 43679, 54988, 55037, 60321, 62678, 62680, 53062, 62685], "label": "chair"}, {"objectId": 7, "id": 7, "partId": 7, "index": 16, "dominantNormal": [0.997604489326477, -0.06917601078748703, -1.536015998559726e-17], "obb": {"axesLengths": [1.5943581129364979, 0.6023899778189511, 0.47456521059980594], "centroid": [1.183673804982464, 3.592889906110635, -1.251194982856624], "normalizedAxes": [0.06917601078748703, 0.997604489326477, 2.215126947039352e-16, 0, -2.220446049250313e-16, 1, 0.997604489326477, -0.06917601078748703, -1.536015998559726e-17]}, "segments": [28357, 56833, 27541, 28264, 21455, 28702, 28700, 23268, 21464, 22904, 22958, 22977, 22980, 22995, 23839, 27610, 27611, 28222, 28237, 28415, 28717, 28754, 43261, 48031, 48206, 56758, 56858, 57114, 57135, 57178, 61811, 61873, 23299, 23274, 21483, 21893, 27901, 57968], "label": "bench"}, {"objectId": 8, "id": 8, "partId": 8, "index": 17, "dominantNormal": [0.999800980091095, -0.01994931884109974, -4.429638620595475e-18], "obb": {"axesLengths": [3.1944300605636835, 2.527329984441473, 0.13267784766910876], "centroid": [0.9871005857490336, 4.006393808096437, -0.29366501239392906], "normalizedAxes": [0.01994931884109974, 0.999800980091095, 2.2200041362798628e-16, 0, -2.220446049250313e-16, 1, 0.999800980091095, -0.01994931884109974, -4.429638620595475e-18]}, "segments": [22087, 36327, 57323, 33594, 23501, 36803, 23306, 26946], "label": "wall"}, {"objectId": 9, "id": 9, "partId": 9, "index": 18, "dominantNormal": [-0.11027919501066208, -0.9939006567001343, -2.2069027865171049e-16], "obb": {"axesLengths": [1.3071189878566478, 2.5232949884989475, 0.2658448822004576], "centroid": [0.28092065080978723, 2.5129149243951945, -0.28989251530112736], "normalizedAxes": [0.9939006567001343, -0.11027919501066208, -2.4486900287592945e-17, 0, -2.220446049250313e-16, 1, -0.11027919501066208, -0.9939006567001343, -2.2069027865171049e-16]}, "segments": [43015, 19649, 35290, 35295, 37793, 37923, 58761, 18734, 19978, 26495, 26503, 26600, 26610, 28444, 34491, 35049, 35222, 38299, 38341, 47374, 47397, 58634, 58654, 28434, 59532, 59510, 49268, 9125], "label": "wall"}, {"objectId": 10, "id": 10, "partId": 10, "index": 19, "dominantNormal": [0.9993357062339783, -0.036443132907152176, -8.092001048599013e-18], "obb": {"axesLengths": [1.7808517477551702, 2.545709910712169, 0.09870791465643536], "centroid": [-0.4048496693216379, 1.6201971882746233, -0.2828549950497976], "normalizedAxes": [0.036443136632442474, 0.9993357062339783, 2.2189710207820085e-16, 0, -2.220446049250313e-16, 1, 0.9993357062339783, -0.036443136632442474, -8.092001875779625e-18]}, "segments": [40695, 47599, 17844, 3512, 33889, 5581, 39248, 40339, 42980, 58930, 10485], "label": "wall"}, {"objectId": 11, "id": 11, "partId": 11, "index": 20, "dominantNormal": [0.9970027804374695, -0.07736575603485107, -1.7178648733484863e-17], "obb": {"axesLengths": [0.6254524772764593, 2.019999905973674, 0.11819359182076872], "centroid": [-0.5273128267449725, 2.120517292307672, -0.5399999917864806], "normalizedAxes": [0.07736574858427048, 0.9970027804374695, 2.2137908849139564e-16, 0, -2.220446049250313e-16, 1, 0.9970027804374695, -0.07736574858427048, -1.7178647079123638e-17]}, "segments": [33022, 6261, 900, 33928, 34522, 17270], "label": "door"}, {"objectId": 12, "id": 12, "partId": 12, "index": 21, "dominantNormal": [-0.02044447883963585, -0.9997909665107727, -2.2199819016649973e-16], "obb": {"axesLengths": [3.497538121403411, 2.5651199244308476, 0.4519595025347618], "centroid": [1.240651754082545, 0.6296746781147118, -0.2674399825578937], "normalizedAxes": [0.9997909665107727, -0.02044447883963585, -4.5395862268451046e-18, 0, -2.220446049250313e-16, 1, -0.02044447883963585, -0.9997909665107727, -2.2199819016649973e-16]}, "segments": [15214, 61038, 6550, 1018, 14353, 18707, 47562, 39230, 24817, 965, 1282, 5656, 11864, 14500, 15225, 15398, 15553, 16066, 16071, 16079, 16404, 16738, 22819, 23111, 24486, 24594, 24646, 24818, 24857, 24859, 25526, 25536, 25553, 25603, 26543, 26866, 43317, 44351, 45779, 47022, 47113, 47759, 56049, 56246, 28142, 61325, 18425, 37166, 15757, 65873, 37065, 36629, 65933, 16187, 16663, 56037, 15761, 47730, 59355, 36682, 56030, 56021, 15666, 16107], "label": "wall"}, {"objectId": 13, "id": 13, "partId": 13, "index": 22, "dominantNormal": [-0.11796995252370834, -0.9930171370506287, -2.204940978801925e-16], "obb": {"axesLengths": [0.5485863839958514, 1.6109589872294883, 0.4881482754751235], "centroid": [1.1889373981131364, 0.9750118689845977, -0.5175805396203581], "normalizedAxes": [0.9930171370506287, -0.11796995997428894, -2.6194593155512744e-17, 0, -2.220446049250313e-16, 1, -0.11796995997428894, -0.9930171370506287, -2.204940978801925e-16]}, "segments": [12748, 29076, 29096, 58277, 29178, 24408, 16028, 55993, 16017, 14982, 24455, 11954, 12269, 12750, 12790, 12811, 12839, 15013, 16383, 16399, 16417, 16420, 23653, 23703, 24470, 29101, 29148, 29185, 29230, 32497, 32535, 32548, 32588, 32616, 44232, 44273, 44312, 46950, 55891, 56228, 57296, 58050, 58315, 60672, 61573, 15412, 15393, 15429, 15469, 15496, 16264, 16283, 16307, 16313, 16318, 16483, 55972, 55973, 56087, 56059, 15420, 16257, 16281, 55980, 56055, 56158, 56169, 16226, 11956, 16709, 46937, 47019, 12341], "label": "clothes"}, {"objectId": 14, "id": 14, "partId": 14, "index": 23, "dominantNormal": [0, -2.220446049250313e-16, 1], "obb": {"axesLengths": [5.522311257250824, 1.6799999099969882, 3.7007762165697677], "centroid": [1.6726426071865261, 3.050236209429814, 0.20999994674623035], "normalizedAxes": [0.2529418170452118, 0.9674814939498901, 2.1482404609638242e-16, 0, -2.220446049250313e-16, 1, 0.9674814939498901, -0.2529418170452118, -5.61643658348236e-17]}, "segments": [24246, 7757, 11170, 41788, 1198, 1243, 3711, 19429, 19487, 28318, 41735, 41738, 41741, 54927, 54930, 56612, 56617, 65494, 65591, 24644, 8253, 43825, 24525, 54702, 39555, 8591, 8596, 3208, 3158, 3156, 3074, 53315, 3065, 55074, 55070, 55067, 1144, 3097], "label": "ceiling"}, {"objectId": 15, "id": 15, "partId": 15, "index": 24, "dominantNormal": [0, -2.220446049250313e-16, 1], "obb": {"axesLengths": [1.7374838267105803, 1.039999938607217, 1.8410803171481747], "centroid": [2.3790692056161573, 4.875834629205272, -0.07000001838505288], "normalizedAxes": [0.8241961002349854, 0.5663044452667236, 1.2574484681653867e-16, 0, -2.220446049250313e-16, 1, 0.5663044452667236, -0.8241961002349854, -1.8300829745742883e-16]}, "segments": [52053, 67904, 41905, 62486, 8550, 3695, 3946, 7647, 7648, 7661, 7672, 43869, 45811, 47566, 47653, 47711, 48872, 49089, 50672, 51333, 51837, 54528, 54544, 54709, 54773, 55466, 55467, 61815, 62293, 62302, 64324, 64328, 64344, 67729, 50770, 47732, 47427, 47618, 48683, 48684, 47233, 15846, 62190, 16037, 14812, 48777, 62163, 62150, 48741, 3226, 14224, 14251, 14437, 14446, 14534, 14551, 14552, 14598, 14600, 14782, 16023, 48345, 48387, 48400, 48434, 48487, 48595, 48629, 48648, 48673, 48695, 48740, 48760, 48765, 48768, 48800, 53474, 53531, 55694, 55699, 55703, 55741, 55812, 62208, 62210, 62245, 62266, 62273, 14330], "label": "window"}, {"objectId": 16, "id": 16, "partId": 16, "index": 25, "dominantNormal": [0.9999662041664124, -0.008224239572882652, -1.8261480267695368e-18], "obb": {"axesLengths": [1.100070758543337, 0.49999997392296824, 0.07757582901273274], "centroid": [0.9533707230040296, 3.280012191549514, 0.039999971109628385], "normalizedAxes": [0.008224239572882652, 0.9999662041664124, 2.2203710074251423e-16, 0, -2.220446049250313e-16, 1, 0.9999662041664124, -0.008224239572882652, -1.8261480267695368e-18]}, "segments": [38560, 34785, 30317, 30346, 30426, 57307, 57310], "label": "picture"}, {"objectId": 17, "id": 17, "partId": 17, "index": 26, "dominantNormal": [0.6066305637359619, -0.7949838638305664, -1.76521877966033e-16], "obb": {"axesLengths": [0.43479866013580193, 0.47722004777446275, 0.42884986083159743], "centroid": [1.222684450677917, 2.106264135521365, -1.30292999542363], "normalizedAxes": [0.7949838638305664, 0.6066305637359619, 1.3469904386020069e-16, 0, -2.220446049250313e-16, 1, 0.6066305637359619, -0.7949838638305664, -1.76521877966033e-16]}, "segments": [57839, 57918, 31835, 57858, 57849, 27771, 27816, 29877, 29906, 30076, 30078, 30093, 30102, 30130, 30162, 30164, 30186, 30203, 30282, 31828, 31897, 57580, 57600, 57607, 57609, 57617, 57622, 57643, 57649, 57948, 30087, 25452], "label": "backpack"}, {"objectId": 18, "id": 18, "partId": 18, "index": 27, "dominantNormal": [-0.05945804342627525, -0.9982308149337769, -2.2165176692596252e-16], "obb": {"axesLengths": [0.8228487483044411, 1.051575935224236, 0.09661180057349303], "centroid": [1.4190256903449485, 5.550957652988684, -1.0242119771611993], "normalizedAxes": [0.9982308149337769, -0.059458039700984955, -1.3202336935022031e-17, 0, -2.220446049250313e-16, 1, -0.059458039700984955, -0.9982308149337769, -2.2165176692596252e-16]}, "segments": [11868, 38398], "label": "wall"}, {"objectId": 19, "id": 19, "partId": 19, "index": 28, "dominantNormal": [0.7510389089584351, -0.6602579355239868, -1.4660671244204045e-16], "obb": {"axesLengths": [1.0718493627838177, 1.050014949217104, 0.680326018505677], "centroid": [2.5020080684711266, 5.165428476783419, -1.0049924896852862], "normalizedAxes": [0.6602579355239868, 0.7510389089584351, 1.6676413782300227e-16, 0, -2.220446049250313e-16, 1, 0.7510389089584351, -0.6602579355239868, -1.4660671244204045e-16]}, "segments": [66246, 52531, 65195, 66058, 52331, 53285, 51896, 66370, 53064, 51768, 51064, 51994, 52456, 33505, 51021, 51032, 51049, 51095, 51153, 51168, 51650, 51709, 51740, 51780, 51787, 51806, 51866, 51878, 51883, 51958, 51966, 52022, 52041, 52076, 52087, 52096, 52116, 52121, 52137, 52142, 52193, 52223, 52237, 52247, 52252, 52257, 52258, 52279, 52281, 52285, 52320, 52321, 52323, 52328, 52342, 52385, 52389, 52413, 52462, 52499, 52605, 52619, 52642, 52687, 52727, 52738, 52744, 52809, 52810, 52812, 52816, 52850, 52912, 52969, 53017, 53033, 53074, 53081, 53116, 53159, 53204, 53213, 53499, 53642, 53785, 54077, 54079, 54088, 54336, 54415, 62718, 62727, 64452, 64462, 64682, 64683, 64685, 64733, 64737, 64747, 64750, 64757, 64791, 64794, 64801, 64841, 64850, 64853, 64859, 64902, 64905, 64939, 64991, 65031, 65034, 65037, 65177, 65233, 65334, 65338, 65876, 65957, 65979, 66035, 66050, 66092, 66121, 66150, 66162, 66180, 66305, 66390, 66745, 66886, 66971, 66279, 32946, 33101, 32998, 33112, 33195, 33310, 33418, 34894, 34939, 34944, 34972, 44316, 51962, 52790, 52815, 52892, 53070, 54574, 58571, 58584, 60646, 65214, 66048, 66117, 34893, 54071, 65112, 66031, 66635, 33024, 66388, 10235, 58040, 44211, 4292, 50848, 54555, 50503, 50934, 50980, 50985, 53742, 54237, 66023, 66991, 67817, 52998, 53326, 53875, 66363, 51494, 51678, 64416, 53649, 53462, 50359, 50798, 45038, 64424, 50651, 50652, 62612, 65308, 53192, 53231, 53242, 65270, 66604, 65320, 53094, 53168, 65302, 65328, 53166, 53114, 53029, 65764, 65780, 9943, 4190, 4805, 55471, 64367, 51413, 51389, 51475, 4150, 4180, 10160, 41426, 41603, 45616, 47252, 50228, 50237, 50265, 50269, 50287, 50314, 50362, 50397, 50401, 50402, 50406, 50409, 50430, 50441, 50447, 50448, 50462, 50478, 50512, 50514, 50537, 50544, 50551, 50688, 50755, 50803, 50818, 50841, 50851, 50911, 50928, 50942, 50961, 50983, 51079, 51109, 51396, 51516, 51517, 51562, 51592, 51594, 51658, 52602, 52638, 52641, 52857, 52958, 53098, 53109, 53234, 53563, 53656, 53749, 53753, 53759, 53830, 53832, 53856, 53861, 53930, 53939, 53945, 54042, 54228, 54235, 54349, 54352, 54374, 54449, 54459, 54490, 54502, 54521, 54538, 54553, 60946, 62492, 62494, 62501, 62505, 62519, 62571, 62573, 62585, 62589, 62615, 62622, 62631, 62637, 64384, 64386, 64430, 65243, 65244, 65248, 65776, 65842, 65976, 66713, 66750, 66822, 66831, 66836, 66837, 67869, 67875, 45021, 54186, 6745, 6906, 32165, 32272, 50188, 50225, 50243, 50255, 50291, 50721, 53574, 53584, 53671, 53936, 53986, 54010, 54017, 54200, 54287, 54313, 54324, 60737, 62653, 66176, 66448, 66452, 66456, 66733, 67694, 67726, 67737], "label": "plant"}, {"objectId": 20, "id": 20, "partId": 20, "index": 29, "dominantNormal": [0, -2.220446049250313e-16, 1], "obb": {"axesLengths": [0.40584587283433415, 0.28055498866986495, 0.33974804787855645], "centroid": [2.3015083120344064, 3.2514967390906873, 0.34009045617378164], "normalizedAxes": [0.9962882995605469, -0.0860791876912117, -1.911341922316272e-17, 0, -2.220446049250313e-16, 1, -0.0860791876912117, -0.9962882995605469, -2.2122044186735287e-16]}, "segments": [51263, 55841, 6601, 8465, 55506, 14850, 8516, 6453, 55233, 6571, 6409, 6411, 6436, 6922, 6949, 8458, 8459, 14443, 55230, 55261, 55269, 55857, 55914, 55917, 64317, 55724, 55518], "label": "lamp"}, {"objectId": 21, "id": 21, "partId": 21, "index": 30, "dominantNormal": [-0.2549998164176941, -0.9669411182403564, -2.1470405858544793e-16], "obb": {"axesLengths": [0.8680882443505821, 0.9999999776482582, 0.4672330993740468], "centroid": [2.247464327431217, 5.554071573679031, -1.0299999754697091], "normalizedAxes": [0.9669411182403564, -0.2549997866153717, -5.66213268749775e-17, 0, -2.220446049250313e-16, 1, -0.2549997866153717, -0.9669411182403564, -2.1470405858544793e-16]}, "segments": [8319, 8130, 6267, 6279, 7682, 7952, 8353, 8383, 8393, 8400, 8409, 8425, 8479, 36730, 36767, 45559, 45565, 49357, 49483, 49525, 49624, 49674, 49689, 49736, 49780, 50011, 51442, 51549, 51575, 51614, 51639, 60790, 60863, 60923, 61376, 62490, 62581, 62582, 64676, 64679, 51744, 51624, 67691, 67712, 8992, 51567, 53653, 54797, 54811, 54861, 62604, 67623, 67696, 67698, 46182], "label": "wall"}, {"objectId": 22, "id": 22, "partId": 22, "index": 31, "dominantNormal": [0.9995459318161011, -0.030131112784147263, -6.690451034107539e-18], "obb": {"axesLengths": [1.2226493502367752, 2.026359959847629, 0.2969785686840683], "centroid": [2.4109662828366174, 0.08244947285641402, -0.5431800187234579], "normalizedAxes": [0.030131114646792412, 0.9995459318161011, 2.2194378153452844e-16, 0, -2.220446049250313e-16, 1, 0.9995459318161011, -0.030131114646792412, -6.690451447697845e-18]}, "segments": [4824, 7018, 56709, 38766, 56697, 56449, 7974, 4727, 4766, 6823, 6987, 7205, 7378, 7413, 7430, 7497, 7725, 7736, 7752, 7782, 7826, 22353, 22354, 55333, 55336, 55450, 56626, 56629, 56707, 7302, 7513, 7476, 7451, 7321, 7531, 7760, 8204, 55454, 6771, 6867, 6691, 7012, 18843], "label": "door"}, {"objectId": 23, "id": 23, "partId": 23, "index": 32, "dominantNormal": [0.8713948726654053, 0.49058228731155396, 1.089311501693122e-16], "obb": {"axesLengths": [0.6730718980939796, 0.7164299327933055, 0.46699697444579485], "centroid": [1.5305209973782241, 0.8661073041463507, -1.2082149983417616], "normalizedAxes": [-0.49058228731155396, 0.8713948726654053, 1.9348853023468788e-16, 0, -2.220446049250313e-16, 1, 0.8713948726654053, 0.49058228731155396, 1.089311501693122e-16]}, "segments": [60502, 14961, 12645, 60637, 44589, 42436, 44349, 60553, 12332, 12331, 60574], "label": "suitcase"}, {"objectId": 24, "id": 24, "partId": 24, "index": 33, "dominantNormal": [0.17711254954338074, -0.9841905832290649, -2.1853420922403387e-16], "obb": {"axesLengths": [0.5775361480891729, 1.6837299685836584, 0.27222259434662643], "centroid": [2.691176789412174, 0.7479057441937114, -0.711865019068159], "normalizedAxes": [0.9841905832290649, 0.17711254954338074, 3.932688609062501e-17, 0, -2.220446049250313e-16, 1, 0.17711254954338074, -0.9841905832290649, -2.1853420922403387e-16]}, "segments": [18029, 17961, 1543, 1548, 1612, 4039, 4313, 4314, 4343, 4351, 20311, 20316, 20324, 20348, 20379, 20381, 22596, 56651, 56656, 20402, 20414, 40062, 38491, 49013, 3640, 4000, 4325, 4362, 4403, 18953, 18964, 18990, 19013, 19015, 19016, 19021, 19039, 19040, 19048, 19068, 38348, 38351, 38353, 38356, 38401, 38408, 38415, 38419, 38440, 38480, 39918, 39936, 39977, 39980, 39987, 39989, 40087, 40122, 40139, 40151, 40182, 40187, 40222, 40240, 40253, 48876, 48891, 56463, 56510, 56517, 56521, 59481, 59607, 59830, 59847, 59849, 22540, 1448, 3620, 1474, 1521, 4802, 39951, 39985, 40077, 40203, 55001, 55011, 55014, 55017, 55019, 59623, 59770, 56481], "label": "shoe rack"}, {"objectId": 27, "id": 27, "partId": 27, "index": 36, "dominantNormal": [0.9313074946403503, 0.3642338514328003, 8.087616164171869e-17], "obb": {"axesLengths": [1.3105542769440715, 2.0191140021581786, 0.2234186982199692], "centroid": [0.4048756028776673, 3.1229920438623306, -0.5297930244223847], "normalizedAxes": [-0.3642338514328003, 0.9313074946403503, 2.067918047111373e-16, 0, -2.220446049250313e-16, 1, 0.9313074946403503, 0.3642338514328003, 8.087616164171869e-17]}, "segments": [35146, 31476, 27038, 37722, 23453, 56605, 18521, 17403, 19719, 35841, 18491, 19108, 19111, 19127, 19143, 19679, 19692, 19718, 23426, 27033, 27063, 27064, 27108, 27115, 28852, 28887, 28909, 28925, 28927, 28969, 28973, 28974, 29360, 29415, 29430, 29574, 29605, 29616, 35840, 36127, 36236, 36799, 37217, 56575, 56790, 57060, 57238, 57243, 59015, 59249, 59252, 59256, 59258, 59330], "label": "door"}, {"objectId": 28, "id": 28, "partId": 28, "index": 37, "dominantNormal": [0.9992372989654541, -0.0390484482049942, -8.670497254613485e-18], "obb": {"axesLengths": [0.47379938494743296, 1.307070032349153, 0.12211617145965212], "centroid": [0.5671085279656451, 0.29382947560412576, -0.8635350320264319], "normalizedAxes": [0.0390484482049942, 0.9992372989654541, 2.2187525127513965e-16, 0, -2.220446049250313e-16, 1, 0.9992372989654541, -0.0390484482049942, -8.670497254613485e-18]}, "segments": [36695, 30872, 34931, 38268, 30757, 30818, 34977, 35019, 36759, 59065, 30749, 30777, 30798, 36742, 57696], "label": "door"}, {"objectId": 30, "id": 30, "partId": 30, "index": 39, "dominantNormal": [-0.11436927318572998, -0.9934383034706116, -2.205876156115253e-16], "obb": {"axesLengths": [0.9314787185811558, 2.0084259359145316, 0.5211626385969381], "centroid": [1.982354663194905, 0.4992326603581816, -0.5298370126492458], "normalizedAxes": [0.9934383034706116, -0.11436928063631058, -2.5395081734449615e-17, 0, -2.220446049250313e-16, 1, -0.11436928063631058, -0.9934383034706116, -2.205876156115253e-16]}, "segments": [9869, 9937, 14378, 38874, 59543, 44955, 14543, 14576, 14898, 45752, 61089], "label": "doorframe"}, {"objectId": 34, "id": 34, "partId": 34, "index": 43, "dominantNormal": [0.49066343903541565, -0.8713491559028625, -1.9347837907421063e-16], "obb": {"axesLengths": [0.24679361495699195, 0.1800000031292437, 0.11290357814841906], "centroid": [1.867790931045108, -0.9369007342464162, 0.5199999720036979], "normalizedAxes": [0.8713491559028625, 0.49066346883773804, 1.0894917608922095e-16, 0, -2.220446049250313e-16, 1, 0.49066346883773804, -0.8713491559028625, -1.9347837907421063e-16]}, "segments": [11189, 11222, 55655, 55659], "label": "treadmill"}, {"objectId": 40, "id": 40, "partId": 40, "index": 48, "dominantNormal": [0.9999493360519409, 0.010065382346510887, 2.2349638465503945e-18], "obb": {"axesLengths": [0.6340177547863004, 2.046015932127476, 0.2062303588912254], "centroid": [-0.4299869897681723, 2.11870911567177, -0.5485119968061452], "normalizedAxes": [-0.010065382346510887, 0.9999493360519409, 2.2203335526870059e-16, 0, -2.220446049250313e-16, 1, 0.9999493360519409, 0.010065382346510887, 2.2349638465503945e-18]}, "segments": [17261, 60099, 5946, 60075, 60084, 37932], "label": "doorframe"}, {"objectId": 54, "id": 54, "initialPoint": [0.7750388585322754, 0.20754468577110585, -1.4179302334331942], "index": 50, "dominantNormal": [0.9999877214431763, -0.004952729679644108, -1.0997269050170528e-18], "obb": {"axesLengths": [0.46857514818309604, 1.0081000102736049, 0.11975132621649182], "centroid": [0.7690556794245061, 0.2642995282242431, -0.9940500308234239], "normalizedAxes": [0.004952729679644108, 0.9999877214431763, 2.2204187853773233e-16, 0, -2.220446049250313e-16, 1, 0.9999877214431763, -0.004952729679644108, -1.0997269050170528e-18]}, "segments": [26722, 37163, 26732], "partId": 54, "label": "wall"}, {"objectId": 56, "id": 56, "initialPoint": [2.8524493591264783, 2.589351705313418, -1.4990086657273352], "index": 51, "dominantNormal": [0, -2.220446049250313e-16, 1], "obb": {"axesLengths": [0.7946726702273629, 0.15184008735775745, 0.21456384547730592], "centroid": [2.9209096522576394, 2.733728966976714, -1.5059199863660337], "normalizedAxes": [0.07568737119436264, 0.9971315860748291, 2.2140768908825528e-16, 0, -2.220446049250313e-16, 1, 0.9971315860748291, -0.07568737119436264, -1.6805972434666447e-17]}, "segments": [42283, 41284, 42237, 40557], "partId": 56, "label": "shoes"}, {"objectId": 57, "id": 57, "initialPoint": [2.9445156211196215, 5.265472185375829, -1.2954863029174553], "index": 52, "dominantNormal": [-0.12416227161884308, -0.9922619462013245, -2.2032641182641576e-16], "obb": {"axesLengths": [0.2583506098848134, 0.2753599820578101, 0.21291496518551503], "centroid": [3.0076747651655724, 5.359565756424784, -1.3123200513470161], "normalizedAxes": [0.9922619462013245, -0.12416227906942368, -2.7569564202561664e-17, 0, -2.220446049250313e-16, 1, -0.12416227906942368, -0.9922619462013245, -2.2032641182641576e-16]}, "segments": [66769, 66739, 66741, 35674, 44808], "partId": 57, "label": "plant"}], "scan_id": "73315a2b-185c-2c8a-8772-fe23ddd2f531", "annId": "4942", "appId": "stk.v1"}