{"segGroups": [{"objectId": 26, "id": 26, "partId": 26, "index": 0, "dominantNormal": [0, -2.220446049250313e-16, 1], "obb": {"axesLengths": [0.5864605789318539, 0.5454200384299446, 0.5461874240245805], "centroid": [0.2738395066584999, 1.044116073411006, -1.3372899685660788], "normalizedAxes": [0.9768109917640686, 0.2141033411026001, 4.7540491788256056e-17, 0, -2.220446049250313e-16, 1, 0.2141033411026001, -0.9768109917640686, -2.1689561075268062e-16]}, "segments": [13835, 34518, 56090, 42832, 13897, 13840, 57414, 24200, 68030, 24195, 13314, 24210], "label": "chair"}, {"objectId": 27, "id": 27, "partId": 27, "index": 1, "dominantNormal": [0, -2.220446049250313e-16, 1], "obb": {"axesLengths": [0.6224673368249927, 0.23088991125919112, 0.2976765437625159], "centroid": [1.3084774622785358, 2.361782340723522, -1.4145549910242516], "normalizedAxes": [-0.36267760396003723, 0.9319146871566772, 2.0692662853353855e-16, 0, -2.220446049250313e-16, 1, 0.9319146871566772, 0.36267760396003723, 8.053060528646344e-17]}, "segments": [28054, 66119, 63416, 12061, 12078], "label": "bag"}, {"objectId": 28, "id": 28, "partId": 28, "index": 2, "dominantNormal": [0.9947304129600525, 0.10252530872821808, 2.2765191671374047e-17], "obb": {"axesLengths": [0.7018901888990152, 0.5974399909949302, 0.5654108597606761], "centroid": [1.2131005499756942, 2.395232767711533, -1.3687200334954284], "normalizedAxes": [-0.10252530872821808, 0.9947304129600525, 2.208745215526281e-16, 0, -2.220446049250313e-16, 1, 0.9947304129600525, 0.10252530872821808, 2.2765191671374047e-17]}, "segments": [28090, 67542, 13641, 65153, 11074, 63344, 34793, 12141, 70243, 44482, 70253, 44550, 34693, 63459, 44580], "label": "chair"}, {"objectId": 29, "id": 29, "partId": 29, "index": 3, "dominantNormal": [0, -2.220446049250313e-16, 1], "obb": {"axesLengths": [0.6643036036728389, 0.517000067599116, 0.6102484998941462], "centroid": [1.6720449125368333, 2.3086705555553335, -1.3314999735020139], "normalizedAxes": [-0.20055174827575684, 0.9796831011772156, 2.175333471526243e-16, 0, -2.220446049250313e-16, 1, 0.9796831011772156, 0.20055174827575684, 4.4531433712914755e-17]}, "segments": [12341, 11998, 11979, 63477, 10999, 63505, 11070, 44486, 12002, 12033, 63323, 71044, 12364, 63500], "label": "chair"}, {"objectId": 30, "id": 30, "partId": 30, "index": 4, "dominantNormal": [0, -2.220446049250313e-16, 1], "obb": {"axesLengths": [0.3519226912931812, 0.3304999992884694, 0.3402341060888796], "centroid": [-0.31356332889913974, 2.77184613183785, -1.7847500139158243], "normalizedAxes": [-0.15222576260566711, 0.988345742225647, 2.1945683986183062e-16, 0, -2.220446049250313e-16, 1, 0.988345742225647, 0.15222576260566711, 3.380090931718696e-17]}, "segments": [14436, 14443, 63809, 63788, 14925, 14895, 63744, 14816, 63781, 16254, 14444, 14867, 68312], "label": "trash can"}, {"objectId": 31, "id": 31, "partId": 31, "index": 5, "dominantNormal": [0.9156105518341064, 0.40206634998321533, 8.927666383567242e-17], "obb": {"axesLengths": [0.6060973111640969, 0.6564498993057776, 0.39659410720587357], "centroid": [-0.10613303828328147, 1.7226778909093148, -1.5817749837389248], "normalizedAxes": [-0.40206634998321533, 0.9156105518341064, 2.0330638324719407e-16, 0, -2.220446049250313e-16, 1, 0.9156105518341064, 0.40206634998321533, 8.927666383567242e-17]}, "segments": [24929, 35390, 26414, 73422, 35369, 35325, 24470, 67677, 35097, 34994, 73329, 54251, 67662, 15832, 13010, 24419, 24460, 24479, 24487, 24515, 24525, 24553, 24592, 24601, 24609, 24634, 24658, 24667, 24671, 24680, 24723, 24742, 24759, 24768, 24790, 24809, 24814, 24846, 24882, 24899, 24901, 24938, 24974, 25034, 26419, 26470, 26477, 33991, 34959, 34963, 34972, 35020, 35073, 35110, 35119, 35121, 35153, 35197, 35212, 35213, 35215, 35222, 35245, 35264, 35349, 35397, 35405, 35446, 36329, 54311, 54315, 54319, 65299, 65313, 65317, 65333, 65350, 65356, 65445, 65446, 65449, 65471, 65475, 65509, 67570, 67573, 67596, 67598, 67602, 67607, 67634, 67636, 67639, 67642, 67646, 67720, 67722, 67729, 67739, 67743, 67746, 67762, 67769, 73380, 73387, 73489, 73493, 73495, 73498, 73501, 73415, 24909, 12891], "label": "pc"}, {"objectId": 32, "id": 32, "partId": 32, "index": 6, "dominantNormal": [0.8308225274085999, 0.5565374493598938, 1.2357613806910224e-16], "obb": {"axesLengths": [0.7070413789222565, 0.919001022301591, 0.6812698659037143], "centroid": [0.38065565733940676, 2.3655748416611444, -1.397369512005835], "normalizedAxes": [-0.5565374493598938, 0.8308225274085999, 1.8447965986125855e-16, 0, -2.220446049250313e-16, 1, 0.8308225274085999, 0.5565374493598938, 1.2357613806910224e-16]}, "segments": [900, 20242, 30370, 1477, 18173, 30394, 30396, 64425, 35589, 30441, 66589, 18536, 16244, 35614, 30353, 18174, 68576, 19625, 1630, 19631, 30459, 20158, 1523, 20113, 68582, 32744, 32875, 65975, 27153], "label": "desk chair"}, {"objectId": 33, "id": 33, "partId": 33, "index": 7, "dominantNormal": [-0.03341078758239746, -0.9994416832923889, -2.2192063371226676e-16], "obb": {"axesLengths": [0.6873744983315728, 0.8796949786015972, 0.2543010300655976], "centroid": [2.1887249997369205, 1.5279038706700963, -1.290152500566415], "normalizedAxes": [0.9994416832923889, -0.03341078758239746, -7.418685128967586e-18, 0, -2.220446049250313e-16, 1, -0.03341078758239746, -0.9994416832923889, -2.2192063371226676e-16]}, "segments": [26687, 26654, 57569, 33207, 26772, 26776, 26810, 26814, 26817, 26842, 31232, 34035, 34207, 35283, 36153, 44111, 44115, 57535, 62529, 65790, 65861, 65899, 67363, 69596, 69601, 69609, 69613, 69618, 70139, 70143, 57515, 75490, 75484, 42501, 57622, 57430], "label": "desk chair"}, {"objectId": 34, "id": 34, "partId": 34, "index": 8, "dominantNormal": [-0.24535846710205078, -0.9694324135780334, -2.15257237274454e-16], "obb": {"axesLengths": [0.6891434071648396, 1.0257559785450399, 0.6072376114535902], "centroid": [2.6492650269029028, -0.26226349313213426, -1.3771219636398147], "normalizedAxes": [0.9694324135780334, -0.24535848200321198, -5.448052720140861e-17, 0, -2.220446049250313e-16, 1, -0.24535848200321198, -0.9694324135780334, -2.15257237274454e-16]}, "segments": [55751, 22076, 74584, 15751, 18249, 55780, 55796, 55954, 21862, 47391, 47514, 55352, 55813, 58941, 74509, 55814, 55338, 74354, 55414, 74395, 30650, 66660, 66676, 55863, 59228, 74422, 21726], "label": "desk chair"}, {"objectId": 35, "id": 35, "partId": 35, "index": 9, "dominantNormal": [0.952785074710846, -0.30364546179771423, -6.742283660215214e-17], "obb": {"axesLengths": [0.6878336584261071, 1.0322210558007416, 0.5327998585641415], "centroid": [2.894963531192249, 0.4095825448087025, -1.3610394983506344], "normalizedAxes": [0.30364546179771423, 0.952785074710846, 2.1156078549263623e-16, 0, -2.220446049250313e-16, 1, 0.952785074710846, -0.30364546179771423, -6.742283660215214e-17]}, "segments": [54983, 3127, 55055, 54508, 54507, 73925, 54990, 54651, 16849, 16925, 73701, 54543, 16089, 16055, 16956, 54853, 73593, 54588, 54611, 17609, 17062, 17601, 54885, 78118, 17608, 17660, 17751, 17401, 17331, 71791, 76516, 15571, 54806, 54618, 16009, 16899, 64022, 73913, 54839, 73907, 54856, 49969], "label": "desk chair"}, {"objectId": 1, "id": 1, "partId": 1, "index": 10, "dominantNormal": [0, -2.220446049250313e-16, 1], "obb": {"axesLengths": [4.887159880827092, 0.3040699890836332, 4.85742360074658], "centroid": [0.9784858519559348, 0.6064119043064694, -1.782034962802347], "normalizedAxes": [0.5431643724441528, 0.8396263718605042, 1.8643450602440307e-16, 0, -2.220446049250313e-16, 1, 0.8396263718605042, -0.5431643724441528, -1.2060671848871448e-16]}, "segments": [8089, 23032, 46952, 10715, 14987, 51740, 77197, 23194, 6855, 8494, 36489, 55640, 39408, 58177, 77238, 58379, 56691, 57299, 58629, 20521, 38244, 55547, 3898, 2411, 3801, 29461, 66019, 27308, 25309, 30657, 74319, 17833, 17793, 11776], "label": "floor"}, {"objectId": 2, "id": 2, "partId": 2, "index": 11, "dominantNormal": [0.9838332533836365, -0.179086834192276, -3.976526534549851e-17], "obb": {"axesLengths": [4.023721295802684, 2.8084479538698193, 0.22792701928514883], "centroid": [3.081132231641443, 0.2922244890110025, -0.46577599549794546], "normalizedAxes": [0.179086834192276, 0.9838332533836365, 2.1845486605967778e-16, 0, -2.220446049250313e-16, 1, 0.9838332533836365, -0.179086834192276, -3.976526534549851e-17]}, "segments": [45823, 42520, 60671, 55422, 58772, 15449, 59000, 60595, 41861, 77908, 41525, 60207, 57018, 56814, 57080, 57015, 21082, 17153, 17750, 55664], "label": "wall"}, {"objectId": 3, "id": 3, "partId": 3, "index": 12, "dominantNormal": [-0.18296502530574799, -0.9831194281578064, -2.1829636501942282e-16], "obb": {"axesLengths": [3.990190008953834, 2.78369396663396, 0.40177849116076647], "centroid": [0.7924756530107968, -1.4065679166440375, -0.4600130311396824], "normalizedAxes": [0.9831194281578064, -0.18296502530574799, -4.062639675911317e-17, 0, -2.220446049250313e-16, 1, -0.18296502530574799, -0.9831194281578064, -2.1829636501942282e-16]}, "segments": [48019, 25291, 39206, 30863, 48575, 47972, 16235, 36107, 17203, 35672, 31497, 30044, 46311, 4719, 957, 30232, 70, 2768, 2600, 2751, 62770, 33646, 8150, 59850, 36009, 4851, 31918, 78, 66740], "label": "wall"}, {"objectId": 4, "id": 4, "partId": 4, "index": 13, "dominantNormal": [-0.14968928694725037, -0.9887331128120422, -2.1954285341064633e-16], "obb": {"axesLengths": [1.6016742319529091, 2.4799999040365224, 0.1934866942161736], "centroid": [-0.37101912597081266, -1.0614299978513502, -0.6500000008940734], "normalizedAxes": [0.9887331128120422, -0.14968928694725037, -3.3237698581711853e-17, 0, -2.220446049250313e-16, 1, -0.14968928694725037, -0.9887331128120422, -2.1954285341064633e-16]}, "segments": [7478, 7286, 28550, 48387, 46304, 37523, 6844], "label": "door"}, {"objectId": 5, "id": 5, "partId": 5, "index": 14, "dominantNormal": [0, -2.220446049250313e-16, 1], "obb": {"axesLengths": [5.018325559931161, 0.6817300167293083, 5.072757212979877], "centroid": [1.0830690554003868, 0.5139203618590414, 1.1108649626180869], "normalizedAxes": [-0.23437964916229248, 0.972145140171051, 2.158595835790702e-16, 0, -2.220446049250313e-16, 1, 0.972145140171051, 0.23437964916229248, 5.204273660070868e-17]}, "segments": [45076, 7329, 53274, 50538, 6065, 29452, 14677, 12661, 60266, 15902, 10526, 59418, 59373, 1516, 1541, 1889, 1912, 1918, 1919, 1921, 1936, 2702, 2873, 2890, 2935, 2953, 2999, 3061, 3089, 3217, 3490, 3845, 3990, 6935, 6939, 6959, 7003, 7007, 7010, 7078, 7126, 7345, 7531, 7532, 7541, 7556, 7557, 7979, 8762, 10533, 10577, 10584, 10598, 10622, 10734, 10741, 11409, 14971, 14973, 16191, 16256, 17318, 17947, 17959, 17997, 18002, 18008, 18085, 21620, 21639, 25486, 25497, 25519, 25530, 25542, 30222, 37253, 37391, 37498, 37532, 37665, 37681, 37697, 38431, 38471, 56000, 56293, 56324, 56334, 56346, 56358, 56372, 57446, 57661, 57677, 57679, 57681, 57756, 57851, 59322, 59417, 59496, 59506, 59516, 59546, 59581, 59669, 59827, 61651, 61788, 62531, 62533, 62534, 62536, 62570, 62612, 62744, 62747, 62760, 63051, 63055, 63083, 63321, 67065, 67275, 73817, 73822, 73823, 73825, 73827, 73830, 74821, 75060, 75066, 75068, 75128, 75145, 75150, 75153, 75161, 78332, 78487, 37485, 37635, 37636, 37640, 37725, 67261, 67270, 67287, 67294, 24764, 36923, 3137, 3212, 3246, 3272, 3282, 3313, 3321, 3354, 3357, 4333, 4339, 8840, 10662, 17671, 17916, 18064, 18186, 18310, 18411, 18651, 19125, 19154, 19208, 19313, 19405, 19433, 30108, 36942, 37112, 58857, 58918, 58934, 58969, 58972, 58986, 59053, 59062, 59641, 59889, 62581, 62584, 62586, 75397, 78425, 78426, 78429, 67226, 21230, 31255, 26958, 59984, 77362, 23, 313, 343, 354, 4315, 4319, 4353, 16211, 17980, 19432, 20031, 20069, 20098, 20199, 30512, 30912, 30925, 30945, 30958, 32228, 32253, 33663, 33671, 33689, 35864, 36051, 37271, 37299, 37303, 37317, 37598, 37602, 38276, 38310, 38377, 58987, 59047, 59083, 59093, 59101, 59114, 59952, 59965, 59968, 59972, 60058, 60061, 60094, 60115, 60141, 62392, 63875, 63876, 63881, 63890, 63893, 63953, 66241, 66250, 66357, 66359, 67237, 67251, 67273, 67320, 75453, 77278, 77367, 77295, 32281, 30553, 1, 30730], "label": "ceiling"}, {"objectId": 6, "id": 6, "partId": 6, "index": 15, "dominantNormal": [0.9969664812088013, -0.07783247530460358, -1.7282281229347957e-17], "obb": {"axesLengths": [3.7063190139156332, 2.9214898886943605, 0.3723528765204724], "centroid": [-1.02193028400192, 0.8321012925039926, -0.4292550085651534], "normalizedAxes": [0.07783246785402298, 0.9969664812088013, 2.2137102844350693e-16, 0, -2.220446049250313e-16, 1, 0.9969664812088013, -0.07783246785402298, -1.7282279574986732e-17]}, "segments": [38603, 18759, 58003, 15270, 52564, 52568, 36214, 28552, 49327, 16769, 17296, 39489, 53187, 48948, 56741, 36111, 72835, 21068, 20542, 29315, 21047, 20693, 19047], "label": "wall"}, {"objectId": 7, "id": 7, "partId": 7, "index": 16, "dominantNormal": [-0.13013386726379395, -0.9914964437484741, -2.2015643613670346e-16], "obb": {"axesLengths": [4.303805394552928, 2.843237932550058, 0.7208032233816468], "centroid": [1.3483705792250196, 2.438831253314505, -0.46276098401634047], "normalizedAxes": [0.9914964437484741, -0.13013386726379395, -2.889552314395559e-17, 0, -2.220446049250313e-16, 1, -0.13013386726379395, -0.9914964437484741, -2.2015643613670346e-16]}, "segments": [53542, 36288, 23844, 40705, 23732, 53254, 16448, 71016, 13100, 599, 8415, 61232, 61598, 32751, 38082, 44429, 46057, 53091, 10666, 13111, 60571, 63687, 51433, 52337, 47563, 78718, 60832, 44402, 51157, 60786, 79333, 60992, 61672, 79302, 79187, 27637, 78773, 70981, 46165, 62378, 62372, 28432, 79259, 13220, 13207, 6963, 169, 62987, 23962, 23956, 24019], "label": "wall"}, {"objectId": 8, "id": 8, "partId": 8, "index": 17, "dominantNormal": [0.4824833571910858, -0.8759051561355591, -1.9449001434591808e-16], "obb": {"axesLengths": [0.45297167116727904, 1.7100359415254895, 0.266276714583176], "centroid": [-0.2411687684965873, 2.929674727138202, -0.1349820261080148], "normalizedAxes": [0.8759051561355591, 0.4824833273887634, 1.0713281981295251e-16, 0, -2.220446049250313e-16, 1, 0.4824833273887634, -0.8759051561355591, -1.9449001434591808e-16]}, "segments": [36757, 42749, 23923, 73034, 40683, 41252, 69224], "label": "curtain"}, {"objectId": 9, "id": 9, "partId": 9, "index": 18, "dominantNormal": [-0.17644453048706055, -0.9843105673789978, -2.1856085105720298e-16], "obb": {"axesLengths": [1.8850566982265144, 1.8551809969131416, 0.26395744134874044], "centroid": [2.554453714050848, 2.436998016522539, -0.11394951439017031], "normalizedAxes": [0.9843105673789978, -0.17644453048706055, -3.9178556063182e-17, 0, -2.220446049250313e-16, 1, -0.17644453048706055, -0.9843105673789978, -2.1856085105720298e-16]}, "segments": [61139, 42849, 78943, 39689, 41043, 78994, 79133, 11925, 79136, 61581, 53641, 63664, 14186, 44143, 61755], "label": "curtain"}, {"objectId": 10, "id": 10, "partId": 10, "index": 19, "dominantNormal": [-0.19271241128444672, -0.981255292892456, -2.1788244384090129e-16], "obb": {"axesLengths": [2.0973603388879174, 1.7368339507989439, 0.38241809476158684], "centroid": [0.7467992976047191, 2.841739450381625, -0.08158300090768567], "normalizedAxes": [0.981255292892456, -0.19271241128444672, -4.2790751227805116e-17, 0, -2.220446049250313e-16, 1, -0.19271241128444672, -0.981255292892456, -2.1788244384090129e-16]}, "segments": [807, 9317, 30905, 7952, 9753, 79798, 44763, 41721, 43367, 43560, 19817, 37998, 44770, 19463, 63122, 65726, 827, 47051, 65754, 71216, 46984, 41172, 36743, 51068, 50774, 41104, 65761, 63105, 42411, 31455, 9981, 63075, 79448, 8677, 8060, 7956, 9267, 9400, 9228, 63231, 31067, 9397, 50997, 7796, 7816, 63276, 9808, 9983, 18572, 79972, 79769, 9206, 79920, 61880, 79458, 69305, 64799, 9868, 63270, 41837, 45694, 43181, 31451, 69778, 43092, 25948, 69670, 69721, 43550, 43756, 61929, 43292, 47091, 79438, 8737, 9807, 8766, 21600, 62624, 26355, 38950, 28501, 79881, 61855, 61844, 43739, 79948, 80232, 37996, 43334, 33406, 7777], "label": "window"}, {"objectId": 11, "id": 11, "partId": 11, "index": 20, "dominantNormal": [0.9982219934463501, -0.05960547551512718, -1.3235074262125042e-17], "obb": {"axesLengths": [1.0912516038481472, 2.000984996535218, 0.5065514999340325], "centroid": [-0.8673694812933002, 0.6340521257794087, -0.8719975177497261], "normalizedAxes": [0.059605471789836884, 0.9982219934463501, 2.21649808162272e-16, 0, -2.220446049250313e-16, 1, 0.9982219934463501, -0.059605471789836884, -1.323507343494443e-17]}, "segments": [19302, 19457, 33132, 34244, 34325, 41399, 41423, 41464, 41486, 41490, 41506, 48828, 48855, 48886, 53725, 53735, 53737, 53765, 53777, 53982, 53997, 67463, 69270, 69271, 69279, 71737, 73204, 73212, 41656, 18665, 41514, 28612, 48484, 53229, 54001, 37638, 71726, 71772, 49161, 54019, 54173, 49379, 22783], "label": "cabinet"}, {"objectId": 12, "id": 12, "partId": 12, "index": 21, "dominantNormal": [0, -2.220446049250313e-16, 1], "obb": {"axesLengths": [2.3038076716839107, 0.8799999755620957, 1.2720993954993476], "centroid": [0.06759591467050319, 1.7607079535783106, -1.4699999456107662], "normalizedAxes": [0.8578368425369263, -0.5139221549034119, -1.1411364184774883e-16, 0, -2.220446049250313e-16, 1, -0.5139221549034119, -0.8578368425369263, -1.9047804279124809e-16]}, "segments": [38674, 39338, 46869, 18750, 15667, 40416, 36325, 12794, 27012, 13830, 51587, 71083, 23522, 68679, 68721, 49299, 67993, 47395, 71371, 38686, 27025, 67850, 33704, 46916, 12919, 66171, 73551, 72241, 26492, 29284, 26498, 40790, 73166, 52361, 18813, 54446, 29314, 27501, 39304, 23549, 12476, 63573, 48789, 11609, 46626, 67406, 12961, 33640, 13812, 14091, 29330, 40022, 52900, 53703, 54277, 11382, 11724, 11520], "label": "desk"}, {"objectId": 13, "id": 13, "partId": 13, "index": 22, "dominantNormal": [0, -2.220446049250313e-16, 1], "obb": {"axesLengths": [0.4826524781313045, 0.11382996781550414, 0.3761721611257874], "centroid": [0.26510339960175444, 1.4394225561921106, -1.08691494173747], "normalizedAxes": [0.8873357772827148, 0.46112388372421265, 1.0239007058303887e-16, 0, -2.220446049250313e-16, 1, 0.46112388372421265, -0.8873357772827148, -1.97028122102586e-16]}, "segments": [40385], "label": "keyboard"}, {"objectId": 14, "id": 14, "partId": 14, "index": 23, "dominantNormal": [-0.16684874892234802, -0.9859824776649475, -2.1893208971611678e-16], "obb": {"axesLengths": [0.43190632039701854, 0.4600499765563759, 0.16573175165874582], "centroid": [0.2547544886684202, 1.2932394378494787, -0.8967949642212356], "normalizedAxes": [0.9859824776649475, -0.16684874892234802, -3.704786453669851e-17, 0, -2.220446049250313e-16, 1, -0.16684874892234802, -0.9859824776649475, -2.1893208971611678e-16]}, "segments": [39836, 39822, 24091, 26286, 26311, 39842, 39845, 39866, 39868, 39912, 65681, 65683, 65684, 65709, 68926, 68976, 68980, 29233, 24115, 68785, 39777, 40341, 68757, 68767, 66407], "label": "monitor"}, {"objectId": 15, "id": 15, "partId": 15, "index": 24, "dominantNormal": [0, -2.220446049250313e-16, 1], "obb": {"axesLengths": [2.3464460958367575, 0.9227899702759838, 1.6237171396236438], "centroid": [2.5439273960439017, 1.3821341365820068, -1.4113949614451493], "normalizedAxes": [0.8925309181213379, 0.4509861469268799, 1.0013904082104117e-16, 0, -2.220446049250313e-16, 1, 0.4509861469268799, -0.8925309181213379, -1.9818167509762794e-16]}, "segments": [29528, 58556, 25128, 29144, 14697, 72220, 51143, 29043, 77865, 26239, 24349, 26176, 26098, 24324, 49777, 72000, 72164, 50436, 49552, 48447, 50486, 50364, 50581, 53469, 50628, 40593, 23578, 23608, 40525, 33097, 71970, 49723, 50534, 50569, 50526, 72996, 71829, 13933, 57207, 57151, 57189, 5781, 65008, 64976, 21243, 35838, 57386, 58498, 43941, 10097, 10375, 10394, 63307, 45923, 42575, 69357, 69400, 42214, 42182, 42219, 42190, 42242, 42116, 69350, 69476, 44010, 69391, 42555, 42688, 42124, 10219, 45900, 69347, 56413, 31753, 26118, 29991, 70773, 27753, 43064, 58672, 20441, 24326, 36071, 70743, 23615, 35854, 57218, 75335, 26148, 29045, 50560, 71824, 49700, 50609, 56572, 56541, 74659, 56540, 56494, 56111, 56502, 10195], "label": "desk"}, {"objectId": 16, "id": 16, "partId": 16, "index": 25, "dominantNormal": [0, -2.220446049250313e-16, 1], "obb": {"axesLengths": [0.2953980344999685, 0.23460006189495175, 0.2846805639937103], "centroid": [2.9481316400789934, 1.5990763065384763, -1.744389981305826], "normalizedAxes": [0.7543638348579407, 0.6564565896987915, 1.4576264411010154e-16, 0, -2.220446049250313e-16, 1, 0.6564565896987915, -0.7543638348579407, -1.67502419680763e-16]}, "segments": [57291, 53452, 69069, 58038, 58106, 75984, 75969, 40581, 57276, 73025], "label": "garbage"}, {"objectId": 17, "id": 17, "partId": 17, "index": 26, "dominantNormal": [0, -2.220446049250313e-16, 1], "obb": {"axesLengths": [0.5936190432429611, 0.21999996408820222, 0.3270066468187861], "centroid": [1.9747661322223167, 1.2737662916506065, -1.0399999778717792], "normalizedAxes": [0.8166260123252869, -0.5771671533584595, -1.281568525431841e-16, 0, -2.220446049250313e-16, 1, -0.5771671533584595, -0.8166260123252869, -1.8132740027827207e-16]}, "segments": [69825, 69816, 38269, 38133, 70429], "label": "keyboard"}, {"objectId": 18, "id": 18, "partId": 18, "index": 27, "dominantNormal": [0.7571851015090942, 0.6532003879547119, 1.4503962208028119e-16], "obb": {"axesLengths": [0.5006058052795076, 0.3467799943660199, 0.22019253449455467], "centroid": [1.8569502443151027, 1.2102104937280078, -0.9366100017739118], "normalizedAxes": [-0.6532003879547119, 0.7571851015090942, 1.6812886671970656e-16, 0, -2.220446049250313e-16, 1, 0.7571851015090942, 0.6532003879547119, 1.4503962208028119e-16]}, "segments": [39226, 70457, 70654, 38400, 70199, 44169, 43896, 44225, 44226, 44211, 70212, 45430, 45516, 70479, 62489, 62481, 62483, 62473, 62527, 70216, 45139, 43897, 70511, 70504], "label": "monitor"}, {"objectId": 19, "id": 19, "partId": 19, "index": 28, "dominantNormal": [0.8191002607345581, -0.5736504197120667, -1.2737598081004423e-16], "obb": {"axesLengths": [0.7390556283441437, 1.1343170150894588, 0.6314918491304711], "centroid": [2.998541295895162, 0.9490952099074501, -1.2628415039291674], "normalizedAxes": [0.5736504197120667, 0.8191002607345581, 1.818767937887951e-16, 0, -2.220446049250313e-16, 1, 0.8191002607345581, -0.5736504197120667, -1.2737598081004423e-16]}, "segments": [29623, 29654, 29605, 73739, 66963, 67117, 29822, 66931, 20189, 20274, 22317, 22471, 29631, 29691, 29692, 29710, 29725, 29763, 29823, 29826, 29832, 29839, 29890, 29899, 29928, 29950, 29969, 31941, 32042, 32114, 32127, 32131, 32140, 32156, 32162, 32195, 32225, 32261, 32348, 58258, 64875, 66469, 66485, 66927, 66975, 66979, 66998, 67004, 67008, 73207, 74040, 75391, 75579, 22147, 21888, 22297, 22315, 22376, 22378, 29779, 29915, 31930, 32065, 32302, 32332, 32336, 64918, 67010, 67020, 67860, 73814, 74065, 21886, 22045, 73957, 21956, 22120, 74270, 14333, 20219, 20580, 54674, 54676, 68984, 74098, 78231, 20166, 53238, 21698, 21802, 21848, 21865, 21889, 21921, 21940, 21950, 22057, 22078, 22093, 22170, 22176, 22236, 22346, 22392, 22493, 22538, 28851, 59090, 66846, 67872, 68521, 68650, 68988, 22206, 22281, 74174, 37714, 37768, 53378, 58280, 58296, 58298, 69230, 69265, 74223, 74286, 22285, 21790, 21794, 21846, 21951, 21975, 22006, 22014, 22127, 22154, 22331, 28842, 28886, 33829, 49497, 58020, 64860, 64864, 68470, 68993, 22616, 21683, 21695, 21707, 21710, 21946, 22352, 22446, 22501, 22576, 22597, 22679, 64923, 64962, 64987, 66895, 74013, 74263, 33719, 68572, 74156, 21867, 20311, 20384, 63941, 33655, 5735, 5737, 5788, 5813, 5824, 5860, 5869, 5875, 5891, 5896, 21803, 22026, 22149, 22157, 22363, 22720, 30054, 31623, 32083, 32388, 32408, 32418, 37030, 37342, 37416, 37810, 54614, 58474, 58497, 58512, 58550, 58567, 58578, 63012, 63912, 64910, 64958, 64984, 69284, 71064, 71378, 74089, 74347, 74368, 32480, 32436, 77667, 20800, 21034, 32512, 6255, 21122, 32477, 20782, 20779, 32411, 20699, 20793, 20602, 22751, 79069, 77726, 21011, 58727, 38165, 64712, 64651, 64576, 20883, 38186, 64718, 17692, 32415, 67002], "label": "plant"}, {"objectId": 20, "id": 20, "partId": 20, "index": 29, "dominantNormal": [0, -2.220446049250313e-16, 1], "obb": {"axesLengths": [2.307488405705974, 0.8433999826744195, 1.5917692200128404], "centroid": [1.8719079266819563, -0.9032263736816535, -1.4516600140558211], "normalizedAxes": [-0.704075813293457, 0.7101247906684875, 1.5767937859145488e-16, 0, -2.220446049250313e-16, 1, 0.7101247906684875, 0.704075813293457, 1.5633623580001577e-16]}, "segments": [52503, 16349, 51858, 25799, 23570, 40227, 25222, 67754, 40191, 5400, 5404, 26287, 48325, 23036, 44147, 22584, 1737, 1654, 13736, 65629, 1716, 25794, 25713, 40268, 68963, 52520, 984, 52835, 36384, 44310, 23490, 26993, 3910, 748, 1280, 1858, 9011, 24290, 3954, 64435, 25251, 2302, 4928, 65134, 62950, 2434, 64502, 2061, 5027, 2195, 2146, 249, 64459, 2038, 2141, 24968, 26410, 9333, 1316, 62667, 1151, 62685, 40077], "label": "desk"}, {"objectId": 21, "id": 21, "partId": 21, "index": 30, "dominantNormal": [0, -2.220446049250313e-16, 1], "obb": {"axesLengths": [0.35971157673420606, 0.3037899664687371, 0.3488850091174091], "centroid": [2.1175652051382463, -1.287268153158908, -1.7218950100564612], "normalizedAxes": [0.9793114066123962, -0.20235905051231384, -4.493273542401118e-17, 0, -2.220446049250313e-16, 1, -0.20235905051231384, -0.9793114066123962, -2.1745081437982622e-16]}, "segments": [3748, 36955, 3747, 68075, 68129, 37088, 37082, 68093, 3808, 36894, 36936, 36939, 37077, 1659, 68141], "label": "garbage"}, {"objectId": 22, "id": 22, "partId": 22, "index": 31, "dominantNormal": [0, -2.220446049250313e-16, 1], "obb": {"axesLengths": [0.5179111257990664, 0.07353997066155138, 0.2860890107411189], "centroid": [1.685566740783103, -0.70271892902941, -1.1332299550645841], "normalizedAxes": [-0.36967697739601135, 0.9291603565216064, 2.0631504427584134e-16, 0, -2.220446049250313e-16, 1, 0.9291603565216064, 0.36967697739601135, 8.208477839577707e-17]}, "segments": [4480], "label": "keyboard"}, {"objectId": 23, "id": 23, "partId": 23, "index": 32, "dominantNormal": [0, -2.220446049250313e-16, 1], "obb": {"axesLengths": [0.6788784661494233, 0.31977998495593685, 0.43984560479563733], "centroid": [1.5964654142315298, -0.020771986617265203, -1.1882499881479922], "normalizedAxes": [0.8219322562217712, -0.5695852637290955, -1.2647333485584677e-16, 0, -2.220446049250313e-16, 1, -0.5695852637290955, -0.8219322562217712, -1.825056231079028e-16]}, "segments": [278, 51863, 62940, 72256, 62936, 72341, 52022, 302], "label": "bag"}, {"objectId": 24, "id": 24, "partId": 24, "index": 33, "dominantNormal": [-0.15218056738376617, -0.9883527159690857, -2.1945838834393731e-16], "obb": {"axesLengths": [0.8200710258842039, 0.8453000594980997, 0.6625583119041278], "centroid": [0.6718877393744, -0.9900763907757828, -1.4287599696496165], "normalizedAxes": [0.9883527159690857, -0.15218056738376617, -3.3790873961995466e-17, 0, -2.220446049250313e-16, 1, -0.15218056738376617, -0.9883527159690857, -2.1945838834393731e-16]}, "segments": [23352, 37318, 13365, 5610, 5577, 64890, 37331, 6798, 6487, 65111, 26725, 26737, 4693, 3409, 75856, 64587, 25595, 25631, 65205, 64850], "label": "table"}, {"objectId": 25, "id": 25, "partId": 25, "index": 34, "dominantNormal": [0.9418543577194214, 0.33602145314216614, 7.46117508092872e-17], "obb": {"axesLengths": [0.6564454201529535, 0.5016300566130115, 0.4817980861687759], "centroid": [0.6385659878318265, -0.823120888202735, -1.300814966615703], "normalizedAxes": [-0.33602145314216614, 0.9418543577194214, 2.0913367875672803e-16, 0, -2.220446049250313e-16, 1, 0.9418543577194214, 0.33602145314216614, 7.46117508092872e-17]}, "segments": [37701, 23486, 23307, 68217, 12573, 68228, 25579, 13511, 13602, 12631, 68240, 12579, 12655, 13452], "label": "chair"}], "scan_id": "210cdbab-9e8d-2832-85fa-87d12badb00e", "annId": "3857", "appId": "stk.v1"}