{"segGroups": [{"objectId": 1, "id": 1, "partId": 1, "index": 0, "dominantNormal": [0, -2.220446049250313e-16, 1], "obb": {"axesLengths": [3.9586100817125445, 0.26891993875235526, 2.621436258301694], "centroid": [0.1146496982758417, 0.4555355524290322, -1.2244600039972362], "normalizedAxes": [-0.10294277966022491, 0.9946872591972351, 2.2086493949241228e-16, 0, -2.220446049250313e-16, 1, 0.9946872591972351, 0.10294277966022491, 2.285788883953919e-17]}, "segments": [7519, 21288, 21443, 36840, 42462, 21377, 21998, 2902, 32247, 37837, 5615, 737, 753, 1938, 2821, 4576, 4940, 17905, 17913, 17952, 17958, 19825, 36515, 37841, 38191, 23078], "label": "floor"}, {"objectId": 2, "id": 2, "partId": 2, "index": 1, "dominantNormal": [0.9997795820236206, 0.020995480939745903, 4.661933270476904e-18], "obb": {"axesLengths": [3.8732458541412407, 2.5652700089230374, 0.0929295299476335], "centroid": [-1.0870792899560007, 0.45925125500027275, -0.04664501023907275], "normalizedAxes": [-0.020995480939745903, 0.9997795820236206, 2.2199566230254777e-16, 0, -2.220446049250313e-16, 1, 0.9997795820236206, 0.020995480939745903, 4.661933270476904e-18]}, "segments": [30891, 701, 29257, 34642, 34971, 29939, 33963, 20211, 20741], "label": "wall"}, {"objectId": 3, "id": 3, "partId": 3, "index": 2, "dominantNormal": [0.969261884689331, -0.24603120982646942, -5.4629902785145883e-17], "obb": {"axesLengths": [1.7160297946435097, 2.2218899826283, 0.7275163995278201], "centroid": [-1.1669627297587262, -0.6855359636866667, -0.20094501103404894], "normalizedAxes": [0.24603122472763062, 0.969261884689331, 2.1521937225473377e-16, 0, -2.220446049250313e-16, 1, 0.969261884689331, -0.24603122472763062, -5.4629906093868333e-17]}, "segments": [30779, 27588, 29110, 35546, 34340, 33908, 33894, 34979, 29925, 33842, 44907, 28530, 39966, 32612, 9450, 9421, 31248, 14891, 31214, 26521, 26114, 10193, 28888, 30417, 11816, 36968, 8031, 8110, 8592, 10181, 10978, 11221, 11249, 11302, 11303, 11319, 11372, 11418, 11505, 11518, 11528, 11833, 12084, 12241, 12275, 12284, 12329, 12356, 26786, 27563, 27568, 27594, 27620, 27622, 29307, 29372, 30736, 30776, 30789, 31349, 31360, 31402, 31438, 32341, 32572, 32659, 32747, 33187, 39520, 39807, 41120, 41147, 41159, 42492, 42504, 42593, 42686, 42691, 42694, 42809, 42876, 42881, 42883, 42888, 44207, 44210, 44920, 41166], "label": "closet"}, {"objectId": 4, "id": 4, "partId": 4, "index": 3, "dominantNormal": [0.9974831342697144, 0.07090379297733307, 1.574380469933813e-17], "obb": {"axesLengths": [0.6624690002655312, 2.058569981338754, 0.27458449605028395], "centroid": [-1.1733128937030513, 0.5725656173236752, -0.25928505255956114], "normalizedAxes": [-0.07090380042791367, 0.9974831342697144, 2.2148574846830068e-16, 0, -2.220446049250313e-16, 1, 0.9974831342697144, 0.07090380042791367, 1.5743806353699356e-17]}, "segments": [33407, 9508, 30481, 32393, 122, 27542, 44252, 9505, 34958, 37060, 27512], "label": "door"}, {"objectId": 5, "id": 5, "partId": 5, "index": 4, "dominantNormal": [0.008383692242205143, -0.9999648332595825, -2.220367963400488e-16], "obb": {"axesLengths": [2.2346196912683327, 2.4999999441206455, 0.4363624875228282], "centroid": [-0.005713985738124094, 2.223026738870476, -0.059999967044295], "normalizedAxes": [0.9999648332595825, 0.008383693173527718, 1.861553838528644e-18, 0, -2.220446049250313e-16, 1, 0.008383693173527718, -0.9999648332595825, -2.220367963400488e-16]}, "segments": [34125, 35799, 35959, 33698, 30000, 27929, 11970, 8759, 33647, 16252, 36088, 14166, 34254, 17441], "label": "wall"}, {"objectId": 6, "id": 6, "partId": 6, "index": 5, "dominantNormal": [0.9999420046806335, -0.010768690146505833, -2.391129549140965e-18], "obb": {"axesLengths": [2.6190320495521555, 2.561099948858469, 0.3674925352962176], "centroid": [1.1731976814564238, 1.1077974249606108, -0.030550027974769023], "normalizedAxes": [0.010768691077828407, 0.9999420046806335, 2.2203172737725508e-16, 0, -2.220446049250313e-16, 1, 0.9999420046806335, -0.010768691077828407, -2.3911297559361183e-18]}, "segments": [17060, 30661, 31077, 22247, 41447, 937, 15347, 15449, 18385, 18414, 18419, 18442, 18463, 18511, 20685, 20736, 22269, 22270, 22873, 28292, 38840, 41452, 41550, 41947, 25437, 25452, 27264, 27291, 1044, 2282, 3377, 3670, 4023, 12957, 13522, 15872, 25471, 28173, 28192, 28231, 28318, 28848, 37615, 38037, 40086, 40145, 40192, 41032, 41681, 42084, 42274, 15903, 1025, 3306, 16083, 17065, 19176, 20667, 28905, 29668, 41359, 41565, 41917, 42106, 15399, 30946, 32511, 37347, 29664, 4391, 15369, 28921, 36598, 37480, 41006, 27344, 6374, 1045, 6418, 7059, 10876, 10878, 14733, 21845, 27090, 29566, 31871, 37493, 37541, 41672, 185, 18919, 40584, 12956, 1068, 6233, 6427, 7375, 18884, 18886, 18911, 20160, 40578, 40715, 1871, 8717, 36892, 6573, 202, 1626, 1870, 1906, 1973, 3394, 3705, 4436, 4498, 4686, 5769, 6031, 8649, 13953, 15496, 15529, 16768, 19732, 22803, 24496, 36636, 39343, 39381, 39440, 40424, 40433, 40504, 40613, 40685, 41376, 40227, 8279, 22754, 40187, 6516, 8131, 8176, 8677, 36937, 15937, 25843, 25833, 15950, 24439, 2030, 2636, 4624, 4774, 5346, 7303, 10361, 12200, 18641, 19887, 24450, 24536, 25737, 25840, 25844, 26035, 28172, 37633, 37828, 40076, 40194, 40196, 41012, 42165, 37460, 40090, 3049, 2256, 39464, 3075, 22790], "label": "curtain"}, {"objectId": 7, "id": 7, "partId": 7, "index": 6, "dominantNormal": [0.9991946220397949, 0.04012684524059296, 8.909949498335336e-18], "obb": {"axesLengths": [1.4587721381270162, 2.5094999706111842, 0.2015993367528626], "centroid": [1.144600051716543, -0.7355828374980777, -0.06474998028956414], "normalizedAxes": [-0.04012684524059296, 0.9991946220397949, 2.2186577509404224e-16, 0, -2.220446049250313e-16, 1, 0.9991946220397949, 0.04012684524059296, 8.909949498335336e-18]}, "segments": [5691, 15686, 17, 1494, 16136, 21709, 1768, 43763, 1525], "label": "wall"}, {"objectId": 8, "id": 8, "partId": 8, "index": 7, "dominantNormal": [0.9826185703277588, -0.18563604354858398, -4.121948194959124e-17], "obb": {"axesLengths": [0.7518815463070293, 0.45999996826052714, 0.24894717968258953], "centroid": [1.0653191684248835, -0.4818467385527717, 0.5999999550226334], "normalizedAxes": [0.18563604354858398, 0.9826185703277588, 2.181851522404263e-16, 0, -2.220446049250313e-16, 1, 0.9826185703277588, -0.18563604354858398, -4.121948194959124e-17]}, "segments": [17210, 16413, 5226, 5231, 5335, 8119, 36848, 37751, 28349, 16226, 17623, 5528, 16443], "label": "tv"}, {"objectId": 9, "id": 9, "partId": 9, "index": 8, "dominantNormal": [-0.003994824830442667, -0.9999920129776001, -2.22042831449798e-16], "obb": {"axesLengths": [2.2396420363083958, 2.493460003432779, 0.12397856132707923], "centroid": [0.06519353969863717, -1.4490942274341807, -0.05672999670036183], "normalizedAxes": [0.9999920129776001, -0.003994825296103954, -8.870294046179237e-19, 0, -2.220446049250313e-16, 1, -0.003994825296103954, -0.9999920129776001, -2.22042831449798e-16]}, "segments": [23506, 28035, 78, 26334, 23137, 9963, 720, 6787, 16139, 3903, 37609, 391, 15207], "label": "wall"}, {"objectId": 10, "id": 10, "partId": 10, "index": 9, "dominantNormal": [-0.005200333893299103, -0.999986469745636, -2.2204160060504652e-16], "obb": {"axesLengths": [1.1402129643231504, 2.171679925061465, 0.10949864557457885], "centroid": [-0.040075760155161566, -1.466517385978615, -0.21584000281423354], "normalizedAxes": [0.999986469745636, -0.005200333893299103, -1.1547060848158492e-18, 0, -2.220446049250313e-16, 1, -0.005200333893299103, -0.999986469745636, -2.2204160060504652e-16]}, "segments": [26298, 23558, 24282, 24112, 2297, 5022, 3405, 2428, 2489, 251, 36574, 5826, 31892, 31856, 23199, 4832, 26669, 30278, 324, 6533], "label": "door"}, {"objectId": 11, "id": 11, "partId": 11, "index": 10, "dominantNormal": [0, -2.220446049250313e-16, 1], "obb": {"axesLengths": [4.029968984966407, 0.4703600301513061, 2.49196805511947], "centroid": [0.02605053349463682, 0.4461072446654019, 1.105179974792152], "normalizedAxes": [-0.0892544537782669, 0.9960088729858398, 2.211583967039665e-16, 0, -2.220446049250313e-16, 1, 0.9960088729858398, 0.0892544537782669, 1.9818469926994743e-17]}, "segments": [32874, 33493, 44696, 25092, 2327, 1857, 37946, 32272, 19966, 44896, 36338, 18984, 25481, 19902, 3385, 44558, 33457, 23379, 44623, 4750, 21827, 13173, 31026, 34228, 44835, 14576, 34296, 44847], "label": "ceiling"}, {"objectId": 12, "id": 12, "partId": 12, "index": 11, "dominantNormal": [0.9980985522270203, 0.061638541519641876, 1.368650559988402e-17], "obb": {"axesLengths": [2.158175352503173, 1.42557996305272, 1.3791016272331618], "centroid": [-0.02125951899280154, 1.3595701268522165, -0.6227900055675955], "normalizedAxes": [-0.061638545244932175, 0.9980985522270203, 2.2162239870549444e-16, 0, -2.220446049250313e-16, 1, 0.9980985522270203, 0.061638545244932175, 1.3686506427064632e-17]}, "segments": [43815, 22234, 14525, 13682, 7603, 23314, 28577, 29098, 25156, 16766, 8637, 10642, 11039, 11083, 11085, 11852, 13705, 13748, 13761, 13786, 14644, 15755, 23994, 25027, 25647, 28634, 30274, 32213, 34925, 38694, 42708, 16659, 35886, 14668, 33452, 44079, 42742, 10582, 23364, 12420, 27984, 15129], "label": "bed"}, {"objectId": 13, "id": 13, "partId": 13, "index": 12, "dominantNormal": [-0.29301515221595764, -0.9561077952384949, -2.1229857765947432e-16], "obb": {"axesLengths": [0.583170161249138, 0.7153889376955713, 0.5219654161739866], "centroid": [0.8999882857122492, 2.154091930717195, -0.9360754834751304], "normalizedAxes": [0.9561077952384949, -0.29301515221595764, -6.506243371084023e-17, 0, -2.220446049250313e-16, 1, -0.29301515221595764, -0.9561077952384949, -2.1229857765947432e-16]}, "segments": [19003, 43853, 37420, 42942, 42949, 18233, 24024, 38870, 21187, 4373, 14375, 17317, 17321, 17330, 17390, 17400, 17428, 18158, 18182, 18205, 19267, 19273, 19281, 19284, 19304, 19347, 19350, 19364, 19380, 19416, 20902, 20903, 20907, 20925, 20930, 20949, 20994, 21043, 21062, 21120, 21140, 21142, 21148, 21163, 21241, 21242, 21316, 21323, 21326, 21405, 21427, 21432, 21534, 21573, 21577, 21588, 38922, 39013, 39053, 39080, 39102, 39105, 39138, 39192, 39208, 39246, 43230, 19298, 18516, 39608, 39577, 38987, 19242, 20804, 20910, 38238, 38842, 39183, 20777, 33449, 19091], "label": "nightstand"}, {"objectId": 14, "id": 14, "partId": 14, "index": 13, "dominantNormal": [0.9989917874336243, -0.04489264264702797, -9.968169100599937e-18], "obb": {"axesLengths": [1.267576747613753, 0.6836869861851561, 0.5469002519158244], "centroid": [0.8939824843346396, -0.8143184462112867, -0.6081564993581958], "normalizedAxes": [0.04489264637231827, 0.9989917874336243, 2.2182073676404996e-16, 0, -2.220446049250313e-16, 1, 0.9989917874336243, -0.04489264637231827, -9.96816992778055e-18]}, "segments": [38773, 473, 559, 36377, 38755, 18336, 2060, 2071, 2133, 3077, 3088, 3091, 3101, 3103, 3123, 3158, 3165, 3204, 3218, 3496, 3502, 3550, 3838, 3841, 3852, 3910, 26933, 26939, 26965, 29325, 29361, 29465, 29468, 36532, 36552, 38010, 40958, 42366, 42442, 42452, 457, 2127, 12237, 441, 446, 477, 2087, 6959, 10437, 10439, 10509, 10510, 10926, 18358, 26977, 29320, 37032, 40837, 40862, 40945, 26818, 26712, 1453, 40415, 6888, 147, 1112, 1283, 1419, 3184, 3880, 5644, 10276, 10364, 10394, 10396, 10469, 10477, 26831, 36362, 36364, 36453, 36472, 36480, 36486, 36999, 37001, 37027, 40306], "label": "desk"}, {"objectId": 15, "id": 15, "partId": 15, "index": 14, "dominantNormal": [0.06094898283481598, -0.9981408715248108, -2.2163179547725304e-16], "obb": {"axesLengths": [0.6358878785270554, 0.8334320001282091, 0.5411738278509615], "centroid": [0.5845025108049171, -0.8195423153728207, -0.884394025680258], "normalizedAxes": [0.9981408715248108, 0.06094897910952568, 1.3533391986958616e-17, 0, -2.220446049250313e-16, 1, 0.06094897910952568, -0.9981408715248108, -2.2163179547725304e-16]}, "segments": [6145, 6087, 5067, 5069, 5090, 5101, 5113, 18026, 36644, 36689, 37860, 37863, 39531, 5082, 36804, 2763, 2680, 2765, 4329, 5127, 5685, 5726, 36733, 36736, 36827, 37590, 40830, 3619, 3096, 26928, 36544, 40833, 36527, 5586], "label": "chair"}, {"objectId": 16, "id": 16, "partId": 16, "index": 15, "dominantNormal": [0.9867989420890808, -0.16195029020309448, -3.596018820564028e-17], "obb": {"axesLengths": [0.42826062113571933, 0.5272609473632062, 0.3959843690855104], "centroid": [0.9369173571833587, 0.03648854361664383, -1.0274395075026261], "normalizedAxes": [0.16195029020309448, 0.9867989420890808, 2.191133812366088e-16, 0, -2.220446049250313e-16, 1, 0.9867989420890808, -0.16195029020309448, -3.596018820564028e-17]}, "segments": [25900, 20631, 20640, 14455, 17781, 18703, 19450, 19473, 37856, 38102, 14389, 39286, 18658], "label": "suitcase"}, {"objectId": 17, "id": 17, "partId": 17, "index": 16, "dominantNormal": [0.38031548261642456, -0.9248568415641785, -2.0535947199733028e-16], "obb": {"axesLengths": [0.3334825304301286, 0.4559856812063078, 0.2795492258704255], "centroid": [0.9862858620444157, -0.25894280400828495, -0.282007164066572], "normalizedAxes": [0.9248568415641785, 0.38031548261642456, 8.44470010844366e-17, 0, -2.220446049250313e-16, 1, 0.38031548261642456, -0.9248568415641785, -2.0535947199733028e-16]}, "segments": [9921, 10084, 16367, 876, 37795, 9816, 37095, 28251, 40797], "label": "lamp"}, {"objectId": 20, "id": 20, "partId": 20, "index": 19, "dominantNormal": [0.5668941736221313, -0.8237906098365784, -1.8291826050211365e-16], "obb": {"axesLengths": [0.25136863659692593, 0.22225299725861097, 0.19804244663328097], "centroid": [0.7850924924768214, 2.313521692915269, 0.04112647429004701], "normalizedAxes": [0.8237906098365784, 0.5668941736221313, 1.2587579281622826e-16, 0, -2.220446049250313e-16, 1, 0.5668941736221313, -0.8237906098365784, -1.8291826050211365e-16]}, "segments": [16558, 12810, 37811, 12841, 12836, 13080, 13120], "label": "lamp"}, {"objectId": 21, "id": 21, "partId": 21, "index": 20, "dominantNormal": [-0.5751886963844299, -0.818020761013031, -1.8163709669961192e-16], "obb": {"axesLengths": [0.2593947757342334, 0.370099968386442, 0.1887331507791606], "centroid": [1.0451288777549612, -1.2917528220766592, -0.4049500019990653], "normalizedAxes": [0.818020761013031, -0.5751886963844299, -1.2771754684602453e-16, 0, -2.220446049250313e-16, 1, -0.5751886963844299, -0.818020761013031, -1.8163709669961192e-16]}, "segments": [36506, 71, 1193, 1394], "label": "box"}, {"objectId": 22, "id": 22, "partId": 22, "index": 21, "dominantNormal": [-0.325294554233551, -0.9456127285957336, -2.0996820473312053e-16], "obb": {"axesLengths": [0.15636569869009684, 0.2476639990285634, 0.12645927689599146], "centroid": [1.0454917920890385, -1.1553155131300523, -0.45383203085708546], "normalizedAxes": [0.9456127285957336, -0.325294554233551, -7.222990077905301e-17, 0, -2.220446049250313e-16, 1, -0.325294554233551, -0.9456127285957336, -2.0996820473312053e-16]}, "segments": [1273, 1246], "label": "box"}, {"objectId": 23, "id": 23, "partId": 23, "index": 22, "dominantNormal": [0.9949589371681213, -0.10028315335512161, -2.2267333167374306e-17], "obb": {"axesLengths": [0.2118831638175114, 0.2112360251418645, 0.1746664329160306], "centroid": [1.039872154429803, -0.4685483093463272, -0.4556180243932154], "normalizedAxes": [0.10028315335512161, 0.9949589371681213, 2.2092526412012455e-16, 0, -2.220446049250313e-16, 1, 0.9949589371681213, -0.10028315335512161, -2.2267333167374306e-17]}, "segments": [12335, 12682, 37122, 12326], "label": "box"}, {"objectId": 24, "id": 24, "partId": 24, "index": 23, "dominantNormal": [0, -2.220446049250313e-16, 1], "obb": {"axesLengths": [0.38200570467998585, 0.18231999466598037, 0.26589279644641334], "centroid": [0.9201010622918571, -0.2626583381158125, -1.1918999542374917], "normalizedAxes": [0.9992775917053223, 0.038004010915756226, 8.438585589355668e-18, 0, -2.220446049250313e-16, 1, 0.038004010915756226, -0.9992775917053223, -2.2188419806064502e-16]}, "segments": [19491, 4334, 17841, 18064], "label": "trash can"}, {"objectId": 26, "id": 26, "partId": 26, "index": 24, "dominantNormal": [0, -2.220446049250313e-16, 1], "obb": {"axesLengths": [0.8122670843891744, 0.2980779640806173, 0.47434304035439684], "centroid": [-0.25788437284106613, 1.962354572046026, -0.6471469960758017], "normalizedAxes": [0.9995514750480652, 0.029946763068437576, 6.64951717431474e-18, 0, -2.220446049250313e-16, 1, 0.029946763068437576, -0.9995514750480652, -2.2194501237927992e-16]}, "segments": [7886, 23830, 42330, 28738, 42326, 39542], "label": "pillow"}, {"objectId": 27, "id": 27, "partId": 27, "index": 25, "dominantNormal": [-0.04077979922294617, -0.9991681575775146, -2.2185989880297067e-16], "obb": {"axesLengths": [1.0527379003031148, 0.3753849780100958, 0.2814182472028777], "centroid": [-0.05491521385649023, 2.2306173714595685, -0.5776924915886114], "normalizedAxes": [0.9991681575775146, -0.04077979922294617, -9.05493440738118e-18, 0, -2.220446049250313e-16, 1, -0.04077979922294617, -0.9991681575775146, -2.2185989880297067e-16]}, "segments": [22972, 28644, 7828, 41882, 28134, 36231], "label": "pillow"}, {"objectId": 29, "id": 29, "partId": 29, "index": 26, "dominantNormal": [0, -2.220446049250313e-16, 1], "obb": {"axesLengths": [0.4605521442726818, 0.1799999435246001, 0.22125461181010014], "centroid": [-0.9542856068032636, -0.6161631275148147, -1.2199999673423174], "normalizedAxes": [-0.2661992013454437, 0.9639180302619934, 2.140327982096387e-16, 0, -2.220446049250313e-16, 1, 0.9639180302619934, 0.2661992013454437, 5.910809649410791e-17]}, "segments": [8312, 8268, 38456, 38448, 14054, 13830, 7688, 8299, 8304, 12198, 12207, 13798, 13834, 13839, 37303], "label": "shoes"}], "scan_id": "6bde6070-9162-246f-8ea9-c8bbe5d7133a", "annId": "3641", "appId": "stk.v1"}