{"segGroups": [{"objectId": 15, "id": 15, "partId": 15, "index": 0, "dominantNormal": [0, -2.220446049250313e-16, 1], "obb": {"axesLengths": [1.3283604120987211, 0.9399999468028551, 1.1701909261942784], "centroid": [0.566280317089595, 3.4943910885364007, 0.18000000264056082], "normalizedAxes": [-0.2862657606601715, 0.9581502676010132, 2.1275209762828e-16, 0, -2.220446049250313e-16, 1, 0.9581502676010132, 0.2862657606601715, 6.356376772935135e-17]}, "segments": [46300, 34736, 34745, 81003, 81043, 66768, 33769, 13378, 32499, 32740, 33637, 33928, 34158, 34937, 46950, 49729, 49736, 66720, 66724, 66787, 66796, 66831, 66835, 80023, 80035, 82316, 85937, 85939, 98436, 98495, 98497, 98562, 67091, 26980, 99549, 26952, 57654, 67012, 68320, 57679], "label": "window"}, {"objectId": 16, "id": 16, "partId": 16, "index": 1, "dominantNormal": [-0.39359667897224426, -0.9192832112312317, -2.0412187745205294e-16], "obb": {"axesLengths": [1.027862787903019, 2.122369897610621, 0.7645774255863794], "centroid": [-0.9408784107364356, 0.7172370631417732, -0.3711849521997199], "normalizedAxes": [0.9192832112312317, -0.39359667897224426, -8.739601908219636e-17, 0, -2.220446049250313e-16, 1, -0.39359667897224426, -0.9192832112312317, -2.0412187745205294e-16]}, "segments": [59173, 59126, 39636, 53284, 13395, 4627, 34621, 71210, 3753, 8320, 4537, 16813, 80848, 74938, 19712, 80044, 92557, 13263, 74246, 83172, 44191, 83228, 44247, 44215, 13860, 34672, 32374, 1357, 1390, 1392, 1424, 2081, 2124, 2175, 2231, 3019, 3131, 3143, 3215, 3240, 3242, 3407, 3411, 3443, 3469, 3528, 3563, 3581, 3659, 3714, 3867, 3908, 4287, 4343, 4401, 4429, 4733, 4774, 4776, 4924, 4945, 10183, 10230, 10253, 10261, 10317, 10830, 10885, 11904, 11915, 11996, 11998, 12111, 12113, 12158, 12159, 12461, 12474, 12492, 12519, 12534, 12537, 13266, 15726, 15739, 16603, 16611, 16638, 16644, 16705, 16725, 16737, 16740, 16745, 16770, 16796, 16806, 16818, 16827, 16872, 16874, 17002, 17010, 17021, 17041, 17058, 17075, 17111, 17126, 17136, 17155, 17166, 17170, 17493, 17505, 18033, 18037, 18044, 18064, 18080, 18102, 18188, 18202, 18219, 18240, 18286, 18341, 18342, 18857, 18873, 19021, 19508, 19524, 19538, 19547, 19548, 19613, 19688, 20109, 20137, 21336, 24376, 24377, 24390, 24448, 24451, 24559, 24601, 24613, 24671, 24694, 24747, 24752, 24773, 24789, 24803, 24806, 33054, 33690, 33701, 34223, 34494, 34522, 34536, 34551, 34648, 34652, 34664, 36873, 42446, 42474, 42483, 42506, 44073, 44225, 44229, 44237, 44273, 45157, 46401, 46485, 49616, 49875, 50810, 51098, 52302, 52853, 53271, 53279, 53344, 53399, 53412, 53805, 53887, 53906, 54019, 54057, 55045, 55104, 55192, 55222, 55857, 55890, 56167, 56198, 56224, 56241, 56450, 56476, 56488, 56538, 56549, 56560, 56620, 56623, 56639, 56642, 56677, 56686, 57184, 57202, 57226, 57229, 57323, 57333, 57338, 57339, 57352, 57398, 57424, 57751, 59140, 59209, 60912, 61629, 63020, 63097, 63181, 63233, 64332, 64390, 64408, 64417, 64432, 64476, 64497, 64513, 64593, 65298, 66421, 66469, 70566, 70744, 71015, 71020, 71190, 72298, 72485, 72572, 72964, 73832, 73951, 74170, 74204, 74572, 74596, 74680, 74684, 74896, 74915, 74948, 75973, 75981, 76012, 76021, 80067, 80188, 80192, 80196, 80227, 80241, 80252, 80254, 80258, 80261, 80326, 80958, 80961, 82345, 82352, 82432, 82446, 82453, 82462, 83202, 83234, 83260, 83277, 88180, 88203, 88275, 88278, 88299, 88421, 88429, 88431, 88445, 88459, 88537, 88931, 88950, 89007, 89598, 89706, 89895, 89918, 90012, 90062, 90068, 90070, 90073, 90076, 90454, 90505, 90507, 90568, 92525, 92529, 92532, 92739, 93291, 93303, 94256, 94312, 94360, 94384, 94389, 94806, 94951, 94957, 95007, 95020, 95029, 95042, 95046, 95052, 95055, 97349, 98010, 98030, 80131, 21329, 34450, 37589, 60958, 70733, 88945, 89578, 92850, 20150, 88513, 30885, 78526], "label": "shelf"}, {"objectId": 17, "id": 17, "partId": 17, "index": 2, "dominantNormal": [-0.32034775614738464, -0.9473000168800354, -2.1034285799360295e-16], "obb": {"axesLengths": [1.018168297743446, 2.1298288822957363, 0.5747491326970823], "centroid": [-1.297100112128988, -0.38295819279741705, -0.3728054534433298], "normalizedAxes": [0.9473000168800354, -0.32034775614738464, -7.113149095236629e-17, 0, -2.220446049250313e-16, 1, -0.32034775614738464, -0.9473000168800354, -2.1034285799360295e-16]}, "segments": [72889, 87737, 87071, 43512, 15069, 34029, 86807, 36734, 80816, 40546, 40467, 86678, 22926, 49934, 86569, 38517, 50125, 50153, 86040, 8673, 8698, 11224, 11248, 11422, 11431, 11435, 11458, 12132, 12150, 12185, 12200, 12207, 12318, 13584, 13586, 13615, 15044, 15139, 15180, 15225, 15328, 15409, 15412, 15428, 15446, 15460, 23002, 23015, 23187, 23204, 23236, 23254, 23322, 23352, 29025, 29284, 29320, 29332, 29337, 29351, 32565, 32568, 32591, 32631, 34031, 34059, 34066, 34068, 34069, 34085, 34088, 34133, 35579, 35581, 35624, 35656, 35677, 35678, 35689, 35706, 35707, 35741, 35750, 35765, 35771, 35792, 35796, 35841, 36327, 36340, 36344, 36345, 36375, 36419, 36436, 36753, 36769, 36800, 36820, 37993, 38464, 38941, 38997, 39104, 39143, 39149, 39155, 39221, 39236, 39461, 39552, 39933, 39947, 39955, 39961, 40185, 40188, 40234, 40236, 40311, 40341, 40358, 40396, 40435, 40461, 40481, 40499, 40782, 41028, 41264, 41267, 41456, 43058, 43178, 43180, 43219, 43242, 43273, 43307, 43312, 43522, 49233, 49949, 50020, 50033, 50035, 50075, 50078, 50131, 50154, 50198, 50223, 50908, 50927, 50936, 50937, 50938, 50940, 50960, 50993, 51074, 51080, 51086, 51100, 51109, 51134, 51137, 51204, 51216, 51295, 51320, 51416, 51631, 51661, 51673, 52093, 52153, 52180, 52185, 52209, 52216, 52245, 52326, 52364, 52405, 52423, 52526, 52538, 52555, 53010, 53039, 53083, 53149, 58419, 58446, 58519, 62831, 72123, 72145, 72148, 72153, 72160, 72162, 72820, 72824, 72848, 72878, 72896, 72902, 72904, 73737, 77695, 77728, 80009, 80082, 80420, 80443, 80461, 80478, 80580, 80586, 80774, 80792, 80796, 80805, 81205, 81504, 81514, 81521, 81523, 81524, 81531, 81549, 81561, 81580, 81583, 81585, 82043, 82658, 82701, 82704, 82721, 82729, 82739, 82746, 82749, 82769, 82791, 82808, 82815, 82825, 85997, 86002, 86022, 86062, 86066, 86069, 86368, 86375, 86410, 86481, 86486, 86489, 86495, 86533, 86545, 86547, 86580, 86894, 86923, 87092, 87100, 87128, 87201, 87213, 87220, 87595, 87603, 87633, 87767, 87770, 87782, 87817, 87836, 87839, 87842, 87845, 87850, 87853, 87948, 87966, 88017, 88051, 88085, 91059, 91109, 91137, 91153, 91158, 82012, 60074, 59450, 38908, 86901, 64190, 51430, 39120, 38899, 33584, 58383, 92297], "label": "shelf"}, {"objectId": 18, "id": 18, "partId": 18, "index": 3, "dominantNormal": [-0.2630000710487366, -0.9647958278656006, -2.142277084317358e-16], "obb": {"axesLengths": [0.9499753030087512, 2.0990409381901998, 0.61832825382745], "centroid": [-0.4804604423254285, 2.3815025550359774, -0.35514948517189504], "normalizedAxes": [0.9647958278656006, -0.2630000710487366, -5.839774687127188e-17, 0, -2.220446049250313e-16, 1, -0.2630000710487366, -0.9647958278656006, -2.142277084317358e-16]}, "segments": [37418, 78929, 19449, 22556, 25228, 77522, 75272, 78136, 79033, 78371, 28839, 21857, 77634, 28768, 30444, 30472, 78336, 31020, 27659, 21754, 2779, 26690, 31099, 79631, 79781, 33281, 79651, 33397, 638, 645, 713, 743, 781, 783, 789, 803, 829, 850, 865, 887, 893, 911, 919, 998, 1098, 2160, 2647, 2655, 2656, 2669, 2671, 2713, 2717, 2724, 2768, 2776, 2790, 2794, 2806, 2834, 2874, 4292, 4312, 4313, 4426, 4435, 8557, 8594, 10942, 11843, 11853, 11857, 11859, 11883, 11894, 11895, 11945, 11947, 13432, 13502, 15921, 15972, 16068, 16075, 20227, 20286, 20717, 20732, 20741, 20842, 20843, 20856, 20874, 20906, 20997, 21032, 21045, 21082, 21089, 21144, 21196, 21203, 21259, 21316, 21331, 21350, 21395, 21406, 21853, 21870, 21896, 21931, 21943, 22510, 22594, 22633, 22706, 22813, 22819, 22847, 22866, 22872, 22890, 24201, 25191, 25254, 25267, 25284, 25306, 25359, 25424, 25448, 25882, 25976, 25987, 26021, 26055, 26079, 26154, 26161, 26184, 26196, 26204, 26219, 26223, 26507, 26536, 26599, 26679, 26699, 26701, 26743, 27133, 27142, 27150, 27187, 27277, 27294, 27298, 27306, 27653, 27678, 27713, 27744, 27778, 27794, 27913, 27930, 27937, 28064, 28111, 28149, 28180, 28191, 28196, 28209, 28211, 28222, 28238, 28243, 28248, 28267, 28296, 28306, 28313, 28334, 28357, 28506, 28512, 28597, 28627, 28787, 28794, 29141, 30187, 30241, 30310, 30359, 30527, 30927, 31043, 31046, 31066, 31070, 31076, 31090, 31162, 31245, 31260, 31264, 31266, 31275, 31281, 31308, 31317, 31327, 31332, 31360, 31402, 31423, 31436, 31479, 31522, 31634, 31664, 31711, 31723, 31727, 31738, 31769, 31775, 31817, 32157, 32164, 32194, 32267, 32297, 32330, 32792, 32796, 32820, 32941, 32971, 33074, 33160, 33167, 33172, 33200, 33217, 33300, 33322, 33437, 37367, 37482, 39991, 41054, 41164, 41173, 41216, 41228, 41233, 41320, 41420, 41503, 41689, 41692, 41694, 41734, 70621, 70653, 70656, 70661, 71270, 71280, 71354, 71414, 72798, 73756, 74999, 75007, 75046, 75288, 76383, 76391, 76408, 76456, 76462, 76481, 76501, 76506, 76523, 76561, 76813, 76817, 76862, 77070, 77075, 77104, 77182, 77245, 77286, 77338, 77363, 77380, 77398, 77424, 77429, 77464, 77467, 77470, 77546, 77554, 78120, 78124, 78131, 78155, 78165, 78251, 78286, 78549, 78560, 78565, 78580, 78589, 78610, 78661, 78668, 78677, 78680, 78684, 78770, 78812, 78851, 79051, 79069, 79073, 79076, 79080, 79084, 79135, 79268, 79374, 79388, 79408, 79679, 79830, 79833, 79836, 79839, 79846, 79848, 79858, 79859, 79924, 79926, 79953, 79960, 79963, 79968, 81863, 81887, 81909, 81977, 82076, 82078, 82112, 75383, 37546], "label": "shelf"}, {"objectId": 19, "id": 19, "partId": 19, "index": 4, "dominantNormal": [0.9607125520706177, -0.2775452733039856, -6.162743055959332e-17], "obb": {"axesLengths": [1.2091205949262354, 1.8614599288673706, 0.6799407844548131], "centroid": [-0.5578931304728881, 2.939242756127336, -0.300729968871176], "normalizedAxes": [0.2775452733039856, 0.9607125520706177, 2.1332103907103887e-16, 0, -2.220446049250313e-16, 1, 0.9607125520706177, -0.2775452733039856, -6.162743055959332e-17]}, "segments": [81373, 13136, 72494, 53475, 13029, 33038, 12973, 82235, 12677, 88320, 43864, 3245, 5013, 5104, 5159, 5187, 5382, 5460, 5491, 13033, 13070, 13930, 13961, 14106, 17531, 17535, 17575, 17672, 17715, 17768, 17777, 17805, 17877, 17905, 17925, 18414, 18575, 18597, 18667, 19798, 19808, 34339, 39561, 43834, 46544, 48279, 48345, 71524, 71548, 71552, 71596, 71604, 71621, 72500, 74132, 74134, 74144, 74355, 74358, 74374, 74472, 74514, 74518, 74708, 74709, 74712, 74770, 79532, 80206, 83087, 84530, 84569, 85166, 88304, 43793, 18448, 5346, 17234, 74043, 53586, 11667, 74054, 18654, 19837, 43812, 45755, 47541, 84746, 84900, 73440, 14017, 90168, 4186, 4237, 4324, 4336, 4357, 4978, 5010, 5062, 5181, 5257, 5261, 10991, 11010, 11076, 11077, 11095, 11300, 11303, 11328, 11329, 11343, 11374, 12591, 12609, 12632, 12642, 12658, 12839, 13975, 14013, 14015, 14059, 14077, 14129, 14140, 14153, 14181, 14246, 14273, 14322, 14324, 14426, 17204, 17227, 17252, 17302, 17338, 17343, 17368, 17375, 17401, 17726, 17760, 17844, 18389, 18439, 18545, 18648, 18684, 18692, 19150, 19779, 19867, 19930, 20243, 20357, 20424, 24922, 24923, 24930, 24931, 24963, 24984, 25024, 25040, 25075, 25076, 25094, 25101, 25114, 26201, 27928, 43830, 46557, 47299, 47357, 47377, 47414, 47434, 47442, 47485, 47510, 48094, 48113, 48179, 48209, 53606, 56284, 56293, 56297, 56298, 56777, 56785, 56824, 57469, 57505, 57543, 57555, 57604, 57628, 71405, 71522, 71570, 72602, 72682, 72684, 72984, 72993, 72998, 73017, 73030, 73037, 73040, 73043, 73096, 73112, 73143, 73164, 73248, 73251, 73298, 73306, 73313, 73348, 73357, 73398, 73404, 73425, 73454, 73965, 74368, 74405, 74411, 74553, 74748, 74806, 76069, 76113, 76116, 76118, 76122, 76127, 76129, 76185, 76238, 76272, 76343, 76377, 84764, 84998, 85160, 89937, 89942, 90184, 90622, 90624, 90666, 54692, 73152, 4355, 4449, 11659, 12874, 14328, 19144, 20350, 21152, 21391, 26101, 27773, 27855, 31197, 41726, 46772, 54610, 54636, 72575, 72594, 72631, 74303, 74615, 74836, 76050, 76725, 90139, 17212], "label": "shelf"}, {"objectId": 20, "id": 20, "partId": 20, "index": 5, "dominantNormal": [-0.30175530910491943, -0.9533854126930237, -2.1169408730271037e-16], "obb": {"axesLengths": [3.1831670506199043, 2.225969920471982, 0.5888817877119683], "centroid": [1.2319932349015228, 2.809874884399256, -0.3229849420237174], "normalizedAxes": [0.9533854126930237, -0.30175530910491943, -6.700313839423254e-17, 0, -2.220446049250313e-16, 1, -0.30175530910491943, -0.9533854126930237, -2.1169408730271037e-16]}, "segments": [44948, 39574, 49336, 80918, 84469, 40159, 43097, 49374, 80727, 81288, 44256, 40322, 42470, 39506, 39510, 39608, 39610, 39649, 39746, 39825, 39826, 39883, 39971, 40025, 40299, 40418, 42302, 49577, 50518, 51323, 51362, 55040, 55119, 63395, 80516, 80534, 80542, 80544, 80594, 80639, 80651, 80740, 81273, 81284, 84855, 85044, 85046, 87034, 87190, 50393, 94420, 94422, 43359, 37414, 37469, 37718, 37740, 37750, 39808, 39990, 40650, 40717, 41205, 54328, 80588, 80914, 80932, 88588, 88591, 81448, 43511, 50844, 54647, 54902, 55242, 63388, 81300, 87031, 87036, 87998, 88002, 49834, 43386, 38915, 84669, 80091, 94054, 62492, 37600, 40527, 48361, 49243, 49793, 49815, 50467, 50510, 50512, 50611, 54351, 54399, 54469, 54498, 54542, 54561, 59355, 59682, 62509, 62717, 63842, 84525, 87628, 87877, 94084, 94087, 94436, 94456, 94645, 94648, 94651, 94655, 94516, 84649, 49972, 46395, 83652, 91681, 48607, 83849, 48962, 42563, 84511, 84492, 83864, 56528, 44971, 50436, 51248, 51289, 54628, 54644, 54664, 54760, 54844, 54940, 54978, 55044, 55325, 55429, 55609, 55631, 55720, 55722, 56729, 56788, 58049, 58630, 63458, 63802, 83886, 87102, 88030, 88593, 94475, 56340, 89136, 57568, 91395, 45599, 45873, 47273, 47834, 47867, 56768, 56858, 56862, 56901, 56926, 57006, 57034, 57069, 57105, 57158, 57244, 57325, 57347, 57355, 57616, 58047, 58506, 58508, 58591, 58608, 58643, 60098, 60113, 60249, 60262, 60298, 60312, 60326, 60368, 60419, 60481, 60748, 60846, 60955, 60989, 61301, 61648, 63238, 69469, 69488, 69623, 69637, 69715, 84256, 84279, 88633, 88750, 88840, 88901, 88925, 89498, 90755, 90815, 90817, 90857, 90860, 91027, 91175, 91432, 91627, 91755, 91765, 91947, 91997, 92055, 92062, 92091, 92934, 101315, 101375, 101414, 101415, 101419, 101448, 84270, 47741, 85049, 92100, 23711, 33992, 23722, 26085, 33761, 33798, 33801, 33873, 33913, 41576, 41579, 44530, 44584, 44738, 44780, 44892, 45260, 45269, 45925, 47002, 47866, 60134, 60163, 60458, 60485, 60497, 60504, 60867, 61066, 61143, 61321, 61351, 61663, 61672, 61744, 61899, 61903, 61953, 62015, 63258, 69360, 69394, 69408, 69456, 69479, 69551, 69552, 69564, 69709, 69781, 83532, 90956, 91521, 91550, 91596, 91629, 91687, 91758, 91775, 91823, 91828, 91849, 91940, 91995, 94678, 101096, 101182, 101241, 101460, 65994, 94122, 22903, 25027, 25048, 25099, 28758, 44939, 45286, 51477, 59848, 62752, 63015, 63105, 63539, 63572, 64760, 64774, 64890, 69270, 69823, 74195, 74620, 74951, 75917, 75921, 94119, 94140, 94145, 94148, 94152, 94526, 94540, 94599, 97442, 100958, 29086, 15108, 20200, 22859, 44607, 64649, 64677, 64798, 67643, 67677, 67678, 73821, 94052, 94110, 94113, 94115, 94742, 98768, 98795, 75811, 14838, 14946, 19905, 24606, 24741, 24840, 24856, 28388, 63937, 64186, 64348, 64469, 64470, 64602, 64750, 67698, 67753, 67768, 67813, 73809, 74886, 74954, 92175, 92186, 92188, 92190, 93432, 93834, 94105, 94733, 98802, 98822, 98892, 67782, 19815, 93360, 99018, 14575, 14677, 19635, 22683, 22704, 24304, 24401, 24467, 27958, 27978, 28017, 28075, 28200, 29062, 59984, 63806, 63899, 63931, 63987, 64130, 65750, 65825, 69294, 74441, 74511, 74524, 74528, 75731, 75766, 93249, 93252, 93307, 93428, 93922, 94414, 94590, 98925, 98999, 99080, 99086, 67899, 63526, 30390, 14620, 15748, 16192, 16258, 22632, 24253, 24568, 27969, 30256, 30292, 30356, 58040, 58074, 58101, 58830, 63777, 67852, 67971, 67983, 67993, 68112, 68238, 68394, 76711, 97927, 98510, 99209, 102100, 5715, 68058, 102157, 5365, 5572, 5637, 19572, 19586, 29941, 29983, 30034, 30121, 30133, 42109, 58184, 65758, 66919, 67266, 67292, 67409, 67523, 67612, 67616, 67627, 67651, 67660, 67838, 67915, 67968, 68030, 68084, 68088, 68094, 68115, 68127, 70210, 76700, 76706, 97591, 97919, 97965, 98996, 99186, 99399, 54581, 67419, 90944, 5015, 5090, 5151, 5220, 5252, 5330, 8072, 8084, 9192, 15684, 15703, 16110, 16120, 29719, 29756, 29759, 42232, 42275, 58204, 59498, 66930, 67307, 67354, 67407, 67416, 67444, 67472, 67477, 67558, 67585, 67645, 68193, 68233, 68247, 68351, 68372, 68676, 70257, 70277, 70422, 71326, 71329, 97251, 97256, 97260, 98722, 98742, 99241, 99307, 99343, 99497, 99633, 102214, 102235, 68097, 54383, 54488, 54579, 59953, 7663, 7938, 7999, 8012, 8691, 8830, 8906, 8974, 8977, 9019, 9046, 9143, 9456, 9531, 16138, 17764, 17828, 17856, 17860, 36517, 53740, 61525, 67005, 71638, 71769, 71772, 71774, 71776, 71792, 71823, 71909, 71915, 72907, 73401, 88420, 98559, 99312, 99502, 99575, 99579, 99648, 99711, 100866, 101010, 101468, 45099, 45020, 36515, 36521, 42076, 42081, 42220, 45166, 45172, 45265, 45294, 45314, 46004, 46008, 46033, 46054, 46078, 46087, 46098, 46117, 46185, 46934, 47062, 47115, 61332, 61370, 61376, 61440, 61471, 61481, 61556, 67273, 67303, 82273, 83733, 83739, 83743, 83770, 84284, 84358, 84714, 92985, 93232, 98614, 99091, 44816, 48924, 24159, 25595, 25666, 25715, 25720, 25725, 25743, 25754, 25773, 27411, 27419, 33943, 35128, 35134, 35517, 42096, 42107, 42121, 42133, 42177, 42181, 42193, 42772, 42787, 42805, 42808, 42868, 42879, 42973, 46084, 46110, 46120, 46896, 47018, 47125, 48634, 48689, 48723, 48743, 48748, 48762, 48785, 48791, 48816, 48883, 61353, 61430, 76627, 80080, 82498, 82506, 82516, 82545, 82620, 82622, 84475, 84478, 85433, 85447, 85467, 85479, 85517, 93160, 93205, 93230, 36953, 15750, 15802, 15804, 15809, 15835, 15837, 19983, 21454, 21522, 21534, 21642, 21654, 25520, 25570, 26271, 26272, 26284, 26307, 26336, 26339, 27508, 36938, 36949, 36961, 36973, 36991, 37021, 37036, 37063, 37102, 37732, 37934, 40129, 41772, 41799, 41878, 48837, 48889, 49076, 74807, 75059, 76638, 76866, 76883, 80070, 80432, 80890, 80900, 81063, 82268, 85353, 82584, 73792, 35523, 37760, 37952, 42053, 43633, 80554, 83645, 93051, 83391, 18843, 26351, 33714, 34810, 37836, 38710, 44335, 44372, 44698, 44707, 80334, 80549, 80995, 83363, 83559, 84299, 92992, 18856, 44650, 44662, 13018, 13056, 27409, 32990, 32993, 32998, 33006, 33007, 33018, 34805, 34806, 35307, 35339, 36225, 36229, 44661, 45630, 45641, 45742, 47980, 79492, 79499, 79521, 79529, 79536, 79539, 79571, 79574, 79578, 80566, 83366, 83896, 83937, 84157, 70314, 48659, 9335, 45555, 46345], "label": "shelf"}, {"objectId": 1, "id": 1, "partId": 1, "index": 6, "dominantNormal": [0, -2.220446049250313e-16, 1], "obb": {"axesLengths": [4.3144446357859705, 0.3385300560624138, 3.834979526629848], "centroid": [0.48210898092840704, 1.0543222429742471, -1.3192649640723682], "normalizedAxes": [0.2258020043373108, 0.9741731882095337, 2.1630990070454408e-16, 0, -2.220446049250313e-16, 1, 0.9741731882095337, -0.2258020043373108, -5.013811684435838e-17]}, "segments": [9392, 31952, 1797, 3354, 3437, 3531, 6287, 9285, 9299, 9545, 9643, 9674, 10044, 10095, 20038, 20059, 20063, 24077, 27500, 27598, 29463, 33543, 35318, 36188, 47726, 53984, 60009, 66000, 68952, 68977, 68995, 69007, 69010, 69014, 69026, 69046, 69098, 71378, 71379, 72279, 72287, 80004, 80573, 81239, 81267, 87001, 92912, 99803, 99814, 99818, 99867, 100009, 29394, 36197, 36209, 36312, 36335, 36654, 70585, 100648, 100769, 1876, 64922, 65353, 20600, 7459, 100669], "label": "floor"}, {"objectId": 2, "id": 2, "partId": 2, "index": 7, "dominantNormal": [0.954390287399292, -0.29856187105178833, -6.629405270337248e-17], "obb": {"axesLengths": [4.214527210319966, 2.304499932277949, 0.3710112608808884], "centroid": [2.108318363389541, 0.5436313399016824, -0.28224996640414], "normalizedAxes": [0.29856187105178833, 0.954390287399292, 2.1191721430986288e-16, 0, -2.220446049250313e-16, 1, 0.954390287399292, -0.29856187105178833, -6.629405270337248e-17]}, "segments": [17431, 16213, 1862, 3994, 4895, 5824, 6106, 6128, 6166, 6561, 9048, 11046, 11848, 15556, 19188, 20508, 22019, 22024, 22030, 22044, 22055, 23062, 23118, 23121, 23154, 23652, 23655, 28377, 28394, 28480, 29193, 29603, 30038, 30085, 30838, 31904, 32013, 32196, 35012, 35774, 39281, 39480, 42694, 43443, 43476, 46649, 47657, 48446, 48484, 48519, 48522, 49309, 49402, 50367, 50409, 50413, 50497, 50524, 50587, 50700, 50719, 53173, 55566, 58170, 58915, 59526, 60404, 60560, 73837, 75134, 75451, 77504, 77798, 78028, 78031, 79205, 79222, 81230, 81619, 83052, 85282, 85612, 85711, 86138, 86143, 86159, 89273, 91970, 92446, 96693, 96781, 97033, 7169, 50555, 50604, 50666, 60478, 86225, 38213, 26741, 38210, 78494, 28443, 11123], "label": "wall"}, {"objectId": 3, "id": 3, "partId": 3, "index": 8, "dominantNormal": [0.9518755078315735, -0.3064849376678467, -6.805332689992986e-17], "obb": {"axesLengths": [4.237367567175998, 2.290969916634933, 0.5373255531869106], "centroid": [-1.110444954473349, 1.5311639994253088, -0.29548493906211126], "normalizedAxes": [0.30648496747016907, 0.9518755078315735, 2.1135882107427528e-16, 0, -2.220446049250313e-16, 1, 0.9518755078315735, -0.30648496747016907, -6.805333351737476e-17]}, "segments": [6644, 95866, 8257, 2540, 967, 4424, 8837, 8842, 9951, 9973, 10961, 16288, 22361, 22372, 22374, 22414, 22417, 22439, 22463, 22472, 51420, 51732, 51771, 51822, 51828, 51834, 51844, 51845, 51850, 51878, 51950, 53461, 56706, 59405, 59438, 61597, 64114, 70574, 71432, 72167, 73797, 75155, 75212, 75226, 75228, 75238, 75247, 75249, 81824, 86946, 86949, 86967, 86973, 86975, 86980, 86982, 87025, 92703, 95442, 96307, 64670, 53723, 790, 13445, 14474, 14492, 17413, 31505, 34969, 34973, 35900, 35901, 35908, 35943, 54088, 55934, 57972, 59310, 59319, 59777, 59781, 59791, 59802, 63315, 64694, 80509, 88731, 90775, 92110, 94415, 23546, 34386, 53462, 59282], "label": "wall"}, {"objectId": 4, "id": 4, "partId": 4, "index": 9, "dominantNormal": [0.9767363667488098, -0.214443638920784, -4.761605308285155e-17], "obb": {"axesLengths": [1.2414079410923904, 0.8597049520975734, 0.4754538827494167], "centroid": [-0.9895091456442193, 1.6075776640776325, -0.9746174450348132], "normalizedAxes": [0.214443638920784, 0.9767363667488098, 2.1687904067064996e-16, 0, -2.220446049250313e-16, 1, 0.9767363667488098, -0.214443638920784, -4.761605308285155e-17]}, "segments": [60631, 50751, 60669, 50804, 40604, 6562, 77651, 55853, 55922, 6736, 31873, 77742, 78390, 7665, 49807, 38751, 55288, 55253, 5844, 5890, 5893, 5913, 5932, 6305, 6315, 6336, 6361, 6408, 6427, 6436, 6442, 6459, 6484, 6607, 6648, 6653, 6686, 6742, 7483, 7510, 7517, 7539, 7541, 7606, 7623, 7666, 9083, 9126, 23389, 23414, 23548, 29484, 31912, 36098, 36105, 36116, 38564, 49647, 50813, 54152, 54161, 54209, 55087, 55182, 55186, 55202, 55364, 55388, 55470, 55472, 55508, 55509, 55868, 55872, 55899, 71666, 71719, 71753, 71764, 71768, 71779, 71814, 71860, 72014, 72018, 72220, 72233, 75560, 75569, 75592, 75594, 75599, 77661, 77665, 86261, 88587, 88958, 89201, 89204, 89206, 89213, 89217, 89517, 89541, 96101], "label": "shelf"}, {"objectId": 5, "id": 5, "partId": 5, "index": 10, "dominantNormal": [0, -2.220446049250313e-16, 1], "obb": {"axesLengths": [1.1060272353920297, 0.803235974835545, 0.8765950366637177], "centroid": [-1.6454562776895314, 1.7805821694721948, 0.23161800384190734], "normalizedAxes": [0.2941555380821228, 0.9557575583457947, 2.1222080944700454e-16, 0, -2.220446049250313e-16, 1, 0.9557575583457947, -0.2941555380821228, -6.531565023995496e-17]}, "segments": [82872, 82937, 21617, 16414, 76939, 6409, 2082, 2532, 3868, 6784, 15602, 15640, 16343, 16350, 16355, 16386, 16404, 18187, 18205, 21551, 23086, 30686, 30704, 30712, 76964, 76897, 76932, 71042, 2475, 52797, 101890, 3677, 102091, 101734, 65199, 102031, 102089, 375, 394, 396, 418, 422, 459, 535, 579, 1028, 1126, 1129, 1145, 1146, 1150, 1407, 1485, 1525, 1549, 1559, 1624, 1692, 1717, 1733, 1744, 1780, 1819, 1831, 1836, 1850, 1857, 1894, 1928, 1932, 1982, 2002, 2013, 2192, 2202, 2215, 2242, 2258, 2260, 2262, 2292, 2307, 2342, 2363, 2364, 2424, 2426, 2430, 3648, 3669, 3694, 3741, 3759, 3773, 3778, 5788, 25235, 25318, 25401, 30427, 30495, 30500, 30505, 30558, 30566, 30616, 30635, 30640, 30685, 30725, 30751, 30756, 30771, 30775, 30804, 52687, 52695, 52721, 52745, 52760, 52800, 58278, 58311, 58316, 58319, 58349, 65013, 65109, 65159, 65186, 65222, 65241, 65245, 65319, 65327, 65335, 65385, 65405, 65434, 65449, 65509, 65545, 65547, 65565, 65595, 65624, 65629, 65646, 65652, 66054, 66204, 66247, 66292, 66317, 66319, 66325, 66359, 66545, 66577, 66630, 68459, 68470, 68517, 68629, 68655, 68667, 68681, 68702, 68712, 68748, 68832, 68845, 68921, 68946, 69870, 69909, 69964, 70007, 70010, 70022, 70026, 70031, 70033, 70064, 70071, 70080, 70092, 70150, 70168, 70361, 70379, 70382, 70610, 70687, 70691, 70746, 70747, 70774, 70793, 70827, 70839, 70843, 70894, 70919, 70937, 70941, 70944, 71014, 71027, 71372, 71374, 76857, 76864, 90948, 90951, 94254, 94265, 94267, 94274, 94278, 94282, 94286, 94349, 94693, 94805, 97311, 97313, 97944, 98530, 101019, 101490, 101492, 101558, 101562, 101566, 101717, 101769, 101801, 102097, 97300, 389, 407, 1113, 1266, 1271, 1285, 1371, 1402, 1405, 1510, 1518, 1538, 1542, 1596, 1603, 1616, 1622, 1662, 1697, 1698, 1708, 1723, 1766, 1779, 1813, 1854, 1914, 1946, 2004, 2386, 2387, 9607, 9619, 51624, 64943, 64951, 64979, 64995, 65045, 65050, 65076, 65135, 65218, 66067, 66132, 66180, 66182, 70706, 70713, 70770, 70790, 70832, 70850, 70862, 70866, 70889, 71106, 97276, 97921, 101968, 66337], "label": "window"}, {"objectId": 6, "id": 6, "partId": 6, "index": 11, "dominantNormal": [0, -2.220446049250313e-16, 1], "obb": {"axesLengths": [1.2448003715828235, 0.8054899393285075, 0.9275616789210758], "centroid": [1.440188525822935, -0.17108502538348502, -0.8327449527930839], "normalizedAxes": [0.9190486669540405, -0.3941439986228943, -8.751754845779265e-17, 0, -2.220446049250313e-16, 1, -0.3941439986228943, -0.9190486669540405, -2.040697981606866e-16]}, "segments": [97721, 100844, 90364, 90126, 59404, 65395, 62477, 62181, 10394, 10640, 13104, 14637, 14663, 14666, 14686, 14709, 14721, 14731, 14735, 14754, 14789, 14803, 14844, 14888, 14914, 14928, 14929, 14959, 14968, 14972, 18959, 19083, 27285, 27303, 27484, 27581, 27599, 63678, 65830, 65902, 65910, 65930, 65932, 69592, 69598, 69601, 69612, 69648, 69649, 69737, 69993, 73487, 73526, 73556, 73558, 73562, 73564, 73575, 73579, 73586, 75483, 75587, 75646, 75662, 75676, 75679, 92161, 93769, 93778, 94627, 94635, 97382, 97569, 97736, 97858, 97918, 98185, 98736, 98738, 98799, 58999, 14503, 75707, 27369, 13003, 13044, 13051, 13075, 13125, 13129, 13164, 13170, 14443, 14746, 14769, 14796, 14802, 14839, 14861, 14917, 14941, 14958, 14966, 14985, 15024, 15034, 31607, 35045, 35047, 35084, 62143, 62240, 66534, 66549, 66564, 66572, 66579, 72540, 73471, 73501, 75641, 77494, 93628, 93849, 98143, 98238, 98367, 98377], "label": "table"}, {"objectId": 7, "id": 7, "partId": 7, "index": 12, "dominantNormal": [0.9425162076950073, -0.3341604173183441, -7.419851784503531e-17], "obb": {"axesLengths": [1.0572725319973184, 1.871689963228479, 0.5306542540359771], "centroid": [1.962744688858532, 0.518056942284265, -0.4658449788991732], "normalizedAxes": [0.3341604173183441, 0.9425162076950073, 2.0928063897307665e-16, 0, -2.220446049250313e-16, 1, 0.9425162076950073, -0.3341604173183441, -7.419851784503531e-17]}, "segments": [6878, 85754, 55570, 89267, 54288, 55713, 89450, 9138, 89377, 38653, 89799, 47609, 89455, 88806, 23891, 93514, 61877, 93569, 62000, 11647, 62097, 85113, 24080, 94007, 23750, 24031, 16905, 16832, 73934, 6518, 6901, 6920, 7012, 7024, 7047, 7071, 7157, 7379, 7688, 7715, 7726, 7760, 7772, 7785, 7830, 7855, 8088, 8178, 8184, 8210, 8242, 8324, 8332, 9178, 11507, 11517, 11604, 11630, 11638, 11691, 11718, 11743, 11855, 13812, 15884, 15894, 15957, 16845, 18378, 18826, 18901, 20507, 20575, 20703, 20733, 20775, 21222, 23376, 23613, 23764, 23864, 23908, 23932, 23949, 24009, 24017, 24027, 29000, 29217, 29238, 29368, 35952, 35986, 35987, 35989, 38704, 41473, 46720, 46747, 46829, 47586, 47587, 47628, 49435, 49484, 49497, 49498, 49522, 49534, 49540, 49559, 49571, 49592, 49627, 49630, 49644, 51607, 52161, 52207, 53237, 54830, 54848, 54873, 54874, 54890, 55008, 55556, 55626, 56010, 56029, 56066, 58563, 58614, 58625, 58698, 58718, 58720, 58740, 58742, 58751, 58811, 58844, 58931, 58952, 61901, 61913, 61990, 62017, 62039, 62206, 62222, 62299, 62312, 62324, 62356, 62376, 62381, 62397, 62426, 62428, 71871, 71896, 71937, 71960, 72023, 72027, 72028, 72100, 72107, 72704, 72730, 72790, 72793, 72796, 72983, 73859, 73860, 73881, 74078, 74677, 75401, 76175, 76276, 76303, 81233, 82108, 85273, 85736, 85746, 85774, 85788, 88124, 88133, 88752, 88794, 88851, 88853, 88858, 89083, 89318, 89323, 89362, 89365, 89409, 89716, 89723, 89733, 89735, 89842, 91210, 91236, 91241, 91264, 91282, 91298, 91308, 91317, 91497, 91499, 92399, 93505, 93547, 93658, 93662, 93720, 93723, 93771, 93783, 93819, 93839, 93877, 93885, 18858, 91203, 91323, 53249, 91467, 7687, 7884, 8068, 12403, 12415, 75448, 6776, 71918, 6034, 82323, 55676, 45154, 92520, 48576, 49276, 54806, 8202, 6120, 71938], "label": "shelf"}, {"objectId": 8, "id": 8, "partId": 8, "index": 13, "dominantNormal": [-0.29540663957595825, -0.955371618270874, -2.1213511353554405e-16], "obb": {"axesLengths": [3.597010518346069, 2.3333539441223294, 0.2511916618086402], "centroid": [-0.090921869687206, -0.9387389618790687, -0.2860129863586345], "normalizedAxes": [0.955371618270874, -0.29540663957595825, -6.559345057687477e-17, 0, -2.220446049250313e-16, 1, -0.29540663957595825, -0.955371618270874, -2.1213511353554405e-16]}, "segments": [54463, 1330, 34848, 52650, 138, 3065, 3106, 3128, 3331, 7396, 8853, 9265, 34855, 35406, 36421, 36671, 48990, 50276, 50285, 51692, 52692, 52823, 58357, 66007, 71366, 86352, 86357, 91035, 92300, 7920, 69], "label": "wall"}, {"objectId": 9, "id": 9, "partId": 9, "index": 14, "dominantNormal": [-0.29596251249313354, -0.9551995396614075, -2.12096904408689e-16], "obb": {"axesLengths": [1.1632987612268346, 1.989470020171924, 0.09241195712774807], "centroid": [-0.5119159674328164, -0.8228575295867397, -0.4447349960460132], "normalizedAxes": [0.9551995396614075, -0.29596251249313354, -6.571687915915748e-17, 0, -2.220446049250313e-16, 1, -0.29596251249313354, -0.9551995396614075, -2.12096904408689e-16]}, "segments": [3059, 50261], "label": "door"}, {"objectId": 10, "id": 10, "partId": 10, "index": 15, "dominantNormal": [-0.27844786643981934, -0.9604513645172119, -2.1326304378393155e-16], "obb": {"axesLengths": [1.1199892444150246, 0.959999986886978, 0.16727281935899696], "centroid": [0.9685223335954589, -1.196651815382853, -0.7699999642043557], "normalizedAxes": [0.9604513645172119, -0.27844786643981934, -6.182784649584757e-17, 0, -2.220446049250313e-16, 1, -0.27844786643981934, -0.9604513645172119, -2.1326304378393155e-16]}, "segments": [3275, 86876, 17621, 33053, 30013, 65536, 97456, 60109, 52250], "label": "heater"}, {"objectId": 11, "id": 11, "partId": 11, "index": 16, "dominantNormal": [0.9652659893035889, -0.2612692415714264, -5.801342552378994e-17], "obb": {"axesLengths": [0.5861818372412577, 0.7261700467876332, 0.5087430890692745], "centroid": [0.9781495222988051, -0.8545853184864556, -0.7530849859590446], "normalizedAxes": [0.2612692415714264, 0.9652659893035889, 2.1433210524248489e-16, 0, -2.220446049250313e-16, 1, 0.9652659893035889, -0.2612692415714264, -5.801342552378994e-17]}, "segments": [33572, 73213, 73245, 33201, 63955, 63621, 93323, 97477, 97473, 63359, 9786, 63989, 97539], "label": "office chair"}, {"objectId": 12, "id": 12, "partId": 12, "index": 17, "dominantNormal": [0, -2.220446049250313e-16, 1], "obb": {"axesLengths": [5.447986514664914, 0.11409097654914215, 5.279762054340197], "centroid": [0.48479042539708533, 1.0460683868116676, 0.8405534879323069], "normalizedAxes": [-0.2875693142414093, 0.9577598571777344, 2.1266540910008444e-16, 0, -2.220446049250313e-16, 1, 0.9577598571777344, 0.2875693142414093, 6.385321476929591e-17]}, "segments": [70115, 2610, 4486, 4503, 4688, 4712, 4734, 4736, 22916, 31649, 63266, 63300, 64071, 64623, 66972, 71439, 71464, 95113, 59736], "label": "ceiling"}, {"objectId": 13, "id": 13, "partId": 13, "index": 18, "dominantNormal": [0, -2.220446049250313e-16, 1], "obb": {"axesLengths": [1.3384105911073896, 0.06883102501561461, 0.3482858257842012], "centroid": [0.4727724605794459, 0.8386082555638099, 0.8015024925016059], "normalizedAxes": [0.30195799469947815, 0.9533212184906006, 2.1167983332639486e-16, 0, -2.220446049250313e-16, 1, 0.9533212184906006, -0.30195799469947815, -6.704814363700032e-17]}, "segments": [25442, 83714, 83672, 86521, 631, 13516, 28897, 42338, 93267], "label": "light"}, {"objectId": 14, "id": 14, "partId": 14, "index": 19, "dominantNormal": [-0.2829781174659729, -0.959126353263855, -2.129688321836587e-16], "obb": {"axesLengths": [3.5882352814845753, 2.204691956832439, 0.27468426325495493], "centroid": [1.0974459436296562, 3.0429208168378175, -0.24765400083830857], "normalizedAxes": [0.959126353263855, -0.2829781174659729, -6.283376429516105e-17, 0, -2.220446049250313e-16, 1, -0.2829781174659729, -0.959126353263855, -2.129688321836587e-16]}, "segments": [24317, 32920, 42827, 14340, 47039, 81434, 81436, 81440, 95221, 47984, 39850, 39889, 81428], "label": "wall"}, {"objectId": 21, "id": 21, "partId": 21, "index": 20, "dominantNormal": [0.6721391081809998, -0.7404248714447021, -1.6440734805660598e-16], "obb": {"axesLengths": [0.4902506332808438, 0.3843709740555812, 0.2812770002668132], "centroid": [-0.12598501752268138, 2.165256806459653, 0.5021854968954143], "normalizedAxes": [0.7404248714447021, 0.6721391081809998, 1.4924486273071297e-16, 0, -2.220446049250313e-16, 1, 0.6721391081809998, -0.7404248714447021, -1.6440734805660598e-16]}, "segments": [40033, 40026, 82157], "label": "box"}, {"objectId": 22, "id": 22, "partId": 22, "index": 21, "dominantNormal": [-0.4037249684333801, -0.9148803949356079, -2.0314425584713367e-16], "obb": {"axesLengths": [0.3802934105106061, 0.3148989607043795, 0.19617533908102375], "centroid": [-0.5084016144864106, 2.1967053651270563, 0.5274494912628946], "normalizedAxes": [0.9148803949356079, -0.4037249684333801, -8.964495111416063e-17, 0, -2.220446049250313e-16, 1, -0.4037249684333801, -0.9148803949356079, -2.0314425584713367e-16]}, "segments": [41397, 41407, 82131, 41350, 41339], "label": "box"}, {"objectId": 23, "id": 23, "partId": 23, "index": 22, "dominantNormal": [0.9595776796340942, -0.2814439535140991, -6.249311146657702e-17], "obb": {"axesLengths": [1.0665504589047154, 0.8399999549984941, 0.1667784816402144], "centroid": [-1.2669212675792783, 1.617653599355247, 0.22999999854274122], "normalizedAxes": [0.28144392371177673, 0.9595776796340942, 2.1306904676923072e-16, 0, -2.220446049250313e-16, 1, 0.9595776796340942, -0.28144392371177673, -6.249310484913212e-17]}, "segments": [23239, 59026, 2539, 9733, 21748], "label": "windowsill"}, {"objectId": 24, "id": 24, "partId": 24, "index": 23, "dominantNormal": [0, -2.220446049250313e-16, 1], "obb": {"axesLengths": [0.5440155221211418, 0.35999997645616566, 0.45138354251254525], "centroid": [-1.1484540993062111, -0.39749587988052726, 0.5299999888569866], "normalizedAxes": [-0.05492645874619484, 0.9984903931617737, 2.2170940487104522e-16, 0, -2.220446049250313e-16, 1, 0.9984903931617737, 0.05492645874619484, 1.2196123832229864e-17]}, "segments": [24124, 11136, 73631, 11273, 8709, 8425, 73726, 72155], "label": "box"}, {"objectId": 25, "id": 25, "partId": 25, "index": 24, "dominantNormal": [-0.0014079600805416703, -0.9999989867210388, -2.220443799319047e-16], "obb": {"axesLengths": [0.43984878204083133, 0.3013709716192414, 0.1894862953045412], "centroid": [-1.449948177545985, -0.17888633115259234, 0.5289624955320549], "normalizedAxes": [0.9999989867210388, -0.0014079600805416703, -3.1262993983409045e-19, 0, -2.220446049250313e-16, 1, -0.0014079600805416703, -0.9999989867210388, -2.220443799319047e-16]}, "segments": [15253, 11245, 11999, 91871, 15203], "label": "box"}, {"objectId": 26, "id": 26, "partId": 26, "index": 25, "dominantNormal": [0.8692499399185181, 0.4943729341030121, 1.0977284283853186e-16], "obb": {"axesLengths": [0.5998891642185313, 0.3399999959766864, 0.30560118050295554], "centroid": [-1.1417167890489526, 0.7373558392827112, 0.5199999986172474], "normalizedAxes": [-0.4943729341030121, 0.8692499399185181, 1.9301225949031455e-16, 0, -2.220446049250313e-16, 1, 0.8692499399185181, 0.4943729341030121, 1.0977284283853186e-16]}, "segments": [97328, 60313, 94923], "label": "box"}, {"objectId": 27, "id": 27, "partId": 27, "index": 26, "dominantNormal": [0, -2.220446049250313e-16, 1], "obb": {"axesLengths": [0.4668781711927998, 0.2360520012069045, 0.44373916842139727], "centroid": [-0.8555708426701254, 0.5213976873683087, 0.4519739939159757], "normalizedAxes": [0.02673930674791336, 0.9996424317359924, 2.2196520882111602e-16, 0, -2.220446049250313e-16, 1, 0.9996424317359924, -0.02673930674791336, -5.937318802809646e-18]}, "segments": [91564, 64439, 62974, 57788, 57777, 94317], "label": "box"}, {"objectId": 28, "id": 28, "partId": 28, "index": 27, "dominantNormal": [-0.30368736386299133, -0.9527717232704163, -2.1155782087732084e-16], "obb": {"axesLengths": [0.5475014073430606, 0.32000004529952886, 0.31306286996660165], "centroid": [0.2454113076186999, -0.9490797270522644, -1.309999958690926], "normalizedAxes": [0.9527717232704163, -0.3036873936653137, -6.743214734712704e-17, 0, -2.220446049250313e-16, 1, -0.3036873936653137, -0.9527717232704163, -2.1155782087732084e-16]}, "segments": [50840, 50827, 50819, 9311, 50300, 9252], "label": "box"}, {"objectId": 29, "id": 29, "partId": 29, "index": 28, "dominantNormal": [0, -2.220446049250313e-16, 1], "obb": {"axesLengths": [0.32171289370790346, 0.243209952640311, 0.31702368500128936], "centroid": [0.6879909750218198, -0.2096083858199187, -1.3092849413881822], "normalizedAxes": [-0.6247453093528748, 0.780828595161438, 1.733787769267887e-16, 0, -2.220446049250313e-16, 1, 0.780828595161438, 0.6247453093528748, 1.3872132539402554e-16]}, "segments": [83060, 9898, 43693, 83075, 72390, 9905, 9908, 9919, 9932, 9950, 10004, 10053, 69489, 72343, 72376, 94419, 100142, 72271, 9461, 72341, 83065, 72398], "label": "trash can"}, {"objectId": 30, "id": 30, "partId": 30, "index": 29, "dominantNormal": [0, -2.220446049250313e-16, 1], "obb": {"axesLengths": [0.2813759987370235, 0.19569003144599417, 0.2111479715446124], "centroid": [0.8148342814378939, 0.19770739254947567, -1.3125549713367588], "normalizedAxes": [-0.5818435549736023, 0.8133007287979126, 1.8058903901117254e-16, 0, -2.220446049250313e-16, 1, 0.8133007287979126, 0.5818435549736023, 1.2919522229228926e-16]}, "segments": [100881, 99846, 100912, 69221, 68911, 100882], "label": "item"}, {"objectId": 31, "id": 31, "partId": 31, "index": 30, "dominantNormal": [0, -2.220446049250313e-16, 1], "obb": {"axesLengths": [0.5836033334984327, 0.2955599957206845, 0.5583779762229824], "centroid": [1.2209752115479557, 0.1495504435012367, -1.2977799339015037], "normalizedAxes": [-0.12079978734254837, 0.9926769137382507, 2.2041855312920927e-16, 0, -2.220446049250313e-16, 1, 0.9926769137382507, 0.12079978734254837, 2.682294105550395e-17]}, "segments": [94408, 69065, 98570, 59672, 6321, 58876, 65672], "label": "box"}, {"objectId": 32, "id": 32, "partId": 32, "index": 31, "dominantNormal": [0, -2.220446049250313e-16, 1], "obb": {"axesLengths": [0.4607445022736536, 0.25289999873414626, 0.47662345785157273], "centroid": [2.181273720646418, 1.1456495584809332, -1.2764499354082346], "normalizedAxes": [0.7957806587219238, 0.605584979057312, 1.344668774233142e-16, 0, -2.220446049250313e-16, 1, 0.605584979057312, -0.7957806587219238, -1.7669880197289075e-16]}, "segments": [39304, 15514, 15470, 43580, 39424, 38341, 43619, 39372], "label": "box"}, {"objectId": 33, "id": 33, "