{"segGroups": [{"objectId": 35, "id": 35, "partId": 35, "index": 0, "dominantNormal": [0.8700389862060547, -0.4929828941822052, -1.0946419197348627e-16], "obb": {"axesLengths": [0.21847629839501814, 0.25004800036442265, 0.12256246963727971], "centroid": [2.6281763634930444, -1.4148021360729017, 0.11502395778840802], "normalizedAxes": [0.4929829239845276, 0.8700389862060547, 1.9318746296149818e-16, 0, -2.220446049250313e-16, 1, 0.8700389862060547, -0.4929829239845276, -1.0946419859093117e-16]}, "segments": [16661, 19714, 19231, 37747, 37755, 19346, 22484], "label": "shelf"}, {"objectId": 37, "id": 37, "partId": 37, "index": 1, "dominantNormal": [0.9237632751464844, -0.3829639256000519, -8.50350735604026e-17], "obb": {"axesLengths": [0.282317578433679, 0.2934909993374868, 0.21142944690838292], "centroid": [2.693893574972959, -1.12367993383415, -0.33674553587856493], "normalizedAxes": [0.38296395540237427, 0.9237632751464844, 2.0511665147415412e-16, 0, -2.220446049250313e-16, 1, 0.9237632751464844, -0.38296395540237427, -8.50350801778475e-17]}, "segments": [40428, 40114, 26478, 40442, 26507], "label": "sign"}, {"objectId": 38, "id": 38, "partId": 38, "index": 2, "dominantNormal": [0.7536986470222473, 0.6572201251983643, 1.459321830484504e-16], "obb": {"axesLengths": [0.19554967230082285, 0.24691399380011858, 0.18785805572749295], "centroid": [1.215201606610588, 0.07393680502709898, -0.3497440420148368], "normalizedAxes": [-0.6572201251983643, 0.7536987066268921, 1.6735473154547533e-16, 0, -2.220446049250313e-16, 1, 0.7536987066268921, 0.6572201251983643, 1.459321830484504e-16]}, "segments": [21043, 21039, 42221], "label": "kitchen item"}, {"objectId": 39, "id": 39, "partId": 39, "index": 3, "dominantNormal": [0, -2.220446049250313e-16, 1], "obb": {"axesLengths": [1.0542706742475136, 0.5397880254733255, 0.6640065809815238], "centroid": [2.428858967070246, -1.7241300285784016, -0.6401060359901334], "normalizedAxes": [0.18991719186306, 0.9818001389503479, 2.1800342396857084e-16, 0, -2.220446049250313e-16, 1, 0.9818001389503479, -0.18991719186306, -4.217008783570453e-17]}, "segments": [41774, 14461, 27884, 27122, 34802, 3537, 29538, 41071, 29444, 40921, 41323, 85, 583, 590, 598, 614, 2026, 2043, 2044, 2057, 2071, 2072, 2082, 2099, 2125, 2129, 2167, 2189, 2190, 2227, 2243, 2258, 2305, 2317, 2320, 2321, 2325, 2341, 2352, 2362, 2375, 2427, 2446, 2467, 2511, 2515, 2554, 2564, 2565, 2587, 2631, 2637, 2727, 2757, 3290, 3297, 3299, 3323, 3333, 3345, 3356, 3369, 3582, 13237, 13934, 14440, 14454, 15031, 16944, 16954, 16955, 17340, 23144, 23267, 23369, 23401, 23423, 23548, 23582, 23602, 23609, 23722, 23724, 23727, 23808, 23836, 23885, 23975, 24366, 24387, 24459, 24983, 25033, 25047, 25207, 25326, 25875, 26808, 26879, 26883, 26984, 27745, 27770, 28503, 28518, 28530, 28531, 28547, 28556, 28559, 28790, 28820, 28844, 28852, 28864, 28883, 28933, 28950, 28994, 29031, 29065, 29102, 29146, 29154, 29172, 29250, 29349, 29356, 29374, 29382, 29406, 29429, 29442, 29455, 29480, 29513, 32342, 32439, 33578, 33581, 33738, 33793, 34108, 34225, 34237, 34246, 34248, 34266, 34288, 34296, 34297, 34329, 34361, 34450, 34454, 34481, 34512, 34553, 34748, 34751, 34815, 34832, 34834, 34859, 34870, 34939, 34950, 34953, 34959, 34968, 34970, 34973, 34994, 35073, 35097, 35107, 35116, 35119, 35135, 35138, 35144, 35148, 35223, 35230, 35233, 35869, 36374, 40480, 40815, 40849, 40878, 40882, 40887, 40939, 40944, 41048, 41097, 41220, 41523, 41530, 41575, 41578, 41609, 41613, 41626, 41714, 41716, 41263, 29786, 959, 24264, 15229, 980, 1164, 1216, 1298, 1316, 1403, 1451, 2556, 2657, 2773, 3023, 15386, 16046, 16116, 22354, 22495, 23082, 23108, 23166, 24277, 29286, 32466, 32542, 32648, 34370, 34624, 34630, 38282, 40476, 41795], "label": "sink"}, {"objectId": 44, "id": 44, "partId": 44, "index": 5, "dominantNormal": [0, -2.220446049250313e-16, 1], "obb": {"axesLengths": [0.40434336927118314, 0.05189198139551321, 0.19687134153650973], "centroid": [-0.12921562491381988, -1.6727131093496324, -0.5944440362354213], "normalizedAxes": [0.3759722411632538, 0.9266309142112732, 2.0575339525736274e-16, 0, -2.220446049250313e-16, 1, 0.9266309142112732, -0.3759722411632538, -8.348260775187328e-17]}, "segments": [43612], "label": "plate"}, {"objectId": 100, "id": 100, "partId": 100, "index": 6, "dominantNormal": [0, -2.220446049250313e-16, 1], "obb": {"axesLengths": [0.6328633829010023, 0.2614270092227979, 0.5129374378753586], "centroid": [1.568512064926831, -0.27665400329495493, -0.5992865409861536], "normalizedAxes": [0.8609849214553833, -0.5086305141448975, -1.129386615661193e-16, 0, -2.220446049250313e-16, 1, -0.5086305141448975, -0.8609849214553833, -1.911770567309697e-16]}, "segments": [7157, 7041, 4099, 3756, 3950, 17239, 35690, 37950, 37853, 3814, 3847, 38714, 3871, 7129], "label": "stove"}, {"objectId": 101, "id": 101, "partId": 101, "index": 7, "dominantNormal": [-0.3897005617618561, -0.9209415912628174, -2.0449011179098195e-16], "obb": {"axesLengths": [0.5736673990295061, 0.7399999333918107, 0.12600495382847757], "centroid": [1.530451602974633, -0.5302433056488394, -0.9200000091642141], "normalizedAxes": [0.9209416508674622, -0.3897005617618561, -8.65309072754741e-17, 0, -2.220446049250313e-16, 1, -0.3897005617618561, -0.9209416508674622, -2.0449012502587175e-16]}, "segments": [40574, 18067, 38183, 18040, 8574], "label": "oven"}, {"objectId": 102, "id": 102, "partId": 102, "index": 8, "dominantNormal": [0.7262887358665466, -0.6873897314071655, -1.5263118133982745e-16], "obb": {"axesLengths": [0.1541367709213568, 1.1999999612569814, 0.06746396417918595], "centroid": [-0.22526690267557137, 0.6667592870385981, -0.010000062882899341], "normalizedAxes": [0.6873897314071655, 0.7262887358665466, 1.6126849541698776e-16, 0, -2.220446049250313e-16, 1, 0.7262887358665466, -0.6873897314071655, -1.5263118133982745e-16]}, "segments": [16786], "label": "wall"}, {"objectId": 200, "id": 200, "partId": 200, "index": 9, "dominantNormal": [0.17332594096660614, -0.9848645329475403, -2.1868385612301206e-16], "obb": {"axesLengths": [0.2875288015249248, 0.7450849843378737, 0.1610449193935967], "centroid": [0.3304683153022001, -2.3187171359176886, -1.0084375346056178], "normalizedAxes": [0.9848645329475403, 0.17332594096660614, 3.848609008518936e-17, 0, -2.220446049250313e-16, 1, 0.17332594096660614, -0.9848645329475403, -2.1868385612301206e-16]}, "segments": [18612, 18529, 18553, 18528, 9616, 9618, 36307, 36319, 26666, 40464, 16286, 26396], "label": "chair"}, {"objectId": 210, "id": 210, "partId": 210, "index": 11, "dominantNormal": [0, -2.220446049250313e-16, 1], "obb": {"axesLengths": [5.463297896419422, 0.18000006273388713, 3.764867990085087], "centroid": [1.4216309052555745, -1.687846746123958, 1.759999908283353], "normalizedAxes": [0.4380919933319092, 0.8989301323890686, 1.9960258610153683e-16, 0, -2.220446049250313e-16, 1, 0.8989301323890686, -0.4380919933319092, -9.727596358020322e-17]}, "segments": [35287, 6245, 35258, 4651, 4506, 4724, 6700, 4487, 4529, 6186, 6690, 6951, 7136, 4811, 14654, 11156, 10954, 11076, 14778, 16341, 16137, 10569, 10595, 10606, 10651, 10842, 10909, 11006, 11251, 11283, 11291, 14781, 16236, 16248, 35818, 36874, 33637, 33751, 33787, 7098, 7035, 7723, 7227, 24963], "label": "ceiling"}, {"objectId": 1, "id": 1, "partId": 1, "index": 12, "dominantNormal": [0, -2.220446049250313e-16, 1], "obb": {"axesLengths": [5.640313007061478, 0.2243299434111276, 3.8367597060543694], "centroid": [0.8778657017676391, -1.9333363461957054, -1.3221650256477662], "normalizedAxes": [-0.6672554612159729, 0.7448289394378662, 1.6538524759421107e-16, 0, -2.220446049250313e-16, 1, 0.7448289394378662, 0.6672554612159729, 1.4816047526977025e-16]}, "segments": [23957, 32251, 5273, 6098, 11772, 43085, 10031, 12803, 3477, 3495, 3532, 4636, 8619, 9180, 9188, 9199, 9205, 10158, 10204, 10205, 11388, 11900, 11929, 11939, 11940, 11943, 12158, 12179, 12275, 12293, 12306, 12335, 12353, 12367, 12370, 12538, 12576, 12661, 12672, 12685, 12700, 12702, 12727, 12732, 12760, 12762, 12770, 12778, 12844, 13087, 13106, 13115, 16531, 23391, 23436, 23735, 26825, 26835, 26853, 26872, 26873, 26874, 26876, 26951, 26963, 27040, 27064, 27095, 27102, 28358, 28376, 30767, 35422, 36228, 36655, 36793, 36841, 36858, 36878, 36994, 37706, 40797, 40824, 40857, 40873, 14505, 14621], "label": "floor"}, {"objectId": 2, "id": 2, "partId": 2, "index": 13, "dominantNormal": [0.936784565448761, -0.34990668296813965, -7.769489118028875e-17], "obb": {"axesLengths": [1.757020984370659, 2.4789999169334775, 0.2546008140795907], "centroid": [-1.1018482886742662, -1.5138917947703394, -0.18112001722037774], "normalizedAxes": [0.34990668296813965, 0.936784565448761, 2.0800795873493727e-16, 0, -2.220446049250313e-16, 1, 0.936784565448761, -0.34990668296813965, -7.769489118028875e-17]}, "segments": [14900, 20155, 22759, 37642, 5854, 7619, 5932, 6202, 6203, 6271, 6285, 6291, 6813, 13429, 14196, 14231, 14291, 15066, 15088, 15134, 15528, 15531, 15571, 15607, 15614, 19213, 19699, 22669, 35443, 35447, 35451, 35454, 37001, 37060, 38303, 38307, 38311, 38313, 38315, 38317, 38320, 38323, 38360, 38387, 39115, 231, 39269], "label": "wall"}, {"objectId": 3, "id": 3, "partId": 3, "index": 14, "dominantNormal": [-0.34182238578796387, -0.9397645592689514, -2.0866965028542049e-16], "obb": {"axesLengths": [3.0160804498974434, 2.480609957562163, 0.22757756699859738], "centroid": [0.07478073480258707, -2.81103923650262, -0.17030499308619707], "normalizedAxes": [0.9397645592689514, -0.34182238578796387, -7.589981660682007e-17, 0, -2.220446049250313e-16, 1, -0.34182238578796387, -0.9397645592689514, -2.0866965028542049e-16]}, "segments": [19362, 14701, 37211, 3286, 3260, 16486, 7825, 4491, 3517, 44307, 5763, 13707, 1213, 1986, 2000, 2004, 2115, 2247, 2538, 2547, 2645, 2685, 2734, 2781, 2803, 2855, 2942, 3040, 3097, 3397, 3764, 3908, 3911, 3923, 4081, 4178, 4226, 4231, 4460, 5611, 5682, 5691, 8117, 9681, 9703, 9712, 9742, 9755, 9782, 9793, 9845, 10284, 10320, 10328, 10377, 10387, 10422, 10424, 10455, 10487, 10497, 10536, 10625, 10662, 10686, 10721, 10725, 10775, 10777, 10795, 10809, 10821, 10847, 11275, 11491, 11502, 11519, 11530, 11548, 11565, 11594, 11640, 11646, 11692, 11703, 11726, 11961, 11967, 12080, 12086, 12118, 12410, 12480, 12491, 13016, 13146, 13162, 13164, 13166, 13183, 14005, 15422, 16039, 20953, 25632, 25653, 25659, 29760, 29762, 29768, 29774, 29794, 29800, 29882, 29896, 29897, 30438, 30483, 30484, 30509, 31813, 31861, 33124, 33130, 33183, 33193, 33199, 33205, 33250, 33274, 34369, 34430, 34438, 34447, 34521, 34524, 34529, 34533, 34563, 34570, 35423, 36321, 36397, 36455, 36470, 36475, 36508, 36512, 36584, 36596, 36630, 36688, 36692, 36717, 36757, 36771, 36775, 36795, 36797, 36833, 36881, 36914, 36918, 37139, 37319, 38278, 39929, 39959, 40112, 41662, 41691, 41799, 41902, 41910, 42315, 42427, 42444, 42467, 42528, 42838, 42850, 42868, 42877, 42889, 43929, 43948, 44063, 44070, 44074, 44085, 44098, 44101, 44105, 44158, 44246, 37263, 4345, 10123, 15476, 36452, 15988, 15362], "label": "wall"}, {"objectId": 4, "id": 4, "partId": 4, "index": 15, "dominantNormal": [-0.40890201926231384, -0.912578284740448, -2.026330846983555e-16], "obb": {"axesLengths": [0.49438798222132574, 1.6323419146461349, 0.38410979825912545], "centroid": [1.1053848846268248, -3.064451047626677, -0.5744190069045353], "normalizedAxes": [0.912578284740448, -0.40890201926231384, -9.079448732014802e-17, 0, -2.220446049250313e-16, 1, -0.40890201926231384, -0.912578284740448, -2.026330846983555e-16]}, "segments": [32335, 33920, 1794, 38828, 20336, 34009, 32821, 6923, 35924, 6896, 4448, 914, 4363, 4367, 4368, 4374, 4511, 8055, 19909, 20968, 21866, 22089, 22095, 33818, 33834, 33927, 33956, 34085, 34104, 34131, 34516, 35343, 35944, 35977, 38869, 44319, 44354, 44446, 19083, 44396, 33947, 35966, 32631, 7669, 12331, 34207, 34211], "label": "showcase"}, {"objectId": 5, "id": 5, "partId": 5, "index": 16, "dominantNormal": [0, -2.220446049250313e-16, 1], "obb": {"axesLengths": [1.6140418092450475, 0.9214799496200684, 1.1736602876384437], "centroid": [0.02166983564083802, -2.0384648955509705, -0.930740005953461], "normalizedAxes": [0.2217230200767517, 0.9751096963882446, 2.16517847293095e-16, 0, -2.220446049250313e-16, 1, 0.9751096963882446, -0.2217230200767517, -4.923240039572712e-17]}, "segments": [11015, 19400, 32310, 22896, 43521, 27387, 14818, 15711, 11042, 15667, 25015, 28989, 30354, 9260, 9357, 9368, 9370, 9380, 9394, 9400, 9940, 9947, 9954, 9985, 10276, 15676, 15683, 15706, 15710, 15734, 15776, 15798, 18521, 19039, 22556, 22579, 22951, 22955, 27355, 27541, 27674, 27985, 28130, 28234, 29018, 29598, 30285, 30799, 31230, 31731, 31975, 36240, 36255, 36264, 36431, 36441, 36442, 37663, 38237, 38281, 39061, 41331, 41349, 41630, 41646, 41648, 42811, 42828, 43498, 43623, 43632, 29957, 37669, 19936, 37671, 1000, 9472, 9457, 9477, 951, 960, 9507, 30229], "label": "table"}, {"objectId": 6, "id": 6, "partId": 6, "index": 17, "dominantNormal": [-0.3747040331363678, -0.927144467830658, -2.0586742706788685e-16], "obb": {"axesLengths": [0.9290684187223472, 2.450759952125847, 0.15868323135645665], "centroid": [0.21112185400315808, 0.5199744594400375, -0.17538009005680522], "normalizedAxes": [0.927144467830658, -0.3747040331363678, -8.320100900158063e-17, 0, -2.220446049250313e-16, 1, -0.3747040331363678, -0.927144467830658, -2.0586742706788685e-16]}, "segments": [26330, 16413, 24272, 24493, 25301, 26365], "label": "wall"}, {"objectId": 7, "id": 7, "partId": 7, "index": 18, "dominantNormal": [-0.34509944915771484, -0.9385661482810974, -2.0840354959108463e-16], "obb": {"axesLengths": [2.0676792587043478, 0.57999997779727, 0.16795311392943998], "centroid": [2.068931708937307, -0.18545477991723502, -0.22000003300607185], "normalizedAxes": [0.9385661482810974, -0.34509944915771484, -7.662747084807072e-17, 0, -2.220446049250313e-16, 1, -0.34509944915771484, -0.9385661482810974, -2.0840354959108463e-16]}, "segments": [6037, 700, 11192, 334, 3114, 6484, 30100, 34328, 42189, 5438, 42081, 6148, 42197], "label": "wall"}, {"objectId": 8, "id": 8, "partId": 8, "index": 19, "dominantNormal": [0, -2.220446049250313e-16, 1], "obb": {"axesLengths": [2.72508431428297, 0.3823199782747033, 1.8552492906758424], "centroid": [2.1493195690950655, -0.8709585827121546, -0.5588400369396803], "normalizedAxes": [-0.39414647221565247, 0.9190476536750793, 2.0406957316756e-16, 0, -2.220446049250313e-16, 1, 0.9190476536750793, 0.39414647221565247, 8.751809770571938e-17]}, "segments": [7505, 17232, 21324, 17786, 3, 129, 142, 163, 166, 172, 356, 368, 1012, 1677, 3912, 3944, 4058, 4063, 4086, 4100, 4121, 4127, 4131, 4148, 4170, 4197, 4203, 4209, 4272, 7189, 7434, 7677, 7711, 7770, 8312, 8319, 8340, 8815, 34458, 34555, 34558, 35339, 35747, 35984, 35989, 36032, 36034, 38563, 35575], "label": "counter"}, {"objectId": 9, "id": 9, "partId": 9, "index": 20, "dominantNormal": [0.757625162601471, 0.6526898741722107, 1.4492626524913692e-16], "obb": {"axesLengths": [2.673164348333814, 1.1752599662111702, 1.1613385750924292], "centroid": [1.6026277308745611, -0.7656948533411809, -0.7976300146960467], "normalizedAxes": [-0.6526898741722107, 0.757625162601471, 1.6822657991110622e-16, 0, -2.220446049250313e-16, 1, 0.757625162601471, 0.6526898741722107, 1.4492626524913692e-16]}, "segments": [28815, 1920, 80, 3033, 3834, 3865, 3890, 3970, 4021, 4220, 5116, 5151, 5166, 5179, 5180, 5351, 5431, 7064, 7070, 7084, 7088, 7170, 7279, 7343, 7345, 7346, 7380, 7385, 7410, 7454, 7492, 7720, 7766, 7781, 7806, 7822, 7827, 7849, 8012, 8432, 8546, 8625, 8643, 8681, 8686, 8928, 8929, 8952, 8957, 8973, 8980, 9001, 9012, 9017, 9028, 9052, 9053, 9055, 9072, 9089, 9105, 9125, 9136, 9145, 9149, 9158, 9161, 9166, 9176, 13854, 17293, 17469, 17974, 17977, 18083, 18102, 18106, 18117, 18141, 18149, 18169, 18184, 18208, 20574, 20601, 20630, 20647, 20658, 20667, 20671, 20713, 20766, 20809, 20876, 21975, 21984, 21986, 22019, 22033, 22436, 23870, 23898, 28833, 35275, 35413, 35415, 35418, 35526, 35683, 35699, 35702, 35704, 35706, 35719, 35821, 35824, 35837, 35839, 35841, 35845, 35981, 36063, 36073, 36091, 36096, 36099, 37826, 37828, 37832, 37926, 37929, 37984, 38168, 38189, 38209, 38220, 38861, 41556, 36934, 1234, 490, 26380], "label": "kitchen cabinet"}, {"objectId": 10, "id": 10, "partId": 10, "index": 21, "dominantNormal": [-0.41419321298599243, -0.9101889729499817, -2.021025509057987e-16], "obb": {"axesLengths": [0.7397673646409508, 2.244489977259412, 0.6708758140085311], "centroid": [0.7112025072538684, 0.050365033694960815, -0.27224502662766703], "normalizedAxes": [0.9101889729499817, -0.41419321298599243, -9.196936834010404e-17, 0, -2.220446049250313e-16, 1, -0.41419321298599243, -0.9101889729499817, -2.021025509057987e-16]}, "segments": [24685, 24598, 17758, 18938, 19273, 24627, 24628, 24632, 26180, 39911, 26763, 44006, 18730, 19286, 29978, 30003, 40083], "label": "kitchen cabinet"}, {"objectId": 11, "id": 11, "partId": 11, "index": 22, "dominantNormal": [-0.5029460191726685, -0.8643178343772888, -1.9191711206396374e-16], "obb": {"axesLengths": [0.9066109358841216, 0.7984740071339751, 0.3282643106754757], "centroid": [2.5427349041613763, -0.5866743039277477, 0.4492369603536204], "normalizedAxes": [0.8643178343772888, -0.5029460191726685, -1.116764501258124e-16, 0, -2.220446049250313e-16, 1, -0.5029460191726685, -0.8643178343772888, -1.9191711206396374e-16]}, "segments": [43753, 17878, 22652, 32998, 10466], "label": "kitchen cabinet"}, {"objectId": 12, "id": 12, "partId": 12, "index": 23, "dominantNormal": [0.9394274353981018, -0.34274789690971375, -7.610532135820275e-17], "obb": {"axesLengths": [1.943176487305629, 1.959999875128271, 0.18758023534802734], "centroid": [2.7039778569753192, -1.3986167489434287, 0.3299999330937873], "normalizedAxes": [0.34274789690971375, 0.9394274353981018, 2.0859479374870689e-16, 0, -2.220446049250313e-16, 1, 0.9394274353981018, -0.34274789690971375, -7.610532135820275e-17]}, "segments": [28444, 18672, 26437, 10061, 11021, 16970, 18774, 19421, 19895, 20509, 21638, 22410, 23274, 26308, 37992, 39554, 39740, 40127, 15880], "label": "wall"}, {"objectId": 13, "id": 13, "partId": 13, "index": 24, "dominantNormal": [0.8737698793411255, -0.4863395690917969, -1.07989077478398e-16], "obb": {"axesLengths": [1.4300249351284005, 2.4899299780295037, 0.498965028642166], "centroid": [1.8332584600989708, -2.804815756746777, -0.14503500845205064], "normalizedAxes": [0.4863395690917969, 0.8737698793411255, 1.9401588765369248e-16, 0, -2.220446049250313e-16, 1, 0.8737698793411255, -0.4863395690917969, -1.07989077478398e-16]}, "segments": [6529, 4330, 25620, 5761, 1569, 5718, 6890, 11657, 24748, 24904, 33103, 38881, 41941, 39142, 31186, 1305, 1565, 1581, 4578, 5222, 6880, 8258, 13529, 13561, 13761, 17548, 18705, 21154, 21166, 22875, 23156, 23541, 25703, 25725, 29570, 31640, 33832, 33848, 33852, 36640, 36652, 37064, 39225, 39237, 39264, 23876], "label": "wall"}, {"objectId": 14, "id": 14, "partId": 14, "index": 25, "dominantNormal": [-0.42754217982292175, -0.9039953947067261, -2.0072730027170273e-16], "obb": {"axesLengths": [0.32983517060762324, 0.6769884636181188, 0.0908905330963611], "centroid": [2.0951286436628216, -0.1665858242823448, 0.3715056880226941], "normalizedAxes": [0.9039953947067261, -0.42754217982292175, -9.493343440756735e-17, 0, -2.220446049250313e-16, 1, -0.42754217982292175, -0.9039953947067261, -2.0072730027170273e-16]}, "segments": [33153], "label": "wall"}, {"objectId": 15, "id": 15, "partId": 15, "index": 26, "dominantNormal": [-0.3537358343601227, -0.9353453516960144, -2.0768838908580598e-16], "obb": {"axesLengths": [0.29217963475875375, 0.719999964088202, 0.062493975506230835], "centroid": [1.2643875836402536, 0.13812329343178686, 0.40999993883073405], "normalizedAxes": [0.9353453516960144, -0.3537358343601227, -7.854513358831976e-17, 0, -2.220446049250313e-16, 1, -0.3537358343601227, -0.9353453516960144, -2.0768838908580598e-16]}, "segments": [44201, 32963], "label": "wall"}, {"objectId": 16, "id": 16, "partId": 16, "index": 27, "dominantNormal": [-0.16596619784832, -0.9861314296722412, -2.189651637057291e-16], "obb": {"axesLengths": [1.0670200451038427, 0.9295019616297935, 0.6303448931383884], "centroid": [1.5902666291879353, -0.1791390051718309, 0.4947509366329541], "normalizedAxes": [0.9861314296722412, -0.1659662127494812, -3.685190214086225e-17, 0, -2.220446049250313e-16, 1, -0.1659662127494812, -0.9861314296722412, -2.189651637057291e-16]}, "segments": [22233, 31474, 32504, 32566, 43898, 43901, 32550, 17040, 17105, 43679, 18401, 16818, 43814, 18365, 18375, 21233, 21241, 21390, 25785, 25913, 31374, 31395, 31420, 31486, 31585, 38721, 38722, 39971, 42752, 42754, 42756, 42808, 21583, 21302, 21314, 21388, 21431, 21488, 21556, 21560, 21573, 21608, 26067, 31571, 31608, 31615, 38745, 38757, 38767, 38773, 43876, 32512, 33407, 33388, 38146, 30968, 42644, 42619], "label": "exhaust hood"}, {"objectId": 17, "id": 17, "partId": 17, "index": 28, "dominantNormal": [-0.3591223657131195, -0.9332904815673828, -2.0723211625992173e-16], "obb": {"axesLengths": [2.2565236449429316, 0.859999935477973, 0.11304868275367047], "centroid": [1.9802427461594752, -0.10233929114437346, 1.1199999070912612], "normalizedAxes": [0.9332904815673828, -0.3591223657131195, -7.974118381451223e-17, 0, -2.220446049250313e-16, 1, -0.3591223657131195, -0.9332904815673828, -2.0723211625992173e-16]}, "segments": [18648, 18924, 42612, 15266, 27447, 27456, 33306, 44223], "label": "wall"}, {"objectId": 18, "id": 18, "partId": 18, "index": 29, "dominantNormal": [0.9283884167671204, -0.3716113269329071, -8.2514290274484e-17], "obb": {"axesLengths": [0.625905429698086, 0.4999999795109036, 0.046555752538663106], "centroid": [-1.0227174533414471, -1.5746533439414003, 0.25999994646757885], "normalizedAxes": [0.3716113567352295, 0.9283884167671204, 2.0614363921803055e-16, 0, -2.220446049250313e-16, 1, 0.9283884167671204, -0.3716113567352295, -8.25142968919289e-17]}, "segments": [13696], "label": "clock"}, {"objectId": 205, "id": 205, "partId": 205, "index": 30, "dominantNormal": [0.9054849147796631, -0.4243783950805664, -9.423093307438322e-17], "obb": {"axesLengths": [0.6672454006462966, 0.7587100097825371, 0.39310948174472216], "centroid": [0.37456272752358744, -2.052729861347551, -1.0093550288821378], "normalizedAxes": [0.4243783950805664, 0.9054849147796631, 2.0105804016782593e-16, 0, -2.220446049250313e-16, 1, 0.9054849147796631, -0.4243783950805664, -9.423093307438322e-17]}, "segments": [32225, 43566, 83, 9584, 9596, 26682, 31911, 43604, 30275, 30269, 42697, 31040, 31037, 31064, 42675, 31011, 31073, 9634], "label": "chair"}, {"objectId": 22, "id": 22, "partId": 22, "index": 31, "dominantNormal": [0.6904364228248596, -0.7233930826187134, -1.6062553123557274e-16], "obb": {"axesLengths": [0.5728108022348972, 0.41504000689744913, 0.3033398931390254], "centroid": [-0.23223862844664178, -1.644292513842358, -1.1975200336980814], "normalizedAxes": [0.7233930826187134, 0.6904364228248596, 1.5330768273199782e-16, 0, -2.220446049250313e-16, 1, 0.6904364228248596, -0.7233930826187134, -1.6062553123557274e-16]}, "segments": [16454, 16856, 42743, 31168, 31180, 42731, 31248], "label": "chair"}, {"objectId": 23, "id": 23, "partId": 23, "index": 32, "dominantNormal": [0.914635181427002, -0.4042801856994629, -8.976823411265553e-17], "obb": {"axesLengths": [0.5281935536702319, 0.4009599596047407, 0.1993458338453118], "centroid": [-0.5409522627689025, -2.214093996936369, -1.2254400407797088], "normalizedAxes": [0.4042802155017853, 0.914635181427002, 2.0308980751049298e-16, 0, -2.220446049250313e-16, 1, 0.914635181427002, -0.4042802155017853, -8.976824073010043e-17]}, "segments": [15877, 15862, 15853, 15892, 19072, 19068], "label": "chair"}, {"objectId": 26, "id": 26, "partId": 26, "index": 33, "dominantNormal": [0.9914461374282837, -0.1305164247751236, -2.898046797541989e-17], "obb": {"axesLengths": [0.6014065992895566, 0.804067951349885, 0.33046244036992617], "centroid": [0.05168786471950981, 0.3357082378598799, -1.0100860202293243], "normalizedAxes": [0.1305164247751236, 0.9914461374282837, 2.2014526588971155e-16, 0, -2.220446049250313e-16, 1, 0.9914461374282837, -0.1305164247751236, -2.898046797541989e-17]}, "segments": [19118, 39527, 17816, 24232, 24099, 39456, 39331, 23708, 17849, 39763, 23677, 23709, 39336, 39439, 39321, 24225, 19100, 24420, 16499, 17801, 23561, 23647, 23660, 23683, 24207, 24248, 24256, 24423, 25241, 25281, 39374, 39394, 39401, 39462, 39484, 39492, 39498, 39542, 39545, 39561, 39580, 25191], "label": "baby seat"}, {"objectId": 27, "id": 27, "partId": 27, "index": 34, "dominantNormal": [-0.05746159702539444, -0.9983476996421814, -2.21677720544862e-16], "obb": {"axesLengths": [0.2980298135451696, 0.29999997541308443, 0.19498264132624177], "centroid": [-0.060543937695510586, 0.5916993262556991, -0.42000003524124585], "normalizedAxes": [0.9983476996421814, -0.05746159702539444, -1.2759037609865063e-17, 0, -2.220446049250313e-16, 1, -0.05746159702539444, -0.9983476996421814, -2.21677720544862e-16]}, "segments": [19806, 19861, 19772, 38456, 19893], "label": "bin"}, {"objectId": 28, "id": 28, "partId": 28, "index": 35, "dominantNormal": [-0.6954702734947205, -0.7185548543930054, -1.5955122876065827e-16], "obb": {"axesLengths": [0.18313075292748782, 0.31255597667643464, 0.08415997390460164], "centroid": [0.1914299726594857, 0.541809307432715, -0.3862780302104798], "normalizedAxes": [0.7185548543930054, -0.6954702734947205, -1.5442542211523868e-16, 0, -2.220446049250313e-16, 1, -0.6954702734947205, -0.7185548543930054, -1.5955122876065827e-16]}, "segments": [24035, 39413], "label": "cleaning brush"}, {"objectId": 29, "id": 29, "partId": 29, "index": 36, "dominantNormal": [0.7237978577613831, 0.6900120377540588, 1.5321345031661578e-16], "obb": {"axesLengths": [0.25982674332125993, 0.2640700281246742, 0.17236005226450074], "centroid": [0.35889091855366184, 0.40263219688918683, -1.284924998098798], "normalizedAxes": [-0.6900120377540588, 0.7237978577613831, 1.607154093722103e-16, 0, -2.220446049250313e-16, 1, 0.7237978577613831, 0.6900120377540588, 1.5321345031661578e-16]}, "segments": [26205, 25111, 40088, 25499], "label": "item"}, {"objectId": 30, "id": 30, "partId": 30, "index": 37, "dominantNormal": [0, -2.220446049250313e-16, 1], "obb": {"axesLengths": [0.24437810216864403, 0.16997098542814726, 0.19020128289730912], "centroid": [0.18853284087114786, -1.5137111790948232, -0.5333625387393864], "normalizedAxes": [0.48085662722587585, 0.8767992258071899, 1.946885376929308e-16, 0, -2.220446049250313e-16, 1, 0.8767992258071899, -0.48085662722587585, -1.0677161981795266e-16]}, "segments": [39696, 24828, 24846, 41339], "label": "plate"}, {"objectId": 31, "id": 31, "partId": 31, "index": 38, "dominantNormal": [0.6423108577728271, -0.7664442658424377, -1.7018481420603976e-16], "obb": {"axesLengths": [0.42285169782004606, 0.3758620982796973, 0.31986813353424814], "centroid": [0.12253108020857506, -1.8968214181847922, 0.16553290749640182], "normalizedAxes": [0.7664442658424377, 0.6423108577728271, 1.4262166065322538e-16, 0, -2.220446049250313e-16, 1, 0.6423108577728271, -0.7664442658424377, -1.7018481420603976e-16]}, "segments": [41411, 27799, 27780, 27778, 39232, 41365, 28104, 41394, 23151, 28007, 28089, 28094, 39129, 27867, 41360, 22874], "label": "lamp"}, {"objectId": 33, "id": 33, "partId": 33, "index": 39, "dominantNormal": [0.8926121592521667, -0.45082545280456543, -1.0010335955813808e-16], "obb": {"axesLengths": [0.3269869394152177, 0.31757097726529127, 0.1599808582698173], "centroid": [2.660001189863855, -1.375197518422767, 0.4679094318022696], "normalizedAxes": [0.45082545280456543, 0.8926121592521667, 1.981997142524265e-16, 0, -2.220446049250313e-16, 1, 0.8926121592521667, -0.45082545280456543, -1.0010335955813808e-16]}, "segments": [38109, 38067, 20184, 20216, 38007, 22535, 22533, 37773, 20568, 38082, 18973, 20640, 37988, 37997, 38043, 38439, 38443, 18899], "label": "shelf"}, {"objectId": 34, "id": 34, "partId": 34, "index": 40, "dominantNormal": [0.9437434673309326, -0.3306785821914673, -7.342539513987385e-17], "obb": {"axesLengths": [0.276311566499963, 0.29471437719357646, 0.15116111483687558], "centroid": [2.552829395805521, -1.6646001574629652, 0.24264274554007992], "normalizedAxes": [0.3306785821914673, 0.9437434077262878, 2.0955313211918632e-16, 0, -2.220446049250313e-16, 1, 0.9437434077262878, -0.3306785821914673, -7.342539513987385e-17]}, "segments": [24384, 26900, 40315, 26957, 24332, 26609, 19603, 21669, 21677, 21686, 21762, 22002, 26596, 26685, 26702, 26744, 26813, 38262, 38264, 39460, 39613, 39628, 39683], "label": "shelf"}], "scan_id": "0cac75ad-8d6f-2d13-8c74-5de4dfc4affc", "annId": "6507", "appId": "stk.v1"}