{"segGroups": [{"objectId": 7, "id": 7, "partId": 7, "index": 0, "dominantNormal": [0.7499560117721558, 0.6614876985549927, 1.4687977468841155e-16], "obb": {"axesLengths": [0.8484404954437132, 1.136200998659409, 0.36535855600288636], "centroid": [0.43978602323243987, 2.1056904891139414, -0.9055795746539647], "normalizedAxes": [-0.6614876985549927, 0.7499560117721558, 1.6652368634510045e-16, 0, -2.220446049250313e-16, 1, 0.7499560117721558, 0.6614876985549927, 1.4687977468841155e-16]}, "segments": [3237, 13620, 7256, 6624, 4065, 5303, 5261, 5710, 2437], "label": "rolled carpet"}, {"objectId": 8, "id": 8, "partId": 8, "index": 1, "dominantNormal": [0, -2.220446049250313e-16, 1], "obb": {"axesLengths": [1.217531907239225, 0.9303009302101817, 1.1031283419818327], "centroid": [-0.07982478619503519, 1.333518897777766, -1.0192795447421192], "normalizedAxes": [0.7413933873176575, 0.6710706949234009, 1.4900762733103276e-16, 0, -2.220446049250313e-16, 1, 0.6710706949234009, -0.7413933873176575, -1.6462240178097997e-16]}, "segments": [11607, 12754, 2507, 392, 2925, 7825, 15617, 2946, 15662, 10780, 10229, 14440, 14407, 14428, 2499, 11126, 1380, 2224, 12815, 2577, 3656, 12813, 1242, 12725, 2623, 945, 11510, 1381, 2622, 14424, 11401], "label": "armchair"}, {"objectId": 9, "id": 9, "partId": 9, "index": 2, "dominantNormal": [0, -2.220446049250313e-16, 1], "obb": {"axesLengths": [0.5704369843134709, 0.19173997212037497, 0.29328115950245615], "centroid": [-0.2715647655827861, 1.2102834361128896, -0.9058700578837846], "normalizedAxes": [-0.05237835645675659, 0.9986273050308228, 2.2173980541291777e-16, 0, -2.220446049250313e-16, 1, 0.9986273050308228, 0.05237835645675659, 1.163033146606298e-17]}, "segments": [13878, 7872, 8065], "label": "cushion"}, {"objectId": 10, "id": 10, "partId": 10, "index": 3, "dominantNormal": [-0.014833544380962849, -0.9998899698257446, -2.2202017331845894e-16], "obb": {"axesLengths": [0.6805867755253417, 0.5854319501199134, 0.45731638086694015], "centroid": [-0.20962223334032665, 1.5331643737495386, -0.7572840413313219], "normalizedAxes": [0.9998899698257446, -0.014833544380962849, -3.293708501708814e-18, 0, -2.220446049250313e-16, 1, -0.014833544380962849, -0.9998899698257446, -2.2202017331845894e-16]}, "segments": [5340, 4611, 5346, 9205, 14507, 7760, 5357], "label": "clothes"}, {"objectId": 11, "id": 11, "partId": 11, "index": 4, "dominantNormal": [-0.13733667135238647, -0.990524411201477, -2.1994060155383123e-16], "obb": {"axesLengths": [0.5900851051308194, 0.7599999734759333, 0.4771624051764442], "centroid": [-1.2408845897512633, 0.15750374950630375, -1.1500000379979618], "normalizedAxes": [0.990524411201477, -0.13733667135238647, -3.049486693215952e-17, 0, -2.220446049250313e-16, 1, -0.13733667135238647, -0.990524411201477, -2.1994060155383123e-16]}, "segments": [13336, 5787, 6161, 5953, 3607, 3466, 1287, 3508, 6153, 4817, 8122, 7858, 8022, 3547, 3605, 5994, 5794, 13349], "label": "armchair"}, {"objectId": 12, "id": 12, "partId": 12, "index": 5, "dominantNormal": [0.9080296754837036, -0.4189057946205139, -9.301577166731832e-17], "obb": {"axesLengths": [0.46777008430706946, 0.4206139947336762, 0.3960435793152401], "centroid": [1.5551264214097409, -0.042179058304626094, -0.6666270624855091], "normalizedAxes": [0.4189057946205139, 0.9080296754837036, 2.0162309055298336e-16, 0, -2.220446049250313e-16, 1, 0.9080296754837036, -0.4189057946205139, -9.301577166731832e-17]}, "segments": [14588, 8384, 12103, 13282, 8366, 8699, 8383, 13959, 15342, 8351, 8362, 8390, 8399, 8406, 8428, 8456, 9528, 9559, 9561, 9597, 12078, 13298, 13951, 13957, 14608, 14687, 15323, 15326, 15350], "label": "bar stool"}, {"objectId": 13, "id": 13, "partId": 13, "index": 6, "dominantNormal": [0.7717671394348145, -0.6359052658081055, -1.411993335161078e-16], "obb": {"axesLengths": [0.46849487081027225, 0.4763799799297752, 0.37827209040959053], "centroid": [0.9659966372533957, -0.17365375235223168, -0.6589240563901371], "normalizedAxes": [0.6359052658081055, 0.7717671394348145, 1.7136672956992493e-16, 0, -2.220446049250313e-16, 1, 0.7717671394348145, -0.6359052658081055, -1.411993335161078e-16]}, "segments": [10939, 9622, 4944, 9644, 14920, 14948, 11824, 4927, 5391, 5392, 5406, 5422, 9657, 10000, 10931, 10946, 11816, 11825, 11857, 11885, 11920, 12509, 13302, 13304, 14572, 14574, 14578, 15488, 15493, 15496, 15501, 11966], "label": "bar stool"}, {"objectId": 14, "id": 14, "partId": 14, "index": 7, "dominantNormal": [0.8640482425689697, -0.5034090280532837, -1.1177925874978538e-16], "obb": {"axesLengths": [0.4286875300195839, 0.4445770283510453, 0.3651977547041854], "centroid": [0.5293320955578185, 0.1965886049112896, -0.6649315786004476], "normalizedAxes": [0.5034090280532837, 0.8640482425689697, 1.918572506573945e-16, 0, -2.220446049250313e-16, 1, 0.8640482425689697, -0.5034090280532837, -1.1177925874978538e-16]}, "segments": [15403, 15367, 14001, 6552, 10891, 10894, 13504, 13946, 15358, 15361, 15370, 15374, 15379, 15450, 12094, 10859, 12088, 12115, 10915, 13939], "label": "bar stool"}, {"objectId": 15, "id": 15, "partId": 15, "index": 8, "dominantNormal": [-0.32868334650993347, -0.9444401860237122, -2.0970784798095824e-16], "obb": {"axesLengths": [0.5159167105566481, 0.4283349716290463, 0.39351427356180335], "centroid": [0.029315508936621715, 0.53675708333941, -0.6184535614746777], "normalizedAxes": [0.9444401860237122, -0.32868334650993347, -7.298236382123535e-17, 0, -2.220446049250313e-16, 1, -0.32868334650993347, -0.9444401860237122, -2.0970784798095824e-16]}, "segments": [12411, 13388, 4241, 4223, 4216, 13451, 6464, 4262, 13457, 7045, 12469], "label": "bar stool"}, {"objectId": 16, "id": 16, "partId": 16, "index": 9, "dominantNormal": [0.9935920834541321, -0.11302575469017029, -2.5096759046532366e-17], "obb": {"axesLengths": [0.42804959116861113, 0.2897144956950582, 0.18336768473112391], "centroid": [1.107637352805399, 1.6171387854341266, -0.16514283515193884], "normalizedAxes": [0.11302574723958969, 0.9935920834541321, 2.206217616272115e-16, 0, -2.220446049250313e-16, 1, 0.9935920834541321, -0.11302574723958969, -2.509675739217114e-17]}, "segments": [2709, 12720, 442, 456, 488, 642, 12708, 356, 2619, 2528, 2574], "label": "object"}, {"objectId": 18, "id": 18, "partId": 18, "index": 10, "dominantNormal": [0.7622432708740234, -0.6472906470298767, -1.4372739599141686e-16], "obb": {"axesLengths": [1.649833947131431, 0.5799999405443679, 0.4287393329387516], "centroid": [1.5542136779972267, 1.970026288972598, -0.7600000461190946], "normalizedAxes": [0.6472906470298767, 0.7622432708740234, 1.6925200593798616e-16, 0, -2.220446049250313e-16, 1, 0.7622432708740234, -0.6472906470298767, -1.4372739599141686e-16]}, "segments": [11346, 11295, 11059, 11377, 12591, 8893, 12585, 5162, 5302, 5042, 5241, 8792, 11390, 5185], "label": "object"}, {"objectId": 21, "id": 21, "partId": 21, "index": 11, "dominantNormal": [0, -2.220446049250313e-16, 1], "obb": {"axesLengths": [0.5669597732813608, 0.07687002248607522, 0.21488865258457665], "centroid": [1.4555534131494767, 1.8201304066398931, 0.6684349048487461], "normalizedAxes": [0.9457477331161499, -0.32490187883377075, -7.214270932504502e-17, 0, -2.220446049250313e-16, 1, -0.32490187883377075, -0.9457477331161499, -2.0999818175851945e-16]}, "segments": [6360, 12579, 13610], "label": "ceiling"}, {"objectId": 1, "id": 1, "partId": 1, "index": 14, "dominantNormal": [0, -2.220446049250313e-16, 1], "obb": {"axesLengths": [4.017680589064597, 0.2879099781533334, 3.0628991883585424], "centroid": [0.36257219787162015, 0.729801232247498, -1.408645089895017], "normalizedAxes": [0.9920830726623535, -0.12558332085609436, -2.7885098864664917e-17, 0, -2.220446049250313e-16, 1, -0.12558332085609436, -0.9920830726623535, -2.2028669392212341e-16]}, "segments": [11428, 7916, 10112, 1698, 297, 12, 12506, 4195, 4166, 3079, 11501, 4868, 7570, 625, 640, 3011, 4912, 4893, 4837, 4838, 11636, 5901, 5998], "label": "floor"}, {"objectId": 2, "id": 2, "partId": 2, "index": 15, "dominantNormal": [-0.24854961037635803, -0.968619167804718, -2.1507666043801122e-16], "obb": {"axesLengths": [1.5432855445778981, 1.2399999967217439, 0.7172605974219363], "centroid": [1.1589371722771724, 0.6896847938124766, -0.8500000849366185], "normalizedAxes": [0.968619167804718, -0.24854959547519684, -5.518909673156643e-17, 0, -2.220446049250313e-16, 1, -0.24854959547519684, -0.968619167804718, -2.1507666043801122e-16]}, "segments": [2309, 4261, 10578, 15151, 13731, 117, 11652, 15288, 15223, 3876, 3858, 3960, 11609, 12253, 7552, 6843, 6921, 12982, 7050, 121, 125, 222, 2785, 3924, 5488, 5609, 6753, 7041, 7085, 7108, 7163, 7239, 9301, 9331, 9338, 9406, 9524, 9562, 10141, 11629, 11665, 11684, 11701, 11704, 12226, 12274, 12284, 12296, 12352, 12694, 12977, 12981, 13001, 13736, 15282, 15352, 1439], "label": "bar"}, {"objectId": 3, "id": 3, "partId": 3, "index": 16, "dominantNormal": [0.81931072473526, 0.5733497738838196, 1.2730922402588875e-16], "obb": {"axesLengths": [0.9576647257010129, 2.139999997466801, 0.12537717546071586], "centroid": [0.6897508104185055, 2.0896577983823477, -0.40000008456408986], "normalizedAxes": [-0.5733497142791748, 0.81931072473526, 1.8192352618468189e-16, 0, -2.220446049250313e-16, 1, 0.81931072473526, 0.5733497142791748, 1.2730921079099895e-16]}, "segments": [6925, 11005], "label": "wall"}, {"objectId": 4, "id": 4, "partId": 4, "index": 17, "dominantNormal": [0.5835853219032288, -0.8120518326759338, -1.8031172836517536e-16], "obb": {"axesLengths": [0.6943281170230772, 1.2199999417364602, 0.12190269425588816], "centroid": [1.2104080952218526, 1.917217215069088, 0.03999990321695779], "normalizedAxes": [0.8120518326759338, 0.5835853219032288, 1.2958197224204965e-16, 0, -2.220446049250313e-16, 1, 0.5835853219032288, -0.8120518326759338, -1.8031172836517536e-16]}, "segments": [8268, 15650, 11068], "label": "wall"}, {"objectId": 5, "id": 5, "partId": 5, "index": 18, "dominantNormal": [0.6027325391769409, -0.7979432940483093, -1.7717900347953493e-16], "obb": {"axesLengths": [1.4836558402816198, 0.7484299969279018, 0.209565673309304], "centroid": [-1.2512969142769401, 1.203025561553471, -1.0042150671583043], "normalizedAxes": [0.7979432940483093, 0.6027324795722961, 1.33833495302115e-16, 0, -2.220446049250313e-16, 1, 0.6027324795722961, -0.7979432940483093, -1.7717900347953493e-16]}, "segments": [3400, 3368, 9451, 2154, 2008, 3272, 1862, 7801, 1972, 14309, 1998, 1940, 14830, 4298, 432, 8975], "label": "air conditioner"}, {"objectId": 6, "id": 6, "partId": 6, "index": 19, "dominantNormal": [0.5950784683227539, -0.8036676049232483, -1.7845005582622881e-16], "obb": {"axesLengths": [2.279593970924685, 1.219999971538782, 0.3803693790704502], "centroid": [-0.6085174449165697, 1.6740756618133283, -0.9000000584870581], "normalizedAxes": [0.8036676049232483, 0.5950784683227539, 1.3213396339811865e-16, 0, -2.220446049250313e-16, 1, 0.5950784683227539, -0.8036676049232483, -1.7845005582622881e-16]}, "segments": [14772, 12871, 1565, 1559, 9773, 4687, 4585, 15048, 13186, 10110, 10572, 1569, 9807, 4756, 9865, 1718, 9943, 1762, 8167, 9063, 14374, 568, 4647, 9845], "label": "wall"}], "scan_id": "2e36954b-e133-204c-92ad-1a66c6f63e1a", "annId": "6336", "appId": "stk.v1"}