{"segGroups": [{"objectId": 46, "id": 46, "partId": 46, "index": 0, "dominantNormal": [0, -2.220446049250313e-16, 1], "obb": {"axesLengths": [1.517795013261475, 0.254953021072901, 1.2965799523186177], "centroid": [-1.7250271187132382, -1.3045515288548608, -0.9825235732841427], "normalizedAxes": [-0.37774768471717834, 0.9259085655212402, 2.0559300162786625e-16, 0, -2.220446049250313e-16, 1, 0.9259085655212402, 0.37774768471717834, 8.387683541437115e-17]}, "segments": [12441, 51661, 11524, 36835, 2399, 2431], "label": "blanket"}, {"objectId": 47, "id": 47, "partId": 47, "index": 1, "dominantNormal": [0, -2.220446049250313e-16, 1], "obb": {"axesLengths": [1.917740414860701, 0.4838919531429123, 1.1320886349217119], "centroid": [-0.852320227978554, -0.79015982726503, -1.0480540507737377], "normalizedAxes": [0.7883303761482239, -0.6152521371841431, -1.366134177303342e-16, 0, -2.220446049250313e-16, 1, -0.6152521371841431, -0.7883303761482239, -1.750445069222337e-16]}, "segments": [37635, 36122, 18343, 25893, 19599, 25394, 16444, 37783, 37607, 31293, 18475, 35502, 25435, 30309, 28488, 28580, 47697, 25886, 21053, 47647, 26731, 26906], "label": "blanket"}, {"objectId": 1, "id": 1, "partId": 1, "index": 2, "dominantNormal": [0, -2.220446049250313e-16, 1], "obb": {"axesLengths": [5.145404639623424, 0.35006999187014914, 3.938256147273693], "centroid": [-1.3670010531947918, -0.16442311973851403, -1.485035003759748], "normalizedAxes": [0.37130290269851685, 0.9285117983818054, 2.061710354399183e-16, 0, -2.220446049250313e-16, 1, 0.9285117983818054, -0.37130290269851685, -8.244580633720951e-17]}, "segments": [21473, 20724, 12913, 10095, 8989, 5863, 4786, 20518, 19733, 1736, 1740, 5687, 5700, 5709, 5719, 5753, 5765, 5927, 5937, 6144, 6326, 6334, 7819, 7910, 8227, 8292, 8447, 8498, 9780, 10240, 10275, 10327, 10388, 10405, 10409, 10537, 10551, 10636, 11205, 11282, 18415, 28117, 35559, 38832, 38862, 38865, 40146, 40154, 40248, 43831, 43833, 44106, 44293, 44298, 44299, 44889, 44894, 46011, 46079, 46087, 48673, 48868, 49899, 51637, 51638, 51642, 51652, 23455, 26072, 1728, 47123, 6186, 1811, 35827], "label": "floor"}, {"objectId": 2, "id": 2, "partId": 2, "index": 3, "dominantNormal": [0.7954130172729492, -0.6060677766799927, -1.3457408003070108e-16], "obb": {"axesLengths": [4.848267565563811, 2.6028499021489178, 0.15814153499907843], "centroid": [0.16725707404019485, -1.0673105208163467, -0.2914250775123737], "normalizedAxes": [0.6060677766799927, 0.7954130172729492, 1.7661716917259911e-16, 0, -2.220446049250313e-16, 1, 0.7954130172729492, -0.6060677766799927, -1.3457408003070108e-16]}, "segments": [15863, 34394, 38366, 41629, 33851, 15772, 16863, 22970, 3984, 10621, 14795, 15716, 15722, 20787, 28210, 37671, 38301, 38408, 38413, 38453, 44231, 50439, 50454, 52080, 54805], "label": "wall"}, {"objectId": 3, "id": 3, "partId": 3, "index": 4, "dominantNormal": [-0.6139019131660461, -0.7893823385238647, -1.7527808949232887e-16], "obb": {"axesLengths": [3.0509114081633864, 2.3247899489524215, 0.1786145968374391], "centroid": [-2.4712346639593212, -2.045768449146382, -0.4123950855659293], "normalizedAxes": [0.7893823385238647, -0.6139019131660461, -1.363136077716756e-16, 0, -2.220446049250313e-16, 1, -0.6139019131660461, -0.7893823385238647, -1.7527808949232887e-16]}, "segments": [41096, 41936, 13372, 20508, 13888, 18629, 50752, 4711, 8937, 9063, 9617, 11888, 30871, 54211], "label": "wall"}, {"objectId": 4, "id": 4, "partId": 4, "index": 5, "dominantNormal": [0.7939870953559875, -0.6079346537590027, -1.3498861001415345e-16], "obb": {"axesLengths": [4.1393370721355485, 2.5619599246540665, 0.37343094397798243], "centroid": [-2.3251956519545764, 1.253032184659966, -0.27098008876494806], "normalizedAxes": [0.6079346537590027, 0.7939870357513428, 1.7630053766900361e-16, 0, -2.220446049250313e-16, 1, 0.7939870357513428, -0.6079346537590027, -1.3498861001415345e-16]}, "segments": [8904, 20459, 283, 41321, 41318, 20823, 8525, 44522, 6384, 45982, 20043, 41978, 48887, 31217, 31197, 31082, 8852], "label": "wall"}, {"objectId": 5, "id": 5, "partId": 5, "index": 6, "dominantNormal": [0, -2.220446049250313e-16, 1], "obb": {"axesLengths": [3.932377122873307, 0.13699006728105145, 3.85339045620756], "centroid": [-0.7153133212833727, 0.4622830427368856, 0.9584949051164484], "normalizedAxes": [-0.6855701208114624, 0.7280066013336182, 1.6164993817593802e-16, 0, -2.220446049250313e-16, 1, 0.7280066013336182, 0.6855701208114624, 1.5222714662398715e-16]}, "segments": [1999, 36708, 32853, 156, 271, 860, 41155, 42310, 55037, 55091, 620, 629, 33214, 29754], "label": "ceiling"}, {"objectId": 6, "id": 6, "partId": 6, "index": 7, "dominantNormal": [-0.5998643636703491, -0.8001017570495605, -1.7765827854389305e-16], "obb": {"axesLengths": [0.47093329942914725, 1.4799999263882646, 0.3238962196757829], "centroid": [-2.09698575246781, -2.2816730141029664, -0.09000009589053404], "normalizedAxes": [0.8001016974449158, -0.5998643636703491, -1.3319664563978797e-16, 0, -2.220446049250313e-16, 1, -0.5998643636703491, -0.8001016974449158, -1.7765826530900325e-16]}, "segments": [41900, 40435, 40380, 42493, 42499, 55238, 55217, 41494, 29588, 49042, 23914, 54287, 18673, 34695, 18837, 17422, 18827, 18834, 24727, 24739, 24839, 29669, 34659, 34772, 34782, 34845, 41770, 47895, 47929, 50566, 50578, 50581, 50641, 54318, 24760, 42595, 43143, 29544, 29863, 23992, 50593], "label": "curtain"}, {"objectId": 7, "id": 7, "partId": 7, "index": 8, "dominantNormal": [-0.59525066614151, -0.803540050983429, -1.78421733162055e-16], "obb": {"axesLengths": [0.4516795113052065, 0.8200000061839814, 0.3216913136160356], "centroid": [-3.1221391240922443, -1.5369160747777746, -0.44000009607679846], "normalizedAxes": [0.803540050983429, -0.59525066614151, -1.321721989947533e-16, 0, -2.220446049250313e-16, 1, -0.59525066614151, -0.803540050983429, -1.78421733162055e-16]}, "segments": [5524, 5631, 5467, 5634, 5469, 5617, 44686, 12418, 44370, 6753, 4981, 4983, 5011, 5045, 5328, 5364, 5449, 5545, 6573, 6583, 6587, 6594, 6610, 6624, 6836, 6917, 7347, 12134, 12246, 44150, 44176, 44222, 44310, 44434, 44441, 44583, 44661, 6543, 4172, 7365, 7384, 44345, 44578, 50685, 5576], "label": "curtain"}, {"objectId": 8, "id": 8, "partId": 8, "index": 9, "dominantNormal": [0, -2.220446049250313e-16, 1], "obb": {"axesLengths": [2.8927994761833102, 0.9875900524648262, 2.6106649958774044], "centroid": [-1.2087831305700005, -1.2506903292397693, -1.1437950821878355], "normalizedAxes": [-0.17696791887283325, 0.9842166304588318, 2.1853999287087684e-16, 0, -2.220446049250313e-16, 1, 0.9842166304588318, 0.17696791887283325, 3.929477163052325e-17]}, "segments": [39805, 24465, 22825, 22668, 2835, 16775, 50233, 50319, 12496, 50329, 50368, 49548, 49566, 20392, 21861, 21083, 34101, 31708, 1727, 9747, 10572, 10587, 10600, 10635, 12495, 12622, 12628, 12630, 12676, 16680, 16754, 20125, 21075, 21148, 22275, 23056, 23072, 23270, 24621, 27934, 28916, 28981, 29011, 29081, 29901, 30020, 30519, 30771, 30985, 30987, 31306, 31686, 31687, 31689, 31703, 31827, 31831, 31903, 32543, 34102, 34116, 34123, 34127, 34132, 34138, 34146, 34161, 35742, 37841, 38303, 39666, 39720, 39796, 39872, 39899, 42776, 45592, 45780, 45782, 46667, 48231, 48757, 48763, 49082, 49245, 49247, 49249, 49379, 49675, 49683, 49790, 49791, 50210, 50271, 50274, 50282, 50655, 51710, 52008, 52049, 52312, 55354, 19692, 37184, 1921], "label": "bed"}, {"objectId": 9, "id": 9, "partId": 9, "index": 10, "dominantNormal": [0, -2.220446049250313e-16, 1], "obb": {"axesLengths": [0.9588136201668666, 0.6507699344135088, 0.688104790637171], "centroid": [-2.219302644849357, -0.4367645025121273, -1.195385046855023], "normalizedAxes": [0.7134555578231812, 0.7007005214691162, 1.5558677046037333e-16, 0, -2.220446049250313e-16, 1, 0.7007005214691162, -0.7134555578231812, -1.584189574684161e-16]}, "segments": [17106, 46075, 14479, 6208, 14995, 46160, 14061, 11782, 11786, 11823, 12102, 14016, 14075, 14091, 17070, 17091, 28933, 28972, 28986, 29052, 29094, 31797, 31817, 31818, 31833, 32994, 46265, 47577, 47588, 47590, 47593, 47595, 48761, 48767, 49374, 49389, 49679, 49724, 49866, 17112, 17197, 23620, 12419], "label": "basket"}, {"objectId": 10, "id": 10, "partId": 10, "index": 11, "dominantNormal": [0.7212561964988708, -0.6926683783531189, -1.538032764154804e-16], "obb": {"axesLengths": [0.6966165889132104, 0.6547000261835746, 0.42236102027368566], "centroid": [0.19267483720560197, -0.7091243270845276, -1.2136600689532582], "normalizedAxes": [0.6926683783531189, 0.7212561964988708, 1.6015104720132253e-16, 0, -2.220446049250313e-16, 1, 0.7212561964988708, -0.6926683783531189, -1.538032764154804e-16]}, "segments": [28636, 26527, 1269, 27502, 26273, 26109, 23951, 24145, 26838, 27609, 1267, 1306, 23934, 27576, 46907, 3974, 1327], "label": "nightstand"}, {"objectId": 11, "id": 11, "partId": 11, "index": 12, "dominantNormal": [-0.595034122467041, -0.8037004470825195, -1.7845734825050908e-16], "obb": {"axesLengths": [2.2745512899203355, 2.024950935878955, 0.8038263854105827], "centroid": [-0.10323779240709852, 1.6558406672608164, -0.5020945903206329], "normalizedAxes": [0.8037004470825195, -0.595034122467041, -1.3212411664010682e-16, 0, -2.220446049250313e-16, 1, -0.595034122467041, -0.8037004470825195, -1.7845734825050908e-16]}, "segments": [35698, 53023, 52501, 50562, 48369, 27695, 23359, 32429, 32410, 23022, 3195, 3953, 7302, 14718, 16112, 16131, 16151, 19317, 19409, 19454, 20226, 20317, 20987, 23829, 23831, 23854, 25692, 25712, 25756, 25774, 25777, 25789, 26478, 26524, 26886, 26887, 26931, 26943, 26976, 26980, 27008, 27016, 27054, 27221, 27537, 27567, 27691, 27723, 27729, 27822, 28031, 28157, 28161, 28162, 28337, 28458, 28486, 28489, 30032, 30661, 32428, 32504, 33602, 35730, 35978, 37139, 37334, 37527, 39158, 40188, 42708, 42741, 43698, 46519, 47570, 48195, 48198, 48202, 48311, 48352, 48355, 48385, 48397, 48408, 48433, 48449, 48452, 48505, 48526, 48537, 48666, 48669, 48684, 48693, 49123, 49154, 49157, 49160, 49196, 50457, 51161, 55342, 36487, 36429, 27594, 16823, 20918, 50001, 23826, 49104, 30639], "label": "wardrobe"}, {"objectId": 12, "id": 12, "partId": 12, "index": 13, "dominantNormal": [-0.7015615701675415, -0.712608814239502, -1.5823094262390524e-16], "obb": {"axesLengths": [0.5415490441831412, 1.3199999782443044, 0.23754079488628943], "centroid": [-0.5278030662068239, 1.5706368479935031, -0.45000009469844104], "normalizedAxes": [0.712608814239502, -0.7015616297721863, -1.5577797491332618e-16, 0, -2.220446049250313e-16, 1, -0.7015616297721863, -0.712608814239502, -1.5823094262390524e-16]}, "segments": [30800, 52549, 16390, 30221, 25351, 25333, 22894, 25285, 16306, 30160, 30745, 36290, 52816, 28525, 28769, 25292, 51144], "label": "dress"}, {"objectId": 13, "id": 13, "partId": 13, "index": 14, "dominantNormal": [-0.6936575174331665, -0.7203049659729004, -1.5993983159499079e-16], "obb": {"axesLengths": [0.5472893150841898, 1.2581399248956155, 0.214157423260389], "centroid": [0.15081389875211448, 1.0738129999116115, -0.39907005774229587], "normalizedAxes": [0.7203049659729004, -0.6936575174331665, -1.5402290941172547e-16, 0, -2.220446049250313e-16, 1, -0.6936575174331665, -0.7203049659729004, -1.5993983159499079e-16]}, "segments": [51548, 43639, 37522, 51247, 43495, 43535, 26737, 53167, 26688, 26225, 26255, 53358, 18275, 26309, 26671, 26672, 26777, 36899, 38652, 38716, 43558, 43580, 51527, 51551, 53142, 53145, 51214, 43482, 39430], "label": "dress"}, {"objectId": 14, "id": 14, "partId": 14, "index": 15, "dominantNormal": [0.798084557056427, 0.602545440196991, 1.3379196421791994e-16], "obb": {"axesLengths": [0.5635571891584444, 0.7799999837577343, 0.1831205899247247], "centroid": [-0.9490468631889977, 2.003039898749824, -0.12000008151091413], "normalizedAxes": [-0.6025454998016357, 0.798084557056427, 1.7721037016836294e-16, 0, -2.220446049250313e-16, 1, 0.798084557056427, 0.6025454998016357, 1.3379197745280974e-16]}, "segments": [14621, 23224, 32523, 14572, 34045, 32679, 23191, 14627, 28665, 28690, 28731, 28843, 31621, 49822, 49825, 49828, 49839, 28703], "label": "shirt"}, {"objectId": 15, "id": 15, "partId": 15, "index": 16, "dominantNormal": [0.8538278937339783, -0.5205554366111755, -1.1558652626390565e-16], "obb": {"axesLengths": [0.5953204012005514, 1.6904269675069972, 0.20399609657009762], "centroid": [-2.518390148373089, 0.7554296743914504, 0.05521338562779077], "normalizedAxes": [0.5205554366111755, 0.8538278937339783, 1.8958787733813282e-16, 0, -2.220446049250313e-16, 1, 0.8538278937339783, -0.5205554366111755, -1.1558652626390565e-16]}, "segments": [23685, 28343, 44272, 49755, 45283, 9276, 45213, 9514, 9648, 45194, 1213, 9516, 23684, 45019, 49731, 43819, 45069, 800, 728, 46237, 642, 694, 43754, 43766, 45034, 5234, 43776, 572, 8699], "label": "curtain"}, {"objectId": 16, "id": 16, "partId": 16, "index": 17, "dominantNormal": [0.7447121143341064, -0.6673858761787415, -1.481894332086545e-16], "obb": {"axesLengths": [0.8065404334345627, 2.3999999225139623, 0.2757765529260389], "centroid": [-1.9234273618862525, 1.6471981712997374, -0.310000089781058], "normalizedAxes": [0.6673858165740967, 0.7447121143341064, 1.653593072102014e-16, 0, -2.220446049250313e-16, 1, 0.7447121143341064, -0.6673858165740967, -1.481894199737647e-16]}, "segments": [1010, 4589, 12293, 10425, 16629, 11732, 14133, 14222, 16618, 54951, 31007, 11466, 305, 415, 443, 452, 469, 477, 486, 965, 10160, 11577, 29189, 42965, 43740, 54593, 42367, 43092, 328, 42981, 54763, 383], "label": "curtain"}, {"objectId": 17, "id": 17, "partId": 17, "index": 18, "dominantNormal": [0.8237395882606506, -0.5669683218002319, -1.2589225701914052e-16], "obb": {"axesLengths": [0.582331347582952, 1.251837940845535, 0.19182070166423826], "centroid": [-3.212295235136166, 0.31803700641378724, 0.05591889598990507], "normalizedAxes": [0.5669683218002319, 0.8237395882606506, 1.8290693143644413e-16, 0, -2.220446049250313e-16, 1, 0.8237395882606506, -0.5669683218002319, -1.2589225701914052e-16]}, "segments": [3972, 3908, 3516, 3388, 3421, 43975], "label": "curtain"}, {"objectId": 18, "id": 18, "partId": 18, "index": 19, "dominantNormal": [0.7973653078079224, -0.6034969091415405, -1.3400323276381088e-16], "obb": {"axesLengths": [0.7359147254434593, 1.2896499345529833, 0.3220652813517803], "centroid": [-3.100100199525676, 0.35837445987819355, 0.027501905391248638], "normalizedAxes": [0.6034969091415405, 0.7973653674125671, 1.770506779880259e-16, 0, -2.220446049250313e-16, 1, 0.7973653674125671, -0.6034969091415405, -1.3400323276381088e-16]}, "segments": [4248, 44080, 1402, 4266, 7709, 1663, 1417, 1467, 1475, 1508, 1698, 1701, 3064, 3208, 3265, 3561, 4233, 4302, 7707, 7711, 7713, 7715, 8014, 8058, 43824, 43826, 43910, 43912, 43983, 44438, 44440, 44638, 44691, 44693, 44765], "label": "window"}, {"objectId": 19, "id": 19, "partId": 19, "index": 20, "dominantNormal": [0.7682786583900452, -0.6401155591011047, -1.4213420642697033e-16], "obb": {"axesLengths": [1.123445911990403, 2.2241098979686957, 0.47404394091728463], "centroid": [-1.7985047923893387, 2.2216128620860545, -0.4220550611171481], "normalizedAxes": [0.6401155591011047, 0.7682786583900452, 1.7059213117455067e-16, 0, -2.220446049250313e-16, 1, 0.7682786583900452, -0.6401155591011047, -1.4213420642697033e-16]}, "segments": [53419, 2693, 32822, 54025, 32828, 35226, 33202, 53975, 54057, 2946, 2948, 2638, 24999, 18885, 42162, 2665, 2895, 2900, 2911, 2945, 8153, 8167, 8182, 8184, 8208, 8226, 8229, 10211, 10312, 11897, 11911, 11916, 11931, 11949, 11954, 11980, 11996, 14163, 14167, 14256, 17534, 17624, 17641, 17885, 17973, 17994, 18000, 18045, 18053, 18082, 18085, 18101, 18111, 18149, 18162, 18165, 18186, 18895, 18952, 18975, 18992, 18999, 19015, 19037, 20640, 21980, 22501, 22512, 22540, 22557, 22752, 22804, 24893, 24926, 24954, 24983, 25035, 25067, 29718, 29730, 29753, 29800, 32157, 32830, 35003, 35025, 40691, 40696, 40717, 40731, 40755, 40775, 40781, 40814, 40839, 40847, 40858, 40867, 40874, 40952, 40976, 40982, 40992, 44779, 44780, 45639, 45641, 46367, 46373, 46375, 46377, 46379, 46383, 46386, 46390, 46414, 46502, 46514, 46521, 46538, 46542, 46545, 46556, 47016, 47952, 47953, 47965, 49046, 53270, 53386, 53391, 53395, 53399, 53410, 53572, 53789, 53953, 35163, 10285, 53662, 18119, 17880, 10186, 41588, 41990, 6018, 21531, 31314, 10283, 17844, 17966, 18137, 40815, 41537, 53198, 53200, 53388, 18909, 33088, 33285, 35387, 33173, 17947, 17981, 18965, 25033, 33283, 33303, 40819, 40823, 40910, 40930, 47957, 29157, 12061], "label": "window"}, {"objectId": 20, "id": 20, "partId": 20, "index": 21, "dominantNormal": [0.7959861755371094, -0.6053147912025452, -1.3440688366784696e-16], "obb": {"axesLengths": [0.4624284301129147, 1.7000000096857537, 0.23670983931732165], "centroid": [-1.155408491591774, 2.5343145866537884, -9.432591241420596e-08], "normalizedAxes": [0.6053147912025452, 0.7959861755371094, 1.7674443587292407e-16, 0, -2.220446049250313e-16, 1, 0.7959861755371094, -0.6053147912025452, -1.3440688366784696e-16]}, "segments": [34074, 29414, 33675, 24363, 33827, 33815, 24561, 2375, 2379, 19862, 19911, 24150, 24345, 24354, 24480, 29330, 29338, 29343, 29453, 33673, 34060, 34064, 34079, 46597, 47632, 47823, 47842, 48963, 48972, 50143, 50172, 25590], "label": "curtain"}, {"objectId": 21, "id": 21, "partId": 21, "index": 22, "dominantNormal": [-0.5995718836784363, -0.8003209233283997, -1.7770694323369077e-16], "obb": {"axesLengths": [3.3985626211055164, 1.9402100010169294, 0.26022701541575766], "centroid": [0.2519531852830543, 1.7620159622251657, 0.04010491981711484], "normalizedAxes": [0.8003209233283997, -0.5995718836784363, -1.331317020355352e-16, 0, -2.220446049250313e-16, 1, -0.5995718836784363, -0.8003209233283997, -1.7770694323369077e-16]}, "segments": [23740, 12029, 13731, 20863, 20910, 20931, 20950, 20984, 21724, 21729, 21734, 21750, 23787, 23789, 23790, 26495, 27116, 27154, 27333, 27372, 31437, 31474, 43680, 47537, 47598, 49223, 49229, 2235, 13487, 2802, 13188, 13102, 45934, 5695, 4210], "label": "wall"}, {"objectId": 22, "id": 22, "partId": 22, "index": 23, "dominantNormal": [0.8540580868721008, -0.5201776027679443, -1.1550263029745807e-16], "obb": {"axesLengths": [0.4164306246716085, 1.3279300035253905, 0.20860708808648898], "centroid": [-3.144859524373726, -0.0993781672677844, -0.17396509750421818], "normalizedAxes": [0.5201776027679443, 0.8540580868721008, 1.896389904825437e-16, 0, -2.220446049250313e-16, 1, 0.8540580868721008, -0.5201776027679443, -1.1550263029745807e-16]}, "segments": [39295, 40042, 6943, 44045, 44040, 4050, 7027, 15118, 15231, 38075, 38096, 40007, 40019, 40069, 44058, 44061, 45547, 45572, 45576, 51504, 51867, 52346, 52350, 39317, 15415, 6566, 6570, 6771, 3693, 41203, 41247, 22335, 6849, 45549, 45567], "label": "curtain"}, {"objectId": 23, "id": 23, "partId": 23, "index": 24, "dominantNormal": [0.7981415390968323, -0.6024700403213501, -1.3377522208232186e-16], "obb": {"axesLengths": [0.9844860190367941, 0.6938800060626861, 0.35341734156947674], "centroid": [-2.9303327763333176, 0.40035439374590415, -1.0569400600298473], "normalizedAxes": [0.6024700403213501, 0.7981414794921875, 1.7722300948812275e-16, 0, -2.220446049250313e-16, 1, 0.7981414794921875, -0.6024700403213501, -1.3377522208232186e-16]}, "segments": [3897, 45150, 8815, 8914, 7216], "label": "radiator"}, {"objectId": 24, "id": 24, "partId": 24, "index": 25, "dominantNormal": [0.9801181554794312, -0.19841472804546356, -4.4056919900162486e-17], "obb": {"axesLengths": [1.347716688788973, 0.5533960337922862, 0.5493313822160023], "centroid": [-3.2798464793292146, -0.7177895462377675, -1.2643320923090995], "normalizedAxes": [0.19841472804546356, 0.9801181554794312, 2.176299486132807e-16, 0, -2.220446049250313e-16, 1, 0.9801181554794312, -0.19841472804546356, -4.4056919900162486e-17]}, "segments": [16263, 45604, 46140, 18315, 7795, 17410, 5178, 10520, 9741, 45369, 45844, 14741, 15806, 44107], "label": "stand"}, {"objectId": 25, "id": 25, "partId": 25, "index": 26, "dominantNormal": [-0.4909805953502655, -0.8711705207824707, -1.9343871410947748e-16], "obb": {"axesLengths": [1.1222215081172497, 0.7600000032782551, 0.5384634717410793], "centroid": [-2.7177529859329734, -2.079067503801131, -0.23000009335733673], "normalizedAxes": [0.8711705207824707, -0.4909805953502655, -1.0901959232040637e-16, 0, -2.220446049250313e-16, 1, -0.4909805953502655, -0.8711705207824707, -1.9343871410947748e-16]}, "segments": [42106, 17725, 17793, 1274, 11761, 17740, 17743, 17752, 17754, 18789, 24678, 24680, 24683, 24772, 24779, 29883, 41659, 47844, 49059, 46348, 46333, 22259, 7526, 1332, 69, 89, 121, 124, 792, 1254, 4168, 4180, 7379, 7380, 7414, 7434, 7452, 7454, 7463, 7510, 7550, 7576, 7625, 11696, 11701, 11736, 11742, 11759, 11779, 22196, 22211, 22228, 22233, 22239, 22246, 24650, 41024, 41146, 41173, 41180, 41182, 41184, 42632, 43700, 43705, 43709, 43738, 44545, 47353, 48999, 54214, 54219, 54224, 55340, 4163, 43455], "label": "window"}, {"objectId": 26, "id": 26, "partId": 26, "index": 27, "dominantNormal": [0.842591404914856, 0.5385533571243286, 1.1958286741372084e-16], "obb": {"axesLengths": [1.30697305444108, 2.030009939595834, 0.8889056849887279], "centroid": [0.682023004722101, 0.2149024439751684, -0.4850051045804815], "normalizedAxes": [-0.5385533571243286, 0.842591404914856, 1.8709287561754627e-16, 0, -2.220446049250313e-16, 1, 0.842591404914856, 0.5385533571243286, 1.1958286741372084e-16]}, "segments": [52432, 36506, 51166, 42922, 51180, 37377, 52448, 40132, 43678, 3707, 14976], "label": "door"}, {"objectId": 27, "id": 27, "partId": 27, "index": 28, "dominantNormal": [0, -2.220446049250313e-16, 1], "obb": {"axesLengths": [0.6434850699892681, 0.40581195639494155, 0.44907117587326684], "centroid": [-1.0940438288422305, 2.335129480255451, -0.9670940470615605], "normalizedAxes": [0.8893424272537231, 0.45724183320999146, 1.0152808221030961e-16, 0, -2.220446049250313e-16, 1, 0.45724183320999146, -0.8893424272537231, -1.9747368790262135e-16]}, "segments": [49303, 20557, 49345, 21532, 21795, 46874, 19315, 46743, 31717, 4200, 46771, 46727, 4003, 4006, 4102, 4133, 19333, 19358, 19396, 19401, 20231, 20235, 20272, 20283, 20294, 20568, 21233, 21539, 21572, 21573, 21583, 42687, 45898, 46724, 46742, 46745, 46748, 46752, 46757, 46766, 46769, 46796, 46842, 46857, 46927, 46963, 47474, 49315, 49318, 49321, 49368, 20223], "label": "basket"}, {"objectId": 29, "id": 29, "partId": 29, "index": 30, "dominantNormal": [0.9998635053634644, -0.016523562371730804, -3.66896787878508e-18], "obb": {"axesLengths": [0.25638597118166817, 0.47483499776940774, 0.1398588182103574], "centroid": [-1.0011226217068345, 2.4383733125249725, -0.0925826011781552], "normalizedAxes": [0.016523562371730804, 0.9998635053634644, 2.2201429702738737e-16, 0, -2.220446049250313e-16, 1, 0.9998635053634644, -0.016523562371730804, -3.66896787878508e-18]}, "segments": [33829, 33690], "label": "clothes"}, {"objectId": 31, "id": 31, "partId": 31, "index": 31, "dominantNormal": [0.3083653151988983, -0.9512680172920227, -2.1122393107742503e-16], "obb": {"axesLengths": [0.6747198427537481, 0.27999999493360517, 0.17565239113318568], "centroid": [0.658560027091085, 1.147216172253155, 0.4299998883142351], "normalizedAxes": [0.9512680172920227, 0.3083653151988983, 6.847085458592213e-17, 0, -2.220446049250313e-16, 1, 0.3083653151988983, -0.9512680172920227, -2.1122393107742503e-16]}, "segments": [26473, 48294, 26366, 48289, 48327], "label": "item"}, {"objectId": 32, "id": 32, "partId": 32, "index": 32, "dominantNormal": [0, -2.220446049250313e-16, 1], "obb": {"axesLengths": [0.711680329601572, 0.18950298004963284, 0.23831570960456508], "centroid": [-0.7194894245489377, 2.248839775785321, 0.3647514003927692], "normalizedAxes": [0.9377676844596863, 0.34726327657699585, 7.710793705251092e-17, 0, -2.220446049250313e-16, 1, 0.34726327657699585, -0.9377676844596863, -2.0822625500731246e-16]}, "segments": [23856, 34271, 28629, 50045, 50073, 34539, 18582], "label": "item"}, {"objectId": 33, "id": 33, "partId": 33, "index": 33, "dominantNormal": [0.8941546678543091, 0.4477582275867462, 9.942229874643132e-17], "obb": {"axesLengths": [0.3819168606545886, 0.21141099457269164, 0.16316182731380044], "centroid": [-0.14454246101857093, 1.5048050679967273, 0.37570540765429916], "normalizedAxes": [-0.4477582573890686, 0.8941546678543091, 1.9854221996558265e-16, 0, -2.220446049250313e-16, 1, 0.8941546678543091, 0.4477582573890686, 9.942230536387622e-17]}, "segments": [49137, 28403, 23395, 16119], "label": "item"}, {"objectId": 34, "id": 34, "partId": 34, "index": 34, "dominantNormal": [-0.6327950954437256, -0.7743192911148071, -1.7193342108141765e-16], "obb": {"axesLengths": [0.45483042083800723, 0.9079209512191794, 0.15593744147853195], "centroid": [-0.0006323237537179116, 1.158054903444572, -0.28564657869391286], "normalizedAxes": [0.7743192911148071, -0.6327950954437256, -1.4050873696629953e-16, 0, -2.220446049250313e-16, 1, -0.6327950954437256, -0.7743192911148071, -1.7193342108141765e-16]}, "segments": [26654, 53286, 26753, 18279, 53311, 18392], "label": "dress"}, {"objectId": 36, "id": 36, "partId": 36, "index": 35, "dominantNormal": [-0.42155811190605164, -0.9068014025688171, -2.0135035917885727e-16], "obb": {"axesLengths": [0.5026411332416995, 0.5306299806245419, 0.3225091119170262], "centroid": [-1.196170983539875, 2.2297202989320897, -1.284685021684727], "normalizedAxes": [0.9068014025688171, -0.42155808210372925, -9.360469779367647e-17, 0, -2.220446049250313e-16, 1, -0.42155808210372925, -0.9068014025688171, -2.0135035917885727e-16]}, "segments": [28055, 19398, 28022, 48592, 48656, 22021], "label": "box"}, {"objectId": 37, "id": 37, "partId": 37, "index": 36, "dominantNormal": [0.7581615447998047, -0.6520667672157288, -1.4478790771115885e-16], "obb": {"axesLengths": [0.9517553319094609, 1.5518149982732155, 0.31155780274903433], "centroid": [-3.0714580522948265, 0.35176887621641617, -0.07409260003218154], "normalizedAxes": [0.6520667672157288, 0.7581615447998047, 1.6834568068442406e-16, 0, -2.220446049250313e-16, 1, 0.7581615447998047, -0.6520667672157288, -1.4478790771115885e-16]}, "segments": [8045, 22355, 47448, 22428, 47466, 3605, 3091, 38524, 1579, 3485, 3558, 3630, 3215], "label": "windowsill"}, {"objectId": 38, "id": 38, "partId": 38, "index": 37, "dominantNormal": [0.6669779419898987, -0.7450774908065796, -1.654404370846806e-16], "obb": {"axesLengths": [0.21773685207157858, 0.25434895781392686, 0.18935179210007264], "centroid": [-3.0194007191968577, 0.4507495292480518, -0.4571745789698223], "normalizedAxes": [0.7450774908065796, 0.6669779419898987, 1.480988536228575e-16, 0, -2.220446049250313e-16, 1, 0.6669779419898987, -0.7450774908065796, -1.654404370846806e-16]}, "segments": [7913, 7774, 7873, 44635, 7758, 7789, 7837], "label": "plant"}, {"objectId": 39, "id": 39, "partId": 39, "index": 38, "dominantNormal": [0, -2.220446049250313e-16, 1], "obb": {"axesLengths": [0.5622523955247949, 0.34971802645061834, 0.4490254927459136], "centroid": [-3.4449611778938567, -0.6221351146824825, -0.8951411096363258], "normalizedAxes": [0.7382972240447998, -0.6744755506515503, -1.4976365717601643e-16, 0, -2.220446049250313e-16, 1, -0.6744755506515503, -0.7382972240447998, -1.639349154302749e-16]}, "segments": [45472, 14773, 14785, 45480, 44909, 45408, 13147, 13966, 14047, 14013, 13918, 14193, 45452, 14320, 13212, 13282, 13283, 14306, 45307, 45311, 44936, 13232, 13239, 13798, 13621, 13400, 13405, 13482, 14476, 14491, 44956, 45541, 45545, 45485, 45509, 12855, 13755, 13301, 13686, 13578, 13580, 44958, 12967, 13290, 13340], "label": "item"}, {"objectId": 40, "id": 40, "partId": 40, "index": 39, "dominantNormal": [0.08017785847187042, -0.9967805743217468, -2.2132974882221808e-16], "obb": {"axesLengths": [0.9119799548269995, 0.45999996826052714, 0.4050535446791963], "centroid": [-3.8720179129955894, -1.0446043337537332, -0.900000080169809], "normalizedAxes": [0.9967805743217468, 0.08017785847187042, 1.7803060908121542e-17, 0, -2.220446049250313e-16, 1, 0.08017785847187042, -0.9967805743217468, -2.2132974882221808e-16]}, "segments": [9804, 10022, 44263, 44279, 9096, 9951, 9828, 44233, 9994, 9965, 9985, 44261, 45344, 8931, 9075, 9132, 9181, 44161, 10045, 45349, 10043, 10082, 10083, 9775, 9645, 9661, 9954, 17349, 17436, 17664, 17706, 45317, 45321, 45803, 45806, 14339, 5560, 5121, 8894, 8783, 5222, 44123, 8561, 5498, 5584, 8563, 8729, 8773, 9297, 9374, 9487, 44124, 44226], "label": "item"}, {"objectId": 41, "id": 41, "partId": 41, "index": 40, "dominantNormal": [0, -2.220446049250313e-16, 1], "obb": {"axesLengths": [0.9900832983161555, 0.09540301348113261, 0.312059754107048], "centroid": [-2.6960532673352753, -2.0085977211570363, -0.5622985882558982], "normalizedAxes": [0.7531775832176208, -0.6578172445297241, -1.460647701744753e-16, 0, -2.220446049250313e-16, 1, -0.6578172445297241, -0.7531775832176208, -1.6723901890394651e-16]}, "segments": [32, 17823, 32253], "label": "windowsill"}, {"objectId": 42, "id": 42, "partId": 42, "index": 41, "dominantNormal": [-0.41196203231811523, -0.911201000213623, -2.023272660997273e-16], "obb": {"axesLengths": [0.40604622174445265, 1.0399999982118602, 0.2852512722907757], "centroid": [-2.5479321663210612, -2.263452144808226, 0.14999990828179088], "normalizedAxes": [0.911201000213623, -0.41196203231811523, -9.147394671018888e-17, 0, -2.220446049250313e-16, 1, -0.41196203231811523, -0.911201000213623, -2.023272660997273e-16]}, "segments": [43260, 11353, 42083, 40575, 54674, 17698, 11339, 11442, 11676, 11713, 17666, 40550, 40554, 40582, 40600, 40619, 40624, 40661, 42058, 42061, 42071, 42172, 42209, 42211, 43250, 43324, 43379, 43390, 43414, 43457, 53138, 53192, 54209, 54229, 54580, 54589, 54770], "label": "curtain"}, {"objectId": 43, "id": 43, "partId": 43, "index": 42, "dominantNormal": [0, -2.220446049250313e-16, 1], "obb": {"axesLengths": [0.46731667032540397, 0.18442296569594063, 0.367134559131988], "centroid": [-2.3608853263991927, -0.6369264922769764, -0.9938985830434719], "normalizedAxes": [0.8340250253677368, -0.5517266392707825, -1.2250792364349616e-16, 0, -2.220446049250313e-16, 1, -0.5517266392707825, -0.8340250253677368, -1.8519075725536834e-16]}, "segments": [16456, 12382, 12127, 12345, 17055, 17027, 11809], "label": "box"}, {"objectId": 44, "id": 44, "partId": 44, "index": 43, "dominantNormal": [0, -2.220446049250313e-16, 1], "obb": {"axesLengths": [0.6782823867809693, 0.48470800031629196, 0.5631951088922387], "centroid": [-2.1054917043288586, -0.26555406345619287, -1.066886048462627], "normalizedAxes": [0.7776895761489868, -0.6286484599113464, -1.395879989177443e-16, 0, -2.220446049250313e-16, 1, -0.6286484599113464, -0.7776895761489868, -1.7268177469031683e-16]}, "segments": [31804, 49795, 35087, 35054, 15033, 35272, 14089, 32937, 51022, 35362, 51111], "label": "blanket"}, {"objectId": 45, "id": 45, "partId": 45, "index": 44, "dominantNormal": [0, -2.220446049250313e-16, 1], "obb": {"axesLengths": [0.8444931230775843, 0.4293749832501638, 0.7229526664386704], "centroid": [-0.8551686529992475, -1.9138049668906467, -0.8381726007587617], "normalizedAxes": [0.3410964012145996, 0.9400283098220825, 2.0872821467278924e-16, 0, -2.220446049250313e-16, 1, 0.9400283098220825, -0.3410964012145996, -7.573861564904574e-17]}, "segments": [38257, 38276, 37766, 52353, 27874, 39608, 51946, 38352], "label": "pillow"}], "scan_id": "bf9a3dd7-45a5-2e80-8330-58904c51c1a9", "annId": "3493", "appId": "stk.v1"}