{"segGroups": [{"objectId": 1, "id": 1, "partId": 1, "index": 0, "dominantNormal": [0, -2.220446049250313e-16, 1], "obb": {"axesLengths": [5.297928323870675, 0.7000000320374952, 5.567607433927948], "centroid": [-0.9855283737366678, -2.0262787123156514, -1.4999999451126202], "normalizedAxes": [0.9722283482551575, -0.23403418064117432, -5.196602717942296e-17, 0, -2.220446049250313e-16, 1, -0.23403418064117432, -0.9722283482551575, -2.158780594852322e-16]}, "segments": [98, 3117, 4563, 5022, 5601, 6169, 6210, 7076, 7082, 7162, 7164, 7190, 7215, 7363, 7495, 7709, 9754, 9766, 9849, 9860, 9875, 14863, 14885, 15522, 15580, 15606, 17079, 17202, 17503, 18296, 18340, 18370, 18376, 20595, 20656, 20658, 20661, 20666, 20675, 20676, 20686, 20721, 20766, 20821, 38433, 38454, 38472, 38753, 38860, 41406, 41410, 41414, 42755, 43455, 43457, 43460, 43621, 44366, 44378, 44393, 44558, 44577, 44595, 44602, 44607, 44616, 44623, 44687, 46980, 48770, 48812, 48824, 52078, 52097, 53360, 53389, 53397, 53443, 53456, 53647, 53732, 53819, 53871, 53888, 53905, 54091, 55086, 55095, 55103, 55135, 55155, 55180, 67823, 69561, 69563, 69572, 70974, 70988, 71120, 71124, 71152, 71154, 71157, 71163, 71166, 72105, 75900, 75902, 77721, 77724, 77807, 80998, 81025, 81046, 81985, 81997, 82009, 82024, 82035, 84675, 84710, 84773, 85129, 85365, 7757, 7828, 35133, 503, 48944, 56329, 56394, 56435, 56457, 85280, 63738, 53801, 53808, 53777, 53743, 48932, 55586, 685, 856, 834, 59567, 53372, 85507, 56418, 885, 41032, 1039, 1048, 871, 880, 681, 59539, 49845, 49905, 48889, 79220], "label": "floor"}, {"objectId": 2, "id": 2, "partId": 2, "index": 1, "dominantNormal": [0.9808080196380615, 0.19497601687908173, 4.329337263777194e-17], "obb": {"axesLengths": [1.365660085221827, 2.663009941659644, 0.8720121095947732], "centroid": [-3.2098661773812136, -0.39153896696927837, -0.22071496003117863], "normalizedAxes": [-0.19497601687908173, 0.9808080196380615, 2.1778312922783572e-16, 0, -2.220446049250313e-16, 1, 0.9808080196380615, 0.19497601687908173, 4.329337263777194e-17]}, "segments": [1226, 1258, 4881, 5382, 18876, 21325, 21411, 21479, 21522, 21528, 21540, 21583, 21615, 21661, 21678, 21679, 23304, 27075, 28057, 28814, 29608, 29870, 39191, 39204, 39227, 39299, 39371, 40572, 40768, 40790, 40827, 40837, 41297, 46100, 46101, 46102, 48532, 48923, 50931, 61724, 61824, 61862, 61863, 61885, 61904, 61938, 61951, 63393, 67769, 67778, 69023, 69030, 69038, 69133, 69165, 69786, 71293, 71299, 71331, 71352, 71355, 71369, 71461, 71522, 71569, 72434, 72441, 72448, 72456, 72732, 76218, 76264, 76268, 76271, 76273, 76279, 76847, 76850, 78398, 78434, 78453, 86759, 86762, 86799, 86813, 86825, 86833, 86837, 86875, 86917, 86921, 87617, 23694, 24562, 61538, 61693, 28888, 28908, 72790, 69523, 40584, 39687, 76613, 18715, 31577, 18717, 39889, 40407, 40333, 40450, 40367, 40400, 40342, 39833, 76636, 4369, 24565, 4760, 4764, 4451, 28049, 28018, 28032, 24299, 29988, 40259, 31595, 31591, 31600, 40060, 40336, 76698, 40845, 4570, 4284, 21423, 69326, 5247, 28045, 37413, 28040, 72587, 28430, 72767, 72658, 28440, 10731, 24275, 4792, 4169, 9365, 4238, 82069, 19469, 17357, 12463, 12470, 40459, 39355, 21817], "label": "wardrobe"}, {"objectId": 11, "id": 11, "partId": 11, "index": 2, "dominantNormal": [0.9032536745071411, -0.42910701036453247, -9.528089658695393e-17], "obb": {"axesLengths": [0.6795816500647992, 2.5799998660385626, 0.52776629105995], "centroid": [-3.2589281396850067, -1.1781642779316261, -0.23999998281255763], "normalizedAxes": [0.42910704016685486, 0.9032536745071411, 2.0056260530302097e-16, 0, -2.220446049250313e-16, 1, 0.9032536745071411, -0.42910704016685486, -9.528090320439883e-17]}, "segments": [4227, 8632, 8663, 9142, 9421, 9426, 9943, 10306, 10326, 10392, 10412, 10456, 11520, 11816, 11843, 11934, 12145, 12164, 12238, 12356, 12448, 12473, 12537, 12564, 12565, 12566, 12850, 12855, 12929, 13247, 13304, 13335, 13909, 14107, 21664, 21731, 21742, 21777, 26997, 27874, 28425, 31954, 37619, 37939, 43357, 52175, 55427, 56125, 56273, 56840, 61604, 61788, 62050, 62101, 62347, 62363, 62551, 62643, 62694, 67785, 67801, 69541, 69545, 69616, 69672, 69797, 69805, 69816, 69908, 69913, 69937, 69985, 70119, 70149, 70156, 70157, 71334, 71415, 72592, 76416, 76727, 77428, 77950, 77955, 81013, 81021, 86756, 86770, 86790, 87027, 87037, 87145, 87173, 87195, 87073, 62563, 62298, 61665, 12136, 12221], "label": "shelf"}, {"objectId": 8, "id": 8, "partId": 8, "index": 3, "dominantNormal": [0, -2.220446049250313e-16, 1], "obb": {"axesLengths": [2.542984280057131, 0.27999996513128345, 1.9370090175377674], "centroid": [-1.8349512699935908, -0.8930703759448577, 1.1100000108544483], "normalizedAxes": [0.9402996897697449, 0.34034764766693115, 7.557235896336748e-17, 0, -2.220446049250313e-16, 1, 0.34034764766693115, -0.9402996897697449, -2.087884731260525e-16]}, "segments": [5611, 5648, 5669, 5841, 5849, 5881, 5894, 5907, 5951, 5952, 13848, 14125, 14203, 20329, 23387, 23388, 29393, 29408, 29418, 29431, 31866, 31959, 31964, 38254, 39776, 39920, 63717, 66999, 69168, 69189, 69196, 69200, 73173, 64123, 63423, 63493, 63818, 63415, 64008, 64923, 64046, 63661], "label": "ceiling"}, {"objectId": 3, "id": 3, "partId": 3, "index": 4, "dominantNormal": [0.15025858581066132, -0.9886467456817627, -2.195236760553249e-16], "obb": {"axesLengths": [4.079265482548936, 2.959999971985816, 0.6183467276685848], "centroid": [-1.469423342848991, -1.0593791942481998, -0.2899999340112558], "normalizedAxes": [0.9886467456817627, 0.15025858581066132, 3.336410832292221e-17, 0, -2.220446049250313e-16, 1, 0.15025858581066132, -0.9886467456817627, -2.195236760553249e-16]}, "segments": [5766, 5768, 6081, 6117, 10556, 12938, 12964, 13018, 13019, 13664, 13802, 14069, 15836, 15907, 16824, 17794, 17800, 17883, 18820, 19311, 19342, 19442, 20557, 20599, 20626, 20642, 20647, 20757, 25975, 26367, 26392, 26421, 26631, 27708, 27732, 27748, 30628, 30642, 30668, 30679, 30683, 30688, 42926, 43922, 43923, 43935, 43939, 43979, 43990, 44019, 44020, 44021, 44064, 45006, 45073, 45135, 45137, 45146, 45185, 45242, 45262, 45303, 45694, 45703, 45730, 45763, 46322, 46825, 46830, 46876, 47081, 47164, 47307, 47325, 47335, 47336, 47342, 47345, 47373, 47421, 47463, 47930, 48042, 48058, 48614, 49390, 49428, 49429, 49473, 49516, 50055, 50086, 50151, 50461, 51300, 51321, 51359, 51370, 51382, 51415, 52195, 57955, 58334, 58498, 58607, 58614, 58974, 61396, 62057, 62074, 62127, 62197, 62401, 62447, 62517, 62633, 62651, 62768, 62829, 62868, 62878, 63021, 63036, 63100, 63211, 63312, 63334, 63456, 63479, 63894, 69606, 71134, 73017, 73045, 73051, 73073, 73076, 73129, 73149, 73152, 77507, 77526, 77573, 77959, 77982, 78005, 78023, 78027, 78031, 78036, 78185, 78387, 78612, 78635, 78730, 78731, 78738, 78781, 79838, 80393, 80419, 83547, 84000, 86711, 86715, 87019, 87022, 87076, 87140, 87202, 87222, 87409, 87568, 87681, 88417, 88466, 88483, 88485, 88591, 88145, 77992, 88127, 20962, 59375, 84547, 84568, 59226, 59243, 26437, 18935, 18914], "label": "wall"}, {"objectId": 5, "id": 5, "partId": 5, "index": 5, "dominantNormal": [0.0949900820851326, -0.9954782128334045, -2.2104056648006954e-16], "obb": {"axesLengths": [2.7612379427660048, 2.41871589976439, 0.7509050960887304], "centroid": [-1.0686665125900519, 0.5486891950232329, -0.2860419472680582], "normalizedAxes": [0.9954782128334045, 0.094990074634552, 2.1092033594028337e-17, 0, -2.220446049250313e-16, 1, 0.094990074634552, -0.9954782128334045, -2.2104056648006954e-16]}, "segments": [6453, 6467, 6485, 7948, 8079, 14755, 14792, 14818, 14843, 14861, 14884, 14889, 14891, 14900, 14919, 14966, 14989, 15021, 15024, 15028, 15036, 15049, 15068, 15098, 15102, 15154, 15721, 15728, 16121, 16269, 16533, 16609, 16655, 16706, 16748, 16769, 16770, 16772, 17936, 17961, 17966, 17970, 17971, 18020, 18021, 19530, 19574, 19577, 19593, 19640, 19653, 19654, 19675, 19721, 19730, 19752, 20066, 20120, 20208, 20244, 20250, 20266, 20273, 20423, 21202, 22130, 22152, 22198, 22200, 22220, 22230, 22262, 22306, 22369, 22507, 22510, 22794, 22809, 22932, 23165, 23182, 23528, 23533, 23539, 23624, 23629, 23687, 23816, 23842, 23909, 23915, 23917, 24397, 24445, 24487, 24558, 24586, 24598, 24814, 24822, 24961, 24986, 25015, 25652, 25676, 25682, 25693, 25704, 25743, 25748, 25783, 25872, 25915, 25931, 26063, 26114, 26125, 26513, 26538, 26544, 26730, 26751, 26758, 26812, 26817, 26822, 26854, 26959, 27276, 27280, 27325, 27470, 28157, 28183, 28196, 28559, 28580, 28596, 28598, 28629, 28636, 28669, 28721, 28723, 28730, 28758, 29040, 29107, 29151, 29154, 29196, 29205, 29247, 29820, 30947, 30986, 30988, 30999, 31037, 31041, 31053, 31066, 31096, 31101, 31111, 31155, 31225, 31632, 31650, 31690, 32006, 32013, 32113, 32130, 32417, 32479, 32592, 32618, 32743, 32758, 32959, 33115, 33156, 33173, 33239, 33260, 33738, 33761, 33767, 33769, 33802, 33803, 34195, 34263, 34313, 34636, 34681, 34739, 34943, 35028, 35045, 35050, 35069, 35076, 35100, 35419, 35640, 35772, 35868, 35873, 35928, 36025, 36245, 36263, 36304, 36317, 36381, 36470, 36775, 36778, 37113, 37192, 37199, 37214, 37346, 37366, 37372, 37397, 37435, 37453, 37512, 37562, 37572, 37574, 37715, 50288, 50301, 50574, 50628, 50668, 50725, 50742, 51076, 53242, 53266, 53271, 53291, 55067, 55296, 55446, 55495, 55512, 55530, 55654, 55656, 55674, 55711, 55775, 55830, 55859, 55992, 56020, 56022, 56029, 56052, 56063, 56077, 56146, 56167, 56187, 56195, 56345, 56758, 57099, 57141, 57156, 57212, 57236, 57256, 57275, 57277, 57300, 57596, 57629, 58445, 59995, 60041, 60138, 69203, 70308, 70325, 70364, 70566, 70631, 70691, 71061, 71064, 71070, 71072, 71084, 71282, 71582, 71625, 71732, 71814, 71851, 71853, 71885, 71888, 71905, 71907, 71913, 71923, 71978, 72030, 72044, 72046, 72099, 72139, 72242, 72246, 72249, 72252, 72267, 72286, 72379, 72422, 72488, 72567, 72569, 72674, 72682, 72700, 72795, 73110, 73112, 73167, 73170, 73185, 73224, 73266, 73269, 73307, 73410, 73424, 73440, 73579, 73637, 73666, 73737, 73758, 73772, 73830, 73872, 73904, 74301, 74308, 74421, 74487, 74489, 74521, 74909, 74933, 74944, 75163, 75182, 75295, 75298, 75306, 75308, 75365, 75428, 75432, 75462, 75603, 75634, 75682, 75685, 75697, 75704, 75708, 75714, 75732, 75823, 75847, 78814, 78847, 78855, 78881, 78893, 79640, 79876, 79980, 79988, 80010, 80058, 80100, 80173, 80974, 80989, 80993, 81977, 82145, 82149, 82220, 82253, 82284, 82286, 82308, 82453, 82464, 82488, 82589, 82603, 82615, 82618, 82627, 82795, 83058, 83258, 83261, 83264, 83267, 83294, 83323, 83329, 83362, 83363, 83427, 83449, 83457, 83483, 83487, 83489, 85553, 85794, 82164, 52572, 52433, 81897, 82125, 56666, 55837, 20366, 82225, 21976, 54899, 82800, 80814, 81907, 52580, 52374, 55037, 54942, 53216, 56690, 19499, 19989, 20173, 21951, 82811, 82710, 21932, 85681, 37100, 85526, 22434, 20008, 56480, 52465, 19507, 71705, 22490, 82606, 55974, 32844, 60797, 59843, 39688, 86348, 33563, 22482, 59835, 37183, 22953, 30801, 86376, 60869, 60821, 60874, 30749, 36428, 36430, 14737, 36670, 32599, 34325, 33399, 22357, 82755], "label": "wardrobe"}, {"objectId": 6, "id": 6, "partId": 6, "index": 6, "dominantNormal": [0.027864808216691017, -0.9996116757392883, -2.2195837961797878e-16], "obb": {"axesLengths": [0.7276182303225479, 1.2993280001134866, 0.533110913414064], "centroid": [-0.393580207963794, 0.6826836081670542, 0.0038840089381300125], "normalizedAxes": [0.9996116757392883, 0.027864810079336166, 6.187230745377229e-18, 0, -2.220446049250313e-16, 1, 0.027864810079336166, -0.9996116757392883, -2.2195837961797878e-16]}, "segments": [7193, 7217, 7261, 22930, 22974, 23268, 23289, 23425, 29759, 29767, 29805, 30196, 30216, 30322, 30329, 30352, 31432, 31433, 31478, 31500, 31518, 33578, 33627, 33667, 33804, 34697, 37166, 50768, 50806, 59942, 60021, 60882, 60989, 61029, 61075, 61077, 72108, 72983, 72999, 73007, 73008, 73012, 73246, 73948, 73977, 73979, 73982, 74013, 74297, 75721, 80195, 86298, 86396, 86398, 86399, 86416, 86424], "label": "clothes"}, {"objectId": 17, "id": 17, "partId": 17, "index": 7, "dominantNormal": [-0.4865778088569641, -0.8736372590065002, -1.939864400238856e-16], "obb": {"axesLengths": [0.37873227652750596, 0.21999990448355877, 0.07889311526329852], "centroid": [-2.0327146797296387, 0.41112046343548814, -1.3199999419833761], "normalizedAxes": [0.8736372590065002, -0.4865778386592865, -1.080419839503769e-16, 0, -2.220446049250313e-16, 1, -0.4865778386592865, -0.8736372590065002, -1.939864400238856e-16]}, "segments": [7798, 7820, 7824, 69327, 73911, 74540], "label": "clothes"}, {"objectId": 16, "id": 16, "partId": 16, "index": 8, "dominantNormal": [0, -2.220446049250313e-16, 1], "obb": {"axesLengths": [0.5386801542720854, 0.20604198710526545, 0.348902409310005], "centroid": [-2.0689075891788336, 0.3334297282798644, -0.8269789714530371], "normalizedAxes": [-0.37794455885887146, 0.925828218460083, 2.055751609964147e-16, 0, -2.220446049250313e-16, 1, 0.925828218460083, 0.37794455885887146, 8.392055025538335e-17]}, "segments": [8023, 8047, 32613, 32624, 32651, 32667, 32755, 73350, 73388], "label": "shoes"}, {"objectId": 15, "id": 15, "partId": 15, "index": 9, "dominantNormal": [0, -2.220446049250313e-16, 1], "obb": {"axesLengths": [0.4440725550404479, 0.14000001236796344, 0.2919476599540753], "centroid": [-2.0848707081836313, 0.34052665229836565, -0.47999997208372136], "normalizedAxes": [-0.35079964995384216, 0.9364505410194397, 2.0793379041249331e-16, 0, -2.220446049250313e-16, 1, 0.9364505410194397, 0.35079964995384216, 7.789316968184016e-17]}, "segments": [14898, 14938, 36577, 36594, 36674, 75320, 75426, 75422], "label": "shoes"}, {"objectId": 18, "id": 18, "partId": 18, "index": 10, "dominantNormal": [-0.1343274861574173, -0.9909369945526123, -2.200322134610327e-16], "obb": {"axesLengths": [0.30843231526217446, 0.22222538540753595, 0.17985153482464003], "centroid": [-1.6770460122189745, -1.0413303727903633, -0.17408227258096387], "normalizedAxes": [0.9909369945526123, -0.1343274861574173, -2.9826693594396336e-17, 0, -2.220446049250313e-16, 1, -0.1343274861574173, -0.9909369945526123, -2.200322134610327e-16]}, "segments": [16865, 16949, 16966, 58539, 70715, 16913], "label": "handbag"}, {"objectId": 25, "id": 25, "partId": 25, "index": 11, "dominantNormal": [0, -2.220446049250313e-16, 1], "obb": {"axesLengths": [0.3339525456648242, 0.23999994456768148, 0.24961811394823247], "centroid": [0.2805857652928494, -0.7192078763918917, -0.9099999547238691], "normalizedAxes": [0.9987902045249939, 0.049174245446920395, 1.0918875902747959e-17, 0, -2.220446049250313e-16, 1, 0.049174245446920395, -0.9987902045249939, -2.2177597636674349e-16]}, "segments": [18988, 48325, 49185, 49587, 49614, 79801], "label": "shoes"}, {"objectId": 12, "id": 12, "partId": 12, "index": 12, "dominantNormal": [-0.13127285242080688, -0.9913462996482849, -2.2012309744929513e-16], "obb": {"axesLengths": [0.7021890142844907, 1.2145089235639062, 0.5688842982505845], "centroid": [-1.28329323229479, 0.5675658311153691, 0.017254522555291363], "normalizedAxes": [0.9913462996482849, -0.13127285242080688, -2.9148428653160004e-17, 0, -2.220446049250313e-16, 1, -0.13127285242080688, -0.9913462996482849, -2.2012309744929513e-16]}, "segments": [19771, 19775, 19791, 19802, 19803, 19863, 19878, 19903, 19939, 19952, 19961, 19970, 19975, 19983, 21993, 22008, 22526, 22536, 22548, 22555, 22585, 22609, 22678, 25217, 25221, 25227, 25258, 25276, 25279, 25306, 25381, 25382, 25387, 25423, 25513, 25516, 25557, 25581, 25592, 25596, 25600, 25619, 32296, 33902, 33904, 33952, 33965, 33966, 33976, 34022, 34073, 34099, 34147, 34247, 34801, 34825, 34836, 34842, 34859, 34919, 35806, 35815, 36179, 36203, 36911, 59702, 60182, 60192, 60220, 60222, 60268, 60279, 60311, 60359, 60487, 60505, 71110, 71113, 71740, 71791, 71810, 72175, 72193, 74063, 74066, 74084, 74107, 74137, 74357, 74412, 74785, 74787, 74963, 74969, 75001, 75028, 75062, 75082, 75110, 75488, 75491, 75494, 75496, 85690, 85918, 85923, 85953, 85979, 86022, 86030, 86045, 86059, 86060, 86068, 86071, 86117, 86134, 86138, 22557, 71795, 25455, 25467, 71738, 72187, 34241, 34134], "label": "clothes"}, {"objectId": 4, "id": 4, "partId": 4, "index": 13, "dominantNormal": [0.14473550021648407, -0.989470362663269, -2.1970655576259302e-16], "obb": {"axesLengths": [2.370360027376006, 1.467962932557695, 0.5245264628875829], "centroid": [-0.6401752638476408, -0.9588024589743538, -0.8520184425792481], "normalizedAxes": [0.989470362663269, 0.14473550021648407, 3.213773696419599e-17, 0, -2.220446049250313e-16, 1, 0.14473550021648407, -0.989470362663269, -2.1970655576259302e-16]}, "segments": [27883, 41990, 42034, 42135, 42137, 42265, 42831, 42873, 42877, 42966, 42986, 42994, 43069, 43073, 43120, 43134, 43143, 43164, 43179, 43193, 43226, 43296, 43309, 43313, 43389, 43554, 43559, 43561, 43577, 43582, 43643, 44047, 44048, 44138, 44205, 44448, 44466, 44469, 44476, 44485, 44796, 44894, 44900, 44927, 44956, 45180, 45457, 45479, 45854, 45871, 45901, 45903, 45964, 45968, 45986, 46035, 46426, 46515, 46518, 47089, 47125, 47131, 47135, 47203, 47561, 48164, 48321, 48369, 48427, 48448, 48619, 48703, 48948, 49252, 49296, 49317, 49358, 49580, 49606, 49623, 50479, 51423, 51684, 51767, 51780, 51791, 51801, 57975, 58377, 58553, 58765, 58781, 59071, 59141, 59154, 59184, 70748, 72528, 77107, 77111, 77223, 77254, 77266, 77284, 77287, 77383, 77390, 77394, 77398, 77401, 77404, 77406, 77411, 77413, 77445, 77472, 77496, 77586, 77611, 77631, 77881, 77920, 78055, 78119, 78396, 78482, 78542, 79095, 79099, 79114, 79142, 79194, 79539, 79548, 79553, 79595, 79690, 80477, 80646, 84188, 84339, 84356, 84381, 84396, 84460, 79529, 42046, 46415, 78596], "label": "shelf"}, {"objectId": 14, "id": 14, "partId": 14, "index": 14, "dominantNormal": [-0.2606494426727295, -0.9654335379600525, -2.1436930851771507e-16], "obb": {"axesLengths": [0.7028309518417574, 0.7497330140382119, 0.6558110711004816], "centroid": [-2.6281733607619575, -2.4512336872551854, -0.8618234883820262], "normalizedAxes": [0.9654335379600525, -0.2606494426727295, -5.787580252219582e-17, 0, -2.220446049250313e-16, 1, -0.2606494426727295, -0.9654335379600525, -2.1436930851771507e-16]}, "segments": [36561, 75916, 38059, 6896, 38114, 75849, 37893, 6871, 6816, 38857, 38827], "label": "chair"}, {"objectId": 10, "id": 10, "partId": 10, "index": 15, "dominantNormal": [0, -2.220446049250313e-16, 1], "obb": {"axesLengths": [0.20376761782320663, 0.08125603017383742, 0.11659622035819904], "centroid": [-1.610993873987711, -0.1026035416632517, 0.8893719926382859], "normalizedAxes": [0.6207983493804932, 0.783970296382904, 1.7407637473330163e-16, 0, -2.220446049250313e-16, 1, 0.783970296382904, -0.6207983493804932, -1.3784492422630316e-16]}, "segments": [37348, 37442, 37469], "label": "light"}, {"objectId": 23, "id": 23, "partId": 23, "index": 16, "dominantNormal": [0.1659507155418396, -0.9861340522766113, -2.1896574604088033e-16], "obb": {"axesLengths": [0.4068546652656466, 0.3785369907646552, 0.213358043689405], "centroid": [-1.0340439804606725, -0.9228004272896736, -1.0916514833136346], "normalizedAxes": [0.9861340522766113, 0.1659507155418396, 3.6848461069514027e-17, 0, -2.220446049250313e-16, 1, 0.1659507155418396, -0.9861340522766113, -2.1896574604088033e-16]}, "segments": [41827, 41847, 41858, 41874, 41883, 41909, 41953, 41963, 41986, 42003, 42004, 42019, 42098, 42099, 42114, 43090, 43188, 44725, 44762, 44816, 44825, 44867, 44909, 44954, 44971, 45545, 77049, 77087, 77262, 77274, 77312, 77810, 77817, 77818, 77820, 77824, 77843, 77848, 77851, 78229, 78246], "label": "boots"}, {"objectId": 26, "id": 26, "partId": 26, "index": 17, "dominantNormal": [0.6921855807304382, -0.7217195630073547, -1.6025393523463432e-16], "obb": {"axesLengths": [0.3347459071669771, 0.2846380110538446, 0.23291361661578847], "centroid": [-0.6099678355047078, -0.8685481309409483, -0.40768097274078086], "normalizedAxes": [0.7217195630073547, 0.6921855807304382, 1.5369607380809352e-16, 0, -2.220446049250313e-16, 1, 0.6921855807304382, -0.7217195630073547, -1.6025393523463432e-16]}, "segments": [46044, 51601, 51652, 57888, 59161, 80649, 84510], "label": "boots"}, {"objectId": 20, "id": 20, "partId": 20, "index": 18, "dominantNormal": [0.9812187552452087, 0.19289830327033997, 4.283202754037151e-17], "obb": {"axesLengths": [0.19101343516900876, 0.3600000062584871, 0.19025116008428908], "centroid": [-0.11508419675438497, -0.8044024518172102, -0.3699999751384597], "normalizedAxes": [-0.19289830327033997, 0.9812187552452087, 2.1787433085345337e-16, 0, -2.220446049250313e-16, 1, 0.9812187552452087, 0.19289830327033997, 4.283202754037151e-17]}, "segments": [46801, 46837, 47040, 47112], "label": "item"}, {"objectId": 22, "id": 22, "partId": 22, "index": 19, "dominantNormal": [0, -2.220446049250313e-16, 1], "obb": {"axesLengths": [0.7389459405194967, 0.19999998360872295, 0.31719496736317565], "centroid": [-0.11524261532760427, -0.7742509348972704, -0.9299999352033483], "normalizedAxes": [0.8905971646308899, 0.4547930359840393, 1.0098433999773156e-16, 0, -2.220446049250313e-16, 1, 0.4547930359840393, -0.8905971646308899, -1.9775229556781901e-16]}, "segments": [47943, 48551, 49307, 49311, 79150, 47440, 50021], "label": "shoes"}, {"objectId": 21, "id": 21, "partId": 21, "index": 20, "dominantNormal": [0.11367716640233994, -0.9935177564620972, -2.2060525771962984e-16], "obb": {"axesLengths": [0.28982261003592835, 0.2650630116821151, 0.25586824728160446], "centroid": [0.20560274179136817, -0.7155445944400898, -0.41746847242664575], "normalizedAxes": [0.9935177564620972, 0.11367716640233994, 2.5241401502804614e-17, 0, -2.220446049250313e-16, 1, 0.11367716640233994, -0.9935177564620972, -2.2060525771962984e-16]}, "segments": [50337, 50372, 50384, 50432, 50497, 52212, 80735], "label": "shoes"}, {"objectId": 19, "id": 19, "partId": 19, "index": 21, "dominantNormal": [-0.3466418981552124, -0.9379975199699402, -2.0827728874238453e-16], "obb": {"axesLengths": [0.2577075616013957, 0.2623169996816589, 0.20217861195553055], "centroid": [-1.2190738280223608, -0.9537684055871054, -0.14848947851115524], "normalizedAxes": [0.9379975199699402, -0.3466419279575348, -7.696996994378198e-17, 0, -2.220446049250313e-16, 1, -0.3466419279575348, -0.9379975199699402, -2.0827728874238453e-16]}, "segments": [58313, 58339, 58383, 58394, 58398, 58403, 58413], "label": "boots"}, {"objectId": 28, "id": 28, "partId": 28, "index": 22, "dominantNormal": [0, -2.220446049250313e-16, 1], "obb": {"axesLengths": [0.2967801234144047, 0.2403979247719512, 0.2557424454239381], "centroid": [-0.37639147906731507, -0.8048817143436121, -0.9298009451012135], "normalizedAxes": [0.9781324863433838, 0.20798273384571075, 4.618144396799878e-17, 0, -2.220446049250313e-16, 1, 0.20798273384571075, -0.9781324863433838, -2.1718904149445523e-16]}, "segments": [48450, 49274, 48383, 49233], "label": "item"}, {"objectId": 101, "id": 101, "partId": 101, "index": 23, "dominantNormal": [-0.16648972034454346, -0.9860432147979736, -2.1894557606882384e-16], "obb": {"axesLengths": [0.34519252843505116, 0.30354701794206296, 0.21421818877005255], "centroid": [-0.8477642524843605, -0.8876873979183937, -1.0782264612500447], "normalizedAxes": [0.9860432147979736, -0.16648972034454346, -3.69681441779831e-17, 0, -2.220446049250313e-16, 1, -0.16648972034454346, -0.9860432147979736, -2.1894557606882384e-16]}, "segments": [44484, 79006, 41855, 43013, 41831, 77373, 41829], "label": "handbag"}, {"objectId": 30, "id": 30, "partId": 30, "index": 24, "dominantNormal": [0.2986360192298889, -0.9543671011924744, -2.1191206593773035e-16], "obb": {"axesLengths": [0.3446691993622313, 0.2897739941677302, 0.2474666267920891], "centroid": [-1.4376506188495428, -0.9940990938067805, -0.7851129679218047], "normalizedAxes": [0.9543671011924744, 0.2986360192298889, 6.631051690628474e-17, 0, -2.220446049250313e-16, 1, 0.2986360192298889, -0.9543671011924744, -2.1191206593773035e-16]}, "segments": [83840, 45411, 45525, 78478, 45334, 45302], "label": "shoes"}, {"objectId": 31, "id": 31, "partId": 31, "index": 25, "dominantNormal": [0.8732243180274963, 0.4873184561729431, 1.0820643407359734e-16], "obb": {"axesLengths": [0.16552555918351922, 0.3297129795764464, 0.164702708880328], "centroid": [-1.6415463920213786, -1.0507852889653133, -0.7051434741743652], "normalizedAxes": [-0.4873184561729431, 0.8732243180274963, 1.9389474870734532e-16, 0, -2.220446049250313e-16, 1, 0.8732243180274963, 0.4873184561729431, 1.0820643407359734e-16]}, "segments": [83583, 45324, 83559, 58220], "label": "item"}, {"objectId": 33, "id": 33, "partId": 33, "index": 26, "dominantNormal": [0.9986959099769592, -0.05105423182249069, -1.1336316734775907e-17], "obb": {"axesLengths": [0.1993450482851915, 0.33782399435734745, 0.12421312106400245], "centroid": [-0.9525565656564183, -0.9246514502382734, -0.013873980131138719], "normalizedAxes": [0.05105423182249069, 0.9986959099769592, 2.2175503877107855e-16, 0, -2.220446049250313e-16, 1, 0.9986959099769592, -0.05105423182249069, -1.1336316734775907e-17]}, "segments": [84210, 61492, 86725, 61487], "label": "item"}, {"objectId": 34, "id": 34, "partId": 34, "index": 27, "dominantNormal": [0, -2.220446049250313e-16, 1], "obb": {"axesLengths": [0.24212060717063458, 0.13989996597394389, 0.17986203388402536], "centroid": [-3.0558033644482143, -0.8398379814015182, -1.279949972728569], "normalizedAxes": [0.9999775886535645, 0.0066964649595320225, 1.4869139163336037e-18, 0, -2.220446049250313e-16, 1, 0.0066964649595320225, -0.9999775886535645, -2.220396286064662e-16]}, "segments": [76833, 40803, 40763], "label": "boots"}, {"objectId": 35, "id": 35, "partId": 35, "index": 28, "dominantNormal": [0.4935949444770813, -0.8696919083595276, -1.9311039619818784e-16], "obb": {"axesLengths": [0.5681203527466082, 1.0314679809331595, 0.17912433896942312], "centroid": [-3.2483637718911713, -0.6972959003252313, -0.054265968280602817], "normalizedAxes": [0.8696919083595276, 0.4935949146747589, 1.0960008782196138e-16, 0, -2.220446049250313e-16, 1, 0.4935949146747589, -0.8696919083595276, -1.9311039619818784e-16]}, "segments": [48143, 27048, 72471, 24186, 71842, 28858, 5103, 24304, 23997, 24258], "label": "clothes"}, {"objectId": 36, "id": 36, "partId": 36, "index": 29, "dominantNormal": [0, -2.220446049250313e-16, 1], "obb": {"axesLengths": [0.2899960884886696, 0.2023519828389886, 0.2267657879740857], "centroid": [-3.1949534918698506, -0.4968762114290906, -0.48882394780716787], "normalizedAxes": [0.9999940395355225, -0.003461145330220461, -7.685286474369193e-19, 0, -2.220446049250313e-16, 1, -0.003461145330220461, -0.9999940395355225, -2.2204328143605122e-16]}, "segments": [5259, 69119, 4449, 69027, 68949, 5127, 69015, 4420, 69048, 5226, 69033, 4334, 68877, 4452, 4358, 4518, 5256, 4346], "label": "shoes"}, {"objectId": 37, "id": 37, "partId": 37, "index": 30, "dominantNormal": [0.8344272375106812, 0.5511181354522705, 1.223728086535193e-16], "obb": {"axesLengths": [0.1414619599722494, 0.33490996804289574, 0.11755573121617466], "centroid": [-1.3135979302665244, -0.916800377712133, -1.0825449666791076], "normalizedAxes": [-0.5511181354522705, 0.8344272375106812, 1.8528006629174446e-16, 0, -2.220446049250313e-16, 1, 0.8344272375106812, 0.5511181354522705, 1.223728086535193e-16]}, "segments": [42849, 42865], "label": "item"}, {"objectId": 38, "id": 38, "partId": 38, "index": 31, "dominantNormal": [0, -2.220446049250313e-16, 1], "obb": {"axesLengths": [0.3202361846883681, 0.21462799874034516, 0.2653814953757586], "centroid": [-3.3011537263830624, -1.2244432047019782, -0.17731397674380656], "normalizedAxes": [0.5205864310264587, 0.8538089394569397, 1.8958366864317615e-16, 0, -2.220446049250313e-16, 1, 0.8538089394569397, -0.5205864310264587, -1.155934084066021e-16]}, "segments": [9457, 67792, 9982, 62134], "label": "boots"}, {"objectId": 39, "id": 39, "partId": 39, "index": 32, "dominantNormal": [-0.15428295731544495, -0.9880266785621643, -2.1938599349672667e-16], "obb": {"axesLengths": [0.24546749697203632, 0.16211402053876167, 0.13693365406335803], "centroid": [-3.2951557448265882, -1.2700483800180087, -0.5289429690414034], "normalizedAxes": [0.9880266785621643, -0.15428297221660614, -3.425770161249589e-17, 0, -2.220446049250313e-16, 1, -0.15428297221660614, -0.9880266785621643, -2.1938599349672667e-16]}, "segments": [78987, 69622, 9259, 69637, 48021], "label": "shoes"}, {"objectId": 40, "id": 40, "partId": 40, "index": 33, "dominantNormal": [0, -2.220446049250313e-16, 1], "obb": {"axesLengths": [0.40271169709692006, 0.2341099925165624, 0.2746530908670327], "centroid": [-3.296203080521948, -1.220164719479948, -0.7929449882679092], "normalizedAxes": [0.32345643639564514, 0.9462430477142334, 2.101081636927645e-16, 0, -2.220446049250313e-16, 1, 0.9462430477142334, -0.32345643639564514, -7.182175662992954e-17]}, "segments": [69808, 11483, 69831], "label": "boots"}, {"objectId": 41, "id": 41, "partId": 41, "index": 34, "dominantNormal": [0.9527925252914429, 0.3036220371723175, 6.741763529046041e-17], "obb": {"axesLengths": [0.4240941608289147, 0.26130997550539714, 0.16297526283154465], "centroid": [-3.267887033670622, -1.1872954372148925, -1.1793449043862945], "normalizedAxes": [-0.3036220371723175, 0.9527925848960876, 2.1156245308875113e-16, 0, -2.220446049250313e-16, 1, 0.9527925848960876, 0.3036220371723175, 6.741763529046041e-17]}, "segments": [12315, 12250], "label": "boots"}, {"objectId": 42, "id": 42, "partId": 42, "index": 35, "dominantNormal": [0.05405113473534584, -0.9985381960868835, -2.217200192526655e-16], "obb": {"axesLengths": [0.8927037345821737, 1.672013006984896, 0.38564098955666914], "centroid": [-2.6798458340619353, 0.7015071291770856, -0.25399348416298606], "normalizedAxes": [0.9985381960868835, 0.05405113473534584, 1.2001762858059504e-17, 0, -2.220446049250313e-16, 1, 0.05405113473534584, -0.9985381960868835, -2.217200192526655e-16]}, "segments": [14631, 57809, 57835, 57827, 83526, 57709, 57769, 83543, 83415, 57673, 57603, 83482, 57770, 16171, 70551, 16109, 15149, 56733, 56719, 79037, 15285, 81141, 81069, 31338, 46699, 48291, 79083, 46585, 48254, 46689, 78639, 46605, 46721, 70419, 57591, 45752], "label": "mirror"}, {"objectId": 43, "id": 43, "partId": 43, "index": 36, "dominantNormal": [0.09996651858091354, -0.9949908256530762, -2.20932344786168e-16], "obb": {"axesLengths": [0.9067880100876846, 1.6271599167475115, 0.10126314522497014], "centroid": [-2.682443316432195, 0.6078205561195895, -0.6835799446880859], "normalizedAxes": [0.9949908256530762, 0.09996651858091354, 2.219702612402975e-17, 0, -2.220446049250313e-16, 1, 0.09996651858091354, -0.9949908256530762, -2.20932344786168e-16]}, "segments": [14646], "label": "wall"}, {"objectId": 44, "id": 44, "partId": 44, "index": 37, "dominantNormal": [0.114339180290699, -0.9934417605400085, -2.2058838323513375e-16], "obb": {"axesLengths": [0.9021227541840287, 0.7241799669523541, 0.1489411913312307], "centroid": [-2.6845530648586537, 0.5926458517846351, 0.752089981813651], "normalizedAxes": [0.9934417605400085, 0.1143391877412796, 2.5388399769461412e-17, 0, -2.220446049250313e-16, 1, 0.1143391877412796, -0.9934417605400085, -2.2058838323513375e-16]}, "segments": [53922, 79019, 6890, 80961], "label": "wall"}, {"objectId": 45, "id": 45, "partId": 45, "index": 38, "dominantNormal": [0, -2.220446049250313e-16, 1], "obb": {"axesLengths": [0.2406711872221789, 0.10000000111758701, 0.16906432302219554], "centroid": [-2.1008553487296178, 0.5408171406397626, -0.03999997964606061], "normalizedAxes": [-0.1319054663181305, 0.9912623167037964, 2.2010444948956573e-16, 0, -2.220446049250313e-16, 1, 0.9912623167037964, 0.1319054663181305, 2.928889715606131e-17]}, "segments": [70639, 16556, 16552, 16520, 70667], "label": "shoes"}, {"objectId": 46, "id": 46, "partId": 46, "index": 39, "dominantNormal": [0, -2.220446049250313e-16, 1], "obb": {"axesLengths": [0.38703879513759587, 0.10359030939995546, 0.24792858965618053], "centroid": [-1.8668833884680662, 0.5012607942467384, -0.04962382349106642], "normalizedAxes": [0.40502724051475525, 0.9143046140670776, 2.0301640681165748e-16, 0, -2.220446049250313e-16, 1, 0.9143046140670776, -0.40502724051475525, -8.993411360397446e-17]}, "segments": [22172, 22147, 22134, 16497, 22165, 71616], "label": "shoes"}, {"objectId": 48, "id": 48, "partId": 48, "index": 40, "dominantNormal": [0, -2.220446049250313e-16, 1], "obb": {"axesLengths": [0.34293922582684594, 0.08000001132488221, 0.20772169378298955], "centroid": [-1.8264677733749517, 0.38055508317275, -0.5099999726052618], "normalizedAxes": [0.04680350795388222, 0.9989041090011597, 2.218012682411529e-16, 0, -2.220446049250313e-16, 1, 0.9989041090011597, -0.04680350795388222, -1.0392466432725337e-17]}, "segments": [32495], "label": "shoes"}, {"objectId": 49, "id": 49, "partId": 49, "index": 41, "dominantNormal": [0, -2.220446049250313e-16, 1], "obb": {"axesLengths": [0.3381192044310532, 0.07708400315603603, 0.24475418194210719], "centroid": [-1.8540502207906624, 0.3347242927911911, -0.8044409656511058], "normalizedAxes": [-0.13029411435127258, 0.9914754033088684, 2.2015176422060376e-16, 0, -2.220446049250313e-16, 1, 0.9914754033088684, 0.13029411435127258, 2.893110514518517e-17]}, "segments": [35682, 7960], "label": "shoes"}, {"objectId": 50, "id": 50, "partId": 50, "index": 42, "dominantNormal": [0, -2.220446049250313e-16, 1], "obb": {"axesLengths": [0.4939370098166914, 0.27444004399090893, 0.33785097020661653], "centroid": [-1.9681319142630915, 0.3179563822576241, -1.2872199510893265], "normalizedAxes": [0.9403443336486816, 0.34022432565689087, 7.554497597636953e-17, 0, -2.220446049250313e-16, 1, 0.34022432565689087, -0.9403443336486816, -2.0879838605851334e-16]}, "segments": [33442, 33482, 35544, 35618, 31166, 74529, 74542, 77193, 35613, 33273], "label": "clothes"}, {"objectId": 51, "id": 51, "partId": 51, "index": 43, "dominantNormal": [0, -2.220446049250313e-16, 1], "obb": {"axesLengths": [0.2010966205050846, 0.15691402203781846, 0.22027794494044456], "centroid": [-1.9424919539331909, 0.36504992234364386, 0.5016130161435939], "normalizedAxes": [0.7979007959365845, 0.6027887463569641, 1.33845989038087e-16, 0, -2.220446049250313e-16, 1, 0.6027887463569641, -0.7979007959365845, -1.7716956700310693e-16]}, "segments": [53230, 82398, 55834], "label": "item"}, {"objectId": 52, "id": 52, "partId": 52, "index": 44, "dominantNormal": [0, -2.220446049250313e-16, 1], "obb": {"axesLengths": [0.17506570940662952, 0.09159599039861577, 0.17212737201185196], "centroid": [-1.9217784666992643, 0.3197649968470717, 0.19579801916677875], "normalizedAxes": [0.8777759075164795, 0.4790714979171753, 1.0637524148586215e-16, 0, -2.220446049250313e-16, 1, 0.4790714979171753, -0.8777759075164795, -1.949054045972075e-16]}, "segments": [56332, 83253], "label": "item"}, {"objectId": 54, "id": 54, "partId": 54, "index": 46, "dominantNormal": [0.7518585324287415, 0.6593244671821594, 1.4639944083286936e-16], "obb": {"axesLengths": [0.2943715547726218, 0.6579000206761054, 0.20405012960825897], "centroid": [-0.2939283759799538, -1.087836347866201, -1.13894997325756], "normalizedAxes": [-0.6593244671821594, 0.7518585324287415, 1.6694613079265374e-16, 0, -2.220446049250313e-16, 1, 0.7518585324287415, 0.6593244671821594, 1.4639944083286936e-16]}, "segments": [79685, 20968, 50169, 50128, 80445, 49412, 21017, 27871, 88200, 50205], "label": "plant"}, {"objectId": 55, "id": 55, "partId": 55, "index": 47, "dominantNormal": [0.9836676120758057, 0.17999453842639923, 3.9966816173553184e-17], "obb": {"axesLengths": [1.3165675829739356, 0.9802669663667607, 0.4974617987681026], "centroid": [-3.0838190463012953, -2.3200173403520004, -1.0398664326484583], "normalizedAxes": [-0.17999453842639923, 0.9836676120758057, 2.1841808630092122e-16, 0, -2.220446049250313e-16, 1, 0.9836676120758057, 0.17999453842639923, 3.9966816173553184e-17]}, "segments": [76880, 14677, 14191, 70429, 70492, 41140, 41238, 41205, 9674, 14722, 14697, 70254, 15629, 9620, 70442, 69341, 8224, 70784, 70761, 17080, 70754, 15573, 15500, 17113, 5495, 76116, 8370, 39014, 14149, 41271, 18264, 8249, 70758, 69171, 5524, 13913, 70877, 8880, 84195, 8365], "label": "desk"}, {"objectId": 56, "id": 56, "partId": 56, "index": 48, "dominantNormal": [0.9873020648956299, 0.15885402262210846, 3.527267869387806e-17], "obb": {"axesLengths": [1.8526565443657703, 2.619999946206808, 0.2286577584326736], "centroid": [-3.240076616957217, -2.328355032384554, -0.21999994272843493], "normalizedAxes": [-0.15885402262210846, 0.9873020648956299, 2.1922509694141776e-16, 0, -2.220446049250313e-16, 1, 0.9873020648956299, 0.15885402262210846, 3.527267869387806e-17]}, "segments": [65117, 89443, 24108, 9562, 9580, 18341, 9605, 9593, 76159, 76201, 54533, 54553, 65215, 54560, 65180], "label": "wall"}, {"objectId": 57, "id": 57, "partId": 57, "index": 49, "dominantNormal": [0.9939941763877869, 0.10943277180194855, 2.4298956580614772e-17], "obb": {"axesLengths": [0.7175121187477754, 0.6999999575316912, 0.15250001529182522], "centroid": [-3.2816940137676758, -2.3067758304684323, -0.17999995941773506], "normalizedAxes": [-0.10943277180194855, 0.9939941763877869, 2.2071104419380802e-16, 0, -2.220446049250313e-16, 1, 0.9939941763877869, 0.10943277180194855, 2.4298956580614772e-17]}, "segments": [89609, 54519, 64768, 89171, 64829, 17446, 17478, 72064, 24048], "label": "mirror"}, {"objectId": 58, "id": 58, "partId": 58, "index": 50, "dominantNormal": [0.8145920038223267, 0.5800344347953796, 1.287935169170539e-16], "obb": {"axesLengths": [1.9882057478578166, 1.8423169439513165, 1.3067889286432983], "centroid": [-2.8109327224534235, -3.7282321903371116, 0.10884149775158702], "normalizedAxes": [-0.5800343751907349, 0.8145920038223267, 1.8087575966381812e-16, 0, -2.220446049250313e-16, 1, 0.8145920038223267, 0.5800343751907349, 1.287935036821641e-16]}, "segments": [71275, 23944, 26907, 71232, 23967, 26863, 72057, 81306, 29604, 79252, 6361, 81298, 27590, 79370, 79411, 29587, 27608, 27547, 6627, 8733, 29524, 79377, 72909, 79412, 72147, 87675, 35827, 53264, 35699, 80310, 34485, 35891, 35701, 33748, 33866, 33581, 79164, 28385, 28995, 27831, 44666, 28612, 72303, 30709, 72499, 79959, 51687, 52911, 37063, 65034, 35349, 79861, 33460, 87645, 37016, 90059, 35385, 31418, 7179, 31627, 89202, 77258, 51539, 69218, 49018, 29603, 72150, 29594, 72902, 88685, 64207, 90039, 64739, 33062, 23330, 6731, 8763, 33052, 33059, 69441, 6791, 8234], "label": "curtain"}, {"objectId": 59, "id": 59, "partId": 59, "index": 51, "dominantNormal": [0.9979544878005981, 0.06392862647771835, 1.4195006609644868e-17], "obb": {"axesLengths": [0.8978032667281022, 1.7399999706447122, 0.31492516189455494], "centroid": [-3.0739045038223036, -3.822193112614387, 0.08000000288232822], "normalizedAxes": [-0.06392862647771835, 0.9979544878005981, 2.215904099768458e-16, 0, -2.220446049250313e-16, 1, 0.9979544878005981, 0.06392862647771835, 1.4195006609644868e-17]}, "segments": [75507, 6389, 75561, 75579, 66136, 66058, 65763, 65749, 37055, 90145, 26875, 65905, 90046, 65790, 65827, 65841, 64947, 65354, 21044, 10038], "label": "wall"}, {"objectId": 60, "id": 60, "partId": 60, "index": 52, "dominantNormal": [0.11029288917779922, -0.9938991069793701, -2.2068993454457566e-16], "obb": {"axesLengths": [1.3859211476378137, 0.7115349610551824, 0.5793673982793439], "centroid": [-2.091856942034351, -4.030762794584724, -1.146952462883912], "normalizedAxes": [0.9938991069793701, 0.11029289662837982, 2.4489942657885915e-17, 0, -2.220446049250313e-16, 1, 0.11029289662837982, -0.9938991069793701, -2.2068993454457566e-16]}, "segments": [45248, 53668, 27257, 22847, 67281, 52278, 64406, 449, 46186, 15126, 67273, 15153, 26676, 67244, 22824, 27242, 15690, 66938, 45711, 67279], "label": "cabinet"}, {"objectId": 61, "id": 61, "partId": 61, "index": 53, "dominantNormal": [0, -2.220446049250313e-16, 1], "obb": {"axesLengths": [1.8748176484416872, 0.2646889627421878, 1.3301439806245607], "centroid": [-2.5119988061143097, -3.974209480649203, -0.6823444596387973], "normalizedAxes": [0.8830466866493225, -0.46928519010543823