{"segGroups": [{"objectId": 14, "id": 14, "partId": 14, "index": 0, "dominantNormal": [-0.509997546672821, -0.8601758480072021, -1.9099740633681298e-16], "obb": {"axesLengths": [0.6372390548653212, 0.7399999482929714, 0.2338456551226299], "centroid": [0.6967169741551014, -1.574337522273724, 0.15999998353421718], "normalizedAxes": [0.8601758480072021, -0.509997546672821, -1.1324220376370176e-16, 0, -2.220446049250313e-16, 1, -0.509997546672821, -0.8601758480072021, -1.9099740633681298e-16]}, "segments": [59696, 37117, 41076, 39955, 32968, 23152, 54861, 39027, 52277, 54545, 52464, 37145, 41052, 51109, 8500, 23138, 23144, 23163, 23183, 24049, 24081, 24086, 24087, 37035, 37067, 37072, 37101, 37102, 37176, 39076, 39549, 39673, 39775, 39956, 40801, 41013, 41015, 41031, 41032, 41069, 41107, 52142, 52340, 52346, 52418, 52451, 54559, 54755, 54785, 54795, 54798, 54801, 54870, 54873, 59816, 59839, 59873, 40800], "label": "clutter"}, {"objectId": 15, "id": 15, "partId": 15, "index": 1, "dominantNormal": [-0.14449013769626617, -0.9895062446594238, -2.1971452316625313e-16], "obb": {"axesLengths": [0.44647675202410847, 0.3199999856948854, 0.1057525483993549], "centroid": [1.2251224953640656, -2.205012421420568, 0.6499999895691873], "normalizedAxes": [0.9895062446594238, -0.14449013769626617, -3.2083255540330796e-17, 0, -2.220446049250313e-16, 1, -0.14449013769626617, -0.9895062446594238, -2.1971452316625313e-16]}, "segments": [46128, 19192, 26829, 46091, 19148, 19164, 19197, 19225, 26808, 26810, 26844, 27932, 46099, 46109, 64862], "label": "clutter"}, {"objectId": 16, "id": 16, "partId": 16, "index": 2, "dominantNormal": [0, -2.220446049250313e-16, 1], "obb": {"axesLengths": [4.184070785797013, 0.4971499331932533, 3.3173799996620095], "centroid": [-1.203949008619007, -0.38433771082841006, -1.4385749990811565], "normalizedAxes": [-0.09393038600683212, 0.9955787658691406, 2.2106289373916357e-16, 0, -2.220446049250313e-16, 1, 0.9955787658691406, 0.09393038600683212, 2.0856735451342728e-17]}, "segments": [29382, 7751, 7757, 12303, 12367, 12368, 12384, 12468, 12478, 12489, 12700, 12805, 13298, 13299, 13368, 13430, 14416, 15429, 15543, 15557, 15927, 15931, 15953, 15959, 15980, 16224, 16228, 16244, 16245, 16258, 16263, 22865, 25910, 26231, 26268, 29181, 29182, 29213, 29222, 29226, 29240, 29242, 29250, 29258, 30314, 30330, 32203, 32416, 32464, 32568, 33229, 33251, 33259, 33287, 33293, 33297, 33305, 33327, 33339, 33358, 33365, 33367, 33378, 33484, 33517, 33705, 34611, 36337, 36606, 36667, 37469, 39057, 41294, 52150, 52179, 52193, 52198, 52202, 52241, 53362, 53501, 53530, 53539, 53556, 54655, 54658, 56026, 56355, 58090, 58096, 58104, 58106, 58131, 58134, 58218, 58223, 58256, 58259, 61323, 61930, 61933, 64776, 12492, 13514, 14591, 14663, 14723, 14725, 14755, 14785, 14816, 15614, 16671, 22707, 22720, 22731, 22737, 22869, 30248, 37470, 52189, 52214, 53343, 54483, 59897, 59959, 61544, 41283, 33529], "label": "floor"}, {"objectId": 17, "id": 17, "partId": 17, "index": 3, "dominantNormal": [0.9992302060127258, 0.03923027962446213, 8.710871940312199e-18], "obb": {"axesLengths": [3.7451642986585347, 2.3247519211899057, 0.15835525041450116], "centroid": [0.3582280106470501, -0.38134619909497014, -0.25228398660680673], "normalizedAxes": [-0.03923027962446213, 0.9992302060127258, 2.2187367632325335e-16, 0, -2.220446049250313e-16, 1, 0.9992302060127258, 0.03923027962446213, 8.710871940312199e-18]}, "segments": [34483, 48165, 17955, 3636, 1759, 45511, 4744, 63012], "label": "wall"}, {"objectId": 18, "id": 18, "partId": 18, "index": 4, "dominantNormal": [0.034497108310461044, -0.999404788017273, -2.2191244131548004e-16], "obb": {"axesLengths": [2.04571679323958, 2.339999921470881, 0.10206914261770687], "centroid": [-0.5284288541495157, -2.2501363246898234, -0.2599999567121274], "normalizedAxes": [0.999404788017273, 0.034497108310461044, 7.659896785852337e-18, 0, -2.220446049250313e-16, 1, 0.034497108310461044, -0.999404788017273, -2.2191244131548004e-16]}, "segments": [13401, 13685, 13805, 14733, 14783, 14932, 15261, 29802, 51858, 52484, 52500, 52510, 52812, 52814, 52820, 52823, 4669], "label": "wall"}, {"objectId": 19, "id": 19, "partId": 19, "index": 5, "dominantNormal": [0.9976697564125061, 0.06822765618562698, 1.5149582962698412e-17], "obb": {"axesLengths": [3.4459559105852686, 2.293199964764714, 0.43728618138120584], "centroid": [-2.6501562246205883, -0.33531794134625836, -0.2566000184431667], "normalizedAxes": [-0.06822766363620758, 0.9976697564125061, 2.2152718690826714e-16, 0, -2.220446049250313e-16, 1, 0.9976697564125061, 0.06822766363620758, 1.5149584617059637e-17]}, "segments": [33793, 20050, 21770, 56807, 32138, 49082, 28711, 7002, 7004, 7009, 7124, 7181, 7354, 7373, 7547, 7548, 17462, 18962, 18982, 19649, 19799, 19804, 19834, 19854, 21640, 21644, 21677, 21709, 21725, 21736, 21763, 22080, 22110, 22117, 22138, 22155, 22176, 22206, 22216, 22229, 22232, 22291, 25926, 26488, 26490, 26497, 26518, 26527, 26882, 27300, 27311, 27352, 27407, 27436, 27441, 27457, 27480, 28020, 28039, 28054, 28090, 28124, 28137, 28177, 28308, 28314, 28332, 28463, 28726, 28739, 28756, 30994, 31003, 31004, 31005, 31032, 31065, 32193, 32208, 32231, 32248, 32266, 32284, 32288, 32297, 33100, 33223, 43544, 43950, 43967, 44384, 44417, 44452, 44560, 44585, 44590, 44593, 44609, 44622, 44661, 44676, 45064, 45169, 48631, 48635, 48669, 48677, 48688, 48762, 49188, 49193, 49207, 50909, 50912, 50923, 50944, 51003, 54317, 54365, 55285, 55313, 55354, 55533, 55547, 55553, 55554, 55565, 55573, 55592, 55600, 55728, 55735, 55739, 55742, 55745, 55748, 55923, 56904, 56908, 56945, 61603, 61842, 61845, 61847, 61885, 61903, 61960, 61966, 62033, 62095, 63228, 64071, 64115, 64322, 64324, 64327, 66794, 66807, 66848, 66880, 67019, 67051, 67154], "label": "wall"}, {"objectId": 20, "id": 20, "partId": 20, "index": 6, "dominantNormal": [0, -2.220446049250313e-16, 1], "obb": {"axesLengths": [1.4087672040615242, 1.2504840213697244, 1.2747454881747207], "centroid": [-2.196587702379788, 0.942047698142203, -1.0847579911032765], "normalizedAxes": [0.9217619299888611, 0.38775634765625, 8.609920502250512e-17, 0, -2.220446049250313e-16, 1, 0.38775634765625, -0.9217619299888611, -2.0467226357931103e-16]}, "segments": [40678, 42814, 62271, 6123, 53894, 28808, 1133, 45938, 45095, 26955, 45116, 43553, 19172, 66047, 47702, 64304, 27879, 28800, 62065, 45785, 64608, 43562, 2971, 45748, 64473, 45521, 64510, 64543, 64450, 25967, 55358, 55646, 26690, 26697, 26959, 55653, 1025, 1101, 1181, 1738, 1790, 1815, 1830, 1878, 1905, 1940, 1942, 2303, 2342, 2381, 2396, 2417, 2445, 2520, 2533, 2551, 2600, 2610, 2624, 2654, 2655, 2701, 2715, 2764, 2851, 2860, 2930, 2931, 2952, 2959, 2982, 3000, 3014, 3025, 3037, 6048, 6058, 6083, 6095, 6105, 9320, 9516, 9584, 16829, 16848, 16859, 16872, 16877, 16881, 16883, 16887, 16896, 16908, 16933, 16995, 17013, 17028, 17038, 17041, 17045, 17081, 17087, 17133, 17155, 17162, 17226, 17231, 17237, 17244, 19210, 19231, 19338, 19367, 19384, 19429, 19459, 19489, 19519, 19527, 19616, 19635, 20094, 20096, 20130, 20135, 20159, 20185, 20188, 20190, 20218, 20284, 20291, 20335, 20347, 20349, 27396, 27653, 27851, 28392, 28394, 28415, 28418, 28425, 28432, 28452, 28453, 28454, 28482, 28493, 28502, 28503, 28539, 28844, 32940, 34253, 34259, 34273, 34687, 34695, 34705, 35858, 35884, 37259, 37445, 40709, 40755, 41162, 42396, 42768, 42786, 43046, 43090, 43179, 43196, 43202, 43218, 43285, 43309, 43322, 43356, 43457, 43509, 43546, 43786, 43827, 43861, 43877, 43885, 43897, 43920, 43976, 43984, 44001, 44014, 44021, 44035, 44050, 44068, 44076, 44135, 45537, 45558, 45586, 45606, 45638, 45679, 45831, 46175, 46191, 46245, 46262, 46289, 46347, 46611, 46926, 46985, 47014, 47039, 47050, 47055, 47076, 47118, 47122, 47211, 49572, 50169, 50178, 50182, 50293, 50294, 50295, 50298, 50309, 50352, 50364, 50379, 50503, 50519, 50526, 50548, 50553, 50579, 50587, 50594, 50628, 50641, 50655, 50659, 50663, 50667, 50670, 50694, 50733, 50792, 50795, 50803, 50813, 50818, 53592, 53597, 53630, 53638, 53648, 53650, 53670, 53673, 53675, 53676, 53895, 53938, 53940, 53951, 53979, 53986, 53996, 54000, 54002, 54009, 54018, 55699, 55751, 55754, 55758, 55782, 55807, 57018, 57037, 57123, 62261, 62320, 62333, 62339, 62341, 62344, 62409, 62459, 62485, 63281, 63293, 63295, 63315, 63356, 63360, 63390, 63395, 63397, 63404, 63407, 63408, 63411, 63416, 63419, 63489, 64367, 64371, 64376, 64378, 64411, 64657, 64734, 64897, 64914, 65374, 65449, 65457, 65513, 65526, 65552, 40655, 9089, 9407, 9486, 9538, 9592, 9718, 17021, 17185, 17215, 17288, 17300, 17376, 17381, 17397, 17425, 17439, 17658, 17713, 17717, 17792, 17828, 17829, 17853, 17872, 17876, 17949, 20111, 20141, 20209, 20326, 20359, 20381, 20404, 20415, 20434, 20464, 20507, 20514, 30763, 30858, 30867, 30899, 30981, 32409, 32476, 32564, 32583, 32904, 32929, 37280, 37286, 37289, 40765, 40776, 41216, 41222, 41228, 41257, 41259, 41312, 41324, 41329, 41353, 42731, 42970, 42973, 42976, 43633, 43666, 43671, 44104, 44158, 44180, 44214, 44220, 44227, 44300, 44322, 44341, 44345, 44371, 44407, 44411, 44413, 44444, 44468, 46302, 46400, 46412, 46461, 46462, 46477, 47059, 47230, 47242, 47248, 47252, 47268, 47274, 51207, 53678, 53689, 53692, 53695, 53701, 53713, 53730, 53745, 54021, 54022, 54025, 54027, 54028, 54031, 54050, 54118, 54128, 56980, 57806, 57809, 57814, 57820, 59911, 61038, 61039, 61592, 61599, 61606, 61610, 61614, 61810, 61829, 61937, 63665, 63695, 63715, 63825, 64929, 65585, 28325, 9401, 17916, 17926, 32538, 32553, 32630, 32637, 42420, 53747], "label": "washing machine"}, {"objectId": 21, "id": 21, "partId": 21, "index": 7, "dominantNormal": [0.03421936184167862, -0.999414324760437, -2.2191455889784817e-16], "obb": {"axesLengths": [3.2375474404814057, 2.3027179322529294, 0.21478293694094797], "centroid": [-1.285461050445689, 1.3555129057634356, -0.24845096099858766], "normalizedAxes": [0.999414324760437, 0.03421936556696892, 7.598225508102833e-18, 0, -2.220446049250313e-16, 1, 0.03421936556696892, -0.999414324760437, -2.2191455889784817e-16]}, "segments": [41401, 2797, 38860, 37833, 58315, 45306, 27239, 41606, 41133, 45416, 1923, 1951, 2313, 2423, 2505, 2515, 2770, 2816, 4205, 7606, 7607, 9001, 9036, 9049, 9066, 9105, 9338, 9496, 9497, 9545, 9578, 9601, 9629, 9708, 9732, 16943, 17639, 17688, 30851, 30926, 31000, 31057, 31330, 33922, 33936, 33950, 35543, 35695, 36039, 36403, 36515, 38924, 39171, 39189, 41686, 42069, 42087, 42108, 42230, 42231, 43305, 43772, 44567, 44613, 44654, 44692, 45518, 45525, 45597, 45772, 45788, 45793, 45838, 46831, 47064, 50308, 50339, 50342, 50576, 51141, 51177, 51179, 51187, 51189, 51193, 51206, 51210, 51211, 51215, 51216, 53714, 53719, 56971, 56983, 57044, 57067, 57162, 57166, 58053, 58058, 58383, 58558, 59966, 59968, 60240, 61645, 61806, 61809, 61895, 64550, 64566, 65366, 66676, 49383], "label": "wall"}, {"objectId": 22, "id": 22, "partId": 22, "index": 8, "dominantNormal": [0.9296612739562988, 0.3684154450893402, 8.180466195314211e-17], "obb": {"axesLengths": [0.8106800754074496, 0.9286120177370599, 0.6101592065642443], "centroid": [0.21602484220650386, -1.1552803175152166, -0.5969040055519934], "normalizedAxes": [-0.3684154450893402, 0.9296612739562988, 2.0642627028972767e-16, 0, -2.220446049250313e-16, 1, 0.9296612739562988, 0.3684154450893402, 8.180466195314211e-17]}, "segments": [53758, 8407, 10341, 51792, 51617, 53762, 51577, 10982, 8315, 8347, 8395, 8412, 10378, 10400, 10410, 10865, 10881, 10911, 10912, 10924, 10958, 10970, 10989, 18240, 18243, 18259, 18264, 51544, 51546, 51548, 51574, 51585, 51587, 51589, 51830, 53790, 53795, 53813, 53818, 51098, 8419, 10708, 8083, 8146, 8183, 8442, 8576, 8645, 10653, 10681, 10730, 10806, 18478, 45617, 51020, 51043, 51045, 51048, 51074, 51120, 51123, 51827, 62508, 62830], "label": "sink"}, {"objectId": 23, "id": 23, "partId": 23, "index": 9, "dominantNormal": [0.972454845905304, 0.23309123516082764, 5.175665122277354e-17], "obb": {"axesLengths": [0.6927450400767454, 0.6999999724328521, 0.22316428785828285], "centroid": [0.41376242854570444, -1.116883896552241, 0.15999999098479756], "normalizedAxes": [-0.23309123516082764, 0.972454845905304, 2.1592835206647542e-16, 0, -2.220446049250313e-16, 1, 0.972454845905304, 0.23309123516082764, 5.175665122277354e-17]}, "segments": [49714, 51132, 42974, 8077, 8019, 43111], "label": "mirror"}, {"objectId": 24, "id": 24, "partId": 24, "index": 10, "dominantNormal": [0, -2.220446049250313e-16, 1], "obb": {"axesLengths": [4.630912422279484, 0.4399999877810479, 4.492328845636291], "centroid": [-1.15988859884568, -0.39691591959412864, 0.8899999937415126], "normalizedAxes": [0.42373713850975037, 0.9057852029800415, 2.011247175426426e-16, 0, -2.220446049250313e-16, 1, 0.9057852029800415, -0.42373713850975037, -9.408854551246079e-17]}, "segments": [18194, 4023, 5831, 5767, 57684, 3910, 3761, 3551, 4893, 22656, 22699, 6437, 21153, 12717, 3156, 43401, 54185, 54233, 25270, 20562, 57597, 7411, 5452, 57505, 925, 1018, 1864, 1949, 3101, 3128, 3165, 3254, 3258, 3307, 5521, 5801, 6409, 6413, 6604, 6745, 6748, 7071, 7291, 7334, 7376, 7390, 7459, 7539, 12759, 13246, 13250, 13281, 13284, 20862, 21289, 21886, 21935, 21971, 21994, 22405, 22500, 22590, 22614, 24443, 25129, 25244, 25245, 26413, 26454, 26814, 30668, 30679, 31022, 31052, 31665, 31689, 31690, 31698, 32663, 34922, 42051, 42053, 42982, 42985, 43672, 43855, 44939, 45386, 46692, 46712, 47777, 47794, 47818, 47845, 49532, 49535, 50721, 50725, 50731, 50893, 50998, 54212, 54215, 54218, 54222, 54271, 54308, 54313, 54386, 54387, 54400, 54427, 55816, 58555, 58796, 63901, 63907, 63911, 66122, 66130, 66145, 66152, 66158, 1394, 50963, 21102, 6573, 6536, 7059, 6549], "label": "ceiling"}, {"objectId": 25, "id": 25, "partId": 25, "index": 11, "dominantNormal": [0, -2.220446049250313e-16, 1], "obb": {"axesLengths": [1.2133944802432426, 0.36297397994308217, 0.4294682312091235], "centroid": [-0.9824179746058, -0.9028714833489241, -0.4685129735206146], "normalizedAxes": [0.9194210767745972, 0.3932746350765228, 8.732451097260237e-17, 0, -2.220446049250313e-16, 1, 0.3932746350765228, -0.9194210767745972, -2.041524897521623e-16]}, "segments": [47283, 37577, 61666, 37653, 37655, 61760, 37794, 13453, 47337, 37575, 37622, 37642, 37646, 37650, 37694, 43608, 44532, 59972, 59982, 60012, 60018, 60021, 60026, 61714, 65778, 37826, 38744], "label": "ironing board"}, {"objectId": 26, "id": 26, "partId": 26, "index": 12, "dominantNormal": [0.4725434184074402, -0.8813073635101318, -1.9568954534812818e-16], "obb": {"axesLengths": [1.1949489952168255, 0.7335509493898384, 0.4460986807967682], "centroid": [-0.8909626759090976, -0.44466205455387087, -0.7735644722678254], "normalizedAxes": [0.8813074231147766, 0.4725433886051178, 1.0492571003275892e-16, 0, -2.220446049250313e-16, 1, 0.4725433886051178, -0.8813074231147766, -1.9568955858301798e-16]}, "segments": [13769, 10360, 11865, 12990, 13732, 13938, 57206, 57223, 57264, 16149, 16380, 40587, 14920, 13521, 53294, 15079, 10440, 12995, 13459, 13838, 13841, 13866, 13872, 13881, 13892, 13913, 13924, 13936, 13952, 13962, 13987, 13991, 14001, 14005, 14008, 14056, 14069, 14070, 14123, 14146, 14159, 14178, 14194, 14217, 14229, 14232, 14241, 14251, 14256, 14274, 14303, 14433, 14441, 14888, 14904, 14910, 14926, 14928, 14966, 14968, 14970, 14973, 15044, 15048, 15057, 15083, 15102, 15154, 15156, 15170, 15211, 15222, 15226, 16525, 31136, 31231, 31256, 31266, 31274, 40541, 40581, 40627, 41436, 46813, 51014, 51875, 52251, 52312, 52589, 52597, 52603, 52605, 52616, 52632, 52641, 52654, 52669, 52678, 52683, 52694, 52697, 52699, 52704, 52844, 52856, 52862, 52882, 53017, 53020, 53080, 53084, 53086, 53091, 53095, 53155, 53165, 53171, 53264, 61021, 61024, 61031, 45225, 16055], "label": "ironing board"}, {"objectId": 27, "id": 27, "partId": 27, "index": 13, "dominantNormal": [0, -2.220446049250313e-16, 1], "obb": {"axesLengths": [0.6196754958617386, 0.3592600742147846, 0.44079776212470784], "centroid": [-1.937527600205438, -0.5140725399777948, -1.2193699821225552], "normalizedAxes": [0.017190568149089813, 0.9998522400856018, 2.22011795633215e-16, 0, -2.220446049250313e-16, 1, 0.9998522400856018, -0.017190568149089813, -3.817072913101474e-18]}, "segments": [23687, 24837, 57347, 57887, 23660, 24901, 59863, 23715, 20762, 25086, 32676, 41506, 57352, 39865], "label": "washing basket"}, {"objectId": 28, "id": 28, "partId": 28, "index": 14, "dominantNormal": [0, -2.220446049250313e-16, 1], "obb": {"axesLengths": [1.048140616339686, 0.8208799923759696, 0.9356946408542642], "centroid": [-3.188805209949789, 0.2774518734580487, 0.25956000366300325], "normalizedAxes": [0.1106235533952713, 0.9938623905181885, 2.2068178185245834e-16, 0, -2.220446049250313e-16, 1, 0.9938623905181885, -0.1106235533952713, -2.4563363209056122e-17]}, "segments": [16646, 34247, 16578, 31967, 37896, 57730, 41635, 59604, 39262, 35691, 54381, 36148, 36311, 59343, 35739, 59305, 34567, 35293, 59180, 33969, 2370, 2353, 3673, 24604, 2893, 2909, 2946, 3267, 16585, 22124, 22163, 24814, 25451, 25764, 34721, 34748, 34753, 34768, 34844, 34852, 34900, 34928, 34967, 35067, 35569, 35575, 35720, 35756, 35878, 35880, 36004, 37458, 38101, 38143, 38270, 38356, 38364, 38407, 38519, 38538, 38568, 38636, 38647, 38691, 39203, 49718, 53899, 57329, 57702, 58013, 58080, 59196, 59239, 59242, 59262, 59265, 59270, 59272, 59513, 59516, 59527, 4706, 37075], "label": "window"}, {"objectId": 29, "id": 29, "partId": 29, "index": 15, "dominantNormal": [0.04299680516123772, -0.9990752339363098, -2.2183926560977114e-16], "obb": {"axesLengths": [1.0298423297942774, 0.9000000007450573, 0.8385427607923092], "centroid": [-0.7816350561376562, 1.8327996887081168, 0.2800000005215404], "normalizedAxes": [0.9990752339363098, 0.04299680516123772, 9.547208615065576e-18, 0, -2.220446049250313e-16, 1, 0.04299680516123772, -0.9990752339363098, -2.2183926560977114e-16]}, "segments": [61780, 19054, 64160, 41897, 19083, 19587, 41935, 41767, 64278, 7475, 6185, 10782, 51516, 12775, 11720, 51705, 14092, 15691, 15303, 17568, 17788, 18589, 18548, 10860, 10863, 10890, 10999, 11021, 11042, 11058, 12434, 12722, 12723, 12803, 14018, 14020, 14105, 14145, 16907, 16913, 16916, 17018, 17385, 17656, 17704, 17707, 18041, 51299, 51332, 51336, 51339, 51681, 51701, 51703, 51736, 51741, 51747, 51749, 52479, 52801, 53382, 53385, 53467], "label": "window"}, {"objectId": 30, "id": 30, "partId": 30, "index": 16, "dominantNormal": [0.9992793798446655, 0.03795642405748367, 8.428019184210916e-18], "obb": {"axesLengths": [0.7610014429960783, 1.0199999283254158, 0.14570642923524396], "centroid": [0.293988072954219, 0.930895608125319, -0.7799999707192187], "normalizedAxes": [-0.03795642778277397, 0.9992793798446655, 2.2188459510733905e-16, 0, -2.220446049250313e-16, 1, 0.9992793798446655, 0.03795642778277397, 8.428020011391529e-18]}, "segments": [48095, 30146, 25091, 36132, 66390, 59581, 26657, 22478, 37894], "label": "radiator"}, {"objectId": 31, "id": 31, "partId": 31, "index": 17, "dominantNormal": [0.9395618438720703, -0.34237921237945557, -7.60234569473396e-17], "obb": {"axesLengths": [0.28492263755639363, 0.32573007809229004, 0.2883181027626074], "centroid": [-1.479377855961049, 1.1392124945231523, -1.2128649697557465], "normalizedAxes": [0.9395618438720703, -0.34237921237945557, -7.60234569473396e-17, 0, -2.220446049250313e-16, 1, -0.34237921237945557, -0.9395618438720703, -2.086246384252078e-16]}, "segments": [44845, 63931, 44820, 44718, 44823, 64015, 64047, 64063, 64066, 64069], "label": "garbage bin"}, {"objectId": 32, "id": 32, "partId": 32, "index": 18, "dominantNormal": [-0.4911302626132965, -0.8710861206054688, -1.9341997350551948e-16], "obb": {"axesLengths": [0.756740147899133, 0.7000000320374958, 0.6813842748328457], "centroid": [-0.9508098001705354, -2.0223674278101047, -0.9799999990314241], "normalizedAxes": [0.8710861206054688, -0.4911302626132965, -1.090528251286963e-16, 0, -2.220446049250313e-16, 1, -0.4911302626132965, -0.8710861206054688, -1.9341997350551948e-16]}, "segments": [9469, 34884, 31874, 30462, 34785, 50877, 35508, 9303, 59009, 8928, 8936, 9000, 9283, 9904, 13035, 13097, 13157, 30473, 30479, 30492, 30505, 30515, 30567, 30597, 31557, 31566, 31647, 34735, 34742, 34924, 35017, 35024, 35055, 35246, 35393, 35464, 51857, 56755, 56767, 57373, 57376, 57410, 57711, 58281, 58613, 58616, 58794, 58801, 58810, 58873, 58880, 58889, 59188, 60906, 60948, 60951, 60958, 35363, 56460, 58572, 58752, 11765, 4261, 8886, 11709, 11723, 11778, 11804, 11809, 11813, 11843, 13043, 13051, 13120, 13131, 13137, 13154, 13678, 13739, 13742, 13743, 13751, 14517, 14578, 14587, 14665, 14688, 14818, 30563, 31851, 34711, 35018, 35375, 51847, 51850, 51863, 51865, 52057, 52270, 52287, 52494, 52497, 52507, 52538, 52560, 58912, 31928], "label": "washing basket"}, {"objectId": 33, "id": 33, "partId": 33, "index": 19, "dominantNormal": [0.9657633304595947, -0.25942477583885193, -5.760387185890268e-17], "obb": {"axesLengths": [0.6567779948698379, 0.803065937688963, 0.4533997116568444], "centroid": [-0.9311345135678681, -2.016001433196588, -1.0084669681236076], "normalizedAxes": [0.25942477583885193, 0.9657633304595947, 2.1444253716298317e-16, 0, -2.220446049250313e-16, 1, 0.9657633304595947, -0.25942477583885193, -5.760387185890268e-17]}, "segments": [15248, 13032, 12938, 57783, 31640, 58291, 40397, 30554], "label": "chair"}, {"objectId": 34, "id": 34, "partId": 34, "index": 20, "dominantNormal": [0, -2.220446049250313e-16, 1], "obb": {"axesLengths": [0.45066638689918026, 0.3937699706754838, 0.4178859270459401], "centroid": [-0.42008291836021927, -2.1478357009877294, -1.2268849355678642], "normalizedAxes": [0.8728582262992859, -0.4879738688468933, -1.0835196492184747e-16, 0, -2.220446049250313e-16, 1, -0.4879738688468933, -0.8728582262992859, -1.938134600141885e-16]}, "segments": [58168, 4595, 4789, 4678, 58186, 4720, 4850, 12266, 29927, 32079, 32093, 32134, 33439, 50746, 50756, 57757, 58197], "label": "box"}, {"objectId": 35, "id": 35, "partId": 35, "index": 21, "dominantNormal": [0.9996013641357422, 0.02823222428560257, 6.268813087651497e-18], "obb": {"axesLengths": [0.9404566694900505, 0.8799999755620957, 0.049362157069917006], "centroid": [0.34757715491580754, 0.039640757050139475, 0.18999999150633817], "normalizedAxes": [-0.02823222428560257, 0.9996013641357422, 2.2195608998204323e-16, 0, -2.220446049250313e-16, 1, 0.9996013641357422, 0.02823222428560257, 6.268813087651497e-18]}, "segments": [4403, 4315], "label": "door"}, {"objectId": 1, "id": 1, "partId": 1, "index": 22, "dominantNormal": [0.8700692653656006, -0.49292945861816406, -1.0945232689477981e-16], "obb": {"axesLengths": [0.5586156632375753, 0.5770849456544603, 0.32551303901489687], "centroid": [-0.015715145261744334, 0.8403339255322175, -1.1256574457364352], "normalizedAxes": [0.49292945861816406, 0.8700692653656006, 1.93194186285517e-16, 0, -2.220446049250313e-16, 1, 0.8700692653656006, -0.49292945861816406, -1.0945232689477981e-16]}, "segments": [33410, 42594, 34179, 62107, 39837, 26723, 58509, 58464, 42675, 60825, 48514, 33415, 42666, 42576, 26576, 26746, 33652, 33665, 33670, 34056, 34073, 34095, 34096, 34123, 34132, 34168, 34182, 39894, 42551, 42572, 42574, 47968, 47987, 48009, 58481, 58489, 58494, 66246, 66251, 26602], "label": "washing basket"}, {"objectId": 2, "id": 2, "partId": 2, "index": 23, "dominantNormal": [0.8424373269081116, 0.5387943983078003, 1.1963638930807547e-16], "obb": {"axesLengths": [0.4916822749221133, 0.4748320473395573, 0.40594202828008774], "centroid": [-0.19496337241855644, 1.1948608584058238, -1.15999398209168], "normalizedAxes": [-0.5387943387031555, 0.8424373269081116, 1.8705866342741108e-16, 0, -2.220446049250313e-16, 1, 0.8424373269081116, 0.5387943387031555, 1.1963637607318567e-16]}, "segments": [40086, 40111, 36446, 59542, 35949, 60867, 35913, 35965, 38068, 59574], "label": "bag"}, {"objectId": 3, "id": 3, "partId": 3, "index": 24, "dominantNormal": [0.9981680512428284, 0.0605020634829998, 1.3434156783231855e-17], "obb": {"axesLengths": [0.5825676450649644, 0.429239978732765, 0.3396821181021397], "centroid": [0.15494560747705655, 1.1809058705525977, -1.184619998158067], "normalizedAxes": [-0.0605020634829998, 0.9981680512428284, 2.2163783058700223e-16, 0, -2.220446049250313e-16, 1, 0.9981680512428284, 0.0605020634829998, 1.3434156783231855e-17]}, "segments": [4077, 22921, 26344], "label": "bag"}, {"objectId": 4, "id": 4, "partId": 4, "index": 25, "dominantNormal": [-0.010085657238960266, -0.9999491572380066, -2.2203331556403118e-16], "obb": {"axesLengths": [0.32025101320051685, 0.3523899238022432, 0.2725385248802516], "centroid": [-0.45084733938343435, 1.33379784066867, -1.213804994587488], "normalizedAxes": [0.9999491572380066, -0.010085657238960266, -2.2394657770342144e-18, 0, -2.220446049250313e-16, 1, -0.010085657238960266, -0.9999491572380066, -2.2203331556403118e-16]}, "segments": [39335, 39330, 36247, 60332, 39224, 39284, 39307, 40130, 60345, 60459], "label": "bag"}, {"objectId": 5, "id": 5, "partId": 5, "index": 26, "dominantNormal": [0.33747854828834534, -0.9413332343101501, -2.0901796611519922e-16], "obb": {"axesLengths": [0.6930417690489807, 0.6298049547566853, 0.5081957951548586], "centroid": [-1.4528889097865745, -1.5403693596183365, -1.0857074632710035], "normalizedAxes": [0.9413332343101501, 0.33747854828834534, 7.493529092535874e-17, 0, -2.220446049250313e-16, 1, 0.33747854828834534, -0.9413332343101501, -2.0901796611519922e-16]}, "segments": [39717, 65261, 40874, 29683, 40789, 29518, 29706, 29823, 56180, 29712, 40491, 60181, 29720, 29733, 29740, 35489, 38474, 40382, 56101, 56163, 56167, 56201, 61043, 60213, 42925, 65216, 29667], "label": "washing basket"}, {"objectId": 6, "id": 6, "partId": 6, "index": 27, "dominantNormal": [0, -2.220446049250313e-16, 1], "obb": {"axesLengths": [0.42821323163457187, 0.16047596572765777, 0.2883748447316874], "centroid": [-1.4252554735472835, -1.9951331880573409, 0.7277769861122145], "normalizedAxes": [-0.5247640609741211, 0.8512477278709412, 1.890149654284337e-16, 0, -2.220446049250313e-16, 1, 0.8512477278709412, 0.5247640609741211, 1.1652102859785376e-16]}, "segments": [50833, 6351, 6359, 60480], "label": "box"}, {"objectId": 7, "id": 7, "partId": 7, "index": 28, "dominantNormal": [0, -2.220446049250313e-16, 1], "obb": {"axesLengths": [0.35704175272773014, 0.15003895424219316, 0.24058698708596563], "centroid": [-2.353214787746903, -1.050898296026371, 0.6850194759290038], "normalizedAxes": [0.963992178440094, 0.26593053340911865, 5.904844022833059e-17, 0, -2.220446049250313e-16, 1, 0.26593053340911865, -0.963992178440094, -2.1404926241255095e-16]}, "segments": [5146, 28816, 55388, 5220, 28636], "label": "box"}, {"objectId": 8, "id": 8, "partId": 8, "index": 29, "dominantNormal": [0.997378408908844, -0.07236246019601822, -1.606769388562817e-17], "obb": {"axesLengths": [1.0163857682741204, 2.040439977338015, 0.7686214162961296], "centroid": [-2.4400179758295453, -0.8242913024336422, -0.3842799894300106], "normalizedAxes": [0.07236246019601822, 0.997378408908844, 2.214624947669206e-16, 0, -2.220446049250313e-16, 1, 0.997378408908844, -0.07236246019601822, -1.606769388562817e-17]}, "segments": [63209, 45189, 47066, 64694, 47156, 16745, 21592, 25102, 25114, 25156, 25174, 30641, 30643, 30646, 30678, 30728, 32777, 46126, 54719, 55107, 55109, 55114, 55115, 55118, 55121, 56896, 57962, 57964, 63182, 16727, 18209, 21595, 23806, 54603], "label": "cupboard"}, {"objectId": 9, "id": 9, "partId": 9, "index": 30, "dominantNormal": [0.010506285354495049, -0.999944806098938, -2.2203234941707572e-16], "obb": {"axesLengths": [1.551396860008465, 2.1652779691231694, 0.9994447237470453], "centroid": [-2.006028357373891, -1.8774142599821173, -0.3366310241826391], "normalizedAxes": [0.999944806098938, 0.010506285354495049, 2.3328639807684956e-18, 0, -2.220446049250313e-16, 1, 0.010506285354495049, -0.999944806098938, -2.2203234941707572e-16]}, "segments": [43408, 58921, 53871, 21059, 60525, 60159, 38622, 36752, 60639, 46428, 46392, 36692, 42487, 23455, 21381, 39657, 54894, 24520, 24561, 66039, 23022, 42243, 25350, 24305, 25298, 54712, 171, 24254, 1199, 25370, 331, 506, 9418, 9507, 9565, 9701, 15322, 15325, 15337, 15436, 15471, 15489, 15577, 16144, 16159, 16181, 16203, 22904, 22938, 22941, 22945, 22955, 22997, 23055, 23487, 24235, 24241, 24325, 24367, 24402, 24689, 24769, 25328, 25338, 26239, 26248, 26249, 26311, 26348, 29021, 29080, 29548, 36714, 38445, 38451, 38632, 39766, 42339, 46754, 47590, 47637, 49556, 49569, 50882, 50904, 52805, 52810, 53299, 53303, 53336, 53364, 53517, 53521, 53524, 53526, 54535, 54942, 54945, 54991, 55167, 55266, 55702, 58877, 58893, 58894, 60136, 60179, 60755, 60821, 60823, 60910, 60913, 48248, 19906, 48256, 66758, 28668, 27940, 27893, 19909, 23480, 24406, 26080, 26295, 26634, 27899, 27918, 27962, 28645, 28763, 43500, 54327, 54899, 54965, 55263, 55282, 55916, 56021], "label": "cupboard"}, {"objectId": 10, "id": 10, "partId": 10, "index": 31, "dominantNormal": [0, -2.220446049250313e-16, 1], "obb": {"axesLengths": [0.7776289869989175, 0.50000000372529, 0.5668568512356675], "centroid": [0.12830090236275926, -1.989529068778638, 0.3599999969452621], "normalizedAxes": [0.9015710949897766, -0.4326309263706207, -9.606336312431479e-17, 0, -2.220446049250313e-16, 1, -0.4326309263706207, -0.9015710949897766, -2.0018899759883282e-16]}, "segments": [27411, 4639, 5283, 8725, 49761, 49680, 8202, 7502, 57, 49875, 1357, 1280, 5871, 6398, 482, 115, 116, 209, 239, 254, 512, 536, 591, 690, 709, 806, 874, 1355, 1386, 4245, 4886, 5098, 6256, 8015, 19328, 20892, 21291, 49664, 49678, 49740, 49814, 49825, 49887, 49888, 49892, 49906, 49919, 50035, 50069, 50071, 50075, 19335], "label": "object"}, {"objectId": 11, "id": 11, "partId": 11, "index": 32, "dominantNormal": [-0.4109683334827423, 0.9116496443748474, 2.0242688511525828e-16], "obb": {"axesLengths": [0.7929452998335974, 1.5505640160166314, 0.8127717886672856], "centroid": [0.18672599437729698, -1.9414330362896361, -0.6247680066205259], "normalizedAxes": [-0.4109683632850647, 0.9116495847702026, 2.0242687188036848e-16, 0, -2.220446049250313e-16, 1, 0.9116495847702026, 0.4109683632850647, 9.125330786231893e-17]}, "segments": [11339, 52073, 12210, 29943, 11403, 56324, 56232, 11956, 30391, 11210, 51684, 11252, 11053, 51172, 403, 1494, 906, 2256, 10105, 11904, 4785, 4968, 56432, 56392, 30408, 12023, 11393, 10757, 11914, 11962, 452, 455, 659, 1486, 2119, 2139, 2156, 2187, 2193, 2195, 2198, 2249, 5962, 8899, 8908, 9135, 9170, 9237, 9291, 10017, 10069, 10127, 10132, 10168, 10186, 10191, 11037, 11104, 11174, 11191, 11444, 11473, 11575, 11579, 11894, 11915, 11960, 12009, 12160, 12168, 12190, 12680, 22787, 22816, 27296, 30363, 31029, 49522, 49852, 49883, 50481, 50762, 50771, 51137, 51241, 51244, 51325, 51342, 51383, 51759, 51763, 51767, 51771, 51773, 51833, 51840, 52035, 52068, 56243, 59881, 11957], "label": "shelf"}, {"objectId": 12, "id": 12, "partId": 12, "index": 33, "dominantNormal": [0.2336810976266861, -0.9723132848739624, -2.158969192031984e-16], "obb": {"axesLengths": [0.22250438342443118, 0.1971000388912847, 0.17893819401636402], "centroid": [0.3316382172131398, -1.5568163219604325, -1.3283499797057359], "normalizedAxes": [0.9723132848739624, 0.2336810976266861, 5.1887627000965185e-17, 0, -2.220446049250313e-16, 1, 0.2336810976266861, -0.9723132848739624, -2.158969192031984e-16]}, "segments": [37184, 54490], "label": "object"}, {"objectId": 13, "id": 13, "partId": 13, "index": 34, "dominantNormal": [-0.028196752071380615, -0.9996023774147034, -2.2195631497516985e-16], "obb": {"axesLengths": [1.0090323080331856, 0.6799999770522119, 0.40237648149116084], "centroid": [-2.3589835693560595, 1.2401484182862643, 0.2299999897181988], "normalizedAxes": [0.9996023774147034, -0.028196752071380615, -6.260936673858767e-18, 0, -2.220446049250313e-16, 1, -0.028196752071380615, -0.9996023774147034, -2.2195631497516985e-16]}, "segments": [48041, 65382, 48522, 48439, 66872, 48951, 66242, 49477, 66919, 55488, 66181, 16138, 13482, 16156, 17858, 17310, 17672, 15086, 4090, 13532, 13728, 13854, 14867, 16557, 21087, 27016, 27101, 27110, 27118, 27126, 27196, 28621, 28631, 45997, 46131, 46226, 48004, 48380, 48449, 49330, 49342, 49416, 49436, 49585, 49592, 49620, 55436, 55444, 55447, 55530, 65396, 66243, 66727], "label": "shelf"}, {"objectId": 36, "id": 36, "partId": 36, "index": 35, "dominantNormal": [-0.01116824522614479, -0.9999376535415649, -2.2203076123029962e-16], "obb": {"axesLengths": [0.39165993197573457, 0.39091991504460744, 0.13741572148640385], "centroid": [-2.6253948724329037, -0.33719993765324163, -1.198559974538684], "normalizedAxes": [0.9999376535415649, -0.011168244294822216, -2.479848392150034e-18, 0, -2.220446049250313e-16, 1, -0.011168244294822216, -0.9999376535415649, -2.2203076123029962e-16]}, "segments": [60297, 41744, 19991], "label": "box"}, {"objectId": 37, "id": 37, "partId": 37, "index": 36, "dominantNormal": [0, -2.220446049250313e-16, 1], "obb": {"axesLengths": [0.2958106831569778, 0.12012994020886847, 0.21784273069783383], "centroid": [-1.4553514392062876, 1.1410306425784165, -1.0699350017323712], "normalizedAxes": [-0.38763895630836487, 0.9218112826347351, 2.0468322206806613e-16, 0, -2.220446049250313e-16, 1, 0.9218112826347351, 0.38763895630836487, 8.607313890704235e-17]}, "segments": [44745, 63962, 44768], "label": "hand brush"}, {"objectId": 38, "id": 38, "partId": 38, "index": 37, "dominantNormal": [0.028648192062973976, 0.9995895624160767, 2.2195346947386267e-16], "obb": {"axesLengths": [0.3250566939259662, 0.44000000268220874, 0.34170759293806086], "centroid": [-2.5766256181014966, 1.2154975605080371, 0.11000000253319708], "normalizedAxes": [0.028648192062973976, 0.9995895624160767, 2.2195346947386267e-16, 0, -2.220446049250313e-16, 1, 0.9995895624160767, -0.028648192062973976, -6.361176488439474e-18]}, "segments": [33088, 49425, 33663], "label": "washing powder"}, {"objectId": 39, "id": 39, "partId": 39, "index": 38, "dominantNormal": [0, -2.220446049250313e-16, 1], "obb": {"axesLengths": [4.4972232676353325, 2.25079000925742, 2.5857428183575593], "centroid": [-1.9068261961519049, 0.42189328012461025, -0.2516650221869714], "normalizedAxes": [0.6608046889305115, 0.7505578994750977, 1.6665733226230942e-16, 0, -2.220446049250313e-16, 1, 0.7505578994750977, -0.6608046889305115, -1.4672811608618363e-16]}, "segments": [65299, 60120, 41965, 38859, 59212, 60272, 58449, 46010, 49216, 49018, 21861, 55026, 22613, 54413, 22593, 54470, 20848, 21864, 56123, 46602, 31411, 48756, 66790, 49093, 67058, 19020, 19051, 46872, 38774, 31525, 42447, 65863, 31491, 61658, 30876, 30803, 41596, 64029, 65927, 18392, 54165, 20640, 17561, 7036, 50983, 48381], "label": "pipe"}], "scan_id": "5630cfc9-12bf-2860-84ed-5bb189f0e94e", "annId": "4726", "appId": "stk.v1"}