{"segGroups": [{"objectId": 14, "id": 14, "partId": 14, "index": 0, "dominantNormal": [-0.6773906350135803, -0.7356234788894653, -1.6334122474358844e-16], "obb": {"axesLengths": [0.4542511056016129, 0.9776299973361935, 0.21892191741940464], "centroid": [-0.6979909946504781, 0.7977041500630646, -1.0188150463373606], "normalizedAxes": [0.7356234788894653, -0.6773906350135803, -1.5041093593150652e-16, 0, -2.220446049250313e-16, 1, -0.6773906350135803, -0.7356234788894653, -1.6334122474358844e-16]}, "segments": [85125, 54985, 58412, 85114, 29025, 58386, 85271, 58469, 58532, 85194], "label": "roll"}, {"objectId": 15, "id": 15, "partId": 15, "index": 1, "dominantNormal": [0, -2.220446049250313e-16, 1], "obb": {"axesLengths": [1.7945199464078678, 1.187661978878185, 2.002522233771871], "centroid": [0.12122077988497115, 4.871831171584165, 0.056168884064502045], "normalizedAxes": [0.9799231290817261, -0.19937555491924286, -4.427026632375216e-17, 0, -2.220446049250313e-16, 1, -0.19937555491924286, -0.9799231290817261, -2.1758664405385232e-16]}, "segments": [34486, 85474, 61253, 84606, 58677, 57849, 85458, 85446, 30876, 30953, 30986, 31191, 31197, 57750, 57754, 57848, 59083, 59089, 59093, 59102, 60504, 60522, 60523, 75336, 75349, 84596, 84936, 84949, 84950, 84953, 61728, 31441, 28106, 79684, 20511, 28158, 28175, 28215, 31368, 31371, 59390, 59915, 61683, 75390, 84564, 84575, 51374, 46986, 20355, 84636, 31867, 42415, 42382], "label": "window"}, {"objectId": 16, "id": 16, "partId": 16, "index": 2, "dominantNormal": [0, -2.220446049250313e-16, 1], "obb": {"axesLengths": [0.907254712460713, 0.4439899822177738, 0.8386976441360712], "centroid": [0.9729083233540423, 0.3813377096038999, -1.3080050342086351], "normalizedAxes": [0.9085042476654053, 0.41787558794021606, 9.278701983200045e-17, 0, -2.220446049250313e-16, 1, 0.41787558794021606, -0.9085042476654053, -2.017284667455777e-16]}, "segments": [8228, 38327, 38319, 8023, 38731, 37597, 45706, 76981, 7770, 7897, 18829, 34048, 34061, 39910, 45762, 73819, 76076, 77214, 78812, 78813, 37721], "label": "cushion"}, {"objectId": 17, "id": 17, "partId": 17, "index": 3, "dominantNormal": [0.1311148703098297, -0.9913671612739563, -2.2012772966072542e-16], "obb": {"axesLengths": [1.599606019862884, 1.9837239239277547, 0.45342207008709157], "centroid": [2.3251587801083677, 3.282158444958938, -0.5519180608712604], "normalizedAxes": [0.9913671612739563, 0.1311148703098297, 2.9113349577742856e-17, 0, -2.220446049250313e-16, 1, 0.1311148703098297, -0.9913671612739563, -2.2012772966072542e-16]}, "segments": [23019, 67717, 91633, 69903, 71456, 68788, 89502, 70289, 70083, 91695, 91573, 69072, 69003, 70713, 87925, 68525, 87989, 89185, 66636, 89432, 67336, 65368, 65379, 65414, 15011, 69368, 69545, 65272, 65280, 65330, 65911, 65956, 65961, 66000, 66007, 66024, 66161, 66206, 66269, 66316, 66360, 66364, 66530, 66931, 67402, 67614, 67910, 67929, 68045, 68075, 68077, 68142, 68253, 68282, 68349, 68400, 68413, 68519, 68544, 68610, 68928, 68976, 69055, 69108, 69140, 69355, 69372, 69385, 69450, 69464, 69570, 69651, 69652, 69724, 69754, 69771, 69776, 69779, 69868, 69871, 69969, 69980, 70076, 70245, 70346, 70416, 70424, 70632, 70648, 70663, 70701, 70702, 70773, 70863, 70947, 71035, 71257, 71344, 71377, 71447, 71448, 87392, 87440, 87443, 87525, 87644, 87655, 87658, 87662, 87769, 87771, 87825, 87861, 87897, 87911, 88009, 88072, 88085, 88110, 88144, 88156, 88203, 88619, 88654, 89153, 89173, 89182, 89194, 89227, 89240, 89248, 89266, 89354, 89401, 89578, 91555, 91679, 91715, 65851, 87354, 65800, 87350, 69213, 65702, 65727, 65735, 65757, 68271, 68649, 86861, 87296, 65558, 70132, 67443, 87724, 67858, 69424, 69361, 91217, 67437, 91225, 65527], "label": "shelf"}, {"objectId": 18, "id": 18, "partId": 18, "index": 4, "dominantNormal": [0, -2.220446049250313e-16, 1], "obb": {"axesLengths": [2.824405125777101, 1.1433299226314588, 2.305190436316797], "centroid": [2.2068785045017982, 4.64084757872344, -0.9816650367011525], "normalizedAxes": [-0.5854212641716003, 0.8107292652130127, 1.8001805939538433e-16, 0, -2.220446049250313e-16, 1, 0.8107292652130127, 0.5854212641716003, 1.2998963331769538e-16]}, "segments": [76804, 57099, 77339, 57147, 40251, 39969, 77404, 40008, 78142, 46091, 88823, 70267, 7165, 20472, 38337, 76494, 73706, 7327, 16854, 76416, 70624, 70710, 35578, 85351, 85333, 88961, 2117, 14193, 16586, 16617, 16633, 16664, 16878, 16880, 16884, 18167, 18260, 22089, 22481, 22521, 22544, 23328, 25385, 25387, 25423, 25427, 25662, 26219, 26378, 30285, 30838, 30891, 30928, 31041, 31044, 31096, 31892, 33812, 35071, 35348, 35421, 36683, 36772, 36774, 36829, 36963, 37102, 42046, 42095, 42117, 42139, 42144, 42168, 42169, 42175, 42190, 45101, 45193, 45245, 45255, 45437, 54570, 54582, 54584, 55081, 55126, 55169, 57555, 57591, 58933, 59070, 59259, 59384, 59900, 60052, 60501, 60636, 61707, 65346, 65358, 65728, 65877, 66632, 66807, 67532, 69852, 70065, 70171, 70607, 73288, 73339, 73342, 73985, 74357, 74360, 74362, 74374, 74408, 74421, 74424, 74447, 74490, 75750, 76032, 76037, 76079, 76089, 76092, 77792, 77936, 77981, 77983, 77986, 77989, 78003, 80965, 83430, 84337, 85336, 87623, 88214, 88349, 88506, 88585, 79413, 76161, 19252, 38428, 59210, 1924, 1955, 2283, 2719, 2737, 2748, 2760, 2762, 2768, 2771, 2821, 2848, 3319, 3513, 3582, 4147, 4212, 4509, 4826, 4893, 4923, 4962, 5182, 5495, 5543, 6823, 7087, 7136, 7182, 7197, 7202, 7239, 7378, 7562, 13357, 13425, 13664, 13679, 13743, 13919, 13926, 14442, 14448, 16464, 16753, 18196, 18206, 18211, 18215, 18293, 19649, 19700, 19759, 19853, 19880, 20039, 20041, 20158, 20176, 20208, 20211, 20311, 20412, 20452, 20629, 20808, 26795, 34731, 37504, 37944, 38017, 38029, 38177, 38214, 40013, 40170, 40270, 40283, 40306, 40724, 40752, 40756, 40762, 40793, 40802, 40806, 40811, 40815, 40851, 40892, 43082, 43090, 43189, 43199, 45615, 46009, 46031, 46107, 46238, 47150, 49739, 59969, 60423, 60494, 61679, 67368, 68006, 68043, 68275, 70137, 71704, 71727, 71844, 71859, 71864, 71953, 71956, 71968, 72098, 72715, 72732, 72740, 72764, 72795, 72798, 72815, 72820, 73020, 73027, 73052, 73054, 73323, 73331, 73333, 74653, 74655, 74658, 74671, 74675, 74676, 74709, 74775, 74944, 74947, 74957, 76384, 76510, 76918, 77034, 77354, 77616, 77621, 77623, 77630, 77634, 77638, 77944, 78056, 79440, 87447, 87766, 90806, 56902], "label": "desk"}, {"objectId": 19, "id": 19, "partId": 19, "index": 5, "dominantNormal": [-0.03577391803264618, -0.9993599057197571, -2.2190247544346e-16], "obb": {"axesLengths": [0.38021727201598454, 0.8963079848220645, 0.3017589409748719], "centroid": [0.454862781092612, 5.0858774714773185, -1.073546086307035], "normalizedAxes": [0.9993599057197571, -0.03577391803264618, -7.943405496179374e-18, 0, -2.220446049250313e-16, 1, -0.03577391803264618, -0.9993599057197571, -2.2190247544346e-16]}, "segments": [34652, 50623, 81063, 76127, 49969, 50087, 47504, 47486, 47520, 48306, 49954, 49958, 50004, 50015, 50018, 50055, 50128, 50133, 50589, 50703, 50739, 51481, 55350, 55488, 76124, 80281, 80464, 80472, 82024], "label": "guitar"}, {"objectId": 20, "id": 20, "partId": 20, "index": 6, "dominantNormal": [0.10919416695833206, -0.9940204620361328, -2.207168807802102e-16], "obb": {"axesLengths": [1.3761726295934475, 0.7003869853827283, 0.3340968781806326], "centroid": [0.015849875748804698, 5.3566786928599, -1.1398065716671995], "normalizedAxes": [0.9940204620361328, 0.10919415950775146, 2.4245974008019525e-17, 0, -2.220446049250313e-16, 1, 0.10919415950775146, -0.9940204620361328, -2.207168807802102e-16]}, "segments": [57308, 56582, 56114, 80969, 49163, 52833, 80037, 48906, 48868, 80755, 82060, 49051, 49129, 82038, 50943, 50818, 80523, 82231, 82000, 81972, 820, 894, 935, 974, 1026, 1201, 1239, 1327, 1395, 1568, 1713, 1814, 1829, 19583, 19608, 19627, 19646, 19648, 19667, 48019, 48074, 48141, 48161, 48178, 48181, 48183, 48188, 48196, 48825, 48829, 48877, 48927, 48937, 49011, 49036, 49061, 49095, 49135, 49143, 49167, 49187, 50708, 50724, 50801, 50803, 50852, 50898, 50933, 50941, 50975, 50995, 51003, 51012, 51601, 51650, 51669, 51716, 51741, 51748, 51753, 51755, 52065, 52100, 52101, 52160, 52207, 52217, 52228, 52250, 52312, 52394, 52399, 52937, 52971, 53352, 53400, 53424, 53517, 53563, 53567, 53650, 53697, 53748, 53826, 54580, 55408, 55441, 55748, 55777, 55795, 55840, 55887, 55923, 55942, 55951, 55966, 56100, 56102, 56104, 56125, 56138, 56205, 56214, 56239, 56264, 56303, 56316, 56350, 56392, 56438, 56493, 56508, 56516, 56528, 56561, 56599, 56601, 56635, 56659, 56669, 56679, 56708, 57076, 57174, 57180, 57194, 57201, 57266, 57298, 57456, 57458, 57498, 57524, 57547, 57559, 57577, 57579, 74092, 74093, 79480, 79481, 79919, 79942, 79947, 80088, 80116, 80161, 80212, 80479, 80502, 80517, 80600, 80663, 80672, 80788, 80909, 80926, 80978, 80994, 81010, 81014, 81088, 81103, 81148, 81160, 81165, 81237, 81240, 81268, 81273, 81332, 81350, 81354, 81360, 81474, 81496, 81523, 81554, 81557, 81611, 81631, 81636, 81639, 81828, 81835, 81850, 81987, 82127, 82139, 82241, 82244, 82341, 82365, 82473, 82485, 82495, 82523, 82548, 82580, 82744, 82751, 82792, 82827, 82857, 82925, 82939, 82942, 82949, 82982, 83070, 83094, 83167, 83222, 83493, 56585, 74126, 82375], "label": "heater"}, {"objectId": 22, "id": 22, "partId": 22, "index": 7, "dominantNormal": [0.9989423155784607, 0.04598075523972511, 1.0209778631359326e-17], "obb": {"axesLengths": [0.8626113248773679, 0.5708810112428436, 0.3662875642579809], "centroid": [2.797229857087704, 4.735715654377188, -0.5045595863042898], "normalizedAxes": [-0.04598075523972511, 0.9989423155784607, 2.2180975180551525e-16, 0, -2.220446049250313e-16, 1, 0.9989423155784607, 0.04598075523972511, 1.0209778631359326e-17]}, "segments": [62429, 73915, 24787, 22235, 22416, 22169, 17813, 21591, 22404, 34543, 73801, 75421, 74538, 26218, 570, 606, 21702, 21704, 22148, 22162, 22262, 24867, 25775, 25801, 25899, 25905, 25916, 25933, 26363, 26426, 29619, 29866, 32166, 34433, 35401, 35414, 35449, 35668, 36044, 36048, 36073, 62215, 73806, 73809, 74392, 74439, 74630, 75439, 75738, 75745, 85319, 21692, 24661, 21860, 26172, 29888, 62461, 74622, 26075, 16919, 18306, 21905, 25634, 25650, 25674, 25841, 25982, 26008, 26015, 26157, 35165, 35344, 35674, 65770, 73844, 74388, 74632, 86838], "label": "monitor"}, {"objectId": 23, "id": 23, "partId": 23, "index": 8, "dominantNormal": [0.9875612854957581, 0.15723438560962677, 3.4913047033319604e-17], "obb": {"axesLengths": [0.9357611039650393, 2.0599998967349546, 0.3328381648541512], "centroid": [-1.384136744932539, 3.4088090094003194, -0.500000076950045], "normalizedAxes": [-0.15723440051078796, 0.9875612854957581, 2.1928265547716165e-16, 0, -2.220446049250313e-16, 1, 0.9875612854957581, 0.15723440051078796, 3.4913050342042054e-17]}, "segments": [11598, 11289, 11667, 11627, 9638, 9818, 9830, 9844, 9850, 10008, 10048, 10062, 10119, 10156, 10157, 10219, 10243, 10250, 10279, 10285, 10293, 10315, 10329, 10421, 10479, 10495, 10497, 10565, 10605, 10622, 10634, 10677, 10737, 10756, 10847, 10966, 72642, 72659, 72683, 72684, 72947, 10832, 73109, 11009, 11633, 72853, 44136, 29173, 9950, 72807], "label": "door"}, {"objectId": 24, "id": 24, "partId": 24, "index": 9, "dominantNormal": [0.9418323636054993, 0.3360830247402191, 7.462542245045148e-17], "obb": {"axesLengths": [0.17948878161158494, 0.4071259854631276, 0.1429359804106877], "centroid": [-0.9966170626706441, 2.3499688726457237, -0.0935630839122179], "normalizedAxes": [-0.3360830247402191, 0.9418323636054993, 2.0912879508239152e-16, 0, -2.220446049250313e-16, 1, 0.9418323636054993, 0.3360830247402191, 7.462542245045148e-17]}, "segments": [48488, 80007, 48612, 48579, 48415, 48456, 48458, 48541, 48542], "label": "ukulele"}, {"objectId": 25, "id": 25, "partId": 25, "index": 10, "dominantNormal": [0, -2.220446049250313e-16, 1], "obb": {"axesLengths": [0.2725137793505607, 0.18607997478365945, 0.27024092804060457], "centroid": [-0.9390289279087769, 2.719714629073582, -1.4028800101535048], "normalizedAxes": [0.15314587950706482, 0.9882035851478577, 2.194252746496556e-16, 0, -2.220446049250313e-16, 1, 0.9882035851478577, -0.15314587950706482, -3.4005216311042656e-17]}, "segments": [42083, 77737, 77774, 41953, 77761, 19143], "label": "box"}, {"objectId": 26, "id": 26, "partId": 26, "index": 11, "dominantNormal": [0.9619619846343994, 0.2731834352016449, 6.065890794141213e-17], "obb": {"axesLengths": [0.2499072066228439, 0.17812001307040415, 0.1018101427339216], "centroid": [-0.5399542667353516, 2.129687952880778, -1.3990600081598785], "normalizedAxes": [-0.2731834352016449, 0.9619619846343994, 2.1359846883104426e-16, 0, -2.220446049250313e-16, 1, 0.9619619846343994, 0.2731834352016449, 6.065890794141213e-17]}, "segments": [37307, 37390, 37314], "label": "item"}, {"objectId": 27, "id": 27, "partId": 27, "index": 12, "dominantNormal": [0, -2.220446049250313e-16, 1], "obb": {"axesLengths": [0.35613602913462733, 0.13999999746680258, 0.3337569704670792], "centroid": [-0.7835423536681219, 1.5297894496103734, -0.24000008484766022], "normalizedAxes": [-0.24515189230442047, 0.9694846868515015, 2.1526884427280934e-16, 0, -2.220446049250313e-16, 1, 0.9694846868515015, 0.24515189230442047, 5.4434655073358867e-17]}, "segments": [26717, 26704, 75033, 76010, 26772, 26781, 33959, 33966, 75045, 76004], "label": "basket"}, {"objectId": 28, "id": 28, "partId": 28, "index": 13, "dominantNormal": [0.9857362508773804, 0.1682976484298706, 3.7369584855422434e-17], "obb": {"axesLengths": [0.3693744057529061, 0.2017300083846596, 0.13402272023106848], "centroid": [-0.6388525632803927, 1.205604190159701, -1.230865062292406], "normalizedAxes": [-0.1682976484298706, 0.9857362508773804, 2.1887741638634947e-16, 0, -2.220446049250313e-16, 1, 0.9857362508773804, 0.1682976484298706, 3.7369584855422434e-17]}, "segments": [29919], "label": "box"}, {"objectId": 29, "id": 29, "partId": 29, "index": 14, "dominantNormal": [0, -2.220446049250313e-16, 1], "obb": {"axesLengths": [0.7531968269937984, 0.3889499815788124, 0.4153356954916334], "centroid": [0.9660990793683781, 5.2581468607513795, -0.5755250610521827], "normalizedAxes": [-0.1002112329006195, 0.9949662089347839, 2.2092687877668025e-16, 0, -2.220446049250313e-16, 1, 0.9949662089347839, 0.1002112329006195, 2.2251363618468358e-17]}, "segments": [39662, 39638, 80811, 51997, 51836, 84578, 59502, 82708, 33673, 33717, 33831, 39644, 40238, 51126, 51182, 51882, 51903, 51934, 51937, 51994, 59212, 77418, 79153, 79161, 80791, 80801, 80806, 80858, 80861, 84400, 80820, 47131, 33826, 84385], "label": "printer"}, {"objectId": 30, "id": 30, "partId": 30, "index": 15, "dominantNormal": [0.11029722541570663, -0.9938986301422119, -2.2068982866545726e-16], "obb": {"axesLengths": [0.5998149770486615, 0.6334490038428675, 0.5160856417422053], "centroid": [1.3064315679885925, 5.318133520436403, -1.1969155984916804], "normalizedAxes": [0.9938986301422119, 0.11029722541570663, 2.4490903841757702e-17, 0, -2.220446049250313e-16, 1, 0.11029722541570663, -0.9938986301422119, -2.2068982866545726e-16]}, "segments": [40378, 19799, 39503, 23493, 23354, 23355, 39305, 39472, 39522, 43008, 43042, 43409, 43414, 74637, 74638, 77390, 77497, 77515, 77992, 77994, 77999, 78132, 34186, 19401, 19476, 34215, 34224, 39366, 42969, 43130, 43448, 78096, 78135, 38201, 77143, 78028, 38220, 76955, 32325, 76933, 32398, 38225, 76813, 38268, 76816], "label": "stand"}, {"objectId": 31, "id": 31, "partId": 31, "index": 16, "dominantNormal": [0, -2.220446049250313e-16, 1], "obb": {"axesLengths": [0.5620123408900766, 0.3502710085301621, 0.4458822029106595], "centroid": [2.066708653912422, 5.507693944149111, -0.6148645876606305], "normalizedAxes": [0.5958155393600464, 0.8031213283538818, 1.7832875806120404e-16, 0, -2.220446049250313e-16, 1, 0.8031213283538818, -0.5958155393600464, -1.3229762604539594e-16]}, "segments": [28098, 43024, 37712, 38321, 27872, 37603, 37693, 37797, 38363, 38394, 38411, 38453, 73691, 74953, 76183, 76186, 76189, 76520, 76525, 28382, 28101, 19931, 19935, 20010, 28291, 76245, 76523, 28072], "label": "organizer"}, {"objectId": 32, "id": 32, "partId": 32, "index": 17, "dominantNormal": [0, -2.220446049250313e-16, 1], "obb": {"axesLengths": [0.478393843793882, 0.27999999493360533, 0.5178322307596844], "centroid": [1.6807070221259548, 5.50912185439586, -0.6100000738953069], "normalizedAxes": [0.6663432121276855, 0.7456451654434204, 1.655664861751439e-16, 0, -2.220446049250313e-16, 1, 0.7456451654434204, -0.6663432121276855, -1.4795791528136827e-16]}, "segments": [39518, 79101, 77540, 46764, 43083, 46747, 78821, 39392, 39428, 39436, 77500, 77502, 77520, 77535, 78460, 78466], "label": "organizer"}, {"objectId": 34, "id": 34, "partId": 34, "index": 18, "dominantNormal": [0.06301386654376984, -0.9980126619338989, -2.2160332722929142e-16], "obb": {"axesLengths": [0.5782440619044159, 0.7551300356880565, 0.4601142328688518], "centroid": [2.7724374609846385, 3.6449878331367054, -1.140465083767959], "normalizedAxes": [0.9980126619338989, 0.06301386654376984, 1.399188910151002e-17, 0, -2.220446049250313e-16, 1, 0.06301386654376984, -0.9980126619338989, -2.2160332722929142e-16]}, "segments": [31204, 67792, 82735, 87433, 58796, 515, 54480, 31573], "label": "drawer"}, {"objectId": 35, "id": 35, "partId": 35, "index": 19, "dominantNormal": [0.7978442311286926, 0.6028636693954468, 1.3386262529456667e-16], "obb": {"axesLengths": [0.638128219106793, 0.654250011125579, 0.591044939127385], "centroid": [2.063066370601753, 4.599103067198134, -1.1628750587957741], "normalizedAxes": [-0.6028636693954468, 0.7978442311286926, 1.7715700709268592e-16, 0, -2.220446049250313e-16, 1, 0.7978442311286926, 0.6028636693954468, 1.3386262529456667e-16]}, "segments": [56031, 56641, 55947, 56499, 55925, 81888, 82599, 58550, 61527, 64626, 44392, 42103, 44469, 45740, 47341, 55679, 55688, 55734, 55761, 55830, 56814, 56836, 56898, 57005, 57056, 57057, 64614, 81356, 81822, 81829, 81901, 86558, 86531], "label": "ball"}, {"objectId": 36, "id": 36, "partId": 36, "index": 20, "dominantNormal": [0.21398897469043732, -0.976836085319519, -2.1690118264128678e-16], "obb": {"axesLengths": [0.4356042311752477, 0.41973995224222627, 0.22119221308507994], "centroid": [2.3914261645355586, 4.0883311175579164, -1.3001300687169297], "normalizedAxes": [0.976836085319519, 0.21398897469043732, 4.751509734345068e-17, 0, -2.220446049250313e-16, 1, 0.21398897469043732, -0.976836085319519, -2.1690118264128678e-16]}, "segments": [62616, 85834, 60783, 41846, 60678, 60784, 62630, 62795, 62828, 62861, 62870, 62921, 62990, 63007, 63080, 84369, 84377, 85712, 85983, 85999, 86005, 86427, 41850, 62807, 63500, 41573, 62881, 63640, 85866], "label": "pc"}, {"objectId": 37, "id": 37, "partId": 37, "index": 21, "dominantNormal": [0.28853410482406616, -0.957469642162323, -2.126009684216441e-16], "obb": {"axesLengths": [0.6072687728990648, 0.4154299404748542, 0.31771482327964967], "centroid": [2.6163872044273946, 4.445620622024741, -1.3083950273906835], "normalizedAxes": [0.957469642162323, 0.2885340750217438, 6.406743469561244e-17, 0, -2.220446049250313e-16, 1, 0.2885340750217438, -0.957469642162323, -2.126009684216441e-16]}, "segments": [44020, 86562, 86461, 86720, 86452, 43997, 90680, 32417, 32482, 42044, 63688, 63720, 63785, 63902, 75311, 86446, 86493, 43927, 42015, 32303, 32384, 42211, 25236, 32334, 32226, 25141, 32276, 32319, 32209, 32249], "label": "item"}, {"objectId": 41, "id": 41, "partId": 41, "index": 24, "dominantNormal": [0.29898059368133545, -0.9542592167854309, -2.118881107871908e-16], "obb": {"axesLengths": [0.2795299893767298, 0.25405603079372563, 0.15672038485389894], "centroid": [1.6172739848971198, 2.200661350486226, -0.8907320883561979], "normalizedAxes": [0.9542592167854309, 0.29898059368133545, 6.638702780422344e-17, 0, -2.220446049250313e-16, 1, 0.29898059368133545, -0.9542592167854309, -2.118881107871908e-16]}, "segments": [8465, 1428, 1421, 1432, 18281, 19553, 71847, 72596, 1381, 72599, 73788], "label": "plant"}, {"objectId": 42, "id": 42, "partId": 42, "index": 25, "dominantNormal": [-0.6208813190460205, -0.7839045524597168, -1.740617766498513e-16], "obb": {"axesLengths": [0.15082612222680533, 0.15802991037003888, 0.11242084914510524], "centroid": [1.321030989673901, 2.4729687094905493, -0.9362150506631677], "normalizedAxes": [0.7839045524597168, -0.6208813190460205, -1.3786334719290594e-16, 0, -2.220446049250313e-16, 1, -0.6208813190460205, -0.7839045524597168, -1.740617766498513e-16]}, "segments": [91749, 71646], "label": "candle"}, {"objectId": 43, "id": 43, "partId": 43, "index": 26, "dominantNormal": [0, -2.220446049250313e-16, 1], "obb": {"axesLengths": [0.8954917050658239, 0.3041750124653797, 0.7053976383402464], "centroid": [3.0573155081925205, 1.1594934330757143, -0.9379125909084277], "normalizedAxes": [-0.5680925250053406, 0.8229646682739258, 1.827348646341433e-16, 0, -2.220446049250313e-16, 1, 0.8229646682739258, 0.5680925250053406, 1.2614188027567432e-16]}, "segments": [75969, 23843, 24891, 24122, 73307], "label": "pillow"}, {"objectId": 44, "id": 44, "partId": 44, "index": 27, "dominantNormal": [0, -2.220446049250313e-16, 1], "obb": {"axesLengths": [0.7683234793367607, 0.3216670083627027, 0.5415212983318677], "centroid": [2.920581694780994, 1.996149349298137, -0.9141565940200584], "normalizedAxes": [-0.19781307876110077, 0.980239748954773, 2.1765694778847443e-16, 0, -2.220446049250313e-16, 1, 0.980239748954773, 0.19781307876110077, 4.392332692251272e-17]}, "segments": [44558, 86795, 62545, 63296, 86819], "label": "pillow"}, {"objectId": 45, "id": 45, "partId": 45, "index": 28, "dominantNormal": [0, -2.220446049250313e-16, 1], "obb": {"axesLengths": [0.7540443883586226, 0.4244930053243114, 0.5915609856912447], "centroid": [2.8291961935045222, 2.681031726564388, -0.8977535749584412], "normalizedAxes": [-0.24519763886928558, 0.969473123550415, 2.1526627670418797e-16, 0, -2.220446049250313e-16, 1, 0.969473123550415, 0.24519763886928558, 5.444481285128102e-17]}, "segments": [66602, 63853, 64505, 63745, 66794], "label": "pillow"}, {"objectId": 1, "id": 1, "partId": 1, "index": 29, "dominantNormal": [0, -2.220446049250313e-16, 1], "obb": {"axesLengths": [8.355724853149091, 0.5660199992503239, 4.983616756211887], "centroid": [0.40598072639667493, 2.0514631591085797, -1.3130100361185542], "normalizedAxes": [0.2457880675792694, 0.9693235754966736, 2.1523307036567764e-16, 0, -2.220446049250313e-16, 1, 0.9693235754966736, -0.2457880675792694, -5.457591436092577e-17]}, "segments": [38466, 1518, 2144, 2336, 3099, 4173, 5422, 5759, 5773, 5780, 5792, 5798, 7497, 8199, 11413, 15648, 18707, 19184, 19237, 19258, 19307, 19728, 21659, 22921, 22925, 22932, 22948, 22972, 23044, 23274, 23278, 23445, 23549, 23570, 25486, 27504, 29059, 31346, 31352, 33233, 33243, 34253, 34279, 37296, 40819, 40927, 40932, 40940, 40967, 40974, 40981, 42178, 42351, 44080, 52799, 55997, 56011, 56035, 56982, 57628, 67082, 72349, 72577, 74648, 75740, 77650, 81086, 82344, 83192, 83427, 90214, 90842, 90975, 7457, 5435, 7594, 7056, 11364, 8595, 36436, 32868, 58161, 38709, 38714, 41689, 32905, 33016, 90708, 38639, 20121, 8747, 58781, 91050, 46923, 21624, 90048, 8926, 12572, 12453, 15176, 2491, 3984, 32850, 91029, 19481, 2157, 71757, 89998, 49440, 49487, 62991, 91143], "label": "floor"}, {"objectId": 2, "id": 2, "partId": 2, "index": 30, "dominantNormal": [0.7165513634681702, 0.6975343227386475, 1.5488373311415226e-16], "obb": {"axesLengths": [1.1276296484912502, 1.0072840227048685, 0.8147192418186254], "centroid": [-0.9581137615044504, 4.742239472434388, -1.0405280642693953], "normalizedAxes": [-0.6975343227386475, 0.7165513634681702, 1.5910636440978236e-16, 0, -2.220446049250313e-16, 1, 0.7165513634681702, 0.6975343227386475, 1.5488373311415226e-16]}, "segments": [73753, 5314, 5724, 5290, 3553, 4473, 2013, 4737, 4939, 5096, 5154, 5164, 5251, 5253, 5275, 5278, 5332, 5725, 5729, 5735, 6646, 6660, 6733, 6734, 6777, 6833, 7113, 7132, 7137, 27159, 72024, 72360, 72487, 72556, 72559, 72561, 72562, 75184, 1773, 1791, 12190, 75068, 4012, 5894, 7536, 4553], "label": "armchair"}, {"objectId": 3, "id": 3, "partId": 3, "index": 31, "dominantNormal": [0.9894390106201172, 0.14494961500167847, 3.2185279997083086e-17], "obb": {"axesLengths": [5.503020826223279, 2.5613998794242767, 0.18151668956030786], "centroid": [-1.086199845847367, 2.4527061057485717, -0.2463100782717036], "normalizedAxes": [-0.14494962990283966, 0.9894390106201172, 2.1969959421055778e-16, 0, -2.220446049250313e-16, 1, 0.9894390106201172, 0.14494962990283966, 3.2185283305805537e-17]}, "segments": [49611, 15205, 9210, 7013, 22766, 24257, 30693, 58577, 60829, 52793, 83773, 25383, 50379, 44527, 43639, 44515, 45094], "label": "wall"}, {"objectId": 4, "id": 4, "partId": 4, "index": 32, "dominantNormal": [0.1498280167579651, -0.9887120723724365, -2.1953818149454663e-16], "obb": {"axesLengths": [4.2346053487429645, 2.6076199425543845, 0.6238249204099261], "centroid": [1.3549279889794583, 0.03350425836306514, -0.2338100308673856], "normalizedAxes": [0.9887120723724365, 0.1498280167579651, 3.326850278772333e-17, 0, -2.220446049250313e-16, 1, 0.1498280167579651, -0.9887120723724365, -2.1953818149454663e-16]}, "segments": [15276, 17368, 3461, 830, 86054, 7513, 2984, 3029, 3030, 5026, 5123, 5133, 9760, 12820, 12825, 12853, 12880, 12999, 13019, 13142, 13234, 13253, 14974, 15396, 15437, 15446, 15453, 15582, 15845, 18820, 18854, 23980, 24050, 24192, 24215, 24217, 24297, 24319, 24551, 24645, 24697, 24700, 26512, 26674, 27470, 27493, 27731, 30653, 30681, 30725, 30796, 30800, 33905, 34343, 34459, 35497, 35612, 35619, 35820, 35865, 37162, 38557, 41420, 44433, 44498, 50283, 50284, 50291, 50335, 50380, 61972, 61978, 72294, 72334, 73365, 74780, 74783, 76515, 76517, 76558, 76683, 76714, 80385, 86015, 86110, 86153, 86188, 86349, 21021, 80391, 50247, 36703, 27569, 14947, 673, 636, 640, 644, 681, 704, 737, 749, 750, 15429, 15519, 24043, 24170, 24724, 25098, 26516, 26518, 27603, 27622, 35752, 35763, 37643, 38782, 71770, 71772, 71797, 71802, 73817, 74679, 76681, 76758, 77029, 77209, 80415], "label": "wall"}, {"objectId": 5, "id": 5, "partId": 5, "index": 33, "dominantNormal": [0.9915012121200562, 0.1300974041223526, 2.888742670011992e-17], "obb": {"axesLengths": [5.451259232270666, 2.6369999057725093, 0.2923101305227034], "centroid": [3.136276480706181, 3.11922566220423, -0.2374100917267068], "normalizedAxes": [-0.1300974041223526, 0.9915012121200562, 2.2015749492788753e-16, 0, -2.220446049250313e-16, 1, 0.9915012121200562, 0.1300974041223526, 2.888742670011992e-17]}, "segments": [2482, 600, 1615, 40, 109, 443, 414, 25103, 1221, 318, 337, 433, 2248, 13439, 13443, 13744, 35444, 36543, 71694, 71696, 71759, 73234, 73278, 73282, 87021, 64939, 62106, 64258, 73266, 23298, 66685, 65433, 64986, 87051, 21285, 25301, 5749, 4490, 16213, 13778, 13710, 72999, 2798, 73043, 75515, 86958], "label": "wall"}, {"objectId": 6, "id": 6, "partId": 6, "index": 34, "dominantNormal": [0, -2.220446049250313e-16, 1], "obb": {"axesLengths": [6.137036862979959, 1.4904499912906444, 5.136634835524149], "centroid": [0.9807830018991455, 2.7963905987301367, 0.3752249110211787], "normalizedAxes": [0.025602877140045166, 0.9996721744537354, 2.2197181303112664e-16, 0, -2.220446049250313e-16, 1, 0.9996721744537354, -0.025602877140045166, -5.684980739505444e-18]}, "segments": [47914, 11395, 13034, 51297, 41861, 79985, 20554, 14701, 44165, 26468, 27937, 22149, 12006, 27870, 26111, 31112, 43589, 44294, 28985, 33653, 50208, 50080, 10876, 8552, 10670, 11610, 33951, 29289, 30583, 25965, 30050, 9381, 14879, 17469, 60424, 44457, 42356, 39340, 53162, 54005, 64477, 44497, 71676, 71686, 55062, 37087, 39789, 39346, 11929, 11704, 29128, 11686, 11725], "label": "ceiling"}, {"objectId": 7, "id": 7, "partId": 7, "index": 35, "dominantNormal": [0.12979364395141602, -0.9915410280227661, -2.201663358342745e-16], "obb": {"axesLengths": [4.334420666623643, 1.216139915224762, 0.2476912745321463], "centroid": [0.6230950758671904, 5.493635660838153, -0.9380700514752436], "normalizedAxes": [0.9915410280227661, 0.12979364395141602, 2.881997839297235e-17, 0, -2.220446049250313e-16, 1, 0.12979364395141602, -0.9915410280227661, -2.201663358342745e-16]}, "segments": [12164, 52661, 54195, 59117, 84975, 84552, 47051, 28498, 8033, 59321, 33168, 33211, 1479, 60223, 56855, 79015, 6600, 35106, 19526, 2918, 3851], "label": "wall"}, {"objectId": 8, "id": 8, "partId": 8, "index": 36, "dominantNormal": [0.9977145791053772, 0.0675695464015007, 1.5003453235684794e-17], "obb": {"axesLengths": [0.9623073002042241, 1.9999669939286924, 0.16606797539223075], "centroid": [-0.613889511707927, 0.29513922071367626, -0.49924658484995876], "normalizedAxes": [-0.0675695464015007, 0.9977145791053772, 2.2153713954539738e-16, 0, -2.220446049250313e-16, 1, 0.9977145791053772, 0.0675695464015007, 1.5003453235684794e-17]}, "segments": [38416, 76355, 28483, 38983, 23935, 34812, 74802, 81797, 58455, 18244, 38977, 52684, 52694, 58641, 83554, 18166, 24524, 28016, 34323, 35882], "label": "door"}, {"objectId": 9, "id": 9, "partId": 9, "index": 37, "dominantNormal": [0, -2.220446049250313e-16, 1], "obb": {"axesLengths": [2.66753609581688, 0.8324599676029381, 1.7289113756082435], "centroid": [2.6514883859245995, 1.764686465818757, -1.126230034599977], "normalizedAxes": [0.1272812783718109, 0.9918666481971741, 2.2023863803725653e-16, 0, -2.220446049250313e-16, 1, 0.9918666481971741, -0.1272812783718109, -2.8262121170421686e-17]}, "segments": [23659, 91448, 65050, 24897, 86488, 24944, 68898, 69141, 69167, 69157, 63021, 31247, 19106, 6318, 6055, 5516, 31744, 31741, 396, 14047, 14055, 14466, 14527, 14551, 14771, 14938, 27327, 31338, 62426, 62587, 63099, 63425, 63448, 63449, 64540, 64556, 65217, 66767, 66870, 68809, 74900, 86665, 86731, 86734, 88077, 91487, 21528, 7675, 16495, 15312, 66811, 87500], "label": "couch"}, {"objectId": 10, "id": 10, "partId": 10, "index": 38, "dominantNormal": [0.9861868619918823, 0.16563645005226135, 3.6778680113039053e-17], "obb": {"axesLengths": [1.5002815352447836, 0.4999999776482586, 0.032495569542102865], "centroid": [3.2845105231492506, 2.1085967143607047, -0.20000007732257408], "normalizedAxes": [-0.16563643515110016, 0.9861868619918823, 2.1897747215324388e-16, 0, -2.220446049250313e-16, 1, 0.9861868619918823, 0.16563643515110016, 3.6778676804316603e-17]}, "segments": [62284], "label": "picture"}, {"objectId": 12, "id": 12, "partId": 12, "index": 39, "dominantNormal": [0.9928432106971741, 0.11942499876022339, 2.6517676667886156e-17], "obb": {"axesLengths": [1.1165245351950528, 0.7349559500450796, 0.7309043402665121], "centroid": [1.6131536866414466, 2.1298199654937253, -1.1311820479818748], "normalizedAxes": [-0.11942499876022339, 0.9928432106971741, 2.2045547847175363e-16, 0, -2.220446049250313e-16, 1, 0.9928432106971741, 0.11942499876022339, 2.6517676667886156e-17]}, "segments": [31978, 77122, 37762, 71454, 4243, 18290, 77071, 86623, 6248, 5935, 4273, 55495, 86597, 1259, 1322, 4267, 4337, 4346, 6341, 6344, 6480, 6523, 6571, 15866, 16111, 18338, 23738, 26927, 32003, 37842, 41152, 41159, 55377, 62948, 71269, 71529, 71644, 72372, 72375, 72383, 73774, 73794, 74942, 86718, 89592, 91852, 91871, 67170, 15982, 34155, 15934, 71510, 91782, 1373, 74058], "label": "couch table"}, {"objectId": 13, "id": 13, "partId": 13, "index": 40, "dominantNormal": [0.9940257668495178, 0.10914592444896698, 2.423526367344819e-17], "obb": {"axesLengths": [1.5812409357831556, 1.7084099566546829, 0.4571672375333172], "centroid": [-0.7832745735033575, 1.7597582028164112, -0.6557950665107013], "normalizedAxes": [-0.10914591699838638, 0.9940257668495178, 2.2071805868540247e-16, 0, -2.220446049250313e-16, 1, 0.9940257668495178, 0.10914591699838638, 2.4235262019086963e-17]}, "segments": [77850, 25127, 54697, 76866, 35331, 32765, 79261, 47842, 79189, 59705, 18884, 58932, 40606, 46755, 46746, 39147, 47472, 30345, 33337, 33556, 33486, 78390, 78487, 44674, 45279, 78597, 78677, 78710, 18914, 18929, 20571, 20632, 20664, 20693, 20789, 20795, 20803, 20813, 20824, 20832, 20880, 20910, 20925, 25138, 25175, 25194, 28542, 29415, 29447, 29470, 33409, 33452, 33480, 33548, 35226, 35265, 35299, 35310, 35325, 35335, 39057, 39078, 39184, 39205, 40630, 40679, 42805, 42840, 43233, 43361, 43753, 43756, 43773, 43825, 43835, 43857, 43910, 43958, 44654, 44726, 44743, 44809, 44816, 44846, 44860, 44877, 45195, 45213, 45230, 45246, 46129, 46166, 46216, 46505, 46506, 46518, 46545, 46575, 46601, 46631, 46638, 47286, 47295, 47324, 47451, 47467, 47643, 47859, 47877, 47881, 47911, 47933, 47945, 47959, 48510, 54763, 54816, 54826, 56754, 58847, 58878, 59830, 59878, 60978, 60986, 60994, 61003, 61094, 61097, 61133, 61320, 61403, 61457, 61480, 74165, 74168, 74182, 74185, 74196, 74202, 75289, 76393, 76414, 76832, 77261, 77592, 77605, 77700, 77890, 77932, 78190, 78201, 78284, 78290, 78478, 78508, 78510, 78512, 78528, 78530, 78536, 78588, 78734, 78871, 78957, 79195, 79230, 79310, 79448, 79460, 79474, 79965, 83920, 83934, 84103, 84904, 85080, 85325, 85330, 85331, 85365, 85650, 85669, 18895, 20887, 33526, 30372, 78934, 20831, 42772, 45545, 78779, 78784, 78786], "label": "shelf"}, {"objectId": 46, "id": 46, "initialPoint": [-0.8024862632590328, 4.27223992252639, -0.8799594417381664], "index": 41, "dominantNormal": [0, -2.220446049250313e-16, 1], "obb": {"axesLengths": [0.7445912680901029, 0.22000002369284566, 0.3405722734995511], "centroid": [-0.9519635086037492, 4.448939260089949, -0.9600001048152156], "normalizedAxes": [0.793996274471283, -0.6079226136207581, -1.3498593656641368e-16, 0, -2.220446049250313e-16, 1, -0.6079226136207581, -0.793996274471283, -1.7630258907692275e-16]}, "segments": [4730, 5212, 5242, 72490], "partId": 46, "label": "pillow"}, {"objectId": 47, "id": 47, "initialPoint": [-0.8312085058647887, 4.3898347017315675, -0.7652120801300493], "index": 42, "dominantNormal": [0, -2.220446049250313e-16, 1], "obb": {"axesLengths": [0.6273942078701098, 0.19999998360872295, 0.34349357401490394], "centroid": [-0.9554445539548917, 4.593842301656128, -0.8300000826869918], "normalizedAxes": [0.747219443321228, -0.6645773649215698, -1.4756581843612833e-16, 0, -2.220446049250313e-16, 1, -0.6645773649215698, -0.747219443321228, -1.659160460845639e-16]}, "segments": [72171, 4843, 4901, 4650], "partId": 47, "label": "pillow"}, {"objectId": 48, "id": 48, "initialPoint": [-0.6658212474081853, 4.45505126551835, -0.8502946477019165], "index": 43, "dominantNormal": [-0.6932132840156555, -0.7207325100898743, -1.6003476545953227e-16], "obb": {"axesLengths": [0.6650536544582345, 0.37999992713332303, 0.28046775202391094], "centroid": [-0.8041967307835383, 4.72666581531073, -0.8600000534062107], "normalizedAxes": [0.7207325100898743, -0.6932132840156555, -1.5392426977803975e-16, 0, -2.220446049250313e-16, 1, -0.6932132840156555, -0.7207325100898743, -1.6003476545953227e-16]}, "segments": [4668, 17953, 3307, 72242], "partId": 48, "label": "pillow"}, {"objectId": 49, "id": 49, "initialPoint": [-0.5209883745880484, 4.545578303792116, -0.7171290886030923], "index": 44, "dominantNormal": [0.770751416683197, 0.637135922908783, 1.4147259428582592e-16], "obb": {"axesLengths": [0.6639974633256662, 0.4541090625351128, 0.3446790219974041], "centroid": [-0.6667779896874637, 4.722805728790519, -0.8429455853940819], "normalizedAxes": [-0.637135922908783, 0.7707514762878418, 1.7114120704771847e-16, 0, -2.220446049250313e-16, 1, 0.7707514762878418, 0.637135922908783, 1.4147259428582592e-16]}, "segments": [71913, 1728, 3192, 3162, 3225, 3294, 71890, 2511], "partId": 49, "label": "pillow"}], "scan_id": "73315a27-185c-2c8a-848a-46d989c1112a", "annId": "4946", "appId": "stk.v1"}