{"segGroups": [{"objectId": 14, "id": 14, "partId": 14, "index": 0, "dominantNormal": [0.8653881549835205, -0.501102089881897, -1.1126701557493334e-16], "obb": {"axesLengths": [0.6446416112180647, 1.073439931718112, 0.45931442244210374], "centroid": [1.6407048755380313, 0.8254665638225193, -1.0467199221165495], "normalizedAxes": [0.501102089881897, 0.8653881549835205, 1.9215477098011757e-16, 0, -2.220446049250313e-16, 1, 0.8653881549835205, -0.501102089881897, -1.1126701557493334e-16]}, "segments": [50803, 40729, 37913, 37923, 37781, 37844, 37940, 34537, 38061, 2813, 16786, 16815, 16834, 34203, 37291, 37323, 37326, 37338, 37587, 37801, 38055, 38090, 38111, 38127, 38167, 38180, 40668, 42635, 48802, 49212, 50692, 50786, 50855, 50875, 50877, 50951, 50976, 23029, 40531, 36287, 36284, 36279, 36360, 36532, 50507, 26033, 26035, 26108, 26112, 26123, 26172, 36083, 36097, 36108, 36117, 36159, 36165, 36208, 36230, 36468, 36591, 46918, 46924, 50314, 50336, 50338, 50344, 50380, 50384, 50390, 50435, 50440, 50442, 50544, 50649, 36647, 2793, 26190, 36512, 50493, 36376, 37363, 50663], "label": "table"}, {"objectId": 15, "id": 15, "partId": 15, "index": 1, "dominantNormal": [0.29405587911605835, -0.955788254737854, -2.1222762541525198e-16], "obb": {"axesLengths": [2.2014147477444066, 2.7864599797175815, 0.7669662969609866], "centroid": [0.9765909138125595, -0.5692298174750794, -0.31676998726032757], "normalizedAxes": [0.955788254737854, 0.29405587911605835, 6.529352150420794e-17, 0, -2.220446049250313e-16, 1, 0.29405587911605835, -0.955788254737854, -2.1222762541525198e-16]}, "segments": [31164, 16621, 29050, 29522, 839, 91, 244, 823, 1319, 1343, 1800, 1802, 3388, 4142, 4696, 4837, 4877, 4979, 5382, 5419, 6363, 6434, 6446, 6504, 6512, 8746, 15399, 16607, 21245, 21422, 24102, 24735, 28580, 29613, 29907, 30225, 30250, 30931, 31066, 31169, 31186, 31188, 31193, 31196, 31197, 31214, 31260, 32379, 33057, 33328, 33347, 33361, 33402, 33465, 34741, 34750, 34777, 40944, 40947, 40951, 41207, 43466, 43679, 43685, 44083, 45415, 45482, 47234, 47752, 47761, 47925, 48108, 48130, 48134, 48288, 48291, 48459, 49381, 53631, 40465, 40993, 31969, 28819, 23995, 13782, 745, 41228, 34711, 6356, 34082, 46761, 46784, 3683, 3684, 3686, 3688, 3696, 3759, 4808, 5564, 5569, 5577, 5584, 5746, 5796, 5797, 5832, 8097, 8731, 8763, 13865, 13871, 14436, 19098, 21500, 21518, 24110, 24954, 24974, 25054, 25056, 25127, 25437, 25575, 25595, 25617, 25711, 25713, 25720, 27551, 27771, 27776, 27966, 28044, 28584, 28588, 30162, 30168, 30535, 31326, 31630, 31642, 31714, 31975, 31987, 32178, 32185, 32187, 32313, 32360, 32371, 33013, 33390, 33642, 34513, 34857, 34989, 35514, 35556, 36122, 37697, 37723, 37757, 39355, 39357, 39362, 39445, 39465, 39484, 39498, 39792, 40197, 40220, 40958, 40969, 41320, 42226, 42809, 42812, 42814, 42816, 42828, 42830, 42837, 42839, 42866, 42939, 42956, 42984, 42989, 43022, 43025, 43274, 43319, 43326, 43330, 43333, 43821, 43826, 43829, 43834, 43865, 43870, 44067, 44076, 44094, 44099, 44103, 44122, 46276, 46303, 46847, 46900, 47992, 48102, 51838, 53602, 27777, 28474, 30061, 30121, 30950, 31729, 35000, 43013, 48253, 48255, 30556, 31657, 48251, 34376, 33454, 36561, 41383, 36715, 29699, 29755, 36169, 36194, 36201, 36220, 36239, 36278, 36306, 36334, 36416, 36421, 36601, 36652, 36669, 36699, 36720, 36729, 36809, 36813, 36964, 48447, 48449, 48452, 48454, 48464, 48530, 48613, 54047, 13304, 30540], "label": "wardrobe"}, {"objectId": 16, "id": 16, "partId": 16, "index": 2, "dominantNormal": [0.38885921239852905, -0.9212971925735474, -2.0456907114353381e-16], "obb": {"axesLengths": [1.1410817835717195, 2.4869028966076008, 0.6767618238397975], "centroid": [-0.48460847863768075, -1.3632487993706728, -0.34736844820435886], "normalizedAxes": [0.9212971925735474, 0.38885921239852905, 8.634409018849022e-17, 0, -2.220446049250313e-16, 1, 0.38885921239852905, -0.9212971925735474, -2.0456907114353381e-16]}, "segments": [7349, 7013, 6842, 7027, 7120, 7191, 7380, 13300, 14872, 26762, 26904, 27336, 27559, 27560, 28119, 44124, 44472, 52014, 24157, 13157, 40369, 15884, 44853, 13519, 15499, 15079, 15699, 44873, 44876, 44797, 7386, 7387, 13682, 15009, 15039, 15049, 15098, 15250, 15259, 24316, 27258, 44128, 44534, 44830, 44849, 44879, 52063], "label": "wall"}, {"objectId": 17, "id": 17, "partId": 17, "index": 3, "dominantNormal": [0, -2.220446049250313e-16, 1], "obb": {"axesLengths": [0.8528604848539674, 0.12501698452941357, 0.7035470275738964], "centroid": [-0.8589616180804638, -0.9993934610066879, -0.43250846595655856], "normalizedAxes": [-0.5903105735778809, 0.8071761727333069, 1.7922911437946596e-16, 0, -2.220446049250313e-16, 1, 0.8071761727333069, 0.5903105735778809, 1.3107527809316918e-16]}, "segments": [8471, 21961, 21981, 21504, 34499, 40475, 40450, 39005], "label": "counter"}, {"objectId": 18, "id": 18, "partId": 18, "index": 4, "dominantNormal": [0.9999347925186157, -0.011420727707445621, -2.5359109717561216e-18], "obb": {"axesLengths": [0.583288539495211, 0.5769899954574553, 0.36476730088194376], "centroid": [-0.9701297892194638, -0.8594539039809816, -1.278494962330871], "normalizedAxes": [0.011420726776123047, 0.9999347925186157, 2.2203012595558918e-16, 0, -2.220446049250313e-16, 1, 0.9999347925186157, -0.011420726776123047, -2.5359107649609684e-18]}, "segments": [23651, 21180, 19928, 21069, 19921, 24357, 23610, 46642, 23553, 23730, 21734, 23732, 15995, 16286, 16308, 19915, 21164, 21185, 21753, 23646, 23716, 23743, 23751, 23788, 24311, 24315, 24327, 24415, 24442, 24445, 45992, 46149, 46590, 46597, 46657, 46664, 46716, 46737, 46906], "label": "bin"}, {"objectId": 1, "id": 1, "partId": 1, "index": 5, "dominantNormal": [0, -2.220446049250313e-16, 1], "obb": {"axesLengths": [5.326400145184071, 0.47330998316459455, 4.528130781647843], "centroid": [0.6667771619686178, 1.1868136860928722, -1.4333449053685756], "normalizedAxes": [0.8884629011154175, 0.45894843339920044, 1.019070235750875e-16, 0, -2.220446049250313e-16, 1, 0.45894843339920044, -0.8884629011154175, -1.9727839386872003e-16]}, "segments": [22663, 35395, 39956, 40564, 32841, 35453, 6295, 39143, 33627, 33752, 33667, 5461, 10479, 11310, 11436, 13370, 13616, 13692, 13694, 15137, 15215, 15217, 15261, 15273, 17854, 17855, 17860, 17876, 17896, 17907, 17924, 17941, 17958, 19006, 19025, 19058, 20184, 20195, 20739, 20741, 20750, 20767, 20778, 21528, 21536, 22023, 22052, 22114, 22120, 22121, 22124, 22127, 22134, 22137, 22200, 22613, 22637, 23832, 23864, 24554, 24569, 24948, 24984, 25198, 25525, 25549, 25563, 25856, 25891, 26087, 26119, 26166, 26251, 26383, 26401, 26502, 26516, 26586, 26596, 26626, 26627, 27727, 27738, 27747, 28225, 28267, 28323, 28325, 30571, 31587, 31740, 31838, 31839, 32536, 35098, 35226, 37653, 37659, 37676, 37841, 37858, 37861, 37870, 37874, 38166, 38707, 38712, 38740, 38745, 39090, 39099, 39122, 39139, 39243, 39253, 39260, 39267, 39281, 39282, 39294, 39307, 39340, 39347, 39712, 39724, 39726, 39740, 39986, 40019, 40051, 40059, 40081, 40094, 40098, 40103, 40182, 40191, 40219, 40232, 40250, 40343, 40544, 40614, 40832, 43355, 44717, 45077, 45387, 45389, 45390, 45658, 45662, 46181, 46305, 46320, 46329, 46345, 46742, 47236, 48790, 48794, 48811, 48812, 49478, 51634, 51728, 51732, 51737, 51738, 51745, 51748, 51751, 51797, 51811, 51816, 51822, 51950, 51956, 51959, 51971, 51973, 51983, 51985, 52068, 52073, 52076, 52081, 52089, 52810, 52812, 53536, 53593, 53599, 21033, 11256, 11346, 11350, 11419, 11422, 11820, 18007, 20436, 22549, 30546, 31601, 34629, 34630, 34642, 37092, 44720, 53324, 53087, 18668, 27049, 10430], "label": "floor"}, {"objectId": 2, "id": 2, "partId": 2, "index": 6, "dominantNormal": [0.661675751209259, -0.7497900724411011, -1.664868404118949e-16], "obb": {"axesLengths": [0.6737062961563809, 1.4404728686703838, 0.5205999319295678], "centroid": [-0.4137487374994442, -1.0592749795016236, -1.5223334161339679], "normalizedAxes": [0.7497900724411011, 0.661675751209259, 1.4692153076573323e-16, 0, -2.220446049250313e-16, 1, 0.661675751209259, -0.7497900724411011, -1.664868404118949e-16]}, "segments": [7343, 44162, 7333, 6971, 7290, 18889, 18971, 47438, 17236, 14, 50, 135, 137, 155, 181, 6980, 7105, 7133, 7188, 7309, 7991, 8019, 8816, 8835, 8868, 8905, 12967, 12981, 12984, 12987, 12989, 13010, 13012, 13039, 13068, 17240, 17318, 17325, 17364, 17378, 17410, 17530, 17535, 17536, 18659, 18745, 18782, 18798, 18817, 18844, 18847, 18867, 18872, 18936, 18974, 43649, 43659, 43661, 43675, 44154, 44200, 44208, 44211, 44293, 44924, 44934, 44950, 44957, 45504, 45563, 45572, 45616, 45692, 45720, 45851, 45903, 45906, 45914, 45920, 47425, 17668, 45653, 17584, 17592, 18960, 17437, 8792, 45551, 45735, 7196, 7059, 8870, 10652, 13093, 15409, 15427, 17522, 17554, 17604, 17628, 17643, 17674, 17705, 28706, 28715, 28778, 44302, 45395, 45397, 45603, 45604, 45609, 47475, 47483, 47494, 47499, 47512, 47517, 47521], "label": "stool"}, {"objectId": 3, "id": 3, "partId": 3, "index": 7, "dominantNormal": [0.9851731061935425, 0.17156334221363068, 3.809471454144357e-17], "obb": {"axesLengths": [1.3664829709863078, 1.1188499379415071, 0.4587461217176865], "centroid": [-1.1497471905317087, 0.48963674446693944, -1.0440449402246261], "normalizedAxes": [-0.17156335711479187, 0.9851731061935425, 2.1875237314751105e-16, 0, -2.220446049250313e-16, 1, 0.9851731061935425, 0.17156335711479187, 3.809471785016602e-17]}, "segments": [19521, 18000, 41547, 25326, 22487, 22338, 50748, 19643, 45423, 19868, 45960, 49361, 19496, 46026, 25992, 16190, 6112, 45943, 19692, 45947], "label": "commode"}, {"objectId": 4, "id": 4, "partId": 4, "index": 8, "dominantNormal": [0, -2.220446049250313e-16, 1], "obb": {"axesLengths": [2.6701542982625233, 0.9886700289993718, 2.5616334587703053], "centroid": [0.4803322232611176, 1.9003686984276356, -1.0843349522797403], "normalizedAxes": [-0.5478512644767761, 0.8365757465362549, 1.8575713112950584e-16, 0, -2.220446049250313e-16, 1, 0.8365757465362549, 0.5478512644767761, 1.216474175784246e-16]}, "segments": [32974, 20842, 27795, 4964, 28427, 27133, 27147, 16037, 47280, 15594, 28822, 29745, 48897, 48145, 49050, 4133, 5363, 6232, 6689, 6707, 14964, 15614, 15621, 16084, 16880, 20804, 20831, 20833, 23355, 27808, 28401, 28443, 28467, 28975, 28987, 29850, 31391, 31404, 31424, 31521, 31921, 32174, 32311, 32808, 32872, 34127, 34134, 34341, 34930, 37726, 42205, 46098, 46100, 47795, 48788, 5296, 30278, 28112, 49121, 30842, 31887], "label": "bed"}, {"objectId": 5, "id": 5, "partId": 5, "index": 9, "dominantNormal": [0, -2.220446049250313e-16, 1], "obb": {"axesLengths": [0.6417066082627298, 0.4400000473856913, 0.47229138317535163], "centroid": [-0.8501548918230653, 2.504042610403959, -1.36999995134011], "normalizedAxes": [0.9999809265136719, -0.006177380681037903, -1.371654052792582e-18, 0, -2.220446049250313e-16, 1, -0.006177380681037903, -0.9999809265136719, -2.2204036976029504e-16]}, "segments": [29591, 25263, 29957, 25257], "label": "nightstand"}, {"objectId": 6, "id": 6, "partId": 6, "index": 10, "dominantNormal": [0.3950401246547699, -0.9186638593673706, -2.0398435371213233e-16], "obb": {"axesLengths": [0.661159680569532, 0.6799999919533728, 0.512678383258042], "centroid": [1.4799684398944657, 2.9070858493657488, -1.2499999790562693], "normalizedAxes": [0.9186638593673706, 0.3950401246547699, 8.77165284085035e-17, 0, -2.220446049250313e-16, 1, 0.3950401246547699, -0.9186638593673706, -2.0398435371213233e-16]}, "segments": [35994, 38292, 32269, 48308, 33972, 32328, 32410, 32649, 32699, 32717, 32732, 32734, 32737, 32760, 33876, 33951, 48686, 48760, 38293, 33541], "label": "nightstand"}, {"objectId": 7, "id": 7, "partId": 7, "index": 11, "dominantNormal": [0.17459629476070404, -0.9846401214599609, -2.1863402676291187e-16], "obb": {"axesLengths": [3.6497470792089537, 2.9264399351230264, 0.31086134994712905], "centroid": [0.044102196200824006, 2.8496549236614444, -0.15322003125637718], "normalizedAxes": [0.9846401214599609, 0.17459627985954285, 3.876816198279239e-17, 0, -2.220446049250313e-16, 1, 0.17459627985954285, -0.9846401214599609, -2.1863402676291187e-16]}, "segments": [5279, 18466, 19467, 8685, 2567, 2579, 7523, 7533, 7572, 9629, 10684, 10700, 11933, 12310, 15862, 23947, 27900, 30639, 31467, 32030, 32078, 32604, 37384, 44141, 47585, 48463, 48786, 49886, 54119, 18247, 2154, 2290, 33942, 34051, 13211, 8065], "label": "wall"}, {"objectId": 8, "id": 8, "partId": 8, "index": 12, "dominantNormal": [0.9814663529396057, 0.19163455069065094, 4.2551418098091474e-17], "obb": {"axesLengths": [5.025879343457239, 4.339999936372041, 0.9265166921214228], "centroid": [-1.220659059496656, 1.124202760426052, 0.5600000126735858], "normalizedAxes": [-0.19163455069065094, 0.9814663529396057, 2.179293085856861e-16, 0, -2.220446049250313e-16, 1, 0.9814663529396057, 0.19163455069065094, 4.2551418098091474e-17]}, "segments": [16790, 5638, 7734, 6057, 27351, 40535, 500, 380, 32, 245, 19402, 8597, 26734, 455, 30186, 30189, 17996, 30128, 25447, 421, 6891, 24344, 43898, 22812, 10672, 22832, 26768, 6597, 5250, 5287, 5307, 2942, 651, 843, 42860, 955, 24766, 572, 613, 614, 1019, 2624, 1594, 1615, 52275, 16277, 16533, 17399, 49376, 6087], "label": "wall"}, {"objectId": 9, "id": 9, "partId": 9, "index": 13, "dominantNormal": [0.9887263774871826, 0.14973348379135132, 3.324751225249918e-17], "obb": {"axesLengths": [1.388869725318264, 2.6337448961940795, 0.4873324035890984], "centroid": [-1.4382574506352013, 1.9416472512676406, -0.35312744885383296], "normalizedAxes": [-0.1497334986925125, 0.9887263774871826, 2.1954135786809883e-16, 0, -2.220446049250313e-16, 1, 0.9887263774871826, 0.1497334986925125, 3.324751556122163e-17]}, "segments": [47213, 11865, 27643, 9915, 9893, 44699, 10920, 44635, 3827, 14852, 51518, 51611, 45316, 39934, 13725, 13613, 50098, 12662, 14099, 47393, 51068, 51240, 51229, 50184, 37180, 37516, 22235, 47171, 21775, 3859, 9046, 9104, 9151, 9294, 9318, 9419, 9477, 9492, 9496, 9513, 9518, 9526, 9532, 9542, 9564, 9600, 9605, 9635, 9642, 9679, 10082, 10094, 10114, 10115, 10142, 10170, 10195, 10206, 10210, 10218, 10221, 10228, 10252, 10271, 10304, 10308, 10314, 10324, 10331, 10340, 10376, 10386, 10420, 10452, 10633, 10639, 10642, 10905, 10938, 10960, 10964, 11000, 11001, 11027, 11070, 11093, 11156, 11587, 11672, 11693, 11710, 12099, 12613, 12614, 12713, 12872, 13446, 13520, 13534, 13637, 13678, 13703, 13709, 13766, 14156, 14439, 14468, 14474, 14476, 14542, 14578, 14618, 14626, 14728, 14806, 22879, 22913, 23089, 23108, 23117, 23118, 23163, 23277, 23315, 24878, 25412, 25444, 25706, 26378, 26676, 26681, 26685, 26699, 27460, 27491, 27569, 28523, 28529, 28545, 28560, 28565, 35576, 35730, 35899, 36031, 36057, 36943, 37432, 37450, 37485, 38397, 38438, 38441, 38470, 38484, 38559, 38599, 38601, 38604, 38605, 38649, 38659, 38697, 38790, 38802, 39759, 39763, 39768, 39776, 39916, 39958, 41775, 44318, 44326, 44340, 44368, 44371, 44374, 44375, 44377, 44405, 44409, 44412, 44423, 44470, 44475, 44478, 44497, 44521, 44530, 44533, 44570, 44726, 44764, 44769, 44771, 44773, 44783, 44833, 44886, 44965, 44966, 44993, 45020, 45023, 45053, 45156, 45202, 45211, 45225, 45244, 45267, 45273, 45275, 45360, 46355, 46372, 46896, 46945, 46960, 47028, 47077, 47116, 47119, 47121, 47132, 47326, 47330, 49272, 49275, 49278, 50046, 50191, 50237, 50294, 50299, 50302, 50306, 50556, 51099, 51447, 51464, 51467, 51470, 51474, 51494, 51500, 51502, 51506, 51511, 51546, 51650, 51673, 53596, 41521, 9790, 42519, 25460, 3525, 3565, 5718, 9026, 9036, 9630, 9740, 9774, 9783, 9793, 11446, 12103, 12651, 12731, 12840, 13462, 23138, 23311, 24805, 25622, 25645, 33254, 33625, 34398, 35674, 35901, 37209, 41604, 41605, 41617, 41749, 48520, 48673, 49527, 49887, 49895, 50013, 53606, 53866, 54154, 54176, 54183, 9014, 35616, 37312, 34891, 49618, 33321, 11508, 26236, 11656], "label": "curtain"}, {"objectId": 10, "id": 10, "partId": 10, "index": 14, "dominantNormal": [0.9793372750282288, 0.20223374664783478, 4.490491237692735e-17], "obb": {"axesLengths": [0.4099440676944175, 0.45999999806284886, 0.03637271303882595], "centroid": [-1.3637867053849781, 0.7124538978321329, 0.04000002846881667], "normalizedAxes": [-0.20223374664783478, 0.9793372750282288, 2.1745655832199978e-16, 0, -2.220446049250313e-16, 1, 0.9793372750282288, 0.20223374664783478, 4.490491237692735e-17]}, "segments": [52409, 5406, 4475], "label": "picture"}, {"objectId": 11, "id": 11, "partId": 11, "index": 15, "dominantNormal": [0.9878281950950623, 0.15554878115653992, 3.453876765847406e-17], "obb": {"axesLengths": [0.38582913024236865, 0.50000000372529, 0.04836375558449639], "centroid": [-1.278100663363557, 0.23981645257345396, 0.020000025637596064], "normalizedAxes": [-0.15554878115653992, 0.9878281950950623, 2.1934192131368985e-16, 0, -2.220446049250313e-16, 1, 0.9878281950950623, 0.15554878115653992, 3.453876765847406e-17]}, "segments": [8762, 18149], "label": "picture"}, {"objectId": 12, "id": 12, "partId": 12, "index": 16, "dominantNormal": [0.7720174789428711, 0.635601282119751, 1.4113183557812347e-16], "obb": {"axesLengths": [0.28843604294539915, 0.18101298404455957, 0.1479152400354022], "centroid": [-1.1796707627998029, 0.1410953123621168, -0.508858467730914], "normalizedAxes": [-0.635601282119751, 0.7720174789428711, 1.714223161070885e-16, 0, -2.220446049250313e-16, 1, 0.7720174789428711, 0.635601282119751, 1.4113183557812347e-16]}, "segments": [42766, 42746, 42747, 51963], "label": "picture"}, {"objectId": 13, "id": 13, "partId": 13, "index": 17, "dominantNormal": [0.8934915661811829, 0.4490799903869629, 9.971578904521003e-17], "obb": {"axesLengths": [0.3672348059777201, 0.33225395532874846, 0.2662505914061084], "centroid": [-1.2604249754519299, 0.5666450663198941, -0.4361269595518644], "normalizedAxes": [-0.4490799903869629, 0.8934915661811829, 1.9839498181654821e-16, 0, -2.220446049250313e-16, 1, 0.8934915661811829, 0.4490799903869629, 9.971578904521003e-17]}, "segments": [19493, 19570, 19262], "label": "picture"}, {"objectId": 21, "id": 21, "partId": 21, "index": 18, "dominantNormal": [0, -2.220446049250313e-16, 1], "obb": {"axesLengths": [3.0789069905907676, 0.7470049691124631, 1.609537679298111], "centroid": [0.3048722882945452, 3.0225985177090533, 1.2365574788402576], "normalizedAxes": [0.9404988884925842, 0.3397968113422394, 7.545004872927294e-17, 0, -2.220446049250313e-16, 1, 0.3397968113422394, -0.9404988884925842, -2.0883270412776694e-16]}, "segments": [21660, 46205, 21617, 17104, 17119, 17023, 21578, 45657, 46201, 17097, 17048, 9183, 16474, 16529, 2009, 1496, 1655, 1721, 2040, 2081, 20643, 11642, 9193, 9210, 9270, 16993, 44305, 44707, 44708, 44713, 44800, 44804, 45668, 45670, 1258, 1260, 1293, 1685, 9925, 11627, 12503, 12519, 19674, 19774, 20587, 20593, 20620, 43714, 19708, 19691, 46082, 19717, 19727, 14279, 2182, 14288, 45147, 45134, 8244, 1500, 1452, 43707, 1026, 1465, 1605], "label": "ceiling"}, {"objectId": 22, "id": 22, "partId": 22, "index": 19, "dominantNormal": [0, -2.220446049250313e-16, 1], "obb": {"axesLengths": [2.719059095477197, 0.7199999529123313, 1.7389794119950739], "centroid": [1.337103912818376, -1.1727421325632401, 1.270000005148499], "normalizedAxes": [0.9799283146858215, 0.19935022294521332, 4.42646414955868e-17, 0, -2.220446049250313e-16, 1, 0.19935022294521332, -0.9799283146858215, -2.17587795489265e-16]}, "segments": [10765, 41885, 12072, 54385, 54413, 10761, 12027, 20012, 20327, 40403, 46039, 47582, 54280, 20223, 20255, 54314, 36945, 36957, 36986, 41346, 41347, 48617, 48621, 48625, 54116, 34434, 22548, 23028, 22639, 41486, 10532, 10521, 10541, 10546, 16771, 18470, 22939, 40309, 54217, 19840, 19848, 23518, 45990, 46096, 16777, 23109, 38685, 28280], "label": "ceiling"}, {"objectId": 24, "id": 24, "partId": 24, "index": 21, "dominantNormal": [0, -2.220446049250313e-16, 1], "obb": {"axesLengths": [1.1488810938329423, 0.34766001222297505, 0.7770527347255953], "centroid": [-0.5924505074876512, -1.0373447176777444, 0.4205050229989351], "normalizedAxes": [0.9927381277084351, -0.12029538303613663, -2.671094080056427e-17, 0, -2.220446049250313e-16, 1, -0.12029538303613663, -0.9927381277084351, -2.2043214536103474e-16]}, "segments": [12774, 10586, 10657, 44356, 11987, 28149, 28245, 46551, 27101, 27066, 11463], "label": "shelf"}, {"objectId": 27, "id": 27, "partId": 27, "index": 22, "dominantNormal": [0.9919219017028809, 0.1268499493598938, 2.8166346890377847e-17], "obb": {"axesLengths": [0.19832643704294184, 0.3600538963067401, 0.16431475938547582], "centroid": [-1.0866524697199869, -0.8299629991745787, -0.24427902479576336], "normalizedAxes": [-0.1268499493598938, 0.9919219017028809, 2.2025090678010192e-16, 0, -2.220446049250313e-16, 1, 0.9919219017028809, 0.1268499493598938, 2.8166346890377847e-17]}, "segments": [52330, 17206, 39334, 17472, 17219, 17317, 17403, 17357, 17043, 17160, 17065, 17152, 17162, 17291, 17339, 17462, 39209, 39231], "label": "vase"}, {"objectId": 31, "id": 31, "partId": 31, "index": 23, "dominantNormal": [0.9907624125480652, 0.1356091946363449, 3.011129004722888e-17], "obb": {"axesLengths": [0.39909445364837093, 0.48000000834464984, 0.0792385734100602], "centroid": [-1.1013344933592757, -0.843673590722267, -0.8699999625159811], "normalizedAxes": [-0.1356091946363449, 0.9907624125480652, 2.1999344846880602e-16, 0, -2.220446049250313e-16, 1, 0.9907624125480652, 0.1356091946363449, 3.011129004722888e-17]}, "segments": [39600, 23649], "label": "clothes"}, {"objectId": 34, "id": 34, "partId": 34, "index": 26, "dominantNormal": [0, -2.220446049250313e-16, 1], "obb": {"axesLengths": [0.313336753740344, 0.14800101187822934, 0.15277226066134977], "centroid": [-1.1597318322196117, 0.495026269155754, -0.5240004611535269], "normalizedAxes": [0.9448155760765076, -0.32760271430015564, -7.274241526914596e-17, 0, -2.220446049250313e-16, 1, -0.32760271430015564, -0.9448155760765076, -2.0979120131692398e-16]}, "segments": [35009, 49420, 35021, 35022, 49428], "label": "item"}, {"objectId": 35, "id": 35, "partId": 35, "index": 27, "dominantNormal": [-0.13234809041023254, -0.9912033081054688, -2.200913469486629e-16], "obb": {"axesLengths": [0.13038373638542836, 0.18221398780761677, 0.11118460851198303], "centroid": [-1.1894239902689347, -0.06890312571285617, -0.5011069583569401], "normalizedAxes": [0.9912033081054688, -0.13234809041023254, -2.938717944772241e-17, 0, -2.220446049250313e-16, 1, -0.13234809041023254, -0.9912033081054688, -2.200913469486629e-16]}, "segments": [41878, 52619, 41718, 41799], "label": "item"}, {"objectId": 36, "id": 36, "partId": 36, "index": 28, "dominantNormal": [0, -2.220446049250313e-16, 1], "obb": {"axesLengths": [0.32449855071751127, 0.19492995303280747, 0.2236496863385373], "centroid": [-0.951207201857716, 2.5804272290149246, -1.0776149161617103], "normalizedAxes": [0.9992741942405701, -0.03809333220124245, -8.458418898902852e-18, 0, -2.220446049250313e-16, 1, -0.03809333220124245, -0.9992741942405701, -2.2188344367192638e-16]}, "segments": [22394, 22393, 22396, 7562], "label": "frame"}, {"objectId": 37, "id": 37, "partId": 37, "index": 29, "dominantNormal": [0, -2.220446049250313e-16, 1], "obb": {"axesLengths": [0.18335486973724352, 0.1823300082460788, 0.1827137350848215], "centroid": [-0.8096560568495288, 2.540336134894014, -1.1001849296571702], "normalizedAxes": [0.7150771021842957, 0.6990455985069275, 1.5521930374505277e-16, 0, -2.220446049250313e-16, 1, 0.6990455985069275, -0.7150771021842957, -1.5877901264544817e-16]}, "segments": [29940, 29903, 29894], "label": "frame"}, {"objectId": 38, "id": 38, "partId": 38, "index": 30, "dominantNormal": [0.3219713270664215, -0.9467493891716003, -2.102205940816227e-16], "obb": {"axesLengths": [0.24653811990720131, 0.29278599561484153, 0.1441582732704938], "centroid": [1.4121428724708722, 2.813698624863097, -1.0312769550468708], "normalizedAxes": [0.9467493891716003, 0.3219713270664215, 7.14919961156516e-17, 0, -2.220446049250313e-16, 1, 0.3219713270664215, -0.9467493891716003, -2.102205940816227e-16]}, "segments": [33885, 32428, 33826, 32450], "label": "item"}, {"objectId": 39, "id": 39, "partId": 39, "index": 31, "dominantNormal": [0, -2.220446049250313e-16, 1], "obb": {"axesLengths": [0.24913428433402357, 0.18618803800222183, 0.27270121529381613], "centroid": [1.511801377989519, 3.0037397156717813, -1.0782659478797179], "normalizedAxes": [0.9724331498146057, -0.2331818789243698, -5.177677818143818e-17, 0, -2.220446049250313e-16, 1, -0.2331818789243698, -0.9724331498146057, -2.159235345665879e-16]}, "segments": [32673, 32614, 48740], "label": "book"}, {"objectId": 40, "id": 40, "partId": 40, "index": 32, "dominantNormal": [0, -2.220446049250313e-16, 1], "obb": {"axesLengths": [0.17404777716132483, 0.026790022251232948, 0.14437893911830096], "centroid": [1.649611105616788, 3.0974195355750824, -1.1166049360421686], "normalizedAxes": [0.9755801558494568, -0.2196437418460846, -4.877070788246942e-17, 0, -2.220446049250313e-16, 1, -0.2196437418460846, -0.9755801558494568, -2.166223102782931e-16]}, "segments": [33926], "label": "box"}, {"objectId": 42, "id": 42, "partId": 42, "index": 34, "dominantNormal": [-0.6886715292930603, -0.7250734567642212, -1.6099864924883826e-16], "obb": {"axesLengths": [0.314166145816921, 0.16354000202849495, 0.08101727761090746], "centroid": [1.3047993114417957, 2.894824295893152, -0.27342197387452494], "normalizedAxes": [0.7250734567642212, -0.6886715292930603, -1.529157976449947e-16, 0, -2.220446049250313e-16, 1, -0.6886715292930603, -0.7250734567642212, -1.6099864924883826e-16]}, "segments": [48281, 32113, 32081, 38261, 38245, 34347, 34350, 51011, 34354, 31750, 34360], "label": "lamp"}, {"objectId": 44, "id": 44, "partId": 44, "index": 35, "dominantNormal": [0.78875732421875, 0.6147047281265259, 1.3649186850240322e-16], "obb": {"axesLengths": [0.12625728822489415, 0.11786608879567478, 0.045761235355800574], "centroid": [1.3177261565088108, 2.891572386479672, 0.14145896685602555], "normalizedAxes": [-0.6147047281265259, 0.78875732421875, 1.7513930843787717e-16, 0, -2.220446049250313e-16, 1, 0.78875732421875, 0.6147047281265259, 1.3649186850240322e-16]}, "segments": [2319, 43778, 2330, 2347, 2530, 43764], "label": "lamp"}, {"objectId": 46, "id": 46, "partId": 46, "index": 36, "dominantNormal": [-0.5847594141960144, -0.8112067580223083, -1.8012408409757893e-16], "obb": {"axesLengths": [0.13039432432382878, 0.2959449821126836, 0.10990068109424063], "centroid": [1.7172670324536856, 1.0322065288728206, -0.5872324643826681], "normalizedAxes": [0.8112067580223083, -0.5847594141960144, -1.2984267310134676e-16, 0, -2.220446049250313e-16, 1, -0.5847594141960144, -0.8112067580223083, -1.8012408409757893e-16]}, "segments": [52769, 52751, 42650, 42658], "label": "item"}, {"objectId": 47, "id": 47, "partId": 47, "index": 37, "dominantNormal": [0, -2.220446049250313e-16, 1], "obb": {"axesLengths": [0.8061877895025725, 0.2320870109181028, 0.8127067165530227], "centroid": [0.7655349198187789, 2.5965152259638105, -0.8539564786636127], "normalizedAxes": [0.9977688193321228, 0.06676341593265533, 1.4824456314211994e-17, 0, -2.220446049250313e-16, 1, 0.06676341593265533, -0.9977688193321228, -2.2154918329511615e-16]}, "segments": [30803, 31122, 48552, 30314, 33414, 48601, 18580], "label": "pillow"}, {"objectId": 48, "id": 48, "partId": 48, "index": 38, "dominantNormal": [0, -2.220446049250313e-16, 1], "obb": {"axesLengths": [0.9697763920772401, 0.26383900052668885, 0.9610721256083735], "centroid": [-0.07580779239612756, 2.422258851431626, -0.8380804838593197], "normalizedAxes": [0.9433797001838684, -0.331714928150177, -7.36555101688412e-17, 0, -2.220446049250313e-16, 1, -0.331714928150177, -0.9433797001838684, -2.0947237282162155e-16]}, "segments": [14948, 46981, 14925, 46287, 47595, 1429], "label": "pillow"}, {"objectId": 49, "id": 49, "partId": 49, "index": 39, "dominantNormal": [0, -2.220446049250313e-16, 1], "obb": {"axesLengths": [1.9931229741765457, 0.33700203142310564, 1.9003562853548543], "centroid": [0.41136775703577266, 1.4547544304662556, -0.9414989509767524], "normalizedAxes": [0.7872183322906494, 0.6166744232177734, 1.3692922867076206e-16, 0, -2.220446049250313e-16, 1, 0.6166744232177734, -0.7872183322906494, -1.7479758358321927e-16]}, "segments": [31877, 33128, 15717, 21323, 49044, 23385, 19353, 15447, 48847, 13178, 31356, 20883, 48368, 16382], "label": "blanket"}, {"objectId": 50, "id": 50, "partId": 50, "index": 40, "dominantNormal": [0.7734755277633667, 0.6338261961936951, 1.407376873249644e-16], "obb": {"axesLengths": [0.3484497313609483, 1.8004399880668513, 0.28734411193854253], "centroid": [-1.4007271197182085, 2.500961736424241, -0.6902199824774269], "normalizedAxes": [-0.6338261961936951, 0.7734755277633667, 1.7174606798139684e-16, 0, -2.220446049250313e-16, 1, 0.7734755277633667, 0.6338261961936951, 1.407376873249644e-16]}, "segments": [49967, 35850, 35662, 35689, 35742, 37339, 49936, 50043, 42470, 13387, 12638, 12653, 12733, 13539, 25402, 25427, 33738, 35766, 35828, 42414, 44890, 45125, 46864, 49984, 53815, 53817, 53860, 53772, 42561, 35640, 42303, 49891, 49990, 42473, 12741, 12754, 12755, 12775, 12781, 13517, 25480, 33760, 35598, 35622, 35903, 35935, 37302, 42361, 42363, 45106, 53811, 53891, 53907, 53909, 54144, 54146, 25560, 49964, 35614, 42259], "label": "rack"}], "scan_id": "0cac764c-8d6f-2d13-8fec-15edfc3e53ad", "annId": "4120", "appId": "stk.v1"}