{"segGroups": [{"objectId": 1, "id": 1, "partId": 1, "index": 0, "dominantNormal": [0, -2.220446049250313e-16, 1], "obb": {"axesLengths": [6.95865135937393, 0.30000006482005015, 5.664557823049264], "centroid": [-0.13780302306325815, -1.0580293746445861, -1.4200000352412463], "normalizedAxes": [0.7491061687469482, 0.6624499559402466, 1.4709343874935645e-16, 0, -2.220446049250313e-16, 1, 0.6624499559402466, -0.7491061687469482, -1.6633498328631996e-16]}, "segments": [58710, 3820, 9952, 11190, 11420, 11431, 11611, 19123, 51614, 28174, 3812, 3289, 3471, 3731, 4026, 5048, 5122, 6261, 6551, 7384, 7427, 7464, 7503, 7517, 7554, 7559, 7561, 7622, 7638, 7679, 7737, 7740, 7835, 7860, 7910, 7918, 10269, 10687, 10723, 11424, 11741, 11744, 11745, 12671, 12792, 13264, 13327, 13435, 15122, 15535, 15567, 15585, 15601, 16267, 20518, 20641, 20661, 22281, 22282, 22430, 22538, 23044, 23078, 24449, 24504, 24712, 24716, 24730, 24731, 24747, 24949, 25041, 25589, 26236, 26541, 26718, 26755, 26860, 26870, 29402, 31960, 31994, 32023, 32035, 32766, 35392, 36834, 36847, 37243, 37266, 38280, 41007, 41405, 42381, 42791, 42976, 42993, 43609, 43635, 45095, 50907, 51149, 51153, 51212, 51218, 51254, 51260, 51261, 51275, 51277, 51288, 51291, 51612, 51959, 52182, 52185, 52951, 53341, 54017, 54681, 55605, 55607, 55878, 58957, 3723, 24495, 26575, 5289, 5440, 5679, 7799, 7837, 7874, 7933, 16136, 17852, 20070, 20190, 20340, 22081, 22381, 22519, 22816, 26716, 27974, 27981, 29152, 32759, 32768, 51284, 52115, 52117, 52286, 52294, 52299, 59122, 12238, 12255, 12817, 17312, 17338, 20067, 20195, 22554, 31824, 31877, 32316, 32527, 36924, 52391, 52395, 54195, 55827, 38457, 20159, 26596, 36922, 38311, 45765, 58267, 46831, 36980, 39667, 17327, 3334, 38882, 12200, 31856, 7027, 8065, 2036, 4199, 4618, 4623, 5011, 5066, 5310, 5443, 5445, 5515, 5545, 5547, 5559, 5568, 5589, 5701, 5756, 5877, 5891, 5899, 7098, 7107, 7256, 7275, 8093, 8191, 9257, 9416, 9423, 9538, 10831, 10861, 11394, 11968, 12257, 12329, 12330, 12348, 12380, 12516, 12534, 12549, 12602, 12648, 12655, 13154, 13169, 13177, 13181, 13436, 13444, 14337, 15762, 18269, 18489, 18839, 19585, 20292, 21333, 21340, 21341, 22886, 22889, 24042, 24075, 24085, 24090, 25226, 27622, 27627, 27647, 27650, 27663, 27686, 27899, 27933, 27939, 31648, 31761, 31771, 31773, 36103, 38319, 43782, 43821, 45176, 50949, 51668, 51669, 51695, 52490, 53265, 53269, 53270, 56177, 56183, 58927, 59189, 10943, 1415, 1422, 1908, 1967, 2074, 2087, 2088, 2091, 2220, 2300, 2306, 2309, 2321, 2353, 2400, 2407, 2511, 2518, 2526, 5514, 10914, 10959, 10977, 10980, 10986, 11038, 11046, 11063, 11067, 14329, 14950, 43969, 43975, 43977, 51000, 51004, 51021, 51050, 51051, 51688, 51711, 57781, 2604, 2297, 2335, 2372, 2503, 11015, 11026, 13340, 51010, 5106, 5121, 2435, 5118, 5236, 5238, 5302, 5349, 5378, 5400, 5403, 5406, 12965, 14094, 14102, 18051, 19445, 20808, 51294, 51297, 51299, 51301, 51303, 51304, 51307, 51715, 51746, 51771, 52296, 18020, 35441, 76, 101, 138, 157, 161, 187, 195, 210, 218, 222, 279, 291, 302, 305, 868, 958, 983, 1039, 1163, 1169, 4679, 11275, 12542, 13637, 14034, 16829, 18601, 18633, 23270, 35481, 35558, 35561, 35572, 36542, 36558, 49589, 49615, 49638, 50870, 50871, 50886, 50889, 50891, 50893, 50909, 50911, 55387, 55389, 55397, 55400, 56865, 60719, 53209, 16736, 16488, 18569, 16441, 16449, 16461, 16462, 16504, 16545, 16605, 16652, 16667, 16735, 16776, 16811, 17483, 17494, 17612, 17630, 18606, 18607, 18609, 23238, 23282, 51966, 51967, 52023, 53227, 53231, 32576, 19658, 27990, 27989, 17238, 17616, 17716, 17819, 17824, 16392, 16848, 16854, 16902, 16997, 17562, 17727, 17728, 51998, 52000, 52003, 52100, 52104, 17657, 16845, 16880, 51969, 51976, 16883, 16906, 16895, 17812, 17837, 52112, 16388, 17279, 17016, 17112, 17144, 17154, 17253, 17287, 17302, 17404, 17422, 17495, 51986, 51994, 17048, 17051, 51992, 17441, 17527, 17032, 16412, 17633, 12920, 12954], "label": "floor"}, {"objectId": 2, "id": 2, "partId": 2, "index": 1, "dominantNormal": [0, -2.220446049250313e-16, 1], "obb": {"axesLengths": [3.116332640053658, 0.18016004159688848, 2.4231974225550297], "centroid": [0.5718794740155568, 0.15642687228772445, -1.4199199862051017], "normalizedAxes": [0.6398704051971436, 0.7684828639030457, 1.7063747390700838e-16, 0, -2.220446049250313e-16, 1, 0.7684828639030457, -0.6398704051971436, -1.4207977132521944e-16]}, "segments": [33642, 11898, 24180, 42174, 21752], "label": "carpet"}, {"objectId": 3, "id": 3, "partId": 3, "index": 2, "dominantNormal": [0.6990737915039062, -0.7150495648384094, -1.5877289812636018e-16], "obb": {"axesLengths": [3.8528687014550616, 2.2685998767182243, 0.21072208907417792], "centroid": [-1.0166311655045983, 1.2107410720626715, -0.3043000238917768], "normalizedAxes": [0.7150495648384094, 0.6990737915039062, 1.5522556384792857e-16, 0, -2.220446049250313e-16, 1, 0.6990737915039062, -0.7150495648384094, -1.5877289812636018e-16]}, "segments": [27601, 31916, 32196, 26494, 20251, 27156, 30829, 33210, 33921, 39007, 42523, 46156, 57689, 27450, 22839, 22982, 57581, 57750, 57747, 42642, 18560, 21679, 17884, 15448, 16109], "label": "wall"}, {"objectId": 4, "id": 4, "partId": 4, "index": 3, "dominantNormal": [0.6837911605834961, -0.7296777367591858, -1.620210047812844e-16], "obb": {"axesLengths": [0.7528946485359194, 0.8999999858438967, 0.07344219134647458], "centroid": [-0.5238541563041054, 1.619551623608563, 0.1799999379366639], "normalizedAxes": [0.7296777367591858, 0.6837911605834961, 1.5183213810299103e-16, 0, -2.220446049250313e-16, 1, 0.6837911605834961, -0.7296777367591858, -1.620210047812844e-16]}, "segments": [41558, 42917, 30380, 33369], "label": "picture"}, {"objectId": 5, "id": 5, "partId": 5, "index": 4, "dominantNormal": [0.7065035104751587, -0.707709550857544, -1.571430876218347e-16], "obb": {"axesLengths": [0.8356113974894916, 1.3539199526476864, 0.08687808103036893], "centroid": [-1.2513024420439702, 0.9316226115284867, 0.07303995662093166], "normalizedAxes": [0.707709550857544, 0.7065035104751587, 1.5687529286160433e-16, 0, -2.220446049250313e-16, 1, 0.7065035104751587, -0.707709550857544, -1.571430876218347e-16]}, "segments": [4935, 37397, 19571], "label": "picture"}, {"objectId": 6, "id": 6, "partId": 6, "index": 5, "dominantNormal": [-0.618149995803833, -0.7860601544380188, -1.7454041643949898e-16], "obb": {"axesLengths": [1.437021985302051, 2.3633698888859906, 0.5504293602528261], "centroid": [0.9795431343200472, 2.1722536157602015, -0.2916850289325792], "normalizedAxes": [0.7860601544380188, -0.6181500554084778, -1.3725688483756166e-16, 0, -2.220446049250313e-16, 1, -0.6181500554084778, -0.7860601544380188, -1.7454041643949898e-16]}, "segments": [29884, 32658, 38394, 41147, 57157, 29, 318, 365, 394, 448, 454, 460, 463, 524, 625, 758, 781, 790, 791, 819, 849, 1038, 1274, 1278, 1283, 1298, 1405, 1493, 1497, 1653, 1666, 2192, 3587, 3590, 4064, 4065, 4082, 4586, 4657, 4692, 4773, 5088, 6203, 6212, 23388, 28349, 28425, 28499, 28557, 28616, 28635, 28687, 32700, 34331, 35685, 35756, 35758, 37460, 37502, 39459, 39930, 41159, 41195, 41196, 41218, 41846, 41849, 41858, 41884, 41887, 41894, 41897, 41901, 41903, 41906, 41928, 41931, 41978, 48727, 49476, 50926, 50930, 50934, 50960, 50986, 51312, 51399, 51775, 54256, 56535, 56537, 56540, 56544, 56551, 56822, 56824, 56827, 57009, 57216, 57220, 57223, 57286, 41103, 27870, 399, 827, 5081, 56963, 38151, 38731, 56224, 38778], "label": "wall"}, {"objectId": 7, "id": 7, "partId": 7, "index": 6, "dominantNormal": [0.5381173491477966, -0.8428699374198914, -1.8715472225758564e-16], "obb": {"axesLengths": [4.457736728310834, 2.959999971985816, 1.5181565810744906], "centroid": [1.46195286782968, -1.0254965673085212, 0.009999939948320602], "normalizedAxes": [0.8428699374198914, 0.5381173491477966, 1.1948605419482764e-16, 0, -2.220446049250313e-16, 1, 0.5381173491477966, -0.8428699374198914, -1.8715472225758564e-16]}, "segments": [9801, 10244, 10520, 35246, 39267, 32528, 39648, 10850, 36659, 51458, 9273, 9344, 53929, 10390, 10401, 10414, 22999, 51690, 54844, 43872, 4542, 10136, 47794, 12472, 12912, 37639, 48817, 50152, 50154, 51900, 60692, 17235, 46865, 47952, 44739, 47968, 44506, 60653, 60567, 57805, 24122, 57826, 44135, 22686, 34892, 35263, 17225, 35297, 39114, 51673, 2678, 3178, 34945, 3474, 44500, 49303, 3402, 22541, 15002, 31613, 32887, 54270, 2889, 45044, 4667, 50998, 1698, 1841, 14654, 19038, 8976, 7697, 9088, 29339, 28195, 28229, 51408, 51441, 7121, 7306, 7317, 4839, 7510, 51410, 7291, 51516, 4743, 4818, 4809, 7443, 7136, 49271, 34908, 10742, 55275, 1623], "label": "wall"}, {"objectId": 8, "id": 8, "partId": 8, "index": 7, "dominantNormal": [0.7081564664840698, 0.7060555219650269, 1.5677581942986115e-16], "obb": {"axesLengths": [2.096454416849361, 2.3424319697372904, 0.15009043834768218], "centroid": [2.3226045829515463, 1.2219199982205764, -0.3162340357996378], "normalizedAxes": [-0.7060555219650269, 0.7081564664840698, 1.5724232282556146e-16, 0, -2.220446049250313e-16, 1, 0.7081564664840698, 0.7060555219650269, 1.5677581942986115e-16]}, "segments": [21604, 40486, 40525, 38075, 37966, 46643, 46759, 45282, 41760, 13896, 13953, 21379, 33879, 41746, 43865, 44290, 45525, 54921, 27634, 39595], "label": "blinds"}, {"objectId": 10, "id": 10, "partId": 10, "index": 8, "dominantNormal": [0, -2.220446049250313e-16, 1], "obb": {"axesLengths": [4.088326333200069, 0.2599999846518042, 1.8760613640873547], "centroid": [1.803339217257977, -1.6654356107504125, 0.8999999057501564], "normalizedAxes": [0.5441029071807861, 0.8390184640884399, 1.8629952338332422e-16, 0, -2.220446049250313e-16, 1, 0.8390184640884399, -0.5441029071807861, -1.2081511506351864e-16]}, "segments": [4054, 4900, 7928, 8637, 26380, 49973, 44987, 20872, 7656, 7937, 7961, 8532, 14737, 14754, 14756, 24316, 30695, 45016, 46176, 46181, 51609, 59818, 46375, 5983, 46140, 46328, 49956, 9055, 9384, 27810, 1251, 21800, 21775, 50631, 46127, 27826, 50640, 50650, 50680, 59992, 7966, 20876], "label": "ceiling"}, {"objectId": 11, "id": 11, "partId": 11, "index": 9, "dominantNormal": [-0.6989067792892456, -0.7152127623558044, -1.588091352546349e-16], "obb": {"axesLengths": [2.0247170201374045, 0.848210017795637, 0.6132838077002242], "centroid": [2.158909392487266, 1.024627094947575, 1.214104962406195], "normalizedAxes": [0.7152127623558044, -0.6989067792892456, -1.551884796867066e-16, 0, -2.220446049250313e-16, 1, -0.6989067792892456, -0.7152127623558044, -1.588091352546349e-16]}, "segments": [44525, 22204, 50068, 49542, 40010, 21988, 21997, 22016, 22018, 22125, 22131, 22157, 22160, 40336, 40666, 40674, 40680, 40692, 40700, 40751, 46451, 46457, 46460, 50535, 50561, 50613, 50659, 50674, 50683, 50718, 50746, 50754, 50771, 50792, 50823, 50836, 50846, 55610, 55616, 55821, 59191, 59193, 59194, 59196, 59219, 59312, 59317, 59323, 59330, 59333, 59338, 59444, 59625, 33412, 50712, 59525, 59631, 59427, 59419, 23750, 49912, 44419, 49740, 49565, 61133, 61217, 59372, 19192, 20914, 22826, 33330, 46430, 46441, 50820, 59635, 59637, 21972], "label": "wall"}, {"objectId": 12, "id": 12, "partId": 12, "index": 10, "dominantNormal": [0, -2.220446049250313e-16, 1], "obb": {"axesLengths": [2.8877449761247616, 1.0121400130061797, 2.4375482694810633], "centroid": [0.8102269843811357, 1.0510421986335006, 1.1039299215243017], "normalizedAxes": [-0.5720592737197876, 0.8202123045921326, 1.8212371712780952e-16, 0, -2.220446049250313e-16, 1, 0.8202123045921326, 0.5720592737197876, 1.2702267542681058e-16]}, "segments": [35847, 21016, 20941, 19080, 14522, 14469, 28735, 18738, 3864, 18805, 35670, 3543, 769, 33448, 40886, 38536, 37362, 51605, 8407, 8154, 8207, 8302, 8396, 8408, 8484, 51527, 8406, 8429, 51535, 55916, 8385, 8272, 8279, 35782, 53239, 8105, 8167, 8516, 38787, 53235, 23663], "label": "ceiling"}, {"objectId": 13, "id": 13, "partId": 13, "index": 11, "dominantNormal": [0, -2.220446049250313e-16, 1], "obb": {"axesLengths": [2.0634095054563053, 0.8799999159574526, 0.9632731701629068], "centroid": [1.5372004059630404, -0.8805334399111124, -0.9900000078976158], "normalizedAxes": [0.7457640171051025, 0.6662101745605469, 1.4792837500733277e-16, 0, -2.220446049250313e-16, 1, 0.6662101745605469, -0.7457640171051025, -1.6559287654540678e-16]}, "segments": [44072, 56174, 48934, 60264, 48433, 60378, 60353, 45864, 26792, 41826, 60059, 33519, 42544, 43220, 43195, 47940, 55926, 43256, 17217, 36732], "label": "sofa"}, {"objectId": 14, "id": 14, "partId": 14, "index": 12, "dominantNormal": [0, -2.220446049250313e-16, 1], "obb": {"axesLengths": [2.0188559500075574, 0.8773419660923931, 1.0262279474458411], "centroid": [-0.40794507555743253, 1.0700437685713793, -1.0072590390460414], "normalizedAxes": [0.7141565084457397, 0.6999860405921936, 1.5542812383633056e-16, 0, -2.220446049250313e-16, 1, 0.6999860405921936, -0.7141565084457397, -1.5857459977247407e-16]}, "segments": [9696, 30474, 35621, 25632, 22233, 23149, 26638, 30491, 33619, 34842, 35917, 38027, 34419, 34796, 40237, 55132, 29518, 55156, 39543, 32269, 9207, 19653, 9619, 29019, 54935, 36054, 35626, 25740, 35003, 54958, 54944, 34407], "label": "sofa"}, {"objectId": 15, "id": 15, "partId": 15, "index": 13, "dominantNormal": [0, -2.220446049250313e-16, 1], "obb": {"axesLengths": [1.3397422481605943, 0.8310990147792019, 1.0275829654594248], "centroid": [-0.5601381322891953, -1.1444950668283922, -1.023220566513675], "normalizedAxes": [-0.6093403100967407, 0.792908787727356, 1.7606111851250627e-16, 0, -2.220446049250313e-16, 1, 0.792908787727356, 0.6093403100967407, 1.3530072842032686e-16]}, "segments": [40103, 27325, 54789, 54853, 31426, 2859, 2880, 3063, 3099, 17076, 19742, 19763, 19788, 25969, 48276, 51084, 51089, 51102, 52609, 53820, 54986, 20734, 2885, 30031, 17039, 19848, 25879, 54701, 32123, 54759, 34051, 20294, 34474, 39499, 54707, 32093, 32154, 25937, 798, 770, 54346, 32192, 31944, 921, 36196], "label": "armchair"}, {"objectId": 16, "id": 16, "partId": 16, "index": 14, "dominantNormal": [0, -2.220446049250313e-16, 1], "obb": {"axesLengths": [0.8711286344517131, 0.5549399132667499, 0.8224938319121319], "centroid": [-1.7836894539857293, -0.06099417454892764, -1.1938800153759122], "normalizedAxes": [0.8966507315635681, 0.4427386224269867, 9.830772250185287e-17, 0, -2.220446049250313e-16, 1, 0.4427386224269867, -0.8966507315635681, -1.9909645744577278e-16]}, "segments": [19861, 16567, 24025, 24119, 31471, 112, 250, 15986, 16241, 16266, 16269, 16285, 16645, 16666, 16740, 16839, 16842, 16853, 19901, 19914, 19930, 20030, 20032, 24129, 24448, 31536, 31549, 31556, 52319, 52350, 52364, 52370, 52385, 52704, 52721, 54614, 54623, 54626, 54629, 52679, 15899, 20431, 52847, 69, 247, 15920, 16100, 16329, 16367, 20425, 20499, 23546, 23642, 23830, 24839, 24895, 24952, 25203, 25294, 25325, 25372, 25458, 31231, 52724, 52762, 52863, 54547, 54552, 23483, 24787, 24793, 24864, 52932, 31223, 23531, 24696, 31311, 52939, 52309, 23771, 52334, 5197, 15804], "label": "side table"}, {"objectId": 17, "id": 17, "partId": 17, "index": 15, "dominantNormal": [0.9160736203193665, 0.401010125875473, 8.904213497095648e-17], "obb": {"axesLengths": [0.45781219533207057, 0.5122999583415694, 0.32643714426382897], "centroid": [-1.6472476818335728, -0.03623478733174679, -0.42615002745054675], "normalizedAxes": [-0.4010101556777954, 0.9160736203193665, 2.0340920510605686e-16, 0, -2.220446049250313e-16, 1, 0.9160736203193665, 0.4010101556777954, 8.904214158840138e-17]}, "segments": [38635, 15256, 15279, 15283, 15293, 15294, 15318, 15330, 38483, 38499, 38550, 38574, 38581, 38597, 38613, 52125, 15389, 52246, 15305, 15404, 52137, 52139, 52156, 9521, 9570, 52240, 9545, 9578, 15746, 15752, 15753, 15783, 51637, 15756], "label": "lamp"}, {"objectId": 18, "id": 18, "partId": 18, "index": 16, "dominantNormal": [0, -2.220446049250313e-16, 1], "obb": {"axesLengths": [1.5061162399374555, 0.7042400083488219, 0.7740778840247167], "centroid": [0.7736418124147771, 0.35715816976916415, -1.0621200171384215], "normalizedAxes": [0.7368943095207214, 0.6760079264640808, 1.5010391295790644e-16, 0, -2.220446049250313e-16, 1, 0.6760079264640808, -0.7368943095207214, -1.6362340582903233e-16]}, "segments": [26229, 56564, 40954, 18100, 22744, 13062, 43069, 25331, 25408, 25409, 26914, 11557, 11558, 11565, 11568, 11604, 11607, 11845, 11855, 11858, 11861, 11868, 11973, 13140, 13228, 18104, 18217, 18267, 18322, 18349, 18354, 18363, 21144, 21191, 21214, 21237, 21240, 21242, 21245, 21258, 21269, 22392, 22441, 22477, 22501, 22814, 24630, 24640, 24660, 24760, 24775, 24808, 24842, 25390, 25435, 25442, 25502, 26266, 26293, 26300, 27025, 27060, 27072, 27092, 27107, 27124, 31159, 34066, 34068, 34090, 34136, 34157, 37195, 37200, 37219, 37221, 51820, 51822, 51841, 51849, 51916, 51928, 51943, 52955, 52957, 53150, 53355, 53357, 53367, 53642, 54080, 54103, 54160, 54162, 54165, 54355, 54385, 54436, 54440, 54518, 54539, 54542, 55883, 55888, 55946, 56231, 56235, 56245, 56275, 56278, 56283, 56500, 26880, 54144, 54529, 11666, 11883, 11988, 11989, 12063, 18832, 22466, 22505, 22530, 22532, 31201, 51855, 52425, 53167, 54186, 58796, 13065, 40975, 13093, 41020, 13086, 18127, 22794, 25103, 25121, 25157, 37950, 37975, 38009, 40749, 46685, 51895, 53466, 53517, 56047, 56473, 59231, 37899], "label": "coffee table"}, {"objectId": 20, "id": 20, "partId": 20, "index": 17, "dominantNormal": [0, -2.220446049250313e-16, 1], "obb": {"axesLengths": [0.7114194365690905, 0.48345600478076917, 0.5811203788541424], "centroid": [2.1335997052783187, -0.674339864296464, -0.7517280317456719], "normalizedAxes": [0.9411330223083496, 0.3380363881587982, 7.505915625900488e-17, 0, -2.220446049250313e-16, 1, 0.3380363881587982, -0.9411330223083496, -2.0897351012035817e-16]}, "segments": [10123, 57933, 45746, 4466, 46026, 10107, 10080, 4516], "label": "pillow"}, {"objectId": 21, "id": 21, "partId": 21, "index": 18, "dominantNormal": [0, -2.220446049250313e-16, 1], "obb": {"axesLengths": [0.656480261541856, 0.43739699339724325, 0.5284163241933961], "centroid": [1.7123582848932477, -1.0361715386827193, -0.7686985466175111], "normalizedAxes": [0.6284387111663818, 0.777859091758728, 1.7271941471691044e-16, 0, -2.220446049250313e-16, 1, 0.777859091758728, -0.6284387111663818, -1.3954142534053512e-16]}, "segments": [44103, 47506, 57921, 48528, 60400], "label": "pillow"}, {"objectId": 22, "id": 22, "partId": 22, "index": 19, "dominantNormal": [0.6550692915916443, -0.75556880235672, -1.6776997621297695e-16], "obb": {"axesLengths": [0.5545702887954963, 0.3901209744038958, 0.32850320341241307], "centroid": [1.251356210612508, -1.342173589357866, -0.7949395504979895], "normalizedAxes": [0.75556880235672, 0.6550692915916443, 1.454546020499868e-16, 0, -2.220446049250313e-16, 1, 0.6550692915916443, -0.75556880235672, -1.6776997621297695e-16]}, "segments": [60444, 47232, 48491, 60465], "label": "pillow"}, {"objectId": 23, "id": 23, "partId": 23, "index": 20, "dominantNormal": [0.6779043674468994, -0.7351500988006592, -1.632361132487901e-16], "obb": {"axesLengths": [2.6764969941656966, 1.83999990284443, 0.594641916068408], "centroid": [1.8172042665829582, -1.1872001320425687, -0.5100000144541266], "normalizedAxes": [0.7351500988006592, 0.6779043674468994, 1.5052500744670004e-16, 0, -2.220446049250313e-16, 1, 0.6779043674468994, -0.7351500988006592, -1.632361132487901e-16]}, "segments": [36227, 61025, 43655, 45617, 4211, 60786, 6839, 60863, 4277, 6623, 51331, 4278, 48610, 49001, 49012, 49506, 47836, 60535, 60943, 60271, 48092, 43221, 44197, 12900, 3922, 4240, 4289, 4351, 4357, 4417, 4423, 4450, 4526, 6240, 6326, 6341, 6343, 6413, 6638, 6662, 6690, 6717, 6733, 6753, 6780, 6845, 6865, 6898, 12990, 19271, 19293, 19326, 19348, 19411, 19412, 19443, 19515, 32455, 33952, 34036, 36191, 36199, 36201, 39569, 43259, 43389, 43402, 43474, 43641, 46695, 47222, 47341, 47342, 47347, 47410, 47420, 47474, 47614, 47823, 47838, 47906, 48004, 48024, 48068, 48098, 48141, 48146, 48194, 48253, 48259, 48267, 48297, 48304, 48313, 48324, 48578, 48585, 49365, 49375, 49411, 49415, 49651, 49657, 50204, 50209, 51352, 52510, 52513, 52516, 52519, 52552, 55252, 57898, 60026, 60065, 60148, 60315, 60326, 60341, 60347, 60717, 61056, 19470, 19302, 19507, 49277, 47467, 60555, 46827, 48019, 49348, 60389, 49417, 44355, 50170, 50125, 49341, 50182], "label": "wall"}, {"objectId": 24, "id": 24, "partId": 24, "index": 21, "dominantNormal": [0.9155280590057373, -0.4022540748119354, -8.931834712110019e-17], "obb": {"axesLengths": [0.7240988099952349, 1.1599999108910575, 0.4842755580928322], "centroid": [-0.6400003688950548, -2.3716635085315145, -0.8500000104308131], "normalizedAxes": [0.4022540748119354, 0.9155280590057373, 2.032880661597097e-16, 0, -2.220446049250313e-16, 1, 0.9155280590057373, -0.4022540748119354, -8.931834712110019e-17]}, "segments": [21143, 21299, 53169, 56345, 52411, 19276, 19849, 19917, 19643, 14566, 14612, 14659, 14672, 14677, 14705, 14716, 14721, 14725, 14826, 14865, 14879, 14920, 19781, 26118, 29171, 30990, 31024, 31088, 31125, 40259, 54458, 54460, 56392, 56432, 15290, 56378], "label": "plant"}, {"objectId": 25, "id": 25, "partId": 25, "index": 22, "dominantNormal": [0.7209569811820984, -0.6929798126220703, -1.5387242871468983e-16], "obb": {"axesLengths": [0.5302226296108878, 0.3863329801037983, 0.33899131687344336], "centroid": [-0.8016712941352191, 0.8543725546192069, -0.8011245455341522], "normalizedAxes": [0.6929798126220703, 0.7209569811820984, 1.6008460805452227e-16, 0, -2.220446049250313e-16, 1, 0.7209569811820984, -0.6929798126220703, -1.5387242871468983e-16]}, "segments": [25815, 25852, 5925, 26102], "label": "pillow"}, {"objectId": 26, "id": 26, "partId": 26, "index": 23, "dominantNormal": [0.7013984322547913, -0.7127693891525269, -1.5826659741702872e-16], "obb": {"axesLengths": [0.5726901853208468, 0.38920497024346173, 0.29821531646571453], "centroid": [-0.4428849596924851, 1.18874879098716, -0.786938521185402], "normalizedAxes": [0.7127693891525269, 0.7013984322547913, 1.5574173778505146e-16, 0, -2.220446049250313e-16, 1, 0.7013984322547913, -0.7127693891525269, -1.5826659741702872e-16]}, "segments": [32272, 34588, 56311, 55536], "label": "pillow"}, {"objectId": 27, "id": 27, "partId": 27, "index": 24, "dominantNormal": [0, -2.220446049250313e-16, 1], "obb": {"axesLengths": [0.6185053151823057, 0.3516600053386387, 0.38713210688108834], "centroid": [-0.08005173748776093, 1.4922823459935306, -0.8189230285080596], "normalizedAxes": [0.8222935199737549, 0.5690636038780212, 1.2635750310030974e-16, 0, -2.220446049250313e-16, 1, 0.5690636038780212, -0.8222935199737549, -1.8258583977498574e-16]}, "segments": [55235, 36322, 34237], "label": "pillow"}, {"objectId": 28, "id": 28, "partId": 28, "index": 25, "dominantNormal": [0, -2.220446049250313e-16, 1], "obb": {"axesLengths": [0.5453323929217291, 0.35381405754802975, 0.3969562947243923], "centroid": [-0.563265081901214, -1.1607146625742515, -0.8391030448130588], "normalizedAxes": [0.9969369769096375, 0.07820945978164673, 1.7365988598615873e-17, 0, -2.220446049250313e-16, 1, 0.07820945978164673, -0.9969369769096375, -2.213644771730555e-16]}, "segments": [16962, 26213, 54979], "label": "pillow"}, {"objectId": 29, "id": 29, "partId": 29, "index": 26, "dominantNormal": [0.9445627927780151, -0.3283308744430542, -7.290409930039803e-17], "obb": {"axesLengths": [0.1874513756829159, 0.33429002014644366, 0.11996039584436054], "centroid": [0.7503560342025523, 0.32756767571868073, -0.8507050588569409], "normalizedAxes": [0.3283308446407318, 0.9445627927780151, 2.0973507214927859e-16, 0, -2.220446049250313e-16, 1, 0.9445627927780151, -0.3283308446407318, -7.290409268295313e-17]}, "segments": [12424, 53538, 11799, 25075, 53469], "label": "item"}, {"objectId": 30, "id": 30, "partId": 30, "index": 27, "dominantNormal": [0, -2.220446049250313e-16, 1], "obb": {"axesLengths": [0.4116223662714736, 0.2999999456107627, 0.39235909118436935], "centroid": [1.0820834341037973, 0.5611389544289049, -0.9000000063329938], "normalizedAxes": [0.10258293896913528, 0.994724452495575, 2.2087319806364801e-16, 0, -2.220446049250313e-16, 1, 0.994724452495575, -0.10258293896913528, -2.2777988155450243e-17]}, "segments": [25335, 33580, 59704, 59694, 12624, 59399, 47111, 24561, 24591, 24913, 25192, 47132, 47770, 53376, 53415, 59326, 25175, 47147, 47032], "label": "plant"}, {"objectId": 31, "id": 31, "partId": 31, "index": 28, "dominantNormal": [0.7764362096786499, 0.6301958560943604, 1.3993158989186413e-16], "obb": {"axesLengths": [0.2788255828565982, 0.3230650352746611, 0.25729284516006873], "centroid": [1.2473404345874401, 0.6273830243673197, -0.8369875270056537], "normalizedAxes": [-0.6301958560943604, 0.7764362096786499, 1.7240347142758459e-16, 0, -2.220446049250313e-16, 1, 0.7764362096786499, 0.6301958560943604, 1.3993158989186413e-16]}, "segments": [59746, 46990, 47085, 46996, 46957, 12592, 60151, 60209], "label": "item"}], "scan_id": "6bde60e0-9162-246f-8df9-b07dc8fa8ddf", "annId": "4587", "appId": "stk.v1"}