{"segGroups": [{"objectId": 23, "id": 23, "partId": 23, "index": 0, "dominantNormal": [0.8106401562690735, -0.5855446457862854, -1.3001702953958314e-16], "obb": {"axesLengths": [1.3936060870016138, 2.0181380059241194, 0.8843403811135033], "centroid": [1.4096032079124163, -2.322410845855587, -0.42917100308125566], "normalizedAxes": [0.5855446457862854, 0.8106401562690735, 1.7999827323513206e-16, 0, -2.220446049250313e-16, 1, 0.8106401562690735, -0.5855446457862854, -1.3001702953958314e-16]}, "segments": [6600, 5752, 45376, 45380, 47733, 70568, 34581, 30532, 42395, 12847, 47763, 12813, 47737, 53345, 37127, 33819, 65730], "label": "door"}, {"objectId": 24, "id": 24, "partId": 24, "index": 1, "dominantNormal": [0.9173272848129272, 0.3981340229511261, 8.840351183339614e-17], "obb": {"axesLengths": [1.5160591895891178, 0.7200000125169748, 0.1520444703429164], "centroid": [-1.4193029940994584, -2.0195114611049285, -0.9899999743294728], "normalizedAxes": [-0.3981340229511261, 0.9173272252082825, 2.036875613083483e-16, 0, -2.220446049250313e-16, 1, 0.9173272252082825, 0.3981340229511261, 8.840351183339614e-17]}, "segments": [38873, 68720, 51090, 34600, 39134, 52306, 68539], "label": "heater"}, {"objectId": 25, "id": 25, "partId": 25, "index": 2, "dominantNormal": [0, -2.220446049250313e-16, 1], "obb": {"axesLengths": [0.8734358711745286, 0.4422700306265794, 0.5029184929996988], "centroid": [-1.3658422319890464, -1.6491119219190775, -1.231134970122242], "normalizedAxes": [-0.43084844946861267, 0.9024242758750916, 2.0037844181144217e-16, 0, -2.220446049250313e-16, 1, 0.9024242758750916, 0.43084844946861267, 9.566757374482042e-17]}, "segments": [50919, 47713, 53511, 70212, 53130, 52403, 53141, 68902, 52411, 45795, 47907, 47791, 68937], "label": "bag"}, {"objectId": 26, "id": 26, "partId": 26, "index": 3, "dominantNormal": [0, -2.220446049250313e-16, 1], "obb": {"axesLengths": [1.365541976526454, 0.13534998591206965, 0.4416536459120752], "centroid": [-0.8643109817162653, -1.763844572774853, -1.3886649167430798], "normalizedAxes": [-0.27861422300338745, 0.9604030847549438, 2.1325232352319287e-16, 0, -2.220446049250313e-16, 1, 0.9604030847549438, 0.27861422300338745, 6.186478507328174e-17]}, "segments": [46386, 74168, 37705, 50951, 46397, 53046, 52023, 57012], "label": "bag"}, {"objectId": 27, "id": 27, "partId": 27, "index": 4, "dominantNormal": [0.9805343747138977, 0.19634738564491272, 4.359787767358741e-17], "obb": {"axesLengths": [0.454996839826757, 0.41871987837434066, 0.29020920646520554], "centroid": [-1.019238353632542, -2.563864584418502, -1.239599961979391], "normalizedAxes": [-0.1963474005460739, 0.9805343747138977, 2.1772236784876002e-16, 0, -2.220446049250313e-16, 1, 0.9805343747138977, 0.1963474005460739, 4.359788098230986e-17]}, "segments": [57876, 45111, 52103, 49682, 49764, 53198, 50910, 53280, 28057], "label": "backpack"}, {"objectId": 28, "id": 28, "partId": 28, "index": 5, "dominantNormal": [0.9902719855308533, -0.13914534449577332, -3.0896473045721366e-17], "obb": {"axesLengths": [0.5650336990470612, 1.4004899844417715, 0.6136903809944763], "centroid": [-0.6255048615843953, -3.3580090650967684, -0.9557449622252974], "normalizedAxes": [0.9902719855308533, -0.13914534449577332, -3.0896473045721366e-17, 0, -2.220446049250313e-16, 1, -0.13914534449577332, -0.9902719855308533, -2.1988455179552463e-16]}, "segments": [51676, 12403, 12254, 51615, 58874, 58890, 58848, 42885, 10660, 13577, 11671, 11752, 11769, 12328, 12385, 12412, 13702, 16011, 18516, 37811, 37823, 43787, 43834, 43840, 43850, 43892, 43898, 43959, 43999, 44005, 44015, 44035, 44041, 44089, 44109, 44111, 44133, 45522, 51679, 51719, 51778, 55910, 61358, 61405, 61407, 62323, 62324, 62325, 62328, 62336, 62644, 66259, 67748, 67754, 67795, 67822, 67914, 68633, 70174, 71195, 71720, 24762], "label": "fan"}, {"objectId": 29, "id": 29, "partId": 29, "index": 6, "dominantNormal": [0.4375159740447998, -0.8992106318473816, -1.9966486949293962e-16], "obb": {"axesLengths": [2.814975062355084, 2.607779921417386, 0.4239077872376163], "centroid": [0.5918636557965533, -3.231519755149969, -0.1538899971760077], "normalizedAxes": [0.8992106318473816, 0.4375160038471222, 9.714806822261273e-17, 0, -2.220446049250313e-16, 1, 0.4375160038471222, -0.8992106318473816, -1.9966486949293962e-16]}, "segments": [10319, 11838, 27425, 37005, 27172, 9096, 24732, 32694, 34074, 33889, 15224, 14761, 14624, 14921, 17591, 15724, 17513, 15688, 10375, 10387, 10395, 10462, 11767, 11849, 11875, 11972, 11984, 12006, 12008, 12507, 12518, 12557, 14668, 14680, 14903, 14912, 14941, 14952, 14953, 14972, 15002, 15007, 15026, 15034, 15064, 15073, 15086, 15091, 15110, 15125, 15132, 15175, 15208, 15211, 15221, 15231, 15507, 15598, 15630, 15707, 15829, 15845, 15858, 16205, 16218, 16241, 16267, 16372, 16397, 16477, 16478, 17294, 17299, 17418, 17433, 17441, 17471, 17529, 24803, 29499, 29858, 29871, 30010, 35443, 35562, 35618, 35651, 35717, 35718, 36226, 36367, 37386, 39428, 41871, 41872, 41904, 41912, 41967, 42069, 42095, 42130, 42183, 42186, 42203, 42288, 42293, 42412, 42419, 61517, 61632, 61637, 61640, 61641, 61646, 61659, 61667, 62000, 62004, 62266, 62295, 62303, 62363, 62429, 62436, 62599, 66609, 66961, 66990, 67001, 67026, 67033, 67039, 67045, 67049, 67091, 67109, 68537], "label": "wall"}, {"objectId": 30, "id": 30, "partId": 30, "index": 7, "dominantNormal": [0.3833068013191223, -0.9236210584640503, -2.050850730270893e-16], "obb": {"axesLengths": [1.0883163505798368, 0.6544470044721583, 0.26974308300575994], "centroid": [0.2556112385650252, -3.1705556881232964, -0.631239476433707], "normalizedAxes": [0.9236210584640503, 0.3833068013191223, 8.511120726398198e-17, 0, -2.220446049250313e-16, 1, 0.3833068013191223, -0.9236210584640503, -2.050850730270893e-16]}, "segments": [43447, 42415, 26927, 13800, 26778, 56857, 29962, 13759, 13838, 13860, 27065, 29779, 32302, 32492, 32494, 32610, 37385, 42643, 42646, 42662, 64475, 64512, 64515, 66544, 66565, 42197, 67058, 72026, 29297, 13796, 29361, 41919, 42259, 66911, 38410], "label": "tv"}, {"objectId": 31, "id": 31, "partId": 31, "index": 8, "dominantNormal": [0.4441126585006714, -0.8959709405899048, -1.989455135275941e-16], "obb": {"axesLengths": [0.9195870917671043, 0.5600000494718539, 0.4572551355052091], "centroid": [0.16677061297094137, -3.155152905204625, -1.1699999774587169], "normalizedAxes": [0.8959709405899048, 0.4441126585006714, 9.861281979898693e-17, 0, -2.220446049250313e-16, 1, 0.4441126585006714, -0.8959709405899048, -1.989455135275941e-16]}, "segments": [48294, 48175, 32919, 32914, 46041, 29747, 45928, 30087, 27538, 29518, 46026, 29285, 63145, 32978, 69186, 66779, 28863, 29037, 29071, 29073, 29083, 29123, 29175, 29278, 29287, 29342, 29696, 29699, 29707, 29759, 29773, 29795, 29800, 29835, 29853, 29866, 32830, 32897, 32918, 32979, 34942, 34948, 35484, 35495, 35504, 36446, 36457, 45834, 46203, 46209, 46604, 46606, 46640, 46650, 48033, 48066, 48076, 48118, 48167, 48182, 48199, 48619, 63142, 63143, 63189, 63199, 64408, 67598, 67717, 68349, 68361, 68372, 68390, 68449, 68496, 68976, 69154, 69162, 69164, 69435, 69465, 48605, 29475, 29416, 29063], "label": "tv stand"}, {"objectId": 34, "id": 34, "partId": 34, "index": 11, "dominantNormal": [0.3113230764865875, -0.9503041505813599, -2.110099096744555e-16], "obb": {"axesLengths": [0.5912949214730386, 2.0799998772144335, 0.06615538668066985], "centroid": [2.288546997696696, -2.3906079017836013, -0.38999996389866065], "normalizedAxes": [0.9503041505813599, 0.3113230764865875, 6.912760952250963e-17, 0, -2.220446049250313e-16, 1, 0.3113230764865875, -0.9503041505813599, -2.110099096744555e-16]}, "segments": [49746, 12197, 55588, 9751, 43732, 42717], "label": "wall"}, {"objectId": 1, "id": 1, "partId": 1, "index": 12, "dominantNormal": [0, -2.220446049250313e-16, 1], "obb": {"axesLengths": [6.968543167885316, 0.36720000876784287, 5.66056301962125], "centroid": [0.014404142458556896, -0.8635912755823085, -1.473599924324157], "normalizedAxes": [0.8793064951896667, -0.4762563705444336, -1.0575015764056808e-16, 0, -2.220446049250313e-16, 1, -0.4762563705444336, -0.8793064951896667, -1.952452633324035e-16]}, "segments": [49349, 36591, 60630, 73937, 57726, 73322, 74376, 47943, 2947, 1986, 7412, 4481, 53014, 73310, 56551, 55814, 10736, 73164, 65466, 73200, 33214, 65595, 65516, 20722, 20591, 7056, 20667, 20602, 40433, 30218, 30324, 65528, 28990, 23929, 71549, 751, 3398, 73034, 46698, 73403, 73420, 73147, 32845, 74015, 47079, 60413, 73351, 25701, 18218, 48357, 48321, 48241, 32342, 32350], "label": "floor"}, {"objectId": 2, "id": 2, "partId": 2, "index": 13, "dominantNormal": [0.9080976247787476, 0.4187586009502411, 9.298308810695512e-17], "obb": {"axesLengths": [5.3509124956553205, 1.2671400174392753, 0.15832134034286624], "centroid": [-1.8138444838591203, -1.3245439970596282, -0.8635699946720168], "normalizedAxes": [-0.4187585711479187, 0.9080976247787476, 2.0163817832735632e-16, 0, -2.220446049250313e-16, 1, 0.9080976247787476, 0.4187585711479187, 9.298308148951022e-17]}, "segments": [53941, 42571, 68128, 21570, 43696, 26680, 26009, 32306, 27835, 50257, 50406], "label": "wall"}, {"objectId": 3, "id": 3, "partId": 3, "index": 14, "dominantNormal": [0, -2.220446049250313e-16, 1], "obb": {"axesLengths": [5.700200474922275, 1.486549999865516, 2.772478434791048], "centroid": [-1.0104444280826494, -1.044543393398269, 0.4332750175566584], "normalizedAxes": [-0.610305666923523, 0.7921660542488098, 1.758961985506979e-16, 0, -2.220446049250313e-16, 1, 0.7921660542488098, 0.610305666923523, 1.355150806955414e-16]}, "segments": [57904, 55895, 28614, 27394, 63682, 10619, 7675, 19562, 21773, 19340, 19564, 24201, 23645, 25830, 21957, 26218, 26303, 63501, 63803, 21175, 25387, 21816, 63823, 25424, 63990, 63893, 23049, 25228, 63875, 25051, 24911, 63310, 25000, 45006, 9503, 6922], "label": "wall"}, {"objectId": 4, "id": 4, "partId": 4, "index": 15, "dominantNormal": [0.39055612683296204, -0.9205791354179382, -2.04409630426103e-16], "obb": {"axesLengths": [1.6221387669837632, 1.138790013891681, 0.8128806009060939], "centroid": [-0.22182324787026242, -2.0917307514858168, 0.5393950213659906], "normalizedAxes": [0.9205791354179382, 0.39055612683296204, 8.672088088367547e-17, 0, -2.220446049250313e-16, 1, 0.39055612683296204, -0.9205791354179382, -2.04409630426103e-16]}, "segments": [38130, 38038, 49593, 50541, 58267, 51478, 58446, 70066, 70068, 40102, 62757, 10208, 50261, 11185, 72568, 40327], "label": "window"}, {"objectId": 5, "id": 5, "partId": 5, "index": 16, "dominantNormal": [0.32421907782554626, -0.945982038974762, -2.100502081103266e-16], "obb": {"axesLengths": [1.7034146961720253, 1.1145499974962316, 0.8765220762848728], "centroid": [-0.6997961177558971, -1.3024154004008923, 0.527275013168266], "normalizedAxes": [0.945982038974762, 0.3242190480232239, 7.19910904274865e-17, 0, -2.220446049250313e-16, 1, 0.3242190480232239, -0.945982038974762, -2.100502081103266e-16]}, "segments": [32041, 53649, 12691, 31985, 65651, 22518, 12769, 11262, 11204, 10132, 37756, 9524, 10570, 10592, 11020, 11063, 22324, 22360, 22363, 22383, 50100, 50150, 55662, 55683, 55725, 61488, 62934, 66401, 71643, 71678, 71685, 12938, 12852, 12882, 50109, 32054, 62954, 66396, 22374, 10142, 76112], "label": "window"}, {"objectId": 6, "id": 6, "partId": 6, "index": 17, "dominantNormal": [0.39879870414733887, -0.9170385003089905, -2.03623451502153e-16], "obb": {"axesLengths": [3.2242850114547377, 1.2433279921860687, 0.15352354063827525], "centroid": [-1.4494574900782673, 1.702289021889043, -0.8648359823975874], "normalizedAxes": [0.9170385003089905, 0.39879870414733887, 8.85511007070103e-17, 0, -2.220446049250313e-16, 1, 0.39879870414733887, -0.9170385003089905, -2.03623451502153e-16]}, "segments": [54868, 54210, 54905, 71362, 2854, 927, 54241], "label": "wall"}, {"objectId": 7, "id": 7, "partId": 7, "index": 18, "dominantNormal": [0, -2.220446049250313e-16, 1], "obb": {"axesLengths": [2.518540347089294, 1.0273099610065672, 2.155013563488383], "centroid": [-1.1063184303592852, 0.6710030616142462, -0.9236549546837455], "normalizedAxes": [-0.5822862982749939, 0.8129838109016418, 1.8051866910210142e-16, 0, -2.220446049250313e-16, 1, 0.8129838109016418, 0.5822862982749939, 1.2929353105372996e-16]}, "segments": [57748, 24154, 49131, 58751, 58778, 13428, 60293, 36951, 36868, 821, 479, 8172, 54880, 31705, 8159, 8165, 6270, 60747, 60839], "label": "bed"}, {"objectId": 8, "id": 8, "partId": 8, "index": 19, "dominantNormal": [0, -2.220446049250313e-16, 1], "obb": {"axesLengths": [1.9678360727809079, 0.43392096980092704, 1.6471460482083127], "centroid": [-0.974196418126416, 0.3238167410891184, -1.1746994459663465], "normalizedAxes": [0.9574276208877563, 0.28867343068122864, 6.409837786796682e-17, 0, -2.220446049250313e-16, 1, 0.28867343068122864, -0.9574276208877563, -2.125916378243345e-16]}, "segments": [57663, 72303, 72283, 54562, 54472, 60459, 60326, 52069, 46434, 4913, 29541, 72263, 47243, 52207, 241, 52122, 29628, 33694, 7872], "label": "blanket"}, {"objectId": 9, "id": 9, "partId": 9, "index": 20, "dominantNormal": [0.4428270757198334, -0.8966070413589478, -1.9908675627154876e-16], "obb": {"axesLengths": [0.8964933065006764, 0.4602899448508781, 0.4267064687422184], "centroid": [-1.0545337076361387, 1.495350537689614, -0.8601449404964245], "normalizedAxes": [0.8966070413589478, 0.4428270757198334, 9.832736307831733e-17, 0, -2.220446049250313e-16, 1, 0.4428270757198334, -0.8966070413589478, -1.9908675627154876e-16]}, "segments": [6645, 804, 60997, 5991, 1869, 61066, 6045, 1471, 6891], "label": "pillow"}, {"objectId": 10, "id": 10, "partId": 10, "index": 21, "dominantNormal": [0, -2.220446049250313e-16, 1], "obb": {"axesLengths": [0.8028348748410571, 0.16512000191688525, 0.6307437370720201], "centroid": [-1.7010350378286727, 1.088554927844435, -0.9525599732017532], "normalizedAxes": [0.907290518283844, 0.4205043613910675, 9.337072479433217e-17, 0, -2.220446049250313e-16, 1, 0.4205043613910675, -0.907290518283844, -2.0145896468456303e-16]}, "segments": [39663, 151, 36845, 66184, 6728, 664], "label": "pillow"}, {"objectId": 11, "id": 11, "partId": 11, "index": 22, "dominantNormal": [0, -2.220446049250313e-16, 1], "obb": {"axesLengths": [0.46901328674213094, 0.04884403834840567, 0.44712874251066204], "centroid": [-1.0399772221640493, -0.07047630412636752, -0.9772779890352946], "normalizedAxes": [0.9988625049591064, 0.04768288508057594, 1.0587727379402155e-17, 0, -2.220446049250313e-16, 1, 0.04768288508057594, -0.9988625049591064, -2.2179203028807192e-16]}, "segments": [50118, 50072], "label": "cushion"}, {"objectId": 12, "id": 12, "partId": 12, "index": 23, "dominantNormal": [0, -2.220446049250313e-16, 1], "obb": {"axesLengths": [0.4004784997048809, 0.04000306040041757, 0.39011549389156713], "centroid": [-0.570968193724423, 0.17367136152481955, -0.9883684760291478], "normalizedAxes": [0.25907525420188904, 0.9658571481704712, 2.144633688795297e-16, 0, -2.220446049250313e-16, 1, 0.9658571481704712, -0.25907525420188904, -5.752626246511051e-17]}, "segments": [56916], "label": "cushion"}, {"objectId": 13, "id": 13, "partId": 13, "index": 24, "dominantNormal": [0, -2.220446049250313e-16, 1], "obb": {"axesLengths": [0.554539575425684, 0.41999994769692517, 0.5118731403387163], "centroid": [-2.4100656973337564, 1.0900161014646825, -1.2799999893051397], "normalizedAxes": [0.9260560870170593, -0.3773858845233917, -8.379649963328e-17, 0, -2.220446049250313e-16, 1, -0.3773858845233917, -0.9260560870170593, -2.0562575798012335e-16]}, "segments": [36759, 39615, 53855, 54439, 36762, 54215], "label": "bedside table"}, {"objectId": 14, "id": 14, "partId": 14, "index": 25, "dominantNormal": [0.9035189747810364, 0.42854803800582886, 9.515677979040157e-17], "obb": {"axesLengths": [0.238481400292844, 0.3056759765965644, 0.15332415525389795], "centroid": [-2.422668907621112, 1.1214420855809966, -0.9916319494669458], "normalizedAxes": [-0.42854803800582886, 0.9035189747810364, 2.0062151379752455e-16, 0, -2.220446049250313e-16, 1, 0.9035189747810364, 0.42854803800582886, 9.515677979040157e-17]}, "segments": [71109, 54394, 53791, 53801, 54320, 71142, 53767, 54403, 53803, 70785], "label": "table lamp"}, {"objectId": 15, "id": 15, "partId": 15, "index": 26, "dominantNormal": [-0.32244351506233215, 0.9465886950492859, 2.1018491281871962e-16], "obb": {"axesLengths": [0.4255671593630285, 0.44106995073549554, 0.44532074097549496], "centroid": [-0.5035501925643562, 1.8037996797385367, -1.2305349301767001], "normalizedAxes": [-0.32244351506233215, 0.9465886950492859, 2.1018491281871962e-16, 0, -2.220446049250313e-16, 1, 0.9465886950492859, 0.32244351506233215, 7.159684291265392e-17]}, "segments": [1293, 1248, 24548, 1113, 1709], "label": "bedside table"}, {"objectId": 16, "id": 16, "partId": 16, "index": 27, "dominantNormal": [0, -2.220446049250313e-16, 1], "obb": {"axesLengths": [3.588216701016345, 1.444350001714751, 2.210442810378739], "centroid": [-1.108943409426368, 1.1202682876193168, 0.4321750287630759], "normalizedAxes": [0.9944909811019897, 0.10482235997915268, 2.327523950888037e-17, 0, -2.220446049250313e-16, 1, 0.10482235997915268, -0.9944909811019897, -2.208213570002981e-16]}, "segments": [55396, 47442, 27828, 23108, 28145, 28204, 67334, 25015, 25077, 63707, 25069, 63759, 21702, 25203, 63800, 25150, 22898, 63208, 63217, 24177, 64301, 2319, 4509, 3774, 3842, 22601], "label": "wall"}, {"objectId": 17, "id": 17, "partId": 17, "index": 28, "dominantNormal": [0.977118730545044, 0.212694451212883, 4.722765538931095e-17], "obb": {"axesLengths": [5.362023505804068, 2.7080999007500717, 1.3732857997621766], "centroid": [1.0988221469650523, -0.11802377242116446, -0.19569997234240355], "normalizedAxes": [-0.2126944661140442, 0.977118730545044, 2.169639424887224e-16, 0, -2.220446049250313e-16, 1, 0.977118730545044, 0.2126944661140442, 4.72276586980334e-17]}, "segments": [41775, 16079, 43121, 44928, 71722, 18219, 56213, 57874, 13369, 16527, 57953, 55537, 57373, 41820, 72087, 34898, 61712, 42698, 66115, 21254, 8006, 6333, 75307, 8412, 5667, 39320, 39022, 35238, 48800, 69476, 59100, 47449, 74801, 48473, 37457, 56325, 57999, 76083, 75897, 59124, 34421, 37532, 35420, 34109, 59276, 48773, 58932, 59206, 74771, 58895, 35254, 76463, 36577, 45760, 76566, 56638, 9036, 25086, 13214, 22140, 22195, 16902, 38366, 33795, 61429, 23570, 1823, 55774, 17192, 17691, 21434, 35816, 22207, 9140, 56761, 14274, 21428, 17758, 38251, 18332, 16710, 16621, 52310, 57467, 55685, 23443, 35115, 14334, 14305, 43559, 41638, 43513, 61787, 14145, 23441, 48469, 71757, 24974, 56714, 8187, 61341, 8260, 9144, 48392, 46248, 26391, 69501, 35352, 21338, 61423, 61752, 14011, 14322, 61997, 16521, 8753, 46542, 72944, 59873, 26950, 63052, 27629, 26073, 59844, 72892, 21704, 8324, 26940, 62843, 64588, 27597, 14928, 16788, 14659], "label": "wall"}, {"objectId": 18, "id": 18, "partId": 18, "index": 29, "dominantNormal": [0, -2.220446049250313e-16, 1], "obb": {"axesLengths": [3.4742625360596078, 0.11512994508899922, 1.036823940007503], "centroid": [0.8879304747023151, -1.2045287885139768, 1.1275650141592672], "normalizedAxes": [-0.35188671946525574, 0.9360426068305969, 2.078432108266963e-16, 0, -2.220446049250313e-16, 1, 0.9360426068305969, 0.35188671946525574, 7.813454760202803e-17]}, "segments": [9255, 5442, 55465, 36214, 63440, 13071, 32171], "label": "ceiling"}, {"objectId": 19, "id": 19, "partId": 19, "index": 30, "dominantNormal": [-0.12890583276748657, 0.9916568398475647, 2.2019205122515755e-16], "obb": {"axesLengths": [0.36711952559228667, 0.47352295055561616, 0.3841074259245811], "centroid": [0.673236510212764, -0.5673352257660194, -1.1879884502335991], "normalizedAxes": [-0.12890583276748657, 0.9916568398475647, 2.2019205122515755e-16, 0, -2.220446049250313e-16, 1, 0.9916568398475647, 0.12890583276748657, 2.862284470938871e-17]}, "segments": [54849, 55158, 30388, 30354, 32215, 56633, 39492, 55031, 70230, 33345, 40870, 55231, 56548, 56630, 64231, 64533, 69861, 70187], "label": "stool"}, {"objectId": 20, "id": 20, "partId": 20, "index": 31, "dominantNormal": [0, -2.220446049250313e-16, 1], "obb": {"axesLengths": [0.957774703738471, 0.2750699458628157, 0.38799212706796515], "centroid": [0.9956487195045383, -1.191906142775819, -1.2934449491219615], "normalizedAxes": [-0.45259854197502136, 0.8917143940925598, 1.9800037034224612e-16, 0, -2.220446049250313e-16, 1, 0.8917143940925598, 0.45259854197502136, 1.0049706444248882e-16]}, "segments": [64664, 25364, 35629, 64691, 18160, 63102, 14864, 61528, 14960, 25516, 64132, 23130, 63108], "label": "clutter"}, {"objectId": 21, "id": 21, "partId": 21, "index": 32, "dominantNormal": [0.9856047034263611, 0.16906630992889404, 3.7540261994294176e-17], "obb": {"axesLengths": [0.592230213053789, 1.9338370129353466, 0.3339438653083962], "centroid": [0.9103242080013696, -0.7901572635000195, -0.24308149155464553], "normalizedAxes": [-0.16906629502773285, 0.9856047034263611, 2.18848206984559e-16, 0, -2.220446049250313e-16, 1, 0.9856047034263611, 0.16906629502773285, 3.7540258685571726e-17]}, "segments": [28190, 31747, 65664, 30808, 61689, 36442, 32101, 64226, 28839, 58064, 70928, 22161, 22187, 22316, 16276, 16385, 16394, 16485, 17462, 17520, 17533, 22260, 22263, 28188, 28258, 28273, 28591, 28608, 28629, 28648, 28682, 28716, 30484, 30546, 30882, 31694, 31812, 36484, 36527, 58103, 58335, 62918, 63128, 63133, 63136, 63138, 63703, 64190, 64342, 64360, 64364, 65421, 65687, 70855, 70858, 70862, 70864, 70867, 70870, 70881, 70938, 70976, 71019, 16560, 30759, 16248, 27037, 27044, 27061, 30783, 62868, 63312, 71037, 27387, 26464, 27160, 27234, 27255, 27292, 27345, 62911, 8460, 8356, 8381, 8439, 26613, 26781, 26834, 27102, 61364, 75519, 75362, 41462, 41407, 66502, 6160, 66494, 6101, 41309, 20514, 41403, 27350, 6144, 20415, 20532, 27273, 34215, 35070, 35233, 35245, 35268, 35308, 37773, 41360, 49928, 60152, 60156, 62865, 64628, 64631, 65981, 66421, 66423, 66534, 66538, 68251, 68266, 69468, 69485], "label": "clothes"}, {"objectId": 22, "id": 22, "partId": 22, "index": 33, "dominantNormal": [0.9099318981170654, 0.4147576689720154, 9.209470274651807e-17], "obb": {"axesLengths": [0.28435407022883213, 0.3199999856948854, 0.05679328072591259], "centroid": [1.1567014548975423, -1.1246668368551422, 0.9699999902057632], "normalizedAxes": [-0.4147576689720154, 0.9099318981170654, 2.0204546882608763e-16, 0, -2.220446049250313e-16, 1, 0.9099318981170654, 0.4147576689720154, 9.209470274651807e-17]}, "segments": [7976, 8887], "label": "lamp"}], "scan_id": "283ccfeb-107c-24d5-8bbf-05519a3c7c47", "annId": "4723", "appId": "stk.v1"}