{"segGroups": [{"objectId": 12, "id": 12, "partId": 12, "index": 0, "dominantNormal": [-0.17208945751190186, -0.9850813150405884, -2.1873199141721775e-16], "obb": {"axesLengths": [1.096113302741085, 0.35999997645616566, 0.04606539578915174], "centroid": [-0.2099239144322287, 1.277235663112816, 0.46999999389052416], "normalizedAxes": [0.9850813150405884, -0.17208945751190186, -3.821153560499321e-17, 0, -2.220446049250313e-16, 1, -0.17208945751190186, -0.9850813150405884, -2.1873199141721775e-16]}, "segments": [8679, 10273, 10291], "label": "picture"}, {"objectId": 13, "id": 13, "partId": 13, "index": 1, "dominantNormal": [0.014710213989019394, -0.9998918175697327, -2.2202058360004277e-16], "obb": {"axesLengths": [0.624767862768495, 0.48960937955358497, 0.28436182124308923], "centroid": [-0.541315412019002, 1.2303491573236427, -0.32918526427778705], "normalizedAxes": [0.9998918175697327, 0.014710214920341969, 3.2663238603496333e-18, 0, -2.220446049250313e-16, 1, 0.014710214920341969, -0.9998918175697327, -2.2202058360004277e-16]}, "segments": [10334, 21890, 8788, 8715, 8716, 11158, 21124, 21864, 12151, 8880, 10432, 21233], "label": "monitor"}, {"objectId": 14, "id": 14, "partId": 14, "index": 2, "dominantNormal": [0, -2.220446049250313e-16, 1], "obb": {"axesLengths": [0.49544489625472576, 0.38748001186221775, 0.4710991478489107], "centroid": [-0.6042768547960757, 0.9730411777605531, -0.536259976336509], "normalizedAxes": [0.9518274664878845, 0.3066340982913971, 6.808644721165649e-17, 0, -2.220446049250313e-16, 1, 0.3066340982913971, -0.9518274664878845, -2.113481537530958e-16]}, "segments": [21909, 12393, 21873, 12660, 11287, 11263, 10360, 10597, 12626, 12639, 12699, 12816, 12863, 18787, 21856, 21887, 21949, 21953, 22034], "label": "laptop"}, {"objectId": 21, "id": 21, "partId": 21, "index": 3, "dominantNormal": [0.8560147285461426, -0.5169514417648315, -1.1478627865209735e-16], "obb": {"axesLengths": [0.6231151311089494, 0.357337049603379, 0.35733608119198634], "centroid": [-2.2099025424833867, 1.3426030944275449, 0.838221521938856], "normalizedAxes": [0.5169514417648315, 0.8560147285461426, 1.9007345221003615e-16, 0, -2.220446049250313e-16, 1, 0.8560147285461426, -0.5169514417648315, -1.1478627865209735e-16]}, "segments": [150, 180, 129, 106, 112, 253, 5700, 9770, 162, 17217, 20230, 2826, 2893, 2959, 3189, 5689, 19896, 19902, 19906, 19910, 19920, 20251, 16088, 2832, 16266, 290], "label": "box"}, {"objectId": 22, "id": 22, "partId": 22, "index": 4, "dominantNormal": [-0.23642128705978394, -0.9716506600379944, -2.1574978693328237e-16], "obb": {"axesLengths": [0.550988676621939, 0.7046239814618827, 0.07141514583651269], "centroid": [-2.0210538979314774, 0.9674730888982128, -0.8776879803608058], "normalizedAxes": [0.9716506600379944, -0.23642130196094513, -5.249607458977959e-17, 0, -2.220446049250313e-16, 1, -0.23642130196094513, -0.9716506600379944, -2.1574978693328237e-16]}, "segments": [4768, 5301], "label": "t-shirt"}, {"objectId": 23, "id": 23, "partId": 23, "index": 5, "dominantNormal": [0, -2.220446049250313e-16, 1], "obb": {"axesLengths": [0.7373410063978598, 0.38591997952938123, 0.4127466979807872], "centroid": [-0.5574519986868637, 1.0348602150067046, -1.1429599361205107], "normalizedAxes": [0.9215103983879089, -0.3883536756038666, -8.623183847064432e-17, 0, -2.220446049250313e-16, 1, -0.3883536756038666, -0.9215103983879089, -2.0461641234435145e-16]}, "segments": [25547, 9335, 9394, 9670, 10052], "label": "box"}, {"objectId": 24, "id": 24, "partId": 24, "index": 6, "dominantNormal": [0.22899313271045685, -0.9734280109405518, -2.1614443811225387e-16], "obb": {"axesLengths": [0.710590464199097, 0.42688994645573314, 0.422643748371732], "centroid": [0.04982634921070128, 0.9248052692558726, -1.1234449586247282], "normalizedAxes": [0.9734280109405518, 0.22899314761161804, 5.0846692991961105e-17, 0, -2.220446049250313e-16, 1, 0.22899314761161804, -0.9734280109405518, -2.1614443811225387e-16]}, "segments": [10060, 10176, 17063, 14042, 23916], "label": "box"}, {"objectId": 31, "id": 31, "partId": 31, "index": 10, "dominantNormal": [0.29060643911361694, -0.9568426609039307, -2.1246175061582898e-16], "obb": {"axesLengths": [0.33852138768947937, 0.43643992163747686, 0.3161134638620922], "centroid": [0.6230175337147743, 0.7773621375551291, -1.1282199462156], "normalizedAxes": [0.9568426609039307, 0.29060643911361694, 6.452759196165324e-17, 0, -2.220446049250313e-16, 1, 0.29060643911361694, -0.9568426609039307, -2.1246175061582898e-16]}, "segments": [17254, 16174, 16186, 17242], "label": "backpack"}, {"objectId": 15, "id": 15, "partId": 15, "index": 11, "dominantNormal": [0.5783426761627197, -0.8157939314842224, -1.8114264121665223e-16], "obb": {"axesLengths": [0.6576327131141997, 0.7823480192792113, 0.621731739670539], "centroid": [-0.02047605463917923, 0.5327393246864591, -0.9408559980052107], "normalizedAxes": [0.8157939314842224, 0.5783426761627197, 1.2841787103983642e-16, 0, -2.220446049250313e-16, 1, 0.5783426761627197, -0.8157939314842224, -1.8114264121665223e-16]}, "segments": [14233, 24397, 9265, 7268, 6159, 6255, 6705, 6707, 6740, 7570, 8208, 9244, 9256, 9919, 9950, 10071, 14125, 14221, 14322, 14324, 15808, 15825, 15841, 18634, 18653, 18655, 18721, 18759, 19248, 19297, 19629, 19660, 19682, 22256, 22262, 22265, 24066, 24123, 24409, 25195, 25265, 25268, 25271, 25281, 25284, 22357, 9353, 22372, 24351], "label": "chair"}, {"objectId": 16, "id": 16, "partId": 16, "index": 12, "dominantNormal": [-0.011106173507869244, -0.9999383091926575, -2.2203090681408743e-16], "obb": {"axesLengths": [0.32239702913522605, 0.6116679770126643, 0.17044218419637622], "centroid": [-0.031811128475533246, 0.24634875668184675, -0.8555159768719373], "normalizedAxes": [0.9999383091926575, -0.011106173507869244, -2.4660659087836753e-18, 0, -2.220446049250313e-16, 1, -0.011106173507869244, -0.9999383091926575, -2.2203090681408743e-16]}, "segments": [24327, 6068, 6172, 19307, 7427], "label": "clothes"}, {"objectId": 17, "id": 17, "partId": 17, "index": 13, "dominantNormal": [0, -2.220446049250313e-16, 1], "obb": {"axesLengths": [0.8371130227595842, 0.3910799535122525, 0.6041889061822483], "centroid": [-1.303767749030814, 1.2032318147496472, 1.0841099880462144], "normalizedAxes": [0.9916154742240906, 0.12922348082065582, 2.869337674585988e-17, 0, -2.220446049250313e-16, 1, 0.12922348082065582, -0.9916154742240906, -2.2018286621163576e-16]}, "segments": [22524, 24519, 24564, 24522, 18098, 24603, 18133, 5869, 5839, 5871, 5907, 5914, 5924, 5939, 5957, 5974, 11658, 11662, 11678, 11682, 11701, 14805, 14822, 18026, 22502, 24585, 24613, 24625, 24630, 24687, 24696, 24701, 24714, 14794, 14806, 24640, 6352, 20396], "label": "suitcase"}, {"objectId": 18, "id": 18, "partId": 18, "index": 14, "dominantNormal": [0, -2.220446049250313e-16, 1], "obb": {"axesLengths": [0.8050510173247335, 0.5449449894217029, 0.5665979035980556], "centroid": [-1.2577094622045049, 1.1380639130549217, 0.6624724921776539], "normalizedAxes": [0.9101094603538513, 0.4143679141998291, 9.200815980211032e-17, 0, -2.220446049250313e-16, 1, 0.4143679141998291, -0.9101094603538513, -2.0208489556280436e-16]}, "segments": [15018, 18472, 24945, 6449, 24911, 18493, 15128, 15101, 22649, 22632, 11840, 22699, 24678, 11780, 24927, 18394, 18340, 18390, 22721, 11671, 15132, 18495, 11826, 11715, 11759, 14858, 14902, 14925, 15117, 18382, 18399, 18410, 18499, 20394, 21177, 21725, 22592, 24717, 24770, 24773], "label": "box"}, {"objectId": 19, "id": 19, "partId": 19, "index": 15, "dominantNormal": [0, -2.220446049250313e-16, 1], "obb": {"axesLengths": [0.6740766547897782, 0.3381140156511808, 0.49230797766420464], "centroid": [-1.834796946946057, 1.2623202235943736, 0.8293809910256935], "normalizedAxes": [-0.5710158348083496, 0.8209390640258789, 1.8228509013915126e-16, 0, -2.220446049250313e-16, 1, 0.8209390640258789, 0.5710158348083496, 1.2679098544595693e-16]}, "segments": [14784, 20333, 6083, 3210, 5785, 5818, 5988, 6034, 6218, 16671, 19976, 20253, 20256, 20259, 20261, 20327, 20330, 20369, 20401, 3101], "label": "box"}, {"objectId": 20, "id": 20, "partId": 20, "index": 16, "dominantNormal": [0.007935400120913982, -0.9999685287475586, -2.2203761690321646e-16], "obb": {"axesLengths": [0.6231019489265542, 1.1599999500066045, 0.45077319660123377], "centroid": [0.7900350132781884, 0.9568224132842593, -0.5699999549612407], "normalizedAxes": [0.9999685287475586, 0.007935400120913982, 1.762012784770391e-18, 0, -2.220446049250313e-16, 1, 0.007935400120913982, -0.9999685287475586, -2.2203761690321646e-16]}, "segments": [6718, 6621, 23580, 88, 6903, 22509, 17778, 17743, 13723, 13708, 17719, 244, 291, 6612, 6772, 6786, 6811, 6844, 13674, 13688, 13720, 13768, 13920, 15989, 16003, 16017, 16019, 16049, 16087, 17191, 17245, 17257, 17624, 17738, 17764, 20434, 20483, 20487, 20493, 22195, 22586, 22608, 24234, 24446], "label": "shelf"}, {"objectId": 1, "id": 1, "partId": 1, "index": 17, "dominantNormal": [-0.20925942063331604, -0.977860152721405, -2.1712857128295516e-16], "obb": {"axesLengths": [3.380739604004189, 2.9777699043355144, 0.8631211085204411], "centroid": [-1.0080578589579885, 1.0874288862047197, 0.12119503607165028], "normalizedAxes": [0.977860152721405, -0.20925942063331604, -4.6464925381365605e-17, 0, -2.220446049250313e-16, 1, -0.20925942063331604, -0.977860152721405, -2.1712857128295516e-16]}, "segments": [9815, 19104, 22850, 9842, 8488, 5646, 6340, 16335, 12080, 2539, 11935, 16623, 16628, 17850, 14097, 22214, 12193, 12753], "label": "wall"}, {"objectId": 2, "id": 2, "partId": 2, "index": 18, "dominantNormal": [0, -2.220446049250313e-16, 1], "obb": {"axesLengths": [3.363191244278588, 0.13098001187339392, 1.4198192857331278], "centroid": [-1.0331267588199655, 0.7882015708973522, 1.566390023014172], "normalizedAxes": [0.9903222322463989, -0.13878725469112396, -3.081696113652032e-17, 0, -2.220446049250313e-16, 1, -0.13878725469112396, -0.9903222322463989, -2.1989570880762675e-16]}, "segments": [12247, 16275, 22154, 5614, 9871, 4091], "label": "ceiling"}, {"objectId": 3, "id": 3, "partId": 3, "index": 19, "dominantNormal": [0.9740939736366272, -0.22614368796348572, -5.0213985850141744e-17], "obb": {"axesLengths": [1.4362140626574014, 2.9799999524652954, 0.25159269756520414], "centroid": [-2.6697901675139315, 1.054268885884602, 0.1200000225752591], "normalizedAxes": [0.22614368796348572, 0.9740939736366272, 2.1629231153599875e-16, 0, -2.220446049250313e-16, 1, 0.9740939736366272, -0.22614368796348572, -5.0213985850141744e-17]}, "segments": [19022, 2425, 336, 3864, 20911, 1976, 2026, 20610, 7110, 24311, 1879, 755, 3898, 3620, 19991, 1201, 1243, 725, 610, 19702, 1752, 19881, 2008, 948, 1670, 19812, 1700], "label": "wall"}, {"objectId": 4, "id": 4, "partId": 4, "index": 20, "dominantNormal": [0.9753445982933044, 0.22068746387958527, 4.900246072904963e-17], "obb": {"axesLengths": [0.3964733564876491, 1.3368699847861376, 0.20090247987847082], "centroid": [-2.5347830603207626, 1.4811392590224068, -0.47843497853498895], "normalizedAxes": [-0.22068744897842407, 0.9753445982933044, 2.1657000599380015e-16, 0, -2.220446049250313e-16, 1, 0.9753445982933044, 0.22068744897842407, 4.900245742032718e-17]}, "segments": [429, 497, 588, 604, 670, 728, 793, 877, 1064, 1397, 1577, 1710, 1736, 1741, 19817, 19975, 19988, 20180, 20957, 20962, 20966, 24288, 24291, 19709, 506, 507, 520], "label": "ironing board"}, {"objectId": 5, "id": 5, "partId": 5, "index": 21, "dominantNormal": [0, -2.220446049250313e-16, 1], "obb": {"axesLengths": [3.5304455203575094, 0.2999999456107627, 1.821927419265976], "centroid": [-1.0721752063508088, 0.48564463842167555, -1.279999922290445], "normalizedAxes": [0.9969955682754517, -0.07745840400457382, -1.7199220715319057e-17, 0, -2.220446049250313e-16, 1, -0.07745840400457382, -0.9969955682754517, -2.2137748706972974e-16]}, "segments": [6870, 7309, 7271, 17436, 19539, 7249, 5885, 7672, 7669, 14544, 4686, 4654, 7601, 8144, 19179, 8294, 16498, 8901, 367, 1236, 1325, 1345, 1350, 1368, 1380, 1537, 1540, 1572, 2843, 3118, 4251, 6557, 7282, 7386, 7813, 7949, 8221, 8393, 9581, 9585, 9675, 9696, 9699, 9720, 9773, 9779, 9918, 9976, 9990, 10082, 10163, 10469, 10707, 13186, 13629, 14384, 14514, 14599, 14620, 15760, 15849, 15937, 15943, 15950, 17820, 17894, 19045, 19899, 20033, 20034, 20036, 20976, 21051, 21054, 21063, 21067, 21090, 21175, 21198, 22178, 22304, 22394, 23071, 23074, 23075, 23342, 23410, 23943, 24449, 24456, 24496, 24965, 7737, 9396, 7162, 14294, 2824], "label": "floor"}, {"objectId": 6, "id": 6, "partId": 6, "index": 22, "dominantNormal": [-0.12055321037769318, -0.9927068948745728, -2.204252102787791e-16], "obb": {"axesLengths": [0.6642025633338702, 1.2694334700085186, 0.5976341525059495], "centroid": [-0.6027566367954159, 0.5345978867237265, -0.7156132094797512], "normalizedAxes": [0.9927068948745728, -0.12055321037769318, -2.6768189970759066e-17, 0, -2.220446049250313e-16, 1, -0.12055321037769318, -0.9927068948745728, -2.204252102787791e-16]}, "segments": [19607, 3885, 24009, 16560, 17179, 17059, 17058, 3526, 24111, 24046, 19656, 14432, 25325, 19358, 16841, 16785, 23954, 16941, 18292, 4119, 3801, 14348, 14350, 16748, 16807, 16817, 17102, 17118, 17150, 17151, 17152, 18277, 18316, 18403, 18405, 18936, 19198, 19276, 19689, 22260, 23859, 24145, 25342, 25349, 7907, 16583, 13066, 16605, 9178, 25416, 25504, 19392, 25353, 8001, 19100], "label": "chair"}, {"objectId": 7, "id": 7, "partId": 7, "index": 23, "dominantNormal": [-0.14302857220172882, -0.9897185564041138, -2.1976166584372376e-16], "obb": {"axesLengths": [1.4179690319525258, 0.9713930270509485, 0.8278996969438754], "centroid": [-0.3053866437308068, 0.9072648538559225, -0.8579134842474719], "normalizedAxes": [0.9897185564041138, -0.14302857220172882, -3.175872280752419e-17, 0, -2.220446049250313e-16, 1, -0.14302857220172882, -0.9897185564041138, -2.1976166584372376e-16]}, "segments": [12776, 18482, 11227, 10640, 13334, 21110, 17657, 19616, 13889, 3721, 8579, 9042, 9060, 9084, 10450, 11345, 11377, 12820, 12827, 12861, 12871, 12925, 13346, 13387, 13403, 13798, 13799, 13835, 13909, 14121, 14163, 14178, 15410, 17572, 22139, 22065, 22415, 14283, 12996, 7464, 9354, 10994, 10902, 10715, 10709, 21426, 21447, 9192, 9355, 21410, 9208, 10931, 14160, 14197, 13833, 17592, 14313, 25261, 18626, 18614, 10399, 19499, 19496, 9028, 8907, 9087, 9050, 15270, 15222, 15307, 15280], "label": "office table"}, {"objectId": 8, "id": 8, "partId": 8, "index": 24, "dominantNormal": [-0.1815601885318756, -0.9833798408508301, -2.1835418825296273e-16], "obb": {"axesLengths": [0.605811282936924, 0.8683199688422683, 0.07979273497614262], "centroid": [-1.5743933591547679, 0.8827383320278319, -0.9241599625164273], "normalizedAxes": [0.9833798408508301, -0.1815601885318756, -4.031446033267452e-17, 0, -2.220446049250313e-16, 1, -0.1815601885318756, -0.9833798408508301, -2.1835418825296273e-16]}, "segments": [21579, 5071, 5106, 4369], "label": "t-shirt"}, {"objectId": 9, "id": 9, "partId": 9, "index": 25, "dominantNormal": [-0.042940571904182434, -0.9990776181221008, -2.2183979500536318e-16], "obb": {"axesLengths": [1.6045357967888227, 2.1653359644412395, 0.6477892021255168], "centroid": [-1.7482766126492966, 1.1200965180061377, -0.2973419752566071], "normalizedAxes": [0.9990776181221008, -0.042940571904182434, -9.534722323719088e-18, 0, -2.220446049250313e-16, 1, -0.042940571904182434, -0.9990776181221008, -2.2183979500536318e-16]}, "segments": [17449, 4792, 5237, 4256, 4252, 11416, 6569, 297, 6494, 20195, 20205, 11743], "label": "wardrobe"}, {"objectId": 10, "id": 10, "partId": 10, "index": 26, "dominantNormal": [0.1310245245695114, -0.9913791418075562, -2.201303898735754e-16], "obb": {"axesLengths": [0.6987417843840165, 0.5183880213263327, 0.4157916400968503], "centroid": [-1.2027938635492692, 0.7206939293193197, -1.0908059625147433], "normalizedAxes": [0.9913791418075562, 0.1310245245695114, 2.909328879352722e-17, 0, -2.220446049250313e-16, 1, 0.1310245245695114, -0.9913791418075562, -2.201303898735754e-16]}, "segments": [12028, 11555, 5174, 7795, 4118, 4215, 7512, 13042, 18960, 21092, 22052, 22396, 3446], "label": "backpack"}, {"objectId": 11, "id": 11, "partId": 11, "index": 27, "dominantNormal": [0.9979600310325623, -0.06384199112653732, -1.4175769697319334e-17], "obb": {"axesLengths": [0.7736329637284381, 2.3599999615550042, 0.32967495789739815], "centroid": [-2.7279559962978315, 0.7465531502283789, -0.20999995335936616], "normalizedAxes": [0.06384199112653732, 0.9979600310325623, 2.2159164082159727e-16, 0, -2.220446049250313e-16, 1, 0.9979600310325623, -0.06384199112653732, -1.4175769697319334e-17]}, "segments": [734, 846, 1581, 1615, 21771, 1459, 20711, 20707, 1031, 4030, 20822, 21794, 3432, 12672, 21751, 723, 987, 1080, 1131, 1132, 1873, 2117, 2333, 2349, 2354, 3606, 3757, 3865, 3878, 3958, 3961, 12951, 13062, 19809, 20162, 20183, 21366, 21368, 21370, 21376, 801, 551, 19823, 371, 613, 617, 621, 19829], "label": "curtain"}], "scan_id": "d7d40d39-7a5d-2b36-972e-a7c800ca7bbf", "annId": "5635", "appId": "stk.v1"}