{"segGroups": [{"objectId": 1, "id": 1, "partId": 1, "index": 0, "dominantNormal": [0, -2.220446049250313e-16, 1], "obb": {"axesLengths": [5.588245971645758, 0.2746599851252149, 4.582424539597367], "centroid": [-1.8618877228353308, -0.46919979115749694, -1.5073299611211568], "normalizedAxes": [0.9392898678779602, 0.34312471747398376, 7.618899233152371e-17, 0, -2.220446049250313e-16, 1, 0.34312471747398376, -0.9392898678779602, -2.0856424762304653e-16]}, "segments": [53394, 6139, 510, 514, 558, 748, 752, 805, 806, 827, 828, 850, 4043, 4221, 4426, 4619, 4648, 4667, 4681, 4690, 4712, 6221, 6247, 22972, 22995, 23008, 23331, 23375, 23380, 23384, 23638, 23640, 23684, 23827, 23903, 24555, 26362, 26372, 26389, 26395, 26857, 32429, 32715, 33404, 33407, 34329, 37776, 38185, 40268, 40364, 41932, 43945, 44078, 44107, 44160, 44203, 44918, 46043, 46098, 46261, 47235, 47310, 47313, 47373, 47384, 47400, 47678, 47719, 47723, 47761, 49451, 49615, 50924, 50960, 51594, 52131, 52137, 52164, 54492, 60757, 61616, 65459, 65568, 66487, 66927, 67082, 69182, 69972, 77054, 77131, 79199, 79273, 79835, 86512, 91166, 91196, 91197, 91199, 91430, 91436, 91465, 93497, 93505, 93507, 93884, 93924, 93926, 93929, 93932, 94242, 94245, 94247, 94251, 95493, 95496, 96760, 96762, 96838, 96842, 96846, 96914, 96919, 97840, 105535, 106170, 106271, 106287, 23896, 45388, 45391, 45407, 55223, 67878, 77184, 80891, 81313, 93485, 93522, 965, 978, 4658, 6165, 23627, 27869, 40396, 44209, 4137, 24480, 24490, 45755, 52835, 53565, 81059, 74795, 106424, 23188, 24335, 45362, 55123, 40035, 30689, 30553, 31145, 33014, 33084, 94727, 31030, 31053, 31000, 62758, 33025, 94714, 33037, 33101, 30415, 30427, 30420, 30482, 93982, 33334, 30978, 31133, 94174, 94137, 30515, 30806, 30611, 30628], "label": "floor"}, {"objectId": 2, "id": 2, "partId": 2, "index": 1, "dominantNormal": [0.27373677492141724, -0.9618046283721924, -2.1356352872197002e-16], "obb": {"axesLengths": [4.193466513061325, 3.2257999652817837, 0.3528127954304232], "centroid": [-2.935579821455798, 1.2912039296233604, 0.0322099972767389], "normalizedAxes": [0.9618046283721924, 0.2737368047237396, 6.078178065832321e-17, 0, -2.220446049250313e-16, 1, 0.2737368047237396, -0.9618046283721924, -2.1356352872197002e-16]}, "segments": [64001, 19675, 16580, 20782, 102059, 19348, 24240, 35145, 20607, 16134, 63356, 65719, 42214, 58163, 57992, 14371, 107397, 10733, 107306, 107203, 107230, 16090, 23533, 25350, 102047, 66122, 52839, 42170], "label": "wall"}, {"objectId": 3, "id": 3, "partId": 3, "index": 2, "dominantNormal": [0, -2.220446049250313e-16, 1], "obb": {"axesLengths": [5.77485800991703, 1.7961099342381215, 4.217517717728219], "centroid": [-1.9086676325430592, -0.34557525024879787, 1.8280549590724338], "normalizedAxes": [0.9816896319389343, 0.19048753380775452, 4.2296729187486396e-17, 0, -2.220446049250313e-16, 1, 0.19048753380775452, -0.9816896319389343, -2.1797888648288007e-16]}, "segments": [37591, 36278, 36218, 54277, 29553, 31300, 94489, 29626, 54130, 54719, 94561, 98528, 31438, 37608, 81155, 93136, 94538, 20587, 29028, 31392, 14439, 6294, 31327, 31487, 54880, 54118, 81202, 81211, 81126, 7269, 20512, 2748, 82344, 82551, 13946, 87711, 83401, 86750, 81689, 1555, 2466, 2806, 2821, 2841, 2851, 3393, 5074, 5195, 5203, 5206, 5362, 5365, 5402, 5583, 7226, 7294, 7339, 7370, 7395, 13893, 15535, 15538, 17058, 22061, 31406, 31415, 31418, 31827, 31840, 31868, 32138, 32452, 32453, 33519, 33520, 33524, 46054, 46060, 46125, 80916, 80917, 81176, 81183, 81506, 81736, 82650, 82690, 83485, 83864, 84423, 84455, 84526, 85499, 85632, 86369, 91106, 91223, 91251, 91514, 91596, 91747, 92698, 92896, 92910, 107594, 108342, 108346, 109067, 110670, 29188, 5158, 2870, 93641, 6965, 6950, 6939, 5343, 1439, 1588, 1879, 1885, 1916, 2006, 2612, 2912, 2937, 2966, 3026, 3033, 3054, 3061, 3113, 3118, 4518, 4592, 5262, 5353, 5355, 5420, 5427, 5536, 5609, 6994, 6995, 7017, 7020, 7025, 7043, 7069, 7349, 7390, 8428, 17327, 20167, 20175, 20183, 20220, 20230, 20392, 21393, 21520, 21553, 21559, 21560, 21569, 21680, 21750, 21780, 21783, 21830, 21958, 23710, 28244, 28771, 28844, 30190, 31164, 91241, 91286, 91303, 91624, 91742, 93145, 93147, 93182, 93210, 93215, 93218, 93242, 93244, 93248, 93250, 93296, 94516, 94524, 111453, 22519, 3151, 81521, 87415, 85564, 85532, 86757, 87170, 87802, 71024, 87906, 78746, 102930, 22398, 77356, 22080, 22377, 22240, 22502, 77305, 87040, 86080, 85456, 88015, 80185, 110875, 77571, 407, 6325, 7081, 8439, 17230, 17728, 17781, 70654, 71403, 71617, 73638, 74471, 75233, 75847, 75943, 76857, 77994, 79376, 79525, 79689, 80779, 80780, 82116, 83132, 83684, 83846, 85261, 85344, 85364, 85467, 85781, 85793, 85910, 85928, 85933, 85981, 86079, 86090, 86543, 86592, 86686, 87120, 87184, 87186, 87209, 87546, 87764, 87823, 87843, 87863, 87871, 87947, 88595, 88656, 88773, 89518, 91723, 104612, 107041, 107045, 107547, 108138, 108214, 108242, 109373, 109387, 109391, 109394, 109433, 110091, 110098, 110102, 110616, 110618, 110620, 110834, 110838, 110843, 110850, 110852, 110855, 110859, 111331, 111336, 111338, 111340, 111342, 112304, 6083, 436, 6479, 8326, 8344, 19794, 22860, 22866, 23617, 71611, 71622, 71830, 71962, 103037, 5957, 3461, 11288, 21, 171, 216, 241, 258, 421, 584, 860, 3509, 3587, 3602, 3693, 3736, 3833, 3996, 4091, 4115, 5956, 5993, 6016, 7446, 7489, 7531, 7647, 7708, 7887, 8100, 8109, 8116, 8238, 8290, 8455, 8474, 9177, 9416, 9616, 9633, 10152, 10368, 10428, 10701, 10728, 10987, 11010, 11022, 11044, 11048, 11092, 11095, 11110, 11133, 11146, 11176, 11200, 11217, 11220, 11237, 11326, 11371, 11511, 11512, 11678, 11731, 11744, 11844, 11851, 12026, 12801, 13200, 14931, 27783, 29264, 29268, 29270, 29364, 29435, 29793, 43617, 43828, 44040, 44660, 44707, 44822, 44840, 44842, 46967, 46994, 46997, 47061, 47307, 47312, 47464, 48261, 48315, 48317, 48318, 51242, 51270, 51565, 51705, 51782, 52017, 52114, 52171, 52244, 52639, 52641, 52688, 52691, 53656, 53688, 55439, 55542, 55726, 56046, 56061, 56073, 56109, 56114, 56117, 56154, 56297, 56546, 56963, 57031, 57139, 57376, 57640, 58236, 58401, 60448, 66228, 66345, 66363, 70752, 70782, 72189, 74402, 78284, 79289, 79293, 86048, 90016, 91098, 91161, 91907, 92072, 92176, 92255, 92271, 92274, 92279, 92282, 92284, 92292, 92300, 92318, 92321, 92333, 92342, 92455, 93683, 93859, 94914, 95561, 95605, 95783, 96222, 97081, 97506, 97529, 97927, 97937, 98095, 98105, 98384, 98406, 98416, 98431, 98438, 102828, 102837, 102895, 103238, 103305, 103325, 107709, 11289, 11337, 11356, 11358, 11404, 11420, 11425, 11437, 11476, 11508, 11525, 11527, 11528, 11582, 12284, 12526, 12583, 13163, 13692, 14606, 21806, 22023, 24305, 24677, 24741, 25005, 25596, 27734, 27753, 27989, 28495, 28578, 28593, 28706, 28735, 33768, 33828, 33880, 33894, 37637, 38574, 40912, 43133, 43173, 46862, 48450, 53602, 53689, 55121, 59640, 59826, 59863, 59916, 59961, 59997, 60032, 60052, 60069, 60088, 60147, 60193, 60265, 60440, 60491, 60498, 60989, 61058, 61139, 61165, 61469, 61522, 62172, 62335, 63308, 63348, 63534, 63575, 63708, 63926, 65331, 65462, 67042, 68342, 68439, 68542, 69259, 77526, 77568, 77699, 77711, 77716, 77967, 78207, 78227, 78267, 83855, 84121, 84129, 89453, 89511, 90006, 92328, 92360, 92408, 92429, 92444, 92448, 92451, 92553, 92565, 92575, 92764, 93828, 96186, 96214, 96678, 96730, 97125, 98678, 98815, 98819, 98825, 98845, 98863, 99804, 99818, 99820, 99863, 100081, 100225, 100619, 100637, 100656, 100661, 100668, 100990, 102347, 107439, 107543, 107560, 104269, 13495, 13617, 14571, 14783, 14817, 14864, 14897, 15308, 15359, 15361, 15385, 16239, 17427, 17471, 18977, 19013, 19986, 20070, 20112, 20526, 21235, 22238, 26367, 27474, 31018, 38594, 38606, 38627, 38859, 38897, 38927, 38975, 39074, 39108, 40807, 40840, 40843, 40856, 40859, 40860, 40878, 40921, 40927, 40928, 40947, 40966, 41618, 46057, 46719, 53327, 54192, 67731, 67984, 68145, 68242, 68275, 68927, 68955, 68960, 68966, 68991, 69548, 69654, 92558, 92670, 93076, 95361, 95367, 95370, 95566, 95569, 95669, 95800, 96660, 98971, 103022, 103023, 103041, 103052, 103268, 103565, 103569, 103575, 43803, 13452, 13455, 14635, 14988, 15235, 15282, 15341, 15379, 15397, 15411, 17095, 17222, 22812, 46507, 57732, 57911, 65249, 65490, 66442, 67719, 67730, 67750, 67813, 67841, 67903, 68104, 68299, 68432, 69645, 72486, 73890, 76493, 92533, 92748, 92816, 94928, 95673, 102779, 102780, 102785, 102964, 102990, 103009, 103272, 103282, 103419, 103498, 103526, 103557, 103563, 104296, 106681, 106862, 12466, 1, 23659, 57907, 68128, 71422, 71955, 73876, 73896, 75501, 76609, 93539, 106846, 38683, 84763, 83694, 85024, 68326, 65352, 106824, 83757], "label": "ceiling"}, {"objectId": 4, "id": 4, "partId": 4, "index": 3, "dominantNormal": [0.32488682866096497, -0.9457529187202454, -2.0999933319393213e-16], "obb": {"axesLengths": [5.535428669477291, 4.439999838769436, 0.588719189819532], "centroid": [-1.3883473214673476, -2.1202105690888984, 0.6499999076128025], "normalizedAxes": [0.9457529187202454, 0.32488682866096497, 7.21393675153703e-17, 0, -2.220446049250313e-16, 1, 0.32488682866096497, -0.9457529187202454, -2.0999933319393213e-16]}, "segments": [39988, 84016, 77400, 44315, 45889, 45820, 52229, 44436, 47043, 39531, 39445, 82782, 44971, 109592, 86145, 84255, 3382, 2706, 83431, 81292, 81796, 81473, 83145, 88608, 53782, 80924, 53963, 95192, 109014, 32805, 64499, 40070, 64459, 64740, 100410, 100650, 54676, 15107, 85157, 85195, 88336, 112229, 88418, 14678, 15126, 64242, 18187, 12217, 96295, 44930, 62626, 80812, 81416, 35846, 79345, 37668], "label": "wall"}, {"objectId": 5, "id": 5, "partId": 5, "index": 4, "dominantNormal": [0.22530031204223633, -0.9742893576622009, -2.1633569550476593e-16], "obb": {"axesLengths": [1.1321813817684723, 2.286316939749189, 0.20325207535126594], "centroid": [0.6459654983176151, -1.4016139253112738, -0.43820147168185963], "normalizedAxes": [0.9742893576622009, 0.22530032694339752, 5.002672208562709e-17, 0, -2.220446049250313e-16, 1, 0.22530032694339752, -0.9742893576622009, -2.1633569550476593e-16]}, "segments": [64057, 79550, 43491, 63441, 65879, 56126, 35864, 24169, 24419, 18432, 18436, 24206, 43498, 43554, 66271, 66278, 66295, 79432, 80096, 80124, 80690, 102358, 102368, 103025, 108320, 108322], "label": "door"}, {"objectId": 6, "id": 6, "partId": 6, "index": 5, "dominantNormal": [0.9622182250022888, 0.27227938175201416, 6.045816775035776e-17], "obb": {"axesLengths": [3.921557839133696, 3.2650099262965475, 0.2523519250901472], "centroid": [-4.506610275423627, -1.0421053399986286, 0.06250495137635736], "normalizedAxes": [-0.27227938175201416, 0.9622182250022888, 2.136553656222981e-16, 0, -2.220446049250313e-16, 1, 0.9622182250022888, 0.27227938175201416, 6.045816775035776e-17]}, "segments": [77443, 84215, 78107, 34984, 72961, 74024, 4955, 17352, 8521, 17622, 8632, 8573, 24430, 19576, 19553, 19682, 66688, 8140, 16625, 17138, 19343, 92853, 19708, 19309, 56345, 2365, 54450, 50436, 82358, 55080, 24310, 24676], "label": "wall"}, {"objectId": 7, "id": 7, "partId": 7, "index": 6, "dominantNormal": [0.9519991874694824, 0.3061004877090454, 6.796796186071439e-17], "obb": {"axesLengths": [1.7507018979454583, 2.9018199987302706, 0.38278678689781825], "centroid": [-4.317066741135394, -1.5513125721455372, -0.08432000128209527], "normalizedAxes": [-0.3061005175113678, 0.9519991874694824, 2.1138628347061204e-16, 0, -2.220446049250313e-16, 1, 0.9519991874694824, 0.3061005175113678, 6.796796847815929e-17]}, "segments": [76024, 80222, 87595, 111959, 31516, 75331, 75364, 105189, 76341, 31794, 31583, 31792, 32051, 32124, 32182, 50383, 85739, 97671, 106969, 32262, 111899, 36347, 36330, 50358, 50410, 50424, 50427, 54347, 63188, 101252, 105141, 75415, 105187, 31573, 104852, 31578, 71217, 73817, 110972, 28298, 28300, 28305, 28319, 28331, 28363, 36436, 63285, 94277, 94301, 111020, 30824, 31770, 32329, 105202, 62263, 32389, 32407, 79945, 79279, 75283, 100783, 106699, 30023, 30329, 30496, 30549, 30574, 30654, 30679, 30869, 37699, 61858, 61878, 61880, 62237, 62268, 78398, 79948, 87475, 94503, 100751, 106717, 101073, 30705, 35597, 35631, 61943, 62059, 62104, 62124, 75037, 94965, 100719, 100726, 100995, 101049, 78026, 29498, 30615, 35620, 35643, 74924, 94967, 101065, 104830, 104313, 104619, 35821, 29392, 29425, 29960, 30184, 35662, 35775, 39702, 61830, 62145, 73696, 73719, 73773, 73840, 74826, 74934, 77908, 78282, 94483, 94485, 94493, 94969, 104314, 104315, 104621, 104625, 104777, 104975, 104980, 104983, 29286, 73250, 75913, 29709, 37211, 37242, 62448, 75910, 104733, 104769, 104791, 101112, 29739, 37227, 62404, 76087, 101076, 21217, 29414, 29725, 29792, 62438, 73023, 73184, 104310, 104518, 21198, 28690, 28907, 37201, 39328, 40919, 72803, 72804, 73054, 104508, 21180, 14593, 22328, 27101, 27562, 27699, 28564, 28589, 28853, 28858, 28868, 28888, 28942, 39360, 42303, 61132, 72714, 72882, 93941, 93943, 93972, 93976, 94117, 94120, 94372, 94374, 94407, 94437, 94478, 95373, 95380, 100561, 100566, 100574, 27249, 103931, 94023, 876, 15521, 18758, 72014, 72460, 73020, 94008, 94076, 94114, 24007, 19456, 19482, 21635, 23276, 23457, 91154, 91156, 900, 4754, 1053, 1080, 1157, 1262, 1347, 1720, 2062, 2218, 2243, 2290, 2297, 2305, 4832, 4900, 19445, 24425, 27289, 27373, 27389, 27412, 27419, 27429, 27433, 27462, 27510, 72147, 72149, 72161, 72165, 72183, 72184, 93996, 94098, 94124, 94126, 94143, 103977, 104054, 104232, 26932, 27116, 93962, 54390, 101287], "label": "curtain"}, {"objectId": 8, "id": 8, "partId": 8, "index": 7, "dominantNormal": [0.9339913725852966, 0.35729557275772095, 7.933555429445093e-17], "obb": {"axesLengths": [1.1749268271214326, 0.7095129927356615, 0.2949521381358702], "centroid": [-4.658739822644952, -0.3199101138750687, -1.2057234617533499], "normalizedAxes": [-0.35729557275772095, 0.9339913725852966, 2.073877453290899e-16, 0, -2.220446049250313e-16, 1, 0.9339913725852966, 0.35729557275772095, 7.933555429445093e-17]}, "segments": [27503, 25977, 27009, 94198, 25979, 25998], "label": "heater"}, {"objectId": 9, "id": 9, "partId": 9, "index": 8, "dominantNormal": [0.07154343277215958, -0.9974374771118164, -2.2147561054271323e-16], "obb": {"axesLengths": [1.9286141591348747, 2.6652399897894252, 0.8280878960309178], "centroid": [-0.583461812405893, 1.5108493425431522, -0.2426199802915756], "normalizedAxes": [0.9974374771118164, 0.07154343277215958, 1.588583326487471e-17, 0, -2.220446049250313e-16, 1, 0.07154343277215958, -0.9974374771118164, -2.2147561054271323e-16]}, "segments": [67266, 19232, 49669, 56479, 56482, 56594, 56940, 98807, 25075, 22801, 39252, 41054, 42670, 45017, 49781, 49783, 49852, 49853, 49860, 49871, 49878, 49916, 49955, 49970, 49979, 50038, 50053, 50081, 50090, 50102, 50113, 50134, 50141, 50142, 50147, 50169, 52465, 52556, 53067, 53086, 53101, 53224, 53302, 66900, 69778, 97546, 97567, 97569, 97571, 97631, 97637, 97640, 97648, 97649, 97656, 98153, 98161, 98167, 98358, 98365, 98370, 98373, 98378, 98388, 98744, 45000, 33935, 38834, 42375, 93095, 30375, 19650, 34070, 42653, 42352, 42438, 41816, 38234, 42555, 41820, 33597], "label": "wardrobe"}, {"objectId": 10, "id": 10, "partId": 10, "index": 9, "dominantNormal": [0.9609747529029846, 0.276636004447937, 6.142553231568138e-17], "obb": {"axesLengths": [3.5555826099713594, 4.473449964669718, 0.23870688676805404], "centroid": [0.6507480291683643, 0.48941059617000515, 0.6267250096039843], "normalizedAxes": [-0.276636004447937, 0.9609747529029846, 2.133792593512728e-16, 0, -2.220446049250313e-16, 1, 0.9609747529029846, 0.276636004447937, 6.142553231568138e-17]}, "segments": [76649, 9959, 71743, 71894, 73454, 80482, 112830, 23754, 90122, 83204, 88779, 90067, 89030, 89795, 89765, 89632, 90150, 89343, 89740, 89700, 89117, 79440, 14498], "label": "wall"}, {"objectId": 11, "id": 11, "partId": 11, "index": 10, "dominantNormal": [0, -2.220446049250313e-16, 1], "obb": {"axesLengths": [2.4316347532599556, 1.1832200024302297, 2.313148351642134], "centroid": [-2.938240378565027, 0.3382916771821477, -0.9616099921254067], "normalizedAxes": [-0.07145533710718155, 0.9974437952041626, 2.2147701344103212e-16, 0, -2.220446049250313e-16, 1, 0.9974437952041626, 0.07145533710718155, 1.5866272097749057e-17]}, "segments": [101488, 37873, 101450, 62931, 100240, 46413, 57265, 44219, 57504, 45201, 45206, 45232, 48166, 49526, 56728, 56752, 57522, 96424, 97404, 98673, 98754, 99872, 101214, 57171, 57526, 64112, 98756, 28004, 28009, 45190, 46354, 46961, 57115, 60288, 61479, 101176, 63067, 88342, 112326, 46751, 99884, 61393, 24865, 28033, 24839, 87311, 94241, 101188, 87113, 108266], "label": "bed"}, {"objectId": 12, "id": 12, "partId": 12, "index": 11, "dominantNormal": [-0.2890998125076294, 0.9572989344596863, 2.1256306369725448e-16], "obb": {"axesLengths": [0.6597420242581565, 0.7876100364116567, 0.7528255679664573], "centroid": [0.4205963819201486, 0.10353586718961039, -1.1438049958540866], "normalizedAxes": [-0.2890998125076294, 0.9572989344596863, 2.1256306369725448e-16, 0, -2.220446049250313e-16, 1, 0.9572989344596863, 0.2890998125076294, 6.419305365215719e-17]}, "segments": [70280, 14028, 70891, 103805, 21068, 21033, 71047, 35187, 35207, 70261, 103855, 14038, 23226, 35378], "label": "armchair"}, {"objectId": 130, "id": 130, "partId": 130, "index": 12, "dominantNormal": [-0.2786215841770172, -0.9604009389877319, -2.1325184706716003e-16], "obb": {"axesLengths": [0.6302689159525755, 0.986990906588936, 0.5487532530961947], "centroid": [-2.2404041147482165, -1.5310272418330497, -1.056504458788682], "normalizedAxes": [0.9604009389877319, -0.2786216139793396, -6.186642619961704e-17, 0, -2.220446049250313e-16, 1, -0.2786216139793396, -0.9604009389877319, -2.1325184706716003e-16]}, "segments": [49186, 97306, 50608, 97694, 48601, 48659, 97191, 97232, 97299, 97708, 97228, 48519, 48556, 48559, 48355, 48368, 48610, 48633, 51141, 49319, 49362, 49382, 96903, 97711, 49242, 47623, 47691, 47709, 49244, 51309, 97751, 97783, 97797, 97832, 97838, 50826, 49013, 50696, 47562, 51230, 47748], "label": "chair"}, {"objectId": 14, "id": 14, "partId": 14, "index": 13, "dominantNormal": [0.27977314591407776, -0.9600661396980286, -2.1317750669114867e-16], "obb": {"axesLengths": [2.1325587795203216, 1.2771499765556307, 0.7003738993689452], "centroid": [-3.1042781712272993, -2.309952658536255, -0.9085749873837453], "normalizedAxes": [0.9600661396980286, 0.27977314591407776, 6.212211765312453e-17, 0, -2.220446049250313e-16, 1, 0.27977314591407776, -0.9600661396980286, -2.1317750669114867e-16]}, "segments": [58513, 99920, 45796, 58473, 58477, 58478, 58572, 58609, 59369, 59444, 99125, 99227, 45831, 47075, 54691, 58397, 58427, 59093, 59112, 59346, 59659, 99120, 99739, 100330, 108808, 99944, 48438, 59662, 60111, 99343, 100401, 41294, 82495, 5007, 8505, 8713, 9342, 9390, 31902, 31944, 31950, 32049, 32270, 32645, 41348, 41378, 41379, 41382, 41405, 41409, 41430, 41483, 41484, 41504, 41507, 47094, 47138, 54051, 59006, 59331, 59459, 60410, 69348, 69379, 82426, 82509, 82677, 91792, 94608, 94617, 95786, 98459, 99478, 103439, 108601, 108607, 108674, 108681, 108690, 108848, 108853, 108891, 108914, 82472, 4872, 31985, 82539, 99173, 45799, 45854, 96758, 51921, 4376, 51859, 51869, 51931, 51979, 52003, 52364, 52425, 63300, 91231, 101272, 48945, 47633, 108920, 82152, 32006, 82320, 32143, 32019, 108614, 31942, 82113, 108595, 82337, 82220, 32552], "label": "table"}, {"objectId": 15, "id": 15, "partId": 15, "index": 14, "dominantNormal": [0.23476950824260712, -0.9720510840415955, -2.1583869892296447e-16], "obb": {"axesLengths": [0.7056345786763412, 0.4700059785692545, 0.23114671354320832], "centroid": [-2.4931418708868875, -2.3442368662609043, -0.5357829752761945], "normalizedAxes": [0.9720510840415955, 0.23476949334144592, 5.212929939745113e-17, 0, -2.220446049250313e-16, 1, 0.23476949334144592, -0.9720510840415955, -2.1583869892296447e-16]}, "segments": [99337, 99363, 46465, 9683, 99264, 58954, 9701, 58874, 58981, 58902, 10020, 10011, 99278], "label": "tv"}, {"objectId": 170, "id": 170, "partId": 170, "index": 15, "dominantNormal": [0.9314486384391785, 0.36387285590171814, 8.079600453163985e-17], "obb": {"axesLengths": [0.5287446182341601, 0.6304890372494821, 0.554399239447839], "centroid": [-4.466624013266431, 0.750028056181804, -1.258685465707954], "normalizedAxes": [0.9314486384391785, 0.36387285590171814, 8.079600453163985e-17, 0, -2.220446049250313e-16, 1, 0.36387285590171814, -0.9314486384391785, -2.0682314493018571e-16]}, "segments": [44551, 44574, 42793, 42929, 44631, 23072, 23038, 42974, 43037, 44599, 44667, 96365, 38425, 95320, 23078, 25845, 38363, 38436, 95906, 38420, 23049, 23057, 23093, 23112, 23571, 25178, 25211, 25230, 25235, 25246, 25268, 25285, 25294, 25321, 25388, 25468, 25630, 25674, 25765, 25769, 25784, 25789, 25823, 25834, 38470, 38476, 40548, 42872, 42914, 42944, 42962, 42984, 43023, 43064, 43087, 43123, 93487, 93490, 93573, 93852, 95346, 95564, 95954, 95958, 96025, 96035, 96040, 25248, 25371, 42894, 95560, 25728, 43051, 42756, 25434, 42939, 42922], "label": "side table"}, {"objectId": 17, "id": 17, "partId": 17, "index": 16, "dominantNormal": [0.6686558127403259, -0.7435720562934875, -1.6510616347298058e-16], "obb": {"axesLengths": [0.6119705829444128, 0.6257130363796715, 0.5897714238440293], "centroid": [-1.88105996351954, 1.5658737033918362, -1.2395834887865886], "normalizedAxes": [0.7435720562934875, 0.6686558127403259, 1.4847141577075139e-16, 0, -2.220446049250313e-16, 1, 0.6686558127403259, -0.7435720562934875, -1.6510616347298058e-16]}, "segments": [101778, 101786, 66807, 52712, 64992, 101677, 101681, 101686, 101747, 101608, 52724, 52741, 52760, 52792, 64771, 64781, 64782, 64790, 64824, 64906, 64915, 65059, 98123, 98126, 101660, 101721, 101791, 101584, 102627, 52721, 53444, 53465, 102621, 66143, 52765, 53425, 64517, 64579, 64901, 65997, 102587, 42121, 42127, 64989, 65056, 65624, 65987, 65989, 66057, 101857, 64480, 102683, 43232, 43295, 43303, 53407, 64649, 64651, 65657, 65755, 65785, 101824, 101827, 101698, 66174], "label": "side table"}, {"objectId": 18, "id": 18, "partId": 18, "index": 17, "dominantNormal": [0.9448679685592651, -0.32745152711868286, -7.270884497116611e-17], "obb": {"axesLengths": [0.28734086794730657, 0.641279981107712, 0.1833414949934014], "centroid": [-1.8858420440725456, 1.6361513171491644, -0.6893599717462063], "normalizedAxes": [0.32745155692100525, 0.9448679685592651, 2.0980283478505893e-16, 0, -2.220446049250313e-16, 1, 0.9448679685592651, -0.32745155692100525, -7.270885158861101e-17]}, "segments": [67046, 102646, 63680, 67185, 67291, 102763, 67099, 102735, 67073], "label": "table lamp"}, {"objectId": 19, "id": 19, "partId": 19, "index": 18, "dominantNormal": [-0.6466761231422424, -0.7627646923065186, -1.6936778475396398e-16], "obb": {"axesLengths": [0.38252851749793787, 0.6425479506876776, 0.22278354699199623], "centroid": [-4.491429750276841, 0.839198265006172, -0.6891559748540221], "normalizedAxes": [0.7627646923065186, -0.6466761231422424, -1.4359094427757012e-16, 0, -2.220446049250313e-16, 1, -0.6466761231422424, -0.7627646923065186, -1.6936778475396398e-16]}, "segments": [93301, 9046, 8887, 8896, 8899, 8907, 8916, 8920, 8922, 8955, 9005, 9057, 19999, 91975, 91979, 91984, 93321, 8904, 9041, 19984, 20002, 93306, 9085, 22168, 41984, 41990, 95888, 101967], "label": "table lamp"}, {"objectId": 20, "id": 20, "partId": 20, "index": 19, "dominantNormal": [0.9989041686058044, -0.04680263251066208, -1.0392272045281387e-17], "obb": {"axesLengths": [0.504232812911815, 0.3900759952498378, 0.3786640052487729], "centroid": [-2.0935769166654397, -1.8951511503236915, 0.07956700780465464], "normalizedAxes": [0.04680263251066208, 0.9989041686058044, 2.218012814760427e-16, 0, -2.220446049250313e-16, 1, 0.9989041686058044, -0.04680263251066208, -1.0392272045281387e-17]}, "segments": [95028, 33020, 31804, 33852, 34096, 36778, 94694, 95095, 33258, 36078, 95120, 36698, 33607, 36777, 36124, 36110, 33780, 34310, 35983, 35995, 36015, 94986, 95084, 95088, 33178, 33568, 33686, 33846, 94491, 95047], "label": "lamp"}, {"objectId": 21, "id": 21, "partId": 21, "index": 20, "dominantNormal": [0.3189731240272522, -0.9477637410163879, -2.1044582543625355e-16], "obb": {"axesLengths": [0.38267117416072277, 0.3999999672174459, 0.1557966140297823], "centroid": [-3.0500810570710586, -2.549717961842372, 0.6299999867379666], "normalizedAxes": [0.9477637410163879, 0.3189731538295746, 7.082626792377913e-17, 0, -2.220446049250313e-16, 1, 0.3189731538295746, -0.9477637410163879, -2.1044582543625355e-16]}, "segments": [11917, 10683, 91149, 91982, 91987, 11659, 1233, 1638, 1666, 1693, 1742, 91118, 91119, 103455, 91124, 99508, 1133, 1048], "label": "lamp"}, {"objectId": 22, "id": 22, "partId": 22, "index": 21, "dominantNormal": [-0.3421553373336792, 0.939643383026123, 2.0864274375445536e-16], "obb": {"axesLengths": [0.48862541920642383, 0.6305499531950809, 0.5187275576022432], "centroid": [0.6775785442873343, -0.3545172981465581, -1.2452749573750423], "normalizedAxes": [-0.3421553373336792, 0.939643383026123, 2.0864274375445536e-16, 0, -2.220446049250313e-16, 1, 0.939643383026123, 0.3421553373336792, 7.597374670124761e-17]}, "segments": [105264, 106645, 70409, 70476, 70619, 70637, 75651, 76054, 103594, 103628, 103750, 103782, 104952, 104999, 74913, 104995, 74883, 70345, 70742, 70940, 74965, 75576, 75671, 75723, 75728, 76059, 103741, 104924, 104943, 105008], "label": "side table"}, {"objectId": 23, "id": 23, "partId": 23, "index": 22, "dominantNormal": [0.9565754532814026, 0.29148489236831665, 6.472264776753814e-17], "obb": {"axesLengths": [0.41312381661604086, 0.4200000073015686, 0.2769187356351674], "centroid": [0.6284292403998761, 0.502825636829014, 0.659999987259507], "normalizedAxes": [-0.29148492217063904, 0.9565754532814026, 2.1240241860485178e-16, 0, -2.220446049250313e-16, 1, 0.9565754532814026, 0.29148492217063904, 6.472265438498304e-17]}, "segments": [90869, 90659, 90808, 52738, 52766, 54667, 54767, 54790, 55998, 72694, 75608, 90371, 90391, 90411, 90444, 90468, 90509, 90547, 90551, 90567, 90587, 90592, 90684, 91037, 91050, 91051, 94815, 99068, 99087, 101692, 102554, 111184, 111306, 111313, 111979, 112002, 112022, 112025, 112029, 112135, 67177, 54665, 54718, 56830, 56900, 56903, 56931, 57621, 57780, 58130, 58649, 63818, 65570, 66257, 66647, 66706, 67233, 68486, 71739, 72140, 74574, 76688, 80389, 80567, 80569, 80620, 81236, 81553, 83587, 83606, 84586, 85057, 90710, 90796, 90797, 90966, 91021, 91080, 94249, 94605, 94666, 94949, 96920, 97917, 98096, 98151, 98155, 99076, 111052, 111100, 112014, 112183, 112190, 112194, 97591, 77490, 56712, 68812, 71016, 72291, 74834, 75612, 77433, 77574, 77743, 81791, 86348, 90751, 94674, 94820, 112589, 112610, 71011], "label": "lamp"}, {"objectId": 26, "id": 26, "partId": 26, "index": 23, "dominantNormal": [0.7678208351135254, 0.6406645774841309, 1.4225611299692595e-16], "obb": {"axesLengths": [0.5044139046875287, 0.3014700345366437, 0.2753976431636545], "centroid": [-2.4618738636065167, -2.151563524811511, -1.4267649275787555], "normalizedAxes": [-0.6406645774841309, 0.7678208351135254, 1.7049047398599035e-16, 0, -2.220446049250313e-16, 1, 0.7678208351135254, 0.6406645774841309, 1.4225611299692595e-16]}, "segments": [91409, 45668, 45663, 6894, 6947, 45632, 45655, 91383, 96472, 96512, 96554, 6787, 6810, 96446, 4725, 6613, 6801, 4399], "label": "trash can"}, {"objectId": 27, "id": 27, "partId": 27, "index": 24, "dominantNormal": [0, -2.220446049250313e-16, 1], "obb": {"axesLengths": [0.6587366294826421, 0.3359259887950272, 0.4858660982797671], "centroid": [-2.64728721290699, -2.0683596261223425, -0.6173589929783563], "normalizedAxes": [0.9745270013809204, 0.22427009046077728, 4.9797963632864324e-17, 0, -2.220446049250313e-16, 1, 0.22427009046077728, -0.9745270013809204, -2.1638846301040191e-16]}, "segments": [59531, 59497, 59150, 100325, 100395, 100362, 59602, 100327, 60192, 58308, 99094, 99057, 58464, 59421], "label": "bag"}, {"objectId": 28, "id": 28, "partId": 28, "index": 25, "dominantNormal": [0.9904731512069702, -0.13770611584186554, -3.057690008786763e-17], "obb": {"axesLengths": [0.4625811098654207, 0.24076604304985594, 0.16062950842849713], "centroid": [-3.658960382052045, -2.3622695455026204, -0.669616976686932], "normalizedAxes": [0.13770611584186554, 0.9904731512069702, 2.199292195486025e-16, 0, -2.220446049250313e-16, 1, 0.9904731512069702, -0.13770611584186554, -3.057690008786763e-17]}, "segments": [108648, 69287, 41223, 95462, 41225, 41285, 41272, 95777], "label": "bag"}, {"objectId": 29, "id": 29, "partId": 29, "index": 26, "dominantNormal": [0, -2.220446049250313e-16, 1], "obb": {"axesLengths": [0.7984806463386702, 0.20904403457692178, 0.48279195954948434], "centroid": [-2.751504568246289, 1.1375010356603195, -0.9654780056593262], "normalizedAxes": [0.9489331841468811, 0.3154771327972412, 7.004999531484506e-17, 0, -2.220446049250313e-16, 1, 0.3154771327972412, -0.9489331841468811, -2.107054939741462e-16]}, "segments": [37058, 51676, 48119, 60020], "label": "pillow"}, {"objectId": 30, "id": 30, "partId": 30, "index": 27, "dominantNormal": [0.3344288170337677, -0.942421019077301, -2.092595028540647e-16], "obb": {"axesLengths": [0.7936601418426243, 0.41999994769692517, 0.3088068386571154], "centroid": [-3.564381973441101, 1.0126084058092408, -0.8399999494105583], "normalizedAxes": [0.942421019077301, 0.3344288170337677, 7.425811455380853e-17, 0, -2.220446049250313e-16, 1, 0.3344288170337677, -0.942421019077301, -2.092595028540647e-16]}, "segments": [37825, 37820, 62556, 95292, 95284, 62574], "label": "pillow"}, {"objectId": 31, "id": 31, "partId": 31, "index": 28, "dominantNormal": [0, -2.220446049250313e-16, 1], "obb": {"axesLengths": [0.38966838286564975, 0.16382199159662422, 0.30619011441494826], "centroid": [-2.1138451123883906, -0.25141088862162597, -0.908088986022271], "normalizedAxes": [0.5223680734634399, 0.8527201414108276, 1.8934190691118405e-16, 0, -2.220446049250313e-16, 1, 0.8527201414108276, -0.5223680734634399, -1.1598901249763925e-16]}, "segments": [59221, 63961, 63496, 100252, 101220], "label": "towel"}], "scan_id": "1d234018-e280-2b1a-8f22-da2b997865e8", "annId": "4822", "appId": "stk.v1"}