{"segGroups": [{"objectId": 7, "id": 7, "partId": 7, "index": 0, "dominantNormal": [0.7570040225982666, 0.6534101963043213, 1.4508620889238017e-16], "obb": {"axesLengths": [0.5316094679651491, 2.3625699945709844, 0.11542583534283297], "centroid": [-0.8317068083264064, 2.7426769184124318, -0.09128500736516054], "normalizedAxes": [-0.6534101963043213, 0.7570040225982666, 1.6808865912449158e-16, 0, -2.220446049250313e-16, 1, 0.7570040225982666, 0.6534101963043213, 1.4508620889238017e-16]}, "segments": [9549, 17162, 28359, 28674, 3984, 4119], "label": "window"}, {"objectId": 8, "id": 8, "partId": 8, "index": 1, "dominantNormal": [0.7484909296035767, -0.6631450057029724, -1.4724777079932414e-16], "obb": {"axesLengths": [3.01077308669541, 2.65003997124642, 0.21804782350447544], "centroid": [-2.6403306294909523, 2.3973601937445785, 0.008529941823631537], "normalizedAxes": [0.6631450057029724, 0.7484909296035767, 1.661983727537956e-16, 0, -2.220446049250313e-16, 1, 0.7484909296035767, -0.6631450057029724, -1.4724777079932414e-16]}, "segments": [15912, 16426, 49917, 15463, 382, 710, 9080, 16447, 16470, 17016, 17691, 17788, 21442, 30207, 30395, 34769, 34828, 45103, 48246, 50295, 51164, 51198, 23653, 43966, 12406, 12423, 13188, 13204, 13211, 13311, 13387, 23507, 33253, 43930, 45440, 49126, 49128, 23518, 15386, 46838, 20920, 21092, 18988, 19078, 23209, 23098], "label": "wall"}, {"objectId": 9, "id": 9, "partId": 9, "index": 2, "dominantNormal": [-0.6379090547561646, -0.7701117396354675, -1.7099915697548596e-16], "obb": {"axesLengths": [0.5417451756692957, 1.0412399685105682, 0.18437496429042927], "centroid": [-3.3776730889225965, 1.1138292807325065, -0.7506200023815787], "normalizedAxes": [0.7701117396354675, -0.6379090547561646, -1.4164426404143272e-16, 0, -2.220446049250313e-16, 1, -0.6379090547561646, -0.7701117396354675, -1.7099915697548596e-16]}, "segments": [32346, 14760, 1100, 1096, 4449, 4463, 4470, 4478, 4496, 4511, 4518, 4531, 16595, 16620, 16754, 42031, 42034, 44746, 44787, 4491, 16342, 16641, 16703, 44749, 42026, 16708], "label": "picture"}, {"objectId": 10, "id": 10, "partId": 10, "index": 3, "dominantNormal": [0.7530214190483093, -0.6579959988594055, -1.4610446160898805e-16], "obb": {"axesLengths": [1.2126297118553508, 1.261139912281783, 0.5968970019649816], "centroid": [-3.0159006103791066, 1.6319975759718022, -0.6805699748632325], "normalizedAxes": [0.6579959988594055, 0.7530214190483093, 1.672043434926683e-16, 0, -2.220446049250313e-16, 1, 0.7530214190483093, -0.6579959988594055, -1.4610446160898805e-16]}, "segments": [44081, 4150, 5428, 4824, 48683, 17321, 17222, 3798, 3666, 19397, 3604, 4926, 4967, 4990, 5205, 5292, 5581, 6095, 12900, 12909, 12935, 12943, 12974, 13042, 13488, 13530, 13890, 13900, 13959, 16673, 16774, 17269, 17270, 17279, 17310, 17313, 28317, 28949, 28964, 28992, 29011, 29035, 29350, 29351, 31087, 31165, 31258, 31331, 31415, 32196, 32323, 32422, 32447, 32808, 40580, 41928, 41959, 43902, 43904, 43958, 44120, 44138, 44753, 44887, 44941, 48395, 48676, 48715, 48719, 48947, 49223, 18729, 12910, 49193, 12917, 43912, 44780, 16669, 16709, 16732, 16749, 32381], "label": "commode"}, {"objectId": 11, "id": 11, "partId": 11, "index": 4, "dominantNormal": [0.6995346546173096, -0.7145987153053284, -1.5867278941990656e-16], "obb": {"axesLengths": [1.5533851165804176, 0.8795880180689386, 0.7300188944381083], "centroid": [-1.986302957681275, 2.7594567484357833, -0.8711460079955461], "normalizedAxes": [0.7145987153053284, 0.6995346546173096, 1.5532789601586873e-16, 0, -2.220446049250313e-16, 1, 0.6995346546173096, -0.7145987153053284, -1.5867278941990656e-16]}, "segments": [36622, 19728, 36842, 18938, 11124, 18326, 29400, 15541, 10654, 10664, 10708, 10894, 11207, 17747, 17775, 18316, 18873, 18889, 18890, 18944, 18992, 20951, 21246, 21249, 21312, 21785, 22332, 22439, 22627, 22993, 26151, 26859, 27449, 27471, 27602, 27640, 33341, 33440, 44856, 44861, 45285, 45287, 45289, 45302, 47262, 47263, 47544, 47550, 47558, 47572, 47574, 47647, 47667, 48141, 53823], "label": "table"}, {"objectId": 12, "id": 12, "partId": 12, "index": 5, "dominantNormal": [0.7682535648345947, 0.6401456594467163, 1.4214089004631976e-16], "obb": {"axesLengths": [1.5853204817793023, 1.3207499778848142, 0.6417635586128566], "centroid": [0.4034798021621069, 1.2845291578138223, -0.650375008484312], "normalizedAxes": [-0.6401456594467163, 0.7682535648345947, 1.705865592859445e-16, 0, -2.220446049250313e-16, 1, 0.7682535648345947, 0.6401456594467163, 1.4214089004631976e-16]}, "segments": [32243, 32250, 45951, 21006, 38042, 38179, 2021, 23092, 23222, 40205, 22089, 38643, 38767, 53023, 20675, 19991, 20042, 45336], "label": "commode"}, {"objectId": 13, "id": 13, "partId": 13, "index": 6, "dominantNormal": [-0.6680439114570618, -0.7441218495368958, -1.652282420965036e-16], "obb": {"axesLengths": [2.3084505500635224, 0.9843400198741252, 0.7339172952674345], "centroid": [-1.5287236301090206, -0.2518444458619262, -0.7821700142052772], "normalizedAxes": [0.7441218495368958, -0.6680439114570618, -1.4833554639205588e-16, 0, -2.220446049250313e-16, 1, -0.6680439114570618, -0.7441218495368958, -1.652282420965036e-16]}, "segments": [40350, 37189, 4228, 53182, 53519, 25561, 51890, 16912, 51546, 17225, 4865, 4898, 26058, 29243, 34030, 34044, 34106, 36498, 37136, 37145, 37154, 37484, 37739, 37742, 39372, 39396, 39437, 39515, 39556, 39736, 40403, 40472, 40475, 40487, 40499, 40531, 41381, 49813, 49817, 51979, 51990, 52181, 52358, 53148, 53192, 53245, 53248, 53249, 53316, 53551, 53559, 53596, 53599, 36887, 29267, 34228, 34291, 36214, 37315, 41292, 41400, 49823, 52167, 53581, 53617, 33302, 12351, 41000], "label": "table"}, {"objectId": 14, "id": 14, "partId": 14, "index": 7, "dominantNormal": [0.3737027049064636, 0.9275485277175903, 2.059571463858468e-16], "obb": {"axesLengths": [0.4219593222892004, 0.4808349501900011, 0.4811686049450675], "centroid": [-1.8146249347113184, -0.2791910416131551, -1.0559924795843112], "normalizedAxes": [0.373702734708786, 0.9275485277175903, 2.059571463858468e-16, 0, -2.220446049250313e-16, 1, 0.9275485277175903, -0.373702734708786, -8.297867608781617e-17]}, "segments": [26470, 26991, 27962, 51671, 51685, 27529, 27549, 27895, 27916, 27923, 27927, 27951, 27972, 28007, 28017, 28019, 28031, 28060, 28063, 28928, 28998, 29042, 29077, 29110, 29113, 29135, 29143, 36434, 36443, 37301, 47471, 52117, 52137, 29148], "label": "bin"}, {"objectId": 15, "id": 15, "partId": 15, "index": 8, "dominantNormal": [0, -2.220446049250313e-16, 1], "obb": {"axesLengths": [1.171668641539194, 0.42740099666861403, 0.4453140462912034], "centroid": [-3.1164464189073016, 1.6797852317716089, 0.7962994504588203], "normalizedAxes": [0.59571772813797, 0.8031938672065735, 1.7834486492209167e-16, 0, -2.220446049250313e-16, 1, 0.8031938672065735, -0.59571772813797, -1.3227590759123275e-16]}, "segments": [20156, 45395, 21200, 21198, 24708, 46308, 21132, 45377, 12771, 12590, 12576, 12635, 12332, 12802, 20107, 20359, 21167, 24742, 24762, 24784, 24803, 24905, 25137, 25167, 25448, 25591, 43922, 45343, 45379, 46323, 46328, 46331, 46435, 46450, 46470, 46685, 46695, 46341, 12510], "label": "shelf"}, {"objectId": 16, "id": 16, "partId": 16, "index": 9, "dominantNormal": [0, -2.220446049250313e-16, 1], "obb": {"axesLengths": [0.4643469956403632, 0.39255302267030556, 0.42245185635887383], "centroid": [-2.39074125955032, 2.4847356304822608, 0.7837004593463872], "normalizedAxes": [0.8451175689697266, 0.5345804691314697, 1.187007090689351e-16, 0, -2.220446049250313e-16, 1, 0.5345804691314697, -0.8451175689697266, -1.8765379671708583e-16]}, "segments": [14394, 14508, 14538, 44307, 14513, 21638, 14170, 44657, 7990, 8005, 8006, 14201, 14292, 14308, 14458, 44166, 44170, 44179, 44220, 44254, 44257, 44285, 44667, 44208, 14450, 14449, 14617, 44158, 44378, 22871, 21639, 22796], "label": "shelf"}, {"objectId": 17, "id": 17, "partId": 17, "index": 10, "dominantNormal": [0.8216715455055237, -0.5699613094329834, -1.2655683377560032e-16], "obb": {"axesLengths": [0.4484988334576437, 0.4240419769873771, 0.38171872153609987], "centroid": [-2.6045319716106565, 2.2420130155882343, 0.5579789561271142], "normalizedAxes": [0.5699613094329834, 0.8216715455055237, 1.824477336999139e-16, 0, -2.220446049250313e-16, 1, 0.8216715455055237, -0.5699613094329834, -1.2655683377560032e-16]}, "segments": [14564, 46424, 24928, 20525, 20567, 21656, 21653, 21644, 20371, 20596, 20607, 22921, 24898, 45464, 46497, 50150, 14363, 14585, 14589, 14648, 14753, 14768, 22826, 44233, 44236, 44251, 44401, 45624, 20462, 44174, 46438, 46501, 22930], "label": "shelf"}, {"objectId": 18, "id": 18, "partId": 18, "index": 11, "dominantNormal": [-0.683122992515564, -0.7303033471107483, -1.621599181846341e-16], "obb": {"axesLengths": [1.1292030813353797, 0.5399999795854094, 0.36466436511097927], "centroid": [-1.2299479550733303, -0.7938325991598534, 0.5999999764347814], "normalizedAxes": [0.7303033471107483, -0.683122992515564, -1.5168377498832352e-16, 0, -2.220446049250313e-16, 1, -0.683122992515564, -0.7303033471107483, -1.621599181846341e-16]}, "segments": [10738, 11652, 43332, 10824, 43559, 6947, 43578, 6943, 42312, 6084, 6101, 5990, 6037, 6117, 42658, 42128, 5932, 5937, 5943, 6719, 6723, 6760, 6873, 6880, 6903, 6952, 6985, 6989, 7201, 7205, 7235, 7792, 7798, 7840, 7902, 10539, 10816, 10847, 10859, 11240, 11347, 11414, 11438, 11504, 11627, 11651, 42097, 42100, 42123, 42229, 42231, 42288, 42337, 42569, 42572, 42580, 42619, 42622, 42684, 42687, 43315, 43444, 43472, 43477, 43524, 43528, 43590, 43592, 43627, 43658, 7735, 7672, 10527, 7656, 43358, 7768, 7873, 11260, 11418, 42767, 43700, 10585, 6784, 7198], "label": "shelf"}, {"objectId": 19, "id": 19, "partId": 19, "index": 12, "dominantNormal": [-0.6576684713363647, -0.7533075213432312, -1.6726787096371236e-16], "obb": {"axesLengths": [0.7246532603201186, 0.6399999825656415, 0.19320708013395074], "centroid": [-1.1670670243883017, -0.9072465957226732, -0.3700000100051615], "normalizedAxes": [0.7533074617385864, -0.6576684713363647, -1.4603173588953239e-16, 0, -2.220446049250313e-16, 1, -0.6576684713363647, -0.7533074617385864, -1.6726785772882256e-16]}, "segments": [54352, 41137, 40293, 41049, 53369, 40352, 53438, 53356, 38951, 41094, 38988, 38995, 39022, 39030, 40070, 40114, 40139, 41043, 41162, 41169, 41176, 53515, 41040], "label": "shelf"}, {"objectId": 20, "id": 20, "partId": 20, "index": 13, "dominantNormal": [0, -2.220446049250313e-16, 1], "obb": {"axesLengths": [5.6936611917926605, 1.561009968198613, 5.556157574190119], "centroid": [-1.8435543613301655, 1.264634167910214, 1.9894949158180135], "normalizedAxes": [0.2024659365415573, 0.9792892932891846, 2.174459042357101e-16, 0, -2.220446049250313e-16, 1, 0.9792892932891846, -0.2024659365415573, -4.495646889014655e-17]}, "segments": [42888, 278, 185, 221, 1383, 1540, 1571, 8371, 8436, 8437, 9344, 13318, 21339, 22532, 23881, 24503, 41771, 41795, 43090, 635, 20970, 42855, 31646, 511, 41799, 369, 1591, 4633, 44908, 3836, 28617, 38457, 36761, 4538, 28566, 28719, 36745, 40760, 40769, 42036, 42997, 43010, 4638, 8460, 1823, 28798, 30598, 21086, 6623, 20966, 21064, 23258, 28774, 38474, 48500, 39249, 20293, 24343, 24379, 29612, 957, 1043, 29193, 18448, 8823, 29994, 8726, 8950, 8963, 9016, 9045, 9771, 9876, 9889, 10082, 19864, 21095, 21509, 23462, 23463, 24237, 24239, 29253, 29318, 29925, 29957, 30158, 41694, 43015, 43251, 45333, 45335, 1286, 3318, 41849, 2962, 3018, 21224, 3326, 2213, 3521, 2762, 43267, 10181, 7924, 7387, 7462, 7464, 7469, 7470, 7521, 10150, 10154, 42504, 42561, 10112, 7379, 8621, 8634, 10107, 8070, 8055, 7402, 8120, 42835, 9800, 8554, 8138, 9930, 9939, 9975, 8148, 1324, 2313, 7419, 1226, 3301, 42084, 1227], "label": "ceiling"}, {"objectId": 24, "id": 24, "partId": 24, "index": 14, "dominantNormal": [-0.524501383304596, -0.8514096140861511, -1.890509113891328e-16], "obb": {"axesLengths": [0.4768578950037802, 0.5157850269425279, 0.38512450404457405], "centroid": [-1.4473457030478412, -0.5131455541428955, 0.8448474921478879], "normalizedAxes": [0.8514096140861511, -0.524501383304596, -1.1646270243850142e-16, 0, -2.220446049250313e-16, 1, -0.524501383304596, -0.8514096140861511, -1.890509113891328e-16]}, "segments": [10330, 11140, 43739, 10298, 43742, 11191, 11110, 10974, 11545, 11286], "label": "stuffed animal"}, {"objectId": 25, "id": 25, "partId": 25, "index": 15, "dominantNormal": [-0.6965472102165222, -0.7175109386444092, -1.5931943290068622e-16], "obb": {"axesLengths": [0.2816477693115709, 0.30331202663528845, 0.08639592938859093], "centroid": [-2.0231241014201755, -0.17577968288236878, -0.44165601758585904], "normalizedAxes": [0.7175109386444092, -0.6965472102165222, -1.546645501041604e-16, 0, -2.220446049250313e-16, 1, -0.6965472102165222, -0.7175109386444092, -1.5931943290068622e-16]}, "segments": [35903, 35891, 35905], "label": "book"}, {"objectId": 26, "id": 26, "partId": 26, "index": 16, "dominantNormal": [-0.6911855936050415, -0.7226772904396057, -1.6046659344395436e-16], "obb": {"axesLengths": [0.2721419804725872, 0.28969001122511884, 0.08897208944613606], "centroid": [-1.8136636197547829, -0.3652292335044074, -0.45484502016257533], "normalizedAxes": [0.7226772904396057, -0.6911855936050415, -1.5347403206190469e-16, 0, -2.220446049250313e-16, 1, -0.6911855936050415, -0.7226772904396057, -1.6046659344395436e-16]}, "segments": [17645, 35951, 25780], "label": "book"}, {"objectId": 28, "id": 28, "partId": 28, "index": 17, "dominantNormal": [0.8396175503730774, -0.5431780815124512, -1.2060976251336867e-16], "obb": {"axesLengths": [0.38417194855177667, 0.9399999468028553, 0.3141199907308897], "centroid": [0.12214689434366499, 1.6656361545793978, 0.11999996809013158], "normalizedAxes": [0.5431780219078064, 0.8396175503730774, 1.8643254726071254e-16, 0, -2.220446049250313e-16, 1, 0.8396175503730774, -0.5431780219078064, -1.2060974927847887e-16]}, "segments": [32982, 32729, 52497, 40363, 40360, 23066, 30925, 30960, 37544, 48806, 52472, 31632, 32575, 31507, 5145, 31500], "label": "flower"}, {"objectId": 29, "id": 29, "partId": 29, "index": 18, "dominantNormal": [0, -2.220446049250313e-16, 1], "obb": {"axesLengths": [0.5874538171177345, 0.30681299477488544, 0.4346501026185524], "centroid": [0.8603597972713959, 0.9681921578186867, 0.02340648596667072], "normalizedAxes": [0.8777651190757751, -0.47909122705459595, -1.0637962223438623e-16, 0, -2.220446049250313e-16, 1, -0.47909122705459595, -0.8777651190757751, -1.9490300908215355e-16]}, "segments": [16244, 45590, 23356, 46632, 25293, 46178, 24150, 2060, 20989, 25277, 24121, 1725, 1732, 1910, 9461, 9485, 20980, 24087, 25332, 25392], "label": "decoration"}, {"objectId": 30, "id": 30, "partId": 30, "index": 19, "dominantNormal": [0, -2.220446049250313e-16, 1], "obb": {"axesLengths": [0.5329638734550242, 0.24641802356202835, 0.3286520112207926], "centroid": [0.4748581714152622, 1.3831277979365404, -0.4732090170923102], "normalizedAxes": [0.9519115686416626, -0.30637291073799133, -6.802845192454917e-17, 0, -2.220446049250313e-16, 1, -0.30637291073799133, -0.9519115686416626, -2.113668281826048e-16]}, "segments": [22370, 45711, 45749, 22074, 22072, 22517, 22542, 22624, 45672, 45698, 45723, 45731, 45738, 45741, 22481, 22523, 22333, 45817, 23536, 45896, 45972, 22381, 22514, 22560, 23159, 23162, 23186, 23248, 23253, 23539, 45867, 45869, 45932], "label": "flower"}, {"objectId": 31, "id": 31, "partId": 31, "index": 20, "dominantNormal": [0.9784228205680847, 0.2066127508878708, 4.587724664337118e-17], "obb": {"axesLengths": [0.35741235958692447, 0.6709739937415566, 0.31890050925739427], "centroid": [-0.058989240707035595, 1.8777945812835348, -0.4054870146990499], "normalizedAxes": [-0.2066127508878708, 0.9784228205680847, 2.1725350864267517e-16, 0, -2.220446049250313e-16, 1, 0.9784228205680847, 0.2066127508878708, 4.587724664337118e-17]}, "segments": [52602, 52685, 52836, 52872, 29819, 29838, 29874, 29898, 34839, 34840, 34863, 34865, 34879, 34921, 34930, 35005, 37570, 37583, 37598, 37617, 37620, 37625, 37629, 37658, 37714, 37720, 37913, 37940, 37994, 38039, 38059, 38075, 38115, 38167, 38194, 38226, 38271, 38291, 48250, 50944, 50953, 52321, 52326, 52392, 52454, 52512, 52523, 52529, 52568, 52710, 52776, 12263, 34826, 38277, 52632, 37915, 37528, 37586, 37619, 52260, 37510, 29836, 29871, 30749, 33012, 34725, 37566, 52815, 29927, 32846, 32847, 49369, 52450, 52515, 37718, 32845, 32870, 37712], "label": "flower"}, {"objectId": 32, "id": 32, "partId": 32, "index": 21, "dominantNormal": [0, -2.220446049250313e-16, 1], "obb": {"axesLengths": [0.5478890896189422, 0.1907999770909552, 0.38501985670977007], "centroid": [-2.196086141609743, 0.3080953190600515, -0.500881009252571], "normalizedAxes": [0.597156822681427, 0.8021245002746582, 1.7810741776417465e-16, 0, -2.220446049250313e-16, 1, 0.8021245002746582, -0.597156822681427, -1.3259545077058443e-16]}, "segments": [51811, 36664, 16857, 51496, 17036, 36773, 16863, 36041, 36044, 36115, 36712, 36739, 51468, 51472, 51473, 51820, 51572, 36082, 36099, 36145], "label": "printer"}, {"objectId": 34, "id": 34, "partId": 34, "index": 22, "dominantNormal": [0, -2.220446049250313e-16, 1], "obb": {"axesLengths": [0.6402090807629133, 0.13853099632566424, 0.252914892026227], "centroid": [-2.246956402472108, 2.714526349067989, -0.4967974951302826], "normalizedAxes": [0.6475623250007629, 0.7620124816894531, 1.6920076044467727e-16, 0, -2.220446049250313e-16, 1, 0.7620124816894531, -0.6475623250007629, -1.4378772061912913e-16]}, "segments": [13525, 13511, 11610, 17950, 12777, 48057, 12436, 12744, 13333, 13419, 17726, 43824, 43894], "label": "item"}, {"objectId": 35, "id": 35, "partId": 35, "index": 23, "dominantNormal": [0, -2.220446049250313e-16, 1], "obb": {"axesLengths": [0.3499766692467918, 0.18396800345253927, 0.2501715014363159], "centroid": [-1.8400873698836635, 3.151318761659686, -0.46198401731936656], "normalizedAxes": [0.6588306427001953, 0.7522913217544556, 1.670422293274977e-16, 0, -2.220446049250313e-16, 1, 0.7522913217544556, -0.6588306427001953, -1.4628978977086933e-16]}, "segments": [44638, 16985, 17837, 16837, 15874, 15851, 44707], "label": "item"}, {"objectId": 36, "id": 36, "partId": 36, "index": 24, "dominantNormal": [0.974113404750824, 0.22605985403060913, 5.019537097763685e-17], "obb": {"axesLengths": [0.09662495103908732, 0.2680969774403352, 0.08697149944235776], "centroid": [-1.9058898116489111, 2.652288784308994, -0.38590751145144986], "normalizedAxes": [-0.22605985403060913, 0.974113404750824, 2.1629662611007383e-16, 0, -2.220446049250313e-16, 1, 0.974113404750824, 0.22605985403060913, 5.019537097763685e-17]}, "segments": [12758, 49744, 12818], "label": "item"}, {"objectId": 38, "id": 38, "partId": 38, "index": 25, "dominantNormal": [0.7387235164642334, 0.6740086078643799, 1.4965997504931658e-16], "obb": {"axesLengths": [0.1850213350228239, 0.2494010273501046, 0.14504138808451872], "centroid": [-1.012111380461321, -1.0606610332617485, 0.8452994741591171], "normalizedAxes": [-0.6740086078643799, 0.7387235164642334, 1.6402957136213057e-16, 0, -2.220446049250313e-16, 1, 0.7387235164642334, 0.6740086078643799, 1.4965997504931658e-16]}, "segments": [7133, 7090, 7158, 7194, 42322, 42323], "label": "item"}, {"objectId": 39, "id": 39, "partId": 39, "index": 26, "dominantNormal": [0.932279646396637, -0.3617383539676666, -8.032204989298167e-17], "obb": {"axesLengths": [0.29990634237027514, 0.6073549999142808, 0.24264129959168887], "centroid": [-3.2044805051355043, 1.5825332269478931, 0.19367748391700834], "normalizedAxes": [0.361738383769989, 0.932279646396637, 2.0700766576378914e-16, 0, -2.220446049250313e-16, 1, 0.932279646396637, -0.361738383769989, -8.032205651042657e-17]}, "segments": [45242, 45254, 18518, 45278, 18132, 45991, 46027, 13248, 13555, 13573, 13635, 13705, 18094, 18512, 23657, 45171, 45199, 45271, 45978, 46037, 46047, 46049, 45163, 13237, 13703, 18539, 43936, 45196, 23736, 13733, 23755, 44118, 46077], "label": "plant"}, {"objectId": 41, "id": 41, "partId": 41, "index": 27, "dominantNormal": [0.8093922138214111, -0.5872684121131897, -1.3039978255262368e-16], "obb": {"axesLengths": [0.41170123138132053, 0.1766439785813395, 0.11349230349212362], "centroid": [0.2019339047578712, 1.5595704209382586, -0.26580501173030635], "normalizedAxes": [0.5872684121131897, 0.8093922734260559, 1.797211875822615e-16, 0, -2.220446049250313e-16, 1, 0.8093922734260559, -0.5872684121131897, -1.3039978255262368e-16]}, "segments": [30995, 49446, 30979, 32993, 23036, 23059, 30984, 33026, 33030, 49387], "label": "plant"}, {"objectId": 42, "id": 42, "partId": 42, "index": 28, "dominantNormal": [0.8564178347587585, -0.5162833333015442, -1.1463792877231964e-16], "obb": {"axesLengths": [0.12120920594568957, 0.09587299609468136, 0.06495954116046303], "centroid": [0.1159940723221562, 1.2242048611807603, 0.9543234301668369], "normalizedAxes": [0.5162833333015442, 0.8564178347587585, 1.9016295976975929e-16, 0, -2.220446049250313e-16, 1, 0.8564178347587585, -0.5162833333015442, -1.1463792877231964e-16]}, "segments": [2928, 41902, 3017, 3021, 3060], "label": "light"}, {"objectId": 43, "id": 43, "partId": 43, "index": 29, "dominantNormal": [0.8972989320755005, -0.4414234459400177, -9.801569465839715e-17], "obb": {"axesLengths": [0.10311568157224799, 0.15572499880809332, 0.046427367660598004], "centroid": [-0.11838388191840288, 1.344204358994316, 0.8616444681003421], "normalizedAxes": [0.4414234161376953, 0.8972989320755005, 1.99240386872357e-16, 0, -2.220446049250313e-16, 1, 0.8972989320755005, -0.4414234161376953, -9.801568804095225e-17]}, "segments": [42074, 5575, 5609, 5616, 42055, 42079], "label": "light"}, {"objectId": 44, "id": 44, "partId": 44, "index": 30, "dominantNormal": [0, -2.220446049250313e-16, 1], "obb": {"axesLengths": [0.17547536627674354, 0.08120800373238313, 0.10727417242747876], "centroid": [0.5147710001443704, 1.3780445017850345, 0.18245197750459563], "normalizedAxes": [0.8565436005592346, 0.5160747170448303, 1.1459160665801667e-16, 0, -2.220446049250313e-16, 1, 0.5160747170448303, -0.8565436005592346, -1.9019088538723908e-16]}, "segments": [18010, 18032, 18059], "label": "light"}, {"objectId": 45, "id": 45, "partId": 45, "index": 31, "dominantNormal": [0.22082823514938354, -0.9753127098083496, -2.165629253277567e-16], "obb": {"axesLengths": [0.5446286818113891, 1.6487439502311352, 0.31309304097902874], "centroid": [-2.7775361646916035, 0.7392114636448553, -0.6699180048191256], "normalizedAxes": [0.9753127098083496, 0.22082823514938354, 4.903371823003678e-17, 0, -2.220446049250313e-16, 1, 0.22082823514938354, -0.9753127098083496, -2.165629253277567e-16]}, "segments": [15740, 9281, 15766, 15688, 15680, 15701, 15722, 15753, 44577, 48896, 15518, 15706, 44632, 48901, 26600, 26490, 16402, 26456, 46917, 46937, 25460, 14823, 14827, 16407, 15078, 14995, 16423, 16430], "label": "lamp"}, {"objectId": 250, "id": 250, "partId": 250, "index": 32, "dominantNormal": [-0.5574098825454712, -0.8302374482154846, -1.8434974618297342e-16], "obb": {"axesLengths": [0.23213455685983955, 0.16330899678225083, 0.1409432707777883], "centroid": [-1.302746796475765, -0.809705207926462, -0.15165451621939652], "normalizedAxes": [0.8302374482154846, -0.5574098825454712, -1.2376985715111726e-16, 0, -2.220446049250313e-16, 1, -0.5574098825454712, -0.8302374482154846, -1.8434974618297342e-16]}, "segments": [39945], "label": "book"}, {"objectId": 1, "id": 1, "partId": 1, "index": 33, "dominantNormal": [0, -2.220446049250313e-16, 1], "obb": {"axesLengths": [4.818539885968671, 0.22000002369284608, 3.5184332029003293], "centroid": [-1.0921773423390668, 0.9210157124335419, -1.2799999618744116], "normalizedAxes": [-0.578913152217865, 0.8153892159461975, 1.8105277631490446e-16, 0, -2.220446049250313e-16, 1, 0.8153892159461975, 0.578913152217865, 1.2854454217012034e-16]}, "segments": [21766, 26323, 5286, 40554, 34384, 973, 362, 449, 543, 546, 568, 625, 707, 732, 954, 1005, 1159, 1312, 1521, 3774, 3808, 3995, 4061, 4102, 4697, 4706, 4748, 5346, 5352, 12070, 16091, 16095, 18384, 19934, 20013, 20376, 20758, 20772, 20803, 21421, 21423, 21430, 21929, 23853, 24444, 24477, 24499, 25919, 26054, 26217, 26366, 26367, 26431, 27193, 27257, 27283, 27317, 27405, 28854, 31689, 31893, 33750, 33761, 33765, 37887, 37891, 37896, 37897, 37903, 38829, 38864, 39632, 39659, 39660, 39661, 39664, 39671, 39674, 41497, 41583, 41586, 41702, 41703, 41706, 41723, 41965, 44706, 45281, 45519, 45610, 45614, 46964, 46999, 47391, 48912, 48927, 48952, 49736, 50313, 52384, 53049, 53235, 53238, 53239, 53241, 1465, 1416, 1513, 1534, 41717], "label": "floor"}, {"objectId": 2, "id": 2, "partId": 2, "index": 34, "dominantNormal": [-0.6276345252990723, -0.7785081267356873, -1.7286352943195188e-16], "obb": {"axesLengths": [0.47484206067174733, 0.6554280372985888, 0.4120222127467974], "centroid": [-0.7762082801588488, -0.21802406179819478, -0.8822860115469399], "normalizedAxes": [0.7785081267356873, -0.6276345252990723, -1.3936286020734207e-16, 0, -2.220446049250313e-16, 1, -0.6276345252990723, -0.7785081267356873, -1.7286352943195188e-16]}, "segments": [35706, 52004, 52898, 29754, 35060, 38352, 29766, 29767, 34507, 34561, 34635, 34652, 38379, 38434, 52953, 52999, 53002, 34609, 35522, 35614, 35632, 35491, 35643, 35656, 35664, 35690, 35692, 51247, 51255, 51258, 51261, 51265, 51267, 51270, 51277, 51280, 51288, 51447, 51453, 51459, 51998, 34627, 37132, 37798, 38440, 50299, 50310, 51995, 52383, 34616, 50336, 50332, 38438, 37059, 34646, 52967], "label": "chair"}, {"objectId": 3, "id": 3, "partId": 3, "index": 35, "dominantNormal": [0.9932637810707092, -0.11587505787611008, -2.5729431446766e-17], "obb": {"axesLengths": [0.6336324418381691, 1.0304709889634471, 0.5897160721523563], "centroid": [-1.5969167560516757, 2.1415321144250585, -0.7397745053734376], "normalizedAxes": [0.11587505787611008, 0.9932637810707092, 2.2054886385418842e-16, 0, -2.220446049250313e-16, 1, 0.9932637810707092, -0.11587505787611008, -2.5729431446766e-17]}, "segments": [17392, 51609, 36407, 32053, 29158, 27485, 52241, 17547, 32216, 16147, 16172, 27441, 27456, 27468, 32041, 32170, 32176, 32178, 32190, 32192, 32193, 35126, 36831, 37221, 37399, 49156, 51899, 51900, 51904, 51907, 51913, 52205, 52256, 36310, 47468, 37214, 47198, 25938, 47155, 26153, 51180, 47249, 51170, 26552, 26502, 26631, 17506, 25937, 25953, 25974, 25976, 25982, 25985, 26165, 26168, 26174, 26191, 26216, 26220, 26261, 26564, 26590, 26599, 26629, 26632, 26659, 26664, 26748, 28113, 28144, 33989, 46920, 46961, 47104, 47255, 47258, 49179, 49802, 51177, 51186, 51188, 51192, 51194, 51937, 27104, 26798, 35141, 51075], "label": "chair"}, {"objectId": 4, "id": 4, "partId": 4, "index": 36, "dominantNormal": [-0.6774501204490662, -0.7355687022209167, -1.6332906187986146e-16], "obb": {"axesLengths": [4.024837009646338, 2.6106999528996644, 0.1996758609771094], "centroid": [-2.2334272471464276, -0.07052257101711912, 0.024650017642824373], "normalizedAxes": [0.7355687022209167, -0.6774501204490662, -1.5042414435152777e-16, 0, -2.220446049250313e-16, 1, -0.6774501204490662, -0.7355687022209167, -1.6332906187986146e-16]}, "segments": [11796, 81, 351, 1081, 1104, 2085, 9237, 10203, 12245, 12585, 12660, 12698, 12883, 14108, 15938, 22156, 23498, 26249, 31851, 31983, 33424, 43899, 49248, 10021, 8289, 6836, 7100, 10470, 34263, 38263, 41326, 41336, 43300, 54748, 54771, 41090, 40462, 38896, 41524, 54848, 10384, 36514, 33955, 36402, 41430, 54463, 13111, 34286, 13429, 35992, 30205, 10360, 9983, 8209], "label": "wall"}, {"objectId": 5, "id": 5, "partId": 5, "index": 37, "dominantNormal": [0.7128910422325134, 0.7012748122215271, 1.557142886236045e-16], "obb": {"axesLengths": [2.149951726845462, 2.5928599254892775, 0.35818013722266034], "centroid": [0.43314266713068816, 1.588665345719323, 0.07923994361914732], "normalizedAxes": [-0.7012748122215271, 0.7128910422325134, 1.5829360982711225e-16, 0, -2.220446049250313e-16, 1, 0.7128910422325134, 0.7012748122215271, 1.557142886236045e-16]}, "segments": [4182, 2862, 50752, 50589, 1370, 1857, 2090, 2136, 2144, 2166, 2175, 2346, 2496, 2548, 2567, 2605, 2614, 2615, 2629, 2678, 2693, 2697, 2742, 2793, 2809, 3184, 3240, 3271, 3275, 3526, 3531, 4173, 4222, 4385, 4759, 9455, 9458, 22502, 23923, 23939, 23969, 23986, 23988, 23989, 24022, 25374, 30284, 31482, 32563, 32608, 32653, 32682, 32759, 32764, 32794, 32810, 32915, 32941, 32942, 32978, 41870, 41876, 41883, 41886, 43039, 43091, 43094, 46103, 46105, 46111, 46113, 46117, 46138, 46160, 46162, 49255, 49359, 50426, 50452, 50739, 2306, 5707, 12024, 51968, 48382, 11965, 30765, 3464, 50863, 43076, 8898, 43079], "label": "wall"}, {"objectId": 6, "id": 6, "partId": 6, "index": 38, "dominantNormal": [-0.6825835108757019, -0.7308076024055481, -1.6227188535234929e-16], "obb": {"axesLengths": [2.2744029609056047, 2.6107199800598613, 0.3087077923958902], "centroid": [-0.8887449252655681, 2.718023767489181, 0.02464000406272593], "normalizedAxes": [0.7308076024055481, -0.6825835108757019, -1.5156398600073604e-16, 0, -2.220446049250313e-16, 1, -0.6825835108757019, -0.7308076024055481, -1.6227188535234929e-16]}, "segments": [5772, 5404, 48325, 6709, 51407, 34422, 31364, 44979, 25826, 51123, 14796, 7345, 42348, 28379, 30109, 29484, 1759, 14001, 29742, 47692, 8605, 8819, 47326, 9044, 17822, 15323, 894, 15200, 15115, 2006, 17, 42, 58, 160, 164, 296, 301, 1897, 3273, 3294, 4258, 4329, 4349, 4358, 4651, 5500, 5510, 5800, 5849, 5868, 5900, 6053, 6104, 6105, 6109, 6112, 6217, 6361, 6388, 6399, 6408, 6423, 6429, 6446, 6457, 6466, 6480, 6502, 6508, 6594, 6613, 7281, 7303, 7304, 7313, 7318, 8681, 10669, 10697, 10707, 10720, 14031, 14062, 14854, 14872, 15231, 15582, 15721, 17154, 17415, 17481, 17495, 17626, 17680, 18679, 19283, 25850, 27606, 28456, 28664, 29306, 29316, 29434, 29693, 29915, 29933, 30136, 30660, 30706, 31095, 33403, 34994, 35233, 36562, 36950, 38408, 41461, 41780, 42013, 42020, 42023, 42152, 42212, 42213, 42457, 42518, 42567, 44414, 44419, 44559, 45052, 45070, 45084, 45096, 47381, 47802, 47820, 47926, 48223, 48252, 48649, 48653, 48668, 49497, 50977, 51141, 51206, 51226, 52741, 37024, 30150, 10721, 44435, 42361, 22750, 23261, 27500, 21908, 27528, 27589, 21809], "label": "curtain"}, {"objectId": 251, "id": 251, "partId": 251, "index": 39, "dominantNormal": [0, -2.220446049250313e-16, 1], "obb": {"axesLengths": [0.3563823012234346, 0.34894996101521025, 0.35580011296991826], "centroid": [-2.4374550634488643, 2.4280821130665826, -1.1244749664473916], "normalizedAxes": [0.6799749732017517, 0.7332352995872498, 1.6281094241393784e-16, 0, -2.220446049250313e-16, 1, 0.7332352995872498, -0.6799749732017517, -1.509847742834917e-16]}, "segments": [33482, 33506, 49713, 25202, 33648, 33699, 18216, 18241, 18250, 18251, 18256, 18260, 18261, 18278, 33578, 33583, 33638, 33656, 33673, 33687, 33711, 45213, 49641, 49643], "label": "item"}], "scan_id": "5341b7bf-8a66-2cdd-8794-026113b7c312", "annId": "6257", "appId": "stk.v1"}