{"segGroups": [{"objectId": 1, "id": 1, "partId": 1, "index": 0, "dominantNormal": [0, -2.220446049250313e-16, 1], "obb": {"axesLengths": [6.530540342763724, 0.43723999476641306, 3.880969670665074], "centroid": [-0.05491966523705281, -0.8829978343283951, -1.3886199674318738], "normalizedAxes": [0.8067954778671265, -0.5908308625221252, -1.3119080544624079e-16, 0, -2.220446049250313e-16, 1, -0.5908308625221252, -0.8067954778671265, -1.7914458313830794e-16]}, "segments": [1033, 37230, 43419, 49739, 59043, 62379, 62363, 61394, 2238, 2241, 12138, 12755, 13515, 13516, 13544, 18461, 21546, 22825, 22911, 22923, 22987, 24628, 24764, 24775, 24779, 24839, 24842, 24852, 24883, 24884, 24908, 24948, 24971, 24984, 24985, 24988, 25001, 27548, 34886, 36040, 36072, 40075, 42152, 45386, 47836, 48167, 48933, 50875, 51144, 60890, 60894, 61408, 66924, 77039, 77173, 77184, 77197, 77221, 77848, 77849, 77852, 77885, 77904, 78092, 79149, 79406, 80458, 84202, 84344, 84628, 84630, 84638, 84653, 84655, 84682, 84688, 84731, 89028, 89123, 90570, 92133, 95932, 95933, 95937, 96100, 97021, 97344, 97538, 97934, 56852, 70194, 79113, 79207, 68524, 97698, 1005, 68093, 64752, 97714, 66347, 66443, 66418], "label": "floor"}, {"objectId": 2, "id": 2, "partId": 2, "index": 1, "dominantNormal": [0, -2.220446049250313e-16, 1], "obb": {"axesLengths": [0.48236309808302474, 0.470800031629204, 0.4958619846576124], "centroid": [0.4623672887130298, 0.8545394020500343, -1.3159700133062153], "normalizedAxes": [0.8930019736289978, -0.45005279779434204, -9.993179568164968e-17, 0, -2.220446049250313e-16, 1, -0.45005279779434204, -0.8930019736289978, -1.9828627043172404e-16]}, "segments": [58492, 90556, 57303, 58444, 90699, 70600, 7036, 7500, 55152, 55155, 55378, 55389, 55462, 58523, 65057, 65280, 90039, 90725, 91468, 91471, 91475, 91504, 20915, 64882, 7429, 58366, 7310, 7470, 7473, 55399, 83544], "label": "nightstand"}, {"objectId": 3, "id": 3, "partId": 3, "index": 2, "dominantNormal": [-0.5980916619300842, -0.8014277219772339, -1.7795270190240273e-16], "obb": {"axesLengths": [5.914748247431749, 3.0509799036909633, 0.23425733169053906], "centroid": [0.6997086656350403, 0.8608752558059944, -0.03549001472838231], "normalizedAxes": [0.8014277219772339, -0.5980916619300842, -1.3280302678222094e-16, 0, -2.220446049250313e-16, 1, -0.5980916619300842, -0.8014277219772339, -1.7795270190240273e-16]}, "segments": [48390, 96498, 51254, 22896, 96294, 26037, 70340, 56767, 31878, 73279, 96616, 96580, 96359, 96154, 76634, 76819, 79342, 75937, 82416, 79370, 80421, 96170, 40145, 37548], "label": "wall"}, {"objectId": 4, "id": 4, "partId": 4, "index": 3, "dominantNormal": [-0.6124001145362854, -0.7905479669570923, -1.7553691099727426e-16], "obb": {"axesLengths": [0.8916060202969708, 0.6200000002235174, 0.039154290890500175], "centroid": [-0.5695603753427033, 1.8775634218391515, 0.29999996144324514], "normalizedAxes": [0.7905479669570923, -0.6124001145362854, -1.3598014148825341e-16, 0, -2.220446049250313e-16, 1, -0.6124001145362854, -0.7905479669570923, -1.7553691099727426e-16]}, "segments": [34549, 60990, 34602], "label": "picture"}, {"objectId": 5, "id": 5, "partId": 5, "index": 4, "dominantNormal": [0.8073096871376038, -0.5901280045509338, -1.3103473962570918e-16], "obb": {"axesLengths": [3.5717654903944447, 3.006539992841928, 0.1227157844136259], "centroid": [-2.5816409806689133, 1.2034784101244012, 0.013269981072767889], "normalizedAxes": [0.5901280045509338, 0.8073096871376038, 1.7925876053261986e-16, 0, -2.220446049250313e-16, 1, 0.8073096871376038, -0.5901280045509338, -1.3103473962570918e-16]}, "segments": [53545, 57734, 58919, 5233, 54499, 91346, 20245], "label": "wall"}, {"objectId": 6, "id": 6, "partId": 6, "index": 5, "dominantNormal": [0.965006947517395, -0.2622242271900177, -5.822547492817913e-17], "obb": {"axesLengths": [0.39803889584033086, 0.5199999693036084, 0.26051082288244076], "centroid": [-3.2120321340343225, 0.17044079549640856, -1.2899999721348292], "normalizedAxes": [0.2622242569923401, 0.965006947517395, 2.142745864114104e-16, 0, -2.220446049250313e-16, 1, 0.965006947517395, -0.2622242569923401, -5.822548154562403e-17]}, "segments": [35380, 35479, 59549, 59604, 35436, 91313, 60235, 59611, 59688, 90809, 90930], "label": "bag"}, {"objectId": 7, "id": 7, "partId": 7, "index": 6, "dominantNormal": [0.791888952255249, -0.6106650829315186, -1.3559488708104052e-16], "obb": {"axesLengths": [1.2876085634295156, 2.345349915057049, 0.3533736669435382], "centroid": [-2.838775361971904, 0.7818029417608121, -0.3626750123647975], "normalizedAxes": [0.6106650829315186, 0.791888952255249, 1.7583466954801375e-16, 0, -2.220446049250313e-16, 1, 0.791888952255249, -0.6106650829315186, -1.3559488708104052e-16]}, "segments": [21895, 19100, 21803, 17995, 19067, 18830, 19057, 18891, 18688, 20752, 17988, 18267, 18767, 18789, 18867, 19111, 19694, 20720, 21654, 22238, 23020, 23673, 23689, 24603, 25550, 25665, 84353, 84430, 84543, 84812, 85572, 85574, 51871], "label": "door"}, {"objectId": 8, "id": 8, "partId": 8, "index": 7, "dominantNormal": [0.869910478591919, -0.4932096004486084, -1.095145308768438e-16], "obb": {"axesLengths": [0.7434301521546898, 1.1199999797344204, 0.41386143924565133], "centroid": [-2.653317764976687, 0.8726143061671856, -0.13000003144145], "normalizedAxes": [0.4932096302509308, 0.869910478591919, 1.9315892853908755e-16, 0, -2.220446049250313e-16, 1, 0.869910478591919, -0.4932096302509308, -1.095145374942887e-16]}, "segments": [19967, 22592, 23480, 24765, 20992, 19640, 20942, 19757, 22133, 23589, 23599, 24676, 84548, 84996, 85137, 85217, 85534, 85578, 22142, 19945, 19487, 19629, 20086, 85461, 20669, 19563, 19583, 84859, 19382, 24741, 24656, 24647, 85555], "label": "clothes"}, {"objectId": 9, "id": 9, "partId": 9, "index": 8, "dominantNormal": [-0.5933201909065247, -0.8049665689468384, -1.787384837796587e-16], "obb": {"axesLengths": [4.784145558612927, 3.0358299530484523, 0.49882062253542697], "centroid": [-0.927157687092523, -2.4228630806710862, -0.02791503940712592], "normalizedAxes": [0.8049665689468384, -0.5933201909065247, -1.3174354738388342e-16, 0, -2.220446049250313e-16, 1, -0.5933201909065247, -0.8049665689468384, -1.787384837796587e-16]}, "segments": [9346, 3581, 1654, 53503, 3578, 5737, 8479, 20600, 30205, 33941, 40726, 40784, 40813, 50342, 51498, 87568, 89759, 60297, 66385, 59831, 13245, 25010, 28341], "label": "wall"}, {"objectId": 10, "id": 10, "partId": 10, "index": 9, "dominantNormal": [-0.5967536568641663, -0.8024244904518127, -1.7817402896454232e-16], "obb": {"axesLengths": [2.3657329243430767, 2.20227898205193, 1.8354423489751932], "centroid": [-2.10009421351131, -2.0611063823569533, -0.468860565449434], "normalizedAxes": [0.8024244904518127, -0.5967536568641663, -1.325059299759715e-16, 0, -2.220446049250313e-16, 1, -0.5967536568641663, -0.8024244904518127, -1.7817402896454232e-16]}, "segments": [49953, 83924, 50108, 9051, 30521, 10177, 30484, 9640, 83989, 55014, 40047, 31498, 30595, 48545, 39088, 49832, 44718, 44705, 66066, 4263, 9615, 10077, 10084, 17906, 21614, 21774, 21798, 24419, 24579, 24582, 25281, 25326, 28371, 28993, 29008, 29027, 29052, 29057, 29070, 29083, 29084, 29110, 30741, 30753, 30795, 31142, 31330, 31335, 31418, 31426, 31433, 31467, 31540, 31543, 31627, 32232, 32238, 32253, 32261, 32302, 32933, 33306, 33323, 33333, 38976, 39055, 39079, 39100, 39107, 40009, 40056, 42618, 43753, 44752, 44764, 45927, 47341, 47354, 47379, 47395, 47401, 48598, 52277, 52608, 54816, 62974, 65534, 65602, 65619, 83616, 83936, 85425, 85999, 86003, 86009, 86049, 86389, 86391, 86430, 86971, 86973, 87249, 88612, 88616, 88864, 89183, 89771, 92326, 42706, 42798, 43363, 89857, 37509, 40977, 41249, 34441], "label": "wardrobe"}, {"objectId": 11, "id": 11, "partId": 11, "index": 10, "dominantNormal": [-0.6452683806419373, -0.7639559507369995, -1.6963229726152374e-16], "obb": {"axesLengths": [1.1709213383370982, 2.9281899274545165, 0.44657446847436394], "centroid": [-3.2486103724180073, -0.6592968791620503, 0.045904953869320586], "normalizedAxes": [0.7639559507369995, -0.6452683806419373, -1.4327836265025368e-16, 0, -2.220446049250313e-16, 1, -0.6452683806419373, -0.7639559507369995, -1.6963229726152374e-16]}, "segments": [20391, 52825, 59296, 89531, 92517, 56064, 56405, 89538, 49355, 49551, 89554], "label": "wall"}, {"objectId": 12, "id": 12, "partId": 12, "index": 11, "dominantNormal": [0, -2.220446049250313e-16, 1], "obb": {"axesLengths": [6.9094473414162, 0.17788993914671314, 4.481121819365431], "centroid": [-0.095627708791577, -0.8339559592720449, 1.458944904604294], "normalizedAxes": [0.7214130759239197, -0.6925050020217896, -1.5376699958253627e-16, 0, -2.220446049250313e-16, 1, -0.6925050020217896, -0.7214130759239197, -1.6018588143127836e-16]}, "segments": [10546, 5508, 12410, 13078, 13183, 13708, 14409, 14426, 14482, 14491, 14629, 14838, 14999, 15014, 15058, 15117, 15254, 15339, 16091, 16257, 16324, 16327, 16353, 16357, 16360, 16366, 16452, 16454, 16456, 16458, 16481, 16610, 16636, 17166, 17874, 17941, 18564, 18602, 19866, 20249, 29886, 29969, 29976, 30460, 48318, 51394, 52349, 53303, 56739, 56932, 57009, 58297, 58907, 59937, 61979, 62443, 63687, 67900, 68181, 68712, 73627, 84015, 84018, 84125, 84127, 84129, 84132, 84143, 84146, 84153, 84157, 84201, 84246, 84247, 84251, 84254, 86274, 90255, 90267, 90308, 6249, 3272, 11012, 14691, 20265, 23170, 28094, 32420, 33137, 38897, 38913, 43569, 43584, 44493, 44531, 44556, 46440, 56272, 67151, 88605, 90179, 70256, 55843, 62635, 12593, 67410, 46336], "label": "ceiling"}, {"objectId": 13, "id": 13, "partId": 13, "index": 12, "dominantNormal": [0.769539475440979, -0.6385992169380188, -1.4179751083043675e-16], "obb": {"axesLengths": [3.8806444275626104, 3.075939944179207, 0.9879978687800129], "centroid": [2.245772086840587, -2.619318709432181, -0.03667006745926904], "normalizedAxes": [0.6385992169380188, 0.769539475440979, 1.7087208879850802e-16, 0, -2.220446049250313e-16, 1, 0.769539475440979, -0.6385992169380188, -1.4179751083043675e-16]}, "segments": [63169, 2072, 2975, 44147, 2440, 1739, 1151, 94364, 73990, 68617, 68755, 92787, 22731, 26166, 72077, 95856, 1541, 2019, 3847, 9885, 12221, 21279, 30289, 35275, 35603, 35978, 69019, 69310, 70082, 70098, 70165, 70698, 78427, 94328, 94384, 94433, 94759, 94862, 96143, 77056, 345, 60437, 61314, 62320, 28155, 62780, 64010, 62774], "label": "wall"}, {"objectId": 14, "id": 14, "partId": 14, "index": 13, "dominantNormal": [0.7933573722839355, -0.6087561845779419, -1.3517102650027854e-16], "obb": {"axesLengths": [1.3744939929574655, 1.959999994337558, 0.3176956477262967], "centroid": [2.783760438935755, -2.710810161185613, 0.24999995529651664], "normalizedAxes": [0.6087561845779419, 0.7933573722839355, 1.7616072429314745e-16, 0, -2.220446049250313e-16, 1, 0.7933573722839355, -0.6087561845779419, -1.3517102650027854e-16]}, "segments": [93851, 31086, 70593, 76257, 9686, 10517, 10631, 84105, 11320, 423, 93737, 28277, 93671, 68, 95, 118, 210, 7785, 7860, 7884, 7899, 9429, 9738, 9906, 10931, 34664, 36313, 45677, 45725, 54261, 64909, 67568, 78644, 83335, 83367, 84036, 86824, 91952, 79462, 81215, 9771, 82890, 20127, 48879, 553, 377, 11966, 64762, 76117, 94097, 69264], "label": "window"}, {"objectId": 15, "id": 15, "partId": 15, "index": 14, "dominantNormal": [-0.32891932129859924, -0.9443579912185669, -2.0968959706792287e-16], "obb": {"axesLengths": [0.7913188532233165, 0.8063099502106763, 0.7273029123759693], "centroid": [1.737923042624599, -1.6282855904966986, -0.7668449949433287], "normalizedAxes": [0.9443579912185669, -0.32891935110092163, -7.30347673674018e-17, 0, -2.220446049250313e-16, 1, -0.32891935110092163, -0.9443579912185669, -2.0968959706792287e-16]}, "segments": [81325, 98377, 34720, 34774, 23260, 23424, 23567, 26063, 36050, 25804, 80225, 96001, 77402, 23152, 95989, 98409, 34849, 22058, 22089, 22091, 22332, 22367, 22369, 22401, 22511, 22544, 23090, 23213, 23214, 23288, 23301, 23310, 23409, 25036, 25159, 25186, 25193, 25215, 25273, 25278, 25314, 25455, 25499, 25530, 25556, 25569, 25595, 25681, 25870, 25926, 26072, 30071, 34797, 34805, 34879, 77408, 77434, 80244, 80259, 81222, 81322, 81331, 84316, 84324, 84330, 84339, 84382, 84744, 84749, 84754, 84769, 84896, 84908, 84959, 85023, 85373, 86518, 86750, 95990, 95992, 98071, 98072, 98391, 98420, 86758, 22023, 22257, 22284, 22293, 25345, 25355, 25054], "label": "chair"}, {"objectId": 16, "id": 16, "partId": 16, "index": 15, "dominantNormal": [0.708646833896637, -0.7055633664131165, -1.5666653894477555e-16], "obb": {"axesLengths": [0.6368058933261898, 0.8895649413116657, 0.5832978241495606], "centroid": [1.5042524963032482, -0.14033585452349373, -0.8383775110160374], "normalizedAxes": [0.7055633664131165, 0.708646833896637, 1.5735120626395304e-16, 0, -2.220446049250313e-16, 1, 0.708646833896637, -0.7055633664131165, -1.5666653894477555e-16]}, "segments": [81970, 80667, 79729, 99005, 82044, 79775, 99161, 99081, 98334, 98295, 81040, 81964, 83238, 98903, 83036, 83210, 82109, 82742, 98133, 82892, 80885, 81683], "label": "clothes"}, {"objectId": 17, "id": 17, "partId": 17, "index": 16, "dominantNormal": [0.9850066900253296, 0.17251630127429962, 3.8306313959579535e-17], "obb": {"axesLengths": [0.59007785287976, 0.9024030364512714, 0.20898170906015173], "centroid": [0.9538474769907137, 0.18560933270062419, -1.0773585291052195], "normalizedAxes": [-0.17251628637313843, 0.9850066900253296, 2.1871542133518709e-16, 0, -2.220446049250313e-16, 1, 0.9850066900253296, 0.17251628637313843, 3.8306310650857084e-17]}, "segments": [51359, 81556, 88523, 48589, 48535, 49061, 49126, 67001, 73978, 48693, 48645, 71148, 71258, 73741, 73846, 77358, 77872, 78706, 81524, 92704, 93096, 93108, 94204, 95490, 70969, 67653], "label": "clothes"}, {"objectId": 18, "id": 18, "partId": 18, "index": 17, "dominantNormal": [0.7117606997489929, 0.702422022819519, 1.5596902054760143e-16], "obb": {"axesLengths": [1.8362402657911705, 1.0141829919625147, 0.8546566869019018], "centroid": [1.6371125647350235, -0.05546701764265105, -0.9629085388874591], "normalizedAxes": [-0.702422022819519, 0.7117606997489929, 1.5804262337692896e-16, 0, -2.220446049250313e-16, 1, 0.7117606997489929, 0.702422022819519, 1.5596902054760143e-16]}, "segments": [78936, 82616, 80805, 80222, 74562, 75906, 75912, 95604, 71584, 93437, 98813, 80944, 76936, 76950, 76807, 21695, 66479, 66494, 66509, 66590, 71603, 71629, 71638, 71702, 71707, 71724, 71738, 71751, 74501, 74580, 74591, 74598, 74673, 74688, 74700, 74722, 74746, 74762, 74814, 75047, 75074, 75098, 75175, 75202, 75299, 75303, 75375, 75398, 75453, 75540, 75543, 75592, 75610, 75623, 75651, 75654, 75833, 75896, 75903, 75905, 75977, 75983, 76004, 76007, 76024, 76062, 76080, 76484, 76623, 76683, 76865, 76910, 76933, 76989, 76994, 76995, 77470, 77496, 77502, 77511, 77715, 77737, 78146, 78271, 78538, 78579, 78699, 78777, 78895, 78896, 79258, 79271, 79272, 79309, 79565, 79573, 79624, 79672, 80089, 80546, 80613, 80615, 80728, 80781, 80872, 81045, 81466, 81484, 81485, 81500, 81697, 81746, 81754, 81807, 81903, 81916, 82220, 82266, 82421, 82534, 82758, 82791, 82797, 82865, 83027, 83173, 83176, 83187, 83221, 92826, 93201, 93203, 93205, 93211, 93214, 93342, 93416, 93420, 93584, 93591, 93599, 93624, 95061, 95069, 95381, 95417, 95425, 95522, 95626, 95668, 95692, 95693, 95717, 95722, 95734, 95758, 95922, 95938, 96148, 96151, 96695, 97938, 97966, 97986, 97991, 98030, 98110, 98147, 98225, 98315, 98392, 98669, 98725, 98785, 98937, 99010, 99043, 99046, 99098, 99192, 82673, 21665, 76852, 81108, 82485, 82677, 82902, 95702, 98317, 80507, 21123, 76810, 78618, 79043, 79454, 80328, 82246, 96678], "label": "drying rack"}, {"objectId": 19, "id": 19, "partId": 19, "index": 18, "dominantNormal": [0.698143482208252, -0.7159578800201416, -1.589745846120353e-16], "obb": {"axesLengths": [0.4509048498272283, 0.42288004406809687, 0.3652279922414395], "centroid": [-0.4326056983020772, 0.1835168624866782, -1.3170200087051092], "normalizedAxes": [0.7159578800201416, 0.698143482208252, 1.5501899368791693e-16, 0, -2.220446049250313e-16, 1, 0.698143482208252, -0.7159578800201416, -1.589745846120353e-16]}, "segments": [12712, 84185, 13058, 13145, 12993, 12727], "label": "backpack"}, {"objectId": 20, "id": 20, "partId": 20, "index": 19, "dominantNormal": [0, -2.220446049250313e-16, 1], "obb": {"axesLengths": [2.4437956574927515, 0.9609200143608443, 1.5785048609579406], "centroid": [-1.1913563869326225, 1.396850651245865, -1.05046002640292], "normalizedAxes": [0.8069610595703125, -0.5906046628952026, -1.3114057903944657e-16, 0, -2.220446049250313e-16, 1, -0.5906046628952026, -0.8069610595703125, -1.791813496621747e-16]}, "segments": [14176, 13858, 17693, 88332, 47534, 89218, 89208, 24029, 39482, 87223, 40603, 37611, 60623, 60643, 87636, 56887, 11220, 13781, 13980, 14014, 14015, 14573, 15671, 16891, 17182, 17193, 17279, 23767, 23769, 23771, 23796, 23870, 23898, 23905, 23910, 23916, 23917, 23935, 23964, 23974, 23981, 24006, 24012, 24023, 24025, 24081, 24100, 24103, 24116, 24139, 24185, 24208, 24235, 24247, 24271, 24291, 24302, 24330, 24350, 24352, 24357, 24359, 24954, 28396, 30670, 30674, 30695, 30721, 31735, 31803, 32648, 32694, 32725, 32748, 33478, 33856, 35080, 35709, 36755, 36861, 36904, 36905, 36920, 36949, 36963, 36971, 37039, 37081, 37110, 37286, 37664, 37683, 37711, 37855, 38014, 38047, 38062, 38073, 38405, 38417, 39183, 39192, 39203, 39209, 39212, 39213, 39252, 39263, 39287, 39322, 39337, 39378, 39402, 39410, 39413, 39450, 39476, 39521, 39538, 39543, 39544, 39547, 39548, 39583, 39606, 39612, 39623, 39755, 40272, 40568, 40617, 41092, 41512, 41578, 41960, 43039, 45192, 46841, 46858, 46861, 46876, 46888, 46900, 46910, 46911, 46915, 46945, 46951, 47741, 47747, 47764, 47906, 48783, 48850, 48851, 48858, 48915, 48936, 48941, 48945, 49055, 49093, 49096, 49104, 49185, 49305, 53824, 53828, 60615, 60785, 60795, 74924, 74937, 84244, 85254, 85256, 85259, 85265, 85270, 85294, 85773, 86251, 86271, 86378, 86379, 86477, 86479, 86493, 86500, 86510, 86943, 86947, 86955, 86976, 86981, 86987, 87035, 87042, 87048, 87054, 87057, 87117, 87119, 87141, 87173, 87186, 87225, 87231, 87240, 87247, 87357, 88161, 88197, 88202, 88206, 88307, 88309, 88469, 88478, 88481, 88510, 88805, 88829, 88832, 88842, 88845, 88855, 89390, 89394, 89399, 89403, 89410, 89413, 89421, 89422, 89450, 89457, 89462, 89465, 89469, 89479, 90001, 90006, 90506, 90532, 91418, 91438, 95415, 36866, 45223, 17093, 17241, 28398, 34962, 35018, 35034, 35055, 35056, 40310, 40318, 40330, 42976, 46978, 47982, 74962, 74966, 74996, 86248, 86254, 88313, 88320, 89032, 89034, 89107, 89110, 46970, 88945, 48026, 34982, 56696, 53803, 17348, 39831, 39837], "label": "bed"}, {"objectId": 21, "id": 21, "partId": 21, "index": 20, "dominantNormal": [0, -2.220446049250313e-16, 1], "obb": {"axesLengths": [0.6140461901147166, 0.10474002127185439, 0.36614085166877597], "centroid": [-1.283418532107745, 0.4990782685278128, -1.4813700378379964], "normalizedAxes": [0.760942280292511, -0.6488195657730103, -1.4406688414969843e-16, 0, -2.220446049250313e-16, 1, -0.6488195657730103, -0.760942280292511, -1.6896312799830304e-16]}, "segments": [97404, 17407, 45346, 89696, 89735, 50481, 50442, 39847, 17430, 17437, 17439, 17535, 50447, 50459, 50468, 84306, 84307], "label": "shoes"}, {"objectId": 22, "id": 22, "partId": 22, "index": 21, "dominantNormal": [0, -2.220446049250313e-16, 1], "obb": {"axesLengths": [0.40181780104915366, 0.11416005833089216, 0.2775128733689458], "centroid": [-1.9045140201367743, 0.9667536733278368, -1.4849799930681291], "normalizedAxes": [0.32256484031677246, 0.9465473890304565, 2.1017574104008764e-16, 0, -2.220446049250313e-16, 1, 0.9465473890304565, -0.32256484031677246, -7.162378253084355e-17]}, "segments": [42091, 42029, 88526, 44297, 47024, 47022, 44230, 35760, 42070, 42084, 42105, 88209, 88858], "label": "shoes"}, {"objectId": 23, "id": 23, "partId": 23, "index": 22, "dominantNormal": [0, -2.220446049250313e-16, 1], "obb": {"axesLengths": [1.4809928470144813, 0.925806978513144, 1.1602144389081428], "centroid": [2.352768289055203, -2.4674158028624937, -1.0670964870505824], "normalizedAxes": [0.8285309076309204, 0.5599433183670044, 1.2433239290721252e-16, 0, -2.220446049250313e-16, 1, 0.5599433183670044, -0.8285309076309204, -1.8397081805308533e-16]}, "segments": [12485, 36123, 34404, 11681, 95089, 28929, 28764, 72916, 72849, 9459, 12010, 94478, 26894, 37062, 36893, 86439, 14430, 922, 74553, 40434, 28249, 74238, 95247, 9865, 9870, 9888, 9889, 9909, 9958, 9984, 9999, 10006, 10008, 11756, 11820, 11821, 12093, 12527, 12559, 12650, 12652, 12668, 12681, 14404, 26481, 26572, 26586, 26646, 26720, 26743, 26774, 26793, 26814, 26828, 26843, 26875, 26886, 26904, 26907, 26936, 26948, 26949, 26955, 26959, 26961, 27015, 28166, 28222, 28233, 28239, 28253, 28294, 28790, 29675, 29688, 29707, 29727, 29745, 29750, 29829, 29850, 29868, 29943, 30840, 30867, 30944, 30980, 31065, 31075, 31087, 31105, 31117, 31636, 32082, 32618, 33043, 33059, 33073, 33296, 33399, 33480, 33539, 33550, 33619, 33660, 33672, 33673, 33678, 33970, 34429, 34461, 34526, 34626, 35276, 35406, 40415, 40419, 40430, 40500, 40530, 59093, 66370, 69325, 69358, 69391, 70603, 70606, 70694, 72857, 72888, 73216, 73221, 73229, 73251, 74263, 74294, 74389, 74474, 74725, 74757, 74847, 74854, 74906, 83954, 83957, 84162, 84259, 85024, 85026, 85049, 85065, 85068, 85314, 85607, 85616, 85626, 85706, 85710, 85787, 85790, 85814, 86051, 86121, 86148, 86161, 86189, 86193, 86195, 86435, 87326, 92836, 93055, 93057, 93064, 94025, 94083, 94088, 94128, 94256, 94257, 94304, 94616, 94905, 95054, 95058, 95064, 95168, 95194, 95204, 95369, 95372, 95390, 95410], "label": "desk"}, {"objectId": 24, "id": 24, "partId": 24, "index": 23, "dominantNormal": [0, -2.220446049250313e-16, 1], "obb": {"axesLengths": [0.16692661638619594, 0.14000004217028517, 0.15655894586579852], "centroid": [2.80854528219385, -2.537133279879831, -0.6600000207871197], "normalizedAxes": [0.9402495622634888, 0.3404860198497772, 7.560308376004015e-17, 0, -2.220446049250313e-16, 1, 0.3404860198497772, -0.9402495622634888, -2.0877734258373e-16]}, "segments": [93990, 93917], "label": "object"}, {"objectId": 25, "id": 25, "partId": 25, "index": 24, "dominantNormal": [0.9705761671066284, 0.24079422652721405, 5.346705889746374e-17], "obb": {"axesLengths": [0.7006772680400818, 1.2051199703264237, 0.5223556219208076], "centroid": [3.2331797058759144, -1.4632898112682071, -0.9325600300157066], "normalizedAxes": [-0.24079422652721405, 0.9705761671066284, 2.1551120157484247e-16, 0, -2.220446049250313e-16, 1, 0.9705761671066284, 0.24079422652721405, 5.346705889746374e-17]}, "segments": [72481, 93559, 71842, 71342, 78012, 78404, 70575, 93164, 71046, 71249, 70826, 70532, 71587, 20329, 20451, 69421, 69466, 69510, 69517, 69523, 69544, 69610, 69623, 69719, 69779, 69899, 70470, 70491, 70586, 70914, 70944, 70955, 71054, 71161, 71208, 71265, 71494, 71616, 71837, 72525, 72597, 72665, 72735, 74006, 74174, 93032, 93068, 93180, 93194, 93258, 93425, 93467, 93526, 94208, 96113], "label": "showcase"}, {"objectId": 26, "id": 26, "partId": 26, "index": 25, "dominantNormal": [-0.5564839839935303, -0.8308583498001099, -1.8448761403002886e-16], "obb": {"axesLengths": [0.7795070055204841, 1.0199999581277372, 0.32418368421337884], "centroid": [2.611555295194389, -0.6359521422138302, -1.0199999972432852], "normalizedAxes": [0.8308583498001099, -0.5564839839935303, -1.2356426637295088e-16, 0, -2.220446049250313e-16, 1, -0.5564839839935303, -0.8308583498001099, -1.8448761403002886e-16]}, "segments": [73508, 75227, 79190, 73292, 77764, 73341], "label": "wall frame"}, {"objectId": 27, "id": 27, "partId": 27, "index": 26, "dominantNormal": [-0.6951661109924316, -0.7188491225242615, -1.5961656941160506e-16], "obb": {"axesLengths": [1.1481112445961035, 0.7690099305880828, 0.4634046659325433], "centroid": [-3.0152656407288783, -0.3598835370222077, -1.134504987645783], "normalizedAxes": [0.7188491225242615, -0.6951661109924316, -1.5435788447258495e-16, 0, -2.220446049250313e-16, 1, -0.6951661109924316, -0.7188491225242615, -1.5961656941160506e-16]}, "segments": [42722, 36208, 44943, 44933, 67650, 28894, 28769, 27783, 57158, 48994, 27517, 28837, 28849, 28865, 28879, 28884, 28904, 36030, 49466, 85976, 85978, 85986, 85988, 85995], "label": "commode"}, {"objectId": 28, "id": 28, "partId": 28, "index": 27, "dominantNormal": [0, -2.220446049250313e-16, 1], "obb": {"axesLengths": [1.1175450183738849, 0.2609800638039396, 1.006493522584433], "centroid": [-1.7458804723250894, 1.7279410681348968, -0.9604900357762718], "normalizedAxes": [0.21609272062778473, 0.9763728380203247, 2.1679832107775459e-16, 0, -2.220446049250313e-16, 1, 0.9763728380203247, -0.21609272062778473, -4.7982222778971624e-17]}, "segments": [46003, 88220, 88236, 40646, 88127, 47492, 22394], "label": "pillow"}, {"objectId": 29, "id": 29, "partId": 29, "index": 28, "dominantNormal": [-0.6231271028518677, -0.7821205854415894, -1.736656563981119e-16], "obb": {"axesLengths": [1.9649376211910734, 1.4834188189338402, 0.6245278828270354], "centroid": [-0.1088541307953114, -2.916834872783157, -0.8082905473197132], "normalizedAxes": [0.7821205854415894, -0.6231271028518677, -1.383620113708223e-16, 0, -2.220446049250313e-16, 1, -0.6231271028518677, -0.7821205854415894, -1.736656563981119e-16]}, "segments": [5295, 5462, 89174, 90585, 32520, 4360, 63625, 63552, 4233, 4284, 63647, 16202, 63660, 40823, 16310, 91768, 4033, 3876, 92175, 64274, 68273, 8552, 83591, 6376, 8315, 7570, 89158, 7158, 89169, 5454, 50776, 86698, 3947, 3969, 4132, 5702, 5745, 5779, 5798, 5802, 5814, 5824, 5833, 5841, 6534, 6541, 6662, 7503, 7524, 7533, 8686, 16253, 16262, 16417, 16522, 16544, 28495, 28506, 28581, 30146, 30200, 30220, 35125, 40729, 40739, 40762, 50994, 57455, 57462, 57630, 59396, 63708, 63805, 64425, 83579, 83599, 83646, 84290, 86277, 86279, 86281, 86362, 86594, 87574, 89762, 90578, 91792, 91834, 91855, 92209, 92474, 92559, 66239, 57602, 28572, 90658, 57608], "label": "tv stand"}, {"objectId": 30, "id": 30, "partId": 30, "index": 29, "dominantNormal": [-0.45124760270118713, -0.8923987746238708, -1.9815233334693946e-16], "obb": {"axesLengths": [0.5647808687831948, 0.32389896384107386, 0.30561828415363723], "centroid": [-0.4517300132504479, -2.720132952277702, -1.108050509734813], "normalizedAxes": [0.8923987746238708, -0.45124757289886475, -1.0019708904770769e-16, 0, -2.220446049250313e-16, 1, -0.45124757289886475, -0.8923987746238708, -1.9815233334693946e-16]}, "segments": [8014, 83725, 8040, 6285, 7827, 7746, 7844, 7683, 83800, 8186, 86680, 83723, 8209, 86539, 33966, 7677, 7682, 7730, 7753, 7762, 7765, 7769, 7797, 7814, 7872, 7883, 7891, 7919, 8013, 8098, 8128, 8142, 8149, 8162, 8194, 8371, 8374, 8394, 8558, 33969, 83650, 83660, 83708, 83716, 83838, 83840, 83848, 83852, 83876, 83906, 83917, 83921, 86545, 86551, 86555], "label": "tv"}, {"objectId": 31, "id": 31, "partId": 31, "index": 30, "dominantNormal": [0, -2.220446049250313e-16, 1], "obb": {"axesLengths": [1.3308952625711574, 0.18319302387849165, 0.8875919443943694], "centroid": [-0.686029265843486, 0.899658686275099, -1.018403516670983], "normalizedAxes": [0.6421136260032654, 0.7666094899177551, 1.702215013205677e-16, 0, -2.220446049250313e-16, 1, 0.7666094899177551, -0.6421136260032654, -1.4257786640287437e-16]}, "segments": [15179, 15070, 14935, 13723, 13694, 15088, 29325, 87850, 88019, 37769, 14131, 16929, 16937, 29229, 31886], "label": "blanket"}, {"objectId": 32, "id": 32, "partId": 32, "index": 31, "dominantNormal": [0, -2.220446049250313e-16, 1], "obb": {"axesLengths": [0.35677950208353065, 0.13704991034306752, 0.23823523399819552], "centroid": [1.9444600264424476, -3.28053570367828, -1.5604850096147131], "normalizedAxes": [0.3794292211532593, 0.925220787525177, 2.0544028423445426e-16, 0, -2.220446049250313e-16, 1, 0.925220787525177, -0.3794292211532593, -8.425021150798779e-17]}, "segments": [61347, 18351], "label": "socket"}, {"objectId": 33, "id": 33, "partId": 33, "index": 32, "dominantNormal": [-0.6253787875175476, -0.7803213000297546, -1.732661347796937e-16], "obb": {"axesLengths": [0.8910550812270082, 0.3088799646002059, 0.25748556650663057], "centroid": [0.6136773917862894, -3.1945765448377785, -1.380999990604818], "normalizedAxes": [0.7803213000297546, -0.6253787875175476, -1.3886198580282896e-16, 0, -2.220446049250313e-16, 1, -0.6253787875175476, -0.7803213000297546, -1.732661347796937e-16]}, "segments": [58619, 64607, 58671, 58003, 57972, 58054, 58096, 90691, 90694, 90748, 59008], "label": "bag"}, {"objectId": 34, "id": 34, "partId": 34, "index": 33, "dominantNormal": [0, -2.220446049250313e-16, 1], "obb": {"axesLengths": [0.4165363196589277, 0.10404497152466385, 0.352737945900499], "centroid": [-2.8826583338943044, -0.5307147392356285, -0.7420225070709923], "normalizedAxes": [0.9148330688476562, -0.40383219718933105, -8.966876068091235e-17, 0, -2.220446049250313e-16, 1, -0.40383219718933105, -0.9148330688476562, -2.031337473446318e-16]}, "segments": [89486, 44906, 88515, 89510], "label": "box"}, {"objectId": 35, "id": 35, "partId": 35, "index": 34, "dominantNormal": [0, -2.220446049250313e-16, 1], "obb": {"axesLengths": [0.6580248184511107, 0.18046599223168203, 0.42618939342581247], "centroid": [-3.2825424512171253, -0.26681715488048935, -0.7602330369450222], "normalizedAxes": [0.95777428150177, -0.287521094083786, -6.384250774344702e-17, 0, -2.220446049250313e-16, 1, -0.287521094083786, -0.95777428150177, -2.1266861194341625e-16]}, "segments": [27376, 27722, 55716, 27697, 27848, 27702, 27281, 27335, 27371, 27384, 27707, 27786, 27794, 27815, 27833, 28701, 28810, 55736, 55758, 85718, 85722, 85966, 85973, 90142, 90147, 90150, 27513, 27534, 90154, 27357, 43841, 27350, 43920], "label": "bag"}], "scan_id": "4a9a43e0-7736-2874-87ac-c589da4d0f00", "annId": "6398", "appId": "stk.v1"}