{"segGroups": [{"objectId": 20, "id": 20, "partId": 20, "index": 0, "dominantNormal": [0, -2.220446049250313e-16, 1], "obb": {"axesLengths": [0.8046143980180822, 0.46704002170920317, 0.7954444648031924], "centroid": [-3.4885140037392697, -1.715430118388303, -0.6164799851802734], "normalizedAxes": [0.4814354181289673, 0.8764815330505371, 1.9461799573029228e-16, 0, -2.220446049250313e-16, 1, 0.8764815330505371, -0.4814354181289673, -1.069001372153638e-16]}, "segments": [58057, 57813, 91697, 22916, 55178, 92329, 88973, 22854, 53771, 83525, 55024], "label": "pillow"}, {"objectId": 22, "id": 22, "partId": 22, "index": 1, "dominantNormal": [0.9489620327949524, -0.31539031863212585, -7.003071869785013e-17], "obb": {"axesLengths": [1.0749682347432608, 2.5417199162754427, 0.16012684946391118], "centroid": [0.37154575221777497, 0.815069333570487, -0.36085994344376093], "normalizedAxes": [0.31539031863212585, 0.9489620327949524, 2.107118996608098e-16, 0, -2.220446049250313e-16, 1, 0.9489620327949524, -0.31539031863212585, -7.003071869785013e-17]}, "segments": [28880, 35727, 31340, 30357], "label": "wall"}, {"objectId": 23, "id": 23, "partId": 23, "index": 2, "dominantNormal": [0, -2.220446049250313e-16, 1], "obb": {"axesLengths": [0.4847732679674155, 0.25802796502348846, 0.31141198856726143], "centroid": [-0.9316843809281234, 0.8695130220490945, 0.7714899992027875], "normalizedAxes": [0.8810394406318665, -0.4730428457260132, -1.0503661179184513e-16, 0, -2.220446049250313e-16, 1, -0.4730428457260132, -0.8810394406318665, -1.9563005451847336e-16]}, "segments": [1168, 1207, 1179, 1814, 11940, 1855, 80192, 80180, 4627, 79946, 11668], "label": "lamp"}, {"objectId": 24, "id": 24, "partId": 24, "index": 3, "dominantNormal": [0, -2.220446049250313e-16, 1], "obb": {"axesLengths": [2.7206556664862567, 0.6299300052986286, 1.1361534534888469], "centroid": [-1.2934647280569025, 1.4737176331401285, 0.9449649926073476], "normalizedAxes": [0.9309642314910889, -0.3651103377342224, -8.107078069624017e-17, 0, -2.220446049250313e-16, 1, -0.3651103377342224, -0.9309642314910889, -2.0671558498077422e-16]}, "segments": [15688, 17708, 83352, 16117, 14800, 28416, 9309, 83806, 28028, 9563, 15370, 14740, 44071, 55863, 83512, 15447, 82007, 10637, 12300, 10756, 82026, 43284, 55264, 81683, 9407, 81679, 16564, 16501, 16365, 16387, 5934, 10324, 10682], "label": "ceiling"}, {"objectId": 25, "id": 25, "partId": 25, "index": 4, "dominantNormal": [-0.24135731160640717, -0.9704363346099854, -2.1548015252336968e-16], "obb": {"axesLengths": [0.4354357991895069, 1.831505943130568, 0.14133204216733958], "centroid": [-2.3883049438804247, 0.17430796838473395, -0.4742469742526785], "normalizedAxes": [0.9704363346099854, -0.24135729670524597, -5.35920855926899e-17, 0, -2.220446049250313e-16, 1, -0.24135729670524597, -0.9704363346099854, -2.1548015252336968e-16]}, "segments": [46492, 46505, 46448, 46470, 7165, 46341, 46423, 46508, 54071, 60144, 92672, 93035, 93043, 93045], "label": "column"}, {"objectId": 26, "id": 26, "partId": 26, "index": 5, "dominantNormal": [0.766353189945221, -0.6424194574356079, -1.4264577462244252e-16], "obb": {"axesLengths": [0.2921242335129642, 0.8419869949969573, 0.25357523498244133], "centroid": [-0.06793896910818509, -0.551430881671265, -1.2024564982238442], "normalizedAxes": [0.6424194574356079, 0.766353189945221, 1.7016459129442406e-16, 0, -2.220446049250313e-16, 1, 0.766353189945221, -0.6424194574356079, -1.4264577462244252e-16]}, "segments": [28719, 28631, 28695, 28626, 28604], "label": "wall"}, {"objectId": 27, "id": 27, "partId": 27, "index": 6, "dominantNormal": [-0.29565975069999695, -0.9552932977676392, -2.1211772289034573e-16], "obb": {"axesLengths": [0.4734525184910392, 2.388542956369899, 0.06320042335234549], "centroid": [-5.408809368502043, -1.95876994830366, -0.4357284718053378], "normalizedAxes": [0.9552932977676392, -0.29565975069999695, -6.564965253641407e-17, 0, -2.220446049250313e-16, 1, -0.29565975069999695, -0.9552932977676392, -2.1211772289034573e-16]}, "segments": [72913, 70077, 68057, 68053, 67747, 100020], "label": "wall"}, {"objectId": 28, "id": 28, "partId": 28, "index": 7, "dominantNormal": [0.9499160051345825, -0.312505304813385, -6.939011694426456e-17], "obb": {"axesLengths": [1.3681112796104993, 0.6199999909102917, 0.4901079400009607], "centroid": [-5.202628358073948, -1.0064899595048158, -1.3599999154941003], "normalizedAxes": [0.312505304813385, 0.9499160051345825, 2.1092372407207239e-16, 0, -2.220446049250313e-16, 1, 0.9499160051345825, -0.312505304813385, -6.939011694426456e-17]}, "segments": [64884, 65603, 97394, 63986, 9554, 81686, 96057, 96686, 96558, 97259, 64705, 60037], "label": "bench"}, {"objectId": 30, "id": 30, "partId": 30, "index": 9, "dominantNormal": [0.8687687516212463, -0.4952180087566376, -1.0996048710612828e-16], "obb": {"axesLengths": [0.5904385442385734, 0.8792260092669869, 0.37846297301905424], "centroid": [-3.5677903005968776, -4.191269809132942, -1.2116569815787597], "normalizedAxes": [0.49521803855895996, 0.8687687516212463, 1.929054142249523e-16, 0, -2.220446049250313e-16, 1, 0.8687687516212463, -0.49521803855895996, -1.0996049372357319e-16]}, "segments": [85961, 85949, 18416, 36140, 36355, 11843, 12286, 13035, 13735, 14211, 14901, 14980, 15060, 15093, 15243, 18204, 18316, 18593, 18631, 18771, 18845, 18895, 18903, 18909, 36051, 81229, 81312, 81367, 82134, 82240, 82256, 82624, 85750, 166, 12038, 12162, 12762, 13046, 13898, 14014, 14742, 15122, 15392, 15534, 17723, 81082, 81086, 81209, 81380, 18860, 82722, 14994, 82252, 19199], "label": "plant"}, {"objectId": 32, "id": 32, "partId": 32, "index": 10, "dominantNormal": [0.9190237522125244, -0.3942021131515503, -8.753045247534847e-17], "obb": {"axesLengths": [0.7642750935005996, 0.4086099771720919, 0.386129449648888], "centroid": [-3.6237267659236507, -0.8595946304756649, -0.49018196275281944], "normalizedAxes": [0.3942021429538727, 0.9190237522125244, 2.0406426597674985e-16, 0, -2.220446049250313e-16, 1, 0.9190237522125244, -0.3942021429538727, -8.753045909279337e-17]}, "segments": [96742, 96772, 93187, 56911, 28996, 45766, 45613, 29022, 56898, 56992], "label": "pillow"}, {"objectId": 33, "id": 33, "partId": 33, "index": 11, "dominantNormal": [0, -2.220446049250313e-16, 1], "obb": {"axesLengths": [5.8738656838107985, 0.3471139591832323, 2.8273864423972612], "centroid": [-4.327123103964814, -1.195898384626151, 0.9063729529311586], "normalizedAxes": [0.14337745308876038, 0.989668071269989, 2.1975045589206244e-16, 0, -2.220446049250313e-16, 1, 0.989668071269989, -0.14337745308876038, -3.183618992625101e-17]}, "segments": [7495, 31669, 9517, 7300, 58066, 95365, 95532, 75228, 84812, 21927, 75519, 22140, 100843, 39366, 35878, 36597, 66208, 31175, 60170, 29504, 60157, 13129, 29554, 45528, 35269, 60719, 60600, 60524, 60461, 23614, 29639, 29576, 31716, 85764, 31732, 31984, 75068, 95389, 35032, 66776, 98143, 66535, 35555, 100607, 4810, 4873, 4898, 7128, 7379, 7390, 7447, 7456, 7479, 7764, 7822, 7827, 10047, 10096, 12283, 12293, 13055, 13281, 16976, 18037, 19996, 20614, 20655, 20659, 22595, 23606, 24195, 24198, 25621, 28333, 28339, 28903, 28931, 28937, 29496, 29502, 29532, 29547, 29588, 29618, 29650, 29681, 29907, 29908, 29935, 30863, 31514, 31927, 31933, 31935, 31985, 31998, 33464, 33510, 35612, 35926, 36613, 39345, 39348, 39354, 39391, 39445, 39449, 39459, 47440, 57946, 60193, 60226, 60277, 60349, 60389, 60394, 60539, 60544, 66415, 66438, 66453, 66477, 66482, 66565, 73305, 73322, 73332, 73409, 73555, 73654, 73660, 73681, 73708, 73726, 73800, 73839, 78109, 79804, 81171, 82783, 82890, 82893, 82895, 83559, 85609, 85610, 85685, 85695, 86117, 86209, 86827, 86872, 86873, 86994, 89189, 95385, 95750, 95754, 98151, 100615, 100619, 100623, 100737, 100739, 100742, 100745, 100780, 100838, 101164, 101167, 101449, 104558, 73625, 73630, 73598, 73604, 73557, 100693, 73617], "label": "ceiling"}, {"objectId": 35, "id": 35, "partId": 35, "index": 12, "dominantNormal": [0.9492706656455994, -0.31446021795272827, -6.982419485995279e-17], "obb": {"axesLengths": [0.746249170027076, 0.36963801749859665, 0.061464382131811775], "centroid": [-5.5010690797715025, -1.0196458267571442, 0.7251810059446608], "normalizedAxes": [0.31446021795272827, 0.9492706656455994, 2.107804299201986e-16, 0, -2.220446049250313e-16, 1, 0.9492706656455994, -0.31446021795272827, -6.982419485995279e-17]}, "segments": [66843], "label": "wall"}, {"objectId": 37, "id": 37, "partId": 37, "index": 13, "dominantNormal": [0.9550036787986755, -0.29659396409988403, -6.585708958170767e-17], "obb": {"axesLengths": [0.386127983609404, 1.0442539667132351, 0.503632883226136], "centroid": [-4.643142080306933, -0.10187199757822474, -0.29212697551719113], "normalizedAxes": [0.9550036787986755, -0.29659393429756165, -6.585708296426277e-17, 0, -2.220446049250313e-16, 1, -0.29659393429756165, -0.9550036787986755, -2.120534145608034e-16]}, "segments": [1537, 1645, 1381, 2109, 80301, 1248, 1251, 1255, 1277, 1318, 1323, 2141, 2253, 2434, 2470, 2489, 2571, 2580, 2582, 2588, 2622, 2685, 79967, 80008, 80204, 80253, 80318, 80320, 80330, 80349, 80352, 80356, 80380, 97741, 80141, 80476, 816, 1240, 1301, 1328, 1330, 1352, 1639, 1702, 1717, 1973, 2203, 2287, 2365, 2452, 2699, 2702, 2880, 2918, 6444, 6445, 7039, 9094, 9098, 9108, 79857, 80486, 80488], "label": "dress"}, {"objectId": 39, "id": 39, "partId": 39, "index": 15, "dominantNormal": [0, -2.220446049250313e-16, 1], "obb": {"axesLengths": [0.2359250748858453, 0.19315097794344316, 0.1945160915369025], "centroid": [-0.42073218994033557, 0.7795714352357161, -0.293424479197983], "normalizedAxes": [0.47012224793434143, 0.8826013207435608, 1.959768615708148e-16, 0, -2.220446049250313e-16, 1, 0.8826013207435608, -0.47012224793434143, -1.0438810880904846e-16]}, "segments": [95582, 24472, 59540], "label": "lamp"}, {"objectId": 40, "id": 40, "partId": 40, "index": 16, "dominantNormal": [0.7791005373001099, -0.626899003982544, -1.391995416671996e-16], "obb": {"axesLengths": [0.6092746200355807, 0.4910199532429882, 0.2622920571089615], "centroid": [0.1405728555853374, 1.0992240909230357, -1.4044899538482727], "normalizedAxes": [0.626899003982544, 0.7791005373001099, 1.7299507100168251e-16, 0, -2.220446049250313e-16, 1, 0.7791005373001099, -0.626899003982544, -1.391995416671996e-16]}, "segments": [38814, 90541, 48615, 90614, 90641, 87329, 90737, 90994, 32542, 90719, 90963, 48518, 45945, 38880, 48912, 32499, 34189, 35491, 35500, 35538, 38672, 38693, 38838, 38884, 48402, 48470, 48524, 48569, 48616, 48625, 48709, 48769, 48909, 86862, 86863, 86868, 87342, 87352, 87354, 87383, 89418, 90438, 90446, 90505, 38685, 33301, 90673, 47151, 48825], "label": "plant"}, {"objectId": 42, "id": 42, "partId": 42, "index": 17, "dominantNormal": [0.9286641478538513, -0.37092167139053345, -8.236115598204329e-17], "obb": {"axesLengths": [0.7783436843372721, 2.45968497262109, 0.2971192663531561], "centroid": [-5.547507000920777, -1.553757398112646, -0.44466746958946857], "normalizedAxes": [0.37092167139053345, 0.9286641478538513, 2.0620486381824928e-16, 0, -2.220446049250313e-16, 1, 0.9286641478538513, -0.37092167139053345, -8.236115598204329e-17]}, "segments": [98424, 67721, 73477, 73445, 73204, 100422, 67058, 100398, 67023, 98445, 98524, 72219, 64320, 64286, 64420, 64473, 64490, 64505, 64526, 64559, 64584, 64835, 65018, 65045, 66526, 67025, 67140, 67278, 67447, 67448, 67531, 67547, 67654, 67656, 72108, 72145, 72150, 72204, 72270, 72316, 72351, 72365, 73132, 96879, 96898, 97052, 97084, 98220, 98509, 98514, 98537, 98541, 98554, 98556, 100013, 100034, 100037, 100044, 100053, 100070, 100075, 100078, 100083, 100114, 100194, 100344, 100382, 67066, 100089, 67226, 98427, 65313, 96927, 3616, 19238, 19297, 47553, 49655, 49671, 63442, 64597, 64644, 64648, 64672, 64677, 64708, 65210, 65329, 65361, 65455, 65470, 67232, 91362, 96710, 96937, 96990, 97080, 97100, 97134, 97137, 97147, 66757, 3605, 63426, 63453, 79755, 66660, 98294, 67376, 65010, 65050, 65276, 64981, 65193, 65231, 64744], "label": "curtain"}, {"objectId": 43, "id": 43, "partId": 43, "index": 18, "dominantNormal": [-0.052373576909303665, -0.9986275434494019, -2.2173985835247697e-16], "obb": {"axesLengths": [0.5479115669494816, 0.7698409385269667, 0.17300925612833223], "centroid": [-4.8955180769042235, 0.22566857321893652, -1.145079459120121], "normalizedAxes": [0.9986275434494019, -0.052373580634593964, -1.1629271020517687e-17, 0, -2.220446049250313e-16, 1, -0.052373580634593964, -0.9986275434494019, -2.2173985835247697e-16]}, "segments": [4541, 4544, 4317, 12477, 10500, 12988, 84400, 11018, 4344, 4362, 4402, 4405, 4419, 4428, 10506, 10557, 10994, 11010, 11057, 11186, 11197, 11198, 11201, 11202, 11868, 12437, 12472, 82116, 82118, 82121, 82132, 82269, 82337, 82826], "label": "clothes"}, {"objectId": 46, "id": 46, "partId": 46, "index": 19, "dominantNormal": [0.12562599778175354, -0.992077648639679, -2.2028548954715154e-16], "obb": {"axesLengths": [0.24638115553138137, 0.24167501386236356, 0.16687510228533953], "centroid": [0.15110432508573712, 1.3342436564432667, 0.48916250254737204], "normalizedAxes": [0.992077648639679, 0.12562601268291473, 2.7894578354484774e-17, 0, -2.220446049250313e-16, 1, 0.12562601268291473, -0.992077648639679, -2.2028548954715154e-16]}, "segments": [8427, 8531, 81237], "label": "plant"}, {"objectId": 47, "id": 47, "partId": 47, "index": 20, "dominantNormal": [0, -2.220446049250313e-16, 1], "obb": {"axesLengths": [0.1306521244683019, 0.07999998152256049, 0.1504501777821744], "centroid": [-1.964347673213362, 2.0026220895724247, 0.5299999981536714], "normalizedAxes": [-0.6226125955581665, 0.7825302481651306, 1.7375661979571313e-16, 0, -2.220446049250313e-16, 1, 0.7825302481651306, 0.6226125955581665, 1.3824776780206138e-16]}, "segments": [93605], "label": "plant"}, {"objectId": 48, "id": 48, "partId": 48, "index": 21, "dominantNormal": [0.722506582736969, 0.691364049911499, 1.5351365732196843e-16], "obb": {"axesLengths": [0.22156223445399528, 0.27999996513128345, 0.12657113584988622], "centroid": [-0.053368548509148184, 1.453817453409131, 0.5099999878718706], "normalizedAxes": [-0.691364049911499, 0.722506582736969, 1.6042868871956473e-16, 0, -2.220446049250313e-16, 1, 0.722506582736969, 0.691364049911499, 1.5351365732196843e-16]}, "segments": [9675, 9720], "label": "plant"}, {"objectId": 49, "id": 49, "partId": 49, "index": 22, "dominantNormal": [0.11239181458950043, -0.9936639666557312, -2.2063772290431132e-16], "obb": {"axesLengths": [0.23595503002296894, 0.2978639834106567, 0.1548479030855592], "centroid": [-1.565543921276527, 1.8793728749355578, 0.5010679787321837], "normalizedAxes": [0.9936639666557312, 0.11239181458950043, 2.4955996067332992e-17, 0, -2.220446049250313e-16, 1, 0.11239181458950043, -0.9936639666557312, -2.2063772290431132e-16]}, "segments": [19053, 84209, 18489, 18549, 18753, 83934, 83937, 83975, 83978], "label": "plant"}, {"objectId": 50, "id": 50, "partId": 50, "index": 23, "dominantNormal": [0.7643407583236694, -0.6448125839233398, -1.431771554479466e-16], "obb": {"axesLengths": [0.20523337342855377, 0.300000005215406, 0.21477909823439859], "centroid": [-0.8305190311607451, 1.6540649383450523, -0.8199999955133344], "normalizedAxes": [0.7643407583236694, -0.6448125839233398, -1.431771554479466e-16, 0, -2.220446049250313e-16, 1, -0.6448125839233398, -0.7643407583236694, -1.6971774171007801e-16]}, "segments": [27489, 27498, 28167, 27518, 27573, 33808, 85361], "label": "plant"}, {"objectId": 51, "id": 51, "partId": 51, "index": 24, "dominantNormal": [0.8796235918998718, -0.47567039728164673, -1.0562004543893593e-16], "obb": {"axesLengths": [0.1819863573751732, 0.24362199954043318, 0.16284231057667775], "centroid": [-1.8336493809406067, 1.9434689771690592, -0.6718109905896854], "normalizedAxes": [0.4756704270839691, 0.8796235918998718, 1.95315672946144e-16, 0, -2.220446049250313e-16, 1, 0.8796235918998718, -0.4756704270839691, -1.0562005205638083e-16]}, "segments": [46577, 46622], "label": "plant"}, {"objectId": 52, "id": 52, "partId": 52, "index": 25, "dominantNormal": [0.2944899797439575, -0.9556545615196228, -2.1219793955742867e-16], "obb": {"axesLengths": [0.2244921793883575, 0.20394199630747734, 0.1696505119116219], "centroid": [-1.5947408707722268, 1.9073266916802383, -0.6719709694526868], "normalizedAxes": [0.9556545615196228, 0.2944899797439575, 6.538991120662752e-17, 0, -2.220446049250313e-16, 1, 0.2944899797439575, -0.9556545615196228, -2.1219793955742867e-16]}, "segments": [89324, 85452, 42694], "label": "plant"}, {"objectId": 53, "id": 53, "partId": 53, "index": 26, "dominantNormal": [0, -2.220446049250313e-16, 1], "obb": {"axesLengths": [0.16861028754749124, 0.16000002264976415, 0.16506131263106333], "centroid": [-1.0984285431449234, 1.7421703319290418, -0.46999997949458683], "normalizedAxes": [0.9058533906936646, 0.4235913157463074, 9.405616635456301e-17, 0, -2.220446049250313e-16, 1, 0.4235913157463074, -0.9058533906936646, -2.0113985825657478e-16]}, "segments": [27787, 27835], "label": "plant"}, {"objectId": 54, "id": 54, "partId": 54, "index": 27, "dominantNormal": [0.9543148875236511, -0.29880285263061523, -6.634756136283731e-17], "obb": {"axesLengths": [0.153362489380932, 0.1916300015532224, 0.12049378468730806], "centroid": [-0.9979021849410081, 1.6747620368974196, -0.4541849900428576], "normalizedAxes": [0.29880285263061523, 0.9543148875236511, 2.119004721742648e-16, 0, -2.220446049250313e-16, 1, 0.9543148875236511, -0.29880285263061523, -6.634756136283731e-17]}, "segments": [85384], "label": "plant"}, {"objectId": 55, "id": 55, "partId": 55, "index": 28, "dominantNormal": [0.9461743235588074, -0.3236575126647949, -7.18664045306727e-17], "obb": {"axesLengths": [0.19863998730404472, 0.11345702156148052, 0.0891361555874259], "centroid": [-3.19175668966715, -0.13436919403768188, -0.8799324644953946], "normalizedAxes": [0.3236575126647949, 0.9461743235588074, 2.1009290386482413e-16, 0, -2.220446049250313e-16, 1, 0.9461743235588074, -0.3236575126647949, -7.18664045306727e-17]}, "segments": [92750, 42381], "label": "picture"}, {"objectId": 56, "id": 56, "partId": 56, "index": 29, "dominantNormal": [0.9799486398696899, -0.19925034046173096, -4.424246312900303e-17], "obb": {"axesLengths": [0.8167515640141803, 0.5274250091442835, 0.4789564590509475], "centroid": [-3.919507371211174, -1.663201819211039, -0.5862874914627332], "normalizedAxes": [0.19925034046173096, 0.9799486398696899, 2.1759230858668709e-16, 0, -2.220446049250313e-16, 1, 0.9799486398696899, -0.19925034046173096, -4.424246312900303e-17]}, "segments": [92603, 54525, 91895, 52461, 25516, 92732, 55962, 56146, 56135, 95289], "label": "pillow"}, {"objectId": 57, "id": 57, "partId": 57, "index": 30, "dominantNormal": [0.7040492296218872, -0.7101511359214783, -1.5768522841274685e-16], "obb": {"axesLengths": [0.7179578982894474, 0.6170500378970045, 0.3648483683183561], "centroid": [0.32528444244405996, 1.0020339347477263, -1.3385249585079775], "normalizedAxes": [0.7101511359214783, 0.7040492296218872, 1.563303330391646e-16, 0, -2.220446049250313e-16, 1, 0.7040492296218872, -0.7101511359214783, -1.5768522841274685e-16]}, "segments": [36547, 35814, 35783, 49104, 46911, 46913, 47161, 47306, 89590, 38700, 90796, 35809, 86912, 47283, 46170, 89658, 47320, 48940, 35743, 49196, 46154, 89401, 91233, 46186, 48635, 45962], "label": "plant"}, {"objectId": 59, "id": 59, "partId": 59, "index": 32, "dominantNormal": [-0.43897727131843567, -0.8984981775283813, -1.9950667285515008e-16], "obb": {"axesLengths": [0.6251013855869745, 0.507339943036289, 0.18825111042705803], "centroid": [1.1071403139799711, 0.0871250886004038, -1.3636699522048237], "normalizedAxes": [0.8984981775283813, -0.4389772415161133, -9.747252816352543e-17, 0, -2.220446049250313e-16, 1, -0.4389772415161133, -0.8984981775283813, -1.9950667285515008e-16]}, "segments": [18317, 83870], "label": "wall"}, {"objectId": 60, "id": 60, "partId": 60, "index": 33, "dominantNormal": [0.5188778638839722, -0.8548483848571777, -1.8981447188641315e-16], "obb": {"axesLengths": [0.3120004868141452, 0.30000000521540615, 0.20108448547508495], "centroid": [-0.2955959951720524, 1.4221691605875133, 0.5200000079139322], "normalizedAxes": [0.8548483848571777, 0.5188778638839722, 1.1521403029046077e-16, 0, -2.220446049250313e-16, 1, 0.5188778638839722, -0.8548483848571777, -1.8981447188641315e-16]}, "segments": [81734, 81744, 9616], "label": "plant"}, {"objectId": 65, "id": 65, "partId": 65, "index": 37, "dominantNormal": [-0.30346012115478516, -0.9528441429138184, -2.1157390126842887e-16], "obb": {"axesLengths": [0.5531046509119109, 0.8324400000473854, 0.20640121535433772], "centroid": [-4.648213659163611, 0.8899601899152425, -1.1662199744518844], "normalizedAxes": [0.9528441429138184, -0.30346012115478516, -6.73816827123164e-17, 0, -2.220446049250313e-16, 1, -0.30346012115478516, -0.9528441429138184, -2.1157390126842887e-16]}, "segments": [80769, 3969, 3220, 80844, 4116, 3205, 4058, 4051, 3431, 4074], "label": "clothes"}, {"objectId": 1, "id": 1, "partId": 1, "index": 38, "dominantNormal": [0, -2.220446049250313e-16, 1], "obb": {"axesLengths": [8.133947072434909, 0.5492699023499352, 6.641547456643091], "centroid": [-2.3640152453465557, -2.019990356194373, -1.464634972988851], "normalizedAxes": [0.314387708902359, 0.9492946863174438, 2.1078576358078834e-16, 0, -2.220446049250313e-16, 1, 0.9492946863174438, -0.314387708902359, -6.980809461651005e-17]}, "segments": [56086, 25743, 8088, 65963, 60705, 23, 422, 425, 437, 666, 670, 680, 1182, 1913, 1956, 1960, 6672, 6714, 6730, 6735, 6750, 7247, 7663, 8165, 8174, 8279, 9349, 9401, 9482, 10013, 10020, 11276, 11313, 11327, 11330, 11355, 11356, 11357, 11358, 11361, 11373, 11393, 14530, 14566, 14567, 14581, 14647, 14650, 14665, 14681, 14694, 14702, 15831, 15840, 15875, 15912, 15918, 15959, 15967, 15984, 16006, 16030, 16033, 16040, 16084, 16268, 16510, 16814, 16879, 17460, 17474, 17481, 17493, 19938, 19940, 20058, 20118, 20126, 20162, 20170, 20181, 20214, 20292, 20342, 20635, 20688, 20763, 20793, 20800, 20840, 23045, 23065, 23100, 23120, 23339, 23426, 23820, 23855, 23944, 24083, 24100, 24101, 24323, 24503, 24706, 24708, 25488, 25563, 25776, 25976, 26240, 26810, 29381, 30034, 30325, 30426, 31282, 32197, 32281, 33002, 33066, 33306, 34334, 34490, 35166, 35196, 35331, 35441, 37098, 37145, 37215, 38630, 39087, 39894, 44233, 44242, 44914, 44915, 45056, 45419, 49688, 50136, 50177, 50520, 50523, 50525, 54239, 54413, 57659, 57700, 57766, 58355, 58663, 58779, 58992, 59045, 59048, 59080, 59146, 61316, 61318, 61344, 61395, 61398, 61433, 62311, 62331, 62567, 63105, 63324, 63341, 63390, 63411, 63417, 63434, 65481, 66018, 66053, 67949, 67962, 67984, 68005, 69354, 69404, 69529, 69611, 69627, 69815, 69831, 69865, 69888, 69924, 70036, 70524, 70865, 71645, 71800, 71903, 75745, 75751, 79529, 79735, 80201, 81076, 82138, 82145, 82149, 82154, 82157, 82949, 83226, 83228, 83231, 83237, 83243, 83462, 83464, 83470, 84937, 85079, 88009, 91434, 91436, 95203, 95261, 95702, 95756, 96645, 97157, 97440, 97449, 97462, 97465, 97500, 97514, 98567, 98570, 99059, 99091, 99147, 99155, 99227, 99237, 99370, 99405, 99762, 102085, 102563, 25877, 26031, 230, 485, 510, 516, 6657, 9426, 9846, 9965, 9975, 13199, 16247, 19911, 20944, 25345, 26133, 50249, 50320, 54155, 54579, 55462, 56154, 59947, 63200, 63275, 63277, 63279, 63283, 63292, 63320, 63347, 63369, 64651, 65570, 65579, 65624, 66013, 67905, 68647, 68648, 69210, 69240, 69651, 69692, 69786, 69789, 85524, 86874, 86876, 89373, 89646, 94364, 96649, 98562, 98563, 98709, 98911, 98969, 98972, 98976, 98982, 99096, 99108, 99114, 99121, 99126, 8593, 29870, 34186, 54191, 68301], "label": "floor"}, {"objectId": 2, "id": 2, "partId": 2, "index": 39, "dominantNormal": [0, -2.220446049250313e-16, 1], "obb": {"axesLengths": [3.1145429626947383, 1.3438499567542226, 2.129574942326202], "centroid": [-2.762271786327629, -1.562353646818373, -0.9619249547424543], "normalizedAxes": [0.9693849086761475, -0.2455461174249649, -5.452219063450168e-17, 0, -2.220446049250313e-16, 1, -0.2455461174249649, -0.9693849086761475, -2.1524668906728272e-16]}, "segments": [2334, 91606, 91770, 42601, 57158, 94731, 94388, 56581, 89114, 89160, 55411, 54164, 24122, 24277, 28709, 32254, 1807, 2215, 3104, 4224, 4565, 21617, 24026, 24174, 24623, 24943, 24962, 25039, 25046, 25047, 26434, 26499, 26559, 26566, 26785, 26906, 28436, 28752, 29011, 30473, 30554, 30571, 30612, 30862, 32311, 32317, 32338, 32346, 32391, 32392, 32395, 32398, 32444, 32453, 32596, 32625, 32815, 32825, 32829, 32841, 32850, 32859, 32869, 33236, 37999, 38128, 38651, 40329, 41249, 41261, 41271, 41282, 41289, 41307, 44340, 44554, 44703, 44769, 44797, 45089, 45306, 45412, 45832, 50971, 51000, 51380, 51385, 51395, 51401, 51801, 51863, 52021, 52029, 52153, 52423, 53065, 53476, 55715, 55813, 55867, 56806, 57033, 57086, 58638, 61878, 62662, 62673, 62694, 62901, 63017, 79579, 83743, 83792, 83890, 84166, 84169, 84191, 85008, 85108, 85119, 85158, 85184, 85829, 85990, 88079, 88702, 88958, 88974, 88980, 91981, 91984, 91995, 92129, 92145, 92151, 92169, 92177, 92183, 92206, 92284, 92350, 92438, 92444, 92454, 92573, 92587, 92643, 92649, 92652, 92669, 93205, 94190, 94201, 94238, 94240, 94242, 94255, 94374, 96790, 55915, 57043, 52389, 91557, 26514, 63648, 94185, 22794, 68100, 84826, 8371, 28979, 24936, 25049, 88762, 7843, 8022, 8685, 22633, 4245, 24666, 8357, 8749, 84838], "label": "bed"}, {"objectId": 3, "id": 3, "partId": 3, "index": 40, "dominantNormal": [0.9843378663063049, -0.17629234492778778, -3.9144764080797985e-17], "obb": {"axesLengths": [0.5302993714668914, 0.747219963061363, 0.41219728685632206], "centroid": [-3.2170396241920334, -0.23160819297480661, -1.203609937481434], "normalizedAxes": [0.17629234492778778, 0.9843378663063049, 2.1856691263673177e-16, 0, -2.220446049250313e-16, 1, 0.9843378663063049, -0.17629234492778778, -3.9144764080797985e-17]}, "segments": [51989, 51950, 43501, 91950, 93251, 57400, 94828, 92782, 42121, 42147, 42154, 42171, 43645, 43675, 51952, 53300, 53490, 94886, 94927, 57358, 88247, 88663, 51988, 91990, 55022, 43520, 26431, 55011], "label": "nightstand"}, {"objectId": 4, "id": 4, "partId": 4, "index": 41, "dominantNormal": [0.991581380367279, -0.12948493659496307, -2.8751431589971304e-17], "obb": {"axesLengths": [0.7491377232210453, 0.8038779913512316, 0.5865902756833876], "centroid": [-3.9762573650343507, -2.2718420830745116, -1.2343909674483315], "normalizedAxes": [0.12948493659496307, 0.991581380367279, 2.2017529585466967e-16, 0, -2.220446049250313e-16, 1, 0.991581380367279, -0.12948493659496307, -2.8751431589971304e-17]}, "segments": [88352, 46857, 25065, 25199, 8693, 46267, 29598, 97184, 23899, 23938, 24953, 27161, 27874, 28203, 29104, 29182, 29256, 29366, 30450, 31085, 31736, 66997, 84940, 84942, 84968, 85198, 85212, 85344, 85363, 88402, 88416, 88474, 88482, 97167, 98088, 98111, 98307, 88505, 8645, 31606], "label": "nightstand"}, {"objectId": 70, "id": 70, "partId": 70, "index": 42, "dominantNormal": [-0.6858617663383484, -0.7277318835258484, -1.615889385688459e-16], "obb": {"axesLengths": [0.8223447902765789, 0.7868709984376054, 0.782940488292675], "centroid": [-1.022378511888359, 1.1411658292803732, -1.2643044518299145], "normalizedAxes": [0.7277318835258484, -0.6858617663383484, -1.522919049397827e-16, 0, -2.220446049250313e-16, 1, -0.6858617663383484, -0.7277318835258484, -1.615889385688459e-16]}, "segments": [33033, 87177, 40496, 36922, 28247, 41125, 41315, 31823, 33954, 39683, 40430, 40439, 42220, 58290, 87878, 88059, 95479, 40339, 36916, 36968, 36994, 37007, 37037, 58194, 58198, 86996, 87006, 95397, 95463, 95465, 95471, 58346, 95404, 39650, 39655, 85492, 87496, 33774, 36309], "label": "armchair"}, {"objectId": 6, "id": 6, "partId": 6, "index": 43, "dominantNormal": [0.6287967562675476, -0.7775697112083435, -1.7265515932692732e-16], "obb": {"axesLengths": [0.8501607528180217, 0.7707149214137732, 0.7336948993020834], "centroid": [-2.6310422034900363, 1.3157107545409494, -1.2495324542314747], "normalizedAxes": [0.7775697112083435, 0.6287967562675476, 1.3962092732356881e-16, 0, -2.220446049250313e-16, 1, 0.6287967562675476, -0.7775697112083435, -1.7265515932692732e-16]}, "segments": [29226, 52877, 92464, 94676, 94661, 52621, 94609, 52365, 51046, 52871, 50706, 29163, 29168, 29174, 29195, 29196, 29206, 32654, 32671, 37296, 51071, 51123, 51304, 51462, 51478, 51497, 51536, 51729, 52201, 52240, 52251, 52268, 52279, 52297, 52653, 52845, 85585, 85587, 85590, 85594, 85596, 85599, 85602, 91477, 91636, 91641, 91643, 91652, 91655, 91662, 91668, 91858, 91908, 92248, 92296, 92564, 50893, 56355, 91489, 94430, 94428, 56838, 51587], "label": "armchair"}, {"objectId": 7, "id": 7, "partId": 7, "index": 44, "dominantNormal": [0, -2.220446049250313e-16, 1], "obb": {"axesLengths": [0.509273618716817, 0.32447003592990226, 0.48007474977785003], "centroid": [-1.628148539791426, 0.5660848825226501, -1.2699349746704471], "normalizedAxes": [0.46154823899269104, 0.8871151208877563, 1.9697912654054325e-16, 0, -2.220446049250313e-16, 1, 0.8871151208877563, -0.46154823899269104, -1.0248429638097601e-16]}, "segments": [86231, 32925, 32264, 32277, 32273, 32950, 33426, 86216, 86125, 32121, 32123, 33165, 33172, 85707, 86008, 86012, 33175, 86154], "label": "table"}, {"objectId": 8, "id": 8, "partId": 8, "index": 45, "dominantNormal": [0.9574668407440186, -0.28854331374168396, -6.406948610353157e-17], "obb": {"axesLengths": [1.4765794538126191, 2.423244958596415, 0.27078390268242464], "centroid": [-5.274816930719036, -0.6252874955230194, -0.46010751603161837], "normalizedAxes": [0.28854331374168396, 0.9574668407440186, 2.1260034638182347e-16, 0, -2.220446049250313e-16, 1, 0.9574668407440186, -0.28854331374168396, -6.406948610353157e-17]}, "segments": [62127, 9843, 9961, 9999, 10306, 19219, 19273, 19279, 19290, 26126, 26156, 42542, 49629, 49631, 50357, 50421, 50434, 50469, 50473, 60753, 60766, 60788, 60789, 61341, 61782, 61936, 62244, 63881, 64890, 65809, 66112, 66752, 73171, 85059, 91426, 91430, 95690, 96196, 96274, 96522, 97426, 98028, 98047, 100169, 100224], "label": "wall"}, {"objectId": 9, "id": 9, "partId": 9, "index": 46, "dominantNormal": [0.9375645518302917, -0.3478113114833832, -7.722962524678482e-17], "obb": {"axesLengths": [0.8284389932886435, 2.4200000222027285, 0.4468698536980323], "centroid": [-5.087465516744448, -0.46532453968214305, -0.23999999536432326], "normalizedAxes": [0.34781134128570557, 0.9375645518302917, 2.0818115050287117e-16, 0, -2.220446049250313e-16, 1, 0.9375645518302917, -0.34781134128570557, -7.722963186422972e-17]}, "segments": [98000, 97432, 61586, 61518, 96808, 66271, 63841, 96598, 96108, 61770, 36275, 2378, 2875, 9839, 9854, 10261, 61370, 61377, 61491, 61525, 61579, 61609, 61627, 61925, 62203, 62811, 62873, 62924, 62934, 63933, 64051, 64090, 64092, 64115, 64137, 64162, 64234, 65903, 81779, 96163, 96170, 96175, 96193, 96247, 96476, 96529, 96578, 97588, 97605, 97610, 97973, 98045, 97959, 66269, 86939, 96541, 62745, 66083, 66343, 3077, 31048, 31049, 31082, 36068, 80453, 80552, 86206, 86969, 86977, 61860], "label": "curtain"}, {"objectId": 10, "id": 10, "partId": 10, "index": 47, "dominantNormal": [0.8858259320259094, -0.46401771903038025, -1.0303263110031496e-16], "obb": {"axesLengths": [2.662641246070352, 2.5000000037252894, 0.8043131343979283], "centroid": [-4.431468926816768, 1.0011444978752175, -0.4400000087753677], "normalizedAxes": [0.46401771903038025, 0.8858259320259094, 1.966928691090407e-16, 0, -2.220446049250313e-16, 1, 0.8858259320259094, -0.46401771903038025, -1.0303263110031496e-16]}, "segments": [5081, 68317, 62424, 23257, 5148, 24367, 44352, 30757, 30743, 34276, 36052, 97767, 4659, 82365, 5959, 13290, 26588, 21, 192, 215, 227, 254, 306, 342, 385, 453, 499, 505, 520, 532, 607, 653, 682, 731, 765, 922, 1346, 1752, 2322, 2495, 2670, 2916, 2935, 2949, 2983, 3060, 3400, 3402, 3508, 3581, 3890, 4088, 4200, 4231, 4463, 4467, 4470, 4679, 4929, 5045, 5059, 5073, 5141, 5616, 5620, 5804, 5827, 5843, 5880, 6443, 6740, 6941, 7926, 7927, 7929, 7945, 8872, 8906, 8912, 8956, 9012, 9036, 9103, 9218, 9219, 9237, 10437, 10490, 10560, 10813, 10845, 10858, 10870, 10906, 10913, 11026, 11172, 11212, 11418, 11453, 11498, 11548, 11549, 11566, 11575, 11616, 11640, 11643, 11654, 12350, 12361, 12365, 12389, 12487, 12544, 12567, 12571, 12620, 12643, 12723, 12741, 12778, 12805, 12817, 12861, 12862, 12997, 13381, 13546, 13669, 13695, 13703, 13738, 13857, 13929, 13970, 13992, 13996, 14008, 14015, 14051, 14105, 14110, 14116, 14138, 14147, 14191, 14217, 14234, 14255, 14296, 14297, 14307, 14343, 14863, 14889, 14937, 15005, 15137, 15471, 15740, 16697, 17227, 17270, 17320, 17331, 17382, 17399, 17411, 17640, 17652, 18164, 18187, 18240, 18882, 18989, 18994, 19169, 19253, 19684, 21277, 21576, 21934, 22235, 22647, 22975, 23087, 23347, 23402, 23826, 23856, 23898, 24570, 24727, 25198, 25203, 25222, 25687, 28962, 29072, 29527, 29619, 29654, 29713, 30299, 30722, 31743, 31750, 31757, 33544, 33599, 33705, 34434, 34457, 34469, 36143, 36202, 36696, 37095, 37139, 37317, 37542, 38563, 38568, 38752, 38757, 39148, 39151, 39271, 39322, 39747, 40046, 40076, 40079, 40386, 40591, 41758, 41759, 41792, 41818, 46230, 46265, 49138, 49886, 50720, 55045, 59107, 59609, 59697, 59714, 59726, 59771, 59777, 59779, 59803, 59829, 59876, 59901, 60927, 60939, 61052, 61095, 61105, 61197, 61290, 61834, 61848, 62015, 62030, 62040, 62043, 62059, 62078, 62083, 62322, 62446, 62548, 66295, 71501, 71731, 71828, 72791, 72818, 73013, 73425, 73991, 75331, 75880, 79598, 79619, 79636, 79646, 79667, 79722, 79739, 79749, 79756, 79769, 79773, 79775, 79841, 79880, 80158, 80281, 80542, 80548, 80629, 80632, 80647, 80652, 80657, 80730, 80732, 80762, 80775, 80799, 80838, 80886, 80895, 80999, 81371, 81374, 81472, 81628, 81976, 82000, 82069, 82077, 82097, 82124, 82128, 82175, 82186, 82206, 82394, 82626, 82629, 82632, 82635, 82658, 82689, 82703, 82816, 82819, 82858, 82882, 82888, 82943, 82946, 82964, 83000, 83035, 83073, 83078, 83148, 83174, 83200, 83263, 83274, 83291, 83311, 83330, 83377, 83429, 83433, 83661, 83691, 83758, 83773, 83776, 84116, 84327, 84348, 84490, 84493, 84932, 85056, 85606, 85676, 86049, 86163, 86605, 86678, 86681, 86724, 86777, 86809, 86960, 90085, 90190, 95612, 95655, 95686, 95853, 96198, 96211, 96278, 96312, 96331, 96368, 96370, 96374, 96482, 20333, 1554, 95623, 853, 80, 79817, 33561, 139, 48185, 20366, 11090, 17303, 84124, 48241, 83735, 31738], "label": "wardrobe"}, {"objectId": 11, "id": 11, "partId": 11, "index": 48, "dominantNormal": [-0.29173150658607483, -0.956500232219696, -2.123857161739231e-16], "obb": {"axesLengths": [3.0717595924685233, 2.6151769768779642, 0.2791688860989394], "centroid": [-0.9692097967425433, 1.68987284124134, -0.3491114807909397], "normalizedAxes": [0.956500232219696, -0.29173150658607483, -6.477740712408915e-17, 0, -2.220446049250313e-16, 1, -0.29173150658607483, -0.956500232219696, -2.123857161739231e-16]}, "segments": [93623, 35796, 9597, 34832, 37919, 46277, 19498, 19818, 32516, 32532, 32534, 32535, 32724, 33264, 33300, 33335, 34067, 34115, 34167, 34995, 38404, 38431, 44516, 48455, 49090, 54614, 54669, 54866, 54897, 54914, 54932, 55307, 55579, 85757, 87226, 90424, 93244, 93288, 93292, 35681, 54555, 53891, 55219], "label": "wall"}, {"objectId": 12, "id": 12, "partId": 12, "index": 49, "dominantNormal": [-0.3397233486175537, -0.9405254125595093, -2.0883859365372832e-16], "obb": {"axesLengths": [2.479718377833515, 1.8800000128149974, 0.5757990869223124], "centroid": [-0.94112283724667, 1.5501061367828002, -0.14999999379970164], "normalizedAxes": [0.9405254125595093, -0.3397233486175537, -7.54337367275934e-17, 0, -2.220446049250313e-16, 1, -0.3397233486175537, -0.9405254125595093, -2.0883859365372832e-16]}, "segments": [38233, 8406, 3718, 5308, 3716, 30092, 84865, 84886, 41715, 27682, 20300, 20216, 19132, 19089, 49427, 47934, 90240, 53655, 53672, 56971, 27941, 27913, 41599, 34648, 34666, 87937, 40677, 87990, 85402, 44086, 17176, 18558, 35361, 3274, 3317, 3320, 3738, 3785, 3786, 3838, 3878, 4148, 4195, 4234, 5216, 5244, 5326, 5340, 5425, 5548, 5672, 5744, 5771, 6029, 6057, 8533, 8551, 8573, 9646, 9661, 9725, 16555, 17040, 17151, 17158, 17203, 18410, 18424, 18511, 18538, 18668, 18691, 18701, 18740, 19104, 19137, 19391, 23504, 23527, 26731, 27022, 27116, 27126, 27129, 27147, 27181, 27251, 27289, 27323, 27410, 27412, 27476, 27689, 27695, 27720, 27862, 28111, 28143, 28212, 28776, 28787, 30257, 31056, 31383, 31388, 31449, 31488, 31508, 33644, 34947, 34967, 34972, 36837, 40243, 40283, 40626, 40692, 40755, 40841, 40855, 41598, 41604, 42658, 42845, 42925, 42983, 42996, 43020, 43878, 44053, 44451, 44456, 46257, 46633, 46647, 47525, 47533, 47538, 47875, 47930, 47951, 47983, 48028, 48082, 48087, 49393, 49400, 49467, 49479, 49578, 53608, 53640, 53728, 55543, 55617, 56463, 56737, 57107, 79752, 80601, 80649, 80928, 80946, 80963, 81252, 83581, 83584, 83634, 83638, 83895, 83905, 83906, 83910, 84216, 84220, 85249, 85265, 85289, 85327, 85329, 85332, 85379, 85432, 85559, 86761, 86764, 86831, 86850, 87955, 87960, 88018, 88465, 88776, 90248, 90261, 90271, 90326, 90331, 90366, 90405, 90418, 91274, 91275, 91290, 91294, 91297, 91302, 91345, 92917, 93649, 94122, 94182, 42971, 28021, 46271, 37809, 37670, 31905], "label": "shelf"}, {"objectId": 13, "id": 13, "partId": 13, "index": 50, "dominantNormal": [-0.2503526210784912, -0.9681547284126282, -2.14973534176683e-16], "obb": {"axesLengths": [1.4091470595602753, 2.414135998171507, 0.4902043574714057], "centroid": [-2.871889396749705, 2.1839095089392457, -0.44815198684747526], "normalizedAxes": [0.9681547284126282, -0.2503526210784912, -5.558944883931965e-17, 0, -2.220446049250313e-16, 1, -0.2503526210784912, -0.9681547284126282, -2.14973534176683e-16]}, "segments": [49058, 53250, 94954, 95015, 42346, 42373, 25153, 43372, 41925, 41987, 57466, 93239, 47851, 92982, 53773, 17919, 17938, 19634, 19709, 19716, 19736, 19772, 19774, 19830, 24858, 25121, 25129, 41856, 41909, 41967, 41991, 42058, 42361, 43445, 45881, 45889, 45909, 46080, 46111, 46141, 47850, 49021, 52092, 53559, 53761, 53793, 53858, 53955, 53991, 54664, 55248, 55498, 56246, 56377, 56412, 56682, 57493, 57495, 57528, 57625, 57672, 84290, 84988, 85000, 85025, 90421, 92995, 93016, 93271, 93282, 93325, 94331, 95162, 95200, 95207, 95264, 95267, 95481, 95484, 95488, 95518, 95521, 55403, 58476, 93366, 88287, 57738, 94315, 57691, 54370, 95327, 91370, 31293, 19754, 36401, 93353, 55444, 93277, 55266, 49300, 25177, 58966, 41785, 43321, 55330], "label": "wardrobe"}, {"objectId": 14, "id": 14, "partId": 14, "index": 51, "dominantNormal": [-0.4789694845676422, -0.8778315782546997, -1.949177659842815e-16], "obb": {"axesLengths": [2.8088545115052823, 2.48028600632505, 1.7393709421878256], "centroid": [-4.801708190323764, -3.231257133250939, -0.4498570074754873], "normalizedAxes": [0.8778315782546997, -0.4789694547653198, -1.063525833545231e-16, 0, -2.220446049250313e-16, 1, -0.4789694547653198, -0.8778315782546997, -1.949177659842815e-16]}, "segments": [22457, 22357, 52685, 49685, 49770, 42729, 87528, 42950, 43021, 41310, 103391, 76883, 50087, 59313, 59239, 103829, 103973, 104273, 104790, 79301, 71368, 104821, 76638, 79184, 78916, 78395, 101208, 76568, 79084, 79054, 47649, 17568, 17671, 20925, 21375, 21434, 21443, 21451, 21458, 21595, 21646, 22215, 22322, 22479, 22547, 22559, 28520, 39996, 40614, 40910, 41016, 41018, 41031, 41060, 41072, 41142, 41210, 41359, 41385, 41411, 41689, 41720, 41768, 41776, 41938, 42028, 42248, 42719, 42725, 42761, 42764, 42803, 42890, 43068, 43101, 43109, 43122, 43169, 43175, 43250, 43291, 43384, 43575, 43624, 43676, 43685, 43845, 43855, 44193, 44240, 47611, 47633, 47663, 47668, 47701, 47704, 47705, 47713, 47741, 47783, 47842, 49122, 49784, 49855, 49973, 50015, 50121, 50126, 50243, 50270, 50290, 50508, 50628, 50654, 51954, 59102, 59126, 59320, 59342, 59379, 59798, 59873, 59913, 59930, 59966, 60022, 60025, 60050, 60071, 60129, 60909, 60963, 61112, 61129, 63518, 63602, 63620,