{"segGroups": [{"objectId": 15, "id": 15, "partId": 15, "index": 0, "dominantNormal": [0.8670774698257446, 0.4981733560562134, 1.1061670602967885e-16], "obb": {"axesLengths": [0.39223368860457, 0.776902986089073, 0.3346105773187173], "centroid": [0.30676930796395774, -0.13760158327687547, -0.7415484756844117], "normalizedAxes": [-0.4981733560562134, 0.8670774698257446, 1.9252987422685322e-16, 0, -2.220446049250313e-16, 1, 0.8670774698257446, 0.4981733560562134, 1.1061670602967885e-16]}, "segments": [18683, 18613, 18598, 18633, 30274, 30278, 16164, 18556, 30291, 10600, 10222, 30223, 20129, 20088, 16149, 12755, 12719, 29621, 29738, 28683, 12670, 12680, 12709, 12724, 12746, 12784, 28699], "label": "shelf"}, {"objectId": 16, "id": 16, "partId": 16, "index": 1, "dominantNormal": [0, -2.220446049250313e-16, 1], "obb": {"axesLengths": [0.45159049582926764, 0.19847195896941477, 0.4562027156741748], "centroid": [0.5591591237815079, -0.8936957509105827, -1.0377839857303983], "normalizedAxes": [-0.1987418383359909, 0.9800518751144409, 2.1761523141582216e-16, 0, -2.220446049250313e-16, 1, 0.9800518751144409, 0.1987418383359909, 4.412955297538954e-17]}, "segments": [31909, 32332, 21704, 31940, 31956, 32179, 32182, 21691, 21694, 21071, 21013, 21029, 21083, 31904, 31921, 31923, 21035, 22425, 16841, 21666], "label": "trash can"}, {"objectId": 17, "id": 17, "partId": 17, "index": 2, "dominantNormal": [0.8835628628730774, -0.4683126211166382, -1.039862909372498e-16], "obb": {"axesLengths": [0.235767853570106, 0.26627802253638144, 0.1667960829738665], "centroid": [-0.9936662842897188, -0.8652384752147975, -1.0114509820827655], "normalizedAxes": [0.4683126211166382, 0.8835628628730774, 1.9619036681308208e-16, 0, -2.220446049250313e-16, 1, 0.8835628628730774, -0.4683126211166382, -1.039862909372498e-16]}, "segments": [1862, 25625, 2279, 1884], "label": "toilet brush"}, {"objectId": 18, "id": 18, "partId": 18, "index": 3, "dominantNormal": [0.8951398730278015, -0.44578537344932556, -9.898423712891304e-17], "obb": {"axesLengths": [0.1345923125209883, 0.26912897223690946, 0.05748866919901169], "centroid": [-0.9663843895041533, -1.027059844026268, -0.9827754563431743], "normalizedAxes": [0.44578537344932556, 0.8951398730278015, 1.9876097945910088e-16, 0, -2.220446049250313e-16, 1, 0.8951398730278015, -0.44578537344932556, -9.898423712891304e-17]}, "segments": [2609, 25768], "label": "toilet brush"}, {"objectId": 19, "id": 19, "partId": 19, "index": 4, "dominantNormal": [0.45101913809776306, -0.8925142884254456, -1.981779825633735e-16], "obb": {"axesLengths": [0.43340034690562146, 0.30427997624248304, 0.17146408134345723], "centroid": [-0.6272484241697569, -1.4846662512598077, -0.9621399711553045], "normalizedAxes": [0.8925142884254456, 0.45101913809776306, 1.0014636633254594e-16, 0, -2.220446049250313e-16, 1, 0.45101913809776306, -0.8925142884254456, -1.981779825633735e-16]}, "segments": [26215, 3425, 3394, 3358, 3470], "label": "box"}, {"objectId": 1, "id": 1, "partId": 1, "index": 5, "dominantNormal": [0, -2.220446049250313e-16, 1], "obb": {"axesLengths": [2.321921980047012, 0.20265006566084764, 1.8313845879188118], "centroid": [-0.12575928677072346, -0.3355782702485386, -1.1086749770257285], "normalizedAxes": [0.30605578422546387, 0.9520135521888733, 2.1138947307905404e-16, 0, -2.220446049250313e-16, 1, 0.9520135521888733, -0.30605578422546387, -6.795803569336375e-17]}, "segments": [21644, 1767], "label": "floor"}, {"objectId": 2, "id": 2, "partId": 2, "index": 6, "dominantNormal": [0.35348278284072876, -0.9354410171508789, -2.0770963108393634e-16], "obb": {"axesLengths": [0.7492083442740323, 1.102870033617242, 0.5123377076683583], "centroid": [-0.6319769217746409, -1.0374268239126891, -0.6014350151908798], "normalizedAxes": [0.9354410171508789, 0.35348281264305115, 7.848895148111515e-17, 0, -2.220446049250313e-16, 1, 0.35348281264305115, -0.9354410171508789, -2.0770963108393634e-16]}, "segments": [3303, 26178, 3190, 2824, 2805, 3330, 3260, 3115, 2472, 17188, 2684, 25780, 1828, 3078, 26146, 3188, 2931], "label": "toilet"}, {"objectId": 3, "id": 3, "partId": 3, "index": 7, "dominantNormal": [0.9453548789024353, 0.3260432183742523, 7.239613761239656e-17], "obb": {"axesLengths": [2.0082861573035813, 2.672710001333578, 0.2316556706020224], "centroid": [-1.0978018161120422, -0.7047468600450898, 0.146354971290116], "normalizedAxes": [-0.3260432183742523, 0.9453548789024353, 2.0991095059984206e-16, 0, -2.220446049250313e-16, 1, 0.9453548789024353, 0.3260432183742523, 7.239613761239656e-17]}, "segments": [1699, 3710, 9299, 31645, 90, 480, 631, 779, 784, 1209, 1254, 1375, 2051, 3029, 3156, 3849, 4109, 4122, 8939, 9008, 22758, 22764, 24071, 25081, 25085, 25378, 26099, 4646], "label": "wall"}, {"objectId": 4, "id": 4, "partId": 4, "index": 8, "dominantNormal": [0.345306396484375, -0.9384900331497192, -2.0838664863680894e-16], "obb": {"axesLengths": [1.7600990537118075, 2.595589937368259, 0.18769183223709607], "centroid": [0.003768214357833588, -1.2957829249525539, 0.17112499217506105], "normalizedAxes": [0.9384900331497192, 0.3453063666820526, 7.667341576801437e-17, 0, -2.220446049250313e-16, 1, 0.3453063666820526, -0.9384900331497192, -2.0838664863680894e-16]}, "segments": [3857, 15225, 21349, 3353, 3452, 9718, 9741, 15228, 26095, 26187, 26190, 32497, 32393, 22436, 21722, 9480], "label": "wall"}, {"objectId": 5, "id": 5, "partId": 5, "index": 9, "dominantNormal": [0.935006856918335, 0.35462966561317444, 7.874360399577328e-17], "obb": {"axesLengths": [2.002001222807191, 2.632129848775344, 0.2913970529981535], "centroid": [0.46126683664618806, -0.11797908905937905, 0.17792498792227018], "normalizedAxes": [-0.35462966561317444, 0.935006856918335, 2.0761322814662696e-16, 0, -2.220446049250313e-16, 1, 0.935006856918335, 0.35462966561317444, 7.874360399577328e-17]}, "segments": [14646, 13218, 19255, 20033, 12412, 29706, 10154, 10160, 10162, 10171, 10205, 12606, 12642, 12850, 12854, 12865, 13267, 13822, 15767, 15772, 16890, 16909, 19798, 22000, 30693, 30696, 30700, 30871, 30874, 30877, 31767, 31869, 31874, 31879, 31881, 31883, 31887, 31890, 30300, 31091, 31211], "label": "wall"}, {"objectId": 6, "id": 6, "partId": 6, "index": 10, "dominantNormal": [0.29946815967559814, -0.9541062712669373, -2.1185415005996183e-16], "obb": {"axesLengths": [1.6406260132348431, 2.622269929447696, 0.21446896436442917], "centroid": [-0.7007517834938647, 0.4669521010109279, 0.1818949551987994], "normalizedAxes": [0.9541062712669373, 0.29946815967559814, 6.649528920279438e-17, 0, -2.220446049250313e-16, 1, 0.29946815967559814, -0.9541062712669373, -2.1185415005996183e-16]}, "segments": [3790, 15204], "label": "wall"}, {"objectId": 7, "id": 7, "partId": 7, "index": 11, "dominantNormal": [0.3886922597885132, -0.9213676452636719, -2.0458471478327842e-16], "obb": {"axesLengths": [0.7103259891302283, 2.59123999048978, 0.06843138473760542], "centroid": [-0.17754075434910177, 0.6729549595404217, 0.16562002651594154], "normalizedAxes": [0.9213676452636719, 0.3886922299861908, 8.630701264471314e-17, 0, -2.220446049250313e-16, 1, 0.3886922299861908, -0.9213676452636719, -2.0458471478327842e-16]}, "segments": [3778, 3926], "label": "door"}, {"objectId": 8, "id": 8, "partId": 8, "index": 12, "dominantNormal": [0.303901344537735, -0.9527035355567932, -2.1154268016338867e-16], "obb": {"axesLengths": [0.9383987023949107, 0.7199999231100096, 0.1656345143384536], "centroid": [-0.005473235960227307, -1.2619516930646804, -0.6899999660467395], "normalizedAxes": [0.9527035355567932, 0.303901344537735, 6.747965398406719e-17, 0, -2.220446049250313e-16, 1, 0.303901344537735, -0.9527035355567932, -2.1154268016338867e-16]}, "segments": [29875, 9340, 20821, 9721, 17492, 21572, 21602, 28039], "label": "heater"}, {"objectId": 9, "id": 9, "partId": 9, "index": 13, "dominantNormal": [0, -2.220446049250313e-16, 1], "obb": {"axesLengths": [0.7832049405144692, 0.2941539966876655, 0.6239969382598286], "centroid": [0.5150379929908475, -0.7298308345080686, -0.3744959958596712], "normalizedAxes": [0.7484146356582642, -0.6632311344146729, -1.4726689521508637e-16, 0, -2.220446049250313e-16, 1, -0.6632311344146729, -0.7484146356582642, -1.6618143209485051e-16]}, "segments": [20709, 20714, 31177, 20409, 31171, 20235, 20702, 28652, 10097, 12383, 9774, 9780, 9782, 11934, 11976, 11981, 12014, 12342, 17440, 20532, 21837, 28620, 28622, 28639, 28679, 30906, 30912, 32504, 32557, 21850], "label": "sink"}, {"objectId": 10, "id": 10, "partId": 10, "index": 14, "dominantNormal": [0.9995066523551941, -0.031408537179231644, -6.974096229235648e-18], "obb": {"axesLengths": [1.1375081769365922, 2.6913998717501775, 1.1212810330766778], "centroid": [-0.9978385871730862, -0.06792124649386688, 0.10723000649690251], "normalizedAxes": [0.031408537179231644, 0.9995066523551941, 2.2193505974214969e-16, 0, -2.220446049250313e-16, 1, 0.9995066523551941, -0.031408537179231644, -6.974096229235648e-18]}, "segments": [15880, 19145, 13635, 15926, 19320, 19379, 841, 143, 8497, 29355, 7812, 9909, 8321, 29376, 18181, 8415, 30868, 29408, 19024, 30582, 636, 13021, 28708, 1275, 14219, 29291, 8394, 9886, 9469, 25509, 17374, 29659, 16499, 13491, 12195, 16049, 17721, 19563, 18438, 32456, 32549, 30987, 17472, 17924, 9966, 19125, 20863, 30970, 40, 76, 101, 109, 121, 127, 147, 153, 204, 217, 223, 245, 249, 264, 268, 277, 317, 366, 393, 394, 470, 513, 569, 576, 585, 604, 680, 687, 694, 714, 754, 823, 844, 901, 903, 910, 964, 972, 1031, 1089, 1141, 1148, 1174, 1180, 1232, 1244, 1311, 1348, 1356, 1394, 1407, 1424, 1433, 1442, 1444, 1448, 1489, 1496, 1570, 1576, 1654, 2070, 2162, 2163, 2580, 3272, 3597, 3625, 3627, 3669, 3688, 3969, 4075, 4090, 4112, 4291, 4376, 4379, 4387, 4403, 4442, 4465, 4511, 4591, 4608, 4624, 4634, 4642, 4658, 4687, 4714, 4743, 4791, 4797, 4912, 4959, 4986, 5096, 5100, 5105, 5252, 5259, 5486, 5596, 5778, 6141, 6367, 7289, 7710, 7716, 7722, 7743, 7766, 7813, 7846, 7857, 7870, 7892, 7942, 7982, 8019, 8067, 8112, 8142, 8143, 8211, 8226, 8230, 8300, 8342, 8353, 8452, 8456, 8476, 8488, 8516, 8519, 8545, 8608, 8613, 8615, 8633, 8651, 8713, 8746, 8763, 8769, 8789, 8950, 8967, 9023, 9044, 9109, 9142, 9147, 9154, 9157, 9191, 9211, 9275, 9285, 9510, 9553, 9586, 9625, 9627, 9641, 9643, 9704, 9737, 9757, 9764, 9772, 9802, 9824, 9828, 9830, 9840, 9848, 9849, 9854, 9873, 9887, 9899, 9900, 9907, 9978, 9996, 9999, 10013, 10077, 10126, 10139, 10145, 10177, 11832, 11863, 12012, 12028, 12113, 12135, 12188, 12278, 12436, 12516, 12593, 13084, 13085, 13126, 13134, 13247, 13313, 13345, 13361, 13363, 13506, 13538, 13566, 13743, 13761, 14043, 14046, 14055, 14128, 14130, 14132, 14151, 14187, 14189, 14214, 14216, 14221, 14240, 14256, 14290, 14372, 14383, 14404, 14423, 14471, 14580, 14615, 14692, 14705, 14714, 14730, 14747, 14763, 14769, 14785, 14811, 14831, 14848, 14872, 14884, 14891, 14923, 14936, 14953, 15111, 15138, 15163, 15182, 15205, 15245, 15271, 15288, 15306, 15320, 15322, 15344, 15349, 15359, 15366, 15367, 15390, 15400, 15411, 15438, 15455, 15465, 15484, 15532, 15548, 15551, 15555, 15559, 15585, 15595, 15605, 15618, 15646, 15692, 15703, 15708, 15716, 15730, 15734, 15758, 15854, 15908, 15973, 16061, 16118, 16200, 16257, 16305, 16346, 16347, 16377, 16441, 16472, 16516, 16687, 16694, 16695, 16777, 17016, 17152, 17270, 17287, 17589, 17910, 17985, 18016, 18031, 18034, 18042, 18045, 18125, 18161, 18169, 18185, 18212, 18221, 18288, 18318, 18387, 18457, 18476, 18504, 18505, 18550, 18719, 18858, 18918, 18936, 18988, 18996, 19000, 19001, 19103, 19210, 19211, 19260, 19268, 19285, 19292, 19300, 19356, 19391, 19422, 19433, 19441, 19450, 19454, 19469, 19932, 19939, 19948, 20223, 20268, 20289, 20376, 20426, 20719, 20761, 20772, 20805, 20880, 20893, 20910, 21163, 21247, 21249, 21298, 21348, 21363, 21370, 21384, 21422, 21448, 21464, 21469, 21477, 21490, 21560, 21746, 21778, 21779, 21838, 21841, 21904, 21956, 22019, 22064, 22088, 22120, 22124, 22149, 22195, 22220, 22224, 22263, 22323, 22324, 22339, 22392, 22645, 22646, 22650, 22654, 22669, 22677, 22687, 22702, 22707, 22740, 22750, 22760, 23175, 23853, 24017, 24083, 24085, 24092, 24170, 24178, 24225, 24241, 24266, 24563, 24590, 24624, 24625, 24628, 24634, 24690, 25036, 25045, 25090, 25095, 25126, 25130, 25132, 25150, 25172, 25190, 25229, 25235, 25249, 25338, 25340, 25343, 25358, 25371, 25375, 25412, 25481, 25485, 25487, 25491, 25492, 25501, 25505, 25529, 25531, 25541, 25644, 25659, 25665, 26091, 26118, 26671, 26715, 26761, 26764, 26767, 26906, 26996, 27034, 27067, 27097, 27238, 27240, 27245, 27291, 27294, 27333, 27348, 27360, 27396, 27416, 27457, 27463, 27469, 27474, 27486, 27491, 27492, 27495, 27513, 27795, 27798, 27802, 27819, 27821, 27833, 27838, 27844, 27849, 27865, 27882, 27883, 27888, 27950, 27956, 27992, 28002, 28051, 28058, 28276, 28615, 28747, 28749, 28751, 28812, 28847, 28902, 29095, 29096, 29121, 29153, 29158, 29201, 29203, 29208, 29378, 29382, 29434, 29477, 29502, 29604, 29614, 29665, 29668, 30110, 30150, 30217, 30222, 30301, 30475, 30484, 30489, 30492, 30507, 30511, 30513, 30525, 30550, 30554, 30768, 31324, 31365, 31579, 31852, 31865, 32189, 32225, 32267, 32279, 32555, 32595, 32636, 32648, 32731, 32746, 32762, 32975, 32981, 33026, 33064, 33083, 18118, 19507, 4082, 4896, 611, 1611, 25454], "label": "shower"}, {"objectId": 11, "id": 11, "partId": 11, "index": 15, "dominantNormal": [0.9057253003120422, -0.4238651394844055, -9.411696743830811e-17], "obb": {"axesLengths": [0.4487547057636973, 0.4452890058169734, 0.3894237397672948], "centroid": [-0.3594483017710898, -0.5092295200869864, 1.2108154634735215], "normalizedAxes": [0.4238651394844055, 0.9057253003120422, 2.0111141647839275e-16, 0, -2.220446049250313e-16, 1, 0.9057253003120422, -0.4238651394844055, -9.411696743830811e-17]}, "segments": [29098, 28879, 9530, 28891, 13920, 13561, 13952, 14104, 13321, 13486, 13536, 13866, 13870, 13908, 13938, 13950, 13959, 13962, 13972, 13979, 13987, 13990, 14010, 14083, 28828, 28905, 28958, 28993, 29025, 29077, 29086, 28824, 13769, 15172, 13356, 13419, 28810], "label": "lamp"}, {"objectId": 12, "id": 12, "partId": 12, "index": 16, "dominantNormal": [0, -2.220446049250313e-16, 1], "obb": {"axesLengths": [2.1458127533714157, 0.18122994494669253, 1.94693808616382], "centroid": [-0.34149664906246746, -0.4058941426948471, 1.420614986906085], "normalizedAxes": [-0.446163535118103, 0.8949514627456665, 1.987191439724404e-16, 0, -2.220446049250313e-16, 1, 0.8949514627456665, 0.446163535118103, 9.906820588725452e-17]}, "segments": [21958, 21548, 19876, 21475], "label": "ceiling"}], "scan_id": "18d4d922-7eb5-280e-87bb-af3229fb1f13", "annId": "1744", "appId": "stk.v1"}