{"segGroups": [{"objectId": 1, "id": 1, "partId": 1, "index": 0, "dominantNormal": [0, -2.220446049250313e-16, 1], "obb": {"axesLengths": [5.15329089281164, 0.7399999929964539, 4.44564315171161], "centroid": [-0.9420644327005463, 1.3851491848684943, -1.1200000113993884], "normalizedAxes": [-0.5529226660728455, 0.833232581615448, 1.8501479939546606e-16, 0, -2.220446049250313e-16, 1, 0.833232581615448, 0.5529226660728455, 1.2277349494223998e-16]}, "segments": [37790, 34934, 25907, 29992, 23259, 34000, 27524, 28708, 23359, 10656, 11475, 1122, 1168, 1186, 3756, 3762, 3766, 7594, 7603, 7611, 7762, 7949, 10019, 10068, 10227, 10234, 10257, 10652, 10696, 10715, 10851, 10874, 10886, 10896, 11097, 11174, 11203, 11242, 11303, 11385, 11468, 14169, 14194, 14400, 14413, 14425, 14823, 14866, 14937, 15090, 15390, 15552, 15555, 15691, 15929, 15947, 16224, 16246, 16349, 16366, 16412, 16446, 16587, 16830, 16868, 16922, 16939, 17078, 19482, 19792, 19944, 21330, 21350, 21368, 21604, 23316, 23376, 25258, 25333, 25396, 25417, 25575, 25742, 26488, 26495, 26519, 27487, 28688, 28907, 29065, 29071, 29567, 29672, 30095, 30123, 30217, 30728, 31888, 31965, 31991, 32017, 32026, 32034, 32053, 32191, 32514, 32688, 32713, 32817, 33064, 33399, 33693, 35037, 35176, 35195, 35214, 35219, 35378, 36061, 36139, 36453, 37089, 37112, 37815, 38193, 38238, 39100, 39199, 39624, 39893, 40114, 40544, 40545, 40551, 40694, 40881, 40893, 40919, 41431, 41449, 41685, 42819, 43136, 43138, 43144, 43173, 43175, 43177, 43188, 43483, 43487, 43712, 43744, 43760, 43778, 44129, 44131, 44136, 44140, 44502, 44506, 44584, 44644, 44669, 44952, 45326, 45385, 45645, 46576, 46628, 46630, 46652, 46656, 47014, 47030, 47045, 47152, 47155, 47569, 47579, 47585, 47610, 48107, 48110, 48750, 48877, 48881, 49192, 49637, 50174, 50904, 50907, 11786, 35427, 46741, 47810, 36977, 7913, 38150, 30837, 11194, 38164], "label": "floor"}, {"objectId": 2, "id": 2, "partId": 2, "index": 1, "dominantNormal": [0, -2.220446049250313e-16, 1], "obb": {"axesLengths": [0.9740534646441771, 0.7793659989677512, 0.8286195908988708], "centroid": [-0.37146205448383407, 3.4653735413119158, -1.0051870438042205], "normalizedAxes": [0.22581925988197327, 0.9741691946983337, 2.1630901396692742e-16, 0, -2.220446049250313e-16, 1, 0.9741691946983337, -0.22581925988197327, -5.0141948344955726e-17]}, "segments": [27901, 40149, 35841, 30527, 26041, 23338, 25917, 25925, 29213, 48355, 50816, 48321, 35036], "label": "chair"}, {"objectId": 3, "id": 3, "partId": 3, "index": 2, "dominantNormal": [0, -2.220446049250313e-16, 1], "obb": {"axesLengths": [0.8610333527698028, 0.10840898509899555, 0.5399898916118798], "centroid": [-1.3668488586881742, 3.3817910899143238, -0.45579551817933894], "normalizedAxes": [0.9335126280784607, 0.3585444688796997, 7.96128649404481e-17, 0, -2.220446049250313e-16, 1, 0.3585444688796997, -0.9335126280784607, -2.072814426942095e-16]}, "segments": [38260, 43895], "label": "counter"}, {"objectId": 4, "id": 4, "partId": 4, "index": 3, "dominantNormal": [0, -2.220446049250313e-16, 1], "obb": {"axesLengths": [0.9469160251245766, 0.24000000417232492, 0.5225601665592837], "centroid": [-2.2390942519698367, 3.0546378459114925, -0.49000003024935745], "normalizedAxes": [0.8360500335693359, 0.5486531853675842, 1.218254797858052e-16, 0, -2.220446049250313e-16, 1, 0.5486531853675842, -0.8360500335693359, -1.8564039940146236e-16]}, "segments": [32831, 32893, 36805, 31619, 49251], "label": "counter"}, {"objectId": 5, "id": 5, "partId": 5, "index": 4, "dominantNormal": [0.30114561319351196, -0.9535781741142273, -2.1173688893632632e-16], "obb": {"axesLengths": [0.8345390080519294, 0.749823017049811, 0.5415149459079851], "centroid": [-1.3651085445007458, 3.405514765486147, -0.8350885342414268], "normalizedAxes": [0.9535781741142273, 0.30114561319351196, 6.686775870645966e-17, 0, -2.220446049250313e-16, 1, 0.30114561319351196, -0.9535781741142273, -2.1173688893632632e-16]}, "segments": [17867, 50728, 4609, 4647, 4678, 4978, 13897, 14372, 14491, 40526, 42441, 42442, 42459, 50930, 14363, 40590, 25247, 39865], "label": "cabinet"}, {"objectId": 6, "id": 6, "partId": 6, "index": 5, "dominantNormal": [0.5590119361877441, -0.8291596174240112, -1.8411041967070468e-16], "obb": {"axesLengths": [0.9818927759196554, 0.7400000227987759, 0.5036303751269954], "centroid": [-2.2444762010227564, 3.035412573820449, -0.8400000313669442], "normalizedAxes": [0.8291596174240112, 0.5590119361877441, 1.2412558451918446e-16, 0, -2.220446049250313e-16, 1, 0.5590119361877441, -0.8291596174240112, -1.8411041967070468e-16]}, "segments": [36712, 16539, 14892, 49278], "label": "cabinet"}, {"objectId": 7, "id": 7, "partId": 7, "index": 6, "dominantNormal": [0, -2.220446049250313e-16, 1], "obb": {"axesLengths": [0.49000504779173626, 0.18612199605728685, 0.4207575441832649], "centroid": [-1.3908550938540203, 3.4268666108645625, -0.4301580113137222], "normalizedAxes": [0.21522952616214752, 0.9765635132789612, 2.168406594902275e-16, 0, -2.220446049250313e-16, 1, 0.9765635132789612, -0.21522952616214752, -4.7790555104875736e-17]}, "segments": [44814, 4887, 4581, 4906, 4534, 4373, 4375, 4428, 4433, 4455, 4642, 4892, 4907, 19168, 42356, 42372, 43965, 43975, 43978, 43996, 18027, 42391, 42362], "label": "sink"}, {"objectId": 8, "id": 8, "partId": 8, "index": 7, "dominantNormal": [0, -2.220446049250313e-16, 1], "obb": {"axesLengths": [0.4919019251760261, 0.23999998927116392, 0.4105674665750594], "centroid": [-2.324674559159422, 3.144487277715644, -0.3500000253319746], "normalizedAxes": [0.060367025434970856, 0.9981762766838074, 2.2163965700179475e-16, 0, -2.220446049250313e-16, 1, 0.9981762766838074, -0.060367025434970856, -1.340417231320742e-17]}, "segments": [36560, 36515, 36506, 33119, 36526, 49306, 49724, 49302, 37271, 33063], "label": "sink"}, {"objectId": 9, "id": 9, "partId": 9, "index": 8, "dominantNormal": [0.9298033118247986, 0.3680568337440491, 8.172503423865531e-17], "obb": {"axesLengths": [0.646449023221448, 1.4199999253451834, 0.34453592302659275], "centroid": [-0.6230244251183975, 0.7418958426605873, -0.3200000173598532], "normalizedAxes": [-0.3680568039417267, 0.9298033118247986, 2.064578090321231e-16, 0, -2.220446049250313e-16, 1, 0.9298033118247986, 0.3680568039417267, 8.172502762121041e-17]}, "segments": [24893, 45104, 24853, 27609, 7179, 27183, 2416, 9060, 3047, 45076, 24862, 2438, 2447, 2469, 2479, 2481, 2488, 2520, 2838, 3124, 3133, 3335, 7173, 7191, 8980, 8998, 9013, 9021, 9065, 9076, 9368, 9405, 9414, 9439, 9462, 9564, 9600, 9803, 9861, 9895, 9909, 14112, 14170, 17744, 24015, 24026, 24044, 24198, 24259, 24998, 25012, 26611, 26616, 26850, 26858, 26930, 26931, 26952, 26962, 26967, 27024, 27041, 27054, 27097, 27160, 27161, 27162, 27218, 27237, 27252, 27257, 36030, 36237, 36247, 36322, 42143, 42195, 42217, 42224, 42246, 42273, 42301, 42307, 42310, 42313, 42316, 42339, 42859, 42860, 42862, 42878, 43022, 43027, 43058, 43073, 43084, 43087, 43112, 43646, 43654, 43882, 45016, 45039, 45048, 45298, 45718, 45751, 45764, 45807, 45847, 45858, 45869, 45893, 45898, 45904, 45944, 46211, 46331, 46333, 48959, 24103, 23233, 8923], "label": "clothes"}, {"objectId": 10, "id": 10, "partId": 10, "index": 9, "dominantNormal": [0.9588600397109985, 0.28387925028800964, 6.303385597661518e-17], "obb": {"axesLengths": [1.812625119548171, 2.1923899756582825, 0.22249401133041707], "centroid": [-0.7379937979368979, 1.0109855724240289, -0.2861950352148339], "normalizedAxes": [-0.28387925028800964, 0.9588600397109985, 2.129096986960285e-16, 0, -2.220446049250313e-16, 1, 0.9588600397109985, 0.28387925028800964, 6.303385597661518e-17]}, "segments": [46189, 8729, 7421, 27719, 30555, 27701, 18343, 46180, 37476, 28536], "label": "wall"}, {"objectId": 11, "id": 11, "partId": 11, "index": 10, "dominantNormal": [0.9664627313613892, 0.256806880235672, 5.702258226395962e-17], "obb": {"axesLengths": [0.5907735522891604, 0.6247229734497595, 0.15042047031601077], "centroid": [-0.8822742095185472, 1.4374533710612485, -0.6976385128280861], "normalizedAxes": [-0.256806880235672, 0.9664627313613892, 2.1459783535990632e-16, 0, -2.220446049250313e-16, 1, 0.9664627313613892, 0.256806880235672, 5.702258226395962e-17]}, "segments": [26816, 49585, 14054, 22565, 31320, 38135], "label": "towel"}, {"objectId": 12, "id": 12, "partId": 12, "index": 11, "dominantNormal": [0.9426672458648682, 0.3337341248989105, 7.410386191317964e-17], "obb": {"axesLengths": [1.6477724516897099, 0.8115329561039889, 0.5956023466878181], "centroid": [-1.074386517243719, 0.8890956428790747, -0.9367535221557283], "normalizedAxes": [-0.3337341248989105, 0.9426672458648682, 2.09314176183832e-16, 0, -2.220446049250313e-16, 1, 0.9426672458648682, 0.3337341248989105, 7.410386191317964e-17]}, "segments": [14024, 4822, 50650, 5239, 19823, 49625, 49608, 3806, 26277, 5818, 39466, 49653, 40462, 45619, 38519], "label": "table"}, {"objectId": 13, "id": 13, "partId": 13, "index": 12, "dominantNormal": [0.6378422975540161, -0.7701669931411743, -1.7101142571833135e-16], "obb": {"axesLengths": [0.6666023915148649, 0.7883359613641505, 0.6058118087599949], "centroid": [-1.6959753649456195, 0.35411947316283165, -1.0161819845546343], "normalizedAxes": [0.7701669931411743, 0.6378422975540161, 1.4162944096485577e-16, 0, -2.220446049250313e-16, 1, 0.6378422975540161, -0.7701669931411743, -1.7101142571833135e-16]}, "segments": [19554, 19584, 19694, 19010, 19129, 20420, 44799, 45440, 19674, 18988, 18996, 19378, 19381, 19571, 19611, 19628, 19670, 20783, 25941, 43951, 44405, 44555, 20714, 44335], "label": "chair"}, {"objectId": 14, "id": 14, "partId": 14, "index": 13, "dominantNormal": [0.28116217255592346, -0.9596602916717529, -2.130873903264947e-16], "obb": {"axesLengths": [2.0830614756607297, 2.7811099861314137, 0.2409659941527771], "centroid": [-1.181055833839105, -0.0028559270454735497, -0.01968506120849378], "normalizedAxes": [0.9596602916717529, 0.2811621427536011, 6.24305369075986e-17, 0, -2.220446049250313e-16, 1, 0.2811621427536011, -0.9596602916717529, -2.130873903264947e-16]}, "segments": [10546, 25195, 1882, 50044, 4610, 4602, 23681, 23607, 39506, 4720, 49932, 23806, 22459, 44852, 22416, 1840, 9984, 10132], "label": "wall"}, {"objectId": 15, "id": 15, "partId": 15, "index": 14, "dominantNormal": [0.9533855319023132, 0.30175501108169556, 6.700307221978353e-17], "obb": {"axesLengths": [1.0623204747567432, 2.1663659922845806, 0.15518634547190882], "centroid": [-2.100649900709218, 0.29071210540711223, -0.3214170283507485], "normalizedAxes": [-0.30175501108169556, 0.9533855319023132, 2.1169411377248997e-16, 0, -2.220446049250313e-16, 1, 0.9533855319023132, 0.30175501108169556, 6.700307221978353e-17]}, "segments": [18637, 38530, 25623, 37535], "label": "wall"}, {"objectId": 16, "id": 16, "partId": 16, "index": 15, "dominantNormal": [0.9705122709274292, 0.2410518378019333, 5.3524260091183004e-17], "obb": {"axesLengths": [0.40242705142906543, 0.6399999713897708, 0.1705991201995055], "centroid": [-1.9410297902898763, -0.005234337236560416, -0.5100000107288367], "normalizedAxes": [-0.2410518229007721, 0.9705122709274292, 2.1549701377297596e-16, 0, -2.220446049250313e-16, 1, 0.9705122709274292, 0.2410518229007721, 5.3524256782460554e-17]}, "segments": [22040, 15732, 21813], "label": "plant"}, {"objectId": 17, "id": 17, "partId": 17, "index": 16, "dominantNormal": [0.3092750310897827, -0.9509726166725159, -2.1115833896357203e-16], "obb": {"axesLengths": [0.4659722179142622, 0.5599999898672103, 0.044205344272722595], "centroid": [-1.5914135332699735, -0.09783624165523008, -0.15000003427267106], "normalizedAxes": [0.9509726166725159, 0.3092750608921051, 6.867285870895248e-17, 0, -2.220446049250313e-16, 1, 0.3092750608921051, -0.9509726166725159, -2.1115833896357203e-16]}, "segments": [36911, 36870], "label": "picture"}, {"objectId": 18, "id": 18, "partId": 18, "index": 17, "dominantNormal": [0.9629122018814087, 0.2698148190975189, 5.991092490942738e-17], "obb": {"axesLengths": [1.8017831458889675, 2.1399999378621577, 0.2202716682795938], "centroid": [-0.9048448135439526, 0.9685771835989193, -0.3399999978393331], "normalizedAxes": [-0.2698148190975189, 0.9629122018814087, 2.1380945944424938e-16, 0, -2.220446049250313e-16, 1, 0.9629122018814087, 0.2698148190975189, 5.991092490942738e-17]}, "segments": [22500, 45712, 30112, 49325, 34440, 49826, 7741, 13986, 49205], "label": "wall"}, {"objectId": 19, "id": 19, "partId": 19, "index": 18, "dominantNormal": [0.9699092507362366, 0.24346667528152466, 5.406046172529703e-17], "obb": {"axesLengths": [0.7723602718516511, 2.702989875458406, 0.1505072914081009], "centroid": [0.1818724191391562, 3.552120340829226, -0.04149505589541058], "normalizedAxes": [-0.24346667528152466, 0.9699092507362366, 2.1536311639286078e-16, 0, -2.220446049250313e-16, 1, 0.9699092507362366, 0.24346667528152466, 5.406046172529703e-17]}, "segments": [22337, 21784, 20695, 4264, 3596, 4141, 2795, 2744, 3243, 9267, 2917, 4143, 9329, 21658, 34976, 48636, 48797, 20884, 7405], "label": "plants"}, {"objectId": 20, "id": 20, "partId": 20, "index": 19, "dominantNormal": [0.2944987714290619, -0.9556518793106079, -2.1219734398738763e-16], "obb": {"axesLengths": [3.2217119122474434, 2.8456498940516273, 0.31290590729801565], "centroid": [-1.450969740662324, 3.5559215190532587, -0.012825043585338092], "normalizedAxes": [0.9556518793106079, 0.2944987714290619, 6.539186335287315e-17, 0, -2.220446049250313e-16, 1, 0.2944987714290619, -0.9556518793106079, -2.1219734398738763e-16]}, "segments": [50273, 50228, 37005, 16049, 18130, 32985, 38609, 34249, 33224, 31136, 33544, 34402, 34361, 33415, 33289, 47413, 33287, 22445, 17420, 17198, 16961, 33971, 50425, 40777, 33251, 34224, 34232, 38553, 50325], "label": "wall"}, {"objectId": 21, "id": 21, "partId": 21, "index": 20, "dominantNormal": [0.952876091003418, 0.3033596873283386, 6.735938192300198e-17], "obb": {"axesLengths": [0.9055427353835438, 1.0007659867234677, 0.12487804011409369], "centroid": [-1.0458297593190722, 1.28281820428619, 0.24615595498332365], "normalizedAxes": [-0.3033596873283386, 0.952876091003418, 2.1158099516936212e-16, 0, -2.220446049250313e-16, 1, 0.952876091003418, 0.3033596873283386, 6.735938192300198e-17]}, "segments": [17010, 37456, 24233, 45157, 45153, 19366], "label": "cabinet"}, {"objectId": 22, "id": 22, "partId": 22, "index": 21, "dominantNormal": [0.9539807438850403, 0.29986777901649475, 6.658402252146417e-17], "obb": {"axesLengths": [3.8482182912802276, 2.9575800234620253, 0.172641989189025], "centroid": [0.5891258451435208, 2.3569120190942483, 0.06091996704965852], "normalizedAxes": [-0.29986777901649475, 0.9539807438850403, 2.1182627738204125e-16, 0, -2.220446049250313e-16, 1, 0.9539807438850403, 0.29986777901649475, 6.658402252146417e-17]}, "segments": [35950, 37604, 48677, 28250, 35413, 18411, 35493, 35226, 17403, 39509, 14569, 8365, 6653, 32994, 33546, 48588, 17166, 48442, 24253, 48505, 6783, 44279, 13617, 8629, 8540, 7033, 2244, 8820, 2208], "label": "wall"}, {"objectId": 23, "id": 23, "partId": 23, "index": 22, "dominantNormal": [0, -2.220446049250313e-16, 1], "obb": {"axesLengths": [7.215745649873345, 2.2864399637332555, 4.140603308771163], "centroid": [-0.25323620634076444, 1.7106731823660462, 2.2932199006553], "normalizedAxes": [0.20149053633213043, 0.9794904589653015, 2.1749057198878796e-16, 0, -2.220446049250313e-16, 1, 0.9794904589653015, -0.20149053633213043, -4.473988653600057e-17]}, "segments": [41960, 1304, 1004, 6704, 64, 74, 100, 101, 118, 140, 225, 258, 259, 278, 299, 313, 567, 719, 1102, 1424, 1432, 1488, 1503, 1510, 1534, 1565, 1702, 2039, 2189, 2268, 4352, 6949, 41800, 41819, 42613, 1659, 1942, 2134, 2156, 2167, 7211, 42746, 1020, 2006, 1962, 341, 2000, 2092, 362, 2144, 2176, 2196, 41797, 42008, 42020, 879, 6645, 5614, 6727, 7088, 22614, 8922, 23778, 12500, 21417, 21437, 21446, 44507, 44518, 23848, 6491, 20152, 38822, 50128, 22, 26, 4399, 6278, 6296, 12705, 20447, 34092, 39416, 47384, 49602, 53, 19459, 10975, 7774, 8138, 4903, 7557, 7737, 8167, 13511, 20514, 42286, 42710, 8375, 8780, 8831, 11926, 13503, 43313, 5162, 8878, 20480, 5048, 50996, 51049, 38034, 5737, 5767, 5788, 5824, 5827, 5838, 5855, 5858, 5877, 5905, 5929, 6043, 6045, 6048, 6105, 6107, 6146, 6169, 6183, 12189, 12194, 12195, 12223, 12224, 12246, 12276, 12731, 12796, 18488, 18560, 18567, 18573, 18584, 19106, 27539, 28167, 28191, 28204, 28844, 31101, 40707, 40716, 40723, 40749, 40791, 42085, 42097, 42109, 42118, 42122, 43363, 43365, 43368, 43690, 46405, 46426, 49562, 2618, 3271, 3447, 12605, 22066, 22079, 22301, 22302, 22338, 22345, 22744, 44807, 44810, 50820, 2551, 8029, 13378, 17033, 17048, 31643, 31838, 39126, 40841, 41379, 41421, 43538, 43865, 50125, 50833, 51003, 3382, 3568, 3980, 6623, 8024, 8046, 12595, 13018, 13143, 13187, 13393, 13406, 13409, 13414, 14140, 14154, 14161, 14182, 14479, 14518, 14527, 14560, 14568, 14596, 14646, 14666, 15134, 15138, 15160, 15162, 15174, 15244, 15257, 15280, 15285, 15316, 15330, 15436, 15440, 15448, 15470, 15474, 15478, 15510, 15523, 15533, 15578, 15590, 15607, 15609, 15632, 15639, 15671, 15701, 16176, 18284, 18711, 19120, 19869, 19896, 19922, 22996, 23005, 27364, 27368, 27415, 27428, 27443, 27460, 27464, 27472, 30603, 30735, 33011, 38672, 39350, 40208, 40217, 41456, 41759, 41760, 41764, 41856, 43168, 43191, 43194, 43203, 43209, 43232, 43244, 43267, 43273, 43290, 43305, 43307, 44148, 50171, 3480, 14152, 14203, 14233, 14282, 16431, 17438, 17977, 18802, 18852, 18880, 18881, 18892, 19016, 19032, 19158, 19350, 39554, 41691, 41701, 41752, 41754, 11716, 30172, 46785, 8103, 11125, 11818, 12318, 12322, 12332, 12505, 12641, 12660, 12698, 12888, 12909, 13636, 13655, 13747, 15901, 43480, 43488, 43490, 540, 548, 2292, 6544, 6555, 6585, 6822, 6840, 6844, 6856, 6899, 6918, 6920, 6968, 6988, 7360, 7389, 8181, 8616, 11164, 11196, 11983, 11994, 11999, 12000, 12053, 12093, 12102, 12119, 12128, 12173, 13240, 13254, 20039, 20050, 21077, 21089, 23671, 42667, 42671, 42672, 42674, 43345, 43347, 43561, 43626, 533, 6054, 6074, 6081, 6194, 6307, 6326, 8172, 8185, 11108, 11801, 18809, 18868, 19247, 19260, 20015, 20275, 23711, 23721, 23736, 23738, 25754, 39666, 39711, 39712, 39713, 39995, 40010, 40022, 40272, 40318, 40329, 40330, 40382, 42546, 43933, 47378, 50606, 50851, 50883, 50889, 727, 779, 1175, 1264, 6011, 6012, 6023, 6423, 6452, 6958, 7106, 7277, 8569, 9007, 10033, 11281, 11316, 12455, 41767, 41781, 41876, 42684, 2061], "label": "ceiling"}, {"objectId": 24, "id": 24, "partId": 24, "index": 23, "dominantNormal": [0.9232560396194458, 0.3841852843761444, 8.530626968731179e-17], "obb": {"axesLengths": [0.9142600424658428, 2.159999977946281, 0.4090801505609968], "centroid": [0.30766227564291226, 2.6193194033752674, -0.25000005587935425], "normalizedAxes": [-0.3841852843761444, 0.9232560396194458, 2.050040225619489e-16, 0, -2.220446049250313e-16, 1, 0.9232560396194458, 0.3841852843761444, 8.530626968731179e-17]}, "segments": [10106, 19733, 21167, 22280, 9614, 10304, 28609, 35181, 28878, 32236, 32255, 32263, 32267, 32626, 32639, 35136, 35608, 35627, 35648, 35674, 35728, 35746, 41120, 47075, 47076, 47143, 47149, 48240, 5432, 7800], "label": "wardrobe"}, {"objectId": 25, "id": 25, "partId": 25, "index": 24, "dominantNormal": [0.311789870262146, -0.9501510858535767, -2.1097592247744693e-16], "obb": {"axesLengths": [1.224736969412631, 2.692529975789859, 0.63330832849815], "centroid": [0.6070477673613033, 0.31573557291421483, -0.07805499446269248], "normalizedAxes": [0.9501510858535767, 0.3117899000644684, 6.923126517942988e-17, 0, -2.220446049250313e-16, 1, 0.3117899000644684, -0.9501510858535767, -2.1097592247744693e-16]}, "segments": [29793, 27887, 31825, 31452, 31823, 31530, 30657, 48937, 26544, 26379, 31475, 19052, 43905, 26582, 28077, 41180], "label": "wall"}, {"objectId": 26, "id": 26, "partId": 26, "index": 25, "dominantNormal": [0.9395323991775513, 0.3424599766731262, 7.604139022301975e-17], "obb": {"axesLengths": [0.8304358801246325, 1.4496109757659361, 0.30990487341826006], "centroid": [-0.7324875824935567, 0.5781823882609363, 0.11480545554744825], "normalizedAxes": [-0.3424600064754486, 0.9395323991775513, 2.0861810038964618e-16, 0, -2.220446049250313e-16, 1, 0.9395323991775513, 0.3424600064754486, 7.604139684046465e-17]}, "segments": [45115, 22948, 5949, 22899, 42531, 23476, 45010, 45170, 24331, 5940, 23131, 23199, 23962, 23967, 24425, 24549, 24562, 24633, 8939, 24145, 24590, 24954, 26096, 42526, 45074, 36229, 26142, 26178, 26232, 45663, 45814, 48988, 24093, 36197, 49121, 9930, 49078, 27203, 49049, 45831, 36282, 24690], "label": "shelf"}, {"objectId": 29, "id": 29, "partId": 29, "index": 26, "dominantNormal": [-0.519172191619873, -0.8546696901321411, -1.897747936867902e-16], "obb": {"axesLengths": [0.28904865485461056, 1.417529936860577, 0.27725876244281294], "centroid": [0.0005871019359717788, 3.9327629870229943, -0.6787650014363609], "normalizedAxes": [0.8546696901321411, -0.519172191619873, -1.1527938417629736e-16, 0, -2.220446049250313e-16, 1, -0.519172191619873, -0.8546696901321411, -1.897747936867902e-16]}, "segments": [47171, 31006, 47081, 4017, 5105, 32937, 32946, 47157, 47181, 46964, 23521, 20342, 29305], "label": "lamp"}, {"objectId": 30, "id": 30, "partId": 30, "index": 27, "dominantNormal": [0, -2.220446049250313e-16, 1], "obb": {"axesLengths": [0.4474234413825582, 0.35012005977064203, 0.4121671511551041], "centroid": [0.13574318108568473, 3.213108934999749, -1.2356900017181789], "normalizedAxes": [0.8365082740783691, -0.547954261302948, -1.2167028746800046e-16, 0, -2.220446049250313e-16, 1, -0.547954261302948, -0.8365082740783691, -1.8574214923425128e-16]}, "segments": [29401, 29468, 29488, 46616, 46778, 29950, 22273, 22287, 22372, 28891, 28892, 28916, 28928, 28966, 29042, 29045, 29513, 29544, 29559, 29612, 29636, 29686, 29811, 29859, 29869, 29893, 46481, 46528, 46568, 46571, 46580, 46595, 46598, 46600, 46783, 29418], "label": "coffee table"}, {"objectId": 31, "id": 31, "partId": 31, "index": 28, "dominantNormal": [0, -2.220446049250313e-16, 1], "obb": {"axesLengths": [0.25829934245584285, 0.13929098533188605, 0.13976705098000566], "centroid": [-1.6595577306843592, 3.417603707215649, -0.3996455300678574], "normalizedAxes": [-0.3185044527053833, 0.9479213356971741, 2.10480818484887e-16, 0, -2.220446049250313e-16, 1, 0.9479213356971741, 0.3185044527053833, 7.072219536783015e-17]}, "segments": [18064, 43883, 18042, 17990], "label": "item"}, {"objectId": 32, "id": 32, "partId": 32, "index": 29, "dominantNormal": [-0.1735537052154541, -0.9848244190216064, -2.186749490421761e-16], "obb": {"axesLengths": [0.1668431726473981, 0.5403579948762505, 0.10929334048856422], "centroid": [-0.9066273461685241, 3.7668981590511965, -0.7201790071238807], "normalizedAxes": [0.9848244190216064, -0.1735537052154541, -3.853666390784085e-17, 0, -2.220446049250313e-16, 1, -0.1735537052154541, -0.9848244190216064, -2.186749490421761e-16]}, "segments": [25189, 26889], "label": "towel"}, {"objectId": 33, "id": 33, "partId": 33, "index": 30, "dominantNormal": [0, -2.220446049250313e-16, 1], "obb": {"axesLengths": [0.5178029794556083, 0.14622002513214882, 0.4931139593092884], "centroid": [-0.35581022548916214, 3.3090325043718383, -0.8968900260279328], "normalizedAxes": [-0.08516944944858551, 0.9963665008544922, 2.2123780604277159e-16, 0, -2.220446049250313e-16, 1, 0.9963665008544922, 0.08516944944858551, 1.8911416754493595e-17]}, "segments": [30404, 30416, 48391, 25552], "label": "pillow"}, {"objectId": 34, "id": 34, "partId": 34, "index": 31, "dominantNormal": [0.875934898853302, 0.4824293255805969, 1.0712082900279294e-16], "obb": {"axesLengths": [0.44383017486341214, 0.5599999898672103, 0.18483559505653335], "centroid": [-2.8474338439912357, 2.9442810411711733, -1.109999991357327], "normalizedAxes": [-0.4824293553829193, 0.875934898853302, 1.944966185559287e-16, 0, -2.220446049250313e-16, 1, 0.875934898853302, 0.4824293553829193, 1.0712083562023784e-16]}, "segments": [16123, 15909, 16516, 16430, 16010, 31206, 16233, 16199], "label": "wall"}, {"objectId": 35, "id": 35, "partId": 35, "index": 32, "dominantNormal": [0, -2.220446049250313e-16, 1], "obb": {"axesLengths": [0.24083179945230307, 0.12341600380653128, 0.16908066285418], "centroid": [-2.568814478881917, 3.022568639360728, -0.40829201806429083], "normalizedAxes": [0.7470126748085022, -0.6648098230361938, -1.4761743450635164e-16, 0, -2.220446049250313e-16, 1, -0.6648098230361938, -0.7470126748085022, -1.6587013425184476e-16]}, "segments": [49179, 36606], "label": "item"}, {"objectId": 36, "id": 36, "partId": 36, "index": 33, "dominantNormal": [-0.330752968788147, -0.943717360496521, -2.0954734847234335e-16], "obb": {"axesLengths": [0.1580750655870012, 0.26725498734589664, 0.11969588891087218], "centroid": [-2.2072452374138605, 3.3396365343574805, -0.34908452781100974], "normalizedAxes": [0.943717360496521, -0.330752968788147, -7.34419122823453e-17, 0, -2.220446049250313e-16, 1, -0.330752968788147, -0.943717360496521, -2.0954734847234335e-16]}, "segments": [32961, 32824, 38548], "label": "soap dispenser"}, {"objectId": 37, "id": 37, "partId": 37, "index": 34, "dominantNormal": [0.42488959431648254, -0.9052451848983765, -2.0100480944104692e-16], "obb": {"axesLengths": [0.5831038986499072, 0.4307899378808598, 0.12798594332743277], "centroid": [-2.5188839767860722, 0.6352961214944999, -1.1853950075344373], "normalizedAxes": [0.9052451848983765, 0.42488956451416016, 9.43444354893153e-17, 0, -2.220446049250313e-16, 1, 0.42488956451416016, -0.9052451848983765, -2.0100480944104692e-16]}, "segments": [1740, 831, 1616, 1908], "label": "wall"}, {"objectId": 38, "id": 38, "partId": 38, "index": 35, "dominantNormal": [-0.2801649272441864, -0.9599518775939941, -2.1315213540740044e-16], "obb": {"axesLengths": [0.48459611999516716, 0.6421600436681496, 0.35643562149747776], "centroid": [-1.8483688176493844, -0.06568254430689469, -1.0910800172147157], "normalizedAxes": [0.9599518775939941, -0.2801649272441864, -6.220911058378551e-17, 0, -2.220446049250313e-16, 1, -0.2801649272441864, -0.9599518775939941, -2.1315213540740044e-16]}, "segments": [21587, 21546, 21597, 21261, 21318, 44567, 20637, 43719, 1146, 15673, 25792, 45346, 25287, 25297, 20731, 44796, 44552, 21550, 25335, 25340, 44457, 45330], "label": "stand"}, {"objectId": 39, "id": 39, "partId": 39, "index": 36, "dominantNormal": [0.8212984800338745, 0.5704987049102783, 1.2667615954204477e-16], "obb": {"axesLengths": [0.2969281278958091, 0.13561999494686727, 0.12567332940819578], "centroid": [-1.803606445061224, -0.022970662820338328, -0.9435899959447243], "normalizedAxes": [-0.5704987049102783, 0.8212984800338745, 1.8236489652465038e-16, 0, -2.220446049250313e-16, 1, 0.8212984800338745, 0.5704987049102783, 1.2667615954204477e-16]}, "segments": [21239, 21257, 21265, 44641], "label": "item"}, {"objectId": 40, "id": 40, "partId": 40, "index": 37, "dominantNormal": [0, -2.220446049250313e-16, 1], "obb": {"axesLengths": [0.31063181378051963, 0.18474900309557452, 0.19251943413362743], "centroid": [-1.8397699358458808, -0.10978481818311026, -0.7423744948422657], "normalizedAxes": [0.951495349407196, 0.30766311287879944, 6.831493434917833e-17, 0, -2.220446049250313e-16, 1, 0.30766311287879944, -0.951495349407196, -2.1127440894712547e-16]}, "segments": [21492, 21500, 21486], "label": "lamp"}, {"objectId": 42, "id": 42, "partId": 42, "index": 38, "dominantNormal": [0.9553492665290833, 0.2954789102077484, 6.56094978807583e-17], "obb": {"axesLengths": [1.3983595384808172, 0.18000006273388713, 0.14691894404745406], "centroid": [-0.760184926187517, 0.8092215626191643, 1.2399999501556151], "normalizedAxes": [-0.2954789102077484, 0.9553492665290833, 2.1213015045186873e-16, 0, -2.220446049250313e-16, 1, 0.9553492665290833, 0.2954789102077484, 6.56094978807583e-17]}, "segments": [44167, 19493, 20176, 20123, 44176, 22401], "label": "wall"}, {"objectId": 43, "id": 43, "partId": 43, "index": 39, "dominantNormal": [0.9998827576637268, -0.015313194133341312, -3.400212141478079e-18], "obb": {"axesLengths": [0.26460926713373556, 0.1800000031292437, 0.12272453771177386], "centroid": [-0.8287309185893832, 0.582501210573434, 0.5999999489635228], "normalizedAxes": [0.015313195064663887, 0.9998827576637268, 2.2201857189679304e-16, 0, -2.220446049250313e-16, 1, 0.9998827576637268, -0.015313195064663887, -3.400212348273232e-18]}, "segments": [22954, 45130], "label": "plant"}, {"objectId": 44, "id": 44, "partId": 44, "index": 40, "dominantNormal": [0, -2.220446049250313e-16, 1], "obb": {"axesLengths": [0.27917005652534116, 0.10790300128080688, 0.17067013981981763], "centroid": [-1.1002129395366826, 1.5535747294418458, -0.5639515113692399], "normalizedAxes": [-0.3071378767490387, 0.9516650438308716, 2.1131208867838848e-16, 0, -2.220446049250313e-16, 1, 0.9516650438308716, 0.3071378767490387, 6.819830850025326e-17]}, "segments": [43868, 17609, 43879], "label": "box"}, {"objectId": 45, "id": 45, "partId": 45, "index": 41, "dominantNormal": [0.9225788712501526, 0.3858086168766022, 8.56667219110379e-17], "obb": {"axesLengths": [0.19693806642285372, 0.12355696878827427, 0.11317549297220447], "centroid": [-1.0000856359249717, 1.3274136761694773, -0.5517785146434944], "normalizedAxes": [-0.3858086168766022, 0.9225788116455078, 2.0485364774403166e-16, 0, -2.220446049250313e-16, 1, 0.9225788116455078, 0.3858086168766022, 8.56667219110379e-17]}, "segments": [27808, 17506], "label": "box"}, {"objectId": 46, "id": 46, "partId": 46, "index": 42, "dominantNormal": [-0.4636210799217224, -0.8860335946083069, -1.9673897946510685e-16], "obb": {"axesLengths": [0.24199039653820592, 1.1411309583232334, 0.20509197675876237], "centroid": [0.7407292968730139, 0.6908038069322928, 0.11098944706493263], "normalizedAxes": [0.8860335946083069, -0.4636210799217224, -1.0294455952613522e-16, 0, -2.220446049250313e-16, 1, -0.4636210799217224, -0.8860335946083069, -1.9673897946510685e-16]}, "segments": [41146, 51081, 51095, 14777, 47254, 47243, 14782, 51143, 41108, 41202, 51068, 51071, 51074, 51076, 51123], "label": "shower"}], "scan_id": "a0905ff2-66f7-2272-9ec9-303aefe3713c", "annId": "5612", "appId": "stk.v1"}