{"segGroups": [{"objectId": 1, "id": 1, "partId": 1, "index": 0, "dominantNormal": [0, -2.220446049250313e-16, 1], "obb": {"axesLengths": [6.592383453359935, 0.26630997062526696, 5.29640571640107], "centroid": [0.04080736012686226, 0.05574382536449757, -1.3623449632747875], "normalizedAxes": [-0.5038734674453735, 0.8637774586677551, 1.9179712455302925e-16, 0, -2.220446049250313e-16, 1, 0.8637774586677551, 0.5038734674453735, 1.118823850111136e-16]}, "segments": [5753, 393, 57905, 51381, 60208, 2811, 65098, 2936, 2938, 17389, 34032, 35424, 35488, 35494, 36344, 36458, 36490, 36494, 36575, 37294, 38536, 38752, 39755, 40842, 43716, 44483, 44599, 44602, 44636, 44642, 48252, 49799, 50134, 53023, 53110, 53112, 53115, 53117, 53147, 53679, 53682, 53692, 53701, 53735, 53744, 53791, 53801, 53804, 53987, 55368, 64120, 64144, 64991, 65003, 65018, 65083, 65087, 65088, 65103, 65115, 65116, 65125, 65144, 65162, 65185, 65264, 67127, 67151, 71863, 71928, 71937, 72019, 72021, 72023, 72031, 72095, 81826, 81831, 81870, 81878, 81890, 82550, 82552, 83780, 86079, 86081, 86083, 86086, 89987, 90051, 90848, 90894, 96660, 96938, 97323, 34668, 39529, 73191, 73735, 73361, 49830, 73714, 73718, 64091, 62205, 64044, 34442], "label": "floor"}, {"objectId": 2, "id": 2, "partId": 2, "index": 1, "dominantNormal": [0.8305494785308838, 0.5569448471069336, 1.2366659854089104e-16], "obb": {"axesLengths": [4.0211827296624, 4.339999817162754, 1.5122045953536098], "centroid": [-0.9835426810929111, -0.4712030106301225, -0.8600000085683197], "normalizedAxes": [-0.5569448471069336, 0.8305494785308838, 1.8441903083108086e-16, 0, -2.220446049250313e-16, 1, 0.8305494785308838, 0.5569448471069336, 1.2366659854089104e-16]}, "segments": [58789, 5111, 5640, 40590, 48545, 41743, 41791, 44136, 38208, 82041, 42005, 36804, 95773, 37285, 95356, 95515, 33121, 44338, 24716, 34337, 48903, 31157, 70586, 71232, 96119, 95984, 94006, 18862, 38132, 95849, 3369, 59010, 40011, 3645, 20635, 20185, 20893, 79857, 21776, 22229, 46487, 89580, 15345, 88542, 7692, 13661, 89669, 11814, 89253, 5460, 61189, 62927, 81297, 87976, 6665, 30290, 7207, 30605, 87955, 88233, 63311, 61927, 88831, 47463, 46131, 47457, 20919, 27557, 80147, 79781, 24140, 79079, 25886, 94943, 89080, 86514, 30497, 78761, 94625, 23144, 79136, 95233, 78673, 58943, 22723, 1487, 1501, 3329, 3350, 3365, 3598, 3630, 3644, 3695, 3697, 3712, 3720, 4108, 4126, 4967, 4977, 5047, 5060, 5078, 5103, 5120, 5124, 5141, 5142, 5218, 5268, 5316, 5332, 5339, 5343, 5368, 5430, 5435, 5450, 5549, 6452, 6474, 6488, 6505, 6506, 6511, 6573, 6581, 6598, 6625, 6630, 6639, 6657, 6682, 6693, 6716, 6802, 6816, 6835, 6910, 6911, 6950, 7071, 7089, 7091, 7093, 7133, 7135, 7159, 7167, 7363, 7377, 7537, 7563, 7567, 7596, 7645, 7676, 7697, 7704, 7717, 7737, 7745, 7768, 7770, 7775, 7861, 7869, 7908, 7952, 7956, 7957, 7967, 7972, 7973, 7983, 7992, 8012, 8030, 8036, 8547, 8557, 8586, 8603, 8863, 11849, 11862, 11898, 11934, 11936, 12162, 12203, 12225, 12278, 12647, 12684, 12691, 12694, 12708, 12775, 12783, 12784, 12840, 12852, 12901, 12903, 12909, 12923, 12944, 12993, 13006, 13018, 13074, 13077, 13098, 13139, 13184, 13199, 13209, 13224, 13228, 13236, 13249, 13269, 13283, 13341, 13354, 13365, 13370, 13378, 13379, 13392, 13396, 13398, 13436, 13454, 13475, 13526, 13574, 13575, 13577, 13580, 13584, 13611, 13616, 13691, 13703, 13732, 13735, 14186, 14226, 14231, 14308, 14350, 15341, 15354, 15373, 15378, 15408, 15420, 15460, 15502, 15521, 15550, 15697, 15745, 15755, 15756, 15759, 15771, 15795, 15812, 15837, 15842, 15879, 15886, 15889, 15893, 15909, 15912, 15942, 16025, 16038, 16052, 16066, 16072, 16079, 16081, 16087, 16113, 16127, 16134, 16157, 16161, 16242, 16266, 16284, 16297, 16298, 16346, 16353, 16367, 16383, 16393, 16478, 16486, 16513, 16516, 16528, 17947, 17983, 18000, 18630, 18632, 18652, 18952, 19347, 19357, 19369, 19413, 19418, 19594, 19613, 19620, 20189, 20664, 20695, 20771, 20807, 20814, 20850, 20944, 20988, 21218, 21783, 21790, 21821, 21842, 22206, 22478, 22479, 22740, 22776, 22822, 22847, 23073, 23091, 23123, 23131, 23140, 23153, 23569, 23579, 23608, 23619, 23649, 23650, 23674, 23966, 23983, 23984, 23993, 24002, 24018, 24047, 24051, 24057, 24062, 24067, 24071, 24073, 24102, 24122, 24137, 24144, 24188, 24269, 24279, 24369, 24400, 24473, 24493, 24515, 24520, 24554, 24559, 24583, 24611, 24621, 24628, 24644, 24653, 24688, 24722, 24807, 24955, 24967, 24970, 24984, 25255, 25279, 25314, 25317, 25424, 25430, 25431, 25436, 25499, 25500, 25506, 25520, 25546, 25554, 25564, 25592, 25639, 25722, 25772, 25929, 26078, 26124, 26141, 26223, 26248, 26260, 26301, 26349, 26727, 26733, 26739, 26754, 26766, 26792, 26818, 26854, 27200, 27249, 27251, 27263, 27327, 27343, 27353, 27354, 27519, 27614, 27617, 27628, 27666, 27689, 27711, 27726, 27814, 27828, 27838, 27869, 27887, 27896, 27898, 28042, 28060, 28069, 28107, 28127, 28129, 28136, 28362, 28390, 28799, 28830, 29164, 29175, 29200, 29242, 29255, 29331, 29334, 29785, 29845, 30043, 30133, 30164, 30185, 30193, 30196, 30199, 30211, 30298, 30302, 30318, 30337, 30348, 30363, 30368, 30425, 30445, 30450, 30460, 30493, 30604, 30616, 30659, 30668, 30669, 30689, 30731, 30883, 30933, 30938, 30951, 30957, 31024, 31078, 31100, 31112, 31127, 31443, 31476, 31484, 31509, 31515, 31528, 31566, 31573, 31605, 31611, 31626, 31632, 31648, 31665, 31675, 31688, 31698, 31830, 31833, 31914, 31917, 31921, 31959, 31978, 31987, 32033, 32097, 32099, 32118, 32122, 32129, 32134, 32156, 32175, 32180, 32189, 32192, 32212, 32305, 32383, 32388, 32599, 32757, 32837, 32912, 32938, 32972, 32974, 32987, 33031, 33035, 33064, 33070, 33078, 33091, 33095, 33112, 33132, 33133, 33141, 33145, 33149, 33261, 33284, 33285, 33295, 34050, 34056, 34060, 34061, 34068, 34070, 34101, 34118, 34127, 34133, 34386, 34566, 34575, 34585, 34606, 34698, 34745, 34813, 34831, 34849, 34852, 34861, 34864, 34882, 34887, 34888, 34915, 34937, 34967, 34976, 34978, 34983, 34985, 34986, 34996, 35002, 35005, 35018, 35026, 35029, 35034, 35045, 35049, 35051, 35055, 35070, 35085, 35107, 35112, 35123, 35131, 35138, 35141, 35149, 35181, 35194, 35197, 35204, 35214, 35253, 35262, 35266, 35272, 35280, 35293, 35294, 35303, 35314, 35338, 35753, 35801, 35833, 35845, 36009, 36051, 36082, 36089, 36105, 36120, 36152, 36162, 36171, 36190, 36270, 36271, 36294, 36332, 36484, 36527, 36566, 36635, 36637, 36673, 36693, 36754, 36769, 36792, 37306, 37313, 37444, 37447, 37482, 37524, 37562, 37682, 37760, 38135, 38237, 38239, 38240, 38367, 38492, 38493, 38518, 38578, 38580, 38581, 38582, 38620, 38654, 38694, 38708, 38797, 38819, 38828, 38830, 38839, 38871, 38900, 38911, 38959, 38972, 38989, 38999, 39011, 39075, 39121, 39162, 39175, 39253, 39853, 39914, 39948, 39951, 39996, 40106, 40129, 40186, 40215, 40296, 40299, 40321, 40623, 40637, 40640, 40643, 40674, 40681, 40687, 40745, 40767, 40771, 40776, 40798, 41489, 41603, 41680, 41712, 41786, 41820, 41847, 41884, 41992, 42195, 42221, 42327, 42520, 42527, 42548, 42565, 42587, 42593, 42606, 42610, 42623, 42625, 42634, 42878, 42881, 42888, 42905, 42916, 43032, 43073, 43097, 43099, 43104, 43109, 43129, 43283, 43287, 43288, 43298, 43319, 43332, 43335, 43342, 43385, 43390, 43392, 43409, 43415, 43458, 43466, 43482, 43524, 43555, 43556, 43565, 43620, 43635, 43656, 43658, 43673, 43674, 43752, 43900, 43907, 44002, 44017, 44018, 44025, 44055, 44168, 44173, 44209, 44981, 45017, 45027, 45083, 45838, 45963, 46015, 46030, 46034, 46169, 46210, 46395, 46402, 46428, 46445, 46472, 46649, 46669, 46721, 46742, 46795, 46807, 47105, 47108, 47153, 47155, 47223, 47442, 47454, 47592, 47993, 48027, 48040, 48061, 48075, 48187, 48243, 48809, 48859, 49071, 49110, 49733, 49746, 50876, 50889, 50893, 51158, 51174, 51179, 51182, 51190, 51203, 51235, 51278, 51307, 51490, 51491, 51502, 51518, 51614, 51718, 51958, 52019, 52131, 52376, 53981, 54004, 55163, 55206, 55388, 55400, 55453, 55454, 55462, 55518, 56026, 56061, 56084, 56085, 56086, 56192, 56341, 56361, 56377, 58883, 58979, 58988, 59014, 59653, 61145, 61166, 61223, 61249, 61275, 61458, 62826, 62832, 62841, 62886, 62905, 62913, 63209, 63247, 63252, 63523, 63543, 69905, 69933, 69972, 69989, 70028, 70029, 70040, 70046, 70590, 70621, 70849, 70866, 70874, 70896, 70899, 70903, 70911, 70961, 70971, 70991, 71029, 71035, 71124, 71152, 71163, 71219, 71233, 71237, 72337, 74754, 74759, 74795, 75219, 75221, 75224, 75230, 75231, 75244, 75497, 75499, 75502, 75503, 75506, 75508, 75510, 75511, 75513, 75515, 75531, 75533, 75595, 75597, 75598, 75599, 75601, 75652, 75661, 75677, 75701, 75710, 75714, 75716, 75727, 75729, 76270, 76274, 76283, 76494, 76787, 76791, 76798, 76802, 76823, 76879, 76883, 76913, 76995, 77258, 77274, 77279, 77306, 77321, 77332, 77715, 77716, 77738, 77740, 77743, 77799, 77801, 77806, 77809, 77815, 77819, 77827, 77830, 77839, 77848, 77851, 77854, 77858, 77874, 77875, 77927, 77931, 77933, 78192, 78196, 78200, 78203, 78205, 78215, 78221, 78360, 78363, 78372, 78375, 78596, 78601, 78692, 78695, 78702, 78733, 78743, 78746, 78775, 78786, 78965, 78968, 78974, 78977, 78981, 78984, 79033, 79054, 79073, 79128, 79201, 79202, 79222, 79264, 79270, 79292, 79437, 79438, 79474, 79540, 79550, 79656, 79661, 79712, 79718, 79743, 79755, 79756, 79861, 79865, 79867, 79871, 79937, 79996, 80001, 80003, 80007, 80017, 80036, 80071, 80120, 80124, 80129, 80435, 80450, 80485, 80511, 80530, 80532, 80575, 80665, 80696, 80755, 80896, 80904, 80908, 80924, 80925, 80928, 80929, 80935, 80963, 80971, 80972, 80980, 80996, 81014, 81018, 81022, 81027, 81040, 81076, 81098, 81101, 81110, 81117, 81139, 81188, 81189, 81212, 81214, 81235, 81237, 81254, 81263, 81271, 81379, 81512, 81547, 81551, 81553, 81558, 81565, 81572, 81574, 81576, 81580, 81587, 81600, 81602, 81618, 81620, 81623, 81628, 81631, 81634, 81642, 81644, 81724, 81734, 81746, 81892, 81894, 81898, 81899, 81900, 81903, 81909, 81914, 81929, 81933, 81936, 81937, 81939, 81944, 81945, 81963, 81970, 81973, 81989, 82078, 82087, 82098, 82130, 82133, 82137, 82142, 82319, 82331, 82344, 82372, 82390, 82393, 82396, 82479, 82486, 82489, 82669, 82945, 83008, 83423, 83428, 83470, 83529, 83620, 83625, 83653, 83667, 83670, 83673, 83676, 83680, 83691, 83695, 83698, 83703, 83762, 83769, 83810, 83937, 83945, 83948, 83953, 83990, 84108, 84120, 84148, 84183, 84200, 84260, 84325, 84327, 84339, 84384, 84386, 84399, 84450, 84454, 84462, 84467, 84636, 84690, 84693, 84707, 84951, 84960, 85182, 85193, 85206, 85240, 85254, 85660, 85664, 86447, 86449, 86451, 86479, 86492, 86502, 86595, 87150, 87475, 87480, 87539, 87550, 87580, 87839, 87984, 88286, 88502, 88587, 88734, 89091, 89419, 89471, 93863, 93883, 93913, 93933, 93975, 93985, 93988, 94003, 94034, 94105, 94226, 94249, 94250, 94269, 94284, 94299, 94354, 94533, 94678, 94740, 94818, 95061, 95207, 95538, 95643, 95663, 95688, 96082, 96170, 96173, 96179, 96184, 96188, 96218, 96243, 96245, 96262, 96279, 96322, 17032, 18010, 17528, 14731, 14695, 14658, 14633, 78079, 17731, 82241, 11198, 8981, 45552, 11415, 9159, 7894, 9830, 8171, 12033, 10853, 10086, 8076, 75937, 76113, 10589, 10540, 10545, 76146, 8153, 8161, 8196, 8203, 8208, 8277, 8334, 8340, 8406, 8435, 8468, 8511, 8512, 8877, 8882, 8889, 8952, 8971, 8996, 9027, 9035, 9037, 9050, 9066, 9127, 9193, 9232, 9252, 9253, 9286, 9326, 9361, 9370, 9393, 9403, 9444, 9452, 9453, 9460, 9480, 9508, 9525, 9619, 9632, 9647, 9659, 9687, 9689, 9690, 9696, 9715, 9807, 9912, 9931, 9937, 9954, 9963, 9965, 10065, 10131, 10141, 10197, 10212, 10222, 10305, 10366, 10371, 10393, 10418, 10428, 10443, 10447, 10454, 10461, 10508, 10542, 10559, 10596, 10638, 10688, 10695, 10724, 10753, 10857, 10930, 10937, 10940, 10944, 10974, 10994, 11001, 11016, 11072, 11099, 11156, 11207, 11259, 11262, 11320, 11329, 11355, 11363, 11388, 11390, 11403, 11500, 11522, 11569, 11576, 11586, 11946, 11966, 11968, 11971, 11972, 11978, 11982, 12007, 12014, 12016, 12079, 12099, 12112, 12122, 12128, 12274, 12315, 12392, 12393, 12399, 13769, 13781, 13791, 13796, 13809, 13824, 13841, 13861, 13873, 13902, 13912, 13928, 13945, 13957, 14005, 14394, 14406, 14423, 14434, 14461, 14473, 14540, 14547, 14550, 14567, 14598, 14647, 14649, 14666, 14670, 14728, 14737, 14742, 14770, 14782, 14811, 14814, 14815, 14870, 14902, 14923, 14926, 15067, 15097, 15105, 15111, 15119, 15139, 15143, 15153, 15173, 15184, 15186, 15251, 15264, 15277, 15284, 16902, 16903, 16913, 16927, 17460, 17466, 17487, 17503, 17537, 17538, 17588, 17657, 17684, 17700, 17729, 17735, 17776, 17793, 17810, 17827, 17828, 17845, 17866, 18023, 25071, 25201, 25267, 25406, 25425, 36919, 36921, 36974, 36978, 37182, 37186, 37944, 37996, 38001, 38033, 38050, 41235, 41237, 41300, 41312, 42173, 44324, 45235, 45237, 45285, 45611, 46997, 47744, 47770, 49944, 49989, 66985, 75703, 75705, 75708, 75718, 75741, 75788, 75794, 75797, 75806, 75807, 75814, 75818, 75835, 75843, 75845, 75874, 75889, 75922, 75925, 75927, 75948, 76006, 76017, 76026, 76028, 76029, 76056, 76059, 76097, 76104, 76108, 76140, 76178, 76220, 76241, 76322, 76398, 76438, 76449, 76508, 77002, 77102, 77137, 77144, 77147, 77150, 77169, 77231, 77335, 77347, 77349, 77355, 77368, 77409, 77484, 77631, 77694, 77696, 77698, 77977, 77991, 78030, 78136, 82145, 82176, 82181, 82375, 82529, 82531, 83986, 84006, 84084, 84646, 84651, 84657, 87229], "label": "stair"}, {"objectId": 3, "id": 3, "partId": 3, "index": 2, "dominantNormal": [0.7889890074729919, 0.6144073009490967, 1.3642582640229699e-16], "obb": {"axesLengths": [3.8829145960311804, 3.7999999865889533, 0.14625789372712564], "centroid": [-2.091232884248376, -0.03639305049671032, 0.5300000056622882], "normalizedAxes": [-0.6144073009490967, 0.7889890074729919, 1.7519075245453307e-16, 0, -2.220446049250313e-16, 1, 0.7889890074729919, 0.6144073009490967, 1.3642582640229699e-16]}, "segments": [39435, 20167, 21689, 25926, 17239, 17681, 37628, 58175, 64328, 65284, 62028, 56815, 93456], "label": "wall"}, {"objectId": 4, "id": 4, "partId": 4, "index": 3, "dominantNormal": [0.8471748232841492, 0.5313141942024231, 1.179754503427384e-16], "obb": {"axesLengths": [0.7451571431797447, 1.2725819660891147, 0.36006195476199154], "centroid": [-3.1051183809535137, 1.0132665997078054, 0.0737089661423318], "normalizedAxes": [-0.5313141942024231, 0.8471748232841492, 1.8811059893856212e-16, 0, -2.220446049250313e-16, 1, 0.8471748232841492, 0.5313141942024231, 1.179754503427384e-16]}, "segments": [62856, 54305, 54929, 86371, 57215, 56752, 57277, 86112, 50735, 50759, 50833, 51577, 51897, 54310, 54334, 54432, 54435, 54460, 54548, 54690, 54693, 54708, 54723, 54784, 54787, 54788, 54790, 54796, 54822, 54843, 54885, 54908, 54915, 54938, 54944, 54949, 54971, 54995, 54998, 56779, 56803, 56813, 56824, 57048, 57060, 57081, 57116, 57124, 57212, 59709, 59842, 59849, 59869, 59893, 63003, 84877, 85132, 85140, 85143, 86158, 86179, 86201, 86209, 86255, 86258, 86262, 86271, 86278, 86281, 86422, 86676, 86716, 86720, 87254, 87341, 87350, 87353, 87357, 87362], "label": "window"}, {"objectId": 5, "id": 5, "partId": 5, "index": 4, "dominantNormal": [0.8173481225967407, 0.5761440992355347, 1.2792968889464233e-16], "obb": {"axesLengths": [0.2232390912766332, 1.4999999664723873, 0.12785356350844276], "centroid": [-2.6575068174916074, 0.7127326440162447, 0.10000000812098042], "normalizedAxes": [-0.5761440992355347, 0.8173481225967407, 1.8148774096820935e-16, 0, -2.220446049250313e-16, 1, 0.8173481225967407, 0.5761440992355347, 1.2792968889464233e-16]}, "segments": [55784, 37371, 83258, 41380, 56967, 56450, 50896, 50907, 41398, 50862, 50975, 50976, 83267, 86678, 93814, 93824, 37420], "label": "curtain"}, {"objectId": 6, "id": 6, "partId": 6, "index": 5, "dominantNormal": [0.9107944369316101, 0.4128601551055908, 9.167337002970806e-17], "obb": {"axesLengths": [0.3111544977072644, 1.5199999469518668, 0.23438723070864442], "centroid": [-3.218487292502537, 1.342965648034359, 0.10999999836072005], "normalizedAxes": [-0.41286012530326843, 0.9107944369316101, 2.022369909163957e-16, 0, -2.220446049250313e-16, 1, 0.9107944369316101, 0.41286012530326843, 9.167336341226316e-17]}, "segments": [62642, 62537, 87759, 62588, 49051, 49056, 49068, 49106, 49119, 49139, 49166, 51509, 51516, 51566, 51608, 51637, 51640, 51656, 51721, 51776, 51782, 57241, 57296, 57308, 57442, 57541, 59936, 60118, 60119, 60156, 60200, 84882, 85761, 85765, 85768, 85774, 85777, 85825, 86796, 86807, 86835, 86869, 87403, 87733, 57299, 49153], "label": "curtain"}, {"objectId": 7, "id": 7, "partId": 7, "index": 6, "dominantNormal": [0.610713005065918, -0.7918519973754883, -1.7582646391633722e-16], "obb": {"axesLengths": [3.0376371014996044, 2.507999840945008, 0.24993936705029873], "centroid": [-2.129212050394286, 2.389661643707015, -0.16046000516891779], "normalizedAxes": [0.7918519973754883, 0.610713005065918, 1.356055279324404e-16, 0, -2.220446049250313e-16, 1, 0.610713005065918, -0.7918519973754883, -1.7582646391633722e-16]}, "segments": [87033, 58138, 52603, 85853, 63645, 1424, 67360, 27960, 27966, 28637, 28703, 48717, 48725, 48731, 48738, 48745, 48758, 48796, 48810, 48858, 48878, 48897, 48901, 48991, 51549, 51955, 51959, 51962, 51990, 52038, 52048, 52065, 52085, 52120, 52132, 52135, 52160, 52180, 52237, 52245, 52261, 52268, 52274, 57458, 57533, 57688, 57707, 57724, 57737, 57768, 57792, 57799, 57811, 57812, 58184, 58187, 58189, 58221, 58224, 58239, 58249, 58257, 58268, 58294, 58302, 58304, 58310, 60407, 62706, 62718, 62735, 62756, 63368, 79985, 80313, 84839, 84844, 84846, 85827, 85831, 85840, 85841, 85844, 85845, 85861, 85868, 85892, 85985, 86798, 86864, 86867, 86900, 86921, 87048, 87067, 87111, 87120, 87394, 87400, 87449, 87789, 87790, 87802, 87806, 87819, 87823, 87831, 87832, 88180, 88183, 88186, 93636], "label": "wall"}, {"objectId": 8, "id": 8, "partId": 8, "index": 7, "dominantNormal": [0.6039104461669922, -0.7970521450042725, -1.7698112864212245e-16], "obb": {"axesLengths": [1.7161030452447654, 2.1075699454344066, 0.21738691138190988], "centroid": [-2.2153280463729788, 2.513825548114188, -0.34378502353031504], "normalizedAxes": [0.7970521450042725, 0.6039104461669922, 1.3409505642924917e-16, 0, -2.220446049250313e-16, 1, 0.6039104461669922, -0.7970521450042725, -1.7698112864212245e-16]}, "segments": [33517, 4840, 6294, 37578, 41360, 36751, 92028, 36708, 52800, 67900, 18479, 39287, 53266, 33339, 35513, 35531, 36012, 36031, 36761, 39271, 39337, 39338, 41336, 52327, 52354, 52375, 52750, 52805, 53186, 53220, 53225, 53241, 53247, 53278, 53294, 53296, 53342, 53374, 53456, 53515, 55697, 58430, 58465, 59249, 59533, 59554, 59582, 59585, 60904, 61711, 61713, 63958, 63968, 63980, 65301, 65308, 65357, 65374, 65380, 65392, 65399, 65410, 65416, 65525, 65602, 65619, 65627, 65633, 65686, 65738, 65967, 65991, 65992, 65995, 67928, 68018, 68520, 68587, 68590, 68594, 68648, 68705, 68708, 68723, 68739, 68798, 68844, 85965, 86055, 86059, 86064, 86483, 86484, 86485, 86487, 87598, 90104, 90131, 90201, 90233, 90260, 90302, 91739, 91815, 91821, 91847, 18582, 65600, 65593, 65578, 92249, 53291, 53234, 53263], "label": "door"}, {"objectId": 9, "id": 9, "partId": 9, "index": 8, "dominantNormal": [0.7896034121513367, 0.6136175394058228, 1.3625046411243574e-16], "obb": {"axesLengths": [6.233221327889627, 2.4876899163196247, 0.22104230028674465], "centroid": [0.9220758783905771, 0.8421038867322534, -0.16615499043133442], "normalizedAxes": [-0.6136175394058228, 0.7896034121513367, 1.7532717769860022e-16, 0, -2.220446049250313e-16, 1, 0.7896034121513367, 0.6136175394058228, 1.3625046411243574e-16]}, "segments": [39136, 53978, 22100, 28911, 90959, 33712, 91645, 44316, 7000, 64723, 47645], "label": "wall"}, {"objectId": 10, "id": 10, "partId": 10, "index": 9, "dominantNormal": [0, -2.220446049250313e-16, 1], "obb": {"axesLengths": [6.394201086909941, 0.6023090347131554, 3.30214129425397], "centroid": [-0.20825920050897828, -0.06465109169547481, 1.268845486517571], "normalizedAxes": [-0.5740976333618164, 0.8187868595123291, 1.8180720473822223e-16, 0, -2.220446049250313e-16, 1, 0.8187868595123291, 0.5740976333618164, 1.2747528218822e-16]}, "segments": [2404, 70150, 66609, 7245, 12771, 15726, 15803, 15813, 23407, 27745, 29890, 29917, 29941, 30355, 30390, 30464, 30466, 30521, 30527, 30563, 30592, 30598, 30609, 30654, 30749, 30769, 31962, 31981, 32029, 32454, 32485, 32489, 32506, 32572, 32594, 32601, 32626, 32743, 32815, 34004, 34036, 56471, 61477, 68324, 75267, 78838, 78856, 78880, 79298, 79303, 79306, 79312, 79363, 79364, 79367, 80023, 40879, 56105, 67349, 61988, 9450, 87130, 62232, 58634, 2929, 1744, 58729, 43835, 43844], "label": "ceiling"}, {"objectId": 11, "id": 11, "partId": 11, "index": 10, "dominantNormal": [0.6236629486083984, -0.7816933393478394, -1.7357078870801942e-16], "obb": {"axesLengths": [3.022884864350149, 2.49878996985875, 0.16934305189399518], "centroid": [1.6511826170043196, -2.483932901701942, -0.1606049636617719], "normalizedAxes": [0.7816933393478394, 0.6236630082130432, 1.3848100626502174e-16, 0, -2.220446049250313e-16, 1, 0.6236630082130432, -0.7816933393478394, -1.7357078870801942e-16]}, "segments": [12455, 46762, 55884, 2301, 603, 609, 619, 772, 1211, 19188, 33617, 33709, 33882, 33912, 33934, 42753, 50185, 55578, 69252, 69549, 71509, 72404, 72439, 73763, 73766, 74052, 74059, 74079, 74085, 74095, 74127, 20588], "label": "wall"}, {"objectId": 12, "id": 12, "partId": 12, "index": 11, "dominantNormal": [0.6218947768211365, -0.7831007838249207, -1.7388330416088685e-16], "obb": {"axesLengths": [0.959216420070994, 2.041548921729275, 0.2578918224166975], "centroid": [2.106388353292215, -2.4329700374278938, -0.4060854955894051], "normalizedAxes": [0.7831007838249207, 0.6218947768211365, 1.3808838002418977e-16, 0, -2.220446049250313e-16, 1, 0.6218947768211365, -0.7831007838249207, -1.7388330416088685e-16]}, "segments": [39056, 48167, 22382, 62351, 49432, 46251, 39872, 21072, 416, 20060, 20077, 20178, 21154, 21983, 22352, 22381, 22385, 22398, 22449, 39012, 48494, 49461, 49535, 74046, 78644, 83020, 83029, 83032, 83080, 84909, 51351], "label": "door"}, {"objectId": 13, "id": 13, "partId": 13, "index": 12, "dominantNormal": [0.8090482950210571, 0.5877421498298645, 1.3050497345676082e-16], "obb": {"axesLengths": [1.2509823795628943, 0.9275099427809578, 0.6215376002488673], "centroid": [0.8790320830813796, 0.47473847725116636, -0.9483549815785546], "normalizedAxes": [-0.5877421498298645, 0.8090482950210571, 1.796448090332208e-16, 0, -2.220446049250313e-16, 1, 0.8090482950210571, 0.5877421498298645, 1.3050497345676082e-16]}, "segments": [62680, 26514, 86907, 91771, 17931, 26478, 39628, 39645, 18102, 31312, 32680, 41930, 57849, 58715, 63601, 64274, 64315, 64372, 64426, 68362, 87464, 63593, 89738, 58682, 68376, 18107, 28520, 80218, 28439, 80221, 28527, 63046], "label": "commode"}, {"objectId": 14, "id": 14, "partId": 14, "index": 13, "dominantNormal": [0, -2.220446049250313e-16, 1], "obb": {"axesLengths": [0.9633895514107587, 0.8539989399761191, 0.8550015054134474], "centroid": [-0.04383679057555617, 1.6209189124183738, -0.9749204731379377], "normalizedAxes": [0.8259685039520264, -0.5637162923812866, -1.2517016143160622e-16, 0, -2.220446049250313e-16, 1, -0.5637162923812866, -0.8259685039520264, -1.8340185014054686e-16]}, "segments": [73993, 23233, 5527, 12802, 13297, 41018, 41045, 41054, 41324, 41609, 31747, 76751, 2513, 12452, 12573, 46359, 62959, 74051, 76517, 76557, 76771, 76777, 18758, 20673, 2224, 41641, 12107, 41979, 46898, 1535, 2239, 2336, 2419, 2474, 11843, 11857, 12159, 12560, 12587, 12588, 12721, 12756, 37169, 37183, 37676, 43320, 43343, 68824, 73962, 73972, 73979, 74593, 74670, 76513, 76549, 76705, 83708, 84404, 12517, 76740, 12523, 82264, 37868, 67161, 12550, 465, 38741, 37833, 60819, 37785, 38952], "label": "commode"}, {"objectId": 15, "id": 15, "partId": 15, "index": 14, "dominantNormal": [0.7863349318504333, 0.6178004145622253, 1.3717924897398988e-16], "obb": {"axesLengths": [0.9826774219854344, 1.1400000049173826, 0.23766988379762233], "centroid": [0.10049788134833151, 1.7694225054363981, -0.7800000046940179], "normalizedAxes": [-0.6178004145622253, 0.7863349318504333, 1.746014292814809e-16, 0, -2.220446049250313e-16, 1, 0.7863349318504333, 0.6178004145622253, 1.3717924897398988e-16]}, "segments": [90858, 14110, 84570, 39148, 14070, 14963, 77470, 47290, 47338, 43304], "label": "radiator"}, {"objectId": 16, "id": 16, "partId": 16, "index": 15, "dominantNormal": [-0.6839887499809265, -0.7294925451278687, -1.6197988397867317e-16], "obb": {"axesLengths": [0.34059841063334756, 1.4512769255501712, 0.1728351389196172], "centroid": [-0.4648765808382044, 2.6104761721751184, 0.10436148849796512], "normalizedAxes": [0.7294925451278687, -0.6839887499809265, -1.5187601176268084e-16, 0, -2.220446049250313e-16, 1, -0.6839887499809265, -0.7294925451278687, -1.6197988397867317e-16]}, "segments": [70644, 19842, 56662, 19809, 19826, 19961, 20355, 96529, 46229, 38334, 21442, 21403, 40463, 96435, 19853, 78300, 19765, 20476, 21302, 21328, 38303, 70699, 70764, 78262, 96463, 96484, 96490, 96492], "label": "curtain"}, {"objectId": 17, "id": 17, "partId": 17, "index": 16, "dominantNormal": [-0.6929481625556946, -0.7209874391555786, -1.600913710832105e-16], "obb": {"axesLengths": [0.28826316227441695, 1.479999985992908, 0.184742535781928], "centroid": [-0.8921831335310499, 3.1882970443528698, 0.10999999836072005], "normalizedAxes": [0.7209874391555786, -0.6929481625556946, -1.5386540098820558e-16, 0, -2.220446049250313e-16, 1, -0.6929481625556946, -0.7209874391555786, -1.600913710832105e-16]}, "segments": [85034, 23893, 25210, 50660, 80376, 23864, 26037, 79331, 24745], "label": "curtain"}, {"objectId": 18, "id": 18, "partId": 18, "index": 17, "dominantNormal": [-0.6411547660827637, -0.7674115896224976, -1.7039960323261773e-16], "obb": {"axesLengths": [0.7158422415830382, 1.2599999623000624, 0.500177856894536], "centroid": [-0.5804194256559805, 3.120327333762868, 0.11999998860045968], "normalizedAxes": [0.7674115896224976, -0.6411547660827637, -1.4236495673064812e-16, 0, -2.220446049250313e-16, 1, -0.6411547660827637, -0.7674115896224976, -1.7039960323261773e-16]}, "segments": [51487, 45647, 18327, 26585, 25129, 17086, 17104, 17115, 17152, 17220, 17300, 17333, 18234, 18320, 18347, 18381, 18403, 18429, 18768, 18769, 18788, 19018, 19846, 20431, 20495, 20503, 21450, 23425, 23493, 24795, 24875, 25120, 25122, 28628, 28653, 37163, 45651, 45654, 45689, 45727, 45731, 45732, 45750, 47053, 77938, 77941, 77975, 78141, 78186, 78268, 78308, 78334, 78410, 78429, 78432, 79252, 80279, 80296, 80321, 80323, 82245, 82251, 84019, 84038, 84055, 84074, 84447, 84812, 23895, 25063, 26612, 26702, 84773, 51455, 84436], "label": "window"}, {"objectId": 20, "id": 20, "partId": 20, "index": 18, "dominantNormal": [0.622586190700531, -0.7825512290000916, -1.7376127847692303e-16], "obb": {"axesLengths": [1.0162210562124563, 1.84033002316214, 0.416932796862324], "centroid": [0.8216648258082553, -2.938492636670295, -0.46409502936702474], "normalizedAxes": [0.7825512290000916, 0.622586190700531, 1.382419047458796e-16, 0, -2.220446049250313e-16, 1, 0.622586190700531, -0.7825512290000916, -1.7376127847692303e-16]}, "segments": [92364, 1240, 23926, 951, 2783, 71565, 917, 1637, 1680, 1844, 2136, 2701, 2707, 3517, 3772, 3875, 4019, 4332, 4741, 6024, 6034, 6043, 6247, 6260, 45122, 63196, 64770, 73870, 74508, 74921, 74923, 74994, 75109, 75127, 75130, 75133, 75137, 75307, 75310, 75378, 75388, 75444, 78847, 89940, 89944, 89979, 27797, 3317, 74494, 73820, 865, 875, 894, 1300, 1306, 1394, 1417, 1542, 1607, 1615, 1626, 1628, 1655, 1659, 1667, 1692, 1750, 1776, 1778, 1786, 1947, 2026, 2034, 2062, 2139, 2151, 2176, 2671, 3395, 3461, 3479, 3549, 3566, 3891, 4017, 4308, 4322, 4323, 4495, 4503, 4511, 4522, 4610, 6183, 20579, 47701, 47714, 47724, 47746, 47747, 47752, 47956, 47961, 47970, 51993, 51998, 52076, 52139, 52168, 52184, 52208, 52210, 52616, 52635, 54232, 54307, 54328, 54368, 56515, 56829, 64736, 64818, 69371, 71431, 71562, 71579, 73815, 73875, 73883, 73906, 74208, 74271, 74273, 74276, 74280, 74283, 74287, 74370, 74417, 74531, 74534, 74552, 74563, 74848, 74861, 74899, 74978, 74985, 75006, 75114, 75166, 75343, 96707, 96882, 73866, 53504, 57011, 71354, 96590, 96622, 4589, 45303, 59042, 71375, 71430, 71468], "label": "showcase"}, {"objectId": 21, "id": 21, "partId": 21, "index": 19, "dominantNormal": [0.4870993494987488, -0.8733465671539307, -1.9392189346632686e-16], "obb": {"axesLengths": [1.4181426906415417, 2.4848398606887474, 0.5722233655631981], "centroid": [-0.07600552565592605, -3.4667390223929564, -0.1675800182467735], "normalizedAxes": [0.8733465671539307, 0.48709937930107117, 1.0815778923613432e-16, 0, -2.220446049250313e-16, 1, 0.48709937930107117, -0.8733465671539307, -1.9392189346632686e-16]}, "segments": [46377, 72509, 10400, 9708, 55600, 54233, 56002, 68982, 1004, 4593, 4726, 4753, 33432, 35469, 35473, 39444, 42202, 43941, 43951, 43974, 43987, 45320, 56517, 56521, 56631, 56659, 63169, 63170, 63185, 68137, 68249, 68893, 68922, 71498, 72158, 72310, 72493, 72519, 75185, 83891, 83898, 85993, 85998, 86000, 86044, 86052, 96608, 96843, 96877, 96933], "label": "wall"}, {"objectId": 22, "id": 22, "partId": 22, "index": 20, "dominantNormal": [-0.09754769504070282, -0.9952308535575867, -2.2098564168739602e-16], "obb": {"axesLengths": [0.567907106777562, 0.8317850046205885, 0.55047278465145], "centroid": [1.044545107801979, -1.3158221306144056, -0.9711675263681854], "normalizedAxes": [0.9952308535575867, -0.09754769504070282, -2.1659939406660293e-17, 0, -2.220446049250313e-16, 1, -0.09754769504070282, -0.9952308535575867, -2.2098564168739602e-16]}, "segments": [5937, 5855, 5826, 5740, 75300, 5829, 64608, 66748, 75302, 61371, 61315, 61323, 61337, 64512, 64540, 64542, 64564, 64566, 64571, 64576, 64582, 64592, 64618, 64642, 64647, 64663, 64703, 66793, 66813, 66839, 66846, 66850, 66875, 87570, 87573, 87575, 89884, 90691, 90735, 90743, 90762, 90767, 64460, 90710, 66874, 5783, 75288, 64521], "label": "chair"}, {"objectId": 23, "id": 23, "partId": 23, "index": 21, "dominantNormal": [-0.5426788926124573, -0.8399402499198914, -1.8650420095409434e-16], "obb": {"axesLengths": [0.6018845669314384, 0.8101189551475874, 0.5998001237443579], "centroid": [1.1828011266284597, -1.9211636255196263, -0.9849404905378738], "normalizedAxes": [0.8399402499198914, -0.5426788926124573, -1.2049892031128657e-16, 0, -2.220446049250313e-16, 1, -0.5426788926124573, -0.8399402499198914, -1.8650420095409434e-16]}, "segments": [29598, 29126, 4874, 80787, 80791, 80843, 29610, 29112, 83323, 40147, 40153, 41035, 41036, 42421, 48409, 80835, 82559, 83018, 83344, 42377, 29666, 29711, 64434, 82627, 40181, 40099, 40162, 40199, 40202, 40206, 42442, 42454, 42460, 42471, 82593, 82621, 38438, 83417, 4869, 38444, 40804, 40809, 40811, 40812, 40821, 42478, 83379, 83384, 83421, 89882, 42439, 40236], "label": "chair"}, {"objectId": 24, "id": 24, "partId": 24, "index": 22, "dominantNormal": [0.7859761714935303, 0.6182568073272705, 1.3728058852519498e-16], "obb": {"axesLengths": [0.5558736431146107, 0.3999999672174459, 0.04171589948258866], "centroid": [1.078766020672091, 0.6662745740176101, 0.3299999624489218], "normalizedAxes": [-0.6182568073272705, 0.7859761714935303, 1.7452176847976958e-16, 0, -2.220446049250313e-16, 1, 0.7859761714935303, 0.6182568073272705, 1.3728058852519498e-16]}, "segments": [90969, 80923, 31877, 31735], "label": "picture"}, {"objectId": 25, "id": 25, "partId": 25, "index": 23, "dominantNormal": [0.7942711114883423, 0.6075634956359863, 1.3490619635536357e-16], "obb": {"axesLengths": [0.40998629201390174, 0.5199999786168339, 0.01920358636170163], "centroid": [0.19502129147866148, 1.7908676847422127, 0.24999997626974846], "normalizedAxes": [-0.6075634956359863, 0.7942711114883423, 1.7636361515379446e-16, 0, -2.220446049250313e-16, 1, 0.7942711114883423, 0.6075634956359863, 1.3490619635536357e-16]}, "segments": [44267], "label": "picture"}, {"objectId": 26, "id": 26, "partId": 26, "index": 24, "dominantNormal": [0.7936034798622131, 0.608435332775116, 1.3509978308848058e-16], "obb": {"axesLengths": [0.24218396709559792, 0.6600000114738935, 0.030686213753177316], "centroid": [-0.23151327767662855, 2.3472807826353472, -1.3485703220794676e-08], "normalizedAxes": [-0.608435332775116, 0.7936034798622131, 1.7621537115313516e-16, 0, -2.220446049250313e-16, 1, 0.7936034798622131, 0.608435332775116, 1.3509978308848058e-16]}, "segments": [40384, 46281], "label": "picture"}, {"objectId": 28, "id": 28, "partId": 28, "index": 26, "dominantNormal": [0.6046003699302673, -0.7965289354324341, -1.768649527794506e-16], "obb": {"axesLengths": [1.755900379569312, 2.169889878409581, 0.15774723851540262], "centroid": [-2.156205732854082, 2.4529910627407863, -0.3149449889748208], "normalizedAxes": [0.7965289354324341, 0.6046003699302673, 1.34248250278694e-16, 0, -2.220446049250313e-16, 1, 0.6046003699302673, -0.7965289354324341, -1.768649527794506e-16]}, "segments": [18714, 88465, 63654, 59416], "label": "doorframe"}, {"objectId": 30, "id": 30, "partId": 30, "index": 27, "dominantNormal": [0, -2.220446049250313e-16, 1], "obb": {"axesLengths": [0.5274313586421088, 0.06578495951477525, 0.28730677963092055], "centroid": [-0.516174880558573, 2.9167103961783103, -0.49710749327166326], "normalizedAxes": [-0.2515617311000824, 0.9678412675857544, 2.1490393189122034e-16, 0, -2.220446049250313e-16, 1, 0.9678412675857544, 0.2515617311000824, 5.585792519637476e-17]}, "segments": [21508, 27076], "label": "windowsill"}, {"objectId": 31, "id": 31, "partId": 31, "index": 28, "dominantNormal": [-0.6161710619926453, -0.7876123785972595, -1.7488507943969267e-16], "obb": {"axesLengths": [0.39462731453507804, 0.32577399181334676, 0.2829312630261652], "centroid": [-0.7208960201961916, 3.2084739715015456, -0.37288699814199955], "normalizedAxes": [0.7876123189926147, -0.6161710619926453, -1.368174600263939e-16, 0, -2.220446049250313e-16, 1, -0.6161710619926453, -0.7876123189926147, -1.7488506620480287e-16]}, "segments": [26983, 26968, 27021, 27028, 28699], "label": "plant"}, {"objectId": 32, "id": 32, "partId": 32, "index": 29, "dominantNormal": [0, -2.220446049250313e-16, 1], "obb": {"axesLengths": [0.24802190576655983, 0.17668297491931217, 0.22294158901094027], "centroid": [-0.4907625311148154, 3.0041104257689537, -0.438341487161785], "normalizedAxes": [0.9579404592514038, 0.2869669497013092, 6.371946297296853e-17, 0, -2.220446049250313e-16, 1, 0.2869669497013092, -0.9579404592514038, -2.12705510816181e-16]}, "segments": [17164, 17213], "label": "plant"}, {"objectId": 33, "id": 33, "partId": 33, "index": 30, "dominantNormal": [0.9780840873718262, -0.2082103192806244, -4.623197808598087e-17], "obb": {"axesLengths": [0.3184179013065545, 0.26934998625479656, 0.07561764896601905], "centroid": [-0.43168101021379723, 2.8484165177774607, -0.38467500102516583], "normalizedAxes": [0.2082103192806244, 0.9780840873718262, 2.1717829476393695e-16, 0, -2.220446049250313e-16, 1, 0.9780840873718262, -0.2082103192806244, -4.623197808598087e-17]}, "segments": [21371], "label": "plant"}, {"objectId": 34, "id": 34, "partId": 34, "index": 31, "dominantNormal": [-0.07302343100309372, -0.9973302483558655, -2.214518009759615e-16], "obb": {"axesLengths": [0.18058188117224197, 0.25701009652741025, 0.15047158898465873], "centroid": [-0.9612353450241813, 3.18040213809971, -1.2985049926825272], "normalizedAxes": [0.9973302483558655, -0.07302343100309372, -1.6214458887352228e-17, 0, -2.220446049250313e-16, 1, -0.07302343100309372, -0.9973302483558655, -2.214518009759615e-16]}, "segments": [48342, 48318], "label": "plant"}, {"objectId": 35, "id": 35, "partId": 35, "index": 32, "dominantNormal": [0.7656033635139465, 0.6433128714561462, 1.4284415238566744e-16], "obb": {"axesLengths": [0.9162409213285292, 0.4607199327486766, 0.28018878650980783], "centroid": [-0.566224824363463, 2.6411236185353166, -1.203419969974164], "normalizedAxes": [-0.6433128714561462, 0.7656034231185913, 1.699981096156192e-16, 0, -2.220446049250313e-16, 1, 0.7656034231185913, 0.6433128714561462, 1.4284415238566744e-16]}, "segments": [22277, 46507, 29039, 80533, 80536, 22564, 46540, 45024, 29052, 44838, 45099, 44843, 28972, 22254, 29011, 80523, 47908], "label": "stuffed animal"}, {"objectId": 36, "id": 36, "partId": 36, "index": 33, "dominantNormal": [0.8766688704490662, -0.48109427094459534, -1.0682438732358864e-16], "obb": {"axesLengths": [0.2204045330003528, 0.19999998360872295, 0.11938826669831082], "centroid": [-0.15898430179405681, 2.1483740052631504, -0.6099999843539337], "normalizedAxes": [0.4810943007469177, 0.8766688704490662, 1.9465959298893635e-16, 0, -2.220446049250313e-16, 1, 0.8766688704490662, -0.4810943007469177, -1.0682439394103354e-16]}, "segments": [47348, 84485], "label": "decoration"}, {"objectId": 37, "id": 37, "partId": 37, "index": 34, "dominantNormal": [0, -2.220446049250313e-16, 1], "obb": {"axesLengths": [0.14142005938258667, 0.04131102469613346, 0.11917697057749761], "centroid": [-0.03448192864908889, 2.063529602031674, -0.3093445068745835], "normalizedAxes": [-0.137013241648674, 0.9905692338943481, 2.1995055419096147e-16, 0, -2.220446049250313e-16, 1, 0.9905692338943481, 0.137013241648674, 3.0423051111377666e-17]}, "segments": [56279], "label": "decoration"}, {"objectId": 38, "id": 38, "partId": 38, "index": 35, "dominantNormal": [0, -2.220446049250313e-16, 1], "obb": {"axesLengths": [0.10449448796255358, 0.03903999837398531, 0.09669111441475593], "centroid": [0.05140135691617137, 1.9198723232880384, -0.31853201131838915], "normalizedAxes": [0.49764111638069153, 0.8673830032348633, 1.9259771627197237e-16, 0, -2.220446049250313e-16, 1, 0.8673830032348633, -0.49764111638069153, -1.1049852508120218e-16]}, "segments": [90984], "label": "decoration"}, {"objectId": 39, "id": 39, "partId": 39, "index": 36, "dominantNormal": [0, -2.220446049250313e-16, 1], "obb": {"axesLengths": [0.23123831971743883, 0.18819799598608883, 0.22881883493983624], "centroid": [-0.1751891479934864, 1.5743546039522907, -0.5600150088219005], "normalizedAxes": [0.8461489677429199, 0.5329464673995972, 1.1833788779993463e-16, 0, -2.220446049250313e-16, 1, 0.5329464673995972, -0.8461489677429199, -1.8788281325019971e-16]}, "segments": [74651, 2389, 2453, 2449], "label": "item"}, {"objectId": 40, "id": 40, "partId": 40, "index": 37, "dominantNormal": [0.7521685361862183, -0.6589707732200623, -1.4632090499679112e-16], "obb": {"axesLengths": [0.24718154600994566, 0.27568399289956663, 0.17636690761130977], "centroid": [0.15714502674152567, 1.4519933627516892, -0.6121580002721134], "normalizedAxes": [0.6589707732200623, 0.7521685361862183, 1.6701496545450795e-16, 0, -2.220446049250313e-16, 1, 0.7521685361862183, -0.6589707732200623, -1.4632090499679112e-16]}, "segments": [11761, 11612, 11644, 11645, 11651, 11699, 76545, 76268, 11743], "label": "item"}, {"objectId": 41, "id": 41, "partId": 41, "index": 38, "dominantNormal": [0, -2.220446049250313e-16, 1], "obb": {"axesLengths": [0.2861350933714853, 0.20972498782593774, 0.26691796206445734], "centroid": [1.2918842130707522, 0.19739061519532197, -0.5407934947881099], "normalizedAxes": [-0.6704895496368408, 0.7419189214706421, 1.6473909380435405e-16, 0, -2.220446049250313e-16, 1, 0.7419189214706421, 0.6704895496368408, 1.488785871554745e-16]}, "segments": [80760, 28431, 28497, 28441, 80202, 28534], "label": "plant"}, {"objectId": 42, "id": 42, "partId": 42, "index": 39, "dominantNormal": [0, -2.220446049250313e-16, 1], "obb": {"axesLengths": [0.45143967451863243, 0.15843397024793981, 0.4619195946411859], "centroid": [0.9099908124437577, 0.5472227395165606, -0.5322429851687813], "normalizedAxes": [-0.6466752886772156, 0.7627654075622559, 1.693679435726416e-16, 0, -2.220446049250313e-16, 1, 0.7627654075622559, 0.6466752886772156, 1.435907589891129e-16]}, "segments": [30798, 81355, 31177, 30806, 32690], "label": "basket"}, {"objectId": 43, "id": 43, "partId": 43, "index": 40, "dominantNormal": [0.5606972575187683, -0.8280208706855774, -1.8385756710105947e-16], "obb": {"axesLengths": [0.16294299962193004, 0.31701501495357554, 0.14669621268018382], "centroid": [0.695235079028