{"segGroups": [{"objectId": 1, "id": 1, "partId": 1, "index": 0, "dominantNormal": [0, -2.220446049250313e-16, 1], "obb": {"axesLengths": [0.4744389207919883, 0.45542990143381284, 0.4632590027229318], "centroid": [-0.33136469385721756, 0.5113306399279984, -1.2554950594737748], "normalizedAxes": [0.9857192039489746, -0.16839736700057983, -3.7391726826059254e-17, 0, -2.220446049250313e-16, 1, -0.16839736700057983, -0.9857192039489746, -2.1887363120786643e-16]}, "segments": [7832, 9388, 9438, 9460, 2834, 3270, 7829, 3345, 7959, 9469, 13249, 14374, 14396], "label": "chair"}, {"objectId": 2, "id": 2, "partId": 2, "index": 1, "dominantNormal": [0, -2.220446049250313e-16, 1], "obb": {"axesLengths": [3.8855263065512555, 0.28928005048751676, 2.7966247845015495], "centroid": [-0.015984258363587134, 0.4677526591764183, -1.434640033992827], "normalizedAxes": [0.5590521693229675, 0.8291324973106384, 1.841043977958453e-16, 0, -2.220446049250313e-16, 1, 0.8291324973106384, -0.5590521693229675, -1.2413451806980003e-16]}, "segments": [11203, 1843, 6153, 4614, 10127, 1962, 9214, 9380, 5536, 2433, 8552, 3541, 3471, 7688, 9322, 10512, 5544, 11104, 2270, 5521], "label": "floor"}, {"objectId": 3, "id": 3, "partId": 3, "index": 2, "dominantNormal": [0.9694303274154663, 0.24536682665348053, 5.4482380085980726e-17], "obb": {"axesLengths": [3.0508483315609864, 1.2999999679625038, 0.24643157427150336], "centroid": [-0.7351606314468984, -0.05056545979143767, -0.8600000484606622], "normalizedAxes": [-0.24536682665348053, 0.9694303274154663, 2.1525677405331096e-16, 0, -2.220446049250313e-16, 1, 0.9694303274154663, 0.24536682665348053, 5.4482380085980726e-17]}, "segments": [11626, 6256, 2934, 2554, 8526, 12907], "label": "wall"}, {"objectId": 4, "id": 4, "partId": 4, "index": 3, "dominantNormal": [0.23672030866146088, -0.9715778231620789, -2.1573361389794573e-16], "obb": {"axesLengths": [2.5900065391348517, 3.0599999935924993, 0.5351733057143657], "centroid": [0.1310833142990725, 1.5718655708585856, -0.040000096293388854], "normalizedAxes": [0.9715778231620789, 0.23672032356262207, 5.2562470723188e-17, 0, -2.220446049250313e-16, 1, 0.23672032356262207, -0.9715778231620789, -2.1573361389794573e-16]}, "segments": [1102, 11918, 1519, 1844, 10485, 832, 9244, 5464, 2279, 6855, 11214, 11243, 14288, 6765, 4752, 5010, 11507, 6967, 12837, 14876, 4554, 6779, 4492, 8203, 12661, 12815, 12487, 638, 7830, 9867, 10041, 5768, 14692], "label": "wall"}, {"objectId": 5, "id": 5, "partId": 5, "index": 4, "dominantNormal": [0.9778733849525452, 0.20919755101203918, 4.6451187565752324e-17], "obb": {"axesLengths": [1.43333663508137, 1.8411999231308704, 0.24591841150553387], "centroid": [1.4322510921628564, 1.280998725181118, -0.5906000315582758], "normalizedAxes": [-0.20919755101203918, 0.9778733849525452, 2.1713150942849095e-16, 0, -2.220446049250313e-16, 1, 0.9778733849525452, 0.20919755101203918, 4.6451187565752324e-17]}, "segments": [10580, 2637, 4171, 7281, 4316, 3341, 7794, 2740], "label": "wall"}, {"objectId": 6, "id": 6, "partId": 6, "index": 5, "dominantNormal": [0.2399141490459442, -0.9707940816879272, -2.1555958833195438e-16], "obb": {"axesLengths": [0.7821228110107938, 0.48000000834464984, 0.07664688813208391], "centroid": [0.07662183064819905, 1.631250201188939, 0.7499999075064068], "normalizedAxes": [0.9707940816879272, 0.2399141490459442, 5.327164244083176e-17, 0, -2.220446049250313e-16, 1, 0.2399141490459442, -0.9707940816879272, -2.1555958833195438e-16]}, "segments": [714, 920, 6358, 403, 13157, 524, 1007, 1438], "label": "tv"}, {"objectId": 7, "id": 7, "partId": 7, "index": 6, "dominantNormal": [0, -2.220446049250313e-16, 1], "obb": {"axesLengths": [1.114797057839926, 0.7607599326798331, 0.8491439710532241], "centroid": [0.1170520854032539, 1.3459485503048838, -1.1103800448264178], "normalizedAxes": [0.99359130859375, 0.11303216218948364, 2.5098181797185957e-17, 0, -2.220446049250313e-16, 1, 0.11303216218948364, -0.99359130859375, -2.2062158957364408e-16]}, "segments": [8922, 15696, 11704, 7451, 9182, 11824, 9051, 7508, 15156, 10834, 12258, 11508, 9170, 3631, 14500, 3805, 5223, 5860, 5329, 8199, 14457, 11249, 14081, 7963, 7993, 3436, 13262, 5416, 5296], "label": "table"}, {"objectId": 8, "id": 8, "partId": 8, "index": 7, "dominantNormal": [0.25532177090644836, -0.9668561220169067, -2.1468518563259192e-16], "obb": {"axesLengths": [0.49233563517064943, 0.38299702741957375, 0.2378760463271689], "centroid": [0.05058610649771228, 1.510768455353323, -0.5985015658197956], "normalizedAxes": [0.9668561220169067, 0.25532177090644836, 5.669282174968168e-17, 0, -2.220446049250313e-16, 1, 0.25532177090644836, -0.9668561220169067, -2.1468518563259192e-16]}, "segments": [5956, 14127, 15085, 14104, 5911, 8822, 5980], "label": "monitor"}, {"objectId": 9, "id": 9, "partId": 9, "index": 8, "dominantNormal": [0.9761074781417847, 0.21728818118572235, 4.824766834626234e-17], "obb": {"axesLengths": [0.5076434680428494, 0.5509399052499253, 0.1951538970582883], "centroid": [-0.10531891003661653, 1.2088159880590434, -1.3589000559417896], "normalizedAxes": [-0.21728818118572235, 0.9761074781417847, 2.167393993483612e-16, 0, -2.220446049250313e-16, 1, 0.9761074781417847, 0.21728818118572235, 4.824766834626234e-17]}, "segments": [13988, 8220, 8432, 8292, 10953, 10899, 13887, 10894, 11058, 11030, 10043, 11000, 13942, 13962, 8295, 13731, 14053, 7960, 8045, 7982, 8016], "label": "pc"}, {"objectId": 10, "id": 10, "partId": 10, "index": 9, "dominantNormal": [0.9753274917602539, 0.2207629531621933, 4.90192227169824e-17], "obb": {"axesLengths": [0.6331512449577397, 0.7950860084201542, 0.5230172804608405], "centroid": [0.622346800541328, 0.5591457425110881, -1.062287084590039], "normalizedAxes": [-0.2207629382610321, 0.9753274917602539, 2.165662075804273e-16, 0, -2.220446049250313e-16, 1, 0.9753274917602539, 0.2207629382610321, 4.901921940825995e-17]}, "segments": [9706, 3971, 7902, 14824, 14730, 4022, 14757, 13554, 13551, 13545, 10230, 10247, 4088, 13561, 4094, 14548, 4346, 14619, 14634, 14560, 7899, 3995, 4254, 10246, 14718, 9745], "label": "chair"}], "scan_id": "8f0f1467-55de-28ce-8331-b670a7274af9", "annId": "3844", "appId": "stk.v1"}