{"segGroups": [{"objectId": 10, "id": 10, "partId": 10, "index": 0, "dominantNormal": [0.8252509832382202, -0.5647661685943604, -1.2540328078055837e-16], "obb": {"axesLengths": [0.23487243091513643, 0.19999998360872295, 0.08062486811102937], "centroid": [-1.7360987503110408, -0.6342266363209933, -0.609999981600495], "normalizedAxes": [0.5647661685943604, 0.8252509832382202, 1.8324252853712424e-16, 0, -2.220446049250313e-16, 1, 0.8252509832382202, -0.5647661685943604, -1.2540328078055837e-16]}, "segments": [54616], "label": "soap dish"}, {"objectId": 11, "id": 11, "partId": 11, "index": 1, "dominantNormal": [0.7264660596847534, 0.6872023940086365, 1.525895840811834e-16], "obb": {"axesLengths": [0.2864292085097226, 0.19873100074981886, 0.09264895187062049], "centroid": [-1.266990069158811, -0.3354313043462975, -0.6424255036799884], "normalizedAxes": [-0.6872023940086365, 0.7264660000801086, 1.6130785597925549e-16, 0, -2.220446049250313e-16, 1, 0.7264660000801086, 0.6872023940086365, 1.525895840811834e-16]}, "segments": [32605, 33931, 33904, 20363, 32532, 32609], "label": "object"}, {"objectId": 12, "id": 12, "partId": 12, "index": 2, "dominantNormal": [0.9422212243080139, 0.3349912762641907, 7.438300559141424e-17], "obb": {"axesLengths": [0.12415688960170757, 0.28653197840157185, 0.09545325690546122], "centroid": [-0.9927236911361725, -0.024469207546342187, -0.5467340037245914], "normalizedAxes": [-0.3349912762641907, 0.9422212243080139, 2.0921513950345226e-16, 0, -2.220446049250313e-16, 1, 0.9422212243080139, 0.3349912762641907, 7.438300559141424e-17]}, "segments": [20222, 20290, 48389], "label": "object"}, {"objectId": 13, "id": 13, "partId": 13, "index": 3, "dominantNormal": [0, -2.220446049250313e-16, 1], "obb": {"axesLengths": [0.5489431370021572, 0.30499898705633743, 0.4382618941188472], "centroid": [-0.7869579541086424, 0.1113726227424362, -0.7575414714800995], "normalizedAxes": [0.8249679207801819, -0.5651795864105225, -1.2549507797621705e-16, 0, -2.220446049250313e-16, 1, -0.5651795864105225, -0.8249679207801819, -1.8317967604546001e-16]}, "segments": [18155, 18163, 48888, 22105, 22243, 24273, 22186, 22230, 22117, 13168, 18553, 18572, 18576, 18614, 19433, 19958, 21797, 21800, 21813, 21836, 21845, 21937, 22008, 22026, 22073, 22106, 22285, 22297, 24443, 24523, 32017, 47937, 47944, 48123, 48705, 48812, 48816, 48925, 49542, 49544, 49546, 49550, 48901, 19273, 19393, 19441, 19444, 19457, 21414, 21415, 21416, 21429, 22100, 24800, 48523, 48534, 49589, 49595], "label": "stove"}, {"objectId": 14, "id": 14, "partId": 14, "index": 4, "dominantNormal": [0.7528261542320251, -0.6582193970680237, -1.4615406597596163e-16], "obb": {"axesLengths": [0.5470117398566358, 0.5399999795854094, 0.44073204706181346], "centroid": [-0.5773638569094984, 0.4706195813164241, -0.6000000062619161], "normalizedAxes": [0.6582193970680237, 0.7528261542320251, 1.671609859936807e-16, 0, -2.220446049250313e-16, 1, 0.7528261542320251, -0.6582193970680237, -1.4615406597596163e-16]}, "segments": [13090, 21718, 21711, 3617, 3775, 3594, 3699, 4067, 4845, 48775, 3991, 18684, 18712, 18715, 19929], "label": "microwave"}, {"objectId": 15, "id": 15, "partId": 15, "index": 5, "dominantNormal": [0, -2.220446049250313e-16, 1], "obb": {"axesLengths": [0.5306308434951801, 0.3500210266555613, 0.4010445217622549], "centroid": [-0.2198307460158243, 1.03521528064313, -0.4650105092333905], "normalizedAxes": [0.8862206339836121, 0.4632633924484253, 1.0286513695244033e-16, 0, -2.220446049250313e-16, 1, 0.4632633924484253, -0.8862206339836121, -1.9678051054930191e-16]}, "segments": [777, 31130, 1314, 851, 911, 922, 972, 1003, 1015, 1031, 1041, 1073, 1082, 1109, 4443, 44509, 44515, 44521, 44600, 44603, 44641, 44646, 44655, 1486], "label": "coffee machine"}, {"objectId": 16, "id": 16, "partId": 16, "index": 6, "dominantNormal": [-0.5037195682525635, -0.8638672232627869, -1.9181705629706932e-16], "obb": {"axesLengths": [0.31434891599790615, 0.2534379902458639, 0.1962787113479383], "centroid": [0.00842657015829007, 1.2241701495850206, -0.5032809967593639], "normalizedAxes": [0.8638672232627869, -0.5037195682525635, -1.118482125256478e-16, 0, -2.220446049250313e-16, 1, -0.5037195682525635, -0.8638672232627869, -1.9181705629706932e-16]}, "segments": [766, 31079, 31135, 769, 899, 30991, 31100, 51844, 51949, 31139, 848], "label": "object"}, {"objectId": 17, "id": 17, "partId": 17, "index": 7, "dominantNormal": [-0.3173034191131592, -0.9483240842819214, -2.1057024663527133e-16], "obb": {"axesLengths": [0.377007059680967, 0.24826701920627747, 0.20309786481100597], "centroid": [-0.391780569554797, 0.7205665045723755, -0.4741335065518295], "normalizedAxes": [0.9483240842819214, -0.3173034191131592, -7.045551233834306e-17, 0, -2.220446049250313e-16, 1, -0.3173034191131592, -0.9483240842819214, -2.1057024663527133e-16]}, "segments": [44872, 1481, 4064], "label": "object"}, {"objectId": 18, "id": 18, "partId": 18, "index": 8, "dominantNormal": [-0.42618024349212646, -0.9046382904052734, -2.0087005179309468e-16], "obb": {"axesLengths": [0.3451119871454439, 0.27002101533067924, 0.240757354049235], "centroid": [-0.36394167446143294, 0.8281229531798657, -0.5050105148958315], "normalizedAxes": [0.9046382904052734, -0.42618027329444885, -9.463103041050777e-17, 0, -2.220446049250313e-16, 1, -0.42618027329444885, -0.9046382904052734, -2.0087005179309468e-16]}, "segments": [44971, 4430, 1333, 1273, 4299, 1403, 1361, 1362, 4120, 4216, 4219, 4236, 4244, 4261, 4269, 44976, 44990, 44992], "label": "coffee machine"}, {"objectId": 19, "id": 19, "partId": 19, "index": 9, "dominantNormal": [0, -2.220446049250313e-16, 1], "obb": {"axesLengths": [0.8362022735637755, 0.5476749640477827, 0.5896733387555826], "centroid": [0.4283058935147961, 1.5095969519310253, -0.37616249033788374], "normalizedAxes": [0.9261946678161621, 0.3770456314086914, 8.372094826485186e-17, 0, -2.220446049250313e-16, 1, 0.3770456314086914, -0.9261946678161621, -2.0565652909891033e-16]}, "segments": [29609, 57673, 49726, 25664, 56721, 51330, 25703, 29978, 57246, 51183, 38545, 55880, 38547], "label": "computer"}, {"objectId": 20, "id": 20, "partId": 20, "index": 10, "dominantNormal": [0.7721320390701294, -0.6354621052742004, -1.411009321104385e-16], "obb": {"axesLengths": [0.47439741177542377, 0.32000001549720714, 0.18146578403672237], "centroid": [0.2081774119351022, 1.6163999361412853, -0.4500000036542131], "normalizedAxes": [0.6354621052742004, 0.7721320390701294, 1.7144775356528572e-16, 0, -2.220446049250313e-16, 1, 0.7721320390701294, -0.6354621052742004, -1.411009321104385e-16]}, "segments": [29969, 41346, 29946, 30059, 29930, 30033, 30036], "label": "object"}, {"objectId": 21, "id": 21, "partId": 21, "index": 11, "dominantNormal": [-0.672295868396759, -0.7402825355529785, -1.6437574313976156e-16], "obb": {"axesLengths": [1.7622332660076259, 1.6658299192973234, 0.5961432216524757], "centroid": [1.1202068239044842, 1.4877106763950616, 0.2429149883299675], "normalizedAxes": [0.7402825355529785, -0.672295868396759, -1.492796704908892e-16, 0, -2.220446049250313e-16, 1, -0.672295868396759, -0.7402825355529785, -1.6437574313976156e-16]}, "segments": [1590, 53440, 42633, 30612, 43752, 25998, 26703, 38325, 57075, 39413, 40236, 40134, 57311, 4505, 5748, 5778, 5810, 5839, 5859, 5866, 5888, 5895, 5901, 5927, 5962, 17860, 17879, 17990, 18018, 18019, 18058, 18617, 18623, 18671, 18675, 18689, 18716, 22593, 22796, 24582, 24684, 24721, 24749, 24759, 24780, 25142, 25145, 25164, 25171, 25192, 25199, 25206, 25238, 25243, 25253, 25288, 25298, 25347, 25366, 25512, 25519, 25541, 25920, 25927, 25970, 26058, 26075, 26155, 26206, 26215, 26279, 26301, 26322, 26362, 26379, 26387, 26397, 26424, 26470, 26744, 26789, 26843, 26891, 26905, 26938, 26976, 27006, 27012, 27016, 27034, 27155, 27917, 28351, 28611, 28712, 28866, 29300, 29309, 29353, 30983, 31050, 31085, 31092, 31095, 31116, 31119, 31132, 31167, 31204, 31207, 31242, 31255, 31275, 31289, 31342, 31492, 31531, 31678, 31697, 36867, 37540, 37567, 37593, 37598, 37638, 37641, 37654, 37664, 38038, 38041, 38083, 38093, 38162, 38169, 38179, 38194, 38196, 38219, 38235, 38248, 38255, 38257, 38281, 38282, 38295, 38307, 38321, 38374, 38427, 38439, 38702, 38876, 38963, 39033, 39040, 39067, 39072, 39075, 39078, 39101, 39127, 39217, 40212, 40530, 40579, 40598, 41192, 42906, 42920, 43397, 43405, 43421, 43424, 43433, 43439, 43448, 43473, 43474, 43503, 43517, 43532, 43542, 43553, 43559, 43584, 43614, 43621, 43645, 43648, 43677, 43679, 43680, 43695, 43722, 43794, 43825, 43846, 43864, 45047, 45052, 45054, 45062, 45064, 46923, 46929, 46939, 46946, 46954, 46955, 47073, 47089, 47104, 47112, 48985, 48999, 49046, 49177, 49198, 49412, 49425, 49435, 49439, 49462, 49509, 49512, 49601, 49613, 49765, 50195, 50196, 50212, 50599, 50616, 50680, 50693, 51192, 51197, 51200, 51204, 51215, 51306, 51347, 55160, 55163, 55645, 55649, 55656, 55683, 55696, 55742, 55749, 55758, 55954, 56535, 56601, 56683, 56709, 56741, 56745, 56814, 57037, 57039, 57122, 57140, 57218, 58551, 58585, 58589, 58595, 58605, 58610, 58615, 58638, 59707, 59725, 60087, 60097, 60146, 60152, 60227, 60286, 60291, 60294, 60364, 60388, 60400, 60403, 31454, 42527, 42535, 2929, 3054, 12776, 12820, 12859, 12879, 13237, 13242, 13244, 13249, 13258, 13284, 13299, 13323, 13326, 13330, 13333, 13345, 13350, 13366, 13411, 22828, 22902, 22916, 22945, 22948, 22980, 23061, 23062, 23076, 23095, 23096, 23119, 23133, 35562, 35812, 41269, 46012, 46017, 46022, 46030, 46040, 46062, 46087, 46090, 48956, 48961, 48974, 48980, 48982, 48986, 49088, 49099, 49102, 53620, 57338, 6718, 6617, 46777, 18168, 17795, 51378, 22751, 24151, 24168, 31700, 24084, 59943, 23233, 38366, 57227, 37614, 40624, 2716, 12687, 12800, 25663, 38544, 38560, 39032, 49133, 51654, 53656, 39241, 46983, 35552], "label": "window"}, {"objectId": 22, "id": 22, "partId": 22, "index": 12, "dominantNormal": [0, -2.220446049250313e-16, 1], "obb": {"axesLengths": [1.336702391589074, 0.24000000417232492, 0.6731028344985919], "centroid": [0.9897414034166023, 1.041337713346132, -0.6100000114028168], "normalizedAxes": [-0.5497907400131226, 0.8353024125099182, 1.8547439417869032e-16, 0, -2.220446049250313e-16, 1, 0.8353024125099182, 0.5497907400131226, 1.220780676576544e-16]}, "segments": [34832, 12946, 23193, 12909, 12881, 51089, 51053, 18230, 18256], "label": "windowsill"}, {"objectId": 23, "id": 23, "partId": 23, "index": 13, "dominantNormal": [0.9995225667953491, 0.030897652730345726, 6.860657093620432e-18], "obb": {"axesLengths": [0.330519163684632, 0.3399999661743647, 0.27863038932504997], "centroid": [1.1698159591744928, 1.1559510676586, -0.539999990317674], "normalizedAxes": [-0.030897650867700577, 0.9995225667953491, 2.219385934577265e-16, 0, -2.220446049250313e-16, 1, 0.9995225667953491, 0.030897650867700577, 6.860656680030125e-18]}, "segments": [53992, 53627, 53624, 35518, 35373, 35018, 34949, 35087, 22891, 34914, 36485, 53549, 53553, 53959], "label": "object"}, {"objectId": 24, "id": 24, "partId": 24, "index": 14, "dominantNormal": [0.8696473240852356, -0.4936734735965729, -1.096175314067189e-16], "obb": {"axesLengths": [0.21679634612571147, 0.16357400647757925, 0.10377602735141689], "centroid": [1.0067307425279513, 1.1800617138363596, -0.5533400012585535], "normalizedAxes": [0.4936734735965729, 0.8696473240852356, 1.931004965006168e-16, 0, -2.220446049250313e-16, 1, 0.8696473240852356, -0.4936734735965729, -1.096175314067189e-16]}, "segments": [14623, 35447], "label": "object"}, {"objectId": 25, "id": 25, "partId": 25, "index": 15, "dominantNormal": [0.11943420022726059, -0.9928421378135681, -2.2045524024373722e-16], "obb": {"axesLengths": [0.5809332394740835, 0.6741880027758774, 0.3379795398620539], "centroid": [1.2894160594937387, 0.5904384494232876, -1.1399260015836519], "normalizedAxes": [0.9928421378135681, 0.11943419277667999, 2.6519718149637937e-17, 0, -2.220446049250313e-16, 1, 0.11943419277667999, -0.9928421378135681, -2.2045524024373722e-16]}, "segments": [37922, 37837, 45263, 37857, 55080, 38016, 7666, 8731, 54579, 54762, 54648, 32915, 51744, 5483, 5522, 7279, 7316, 7657, 7680, 8536, 8662, 8691, 8712, 34052, 34079, 36642, 37104, 37182, 37195, 37198, 37323, 37411, 37413, 37425, 37427, 37428, 37457, 37498, 37864, 37911, 37920, 37937, 37938, 37954, 37991, 38746, 38821, 45260, 45272, 45305, 51963, 52467, 52571, 54511, 54537, 54672, 54790, 55047, 55053, 55064, 55990, 6314, 6104, 51726, 7582, 7389, 5984, 6000, 6216, 6233, 6308, 6319, 7274, 7668, 8519, 8533, 8581, 8644, 8652, 8736, 32776, 32985, 36597, 36648, 36691, 36802, 36871, 38761, 38830, 45075, 45363, 45366, 45375, 45386, 51847, 51852, 54042, 54196, 54310, 54348, 55982, 56117], "label": "beverage crate"}, {"objectId": 26, "id": 26, "partId": 26, "index": 16, "dominantNormal": [0, -2.220446049250313e-16, 1], "obb": {"axesLengths": [0.44526971948454946, 0.3003899983974545, 0.3406711896320416], "centroid": [1.0965274181534423, 0.42895158664097477, -1.3201949408641107], "normalizedAxes": [0.8703336119651794, -0.4924625754356384, -1.0934865800296976e-16, 0, -2.220446049250313e-16, 1, -0.4924625754356384, -0.8703336119651794, -1.9325288302178377e-16]}, "segments": [6279, 6166, 56210, 6177, 56143, 20798, 6917, 38782, 54278, 5993, 6043, 6091, 6906, 6918, 6929, 7190, 36575, 36577, 36580, 45124, 47361, 54007, 54053, 54357], "label": "beverage crate"}, {"objectId": 27, "id": 27, "partId": 27, "index": 17, "dominantNormal": [0.8266220092773438, -0.5627574920654297, -1.2495726499426978e-16], "obb": {"axesLengths": [0.7647149522052328, 0.5981299743474278, 0.45760024749374056], "centroid": [0.836899350020212, 0.09701962107765338, -1.1690649832283349], "normalizedAxes": [0.5627574920654297, 0.8266220092773438, 1.8354695747232336e-16, 0, -2.220446049250313e-16, 1, 0.8266220092773438, -0.5627574920654297, -1.2495726499426978e-16]}, "segments": [16469, 47474, 16200, 15583, 16392, 47195, 47485, 16333, 15377, 6981, 39479, 15267, 15369, 56096, 56085, 16229, 25066, 47391, 15953, 47159, 25763, 2340, 2073, 2081, 2111, 2115, 2139, 2148, 2174, 2235, 2238, 2285, 2338, 2378, 2390, 2411, 2491, 2532, 2618, 3313, 6204, 6951, 6974, 6995, 7053, 7059, 7080, 7085, 7107, 7119, 7143, 7154, 7155, 7171, 7176, 7816, 7833, 7875, 15127, 15131, 15136, 15160, 15230, 15232, 15233, 15234, 15277, 15328, 15329, 15330, 15333, 15353, 15391, 15397, 15409, 15432, 15433, 15446, 15464, 15474, 15485, 15498, 15510, 15514, 15581, 15582, 15598, 15602, 15688, 15716, 15935, 15939, 15961, 15971, 16175, 16188, 16199, 16211, 16328, 16350, 16364, 16367, 16420, 16481, 16484, 16487, 19978, 20735, 20738, 20752, 20775, 20821, 24155, 24179, 36746, 39384, 39423, 39491, 39543, 39558, 44700, 44730, 44747, 44796, 45202, 45206, 45208, 45209, 45214, 45243, 45245, 45250, 45308, 45333, 45335, 45345, 46736, 46740, 46743, 46797, 46800, 46806, 46918, 46920, 46922, 47086, 47122, 47130, 47190, 47258, 47318, 47499, 48202, 49460, 54060, 54064, 54308, 55962, 55980, 56003, 56090, 56188, 56270, 56300, 56311, 56384, 56518, 39361, 39602, 39350, 25320, 22821, 6916, 56407, 7842, 2058, 7810], "label": "beverage crate"}, {"objectId": 28, "id": 28, "partId": 28, "index": 18, "dominantNormal": [0.7343246340751648, -0.678798496723175, -1.5072354402860256e-16], "obb": {"axesLengths": [0.6911799671957726, 0.6768299785964939, 0.4542682166857873], "centroid": [0.41399070449083863, -0.42029480865894664, -1.1284150038303074], "normalizedAxes": [0.6787984371185303, 0.7343246340751648, 1.6305282325993815e-16, 0, -2.220446049250313e-16, 1, 0.7343246340751648, -0.6787984371185303, -1.5072353079371276e-16]}, "segments": [59017, 13881, 46391, 13476, 46310, 23773, 13763, 40151, 57366, 46513, 14246, 36869, 24384, 253, 20017, 21869, 46498, 39120, 56576, 57494, 1859, 1900, 2030, 2127, 2142, 2179, 2203, 2248, 2537, 13444, 13480, 13501, 13506, 13530, 13537, 13553, 13567, 13660, 13668, 13694, 13738, 13829, 13861, 13893, 13903, 13908, 13922, 13932, 13937, 13973, 14002, 14010, 14032, 14052, 14083, 14119, 14160, 14165, 14185, 14194, 14199, 14251, 18113, 18115, 19127, 20100, 20118, 20180, 20206, 20666, 20788, 20807, 20981, 21021, 21517, 21858, 21893, 21913, 21914, 21918, 22287, 22332, 23729, 23757, 23769, 25793, 34670, 36467, 37544, 38638, 38931, 39940, 40924, 40966, 41078, 41103, 44279, 44282, 44284, 44286, 44299, 44313, 44316, 44323, 44338, 44342, 44345, 44348, 44351, 44357, 44359, 44364, 44366, 44369, 44372, 44443, 44486, 44506, 44694, 44695, 44790, 44804, 45066, 45255, 45257, 45301, 45348, 45353, 45357, 46095, 46097, 46149, 46194, 46196, 46199, 46203, 46215, 46280, 46288, 46290, 46392, 46404, 46477, 46508, 49295, 49403, 52604, 54501, 54872, 55633, 55638, 56584, 56945, 57041, 57044, 57126, 57131, 57253, 57341, 57377, 57392, 57397], "label": "beverage crate"}, {"objectId": 29, "id": 29, "partId": 29, "index": 19, "dominantNormal": [0.8079699277877808, -0.5892237424850464, -1.308339531125405e-16], "obb": {"axesLengths": [0.6662779981385072, 0.669099971597642, 0.38446174409346123], "centroid": [0.06161016539246589, -0.8941006224796181, -1.1245500003308813], "normalizedAxes": [0.5892237424850464, 0.8079699277877808, 1.7940536340694385e-16, 0, -2.220446049250313e-16, 1, 0.8079699277877808, -0.5892237424850464, -1.308339531125405e-16]}, "segments": [49318, 31022, 31643, 27898, 12101, 36877, 57515, 42354, 58839, 31458, 585, 58736, 41700, 13339, 42368, 40071, 56796, 35237, 375, 8341, 9035, 9547, 9548, 10112, 10140, 10417, 10820, 12256, 13219, 25828, 26593, 27612, 28202, 29081, 29088, 29097, 29123, 29127, 29269, 29438, 29449, 29460, 29486, 29494, 29507, 29509, 29516, 29530, 29642, 29791, 29823, 29837, 29838, 29866, 30373, 30621, 30791, 30793, 31551, 31563, 31774, 31804, 31847, 31860, 31915, 31926, 31957, 31964, 31986, 32403, 32429, 32469, 32485, 32640, 32648, 32664, 32734, 32747, 32860, 32896, 32921, 33496, 33502, 33516, 33527, 33772, 33815, 34046, 34057, 34203, 34292, 34530, 34554, 34576, 34601, 34683, 34713, 34744, 34762, 34795, 35091, 35184, 35232, 35929, 35940, 36163, 36195, 39685, 39687, 39693, 39697, 39725, 39848, 39883, 39909, 39947, 39948, 39951, 40057, 40058, 40129, 40197, 41027, 41805, 42067, 42336, 42365, 42372, 42377, 43208, 43957, 43969, 44011, 44030, 44039, 44044, 44055, 44058, 44062, 44113, 44125, 44127, 44147, 44152, 44155, 44166, 44170, 44182, 44226, 44377, 44381, 44385, 44390, 44394, 44398, 45187, 49330, 51481, 51493, 51496, 52836, 55949, 56523, 56533, 56751, 56788, 56819, 56825, 56827, 56830, 56858, 58661, 717, 42972, 39889, 40111, 40133, 43203, 43269, 56876, 56909, 58851, 13028, 39925, 697, 743, 10470, 11910, 12426, 23732, 31799, 38191, 38981, 39623, 39638, 39742, 39833, 39868, 39890, 40169, 40178, 40339, 42039, 42046, 42458, 42549, 42550, 42566, 42570, 42595, 42941, 42953, 43223, 43232, 43265, 43735, 43763, 47537, 47546, 49405, 56520, 56713, 56717, 58876, 59696], "label": "beverage crate"}, {"objectId": 30, "id": 30, "partId": 30, "index": 20, "dominantNormal": [0.8254727721214294, -0.564441978931427, -1.2533129621493155e-16], "obb": {"axesLengths": [1.0767356154550385, 0.6600000114738935, 0.44678286312624693], "centroid": [-0.3489393437745545, -1.3699904102817155, -1.1400000007484865], "normalizedAxes": [0.564441978931427, 0.8254727721214294, 1.832917755620732e-16, 0, -2.220446049250313e-16, 1, 0.8254727721214294, -0.564441978931427, -1.2533129621493155e-16]}, "segments": [1229, 1202, 330, 4549, 16910, 18374, 26771], "label": "recycle bin"}, {"objectId": 31, "id": 31, "partId": 31, "index": 21, "dominantNormal": [0, -2.220446049250313e-16, 1], "obb": {"axesLengths": [0.29357715486372354, 0.15017997882857959, 0.27150337736583574], "centroid": [-0.6956801464185973, -1.9002839049577525, -1.4173700003948073], "normalizedAxes": [0.6525653600692749, 0.7577324509620667, 1.6825040271274775e-16, 0, -2.220446049250313e-16, 1, 0.7577324509620667, -0.6525653600692749, -1.4489861756434295e-16]}, "segments": [16613, 17184, 44325], "label": "object"}, {"objectId": 32, "id": 32, "partId": 32, "index": 22, "dominantNormal": [0.6433913111686707, -0.765537440776825, -1.6998345859260965e-16], "obb": {"axesLengths": [0.7883316338062668, 2.5697498939242225, 0.7064223915039024], "centroid": [-2.0840071363114703, -1.477512401926607, -0.23487502884741995], "normalizedAxes": [0.765537440776825, 0.6433913111686707, 1.4286156950064536e-16, 0, -2.220446049250313e-16, 1, 0.6433913111686707, -0.765537440776825, -1.6998345859260965e-16]}, "segments": [41362, 42053, 58006, 41705, 41671, 2780, 42243, 8295, 7991, 14261, 40959, 40785, 3126, 3151, 3155, 3247, 3808, 7975, 8309, 14279, 14308, 17817, 29801, 41679, 41706, 41742, 41771, 42026, 42049, 42085, 44833, 44837, 44839, 44842, 45351, 45361, 46562, 46564, 51287, 57896, 57897, 57901, 58131, 17747, 6817, 7927], "label": "refrigerator"}, {"objectId": 33, "id": 33, "partId": 33, "index": 23, "dominantNormal": [0.818960964679718, -0.5738492012023926, -1.2742011916753006e-16], "obb": {"axesLengths": [2.2087280201101462, 1.1921820076067293, 0.38699994025016643], "centroid": [-1.0403649311441228, -0.15698994364933969, 0.4447489919162746], "normalizedAxes": [0.5738492012023926, 0.818960964679718, 1.818458638513305e-16, 0, -2.220446049250313e-16, 1, 0.818960964679718, -0.5738492012023926, -1.2742011916753006e-16]}, "segments": [9579, 9990, 30170, 20424, 20537, 34471, 9946, 10291, 10301, 10360, 10369, 10406, 12304, 12323, 13611, 25462, 42297, 45453, 46574, 46576, 55642, 58262, 10855, 41410, 12313], "label": "kitchen cabinet"}, {"objectId": 34, "id": 34, "partId": 34, "index": 24, "dominantNormal": [0, -2.220446049250313e-16, 1], "obb": {"axesLengths": [0.3722872530179029, 0.24000006377696836, 0.2401343753509333], "centroid": [-0.9278306424964151, -0.09010432012429614, 0.9499999859149737], "normalizedAxes": [0.455218642950058, 0.8903796672821045, 1.9770400145493572e-16, 0, -2.220446049250313e-16, 1, 0.8903796672821045, -0.455218642950058, -1.0107884372835451e-16]}, "segments": [58278, 8857, 8848, 9475, 9390, 9236, 45435, 45439], "label": "basket"}, {"objectId": 35, "id": 35, "partId": 35, "index": 25, "dominantNormal": [0.8194156289100647, -0.5731998682022095, -1.2727593827803962e-16], "obb": {"axesLengths": [0.2787939025163529, 0.24000006377696836, 0.19246509535046025], "centroid": [-1.2142860661559884, -0.48683645544293364, 0.9499999859149737], "normalizedAxes": [0.5731998682022095, 0.8194156289100647, 1.8194681959073138e-16, 0, -2.220446049250313e-16, 1, 0.8194156289100647, -0.5731998682022095, -1.2727593827803962e-16]}, "segments": [10424, 10840, 45673, 10387, 45595, 10284], "label": "basket"}, {"objectId": 36, "id": 36, "partId": 36, "index": 26, "dominantNormal": [0, -2.220446049250313e-16, 1], "obb": {"axesLengths": [0.38114222060903796, 0.15763002281717897, 0.269510927483451], "centroid": [-1.48607208048436, -0.7790112880888702, 0.908814965435079], "normalizedAxes": [0.9195262789726257, 0.3930285573005676, 8.726987073005957e-17, 0, -2.220446049250313e-16, 1, 0.3930285573005676, -0.9195262789726257, -2.041758493326608e-16]}, "segments": [40416, 40377, 29417, 40369, 40391, 40310], "label": "basket"}, {"objectId": 37, "id": 37, "partId": 37, "index": 27, "dominantNormal": [0, -2.220446049250313e-16, 1], "obb": {"axesLengths": [4.9570879040686195, 0.14667194753873514, 1.8568130835526178], "centroid": [-0.5338474181147705, -0.5267272628250446, 1.0723639677647334], "normalizedAxes": [0.6465608477592468, 0.7628624439239502, 1.6938948997323737e-16, 0, -2.220446049250313e-16, 1, 0.7628624439239502, -0.6465608477592468, -1.4356534800069528e-16]}, "segments": [7221, 42825, 10937, 31570, 8039, 11846, 3011], "label": "ceiling"}, {"objectId": 38, "id": 38, "partId": 38, "index": 28, "dominantNormal": [0, -2.220446049250313e-16, 1], "obb": {"axesLengths": [0.4078413555702971, 0.09998988881729759, 0.3512730741219841], "centroid": [-0.8337445371773982, -1.3330334071257544, 1.0618849648079633], "normalizedAxes": [0.9765001535415649, 0.21551662683486938, 4.7854304260323973e-17, 0, -2.220446049250313e-16, 1, 0.21551662683486938, -0.9765001535415649, -2.168265908023692e-16]}, "segments": [4598, 4726, 44675], "label": "light"}, {"objectId": 39, "id": 39, "partId": 39, "index": 29, "dominantNormal": [0, -2.220446049250313e-16, 1], "obb": {"axesLengths": [0.4045723183015833, 0.10708302020095983, 0.3383811578541637], "centroid": [0.3143307810358672, 0.04648802744299657, 1.042058463643225], "normalizedAxes": [0.9221241474151611, -0.3868941068649292, -8.590774910664605e-17, 0, -2.220446049250313e-16, 1, -0.3868941068649292, -0.9221241474151611, -2.0475269200463078e-16]}, "segments": [13074, 4998, 45631], "label": "light"}, {"objectId": 40, "id": 40, "partId": 40, "index": 30, "dominantNormal": [0.6932775378227234, 0.7206707000732422, 1.600210408788088e-16], "obb": {"axesLengths": [0.33969643647870906, 0.5403330205306478, 0.34343929587232663], "centroid": [0.7927471048919246, 1.079624660553698, -1.1830534777887145], "normalizedAxes": [0.6932775378227234, 0.7206707000732422, 1.600210408788088e-16, 0, -2.220446049250313e-16, 1, 0.7206707000732422, -0.6932775378227234, -1.5393853698924506e-16]}, "segments": [26490, 50008, 25913, 27222, 27721, 26440, 17485, 19051, 19089, 19106, 19137, 19140, 19180, 19196, 19223, 19237, 19243, 22729, 22758, 25752, 25770, 25794, 25817, 25860, 25873, 25897, 25923, 25931, 25946, 26005, 26035, 26052, 26132, 26186, 26238, 26313, 26358, 26374, 26586, 26597, 48010, 48014, 48033, 48034, 49735, 49738, 49742, 49747, 49749, 49761, 49772, 49838, 49845, 49859, 50058, 50062, 50104, 50106, 50143, 25824, 50729, 26631, 26634], "label": "beverage crate"}, {"objectId": 41, "id": 41, "partId": 41, "index": 31, "dominantNormal": [0, -2.220446049250313e-16, 1], "obb": {"axesLengths": [0.6460503006125398, 0.5885599720054868, 0.6161371094086855], "centroid": [0.15638148000285879, 1.219193604953445, -1.1842799625368436], "normalizedAxes": [0.5236900448799133, 0.8519088625907898, 1.891617668261047e-16, 0, -2.220446049250313e-16, 1, 0.8519088625907898, -0.5236900448799133, -1.1628254911853227e-16]}, "segments": [48622, 19773, 11631, 19701, 14524, 19626, 19668, 19689, 48066, 50909, 23486, 19666, 11507, 11599, 11650, 11658, 11738, 14498, 14535, 14564, 14573, 19645, 19739, 19792, 19798, 19802, 21482, 23296, 23333, 23341, 23355, 23414, 45784, 45793, 45959, 48059, 48087, 48638, 48171, 19530, 28381, 28413], "label": "beverage crate"}, {"objectId": 42, "id": 42, "partId": 42, "index": 32, "dominantNormal": [0, -2.220446049250313e-16, 1], "obb": {"axesLengths": [0.42749655722979873, 0.23063003501377924, 0.29380194907611634], "centroid": [0.9674027870449811, 0.9005414487329046, -1.3653150002994772], "normalizedAxes": [0.9717452526092529, 0.2360321432352066, 5.240966399426985e-17, 0, -2.220446049250313e-16, 1, 0.2360321432352066, -0.9717452526092529, -2.1577079070339632e-16]}, "segments": [27737, 27840, 27872, 52460, 27760, 26644, 5390, 50825], "label": "object"}, {"objectId": 43, "id": 43, "partId": 43, "index": 33, "dominantNormal": [-0.5782067179679871, -0.8158903121948242, -1.811640420334602e-16], "obb": {"axesLengths": [0.741575019052261, 0.5998300179877125, 0.28140692520794347], "centroid": [1.292252409734141, 0.9257506672189513, -1.1899149855279565], "normalizedAxes": [0.8158903121948242, -0.5782067179679871, -1.283876822562007e-16, 0, -2.220446049250313e-16, 1, -0.5782067179679871, -0.8158903121948242, -1.811640420334602e-16]}, "segments": [5377, 32646, 8555, 5457, 9779, 16553, 16591, 16594, 16631, 16638, 25940, 26350, 26369, 47510, 50031, 50065, 8752, 8757, 8839, 45392], "label": "radiator"}, {"objectId": 44, "id": 44, "partId": 44, "index": 34, "dominantNormal": [-0.691407322883606, -0.7224651575088501, -1.6041949047115314e-16], "obb": {"axesLengths": [0.8612682671222609, 0.6199999909102916, 0.32323354686535727], "centroid": [0.5290567890709346, 1.5293548270086592, -1.1799999915097665], "normalizedAxes": [0.7224651575088501, -0.691407322883606, -1.5352326585196384e-16, 0, -2.220446049250313e-16, 1, -0.691407322883606, -0.7224651575088501, -1.6041949047115314e-16]}, "segments": [23831, 17911, 27626, 51148, 25750, 27462, 27505, 28073, 50871, 14395], "label": "radiator"}, {"objectId": 45, "id": 45, "partId": 45, "index": 35, "dominantNormal": [0, -2.220446049250313e-16, 1], "obb": {"axesLengths": [0.7206909570473369, 0.3249699996791035, 0.46911903276608297], "centroid": [-0.21179333799812772, 0.8559440270903533, -1.312484961025456], "normalizedAxes": [-0.3187749981880188, 0.9478304386138916, 2.104606352779407e-16, 0, -2.220446049250313e-16, 1, 0.9478304386138916, 0.3187749981880188, 7.07822685326362e-17]}, "segments": [45689, 4648, 17327, 21498, 11231, 45701, 11085, 47604, 45799, 17387, 45843, 47, 60, 117, 4653, 4669, 11100, 11136, 11149, 11606, 11663, 15058, 16706, 16708, 17285, 17295, 17344, 17369, 21510, 21520, 44422, 44426, 44431, 44438, 44440, 45682, 45695, 45818, 45928, 47697, 47700, 45937, 11512], "label": "box"}, {"objectId": 46, "id": 46, "partId": 46, "index": 36, "dominantNormal": [0.8332676887512207, -0.5528697371482849, -1.2276174236009683e-16], "obb": {"axesLengths": [0.9830448512228812, 0.4347000024907288, 0.26525573491399906], "centroid": [-0.015328646190536865, 1.4041710233322071, -1.2673499408245856], "normalizedAxes": [0.5528697371482849, 0.8332676887512207, 1.8502259474555876e-16, 0, -2.220446049250313e-16, 1, 0.8332676887512207, -0.5528697371482849, -1.2276174236009683e-16]}, "segments": [47680, 11706, 4519, 28401, 11459, 11713, 11790, 45751, 45953, 47720, 50966, 50969, 51038, 14392, 476, 11381, 11396, 11406, 11541, 11582, 11730, 11784, 11793, 11800, 17881, 17890, 23529, 44446, 44452, 45755, 45817, 45837, 45840, 45969, 45972], "label": "wall"}, {"objectId": 47, "id": 47, "partId": 47, "index": 37, "dominantNormal": [0, -2.220446049250313e-16, 1], "obb": {"axesLengths": [0.3254900924380489, 0.21690010539665572, 0.23582057993963013], "centroid": [0.5948708034118417, 1.2124237541042684, -1.350419978716971], "normalizedAxes": [0.7213996648788452, 0.6925190091133118, 1.5377010978163947e-16, 0, -2.220446049250313e-16, 1, 0.6925190091133118, -0.7213996648788452, -1.6018290358107317e-16]}, "segments": [50232, 26884, 50846, 27374, 19207, 19232, 19233, 27056, 27087, 27130, 50269], "label": "object"}, {"objectId": 48, "id": 48, "partId": 48, "index": 38, "dominantNormal": [0, -2.220446049250313e-16, 1], "obb": {"axesLengths": [0.6536981666200661, 0.23556994865305825, 0.40426284824609754], "centroid": [0.3986316221694657, 1.4889351230310177, -1.3669149677434207], "normalizedAxes": [-0.22241909801959991, 0.9749511480331421, 2.1648264248622475e-16, 0, -2.220446049250313e-16, 1, 0.9749511480331421, 0.22241909801959991, 4.9386960747543876e-17]}, "segments": [49264, 23532, 27582, 27464, 17933, 23466, 23517, 23974, 24014, 24042, 24068, 24069, 24086, 27299, 27324, 27341, 27373, 27496, 27522, 27541, 27548, 27559, 47772, 49250, 49418, 50322, 50354, 50357, 24074, 50433, 27122, 19566, 23373, 24087, 27379, 50272, 50316], "label": "object"}, {"objectId": 49, "id": 49, "partId": 49, "index": 39, "dominantNormal": [-0.6707612872123718, -0.7416732907295227, -1.6468455282348475e-16], "obb": {"axesLengths": [1.4406305242014674, 0.3599999466538441, 0.23444630763927798], "centroid": [1.0316091755027432, 1.157104554084489, -0.8699999662522993], "normalizedAxes": [0.7416732907295227, -0.6707612872123718, -1.4893892501807656e-16, 0, -2.220446049250313e-16, 1, -0.6707612872123718, -0.7416732907295227, -1.6468455282348475e-16]}, "segments": [23614, 23624, 36285, 7548, 18851, 23682, 23825, 27654, 27661, 49286, 50686, 51123, 51127, 53705, 23666, 23722, 28749, 32887, 18812, 53739], "label": "wall"}, {"objectId": 1, "id": 1, "partId": 1, "index": 40, "dominantNormal": [0.7737684845924377, -0.633468508720398, -1.4065826475126951e-16], "obb": {"axesLengths": [4.953877088967872, 2.570549907448516, 0.1883359036564662], "centroid": [0.09538830080503069, -1.0344039976110713, -0.18681502997886446], "normalizedAxes": [0.633468508720398, 0.7737684845924377, 1.7181111746476801e-16, 0, -2.220446049250313e-16, 1, 0.7737684845924377, -0.633468508720398, -1.4065826475126951e-16]}, "segments": [8825, 12442, 14847, 14862, 14896, 30367, 30416, 37511, 46710, 26739], "label": "wall"}, {"objectId": 2, "id": 2, "partId": 2, "index": 41, "dominantNormal": [0.7976194024085999, -0.6031610369682312, -1.339286541597831e-16], "obb": {"axesLengths": [4.927501174337039, 2.638489902649299, 0.7555728832672057], "centroid": [-1.0480109206186703, -0.10496193777980434, -0.19075501611974155], "normalizedAxes": [0.6031610369682312, 0.7976194620132446, 1.7710709832324692e-16, 0, -2.220446049250313e-16, 1, 0.7976194620132446, -0.6031610369682312, -1.339286541597831e-16]}, "segments": [1533, 17232, 41275, 57732, 57873, 57804, 41285, 42145, 40933, 42149, 12754, 12462, 37334, 40297, 38473, 43072, 41144, 18084, 1717, 1687, 1114, 4429, 13639, 40727, 45176, 7452, 45641, 9173, 9262, 8255], "label": "wall"}, {"objectId": 3, "id": 3, "partId": 3, "index": 42, "dominantNormal": [-0.6090692281723022, -0.793117105960846, -1.7610737445236023e-16], "obb": {"axesLengths": [0.8492843109434809, 2.657499969210475, 0.0723660427451536], "centroid": [-2.3542690962339368, -2.2116315043418027, -0.20124996331863332], "normalizedAxes": [0.793117105960846, -0.6090692281723022, -1.352405361415126e-16, 0, -2.220446049250313e-16, 1, -0.6090692281723022, -0.793117105960846, -1.7610737445236023e-16]}, "segments": [3901, 3666, 31418, 30813, 31437], "label": "wall"}, {"objectId": 4, "id": 4, "partId": 4, "index": 43, "dominantNormal": [0.9999531507492065, -0.009681155905127525, -2.1496484381716752e-18], "obb": {"axesLengths": [0.2223757788242314, 2.139999937862158, 0.19901096054605416], "centroid": [-2.2299811353917076, -2.3212771073917806, -0.42000001803383324], "normalizedAxes": [0.009681155905127525, 0.9999531507492065, 2.2203420230164784e-16, 0, -2.220446049250313e-16, 1, 0.9999531507492065, -0.009681155905127525, -2.1496484381716752e-18]}, "segments": [52407, 58474, 3658, 3519, 31511, 2813, 2831, 3439], "label": "doorframe"}, {"objectId": 5, "id": 5, "partId": 5, "index": 44, "dominantNormal": [0.7180066704750061, -0.6960362195968628, -1.5455108739389773e-16], "obb": {"axesLengths": [1.2158401439995703, 2.4088000116765484, 0.2580746983821004], "centroid": [-1.1762438260820556, -2.563476435863825, -0.2744000302051015], "normalizedAxes": [0.6960362195968628, 0.7180066704750061, 1.5942950747915987e-16, 0, -2.220446049250313e-16, 1, 0.7180066704750061, -0.6960362195968628, -1.5455108739389773e-16]}, "segments": [10508, 8924, 12186, 9717, 20557, 9700, 10457, 11960, 12006, 12041, 17095, 18422, 18433, 20881, 20965, 24341, 33761, 33770, 33787, 33789, 33974, 44996, 44998, 45448, 47909, 47917, 48333, 49616, 49660, 49695, 49702, 49705, 52524, 53347, 10490, 55151, 36568, 10332, 10474, 32339, 34615, 24966, 24433, 20866, 5004, 5023, 20853, 20951, 32113, 32474, 32496, 33993, 34196, 34850, 48331, 48343, 48370, 49630, 49662, 53243, 53541, 17054, 38920, 10611], "label": "door"}, {"objectId": 6, "id": 6, "partId": 6, "index": 45, "dominantNormal": [0, -2.220446049250313e-16, 1], "obb": {"axesLengths": [4.880058012449636, 0.20697009100831745, 1.7878894423594671], "centroid": [-0.535224067273909, -0.5985541984650687, -1.4433349751715006], "normalizedAxes": [0.6671353578567505, 0.7449365258216858, 1.654091365703016e-16, 0, -2.220446049250313e-16, 1, 0.7449365258216858, -0.6671353578567505, -1.4813380696682154e-16]}, "segments": [20696, 30893, 30958, 16112, 363, 21654, 6591, 6590], "label": "floor"}, {"objectId": 7, "id": 7, "partId": 7, "index": 46, "dominantNormal": [0.7841232419013977, -0.6206051111221313, -1.378020167135688e-16], "obb": {"axesLengths": [3.43177422111506, 0.9099699651456631, 0.1548896287193227], "centroid": [-0.49068323691369464, 0.08721396314881952, -1.0049849929325667], "normalizedAxes": [0.6206051111221313, 0.7841232419013977, 1.741103354605306e-16, 0, -2.220446049250313e-16, 1, 0.7841232419013977, -0.6206051111221313, -1.378020167135688e-16]}, "segments": [35331, 16972, 5039, 5053, 5164, 5172, 5178, 5188, 5215, 5292, 5299, 5309, 6396, 6406, 6408, 6425, 16703, 16738, 20062, 20068, 45007, 45011, 45129, 46908, 46911, 54887, 55116, 55122, 12624, 14955, 28625], "label": "kitchen cabinet"}, {"objectId": 8, "id": 8, "partId": 8, "index": 47, "dominantNormal": [0, -2.220446049250313e-16, 1], "obb": {"axesLengths": [3.2606978003740257, 0.3599999764561655, 0.6899837851136452], "centroid": [-0.6354171754449368, 0.20126125219402424, -0.5899999862198548], "normalizedAxes": [0.6810630559921265, 0.7322247624397278, 1.6258655809225426e-16, 0, -2.220446049250313e-16, 1, 0.7322247624397278, -0.6810630559921265, -1.512263771968062e-16]}, "segments": [22623, 24459, 14720, 52971, 55607, 55583, 37790, 12214, 1383, 1496, 14659, 20020, 24558, 24713, 30009, 30575, 30640, 30658, 30697, 32534, 32570, 36411, 49571, 51345, 51551, 51604, 51697, 51953, 12582, 51672, 51623, 30643, 14908, 14915, 14911, 14948, 28574, 30093, 30525, 30629, 31202, 51041, 51601, 51607, 51701, 51707, 51959, 21152, 21213, 48514, 37749, 55169, 55620, 36339, 32015, 48761], "label": "kitchen counter"}, {"objectId": 9, "id": 9, "partId": 9, "index": 48, "dominantNormal": [0.8351067304611206, -0.5500879883766174, -1.2214407005309123e-16], "obb": {"axesLengths": [1.4413781506203105, 0.5199999693036085, 0.39374844396438563], "centroid": [-1.354089759610297, -0.4164888696953245, -0.869999996054621], "normalizedAxes": [0.5500879883766174, 0.8351067304611206, 1.8543094403547413e-16, 0, -2.220446049250313e-16, 1, 0.8351067304611206, -0.5500879883766174, -1.2214407005309123e-16]}, "segments": [21420, 57916, 20454, 53300, 33101, 34308, 34444, 32965, 35125, 54973, 35014, 54417, 54403, 35249, 37087, 54977, 54432, 54188, 35493, 35455, 33119, 54220, 54395, 37088, 53566, 33057, 57952, 33151, 52946, 33625, 25249, 54083, 53261, 25056, 25069, 52943, 33241, 33190, 25389, 19334, 19491, 20372, 21220, 21227, 21301, 21316, 21363, 21379, 21403, 21467, 22400, 22462, 22517, 24764, 25055, 25080, 25128, 25185, 25272, 25296, 25314, 25378, 25379, 25398, 32936, 32939, 32974, 32988, 32989, 33018, 33022, 33025, 33029, 33032, 33079, 33114, 33155, 33181, 33186, 33194, 33219, 33225, 33231, 33243, 33267, 33634, 33643, 33667, 34259, 35182, 35227, 35250, 35494, 35495, 35503, 35561, 35664, 35669, 35899, 35999, 36017, 36033, 36370, 37018, 37146, 41854, 41872, 48455, 48458, 48461, 49707, 52839, 52843, 52875, 52878, 52956, 52958, 53254, 53257, 53558, 53583, 53588, 54013, 54057, 54078, 54197, 54235, 54242, 54256, 54257, 54266, 54303, 54385, 54460, 54461, 54489, 54491, 54494, 54498, 54904, 55037, 57904, 57970, 22497, 22505], "label": "sink"}, {"objectId": 50, "id": 50, "partId": 50, "index": 49, "dominantNormal": [0, -2.220446049250313e-16, 1], "obb": {"axesLengths": [0.5891359061157355, 0.18191799114827822, 0.5355341081337361], "centroid": [1.4025722386676003, 0.9033379178468313, -0.539040996308157], "normalizedAxes": [0.8541457056999207, -0.5200337767601013, -1.1547069450836862e-16, 0, -2.220446049250313e-16, 1, -0.5200337767601013, -0.8541457056999207, -1.8965844577055094e-16]}, "segments": [53913, 32216, 32090, 33432, 32396, 32074, 51575, 3001, 53925, 33480, 3009, 3018, 3019, 3062, 3083, 3097, 32365, 32490, 33544, 33546, 44813, 51531, 51538], "label": "object"}], "scan_id": "50e7c0ad-0730-2a5f-8635-252404ee82e0", "annId": "3789", "appId": "stk.v1"}