{"segGroups": [{"objectId": 27, "id": 27, "partId": 27, "index": 0, "dominantNormal": [0, -2.220446049250313e-16, 1], "obb": {"axesLengths": [0.4768378897813359, 0.04445797105600016, 0.17750738938810393], "centroid": [0.716335169342109, 1.6205790665707587, -0.9349980499223322], "normalizedAxes": [0.44033658504486084, 0.8978327512741089, 1.993589185454134e-16, 0, -2.220446049250313e-16, 1, 0.8978327512741089, -0.44033658504486084, -9.777436306032357e-17]}, "segments": [32955], "label": "keyboard"}, {"objectId": 28, "id": 28, "partId": 28, "index": 1, "dominantNormal": [0.6673281192779541, -0.7447638511657715, -1.6537079509454855e-16], "obb": {"axesLengths": [0.5298750119607801, 0.42309199818018045, 0.2141368310602699], "centroid": [0.6954049267231117, 2.0406839546847904, -0.7584540730315295], "normalizedAxes": [0.7447638511657715, 0.6673281192779541, 1.4817660860043749e-16, 0, -2.220446049250313e-16, 1, 0.6673281192779541, -0.7447638511657715, -1.6537079509454855e-16]}, "segments": [27693, 34071, 53837, 18246, 18249, 27529, 27538, 27592, 27609, 27617, 27642, 27725, 34081, 52382, 53818, 53851, 54988, 54990, 54992, 54994, 54996, 54998, 55002, 55305, 55452, 55454, 55553, 34111, 34083, 34126, 55006, 55414, 27680, 27773, 55463, 27779, 27634], "label": "monitor"}, {"objectId": 29, "id": 29, "partId": 29, "index": 2, "dominantNormal": [0, -2.220446049250313e-16, 1], "obb": {"axesLengths": [2.7276283976381768, 0.22000002369284566, 1.414278010231136], "centroid": [0.8873745116679741, 2.154049168995418, 1.6199999033659696], "normalizedAxes": [0.8582015633583069, -0.5133128762245178, -1.1397835480420456e-16, 0, -2.220446049250313e-16, 1, -0.5133128762245178, -0.8582015633583069, -1.9055902708193948e-16]}, "segments": [34992, 49765, 62320, 51, 6263, 49373, 59749, 531], "label": "ceiling"}, {"objectId": 30, "id": 30, "partId": 30, "index": 3, "dominantNormal": [-0.6618568897247314, -0.7496302127838135, -1.6645134443744902e-16], "obb": {"axesLengths": [0.8597143871108639, 1.51201996739164, 0.4579476497819634], "centroid": [0.7172951457740123, 2.666666141206435, -0.7460100493354351], "normalizedAxes": [0.7496302127838135, -0.6618568897247314, -1.46961751595838e-16, 0, -2.220446049250313e-16, 1, -0.6618568897247314, -0.7496302127838135, -1.6645134443744902e-16]}, "segments": [59587, 59629, 59657, 29138, 29105, 45465, 45472, 22752, 22758, 29036, 29055, 29139, 29196, 45349, 45417, 59021, 59548, 59563, 59616, 29164, 38679, 42779, 5327, 5310, 8973, 42268, 9485, 9689, 42129, 45074, 45608, 20807, 19709, 59118, 59868, 8186, 52576, 19778, 19296], "label": "plant"}, {"objectId": 1, "id": 1, "partId": 1, "index": 4, "dominantNormal": [0.9019944071769714, -0.43174776434898376, -9.586726176213562e-17], "obb": {"axesLengths": [5.108872093792038, 3.298749969182535, 0.3810353971368447], "centroid": [1.2405267264466284, -0.22203698073087208, -0.09705508097138238], "normalizedAxes": [0.4317477345466614, 0.9019944071769714, 2.0028299178619845e-16, 0, -2.220446049250313e-16, 1, 0.9019944071769714, -0.4317477345466614, -9.586725514469072e-17]}, "segments": [20902, 61845, 41533, 20402, 26274, 47584, 47263, 40665, 61916, 46443, 45972, 45826, 48707, 17850, 20542, 20235, 20321, 47159, 47197, 46286, 62851, 48065, 48013, 49658, 59903, 48742, 48718, 47691, 47869, 59908, 61306, 62888, 62870, 62626, 49246, 22958, 62502, 50221, 49517, 62588, 12156, 11726, 27865, 21716, 61466, 59017, 7963, 41113, 38943, 36913, 43095, 33173, 41169, 25459, 12818, 51589, 22866, 47849, 50226, 47980, 47074, 48814, 46990, 46973, 46146, 59730, 45997, 46174, 47892, 49675, 61289, 47958, 45748, 45964, 61336, 48855, 61346, 18518, 48779, 61190], "label": "wall"}, {"objectId": 2, "id": 2, "partId": 2, "index": 5, "dominantNormal": [0.8108252882957458, -0.5852882862091064, -1.299601062785497e-16], "obb": {"axesLengths": [1.1516159363970024, 2.08127997633934, 0.6171195425936659], "centroid": [0.7289676472988469, -0.7031060674814378, -0.6306400661027429], "normalizedAxes": [0.5852882862091064, 0.8108252882957458, 1.800393808028535e-16, 0, -2.220446049250313e-16, 1, 0.8108252882957458, -0.5852882862091064, -1.299601062785497e-16]}, "segments": [34179, 34833, 45240, 27521, 33175, 27880, 55170, 24110, 27954, 21052, 12328, 55181, 52924, 31531, 53604, 48280, 46734, 47643, 21863, 28284], "label": "cabinet"}, {"objectId": 3, "id": 3, "partId": 3, "index": 6, "dominantNormal": [0, -2.220446049250313e-16, 1], "obb": {"axesLengths": [0.6629221843805834, 0.494860042001455, 0.531874955871252], "centroid": [0.38290197080916444, -1.423796519003949, -1.1174300715156638], "normalizedAxes": [-0.6318480372428894, 0.7750923037528992, 1.7210506436724486e-16, 0, -2.220446049250313e-16, 1, 0.7750923037528992, 0.6318480372428894, 1.4029844780225385e-16]}, "segments": [27584, 29628, 29616, 27901, 29375, 30288, 62414, 28404], "label": "chair"}, {"objectId": 4, "id": 4, "partId": 4, "index": 7, "dominantNormal": [0, -2.220446049250313e-16, 1], "obb": {"axesLengths": [5.220041216595783, 0.37999998673796637, 3.482872686951155], "centroid": [-0.21458879852359475, 0.27605825025286024, -1.619999974146486], "normalizedAxes": [0.264717698097229, 0.9643259644508362, 2.141233777954357e-16, 0, -2.220446049250313e-16, 1, 0.9643259644508362, -0.264717698097229, -5.877913669066293e-17]}, "segments": [8671, 29513, 41931, 34860, 21477, 26495, 35555, 43177, 37671, 54095, 30458, 43127, 27963, 28936, 42747, 36230, 39202, 41717, 39162, 10488, 10442, 19153, 10421, 7322, 61118, 45439, 6713, 6902, 48947, 3322, 60251, 1484, 1462, 6201, 4085, 4127, 39898, 13264, 36398, 40558, 24998, 5767, 5777, 42, 51057, 32549, 32569, 31199, 25127, 14771, 13768], "label": "floor"}, {"objectId": 5, "id": 5, "partId": 5, "index": 8, "dominantNormal": [-0.3360486924648285, -0.941844642162323, -2.091315214696905e-16], "obb": {"axesLengths": [0.6363133514084341, 0.8094299850740284, 0.5098899461736324], "centroid": [1.0098751910279093, -0.03909311774521912, -1.2547150625724712], "normalizedAxes": [0.941844642162323, -0.3360486626625061, -7.461779253648129e-17, 0, -2.220446049250313e-16, 1, -0.3360486626625061, -0.941844642162323, -2.091315214696905e-16]}, "segments": [20941, 58904, 21666, 58891, 21646, 21718, 23400, 21789, 52757], "label": "chair"}, {"objectId": 6, "id": 6, "partId": 6, "index": 9, "dominantNormal": [0.9390767216682434, 0.3437075614929199, 7.631840970144131e-17], "obb": {"axesLengths": [0.720270059638184, 0.8063299475685518, 0.6910116222016278], "centroid": [1.2292999371081827, 0.39748553668064895, -1.2531650438197328], "normalizedAxes": [-0.3437075614929199, 0.9390767216682434, 2.085169196571187e-16, 0, -2.220446049250313e-16, 1, 0.9390767216682434, 0.3437075614929199, 7.631840970144131e-17]}, "segments": [62033, 45109, 44685, 44532, 44247, 11901, 42865, 58775, 13159, 42866, 13142, 23388, 13245, 13257, 52908, 52909, 11958, 11931, 4962, 4931, 4580, 50871], "label": "chair"}, {"objectId": 7, "id": 7, "partId": 7, "index": 10, "dominantNormal": [-0.6195994019508362, -0.7849181890487671, -1.7428684918580452e-16], "obb": {"axesLengths": [0.7222331318044448, 0.9079199826437235, 0.6226316101891617], "centroid": [1.4100664277851118, 0.8971017500395745, -1.2039600397506358], "normalizedAxes": [0.7849181890487671, -0.6195994019508362, -1.375787044179591e-16, 0, -2.220446049250313e-16, 1, -0.6195994019508362, -0.7849181890487671, -1.7428684918580452e-16]}, "segments": [57232, 40724, 7936, 44629, 44670, 37102, 38753, 56077, 4539, 44691, 4565, 4965, 4944, 37214, 40992, 42008, 42050, 42027, 57324, 57315, 57312, 50860, 41089, 40979, 57267, 42071, 40819, 40717, 4139, 4189, 4206, 4283, 4615, 8023, 8048, 8054, 8115, 8124, 8137, 8167, 8206, 8219, 40975, 40988, 41071, 41104, 41108, 41121, 42062, 42066, 44449, 44645, 50866, 51194, 56100, 57258, 58726, 58731, 58733, 58792, 58797, 58800, 58803], "label": "desk chair"}, {"objectId": 8, "id": 8, "partId": 8, "index": 11, "dominantNormal": [-0.4192943572998047, -0.9078503251075745, -2.015832667695726e-16], "obb": {"axesLengths": [3.009888911087065, 3.2300799363088606, 0.3072581090556603], "centroid": [0.9247811253244667, 2.6369281448735964, -0.06129002992905774], "normalizedAxes": [0.9078503251075745, -0.4192943871021271, -9.310205653137495e-17, 0, -2.220446049250313e-16, 1, -0.4192943871021271, -0.9078503251075745, -2.015832667695726e-16]}, "segments": [45225, 10738, 59469, 39794, 59699, 27120, 46591, 42211, 34285, 27088, 10540, 29277, 59483, 29043, 25536, 19694, 7188, 25400, 52518, 19881, 8082, 12007, 5414, 20208, 19849, 25428, 50333, 25437, 8095, 41821, 52543, 43389, 44143, 44116, 58680, 44090, 15968, 53485, 7152, 14230, 51840, 53512, 25399], "label": "wall"}, {"objectId": 9, "id": 9, "partId": 9, "index": 12, "dominantNormal": [-0.19751879572868347, -0.9802991151809692, -2.1767012973871608e-16], "obb": {"axesLengths": [0.4091098506065726, 0.41017000950492877, 0.3782337333622346], "centroid": [0.2739863548855783, 2.887514031905612, -0.7950850305314741], "normalizedAxes": [0.9802991151809692, -0.19751879572868347, -4.385798296284348e-17, 0, -2.220446049250313e-16, 1, -0.19751879572868347, -0.9802991151809692, -2.1767012973871608e-16]}, "segments": [20023, 52638, 52622, 19537, 16598, 27131, 52586], "label": "pooh"}, {"objectId": 10, "id": 10, "partId": 10, "index": 13, "dominantNormal": [0, -2.220446049250313e-16, 1], "obb": {"axesLengths": [2.9263322053977596, 0.878037969513878, 2.673457401846383], "centroid": [0.8319141768166649, 1.9454449072768456, -1.2458310202695957], "normalizedAxes": [0.9994847774505615, -0.03209662809967995, -7.126883105819092e-18, 0, -2.220446049250313e-16, 1, -0.03209662809967995, -0.9994847774505615, -2.2193020253759277e-16]}, "segments": [53346, 20030, 20042, 16731, 33827, 13937, 14873, 14973, 23572, 23548, 14977, 14960, 32078, 25300, 20747, 21098, 28541, 22111, 22331, 19155, 7431, 9291, 10328, 10231, 10349, 54598, 31658, 16547, 15720, 6494, 31809, 54055, 54051, 52766, 11294, 11303, 11325, 11349, 12491, 39503, 36940, 11087, 10938, 11440, 58916, 21735, 45093, 45041, 58957, 58965, 11459, 10929, 53025, 10763, 56750, 38905, 56740, 12466, 44104, 21758, 11096, 40390, 10784, 13442, 13428, 6080, 21127, 20768, 53188, 6645, 22168, 55526, 6558, 54573, 6555, 6632, 31632, 22339, 26514, 54127, 54125, 54135, 53411, 52660, 52733, 56300, 54734, 5061, 27836, 54530, 6329, 9791, 6461, 9629, 19455, 54807, 32198, 25694, 32417, 31471, 9694, 16023], "label": "desk"}, {"objectId": 11, "id": 11, "partId": 11, "index": 14, "dominantNormal": [0.8957416415214539, -0.4445749819278717, -9.871547622172721e-17], "obb": {"axesLengths": [5.13425628282757, 3.2083999393492935, 0.6007800437835132], "centroid": [-1.312481544881159, 0.9875905061976314, -0.06788009812205997], "normalizedAxes": [0.4445750117301941, 0.8957416415214539, 1.9889459890653024e-16, 0, -2.220446049250313e-16, 1, 0.8957416415214539, -0.4445750117301941, -9.871548283917211e-17]}, "segments": [17707, 28378, 27003, 49073, 53698, 16716, 26940, 17019, 24256, 24254, 18871, 46362, 34550, 17812, 27280, 3919, 1357, 4075, 5558, 8726, 58609, 58563, 58572, 2738, 36285, 15426, 50374, 3638, 2414, 27296, 26947, 3140, 5412, 2935, 55666, 1914, 36372, 40522], "label": "wall"}, {"objectId": 12, "id": 12, "partId": 12, "index": 15, "dominantNormal": [-0.42763447761535645, -0.9039517641067505, -2.007176123323685e-16], "obb": {"axesLengths": [3.194027809787461, 3.125489880319909, 0.134936747084373], "centroid": [-1.269949812038128, -1.8091161765572643, -0.13274508976761212], "normalizedAxes": [0.9039517641067505, -0.42763444781303406, -9.495392201697907e-17, 0, -2.220446049250313e-16, 1, -0.42763444781303406, -0.9039517641067505, -2.007176123323685e-16]}, "segments": [11642, 40087, 8742, 15072, 39893, 14028, 428, 391, 32421, 1355, 16303, 56162, 39406], "label": "wall"}, {"objectId": 13, "id": 13, "partId": 13, "index": 16, "dominantNormal": [-0.43572351336479187, -0.9000805616378784, -1.99858032709583e-16], "obb": {"axesLengths": [0.865454771489965, 2.4711299582318214, 0.09389308881548462], "centroid": [-0.23427491416692947, -2.354872925033338, -0.465565080592818], "normalizedAxes": [0.9000805616378784, -0.43572351336479187, -9.675005538163181e-17, 0, -2.220446049250313e-16, 1, -0.43572351336479187, -0.9000805616378784, -1.99858032709583e-16]}, "segments": [23491, 21530, 16300, 22319, 24061, 21654, 24771, 21265, 15741, 16239, 47455], "label": "door"}, {"objectId": 14, "id": 14, "partId": 14, "index": 17, "dominantNormal": [0.8822168707847595, -0.47084328532218933, -1.0454821127096932e-16], "obb": {"axesLengths": [3.055570276309376, 1.5199999469518668, 0.7238858861923704], "centroid": [-2.0434607742660935, 0.21319241903863012, 0.12999992713332187], "normalizedAxes": [0.47084328532218933, 0.8822168707847595, 1.9589149653159932e-16, 0, -2.220446049250313e-16, 1, 0.8822168707847595, -0.47084328532218933, -1.0454821127096932e-16]}, "segments": [38997, 44040, 39466, 40867, 57094, 4912, 4454, 56400, 12642, 13070, 36289, 4482, 4506, 4676, 4688, 4690, 4709, 4715, 4724, 4730, 4739, 4746, 4770, 4803, 4820, 4853, 12611, 12695, 12728, 23164, 23169, 23204, 23230, 23296, 23299, 23338, 23348, 25738, 25798, 25801, 25867, 25875, 25878, 25985, 25990, 26020, 26033, 26074, 26114, 26174, 35947, 35992, 36266, 37439, 37454, 37473, 37488, 38308, 38444, 38468, 38524, 38542, 39031, 39033, 39035, 39044, 39064, 39549, 39575, 39607, 39608, 40271, 40861, 42486, 42505, 42530, 42651, 43932, 50892, 50909, 50912, 50917, 50919, 50954, 51579, 51585, 52871, 53543, 53547, 55656, 55662, 55676, 56168, 56170, 56173, 56461, 56475, 56573, 56576, 56581, 56645, 56649, 56653, 56655, 56659, 56796, 57646, 57662, 57763, 57790, 57822, 58521, 58524, 58531, 58540, 36101, 39432, 3533, 4734, 25934, 26123, 26204, 38530, 43931, 56137, 56318, 56409, 56566, 57360, 57652, 57683, 57742, 58468, 58476, 56506, 40321, 3518, 25953, 25954, 25974, 26008, 26048, 26093, 26143, 26191, 26215, 38298, 38326, 38355, 38404, 38461, 40279, 40326, 40342, 43941, 50815, 53553, 53560, 56308, 56310, 56454, 56239, 3567, 50808, 42692, 56034, 56040, 2647, 9176, 28639, 56210], "label": "window"}, {"objectId": 15, "id": 15, "partId": 15, "index": 18, "dominantNormal": [0, -2.220446049250313e-16, 1], "obb": {"axesLengths": [2.2071179368885834, 0.9525619532340324, 1.5580889136366651], "centroid": [-1.4331985125588171, -1.2005537547925411, -1.273719049460016], "normalizedAxes": [0.9982958436012268, 0.058355528861284256, 1.2957530351195125e-17, 0, -2.220446049250313e-16, 1, 0.058355528861284256, -0.9982958436012268, -2.2166620619073525e-16]}, "segments": [43061, 18682, 22343, 22348, 9409, 57431, 42011, 41088, 50496, 1642, 43878, 38584, 30947, 3366, 51329, 36737, 9076, 17323, 44378, 57695, 36759, 57735, 9057, 3372, 57556, 3342, 15312, 38930, 18063, 18188, 21538, 14719, 32149, 54651, 34283, 24538, 9476, 44354, 3440, 57393, 50520, 51001, 1679, 24556, 51164, 7603, 51179, 51181, 51186, 51191, 35831, 55632, 35729, 35667, 55589, 35550, 37245, 37404, 55193, 35630, 33022, 35505, 55577, 35834, 7517, 56891, 26749, 26807, 42417, 56856, 1915, 51203, 8363, 974, 56845, 8577, 6150, 8613, 1938, 51252, 50553, 51318, 41783, 8370, 2018, 1996, 1836, 964, 50538, 41823, 41855, 41703, 60305, 6396, 6388, 50441, 22266, 38619, 32287, 32629, 32683, 32592, 32652, 54394, 32264, 54454, 32272, 54169, 54171, 54585, 54718, 32405, 32092, 54452, 54450, 33948, 32370, 44374, 52320, 17442, 52292, 3422, 3432, 50776, 9213], "label": "desk"}, {"objectId": 16, "id": 16, "partId": 16, "index": 19, "dominantNormal": [0, -2.220446049250313e-16, 1], "obb": {"axesLengths": [0.5372612133382172, 0.14414000188991416, 0.37126320578182026], "centroid": [-1.3702490647411907, -1.46475000766566, -1.6020700033291437], "normalizedAxes": [0.5386978983879089, 0.8424990177154541, 1.8707236153835496e-16, 0, -2.220446049250313e-16, 1, 0.8424990177154541, -0.5386978983879089, -1.196149620214879e-16]}, "segments": [33490, 36070, 55278, 35568, 36056], "label": "bag"}, {"objectId": 17, "id": 17, "partId": 17, "index": 20, "dominantNormal": [0.3156203627586365, -0.9488855600357056, -2.1069491929719532e-16], "obb": {"axesLengths": [0.415694320848603, 0.6199999909102916, 0.31867403222640556], "centroid": [-1.5847696797812607, -1.2831050340399426, -1.3599999894946824], "normalizedAxes": [0.9488855600357056, 0.3156203627586365, 7.00817987550365e-17, 0, -2.220446049250313e-16, 1, 0.3156203627586365, -0.9488855600357056, -2.1069491929719532e-16]}, "segments": [42148, 37856, 37933, 41578, 37475, 7644, 9510, 9529, 37285, 37305, 37310, 37327, 37363, 37366, 41380, 41473, 41486, 42179, 42190, 55572, 56904, 40504, 42727, 37440], "label": "pc"}, {"objectId": 18, "id": 18, "partId": 18, "index": 21, "dominantNormal": [-0.37074023485183716, -0.9287366271018982, -2.062209574442471e-16], "obb": {"axesLengths": [0.41670903196586817, 0.35082297733076695, 0.2149846349209628], "centroid": [-2.0425769679528667, -1.3306515417749658, -0.698771556121748], "normalizedAxes": [0.9287366271018982, -0.37074023485183716, -8.23208689774895e-17, 0, -2.220446049250313e-16, 1, -0.37074023485183716, -0.9287366271018982, -2.062209574442471e-16]}, "segments": [43285, 40196, 2192, 43744, 58357, 43284, 57894, 43318, 58415, 43736, 43712, 43546, 57970, 43724], "label": "monitor"}, {"objectId": 19, "id": 19, "partId": 19, "index": 22, "dominantNormal": [0, -2.220446049250313e-16, 1], "obb": {"axesLengths": [0.604618203343582, 0.540652918652007, 0.5491376524410488], "centroid": [-1.6294703904003474, 0.06540989488650734, -1.1424635151223064], "normalizedAxes": [0.9495401978492737, -0.3136453330516815, -6.964325406404049e-17, 0, -2.220446049250313e-16, 1, -0.3136453330516815, -0.9495401978492737, -2.1084027809187804e-16]}, "segments": [4013, 3962, 55832, 50850, 3848, 51010, 4037, 16377, 25570, 27203], "label": "chair"}, {"objectId": 20, "id": 20, "partId": 20, "index": 23, "dominantNormal": [0.2527281641960144, -0.9675373435020447, -2.1483644718812582e-16], "obb": {"axesLengths": [0.7658039547362459, 0.9405399350701283, 0.6059494683476543], "centroid": [-1.8098901421115168, -0.4038486017076741, -1.200270035484359], "normalizedAxes": [0.9675373435020447, 0.2527281641960144, 5.611692537233246e-17, 0, -2.220446049250313e-16, 1, 0.2527281641960144, -0.9675373435020447, -2.1483644718812582e-16]}, "segments": [3208, 2913, 3817, 3857, 53946, 27259, 53813, 3064, 3037, 50681, 8291, 3157, 2115, 35573, 22396, 2163, 2118, 50564, 36619, 50101, 37071, 50444, 50067, 50450, 1167, 37504, 2193, 37163, 50277, 51101, 48926, 1181], "label": "desk chair"}, {"objectId": 21, "id": 21, "partId": 21, "index": 24, "dominantNormal": [0, -2.220446049250313e-16, 1], "obb": {"axesLengths": [0.6034558236603802, 0.4015500455748276, 0.6015726762988719], "centroid": [-1.381003582934693, 0.5114593323631512, -1.0907750537818295], "normalizedAxes": [-0.07910013198852539, 0.9968667030334473, 2.213488732379803e-16, 0, -2.220446049250313e-16, 1, 0.9968667030334473, 0.07910013198852539, 1.756375755690995e-17]}, "segments": [720, 52050, 52045, 16333, 52169], "label": "cushion"}, {"objectId": 22, "id": 22, "partId": 22, "index": 25, "dominantNormal": [0, -2.220446049250313e-16, 1], "obb": {"axesLengths": [0.657594744242224, 0.5522799368438135, 0.6119331420135474], "centroid": [-1.4211663420033003, 0.48411293822627, -1.1461400189368431], "normalizedAxes": [0.9931285381317139, -0.11702889949083328, -2.5985635752253274e-17, 0, -2.220446049250313e-16, 1, -0.11702889949083328, -0.9931285381317139, -2.205188338892303e-16]}, "segments": [676, 50407, 29629, 5519, 15401, 14615, 16391, 776, 15583, 15518, 15413], "label": "chair"}, {"objectId": 23, "id": 23, "partId": 23, "index": 26, "dominantNormal": [0.04562396556138992, -0.9989587068557739, -2.2181339140021049e-16], "obb": {"axesLengths": [0.5891368475286678, 0.7877499285098178, 0.5890057662759621], "centroid": [-0.4388072616463947, 0.6082464621019774, -1.2658550214203825], "normalizedAxes": [0.9989587068557739, 0.04562396556138992, 1.013055540819206e-17, 0, -2.220446049250313e-16, 1, 0.04562396556138992, -0.9989587068557739, -2.2181339140021049e-16]}, "segments": [13687, 13703, 13911, 55224, 18475, 6479, 15199, 6467, 13848, 14724, 15118, 15129, 15156, 15205, 18434, 18452, 23705, 50327, 51827, 52437, 55230, 16983, 14633, 22976, 51726, 13595, 13604, 13608, 13619, 13632, 13650, 13673, 14459, 51712, 51742, 51749, 51855, 51859, 51862, 51865, 51808, 51835, 51771, 13672], "label": "chair"}, {"objectId": 24, "id": 24, "partId": 24, "index": 27, "dominantNormal": [0, -2.220446049250313e-16, 1], "obb": {"axesLengths": [0.3825520490104061, 0.2632199466998886, 0.3224244458683854], "centroid": [-1.0510455523609679, 1.5625706259346783, -1.5408800551843638], "normalizedAxes": [-0.05366317182779312, 0.9985591173171997, 2.217246646989856e-16, 0, -2.220446049250313e-16, 1, 0.9985591173171997, 0.05366317182779312, 1.1915617787526394e-17]}, "segments": [52810, 10113, 52837, 10068, 26386], "label": "bag"}, {"objectId": 25, "id": 25, "partId": 25, "index": 28, "dominantNormal": [0.8881428837776184, -0.4595673680305481, -1.0204445467077952e-16], "obb": {"axesLengths": [0.4194180533203216, 0.27012991301424955, 0.26142864515277253], "centroid": [-0.867821015331732, 2.0013374633338135, -1.5352050374775006], "normalizedAxes": [0.4595673978328705, 0.8881428837776184, 1.9720733574537928e-16, 0, -2.220446049250313e-16, 1, 0.8881428837776184, -0.4595673978328705, -1.0204446128822442e-16]}, "segments": [53434, 29944, 24741, 52996, 29948], "label": "bag"}, {"objectId": 26, "id": 26, "partId": 26, "index": 29, "dominantNormal": [0.11975731700658798, -0.9928032159805298, -2.2044659786069727e-16], "obb": {"axesLengths": [0.8660331710201712, 0.8748319549523598, 0.7620235213646808], "centroid": [-0.3473492257663643, 2.4140933817178962, -1.2386540251526093], "normalizedAxes": [0.9928032159805298, 0.11975731700658798, 2.659146614160956e-17, 0, -2.220446049250313e-16, 1, 0.11975731700658798, -0.9928032159805298, -2.2044659786069727e-16]}, "segments": [30713, 30096, 13945, 31148, 30838, 16106, 14506, 54352, 14574, 54970, 26554, 31438, 30707, 32398, 32250, 30717, 54412, 30703, 30615, 24951, 30908, 30959, 30333, 30958, 30876, 30957, 54240, 31487, 10547, 54281, 30886, 31494, 51498, 54854], "label": "desk chair"}], "scan_id": "210cdbb2-9e8d-2832-87e5-7e474cf621ea", "annId": "3860", "appId": "stk.v1"}