{"segGroups": [{"objectId": 1, "id": 1, "partId": 1, "index": 0, "dominantNormal": [0, -2.220446049250313e-16, 1], "obb": {"axesLengths": [2.490730834592454, 0.20230996156536105, 1.4321133932983627], "centroid": [0.12264392651113609, 0.29821771744271364, -1.3711550283173852], "normalizedAxes": [0.04536811634898186, 0.9989703297615051, 2.2181597220372165e-16, 0, -2.220446049250313e-16, 1, 0.9989703297615051, -0.04536811634898186, -1.007374547090253e-17]}, "segments": [5937, 14408, 24398, 14437], "label": "floor"}, {"objectId": 2, "id": 2, "partId": 2, "index": 1, "dominantNormal": [0.9960697889328003, 0.08857163786888123, 1.9666854338158674e-17], "obb": {"axesLengths": [4.05620020902191, 2.3959599793860313, 0.19150770303190345], "centroid": [-0.5083210196497465, -0.0653788581779594, -0.24798011784300122], "normalizedAxes": [-0.08857163786888123, 0.9960697889328003, 2.2117192276134296e-16, 0, -2.220446049250313e-16, 1, 0.9960697889328003, 0.08857163786888123, 1.9666854338158674e-17]}, "segments": [8747, 931, 17202, 6721, 26831, 8378, 8334, 5593, 14628, 24274, 12808, 24260], "label": "wall"}, {"objectId": 3, "id": 3, "partId": 3, "index": 2, "dominantNormal": [0.13187304139137268, -0.9912666082382202, -2.201054024016314e-16], "obb": {"axesLengths": [0.9292514346063149, 1.6123779353712953, 0.18400417018130744], "centroid": [0.001564584500114874, -0.6341841981827896, -0.6038110624146988], "normalizedAxes": [0.9912666082382202, 0.13187304139137268, 2.928169737600965e-17, 0, -2.220446049250313e-16, 1, 0.13187304139137268, -0.9912666082382202, -2.201054024016314e-16]}, "segments": [12169, 13987, 4886, 4950, 27539, 18865, 3206], "label": "door"}, {"objectId": 4, "id": 4, "partId": 4, "index": 3, "dominantNormal": [0.1063738539814949, -0.9943262338638306, -2.2078477576488854e-16], "obb": {"axesLengths": [0.8932069216295344, 1.607595929333658, 0.0697420419553869], "centroid": [0.86496380355717, -0.43277105800629806, -0.6062020654335174], "normalizedAxes": [0.9943262338638306, 0.1063738539814949, 2.3619740381674004e-17, 0, -2.220446049250313e-16, 1, 0.1063738539814949, -0.9943262338638306, -2.2078477576488854e-16]}, "segments": [13864, 11597], "label": "wall"}, {"objectId": 5, "id": 5, "partId": 5, "index": 4, "dominantNormal": [0, -2.220446049250313e-16, 1], "obb": {"axesLengths": [2.9944963362067254, 0.4749709708622618, 1.8407811902548485], "centroid": [0.3220152209276391, 0.4991844967821838, 0.3647513922731984], "normalizedAxes": [-0.06961912661790848, 0.9975736737251282, 2.2150585226590817e-16, 0, -2.220446049250313e-16, 1, 0.9975736737251282, 0.06961912661790848, 1.545855146509922e-17]}, "segments": [12904, 17415, 1343, 28486, 16829, 17649, 1522, 16805, 25619, 28564, 10860, 17622, 25579, 16726, 6604, 9551, 25541, 16787, 25900, 14712, 6524], "label": "ceiling"}, {"objectId": 6, "id": 6, "partId": 6, "index": 5, "dominantNormal": [0.0629701316356659, -0.9980154037475586, -2.2160393603422226e-16], "obb": {"axesLengths": [1.5827501673273379, 0.519999961853028, 0.18662979618084158], "centroid": [0.07773707611496694, 1.9626698218217624, 0.32999988466501273], "normalizedAxes": [0.9980154037475586, 0.0629701316356659, 1.398217800111865e-17, 0, -2.220446049250313e-16, 1, 0.0629701316356659, -0.9980154037475586, -2.2160393603422226e-16]}, "segments": [19120, 18301, 14873, 15140], "label": "wall"}, {"objectId": 7, "id": 7, "partId": 7, "index": 6, "dominantNormal": [0.060048237442970276, -0.998195469379425, -2.2164391863631062e-16], "obb": {"axesLengths": [1.8219819667907118, 0.7599999734759333, 0.09055730537060752], "centroid": [0.5609300441123183, -2.000780681780749, 0.5699998851120474], "normalizedAxes": [0.998195469379425, 0.06004823371767998, 1.3333386332288195e-17, 0, -2.220446049250313e-16, 1, 0.06004823371767998, -0.998195469379425, -2.2164391863631062e-16]}, "segments": [11292, 4705], "label": "wall"}, {"objectId": 8, "id": 8, "partId": 8, "index": 7, "dominantNormal": [0.9909164905548096, 0.13447855412960052, 2.9860237422596586e-17], "obb": {"axesLengths": [0.9698569493479914, 0.4842800389763702, 0.30273833384947274], "centroid": [-0.4218033833627435, 0.4614864810373082, -1.192140081328004], "normalizedAxes": [-0.13447855412960052, 0.9909164905548096, 2.200276606589412e-16, 0, -2.220446049250313e-16, 1, 0.9909164905548096, 0.13447855412960052, 2.9860237422596586e-17]}, "segments": [23620, 24627, 4445, 12821, 24713, 3794, 12005, 3964, 5265, 3851, 23557, 24255, 6425, 6182, 6192, 6355, 6228, 6330, 4279, 6155, 11820, 23572, 9710, 13304, 12889, 22228, 6320, 6400, 11835, 4175, 10303, 6142, 13281, 22210, 6184, 6216], "label": "shelf"}, {"objectId": 9, "id": 9, "partId": 9, "index": 8, "dominantNormal": [0.999206006526947, 0.03984148055315018, 8.846585809052549e-18], "obb": {"axesLengths": [2.0863506474157076, 1.5005099438016867, 0.5249295849931787], "centroid": [1.0338783127982163, 0.6229604983016647, -0.5002550724836814], "normalizedAxes": [-0.03984147682785988, 0.999206006526947, 2.218683029579942e-16, 0, -2.220446049250313e-16, 1, 0.999206006526947, 0.03984147682785988, 8.846584981871936e-18]}, "segments": [26103, 18098, 10225, 8487, 18033, 22664, 20688, 13926, 20643, 20655, 21433, 28149, 18142, 5774, 5839, 5872, 8099, 8063, 22681, 2076, 2164, 5743, 5758, 5764, 5787, 5817, 5829, 6503, 7619, 7623, 7669, 7975, 8005, 8096, 8209, 9450, 13181, 13606, 13727, 13738, 13763, 16940, 19595, 20390, 20545, 20555, 21690, 21988, 24580, 24603, 25684, 25696, 27147, 27254, 28136], "label": "wall"}, {"objectId": 10, "id": 10, "partId": 10, "index": 9, "dominantNormal": [0.9998522996902466, 0.017185945063829422, 3.816046381961296e-18], "obb": {"axesLengths": [1.5287629623615355, 1.5159960050285748, 0.5951930937761651], "centroid": [0.731244323177346, 0.31302560743717345, -0.6338820967700627], "normalizedAxes": [-0.017185945063829422, 0.9998522996902466, 2.220118088681048e-16, 0, -2.220446049250313e-16, 1, 0.9998522996902466, 0.017185945063829422, 3.816046381961296e-18]}, "segments": [3058, 27370, 13460, 3717, 23098, 13202, 23135, 5977, 23061, 4373, 23264, 28609, 28702, 9989, 10056, 23182, 9951, 4719, 7137, 27546, 20105, 7268, 20112, 7189, 5100, 26185, 1289, 3054, 3107, 3160, 3164, 3219, 3238, 3246, 3468, 3469, 3502, 3734, 3783, 3809, 3816, 3894, 4056, 4084, 4086, 4155, 4181, 4185, 4265, 4281, 4296, 4309, 4312, 4379, 4386, 4391, 4396, 4410, 4677, 5052, 5071, 5082, 5105, 5135, 5295, 5351, 5894, 5919, 5999, 6028, 6045, 7132, 7140, 7147, 7163, 9342, 9685, 9726, 9768, 9885, 9891, 9898, 9914, 9949, 9957, 9982, 9983, 9995, 10044, 10162, 10164, 13213, 13235, 13244, 13407, 13688, 13799, 15800, 15804, 15814, 15846, 15854, 16865, 16941, 16975, 16977, 16986, 16987, 17076, 19300, 19619, 19654, 19691, 19693, 19722, 19752, 19764, 19791, 19797, 19822, 19846, 19877, 19916, 19960, 19966, 19988, 19993, 20012, 20426, 20481, 20525, 20759, 20946, 20950, 21208, 21241, 21310, 21341, 21354, 21804, 21879, 21903, 21909, 21932, 22009, 22035, 22103, 22114, 22395, 22398, 22882, 22983, 23039, 23049, 23164, 23216, 23236, 23237, 24294, 25159, 25161, 25669, 25690, 25692, 25703, 25713, 25736, 25743, 25752, 25755, 25758, 25761, 25786, 25791, 26213, 27126, 27128, 27131, 27139, 27159, 27194, 27318, 27436, 27438, 27439, 27441, 27443, 27695, 27728, 27754, 27757, 27769, 27830, 27843, 27852, 27905, 28164, 28172, 28178, 28188, 28191, 28295, 28328, 28677, 28680, 28683, 28684, 28685, 28691, 28755, 6051, 22059, 21843, 3265, 3406, 2662, 3591, 3602, 3616, 13617, 13653, 13729, 19726, 20030, 20672, 20799, 26522, 26716, 26719, 27081, 27431, 27850, 18620, 7292, 10260, 27470, 9578, 23276, 24594, 26202, 26503, 26399, 4759, 26711, 2090, 2546], "label": "clothes"}, {"objectId": 11, "id": 11, "partId": 11, "index": 10, "dominantNormal": [-0.011682135052978992, -0.9999317526817322, -2.2202945097620934e-16], "obb": {"axesLengths": [0.7877098437143488, 1.1399999900162217, 0.21802423495522785], "centroid": [0.7451639704529602, 1.4654511197680928, -0.4200000873953105], "normalizedAxes": [0.9999317526817322, -0.011682135984301567, -2.5939552693147332e-18, 0, -2.220446049250313e-16, 1, -0.011682135984301567, -0.9999317526817322, -2.2202945097620934e-16]}, "segments": [17459, 17542, 17905, 9038, 11098, 11262, 23444, 9055, 10643, 25933, 23508, 23574, 11291, 10558, 10727, 23290, 17660], "label": "clothes"}, {"objectId": 12, "id": 12, "partId": 12, "index": 11, "dominantNormal": [0, -2.220446049250313e-16, 1], "obb": {"axesLengths": [2.3103977452670708, 0.5367300390437979, 0.8409860576509091], "centroid": [0.8350950796831746, 0.8143838552415337, -1.048125100177712], "normalizedAxes": [-0.0810428038239479, 0.9967105984687805, 2.2131421106159189e-16, 0, -2.220446049250313e-16, 1, 0.9967105984687805, 0.0810428038239479, 1.799511735710533e-17]}, "segments": [8565, 12540, 22621, 8436, 11386, 23882, 23668, 4898, 22811, 8763, 8833, 22816, 8564, 5706, 23387, 12563, 24131, 12501, 23904, 22803], "label": "wardrobe"}, {"objectId": 13, "id": 13, "partId": 13, "index": 12, "dominantNormal": [0.987497866153717, 0.15763242542743683, 3.500142962740967e-17], "obb": {"axesLengths": [0.8184042494627901, 0.4113600162112707, 0.31836892808793243], "centroid": [0.6130770607415986, 1.2929483829600734, -1.2156800709885358], "normalizedAxes": [-0.15763242542743683, 0.987497866153717, 2.1926857355441355e-16, 0, -2.220446049250313e-16, 1, 0.987497866153717, 0.15763242542743683, 3.500142962740967e-17]}, "segments": [10328, 8683, 9442, 10316, 7925, 7885, 11601, 23931], "label": "drawer"}, {"objectId": 14, "id": 14, "partId": 14, "index": 13, "dominantNormal": [0.9859393835067749, 0.1671033501625061, 3.7104397368482834e-17], "obb": {"axesLengths": [0.7812156979803808, 0.4723299636171019, 0.22278747313635014], "centroid": [0.6665631681522352, 0.04687576044620739, -1.2059850777092946], "normalizedAxes": [-0.1671033501625061, 0.9859393835067749, 2.1892252089079076e-16, 0, -2.220446049250313e-16, 1, 0.9859393835067749, 0.1671033501625061, 3.7104397368482834e-17]}, "segments": [1830, 24514, 1794, 2823, 2810, 2793, 2281, 24564, 2261, 21780, 2252], "label": "drawers"}, {"objectId": 15, "id": 15, "partId": 15, "index": 14, "dominantNormal": [0.9895753860473633, 0.14401575922966003, 3.1977922361128293e-17], "obb": {"axesLengths": [0.6436583806674082, 0.3810700092970574, 0.24718072181834302], "centroid": [0.7115576113382174, 0.5908285447313188, -1.211565026009866], "normalizedAxes": [-0.14401575922966003, 0.9895753860473633, 2.1972987563842212e-16, 0, -2.220446049250313e-16, 1, 0.9895753860473633, 0.14401575922966003, 3.1977922361128293e-17]}, "segments": [20959, 20335, 8431, 2853, 9426, 20339], "label": "boxes"}, {"objectId": 16, "id": 16, "partId": 16, "index": 15, "dominantNormal": [0.061585184186697006, -0.9981018304824829, -2.216231266244335e-16], "obb": {"axesLengths": [1.4532656392087666, 1.579999933093787, 0.6660240941710169], "centroid": [0.03366227855097592, 1.7607525088310891, -0.6200000635534528], "normalizedAxes": [0.9981018304824829, 0.061585184186697006, 1.3674657891970422e-17, 0, -2.220446049250313e-16, 1, 0.061585184186697006, -0.9981018304824829, -2.216231266244335e-16]}, "segments": [25107, 12301, 12669, 15531, 25803, 24055, 10905, 16147, 16202, 14784, 15772, 14379, 12619, 11807, 23303, 23934, 22362, 16674, 25490, 26227, 24910, 14281, 6724, 4420, 4455, 4964, 4967, 4974, 5200, 6763, 6856, 6941, 6956, 8993, 9784, 10608, 10644, 10737, 10909, 10938, 10941, 10945, 11067, 11557, 11790, 11857, 12613, 12634, 12947, 13020, 13995, 14257, 14312, 14333, 14554, 14577, 14602, 15401, 16233, 16243, 16245, 16292, 17947, 21921, 22256, 22259, 22262, 22265, 22269, 22324, 22327, 22330, 22345, 22350, 22900, 23295, 23300, 23320, 23749, 23751, 23756, 23792, 23954, 23957, 23960, 24123, 24942, 25095, 25099, 25311, 25447, 25496, 25843, 26241, 15280, 15209, 15619, 5234, 16504, 16490, 17838, 25867, 16446, 14816, 16540, 26661, 12658, 17969, 22402, 24106, 6716, 6696, 22888, 11748, 22251, 9804], "label": "shelf"}, {"objectId": 17, "id": 17, "partId": 17, "index": 16, "dominantNormal": [0, -2.220446049250313e-16, 1], "obb": {"axesLengths": [0.5288070710352546, 0.2612706960453681, 0.3630340739254688], "centroid": [-0.4142036146524499, 1.6678823503226519, 0.1705825532842582], "normalizedAxes": [0.9989467859268188, -0.04588360711932182, -1.0188207415345168e-17, 0, -2.220446049250313e-16, 1, -0.04588360711932182, -0.9989467859268188, -2.2181074442225032e-16]}, "segments": [12394, 12360, 18860, 12324, 12340, 15183, 15139, 18712, 18717, 18721, 18722, 18782, 18813, 18816, 18846, 26412, 26414, 26479, 27017, 27019], "label": "basket"}, {"objectId": 20, "id": 20, "partId": 20, "index": 19, "dominantNormal": [0, -2.220446049250313e-16, 1], "obb": {"axesLengths": [0.9290403502625642, 0.07899999441951522, 0.6276695997727892], "centroid": [-0.29076449423265904, 1.2756547324224659, -1.4095000663511454], "normalizedAxes": [0.881570041179657, 0.4720532298088074, 1.0481687291648165e-16, 0, -2.220446049250313e-16, 1, 0.4720532298088074, -0.881570041179657, -1.9574787150748052e-16]}, "segments": [17224], "label": "carpet"}, {"objectId": 21, "id": 21, "partId": 21, "index": 20, "dominantNormal": [0.07555442303419113, -0.9971416592597961, -2.2140992578463162e-16], "obb": {"axesLengths": [0.6879558651237003, 1.3599999690055848, 0.39143168457461247], "centroid": [1.5031154038435643, 1.361208884787309, -0.5700000825524332], "normalizedAxes": [0.9971416592597961, 0.07555442303419113, 1.6776452012965655e-17, 0, -2.220446049250313e-16, 1, 0.07555442303419113, -0.9971416592597961, -2.2140992578463162e-16]}, "segments": [16896, 20793, 20840, 21018, 5481, 22548, 5460, 5644, 5383, 7566, 19548, 1866, 3134, 3898, 4601, 5365, 5368, 5455, 5491, 5580, 5648, 7054, 7101, 7120, 7381, 7383, 7390, 7479, 7510, 7527, 8045, 16910, 17847, 20726, 20736, 20741, 20776, 20867, 20937, 20941, 20952, 20964, 21025, 21123, 21573, 21579, 22459, 22557, 22582, 22585, 28170, 28181, 28241, 28251, 2476, 2775, 21615], "label": "clutter"}, {"objectId": 22, "id": 22, "partId": 22, "index": 21, "dominantNormal": [0.13921889662742615, -0.9902616143226624, -2.1988224892469929e-16], "obb": {"axesLengths": [0.33094203373983755, 0.2876412953218527, 0.08699893632124024], "centroid": [0.26848427775509554, 1.6102910779486939, -0.1661794427891219], "normalizedAxes": [0.9902616143226624, 0.13921889662742615, 3.091280489973561e-17, 0, -2.220446049250313e-16, 1, 0.13921889662742615, -0.9902616143226624, -2.1988224892469929e-16]}, "segments": [16176, 17453], "label": "box"}, {"objectId": 23, "id": 23, "partId": 23, "index": 22, "dominantNormal": [0.10970518738031387, -0.9939641952514648, -2.207043870442382e-16], "obb": {"axesLengths": [0.33847659906872346, 0.31999992609024197, 0.08913584429490076], "centroid": [0.25811867150564305, 1.603915175794255, -0.890000060796738], "normalizedAxes": [0.9939641952514648, 0.10970518738031387, 2.4359444990088324e-17, 0, -2.220446049250313e-16, 1, 0.10970518738031387, -0.9939641952514648, -2.207043870442382e-16]}, "segments": [8969, 23375, 10641], "label": "box"}, {"objectId": 24, "id": 24, "partId": 24, "index": 23, "dominantNormal": [0.03728731349110603, -0.9993045926094055, -2.218901934657248e-16], "obb": {"axesLengths": [0.8294607926527855, 0.5071219986575389, 0.46961345351057426], "centroid": [-0.31632522152281406, 1.7260247588071265, -0.1164390921643601], "normalizedAxes": [0.9993045926094055, 0.03728731349110603, 8.279446792848429e-18, 0, -2.220446049250313e-16, 1, 0.03728731349110603, -0.9993045926094055, -2.218901934657248e-16]}, "segments": [12691, 12674, 26982, 14908, 19089, 18581, 18660, 24074, 18618, 18453, 15048, 15235, 15240, 15292, 15307, 15373, 15501, 15657, 15664, 17363, 18515, 18554, 18611, 18794, 18859, 18866, 18922, 18937, 18954, 18955, 19453, 23395, 25027, 25030, 26386, 26388, 26405, 26408, 26429, 26435, 26493, 26495, 27058, 26247, 16703], "label": "clothes"}, {"objectId": 25, "id": 25, "partId": 25, "index": 24, "dominantNormal": [0, -2.220446049250313e-16, 1], "obb": {"axesLengths": [1.1083041722377756, 0.2943000727675836, 0.4935052805234033], "centroid": [-0.10764260039200213, 1.7174082593207771, -1.2887900537522885], "normalizedAxes": [0.9989389777183533, 0.0460529625415802, 1.0225811873172441e-17, 0, -2.220446049250313e-16, 1, 0.0460529625415802, -0.9989389777183533, -2.218090106516864e-16]}, "segments": [1192, 1009, 22942, 12140, 23995, 12264, 7008], "label": "clothes"}, {"objectId": 26, "id": 26, "partId": 26, "index": 25, "dominantNormal": [0, -2.220446049250313e-16, 1], "obb": {"axesLengths": [0.5831459612306475, 0.38792496052552083, 0.44566023257165877], "centroid": [-0.39566134629626215, 1.7234031404567758, -0.9360375847063026], "normalizedAxes": [0.7087235450744629, 0.7054863572120667, 1.5664943946715285e-16, 0, -2.220446049250313e-16, 1, 0.7054863572120667, -0.7087235450744629, -1.5736823956712673e-16]}, "segments": [14052, 24997, 14356, 24948, 24819, 6890], "label": "clothes"}], "scan_id": "634b2181-f5d0-2fb7-8547-fd27b0795137", "annId": "6303", "appId": "stk.v1"}