{"segGroups": [{"objectId": 1, "id": 1, "partId": 1, "index": 0, "dominantNormal": [0, -2.220446049250313e-16, 1], "obb": {"axesLengths": [7.504105051665359, 0.2625800312478835, 2.7268749618857613], "centroid": [1.9222481467620074, -1.0244448034671354, -1.6412899741987128], "normalizedAxes": [0.7628440856933594, -0.6465824246406555, -1.4357013903080318e-16, 0, -2.220446049250313e-16, 1, -0.6465824246406555, -0.7628440856933594, -1.693854136271787e-16]}, "segments": [16541, 45522, 17840, 18376, 18448, 18720, 18728, 19250, 19461, 19876, 25685, 25694, 27574, 27814, 28635, 30278, 30850, 34234, 35559, 35658, 37321, 37368, 37420, 37607, 37618, 40716, 41457, 41760, 42043, 44932, 45103, 45338, 45363, 45391, 45426, 46584, 47521, 49313, 50084, 50168, 50193, 50326, 50336, 50524, 50621, 50714, 50721, 50878, 50937, 51089, 51099, 52496, 53874, 55093, 55104, 55141, 55195, 55233, 56244, 56390, 57286, 61349, 63189, 65123, 71752, 78440, 79857, 79861, 80186, 80199, 80202, 83998, 84079, 84763, 18241, 17768, 38707, 18323, 50751, 54030, 55174, 80139, 84667, 41096, 55109, 53967, 55585, 59821, 49583, 34736, 38026, 84572, 40386], "label": "floor"}, {"objectId": 2, "id": 2, "partId": 2, "index": 1, "dominantNormal": [-0.6613514423370361, -0.750076174736023, -1.6655036788293897e-16], "obb": {"axesLengths": [7.47199970171845, 2.3690599269630024, 0.1815472646974254], "centroid": [1.175771130895915, -1.7737016394234133, -0.5145299636305127], "normalizedAxes": [0.750076174736023, -0.6613514423370361, -1.4684951973032681e-16, 0, -2.220446049250313e-16, 1, -0.6613514423370361, -0.750076174736023, -1.6655036788293897e-16]}, "segments": [53900, 19044, 19129, 20590, 39416, 46532, 46613, 46624, 46634, 49189, 49643, 49652, 49654, 53445, 53450, 53459, 53475, 53482, 54178, 63534, 65049, 65090, 65091, 65934, 65956, 65958, 65960, 65975, 65979, 65983, 65985, 65995, 65999, 66007, 66028, 66587, 66635, 66637, 66659, 66663, 66685, 66688, 66709, 66747, 66774, 66855, 66887, 67190, 67202, 67215, 67223, 67230, 67234, 67241, 67246, 67255, 67257, 67263, 67287, 67336, 79884, 80126, 80129, 80993, 84830, 84832, 84836, 84840, 84843, 84873, 84874, 84875, 84905, 84911, 85713, 85789, 85801, 85803, 85806, 85811, 85813, 85818, 85821, 85829, 23490, 32235, 7248, 5724, 6132, 7020, 7116, 7138, 7949, 9355, 9380, 9420, 19220, 35008, 38772, 73634, 23877, 6868, 6743, 85564, 58132, 56187, 54179, 39135, 36268, 65577, 46908, 46942, 26191, 2611, 37623, 38846, 38574, 20653, 85324], "label": "wall"}, {"objectId": 3, "id": 3, "partId": 3, "index": 2, "dominantNormal": [-0.6547865271568298, -0.7558138370513916, -1.6782438484494824e-16], "obb": {"axesLengths": [0.8049547874248228, 0.8799999755620961, 0.043313127690144726], "centroid": [0.99821070321641, -1.5995898985368309, 0.1299999904632576], "normalizedAxes": [0.7558138370513916, -0.6547865271568298, -1.4539181573277156e-16, 0, -2.220446049250313e-16, 1, -0.6547865271568298, -0.7558138370513916, -1.6782438484494824e-16]}, "segments": [25480, 25470], "label": "picture"}, {"objectId": 4, "id": 4, "partId": 4, "index": 3, "dominantNormal": [-0.6739673614501953, -0.7387611269950867, -1.640379225775949e-16], "obb": {"axesLengths": [0.9191367621745986, 2.012479945738316, 0.16753352838206878], "centroid": [-0.6954343414483675, -0.463232521065685, -0.6762399689948559], "normalizedAxes": [0.7387611269950867, -0.6739673614501953, -1.496508165055744e-16, 0, -2.220446049250313e-16, 1, -0.6739673614501953, -0.7387611269950867, -1.640379225775949e-16]}, "segments": [42674, 45447, 56681, 57789, 82504, 47415, 57810, 57788, 57795, 57967, 57968, 57971, 58079, 81626, 58073, 81635, 81688, 81693], "label": "door"}, {"objectId": 5, "id": 5, "partId": 5, "index": 4, "dominantNormal": [-0.6439524292945862, -0.7650654911994934, -1.6987866473516653e-16], "obb": {"axesLengths": [0.8937526217518283, 2.0233599389338495, 0.3521016601898005], "centroid": [2.396710601049732, -3.018580542841553, -0.6816799655926229], "normalizedAxes": [0.7650654911994934, -0.6439524292945862, -1.4298616275323055e-16, 0, -2.220446049250313e-16, 1, -0.6439524292945862, -0.7650654911994934, -1.6987866473516653e-16]}, "segments": [15647, 8697, 11065, 40594, 46307, 14262, 74298, 40262], "label": "door"}, {"objectId": 6, "id": 6, "partId": 6, "index": 5, "dominantNormal": [0.7533619403839111, -0.6576060652732849, -1.460178789599109e-16], "obb": {"axesLengths": [2.3088274256991324, 2.3924700083031496, 0.3085262144555945], "centroid": [4.715964014372985, -3.4338948395553115, -0.540015001818202], "normalizedAxes": [0.6576060652732849, 0.7533619403839111, 1.6727995441810054e-16, 0, -2.220446049250313e-16, 1, 0.7533619403839111, -0.6576060652732849, -1.460178789599109e-16]}, "segments": [27193, 63291, 19988, 51787, 19353, 52107, 54251, 79527, 38863, 45220, 24940, 79632, 47903, 27793, 30100, 21836, 77559, 33997, 34118, 21108, 18236, 18340, 18390, 18237, 18558, 50012, 77591, 40242], "label": "wall"}, {"objectId": 7, "id": 7, "partId": 7, "index": 6, "dominantNormal": [-0.6601507067680359, -0.751133143901825, -1.667850621837774e-16], "obb": {"axesLengths": [7.469056132738183, 3.6399999043345455, 0.3132979562065705], "centroid": [2.6399998030160847, -0.12066836763710564, 0.06999998942017593], "normalizedAxes": [0.751133143901825, -0.6601507067680359, -1.4658290287528872e-16, 0, -2.220446049250313e-16, 1, -0.6601507067680359, -0.751133143901825, -1.667850621837774e-16]}, "segments": [58850, 81245, 52819, 81178, 65866, 52993, 2981, 63362, 61860, 61299, 51964, 47278, 69530, 71512, 12236, 87862, 10525, 69024, 12819, 2306, 2313, 5931, 5945, 5950, 6303, 6317, 6385, 6435, 6451, 6457, 6488, 6492, 6494, 6702, 6719, 6756, 6760, 6808, 6837, 6846, 6867, 6888, 6900, 6911, 6975, 7027, 7033, 7052, 7061, 7063, 7096, 7113, 7226, 7350, 7391, 7459, 7463, 7796, 7855, 7933, 7952, 7969, 8393, 8439, 8442, 8444, 8464, 8467, 8472, 8582, 8787, 8899, 8916, 8919, 8941, 8950, 8977, 8993, 9026, 9029, 9040, 9044, 10248, 10610, 10665, 10699, 10758, 10762, 11160, 11164, 11172, 11182, 11200, 11208, 11246, 11248, 11267, 11280, 11283, 11294, 11299, 11301, 11302, 11468, 11773, 11778, 11783, 11949, 11962, 11973, 12002, 12083, 12123, 12147, 12333, 12340, 12351, 12357, 12360, 12373, 12538, 12664, 12695, 12712, 12724, 12725, 12738, 12752, 12794, 12826, 12836, 12886, 12906, 12918, 12919, 12933, 12946, 12949, 12991, 13006, 13011, 13013, 13028, 13029, 13056, 13066, 13067, 13072, 13114, 15780, 17082, 17089, 17098, 17114, 17159, 19688, 21243, 21744, 33406, 33429, 34469, 35758, 36425, 39549, 40777, 47872, 50075, 51230, 59092, 59130, 59140, 59172, 59178, 59186, 59193, 59218, 59225, 59226, 59235, 59249, 59253, 59257, 61205, 63404, 65307, 68887, 69021, 69043, 69064, 69089, 69090, 69135, 69142, 69146, 69186, 69245, 69255, 69274, 69280, 69292, 69343, 69360, 69371, 69378, 69428, 69431, 69458, 69463, 69577, 69892, 69893, 69896, 69904, 70218, 70225, 70257, 70262, 70275, 71151, 71154, 71183, 71187, 71212, 71238, 71257, 71267, 71275, 71300, 71319, 71329, 71333, 71388, 71391, 71399, 71404, 71405, 71413, 71418, 71446, 71468, 71476, 71486, 71491, 71504, 71541, 71565, 71575, 71578, 71592, 71639, 74111, 74119, 74120, 74125, 74127, 74130, 74133, 74135, 74139, 74143, 74247, 74255, 74351, 74353, 74357, 74362, 74399, 74406, 74407, 74410, 74527, 74536, 74544, 74547, 74561, 74620, 74626, 74628, 74677, 74679, 74688, 74698, 74708, 74711, 74714, 74718, 74736, 74742, 74745, 74746, 74749, 74761, 74768, 74773, 74775, 74785, 79836, 80170, 81818, 81832, 82381, 86241, 86243, 86248, 86252, 86253, 86267, 86276, 86417, 86432, 86443, 86551, 86554, 86557, 86560, 86562, 86564, 86567, 86568, 86571, 86573, 86576, 86581, 86583, 86584, 86589, 86600, 86607, 86609, 86610, 86614, 86728, 86730, 86732, 86747, 86767, 86794, 86847, 86883, 86918, 86919, 86927, 87390, 87729, 88074, 88086, 88227, 88230, 88233, 88239, 88242, 88245, 88248, 13505, 13484, 13292, 9787, 47155, 10212, 10253, 20237, 2251, 42962], "label": "wall"}, {"objectId": 8, "id": 8, "partId": 8, "index": 7, "dominantNormal": [-0.6657412648200989, -0.7461826801300049, -1.6568583841136794e-16], "obb": {"axesLengths": [0.8679157606737165, 2.00000001490116, 0.08795860237948291], "centroid": [1.054508040575241, 1.4787465597275409, -0.6900000138580789], "normalizedAxes": [0.7461826801300049, -0.6657412648200989, -1.478242561292695e-16, 0, -2.220446049250313e-16, 1, -0.6657412648200989, -0.7461826801300049, -1.6568583841136794e-16]}, "segments": [55610, 19643, 66306, 81044], "label": "door"}, {"objectId": 9, "id": 9, "partId": 9, "index": 8, "dominantNormal": [-0.6141016483306885, -0.7892269492149353, -1.7524358613461806e-16], "obb": {"axesLengths": [0.8172465444195002, 2.0061299948514244, 0.07092239595714318], "centroid": [5.104752207442566, -2.0651854042193243, -0.6930650038332111], "normalizedAxes": [0.7892269492149353, -0.6141016483306885, -1.3635795788739823e-16, 0, -2.220446049250313e-16, 1, -0.6141016483306885, -0.7892269492149353, -1.7524358613461806e-16]}, "segments": [57011, 53071, 56859, 60494, 62817, 65055, 65201, 65308, 67985, 86548, 68010], "label": "door"}, {"objectId": 10, "id": 10, "partId": 10, "index": 9, "dominantNormal": [-0.6606172323226929, -0.7507228851318359, -1.6669396643727817e-16], "obb": {"axesLengths": [3.775667479105242, 3.213689970664158, 1.2990750783474159], "centroid": [2.8913607273296447, -1.0708292893135212, -0.13684499144155526], "normalizedAxes": [0.7507228851318359, -0.6606172323226929, -1.4668649235775996e-16, 0, -2.220446049250313e-16, 1, -0.6606172323226929, -0.7507228851318359, -1.6669396643727817e-16]}, "segments": [18653, 77020, 31838, 33604, 57183, 77043, 81525, 56535, 21053, 21057, 21139, 21162, 21193, 21237, 23167, 25874, 25933, 26035, 26078, 26150, 26171, 26276, 26277, 26278, 26516, 26641, 26753, 27052, 27133, 27147, 27158, 27164, 27172, 27188, 27213, 27218, 27326, 27431, 28234, 28252, 28336, 28356, 28493, 28496, 28563, 29641, 30862, 31158, 31234, 31285, 31354, 31364, 31389, 31435, 32282, 32367, 32601, 32602, 32631, 32655, 33128, 35001, 36664, 36711, 56487, 75145, 75148, 75648, 75652, 75658, 75702, 76635, 76664, 76673, 76675, 76682, 76686, 76694, 76769, 76892, 77272, 77291, 77355, 77756, 77982, 77992, 78178, 78421, 81452, 13844, 1197, 1207, 1271, 1320, 1937, 4550, 5702, 14097, 14136, 14152, 14191, 14199, 14323, 14327, 14351, 14356, 14395, 14410, 14420, 14431, 14488, 16022, 16062, 16787, 16854, 20857, 21112, 21132, 21307, 21363, 21388, 21395, 21415, 21416, 21424, 21489, 22912, 22972, 23014, 23031, 23096, 23105, 23476, 23502, 23535, 23541, 23548, 23564, 23601, 23667, 23761, 25846, 26008, 29823, 29835, 29858, 32272, 32354, 32386, 32393, 32395, 32432, 33775, 35069, 35077, 59675, 59695, 59705, 60107, 67797, 67804, 67824, 73593, 73900, 74800, 74803, 74806, 75111, 75126, 75600, 75747, 75824, 75898, 76117, 76119, 76122, 76126, 76134, 76154, 76163, 76255, 76385, 76401, 76604, 76736, 77145, 77520, 77963, 77964, 77977, 77979, 78114, 78753, 81875, 81888, 81901, 81917, 82073, 82104, 82145, 82157, 82309, 82349, 82423, 85873, 85957, 85959, 86012, 77104, 77093, 2017, 3321, 3352, 3359, 3514, 3546, 3561, 4004, 4005, 4038, 4240, 4334, 4432, 4492, 4540, 5538, 8112, 14761, 20933, 23446, 23453, 23479, 32309, 33699, 33751, 35798, 40883, 40899, 40909, 40984, 40985, 40992, 42518, 42556, 45289, 57643, 57652, 57673, 59653, 59666, 59672, 59760, 59761, 59820, 59858, 61948, 61982, 62002, 67967, 73663, 73668, 73766, 73852, 74025, 74472, 76112, 76142, 76170, 76276, 77953, 78352, 78357, 78597, 78745, 78748, 81610, 81953, 81976, 82023, 82046, 82328, 82376, 86112, 7517, 7554, 7605, 7627, 8196, 9190, 9402, 9932, 9933, 11599, 11613, 11625, 11628, 11649, 11650, 11667, 11672, 11722, 11723, 11724, 11740, 14764, 14778, 15001, 15833, 16164, 16261, 16315, 22727, 22764, 25536, 26825, 27666, 30057, 30694, 30698, 32257, 32258, 32259, 32294, 33922, 34367, 34393, 34531, 34558, 35688, 35740, 35765, 35792, 36605, 36649, 59517, 59557, 59577, 69989, 70013, 70021, 70046, 70054, 70056, 70064, 70065, 70077, 70085, 70098, 70104, 70117, 70130, 70157, 73924, 74442, 74635, 74649, 74659, 74663, 74666, 74674, 74860, 74999, 75038, 75946, 76285, 77730, 78084, 78116, 78118, 78120, 78310, 78313, 81438, 81872, 86297, 86300, 86327, 86342, 86344, 81512, 4131, 3920, 73744, 1708, 86217, 67956, 68650, 3936, 73583, 72043, 30191, 34679, 28339, 30890, 60982, 60953, 68786, 8499, 9263, 8047, 8085, 8487, 4838, 5200, 4164, 4194, 30244, 3431, 3472, 3457, 86104, 61935, 82484, 2636, 2661, 2996, 2691, 3014, 3116, 73635, 73642, 3685, 2689, 3020, 2405, 2802, 2355, 2705, 3260, 73674, 2818, 2782, 2826, 67856, 1856, 73617, 73881, 2501, 4950, 2455, 5179, 5439, 5456, 5478, 5058, 4986, 5164, 5085, 5133, 5139, 5140, 60889, 40875, 1739, 1183, 5235], "label": "stair"}, {"objectId": 11, "id": 11, "partId": 11, "index": 10, "dominantNormal": [0, -2.220446049250313e-16, 1], "obb": {"axesLengths": [7.5072505121396, 1.2399999222159395, 2.4691175400974266], "centroid": [1.9157418862615663, -0.928248557969118, 1.0499999567866327], "normalizedAxes": [0.7304303050041199, -0.6829872727394104, -1.51653639144247e-16, 0, -2.220446049250313e-16, 1, -0.6829872727394104, -0.7304303050041199, -1.6218810849990992e-16]}, "segments": [45101, 16189, 4821, 6269, 6417, 8613, 8637, 9025, 9030, 9074, 9112, 9145, 9155, 9307, 10437, 10745, 10764, 10785, 10819, 10912, 11002, 11003, 11004, 11013, 11028, 11052, 11076, 11077, 11095, 11109, 11398, 11486, 11854, 11883, 12510, 12558, 12565, 12643, 12647, 14170, 14185, 14437, 39330, 39376, 40062, 40848, 40870, 40877, 41323, 41339, 42100, 44611, 44766, 46045, 46053, 46068, 46089, 46105, 47727, 49059, 49693, 49967, 52613, 53228, 53380, 53382, 53610, 54325, 55258, 55369, 56613, 59279, 59281, 59354, 59384, 59385, 59391, 59406, 59417, 59424, 59446, 59467, 60812, 60818, 60840, 60872, 60887, 60891, 65783, 67885, 68024, 68047, 68112, 68113, 68375, 68723, 68782, 69054, 69147, 69165, 69193, 69199, 69215, 69224, 69276, 69710, 69823, 69833, 69841, 69849, 69871, 70363, 70538, 70671, 70692, 71185, 71742, 74147, 74156, 74162, 74168, 74242, 74455, 74538, 78591, 81280, 81409, 81412, 82427, 82487, 84847, 84850, 84852, 84856, 84862, 85833, 85838, 85839, 85844, 85848, 85853, 85857, 86189, 86226, 88298, 88476, 89208, 89263, 89455, 89686, 63113, 16700, 3428, 69725, 68396, 12618, 55478, 89151, 89117, 89678], "label": "ceiling"}, {"objectId": 12, "id": 12, "partId": 12, "index": 11, "dominantNormal": [0.7492815256118774, -0.6622515916824341, -1.4704939303609923e-16], "obb": {"axesLengths": [2.273010118108827, 2.159999918341638, 0.16676545050497177], "centroid": [-0.8515407165650308, 1.4875897473603694, -0.4299999994039527], "normalizedAxes": [0.6622515916824341, 0.7492815256118774, 1.6637392033211405e-16, 0, -2.220446049250313e-16, 1, 0.7492815256118774, -0.6622515916824341, -1.4704939303609923e-16]}, "segments": [57440, 6008, 28985, 33648, 9563], "label": "wall"}, {"objectId": 13, "id": 13, "partId": 13, "index": 12, "dominantNormal": [0.7620999813079834, -0.6474593877792358, -1.4376486396444307e-16], "obb": {"axesLengths": [2.2801201389994024, 1.6535644198902446, 0.7464399194453376], "centroid": [-0.6509604414232553, 1.305951011399343, -0.8432177116747706], "normalizedAxes": [0.6474593877792358, 0.7620999813079834, 1.6922018926290492e-16, 0, -2.220446049250313e-16, 1, 0.7620999813079834, -0.6474593877792358, -1.4376486396444307e-16]}, "segments": [38139, 83139, 24122, 52274, 51574, 52343, 52539, 61560, 80716, 61847, 862, 20689, 24701, 24898, 25190, 44365, 51370, 51530, 52287, 52329, 52387, 52764, 61619, 61802, 80702, 82674, 82679, 449, 58310, 22005, 29387, 627, 635, 911, 966, 16959, 17237, 17318, 17347, 20687, 20733, 21757, 24923, 25198, 25269, 28839, 30324, 30346, 30350, 30415, 30444, 31558, 32781, 34095, 36075, 36104, 44252, 44273, 44290, 44387, 44417, 44430, 44564, 44569, 46976, 47492, 51461, 52315, 52657, 52667, 61661, 61662, 62132, 62246, 62311, 75228, 75275, 75435, 75440, 75767, 75773, 76541, 76563, 78384, 79240, 79281, 79285, 80632, 80807, 80844, 81787, 81791, 82643, 82729, 15158, 17257, 20776, 17341, 24323, 44314, 44382, 51463, 51469, 52676, 52686, 61671, 62316, 62318, 62611, 75259, 79238, 79654, 82661, 83112, 83191, 83302, 83329, 83361, 24363, 24366, 52487, 24354, 57448, 36157, 17300, 76416, 35959, 36101, 36153, 40747, 44334, 44523, 57459, 62599, 78413, 83099, 40730, 6040, 14211, 32818, 32742, 34779, 58406, 14040, 78556, 80568, 50284, 42184, 50050, 15778, 15761, 22886, 50318, 27770, 61510, 44141], "label": "bookshelf"}, {"objectId": 14, "id": 14, "partId": 14, "index": 13, "dominantNormal": [0.7826626300811768, -0.6224461793899536, -1.3821081598973742e-16], "obb": {"axesLengths": [0.5627973615534199, 0.5061889922725632, 0.1306214727143636], "centroid": [-0.6891694131018733, 1.6359701370503825, 0.11690549849930054], "normalizedAxes": [0.6224461793899536, 0.7826626300811768, 1.7378601448596082e-16, 0, -2.220446049250313e-16, 1, 0.7826626300811768, -0.6224461793899536, -1.3821081598973742e-16]}, "segments": [41919], "label": "picture"}, {"objectId": 15, "id": 15, "partId": 15, "index": 14, "dominantNormal": [0.9627774357795715, 0.27029547095298767, 6.001765106078142e-17], "obb": {"axesLengths": [0.8467431760836632, 1.0067429913563353, 0.734218238026094], "centroid": [0.10734547467824163, 1.5719744580780777, -1.1898484876785758], "normalizedAxes": [-0.27029547095298767, 0.9627774357795715, 2.1377953535840966e-16, 0, -2.220446049250313e-16, 1, 0.9627774357795715, 0.27029547095298767, 6.001765106078142e-17]}, "segments": [80112, 48555, 39889, 80058, 80019, 21379, 48166, 80094, 360, 78430, 78436, 78970, 37117, 37804, 43662, 43560, 80065, 37762, 79186, 37189, 43408, 52135, 43533, 43481, 44103, 44071, 52101, 43191, 43602, 23256, 23265, 23292, 37820, 37881, 37921, 37942, 37944, 37955, 43135, 43210, 43233, 43304, 43328, 43475, 51058, 51621, 51945, 76091, 78460, 78464, 78800, 78805, 78808, 78811, 78816, 78817, 78837, 78844, 78911, 78917, 78920, 79009, 79011, 79115, 80552, 80592, 80596, 80601, 80621, 1499, 37811, 53094, 53053, 50557, 41418, 41422, 41674, 43744, 43812, 43817, 43846, 43849, 43858, 50963, 50979, 78743, 79144, 80357, 80361, 80435, 80440, 80475, 80971, 80976], "label": "boxes"}, {"objectId": 20, "id": 20, "partId": 20, "index": 15, "dominantNormal": [0.8068011403083801, -0.5908231139183044, -1.3118908491056668e-16], "obb": {"axesLengths": [1.5399244454201453, 0.7501020263857683, 0.7394617622961466], "centroid": [4.597270732703759, -3.381891980047239, -1.3113189661208016], "normalizedAxes": [0.5908231139183044, 0.8068011403083801, 1.7914584045283902e-16, 0, -2.220446049250313e-16, 1, 0.8068011403083801, -0.5908231139183044, -1.3118908491056668e-16]}, "segments": [51414, 43014, 55930, 42454, 33340, 42580, 33613, 46179, 43790, 49002, 33656, 41484, 41543, 43484, 43497, 43532, 47065, 48533, 48918, 51313, 51314, 51366, 55819, 80316, 55389, 33285, 80396, 44616, 41951, 44612, 45203, 55266, 80212, 80218, 80220, 79715, 79825, 47636, 46034, 48566, 48589, 48487, 79232, 78694, 40401, 44258], "label": "stand"}, {"objectId": 22, "id": 22, "partId": 22, "index": 16, "dominantNormal": [0.7148087620735168, 0.6993200182914734, 1.5528023717769588e-16], "obb": {"axesLengths": [0.643864924375159, 1.0999999992549414, 0.16775605579318373], "centroid": [3.5207149576036905, -3.779906460177965, -1.0599999805539841], "normalizedAxes": [-0.6993200182914734, 0.7148087620735168, 1.5871942917156475e-16, 0, -2.220446049250313e-16, 1, 0.7148087620735168, 0.6993200182914734, 1.5528023717769588e-16]}, "segments": [36419, 28185, 32385, 26115, 28037, 31769, 32242, 32485, 32576, 35848, 77373, 77375, 77448, 77452, 77458, 77461, 77464, 77467, 77903, 26143, 37118, 75784, 26148, 26164, 26177, 75788, 75793, 29166, 25973, 26129, 26132, 26345, 31787, 31840, 31894, 31946, 35505, 35675, 36258, 75798, 75808, 76902, 76904, 76984, 77231, 77370, 77898, 77938, 77968, 77986, 78021, 37704, 77505], "label": "heater"}, {"objectId": 23, "id": 23, "partId": 23, "index": 17, "dominantNormal": [0.7092236876487732, 0.7049835324287415, 1.565377899367929e-16], "obb": {"axesLengths": [0.913198530471997, 0.8010299622782325, 0.5120045804065533], "centroid": [3.8497262505297556, -1.4455012062777841, -1.3105149888877192], "normalizedAxes": [-0.7049835324287415, 0.7092236876487732, 1.5747929352744565e-16, 0, -2.220446049250313e-16, 1, 0.7092236876487732, 0.7049835324287415, 1.565377899367929e-16]}, "segments": [44703, 83988, 67177, 7866, 44206, 50931, 51176, 51180, 51322, 51874, 53356, 53801, 54742, 54743, 54747, 55421, 65698, 69642, 70314, 73126, 73131, 73136, 73141, 73166, 73168, 73176, 83993, 84882, 89769, 89771, 72254, 45876, 50545, 62332, 70690, 80192, 83872, 62385, 21799], "label": "commode"}, {"objectId": 24, "id": 24, "partId": 24, "index": 18, "dominantNormal": [-0.6766321063041687, -0.736321210861206, -1.6349615236359717e-16], "obb": {"axesLengths": [0.6865045580243004, 0.46747105268826195, 0.3843889067323281], "centroid": [3.818494903824321, -1.3528678952724622, -0.8246644867659095], "normalizedAxes": [0.736321210861206, -0.6766321659088135, -1.5024252195879073e-16, 0, -2.220446049250313e-16, 1, -0.6766321659088135, -0.736321210861206, -1.6349615236359717e-16]}, "segments": [59421, 60094, 72466, 41001, 41891, 37505, 38727, 72483, 89761, 38717, 40428, 40438, 40441, 40481, 40483, 40493, 73192, 73203, 75167, 32678, 40999, 34076, 34991, 714, 33098, 34344], "label": "sewing machine"}, {"objectId": 25, "id": 25, "partId": 25, "index": 19, "dominantNormal": [-0.6399596929550171, -0.768408477306366, -1.7062095676453692e-16], "obb": {"axesLengths": [0.9091778210443088, 2.0469999749884007, 0.17593703560298973], "centroid": [5.068189923607084, -2.1186895723991843, -0.673500003140419], "normalizedAxes": [0.768408477306366, -0.6399596929550171, -1.420995971901411e-16, 0, -2.220446049250313e-16, 1, -0.6399596929550171, -0.768408477306366, -1.7062095676453692e-16]}, "segments": [53452, 86648, 83860, 67672, 53253, 66160, 53756], "label": "doorframe"}, {"objectId": 32, "id": 32, "partId": 32, "index": 24, "dominantNormal": [0, -2.220446049250313e-16, 1], "obb": {"axesLengths": [0.28569732116553936, 0.1566730106620562, 0.23043487868702112], "centroid": [4.1437156371731545, -2.9474738039386326, 0.4633184847238998], "normalizedAxes": [-0.5411889553070068, 0.8409010171890259, 1.8671753414279421e-16, 0, -2.220446049250313e-16, 1, 0.8409010171890259, 0.5411889553070068, 1.2016808777093476e-16]}, "segments": [70975, 72123, 70898, 70906, 70921, 71026, 85878, 85955, 85972, 85976, 85980, 86037, 86245, 69441, 69464, 70769, 69350, 70766, 85892, 86064], "label": "lamp"}, {"objectId": 33, "id": 33, "partId": 33, "index": 25, "dominantNormal": [0.9831972122192383, 0.18254639208316803, 4.053344151059691e-17], "obb": {"axesLengths": [0.2912065730844043, 0.63999995648861, 0.24668389431965618], "centroid": [3.8824704104247143, -4.133396276512503, -0.2099999831616879], "normalizedAxes": [-0.18254640698432922, 0.9831972122192383, 2.1831363655061293e-16, 0, -2.220446049250313e-16, 1, 0.9831972122192383, 0.18254640698432922, 4.053344481931936e-17]}, "segments": [24511, 24312, 27203, 27145, 24635, 24963, 27001, 75430, 75740, 75996, 75999, 76052, 76060, 21664, 78269, 25591, 26433, 26544, 75815, 75816, 85232, 25560, 75475, 24839, 24474, 7780, 7741, 7821, 24173, 24669, 24680, 24791, 26479, 75810, 25512], "label": "flowers"}, {"objectId": 34, "id": 34, "partId": 34, "index": 26, "dominantNormal": [0.9454441070556641, 0.325784295797348, 7.233864525110168e-17], "obb": {"axesLengths": [0.14077840024095833, 0.17211997124284562, 0.06889189940488079], "centroid": [3.909447913189232, -4.081679349073861, -1.2178600176902104], "normalizedAxes": [-0.325784295797348, 0.9454441070556641, 2.0993076322987393e-16, 0, -2.220446049250313e-16, 1, 0.9454441070556641, 0.325784295797348, 7.233864525110168e-17]}, "segments": [34628, 78133, 34718, 78139, 34576, 78143], "label": "item"}, {"objectId": 35, "id": 35, "partId": 35, "index": 27, "dominantNormal": [0, -2.220446049250313e-16, 1], "obb": {"axesLengths": [0.2987384354393053, 0.19999999105930338, 0.2358911085987102], "centroid": [-0.5518538039382324, 1.7253814019728733, -0.029999998658895244], "normalizedAxes": [0.4953242838382721, 0.8687081336975098, 1.9289195434202483e-16, 0, -2.220446049250313e-16, 1, 0.8687081336975098, -0.4953242838382721, -1.099840849146432e-16]}, "segments": [82993, 62056, 62031, 62059, 62137, 82989, 82991, 60422, 60446, 83009], "label": "item"}, {"objectId": 38, "id": 38, "partId": 38, "index": 29, "dominantNormal": [-0.6608926653862, -0.7504804134368896, -1.6664012690556832e-16], "obb": {"axesLengths": [0.9100789790444929, 2.029809995819404, 0.1671226602321904], "centroid": [0.9990602830464694, 1.4352670106565983, -0.6649050135559207], "normalizedAxes": [0.7504804134368896, -0.6608926653862, -1.4674765078352968e-16, 0, -2.220446049250313e-16, 1, -0.6608926653862, -0.7504804134368896, -1.6664012690556832e-16]}, "segments": [63890, 51873, 63672, 21578, 17413, 19675], "label": "doorframe"}, {"objectId": 39, "id": 39, "partId": 39, "index": 30, "dominantNormal": [-0.6667758226394653, -0.7452583909034729, -1.6548060497522619e-16], "obb": {"axesLengths": [0.9397849785025489, 2.0799999964237204, 0.32493238623455734], "centroid": [-0.6249409607948526, -0.40434119656985723, -0.6700000035762781], "normalizedAxes": [0.7452583909034729, -0.6667757630348206, -1.4805396087665302e-16, 0, -2.220446049250313e-16, 1, -0.6667757630348206, -0.7452583909034729, -1.6548060497522619e-16]}, "segments": [58449, 56905, 57114, 42795, 45057, 65529, 65500, 47737, 61210, 47412, 46574], "label": "doorframe"}, {"objectId": 40, "id": 40, "partId": 40, "index": 31, "dominantNormal": [-0.6562955975532532, -0.7545039057731628, -1.67533521671795e-16], "obb": {"axesLengths": [0.9204289337888805, 2.045089914386944, 0.29200516756872136], "centroid": [2.377326610309167, -3.028499867474249, -0.6525449625578899], "normalizedAxes": [0.7545039057731628, -0.6562955379486084, -1.4572688343785964e-16, 0, -2.220446049250313e-16, 1, -0.6562955379486084, -0.7545039057731628, -1.67533521671795e-16]}, "segments": [15400, 14750, 14717, 6588, 6180, 80004, 10929, 74525, 75153], "label": "doorframe"}], "scan_id": "d7d40d6c-7a5d-2b36-9674-c435fa58a2d1", "annId": "5379", "appId": "stk.v1"}