{"segGroups": [{"objectId": 2, "id": 2, "partId": 2, "index": 0, "dominantNormal": [0, -2.220446049250313e-16, 1], "obb": {"axesLengths": [3.5459050113172315, 1.45164996121116, 2.116338132112646], "centroid": [0.6591541525057981, 1.619406501685881, -0.6358250440973423], "normalizedAxes": [0.5769448280334473, 0.8167831301689148, 1.813622874477871e-16, 0, -2.220446049250313e-16, 1, 0.8167831301689148, -0.5769448280334473, -1.2810748640422693e-16]}, "segments": [13831, 17182, 20919, 20951, 5390, 7494, 27311, 15774, 15805, 32324, 18155, 12720, 43390, 34775, 17055, 26311, 26716, 41913, 928, 3114, 5418, 7503, 10760, 12311, 12739, 13416, 13887, 14105, 14899, 14914, 16931, 19686, 19873, 19878, 19906, 20992, 21006, 25224, 25607, 26110, 26281, 26574, 26585, 26598, 27134, 28342, 35853, 37169, 37349, 37463, 37825, 39374, 39567, 39592, 39596, 39601, 39611, 39618, 39776, 40335, 40381, 43338, 39454, 22103, 18279, 31818, 21785, 21744, 18972, 21041, 21029, 25764, 33278, 7329, 7238, 6979, 22136, 21230, 42409, 25796], "label": "sofa"}, {"objectId": 3, "id": 3, "partId": 3, "index": 1, "dominantNormal": [0, -2.220446049250313e-16, 1], "obb": {"axesLengths": [1.146519265735994, 0.4943889268996804, 0.7646732005333032], "centroid": [-0.28765372681511014, 2.3767347270682895, -1.1050455377741424], "normalizedAxes": [1.989036172744818e-05, 1, 2.220446049250313e-16, 0, -2.220446049250313e-16, 1, 1, -1.989036172744818e-05, -4.4165475115871945e-21]}, "segments": [8111, 17650, 4450, 4455, 28297, 32735, 35969, 36103, 38025, 38032, 38035, 38038, 38042, 38048, 38658, 38662, 38665, 38674, 39901, 17718, 38416, 38647, 8261, 14490, 8296, 25214, 4412, 34004, 31166, 40466, 33646, 4387, 18996, 37523], "label": "couch table"}, {"objectId": 4, "id": 4, "partId": 4, "index": 2, "dominantNormal": [-0.09412170946598053, -0.9955607056617737, -2.2105888356755392e-16], "obb": {"axesLengths": [1.3533991735711122, 2.5865499395158142, 0.41339752862428053], "centroid": [-1.2751852034387612, 4.6321611951851445, -0.11447507432322968], "normalizedAxes": [0.9955607056617737, -0.09412170946598053, -2.0899217793242226e-17, 0, -2.220446049250313e-16, 1, -0.09412170946598053, -0.9955607056617737, -2.2105888356755392e-16]}, "segments": [33992, 7818, 7864, 42683, 42902, 4523, 22232, 5833, 38406, 23677, 38370, 5778, 43542, 24575, 11724, 12012, 6457, 40235, 28813, 12424, 6670, 6663, 40171, 30157, 6447, 6456, 6521, 6542, 6566, 6702, 6713, 6733, 7782, 7861, 7878, 7940, 11670, 11819, 11898, 11957, 11990, 12425, 13456, 14639, 22552, 22555, 22687, 23638, 23756, 26474, 27462, 27529, 30151, 30155, 30444, 30493, 31938, 32610, 33017, 33047, 33595, 33667, 33866, 34744, 34786, 36478, 36502, 36507, 37103, 37374, 37392, 38162, 40434, 41268, 41291, 41318, 41484, 42923, 42939, 43106, 43699, 25674, 10206, 26415, 28689, 34882, 43782, 34947, 43575, 27512, 35280, 35644, 28896, 13481, 13502, 28890, 28927, 28946, 30099, 32447, 35231, 35261, 35656, 35697, 40273, 40431, 43034, 931, 33698, 35256, 30495, 40143, 15661, 28974], "label": "curtain"}, {"objectId": 5, "id": 5, "partId": 5, "index": 3, "dominantNormal": [-0.07715968042612076, -0.9970187544822693, -2.2138263544186227e-16], "obb": {"axesLengths": [2.7961166147001824, 3.101119925801754, 0.34432773608616984], "centroid": [0.7051637725536182, 4.58841062195131, 0.20856993379123456], "normalizedAxes": [0.9970187544822693, -0.07715968042612076, -1.7132890756359655e-17, 0, -2.220446049250313e-16, 1, -0.07715968042612076, -0.9970187544822693, -2.2138263544186227e-16]}, "segments": [29490, 27634, 29589, 39091, 39112, 22307, 29915, 14363, 4272, 14537, 14593, 15362, 22295, 22304, 23374, 24969, 29034, 40943, 42729, 38970, 4264, 4268, 4347, 4640, 4865, 5365, 12804, 28168, 28156, 32007, 492, 533], "label": "wall"}, {"objectId": 6, "id": 6, "partId": 6, "index": 4, "dominantNormal": [-0.10406345129013062, -0.9945706725120544, -2.2083905204796182e-16], "obb": {"axesLengths": [0.6853334698382489, 0.8999999858438966, 0.06896256327253349], "centroid": [-0.012781956181421361, 4.658256706804908, 0.2999999252578611], "normalizedAxes": [0.9945706725120544, -0.10406345129013062, -2.3106727928852292e-17, 0, -2.220446049250313e-16, 1, -0.10406345129013062, -0.9945706725120544, -2.2083905204796182e-16]}, "segments": [21409, 22000], "label": "picture"}, {"objectId": 7, "id": 7, "partId": 7, "index": 5, "dominantNormal": [-0.05141127482056618, -0.9986775517463684, -2.2175096242501988e-16], "obb": {"axesLengths": [0.660520970553491, 0.939999961704016, 0.05393153035098151], "centroid": [0.7392651525798266, 4.58995042153888, 0.29999991780728075], "normalizedAxes": [0.9986775517463684, -0.051411278545856476, -1.141559703340544e-17, 0, -2.220446049250313e-16, 1, -0.051411278545856476, -0.9986775517463684, -2.2175096242501988e-16]}, "segments": [8128, 24044, 28295, 29013], "label": "picture"}, {"objectId": 8, "id": 8, "partId": 8, "index": 6, "dominantNormal": [-0.15969379246234894, -0.9871665835380554, -2.1919501403690043e-16], "obb": {"axesLengths": [1.8952081005268189, 1.0143289339319848, 0.5815504484490124], "centroid": [0.2855382476074949, 4.429208947544337, -0.8640355329186736], "normalizedAxes": [0.9871665835380554, -0.15969379246234894, -3.545914505628221e-17, 0, -2.220446049250313e-16, 1, -0.15969379246234894, -0.9871665835380554, -2.1919501403690043e-16]}, "segments": [39311, 40094, 34642, 28366, 26900, 26538, 18085, 40068, 27603, 27482, 27613, 21538, 15521, 15508, 34693, 34582, 34350, 34117, 15548, 17864, 28430, 21142, 21438, 21457, 21472, 21581, 22164, 23164, 23461, 23727, 26030, 26051, 26937, 27485, 27488, 27504, 27518, 27532, 27536, 27584, 33713, 33781, 33803, 34075, 34404, 34475, 38510, 39322, 39329, 42422, 42430, 42674, 34345, 23752], "label": "commode"}, {"objectId": 9, "id": 9, "partId": 9, "index": 7, "dominantNormal": [0.1075204610824585, -0.9942028522491455, -2.207573795430008e-16], "obb": {"axesLengths": [0.2264258722162214, 0.30852999593622976, 0.20501555388849937], "centroid": [-0.12234097616399608, 4.5230088358858715, -0.33573506567265854], "normalizedAxes": [0.9942028522491455, 0.1075204610824585, 2.38743383024117e-17, 0, -2.220446049250313e-16, 1, 0.1075204610824585, -0.9942028522491455, -2.207573795430008e-16]}, "segments": [28071, 22287, 28075], "label": "picture"}, {"objectId": 10, "id": 10, "partId": 10, "index": 8, "dominantNormal": [0.9954245686531067, -0.0955505520105362, -2.1216484571548165e-17], "obb": {"axesLengths": [3.657804678149967, 2.5237099560265985, 0.5156290032905809], "centroid": [-2.3383226466652625, 3.066928437604501, -0.1152951150077206], "normalizedAxes": [0.0955505445599556, 0.9954245686531067, 2.2102865507924878e-16, 0, -2.220446049250313e-16, 1, 0.9954245686531067, -0.0955505445599556, -2.121648291718694e-17]}, "segments": [27932, 15928, 20782, 31460, 15754, 2150, 2316, 9477, 12264, 13451, 13590, 15093, 15108, 15111, 15837, 17337, 17563, 17566, 17569, 32416, 32450, 32474, 37483, 37492, 37494, 37499, 42209, 2595, 3004, 3863, 3880, 4075, 4079, 4082, 12721, 15679, 16637, 16882, 19392, 23657, 36105, 36255, 36267, 36271, 37526, 37677, 38552, 38890, 40887, 31078, 17538, 13062, 19021, 13519, 26073, 18612, 29252], "label": "wall"}, {"objectId": 11, "id": 11, "partId": 11, "index": 9, "dominantNormal": [0.99802166223526, -0.06287112087011337, -1.3960193194798214e-17], "obb": {"axesLengths": [2.515160422071084, 0.7207499581407765, 0.4694126792760013], "centroid": [-2.2394978917210753, 3.472154350106828, -1.0103750057562828], "normalizedAxes": [0.06287112087011337, 0.99802166223526, 2.2160532569765135e-16, 0, -2.220446049250313e-16, 1, 0.99802166223526, -0.06287112087011337, -1.3960193194798214e-17]}, "segments": [29568, 30292, 41210, 41155, 29302, 25465, 41235, 10527, 41083, 37415, 25709, 14789, 16262, 40437, 25683, 36934, 11471, 15174, 16549, 11494, 99, 133, 10570, 10672, 11032, 11097, 11323, 11601, 11632, 11642, 16564, 16603, 16619, 16845, 19195, 19209, 22942, 23837, 29141, 29179, 29201, 29489, 30215, 30245, 30263, 37013, 37025, 37032, 37682, 37685, 37889, 37957, 38463, 40446, 40448, 40456, 40477, 41011, 41224], "label": "tv stand"}, {"objectId": 12, "id": 12, "partId": 12, "index": 10, "dominantNormal": [0.999178409576416, -0.04052799567580223, -8.999022788236884e-18], "obb": {"axesLengths": [1.62381479750085, 1.3345003910101854, 0.45832749563579495], "centroid": [-2.291729584110212, 2.2319527133369412, -0.7063598585325526], "normalizedAxes": [0.04052799567580223, 0.999178409576416, 2.2186217520401641e-16, 0, -2.220446049250313e-16, 1, 0.999178409576416, -0.04052799567580223, -8.999022788236884e-18]}, "segments": [37321, 14218, 42109, 31137, 12193, 12207, 11787, 9442, 30520, 14023, 12129, 12167, 12170, 15431, 20776, 31131, 38172, 41322, 9456, 37255, 9931, 29223, 37258, 2871, 19579, 2670, 38097, 36180, 36166, 3915, 3860, 3036, 3046, 3468, 3547], "label": "cabinet"}, {"objectId": 13, "id": 13, "partId": 13, "index": 11, "dominantNormal": [0.998928964138031, -0.046270471066236496, -1.0274108467597575e-17], "obb": {"axesLengths": [2.352322011130342, 0.47999998785555364, 0.2958980387669566], "centroid": [-2.311290757830327, 3.4362183025273736, 0.2299999293184276], "normalizedAxes": [0.0462704673409462, 0.998928964138031, 2.2180678719019986e-16, 0, -2.220446049250313e-16, 1, 0.998928964138031, -0.0462704673409462, -1.0274107640416962e-17]}, "segments": [41384, 40900, 9170, 6626, 38676, 24697, 23855, 23797, 41609, 36652, 20115, 30670, 41436, 41703, 9147, 9068, 9140, 9148, 9209, 9257, 12234, 13741, 13774, 17424, 17606, 17631, 20045, 20052, 20056, 20079, 23871, 23873, 23877, 23882, 23908, 24700, 27395, 28022, 30684, 30707, 30779, 31163, 31227, 31259, 32786, 38114, 38585, 38591, 40919, 40932, 41374, 41408, 41471, 41666, 41673, 9145, 41680, 22394, 20087, 13753], "label": "shelf"}, {"objectId": 14, "id": 14, "partId": 14, "index": 12, "dominantNormal": [-0.16871944069862366, -0.9856641292572021, -2.1886140216969044e-16], "obb": {"axesLengths": [0.7954031884003848, 1.2498899716908483, 0.5644651857080939], "centroid": [1.740092117343234, 4.3893227262786265, -0.7149450524664301], "normalizedAxes": [0.9856641292572021, -0.16871942579746246, -3.746323824437569e-17, 0, -2.220446049250313e-16, 1, -0.16871942579746246, -0.9856641292572021, -2.1886140216969044e-16]}, "segments": [651, 16965, 16982, 17014, 17046, 19085, 14200, 19394, 14231, 19115, 26749, 6105, 6026, 29980, 41521, 41580, 37575, 14308, 5847, 5854, 5943, 14281, 18232, 18233, 18345, 21679, 35813, 36465, 36468, 36471, 36475, 13151, 37599, 30596, 29994, 6109, 5834, 5891, 13116, 13135, 13249, 18349, 18583, 18799, 19069, 21651, 35805, 30918, 2394, 20583, 20590, 1636, 5955], "label": "commode"}, {"objectId": 15, "id": 15, "partId": 15, "index": 13, "dominantNormal": [-0.27468252182006836, -0.9615349769592285, -2.1350365408051098e-16], "obb": {"axesLengths": [0.6143992951345952, 0.759999973475933, 0.4974233442422225], "centroid": [-2.268044214070275, 1.8132022636495655, 0.1299999272695178], "normalizedAxes": [0.9615349769592285, -0.27468252182006836, -6.099177203734837e-17, 0, -2.220446049250313e-16, 1, -0.27468252182006836, -0.9615349769592285, -2.1350365408051098e-16]}, "segments": [31954, 31949, 31098, 16050, 8770, 8746, 33255, 31018, 31041, 31088, 41806, 41811, 31050, 8652, 42207, 15104, 42157, 13306, 15397, 6937, 6948, 8649, 8694, 8744, 8766, 13277, 13305, 15351, 31446, 31476, 31519, 31529, 31594, 31960, 32076, 32505, 32605, 32613, 36545, 41583, 42065, 42141, 42142, 42143, 42187, 42233, 42247, 31512, 32573, 32562, 32514, 32502, 32499], "label": "cabinet"}, {"objectId": 16, "id": 16, "partId": 16, "index": 14, "dominantNormal": [0, -2.220446049250313e-16, 1], "obb": {"axesLengths": [5.72131566840231, 1.11999997973442, 3.90057806536495], "centroid": [-0.6789070143182027, 4.038818437124375, 1.9699998599162698], "normalizedAxes": [0.9995822310447693, 0.028901726007461548, 6.417472332978302e-18, 0, -2.220446049250313e-16, 1, 0.028901726007461548, -0.9995822310447693, -2.2195184158241716e-16]}, "segments": [39688, 26828, 16488, 16460, 28084, 39584, 27898, 29725, 12257, 28738, 28706, 16448, 22617, 27888, 27902, 28073, 28107, 28204, 28748, 38574, 38578, 27864, 34494, 36901, 36905, 40101, 5204, 4763, 5140, 5143, 5177, 5700, 16007, 17214, 17271, 18723, 18750, 37862, 37874, 37880, 37885, 37886, 38215, 19490, 15992, 26793, 14381, 14402, 17699, 19525, 19560, 19609, 19620, 20598, 20686, 37370, 38135, 38154, 2012, 2731, 1984, 3738, 3823, 3747, 3957, 1923, 36149, 36253, 5329, 3744], "label": "ceiling"}, {"objectId": 20, "id": 20, "partId": 20, "index": 15, "dominantNormal": [0.9974877834320068, 0.0708390325307846, 1.572942499156951e-17], "obb": {"axesLengths": [0.48650842692251667, 0.38000001654028853, 0.36877247357995596], "centroid": [-2.192681888687008, 4.477174007045411, -0.6600000616291165], "normalizedAxes": [-0.0708390325307846, 0.9974877834320068, 2.2148678078970515e-16, 0, -2.220446049250313e-16, 1, 0.9974877834320068, 0.0708390325307846, 1.572942499156951e-17]}, "segments": [16533, 22896, 23240, 10248, 37656, 10392, 10083, 10265, 10270, 10350, 10363, 10376, 10418, 36847, 36886, 38497, 38501], "label": "box"}, {"objectId": 21, "id": 21, "partId": 21, "index": 16, "dominantNormal": [0.9898799657821655, -0.14190709590911865, -3.150970504719878e-17], "obb": {"axesLengths": [0.7749471773101132, 0.4731320036992724, 0.20055140982026845], "centroid": [-2.3130801033596176, 3.562769730978389, -0.5734340474860227], "normalizedAxes": [0.14190709590911865, 0.9898799657821655, 2.1979750592530445e-16, 0, -2.220446049250313e-16, 1, 0.9898799657821655, -0.14190709590911865, -3.150970504719878e-17]}, "segments": [36963, 36997, 9758, 9624, 36793, 9671, 9679, 9650, 9660, 9691, 9792, 9795, 36771, 36775, 36789, 36799, 36805, 9701, 9866, 11153, 36947, 10612, 9746, 9815, 9883, 9885, 9902, 9906, 9908, 10620, 10927, 10941, 10990, 10999, 11173, 36806, 36820, 36843, 36910, 36949], "label": "tv"}, {"objectId": 22, "id": 22, "partId": 22, "index": 17, "dominantNormal": [0.8311828970909119, -0.5559991002082825, -1.2345660054442097e-16], "obb": {"axesLengths": [0.8079201401374534, 2.003029897741304, 0.6083310250984693], "centroid": [-2.4114582728606733, 1.0149982928873307, -0.3715150327770049], "normalizedAxes": [0.5559991002082825, 0.8311828970909119, 1.8455967800499448e-16, 0, -2.220446049250313e-16, 1, 0.8311828970909119, -0.5559991002082825, -1.2345660054442097e-16]}, "segments": [12065, 11077, 12256, 2195, 1783, 1746, 10973, 11260, 12507, 13943, 12705], "label": "cabinet"}, {"objectId": 26, "id": 26, "partId": 26, "index": 19, "dominantNormal": [0.30033448338508606, -0.9538339376449585, -2.1179367984846176e-16], "obb": {"axesLengths": [0.5259106802189312, 1.0399999684095382, 0.25348025263573554], "centroid": [1.7062483259704804, 4.475628385576586, 0.369999916540682], "normalizedAxes": [0.9538339376449585, 0.30033448338508606, 6.668765170860481e-17, 0, -2.220446049250313e-16, 1, 0.30033448338508606, -0.9538339376449585, -2.1179367984846176e-16]}, "segments": [16941, 5725, 16976, 4952, 38736, 5131, 1379, 1519, 5518, 584, 36405, 585, 615, 1175, 1178, 1215, 1235, 1259, 1262, 1264, 1271, 1279, 1296, 1307, 1311, 1325, 1352, 1355, 1383, 1449, 1564, 1603, 2721, 2816, 4262, 4276, 4570, 4592, 4608, 4647, 4682, 4707, 4717, 5041, 5069, 5099, 5544, 5556, 5570, 5584, 5622, 5657, 5704, 24762, 24776, 24814, 36297, 36338, 36341, 36344, 36396, 36437, 36442, 38712, 38716, 38804, 50, 1514], "label": "plant"}, {"objectId": 27, "id": 27, "partId": 27, "index": 20, "dominantNormal": [0, -2.220446049250313e-16, 1], "obb": {"axesLengths": [0.2710619536692521, 0.1921709732971122, 0.21396210486222336], "centroid": [0.3274055339615177, 4.5256688106082485, -0.4024995529966171], "normalizedAxes": [0.16006572544574738, 0.9871063828468323, 2.1918164679820157e-16, 0, -2.220446049250313e-16, 1, 0.9871063828468323, -0.16006572544574738, -3.5541730768639507e-17]}, "segments": [19698, 34375, 39705, 42610], "label": "box"}, {"objectId": 28, "id": 28, "partId": 28, "index": 21, "dominantNormal": [0, -2.220446049250313e-16, 1], "obb": {"axesLengths": [0.16951960155230308, 0.1364389925500975, 0.14674576469183925], "centroid": [0.8274691487366734, 4.557936454707286, -0.39821956706837947], "normalizedAxes": [-0.20421981811523438, 0.9789250493049622, 2.1736502582413712e-16, 0, -2.220446049250313e-16, 1, 0.9789250493049622, 0.20421981811523438, 4.534590883125897e-17]}, "segments": [23112, 24894], "label": "candle"}, {"objectId": 29, "id": 29, "partId": 29, "index": 22, "dominantNormal": [0.9854830503463745, -0.16977380216121674, -3.7697356827507797e-17], "obb": {"axesLengths": [0.17671345278304962, 0.1377889781194408, 0.11980859886412716], "centroid": [0.9974612884298495, 4.517877324603782, -0.3988945598530511], "normalizedAxes": [0.16977380216121674, 0.9854830503463745, 2.1882119457447547e-16, 0, -2.220446049250313e-16, 1, 0.9854830503463745, -0.16977380216121674, -3.7697356827507797e-17]}, "segments": [39497], "label": "candle"}, {"objectId": 30, "id": 30, "partId": 30, "index": 23, "dominantNormal": [0.9992998838424683, 0.037413112819194794, 8.307379854953732e-18], "obb": {"axesLengths": [2.1069569559341756, 1.179999980777502, 0.537724728601249], "centroid": [1.5998159741156313, 1.9379545907866222, -0.10000005686074576], "normalizedAxes": [-0.037413109093904495, 0.9992998838424683, 2.2188914790943054e-16, 0, -2.220446049250313e-16, 1, 0.9992998838424683, 0.037413109093904495, 8.30737902777312e-18]}, "segments": [2157, 712, 1912, 136, 1039, 37465, 35862, 694, 405, 43494, 187, 242, 353, 1342, 1386, 1582, 2687, 2698, 2704, 3121, 3311, 3345, 3414, 3422, 3425, 3633, 4215, 27196, 28609, 28638, 28817, 29852, 31497, 31511, 35005, 35008, 35032, 35123, 35126, 35131, 35360, 35387, 35412, 35456, 35559, 35858, 35930, 35961, 35972, 35981, 36054, 36073, 43177, 43186, 43187, 35601, 35255, 28853, 29996, 33996, 33998, 34717, 34737, 34783, 34879, 34964, 34971, 34980, 34983, 34987, 34990, 35213, 35343, 35536, 35671, 42464, 42470, 42494, 42507, 42519, 42521, 42553, 43074, 43079, 43521, 33525, 43148, 2960, 35844, 1334, 1435, 901, 2559], "label": "shelf"}, {"objectId": 31, "id": 31, "partId": 31, "index": 24, "dominantNormal": [0, -2.220446049250313e-16, 1], "obb": {"axesLengths": [0.5267986044370014, 0.364327959023536, 0.39918199528960424], "centroid": [0.7109158390265695, 2.6772830663406877, -0.7443690486148972], "normalizedAxes": [0.7931868433952332, -0.6089783310890198, -1.352203529345663e-16, 0, -2.220446049250313e-16, 1, -0.6089783310890198, -0.7931868433952332, -1.7612285927342722e-16]}, "segments": [37444, 26671, 20905, 17435, 14876, 39559], "label": "pillow"}, {"objectId": 32, "id": 32, "partId": 32, "index": 25, "dominantNormal": [0, -2.220446049250313e-16, 1], "obb": {"axesLengths": [0.5157529555456493, 0.32172101016966215, 0.46738385046232717], "centroid": [0.9084101074139306, 2.6250206290856224, -0.75459154298861], "normalizedAxes": [-0.06877916306257248, 0.9976319074630737, 2.215187827532436e-16, 0, -2.220446049250313e-16, 1, 0.9976319074630737, 0.06877916306257248, 1.5272042089303213e-17]}, "segments": [39750, 43413, 27176, 16160], "label": "pillow"}, {"objectId": 34, "id": 34, "partId": 34, "index": 26, "dominantNormal": [0.8642337918281555, -0.5030904412269592, -1.1170851826379984e-16], "obb": {"axesLengths": [0.7236854155109458, 0.2858630354882097, 0.259551996978675], "centroid": [0.5959699671009371, 1.0920711535181373, -0.8270685542413185], "normalizedAxes": [0.5030904412269592, 0.8642337322235107, 1.9189843763445474e-16, 0, -2.220446049250313e-16, 1, 0.8642337322235107, -0.5030904412269592, -1.1170851826379984e-16]}, "segments": [12628, 26130], "label": "pillow"}, {"objectId": 35, "id": 35, "partId": 35, "index": 27, "dominantNormal": [0, -2.220446049250313e-16, 1], "obb": {"axesLengths": [0.40220426742378057, 0.1450830069538278, 0.3486727418349135], "centroid": [0.8035960333369709, 0.8801359147924226, -0.6898355682359151], "normalizedAxes": [0.7506960034370422, 0.6606478095054626, 1.466932818562278e-16, 0, -2.220446049250313e-16, 1, 0.6606478095054626, -0.7506960034370422, -1.66687997501978e-16]}, "segments": [18833, 18867, 37707], "label": "pillow"}, {"objectId": 36, "id": 36, "partId": 36, "index": 28, "dominantNormal": [0, -2.220446049250313e-16, 1], "obb": {"axesLengths": [0.5316862063036834, 0.33362703769742597, 0.3864806157905208], "centroid": [0.8654472325822848, 1.2491317163655644, -0.786340552365024], "normalizedAxes": [0.3607799708843231, 0.9326509833335876, 2.0709011912724843e-16, 0, -2.220446049250313e-16, 1, 0.9326509833335876, -0.3607799708843231, -8.010924609987383e-17]}, "segments": [43312, 12463, 40302, 13371], "label": "pillow"}, {"objectId": 37, "id": 37, "partId": 37, "index": 29, "dominantNormal": [0.21473269164562225, -0.976672887802124, -2.1686494551301206e-16], "obb": {"axesLengths": [0.07990181891034508, 0.0876760463190962, 0.052729598877792404], "centroid": [-0.3039871671692851, 2.2914475047427976, -0.866162047782794], "normalizedAxes": [0.9766728281974792, 0.21473269164562225, 4.7680235680940764e-17, 0, -2.220446049250313e-16, 1, 0.21473269164562225, -0.9766728281974792, -2.1686493227812226e-16]}, "segments": [32795, 19222, 19224, 37965, 36101, 32686], "label": "cup"}, {"objectId": 38, "id": 38, "partId": 38, "index": 30, "dominantNormal": [0.7355176210403442, -0.677505612373352, -1.5043646603393236e-16], "obb": {"axesLengths": [0.08175845675941239, 0.06880903090218382, 0.04311963145398384], "centroid": [-0.3735535423786935, 2.4094094569931452, -0.8955955359707295], "normalizedAxes": [0.677505612373352, 0.7355176210403442, 1.6331771957930213e-16, 0, -2.220446049250313e-16, 1, 0.7355176210403442, -0.677505612373352, -1.5043646603393236e-16]}, "segments": [32163], "label": "cup"}, {"objectId": 1, "id": 1, "partId": 1, "index": 31, "dominantNormal": [0, -2.220446049250313e-16, 1], "obb": {"axesLengths": [7.044488769927392, 0.22723996131330845, 5.3076901407119585], "centroid": [-0.34849792536181595, 2.8874122394472534, -1.303620076334923], "normalizedAxes": [0.6248133778572083, 0.7807741165161133, 1.7336668023751074e-16, 0, -2.220446049250313e-16, 1, 0.7807741165161133, -0.6248133778572083, -1.387364396381781e-16]}, "segments": [24404, 10381, 8587, 6446, 6871, 7377, 24233, 27690, 309, 2047, 2053, 2128, 4437, 5119, 5254, 5272, 5316, 5330, 5372, 5444, 5448, 6232, 6259, 6325, 6484, 7108, 7113, 7185, 7201, 7212, 7386, 8138, 8312, 8356, 8375, 8854, 8856, 8925, 8970, 8984, 10477, 10572, 10649, 11149, 11158, 11537, 12889, 13523, 15031, 15065, 16085, 20196, 22580, 22811, 22816, 22846, 22865, 23354, 24280, 24324, 24325, 24345, 24460, 24949, 25076, 25201, 25279, 27660, 27728, 27732, 27742, 27758, 27759, 27777, 27780, 27798, 27804, 27806, 27835, 27840, 31902, 32219, 32225, 32237, 32299, 32362, 32387, 32391, 33961, 34488, 34511, 34516, 34634, 34639, 35756, 36115, 36146, 36358, 36361, 36439, 36769, 36844, 38426, 38430, 38432, 38435, 38437, 38596, 39813, 40474, 41594, 42456, 42458, 44262, 9158, 8247, 8453, 11432, 4888, 4892, 5003, 5035, 7130, 10624, 36109, 33372, 17910, 18366, 18398, 18452, 18466, 18537, 18552, 18556, 18562, 18574, 33002, 33026, 33060, 33076, 33168, 37827, 37831, 37836, 37838, 37840, 37843, 17152, 18208, 14786], "label": "floor"}], "scan_id": "0cac75c4-8d6f-2d13-8c37-fcfaf141ae5a", "annId": "6372", "appId": "stk.v1"}