{"segGroups": [{"objectId": 2, "id": 2, "partId": 2, "index": 0, "dominantNormal": [-0.15280571579933167, -0.9882562756538391, -2.1943697429223954e-16], "obb": {"axesLengths": [2.497438983354892, 2.303200014609097, 0.849925241150665], "centroid": [1.5716341319989924, 3.629260977038779, -0.2416000517100101], "normalizedAxes": [0.9882562756538391, -0.15280571579933167, -3.3929684794949214e-17, 0, -2.220446049250313e-16, 1, -0.15280571579933167, -0.9882562756538391, -2.1943697429223954e-16]}, "segments": [177, 601, 608, 626, 910, 939, 941, 1030, 1366, 1460, 1548, 1612, 1613, 2041, 3273, 3308, 3479, 4004, 4071, 4108, 4132, 4206, 4268, 4305, 4338, 4393, 4592, 4600, 4626, 4632, 4738, 4833, 4872, 4903, 4967, 5065, 5079, 5082, 5119, 5413, 5444, 5724, 5727, 6074, 6127, 6187, 6212, 6215, 6231, 6275, 7207, 7350, 7428, 7491, 7681, 7697, 7732, 7745, 7768, 7796, 7929, 7936, 8006, 8043, 8063, 8072, 8113, 8163, 8222, 8257, 8287, 8295, 8310, 8321, 8363, 8471, 8571, 8579, 8599, 8620, 8626, 8657, 8674, 8772, 8806, 8863, 8896, 9045, 9106, 10305, 10314, 10343, 10372, 10413, 10434, 10467, 10637, 10664, 10725, 10765, 11530, 11545, 11570, 11597, 11819, 11837, 11857, 11893, 11904, 11919, 11925, 11941, 11949, 12007, 13533, 13563, 13627, 13669, 13687, 13742, 13893, 13898, 13962, 14940, 14997, 15012, 15032, 15342, 15364, 15368, 16120, 16147, 16196, 16199, 16243, 16261, 16262, 16268, 16348, 16366, 16589, 16646, 16688, 16727, 16738, 16784, 16822, 16828, 16831, 16840, 16851, 17630, 17655, 17678, 17683, 17715, 17762, 17822, 17855, 17865, 17901, 17979, 18452, 18688, 18781, 19216, 19248, 19265, 19288, 19303, 19310, 19360, 19380, 19455, 19536, 19931, 20120, 20144, 20193, 20216, 20249, 20319, 20435, 20576, 20627, 20672, 20682, 20818, 20827, 20839, 20998, 21273, 21489, 21495, 21541, 21657, 21784, 21792, 21966, 21983, 22011, 22250, 22270, 22294, 22342, 22453, 22684, 22729, 22825, 22827, 22840, 22962, 23109, 23213, 23227, 23295, 23304, 23508, 23626, 23659, 23675, 23678, 23963, 23968, 23996, 24016, 24035, 24070, 24587, 24616, 24635, 24684, 25164, 25632, 25696, 25735, 26292, 26391, 26396, 26409, 26428, 26447, 26457, 27560, 27573, 28576, 29323, 29380, 29838, 29868, 29912, 29917, 29932, 29983, 29985, 29987, 30009, 30141, 30143, 30172, 30282, 30289, 30362, 30376, 30412, 30417, 30433, 30456, 30499, 30592, 30632, 30636, 30646, 30663, 30673, 30685, 30689, 30717, 30733, 30783, 30796, 30811, 30857, 30871, 30932, 31085, 31093, 31207, 31221, 31511, 31537, 31566, 31597, 31790, 31872, 31884, 32173, 32264, 32265, 32270, 32472, 32511, 32544, 32625, 32636, 32659, 32703, 32705, 32751, 32819, 32856, 32858, 32891, 33008, 33058, 33302, 33341, 33577, 33641, 33654, 33673, 33762, 34375, 34418, 34445, 34460, 34512, 34528, 34557, 34567, 34581, 34591, 34634, 34702, 34843, 34858, 34898, 34902, 34976, 34999, 35030, 35034, 35038, 35066, 35083, 35088, 35204, 35267, 35538, 35602, 35647, 35650, 35652, 35956, 36000, 36010, 36339, 36442, 27656, 35194, 3477, 27668, 31957, 1621, 15998, 16016, 2383, 22008, 19086, 20026, 20274, 18835, 17518, 18008, 19097, 32142, 33150, 34614, 24890, 24330, 3294, 3214, 2811, 2635, 36226, 2818, 27166, 2822, 15975, 19066, 31762, 1341, 2761], "label": "bookshelf"}, {"objectId": 15, "id": 15, "partId": 15, "index": 1, "dominantNormal": [0.715596616268158, 0.6985137462615967, 1.551012088233598e-16], "obb": {"axesLengths": [0.33336768124179833, 0.8663599297472846, 0.2814554121415369], "centroid": [-0.01596821780626223, 2.637581587979013, -0.9231800137494512], "normalizedAxes": [-0.6985137462615967, 0.715596616268158, 1.5889436794495237e-16, 0, -2.220446049250313e-16, 1, 0.715596616268158, 0.6985137462615967, 1.551012088233598e-16]}, "segments": [2493, 15181, 15202, 15218, 17609, 26132, 27193, 27204], "label": "floor lamp"}, {"objectId": 5, "id": 5, "partId": 5, "index": 2, "dominantNormal": [-0.40759357810020447, -0.913163423538208, -2.0276301161153043e-16], "obb": {"axesLengths": [0.378344021610252, 0.34000002577900795, 0.05420054792591813], "centroid": [2.9894744337701873, 1.6696737526592667, -1.160000050589442], "normalizedAxes": [0.913163423538208, -0.40759357810020447, -9.05039550192398e-17, 0, -2.220446049250313e-16, 1, -0.40759357810020447, -0.913163423538208, -2.0276301161153043e-16]}, "segments": [737, 8950], "label": "shelf"}, {"objectId": 1, "id": 1, "partId": 1, "index": 3, "dominantNormal": [0, -2.220446049250313e-16, 1], "obb": {"axesLengths": [5.151347117943901, 0.5246699335127335, 4.145282264332513], "centroid": [0.6286566307165561, 1.840585083712491, -1.1923350034132238], "normalizedAxes": [0.974409282207489, -0.2247810661792755, -4.991142303440455e-17, 0, -2.220446049250313e-16, 1, -0.2247810661792755, -0.974409282207489, -2.1636232410304524e-16]}, "segments": [829, 3014, 3121, 3433, 5173, 5205, 5254, 5367, 5485, 5868, 5886, 5982, 6011, 6034, 6411, 6416, 6418, 6435, 6468, 6499, 6507, 6517, 6538, 6539, 6643, 6689, 6710, 6720, 6726, 6751, 6754, 6863, 6866, 6980, 7038, 7150, 7152, 7155, 7375, 7386, 7396, 7422, 7427, 7556, 7634, 7650, 7733, 7755, 7792, 8129, 9910, 10802, 10878, 10879, 10884, 10906, 10971, 10987, 11061, 12693, 13053, 13130, 13222, 13292, 14586, 14618, 14656, 16946, 17572, 17589, 18178, 19647, 21825, 22520, 22532, 22568, 22610, 22648, 22663, 22911, 23332, 23345, 23392, 24175, 24222, 24464, 24709, 24769, 24805, 25054, 26184, 26200, 26607, 26667, 26735, 26788, 26892, 26923, 26951, 26994, 27031, 27054, 27264, 27278, 27280, 27292, 27327, 27399, 27408, 27441, 27474, 27479, 27498, 27574, 27591, 27725, 27739, 27778, 28071, 28427, 28772, 28990, 29003, 29058, 29085, 29120, 29248, 29277, 29330, 29346, 29357, 29393, 29396, 29457, 29462, 29520, 29537, 29538, 29543, 29628, 29633, 29639, 29734, 29747, 29825, 29836, 30236, 30244, 30271, 30293, 30303, 30627, 31108, 31109, 31131, 33163, 34356, 34360, 34455, 34813, 35532, 35541, 35658, 36164, 36167, 36170, 36305, 36308, 37426, 30874, 8992, 16539], "label": "floor"}, {"objectId": 8, "id": 8, "partId": 8, "index": 4, "dominantNormal": [0.7395815849304199, -0.6730669140815735, -1.4945087702535298e-16], "obb": {"axesLengths": [0.32989758953312237, 2.035109951307401, 0.18198022752908302], "centroid": [3.3628830772501725, 3.0045200840075466, 0.04755491843324178], "normalizedAxes": [0.6730669140815735, 0.7395815849304199, 1.6422010083570358e-16, 0, -2.220446049250313e-16, 1, 0.7395815849304199, -0.6730669140815735, -1.4945087702535298e-16]}, "segments": [1501, 1840, 1847, 1851, 1857, 1875, 2095, 2342, 2375, 2432, 3280, 3281, 18282, 18290, 18350, 25206, 25321, 33020, 793, 1365], "label": "shelf"}, {"objectId": 12, "id": 12, "partId": 12, "index": 5, "dominantNormal": [0.17280440032482147, -0.9849561452865601, -2.1870419814863597e-16], "obb": {"axesLengths": [0.18912984710516223, 0.039999960958958525, 0.034175507537179586], "centroid": [1.7640305583083142, 0.25682808205753593, -1.3500000439584254], "normalizedAxes": [0.9849561452865601, 0.17280440032482147, 3.8370284799431936e-17, 0, -2.220446049250313e-16, 1, 0.17280440032482147, -0.9849561452865601, -2.1870419814863597e-16]}, "segments": [7585, 7604, 7621], "label": "shelf"}, {"objectId": 7, "id": 7, "partId": 7, "index": 6, "dominantNormal": [0.8569740056991577, -0.5153596997261047, -1.144328409199657e-16], "obb": {"axesLengths": [0.8598480209988637, 2.590149940770492, 0.35725512153205824], "centroid": [0.3782459112026237, 3.550361415802855, -0.06693505159910851], "normalizedAxes": [0.5153596997261047, 0.8569739460945129, 1.902864412916012e-16, 0, -2.220446049250313e-16, 1, 0.8569739460945129, -0.5153596997261047, -1.144328409199657e-16]}, "segments": [11407, 11413, 12980, 12984, 31700, 31741, 29061, 29423, 36176, 31977, 14179, 2558, 2631, 2612, 36190, 27071, 36182, 2764, 27157, 33522], "label": "wall"}, {"objectId": 20, "id": 20, "partId": 20, "index": 7, "dominantNormal": [0.3260698616504669, -0.9453456997871399, -2.0990891242681273e-16], "obb": {"axesLengths": [0.419663795330083, 0.23359494879257037, 0.16573769581579184], "centroid": [0.8653081845039219, 3.9019425817444935, 0.7867974258184991], "normalizedAxes": [0.9453456997871399, 0.3260698616504669, 7.240205360813754e-17, 0, -2.220446049250313e-16, 1, 0.3260698616504669, -0.9453456997871399, -2.0990891242681273e-16]}, "segments": [31946, 2332, 19890, 15847], "label": "box"}, {"objectId": 21, "id": 21, "partId": 21, "index": 8, "dominantNormal": [-0.3545958399772644, -0.9350196719169617, -2.0761607364793415e-16], "obb": {"axesLengths": [3.2740305455744765, 2.699999987334012, 0.8851064217708633], "centroid": [1.9545545698431628, 3.6311333060121935, -5.029141991741426e-08], "normalizedAxes": [0.9350196719169617, -0.3545958399772644, -7.87360931958113e-17, 0, -2.220446049250313e-16, 1, -0.3545958399772644, -0.9350196719169617, -2.0761607364793415e-16]}, "segments": [31664, 15751, 6559, 6550, 6567, 15823, 6466, 20447, 20378, 20382, 13621, 15095, 36901, 21696, 28194, 21587, 36890, 15276, 17978, 31920, 1229, 820, 2800, 1937, 11078, 3258, 12065, 12230, 10587, 11192, 10645, 11330, 11351, 18171, 2361, 1451, 2353, 1795, 29446, 17389, 11818, 8740, 24511, 1271], "label": "wall"}, {"objectId": 36, "id": 36, "partId": 36, "index": 9, "dominantNormal": [0, -2.220446049250313e-16, 1], "obb": {"axesLengths": [4.520566067214162, 0.27999996513128345, 2.8432748270942296], "centroid": [0.6929866445374467, 2.847940954656104, 1.2499999217689033], "normalizedAxes": [0.9178900718688965, 0.39683476090431213, 8.811501770551725e-17, 0, -2.220446049250313e-16, 1, 0.39683476090431213, -0.9178900718688965, -2.0381253837273771e-16]}, "segments": [15267, 14069, 14925, 15861, 24839, 24858, 21603, 36863, 36562, 36721, 24352, 15642, 16422, 15220, 36637, 12762, 9564, 15912, 16337, 15905, 16332, 36860, 10106, 11722, 9944, 9492, 36584, 9458, 9772, 9340, 30463, 12413, 31021, 30765, 31012, 12544, 31044, 14245, 12506, 9935, 3103, 3209, 9297, 30467, 29929, 11680, 36680, 30202, 30208, 5454, 13955, 15454, 28976, 29777, 15783, 2457, 4265, 8536, 14735, 29906, 33187, 5350, 13719, 13113, 14208, 12605, 31047, 12437, 14920, 12452, 12529, 12487, 12531, 14866, 28966, 5876, 28596, 140, 28152, 1138, 814, 241, 1306, 18748, 9868, 18095], "label": "ceiling"}, {"objectId": 25, "id": 25, "partId": 25, "index": 10, "dominantNormal": [0, -2.220446049250313e-16, 1], "obb": {"axesLengths": [1.1614574705488478, 0.994923927003355, 1.0757095718176115], "centroid": [0.6178628049014492, 2.0622714324565825, -0.8391380029364389], "normalizedAxes": [0.8875386118888855, -0.4607333540916443, -1.0230335558506371e-16, 0, -2.220446049250313e-16, 1, -0.4607333540916443, -0.8875386118888855, -1.9707316043257828e-16]}, "segments": [20117, 12044, 12736, 31630, 33230, 14822, 18351, 14845, 14863, 31352, 11707, 21872, 35500, 25283, 35440, 10195, 10542, 21909, 10161, 31814, 25340, 25416, 25379, 25483, 35452, 25401, 35378, 35486, 12632, 11872, 34305, 31370, 23502, 34307, 25383, 25396, 35415, 25449, 25533, 25434, 25350, 25357, 25430, 35397, 25509, 25565, 12429], "label": "armchair"}, {"objectId": 24, "id": 24, "partId": 24, "index": 11, "dominantNormal": [0, -2.220446049250313e-16, 1], "obb": {"axesLengths": [0.4073962168908048, 0.20498793859061726, 0.38925096926161606], "centroid": [1.2729442350397697, 2.1053215950260666, -0.9551360002502214], "normalizedAxes": [0.9978043437004089, 0.06623101234436035, 1.4706238969788366e-17, 0, -2.220446049250313e-16, 1, 0.06623101234436035, -0.9978043437004089, -2.2155707128943745e-16]}, "segments": [12785, 31137, 11232, 11255, 11111, 31396], "label": "couch table"}, {"objectId": 6, "id": 6, "partId": 6, "index": 12, "dominantNormal": [0.8818648457527161, -0.47150230407714844, -1.046945428300524e-16], "obb": {"axesLengths": [0.9765059671942535, 2.56000000476837, 0.24802060665809672], "centroid": [-0.2113074165675588, 2.31466564518202, -0.07000004157424056], "normalizedAxes": [0.4715023338794708, 0.8818648457527161, 1.958133312724355e-16, 0, -2.220446049250313e-16, 1, 0.8818648457527161, -0.4715023338794708, -1.046945494474973e-16]}, "segments": [24496, 19713, 18899, 9963, 20907, 18909, 12141, 19817, 28533, 29805, 6928, 545], "label": "wall"}, {"objectId": 26, "id": 26, "partId": 26, "index": 13, "dominantNormal": [0.8086080551147461, -0.5883476734161377, -1.3063942670224764e-16], "obb": {"axesLengths": [0.70918484515306, 1.1399999900162217, 0.7245961109674732], "centroid": [0.003997974416937167, 2.0263512161733956, -1.040000033602119], "normalizedAxes": [0.8086080551147461, -0.5883476734161377, -1.3063942670224764e-16, 0, -2.220446049250313e-16, 1, -0.5883476734161377, -0.8086080551147461, -1.7954705613715174e-16]}, "segments": [17037, 37659, 37825, 17119, 21227, 9668, 18718, 20384, 20413, 20980, 20993, 21038, 21958, 28503, 28694, 28721, 30990, 33584, 33594, 33805, 37705, 37782, 9411, 9441, 9482, 9493, 9511, 9544, 9589, 9638, 9644, 18662, 21062, 21159, 28549, 30958, 30965, 37614, 37646, 37602, 14501, 21164, 21171, 21222, 21267, 28601, 28644, 28677, 28803, 28808, 28842, 30954, 31769, 33892, 33911, 34082, 34085, 34096, 34185, 34187, 37694, 37700, 33881, 14706, 21259, 37703, 36784, 30973, 27906], "label": "plant"}, {"objectId": 31, "id": 31, "initialPoint": [2.9056932363968717, 2.9811462412799794, -0.2862648206489795], "index": 15, "dominantNormal": [-0.40605998039245605, -0.9138464331626892, -2.0291467021375835e-16], "obb": {"axesLengths": [0.5634371923733864, 1.0769930241184, 0.30068704218393694], "centroid": [2.876972212428428, 2.9245740033680567, -0.8137135528688094], "normalizedAxes": [0.9138464331626892, -0.40605995059013367, -9.016342130466396e-17, 0, -2.220446049250313e-16, 1, -0.40605995059013367, -0.9138464331626892, -2.0291467021375835e-16]}, "segments": [292, 24952, 336, 345, 894, 2907, 24885, 24917, 24967, 24991, 24997, 25058, 25109, 25117, 25495, 27063, 33835, 33839, 34235, 36134, 25504, 3105, 3015, 2985, 22352, 25129, 24624, 33777], "partId": 31, "label": "stand"}, {"objectId": 30, "id": 30, "initialPoint": [0.6296158939452277, 1.1460314752440837, -0.9269137037930986], "index": 16, "dominantNormal": [0.03164757788181305, -0.9994990825653076, -2.2193337891114498e-16], "obb": {"axesLengths": [0.6264238864846692, 0.4165039565450557, 0.40642133819408754], "centroid": [0.7349700434028664, 1.0754088541155715, -1.1287180137920834], "normalizedAxes": [0.9994990825653076, 0.03164758160710335, 7.02717475478195e-18, 0, -2.220446049250313e-16, 1, 0.03164758160710335, -0.9994990825653076, -2.2193337891114498e-16]}, "segments": [10777, 13476, 3075, 3092, 3867, 10030, 10035, 13334, 13351, 13353, 13379, 21405, 24423, 24436, 30322, 30331, 30333, 31484, 31493, 35159, 3196, 9979, 21390, 34213], "partId": 30, "label": "footstool"}, {"objectId": 38, "id": 38, "initialPoint": [0.5707629271689597, 2.086778907319037, -0.7247792601517656], "index": 17, "dominantNormal": [-0.09443624317646027, -0.995530903339386, -2.210522661226535e-16], "obb": {"axesLengths": [0.6445954627750554, 0.4685299887836723, 0.39437604261920933], "centroid": [0.5648590963902523, 2.115280406818121, -0.7842650443107265], "normalizedAxes": [0.995530903339386, -0.09443625062704086, -2.096905996108253e-17, 0, -2.220446049250313e-16, 1, -0.09443625062704086, -0.995530903339386, -2.210522661226535e-16]}, "segments": [12651, 10199, 12852, 33077, 12602], "partId": 38, "label": "pillow"}, {"objectId": 29, "id": 29, "initialPoint": [0.0016788743162412523, 1.7009470005901046, -1.1084758462155133], "index": 18, "dominantNormal": [0.286977618932724, -0.9579373002052307, -2.1270480936702157e-16], "obb": {"axesLengths": [0.5005274600147681, 0.38201504091884814, 0.2970008247927761], "centroid": [-0.007120635901749606, 1.8159257706764689, -1.1604125445243902], "normalizedAxes": [0.9579373002052307, 0.286977618932724, 6.372183201824289e-17, 0, -2.220446049250313e-16, 1, 0.286977618932724, -0.9579373002052307, -2.1270480936702157e-16]}, "segments": [17189, 17185, 17035, 20567, 33613, 17024, 17057, 17067, 17109, 17110, 17178, 17190, 17236, 17265, 17266, 20426, 20478, 20511, 20564, 23740, 23761, 32372, 33588, 33597, 33626, 34952, 34956, 34961, 37900, 37907, 37912, 34171, 16508, 32364], "partId": 29, "label": "plant"}], "scan_id": "8eabc463-5af7-2f32-8537-22977a89efdd", "annId": "3532", "appId": "stk.v1"}