{"segGroups": [{"objectId": 37, "id": 37, "partId": 37, "index": 0, "dominantNormal": [0.8573427796363831, 0.5147458910942078, 1.1429654802479655e-16], "obb": {"axesLengths": [0.31470547702321866, 0.3032859794061038, 0.29838265975616296], "centroid": [-4.919615612582712, -0.530640049605959, -0.4216430338639854], "normalizedAxes": [-0.5147458910942078, 0.8573427796363831, 1.9036833878968885e-16, 0, -2.220446049250313e-16, 1, 0.8573427796363831, 0.5147458910942078, 1.1429654802479655e-16]}, "segments": [42167, 80075, 47679, 80062, 42028, 42064], "label": "clutter"}, {"objectId": 38, "id": 38, "partId": 38, "index": 1, "dominantNormal": [0, -2.220446049250313e-16, 1], "obb": {"axesLengths": [0.6664555989288095, 0.3400000257790081, 0.4732366693721026], "centroid": [-4.8206140612417165, -1.119059725641372, -0.5600000293342777], "normalizedAxes": [0.8212639689445496, -0.570548415184021, -1.2668719744013868e-16, 0, -2.220446049250313e-16, 1, -0.570548415184021, -0.8212639689445496, -1.823572335234557e-16]}, "segments": [78795, 40532, 86527, 806, 37170, 80390, 79394, 37062, 78801], "label": "clutter"}, {"objectId": 41, "id": 41, "partId": 41, "index": 2, "dominantNormal": [0.9741351008415222, 0.22596630454063416, 5.017459881809442e-17], "obb": {"axesLengths": [0.27681625456961984, 0.17040991402246242, 0.06223952297608443], "centroid": [-4.691590369418339, -2.1622037158133818, -1.295205007579663], "normalizedAxes": [-0.22596630454063416, 0.9741351008415222, 2.1630144360996133e-16, 0, -2.220446049250313e-16, 1, 0.9741351008415222, 0.22596630454063416, 5.017459881809442e-17]}, "segments": [5951], "label": "wall"}, {"objectId": 42, "id": 42, "partId": 42, "index": 3, "dominantNormal": [0, -2.220446049250313e-16, 1], "obb": {"axesLengths": [0.43410475012953653, 0.2967100077112761, 0.30872904946078944], "centroid": [-4.7368403516892315, -1.2203041901440161, -1.2271449686269857], "normalizedAxes": [-0.4213739037513733, 0.9068869948387146, 2.013693644806113e-16, 0, -2.220446049250313e-16, 1, 0.9068869948387146, 0.4213739037513733, 9.356380198419185e-17]}, "segments": [81253, 1222, 45443, 11382, 1365], "label": "box"}, {"objectId": 43, "id": 43, "partId": 43, "index": 4, "dominantNormal": [0, -2.220446049250313e-16, 1], "obb": {"axesLengths": [0.34412290858921174, 0.27970003456547765, 0.31082988734896577], "centroid": [-5.001112390161114, -0.8863962884786882, -1.2498500462444875], "normalizedAxes": [-0.21891339123249054, 0.9757443070411682, 2.1665875916480464e-16, 0, -2.220446049250313e-16, 1, 0.9757443070411682, 0.21891339123249054, 4.8608537469017174e-17]}, "segments": [17853, 65133, 17127, 11496], "label": "basket"}, {"objectId": 44, "id": 44, "partId": 44, "index": 5, "dominantNormal": [0.38203519582748413, -0.9241477847099304, -2.052020297482594e-16], "obb": {"axesLengths": [0.7752045547294429, 1.3399999140203012, 0.588501327848708], "centroid": [-2.38522052314464, -1.7524703907918031, -0.3800000113038733], "normalizedAxes": [0.9241477847099304, 0.38203519582748413, 8.482885412497068e-17, 0, -2.220446049250313e-16, 1, 0.38203519582748413, -0.9241477847099304, -2.052020297482594e-16]}, "segments": [25973, 25968, 89893, 89815, 32657, 55477, 59394, 86437, 55064, 54924, 88792, 81929, 46706, 46751, 81945, 60291, 60142, 59456, 89138, 55282, 59945, 60678, 60398, 60456, 89469, 24256, 59907, 89144, 89536, 86561, 86556, 86446, 59927, 59669, 47149], "label": "machine"}, {"objectId": 46, "id": 46, "partId": 46, "index": 6, "dominantNormal": [0, -2.220446049250313e-16, 1], "obb": {"axesLengths": [1.2787796115576422, 0.6208510260093725, 0.6613786841622364], "centroid": [-0.7511206868076594, -1.0505666524516588, -1.0768945371098564], "normalizedAxes": [0.9987905025482178, 0.04916846752166748, 1.0917592945617889e-17, 0, -2.220446049250313e-16, 1, 0.04916846752166748, -0.9987905025482178, -2.217760425411925e-16]}, "segments": [88146, 58039, 88081, 60722, 60641, 60511, 60519, 89685, 16153, 16229, 16236, 16247, 16331, 16353, 16375, 16378, 16391, 16409, 39633, 39764, 39765, 39795, 39829, 39893, 40936, 40941, 60435, 60533, 60558, 70657, 78936, 78938, 78950, 78968, 78976, 79036, 88152, 88155, 88158, 89539, 89577, 89585, 89587, 89675, 89702, 89805, 92412, 57823, 92413, 90208, 16319, 42394, 40291, 40315, 89772, 40304, 90247, 90456], "label": "box"}, {"objectId": 47, "id": 47, "partId": 47, "index": 7, "dominantNormal": [0.7415934205055237, -0.670849621295929, -1.4895853912476141e-16], "obb": {"axesLengths": [0.3583700133466512, 0.5597039932078718, 0.2923927359889305], "centroid": [0.26192439219773567, -0.6157636633803504, -1.1101479974890964], "normalizedAxes": [0.670849621295929, 0.7415934205055237, 1.6466681807115162e-16, 0, -2.220446049250313e-16, 1, 0.7415934205055237, -0.670849621295929, -1.4895853912476141e-16]}, "segments": [12451, 69957, 12441, 14910, 70216, 13578, 12913, 14953, 15657, 70233, 15613, 13599, 14954], "label": "box"}, {"objectId": 48, "id": 48, "partId": 48, "index": 8, "dominantNormal": [0.8894320130348206, 0.4570675492286682, 1.0148938339253193e-16], "obb": {"axesLengths": [1.1292059357870663, 1.7482799794909354, 0.2921283330010668], "centroid": [0.8688530081648729, 0.04197914904672484, -0.5441400234755887], "normalizedAxes": [-0.4570675492286682, 0.8894319534301758, 1.9749356670710223e-16, 0, -2.220446049250313e-16, 1, 0.8894319534301758, 0.4570675492286682, 1.0148938339253193e-16]}, "segments": [10417, 931, 1836, 2890, 28823, 7458, 9083], "label": "doorframe"}, {"objectId": 50, "id": 50, "partId": 50, "index": 9, "dominantNormal": [0, -2.220446049250313e-16, 1], "obb": {"axesLengths": [0.45659805133453735, 0.3500100295988462, 0.35892587874737913], "centroid": [-2.9994438742707286, 0.0009134578842066032, -1.2185149911167863], "normalizedAxes": [0.9852845072746277, 0.17092227935791016, 3.7952369992912995e-17, 0, -2.220446049250313e-16, 1, 0.17092227935791016, -0.9852845072746277, -2.1877710915654884e-16]}, "segments": [23895, 85392, 63411, 4665, 52692, 72420, 85406, 72269, 4678, 72406, 72483, 85448, 18433], "label": "item"}, {"objectId": 51, "id": 51, "partId": 51, "index": 10, "dominantNormal": [0.8623069524765015, 0.5063859820365906, 1.1244027532088876e-16], "obb": {"axesLengths": [0.9098909399136605, 0.6237669447712535, 0.5801235203172552], "centroid": [-1.8931774903598833, -1.4950282923257407, -1.0781165217074056], "normalizedAxes": [-0.5063859820365906, 0.8623069524765015, 1.9147060658675252e-16, 0, -2.220446049250313e-16, 1, 0.8623069524765015, 0.5063859820365906, 1.1244027532088876e-16]}, "segments": [43635, 83039, 81466, 46234, 43522, 58476, 43590, 87906, 87791, 45081, 81954, 15851, 46190, 46343, 88337, 46366, 58361, 46271, 82987, 46374, 46289, 46333, 30143], "label": "item"}, {"objectId": 52, "id": 52, "partId": 52, "index": 11, "dominantNormal": [0.9557744860649109, 0.2941005825996399, 6.530344767155858e-17], "obb": {"axesLengths": [0.42394969343288025, 1.0518650177449351, 0.45122993375031994], "centroid": [-1.25650617534204, -1.7080566458054198, -0.8692875406840266], "normalizedAxes": [0.9557744860649109, 0.2941005825996399, 6.530344767155858e-17, 0, -2.220446049250313e-16, 1, 0.2941005825996399, -0.9557744860649109, -2.1222456815570798e-16]}, "segments": [89221, 83092, 59377, 88730, 83576, 49773], "label": "box"}, {"objectId": 1, "id": 1, "partId": 1, "index": 12, "dominantNormal": [0, -2.220446049250313e-16, 1], "obb": {"axesLengths": [6.400566691461833, 0.3664699710949515, 3.8435575229062424], "centroid": [-2.1236746670325144, -0.46341381577100743, -1.326765010631719], "normalizedAxes": [0.9574527740478516, 0.2885899841785431, 6.407984902224564e-17, 0, -2.220446049250313e-16, 1, 0.2885899841785431, -0.9574527740478516, -2.1259722294783047e-16]}, "segments": [92947, 92837, 8999, 52347, 37444, 6360, 6465, 1151, 1168, 1185, 1200, 1219, 1601, 1616, 1625, 1634, 1679, 2036, 2555, 2882, 2899, 3869, 4196, 4379, 4492, 4531, 4724, 4725, 4863, 5598, 5734, 6069, 7240, 7270, 8420, 12054, 12126, 12127, 15228, 15356, 15674, 15720, 17193, 17195, 17222, 18335, 18336, 18983, 19195, 19212, 22639, 22659, 22668, 22691, 22742, 23176, 24703, 24723, 25567, 25614, 25628, 25636, 26465, 26473, 26477, 26516, 26519, 26532, 26622, 27140, 30266, 37315, 37320, 37326, 37331, 37340, 37353, 37363, 37367, 37404, 37416, 38057, 39375, 41243, 43534, 45320, 52756, 53252, 53267, 53560, 56120, 56123, 56145, 57287, 57327, 57488, 59017, 60004, 60281, 60416, 66467, 70179, 70266, 70381, 70718, 70799, 72065, 72066, 72489, 72495, 72531, 72623, 77318, 77321, 77992, 78006, 78009, 78011, 78312, 78634, 78821, 85437, 85490, 85572, 85574, 87943, 88424, 88754, 92460, 92472, 92703, 93043, 18252, 51346, 1183, 6300, 8173, 15676, 15710, 15992, 16120, 16159, 16202, 16529, 16613, 16631, 16859, 17228, 18698, 22657, 48450, 52004, 52018, 59731, 60232, 60248, 70395, 70429, 70550, 70588, 71927, 71933, 88529, 15294, 25739, 25510, 72464, 88563, 93140, 88838, 64042, 64584, 26401, 25443, 25706, 25457, 70593], "label": "floor"}, {"objectId": 2, "id": 2, "partId": 2, "index": 13, "dominantNormal": [0.8846805691719055, 0.4661977291107178, 1.035166905773361e-16], "obb": {"axesLengths": [0.9762707076574045, 1.7654499314997352, 0.15030651146158053], "centroid": [0.9440542339614555, 0.10013740253925307, -0.5527249994799885], "normalizedAxes": [-0.4661977291107178, 0.8846805691719055, 1.964385474666276e-16, 0, -2.220446049250313e-16, 1, 0.8846805691719055, 0.4661977291107178, 1.035166905773361e-16]}, "segments": [5432, 27121, 74151, 7085, 6533, 7222, 27832, 66956, 74138, 5193, 3451, 2293], "label": "door"}, {"objectId": 3, "id": 3, "partId": 3, "index": 14, "dominantNormal": [0.5114530324935913, -0.8593112230300903, -1.9080542102536187e-16], "obb": {"axesLengths": [3.8613730987726544, 1.9400000138580786, 0.4110470506274734], "centroid": [-0.541043043844514, -1.5525215256259268, -0.3600000457255552], "normalizedAxes": [0.8593112230300903, 0.5114530324935913, 1.1356538653774868e-16, 0, -2.220446049250313e-16, 1, 0.5114530324935913, -0.8593112230300903, -1.9080542102536187e-16]}, "segments": [91154, 2109, 41575, 41593, 9415, 68521, 10730, 68258, 1424, 10295, 10374, 433, 665, 757, 780, 783, 820, 1003, 1093, 1100, 1153, 1376, 1677, 4084, 4108, 4234, 9114, 9184, 9766, 9773, 9811, 9821, 9868, 10181, 10185, 10211, 10273, 10275, 10313, 10367, 10484, 10487, 10559, 10638, 10819, 10986, 11028, 11126, 22782, 22788, 22793, 22803, 22820, 22821, 34846, 66093, 66096, 66100, 66121, 66134, 66458, 66476, 67926, 67944, 67979, 67991, 68003, 68176, 68181, 68193, 68197, 68202, 68204, 68214, 68246, 68407, 68548, 68559, 68935, 576, 68875, 10072, 68780, 11359, 68801, 68724, 68654, 10853, 11202, 9090, 9752, 9164, 10512, 10761, 10879, 9785, 68166, 68167, 68589, 11110, 11114, 9950, 68964, 68872, 10139, 10066, 10097, 10057, 10137, 10715, 11087, 9798, 9833, 9802, 68540, 68494, 11089, 10945, 9838, 9898, 91242], "label": "wall"}, {"objectId": 4, "id": 4, "partId": 4, "index": 15, "dominantNormal": [0.49330443143844604, -0.8698567152023315, -1.9314699066848718e-16], "obb": {"axesLengths": [1.9243556019015113, 2.0176469828714345, 0.512949810504294], "centroid": [0.013117392908232883, -1.1051501893842217, -0.3840065311279943], "normalizedAxes": [0.8698567152023315, 0.49330446124076843, 1.0953559420396185e-16, 0, -2.220446049250313e-16, 1, 0.49330446124076843, -0.8698567152023315, -1.9314699066848718e-16]}, "segments": [79868, 14788, 14610, 70062, 84563, 38304, 78382, 15932, 13645, 13805, 69775, 70354, 13380, 12865, 69154, 69313, 12315, 12825, 69398, 12156, 69237, 10649, 9588, 9549, 67797, 8117, 67473, 67383, 7309, 7304, 67714, 7960, 67732, 8259, 7084, 70092, 69985, 69494, 12343, 10742, 12755, 68845, 12861, 69316, 22034, 68930, 6379, 6382, 6408, 6423, 6575, 6658, 6858, 6904, 6921, 6967, 6972, 6993, 7015, 7022, 7489, 7681, 7819, 7824, 7848, 8197, 8224, 8262, 8309, 8407, 8443, 8486, 8497, 8591, 8632, 8663, 8743, 8787, 8832, 8884, 8934, 8940, 8953, 9032, 9035, 9042, 9051, 9059, 9075, 9093, 9162, 9186, 9207, 9221, 9227, 9293, 9311, 9318, 9339, 9353, 9355, 9362, 9536, 9542, 9543, 9545, 9621, 9626, 9631, 9656, 10451, 10456, 10496, 10507, 10619, 10701, 10704, 10706, 10804, 10812, 10915, 10944, 10971, 11019, 11026, 11116, 11121, 11144, 11252, 11257, 11302, 11352, 11354, 11365, 11404, 11853, 11876, 12161, 12181, 12184, 12270, 12339, 12367, 12387, 12424, 12545, 12560, 12580, 12612, 12651, 12710, 12793, 12806, 12882, 12961, 13007, 13075, 13081, 13104, 13163, 13186, 13196, 13249, 13267, 13297, 13301, 13322, 13333, 13363, 13381, 13388, 13408, 13412, 13421, 13447, 13457, 13550, 13563, 13568, 13620, 13628, 13649, 13679, 13728, 13758, 13795, 13815, 13821, 13887, 13914, 14471, 14513, 14532, 14540, 14545, 14565, 14570, 14571, 14702, 14752, 14764, 14775, 14796, 14841, 14900, 14978, 15058, 15075, 15083, 15554, 15619, 15767, 15774, 15801, 16059, 22030, 38204, 38218, 38232, 41717, 41729, 41750, 41769, 41770, 41774, 41812, 41834, 41866, 41873, 49076, 49106, 49163, 67193, 67199, 67215, 67226, 67276, 67292, 67294, 67295, 67304, 67310, 67340, 67360, 67364, 67367, 67425, 67428, 67431, 67435, 67438, 67491, 67510, 67513, 67547, 67574, 67586, 67596, 67617, 67631, 67654, 67721, 67725, 67763, 67768, 67782, 67816, 67828, 67830, 67834, 67840, 67847, 67961, 67981, 68034, 68096, 68427, 68431, 68465, 68492, 68742, 68767, 68836, 68838, 68999, 69004, 69012, 69045, 69048, 69140, 69144, 69146, 69157, 69159, 69272, 69326, 69329, 69331, 69389, 69393, 69460, 69483, 69487, 69543, 69610, 69623, 69626, 69635, 69729, 69737, 69747, 69802, 69981, 70004, 70020, 70082, 70099, 70101, 70103, 70140, 70200, 70397, 70437, 70482, 70486, 70530, 70534, 70607, 78321, 78868, 79803, 79845, 79855, 79896, 79899, 79901, 79905, 79995, 79998, 80002, 80004, 82732, 82744, 82769, 405, 6326, 16206, 16201], "label": "shelf"}, {"objectId": 5, "id": 5, "partId": 5, "index": 16, "dominantNormal": [0.3342735171318054, -0.9424760937690735, -2.0927173189224068e-16], "obb": {"axesLengths": [3.062428065736882, 1.9779749070560573, 1.3147976564997252], "centroid": [-2.5258784959492138, -2.140349303281212, -0.4284625054284388], "normalizedAxes": [0.9424760937690735, 0.3342735171318054, 7.422363104843242e-17, 0, -2.220446049250313e-16, 1, 0.3342735171318054, -0.9424760937690735, -2.0927173189224068e-16]}, "segments": [11487, 5345, 67104, 67029, 5412, 69085, 48480, 69101, 5440, 67122, 2142, 6056, 67079, 5662, 5868, 46783, 82034, 84948, 35832, 53680, 85465, 89375, 34779, 53197, 92125, 5079, 64085, 86233, 53352, 53422, 92170, 51791, 51830, 64140, 85148, 6687, 67246, 7862, 6797, 6509, 26388, 6517, 20133, 34471, 32588, 34526, 77227, 77216, 158, 1133, 1732, 1743, 1768, 1781, 2029, 2043, 3778, 3822, 5393, 5426, 5544, 5751, 5774, 5803, 6097, 6103, 6192, 6310, 6723, 6785, 6801, 6803, 7397, 7719, 11812, 11814, 11845, 12472, 15819, 18159, 18471, 18563, 19380, 19381, 19390, 19429, 19433, 20121, 23369, 23405, 23958, 23984, 24009, 24011, 24075, 24084, 24092, 24122, 24141, 24754, 24763, 25947, 25950, 26386, 29975, 29979, 29999, 30019, 30034, 30067, 30092, 30102, 30207, 30210, 30224, 30238, 30240, 30243, 30358, 30367, 30405, 30412, 30428, 30446, 30448, 30467, 30482, 30488, 30492, 30506, 30510, 30528, 30547, 30552, 30565, 30567, 30577, 30584, 30585, 30606, 30639, 32528, 32593, 34446, 34447, 34468, 34492, 34668, 34723, 34773, 35847, 35871, 35923, 35936, 36401, 36414, 36415, 36490, 36491, 36542, 36560, 36591, 36592, 36597, 37604, 37619, 37620, 37664, 37804, 37851, 37869, 37886, 43035, 43057, 43066, 43403, 43468, 43479, 43484, 43501, 44097, 44124, 44126, 45098, 45334, 45373, 46188, 46202, 46207, 46232, 46252, 46324, 46390, 46397, 46628, 46815, 46821, 46829, 46859, 47126, 47136, 47164, 47496, 47545, 47555, 50917, 51699, 51706, 51709, 51714, 51751, 51752, 51803, 51808, 51891, 51913, 52080, 52091, 52286, 52288, 52305, 52306, 52316, 52324, 52434, 53189, 53212, 53354, 53436, 53438, 53455, 53470, 53592, 53600, 53699, 53703, 53718, 53742, 53743, 53773, 53804, 53857, 53865, 53881, 53887, 53891, 53904, 53937, 53959, 53989, 54080, 54084, 54100, 54154, 54181, 54192, 54250, 54251, 54301, 54311, 54501, 54512, 54513, 54545, 54548, 54624, 54643, 54691, 54735, 54742, 54743, 54797, 54815, 54942, 54943, 55051, 55129, 55135, 55276, 55293, 55357, 55363, 55398, 55426, 55448, 55478, 55483, 55526, 55573, 55668, 55768, 56008, 56071, 58072, 58073, 58136, 58151, 58177, 58189, 58223, 58376, 59764, 59975, 60093, 60289, 60293, 60419, 60497, 60517, 60842, 60910, 60913, 60914, 60941, 60991, 61004, 61068, 61082, 61093, 61113, 61319, 61339, 62558, 62559, 62569, 62602, 62755, 62867, 62870, 62923, 62926, 62953, 63059, 63067, 63071, 63081, 63082, 63154, 63197, 63239, 63245, 63319, 63345, 63907, 64172, 64176, 64187, 64202, 65520, 65590, 65675, 66352, 66505, 66506, 66515, 66517, 66745, 66996, 67031, 67033, 67048, 67167, 67260, 67692, 68976, 69124, 70811, 70860, 70862, 71192, 72238, 72242, 72628, 73050, 74889, 74930, 74951, 74998, 74999, 75002, 75025, 75029, 75038, 75040, 75042, 75044, 75058, 75063, 75108, 75113, 75838, 77170, 77273, 77299, 77630, 77638, 77641, 77648, 77661, 77666, 77668, 77670, 78075, 78096, 78111, 78202, 78234, 78237, 78828, 78832, 80783, 80824, 80826, 80842, 81097, 81595, 81602, 81615, 81618, 81821, 82001, 82008, 82057, 82067, 82259, 84833, 84846, 84875, 84878, 84885, 84916, 85127, 85129, 85131, 85134, 85165, 85167, 85171, 85498, 85542, 85717, 85736, 85746, 85817, 85820, 85822, 85845, 85850, 85868, 85890, 85894, 85902, 85905, 85910, 85914, 85924, 85938, 85940, 85945, 85946, 86022, 86034, 86062, 86088, 86100, 86118, 86223, 86231, 86323, 86359, 86699, 88250, 88258, 88260, 88292, 88714, 88741, 89271, 89293, 89343, 89357, 89438, 89541, 89905, 89909, 89928, 89959, 89976, 90104, 90164, 90669, 90910, 90942, 90946, 90970, 90972, 90974, 90977, 90998, 91005, 91201, 92029, 92104, 92154, 92252, 92277, 93151, 94154, 94523, 94529, 94555, 94557, 94563, 95028, 36185, 36199, 34739, 78167, 37688, 61239, 91315, 61457, 62598], "label": "wood"}, {"objectId": 6, "id": 6, "partId": 6, "index": 17, "dominantNormal": [0.43735843896865845, -0.8992872834205627, -1.996818895612235e-16], "obb": {"axesLengths": [4.844334852090076, 2.0709299578309803, 0.30888424012269705], "centroid": [-3.2794178587185367, 0.9936604402169917, -0.40546503723252636], "normalizedAxes": [0.8992872834205627, 0.43735846877098083, 9.711308840886908e-17, 0, -2.220446049250313e-16, 1, 0.43735846877098083, -0.8992872834205627, -1.996818895612235e-16]}, "segments": [37778, 95254, 95324, 58743, 7564, 3325, 3336, 3660, 7582, 7637, 9683, 9757, 9763, 10094, 10245, 10773, 10795, 10840, 10933, 11766, 11827, 13053, 13085, 13121, 14238, 16450, 20432, 20452, 20472, 20475, 20513, 20646, 20661, 20793, 27485, 27486, 27688, 27874, 27876, 27906, 28043, 28053, 28808, 28810, 28902, 28910, 28918, 28930, 28938, 28939, 29190, 29230, 29236, 29253, 29356, 29533, 30791, 30805, 30827, 30836, 30847, 30865, 30868, 30894, 30902, 30933, 31015, 31016, 31030, 31446, 31488, 31587, 31589, 33253, 34954, 37300, 41203, 41213, 41231, 41241, 41260, 41263, 41264, 41313, 41910, 41948, 41950, 41957, 44341, 47485, 47605, 47639, 48453, 48466, 48470, 48474, 49117, 49680, 49781, 49783, 49804, 49841, 50695, 50711, 50809, 51441, 51447, 54593, 54976, 55011, 58724, 60894, 62215, 62281, 63987, 63992, 64002, 64012, 64027, 65800, 65804, 65814, 65818, 65830, 65901, 66083, 66146, 66265, 66353, 66358, 66363, 67450, 67453, 67505, 67508, 67691, 67971, 68438, 70843, 73979, 74230, 74515, 74634, 74641, 74808, 75148, 75157, 75164, 75186, 75312, 79063, 79459, 80009, 81229, 81684, 82513, 82830, 83521, 83566, 83730, 83876, 83897, 83939, 83943, 83945, 84010, 84446, 90466, 90566, 94969, 94971, 95031, 95445], "label": "wall"}, {"objectId": 7, "id": 7, "partId": 7, "index": 18, "dominantNormal": [0.8878815770149231, 0.4600720703601837, 1.021565211001682e-16], "obb": {"axesLengths": [2.3619102961901572, 1.6888199965174482, 0.2365322119690424], "centroid": [-0.058330722003884894, 1.4593523451189319, -0.5544100525524471], "normalizedAxes": [-0.46007204055786133, 0.8878815770149231, 1.9714931398849236e-16, 0, -2.220446049250313e-16, 1, 0.8878815770149231, 0.46007204055786133, 1.021565144827233e-16]}, "segments": [61551, 92308, 29315, 15394, 7362, 15442, 42860, 15159, 15262, 15380, 15403, 15428, 15437, 15505, 18798, 18819, 42866, 60876, 61875, 61886, 70176, 70180, 70185, 71026, 71073, 74360, 90284, 90361, 71151, 15470, 80613], "label": "wall"}, {"objectId": 8, "id": 8, "partId": 8, "index": 19, "dominantNormal": [0.9977465867996216, 0.06709478795528412, 1.489803568405981e-17], "obb": {"axesLengths": [1.7481640870230364, 0.7248020010113262, 0.6842405996534167], "centroid": [0.003382147316838946, 1.7387298743686062, -0.17240104660374778], "normalizedAxes": [-0.06709479540586472, 0.9977465867996216, 2.2154424668122043e-16, 0, -2.220446049250313e-16, 1, 0.9977465867996216, 0.06709479540586472, 1.4898037338421036e-17]}, "segments": [44475, 61167, 43152, 45226, 40993, 45229, 41538, 41541, 38870, 44698, 79676, 38841, 42762, 35624, 13933, 13996, 35386, 35393, 35397, 35402, 35414, 35485, 35487, 35499, 35510, 35530, 35554, 35585, 35593, 35612, 35631, 35647, 35667, 37932, 38824, 38859, 38867, 38871, 40031, 40946, 41002, 41358, 41411, 41432, 41462, 41519, 41988, 42786, 42821, 44479, 45113, 45115, 45136, 45145, 45155, 45178, 45224, 45248, 45258, 45275, 54162, 69874, 77413, 77429, 77434, 77439, 77441, 79486, 79620, 79656, 80518, 80531, 80534, 80573, 81245, 81345, 81388, 90380, 94602, 38342, 90017, 34984, 38590, 90001, 77339, 35001, 38348, 38815, 42851, 38482, 35717, 38548, 78436, 38461, 38498, 78490, 77445, 38479], "label": "window"}, {"objectId": 9, "id": 9, "partId": 9, "index": 20, "dominantNormal": [0.9078272581100464, 0.41934436559677124, 9.311315398647296e-17], "obb": {"axesLengths": [1.8358853737247995, 1.7190100166422861, 0.3085288034256171], "centroid": [-4.528227923257635, -2.6691626075657524, -0.21049505968164706], "normalizedAxes": [-0.41934433579444885, 0.9078272581100464, 2.0157814486721967e-16, 0, -2.220446049250313e-16, 1, 0.9078272581100464, 0.41934433579444885, 9.311314736902806e-17]}, "segments": [31405, 30676, 26169, 77779, 2058, 477, 495, 3022, 3042, 3048, 3056, 30709, 31515, 33249, 36035, 37962, 66581, 66582, 66586, 66594, 77460, 77461, 77900, 77925, 77943, 77709, 77467], "label": "wall"}, {"objectId": 10, "id": 10, "partId": 10, "index": 21, "dominantNormal": [0, -2.220446049250313e-16, 1], "obb": {"axesLengths": [5.803637794335433, 0.12000000208616246, 4.595538085198095], "centroid": [-2.4981316437845087, -0.5608490300045295, 0.5899999211193618], "normalizedAxes": [0.7717843651771545, 0.6358843445777893, 1.411946880697877e-16, 0, -2.220446049250313e-16, 1, 0.6358843445777893, -0.7717843651771545, -1.7137055445307737e-16]}, "segments": [38077, 27890, 28960, 13809, 15783, 27758, 22863, 17818, 10997, 11078, 14653, 16473, 16479, 16489, 16655, 16658, 16666, 16700, 16718, 17114, 17169, 17809, 17830, 17847, 17895, 18392, 21487, 32334, 37543, 45904, 51388, 53066, 58822, 58842, 72301, 88661, 88665, 58656, 9784, 10296, 1335, 51587, 9779, 10141, 10215, 10579, 10633, 10639, 10674, 11055, 11099, 11133, 11284, 46087, 58934, 58948, 59166, 67375, 67458, 67561, 7649, 2072, 2099, 5352, 4965, 5090, 5480, 6846, 11684, 11696, 11699, 30810, 66964, 66983, 68974], "label": "ceiling"}, {"objectId": 11, "id": 11, "partId": 11, "index": 22, "dominantNormal": [0.9365017414093018, 0.3506629168987274, 7.786280884463701e-17], "obb": {"axesLengths": [0.9507938520798028, 1.9041798881252125, 0.46279459183237953], "centroid": [-4.657436796799226, -2.7509718536872345, -0.4220900239863261], "normalizedAxes": [-0.3506629168987274, 0.9365017414093018, 2.0794515918283224e-16, 0, -2.220446049250313e-16, 1, 0.9365017414093018, 0.3506629168987274, 7.786280884463701e-17]}, "segments": [466, 35047, 31701, 27678, 33613, 35180, 5266, 76585, 23, 87, 1403, 1861, 1870, 1943, 1945, 1952, 3085, 3096, 3108, 3302, 4034, 4052, 5251, 5716, 14024, 14090, 27151, 27802, 29063, 31529, 31564, 31565, 31580, 31591, 31686, 31702, 31716, 31735, 31759, 31827, 31848, 31868, 31880, 31941, 31998, 32025, 32036, 32044, 32045, 32064, 32072, 32094, 32135, 32153, 32155, 32182, 32189, 32276, 32427, 32475, 32481, 32494, 32517, 33348, 33425, 33461, 33547, 33685, 34394, 34408, 34652, 34724, 34833, 34844, 34920, 34931, 35059, 66336, 69853, 74944, 74966, 74972, 74976, 74980, 74990, 75017, 75059, 75073, 75124, 75405, 75860, 76547, 76552, 76744, 1886, 16, 6220, 31670, 29168, 74550, 6008, 89, 262, 6010, 6020, 6241, 67183, 67185, 31666, 34788, 6239, 66511], "label": "window"}, {"objectId": 12, "id": 12, "partId": 12, "index": 23, "dominantNormal": [0.388589471578598, -0.9214109778404236, -2.0459433654816363e-16], "obb": {"axesLengths": [0.6509486353814397, 0.7145799834747613, 0.5131857288416879], "centroid": [-2.3060005541652306, 0.3329545180173592, -1.0236599909231083], "normalizedAxes": [0.9214109778404236, 0.388589471578598, 8.628419569469648e-17, 0, -2.220446049250313e-16, 1, 0.388589471578598, -0.9214109778404236, -2.0459433654816363e-16]}, "segments": [81719, 23044, 72349, 2924, 5633, 23008, 23013, 23014, 23055, 23694, 23696, 23713, 23716, 29856, 34348, 46466, 46467, 46470, 46544, 46609, 72181, 77168, 81699, 81806, 81808, 81811, 81814, 23152, 38688, 24220, 22942, 72322, 30667, 77109, 22923, 22958, 23060, 23619, 23642, 23655, 30335, 30673, 34186, 34249, 34252, 34261, 46463, 72133, 72147, 72163, 77076, 77077, 77089, 77154, 78592, 24186, 34228, 46455, 77157, 34344, 23552, 29848], "label": "bucket"}, {"objectId": 13, "id": 13, "partId": 13, "index": 24, "dominantNormal": [0.9472028613090515, -0.3206348419189453, -7.119523679909208e-17], "obb": {"axesLengths": [1.113163707082207, 1.1639930047692426, 0.7910002001287092], "centroid": [-3.762593962948577, 0.07342752847891548, -0.7680035307494526], "normalizedAxes": [0.3206348419189453, 0.9472028613090515, 2.1032128512322757e-16, 0, -2.220446049250313e-16, 1, 0.9472028613090515, -0.3206348419189453, -7.119523679909208e-17]}, "segments": [87060, 52514, 52941, 18045, 52251, 51965, 85027, 52559, 16926, 309, 325, 334, 353, 1498, 1507, 3625, 16568, 16584, 16588, 16966, 17291, 17414, 17420, 17439, 17473, 17510, 17538, 17560, 17566, 17570, 17573, 17650, 18239, 18268, 18282, 18295, 18302, 22910, 38726, 51968, 52244, 52265, 52360, 52401, 52417, 52468, 52502, 52544, 52562, 52587, 52613, 52816, 52891, 52934, 52945, 52964, 52976, 66906, 70709, 70766, 70830, 70836, 85045, 85066, 85079, 85207, 85211, 85306, 85309, 85336, 85453, 303, 70778, 52983, 17272, 5040, 16577, 2609, 4002, 4023, 2636], "label": "clothes"}, {"objectId": 14, "id": 14, "partId": 14, "index": 25, "dominantNormal": [0.5859909057617188, -0.8103176355361938, -1.7992665924641967e-16], "obb": {"axesLengths": [2.0577356293950064, 1.5576899150530263, 1.1291427156974088], "centroid": [-2.932571576830733, 0.7580967480135903, -0.6088449990052371], "normalizedAxes": [0.8103176355361938, 0.5859909057617188, 1.301161191595221e-16, 0, -2.220446049250313e-16, 1, 0.5859909057617188, -0.8103176355361938, -1.7992665924641967e-16]}, "segments": [28484, 84254, 84362, 50896, 46965, 51294, 26881, 26995, 27032, 27039, 27055, 27061, 27064, 28432, 28436, 33370, 33477, 33581, 33602, 33614, 33657, 33757, 33794, 33801, 34558, 34608, 45483, 45490, 45491, 46903, 46978, 47027, 47055, 47063, 48265, 48297, 48865, 48909, 48916, 48919, 48928, 48955, 51113, 51142, 51174, 51181, 51230, 51237, 51250, 51324, 51325, 73907, 74378, 76819, 76832, 76842, 76882, 76894, 77309, 77317, 82241, 82251, 82255, 82914, 82919, 84093, 84105, 84110, 84117, 84120, 84131, 84350, 84365, 84368, 84398, 84404, 84406, 84410, 88473, 88479, 88481, 76914, 33664, 33410, 76857, 84825, 32057, 32041, 31197, 88431, 59073, 33767, 95017, 28457, 28513, 31209, 31594, 31616, 31769, 31917, 32053, 32085, 33283, 33287, 33292, 33311, 33318, 33322, 33365, 33388, 33437, 33450, 33472, 33478, 33510, 33522, 33539, 33563, 33566, 33610, 33626, 33669, 33704, 33752, 33754, 33822, 33842, 47447, 47714, 48306, 48797, 50127, 50535, 50548, 50582, 50665, 51062, 51077, 51147, 51623, 59020, 65582, 65604, 65606, 65621, 65925, 65958, 66000, 66017, 66034, 75530, 75534, 75546, 75734, 76549, 76800, 76802, 76827, 76849, 76888, 76896, 76899, 76932, 76934, 76939, 82518, 82822, 83848, 83878, 83879, 83882, 83885, 83930, 84084, 84451, 84466, 84768, 88446, 88449, 88452, 94519, 94978, 95000, 95035, 95039, 95042, 95047, 28734, 28688, 73859, 26896, 73877, 74455, 28304, 28277, 31128, 31055, 31415, 74315, 75360, 27342, 27558, 28221, 21568, 74250, 74324, 75211, 28285, 74299, 4115, 5496, 5579, 5612, 6301, 6303, 8165, 19474, 19499, 19614, 21328, 21559, 21562, 21577, 21601, 21649, 21658, 21665, 21682, 21747, 21750, 21758, 21769, 21861, 21899, 21927, 22007, 22065, 22079, 22086, 22093, 22118, 22147, 22171, 22206, 22250, 22286, 22320, 22356, 22368, 22496, 22503, 22535, 22558, 22575, 22581, 22597, 23315, 23768, 23909, 24820, 25045, 25068, 25090, 25195, 25289, 25416, 25425, 25484, 25547, 25631, 25723, 25731, 25752, 25761, 25765, 25808, 25816, 25819, 25855, 25880, 25892, 25900, 25925, 26059, 26069, 26191, 26196, 26244, 26289, 26290, 26294, 26342, 26395, 26418, 26428, 26511, 26521, 26569, 26602, 26782, 26784, 26839, 26840, 26969, 26977, 27012, 27023, 27081, 27084, 27103, 27202, 27204, 27238, 27242, 27334, 27340, 27365, 27381, 27494, 27506, 27517, 27658, 27663, 27686, 28088, 28096, 28156, 28203, 28222, 28234, 28260, 28264, 28288, 28407, 28440, 28530, 28557, 28558, 28593, 28605, 28626, 28638, 28646, 28672, 28676, 28969, 30910, 31334, 31408, 31837, 31853, 31878, 32132, 32207, 32264, 32456, 32707, 32818, 32941, 32943, 32952, 32962, 32971, 32999, 33004, 33019, 33033, 33079, 33101, 33114, 33132, 33156, 34071, 34100, 34113, 34623, 45515, 45567, 45572, 45595, 46539, 47271, 47284, 47285, 47288, 47294, 47302, 47326, 47329, 47337, 47397, 47424, 48878, 48984, 51622, 55161, 55194, 56173, 56178, 56219, 56250, 56276, 56297, 56328, 56332, 56369, 56482, 56483, 56493, 56569, 56573, 56614, 56705, 56731, 56797, 56886, 56903, 56959, 56987, 56998, 57020, 57061, 57996, 66287, 66311, 71797, 71805, 71883, 71991, 72045, 72055, 72062, 72490, 72690, 72753, 72997, 73034, 73039, 73127, 73392, 73398, 73478, 73481, 73484, 73517, 73886, 73891, 73928, 73959, 73964, 74000, 74040, 74042, 74046, 74051, 74232, 74235, 74238, 74244, 74247, 74336, 74366, 74373, 74402, 74407, 74443, 74480, 75304, 75308, 75375, 75381, 75389, 75392, 75396, 75528, 75691, 75693, 75695, 75756, 75763, 76084, 76089, 76214, 76216, 76219, 76381, 76406, 76476, 76485, 76488, 76507, 76520, 76527, 76545, 76805, 76966, 76971, 76980, 76983, 77020, 77025, 77059, 81453, 81589, 82266, 82272, 82276, 82290, 82503, 82506, 84364, 86429, 86882, 86942, 87031, 87033, 87073, 87096, 87150, 87170, 87197, 87356, 87358, 87439, 87457, 87464, 87466, 87468, 87472, 87571, 87573, 87575, 21235, 74019, 21879, 21907, 71869, 72022, 56391, 8150, 66852, 4031, 66863, 71853, 27088], "label": "cabinet"}, {"objectId": 15, "id": 15, "partId": 15, "index": 26, "dominantNormal": [0.7473384141921997, -0.6644435524940491, -1.4753610610852543e-16], "obb": {"axesLengths": [0.7835908393244334, 1.033203042301467, 0.5795453165110527], "centroid": [-1.3661673113053086, 0.2513548769325259, -0.8564185405367954], "normalizedAxes": [0.6644435524940491, 0.7473384737968445, 1.659424761594962e-16, 0, -2.220446049250313e-16, 1, 0.7473384737968445, -0.6644435524940491, -1.4753610610852543e-16]}, "segments": [88316, 62666, 63017, 63369, 29920, 90895, 36425, 45034, 46682, 58290, 58329, 58603, 63281, 90881, 90886, 91405, 91408, 24156, 45023, 63296, 91016, 62140, 62144, 90464, 62067, 62009, 62044, 62435, 62517, 62803, 90585, 90641, 91025], "label": "table"}, {"objectId": 16, "id": 16, "partId": 16, "index": 27, "dominantNormal": [0.3903043270111084, -0.920685887336731, -2.044333341137363e-16], "obb": {"axesLengths": [0.8542681312995128, 1.0309690006605752, 0.235598184418918], "centroid": [-1.4302509310347031, 1.8718447748223679, 0.03451545983011517], "normalizedAxes": [0.920685887336731, 0.3903043568134308, 8.666497670915669e-17, 0, -2.220446049250313e-16, 1, 0.3903043568134308, -0.920685887336731, -2.044333341137363e-16]}, "segments": [90505, 62422, 58744], "label": "cabinet"}, {"objectId": 17, "id": 17, "partId": 17, "index": 28, "dominantNormal": [0, -2.220446049250313e-16, 1], "obb": {"axesLengths": [1.7873451632660455, 0.8676700398101648, 1.0072736793089079], "centroid": [-4.75374091366036, -1.2039063952404745, -0.9638350189154983], "normalizedAxes": [-0.5657253265380859, 0.824593722820282, 1.8309658740729029e-16, 0, -2.220446049250313e-16, 1, 0.824593722820282, 0.5657253265380859, 1.2561625662723362e-16]}, "segments": [21078, 3217, 40640, 42617, 80412, 61474, 66197, 20188, 79191, 3393, 3450, 3520, 992, 1006, 1010, 1039, 1054, 1402, 2224, 2227, 2230, 2231, 2243, 2249, 2274, 2299, 2317, 2327, 2347, 2372, 2445, 2777, 3175, 3239, 3264, 3274, 3378, 3383, 3411, 3428, 3430, 3433, 3457, 3465, 4933, 5160, 5190, 5946, 5986, 10564, 16986, 17046, 18628, 18649, 18660, 18705, 18725, 18741, 19670, 20333, 21874, 22599, 25918, 28607, 35318, 36811, 36900, 36908, 37035, 37112, 37271, 39329, 40117, 40152, 40200, 40513, 40533, 40565, 40593, 40615, 40628, 40629, 40647, 40656, 40706, 40717, 40718, 40752, 40845, 40849, 40879, 40885, 40889, 42223, 42239, 42956, 42981, 48178, 48196, 48282, 48427, 48462, 48487, 48652, 48699, 51980, 52173, 52199, 53406, 54442, 54462, 61493, 61505, 61523, 66173, 66174, 66181, 66184, 66185, 66400, 66406, 66410, 66413, 66417, 66526, 66529, 66563, 66659, 66666, 66669, 66671, 66674, 66739, 66990, 67017, 70935, 70942, 70959, 70989, 71187, 71200, 74608, 74620, 78817, 79164, 79171, 79176, 79235, 79271, 79275, 79327, 79330, 80431, 80643, 80646, 80693, 82540, 86156, 86191, 86381, 86541, 86545, 16872, 21059, 70975], "label": "table"}, {"objectId": 18, "id": 18, "partId": 18, "index": 29, "dominantNormal": [0.996573805809021, 0.08270840346813202, 1.8364954772061463e-17], "obb": {"axesLengths": [0.5580814050971943, 0.8829059999531652, 0.4250337474423615], "centroid": [-4.379044693451632, -1.8707506943404588, -0.9482070092302497], "normalizedAxes": [-0.08270839601755142, 0.996573805809021, 2.2128383698949894e-16, 0, -2.220446049250313e-16, 1, 0.996573805809021, 0.08270839601755142, 1.8364953117700238e-17]}, "segments": [66721, 66714, 16866, 16853, 3675, 70703, 66553, 2487, 2486, 1593, 1648, 1427, 70695], "label": "chair"}, {"objectId": 19, "id": 19, "partId": 19, "index": 30, "dominantNormal": [0.9430876970291138, 0.3325440585613251, 7.38396141034159e-17], "obb": {"axesLengths": [1.4175054655351467, 1.2076229779208527, 0.6402192262742525], "centroid": [-4.95852361828535, -1.1740068246308761, 0.017645438387121626], "normalizedAxes": [-0.3325440585613251, 0.9430876970291138, 2.094075350964872e-16, 0, -2.220446049250313e-16, 1, 0.9430876970291138, 0.3325440585613251, 7.38396141034159e-17]}, "segments": [77330, 35379, 41604, 44034, 35581, 36354, 22819, 77373, 81010, 80918, 80035, 18609, 19086, 90674, 31932, 11627, 88511, 42000, 80808, 80330, 80523, 43664, 77804, 628, 634, 671, 708, 786, 887, 17074, 17091, 19040, 20078, 20196, 20276, 20302, 20379, 20525, 20590, 20769, 20815, 20833, 20903, 20904, 22209, 22233, 22269, 22365, 22450, 22452, 22567, 22919, 22944, 22949, 22991, 23002, 23195, 23273, 28026, 35630, 35828, 35991, 36045, 36103, 36604, 40888, 40999, 41068, 41074, 41076, 41387, 41816, 41972, 42001, 42022, 42109, 42135, 42213, 42247, 42268, 42274, 42281, 42340, 42375, 42562, 42625, 42710, 42726, 42730, 42911, 43043, 43157, 43366, 43434, 43857, 43864, 43961, 43992, 44560, 44574, 44741, 44773, 44922, 45008, 45095, 45125, 45127, 45223, 47802, 47871, 66389, 66393, 66397, 70985, 71113, 71285, 71297, 71418, 71425, 71480, 71513, 71559, 71561, 71567, 77013, 77046, 79005, 79367, 79441, 79488, 79737, 79859, 80040, 80053, 80068, 80100, 80199, 80204, 80254, 80274, 80279, 80322, 80388, 80619, 80621, 80630, 80642, 80856, 80870, 80881, 80884, 80943, 81017, 81027, 81083, 81112, 81174, 81225, 82412, 82565, 86559, 88332, 90150, 90479, 91952, 8798, 82331, 21875, 72265, 72286, 23392, 25356, 973], "label": "shelf"}, {"objectId": 20, "id": 20, "partId": 20, "index": 31, "dominantNormal": [0.9398083090782166, 0.3417021632194519, 7.587312183409176e-17], "obb": {"axesLengths": [0.8868972643121823, 0.9534999515078968, 0.9660380797415008], "centroid": [-3.068747137821205, 0.2726783536065459, -0.9267499932418035], "normalizedAxes": [0.9398083090782166, 0.3417021632194519, 7.587312183409176e-17, 0, -2.220446049250313e-16, 1, 0.3417021632194519, -0.9398083090782166, -2.086793646945343e-16]}, "segments": [20047, 29741, 29824, 18129, 87584, 55207, 23797, 19463, 19498, 19487, 29845, 23776, 17365, 71197, 23444, 55225, 55240, 70735, 32414, 71259, 32891, 76392, 29789, 57135, 55239, 55176, 4658, 4629, 86431, 86896, 23185, 23868, 23862, 4679, 4560, 72948], "label": "desk"}, {"objectId": 21, "id": 21, "partId": 21, "index": 32, "dominantNormal": [0, -2.220446049250313e-16, 1], "obb": {"axesLengths": [2.6521167269801325, 1.1896740081234118, 1.79087871586876], "centroid": [-0.7138039994809711, 1.5488313543148822, -0.822673036375352], "normalizedAxes": [0.9308041930198669, -0.36551815271377563, -8.116133381225757e-17, 0, -2.220446049250313e-16, 1, -0.36551815271377563, -0.9308041930198669, -2.0668004930165894e-16]}, "segments": [41316, 50303, 49533, 50135, 50217, 50769, 83787, 44512, 56656, 94898, 94684, 56489, 64568, 64428, 91679, 92441, 93789, 58156, 40432, 65056, 85566, 50373, 50288, 89043, 60122, 45988, 49721, 83233, 49567, 59836, 44813, 83409, 49631, 44349, 81561, 44931, 83304, 47855, 45472, 49314, 47982, 48006, 43618, 82577, 83467, 80894, 83198, 49060, 59846, 91507, 83076, 56084, 88907, 49233, 87956, 57651, 63523, 54615, 54394, 91544, 58346, 92496, 38078, 54010, 78672, 14393, 14274, 11915, 39141, 18876, 14110, 71135, 14214, 71064, 39155, 39238, 78746, 38198, 87972, 88037, 57342, 57142, 57438, 87839, 94941, 65729, 94912, 65649, 61905, 61717, 61638, 90197, 11475, 63685, 65635, 61829, 90204, 90336, 57222, 47944, 83954, 49879, 83554, 50279, 49973, 14434, 29623, 64894, 43658, 46009, 83562, 49951, 91879, 88181, 49221, 49777, 39167, 68989, 69949, 78306, 40478, 79069, 37031, 39097, 54006, 50550, 93807, 58266, 58144, 88262, 14386, 87731, 57554, 87824, 94881, 87362, 61867, 90293, 61597, 10655, 83673, 83686, 48095, 93967, 93981, 19020, 54236, 54298, 54305, 54256, 58169, 58280, 58470, 54681, 54707, 63576, 63533, 63512, 81576, 43676, 80910, 80913, 80329, 42530, 40415, 42499, 39246, 40021, 52778, 93765, 93911, 18905], "label": "desk"}, {"objectId": 22, "id": 22, "partId": 22, "index": 33, "dominantNormal": [0.6193555593490601, -0.785110592842102, -1.7432957141008166e-16], "obb": {"axesLengths": [0.7682239393767887, 0.8587359892114399, 0.25568110660052323], "centroid": [-0.8624113736990837, 2.294763087239342, -0.13936804889944332], "normalizedAxes": [0.7851106524467468, 0.6193555593490601, 1.3752456048378382e-16, 0, -2.220446049250313e-16, 1, 0.6193555593490601, -0.7851106524467468, -1.7432958464497146e-16]}, "segments": [55834, 55902, 55947], "label": "wall"}, {"objectId": 23, "id": 23, "partId": 23, "index": 34, "dominantNormal": [0.9279696345329285, 0.37265580892562866, 8.274621186590917e-17], "obb": {"axesLengths": [0.8444323522883197, 1.9703909910382844, 0.5880460106907532], "centroid": [-5.284024377550639, -0.35823245335970694, -0.42555454388645764], "normalizedAxes": [-0.37265580892562866, 0.9279696345329285, 2.060506508822898e-16, 0, -2.220446049250313e-16, 1, 0.9279696345329285, 0.37265580892562866, 8.274621186590917e-17]}, "segments": [82079, 82182, 17630, 15164, 17467, 39961, 40018, 14316, 14189, 39285, 39147, 38773, 81985, 46998, 47153, 82030, 47614, 78251, 38974, 38770, 47360, 38706, 82042, 47101, 46954, 49640, 48188, 55382, 49835, 47255, 81689, 47328, 49266, 48408, 81875, 47607, 55137, 47645, 14201, 16280, 39152, 39096, 17406, 40088, 82418, 47090, 47042, 66610, 54557, 70917, 61114, 22135, 22039, 70900, 59085, 59425, 54628, 54523, 80190, 42069, 42248, 66088, 9642, 80067, 46589, 40297, 39854], "label": "shelf"}, {"objectId": 24, "id": 24, "partId": 24, "index": 35, "dominantNormal": [0.2956959903240204, -0.9552820920944214, -2.1211523473106317e-1