{"segGroups": [{"objectId": 1, "id": 1, "partId": 1, "index": 0, "dominantNormal": [0, -2.220446049250313e-16, 1], "obb": {"axesLengths": [6.32474782503271, 0.5019799358700231, 4.778096974570113], "centroid": [0.1903201663352737, 0.053202174695723414, -1.6009899934602525], "normalizedAxes": [0.7321714162826538, 0.6811203956604004, 1.5123910916079461e-16, 0, -2.220446049250313e-16, 1, 0.6811203956604004, -0.7321714162826538, -1.625747128658825e-16]}, "segments": [17799, 18733, 1116, 1817, 2818, 4774, 4781, 6464, 6468, 6473, 6547, 6956, 9191, 9234, 14839, 15061, 15074, 16559, 18081, 18088, 18251, 18253, 18838, 19426, 19517, 19692, 20930, 20931, 20939, 21255, 21354, 24587, 26429, 26452, 26456, 26466, 27188, 27875, 28141, 29886, 29968, 35285, 35295, 35298, 35301, 37852, 39061, 39389, 39462, 19505, 19602, 18575, 18604, 10770, 17854, 17869, 17906, 17916, 17920, 18457, 18470, 18526, 18551, 18626, 18652, 18669, 18672, 18682, 18700, 18722, 19572, 19956, 20258, 24333, 25065, 25702, 25703, 25842, 27298, 27340, 27393, 27422, 27447, 27453, 27462, 27471, 28245, 35291, 37751, 38912, 39264, 39309, 39345, 39349, 39355, 20240, 17484, 19974, 19988, 29880, 29892, 35209, 28171, 18160, 3716, 8944, 8945, 8957, 10122, 10717, 10802, 10805, 10836, 10870, 10873, 10886, 10895, 11575, 11585, 11637, 13479, 14771, 14776, 14785, 14976, 14988, 15004, 15073, 15958, 16543, 16570, 16607, 16797, 17419, 18217, 18275, 18283, 19879, 20269, 20273, 20275, 20288, 20434, 20439, 20443, 20447, 20461, 20468, 20478, 20486, 20497, 20507, 21302, 23725, 24279, 24627, 24636, 25569, 25586, 25797, 26190, 26359, 26367, 26374, 26393, 26764, 26765, 26808, 26875, 26883, 26987, 27195, 27285, 27921, 27924, 27929, 27961, 27968, 28802, 29041, 29703, 32270, 32272, 32459, 33534, 33536, 34315, 34865, 35199, 35202, 35338, 35435, 35438, 35445, 37252, 37255, 37257, 37724, 37745, 37749, 38151, 38291, 38437, 38441, 39387, 39456, 39946, 32448, 32457, 34182, 3440, 5613, 17373, 28163], "label": "floor"}, {"objectId": 2, "id": 2, "partId": 2, "index": 1, "dominantNormal": [0.9040478467941284, 0.42743128538131714, 9.490881089509287e-17], "obb": {"axesLengths": [3.4417960430584955, 1.6399999583512552, 0.2252525682113381], "centroid": [2.6053763599816793, 1.3032745993113046, -0.8100000114808972], "normalizedAxes": [-0.42743128538131714, 0.9040478467941284, 2.0073894697472748e-16, 0, -2.220446049250313e-16, 1, 0.9040478467941284, 0.42743128538131714, 9.490881089509287e-17]}, "segments": [9355, 28447, 34925, 34907, 6842, 6680, 225, 282, 311, 365, 438, 565, 584, 606, 2091, 3606, 3614, 3852, 4211, 4296, 4315, 4317, 4361, 4400, 4847, 4886, 6098, 6315, 6364, 10488, 10685, 14731, 30103, 30817, 30847, 30891, 35095], "label": "wall"}, {"objectId": 3, "id": 3, "partId": 3, "index": 2, "dominantNormal": [0.4245074391365051, -0.9054244160652161, -2.0104460675467807e-16], "obb": {"axesLengths": [5.248217911413372, 1.6070599476160112, 0.15820073778253618], "centroid": [0.9994807403301531, -1.315977524168439, -0.7735300070073454], "normalizedAxes": [0.9054244160652161, 0.4245074689388275, 9.425959322824695e-17, 0, -2.220446049250313e-16, 1, 0.4245074689388275, -0.9054244160652161, -2.0104460675467807e-16]}, "segments": [6481, 7747, 21123, 1319, 16927, 9552, 22737, 36948, 36651, 712, 1021, 1069, 1233, 1398, 1457, 2021, 2270, 4569, 6401, 6414, 6561, 7776, 9316, 9319, 9410, 9465, 9475, 11839, 13010, 13897, 14062, 15166, 15251, 15320, 15367, 22757, 23462, 23495, 27049, 27057, 28482, 28866, 29168, 29169, 30280, 30333, 36528, 36825, 36845, 11205], "label": "wall"}, {"objectId": 4, "id": 4, "partId": 4, "index": 3, "dominantNormal": [0.42371994256973267, -0.9057932496070862, -2.0112650425276572e-16], "obb": {"axesLengths": [2.893914942946922, 1.5000000186264504, 0.33469984488553683], "centroid": [0.6030560755192735, 2.2779490431434044, -0.8200000399048613], "normalizedAxes": [0.9057932496070862, 0.4237199127674103, 9.408472062930834e-17, 0, -2.220446049250313e-16, 1, 0.4237199127674103, -0.9057932496070862, -2.0112650425276572e-16]}, "segments": [3152, 37647, 4386, 7491, 18351, 18354, 19151, 19179, 21582, 21950, 22308, 25514, 27177, 29647, 37637], "label": "wall"}, {"objectId": 5, "id": 5, "partId": 5, "index": 4, "dominantNormal": [0.9371704459190369, 0.34887179732322693, 7.746510040612152e-17], "obb": {"axesLengths": [0.6774659124367499, 0.957546987588398, 0.5647577366616892], "centroid": [-0.09927442968798317, 1.5427657126973977, -1.0416065242224959], "normalizedAxes": [-0.34887179732322693, 0.9371704459190369, 2.0809364141150796e-16, 0, -2.220446049250313e-16, 1, 0.9371704459190369, 0.34887179732322693, 7.746510040612152e-17]}, "segments": [19348, 38404, 18765, 38273, 24272, 25241, 2529, 2536, 2586, 2608, 2702, 5567, 5575, 5596, 7480, 8057, 17717, 17730, 17737, 17749, 17775, 23666, 25466, 25497, 25730, 25753, 26949, 26959, 28638, 29446, 29971, 30879, 31261, 35214, 35604, 37023, 37788, 38301, 39361, 39371, 39483], "label": "commode"}, {"objectId": 6, "id": 6, "partId": 6, "index": 5, "dominantNormal": [-0.5302349328994751, -0.8478507399559021, -1.8826068258890374e-16], "obb": {"axesLengths": [0.7589393949395016, 0.9296029598354627, 0.6853057142012822], "centroid": [0.29863157249863703, 1.7312215752367894, -1.029408523348826], "normalizedAxes": [0.8478507399559021, -0.5302349328994751, -1.1773580619311443e-16, 0, -2.220446049250313e-16, 1, -0.5302349328994751, -0.8478507399559021, -1.8826068258890374e-16]}, "segments": [21047, 25165, 27565, 21381, 21459, 21485, 21513, 21541, 21548, 21552, 21575, 21591, 21603, 24877, 24884, 24889, 24938, 25232, 25307, 25332, 25408, 27665, 27667, 27696, 27722, 29551, 35629, 37384, 37399, 37516, 37588, 37602, 37604, 37608, 21698, 21694, 25323, 21471, 23689, 23992, 24220, 29562, 37130, 38424, 38434, 23674, 24025, 37127, 24868, 39363, 39366], "label": "commode"}, {"objectId": 7, "id": 7, "partId": 7, "index": 6, "dominantNormal": [0.757889449596405, 0.652383029460907, 1.4485813203644215e-16], "obb": {"axesLengths": [0.6965637134734256, 0.9047600424715863, 0.5054122309250035], "centroid": [0.7107368358279866, 1.9347234618640394, -1.022380033200978], "normalizedAxes": [-0.652383029460907, 0.757889449596405, 1.6828526341248318e-16, 0, -2.220446049250313e-16, 1, 0.757889449596405, 0.652383029460907, 1.4485813203644215e-16]}, "segments": [24995, 24957, 23799, 37464, 19878, 19888, 19899, 19912, 19965, 19978, 19985, 19986, 20007, 20041, 20116, 21571, 23559, 23792, 24097, 24108, 24180, 29598, 35373, 35378, 35585, 35590], "label": "commode"}, {"objectId": 8, "id": 8, "partId": 8, "index": 7, "dominantNormal": [0.8542808294296265, 0.519811749458313, 1.1542139454386046e-16], "obb": {"axesLengths": [0.6571359691166005, 0.9737109920298082, 0.5858680787786381], "centroid": [1.1149810903569723, 2.1265820876131345, -1.0459945286658137], "normalizedAxes": [-0.519811749458313, 0.8542808294296265, 1.8968844926572947e-16, 0, -2.220446049250313e-16, 1, 0.8542808294296265, 0.519811749458313, 1.1542139454386046e-16]}, "segments": [26670, 29743, 26584, 22925, 21924, 37108, 1279, 19736, 19750, 19846, 19876, 19902, 19906, 19961, 21880, 21881, 21910, 21938, 21978, 22141, 22143, 22290, 22327, 22473, 22504, 22584, 22930, 22991, 23028, 23054, 23064, 23120, 23124, 23181, 23185, 23205, 25900, 26024, 26027, 26028, 26742, 26812, 26819, 27299, 27788, 28908, 28920, 29683, 35392, 35453, 35516, 35641, 35643, 37342, 39539, 39542], "label": "commode"}, {"objectId": 9, "id": 9, "partId": 9, "index": 8, "dominantNormal": [0.9360621571540833, 0.3518347442150116, 7.81230067781217e-17], "obb": {"axesLengths": [1.914234361415369, 0.8915069500020075, 0.7391107327730279], "centroid": [2.3285691488798537, 1.201642641266041, -0.9842464724421539], "normalizedAxes": [-0.3518347144126892, 0.9360621571540833, 2.0784755187055098e-16, 0, -2.220446049250313e-16, 1, 0.9360621571540833, 0.3518347144126892, 7.81230001606768e-17]}, "segments": [17135, 1009, 30360, 1826, 7408, 6151, 30241, 34040, 15230, 33622, 11594, 14036, 12057, 32688, 259, 333, 351, 354, 377, 408, 480, 508, 522, 533, 541, 567, 585, 624, 626, 905, 954, 970, 982, 3109, 3112, 3125, 3134, 3148, 3205, 3219, 3232, 3284, 3290, 3325, 3693, 3787, 3792, 3801, 3817, 4297, 6188, 6273, 6358, 7643, 9799, 10209, 10571, 11511, 11546, 11694, 11713, 11723, 12043, 12084, 12135, 12140, 12141, 12180, 12206, 12226, 12440, 12511, 12756, 12984, 13912, 13937, 13940, 13978, 13990, 14050, 14081, 14143, 14174, 14192, 14210, 15249, 15283, 15411, 15449, 17177, 17228, 29999, 30048, 30073, 30076, 30089, 30106, 30226, 30230, 30607, 30611, 30616, 30618, 30679, 30689, 30692, 30695, 30705, 30871, 31387, 31472, 31487, 31513, 32381, 32434, 32546, 32600, 32653, 32779, 32781, 32861, 32897, 33119, 33130, 33176, 33195, 33204, 33234, 33280, 33363, 33367, 33370, 33374, 33569, 33894, 34089, 34861, 35135, 35174, 39823, 39844, 39848, 39851, 31532, 2397, 31812], "label": "commode"}, {"objectId": 10, "id": 10, "partId": 10, "index": 9, "dominantNormal": [0.8566946983337402, 0.5158237814903259, 1.145358877719551e-16], "obb": {"axesLengths": [1.8352385223290886, 0.8841560285354547, 0.5136689031873122], "centroid": [2.187992578597493, 1.1204400017801568, -1.007922032864197], "normalizedAxes": [-0.5158237814903259, 0.8566946983337402, 1.9022443583288423e-16, 0, -2.220446049250313e-16, 1, 0.8566946983337402, 0.5158237814903259, 1.145358877719551e-16]}, "segments": [20911, 34486, 14250, 37, 47, 51, 54, 984, 1875, 1939, 2410, 3195, 3242, 9742, 9762, 9886, 9897, 9937, 9945, 9948, 10008, 10022, 10037, 10100, 10107, 10224, 10226, 10242, 10266, 10271, 10560, 11390, 11396, 11633, 11711, 11749, 11772, 11773, 11796, 11800, 11804, 11808, 11844, 11850, 11862, 11867, 11911, 11985, 11993, 12009, 12051, 12062, 12083, 12117, 12153, 12159, 12192, 12221, 12228, 12274, 12381, 12401, 12478, 12483, 12522, 12552, 12623, 12670, 12694, 12723, 12844, 12845, 13142, 13159, 13183, 13194, 13217, 13248, 13267, 13292, 13329, 13335, 13338, 13372, 13381, 13397, 13430, 13494, 13517, 13534, 13550, 13567, 13681, 13916, 14022, 14123, 14138, 14152, 14156, 14161, 14239, 14367, 14381, 14395, 14401, 14428, 14429, 14444, 14457, 14498, 14500, 14534, 14544, 14548, 14549, 14629, 14911, 14959, 15426, 15436, 15493, 15546, 15557, 15566, 15592, 15619, 15710, 15724, 15729, 15839, 15846, 15873, 15876, 15899, 15938, 15946, 15971, 16014, 16015, 16016, 16019, 16064, 16087, 16101, 16124, 16127, 16143, 16185, 16191, 16219, 16227, 16244, 16488, 16510, 16526, 16546, 28061, 29380, 29983, 29988, 30671, 32398, 32401, 32423, 32529, 32530, 32533, 32539, 32542, 32550, 32559, 32561, 32576, 32579, 32634, 32636, 32649, 32720, 32728, 32823, 32824, 32843, 32869, 32926, 32945, 32959, 32963, 32966, 32988, 32990, 32994, 33010, 33012, 33020, 33023, 33040, 33061, 33064, 33065, 33072, 33090, 33181, 33248, 33310, 33356, 33361, 33401, 33403, 33410, 33457, 33460, 33461, 33479, 33514, 33554, 33559, 33688, 33717, 33722, 33923, 33929, 34155, 34160, 34188, 34255, 34261, 34278, 34298, 34340, 34594, 34685, 35152], "label": "kitchen cabinet"}, {"objectId": 11, "id": 11, "partId": 11, "index": 10, "dominantNormal": [0.4591957628726959, -0.888335108757019, -1.9725001826498701e-16], "obb": {"axesLengths": [2.3290778114788417, 1.0870089884025826, 0.6821197108592031], "centroid": [-0.4595462987796537, -1.7123687569359065, -0.9464955138895914], "normalizedAxes": [0.888335108757019, 0.4591957926750183, 1.0196194836776103e-16, 0, -2.220446049250313e-16, 1, 0.4591957926750183, -0.888335108757019, -1.9725001826498701e-16]}, "segments": [21142, 22191, 37894, 5699, 5763, 7039, 7120, 7131, 7151, 7209, 7235, 7465, 7534, 7566, 7685, 9467, 9481, 9489, 9511, 9514, 9531, 9770, 9793, 11080, 11083, 11098, 11135, 11202, 11334, 11370, 11380, 11399, 11409, 11421, 11454, 11495, 13589, 19099, 20400, 20404, 22632, 26497, 26499, 26507, 30604, 30909, 30910, 30915, 30917, 31666, 31669, 31704, 31795, 32278, 32286, 32514, 35414, 35889, 35932, 38182, 38183, 25878, 5754, 5934, 12880, 14790, 22428, 23072, 36045, 36274, 36362, 37012, 37872, 23539, 22855, 22873, 22889, 22926, 22927, 22944, 22945, 22968, 23121, 35978, 36959, 36967, 36054, 30372, 6944], "label": "kitchen cabinet"}, {"objectId": 12, "id": 12, "partId": 12, "index": 11, "dominantNormal": [-0.13368092477321625, -0.9910244345664978, -2.2005162904437055e-16], "obb": {"axesLengths": [0.7907888326662577, 0.9268399865886567, 0.7614835718400305], "centroid": [0.8897887397750425, -1.0849642400036306, -1.0334200052595133], "normalizedAxes": [0.9910244345664978, -0.13368092477321625, -2.968312812728163e-17, 0, -2.220446049250313e-16, 1, -0.13368092477321625, -0.9910244345664978, -2.2005162904437055e-16]}, "segments": [23168, 28371, 26063, 26062, 22964, 36331, 23385, 7980, 8032, 8059, 12855, 13791, 22181, 22338, 25193, 25566, 26239, 29963, 31988, 33103, 35680, 35688, 35693, 35696, 36298, 36365, 36369, 37306, 37310, 39465, 35659, 8038], "label": "refrigerator"}, {"objectId": 13, "id": 13, "partId": 13, "index": 12, "dominantNormal": [0.4958527088165283, -0.8684066534042358, -1.9282501226941214e-16], "obb": {"axesLengths": [1.438812092988136, 0.9455799249057487, 0.7015672415136858], "centroid": [1.991325927866273, -0.5290726277503573, -1.0227899939385798], "normalizedAxes": [0.8684066534042358, 0.4958527386188507, 1.1010142544761752e-16, 0, -2.220446049250313e-16, 1, 0.4958527386188507, -0.8684066534042358, -1.9282501226941214e-16]}, "segments": [20644, 1606, 2856, 3715, 183, 1379, 1568, 1571, 1832, 1847, 1848, 1854, 2787, 2844, 2863, 2868, 2907, 2918, 2923, 2935, 2941, 2973, 3009, 3018, 11869, 13416, 16991, 29965, 30357, 30453, 30457, 30460, 30473, 30474, 30477, 30482, 30498, 99, 1396, 1749, 2279, 8837, 39795, 1419, 1652, 7010, 4934, 7847, 7913, 9285, 10903], "label": "kitchen cabinet"}, {"objectId": 14, "id": 14, "partId": 14, "index": 13, "dominantNormal": [0, -2.220446049250313e-16, 1], "obb": {"axesLengths": [0.6655301092460573, 0.45070998853348215, 0.635923733176731], "centroid": [-1.116041562434756, -2.0903088029638703, -0.7846450054794916], "normalizedAxes": [0.9271402955055237, 0.3747144341468811, 8.320331848985088e-17, 0, -2.220446049250313e-16, 1, 0.3747144341468811, -0.9271402955055237, -2.0586650062560079e-16]}, "segments": [35283, 31434, 31417, 8704, 4145, 4165, 4200, 4247, 4272, 8451, 8715, 22121, 22429, 22569, 22608, 30337, 30355, 31440, 35862, 35865, 4770, 31273, 4810, 4819, 4896, 4903, 7636, 7697, 8064, 8070, 8095, 8098, 30388, 30419, 30422, 31048, 31068, 31265, 31294, 31296, 35740, 5864, 5948, 5957, 7576, 22521, 22525, 22595, 30450, 31058, 35755, 35819, 35836, 4484, 4108, 6018, 8941, 30427, 30432, 30480, 35872, 22105], "label": "kitchen sink"}, {"objectId": 15, "id": 15, "partId": 15, "index": 14, "dominantNormal": [0, -2.220446049250313e-16, 1], "obb": {"axesLengths": [0.7035996029337697, 0.18342801518526616, 0.6992216370262563], "centroid": [-0.10076824587788302, -1.595089107401185, -0.5782860259792351], "normalizedAxes": [-0.4623194634914398, 0.886713445186615, 1.9688993661817533e-16, 0, -2.220446049250313e-16, 1, 0.886713445186615, 0.4623194634914398, 1.0265554262010919e-16]}, "segments": [17441, 17384, 36156, 17426, 35189, 12270, 19008, 19088, 10423, 35323, 9649, 10395, 10494, 11849, 19110, 20838, 20865, 35330, 35334, 35531, 35570, 12316, 32406, 5819], "label": "oven"}, {"objectId": 16, "id": 16, "partId": 16, "index": 15, "dominantNormal": [0, -2.220446049250313e-16, 1], "obb": {"axesLengths": [1.1826009674261622, 0.6337759949167966, 0.8089871320482325], "centroid": [2.0924465759378634, -0.6082809656800302, -0.8766920391162024], "normalizedAxes": [0.7991236448287964, 0.6011666655540466, 1.334858147470467e-16, 0, -2.220446049250313e-16, 1, 0.6011666655540466, -0.7991236448287964, -1.7744109400226113e-16]}, "segments": [5014, 31156, 5107, 5071, 3379, 4074, 4088, 4095, 4126, 4138, 4141, 4490, 4491, 5078, 5161, 5177, 5283, 5433, 7799, 8348, 8556, 8607, 8645, 8655, 8673, 8748, 30874, 30923, 30990, 30993, 30996, 31071, 31100, 31103, 31109, 31112, 31118, 31771, 32185, 32191, 32224, 32227, 3417, 31003, 30723, 2053, 3403, 3455, 3502, 4034, 4560, 30716, 30751, 30813, 31656, 2015, 3533, 7295, 32151, 8364, 32065, 32072, 31892, 32024, 4991, 31654, 32070, 32220, 7914, 5466, 3597, 5424, 5467, 5484, 30764, 31254, 31981, 32240, 32249, 32263, 32265, 8572, 7875, 32028, 2489, 2498, 2598, 2635, 2730, 2827, 2836, 2837, 2852, 4001, 4004, 4085, 7160, 7175, 7215, 7225, 7229, 7254, 7325, 30406, 30410, 30417, 31750, 31785, 32109, 1544, 2154, 2483, 2533, 2535, 2668, 2699, 2749, 3544, 3587, 8549, 30324, 30384, 30757, 30761, 32084, 32125, 32154, 2163, 2182, 2224, 30352, 31926, 4559, 39776, 39635, 29257, 207, 763, 30215, 7370, 666], "label": "kitchen sink"}, {"objectId": 17, "id": 17, "initialPoint": [0.9945015674113289, -1.256721040449428, -0.39320398440734916], "index": 16, "dominantNormal": [0, -2.220446049250313e-16, 1], "obb": {"axesLengths": [0.5034654672845115, 0.039999990761280246, 0.20137937265838426], "centroid": [0.9900643155806335, -1.254011204323814, -0.3900000237371022], "normalizedAxes": [0.8936266303062439, 0.4488111138343811, 9.96560864573184e-17, 0, -2.220446049250313e-16, 1, 0.4488111138343811, -0.8936266303062439, -1.9842497207683694e-16]}, "segments": [28121, 9422], "partId": 17, "label": "light"}], "scan_id": "75c259a1-9ca2-2844-973c-adc28f935d5d", "annId": "1242", "appId": "stk.v1"}