{"segGroups": [{"objectId": 27, "id": 27, "partId": 27, "index": 0, "dominantNormal": [0.9097415208816528, 0.4151751399040222, 9.218739991468321e-17], "obb": {"axesLengths": [2.287367417286097, 0.5600000494718534, 0.5429747385927959], "centroid": [2.7798202067589375, 2.9476582152099136, -0.8100000122189521], "normalizedAxes": [-0.4151751399040222, 0.9097415208816528, 2.0200319658806372e-16, 0, -2.220446049250313e-16, 1, 0.9097415208816528, 0.4151751399040222, 9.218739991468321e-17]}, "segments": [29980, 37270, 41511, 43208, 86788, 16866, 86859, 30553, 78915, 94491, 41863, 42525, 78102, 37175], "label": "windowsill"}, {"objectId": 28, "id": 28, "partId": 28, "index": 1, "dominantNormal": [0.8793311715126038, 0.4762107729911804, 1.0574003294987043e-16], "obb": {"axesLengths": [0.442206735952491, 1.5399999274313456, 0.14314150497892372], "centroid": [2.30082513804793, 3.9692211485700306, 0.11999997414648478], "normalizedAxes": [-0.4762107729911804, 0.8793311715126038, 1.9525074257678105e-16, 0, -2.220446049250313e-16, 1, 0.8793311715126038, 0.4762107729911804, 1.0574003294987043e-16]}, "segments": [10976, 11197, 5669, 2490, 2684, 2876, 2888, 84736, 15468], "label": "blinds"}, {"objectId": 30, "id": 30, "partId": 30, "index": 2, "dominantNormal": [0.4253096282482147, -0.9050478935241699, -2.009610019558061e-16], "obb": {"axesLengths": [0.908201659194745, 1.280000032186507, 0.7661863282582099], "centroid": [1.1003829412003858, -1.8479112266946234, -0.9300000292062753], "normalizedAxes": [0.9050478935241699, 0.4253096282482147, 9.443770837518677e-17, 0, -2.220446049250313e-16, 1, 0.4253096282482147, -0.9050478935241699, -2.009610019558061e-16]}, "segments": [12048, 12536, 9855, 11982, 12356, 12421, 12429, 12689, 12740, 13386, 13587, 13626, 14174, 14178, 14312, 14379, 15350, 15397, 86795, 87239, 87770, 87804, 87809, 87971, 88115, 12660, 10746, 12211, 12215, 12309, 12329, 12442, 12462, 12523, 13342, 13958, 13987, 14037, 14087, 15319, 15353, 15958, 86889, 87212, 87227, 87231, 87407, 87483, 87552, 12173, 13842, 12181, 12221, 12243, 12272, 12295, 12300, 12345, 13341, 13380, 15351, 15381, 86881, 86884, 87247, 87547, 87542, 14141, 11336, 9583, 13548, 87831, 87382, 9675, 11190, 12370, 13969, 14150, 87092, 87116, 87421, 87593, 87661, 11659, 63646, 63672, 13085, 9760, 9862, 9392, 9296, 9478, 63604, 11722, 96761, 55641, 96710, 63748, 63415, 61933], "label": "shelf"}, {"objectId": 31, "id": 31, "partId": 31, "index": 3, "dominantNormal": [0.10889288038015366, -0.9940534830093384, -2.2072421290915986e-16], "obb": {"axesLengths": [0.5972161433293309, 0.8510699677973244, 0.5407147857394632], "centroid": [1.382759810133865, 0.15285041967950272, -1.1484449826528509], "normalizedAxes": [0.9940534830093384, 0.10889288038015366, 2.4179076603159912e-17, 0, -2.220446049250313e-16, 1, 0.10889288038015366, -0.9940534830093384, -2.2072421290915986e-16]}, "segments": [67655, 73239, 101006, 65080, 67469, 66958, 100769, 66746, 65071, 58575, 58594, 58749, 63989, 66622, 66625, 66638, 66642, 66655, 66689, 66705, 66707, 66711, 66764, 66774, 66817, 66869, 66877, 66901, 66951, 67383, 67389, 72545, 72925, 72967, 72998, 73018, 73026, 73037, 73040, 73050, 73124, 73125, 73325, 73362, 73373, 73386, 73424, 73481, 73494, 73540, 73576, 73581, 73614, 73615, 73626, 73683, 73696, 73701, 100724, 100737, 100741, 100812, 100834, 100984, 100994, 103341, 103897, 103902, 103905, 103910, 103916, 103973, 103978, 103980, 103989, 104125, 65094, 101023, 58633, 72980, 73395, 64987, 100867, 100925, 27443, 64973, 66728, 66983, 66992, 67095, 70750, 73093, 73119, 73237, 100931, 102663, 102675], "label": "drawer"}, {"objectId": 32, "id": 32, "partId": 32, "index": 4, "dominantNormal": [0.5237294435501099, -0.851884663105011, -1.8915639346084556e-16], "obb": {"axesLengths": [1.318401655402294, 0.7435210180985696, 0.6097747659144862], "centroid": [-1.7151333309361192, 1.9703684768621663, -1.1982395362502443], "normalizedAxes": [0.851884663105011, 0.5237294435501099, 1.1629129738069063e-16, 0, -2.220446049250313e-16, 1, 0.5237294435501099, -0.851884663105011, -1.8915639346084556e-16]}, "segments": [16456, 15576, 8340, 6353, 8877, 8989, 5118, 8866, 8368, 8217, 8215, 6336, 5166, 3564, 3677, 5085, 5162, 19179, 5982, 8206, 6015, 86940, 85923], "label": "table"}, {"objectId": 33, "id": 33, "partId": 33, "index": 5, "dominantNormal": [0.6661965250968933, -0.7457762360572815, -1.6559558969781596e-16], "obb": {"axesLengths": [1.2520855377071707, 0.7342859938527787, 0.6676311013293694], "centroid": [-1.7312488404973547, 1.911397982605401, -1.2557670174740176], "normalizedAxes": [0.7457762360572815, 0.6661965250968933, 1.4792534421756838e-16, 0, -2.220446049250313e-16, 1, 0.6661965250968933, -0.7457762360572815, -1.6559558969781596e-16]}, "segments": [8461, 88566, 9103, 4752, 4716, 5395, 6052, 6132, 8514, 8537, 8576, 8580, 8583, 8643, 8646, 8690, 11370, 16544, 85519, 85952, 85957, 85961, 85995, 88580, 11561, 5452, 5485, 7068, 7120, 7160, 7206, 8562, 8710, 8740, 11546, 18178, 18247, 18310, 85523, 85967, 86037, 86758, 88962, 4861, 6514, 6978, 85730, 9067, 6940, 16500, 86107, 9106, 85800, 8770, 5071, 6863, 8708, 18186], "label": "shelf"}, {"objectId": 34, "id": 34, "partId": 34, "index": 6, "dominantNormal": [0.9980744123458862, -0.06202777847647667, -1.3772933566186622e-17], "obb": {"axesLengths": [0.8144140392718707, 0.7118150432747213, 0.5921801644811393], "centroid": [-2.3431022465142854, 1.5450216370646543, -0.8340925369242018], "normalizedAxes": [0.06202777847647667, 0.9980744123458862, 2.216170385751251e-16, 0, -2.220446049250313e-16, 1, 0.9980744123458862, -0.06202777847647667, -1.3772933566186622e-17]}, "segments": [4048, 22901, 90024, 2479, 2495, 4063, 22696, 22741, 22770, 22821, 22822, 89808, 89809, 89869, 89872, 23667, 3309, 3936, 3958, 4007, 89907, 22697, 4149, 3839, 22680, 2517, 4249, 4235, 4260, 4298, 4299, 4328, 4402, 4379, 2563, 2715, 4228, 4407, 4420, 4449, 85465, 727, 7845, 7852, 84949, 84952, 85403], "label": "shelf"}, {"objectId": 35, "id": 35, "partId": 35, "index": 7, "dominantNormal": [0.888029932975769, -0.4597856402397156, -1.0209292083723022e-16], "obb": {"axesLengths": [0.6620656740636147, 1.009846903163636, 0.5875350956192585], "centroid": [-0.427683155187605, -1.0832981055463116, -1.0521864935267011], "normalizedAxes": [0.4597856104373932, 0.888029932975769, 1.9718225562920667e-16, 0, -2.220446049250313e-16, 1, 0.888029932975769, -0.4597856104373932, -1.0209291421978532e-16]}, "segments": [95273, 45287, 45117, 45118, 45145, 45148, 48299, 45086, 45135, 45182, 45185, 45288, 45377, 45378, 45401, 45419, 45421, 61767, 95287, 95289, 95294, 95296, 95343, 95345, 95347, 97647, 95298, 95307, 33725, 95335, 45146, 45198, 45233, 61776, 95326, 95339, 33619, 91977, 91969, 34340, 33657, 81458, 30600, 107388, 30608, 30609, 30619, 33637, 48278, 48282, 48287, 60854, 61826, 61846, 91059, 91062, 92006, 34257, 34284, 34246, 78221, 95149, 95167, 44681, 92010, 44575, 95141, 47169, 34822, 44513, 44514, 44518, 44565, 44629, 44642, 44664, 95099, 95101, 95106, 95157, 95172, 96302, 96307, 96310, 96316, 96342, 48381], "label": "chair"}, {"objectId": 37, "id": 37, "partId": 37, "index": 8, "dominantNormal": [0, -2.220446049250313e-16, 1], "obb": {"axesLengths": [0.7677818014611392, 0.32236003155201587, 0.5283454210313963], "centroid": [-0.9938299858690014, 0.18775650244491227, -1.4354000050112603], "normalizedAxes": [-0.05118760094046593, 0.9986890554428101, 2.2175351675875145e-16, 0, -2.220446049250313e-16, 1, 0.9986890554428101, 0.05118760094046593, 1.1365930627885918e-17]}, "segments": [47874, 46399, 96238, 44891, 96171, 46335, 47988, 72612, 71371, 45016, 95984, 46255, 45030, 44870, 44811, 44818, 44861, 44885, 44925, 44988, 45058, 46237, 46476, 46519, 46624, 46750, 46887, 46929, 47034, 47855, 47889, 47907, 47939, 47948, 47963, 47965, 72540, 95234, 95264, 95268, 95272, 95968, 96024, 96059, 96094, 96190, 96194, 96279, 96281, 96493, 96497, 96506, 96510, 96514, 96520, 99992, 100007, 100347], "label": "bag"}, {"objectId": 38, "id": 38, "partId": 38, "index": 9, "dominantNormal": [0.9045066833496094, 0.4264594614505768, 9.469302263433494e-17], "obb": {"axesLengths": [0.420701667578501, 0.31832402233055196, 0.2977586728012635], "centroid": [0.7374897579544009, 1.4637005630612359, -0.9518280393966732], "normalizedAxes": [-0.4264594614505768, 0.9045066833496094, 2.008408291564144e-16, 0, -2.220446049250313e-16, 1, 0.9045066833496094, 0.4264594614505768, 9.469302263433494e-17]}, "segments": [47357, 96392, 47254, 47262, 96364, 96365, 47358, 28453, 47252, 28456, 46861], "label": "box"}, {"objectId": 39, "id": 39, "partId": 39, "index": 10, "dominantNormal": [0, -2.220446049250313e-16, 1], "obb": {"axesLengths": [0.9554621194103207, 0.27345895155983513, 0.8063731656273017], "centroid": [0.8960784221530687, 2.734159826044955, -1.0858705080478528], "normalizedAxes": [0.9113534092903137, -0.4116247892379761, -9.139906370369568e-17, 0, -2.220446049250313e-16, 1, -0.4116247892379761, -0.9113534092903137, -2.0236110771294807e-16]}, "segments": [38166, 93273, 38221, 38578, 103007, 42568, 44110, 102995, 40843, 93319, 42283, 93817, 38249, 39802, 93811], "label": "blanket"}, {"objectId": 40, "id": 40, "partId": 40, "index": 11, "dominantNormal": [0, -2.220446049250313e-16, 1], "obb": {"axesLengths": [0.780818770187567, 0.22469502185221701, 0.44404664590404286], "centroid": [-0.39941088043425643, 2.1218522821056642, -1.0976525281149332], "normalizedAxes": [-0.5021886229515076, 0.8647581338882446, 1.920148781949226e-16, 0, -2.220446049250313e-16, 1, 0.8647581338882446, 0.5021886229515076, 1.11508274381113e-16]}, "segments": [38777, 23606, 92841, 23615, 23555, 24239], "label": "blanket"}, {"objectId": 41, "id": 41, "partId": 41, "index": 12, "dominantNormal": [0.6240421533584595, -0.7813906669616699, -1.735035819376107e-16], "obb": {"axesLengths": [0.4747562212601205, 0.30000000521540615, 0.13338123852965758], "centroid": [0.8869946305786147, 3.261537604513659, -0.859999993219972], "normalizedAxes": [0.7813906669616699, 0.6240421533584595, 1.3856519339904493e-16, 0, -2.220446049250313e-16, 1, 0.6240421533584595, -0.7813906669616699, -1.735035819376107e-16]}, "segments": [93033, 92754], "label": "pillow"}, {"objectId": 42, "id": 42, "partId": 42, "index": 13, "dominantNormal": [0.44251516461372375, -0.8967610001564026, -1.9912094199190435e-16], "obb": {"axesLengths": [0.5763824815155977, 0.23392003251790916, 0.10800667264380213], "centroid": [-0.5627466771465572, 2.5129260579691963, -0.9069600479984277], "normalizedAxes": [0.8967610001564026, 0.44251516461372375, 9.825810489998949e-17, 0, -2.220446049250313e-16, 1, 0.44251516461372375, -0.8967610001564026, -1.9912094199190435e-16]}, "segments": [44482, 95084, 45786], "label": "pillow"}, {"objectId": 43, "id": 43, "partId": 43, "index": 14, "dominantNormal": [0.4848918914794922, -0.8745741248130798, -1.9419446602177533e-16], "obb": {"axesLengths": [0.6678043940235564, 0.2858330543525578, 0.2853994991670246], "centroid": [0.1325887515643428, 2.721334053902044, -1.0600635153786055], "normalizedAxes": [0.8745741248130798, 0.4848918914794922, 1.07667628474915e-16, 0, -2.220446049250313e-16, 1, 0.4848918914794922, -0.8745741248130798, -1.9419446602177533e-16]}, "segments": [42342], "label": "pillow"}, {"objectId": 45, "id": 45, "partId": 45, "index": 15, "dominantNormal": [0, -2.220446049250313e-16, 1], "obb": {"axesLengths": [0.7657489460383364, 0.6397299623549735, 0.8257410165378715], "centroid": [1.8103114813231915, 2.7788552164113978, -1.3338149767261378], "normalizedAxes": [0.9445125460624695, -0.32847538590431213, -7.293618729072019e-17, 0, -2.220446049250313e-16, 1, -0.32847538590431213, -0.9445125460624695, -2.0972391513717647e-16]}, "segments": [102233, 69371, 26988, 27061, 27087, 27089, 102256, 103692, 27070, 27104, 70582, 70595, 71896, 102224, 103737, 103655, 103732, 103679, 27144, 27243, 69470, 70388, 90728, 90731, 90751, 70499, 27013, 67895, 70518, 67864, 26243, 26335, 27057, 50207, 67838, 67899, 67951, 70454, 101054, 103526, 26251, 66457, 66502, 72728, 72783, 72847, 72898, 73190, 103404, 103418, 103427, 103430, 72874, 50226, 26239, 26339, 26361, 67932, 70623, 72717, 72777, 69450, 28006], "label": "box"}, {"objectId": 46, "id": 46, "partId": 46, "index": 16, "dominantNormal": [0, -2.220446049250313e-16, 1], "obb": {"axesLengths": [0.782955508634705, 0.34982097857100547, 0.44922693585680734], "centroid": [1.6709627504089903, 3.6478800825331983, 0.4049104603772502], "normalizedAxes": [0.9697578549385071, 0.24406908452510834, 5.4194223447791753e-17, 0, -2.220446049250313e-16, 1, 0.24406908452510834, -0.9697578549385071, -2.1532949977276663e-16]}, "segments": [85066, 6873, 7238, 7892, 6375, 7380, 7553, 7974, 7995, 85136, 85172, 85205, 8389, 8320, 8492, 8500, 85295, 86140, 86147, 86153, 86254, 6725, 85246, 6546, 7489, 7765, 13334, 6421, 8287, 12412, 7290], "label": "clothes"}, {"objectId": 47, "id": 47, "partId": 47, "index": 17, "dominantNormal": [0.9999486207962036, -0.010135038755834103, -2.250430676439064e-18], "obb": {"axesLengths": [0.43309867234161203, 0.6325880147683316, 0.25936250083850826], "centroid": [2.2406571666265425, 3.965641521654048, -0.5337060253983883], "normalizedAxes": [0.010135039687156677, 0.9999486207962036, 2.2203319645002298e-16, 0, -2.220446049250313e-16, 1, 0.9999486207962036, -0.010135039687156677, -2.2504308832342173e-18]}, "segments": [15872, 15832, 86608, 86657, 86727, 19798, 16379, 16288, 11420, 11100, 11431, 11511, 11543, 16399, 17222], "label": "clutter"}, {"objectId": 48, "id": 48, "partId": 48, "index": 18, "dominantNormal": [0.875074028968811, 0.4839891493320465, 1.0746717945143625e-16], "obb": {"axesLengths": [0.8045363859276106, 0.7529699634096776, 0.17145762716086282], "centroid": [3.08951013002214, 2.4867283985975934, -1.226485014487393], "normalizedAxes": [-0.4839891493320465, 0.875074028968811, 1.9430546704253505e-16, 0, -2.220446049250313e-16, 1, 0.875074028968811, 0.4839891493320465, 1.0746717945143625e-16]}, "segments": [41227, 92270, 83831, 81362, 84488, 40950], "label": "wall"}, {"objectId": 49, "id": 49, "partId": 49, "index": 19, "dominantNormal": [0.715728223323822, 0.6983789205551147, 1.5507127150263028e-16], "obb": {"axesLengths": [0.29079217067251095, 0.7335559710810485, 0.261159231346917], "centroid": [3.20478878799826, 2.059831577783859, -0.5232220082009884], "normalizedAxes": [-0.6983789205551147, 0.715728223323822, 1.5892359058163264e-16, 0, -2.220446049250313e-16, 1, 0.715728223323822, 0.6983789205551147, 1.5507127150263028e-16]}, "segments": [34607, 36037, 90773, 93699, 90781, 90778, 24380, 90357, 24373, 24342], "label": "curtain"}, {"objectId": 50, "id": 50, "partId": 50, "index": 20, "dominantNormal": [0, -2.220446049250313e-16, 1], "obb": {"axesLengths": [1.2579036418896372, 0.21155797962342238, 0.2908169265656039], "centroid": [2.9875331574922805, 2.7429648792445205, -0.9098410086369293], "normalizedAxes": [-0.2782893180847168, 0.9604973196983337, 2.13273247883968e-16, 0, -2.220446049250313e-16, 1, 0.9604973196983337, 0.2782893180847168, 6.179264168897731e-17]}, "segments": [42740, 42599, 36979, 29859, 94319, 43278, 94292], "label": "window"}, {"objectId": 54, "id": 54, "partId": 54, "index": 23, "dominantNormal": [0.7458366751670837, 0.6661288738250732, 1.4791032261764442e-16], "obb": {"axesLengths": [0.3613179456941583, 0.29578995043508804, 0.12959830503913786], "centroid": [2.272222849859455, 3.527152859222912, -1.4547849847796936], "normalizedAxes": [-0.6661288738250732, 0.7458366751670837, 1.6560900987607402e-16, 0, -2.220446049250313e-16, 1, 0.7458366751670837, 0.6661288738250732, 1.4791032261764442e-16]}, "segments": [103855, 80627], "label": "bag"}, {"objectId": 56, "id": 56, "partId": 56, "index": 24, "dominantNormal": [0.40646037459373474, -0.9136683940887451, -2.0287513759792322e-16], "obb": {"axesLengths": [0.6528148369612689, 0.5591109270056127, 0.38216984422856387], "centroid": [1.9674629241621278, 1.7891903010212753, -0.9160644784704342], "normalizedAxes": [0.9136683940887451, 0.40646040439605713, 9.025233991179096e-17, 0, -2.220446049250313e-16, 1, 0.40646040439605713, -0.9136683940887451, -2.0287513759792322e-16]}, "segments": [68926, 101531, 101430, 69066, 68578, 102054, 58231, 101961, 58245, 101924, 69044], "label": "clothes"}, {"objectId": 57, "id": 57, "partId": 57, "index": 25, "dominantNormal": [0, -2.220446049250313e-16, 1], "obb": {"axesLengths": [0.26536936325845933, 0.0689400419084718, 0.2101269888367257], "centroid": [0.4727172666770344, 1.3792594453642824, -1.0813400187043842], "normalizedAxes": [0.8727161884307861, 0.488227903842926, 1.0840837202217868e-16, 0, -2.220446049250313e-16, 1, 0.488227903842926, -0.8727161884307861, -1.9378192127179309e-16]}, "segments": [91310], "label": "book"}, {"objectId": 58, "id": 58, "partId": 58, "index": 26, "dominantNormal": [-0.18721267580986023, -0.9823194146156311, -2.1811872632851583e-16], "obb": {"axesLengths": [0.17417862468992495, 0.18925401145397092, 0.13434536026249796], "centroid": [-0.5401089068081217, 2.1688732069206935, -0.2237360259800556], "normalizedAxes": [0.9823194146156311, -0.18721267580986023, -4.156956463715838e-17, 0, -2.220446049250313e-16, 1, -0.18721267580986023, -0.9823194146156311, -2.1811872632851583e-16]}, "segments": [97441, 51731, 97414, 51701, 51782], "label": "lamp"}, {"objectId": 59, "id": 59, "partId": 59, "index": 27, "dominantNormal": [0.9240381717681885, -0.3823002576828003, -8.488770967991506e-17], "obb": {"axesLengths": [0.39750075563447407, 0.4639900819065404, 0.3491892655702037], "centroid": [0.4030478210847055, 0.7622134477162401, -1.338005004346259], "normalizedAxes": [0.3823002576828003, 0.9240381717681885, 2.0517769078591563e-16, 0, -2.220446049250313e-16, 1, 0.9240381717681885, -0.3823002576828003, -8.488770967991506e-17]}, "segments": [94587, 93792, 39404, 30706, 33544, 39104, 39137, 39141, 39173, 39191, 39222, 39251, 39357, 39390, 39436, 39542, 39544, 39613, 92941, 92987, 93006, 94719, 94745, 30734, 39113, 43750, 39081, 39205, 39211, 39266, 39485, 43802, 43807, 92931, 94716, 43762, 30767, 43809, 39392], "label": "trash can"}, {"objectId": 60, "id": 60, "partId": 60, "index": 28, "dominantNormal": [0.964911937713623, 0.2625737190246582, 5.830307770452641e-17], "obb": {"axesLengths": [0.16067746299038846, 0.15184396165958125, 0.10173303106887195], "centroid": [1.312079997339255, 0.19414829207639267, -0.5191640123166739], "normalizedAxes": [-0.2625737190246582, 0.964911937713623, 2.1425348999706785e-16, 0, -2.220446049250313e-16, 1, 0.964911937713623, 0.2625737190246582, 5.830307770452641e-17]}, "segments": [98251, 98241, 98278, 57225], "label": "item"}, {"objectId": 61, "id": 61, "partId": 61, "index": 29, "dominantNormal": [0, -2.220446049250313e-16, 1], "obb": {"axesLengths": [0.8090670980241635, 0.18158006262227744, 0.5231402362185696], "centroid": [0.8199081418541525, -1.6810582837459527, -1.4807900138767807], "normalizedAxes": [0.49843764305114746, 0.8669255375862122, 1.9249613849275086e-16, 0, -2.220446049250313e-16, 1, 0.8669255375862122, -0.49843764305114746, -1.1067538953105581e-16]}, "segments": [66359, 100637, 100687], "label": "box"}, {"objectId": 63, "id": 63, "partId": 63, "index": 30, "dominantNormal": [0.9722709655761719, 0.23385727405548096, 5.1926746026494043e-17], "obb": {"axesLengths": [0.4628481132713754, 0.2917600804918985, 0.2846256154601376], "centroid": [-0.8615638445447438, -1.6115634669986854, -1.4558799816843873], "normalizedAxes": [-0.23385725915431976, 0.9722709655761719, 2.158875224314398e-16, 0, -2.220446049250313e-16, 1, 0.9722709655761719, 0.23385725915431976, 5.192674271777159e-17]}, "segments": [59859, 61934, 60538, 97565, 59298, 59441, 59352, 59343], "label": "backpack"}, {"objectId": 65, "id": 65, "partId": 65, "index": 31, "dominantNormal": [0, -2.220446049250313e-16, 1], "obb": {"axesLengths": [0.828412301309682, 0.6270770290402239, 0.6478748239475576], "centroid": [-2.0690050599663214, 1.3778959099269144, -1.2964614917383754], "normalizedAxes": [0.9610686302185059, 0.27630969882011414, 6.135307791146663e-17, 0, -2.220446049250313e-16, 1, 0.27630969882011414, -0.9610686302185059, -2.1340010430270914e-16]}, "segments": [96981, 2628, 3342, 3389, 3415, 6505, 6630, 7125, 7127, 7395, 7397, 7807, 8187, 8513, 84854, 84857, 85207, 85210, 7629, 2651, 2680, 2686, 2700, 2823, 3432, 3439, 3516, 3520, 3539, 3540, 6474, 6510, 6900, 7504, 7518, 84861, 84886, 85274, 85819, 85895, 2797, 85103, 85108, 85120, 85125, 85127, 2751, 10281, 2794, 2821, 2834, 3018, 7875, 85110, 86322, 2721, 2740, 2796, 4398, 5598, 86433, 77303, 3072, 86418, 10364, 10352, 3099, 3097], "label": "chair"}, {"objectId": 66, "id": 66, "partId": 66, "index": 32, "dominantNormal": [0.9962313175201416, 0.08673585206270218, 1.9259228004098667e-17], "obb": {"axesLengths": [0.20195864054766952, 0.7782700483887628, 0.14573731571443324], "centroid": [-1.077957707867173, 1.842658418691337, -1.1808650211051477], "normalizedAxes": [-0.08673585951328278, 0.9962313175201416, 2.2120778931270326e-16, 0, -2.220446049250313e-16, 1, 0.9962313175201416, 0.08673585951328278, 1.9259229658459892e-17]}, "segments": [19340, 88481, 16347, 16269, 19308, 88415, 15854, 16375, 89233, 89237, 15858, 15910, 19402], "label": "humidifier"}, {"objectId": 69, "id": 69, "partId": 69, "index": 35, "dominantNormal": [0.41193631291389465, -0.9112126231193542, -2.0232984690323846e-16], "obb": {"axesLengths": [0.9273145851714745, 0.7667400069518382, 0.3010833845563856], "centroid": [2.035754909567382, 0.3134343800113475, -1.173370035215392], "normalizedAxes": [0.9112126231193542, 0.41193631291389465, 9.146823585523981e-17, 0, -2.220446049250313e-16, 1, 0.41193631291389465, -0.9112126231193542, -2.0232984690323846e-16]}, "segments": [64551, 63109, 56972, 72067, 72032, 103219, 106458, 56884, 56990, 62312, 62345, 62356, 62360, 62426, 62523, 62642, 62864, 62894, 62936, 62962, 62978, 63007, 63066, 63089, 63115, 63126, 63137, 63151, 63182, 63185, 63188, 64069, 64119, 64214, 64240, 64243, 64246, 64260, 64279, 64292, 64311, 64316, 64376, 64382, 64435, 64467, 64490, 64610, 64722, 64746, 64761, 65632, 65671, 65840, 65854, 66553, 71960, 71992, 71998, 72007, 72016, 72057, 72058, 72061, 72074, 72080, 72103, 72129, 72163, 72300, 72312, 72394, 72396, 72434, 72445, 72578, 98193, 99470, 99471, 99481, 99483, 99488, 99498, 99561, 99575, 99602, 99607, 99609, 100023, 100054, 100058, 100097, 100146, 100158, 100352, 103035, 103043, 103049, 103092, 103096, 103099, 103248, 103262, 64441, 63224, 64363, 64368, 64386, 64460, 72064, 72139, 72414, 72442, 72472, 73112, 100129, 100162, 103281, 103307], "label": "tv"}, {"objectId": 70, "id": 70, "partId": 70, "index": 36, "dominantNormal": [0, -2.220446049250313e-16, 1], "obb": {"axesLengths": [0.35532653535154507, 0.18691002904824838, 0.27737761015561435], "centroid": [2.1055288812413373, 0.5029526612428519, -1.4765450307754047], "normalizedAxes": [0.8883342742919922, 0.45919737219810486, 1.0196229909234075e-16, 0, -2.220446049250313e-16, 1, 0.45919737219810486, -0.8883342742919922, -1.972498329765298e-16]}, "segments": [62442, 62609, 62449, 62484, 62507, 62514, 62574, 62575, 62598, 62602, 62657, 62662, 65781, 65843, 99479, 99500, 99503, 99508, 62622], "label": "console"}, {"objectId": 71, "id": 71, "partId": 71, "index": 37, "dominantNormal": [0.7945407032966614, 0.6072108745574951, 1.3482789874730175e-16], "obb": {"axesLengths": [0.2848976687326547, 0.3600000062584874, 0.3136194994124624], "centroid": [1.1203622273591503, -0.002297926968999886, -1.4100000226497644], "normalizedAxes": [0.7945407032966614, 0.6072108745574951, 1.3482789874730175e-16, 0, -2.220446049250313e-16, 1, 0.6072108745574951, -0.7945407032966614, -1.764234765603637e-16]}, "segments": [27612, 73632, 73723, 104129, 27479, 27552, 27610, 67721, 73259, 73269, 73306, 73348, 73443, 73500, 73668, 73720, 103891, 103893, 103949, 103984, 104055, 73764], "label": "object"}, {"objectId": 72, "id": 72, "partId": 72, "index": 38, "dominantNormal": [0, -2.220446049250313e-16, 1], "obb": {"axesLengths": [0.39262711236829734, 0.20359898834826812, 0.23349239023226293], "centroid": [0.5184019263082497, -2.2282280639321, 0.11465846584010508], "normalizedAxes": [0.9998904466629028, 0.014802024699747562, 3.2867097265460027e-18, 0, -2.220446049250313e-16, 1, 0.014802024699747562, -0.9998904466629028, -2.2202027919757735e-16]}, "segments": [117, 49883, 98090, 98099, 55617, 26842, 55608, 98077, 98087, 55106, 55130, 97867, 98081], "label": "lamp"}, {"objectId": 1, "id": 1, "partId": 1, "index": 40, "dominantNormal": [0, -2.220446049250313e-16, 1], "obb": {"axesLengths": [6.03900572055507, 0.48000000834464956, 4.74938288797349], "centroid": [0.7091282309338809, 0.8043931547248574, -1.590000025779008], "normalizedAxes": [0.7761958241462708, 0.6304919123649597, 1.3999732758950494e-16, 0, -2.220446049250313e-16, 1, 0.6304919123649597, -0.7761958241462708, -1.7235009511701777e-16]}, "segments": [25742, 78507, 26936, 1342, 1510, 1514, 1585, 1602, 1619, 2117, 2129, 2130, 2167, 2198, 2216, 7674, 9413, 9769, 9778, 9935, 9961, 9982, 10006, 10068, 10075, 10084, 10086, 10145, 10152, 10180, 10186, 10209, 10670, 15498, 17516, 17652, 17669, 18101, 18418, 18463, 20249, 20578, 20590, 20613, 20614, 20617, 20633, 20647, 20731, 20752, 20892, 20915, 20947, 20958, 20978, 20990, 21037, 21040, 21043, 21091, 21315, 21413, 21436, 21493, 21506, 21515, 21517, 21536, 21575, 21758, 21766, 21778, 21781, 21805, 22089, 22158, 22166, 22206, 22209, 22275, 22316, 22326, 22327, 22343, 22349, 22354, 22360, 22564, 22582, 22624, 22927, 23308, 23532, 23535, 23811, 23864, 23877, 23893, 23908, 24449, 24488, 24524, 24545, 24556, 24558, 24585, 24595, 25288, 25790, 25926, 26041, 26421, 26497, 26507, 26685, 26700, 26737, 26782, 26836, 27011, 27235, 27325, 27358, 27362, 27394, 27935, 27991, 28066, 28108, 28148, 28764, 30861, 30886, 30920, 30938, 30940, 30953, 30984, 30995, 31007, 31057, 31068, 31099, 31112, 31463, 31477, 31529, 31554, 31644, 31680, 31685, 31693, 34901, 35218, 35380, 37624, 39416, 39458, 39477, 39573, 39602, 39645, 39650, 39661, 40682, 42453, 44423, 44738, 44783, 44792, 45796, 46009, 46015, 47044, 47188, 47570, 47639, 47799, 47827, 47846, 48637, 48671, 48692, 48700, 48705, 48730, 48748, 48792, 50153, 50175, 50218, 52681, 52750, 54364, 54371, 54384, 54389, 54390, 54398, 54510, 54513, 54525, 54532, 54534, 54540, 54544, 54555, 54562, 54603, 54607, 55215, 55267, 55278, 55286, 55964, 56177, 56179, 56504, 57278, 57298, 57310, 57314, 57974, 59037, 59045, 59304, 59370, 59404, 59407, 59463, 59530, 59536, 59633, 59966, 59970, 60039, 60041, 60047, 60072, 60226, 60240, 60393, 61081, 61116, 61118, 61159, 61299, 61356, 61481, 61516, 61552, 61556, 61733, 61749, 61792, 62074, 62107, 62116, 62165, 62166, 62205, 62206, 62559, 62672, 62738, 64572, 64675, 64689, 64707, 64716, 64740, 64744, 64784, 64802, 64816, 64817, 64820, 64850, 64874, 64912, 65316, 65353, 65389, 65861, 66010, 66016, 66402, 66533, 67212, 67213, 67216, 67260, 67274, 67286, 67290, 67335, 67444, 67467, 67496, 67581, 67875, 67941, 68081, 68181, 68199, 68309, 70244, 71321, 71588, 72677, 73114, 74920, 74929, 74930, 74941, 76589, 76592, 76761, 76804, 76834, 79458, 79471, 79481, 79494, 79512, 80482, 81378, 81955, 81965, 81971, 81983, 81989, 82013, 82014, 82021, 82088, 83068, 84538, 84771, 84773, 84801, 84808, 84812, 84821, 84822, 84825, 84829, 84831, 84837, 84852, 84933, 84936, 84958, 86286, 86319, 89252, 89500, 89529, 89531, 89539, 89555, 89583, 89608, 89611, 89617, 89630, 89631, 89635, 89645, 89668, 89685, 89694, 89785, 89790, 89799, 90058, 90228, 90809, 90844, 90848, 90861, 91184, 91189, 91194, 93032, 93199, 95109, 95173, 95177, 96000, 96464, 96639, 96688, 96696, 96701, 96704, 96785, 97488, 97586, 97590, 97592, 97631, 97637, 97673, 97684, 97689, 97693, 97702, 97719, 97810, 97814, 97819, 97822, 97831, 97833, 97838, 97840, 98110, 98202, 98203, 98214, 98215, 98218, 98246, 98290, 98327, 98584, 98586, 98726, 98728, 98734, 98811, 98813, 98815, 98817, 98818, 98897, 98908, 98912, 98916, 98919, 98947, 98949, 98952, 98960, 98973, 98975, 99063, 99377, 99379, 99392, 99439, 99446, 99456, 100425, 100434, 100492, 100534, 100539, 100975, 100980, 101090, 101503, 101505, 101649, 101651, 102941, 103352, 103357, 103359, 103618, 105990, 105995, 106015, 106016, 106020, 106743, 106767, 107507, 107510, 107513, 107534, 107535, 107538, 107539, 107674, 108080, 108082, 108421, 108474, 109233, 109319, 109322, 109447, 41190, 108898, 109086, 58434, 59277, 59901, 61441, 61955, 65992, 66062, 66143, 66150, 66251, 66337, 66368, 66391, 85168, 98190, 98627, 98667, 98681, 98723, 7172, 79443, 80509, 79559, 60568, 56098, 13508, 144, 101443, 75201, 74701, 101638, 11956, 107614, 10626, 107931, 50346, 30927, 65395, 56197], "label": "floor"}, {"objectId": 2, "id": 2, "partId": 2, "index": 41, "dominantNormal": [0.8915596008300781, 0.4529034495353699, 1.0056476752126506e-16], "obb": {"axesLengths": [1.918645483161734, 2.5000000037252894, 0.2089042986301531], "centroid": [1.7256279795563993, -0.894407566000317, -0.3400000239163634], "normalizedAxes": [-0.4529034197330475, 0.8915596008300781, 1.9796599933343331e-16, 0, -2.220446049250313e-16, 1, 0.8915596008300781, 0.4529034197330475, 1.0056476090382016e-16]}, "segments": [51084, 65017, 92290, 17619, 23958, 48239, 48270, 64941, 92288, 98992, 99045], "label": "wall"}, {"objectId": 3, "id": 3, "partId": 3, "index": 42, "dominantNormal": [0.8866444230079651, 0.46245184540748596, 1.0268493731035687e-16], "obb": {"axesLengths": [0.7178412201599123, 1.9799999748170372, 0.048237024864395], "centroid": [1.6892635424887936, -0.6071923831599927, -0.620000018849969], "normalizedAxes": [-0.46245184540748596, 0.8866444230079651, 1.9687461061578595e-16, 0, -2.220446049250313e-16, 1, 0.8866444230079651, 0.46245184540748596, 1.0268493731035687e-16]}, "segments": [17409, 49545], "label": "door"}, {"objectId": 4, "id": 4, "partId": 4, "index": 43, "dominantNormal": [0.43922147154808044, -0.898378849029541, -1.9948017660576878e-16], "obb": {"axesLengths": [2.8427188780050057, 1.8378779477355334, 0.15925268385647737], "centroid": [0.9043824217898994, -2.3244156366729096, -0.0025330464720796364], "normalizedAxes": [0.898378849029541, 0.43922147154808044, 9.75267581244844e-17, 0, -2.220446049250313e-16, 1, 0.43922147154808044, -0.898378849029541, -1.9948017660576878e-16]}, "segments": [1052, 31748, 73796, 75167, 74202, 74183, 588, 475, 20956, 11144, 25458, 35972, 35980, 36021, 37300, 37317, 45506, 45544, 53139, 55078, 55084, 55138, 55485, 55501, 55548, 56377, 88655, 97808, 97863], "label": "wall"}, {"objectId": 5, "id": 5, "partId": 5, "index": 44, "dominantNormal": [0, -2.220446049250313e-16, 1], "obb": {"axesLengths": [6.810610365031205, 0.16000002264976387, 5.894252513145898], "centroid": [0.6400552057200144, 0.9265052750259553, 0.8899999676644788], "normalizedAxes": [0.7144849896430969, 0.699650764465332, 1.5535367758120078e-16, 0, -2.220446049250313e-16, 1, 0.699650764465332, -0.7144849896430969, -1.5864753725016654e-16]}, "segments": [5229, 84050, 84230, 64821, 62011, 20265, 58329, 1999, 2766, 2806, 10828, 10836, 10893, 14447, 14470, 14475, 14566, 14755, 24922, 24934, 24942, 24996, 25008, 25034, 25526, 26629, 26640, 26786, 27661, 27691, 27697, 29424, 29437, 30168, 35343, 35459, 36599, 36640, 36701, 37354, 37369, 37411, 42059, 42684, 47558, 50044, 50392, 50938, 51005, 51022, 51029, 51253, 51258, 51458, 51566, 51578, 52243, 55364, 55406, 57474, 74453, 74556, 74574, 79863, 80210, 86468, 90258, 90976, 92324, 92328, 92329, 97399, 97472, 103343, 104240, 52508, 51862, 52234, 51549, 52941, 104286, 104472, 25575], "label": "ceiling"}, {"objectId": 6, "id": 6, "partId": 6, "index": 45, "dominantNormal": [0.43602779507637024, -0.8999332189559937, -1.998253160619953e-16], "obb": {"axesLengths": [5.528403577476091, 2.504586998270742, 0.24454894427116536], "centroid": [-0.21045061047187397, 2.944882804573198, -0.3165465205934681], "normalizedAxes": [0.8999332189559937, 0.43602776527404785, 9.681761287662024e-17, 0, -2.220446049250313e-16, 1, 0.43602776527404785, -0.8999332189559937, -1.998253160619953e-16]}, "segments": [16156, 28364, 71366, 43663, 71007, 56523, 6256, 8098, 8108, 19908, 21286, 21300, 24998, 25003, 25109, 25132, 28328, 29737, 43691, 46919, 49971, 51611, 85633, 85635, 89584, 90230, 90240, 90249, 90251, 92278, 95909, 101385, 3030, 12071, 11671, 2986, 3237, 11862, 14278, 14281, 14466, 16044, 16108, 16503, 22973, 49529, 86474, 26123, 46737, 18236, 87076, 26031, 39748], "label": "wall"}, {"objectId": 7, "id": 7, "partId": 7, "index": 46, "dominantNormal": [0.8966813087463379, 0.4426766633987427, 9.829396483390488e-17], "obb": {"axesLengths": [5.3100619609106525, 2.5674479029898056, 0.8284847572390006], "centroid": [-1.7091365626020343, -0.6586304122284082, -0.3662760157225433], "normalizedAxes": [-0.4426766633987427, 0.8966813087463379, 1.9910324694424062e-16, 0, -2.220446049250313e-16, 1, 0.8966813087463379, 0.4426766633987427, 9.829396483390488e-17]}, "segments": [29093, 2908, 79640, 40187, 58238, 75550, 75045, 74815, 76790, 75067, 636, 1553, 4987, 5010, 48571, 48580, 49750, 62925, 70162, 75341, 76116, 76150, 77279, 77337, 77481, 77901, 78530, 78531, 78718, 78811, 78992, 79166, 79194, 79228, 79258, 79280, 80377, 81516, 81557, 84030, 84937, 96584, 101280, 104906, 104911, 104935, 105679, 105706, 105927, 106038, 110601, 48602, 75908, 81562, 79020, 67061, 63899, 63891, 69380, 66394, 98684, 60191, 81594, 50466, 63412, 63277, 98177, 66280, 76268, 105870, 105855, 77841, 104937, 1957, 83971, 1072, 62793], "label": "wall"}, {"objectId": 8, "id": 8, "partId": 8, "index": 47, "dominantNormal": [0.900910496711731, 0.43400490283966064, 9.636844718655905e-17], "obb": {"axesLengths": [0.8892959821827257, 0.7075999817043543, 0.09797280011792195], "centroid": [-1.3841236807679098, -0.8093273722771275, 0.07619997874945339], "normalizedAxes": [-0.43400490283966064, 0.900910496711731, 2.0004231531517002e-16, 0, -2.220446049250313e-16, 1, 0.900910496711731, 0.43400490283966064, 9.636844718655905e-17]}, "segments": [79150, 78378], "label": "door"}, {"objectId": 9, "id": 9, "partId": 9, "index": 48, "dominantNormal": [0, -2.220446049250313e-16, 1], "obb": {"axesLengths": [0.5982631063200692, 0.1701430044291241, 0.4933352424164259], "centroid": [0.6017028100599958, -1.300757622213835, -0.8380395266106835], "normalizedAxes": [0.6939815282821655, 0.7199928164482117, 1.5987052047710374e-16, 0, -2.220446049250313e-16, 1, 0.7199928164482117, -0.6939815282821655, -1.5409485427268289e-16]}, "segments": [7273, 4804, 4828, 7359, 6609, 6711], "label": "table"}, {"objectId": 10, "id": 10, "partId": 10, "index": 49, "dominantNormal": [0, -2.220446049250313e-16, 1], "obb": {"axesLengths": [1.7498526410608854, 0.9566600108893208, 1.2059512957759897], "centroid": [0.15236359606274202, -2.125275486583629, -1.128329995013848], "normalizedAxes": [0.7967293858528137, 0.6043362617492676, 1.3418960648198643e-16, 0, -2.220446049250313e-16, 1, 0.6043362617492676, -0.7967293858528137, -1.7690946171385085e-16]}, "segments": [34055, 3211, 57139, 92572, 30385, 35669, 29533, 32150, 30829, 30821, 32075, 30811, 35052, 211, 217, 409, 496, 1402, 1717, 1738, 1785, 4623, 4638, 5738, 5742, 6598, 9326, 9338, 9344, 9359, 9384, 9385, 9431, 9441, 9474, 9749, 9897, 9898, 9901, 28923, 29506, 29536, 29549, 29621, 29637, 29646, 29650, 29652, 29655, 30241, 30264, 30285, 30358, 30406, 30880, 30888, 30889, 31834, 31863, 31871, 31893, 31911, 31935, 31958, 32000, 32015, 32020, 32177, 33808, 34127, 34410, 34431, 34437, 34446, 34449, 34548, 34557, 34595, 34597, 34621, 34624, 34634, 34641, 34662, 34674, 34960, 36753, 38684, 41130, 41131, 41162, 41175, 45615, 45625, 45665, 45685, 50277, 50284, 50291, 51514, 51953, 51960, 51982, 52407, 52429, 53290, 53319, 53324, 53618, 54148, 54156, 54177, 54220, 54223, 54817, 55405, 55580, 55851, 55887, 56022, 56624, 57202, 57371, 85699, 86121, 90978, 91131, 91225, 91854, 91885, 91904, 91944, 91946, 91949, 91956, 91959, 91962, 91964, 92033, 92058, 92060, 92063, 92638, 92639, 92642, 92672, 92677, 93375, 93377, 93379, 95428, 95429, 96349, 96352, 96363, 96473, 96490, 96544, 96747, 96773, 96777, 97154, 97238, 97344, 97366, 97377, 97457, 97459, 74614, 6672, 6783, 74351, 74361, 104234], "label": "desk"}, {"objectId": 11, "id": 11, "partId": 11, "index": 50, "dominantNormal": [-0.4942860007286072, -0.8692993521690369, -1.9302323121395945e-16], "obb": {"axesLengths": [0.5334652514353445, 0.5546840305324485, 0.48938263112372804], "centroid": [0.048520623119195805, -2.127497777410514, -1.0799379982813149], "normalizedAxes": [0.8692993521690369, -0.4942859709262848, -1.0975353313431242e-16, 0, -2.220446049250313e-16, 1, -0.4942859709262848, -0.8692993521690369, -1.9302323121395945e-16]}, "segments": [41018, 94195, 41656, 29917, 41066, 29617, 29878, 29944, 29946, 29948, 30005, 30031, 32080, 33759, 34069, 37084, 41087, 41588, 41689, 42748, 42764, 90984, 91264, 91267, 91268, 91839, 91843, 93669, 94208, 94222], "label": "chair"}, {"objectId": 12, "id": 12, "partId": 12, "index": 51, "dominantNormal": [0.4406333267688751, -0.8976871967315674, -1.9932659894451974e-16], "obb": {"axesLengths": [2.722552289158911, 2.477171902123721, 0.3686062355396547], "centroid": [2.5932379712138776, 0.4877438816091727, -0.3640140195038768], "normalizedAxes": [0.8976871967315674, 0.44063329696655273, 9.78402463417522e-17, 0, -2.220446049250313e-16, 1, 0.44063329696655273, -0.8976871967315674, -1.9932659894451974e-16]}, "segments": [56690, 79645, 39965, 79663, 33289, 33444, 54747, 24894, 24911, 31437, 33079, 33123, 33355, 33419, 33975, 40236, 43013, 43033, 43085, 43126, 51087, 53724, 54218, 54649, 54690, 54716, 61599, 61693, 61706, 62681, 64373, 64450, 64452, 64582, 65174, 65663, 65668, 65754, 65907, 66031, 67265, 72347, 72424, 72527, 78874, 79819, 79828, 79873, 93070, 94261, 97729, 99398, 99549, 100066, 100154, 105906, 106041, 106045, 106735, 72552, 61790, 61641, 61629, 99428, 65614, 24808, 65187], "label": "wall"}, {"objectId": 13, "id": 13, "partId": 13, "index": 52, "dominantNormal": [0, -2.220446049250313e-16, 1], "obb": {"axesLengths": [2.245145187222472, 0.8641349480121966, 1.551901611212821], "centroid": [0.2951278814944237, 2.583021503471628, -1.1179324716046648], "normalizedAxes": [0.7854260802268982, 0.6189554929733276, 1.3743572790344053e-16, 0, -2.220446049250313e-16, 1, 0.6189554929733276, -0.7854260802268982, -1.7439962368179755e-16]}, "segments": [29297, 36440, 93970, 24279, 47066, 93914, 47062, 93924, 38618, 103836, 103741, 23170, 20675, 9978, 17467, 21434, 21834, 21997, 22131, 22136, 22184, 24285, 26071, 27152, 29157, 30468, 30471, 30485, 30518, 30519, 33173, 33216, 33235, 36891, 36911, 38781, 39760, 39766, 39911, 40790, 40802, 42389, 42404, 43879, 43889, 44138, 44180, 44220, 44247, 44248, 44270, 44297, 71749, 89772, 89775, 89935, 90684, 91598, 92318, 93929, 95030, 95036, 95040, 95045, 95058, 95064, 95067, 95071, 71108, 71109, 102784, 30452, 94988, 95455, 95950, 27043, 46228, 102713, 71139], "label": "sofa"}, {"objectId": 14, "id": 14, "partId": 14, "index": 53, "dominantNormal": [0, -2.220446049250313e-16, 1], "obb": {"axesLengths": [0.7878742533745297, 0.4898259884157926, 0.684399772975628], "centroid": [0.8617283946093153, 2.2557233033156407, 0.21459696614152923], "normalizedAxes": [-0.542989194393158, 0.8397396802902222, 1.8645966554991448e-16, 0, -2.220446049250313e-16, 1, 0.8397396802902222, 0.542989194393158, 1.2056782114758978e-16]}, "segments": [48625, 49065, 49765, 2178, 49782, 97164, 34747, 49801, 38761, 98636, 35698, 35701, 35784, 36460, 36479, 38031, 40433, 50953, 50980, 58774, 84733, 91888, 98671, 98673, 32592, 97192, 84707, 67133, 97211], "label": "lamp"}, {"objectId": 15, "id": 15, "partId": 15, "index": 54, "dominantNormal": [0, -2.220446049250313e-16, 1], "obb": {"axesLengths": [0.9697693757003957, 0.5163100842466184, 0.6496757983541597], "centroid": [0.5282806287533984, 1.3108869617958117, -1.3081549989099428], "normalizedAxes": [0.8654052019119263, 0.5010727047920227, 1.1126049077426152e-16, 0, -2.220446049250313e-16, 1,