{"segGroups": [{"objectId": 1, "id": 1, "partId": 1, "index": 0, "dominantNormal": [0, -2.220446049250313e-16, 1], "obb": {"axesLengths": [6.652225575219088, 0.3199999260902418, 5.126193720103129], "centroid": [-1.9249400675221848, -1.2253401941123268, -1.229999971091747], "normalizedAxes": [0.9999991655349731, 0.0013119650539010763, 2.913147620689119e-19, 0, -2.220446049250313e-16, 1, 0.0013119650539010763, -0.9999991655349731, -2.220444196365741e-16]}, "segments": [10419, 34454, 20301, 30212, 5202, 3027, 5132, 4536, 18179, 18991, 2509, 31061, 37474, 35892, 21611, 34931, 34432, 19153, 24245, 23909, 1451, 1872, 1875, 2784, 2819, 2832, 2833, 2856, 2929, 3099, 3104, 3148, 3187, 3261, 3327, 3341, 3344, 3351, 3379, 3398, 3640, 3650, 3659, 3666, 3907, 4344, 5183, 5195, 5366, 5393, 5397, 5419, 5430, 5452, 5458, 5473, 5520, 5525, 5553, 5568, 6274, 6314, 6732, 6752, 6778, 6801, 7030, 7057, 7059, 7075, 7178, 7188, 7199, 7202, 7220, 7221, 7327, 7532, 7549, 8431, 8433, 8498, 8784, 8805, 8879, 8916, 8946, 8947, 8950, 8982, 9606, 9614, 9639, 9680, 9685, 9686, 9688, 9691, 9703, 9710, 9713, 9719, 9722, 9732, 9741, 9745, 9775, 9778, 9816, 9855, 9871, 9873, 10703, 11112, 11147, 11214, 11226, 12041, 12462, 12730, 12739, 12817, 12822, 12824, 12825, 12847, 12914, 13299, 13303, 13314, 13349, 13466, 13594, 13625, 13630, 13725, 13778, 13942, 14001, 14009, 14010, 14012, 14333, 14405, 15872, 15876, 16414, 16500, 16542, 16547, 16582, 16612, 16921, 16959, 16973, 16976, 16980, 17027, 17052, 17062, 17065, 17130, 17207, 17208, 17243, 17273, 17306, 17340, 17375, 17377, 17397, 17433, 17439, 17471, 17608, 17619, 19339, 19418, 19470, 19482, 19853, 19864, 19872, 19881, 19887, 19901, 19909, 21544, 21577, 22812, 22989, 23853, 23878, 23885, 24540, 24542, 28089, 28102, 31379, 31398, 32710, 32797, 32821, 32830, 32833, 32863, 32872, 32888, 32939, 32974, 32999, 33008, 33016, 33018, 33034, 33037, 33060, 33064, 33068, 34801, 34819, 36758, 36845, 37035, 37044, 37062, 37482, 38314, 38531, 39945, 40017, 40042, 40043, 40055, 40078, 40166, 40876, 40985, 40993, 40996, 41004, 41020, 41029, 41034, 41049, 41062, 41066, 41641, 42302, 42611, 42709, 42711, 42751, 42885, 42887, 42896, 42899, 42912, 42917, 43239, 43279, 43285, 43291, 43318, 43323, 43328, 43334, 43339, 43352, 43354, 43357, 43362, 43368, 43403, 43406, 43407, 43420, 43489, 43744, 43759, 43761, 43985, 44065, 44319, 44326, 44817, 44821, 44822, 45062, 45065, 45067, 45071, 45073, 45078, 45266, 45272, 48021, 48167, 48170, 48171, 48174, 48175, 48177, 48182, 48185, 48189, 48196, 49363, 50598, 50603, 50627, 50636, 52335, 52998, 53057, 53521, 15242, 12042, 2102, 4634, 6183, 6288, 9814, 11898, 13708, 13741, 13940, 14108, 15501, 15823, 15892, 15900, 15902, 15921, 15937, 16070, 16072, 16091, 16108, 16122, 16239, 16250, 16268, 16590, 16591, 43726, 43961, 43967, 43987, 44032, 44036, 44042, 44063, 52693, 18363, 2118, 2144, 2231, 4493, 4516, 4525, 6357, 42261, 14933, 6083, 51037, 2889, 50685, 42332, 3156, 51258, 50862, 38967, 50842, 50820, 50950, 51162, 5685, 42768, 42759, 3428, 3409, 3069, 3007, 5633, 50924, 5758, 42376, 3436, 38861, 38752, 5770, 51017, 38849, 51020, 37677, 51360, 50976, 38917, 38618, 38785, 38883, 37727, 51326, 50878, 38941, 50435, 38832, 38826, 37694, 37689, 37716, 50999, 50839, 51025, 50863, 38633, 5595, 38768, 50868, 38750, 38549, 1468, 5718, 5774, 5748, 3399, 3178, 3468, 3380, 42773, 5463, 51223, 38957, 50851, 50856, 50442, 5352, 3371], "label": "floor"}, {"objectId": 2, "id": 2, "partId": 2, "index": 1, "dominantNormal": [0, -2.220446049250313e-16, 1], "obb": {"axesLengths": [4.031006734809144, 0.8800000053644175, 2.643565520577538], "centroid": [-2.212253165231626, 1.2202482563352735, -0.7899999684095381], "normalizedAxes": [0.9288361072540283, 0.3704908788204193, 8.226550081600766e-17, 0, -2.220446049250313e-16, 1, 0.3704908788204193, -0.9288361072540283, -2.0624304647532473e-16]}, "segments": [17852, 34896, 53882, 36769, 37752, 32419, 32032, 32553, 34476, 34487, 34493, 30127, 30121, 34496, 35122, 7872, 10244, 10275, 10773, 14283, 15010, 17481, 18116, 28109, 28219, 30137, 31177, 31218, 31307, 31644, 32405, 34441, 34555, 34764, 34872, 35608, 35940, 36829, 37329, 37351, 37777, 39469, 40335, 43481, 44732, 46313, 48105, 49519, 51709, 52311, 52329, 53711, 53765, 6413, 10672, 9451, 28841, 34798, 47200, 52092, 49633, 32530, 7807, 7788, 43161], "label": "couch"}, {"objectId": 3, "id": 3, "partId": 3, "index": 2, "dominantNormal": [-0.5845730304718018, -0.8113411068916321, -1.8015391553919004e-16], "obb": {"axesLengths": [4.585198353187267, 2.7415799481813603, 0.388474259490747], "centroid": [-0.41199397109377434, 1.420234904956007, 0.13921000311054343], "normalizedAxes": [0.8113411068916321, -0.5845730304718018, -1.298012876009395e-16, 0, -2.220446049250313e-16, 1, -0.5845730304718018, -0.8113411068916321, -1.8015391553919004e-16]}, "segments": [25894, 40231, 23074, 32450, 39071, 38267, 21585, 24145, 29567, 39872, 36577, 450, 35980, 7909, 7948, 7950, 7974, 8017, 8063, 9396, 10331, 10342, 10860, 10869, 10883, 10903, 10917, 21027, 21176, 21505, 23784, 25247, 25252, 25268, 27647, 27749, 28531, 28543, 29169, 29301, 29307, 29511, 29828, 29875, 29885, 29890, 30064, 30065, 30313, 30424, 30454, 30991, 31456, 31516, 31993, 32034, 32037, 32048, 32082, 32160, 32183, 32193, 32233, 32260, 32275, 32303, 32320, 32685, 32687, 32699, 32739, 32773, 32812, 32897, 32901, 32908, 35485, 36192, 36618, 43487, 43493, 43505, 46080, 46084, 47241, 47292, 47294, 47297, 47298, 47304, 47344, 47360, 47365, 47388, 47602, 48033, 48052, 48339, 49511, 49611, 49627, 50292, 39807, 26778, 25450, 31229, 31033], "label": "wall"}, {"objectId": 4, "id": 4, "partId": 4, "index": 3, "dominantNormal": [0, -2.220446049250313e-16, 1], "obb": {"axesLengths": [0.8945727448366462, 0.8007100343545515, 0.9413964853947108], "centroid": [-1.7671872595847964, -1.1424599255206926, -0.8103549839476861], "normalizedAxes": [0.9983609318733215, 0.05723189562559128, 1.2708033653295043e-17, 0, -2.220446049250313e-16, 1, 0.05723189562559128, -0.9983609318733215, -2.2168065869039778e-16]}, "segments": [18818, 48972, 9604, 18813, 49262, 37480, 18789, 45033, 49543, 50348, 38109, 26740, 29754, 32118, 16842, 35273, 36822, 34023, 17786, 17551, 17843, 2224, 2240, 2263, 2276, 2277, 2346, 2395, 2590, 2703, 2719, 2731, 2768, 2787, 4661, 6903, 7289, 8158, 8436, 11486, 11506, 11525, 11536, 16860, 17120, 17121, 17150, 17324, 17345, 17353, 17369, 17402, 17407, 17656, 17689, 17966, 17970, 17980, 24343, 26479, 26807, 26878, 27134, 30467, 30791, 32146, 32148, 32167, 32171, 32175, 33545, 33546, 33547, 33566, 33627, 33634, 33639, 33647, 33677, 33683, 33694, 33889, 33952, 34019, 34127, 34148, 34154, 34171, 34317, 34448, 34592, 34635, 34695, 34836, 34868, 34882, 35570, 35629, 36012, 36329, 36445, 36620, 36670, 36996, 37014, 37055, 37108, 37296, 37444, 37674, 38142, 39384, 39801, 40075, 40110, 41242, 41757, 42684, 42850, 43156, 43164, 43316, 44865, 44936, 44939, 44960, 44992, 45851, 46907, 48131, 48158, 48707, 48710, 48742, 48926, 48950, 48954, 48956, 49020, 49026, 49530, 50377, 50445, 50503, 50616, 52018, 53512, 53652, 32134, 39847, 40080, 17914, 6894, 11273, 11163, 33796, 34444, 33716, 50403, 34042, 10189, 11284, 11352, 11633, 18007, 18009, 18024, 18053, 32211, 32214, 32217, 32333, 32351, 33701, 33757, 33762, 33782, 34166, 34622, 37446, 45002, 45004, 45007, 48123, 48877, 48881, 48908], "label": "armchair"}, {"objectId": 5, "id": 5, "partId": 5, "index": 4, "dominantNormal": [0, -2.220446049250313e-16, 1], "obb": {"axesLengths": [0.7371037024153276, 0.44427000483266976, 0.6854097041600262], "centroid": [-1.2470846243634002, -0.05001017255700002, -0.992134945642911], "normalizedAxes": [-0.25125983357429504, 0.967919647693634, 2.1492133577130846e-16, 0, -2.220446049250313e-16, 1, 0.967919647693634, 0.25125983357429504, 5.579089047953346e-17]}, "segments": [27875, 51526, 27800, 51584, 51602, 39630, 51634, 20867, 28348, 39312, 45528, 23188, 49453, 49478, 20754, 20773, 20794, 20807, 20814, 20815, 20840, 20850, 20873, 20896, 20898, 20903, 20913, 20946, 20950, 20951, 20998, 21036, 21047, 21075, 21093, 22685, 22712, 23177, 27833, 27880, 27916, 27919, 28048, 28148, 28158, 28179, 28247, 28273, 28290, 35130, 35132, 35176, 35193, 35295, 39427, 39443, 39520, 39546, 39613, 39640, 39649, 39684, 39710, 39745, 39766, 39789, 45175, 45180, 45195, 45209, 45229, 45230, 45233, 47141, 47145, 47153, 47156, 47159, 47166, 47180, 49509, 51495, 51536, 51540, 51568, 51578, 51614, 51618, 51660, 51762, 51765, 51781, 51823, 51902, 51748, 39397, 39498, 51541, 22256], "label": "couch table"}, {"objectId": 6, "id": 6, "partId": 6, "index": 5, "dominantNormal": [0, -2.220446049250313e-16, 1], "obb": {"axesLengths": [1.6461013502796182, 0.5232539954054206, 0.9899734511149516], "centroid": [-3.462292176586944, -2.3552176543093233, -0.5410649599641935], "normalizedAxes": [0.853658139705658, -0.5208337306976318, -1.156483199643858e-16, 0, -2.220446049250313e-16, 1, -0.5208337306976318, -0.853658139705658, -1.8955018437198e-16]}, "segments": [46446, 25923, 26091, 46520, 26024, 18564, 4723, 5883, 10921, 967, 1317, 1321, 1323, 1326, 1501, 1506, 1512, 1583, 1608, 1626, 1634, 1637, 1647, 1649, 1662, 5934, 5970, 5984, 6006, 6030, 9139, 18472, 18536, 18561, 18570, 18571, 20410, 20419, 20428, 20434, 20457, 20462, 20497, 20501, 20611, 21246, 21265, 21841, 21860, 21871, 21883, 21895, 21918, 21952, 21960, 24737, 24768, 25915, 26050, 26074, 26110, 26233, 42230, 42810, 42815, 45018, 45118, 45317, 45332, 45336, 45339, 45344, 45967, 45991, 46735, 46741, 46746, 46751, 46754, 46757, 46766, 25963, 15862, 46370, 9153, 9394, 44739, 1340, 1681, 15970, 15992, 16032, 20574, 20580, 20655, 21266, 21302, 22002, 25370, 25437, 25896, 25901, 25968, 40507, 42237, 43431, 43509, 43511, 44736, 45406, 46382, 53530, 53534, 53545, 53595, 54036, 54075, 16020], "label": "table"}, {"objectId": 7, "id": 7, "partId": 7, "index": 6, "dominantNormal": [0, -2.220446049250313e-16, 1], "obb": {"axesLengths": [0.6137593787512217, 0.5899540054063346, 0.6533181721979617], "centroid": [-2.8880320293703514, -1.9592110494131205, -0.6589759832104439], "normalizedAxes": [0.9808923006057739, -0.194551482796669, -4.3199107135165395e-17, 0, -2.220446049250313e-16, 1, -0.194551482796669, -0.9808923006057739, -2.1780184336201412e-16]}, "segments": [18154, 40974, 36313, 48204, 30628, 30883, 31020, 33827, 18054, 30703, 30723, 30745, 30762, 30768, 30788, 30841, 30936, 31007, 31056, 31096, 32334, 32572, 32596, 33803, 33884, 33913, 33914, 35744, 36167, 41028, 41220, 47398, 47412, 47416, 47859, 47869, 47878, 48214, 48219, 48221, 48412, 48416, 48466, 48640, 48644, 50845, 54024, 40155, 35923, 54028], "label": "chair"}, {"objectId": 8, "id": 8, "partId": 8, "index": 7, "dominantNormal": [0, -2.220446049250313e-16, 1], "obb": {"axesLengths": [0.7358119978003349, 0.5494569715233821, 0.682484762201543], "centroid": [-3.3070398799066036, -1.654007044061453, -0.6380204657907671], "normalizedAxes": [-0.6493616104125977, 0.7604798078536987, 1.6886043848833826e-16, 0, -2.220446049250313e-16, 1, 0.7604798078536987, 0.6493616104125977, 1.4418724223754734e-16]}, "segments": [10549, 13124, 50557, 14079, 10616, 40902, 51444, 13065, 10483, 10485, 10491, 10496, 10519, 10598, 10716, 10734, 11045, 12248, 13120, 13965, 14188, 14204, 14211, 14243, 14244, 14943, 15033, 29773, 40575, 40651, 40661, 40723, 40766, 40904, 40952, 40959, 40970, 40995, 41043, 41104, 41183, 43423, 43425, 43429, 43462, 43520, 43970, 43973, 43979, 43982, 44296, 44306, 44535, 44536, 47518, 50514, 53644, 54085, 54167, 54169, 54173, 12195, 29789, 29790, 41174, 41195, 51324, 29750], "label": "chair"}, {"objectId": 9, "id": 9, "partId": 9, "index": 8, "dominantNormal": [0, -2.220446049250313e-16, 1], "obb": {"axesLengths": [0.664299946090743, 0.6283339717611526, 0.6786688169110836], "centroid": [-3.735789764904498, -3.2266192643243747, -0.6748879494170548], "normalizedAxes": [0.9052087664604187, 0.42496711015701294, 9.43616540809462e-17, 0, -2.220446049250313e-16, 1, 0.42496711015701294, -0.9052087664604187, -2.009967229233786e-16]}, "segments": [5801, 5059, 44213, 47951, 14765, 2055, 4944, 15556, 4930, 14898, 4957, 99, 258, 1747, 1751, 2187, 2196, 2216, 4925, 4939, 4966, 4969, 4982, 4983, 4984, 4992, 5793, 5795, 13588, 13597, 13603, 13613, 13626, 13628, 13647, 13661, 13687, 13700, 14627, 14649, 14669, 14674, 14721, 34028, 41301, 41305, 41307, 41370, 42647, 42660, 42669, 42670, 42674, 44106, 44108, 44185, 44329, 44341, 44463, 45570, 44359, 5830, 736], "label": "chair"}, {"objectId": 10, "id": 10, "partId": 10, "index": 9, "dominantNormal": [0, -2.220446049250313e-16, 1], "obb": {"axesLengths": [0.6263444457170878, 0.5772849788378552, 0.7070357491740635], "centroid": [-4.267015548043236, -2.81297803526499, -0.6546794718948117], "normalizedAxes": [0.9687256217002869, -0.24813438951969147, -5.509690248921372e-17, 0, -2.220446049250313e-16, 1, -0.24813438951969147, -0.9687256217002869, -2.1510029795119553e-16]}, "segments": [43203, 4897, 42407, 2447, 2464, 1351, 8532, 859, 3622, 3638, 3729, 3730, 8697, 8710, 42239, 43172, 42432, 1770, 43701], "label": "chair"}, {"objectId": 12, "id": 12, "partId": 12, "index": 11, "dominantNormal": [0.5805793404579163, -0.814203679561615, -1.807895343567656e-16], "obb": {"axesLengths": [0.5610313852023865, 0.9050940072887981, 0.38207522009740985], "centroid": [0.5960988510071759, 0.6321996438589725, -0.7774529674473477], "normalizedAxes": [0.814203679561615, 0.5805793404579163, 1.2891451027961326e-16, 0, -2.220446049250313e-16, 1, 0.5805793404579163, -0.814203679561615, -1.807895343567656e-16]}, "segments": [27178, 27318, 46982, 25789, 25748, 25513, 25535, 25549, 25599, 25617, 25656, 25660, 25665, 25672, 25674, 25698, 25749, 25753, 25774, 27193, 27296, 27354, 27409, 27411, 27431, 46204, 46207, 46209, 46228, 46267, 46273, 46359, 46941, 46957, 46962, 47045, 47052, 27294, 27252, 25655, 46231, 22887, 21403, 21412, 45244, 45666, 22967, 21407, 21423, 21488, 22495, 22560, 22565, 22932, 22974, 22977, 23055, 45672, 45676, 24959, 23138, 23119, 22421, 24690, 21329, 22072, 22088, 22091, 22122, 22455, 22470, 22548, 23218, 24569, 24582, 24599, 24679, 24930, 25028, 25062, 25068, 25080, 25096, 25113, 25133, 25179, 25562, 25588, 25704, 25705, 25768, 25799, 27267, 27731, 45441, 45452, 45776, 45948, 45965, 46074, 46275, 46292, 46917, 45960], "label": "side table"}, {"objectId": 13, "id": 13, "partId": 13, "index": 12, "dominantNormal": [0.7549823522567749, -0.6557450890541077, -1.456046592305488e-16], "obb": {"axesLengths": [1.3198469252441352, 1.0031399502648417, 0.4692704443953786], "centroid": [0.9020477296130087, -0.32306196365858425, -0.7515699490553889], "normalizedAxes": [0.6557450890541077, 0.7549823522567749, 1.676397581322264e-16, 0, -2.220446049250313e-16, 1, 0.7549823522567749, -0.6557450890541077, -1.456046592305488e-16]}, "segments": [18751, 20682, 21643, 21639, 21660, 26783, 8231, 8395, 8297, 8377, 18136, 4483, 4832, 2420, 2542, 2583, 2629, 2654, 18431, 19002, 39835, 41584, 45040, 47508, 24367], "label": "couch"}, {"objectId": 14, "id": 14, "partId": 14, "index": 13, "dominantNormal": [0.884684145450592, -0.46619096398353577, -1.035151884173437e-16], "obb": {"axesLengths": [1.3102284383824498, 0.9137200210902082, 0.42932103194284765], "centroid": [-0.7704791117051186, -3.008406596374267, -0.7868599957929543], "normalizedAxes": [0.46619096398353577, 0.884684145450592, 1.9643934156001564e-16, 0, -2.220446049250313e-16, 1, 0.884684145450592, -0.46619096398353577, -1.035151884173437e-16]}, "segments": [36501, 36465, 37921, 20025, 6776, 17613, 17724, 17726, 17791, 19194, 19217, 19234, 19315, 19675, 19689, 19718, 19731, 19788, 19912, 19987, 20018, 20384, 21004, 45242, 45816, 45823, 45836, 46202, 19266, 12404, 10607, 10150], "label": "wall"}, {"objectId": 15, "id": 15, "partId": 15, "index": 14, "dominantNormal": [0.7893552780151367, -0.613936722278595, -1.3632133694731929e-16], "obb": {"axesLengths": [0.9191573775916317, 1.139999975115061, 0.29922270575247406], "centroid": [-4.702517955813548, -0.9469300239460814, 0.36000001929700387], "normalizedAxes": [0.6139366626739502, 0.7893552780151367, 1.7527208085235928e-16, 0, -2.220446049250313e-16, 1, 0.7893552780151367, -0.6139366626739502, -1.3632132371242949e-16]}, "segments": [3935, 3912, 12850, 4339, 4347, 4342, 10081, 41588, 10377, 11643, 9911, 20128, 4316, 9378, 9844, 9915, 20146, 41612, 45109, 20067, 19993, 19994, 20013, 20032, 20074, 45100, 46858, 26316, 41577, 41579, 12340, 23737, 23745, 41389, 45843, 23704, 3949, 12904, 12948, 41566, 12118, 1995, 2001, 3958, 3990, 4007, 13292, 14231, 41420], "label": "mirror"}, {"objectId": 16, "id": 16, "partId": 16, "index": 15, "dominantNormal": [0.27207955718040466, -0.9622747302055359, -2.136679122978293e-16], "obb": {"axesLengths": [0.44598497068926557, 0.9345109849904997, 0.3030683375545947], "centroid": [-4.3603632497305265, -0.5870178398441181, -0.02274448560004294], "normalizedAxes": [0.9622747302055359, 0.27207955718040466, 6.041379778230042e-17, 0, -2.220446049250313e-16, 1, 0.27207955718040466, -0.9622747302055359, -2.136679122978293e-16]}, "segments": [3801, 7513, 47, 3033, 18898, 41837, 134, 26, 35, 54, 64, 165, 186, 215, 282, 283, 777, 781, 822, 1226, 1487, 1836, 2362, 2363, 2375, 2390, 3513, 13443, 13481, 13739, 14216, 15486, 15785, 15803, 16157, 17818, 17953, 17994, 18331, 18395, 18617, 18623, 18876, 18886, 19060, 19118, 41280, 41286, 41288, 41292, 41401, 41727, 41733, 41734, 41752, 41755, 41776, 41780, 41781, 41784, 41787, 41789, 41922, 41926, 308, 310, 1982, 17543, 17938, 18129, 18904, 16160, 16599, 1965, 2012, 2042, 2085, 13037, 13262, 42004, 42033, 309, 2063, 41418, 18866, 2046, 43116], "label": "vase"}, {"objectId": 17, "id": 17, "partId": 17, "index": 16, "dominantNormal": [0.892032265663147, -0.45197173953056335, -1.003578863413431e-16], "obb": {"axesLengths": [0.36558085322798684, 1.119999949932099, 0.1648082630850249], "centroid": [-4.430732088396136, -0.41534803765747147, 0.09000000715255752], "normalizedAxes": [0.45197173953056335, 0.892032265663147, 1.9807095200955404e-16, 0, -2.220446049250313e-16, 1, 0.892032265663147, -0.45197173953056335, -1.003578863413431e-16]}, "segments": [42964, 43002, 2537, 18894, 41330, 41328, 20674, 20195, 19086, 14677, 20237, 41250, 40, 52, 102, 209, 279, 303, 321, 324, 905, 916, 929, 1264, 1831, 1841, 1847, 1855, 1927, 2526, 2680, 2700, 2732, 3849, 4664, 7374, 7377, 7392, 7405, 7409, 7443, 7458, 7465, 7466, 7530, 7541, 14347, 15240, 15339, 18299, 18316, 19210, 19509, 19556, 19660, 19981, 20201, 20203, 20210, 20212, 20216, 20247, 20601, 41248, 41258, 41260, 41275, 41299, 41373, 41381, 41692, 41696, 41698, 42002, 42014, 42017, 42020, 42024, 42028, 42044, 42241, 42298, 1259, 41768, 43015, 4716], "label": "wall"}, {"objectId": 18, "id": 18, "partId": 18, "index": 17, "dominantNormal": [0.055081915110349655, -0.998481810092926, -2.217074990469139e-16], "obb": {"axesLengths": [0.2875563854328925, 0.17999998822808283, 0.06931581118802968], "centroid": [-4.545268735724545, -0.6233142515548392, -0.29999996237456816], "normalizedAxes": [0.998481810092926, 0.055081915110349655, 1.2230642079191701e-17, 0, -2.220446049250313e-16, 1, 0.055081915110349655, -0.998481810092926, -2.217074990469139e-16]}, "segments": [1921, 3868, 42464], "label": "wall"}, {"objectId": 24, "id": 24, "partId": 24, "index": 21, "dominantNormal": [0.8433581590652466, -0.5373518466949463, -1.1931607850511534e-16], "obb": {"axesLengths": [1.3755056235364866, 0.8115249690817669, 0.3953860142766285], "centroid": [-3.117572246485718, 1.6500979342157565, -0.09576246859664139], "normalizedAxes": [0.5373518466949463, 0.8433581590652466, 1.872631292399444e-16, 0, -2.220446049250313e-16, 1, 0.8433581590652466, -0.5373518466949463, -1.1931607850511534e-16]}, "segments": [46784, 26276, 28469, 46167, 18677, 15517, 15329, 15176, 15679, 15619, 14479, 44549, 44543, 52086, 12568, 12526, 44240, 13799, 12519, 12594, 12603, 12609, 12629, 12640, 13884, 14350, 14475, 14498, 14536, 14821, 15154, 15189, 15322, 15326, 15342, 15346, 15372, 15591, 15597, 15647, 15665, 18692, 18720, 18725, 26291, 28078, 28294, 28306, 28334, 28353, 28374, 28387, 28484, 44251, 44312, 44559, 44588, 44617, 44620, 44672, 46156, 46170, 52161], "label": "shelf"}, {"objectId": 25, "id": 25, "partId": 25, "index": 22, "dominantNormal": [-0.35670027136802673, -0.9342188835144043, -2.0743826290345975e-16], "obb": {"axesLengths": [0.4379914826097461, 0.32203998441904785, 0.2893818590284586], "centroid": [-1.862349440946361, 1.6354121478801633, -0.6489799715806541], "normalizedAxes": [0.9342188835144043, -0.35670027136802673, -7.920337083256495e-17, 0, -2.220446049250313e-16, 1, -0.35670027136802673, -0.9342188835144043, -2.0743826290345975e-16]}, "segments": [36917, 38059], "label": "pillow"}, {"objectId": 26, "id": 26, "partId": 26, "index": 23, "dominantNormal": [-0.34934142231941223, -0.9369955062866211, -2.0805479700994247e-16], "obb": {"axesLengths": [0.6337797900792835, 0.39921500386562153, 0.37447314036262164], "centroid": [-1.7318080392583362, 1.7826969559678005, -0.6296684843375863], "normalizedAxes": [0.9369955062866211, -0.3493414521217346, -7.75693847203073e-17, 0, -2.220446049250313e-16, 1, -0.3493414521217346, -0.9369955062866211, -2.0805479700994247e-16]}, "segments": [31832, 52259, 50342], "label": "pillow"}, {"objectId": 27, "id": 27, "partId": 27, "index": 24, "dominantNormal": [0, -2.220446049250313e-16, 1], "obb": {"axesLengths": [0.49010011011566734, 0.154247965941251, 0.2367256089660654], "centroid": [-2.066944973996686, 1.9828633421000244, -0.48056696212514494], "normalizedAxes": [0.9844778776168823, 0.1755087673664093, 3.897077491075358e-17, 0, -2.220446049250313e-16, 1, 0.1755087673664093, -0.9844778776168823, -2.1859800139287396e-16]}, "segments": [34193, 34180], "label": "pillow"}, {"objectId": 28, "id": 28, "partId": 28, "index": 25, "dominantNormal": [0.3687514066696167, -0.9295280575752258, -2.0639669031102277e-16], "obb": {"axesLengths": [0.49249626640014926, 0.3815549824784324, 0.2679488174034087], "centroid": [-2.20949129817262, 1.674662620062989, -0.628588448198397], "normalizedAxes": [0.9295280575752258, 0.3687514066696167, 8.18792604095046e-17, 0, -2.220446049250313e-16, 1, 0.3687514066696167, -0.9295280575752258, -2.0639669031102277e-16]}, "segments": [36789, 38252, 39156], "label": "pillow"}, {"objectId": 29, "id": 29, "partId": 29, "index": 26, "dominantNormal": [0, -2.220446049250313e-16, 1], "obb": {"axesLengths": [0.43572825823851613, 0.3489299636573351, 0.3579348454012665], "centroid": [-2.7969176786042045, 0.7700976650963616, -0.6444649496421593], "normalizedAxes": [0.04322164133191109, 0.9990655183792114, 2.218371083227336e-16, 0, -2.220446049250313e-16, 1, 0.9990655183792114, -0.04322164133191109, -9.597132273755601e-18]}, "segments": [40435, 40720, 40176, 40454], "label": "pillow"}, {"objectId": 30, "id": 30, "partId": 30, "index": 27, "dominantNormal": [0.976270318031311, -0.2165554314851761, -4.808496522849561e-17], "obb": {"axesLengths": [0.48277755130918926, 0.415125003118999, 0.23416304268663346], "centroid": [-2.986094941010666, 0.637441272185538, -0.6099384681894219], "normalizedAxes": [0.21655544638633728, 0.976270318031311, 2.1677555706729713e-16, 0, -2.220446049250313e-16, 1, 0.976270318031311, -0.21655544638633728, -4.808496853721806e-17]}, "segments": [53660, 40700, 40388, 14266, 40706], "label": "pillow"}, {"objectId": 31, "id": 31, "partId": 31, "index": 28, "dominantNormal": [0, -2.220446049250313e-16, 1], "obb": {"axesLengths": [0.44606818930765807, 0.3965049893445148, 0.4841719920282429], "centroid": [-3.1641370991264184, 0.3248422588212163, -0.6117474691179206], "normalizedAxes": [0.5354040861129761, 0.8445960283279419, 1.875379914313284e-16, 0, -2.220446049250313e-16, 1, 0.8445960283279419, -0.5354040861129761, -1.1888358877620321e-16]}, "segments": [40716, 16114, 44764, 44788], "label": "pillow"}, {"objectId": 32, "id": 32, "partId": 32, "index": 29, "dominantNormal": [0, -2.220446049250313e-16, 1], "obb": {"axesLengths": [0.694084373807764, 0.29372691451623467, 0.5670174341961373], "centroid": [-0.4100824387500943, 1.2757916268643927, -0.8724064427076321], "normalizedAxes": [0.7682466506958008, -0.6401539444923401, -1.4214272969600208e-16, 0, -2.220446049250313e-16, 1, -0.6401539444923401, -0.7682466506958008, -1.7058502403872761e-16]}, "segments": [31671, 24321, 33276, 47962, 33112], "label": "blanket"}, {"objectId": 33, "id": 33, "partId": 33, "index": 30, "dominantNormal": [0.8392656445503235, -0.543721616268158, -1.207304514734626e-16], "obb": {"axesLengths": [0.6686398211839222, 2.1319799542729556, 0.6605056007730722], "centroid": [0.8144709834801587, 0.3256061829546043, -0.11598998980246433], "normalizedAxes": [0.543721616268158, 0.8392656445503235, 1.8635440847132833e-16, 0, -2.220446049250313e-16, 1, 0.8392656445503235, -0.543721616268158, -1.207304514734626e-16]}, "segments": [47554, 24022, 24035, 23321, 23384, 24477, 24033, 24365, 31244, 25281, 33371, 29277, 19169, 22216, 22220, 23397, 23917, 24061, 24408, 24417, 24489, 25242, 25329, 25464, 27467, 27591, 27601, 28919, 28925, 28951, 28960, 28990, 28991, 28993, 29001, 29010, 29157, 29158, 29161, 29164, 29172, 29176, 29211, 29217, 29241, 29254, 29269, 29375, 29925, 30961, 30963, 31277, 31452, 31494, 31519, 31710, 31756, 33331, 33390, 44994, 45418, 45854, 45906, 45909, 45924, 45941, 46101, 47126, 47276, 47277, 47327, 47339, 47373, 47379, 47999, 48044, 48096, 48102, 48500, 48593, 47426, 47473, 23202, 19230, 20168, 20687], "label": "curtain"}, {"objectId": 34, "id": 34, "partId": 34, "index": 31, "dominantNormal": [0.3319240212440491, -0.9433061480522156, -2.094560409676073e-16], "obb": {"axesLengths": [0.2815598215011991, 0.5055899954082816, 0.27543110972838364], "centroid": [0.6460549347507354, 0.6917877965240582, 0.08279502020489438], "normalizedAxes": [0.9433061480522156, 0.3319240212440491, 7.370193816226258e-17, 0, -2.220446049250313e-16, 1, 0.3319240212440491, -0.9433061480522156, -2.094560409676073e-16]}, "segments": [47661, 30527, 29067, 47215, 28600, 28788, 30274, 27629, 27641, 27651, 28594, 28612, 28684, 28738, 28782, 28790, 28791, 28795, 28867, 28907, 29084, 29107, 29111, 30267, 30276, 30294, 30302, 30304, 30337, 30382, 30410, 30437, 30472, 30521, 32707, 47252, 47256, 47280, 47286, 47289, 47308, 47318, 47614, 47624, 47632, 47637, 47667, 47669, 47703, 47736, 47783, 47854, 47857, 47872, 47875, 47889, 47910, 47913, 47916, 47919, 47235, 30560, 28601, 28607, 28825, 47234, 47700], "label": "plant"}], "scan_id": "0cac75c8-8d6f-2d13-8c08-b3c40c58e0f7", "annId": "4068", "appId": "stk.v1"}