{"segGroups": [{"objectId": 25, "id": 25, "partId": 25, "index": 0, "dominantNormal": [0.07155442237854004, -0.9974367022514343, -2.2147543848914582e-16], "obb": {"axesLengths": [1.3729024210030418, 1.4069099856858696, 0.5905044218202986], "centroid": [0.43440214132729577, -6.308285167483397, -0.8734550299468257], "normalizedAxes": [0.9974367022514343, 0.07155442237854004, 1.5888273447681742e-17, 0, -2.220446049250313e-16, 1, 0.07155442237854004, -0.9974367022514343, -2.2147543848914582e-16]}, "segments": [76951, 74159, 78753, 5992, 75074, 78181, 5962, 5978, 5988, 6004, 6027, 31879, 31902, 31933, 33585, 33609, 33636, 33679, 34846, 34856, 56557, 56564, 56570, 74055, 74812, 74914, 76567, 76694, 76827, 76885, 76904, 77992, 78208, 78252, 78269, 78501, 79932, 88291, 88292, 98651, 99342, 99346, 99362, 99377, 99381, 99386, 99392, 99394, 99899, 99951, 102533, 72517, 72195, 78667, 79699, 78389, 78258, 78054, 74725], "label": "commode"}, {"objectId": 26, "id": 26, "partId": 26, "index": 1, "dominantNormal": [0.2507622241973877, -0.9680486917495728, -2.149499893077273e-16], "obb": {"axesLengths": [0.5536123424300577, 1.2793800246854115, 0.4387720339345211], "centroid": [1.5922444328856764, -6.170141456081783, -0.9296900366315981], "normalizedAxes": [0.9680486917495728, 0.2507622241973877, 5.568039900203108e-17, 0, -2.220446049250313e-16, 1, 0.2507622241973877, -0.9680486917495728, -2.149499893077273e-16]}, "segments": [76299, 76339, 41424, 41616, 41741, 41438, 41482, 41483, 41503, 41622, 41662, 41712, 41743, 41751, 45866, 49505, 49513, 49529, 49543, 49641, 54520, 74175, 74196, 74309, 74327, 74344, 76266, 76270, 76306, 78795, 78799, 78810, 78816, 78820, 78822, 89889, 89892, 89896, 89921, 89932, 89935, 91712, 98444, 100109, 100111, 44648, 74311, 74378, 98455, 98481, 98484, 98487, 100195, 78845, 11428, 11543, 15438, 54573, 74390, 99048, 100317, 14666, 14331, 79101, 77489, 100417, 15822, 100354, 74447, 77713, 79087, 74440, 77535, 79065], "label": "boxes"}, {"objectId": 27, "id": 27, "partId": 27, "index": 2, "dominantNormal": [0, -2.220446049250313e-16, 1], "obb": {"axesLengths": [1.6463412374901745, 0.42419992929250155, 0.48363231750037505], "centroid": [2.500717595788947, -4.499716294790457, -1.416320033379196], "normalizedAxes": [0.9860442876815796, 0.16648338735103607, 3.696673797094176e-17, 0, -2.220446049250313e-16, 1, 0.16648338735103607, -0.9860442876815796, -2.1894581429684026e-16]}, "segments": [27657, 87888, 98761, 27071, 30007, 30058, 30101, 34497, 35178, 35198, 75337, 75368, 75402, 75548, 88424, 88426, 88894, 88899, 88914, 89559, 98656, 98660, 75411, 38195, 10912, 27694, 29969, 89564, 34486, 35220, 35234, 30088, 30157, 32826, 34352, 34386, 34395, 34398, 34420, 34423, 34435, 34443, 34484, 34517, 34561, 35189, 75481, 88806, 88809, 88818, 88876, 34535, 29978, 34359, 34368, 34462, 34467, 34500, 34552, 35141, 35144, 35162, 35169, 35309, 75536, 88790, 88904, 89070, 30132, 87938, 75471, 75609, 75686, 75643, 67680, 1354, 1489, 34555, 34630, 35126, 35174, 35222, 67636, 67700, 67705, 67713, 67767, 67775, 67938, 67969, 68000, 68051, 68399, 68410, 89065, 96250, 96286, 96289, 96295, 96314, 96316, 96345, 96351, 96940, 96944, 96966, 96997, 97014, 97087, 97094, 97111, 68074, 22728, 22709, 87670, 10457, 27871, 23581, 9668, 9726, 9740, 9818, 9828, 10175, 22816, 22950, 23442, 23448, 23455, 23687, 23759, 67638, 67866, 67990, 68099, 68108, 68551, 84561, 84572, 84582, 87704, 87707, 96266, 96999, 97041, 10012, 68044, 69900, 97309], "label": "shoe shelf"}, {"objectId": 28, "id": 28, "partId": 28, "index": 3, "dominantNormal": [0.15141674876213074, -0.9884700179100037, -2.1948443460706538e-16], "obb": {"axesLengths": [0.7718496158364384, 0.2400000041723252, 0.11930616550367601], "centroid": [2.55755739488309, -4.314620544819174, 0.20999996453523684], "normalizedAxes": [0.9884700179100037, 0.15141673386096954, 3.362126884919759e-17, 0, -2.220446049250313e-16, 1, 0.15141673386096954, -0.9884700179100037, -2.1948443460706538e-16]}, "segments": [4638], "label": "rack"}, {"objectId": 29, "id": 29, "partId": 29, "index": 4, "dominantNormal": [0.26612329483032227, -0.9639390110969543, -2.140374568908486e-16], "obb": {"axesLengths": [1.3644796948520679, 1.4272559562193754, 0.40713285281404354], "centroid": [2.3243184855091568, -4.428496658772735, -0.43637201145949955], "normalizedAxes": [0.9639390110969543, 0.26612329483032227, 5.909124186194653e-17, 0, -2.220446049250313e-16, 1, 0.26612329483032227, -0.9639390110969543, -2.140374568908486e-16]}, "segments": [15674, 96480, 1230, 1207, 1632, 2707, 84068, 2645, 96738, 34564, 1666, 86678, 96465, 31178, 1196, 4364, 85558, 4749, 4374, 99, 553, 577, 609, 1293, 2306, 4732, 4836, 4850, 15735, 84107, 84308, 84342, 84366, 3487, 70, 85, 620, 1162, 2501, 2712, 25923, 28086, 84101, 37240, 90434, 2371, 28050, 28074, 87759, 89103, 89106, 89117, 36090, 42844, 40872, 28058, 42769, 42800, 42871, 88697, 90384, 42894, 52912, 38645, 38760, 89635, 89639, 89867, 52292, 38776, 587, 3427, 39874, 40880, 2425, 2490, 36110, 38637, 83994, 89591, 4691, 4855], "label": "clothes"}, {"objectId": 30, "id": 30, "partId": 30, "index": 5, "dominantNormal": [0.984538733959198, 0.17516690492630005, 3.8894866200300815e-17], "obb": {"axesLengths": [1.001014080514778, 1.2438700219123802, 0.25213020981297607], "centroid": [-0.3858084488948139, -4.823598626399836, -0.9719350362881638], "normalizedAxes": [-0.17516690492630005, 0.984538733959198, 2.1861151421536062e-16, 0, -2.220446049250313e-16, 1, 0.984538733959198, 0.17516690492630005, 3.8894866200300815e-17]}, "segments": [68697, 47291, 66893, 67302, 63116, 36927, 36984, 42470, 62417, 62423, 62609, 63201, 63275, 63389, 63398, 64393, 64405, 64413, 66474, 66485, 66575, 66706, 66714, 67214, 67231, 68789, 94561, 94603, 94604, 94780, 96026, 96029, 96034, 96098, 96104, 96151, 47808, 66754, 96140], "label": "whiteboard"}, {"objectId": 31, "id": 31, "partId": 31, "index": 6, "dominantNormal": [0.997631311416626, 0.06878791749477386, 1.5273985963742712e-17], "obb": {"axesLengths": [1.0574954767097484, 1.2489099521433564, 0.38514080341482054], "centroid": [-0.21116493515103751, -5.731984352851827, -0.9744550014036519], "normalizedAxes": [-0.06878791749477386, 0.997631311416626, 2.215186504043456e-16, 0, -2.220446049250313e-16, 1, 0.997631311416626, 0.06878791749477386, 1.5273985963742712e-17]}, "segments": [20662, 72163, 78599, 21378, 36968, 68770, 68781, 68788, 68798, 68800, 68837, 68863, 70678, 70959, 70984, 71004, 71047, 78598, 97595, 97655, 97658, 97749, 100089, 70876, 97651, 70842, 36996, 37018, 37023, 37054, 37096, 43470, 51871, 51904, 70757, 70768, 92104, 92181, 92189, 97808, 78749, 72065, 43560, 51888, 51928, 52026, 72027, 72172, 72500, 80163], "label": "whiteboard"}, {"objectId": 32, "id": 32, "partId": 32, "index": 7, "dominantNormal": [0.6195484399795532, -0.7849584221839905, -1.742957827364201e-16], "obb": {"axesLengths": [0.5449573825894876, 0.9966029898091477, 0.5298841602951029], "centroid": [1.268773460072262, -6.214851212413029, -1.0116985009231008], "normalizedAxes": [0.7849584221839905, 0.6195484399795532, 1.3756738858717937e-16, 0, -2.220446049250313e-16, 1, 0.6195484399795532, -0.7849584221839905, -1.742957827364201e-16]}, "segments": [98563, 99855, 74911, 98591, 98183, 73314, 73358, 74771, 77842, 98159, 98526, 99892, 73495, 73645, 77050, 15178, 73281, 73524, 74554, 74764, 76982, 76984, 76990, 77766, 82098, 98155, 98185, 98188, 98189, 98191, 98195, 98520, 98525, 98532, 99609, 99613, 100619, 100641, 73726, 15629, 74531, 74876, 74885, 74904, 76978, 79149, 77244, 99517, 15581, 15917, 73586, 76997, 77704, 79040, 79176, 79255, 79293, 79451, 98165, 98227, 99424, 99426, 99767, 99825, 99885, 99888, 100211, 98517, 15868, 72856, 72890, 73372, 73387, 73472, 73541, 73551, 73609, 98224, 99413, 99567, 100515, 99581, 99481, 15456, 15769, 15961, 73563, 74587, 74675, 74690, 77322, 77403, 77422, 77451, 77627, 77645, 77651, 77732, 77743, 77834, 79039, 79072, 79185, 79244, 79256, 79272, 79368, 79430, 99530, 99749, 99778, 99788, 99865, 100214, 100231, 100241, 100384, 100423, 100426, 100458, 100660, 100682, 79278, 79311, 100478, 74446, 77587, 99769], "label": "plant"}, {"objectId": 33, "id": 33, "partId": 33, "index": 8, "dominantNormal": [0.9903731346130371, 0.1384233832359314, 3.073616544300859e-17], "obb": {"axesLengths": [0.769196329912816, 2.089539958025366, 0.1636133090364306], "centroid": [0.7761156441027575, 0.0763160722828693, -0.5347700390643619], "normalizedAxes": [-0.1384233981370926, 0.9903731346130371, 2.1990701140351667e-16, 0, -2.220446049250313e-16, 1, 0.9903731346130371, 0.1384233981370926, 3.073616875173104e-17]}, "segments": [49248, 45762, 26918, 63630], "label": "doorframe"}, {"objectId": 34, "id": 34, "partId": 34, "index": 9, "dominantNormal": [0.9925904273986816, 0.12150800973176956, 2.6980198016117632e-17], "obb": {"axesLengths": [0.8453319661070722, 2.119999957382679, 0.130671454955131], "centroid": [0.5629904874213709, 1.4570756386153643, -0.5300000582635389], "normalizedAxes": [-0.12150800973176956, 0.9925904273986816, 2.2039934930410824e-16, 0, -2.220446049250313e-16, 1, 0.9925904273986816, 0.12150800973176956, 2.6980198016117632e-17]}, "segments": [32409, 1130, 16303, 32508, 50020], "label": "doorframe"}, {"objectId": 35, "id": 35, "partId": 35, "index": 10, "dominantNormal": [0.15796959400177002, -0.9874439835548401, -2.1925660921403358e-16], "obb": {"axesLengths": [0.9762047513806338, 2.1399999974668016, 0.2119735811454121], "centroid": [-0.32160983134444576, 2.3207971627787938, -0.520000038221478], "normalizedAxes": [0.9874439835548401, 0.15796957910060883, 3.507629278156817e-17, 0, -2.220446049250313e-16, 1, 0.15796957910060883, -0.9874439835548401, -2.1925660921403358e-16]}, "segments": [43817, 31115, 35419, 49854, 65371, 56133], "label": "doorframe"}, {"objectId": 36, "id": 36, "partId": 36, "index": 11, "dominantNormal": [0.9620658755302429, -0.2728172540664673, -6.057759939592062e-17], "obb": {"axesLengths": [0.9879072309553434, 2.1410089848710068, 0.3257473433349637], "centroid": [-1.2828334624062998, 1.6581333724700489, -0.5194955445193754], "normalizedAxes": [0.2728172838687897, 0.9620658755302429, 2.1362153724396713e-16, 0, -2.220446049250313e-16, 1, 0.9620658755302429, -0.2728172838687897, -6.057760601336552e-17]}, "segments": [29574, 89554, 19396, 19868, 102664, 33417], "label": "doorframe"}, {"objectId": 37, "id": 37, "partId": 37, "index": 12, "dominantNormal": [0.984687864780426, 0.1743268370628357, 3.8708333663447657e-17], "obb": {"axesLengths": [1.0188367502188986, 2.154520940307059, 0.3902854997635364], "centroid": [-1.3414258397742802, -0.46589109887859004, -0.49733951507494933], "normalizedAxes": [-0.1743268370628357, 0.984687864780426, 2.1864462790964235e-16, 0, -2.220446049250313e-16, 1, 0.984687864780426, 0.1743268370628357, 3.8708333663447657e-17]}, "segments": [9315, 29596, 13093, 9729, 12544, 10087, 25939, 93012, 79541, 11673], "label": "doorframe"}, {"objectId": 38, "id": 38, "partId": 38, "index": 13, "dominantNormal": [0.9999951720237732, 0.0031150963623076677, 6.916903410720083e-19], "obb": {"axesLengths": [0.12382923915318193, 0.30806086548281747, 0.07751996270111375], "centroid": [0.9707365797805971, -6.1561326771963145, -0.15596960182928465], "normalizedAxes": [-0.003115096129477024, 0.9999951720237732, 2.2204353289895744e-16, 0, -2.220446049250313e-16, 1, 0.9999951720237732, 0.003115096129477024, 6.9169028937322e-19]}, "segments": [98613, 99698, 75010], "label": "item"}, {"objectId": 39, "id": 39, "partId": 39, "index": 14, "dominantNormal": [0.9945237040519714, -0.10451104491949081, -2.3206113679450538e-17], "obb": {"axesLengths": [0.20904616829997918, 0.18912098879096673, 0.1394465680810701], "centroid": [0.08243133981003192, -6.467883379170516, -0.20456053045629297], "normalizedAxes": [0.10451104491949081, 0.9945237040519714, 2.2082862295479876e-16, 0, -2.220446049250313e-16, 1, 0.9945237040519714, -0.10451104491949081, -2.3206113679450538e-17]}, "segments": [78436, 78393], "label": "plant"}, {"objectId": 40, "id": 40, "partId": 40, "index": 15, "dominantNormal": [0.9979774355888367, -0.0635688304901123, -1.411511585172327e-17], "obb": {"axesLengths": [0.18344259030486562, 0.3399999866634609, 0.04862323377515671], "centroid": [0.938235532364317, -6.389331448647921, -0.18000003200024328], "normalizedAxes": [0.0635688304901123, 0.9979774355888367, 2.2159550540941912e-16, 0, -2.220446049250313e-16, 1, 0.9979774355888367, -0.0635688304901123, -1.411511585172327e-17]}, "segments": [99915, 98622], "label": "item"}, {"objectId": 41, "id": 41, "partId": 41, "index": 16, "dominantNormal": [0, -2.220446049250313e-16, 1], "obb": {"axesLengths": [0.6220739903511125, 0.2663398921562757, 0.5665731857539477], "centroid": [1.2361341197397908, -5.840725199971542, -1.463169998381212], "normalizedAxes": [0.9870368838310242, 0.1604936569929123, 3.56367506599647e-17, 0, -2.220446049250313e-16, 1, 0.1604936569929123, -0.9870368838310242, -2.1916621491669378e-16]}, "segments": [14649, 76054, 98964, 75869, 99444, 75775, 98832, 13948, 14141, 14148, 14169, 14171, 14209, 14370, 14552, 75886, 75889, 76015, 76019, 76025, 76069, 76141, 76143, 84798, 84824, 84837, 98828, 98881, 98884, 98892, 98898, 98938, 98983, 98989, 84932, 13180, 13963, 100986, 11735, 11898, 11955, 12111, 12114, 12129, 12181, 12288, 12731, 12826, 12855, 12868, 12910, 12911, 12926, 13041, 13072, 13154, 13190, 13234, 13273, 13274, 13299, 13326, 13381, 13413, 14050, 15564, 76083, 77174, 77222, 84714, 84764, 84816, 98924, 98998, 99028, 99487, 99509, 84673, 11830, 84858, 73220, 11985, 12070, 13716, 14314, 14466, 84653, 84664], "label": "laundry basket"}, {"objectId": 42, "id": 42, "partId": 42, "index": 17, "dominantNormal": [0.9920974969863892, 0.12546931207180023, 2.7859783829198344e-17], "obb": {"axesLengths": [0.8302470906730044, 2.0909299383104596, 0.13294405704765136], "centroid": [3.463283870855005, -5.114619875117622, -0.5154650487274295], "normalizedAxes": [-0.12546931207180023, 0.9920974969863892, 2.2028989676545522e-16, 0, -2.220446049250313e-16, 1, 0.9920974969863892, 0.12546931207180023, 2.7859783829198344e-17]}, "segments": [26252, 88778, 31827], "label": "doorframe"}, {"objectId": 43, "id": 43, "partId": 43, "index": 18, "dominantNormal": [0, -2.220446049250313e-16, 1], "obb": {"axesLengths": [0.3351823359867505, 0.12407004555903267, 0.29267127718782077], "centroid": [2.6598205203443266, -4.7288741395740885, -1.5479649946548415], "normalizedAxes": [0.8095692992210388, -0.5870243310928345, -1.303455856788892e-16, 0, -2.220446049250313e-16, 1, -0.5870243310928345, -0.8095692992210388, -1.7976049520497002e-16]}, "segments": [35389, 53930, 97178, 69920], "label": "shoes"}, {"objectId": 44, "id": 44, "partId": 44, "index": 19, "dominantNormal": [0, -2.220446049250313e-16, 1], "obb": {"axesLengths": [0.4366535635909489, 0.12397002896733511, 0.27173306394354846], "centroid": [1.5430341381052615, -4.658207704572863, -1.5310649920761956], "normalizedAxes": [0.968456506729126, -0.24918270111083984, -5.5329674422308593e-17, 0, -2.220446049250313e-16, 1, -0.24918270111083984, -0.968456506729126, -2.150405424237447e-16]}, "segments": [57176, 75529, 57173, 57045], "label": "shoes"}, {"objectId": 45, "id": 45, "partId": 45, "index": 20, "dominantNormal": [0, -2.220446049250313e-16, 1], "obb": {"axesLengths": [0.3551207295564611, 0.1749498805042382, 0.22443459348136632], "centroid": [1.1657132113050594, -4.30366309339141, -1.5140450053502987], "normalizedAxes": [0.9829625487327576, 0.18380582332611084, 4.0813091423366385e-17, 0, -2.220446049250313e-16, 1, 0.18380582332611084, -0.9829625487327576, -2.18261530789467e-16]}, "segments": [57361, 57391, 93472], "label": "item"}, {"objectId": 46, "id": 46, "partId": 46, "index": 21, "dominantNormal": [0.9894022941589355, 0.14520007371902466, 3.224089300402625e-17], "obb": {"axesLengths": [0.9733355012021003, 2.0199999357759957, 0.14512480913737216], "centroid": [1.1800765583028503, -2.7311161438043805, -0.5200000084191561], "normalizedAxes": [-0.14520007371902466, 0.9894022941589355, 2.1969144151844045e-16, 0, -2.220446049250313e-16, 1, 0.9894022941589355, 0.14520007371902466, 3.224089300402625e-17]}, "segments": [84756, 11598, 60606, 10220, 9889, 16189, 18425, 18416], "label": "doorframe"}, {"objectId": 47, "id": 47, "partId": 47, "index": 22, "dominantNormal": [0.9925827980041504, 0.12157045304775238, 2.6994063217545246e-17], "obb": {"axesLengths": [1.0783889304858036, 2.17999995842576, 0.36243138545745524], "centroid": [-0.8197252589417041, -3.9270160810001524, -0.5000000577419985], "normalizedAxes": [-0.12157045304775238, 0.9925827980041504, 2.2039765523821373e-16, 0, -2.220446049250313e-16, 1, 0.9925827980041504, 0.12157045304775238, 2.6994063217545246e-17]}, "segments": [44818, 104628, 68577, 34185, 53771, 98306, 98325, 53831], "label": "doorframe"}, {"objectId": 1, "id": 1, "partId": 1, "index": 23, "dominantNormal": [0, -2.220446049250313e-16, 1], "obb": {"axesLengths": [9.229022658002975, 0.3566900411988059, 4.070206104743938], "centroid": [0.5951891925304076, -2.089603647861651, -1.547275011302344], "normalizedAxes": [-0.26534807682037354, 0.9641526937484741, 2.1408490397078464e-16, 0, -2.220446049250313e-16, 1, 0.9641526937484741, 0.26534807682037354, 5.89191088851967e-17]}, "segments": [11207, 101709, 30246, 32358, 32364, 32378, 32379, 32418, 38963, 38973, 38987, 41047, 41076, 41109, 41129, 41131, 41132, 46414, 46431, 46435, 46443, 46464, 46477, 46490, 46491, 46525, 46531, 46537, 46554, 46560, 46573, 46574, 46581, 46592, 46594, 46599, 46601, 46610, 46648, 46654, 46671, 46681, 46683, 46685, 48110, 48924, 50260, 50301, 50307, 50338, 50344, 50357, 50368, 50380, 50407, 50414, 51675, 54337, 55597, 55631, 56191, 56266, 56406, 60899, 63847, 63980, 68270, 69010, 69682, 89879, 91020, 91034, 91036, 91043, 91047, 91055, 91059, 91077, 91080, 91090, 91148, 91881, 93047, 94412, 37829, 58163, 8783, 344, 790, 833, 888, 3248, 5497, 6883, 7191, 9112, 10164, 11344, 11766, 14077, 15987, 16020, 17273, 18029, 18114, 18224, 18386, 18559, 18752, 21497, 24467, 27281, 27999, 29752, 29817, 31701, 37904, 38995, 39025, 39348, 39606, 39814, 41141, 41144, 44070, 48088, 48093, 49267, 49427, 49438, 52455, 52456, 54482, 54486, 54492, 56486, 57146, 57153, 57412, 57476, 57942, 57995, 62411, 62837, 63008, 63602, 64978, 66103, 66211, 66436, 67187, 69279, 69451, 69965, 73208, 73794, 75600, 83977, 84053, 92524, 92525, 93439, 93442, 94650, 94738, 98733, 99731, 101256, 101599, 102172, 5702, 34904, 35566, 46285, 56354, 64841, 86694, 93084, 59615, 64844, 50072, 73210, 93489, 15381], "label": "floor"}, {"objectId": 2, "id": 2, "partId": 2, "index": 24, "dominantNormal": [0.9914690852165222, 0.13034191727638245, 2.894171952680545e-17], "obb": {"axesLengths": [8.879482198093065, 2.8325399719355997, 0.6332110773989872], "centroid": [-0.6679906612302831, -2.282249053734817, -0.19373003146655776], "normalizedAxes": [-0.13034191727638245, 0.9914690852165222, 2.2015036132228487e-16, 0, -2.220446049250313e-16, 1, 0.9914690852165222, 0.13034191727638245, 2.894171952680545e-17]}, "segments": [78970, 81231, 80867, 81911, 57370, 57286, 57036, 69303, 54069, 18163, 55919, 43236, 25457, 26584, 25741, 33444, 37963, 58323, 104039, 81356, 104022, 63424, 62694, 64909, 61416, 57680, 57626, 57667, 57687, 81429, 59889, 72121, 65695, 80320, 102827], "label": "wall"}, {"objectId": 3, "id": 3, "partId": 3, "index": 25, "dominantNormal": [0.1543830931186676, -0.9880110621452332, -2.1938252595559885e-16], "obb": {"axesLengths": [1.4178343658183572, 2.8199999894201744, 0.11241788983591904], "centroid": [-0.28916895393667374, 2.239621419483983, -0.20000002272427087], "normalizedAxes": [0.9880110621452332, 0.1543830782175064, 3.427992960991642e-17, 0, -2.220446049250313e-16, 1, 0.1543830782175064, -0.9880110621452332, -2.1938252595559885e-16]}, "segments": [54778, 65134, 56227, 95224, 95235, 28696, 46090, 95167, 49721, 49114, 54986], "label": "wall"}, {"objectId": 4, "id": 4, "partId": 4, "index": 26, "dominantNormal": [0.9899217486381531, 0.14161527156829834, 3.1444907026733824e-17], "obb": {"axesLengths": [6.922501007539578, 2.8452900012145177, 0.15104011404754275], "centroid": [0.8843245133354063, -1.071573534444204, -0.20789501537617383], "normalizedAxes": [-0.14161527156829834, 0.9899217486381531, 2.1980678358305485e-16, 0, -2.220446049250313e-16, 1, 0.9899217486381531, 0.14161527156829834, 3.1444907026733824e-17]}, "segments": [974, 158, 93813, 46072, 48283, 41222, 48313, 291, 52627, 94004, 26140, 47436, 8120, 5563, 16054, 25480, 93936, 3546, 22682, 97730, 93838, 25836], "label": "wall"}, {"objectId": 5, "id": 5, "partId": 5, "index": 27, "dominantNormal": [0.9929534792900085, 0.11850456148386002, 2.631329853649778e-17], "obb": {"axesLengths": [0.7467285150581157, 2.0467299957559244, 0.07960230555099174], "centroid": [0.6118170462404512, 1.483843741140876, -0.5333650384091206], "normalizedAxes": [-0.11850456148386002, 0.9929534792900085, 2.204799630178852e-16, 0, -2.220446049250313e-16, 1, 0.9929534792900085, 0.11850456148386002, 2.631329853649778e-17]}, "segments": [5072, 17, 53745, 35592, 38291, 89946, 35613, 91776], "label": "door"}, {"objectId": 6, "id": 6, "partId": 6, "index": 29, "dominantNormal": [0.9871196746826172, 0.15998370945453644, 3.552351956027354e-17], "obb": {"axesLengths": [0.679958672435545, 2.043840988490558, 0.10270934503052892], "centroid": [0.808420460630682, 0.08212732440303627, -0.5502695560395074], "normalizedAxes": [-0.15998370945453644, 0.9871196746826172, 2.1918459817862716e-16, 0, -2.220446049250313e-16, 1, 0.9871196746826172, 0.15998370945453644, 3.552351956027354e-17]}, "segments": [29842, 65775, 69352, 68622, 97256], "label": "door"}, {"objectId": 7, "id": 7, "partId": 7, "index": 30, "dominantNormal": [0.9896600842475891, 0.14343279600143433, 3.1848478521431095e-17], "obb": {"axesLengths": [0.769307390217103, 1.1599999406933792, 0.038285241678960344], "centroid": [0.9029579776318242, -1.2717878531955915, -0.07000003039836855], "normalizedAxes": [-0.14343279600143433, 0.9896600842475891, 2.1974868241682912e-16, 0, -2.220446049250313e-16, 1, 0.9896600842475891, 0.14343279600143433, 3.1848478521431095e-17]}, "segments": [24270, 24650, 22049, 67150, 24938, 22539], "label": "picture"}, {"objectId": 8, "id": 8, "partId": 8, "index": 31, "dominantNormal": [0.9869863986968994, 0.16080376505851746, 3.570560848287606e-17], "obb": {"axesLengths": [0.9245415026424182, 2.0108749715043226, 0.22423199742121191], "centroid": [1.303224691478155, -2.7095504258642653, -0.5292525415289582], "normalizedAxes": [-0.16080376505851746, 0.9869863986968994, 2.1915500496503247e-16, 0, -2.220446049250313e-16, 1, 0.9869863986968994, 0.16080376505851746, 3.570560848287606e-17]}, "segments": [16168, 86310, 18110, 14284, 5061, 5070, 5166, 5170, 5172, 5188, 5222, 5347, 5421, 5423, 6618, 6751, 8646, 9796, 9917, 10589, 10619, 10989, 11024, 11029, 11098, 11107, 11165, 11176, 11221, 11247, 11275, 11339, 11340, 11384, 11396, 11473, 11540, 11699, 11712, 11799, 11806, 11853, 11884, 11889, 11940, 11948, 11973, 11991, 11997, 12004, 12049, 12084, 12101, 12160, 12597, 12602, 12701, 12708, 12748, 12793, 12834, 12850, 12857, 12891, 12957, 13010, 13016, 13050, 13664, 16212, 16265, 16298, 16328, 16335, 16342, 16380, 16386, 16390, 16395, 16400, 16415, 16442, 16561, 16570, 16610, 16631, 16668, 16702, 16708, 16750, 16770, 16793, 16808, 16837, 16841, 16868, 16883, 16934, 16979, 16988, 17008, 17012, 17018, 17028, 17039, 17098, 17101, 17149, 17161, 17178, 17183, 17206, 17227, 17289, 17304, 17317, 17318, 17333, 17514, 81460, 84464, 84499, 84547, 84772, 84886, 84999, 85121, 85123, 85131, 85139, 85144, 85148, 85150, 85151, 85168, 85177, 85188, 85189, 85278, 85280, 85283, 85290, 85295, 85299, 85302, 85352, 85354, 85356, 85608, 85612, 85619, 85789, 85799, 85841, 85845, 85885, 85890, 85898, 85907, 85913, 85920, 85925, 85928, 85931, 85935, 85944, 85966, 85988, 86009, 86023, 86032, 86040, 86043, 86048, 86057, 86061, 86094, 86106, 91717, 92955, 93494, 93686, 93714, 95947, 103874, 103894, 104077, 104587, 104613, 4997, 6670, 6675, 8659, 16882, 17037, 59001, 59039, 83185, 84490, 84492, 84493, 86001, 86075, 93677, 93691, 97359, 97366, 97368, 97371, 97376, 97382, 97411, 97456, 104940, 5392, 8683, 9940, 16859, 17253, 58937, 58952, 58991, 59054, 59080, 81520, 83305, 85387, 93690, 93703, 96021, 97394, 97398, 104841, 104919, 81483, 81484, 97363, 104879, 16545, 93615, 10964, 3638, 4974, 5003, 5014, 5066, 5089, 5259, 5314, 5363, 6576, 6580, 6712, 6723, 6766, 8670, 9732, 9733, 9770, 9803, 10389, 10956, 11016, 11110, 11134, 11235, 11271, 11303, 11304, 11313, 11476, 11487, 11785, 11981, 12075, 12437, 12464, 12481, 12780, 12803, 13062, 14351, 16552, 16728, 58960, 59022, 81466, 82805, 83603, 84458, 84486, 84536, 85119, 85244, 85246, 85274, 85404, 85874, 86128, 93629, 95940, 95942, 97399, 97402, 97431, 103859, 103890, 104768, 104807, 5098, 5266, 5331, 5364, 10941, 11196, 11199, 11377, 11450, 11460, 12749, 14274, 85008, 85263, 85267, 85270, 85200, 5289, 11461, 85726, 11027, 4945, 4978, 5033, 5124, 5217, 5219, 6753, 10365, 11281, 11465, 12656, 13061, 13688, 14115, 84533, 85416, 103848, 103854, 84879, 60660], "label": "door"}, {"objectId": 9, "id": 9, "partId": 9, "index": 32, "dominantNormal": [0.17063045501708984, -0.985335111618042, -2.1878834557798976e-16], "obb": {"axesLengths": [1.994029766266961, 2.800000008940695, 0.34303674597734946], "centroid": [2.312348583368822, -4.230936429826738, -0.17000005200505153], "normalizedAxes": [0.985335111618042, 0.17063045501708984, 3.788757197244804e-17, 0, -2.220446049250313e-16, 1, 0.17063045501708984, -0.985335111618042, -2.1878834557798976e-16]}, "segments": [21575, 21587, 34925, 23112, 96533, 27639, 52694, 60114, 34948, 25258, 34972, 25819, 68880, 70115, 97445, 97504, 70229, 21534, 70212, 70167, 70155, 97454, 70368, 70079, 70028, 69994, 69977], "label": "wall"}, {"objectId": 10, "id": 10, "partId": 10, "index": 33, "dominantNormal": [0.9916727542877197, 0.12878331542015076, 2.859564039340307e-17], "obb": {"axesLengths": [1.9815454604558844, 2.856719906850458, 0.09699290034259467], "centroid": [3.424281106033824, -5.147434016060654, -0.1983600009599331], "normalizedAxes": [-0.12878331542015076, 0.9916727542877197, 2.2019558494073437e-16, 0, -2.220446049250313e-16, 1, 0.9916727542877197, 0.12878331542015076, 2.859564039340307e-17]}, "segments": [38052, 42117, 46502, 24659, 23898, 26083, 90147, 26681, 30370, 30379, 34934, 36229, 37425, 44021, 46947, 90119, 90163, 9515], "label": "wall"}, {"objectId": 11, "id": 11, "partId": 11, "index": 34, "dominantNormal": [0.9925184845924377, 0.12209467589855194, 2.7110464073343708e-17], "obb": {"axesLengths": [0.8252737432754166, 2.0799999964237204, 0.1444204434998226], "centroid": [3.4876133283692154, -5.112040600344125, -0.5500000387430184], "normalizedAxes": [-0.12209467589855194, 0.9925184845924377, 2.2038337479211861e-16, 0, -2.220446049250313e-16, 1, 0.9925184845924377, 0.12209467589855194, 2.7110464073343708e-17]}, "segments": [39605, 40790, 28954, 30604, 27219, 27757, 25248, 25093, 40436], "label": "door"}, {"objectId": 12, "id": 12, "partId": 12, "index": 35, "dominantNormal": [0.13281802833080292, -0.9911404252052307, -2.20077384139923e-16], "obb": {"axesLengths": [3.8137123815001654, 2.828049954145029, 0.2872421059923773], "centroid": [1.6787809642689353, -6.287919328469168, -0.19999501593422164], "normalizedAxes": [0.9911404252052307, 0.1328180432319641, 2.94915299363572e-17, 0, -2.220446049250313e-16, 1, 0.1328180432319641, -0.9911404252052307, -2.20077384139923e-16]}, "segments": [44637, 104262, 47304, 46733, 21347, 22383, 20692, 22552, 924, 18567, 4147, 104286, 104293, 84306, 104453, 81033, 81366, 79937, 103972, 73404, 15811, 78968], "label": "wall"}, {"objectId": 13, "id": 13, "partId": 13, "index": 36, "dominantNormal": [0.10086560994386673, -0.9949000477790833, -2.2091218804900131e-16], "obb": {"axesLengths": [1.1258159026141175, 2.0399999758601184, 0.06790331043481071], "centroid": [2.7095642434851546, -6.200516807379186, -0.3100000643730152], "normalizedAxes": [0.9949000477790833, 0.10086560994386673, 2.2396664510508197e-17, 0, -2.220446049250313e-16, 1, 0.10086560994386673, -0.9949000477790833, -2.2091218804900131e-16]}, "segments": [51301, 35704, 37205, 39684, 49814], "label": "door"}, {"objectId": 14, "id": 14, "partId": 14, "index": 37, "dominantNormal": [0, -2.220446049250313e-16, 1], "obb": {"axesLengths": [9.228228760367086, 0.14272999444462364, 4.055095213208564], "centroid": [0.5290817232441406, -2.2375997901551985, 1.194694930061066], "normalizedAxes": [-0.3112391531467438, 0.9503316283226013, 2.110160109586537e-16, 0, -2.220446049250313e-16, 1, 0.9503316283226013, 0.3112391531467438, 6.910897479767004e-17]}, "segments": [54720, 50220, 34330, 41814, 71463, 57743, 71328, 71720, 71538, 75851, 71875, 26533, 9238, 7990, 18741, 4181, 5881, 28487, 55223, 55328, 60792, 54055, 58123, 4408, 70576, 69406, 103473, 21430, 6654, 6286, 3081, 53863, 95879, 40268, 39158, 95714, 25428, 26062, 58878, 5129, 95807, 42357, 47987, 65883, 59944, 78017, 53108, 54833, 60549, 60572], "label": "ceiling"}, {"objectId": 15, "id": 15, "partId": 15, "index": 38, "dominantNormal": [0.15221455693244934, -0.9883474707603455, -2.1945722367363484e-16], "obb": {"axesLengths": [0.9671964851318504, 2.12652994409509, 0.20796420721408618], "centroid": [-0.3544643047210625, 2.4393722197910215, -0.5132650115356221], "normalizedAxes": [0.9883474707603455, 0.15221455693244934, 3.37984211579044e-17, 0, -2.220446049250313e-16, 1, 0.15221455693244934, -0.9883474707603455, -2.1945722367363484e-16]}, "segments": [61118, 60288, 59228, 59110, 54447, 94940, 43872, 54252, 94800, 61671, 62873, 45326, 54234, 55736, 55772, 55862, 59550, 60267, 62879, 63920, 64153, 64171, 64211, 64274, 64280, 64287, 64297, 64326, 64619, 64701, 64746, 65050, 93049, 93052, 93056, 93744, 93752, 94048, 94760, 94763, 94767, 95132, 95149, 64811, 54163, 94900, 54360, 92953, 46196, 64727, 92914, 93053], "label": "door"}, {"objectId": 16, "id": 16, "partId": 16, "index": 39, "dominantNormal": [0.9867405891418457, -0.16230526566505432, -3.6039008591849236e-17], "obb": {"axesLengths": [1.101941094766217, 2.3399999810755245, 0.514913991555764], "centroid": [-1.3417064378096175, 1.6166803709198017, -0.4200000464171161], "normalizedAxes": [0.16230526566505432, 0.9867405891418457, 2.1910042427949377e-16, 0, -2.220446049250313e-16, 1, 0.9867405891418457, -0.16230526566505432, -3.6039008591849236e-17]}, "segments": [23385, 22464, 3471, 24227, 3335, 22887, 20209, 7683, 22058, 89503, 19193, 19876, 102688, 23366, 23368, 25465], "label": "door"}, {"objectId": 17, "id": 17, "partId": 17, "index": 40, "dominantNormal": [0.9846633672714233, 0.17446498572826385, 3.8739008829283573e-17], "obb": {"axesLengths": [0.9800208562274402, 2.1337099194442493, 0.5719905295353058], "centroid": [-1.4546721999136483, -0.47889695739551397, -0.5168549992102012], "normalizedAxes": [-0.17446498572826385, 0.9846633672714233, 2.186391883699342e-16, 0, -2.220446049250313e-16, 1, 0.9846633672714233, 0.17446498572826385, 3.8739008829283573e-17]}, "segments": [25932, 29449, 28785, 6204, 61300, 58813, 6248, 6268, 6318, 6402, 6410, 6415, 6433, 6449, 26459, 26473, 28220, 28222, 28234, 28270, 28427, 28451, 28853, 28856, 28912, 28947, 28983, 28998, 29004, 29041, 29061, 29083, 29101, 29134, 29412, 29534, 29538, 29648, 30544, 30575, 30590, 30597, 30634, 30647, 30686, 30699, 30710, 30715, 30722, 30826, 30847, 31792, 33473, 55512, 56521, 56889, 56899, 87786, 87796, 87802, 87808, 87812, 87814, 87820, 87940, 87947, 87949, 88021, 88522, 88535, 93149, 93251, 93303, 93341, 20257, 93261, 28802, 93336, 56822, 93276, 56738, 93235, 56804, 93387, 56840, 56928, 56847, 93309, 56708, 56752, 93239, 56664, 93368, 56927, 93287, 56819, 93345, 93431, 56682], "label": "door"}, {"objectId": 18, "id": 18, "partId": 18, "index": 41, "dominantNormal": [0.9893322587013245, 0.14567649364471436, 3.2346679478204433e-17], "obb": {"axesLengths": [0.997659691996128, 2.1306100011480593, 0.3570555248524827], "centroid": [-0.9774678437218534, -3.9623107008503133, -0.5153050400621064], "normalizedAxes": [-0.14567649364471436, 0.9893322587013245, 2.1967589052292446e-16, 0, -2.220446049250313e-16, 1, 0.9893322587013245, 0.14567649364471436, 3.2346679478204433e-17]}, "segments": [33333, 83055, 27151, 46229, 27080, 82682, 82710, 82924, 82962, 83609, 83673, 83694, 83740, 83754, 83800, 83869, 104929, 83929, 104928, 83145, 51579, 67567, 82175, 83753, 96201, 104953, 82738, 46785, 46865, 83562, 83816, 83879], "label": "door"}, {"objectId": 19, "id": 19, "partId": 19, "index": 42, "dominantNormal": [0.9970066547393799, 0.07731591165065765, 1.7167581056888904e-17], "obb": {"axesLengths": [1.3686393475377374, 0.7684200234319261, 0.7069047652973047], "centroid": [-0.5658381366000651, -2.2360053814882663, -0.9542100309384608], "normalizedAxes": [-0.07731591165065765, 0.9970066547393799, 2.213799487592327e-16, 0, -2.220446049250313e-16, 1, 0.9970066547393799, 0.07731591165065765, 1.7167581056888904e-17]}, "segments": [44108, 47233, 47900, 48365, 48367, 91417, 91420, 91425, 91429, 91440, 91444, 91451, 91455, 91468, 44136, 49960, 44181, 47045, 47137, 51246, 91410, 91476, 49969, 36518, 37479, 44209, 46893, 46897, 47088, 47142, 47184, 47216, 89220, 90758, 92055, 41947, 89995, 51364, 92849, 44985, 36526, 37484, 37509, 37599, 42003, 42023, 42937, 42957, 42973, 43006, 43064, 43087, 44667, 44685, 45062, 45097, 45154, 46965, 46993, 47004, 47028, 47056, 47186, 51292, 51354, 51360, 51374, 51380, 51476, 51487, 53324, 53375, 53495, 53502, 53544, 53601, 53679, 61782, 61789, 61882, 61908, 61911, 61926, 61930, 61977, 62007, 62012, 65456, 65506, 65510, 65567, 65575, 65599, 65645, 65655, 89713, 89715, 90896, 90938, 91197, 91203, 91245, 91248, 91302, 92092, 92094, 92097, 92643, 92714, 92896, 92907, 94414, 94419, 94428, 94430, 94433, 95622, 95627, 103234, 91674, 91678, 91852, 65428, 91626, 103224, 65410, 92822, 95653, 91279, 47820, 36407, 36514, 37498, 37526, 48870, 89316, 91803, 61604, 48655, 36351, 36564, 37553, 45128, 45265, 48622, 61622, 90897, 90940, 91504, 89420, 37454, 37515, 36196, 36235, 36247, 36261, 36262, 36288, 36321, 36335, 36391, 36501, 36586, 36598, 36610, 36611, 36649, 36668, 36673, 36721, 36733, 36735, 36743, 37467, 39336, 48477, 48481, 48538, 48572, 48647, 48706, 48785, 50136, 89401, 91566, 91588, 91622, 44776, 50242, 53479, 61629, 61633, 91863, 39310], "label": "clothes dryer"}, {"objectId": 20, "id": 20, "partId": 20, "index": 43, "dominantNormal": [0.9814143776893616, 0.1919005811214447, 4.261048871999511e-17], "obb": {"axesLengths": [0.7730360493111146, 1.022349930800126, 0.10880563776214917], "centroid": [-0.9759161488849539, -1.3854410904871481, -1.0011750031000002], "normalizedAxes": [-0.1919005811214447, 0.9814143776893616, 2.1791776776177975e-16, 0, -2.220446049250313e-16, 1, 0.9814143776893616, 0.1919005811214447, 4.261048871999511e-17]}, "segments": [40817, 35508, 48793, 59896, 61366, 61367, 71671, 74127, 34061, 61403, 65813, 103081, 59883, 61397], "label": "heater"}, {"objectId": 21, "id": 21, "partId": 21, "index": 44, "dominantNormal": [0, -2.220446049250313e-16, 1], "obb": {"axesLengths": [0.6706371691436069, 0.2000000432133664, 0.5114000869885874], "centroid": [-0.7797419747090095, -1.281511794984721, -1.470000034868716], "normalizedAxes": [0.4059649407863617, 0.9138886332511902, 2.0292404051573736e-16, 0, -2.220446049250313e-16, 1, 0.9138886332511902, -0.4059649407863617, -9.014232489032141e-17]}, "segments": [101500, 101495, 52160, 52202, 39726, 39778, 39804, 39815, 52164, 92519, 39733, 52172, 52221], "label": "clothes"}, {"objectId": 22, "id": 22, "partId": 22, "index": 45, "dominantNormal": [0.09831727296113968, -0.9951550960540771, -2.2096882014245914e-16], "obb": {"axesLengths": [0.6959658155801602, 0.9775530477415085, 0.5611936945844059], "centroid": [-0.4284573637197536, -3.057891639481314, -1.040133521926399], "normalizedAxes": [0.9951550960540771, 0.09831727296113968, 2.1830820031962723e-17, 0, -2.220446049250313e-16, 1, 0.09831727296113968, -0.9951550960540771, -2.2096882014245914e-16]}, "segments": [40373, 40416, 40374, 40467, 40507, 40687, 42069, 42943, 43015, 90729, 91996, 90738, 2533, 2562, 42995, 43067, 90731, 4313, 40445, 38447, 40528, 89791, 15589, 3730, 1848, 1909, 49333, 3967, 92029, 773, 805, 1758, 1770, 1833, 1860, 1891, 1955, 1974, 2517, 3803, 3847, 3863, 3880, 3933, 3978, 4029, 4075, 4098, 38367, 38524, 39384, 39418, 39447, 39531, 40421, 40488, 40551, 40553, 40557, 40561, 40597, 40611, 40628, 40631, 40654, 40709, 44364, 44487, 44532, 44567, 49368, 49373, 84037, 84038, 84042, 84045, 84082, 84240, 84284, 84294, 84300, 86578, 89782, 89803, 89805, 89807, 89814, 89848, 89884, 90762, 90770, 90778, 90790, 90801, 90826, 90877, 91699, 91999, 92674, 92677, 44451, 53290, 53410, 89712, 90772, 92640, 44336, 44362, 53357, 65556, 95423, 3697, 18533, 35684, 40147, 51087, 53294, 53388, 65617, 86575, 92711, 95420, 65536, 65549, 65615, 89095], "label": "clothes"}, {"objectId": 23, "id": 23, "partId": 23, "index": 46, "dominantNormal": [0, -2.220446049250313e-16, 1], "obb": {"axesLengths": [0.7225437773128189, 0.6590210052053402, 0.6695812045708848], "centroid": [1.1829549133812662, -5.299921760018907, -1.2564395180395351], "normalizedAxes": [0.981827974319458, 0.18977311253547668, 4.2138095798333427e-17, 0, -2.220446049250313e-16, 1, 0.18977311253547668, -0.981827974319458, -2.1800960466210784e-16]}, "segments": [12439, 71085, 58663, 12466, 12509, 13485, 13494, 58400, 58450, 58477, 58562, 58571, 58583, 59246, 73105, 73900, 85350, 93519, 93589, 93603, 12393, 13437, 98084, 58747, 71096, 72242, 97757, 13366, 14136, 59280], "label": "box"}, {"objectId": 24, "id": 24, "partId": 24, "index": 47, "dominantNormal": [0.9887255430221558, 0.14973928034305573, 3.3248799345532315e-17], "obb": {"axesLengths": [1.6223892910736915, 1.04637000606127, 0.860082695856434], "centroid": [0.1368831396623812, -4.984281164296292, -1.0668150339242435], "normalizedAxes": [-0.14973928034305573, 0.9887255430221558, 2.1954117257964162e-16, 0, -2.220446049250313e-16, 1, 0.9887255430221558, 0.14973928034305573, 3.3248799345532315e-17]}, "segments": [87548, 21219, 21345, 21744, 22013, 22132, 87113, 87144, 87147, 23703, 21174, 17425, 20597, 20862, 20895, 20974, 21037, 21045, 21081, 21089, 21107, 21147, 21160, 21170, 21173, 21184, 21186, 21205, 21751, 21778, 21831, 21919, 22190, 23286, 23310, 23709, 23884, 23927, 23937, 24132, 86702, 86712, 86789, 86818, 86822, 86932, 87380, 87387, 87432, 87434, 87437, 87441, 87445, 87446, 88360, 88454, 21049, 20878, 21300, 31410, 86962, 86967, 90338, 23908, 87481, 17443, 17766, 17773, 21233, 23281, 23853, 33254, 33975, 86705, 88197, 50519, 18970, 19005, 19444, 22180, 22257, 22262, 23501, 23559, 23962, 31500, 32114, 32124, 33942, 87214, 88199, 88209, 88233, 88435, 88438, 88447, 88462, 87455, 14311, 14341, 17642, 17708, 23318, 31512, 31534, 31543, 32965, 32995, 33057, 33103, 33210, 42480, 44769, 86671, 88162, 88301, 88466, 31197, 17460, 19287, 19303, 19417, 19465, 23552, 23841, 32083, 32960, 32981, 33904, 87150, 88472, 91250, 94542, 94557, 91916, 18849, 19241, 19580, 19624, 22291, 22361, 33029, 33123, 33930, 33949, 50523, 63180, 86596, 87269, 87615, 94564, 45400, 19023, 19573, 20919, 45414, 45421, 45519, 45535, 90943, 14837, 43515, 7908, 7923, 9537, 10790, 10846, 10848, 12233, 12238, 13328, 13403, 14945, 14950, 14951, 15004, 15383, 15511, 15935, 18717, 18864, 18924, 19079, 19217, 19257, 19315, 33098, 36933, 42118, 42122, 42166, 42176, 42209, 42250, 42463, 43559, 44746, 45404, 45428, 45523, 45536, 45567, 45572, 45665, 51990, 86580, 86605, 86766, 89233, 90007, 90059, 90201, 90313, 90945, 8727, 7354, 7460, 7476, 7558, 8587, 8776, 8784, 8824, 8848, 10926, 10938, 14885, 14998, 15068, 15088, 15363, 84620, 85494, 85531, 99191, 8221, 8391, 8462, 8540, 8737, 8830, 51859, 51902, 51918, 51961, 51987, 76456, 84704, 90373, 92150, 92171, 92178, 99141, 99204, 8269, 7319, 7468, 8565, 8773, 51984, 8057, 6093, 6132, 7502, 84521, 9759