{"segGroups": [{"objectId": 1, "id": 1, "partId": 1, "index": 0, "dominantNormal": [0, -2.220446049250313e-16, 1], "obb": {"axesLengths": [0.9139084291995037, 0.7122520049158031, 0.979487575308809], "centroid": [1.6889213660221996, 4.7924375038825096, -0.9405839919387428], "normalizedAxes": [0.7640053629875183, 0.6452099084854126, 1.4326537922335905e-16, 0, -2.220446049250313e-16, 1, 0.6452099084854126, -0.7640053629875183, -1.6964326898516864e-16]}, "segments": [19008, 29523, 11101, 8954, 11094, 11109, 11227, 16681, 28485, 29453, 28962, 9314, 8559, 9527, 9556, 28320, 28441, 28993, 9296, 16166, 16211, 1512, 16159, 11042], "label": "armchair"}, {"objectId": 2, "id": 2, "partId": 2, "index": 1, "dominantNormal": [0, -2.220446049250313e-16, 1], "obb": {"axesLengths": [0.9219186435972678, 0.7281639413200924, 0.9248567769655985], "centroid": [2.26240945381704, 6.030237304908502, -0.9457679865929217], "normalizedAxes": [0.6237390041351318, 0.781632661819458, 1.7355731559020216e-16, 0, -2.220446049250313e-16, 1, 0.781632661819458, -0.6237390041351318, -1.3849788074951782e-16]}, "segments": [2317, 1654, 1575, 24902, 19145, 19388, 30215, 19377, 23041, 31039, 2019, 1581, 19405, 19622, 22358, 3001, 31188], "label": "armchair"}, {"objectId": 3, "id": 3, "partId": 3, "index": 2, "dominantNormal": [0, -2.220446049250313e-16, 1], "obb": {"axesLengths": [0.842353788233935, 0.7241309123308003, 0.8628698344863275], "centroid": [0.7712904295578888, 2.764274109221159, -0.9479344663704706], "normalizedAxes": [0.7637543082237244, 0.6455070376396179, 1.4333135514901628e-16, 0, -2.220446049250313e-16, 1, 0.6455070376396179, -0.7637543082237244, -1.6958752362932747e-16]}, "segments": [7922, 30614, 28406, 10144, 28269, 13652, 10250, 15402, 14178, 14119, 14098, 3165, 30780, 7746, 29120, 31050, 7795, 28257, 28278, 28410, 2894, 16024], "label": "armchair"}, {"objectId": 4, "id": 4, "partId": 4, "index": 3, "dominantNormal": [0, -2.220446049250313e-16, 1], "obb": {"axesLengths": [0.9061274658201304, 0.7124829133045019, 0.8969087606693742], "centroid": [0.10550560107199791, 1.352998188847411, -0.9412984727996957], "normalizedAxes": [0.5634744167327881, 0.8261334896087646, 1.834384843155156e-16, 0, -2.220446049250313e-16, 1, 0.8261334896087646, -0.5634744167327881, -1.2511645424879438e-16]}, "segments": [24236, 24884, 22238, 27067, 11493, 11510, 3254, 23579, 24388, 17786, 20057, 27080, 30368, 16845, 24484, 20538], "label": "armchair"}, {"objectId": 5, "id": 5, "partId": 5, "index": 4, "dominantNormal": [0, -2.220446049250313e-16, 1], "obb": {"axesLengths": [11.655675641607825, 0.3455399197591859, 2.9785774659904627], "centroid": [2.3245114460620115, 5.72863790675416, -1.2827699584113845], "normalizedAxes": [0.3545067310333252, 0.9350534677505493, 2.0762357783045123e-16, 0, -2.220446049250313e-16, 1, 0.9350534677505493, -0.3545067310333252, -7.871630703555903e-17]}, "segments": [24073, 1733, 2661, 3595, 22105, 16113, 20190, 8547, 2413, 1825, 8243, 19830, 11134, 22571, 26499, 26653, 11842, 11367, 26330, 19722, 19320, 25345, 21430, 30725, 12818, 14814, 743, 16648, 202, 12065, 23021, 714, 16101, 311, 1046, 14829, 14238, 6633, 18410, 30823, 32587, 33156, 26827, 5653, 7528, 16229, 33192, 8299, 25247, 8262, 26946, 26271, 26905, 7369, 7248, 28242, 7574, 7076, 17013, 14953, 29040, 29059, 32209, 20456, 30392, 20401, 17738, 33205, 32859, 25219, 27525, 17158, 10224, 32593, 19983, 27135, 14392, 13962, 24025, 7618, 14667, 25835, 9142, 9138, 21993, 5077, 4018, 8763, 32394, 8541, 8357, 11856, 13041, 11987, 8190, 25435, 21898, 25608, 19346, 13616, 33265, 26739, 31930, 3502, 32755, 23726, 15692, 23459, 1005, 1021, 2341, 2623, 3049, 3467, 4801, 4815, 4830, 4841, 4845, 4931, 4992, 5797, 5836, 5860, 6002, 6026, 6046, 7104, 7209, 7284, 7313, 7721, 7760, 8020, 8043, 8060, 8066, 8073, 8074, 8090, 8096, 8222, 8236, 8277, 8454, 8502, 8694, 8704, 8710, 8812, 9217, 9610, 10605, 10642, 10742, 10857, 11250, 11465, 11469, 11470, 11475, 11476, 11482, 11753, 11851, 11920, 11994, 12035, 12101, 12543, 12783, 12809, 12873, 12902, 12968, 13129, 13501, 13532, 13549, 13567, 13568, 13629, 13686, 13688, 13748, 13751, 13791, 13874, 13887, 13960, 14021, 14024, 14303, 14793, 14933, 14944, 15034, 15035, 15054, 15062, 15347, 15677, 15934, 16120, 16145, 17016, 17038, 17067, 17099, 17118, 17160, 17552, 18453, 18476, 19924, 20114, 20486, 20514, 20583, 20599, 20627, 20637, 21143, 21159, 21276, 21284, 21306, 21347, 21368, 21370, 21552, 21564, 21677, 21966, 22495, 22530, 22606, 22688, 22866, 22895, 22899, 22923, 22941, 23018, 23031, 23100, 23145, 23174, 23183, 23231, 23238, 23403, 23829, 23956, 23986, 24113, 24124, 24131, 24145, 24198, 24845, 24858, 24922, 25094, 25156, 25229, 25440, 25594, 25595, 26300, 26966, 27012, 27013, 27034, 27039, 27143, 27166, 27175, 27221, 27560, 27941, 27973, 27976, 28006, 28008, 28030, 28119, 28189, 28192, 28195, 28283, 28285, 28294, 28309, 28436, 28699, 28704, 28861, 28865, 28873, 29039, 29049, 29053, 29848, 29868, 29873, 29877, 30186, 30665, 30668, 30960, 31020, 31022, 31023, 31025, 31027, 31058, 31110, 31175, 32860, 32864, 32939, 33243, 33285], "label": "floor"}, {"objectId": 6, "id": 6, "partId": 6, "index": 5, "dominantNormal": [0.46477028727531433, 0.8854312896728516, 1.9660524090366928e-16], "obb": {"axesLengths": [0.5699611362491648, 0.6826999630920594, 0.5846748193863581], "centroid": [1.8221452382968897, 5.5265399977431, -0.931349951169569], "normalizedAxes": [0.46477028727531433, 0.8854312896728516, 1.9660524090366928e-16, 0, -2.220446049250313e-16, 1, 0.8854312896728516, -0.46477028727531433, -1.0319973481894048e-16]}, "segments": [10965, 1546, 31599, 1553, 1555, 1622, 10976, 482, 30950, 28476, 11034, 30912, 20946, 20901, 11209, 30877, 22466], "label": "coffee table"}, {"objectId": 8, "id": 8, "partId": 8, "index": 6, "dominantNormal": [-0.07051347941160202, -0.9975108504295349, -2.2149190269205808e-16], "obb": {"axesLengths": [0.6110940220491767, 0.8449749757727609, 0.5512814715545876], "centroid": [0.25489198213560016, 2.1299480740502323, -0.888072479879282], "normalizedAxes": [0.9975108504295349, -0.07051347941160202, -1.56571376778385e-17, 0, -2.220446049250313e-16, 1, -0.07051347941160202, -0.9975108504295349, -2.2149190269205808e-16]}, "segments": [29879, 9799, 28670, 10328, 5268, 28646, 18777, 30006, 17849, 17846, 15640, 5470, 28336, 4222, 4736, 5263, 5304, 17291, 28076, 28090, 28324, 28372, 29888, 29909, 30041, 30182, 30189], "label": "coffee table"}, {"objectId": 10, "id": 10, "partId": 10, "index": 7, "dominantNormal": [0.9170531034469604, -0.39876511693000793, -8.854364284660753e-17], "obb": {"axesLengths": [10.08521856669906, 1.2853199868950234, 1.016776240837002], "centroid": [1.0891637652926123, 5.487175803242259, -0.6726600011435181], "normalizedAxes": [0.39876511693000793, 0.9170531034469604, 2.036266940501542e-16, 0, -2.220446049250313e-16, 1, 0.9170531034469604, -0.39876511693000793, -8.854364284660753e-17]}, "segments": [18630, 18672, 25275, 18713, 23401, 22174, 23788, 4321, 11615, 23763, 14415, 23745, 7152, 25157, 33025, 33072, 26471, 5489, 26092, 17334, 9731, 23531, 25796, 27383, 25398, 16817, 18386, 19872, 4609, 20268, 18088, 11463, 324, 3187, 4907, 5883, 7682, 7686, 7691, 7948, 9735, 9745, 10098, 10112, 10113, 10246, 10657, 11577, 13731, 15245, 15445, 15456, 15480, 15493, 15762, 17305, 17760, 17831, 17861, 17900, 18040, 18209, 18219, 18682, 18910, 19194, 19330, 21076, 21915, 21921, 23240, 23336, 25758, 25771, 26023, 27520, 27524, 27552, 28960, 29082, 29098, 29141, 30195, 30406, 30839, 30846, 32943, 32950, 2760, 9939, 13591, 20883, 6013, 16888, 2773, 24620, 31494, 20734, 3925, 19046, 8714, 12653, 12662, 20852, 21211, 21219, 25085, 30212, 30700, 30891, 20766, 20638, 16773, 12756, 10432, 24211, 16504, 19739, 14291, 13027, 19834, 18911, 20464, 2707, 19531, 3070, 21171, 6748, 1893, 854, 22217, 2154, 29565, 12487, 24948, 24968, 811, 795, 8217, 14384, 23276, 20364, 20383, 12431, 12458, 28691, 22228, 22658, 15102, 15090, 350, 607, 623, 625, 633, 637, 818, 893, 1461, 2454, 2488, 2506, 2526, 2555, 2711, 2731, 3178, 3211, 4238, 4675, 4719, 4742, 4770, 4902, 5214, 5316, 5362, 5365, 5374, 6329, 6354, 7672, 7962, 9068, 9677, 9682, 9691, 9925, 9929, 11336, 11899, 11940, 12385, 12407, 12433, 12457, 12463, 12509, 12511, 12554, 12558, 12565, 12957, 14089, 14340, 14970, 15134, 15890, 15891, 15904, 16217, 16980, 17863, 18740, 18747, 20671, 20873, 21318, 22665, 22670, 25753, 25818, 27330, 27514, 27548, 27811, 28113, 28116, 28159, 28276, 28678, 28684, 28695, 28697, 29066, 29073, 29506, 30056, 30073, 30077, 30083, 30086, 30124, 30647, 32887, 32898, 32903, 84, 468, 10451], "label": "wall"}, {"objectId": 11, "id": 11, "partId": 11, "index": 8, "dominantNormal": [-0.3809027373790741, -0.9246150851249695, -2.0530579128429804e-16], "obb": {"axesLengths": [2.802497836813713, 1.5030499956820154, 0.36199486235815637], "centroid": [4.48243895728044, 11.139999410731981, -0.5615250135091343], "normalizedAxes": [0.9246150851249695, -0.3809027373790741, -8.457739783619946e-17, 0, -2.220446049250313e-16, 1, -0.3809027373790741, -0.9246150851249695, -2.0530579128429804e-16]}, "segments": [9245, 9439, 1681, 19282, 4771, 1325, 1430, 16468, 19523, 16463, 25932, 16552, 25954, 27285, 2593, 990, 27485, 2369, 7149, 3678, 999, 27926, 3361, 31244, 7967, 24418, 7442, 27832, 6662, 3508, 7050, 7179, 27822, 1732, 25074, 17673, 28725, 28807, 17455, 24942, 13138, 13350, 5497, 4912, 17242, 2094, 17507, 27813, 27865, 7453, 29192, 27405, 1704, 3993, 27570, 11814, 28803, 5763, 17370, 17423, 17706, 18297, 25030, 6328, 24452, 10898, 11738, 11768, 17361, 10952, 1832, 1883, 1659, 2787, 2197, 27400, 946, 1013, 1075, 1142, 1157, 1207, 1238, 1474, 1584, 1748, 1845, 1851, 1864, 1874, 1886, 1897, 1914, 1983, 2031, 2033, 2080, 2098, 2203, 2250, 2281, 2384, 2394, 2563, 2564, 2647, 2660, 2678, 2740, 3366, 3367, 3371, 3381, 3443, 3451, 3456, 3553, 3848, 3986, 4169, 4932, 5159, 5193, 5529, 5531, 5536, 5778, 5786, 6283, 6486, 6527, 6671, 6679, 6772, 6804, 6809, 6835, 6855, 6857, 6909, 6927, 6984, 7098, 7154, 7376, 7386, 7459, 10843, 11591, 11599, 11611, 11767, 11804, 13118, 13198, 13208, 13364, 13393, 13411, 17239, 17331, 17380, 17406, 17414, 17427, 17451, 17460, 17511, 17557, 17639, 17648, 17683, 17700, 17722, 18266, 18312, 19883, 24306, 24323, 24413, 24423, 24497, 27398, 27412, 27425, 27427, 27474, 27489, 27501, 27536, 27558, 27568, 27639, 27693, 27713, 27719, 27754, 27846, 27856, 27870, 27878, 27938, 27939, 28174, 28714, 28756, 28856, 28858, 29303, 29400, 29917, 29920, 29926, 29928, 29965, 29969, 30833, 31209, 31308, 31345, 31355, 5037], "label": "wall"}, {"objectId": 12, "id": 12, "partId": 12, "index": 9, "dominantNormal": [0, -2.220446049250313e-16, 1], "obb": {"axesLengths": [0.287163687209359, 0.28689801051695624, 0.4022156062524602], "centroid": [1.7092233781284598, 5.560148217796508, -0.5334489912732944], "normalizedAxes": [0.18766330182552338, 0.9822334051132202, 2.180996283825332e-16, 0, -2.220446049250313e-16, 1, 0.9822334051132202, -0.18766330182552338, -4.1669623712775245e-17]}, "segments": [22036, 24685, 22106, 29839, 30856, 31411, 31670, 24574, 24594, 16915, 21999, 24588, 22051, 24714, 29837, 29843, 31390, 31545], "label": "item"}], "scan_id": "c9fb7aa5-2a5b-2cf7-902e-42a0339c7242", "annId": "4496", "appId": "stk.v1"}