{"segGroups": [{"objectId": 1, "id": 1, "partId": 1, "index": 0, "dominantNormal": [0, -2.220446049250313e-16, 1], "obb": {"axesLengths": [5.6910513571429435, 0.40794002097979176, 4.77910037542202], "centroid": [0.03274528053709833, 0.9149331165514412, -1.406030142192464], "normalizedAxes": [0.8425710201263428, -0.5385853052139282, -1.195899613146541e-16, 0, -2.220446049250313e-16, 1, -0.5385853052139282, -0.8425710201263428, -1.8708834928523438e-16]}, "segments": [21623, 3578, 1665, 20149, 41, 420, 447, 465, 1059, 1109, 1702, 1704, 2271, 3100, 3424, 3469, 3474, 3475, 3481, 3486, 3491, 3498, 3547, 3610, 3637, 3638, 3660, 3670, 3678, 3686, 3690, 3736, 3738, 3747, 3750, 3752, 3754, 3756, 3760, 3763, 3799, 3808, 3816, 3840, 3847, 3858, 3861, 3866, 3883, 3885, 3890, 3924, 3932, 3935, 3946, 3960, 3968, 3975, 4017, 4046, 4052, 4053, 4064, 4070, 4090, 4093, 4100, 4135, 4148, 4162, 4166, 4167, 4171, 4179, 4214, 4225, 4235, 4236, 4247, 4273, 4282, 4329, 4336, 4362, 4369, 4397, 4407, 4532, 4568, 4879, 4980, 7641, 7825, 10143, 11107, 11110, 11115, 11122, 11156, 11167, 11776, 11921, 11950, 11996, 12039, 12315, 12369, 12382, 12386, 12431, 12464, 12528, 12558, 12581, 12588, 12629, 12731, 12736, 12740, 13590, 13638, 14299, 15979, 16006, 16009, 19003, 19130, 19915, 20774, 21275, 21310, 21330, 21529, 21973, 22059, 23270, 23274, 23310, 23313, 23330, 23337, 23347, 23385, 23393, 23421, 23425, 23503, 23519, 23527, 23530, 23538, 23542, 23553, 23560, 23566, 23618, 23632, 23640, 23712, 23722, 23724, 23729, 23758, 23795, 23799, 23813, 23991, 24031, 24627, 25722, 28013, 28079, 28089, 28133, 28140, 28145, 28159, 28233, 28247, 28315, 28374, 28389, 28462, 28491, 28492, 28496, 28551, 31727, 31729, 31742, 31751, 31753, 31754, 31759, 31777, 31780, 31795, 31797, 31803, 31812, 31819, 31828, 31831, 31903, 31908, 31911, 31922, 31940, 31941, 31958, 31964, 33634, 33638, 33642, 33670, 33692, 33693, 33705, 33707, 33712, 33718, 35140, 35176, 35186, 35188, 35195, 35232, 35367, 35398, 35538, 35542, 35548, 35560, 35561, 35563, 35567, 35571, 35579, 35585, 35617, 35620, 35623, 35630, 35637, 35640, 35643, 35649, 37386, 37389, 37392, 37954, 38075, 38771, 38773, 38781, 482, 1180, 200, 235, 532, 561, 563, 573, 606, 640, 651, 709, 711, 729, 730, 738, 744, 2336, 2384, 2396, 2584, 4839, 4852, 4858, 4985, 4997, 6142, 6405, 6700, 6900, 7036, 7575, 8080, 23364, 31418, 31495, 31499, 31529, 31533, 31537, 31544, 31550, 31556, 31561, 31666, 31971, 31973, 38017, 38784, 37453, 2442, 2579, 2582, 14417, 16355, 16391, 16394, 16403, 16440, 16465, 16483, 16485, 16496, 16500, 16511, 16521, 16539, 16540, 16648, 17110, 19060, 19113, 19146, 19150, 24025, 34015, 34023, 34035, 34040, 34048, 462, 2446, 5702, 10266, 10410, 14408, 20617, 20832, 22754, 28654, 31243, 31246, 32028, 33611, 33613, 38796, 14060, 14063, 14079, 14100, 14123, 14174, 14187, 14193, 14492, 14500, 14524, 14595, 14603, 14612, 14629, 14672, 18608, 34004, 34008, 34062, 34064, 34070, 34085, 34128, 14113, 16556, 27760, 27822, 27396, 13823, 30467, 29738, 6803, 12986, 13853, 13899, 14205, 15368, 15474, 15500, 15516, 16263, 16275, 16366, 16380, 16477, 16487, 16502, 16514, 16531, 16547, 16572, 16580, 16624, 16635, 16651, 16678, 17551, 17576, 17608, 17612, 17638, 17646, 17677, 17696, 17712, 17722, 17724, 18048, 18057, 18090, 18116, 18205, 18218, 18233, 18252, 18507, 18510, 18544, 18554, 18632, 18672, 18673, 18773, 18779, 18817, 19648, 19654, 22766, 22767, 22777, 22808, 22810, 23079, 23091, 23122, 23143, 23146, 23147, 23153, 23171, 24471, 24474, 24484, 24489, 24984, 25044, 25059, 25065, 25141, 25146, 25158, 25195, 25212, 25216, 25223, 26985, 26992, 27011, 27015, 27020, 27685, 27696, 27796, 27883, 27906, 28855, 28918, 28945, 28978, 29729, 29794, 29798, 29966, 30011, 30328, 30368, 30450, 30455, 30514, 33600, 34114, 34194, 34296, 34300, 34302, 34434, 34440, 34445, 34448, 34449, 34488, 34814, 34824, 35011, 35036, 35042, 35045, 35049, 35098, 35113, 35119, 35529, 35535, 36156, 36167, 36209, 36213, 36248, 36250, 36252, 36254, 36760, 37223, 37225, 37230, 37232, 37234, 37237, 37240, 37253, 37256, 37285, 38259, 38299, 38864, 38868, 38872, 3211, 13333, 13339, 16866, 16890, 16945, 16990, 17107, 26960, 26962, 18109, 4219, 4512, 5030, 5038, 5058, 12635, 15126, 18037, 18038, 18932, 21338, 22786, 23302, 23580, 24024, 27035, 27966, 28936, 28977, 30042, 31770, 31975, 31989, 31996, 32007, 33830, 35229, 35607, 36856, 9944, 7846, 33377, 9949], "label": "floor"}, {"objectId": 2, "id": 2, "partId": 2, "index": 1, "dominantNormal": [0.9997832179069519, -0.020821699872612953, -4.623346122081918e-18], "obb": {"axesLengths": [2.119716285006104, 1.6711499317478402, 0.10480700329953713], "centroid": [2.1353529915844236, 1.3900604312464349, -0.7055751479115671], "normalizedAxes": [0.020821699872612953, 0.9997832179069519, 2.2199646963082562e-16, 0, -2.220446049250313e-16, 1, 0.9997832179069519, -0.020821699872612953, -4.623346122081918e-18]}, "segments": [30966, 29305, 7203, 22152, 11721, 20122], "label": "wall"}, {"objectId": 3, "id": 3, "partId": 3, "index": 2, "dominantNormal": [-0.07177483290433884, -0.9974208474159241, -2.214719180084588e-16], "obb": {"axesLengths": [0.6352650110677026, 1.596419969281107, 0.10398711053954098], "centroid": [1.8437995927795279, 0.3453230522216624, -0.6443001662923353], "normalizedAxes": [0.9974208474159241, -0.07177483290433884, -1.5937214415804054e-17, 0, -2.220446049250313e-16, 1, -0.07177483290433884, -0.9974208474159241, -2.214719180084588e-16]}, "segments": [1140, 2024, 684, 1061, 1435, 1574, 5152, 10222, 31411, 31414, 31417, 31423, 32366], "label": "wall"}, {"objectId": 4, "id": 4, "partId": 4, "index": 3, "dominantNormal": [0.9997429251670837, -0.02267361246049404, -5.0345533210136665e-18], "obb": {"axesLengths": [1.2839040282544585, 1.9349000021465113, 0.15333675770074923], "centroid": [1.5068530537550602, -0.24735794514181828, -0.47745017685241553], "normalizedAxes": [0.022673610597848892, 0.9997429251670837, 2.2198752284532025e-16, 0, -2.220446049250313e-16, 1, 0.9997429251670837, -0.022673610597848892, -5.03455290742336e-18]}, "segments": [11355, 33221, 9233, 17372, 6130], "label": "wall"}, {"objectId": 5, "id": 5, "partId": 5, "index": 4, "dominantNormal": [0.008142338134348392, -0.9999668598175049, -2.2203724632630204e-16], "obb": {"axesLengths": [0.6282590796781852, 1.9417820138830975, 0.06182572142213779], "centroid": [1.8099011864459136, -0.8415511053274584, -0.457149163121227], "normalizedAxes": [0.9999668598175049, 0.008142338134348392, 1.8079622542074053e-18, 0, -2.220446049250313e-16, 1, 0.008142338134348392, -0.9999668598175049, -2.2203724632630204e-16]}, "segments": [7683], "label": "wall"}, {"objectId": 6, "id": 6, "partId": 6, "index": 5, "dominantNormal": [0.9985766410827637, -0.05333571135997772, -1.1842906957321758e-17], "obb": {"axesLengths": [0.3237256045530833, 1.9912799151700742, 0.11130667513618206], "centroid": [2.0913244139461757, -1.005307235206041, -0.4656401724052386], "normalizedAxes": [0.053335707634687424, 0.9985766410827637, 2.2172855575658705e-16, 0, -2.220446049250313e-16, 1, 0.9985766410827637, -0.053335707634687424, -1.1842906130141145e-17]}, "segments": [6724, 8281], "label": "wall"}, {"objectId": 7, "id": 7, "partId": 7, "index": 6, "dominantNormal": [-0.029016967862844467, -0.9995788931846619, -2.2195110042858831e-16], "obb": {"axesLengths": [4.624673758459243, 0.8199999149143711, 0.33454684942013063], "centroid": [-0.15819541091175815, 2.4581019749737645, -1.1400001345774493], "normalizedAxes": [0.9995788931846619, -0.029016969725489616, -6.443061578817936e-18, 0, -2.220446049250313e-16, 1, -0.029016969725489616, -0.9995788931846619, -2.2195110042858831e-16]}, "segments": [13514, 23660, 18969, 25855, 16808, 16853, 18454, 18487, 18493, 18503, 18604, 22218, 22279, 22330, 22335, 22338, 22392, 22406, 22433, 22437, 26337, 26340, 26375, 26378, 26400, 26405, 26407, 26411, 26418, 26477, 26478, 26493, 26584, 26622, 26703, 26750, 26794, 26823, 26824, 26830, 29040, 29169, 29196, 34392, 35400, 35414, 35417, 35418, 35421, 35430, 35439, 35445, 36406, 36413, 36418, 36551, 36557, 36560, 36563, 36605, 36704, 36753, 36755, 36756, 36769, 38904, 39338, 39524, 39528, 22502, 39277, 11496, 11497, 11500, 11512, 11519, 11522, 11532, 11539, 11581, 11593, 11606, 11610, 11613, 11614, 12067, 16768, 16773, 16793, 16805, 16831, 16849, 16867, 16925, 16966, 18696, 18714, 18720, 18722, 18731, 18733, 18739, 22376, 22409, 22425, 22479, 22541, 22623, 22635, 22642, 22681, 22722, 25828, 25956, 26073, 26111, 26117, 26153, 26174, 26216, 26237, 26280, 26291, 26351, 26437, 26448, 26472, 26690, 26766, 26898, 26908, 29026, 29029, 29094, 29110, 29116, 29125, 29276, 29365, 30132, 33644, 33649, 33653, 33659, 34078, 34102, 34396, 34400, 34403, 34409, 34690, 35402, 35425, 35447, 35659, 35668, 35672, 35720, 35755, 36469, 36570, 36589, 36613, 36625, 36640, 36673, 36707, 36835, 38879, 38892, 38894, 38905, 38909, 38922, 38929, 38939, 38962, 39007, 39585, 39746, 19774, 17042], "label": "wall"}, {"objectId": 8, "id": 8, "partId": 8, "index": 7, "dominantNormal": [0.592108428478241, -0.805858314037323, -1.789364909659692e-16], "obb": {"axesLengths": [0.680047260972593, 0.8682039782061279, 0.6334789577335453], "centroid": [-0.3126767342784385, 1.2860234100121435, -1.0136681524043936], "normalizedAxes": [0.805858314037323, 0.5921083688735962, 1.3147446883934237e-16, 0, -2.220446049250313e-16, 1, 0.5921083688735962, -0.805858314037323, -1.789364909659692e-16]}, "segments": [35329, 16952, 34614, 34568, 20914, 16926, 15140, 15206, 15215, 16942, 16969, 20909, 21113, 27564, 34148, 34195, 34562, 34617, 35357, 35359, 37215, 21210, 36362, 35344, 20944, 20945, 27987, 37293, 21878, 21990, 25684, 36381, 36400, 37368, 21987, 37288], "label": "chair"}, {"objectId": 9, "id": 9, "partId": 9, "index": 8, "dominantNormal": [0.9724960923194885, -0.2329191118478775, -5.171843216975114e-17], "obb": {"axesLengths": [1.0221055068530247, 0.7731000012211497, 0.631743811638642], "centroid": [-0.40999631417558724, -0.3123959549956221, -1.0365501366036347], "normalizedAxes": [0.2329191118478775, 0.9724960923194885, 2.159375106102176e-16, 0, -2.220446049250313e-16, 1, 0.9724960923194885, -0.2329191118478775, -5.171843216975114e-17]}, "segments": [19791, 28612, 16252, 31305, 23937, 27132, 24920, 1730, 23282, 31346, 31658, 34880, 35216, 26942, 24911], "label": "commode"}, {"objectId": 10, "id": 10, "partId": 10, "index": 9, "dominantNormal": [0.9970275163650513, 0.07704661041498184, 1.7107784170407446e-17], "obb": {"axesLengths": [1.3999432718512699, 0.9199999365210539, 0.7271346868252662], "centroid": [1.2367313607697414, -0.32990097938613716, -0.9700001216879452], "normalizedAxes": [-0.07704661041498184, 0.9970275163650513, 2.21384580970663e-16, 0, -2.220446049250313e-16, 1, 0.9970275163650513, 0.07704661041498184, 1.7107784170407446e-17]}, "segments": [4691, 8986, 6586, 31595, 1129, 1393, 1427, 1428, 3309, 3311, 3316, 5834, 5848, 5865, 5873, 5967, 6197, 6208, 6283, 6305, 6308, 6333, 6369, 6442, 6599, 6835, 8036, 8049, 8051, 8379, 8470, 8708, 8762, 8777, 8850, 8856, 9284, 9416, 9584, 10024, 31436, 31442, 32066, 32068, 32078, 32096, 32147, 32213, 32216, 32254, 32476, 32614, 32730, 32746, 32750, 32848, 6231, 32789, 1511, 32142, 44, 1484, 3318, 3884, 4727, 6150, 6387, 6456, 6470, 6477, 6633, 7253, 7301, 8509, 9287, 31368, 31451, 32188, 32247, 32995, 8534, 32393, 7373, 32313, 8364, 8412, 12711, 5593, 5781, 32046, 1398, 2686, 1438, 7298, 7389], "label": "table"}, {"objectId": 11, "id": 11, "partId": 11, "index": 10, "dominantNormal": [0, -2.220446049250313e-16, 1], "obb": {"axesLengths": [0.5901848556970003, 0.4382559559139021, 0.5042542522455549], "centroid": [0.7770695707361494, -0.1821887031971468, -0.8636121214318537], "normalizedAxes": [0.5299040675163269, 0.8480575680732727, 1.8830660765651268e-16, 0, -2.220446049250313e-16, 1, 0.8480575680732727, -0.5299040675163269, -1.1766233931982992e-16]}, "segments": [31295, 18023, 33272, 9649, 9704, 11192, 10844, 33461, 8881, 33311, 32666, 19388, 33335, 33502, 33514, 10850, 33239, 11178, 11179, 18328, 31970, 6010, 6034, 8871, 9459, 9474, 9550, 9613, 9711, 9764, 9966, 10007, 17412, 18026, 18212, 19534, 19602, 19610, 19653, 19965, 20131, 20133, 20397, 31258, 31260, 31265, 31267, 31269, 31273, 31361, 31365, 32129, 32633, 32698, 33243, 33279, 33339, 33367, 33459, 33489, 33493], "label": "chair"}, {"objectId": 12, "id": 12, "partId": 12, "index": 11, "dominantNormal": [0, -2.220446049250313e-16, 1], "obb": {"axesLengths": [5.025079963175384, 1.340000003427267, 3.689332402273453], "centroid": [-0.2695890986114224, 0.6479993000989412, -0.12000017644971184], "normalizedAxes": [0.9990119338035583, 0.044442806392908096, 9.868285387272934e-18, 0, -2.220446049250313e-16, 1, 0.044442806392908096, -0.9990119338035583, -2.2182521015680264e-16]}, "segments": [19179, 7954, 2741, 6531, 4589, 4199, 3042, 17767, 16764, 24691, 30559, 13953, 17785, 28724, 25990, 17286, 1886, 30817, 24203, 34647, 11859, 34625, 11370, 11351, 2325, 2917, 6743, 4619, 7686, 7752, 28180, 21257, 3250, 21968, 19693, 26023, 38956, 35394, 22114, 22077, 1970, 1932], "label": "ceiling"}, {"objectId": 13, "id": 13, "partId": 13, "index": 12, "dominantNormal": [0, -2.220446049250313e-16, 1], "obb": {"axesLengths": [2.0538540621680594, 1.0541539552624386, 1.5264762597368546], "centroid": [-1.211229315149497, 0.8669044739528713, 0.0029228075485803195], "normalizedAxes": [0.10499937832355499, 0.9944722652435303, 2.2081720124490062e-16, 0, -2.220446049250313e-16, 1, 0.9944722652435303, -0.10499937832355499, -2.3314545477227664e-17]}, "segments": [31069, 29510, 17659, 34269, 18019, 1718, 777, 31347, 40127, 30724, 29772, 11823, 15574, 6959, 11235, 817, 841, 1265, 1313, 2757, 2783, 5463, 9072, 9083, 9091, 9093, 9116, 9119, 9125, 9127, 9142, 9161, 9171, 9173, 9191, 9220, 9221, 13091, 13458, 15397, 15410, 15533, 16020, 17988, 19526, 22873, 24913, 27153, 29441, 29483, 29554, 29561, 30677, 30698, 30775, 30786, 30835, 30845, 30850, 30857, 30917, 31008, 31578, 32852, 32862, 32895, 33992, 35460, 36675, 37325, 37333, 37362, 40056, 40113, 40148, 40175, 40201, 29835, 29864, 23002, 17172, 17193, 17222, 17226, 17227, 19188, 19241, 19254, 19289, 19292, 19298, 19314, 19336, 19348, 23016, 35207, 35522], "label": "window"}, {"objectId": 14, "id": 14, "partId": 14, "index": 13, "dominantNormal": [0.999954342842102, 0.009558379650115967, 2.122386633133459e-18], "obb": {"axesLengths": [2.2745265861973403, 1.8641599894130225, 0.18915396003597243], "centroid": [-2.7663271019050604, 1.1126366975478057, -0.5820801828536339], "normalizedAxes": [-0.009558379650115967, 0.999954342842102, 2.2203446699944386e-16, 0, -2.220446049250313e-16, 1, 0.999954342842102, 0.009558379650115967, 2.122386633133459e-18]}, "segments": [30833, 19068, 13412, 10485, 10891, 10763], "label": "wall"}, {"objectId": 15, "id": 15, "partId": 15, "index": 14, "dominantNormal": [0, -2.220446049250313e-16, 1], "obb": {"axesLengths": [1.740762423731022, 0.9834269363412192, 1.3137165181339676], "centroid": [-1.2585992073835421, -0.2151058707925416, -0.9382866217778627], "normalizedAxes": [0.07397694140672684, 0.9972599744796753, 2.214361970408863e-16, 0, -2.220446049250313e-16, 1, 0.9972599744796753, -0.07397694140672684, -1.642618072821885e-17]}, "segments": [18456, 21066, 14869, 14871, 18315, 20971, 20976, 21013, 27455, 27540, 35305, 37202, 37205, 38836, 23028, 19592, 14185, 14186, 14348, 17474, 27493, 27529, 28794, 34427, 34431, 34725, 38809, 13159, 14210, 17466, 17475, 24372, 34713, 34715, 35791, 37181, 36271, 25429, 35250, 12004, 35297, 39757, 10607, 39782, 39772, 25557, 36332, 39029, 43, 36308, 20309, 19737, 25467, 37138, 20298, 20271, 35243, 25533, 20297, 31485, 25568, 78, 8537, 9418, 11998, 12009, 15786, 15892, 17455, 20218, 20352, 20392, 20404, 24915, 25469, 25508, 25518, 25552, 35287, 35289, 36128, 36131, 36341, 39767, 39814, 40040, 20497], "label": "bed"}, {"objectId": 16, "id": 16, "partId": 16, "index": 15, "dominantNormal": [0.08853732794523239, -0.9960728883743286, -2.211726109756126e-16], "obb": {"axesLengths": [0.7500281480032115, 0.3756000911682822, 0.2407915999177691], "centroid": [-1.8958209471511085, 2.497018835830439, -1.38220014613926], "normalizedAxes": [0.9960728883743286, 0.08853732794523239, 1.965923600471706e-17, 0, -2.220446049250313e-16, 1, 0.08853732794523239, -0.9960728883743286, -2.211726109756126e-16]}, "segments": [36516, 22475, 26697, 22695, 36798, 26916, 26531, 26553, 17012, 26871], "label": "clothes dryer"}, {"objectId": 17, "id": 17, "partId": 17, "index": 16, "dominantNormal": [0.9888522624969482, -0.1489000767469406, -3.306245871458127e-17], "obb": {"axesLengths": [0.7543625288850903, 1.04534499990914, 0.7859494075483389], "centroid": [-1.232200348040687, 1.2458679943661806, -0.7329576626703656], "normalizedAxes": [0.9888522624969482, -0.1489000767469406, -3.306245871458127e-17, 0, -2.220446049250313e-16, 1, -0.1489000767469406, -0.9888522624969482, -2.1956930995535823e-16]}, "segments": [15610, 40026, 22846, 22859, 22860, 35494, 35498, 35501, 35503, 36933, 36938, 37011, 15554, 15651, 15699, 15701, 15724, 15726, 15727, 22866, 27246, 27249, 30215, 30307, 30312, 34303, 34377, 34383, 39976, 34375, 15587, 13750, 15309, 15336, 15529, 15593, 15635, 22931, 27190, 27213, 27220, 30139, 30406, 34279, 34314, 34318, 36960, 15301, 37025, 27157, 15677, 30604, 13736, 22934, 30624, 27115, 35007, 36888, 36927, 14264, 27674, 39850, 13776, 13787, 13807, 27265, 37087, 13704, 27294, 30276, 37060, 39834, 27266, 14697, 14708, 17895, 18432, 27114, 27152, 30201, 30229, 30239, 30256, 30271, 30341, 30582, 30584, 36883, 39817, 39819, 39822, 39825, 17911, 17854, 15936, 17938, 27653, 34883, 34887, 34890, 34926, 34929], "label": "clothes dryer"}, {"objectId": 22, "id": 22, "partId": 22, "index": 17, "dominantNormal": [0, -2.220446049250313e-16, 1], "obb": {"axesLengths": [1.3705489572935736, 0.17251598449388172, 0.6992157901946036], "centroid": [-1.324312942775297, -0.22960970837973058, -0.8762581704102859], "normalizedAxes": [0.7685787081718445, -0.6397552490234375, -1.420542015181242e-16, 0, -2.220446049250313e-16, 1, -0.6397552490234375, -0.7685787081718445, -1.7065875560980814e-16]}, "segments": [17344, 17309, 24245, 24378, 17404, 16171, 19408, 15015, 15037, 30187, 29851, 15050, 28803], "label": "blanket"}, {"objectId": 23, "id": 23, "partId": 23, "index": 18, "dominantNormal": [0.8066436648368835, 0.5910380482673645, 1.3123680992318854e-16], "obb": {"axesLengths": [0.1911862953207333, 0.250955009811632, 0.06772801216199942], "centroid": [-0.4469036358327936, -0.15693003651101323, -0.6053976683801929], "normalizedAxes": [-0.5910380482673645, 0.8066436648368835, 1.7911087387398518e-16, 0, -2.220446049250313e-16, 1, 0.8066436648368835, 0.5910380482673645, 1.3123680992318854e-16]}, "segments": [26043, 12258, 12298, 12777, 12802, 25409, 25413, 31351, 31352, 12361, 12819], "label": "item"}, {"objectId": 24, "id": 24, "partId": 24, "index": 19, "dominantNormal": [0.9175913333892822, -0.39752504229545593, -8.826829096430087e-17], "obb": {"axesLengths": [0.34204567279190506, 0.27090396871632394, 0.12476318878553341], "centroid": [1.532773692516584, -0.2879883466482612, -0.6054521470243], "normalizedAxes": [0.39752501249313354, 0.9175913333892822, 2.0374620510505586e-16, 0, -2.220446049250313e-16, 1, 0.9175913333892822, -0.39752501249313354, -8.826828434685597e-17]}, "segments": [11667, 33399, 11693, 7974, 32943, 6539, 7991, 11433, 11489, 11514, 11589, 11585], "label": "jug"}, {"objectId": 27, "id": 27, "partId": 27, "index": 20, "dominantNormal": [0.972745954990387, 0.23187357187271118, 5.1486275659032006e-17], "obb": {"axesLengths": [0.30946861317498026, 0.1685899458395701, 0.14626497790181137], "centroid": [1.0170181320239595, -1.1435596443293607, -1.3707551605285286], "normalizedAxes": [-0.23187357187271118, 0.972745954990387, 2.1599299126826276e-16, 0, -2.220446049250313e-16, 1, 0.972745954990387, 0.23187357187271118, 5.1486275659032006e-17]}, "segments": [31669, 2347, 2365], "label": "item"}, {"objectId": 34, "id": 34, "partId": 34, "index": 24, "dominantNormal": [0.8181567192077637, -0.5749953389167786, -1.2767461286351058e-16], "obb": {"axesLengths": [0.25929661085097744, 0.21960299716287102, 0.09525992646276017], "centroid": [1.013536131391144, -0.48213301983573886, -0.6147956368199958], "normalizedAxes": [0.5749953389167786, 0.8181567192077637, 1.8166728548324766e-16, 0, -2.220446049250313e-16, 1, 0.8181567192077637, -0.5749953389167786, -1.2767461286351058e-16]}, "segments": [33571, 12630, 33558, 12700, 33545], "label": "item"}], "scan_id": "422885af-192d-25fc-8651-420062adb475", "annId": "2154", "appId": "stk.v1"}