{"segGroups": [{"objectId": 1, "id": 1, "partId": 1, "index": 0, "dominantNormal": [0, -2.220446049250313e-16, 1], "obb": {"axesLengths": [4.36196016966333, 0.21725999823376557, 2.500978174041989], "centroid": [-1.2259583319594807, 1.5498464975632449, -1.318630127564892], "normalizedAxes": [-0.575157642364502, 0.8180425763130188, 1.8164194066927903e-16, 0, -2.220446049250313e-16, 1, 0.8180425763130188, 0.575157642364502, 1.2771065146843829e-16]}, "segments": [22050, 5525, 14237, 21357, 22799, 22819, 22842, 23721, 23724, 24548, 26448, 28159, 29053, 2167, 2170, 6541, 6586, 6733, 18338, 21335, 23747, 23775, 38120, 38122, 43519, 6268, 47063, 24688], "label": "floor"}, {"objectId": 2, "id": 2, "partId": 2, "index": 1, "dominantNormal": [0.8324903845787048, 0.5540395379066467, 1.2302149030732828e-16], "obb": {"axesLengths": [3.856241914711184, 1.9833209667357574, 0.09488500543728381], "centroid": [-0.23910691131280282, 2.2177629900167175, -0.3583396276457722], "normalizedAxes": [-0.5540395379066467, 0.8324903845787048, 1.848499985476659e-16, 0, -2.220446049250313e-16, 1, 0.8324903845787048, 0.5540395379066467, 1.2302149030732828e-16]}, "segments": [27784, 5647, 5717, 19658, 20994, 21519, 21566, 21722, 24067, 25434], "label": "wall"}, {"objectId": 3, "id": 3, "partId": 3, "index": 2, "dominantNormal": [0.5336660742759705, -0.8456952571868896, -1.8778206926903566e-16], "obb": {"axesLengths": [0.7409965758714753, 2.027499988060444, 0.3310467105707758], "centroid": [-2.600193251173032, 2.9402584624590973, -0.38375013022683513], "normalizedAxes": [0.8456952571868896, 0.5336660742759705, 1.1849767262450027e-16, 0, -2.220446049250313e-16, 1, 0.5336660742759705, -0.8456952571868896, -1.8778206926903566e-16]}, "segments": [36307, 45520, 3045, 45600, 7694, 4621, 403], "label": "wall"}, {"objectId": 4, "id": 4, "partId": 4, "index": 3, "dominantNormal": [0, -2.220446049250313e-16, 1], "obb": {"axesLengths": [4.649465262863899, 0.1400000421702846, 3.751338574957849], "centroid": [-1.4507832874502316, 1.565224007570011, 0.5999998632818464], "normalizedAxes": [-0.12193771451711655, 0.9925377368927002, 2.2038764966152429e-16, 0, -2.220446049250313e-16, 1, 0.9925377368927002, 0.12193771451711655, 2.7075611645414398e-17]}, "segments": [17283, 21443, 4005, 2953, 14081, 37232, 23856, 24130, 24795, 37444, 37474, 391, 1410, 3943, 7087, 10040, 15029, 15472, 15775, 15974, 16137, 17143, 17190, 17197, 17512, 17521, 18032, 18063, 18154, 18235, 18603, 18606, 18618, 18628, 18700, 21621, 21821, 24143, 24324, 24731, 25489, 25496, 25583, 26005, 26083, 26085, 26091, 26104, 26174, 29368, 30204, 30220, 31658, 32781, 33242, 34519, 34704, 34825, 35738, 35875, 36011, 36022, 36029, 36033, 37394, 37596, 37605, 37633, 37635, 42230, 43196, 43617, 43627, 47124, 47131, 49225, 49318, 51134, 51299, 51302, 51304, 51312, 51315, 51318, 52020, 52314, 26306, 23960, 29619, 9376], "label": "ceiling"}, {"objectId": 5, "id": 5, "partId": 5, "index": 4, "dominantNormal": [0.8030616641044617, 0.5958959460258484, 1.3231547991173729e-16], "obb": {"axesLengths": [1.1224041718360482, 0.7914359988696273, 0.47320990317009426], "centroid": [-1.7019956559358052, 1.4403579551207601, -0.9857121169035432], "normalizedAxes": [-0.5958959460258484, 0.8030616641044617, 1.783155099365134e-16, 0, -2.220446049250313e-16, 1, 0.8030616641044617, 0.5958959460258484, 1.3231547991173729e-16]}, "segments": [48201, 47834, 20177, 48166, 14476, 22411, 28590, 28599, 29465, 30360, 40873, 45042, 6670], "label": "box"}, {"objectId": 6, "id": 6, "partId": 6, "index": 5, "dominantNormal": [0.6433325409889221, -0.7655868530273438, -1.6999443031625455e-16], "obb": {"axesLengths": [1.039376754156252, 2.04903991410792, 0.2918254163690733], "centroid": [-2.000380950447758, 3.563960040030481, -0.37452011277109376], "normalizedAxes": [0.7655868530273438, 0.6433325409889221, 1.4284851989930172e-16, 0, -2.220446049250313e-16, 1, 0.6433325409889221, -0.7655868530273438, -1.6999443031625455e-16]}, "segments": [9508, 2948, 12950, 12932, 2930, 15060, 2885, 2893, 6630, 13023, 15013, 15026, 17921, 38278, 14989, 17503, 30421, 9520, 17235, 11193, 15061, 11909, 9035, 9529], "label": "door"}, {"objectId": 7, "id": 7, "partId": 7, "index": 6, "dominantNormal": [0.344784677028656, -0.9386817812919617, -2.0842922527729827e-16], "obb": {"axesLengths": [0.2635754728976756, 1.9999999552965162, 0.109907288644118], "centroid": [-1.365799158394295, 3.757483457275841, -0.3700001138448723], "normalizedAxes": [0.9386817812919617, 0.344784677028656, 7.655757739503244e-17, 0, -2.220446049250313e-16, 1, 0.344784677028656, -0.9386817812919617, -2.0842922527729827e-16]}, "segments": [24992, 30180, 16647, 43767], "label": "wall"}, {"objectId": 8, "id": 8, "partId": 8, "index": 7, "dominantNormal": [0, -2.220446049250313e-16, 1], "obb": {"axesLengths": [0.7731869420213089, 0.25207006367884394, 0.5059596957110891], "centroid": [-2.0639407036430124, 2.1667605342216385, -1.2455751002823936], "normalizedAxes": [0.7513462901115417, 0.6599081754684448, 1.4652905010868907e-16, 0, -2.220446049250313e-16, 1, 0.6599081754684448, -0.7513462901115417, -1.6683239014970524e-16]}, "segments": [47229, 28799, 29527, 47249, 29176, 27875, 11183, 45405, 19589, 27890, 27905, 27918, 27939, 27959, 27962, 27968, 27969, 28026, 28050, 29981, 45301, 45386, 45389, 45434, 45436, 47170, 47182, 47677, 45309, 20538, 42951, 42954, 42956, 45328, 47689], "label": "basin"}, {"objectId": 9, "id": 9, "partId": 9, "index": 8, "dominantNormal": [0.7108688950538635, 0.703324556350708, 1.5616942324896588e-16], "obb": {"axesLengths": [2.8573594855116737, 1.9999999552965164, 1.5264867993596103], "centroid": [-2.6074760072172447, 1.4345735776027704, -0.37000011384487186], "normalizedAxes": [-0.703324556350708, 0.7108688950538635, 1.5784460295572867e-16, 0, -2.220446049250313e-16, 1, 0.7108688950538635, 0.703324556350708, 1.5616942324896588e-16]}, "segments": [16778, 15266, 13183, 14402, 14000, 41184, 12531, 41376, 41435, 14450, 13357, 14323, 13583, 14228, 41248, 35455, 12129, 13637, 2399, 2988, 734, 12672, 18196, 17882, 16276, 42690, 18710, 41779, 10489, 12650, 5299, 51690, 24439, 24491, 21220, 11692, 11551, 40216, 10054, 9469, 9753, 41025, 589, 50651, 17085, 38310, 40134, 14548, 41261, 13787, 35258, 13712, 5902, 51330, 51600, 51762, 18463, 41965, 10617, 12586, 12584, 49172, 49054, 49160, 48976, 22, 33, 115, 159, 195, 327, 425, 542, 665, 680, 685, 718, 737, 755, 764, 804, 810, 831, 872, 876, 948, 1064, 1069, 1078, 1163, 1183, 1270, 1305, 1323, 1327, 1383, 1415, 1426, 1444, 1466, 1473, 1502, 1508, 1521, 1526, 1552, 1570, 1573, 1590, 1617, 1633, 1640, 1690, 1693, 1735, 1755, 1767, 1789, 1860, 1877, 1882, 1897, 1919, 1927, 1938, 1962, 1983, 1993, 2091, 2138, 2140, 2142, 2392, 2729, 2752, 2762, 2764, 2829, 2832, 2972, 2985, 3027, 3187, 3316, 3575, 4749, 4866, 5356, 5391, 5724, 5743, 5764, 5766, 5797, 5824, 5831, 5846, 5861, 5877, 5897, 5931, 5939, 5999, 6045, 6068, 6224, 6420, 6467, 6469, 6554, 6561, 6858, 6994, 7385, 7396, 7405, 7429, 7457, 7489, 7502, 7505, 7507, 7516, 7531, 7625, 7638, 7639, 7662, 7671, 7675, 7691, 7711, 7747, 7787, 7801, 8186, 8223, 8239, 8262, 8276, 8314, 8347, 8358, 8427, 8431, 8443, 8462, 8590, 8600, 8630, 8655, 8669, 8674, 8707, 8769, 9163, 9352, 9406, 9759, 9764, 9775, 9826, 9845, 9879, 10092, 10307, 10360, 10395, 10414, 10415, 10417, 10456, 10467, 10484, 10526, 10570, 10599, 10635, 10652, 10658, 10783, 10793, 10799, 10834, 10836, 10902, 10977, 10982, 10998, 11000, 11108, 11131, 11308, 11313, 11435, 11468, 11502, 11779, 11813, 12087, 12098, 12416, 12434, 12439, 12469, 12538, 12552, 12717, 12733, 12842, 12916, 12963, 13071, 13109, 13184, 13191, 13264, 13310, 13323, 13329, 13514, 13517, 13566, 13625, 13661, 13707, 13773, 13778, 13801, 13857, 13920, 13949, 13979, 14054, 14105, 14107, 14151, 14256, 14291, 14307, 14367, 14379, 14432, 14435, 14520, 14792, 14829, 14940, 14973, 15124, 15162, 15188, 15199, 15235, 15314, 15352, 15596, 15677, 15728, 15907, 16033, 16314, 16323, 16334, 16472, 16582, 16588, 16608, 16641, 16672, 16673, 16762, 16984, 17047, 17104, 17402, 17440, 17465, 17477, 17556, 17641, 17699, 17797, 17806, 18413, 18421, 18529, 18546, 18692, 18711, 18909, 19535, 19693, 19714, 20306, 20429, 20806, 20949, 21159, 24172, 24356, 24409, 24420, 24467, 24498, 28441, 28515, 28524, 28864, 28946, 28971, 28974, 28978, 28993, 29634, 29639, 29810, 30322, 30345, 30492, 30522, 30692, 30716, 30766, 31098, 31169, 31635, 31651, 31664, 31680, 31700, 31740, 31783, 31802, 31824, 31830, 31869, 31893, 31919, 31928, 31938, 31950, 31955, 31958, 32004, 32007, 32049, 32050, 32139, 33715, 34769, 34898, 34940, 35076, 35094, 35131, 35173, 35355, 35415, 36135, 36180, 36204, 36213, 36233, 36253, 36266, 36273, 36284, 36292, 36764, 36847, 36883, 37051, 37661, 37734, 37737, 37742, 37826, 37839, 37846, 37894, 37988, 37991, 38003, 38032, 38035, 38037, 38104, 38107, 38146, 38165, 38180, 38206, 38273, 38285, 38291, 38350, 38352, 38369, 38803, 38869, 38874, 38880, 38949, 38951, 38954, 38969, 38989, 39006, 39014, 39017, 39035, 39046, 39124, 39143, 39147, 39151, 39169, 39171, 39183, 39189, 39253, 39256, 39652, 39661, 39673, 39700, 39708, 39774, 39776, 39801, 39804, 39875, 39878, 39881, 39884, 39947, 40024, 40026, 40029, 40070, 40174, 40180, 40182, 40187, 40281, 40283, 40329, 40379, 40394, 40398, 40400, 40408, 40472, 40526, 40728, 40733, 40803, 40807, 40814, 40854, 40904, 40909, 41198, 41312, 41356, 41543, 41563, 41568, 41588, 41638, 41667, 41688, 41750, 41815, 41898, 41906, 41967, 41996, 42012, 42021, 42177, 42224, 42241, 42321, 42323, 42328, 42354, 42360, 42363, 42452, 42460, 42518, 42525, 42531, 42591, 42702, 42705, 42848, 45721, 46732, 46761, 46813, 46862, 46923, 47206, 47211, 48152, 48158, 48212, 48219, 48265, 48372, 48375, 48378, 48904, 48920, 48925, 49002, 49010, 49062, 50653, 50673, 50734, 50754, 50789, 50807, 50864, 51381, 51389, 51544, 51756, 51896, 51898, 46863, 9635, 9903, 14627, 9999, 49833, 927, 1016, 3079, 3119, 3149, 3518, 4143, 8671, 9390, 9988, 10551, 18474, 18490, 18957, 18969, 19171, 19937, 20014, 20016, 24406, 26462, 27617, 27640, 27685, 27711, 28859, 29510, 29655, 29694, 29802, 29861, 29888, 31019, 31124, 32066, 32200, 32405, 35126, 38336, 38636, 38651, 38710, 42708, 42740, 42943, 44197, 44230, 44470, 44474, 45164, 45193, 45197, 45199, 45201, 47215, 47216, 47284, 47303, 47470, 47903, 48287, 48407, 48425, 48463, 49223, 49350, 49534, 15979, 51869, 36221], "label": "shelf"}, {"objectId": 10, "id": 10, "partId": 10, "index": 9, "dominantNormal": [0.8096475601196289, 0.5869163870811462, 1.3032161729345987e-16], "obb": {"axesLengths": [0.3835192984457116, 0.5587670082129459, 0.26290847124018474], "centroid": [-0.23517974923628615, 1.8938901298491189, -1.0906165873866573], "normalizedAxes": [-0.5869163870811462, 0.8096475601196289, 1.7977787261527853e-16, 0, -2.220446049250313e-16, 1, 0.8096475601196289, 0.5869163870811462, 1.3032161729345987e-16]}, "segments": [44983, 43253, 21693, 25359, 43324, 21473, 22166, 21954, 22156, 22584, 22605, 22612, 25286, 25289, 43212, 43226, 44142, 44147, 27356, 27343], "label": "suitcase"}, {"objectId": 11, "id": 11, "partId": 11, "index": 10, "dominantNormal": [0.95623379945755, 0.29260364174842834, 6.497106003165517e-17], "obb": {"axesLengths": [0.6446822288318766, 0.6089399916915594, 0.41602395963617744], "centroid": [-0.6507278287679972, 2.6058026888665666, -1.0544700964286182], "normalizedAxes": [-0.29260364174842834, 0.95623379945755, 2.1232655621651332e-16, 0, -2.220446049250313e-16, 1, 0.95623379945755, 0.29260364174842834, 6.497106003165517e-17]}, "segments": [20642, 20907, 22358, 23605, 43351, 23079, 23620, 43460, 24026, 23096, 42962, 43691, 43721, 21141, 42976, 43004, 43014], "label": "sack"}, {"objectId": 12, "id": 12, "partId": 12, "index": 11, "dominantNormal": [0.929995059967041, 0.36757203936576843, 8.161738826246011e-17], "obb": {"axesLengths": [1.2054566759609877, 0.6336259700292498, 0.3392867386651641], "centroid": [-1.1497717341785483, 3.1791403597171914, -1.0823271014021263], "normalizedAxes": [-0.36757203936576843, 0.929995059967041, 2.0650038567261242e-16, 0, -2.220446049250313e-16, 1, 0.929995059967041, 0.36757203936576843, 8.161738826246011e-17]}, "segments": [19779, 21272, 27781, 20569, 22302, 22315, 26621, 44478, 19805, 20785, 21309, 22245, 26415, 27420, 27428, 27773, 42960, 43785], "label": "sack"}, {"objectId": 13, "id": 13, "partId": 13, "index": 12, "dominantNormal": [0.8283242583274841, 0.5602489709854126, 1.2440026142211127e-16], "obb": {"axesLengths": [0.4149882138748069, 0.3199000287078313, 0.2666997831872715], "centroid": [-0.41867991185461784, 2.307573223493393, -1.2099500605475169], "normalizedAxes": [-0.5602489709854126, 0.8283242583274841, 1.839249326901458e-16, 0, -2.220446049250313e-16, 1, 0.8283242583274841, 0.5602489709854126, 1.2440026142211127e-16]}, "segments": [24086, 43672, 25067, 43704, 27823], "label": "bag"}, {"objectId": 14, "id": 14, "partId": 14, "index": 13, "dominantNormal": [0.8068694472312927, 0.590729832649231, 1.3116837230802835e-16], "obb": {"axesLengths": [0.9608513161289547, 1.2999999754130835, 0.3633758032550557], "centroid": [0.25981303968467695, 1.2743959807161873, -0.7200001037865882], "normalizedAxes": [-0.5907297730445862, 0.8068694472312927, 1.791610076365508e-16, 0, -2.220446049250313e-16, 1, 0.8068694472312927, 0.5907297730445862, 1.3116835907313855e-16]}, "segments": [44609, 28266, 26856, 19682, 19741, 26248, 21906, 44325, 44402, 28667, 35943, 44519, 43992, 44006, 5206, 5100, 23882, 44532, 4041, 4045, 4271, 4288, 4474, 4949, 4979, 5008, 5022, 5037, 5190, 5237, 5267, 5280, 5399, 5402, 5438, 5442, 5467, 6312, 6326, 6343, 6356, 6428, 6457, 6568, 6721, 6725, 6738, 6771, 6799, 6853, 6896, 6949, 6997, 7040, 7049, 7096, 7098, 7108, 7115, 7146, 7154, 7171, 7177, 7191, 7194, 7200, 7208, 7253, 7274, 7361, 7724, 7783, 7822, 7824, 7872, 7949, 7980, 7989, 8045, 8046, 8097, 8102, 8119, 8963, 8970, 14489, 14522, 14534, 14755, 14768, 15032, 15063, 15542, 16943, 17088, 17366, 18617, 18728, 19327, 19344, 19507, 19590, 19686, 19720, 19742, 20504, 20731, 20753, 21590, 21894, 22240, 22441, 22454, 23818, 23865, 23897, 23906, 24747, 25147, 25174, 25184, 25192, 25202, 25225, 25241, 25417, 25426, 25969, 25978, 26166, 26256, 26261, 26274, 26277, 26305, 26318, 26330, 26348, 26721, 26722, 26774, 26796, 26799, 26814, 26891, 26925, 26946, 26955, 26973, 26975, 26980, 26987, 26994, 27022, 27029, 27048, 27074, 27080, 27106, 27138, 27142, 27151, 27171, 27187, 27200, 27228, 27247, 27251, 27260, 27267, 28154, 28274, 28352, 28405, 28688, 28895, 29292, 29302, 29303, 29334, 29344, 29391, 29633, 29636, 30346, 31220, 32889, 34635, 35659, 35766, 35771, 36703, 37069, 37184, 37363, 37418, 37451, 37646, 37655, 37677, 37679, 37685, 37806, 37976, 38099, 38275, 38494, 38560, 38564, 38575, 38578, 38581, 38584, 38586, 38589, 38594, 38708, 38715, 38737, 38757, 38762, 38788, 39303, 39348, 39394, 39404, 39406, 39461, 39465, 39492, 39508, 39511, 39572, 40879, 42282, 42589, 42623, 42624, 42631, 42895, 42916, 43766, 43938, 43959, 43964, 44088, 44153, 44183, 44290, 44291, 44379, 44499, 44507, 44619, 44623, 44764, 44826, 44836, 44849, 44925, 44933, 44956, 45635, 45638, 45665, 45691, 45847, 46177, 46691, 46695, 47065, 47113, 26544, 28295, 25383, 25386, 25438, 28276, 28292, 45675, 45679, 45688, 45744, 31110, 4223], "label": "clothes dryer"}, {"objectId": 15, "id": 15, "partId": 15, "index": 14, "dominantNormal": [0.930839478969574, 0.3654284179210663, 8.114140868566239e-17], "obb": {"axesLengths": [1.6621306457195324, 1.9628698983147008, 1.3045680763781227], "centroid": [-1.5286732025156728, -0.15369811312811832, -0.39143510591756625], "normalizedAxes": [-0.3654283881187439, 0.930839478969574, 2.0668788435642104e-16, 0, -2.220446049250313e-16, 1, 0.930839478969574, 0.3654283881187439, 8.114140206821749e-17]}, "segments": [50586, 32985, 37078, 34935, 17561, 50182, 35228, 49857, 43378, 23190, 51198, 25932, 25680, 25558, 35506, 35630, 35531, 35698, 49941, 15629, 45111, 45048, 52337, 45061, 30999, 30636, 5135, 31233, 46993, 30968, 29398, 157, 21419, 361, 21366, 40942, 15376, 13663, 15339, 41455, 40929, 15249, 15749, 23587, 49863, 17787, 35007, 34223, 26816, 29762, 5578, 29791, 52230, 37190, 37122, 36573, 37063, 50497, 52211, 37243, 105, 43450, 142, 30852, 30755, 46683, 33893, 36415, 7, 37, 202, 243, 274, 330, 357, 916, 929, 2497, 2501, 3372, 3391, 3396, 3414, 3453, 9242, 9980, 9991, 10113, 10124, 10138, 10196, 10197, 10236, 10260, 13478, 13580, 14553, 14573, 14592, 14701, 14810, 14912, 15229, 15267, 15336, 15576, 16766, 16814, 16901, 18299, 18780, 18827, 18854, 19042, 19186, 19475, 23064, 23114, 23771, 23826, 24482, 24521, 24639, 25543, 25914, 28545, 29318, 30784, 30833, 31143, 31151, 31163, 31198, 31930, 32071, 32228, 32250, 32504, 32505, 32559, 32603, 32660, 32858, 32900, 32939, 33394, 33448, 33591, 33639, 33695, 33789, 33821, 33870, 33872, 33877, 33882, 33890, 34145, 34266, 34316, 34774, 34809, 34810, 34834, 34943, 34975, 35414, 35607, 35667, 35669, 35712, 35817, 35849, 35942, 35988, 36316, 36355, 36379, 36456, 36461, 36464, 36656, 36658, 36685, 36710, 36796, 36880, 37270, 37523, 37546, 37567, 37629, 37637, 38150, 38393, 39971, 39986, 39995, 39998, 40888, 40919, 40926, 41459, 42018, 42022, 42032, 42229, 42753, 42764, 42790, 42844, 42897, 43613, 45053, 45143, 46959, 47225, 48132, 48161, 48345, 48902, 49026, 49272, 49486, 49862, 49916, 49920, 49922, 49947, 49956, 50134, 50139, 50146, 50161, 50509, 51112, 51455, 51456, 51478, 51483, 51501, 51512, 51515, 51522, 51536, 52257, 52317, 52320, 19081, 33443, 49276, 2541, 38154, 2536, 32689, 47295, 48641, 32706, 32856, 48491, 49497, 31077, 32872, 48580, 38416, 2569, 3273, 25836, 42937, 19860, 48811, 27650, 23393, 23699, 19525, 43485, 43468, 49915, 3243, 3261, 44447, 19766, 31348, 19983, 44218, 19844, 19491, 49502, 19458, 4274, 4310, 24812, 19884, 19965, 19971, 21373, 32928, 49528, 31058, 27660, 33521, 3510, 3597, 31411, 25832, 25800, 44198, 2568, 36504, 43886, 19076, 31426, 31454, 31445], "label": "shelf"}, {"objectId": 16, "id": 16, "partId": 16, "index": 15, "dominantNormal": [0.8344801068305969, 0.5510380268096924, 1.2235502096162696e-16], "obb": {"axesLengths": [0.5953417419781625, 0.9827999252945196, 0.3043331086709866], "centroid": [-0.9214449824276093, -0.38823796045637793, -0.9072600679712008], "normalizedAxes": [-0.5510380268096924, 0.8344801664352417, 1.8529181887388761e-16, 0, -2.220446049250313e-16, 1, 0.8344801664352417, 0.5510380268096924, 1.2235502096162696e-16]}, "segments": [34129, 22637, 43427, 50083, 19128, 19110, 43912, 50008], "label": "refrigerator"}, {"objectId": 17, "id": 17, "initialPoint": [0.3943324443307563, 0.8920095641705658, -0.7443400162622571], "index": 16, "dominantNormal": [0.6247075200080872, -0.7808588147163391, -1.7338548701591774e-16], "obb": {"axesLengths": [0.32171669655814217, 0.7276030020206492, 0.2686191556445508], "centroid": [0.47073103471372835, 0.9265867341015142, -0.9993786271800433], "normalizedAxes": [0.7808588147163391, 0.6247075200080872, 1.387129344738918e-16, 0, -2.220446049250313e-16, 1, 0.6247075200080872, -0.7808588147163391, -1.7338548701591774e-16]}, "segments": [39927, 9401, 39906, 8933, 7963, 39435, 7995, 5241], "partId": 17, "label": "vacuum cleaner"}, {"objectId": 18, "id": 18, "initialPoint": [0.4777369425668856, 0.5497060274509096, -0.8672538225820405], "index": 17, "dominantNormal": [0.9905593395233154, 0.13708457350730896, 3.043888996574683e-17], "obb": {"axesLengths": [0.6705788828695145, 0.9147019479862906, 0.4104463781452864], "centroid": [0.5620395731355012, 0.5348787721297182, -0.9001490700956667], "normalizedAxes": [-0.13708457350730896, 0.9905593395233154, 2.1994835719925452e-16, 0, -2.220446049250313e-16, 1, 0.9905593395233154, 0.13708457350730896, 3.043888996574683e-17]}, "segments": [16126, 2623, 16148, 9312, 16483, 15746, 16216, 43823, 8958, 9641, 9686, 39966, 9429, 39850, 6158, 7440, 8835, 6099, 6166, 7568, 38497, 41920, 38904, 39843], "partId": 18, "label": "shelf"}, {"objectId": 19, "id": 19, "initialPoint": [-1.2066871695396504, 3.406004309476673, -0.9000382596621959], "index": 18, "dominantNormal": [0.9480657577514648, 0.31807440519332886, 7.062670563791703e-17], "obb": {"axesLengths": [0.6585199888270981, 0.7399999333918106, 0.20974004587606446], "centroid": [-1.1952519123854999, 3.4761313355801557, -1.0400000857561833], "normalizedAxes": [-0.31807440519332886, 0.9480657577514648, 2.1051288662287445e-16, 0, -2.220446049250313e-16, 1, 0.9480657577514648, 0.31807440519332886, 7.062670563791703e-17]}, "segments": [27404, 22222, 22086, 8446, 20254], "partId": 19, "label": "sack"}, {"objectId": 20, "id": 20, "initialPoint": [-0.9239329807277111, 2.965383772166735, -0.8332087900919596], "index": 19, "dominantNormal": [0.8029841780662537, 0.5960003137588501, 1.3233865420377857e-16], "obb": {"axesLengths": [0.6241044738436946, 0.7447839212838425, 0.31090930240721387], "centroid": [-0.9843965109603149, 3.088551544344989, -0.9910680709540554], "normalizedAxes": [-0.5960003137588501, 0.8029841780662537, 1.7829830457977228e-16, 0, -2.220446049250313e-16, 1, 0.8029841780662537, 0.5960003137588501, 1.3233865420377857e-16]}, "segments": [45247, 20710, 26583, 20568], "partId": 20, "label": "sack"}, {"objectId": 21, "id": 21, "initialPoint": [-0.7135362737860242, 2.2160394632627716, -1.1088930785109632], "index": 20, "dominantNormal": [0.9958023428916931, -0.09152945131063461, -2.0323620855274752e-17], "obb": {"axesLengths": [0.19970137767496465, 0.4033059387660187, 0.20648262831425884], "centroid": [-0.646120831182736, 2.235158419422778, -1.1680570859151265], "normalizedAxes": [0.9958023428916931, -0.09152945876121521, -2.0323622509635977e-17, 0, -2.220446049250313e-16, 1, -0.09152945876121521, -0.9958023428916931, -2.2111253781080656e-16]}, "segments": [23130, 25087, 43730, 43362, 21990], "partId": 21, "label": "sack"}, {"objectId": 23, "id": 23, "initialPoint": [-1.5847875051920077, 3.86551850344817, -0.010481966086790528], "index": 21, "dominantNormal": [0.7959192395210266, 0.6054028272628784, 1.344264316000828e-16], "obb": {"axesLengths": [0.2463641012396516, 2.034347965545624, 0.059377516454366085], "centroid": [-1.5583966785366408, 3.8115695585415943, -0.37942611136825466], "normalizedAxes": [-0.6054027676582336, 0.7959192395210266, 1.7672957309167772e-16, 0, -2.220446049250313e-16, 1, 0.7959192395210266, 0.6054027676582336, 1.34426418365193e-16]}, "segments": [24991, 16532], "partId": 23, "label": "doorframe"}, {"objectId": 24, "id": 24, "initialPoint": [-2.587144186667128, 2.171028165789928, -0.914226137927014], "index": 22, "dominantNormal": [0, -2.220446049250313e-16, 1], "obb": {"axesLengths": [0.7522029272836525, 0.6999999724328521, 0.7242670558348719], "centroid": [-2.888609675572293, 2.3054038544947986, -0.9000001031905416], "normalizedAxes": [0.011903392150998116, 0.9999291300773621, 2.220288686410581e-16, 0, -2.220446049250313e-16, 1, 0.9999291300773621, -0.011903392150998116, -2.643084007436095e-18]}, "segments": [10886, 12020, 11307, 11268, 40440, 11342, 4797, 12094, 40643, 11423, 11396, 11939, 11766, 4447, 11871, 11711, 11846, 12299, 4647, 40560], "partId": 24, "label": "box"}, {"objectId": 25, "id": 25, "initialPoint": [-2.7735413353349845, 2.560425565269684, -0.29184545022615893], "index": 23, "dominantNormal": [0.24442288279533386, -0.9696687459945679, -2.1530971361251436e-16], "obb": {"axesLengths": [0.7330717864820726, 0.5199999693036084, 0.26448277007021914], "centroid": [-2.9740933268513348, 2.5376533770162975, -0.5100000964105131], "normalizedAxes": [0.9696687459945679, 0.24442288279533386, 5.427278244492714e-17, 0, -2.220446049250313e-16, 1, 0.24442288279533386, -0.9696687459945679, -2.1530971361251436e-16]}, "segments": [11620, 41059, 4128], "partId": 25, "label": "radiator"}, {"objectId": 26, "id": 26, "initialPoint": [-3.227286731714463, 2.544464012846373, -0.219942681907058], "index": 24, "dominantNormal": [0, -2.220446049250313e-16, 1], "obb": {"axesLengths": [0.729488229070643, 0.19999998360872295, 0.27072324001923026], "centroid": [-3.1819982858949496, 2.675928419832503, -0.25000011175870895], "normalizedAxes": [0.8258510231971741, 0.5638883709907532, 1.2520837055846127e-16, 0, -2.220446049250313e-16, 1, 0.5638883709907532, -0.8258510231971741, -1.8337576417274938e-16]}, "segments": [50821, 32529, 32247, 32549], "partId": 26, "label": "windowsill"}, {"objectId": 27, "id": 27, "initialPoint": [-3.435126047080119, 2.764002385672763, 0.22991736642644423], "index": 25, "dominantNormal": [0.15682661533355713, -0.9876261353492737, -2.1929705503726497e-16], "obb": {"axesLengths": [0.7824354039794855, 0.899999956041575, 0.4105295604459246], "centroid": [-3.2456458635781766, 2.7897700905993807, 0.19999986626207855], "normalizedAxes": [0.9876261353492737, 0.15682661533355713, 3.482250384346955e-17, 0, -2.220446049250313e-16, 1, 0.15682661533355713, -0.9876261353492737, -2.1929705503726497e-16]}, "segments": [34453, 34638, 34646, 34653, 32239, 32196, 32214, 34751, 50173, 50405, 34525, 34575, 30228, 32255, 32315, 33758, 33768, 33769, 33812, 34052, 34053, 34327, 34366, 34386, 34426, 34457, 34461, 34603, 50133, 50308, 50317, 50401, 50354, 27538, 50337, 27566, 27560, 34507, 34598, 27584, 32428, 28732, 46666, 27577, 24657, 34159, 34335, 33845], "partId": 27, "label": "window"}, {"objectId": 28, "id": 28, "initialPoint": [-3.477528645148639, 2.566573348128119, 0.18380532544334116], "index": 26, "dominantNormal": [0.8707288503646851, 0.4917634129524231, 1.0919341274560581e-16], "obb": {"axesLengths": [0.30682848299281157, 0.8399999997019764, 0.26880577899008334], "centroid": [-3.393786151543474, 2.5092553711372876, 0.18999988347291907], "normalizedAxes": [-0.4917634129524231, 0.8707288503646851, 1.933406435760532e-16, 0, -2.220446049250313e-16, 1, 0.8707288503646851, 0.4917634129524231, 1.0919341274560581e-16]}, "segments": [51825, 36111], "partId": 28, "label": "wall"}, {"objectId": 29, "id": 29, "initialPoint": [-2.533549897675254, 2.9252890200365496, 0.27658885816848633], "index": 27, "dominantNormal": [0.5263044834136963, -0.8502961993217468, -1.8880368364765295e-16], "obb": {"axesLengths": [0.31174370778046734, 0.4399999970942734, 0.1439628371756407], "centroid": [-2.469032751111634, 2.9626845201329877, 0.2099998816475268], "normalizedAxes": [0.8502961993217468, 0.5263044238090515, 1.1686305785497708e-16, 0, -2.220446049250313e-16, 1, 0.5263044238090515, -0.8502961993217468, -1.8880368364765295e-16]}, "segments": [28236, 42408, 12120, 28242, 17619, 40168, 11858, 3551, 11733, 42415], "partId": 29, "label": "counter"}, {"objectId": 30, "id": 30, "initialPoint": [-2.1610625787512565, 2.4776331312195943, -1.245128626176325], "index": 28, "dominantNormal": [0, -2.220446049250313e-16, 1], "obb": {"axesLengths": [0.6085362638003371, 0.34639000118397156, 0.5152015748014264], "centroid": [-2.4488361305041724, 2.4393689213513916, -1.221775144969485], "normalizedAxes": [0.9051032662391663, 0.42519184947013855, 9.44115562329403e-17, 0, -2.220446049250313e-16, 1, 0.42519184947013855, -0.9051032662391663, -2.009732971684311e-16]}, "segments": [29121, 29112, 29913, 29945, 47606, 47588, 30009, 47509, 29827, 18332, 4920, 38703, 47496], "partId": 30, "label": "basket"}, {"objectId": 31, "id": 31, "initialPoint": [-2.617512329575943, 2.6183723364457276, -0.8469172902170325], "index": 29, "dominantNormal": [0.856631338596344, 0.5159289836883545, 1.145592473524536e-16], "obb": {"axesLengths": [0.47274605229799416, 1.6488499123860163, 0.29973688588988756], "centroid": [-2.5837800917008895, 2.6880560614064732, -0.5944250745082282], "normalizedAxes": [-0.5159289836883545, 0.856631338596344, 1.9021036714502593e-16, 0, -2.220446049250313e-16, 1, 0.856631338596344, 0.5159289836883545, 1.145592473524536e-16]}, "segments": [4491, 45525, 382], "partId": 31, "label": "item"}, {"objectId": 32, "id": 32, "initialPoint": [-2.46326577174991, 2.8082654922316475, -0.8401272306549916], "index": 30, "dominantNormal": [0.816552996635437, 0.5772704482078552, 1.2817978860720896e-16], "obb": {"axesLengths": [0.3003494413091276, 0.7199999529123313, 0.2721417021610785], "centroid": [-2.4236860087476515, 2.808874955162568, -1.0300000955164437], "normalizedAxes": [-0.5772704482078552, 0.816552996635437, 1.8131118753826603e-16, 0, -2.220446049250313e-16, 1, 0.816552996635437, 0.5772704482078552, 1.2817978860720896e-16]}, "segments": [47010, 43866], "partId": 32, "label": "item"}, {"objectId": 33, "id": 33, "initialPoint": [-2.378222956025753, 3.041083268503778, -0.8035682617366833], "index": 31, "dominantNormal": [0.5828990340232849, -0.812544584274292, -1.8042114119915897e-16], "obb": {"axesLengths": [0.4183224481761914, 0.8790700239150961, 0.2128534016303691], "centroid": [-2.4560639164350513, 2.9269003634904447, -0.9495351083680617], "normalizedAxes": [0.812544584274292, 0.5828990340232849, 1.2942958572088268e-16, 0, -2.220446049250313e-16, 1, 0.5828990340232849, -0.812544584274292, -1.8042114119915897e-16]}, "segments": [3914, 3891, 43857, 3776], "partId": 33, "label": "item"}, {"objectId": 34, "id": 34, "initialPoint": [-2.4440919987962797, 1.8182039106604002, -1.2438706205745955], "index": 32, "dominantNormal": [0, -2.220446049250313e-16, 1], "obb": {"axesLengths": [0.7620940383633648, 0.1824799735289817, 0.6698971959454444], "centroid": [-2.583821002845231, 1.8817010467081874, -1.3012401152125002], "normalizedAxes": [-0.6090143322944641, 0.7931592464447021, 1.7611673151944943e-16, 0, -2.220446049250313e-16, 1, 0.7931592464447021, 0.6090143322944641, 1.3522834680800602e-16]}, "segments": [6387, 6855, 6409], "partId": 34, "label": "clutter"}, {"objectId": 35, "id": 35, "initialPoint": [-1.6297595141658294, 0.28656418774955905, 0.06602748041624817], "index": 33, "dominantNormal": [0.5422743558883667, -0.8402014970779419, -1.8656220947609146e-16], "obb": {"axesLengths": [0.6880210914904153, 0.3652349926851317, 0.3100137378868471], "centroid": [-1.860266953651732, 0.17762810196882173, 0.032617376388218045], "normalizedAxes": [0.8402014970779419, 0.5422743558883667, 1.204090951142082e-16, 0, -2.220446049250313e-16, 1, 0.5422743558883667, -0.8402014970779419, -1.8656220947609146e-16]}, "segments": [49363, 33392, 49384, 34852, 19082, 49756, 49729, 49321, 17729, 49768], "partId": 35, "label": "basket"}, {"objectId": 36, "id": 36, "initialPoint": [-1.414120627360981, 0.4233392937472398, -0.7713795709252658], "index": 34, "dominantNormal": [0, -2.220446049250313e-16, 1], "obb": {"axesLengths": [0.3334548990087373, 0.21735298147753657, 0.26533581398783135], "centroid": [-1.5316704399557686, 0.455368112758312, -0.8176145948257785], "normalizedAxes": [0.5291453003883362, 0.8485312461853027, 1.8841178532576002e-16, 0, -2.220446049250313e-16, 1, 0.8485312461853027, -0.5291453003883362, -1.1749385917266512e-16]}, "segments": [44283, 25759, 25882, 44234, 44214], "partId": 36, "label": "basket"}, {"objectId": 37, "id": 37, "initialPoint": [-1.6588947006036763, 0.23559013847123178, -0.806904360104229], "index": 35, "dominantNormal": [0, -2.220446049250313e-16, 1], "obb": {"axesLengths": [0.4905299927100625, 0.24296295099788257, 0.2917609285734511], "centroid": [-1.7645551963599075, 0.3171247171634528, -0.7914815945592191], "normalizedAxes": [0.6474762558937073, 0.7620856165885925, 1.6921699965446291e-16, 0, -2.220446049250313e-16, 1, 0.7620856165885925, -0.6474762558937073, -1.437686094382567e-16]}, "segments": [3642, 3600, 3103, 3527], "partId": 37, "label": "basket"}, {"objectId": 38, "id": 38, "initialPoint": [-1.3867421767517554, 0.417884795709877, -1.171438591457809], "index": 36, "dominantNormal": [0, -2.220446049250313e-16, 1], "obb": {"axesLengths": [0.39887704986682043, 0.23779999678283925, 0.3275160812045734], "centroid": [-1.4695436014769634, 0.43916154570242094, -1.1886800839301948], "normalizedAxes": [0.5333422422409058, 0.8458995819091797, 1.8782743847127296e-16, 0, -2.220446049250313e-16, 1, 0.8458995819091797, -0.5333422422409058, -1.1842576746821226e-16]}, "segments": [43528, 42927, 21385, 20074], "partId": 38, "label": "basket"}, {"objectId": 39, "id": 39, "initialPoint": [-1.6373447951294293, 0.2539623262831685, -1.122517563048975], "index": 37, "dominantNormal": [0, -2.220446049250313e-16, 1], "obb": {"axesLengths": [0.27387022879743667, 0.23362004234745992, 0.2685054849901081], "centroid": [-1.639886142053798, 0.21635472197328265, -1.166810067367331], "normalizedAxes": [0.20579282939434052, 0.9785955548286438, 2.1729186335331803e-16, 0, -2.220446049250313e-16, 1, 0.9785955548286438, -0.20579282939434052, -4.569518749927071e-17]}, "segments": [3759], "partId": 39, "label": "basket"}, {"objectId": 40, "id": 40, "initialPoint": [-1.266049749246407, 0.17651504953653263, -1.23807813110237], "index": 38, "dominantNormal": [-0.6458047032356262, -0.7635026574134827, -1.6953164592458828e-16], "obb": {"axesLengths": [0.43763856193616213, 0.3211300301299236, 0.2836400627068217], "centroid": [-1.3688598423185416, 0.13464597918782295, -1.2105650612585628], "normalizedAxes": [0.7635026574134827, -0.6458047032356262, -1.433974501886817e-16, 0, -2.220446049250313e-16, 1, -0.6458047032356262, -0.7635026574134827, -1.6953164592458828e-16]}, "segments": [23777, 43567, 19374], "partId": 40, "label": "basket"}, {"objectId": 41, "id": 41, "initialPoint": [-1.0282021562055856, 0.02741953187659263, -0.7117338848103936], "index": 39, "dominantNormal": [-0.7019854784011841, -0.7121912837028503, -1.581382322208503e-16], "obb": {"axesLengths": [0.34530309371502554, 0.3748530065673661, 0.11378525050797227], "centroid": [-1.0671012523542545, 0.029319635036050062, -0.6974265996941964], "normalizedAxes": [0.7121912837028503, -0.7019854784011841, -1.5587208821470002e-16, 0, -2.220446049250313e-16, 1, -0.7019854784011841, -0.7121912837028503, -1.581382322208503e-16]}, "segments": [24783, 33157, 43891, 49684, 19248], "partId": 41, "label": "box"}, {"objectId": 42, "id": 42, "initialPoint": [-1.1956206879918012, 0.14048012038026458, -0.44550514667381025], "index": 40, "dominantNormal": [0, -2.220446049250313e-16, 1], "obb": {"axesLengths": [0.5304792113034423, 0.48000000834464984, 0.5949984895054089], "centroid": [-1.2485203224470962, -0.11416749706180429, -0.37000011384487186], "normalizedAxes": [0.47363409399986267, 0.8807217478752136, 1.9555951255583484e-16, 0, -2.220446049250313e-16, 1, 0.8807217478752136, -0.47363409399986267, -1.0516789528122465e-16]}, "segments": [33060, 33066, 49936, 33407, 33584, 33579, 50129, 50098, 52278, 35911, 33292, 34797, 3483, 32733, 33056, 33121, 33146, 33147, 33150, 33203, 33222, 33307, 33688, 33703, 35750, 35904, 36630, 36694, 36817, 36831, 49268, 49646, 49664, 49716, 49719, 49800, 49804, 49953, 51142, 51162, 51195, 51251, 51255, 51099, 51128, 51137, 35703, 52284, 35881, 33387, 35956, 32606, 51257, 3404, 3373, 32658, 3489], "partId": 42, "label": "box"}], "scan_id": "ad408c8f-84db-2095-8a45-03100fbc4f86", "annId": "1734", "appId": "stk.v1"}