{"segGroups": [{"objectId": 1, "id": 1, "partId": 1, "index": 0, "dominantNormal": [0, -2.220446049250313e-16, 1], "obb": {"axesLengths": [5.708975831222071, 0.2999999456107627, 5.453716012960748], "centroid": [0.02772472397286175, 1.4280560224019991, -1.2600000572949657], "normalizedAxes": [0.993073582649231, 0.11749394237995148, 2.608889601684072e-17, 0, -2.220446049250313e-16, 1, 0.11749394237995148, -0.993073582649231, -2.2050663132083391e-16]}, "segments": [25974, 22427, 36169, 31565, 30681, 22145, 1675, 4920, 4934, 5049, 5065, 14757, 16028, 16309, 16349, 16395, 16398, 16413, 16542, 16554, 16561, 16568, 16578, 16591, 17626, 17823, 18296, 19268, 19328, 20684, 20745, 20768, 20823, 20866, 21671, 21721, 21725, 22115, 22127, 22137, 22164, 22177, 22179, 22183, 22207, 22253, 22597, 22879, 23734, 24936, 25021, 25083, 25095, 25122, 25155, 26079, 26082, 26110, 26123, 26139, 27495, 29750, 29800, 31173, 31630, 34520, 34969, 36538, 36539, 36629, 36633, 36729, 36764, 36803, 36811, 38368, 38380, 38383, 38385, 44029, 44353, 44362, 44363, 44424, 44565, 44697, 44869, 44993, 45259, 45264, 45269, 45493, 45735, 45737, 45989, 48169, 49279, 50348], "label": "floor"}, {"objectId": 2, "id": 2, "partId": 2, "index": 1, "dominantNormal": [0.9128682613372803, 0.4082542061805725, 9.06506439203475e-17], "obb": {"axesLengths": [5.190918453817212, 3.1613199004235875, 0.1749903018714938], "centroid": [2.1387192961938197, 2.8958180798391453, 0.20933987663671427], "normalizedAxes": [-0.4082542061805725, 0.9128682613372803, 2.0269747243723663e-16, 0, -2.220446049250313e-16, 1, 0.9128682613372803, 0.4082542061805725, 9.06506439203475e-17]}, "segments": [20010, 40995, 39481, 9291, 8925, 37573, 36743, 7132, 8515, 8554, 39111, 38701, 38827, 21466, 21551, 25326, 6018, 7169, 7177, 9495, 25272, 26283, 28847, 29003, 30224, 30293, 30383, 30411, 36670, 36681, 38194, 38223, 38250, 38626, 38763, 38809, 38816, 38981, 40404, 40411, 40490, 42552, 50628, 50677, 50679, 25301, 2782, 19712, 21727, 1005, 1271, 1281, 1314, 1328, 1368, 1955, 2175, 2417, 2419, 2472, 3898, 3934, 6827, 17197, 17198, 17209, 25308, 41767, 42126, 42142, 44854, 49734, 50630, 50969, 32779, 6427, 8219, 5292, 1171, 19532], "label": "wall"}, {"objectId": 3, "id": 3, "partId": 3, "index": 2, "dominantNormal": [0.42137467861175537, -0.906886637210846, -2.0136928507127249e-16], "obb": {"axesLengths": [3.6310825136113727, 2.4800199908013627, 0.28733128962285936], "centroid": [-0.12909961753198074, 3.5925950580440764, -0.11001012042142455], "normalizedAxes": [0.906886637210846, 0.42137467861175537, 9.356397403775926e-17, 0, -2.220446049250313e-16, 1, 0.42137467861175537, -0.906886637210846, -2.0136928507127249e-16]}, "segments": [18255, 29719, 19924, 20025, 22261, 24609, 24666, 24902, 31036, 33894, 35218, 35720, 38097, 41703, 42916, 9584, 29242, 32602, 36164, 7571, 23634, 23978, 23979, 24596, 24618, 28182, 33382, 39659, 44850, 45587, 48495, 48788, 48800, 48803, 48805, 38415, 28055, 37035], "label": "wall"}, {"objectId": 4, "id": 4, "partId": 4, "index": 3, "dominantNormal": [0, -2.220446049250313e-16, 1], "obb": {"axesLengths": [2.4268626854544695, 1.0619199336636074, 2.1455867567627447], "centroid": [0.12737658954334508, 2.5037905531351865, -0.8218000552400957], "normalizedAxes": [-0.3102342188358307, 0.9506601691246033, 2.1108896167123598e-16, 0, -2.220446049250313e-16, 1, 0.9506601691246033, 0.3102342188358307, 6.888583455562773e-17]}, "segments": [37730, 47733, 10824, 10811, 45020, 4263, 46994, 4619, 23223, 29388, 21781, 49498, 49537, 21241, 41644, 19883, 30594, 3479, 4315, 4373, 4432, 4639, 4657, 4680, 4713, 4718, 10828, 17896, 19503, 19504, 19611, 20398, 20420, 20425, 20694, 20935, 21302, 21306, 21328, 23265, 23282, 23286, 23290, 24123, 24211, 24235, 24459, 25545, 25546, 25559, 25579, 25582, 26315, 26799, 27557, 27565, 29534, 30432, 30479, 30509, 31088, 31511, 32009, 32171, 32265, 32528, 34034, 34087, 34124, 34301, 34424, 35532, 35869, 36093, 36867, 37330, 37539, 39162, 40788, 41681, 42210, 42215, 42220, 44898, 45603, 45608, 45786, 45821, 46123, 46137, 46820, 46839, 46884, 47065, 47141, 47145, 47194, 47195, 49235, 49238, 49240, 49245, 49247, 49275, 49422, 49428, 49602, 50768, 51485, 34035, 31769, 26480, 19646, 32648, 29280, 38723, 50773, 4294, 21285, 32023, 34226, 35568, 35662, 49090, 20477, 36059, 47772, 41607], "label": "bed"}, {"objectId": 5, "id": 5, "partId": 5, "index": 4, "dominantNormal": [0.9130779504776001, 0.4077850580215454, 9.054647210272502e-17], "obb": {"axesLengths": [1.5470423173188967, 0.9224999340809893, 0.3735631429907954], "centroid": [-2.472196520504367, 1.6090462002043016, -0.8912500595767061], "normalizedAxes": [-0.407785028219223, 0.9130779504776001, 2.0274403277955602e-16, 0, -2.220446049250313e-16, 1, 0.9130779504776001, 0.407785028219223, 9.054646548528012e-17]}, "segments": [18757, 19150, 15493, 18587, 14907, 48177, 19026], "label": "commode"}, {"objectId": 6, "id": 6, "partId": 6, "index": 5, "dominantNormal": [0.419096976518631, -0.907941460609436, -2.016035029160781e-16], "obb": {"axesLengths": [0.5395731330443588, 0.5027599222341195, 0.4050863715309824], "centroid": [-1.3402943602199646, 2.832950320419531, -1.1013800609548396], "normalizedAxes": [0.907941460609436, 0.419096976518631, 9.305822257635454e-17, 0, -2.220446049250313e-16, 1, 0.419096976518631, -0.907941460609436, -2.016035029160781e-16]}, "segments": [30221, 46355, 29957, 46802, 31663, 20965, 20988, 20995, 23141, 23149, 23155, 23156, 23162, 28213, 28285, 28782, 30141, 31182, 31198, 31262, 31284, 31369, 31408, 31418, 45003, 45006, 45299, 46912, 46935, 46981, 47131, 47134], "label": "nightstand"}, {"objectId": 7, "id": 7, "partId": 7, "index": 6, "dominantNormal": [0.4110572636127472, -0.9116095304489136, -2.0241797803442231e-16], "obb": {"axesLengths": [0.5507722097738202, 0.5114399080401677, 0.393527023369152], "centroid": [0.8237172289113647, 3.854948930973797, -1.1057200538578638], "normalizedAxes": [0.9116095304489136, 0.4110572338104248, 9.1273041083012e-17, 0, -2.220446049250313e-16, 1, 0.4110572338104248, -0.9116095304489136, -2.0241797803442231e-16]}, "segments": [21130, 34869, 35118, 30759, 48941], "label": "nightstand"}, {"objectId": 8, "id": 8, "partId": 8, "index": 7, "dominantNormal": [0.8908051252365112, 0.45438557863235474, 1.0089386629105296e-16], "obb": {"axesLengths": [1.243895447967962, 0.6599999518692501, 0.4597927846884689], "centroid": [1.9185402757040297, 2.91234541205945, -0.8400000499933967], "normalizedAxes": [-0.45438557863235474, 0.8908051252365112, 1.9779847209833417e-16, 0, -2.220446049250313e-16, 1, 0.8908051252365112, 0.45438557863235474, 1.0089386629105296e-16]}, "segments": [33888, 47972, 4085, 33930, 2049, 44002, 3283, 14709, 1979, 1982, 2005, 2016, 2071, 2074, 2097, 2125, 2139, 2144, 2498, 3028, 3029, 3975, 5227, 5440, 5467, 5516, 5557, 5975, 5976, 6008, 7387, 14712, 14737, 14741, 14743, 17151, 33927, 42011, 42014, 42138, 42165, 42267, 42270, 42285, 42303, 42328, 42337, 44461], "label": "table"}, {"objectId": 9, "id": 9, "partId": 9, "index": 8, "dominantNormal": [0.44220635294914246, -0.8969133496284485, -1.9915477037023532e-16], "obb": {"axesLengths": [2.627174875652226, 2.193704913697281, 1.5393589639679681], "centroid": [1.7585691458661121, 0.5286617803383091, -0.25741758926024727], "normalizedAxes": [0.8969133496284485, 0.44220632314682007, 9.818952831848639e-17, 0, -2.220446049250313e-16, 1, 0.44220632314682007, -0.8969133496284485, -1.9915477037023532e-16]}, "segments": [20101, 44084, 21885, 45082, 7184, 7944, 7893, 3353, 6874, 42597, 7220, 9479, 4772, 7067, 1548, 46579, 41568, 1874, 22757, 183, 520, 670, 687, 738, 741, 766, 793, 823, 844, 860, 880, 882, 884, 891, 892, 899, 903, 1032, 1046, 1068, 1085, 1086, 1104, 1127, 1147, 1504, 1774, 1811, 1873, 2342, 2814, 3114, 3147, 3163, 3339, 3370, 3658, 3678, 3704, 3775, 3780, 3782, 3793, 3801, 3832, 3845, 3859, 3864, 4017, 4767, 4774, 5182, 5189, 5273, 5632, 5635, 5648, 5686, 5770, 5932, 6457, 6493, 6503, 6515, 6572, 6620, 6682, 6724, 6729, 6785, 6787, 6907, 6914, 6971, 6994, 7261, 7268, 7315, 7343, 7355, 7757, 7773, 7803, 7804, 7935, 7956, 8082, 9073, 9103, 9185, 9526, 9533, 9816, 9855, 10167, 10377, 10432, 10665, 11102, 11208, 11231, 11389, 11539, 11554, 11594, 11616, 11702, 11797, 11827, 12037, 12106, 13353, 13394, 13397, 13560, 13675, 13823, 13844, 15389, 15391, 15444, 15489, 15544, 16857, 17287, 18101, 18208, 18509, 19613, 19802, 20116, 20480, 20570, 21664, 21743, 22057, 23353, 23430, 24718, 24876, 25118, 25182, 25194, 25198, 25217, 25504, 25506, 26004, 26326, 26455, 26662, 26740, 26825, 28087, 28116, 28126, 28282, 29135, 32351, 34621, 35020, 36296, 36375, 36376, 36444, 36484, 38555, 41518, 41718, 41736, 41738, 41807, 41813, 41816, 41845, 41851, 41880, 42169, 42189, 42192, 42196, 42225, 42323, 42357, 42393, 42401, 42405, 42466, 42471, 42473, 42531, 42551, 42649, 42735, 42742, 42874, 42987, 43027, 43030, 43094, 43119, 43157, 43290, 43299, 43305, 43307, 43318, 43356, 43496, 43530, 43578, 43582, 43648, 44024, 44137, 44140, 44143, 44147, 44149, 44155, 44159, 44170, 44175, 44313, 44417, 44572, 44576, 44636, 44650, 44693, 44792, 44828, 44901, 44902, 44990, 44998, 45115, 45142, 45143, 45180, 45187, 45271, 45481, 45496, 45500, 45540, 45595, 45610, 45614, 45741, 45743, 45748, 45750, 45753, 45757, 45761, 45764, 45767, 45770, 45775, 45778, 46447, 46461, 46462, 47288, 49168, 49187, 49233, 17665, 15948, 43904, 6776, 7234, 7850, 8056, 19897, 21999, 22763, 43135, 8173, 31709, 19808, 23781, 23788, 30958, 33436, 33455], "label": "shelf"}, {"objectId": 10, "id": 10, "partId": 10, "index": 9, "dominantNormal": [0.3952239751815796, -0.9185847640037537, -2.039667910133666e-16], "obb": {"axesLengths": [1.828820004502872, 1.0407178914386495, 0.3998152326387371], "centroid": [-0.2751550058412015, 3.335879680205287, 0.589640948780453], "normalizedAxes": [0.9185847640037537, 0.3952239751815796, 8.775735142609422e-17, 0, -2.220446049250313e-16, 1, 0.3952239751815796, -0.9185847640037537, -2.039667910133666e-16]}, "segments": [12401, 17306, 10542, 24351, 46764, 46689, 50863, 50869, 12254, 10496, 1587, 12861, 27955, 47792, 32701, 32891, 38498, 17541, 50588, 25878, 27767, 2846, 2849, 7537, 9602, 9906, 10218, 10388, 10423, 10588, 10604, 10872, 10887, 10895, 11823, 12460, 12462, 12790, 12796, 12807, 12810, 17256, 17260, 17518, 17964, 18016, 18085, 19742, 20632, 22472, 24397, 24407, 24561, 24673, 24681, 24850, 24897, 25795, 25881, 25887, 25945, 26559, 26630, 26641, 26655, 26700, 26705, 26728, 27772, 27940, 32935, 38978, 42947, 42952, 42959, 42983, 43412, 43458, 44579, 44608, 45619, 45701, 45708, 45972, 45982, 27037], "label": "shelf"}, {"objectId": 11, "id": 11, "partId": 11, "index": 10, "dominantNormal": [0, -2.220446049250313e-16, 1], "obb": {"axesLengths": [0.6023635438597919, 0.4329300426036853, 0.5540986128954972], "centroid": [1.3073345539450163, 2.66032946589577, -1.117315094158463], "normalizedAxes": [0.7442154884338379, 0.6679396033287048, 1.483123853349044e-16, 0, -2.220446049250313e-16, 1, 0.6679396033287048, -0.7442154884338379, -1.6524903410838074e-16]}, "segments": [33622, 35471, 40934, 14464, 39450, 39457, 50724, 40754, 35457], "label": "cube"}, {"objectId": 12, "id": 12, "partId": 12, "index": 11, "dominantNormal": [0.9770090579986572, 0.21319791674613953, 4.733944719473627e-17], "obb": {"axesLengths": [0.38776785644513956, 0.8199999894201754, 0.2889168041996397], "centroid": [-2.7833271087389533, 2.151758185212552, -0.20000010095536735], "normalizedAxes": [-0.21319791674613953, 0.9770090579986572, 2.1693959029148884e-16, 0, -2.220446049250313e-16, 1, 0.9770090579986572, 0.21319791674613953, 4.733944719473627e-17]}, "segments": [33238, 34753, 14346, 15839, 13992, 34772], "label": "blinds"}, {"objectId": 13, "id": 13, "partId": 13, "index": 12, "dominantNormal": [0.7957414984703064, -0.6056364178657532, -1.3447829913321234e-16], "obb": {"axesLengths": [0.4726521526914767, 1.4444900130221983, 0.44736776538419326], "centroid": [-2.2476930459880085, 0.8795892226833109, -0.6322450999413805], "normalizedAxes": [0.6056364178657532, 0.7957414984703064, 1.766901066502916e-16, 0, -2.220446049250313e-16, 1, 0.7957414984703064, -0.6056364178657532, -1.3447829913321234e-16]}, "segments": [23906, 49665, 18924, 18802, 23859, 23887, 23953, 45582, 45585, 46203, 37939, 23873, 27862, 29649, 45559, 37899, 46179, 37926, 40894, 51425, 40795, 40858, 51471, 23822, 46178, 23658, 23961, 40856, 40906, 51392, 51440], "label": "clothes"}, {"objectId": 14, "id": 14, "partId": 14, "index": 13, "dominantNormal": [0.6198939085006714, -0.7846856713294983, -1.7423521988069141e-16], "obb": {"axesLengths": [0.42986419180340135, 1.5601499476995322, 0.18424308227952202], "centroid": [-2.8317468650450257, 2.4280212843218014, -0.5700750800950458], "normalizedAxes": [0.7846856713294983, 0.6198939085006714, 1.3764409800846508e-16, 0, -2.220446049250313e-16, 1, 0.6198939085006714, -0.7846856713294983, -1.7423521988069141e-16]}, "segments": [16794, 14878, 16797, 35006], "label": "wall"}, {"objectId": 15, "id": 15, "partId": 15, "index": 14, "dominantNormal": [0.8959341049194336, 0.4441869258880615, 9.862931047167878e-17], "obb": {"axesLengths": [1.489593191959154, 0.703461974036798, 0.34523508078385545], "centroid": [-2.6485608168828154, 1.6499249363757693, -0.14173109326367883], "normalizedAxes": [-0.4441869258880615, 0.8959341645240784, 1.9893734760058698e-16, 0, -2.220446049250313e-16, 1, 0.8959341645240784, 0.4441869258880615, 9.862931047167878e-17]}, "segments": [14226, 32824, 14390, 48862, 14447, 37500, 37560, 37566, 39880, 48251, 48897, 14333, 14035, 14269, 33123, 33267, 43950, 44152, 48138, 34340, 14328, 14438, 34309, 48124], "label": "window"}, {"objectId": 16, "id": 16, "partId": 16, "index": 15, "dominantNormal": [0.9825587868690491, -0.18595221638679504, -4.128968642253984e-17], "obb": {"axesLengths": [0.32205589865696954, 0.25687498770188555, 0.16092828710602747], "centroid": [-2.7737706155408763, 2.0143974230075283, -0.37073858557481], "normalizedAxes": [0.18595221638679504, 0.9825587868690491, 2.1817187764595604e-16, 0, -2.220446049250313e-16, 1, 0.9825587868690491, -0.18595221638679504, -4.128968642253984e-17]}, "segments": [15797, 14222, 15801], "label": "photo frame"}, {"objectId": 17, "id": 17, "partId": 17, "index": 16, "dominantNormal": [0.9992015361785889, -0.039953019469976425, -8.871352423772999e-18], "obb": {"axesLengths": [0.20106811521870266, 0.1400000123679633, 0.04123706577972386], "centroid": [-2.664198549146197, 1.8499033657448924, -0.4200000873953109], "normalizedAxes": [0.039953019469976425, 0.9992015361785889, 2.2186731034125914e-16, 0, -2.220446049250313e-16, 1, 0.9992015361785889, -0.039953019469976425, -8.871352423772999e-18]}, "segments": [48813, 48254], "label": "photo frame"}, {"objectId": 19, "id": 19, "partId": 19, "index": 18, "dominantNormal": [0, -2.220446049250313e-16, 1], "obb": {"axesLengths": [5.6542317542830345, 1.3399998842179794, 3.294499703179704], "centroid": [0.6381649213447426, 2.10837203851417, 2.3799998470395805], "normalizedAxes": [-0.4075535535812378, 0.9131813049316406, 2.0276698207847069e-16, 0, -2.220446049250313e-16, 1, 0.9131813049316406, 0.4075535535812378, 9.049506779073852e-17]}, "segments": [6313, 4399, 4450, 2674, 2679, 20818, 5650, 13789, 16121, 16122, 33740, 33671, 13339, 13345, 13365, 13392, 14520, 14978, 20944, 36006, 36015, 49099, 40771, 13410, 13468, 13595, 16700, 36024, 36027, 41708, 41710, 41711, 51385, 40650, 37839, 37826, 37837, 40706, 49660, 27477, 27673, 18081, 27642, 28350, 32589, 47373, 7625, 7636, 7736, 7737, 43445, 96, 44212, 7679, 7682, 10913, 10928, 11062, 11087, 47169, 47181, 4925, 28480, 4898, 4958, 28583, 5119, 12479, 41975, 28341, 41974, 37232, 15106, 15140, 31898, 31952, 15380, 10997, 15176, 15274, 15283, 15356, 15403, 31887, 31890, 44183, 47155, 47160, 47163, 47167, 15284, 15069, 15073, 15280, 15300, 4849, 47369, 505, 3032, 3101, 5082, 15101, 15105, 41969, 42174, 3647, 12695, 12647, 11517, 12024, 12675, 12706, 12720, 12990, 13008, 13105, 13191, 13216, 13258, 32129, 32208, 42306, 43656, 25971, 43845, 23433, 25363, 25798, 43382, 43698, 10008, 10095, 10108, 11974, 12080, 12118, 12119, 12134, 43829, 9676, 43859, 45190, 9440, 8301, 8331, 9596, 9641, 9669, 9674, 12335, 12346, 12328, 12383, 36504, 8194, 2427, 2463, 2478, 2550, 3562, 3563, 3572, 3583, 13267, 35563, 41747, 41749, 41752, 41755, 41760, 41763, 45193], "label": "ceiling"}, {"objectId": 20, "id": 20, "partId": 20, "index": 19, "dominantNormal": [0, -2.220446049250313e-16, 1], "obb": {"axesLengths": [0.4328545305185701, 0.3400000257790081, 0.3964644489660922], "centroid": [0.027309945623982743, 2.2639198917951555, 1.0199999227374779], "normalizedAxes": [0.9183406233787537, -0.3957909941673279, -8.788325493276969e-17, 0, -2.220446049250313e-16, 1, -0.3957909941673279, -0.9183406233787537, -2.0391258090474233e-16]}, "segments": [22850, 25103, 3124, 9321, 2751, 6229, 6237, 23030, 23052], "label": "lamp"}, {"objectId": 22, "id": 22, "partId": 22, "index": 20, "dominantNormal": [0, -2.220446049250313e-16, 1], "obb": {"axesLengths": [0.3168031564047122, 0.21673100702320758, 0.2821134651945095], "centroid": [0.7313984847764791, 3.910074338765105, -0.7811255932347738], "normalizedAxes": [-0.07001432776451111, 0.9975459575653076, 2.2149969804215078e-16, 0, -2.220446049250313e-16, 1, 0.9975459575653076, 0.07001432776451111, 1.554630374756252e-17]}, "segments": [21936, 21851, 45245, 21934], "label": "lamp"}, {"objectId": 23, "id": 23, "partId": 23, "index": 21, "dominantNormal": [0.9839320182800293, -0.1785435974597931, -3.964464255985358e-17], "obb": {"axesLengths": [0.2667218725759646, 0.235992009133279, 0.20576724385042316], "centroid": [-1.398361981813402, 2.879607695548311, -0.7920040963142215], "normalizedAxes": [0.1785435974597931, 0.9839320182800293, 2.184767962720778e-16, 0, -2.220446049250313e-16, 1, 0.9839320182800293, -0.1785435974597931, -3.964464255985358e-17]}, "segments": [28648, 46270, 28720, 28129, 28138, 46301, 46329, 28642], "label": "lamp"}, {"objectId": 24, "id": 24, "partId": 24, "index": 22, "dominantNormal": [0, -2.220446049250313e-16, 1], "obb": {"axesLengths": [0.6085521390352924, 0.2903620237776183, 0.4988195841407084], "centroid": [0.30878549859387205, 3.0213811489001046, -0.617380089296848], "normalizedAxes": [0.7064352035522461, 0.707777738571167, 1.5715822833576687e-16, 0, -2.220446049250313e-16, 1, 0.707777738571167, -0.7064352035522461, -1.5686012567789256e-16]}, "segments": [41332, 39245, 41331, 51535], "label": "pillow"}, {"objectId": 25, "id": 25, "partId": 25, "index": 23, "dominantNormal": [0, -2.220446049250313e-16, 1], "obb": {"axesLengths": [0.7406812111939342, 0.345437995818898, 0.478475578434808], "centroid": [-0.39334088948285867, 2.6833961583505404, -0.6795520984481573], "normalizedAxes": [0.945212721824646, 0.3264550268650055, 7.248757746603063e-17, 0, -2.220446049250313e-16, 1, 0.3264550268650055, -0.945212721824646, -2.0987938538766704e-16]}, "segments": [45852, 46869, 46613, 46657], "label": "pillow"}, {"objectId": 26, "id": 26, "partId": 26, "index": 24, "dominantNormal": [0, -2.220446049250313e-16, 1], "obb": {"axesLengths": [0.852592603782224, 0.23864000502288332, 0.8758516957353571], "centroid": [-0.5245170834272477, 2.8597555488482316, -0.7293200981768965], "normalizedAxes": [0.9490368962287903, 0.3151649832725525, 6.998068419695802e-17, 0, -2.220446049250313e-16, 1, 0.3151649832725525, -0.9490368962287903, -2.1072852268239967e-16]}, "segments": [31027, 47248, 25501], "label": "pillow"}, {"objectId": 27, "id": 27, "partId": 27, "index": 25, "dominantNormal": [0, -2.220446049250313e-16, 1], "obb": {"axesLengths": [0.9951063107793248, 0.28320097290275276, 0.8628692750213776], "centroid": [0.21301978434751961, 3.228204336346467, -0.7116005615532294], "normalizedAxes": [0.6989492177963257, 0.7151713371276855, 1.587999370062233e-16, 0, -2.220446049250313e-16, 1, 0.7151713371276855, -0.6989492177963257, -1.551979029282448e-16]}, "segments": [29479, 46399, 45801, 41294, 21199], "label": "pillow"}, {"objectId": 28, "id": 28, "initialPoint": [-2.4685625073945534, 1.452211014312112, -0.36720986954687995], "index": 26, "dominantNormal": [-0.6517937183380127, -0.758396327495575, -1.683978129153496e-16], "obb": {"axesLengths": [0.2608059601237, 0.1757070382898962, 0.17140593968350554], "centroid": [-2.479582997647665, 1.4052978969358696, -0.4482195929090793], "normalizedAxes": [0.758396327495575, -0.6517937183380127, -1.4472727868098116e-16, 0, -2.220446049250313e-16, 1, -0.6517937183380127, -0.758396327495575, -1.683978129153496e-16]}, "segments": [15563, 39863, 50844, 15710, 15644, 15640, 15581, 15609, 15718, 44335], "partId": 28, "label": "item"}, {"objectId": 29, "id": 29, "initialPoint": [-2.5556586933178447, 1.6356788485466494, -0.412452557401632], "index": 27, "dominantNormal": [0.4541953206062317, -0.8909021019935608, -1.9782000526404015e-16], "obb": {"axesLengths": [0.13448411010865396, 0.11777999733880162, 0.10976705452072531], "centroid": [-2.5860850908068764, 1.632677658828297, -0.4311100949098916], "normalizedAxes": [0.8909021019935608, 0.4541953504085541, 1.0085162714025355e-16, 0, -2.220446049250313e-16, 1, 0.4541953504085541, -0.8909021019935608, -1.9782000526404015e-16]}, "segments": [37515], "partId": 29, "label": "item"}], "scan_id": "0cac75a7-8d6f-2d13-8fdc-083ff44d10fb", "annId": "3969", "appId": "stk.v1"}