{"segGroups": [{"objectId": 17, "id": 17, "partId": 17, "index": 0, "dominantNormal": [0.010748348198831081, -0.9999422430992126, -2.2203178031681429e-16], "obb": {"axesLengths": [1.0715329213622042, 0.6999999836087227, 0.473871972206909], "centroid": [3.395812104951869, -1.3416076127159915, -0.4000000244339561], "normalizedAxes": [0.9999422430992126, 0.010748348198831081, 2.3866127294061193e-18, 0, -2.220446049250313e-16, 1, 0.010748348198831081, -0.9999422430992126, -2.2203178031681429e-16]}, "segments": [51702, 86655, 55737, 51843, 53967, 53993, 54642, 54663, 54694, 54706, 55784, 57593, 58463, 58464, 58536, 62040, 81512, 82297, 82335, 82342, 82848, 82859, 82867, 83775, 83781, 83786, 86489, 87790, 51831, 58498, 27610, 27618, 27630, 49182, 51321, 62348, 86367], "label": "tv"}, {"objectId": 18, "id": 18, "partId": 18, "index": 1, "dominantNormal": [-0.286013662815094, -0.9582255482673645, -2.1276881329409847e-16], "obb": {"axesLengths": [1.6808020682843798, 0.8661400184153012, 0.7822877981324546], "centroid": [2.1395306661896996, -0.9101824488781003, -0.9030700305123629], "normalizedAxes": [0.9582255482673645, -0.286013662815094, -6.350779076293866e-17, 0, -2.220446049250313e-16, 1, -0.286013662815094, -0.9582255482673645, -2.1276881329409847e-16]}, "segments": [62931, 25830, 30517, 81532, 88442, 15985, 15992, 16227, 16962, 21576, 21582, 21588, 23029, 23070, 23082, 23087, 23631, 23675, 23688, 25789, 25792, 25856, 25891, 29901, 29902, 31530, 31558, 31603, 49276, 50931, 54017, 64064, 68520, 71827, 78906, 88246, 18601, 23662, 14516, 5809, 64781, 6056, 6247, 23597, 23608, 23619, 23640, 30895, 32082, 39531, 39557, 39630, 39640, 39646, 64644, 68514, 70547, 70991, 71275, 87802, 88493, 88496, 90593, 8175], "label": "desk"}, {"objectId": 19, "id": 19, "partId": 19, "index": 2, "dominantNormal": [-0.3351801931858063, -0.942154049873352, -2.092002237826467e-16], "obb": {"axesLengths": [3.1047831948984617, 1.8999999932944767, 0.5102320120802835], "centroid": [2.3497935156406577, -1.2144149264246016, -0.1200000648906081], "normalizedAxes": [0.942154049873352, -0.3351801931858063, -7.442495357463803e-17, 0, -2.220446049250313e-16, 1, -0.3351801931858063, -0.942154049873352, -2.092002237826467e-16]}, "segments": [48947, 62096, 39767, 90727, 58665, 82721, 65301, 65225], "label": "wall"}, {"objectId": 20, "id": 20, "partId": 20, "index": 3, "dominantNormal": [0.6854612827301025, 0.7281090617179871, 1.6167268895150567e-16], "obb": {"axesLengths": [0.7161334164122417, 1.4379099137058124, 0.752180719500913], "centroid": [0.9262399235579851, -0.6041407631520155, -0.608954992909768], "normalizedAxes": [0.6854612827301025, 0.7281090617179871, 1.6167268895150567e-16, 0, -2.220446049250313e-16, 1, 0.7281090617179871, -0.6854612827301025, -1.522029797152108e-16]}, "segments": [90795, 90756, 59597, 54799, 9844, 11722, 11717, 13154, 13241, 9789, 11005, 54525, 40855, 39111, 11799, 68773, 60003, 54441, 82780, 11093, 1551, 9742, 9767, 13283], "label": "decoration"}, {"objectId": 22, "id": 22, "partId": 22, "index": 4, "dominantNormal": [0, -2.220446049250313e-16, 1], "obb": {"axesLengths": [1.0134295756311091, 0.45014404244398953, 0.6660220364077707], "centroid": [0.3669448868782583, -1.0272878439465258, -1.1057180249118508], "normalizedAxes": [0.3996451795101166, 0.9166699051856995, 2.0354160694362455e-16, 0, -2.220446049250313e-16, 1, 0.9166699051856995, -0.3996451795101166, -8.873905599451705e-17]}, "segments": [38674, 50979, 82508, 10791, 10869, 38066, 38352, 45526, 45594, 46994, 47341, 47348, 48715, 65658, 82559, 45575, 48804, 78819, 10749, 10892, 45533, 79389, 78836, 13357, 82555, 45501, 65656, 79408, 20234, 20245, 37419, 48693, 48764, 48771, 48772, 48823, 54358, 68053, 79441, 79445, 83847, 53237, 7934, 10972, 38639, 52661, 52666, 81063, 36418, 52633, 54318, 13393, 83839, 7948], "label": "laundry basket"}, {"objectId": 23, "id": 23, "partId": 23, "index": 5, "dominantNormal": [0.8829711675643921, -0.469427227973938, -1.0423378337652567e-16], "obb": {"axesLengths": [0.4185451421909352, 0.48161994334414704, 0.21311145845024293], "centroid": [0.831368853821587, -0.883939828026411, -0.9708100074309118], "normalizedAxes": [0.469427227973938, 0.8829711675643921, 1.9605898406202906e-16, 0, -2.220446049250313e-16, 1, 0.8829711675643921, -0.469427227973938, -1.0423378337652567e-16]}, "segments": [12704, 68928, 13391, 10742, 10864, 10765, 12652, 12671, 68508], "label": "wall"}, {"objectId": 24, "id": 24, "partId": 24, "index": 6, "dominantNormal": [0.8579735159873962, -0.5136939287185669, -1.1406296545470138e-16], "obb": {"axesLengths": [0.8560174693325725, 1.6477370191871288, 0.7025473345027432], "centroid": [0.7143839418225624, 2.4094931006062463, -0.530361539411437], "normalizedAxes": [0.5136939287185669, 0.8579735159873962, 1.9050839039356143e-16, 0, -2.220446049250313e-16, 1, 0.8579735159873962, -0.5136939287185669, -1.1406296545470138e-16]}, "segments": [75055, 36720, 36903, 36999, 75047, 75091, 81919, 36779, 37046, 40456, 40459, 40462, 53603, 53624, 53646, 53683, 75045, 76807, 76848, 76853, 40558, 76840, 81933, 81944, 53538, 23829, 23917, 35359, 36461, 36609, 36613, 36687, 36783, 36802, 36811, 36842, 36893, 36942, 37011, 37630, 37722, 37782, 40380, 40414, 40426, 40430, 40601, 53497, 53503, 53517, 53677, 53703, 74943, 74948, 74949, 74962, 81598, 79521, 37771, 37833, 37836, 37920, 40723, 40738, 40795, 40797, 49002, 49022, 49044, 49051, 49140, 75306, 75318, 75332, 79569, 79583, 79589, 37822, 37852, 37883, 40802, 74988, 81977, 40784, 35215, 36470, 36520, 36560, 36690, 36829, 37015, 37694, 37891, 48126, 74951, 74954, 74956, 75016, 75426, 76836, 76843, 79512, 81215, 35317, 35365, 35407, 36465, 36523, 36861, 36878, 74974, 76256, 53730, 35196, 35204, 35261, 36517, 40662, 76096, 35187, 35280, 35306, 35329, 40635, 74630, 74633, 40449, 76864, 76820, 36650, 36940, 40604, 41997, 52427, 52780, 52841, 74643, 81259, 53436, 26914, 26923, 36590, 36777, 37641, 37652, 39059, 40610, 53419, 53473, 53480, 53545, 75248, 75283, 75285, 75287, 76052, 76067, 81553, 81564, 81613, 37596, 35351, 35492, 35585, 35589, 37492, 37511, 37518, 37527, 37545, 37546, 37572, 38999, 39015, 53412, 53440, 75184, 75185, 76000, 76002, 76050, 80639, 76282, 76222, 43990, 24380, 24390, 24392, 24408, 24449, 24869, 26699, 26705, 26737, 26749, 26761, 26774, 26776, 26779, 26782, 26787, 26808, 26811, 26818, 26828, 26829, 26848, 26849, 26866, 28017, 28029, 28053, 28078, 28084, 28102, 28125, 28127, 28167, 28170, 28185, 28219, 28253, 28298, 28329, 28337, 28352, 35160, 35169, 35200, 35300, 35379, 35380, 35455, 35498, 35503, 35504, 35544, 37318, 37347, 37349, 37359, 37364, 37396, 37399, 37425, 37437, 37446, 37447, 37453, 37469, 37475, 37478, 37486, 37573, 38910, 43892, 43893, 43992, 52907, 53265, 53329, 53856, 53871, 53927, 53942, 54056, 54062, 54063, 54070, 54082, 54132, 54149, 54159, 54172, 54174, 54176, 54187, 54209, 54235, 54236, 71476, 71478, 71481, 71985, 71989, 71993, 72003, 72005, 72024, 72026, 72031, 72081, 72084, 72323, 72330, 72337, 72436, 72439, 72443, 72466, 74629, 75125, 75139, 75148, 75968, 76045, 76148, 77657, 77659, 77692, 77721, 77734, 80626, 80713, 81178, 81224, 81434, 81438, 81470, 81497, 82048, 82051, 82060, 82064, 82066, 82070, 82086, 82111, 82114, 82120, 82123, 82125, 82136, 82139, 82185, 82226, 82276, 82282, 82284, 82289, 82312, 82330, 82337, 82416, 82424, 82438, 82441, 26695, 26758, 26842, 26844, 28157, 28258, 28301, 28356, 35199, 35224, 35270, 35436, 35506, 36431, 36435, 38880, 39024, 40656, 43977, 44000, 52294, 52336, 52918, 72089, 72483, 74638, 74689, 75178, 75435, 75497, 75945, 80629, 80632, 81131, 81263, 81276, 81287, 53772, 24331, 24341, 24364, 24372, 24662, 26835, 27834, 27836, 27930, 28226, 43769, 43777, 43786, 43787, 43808, 43825, 43854, 43857, 43945, 52696, 53812, 53837, 53862, 53962, 72050, 72078, 72209, 72301, 76081, 77672, 80137, 80157, 81125, 81144, 81146, 81152, 81998, 82002, 82003, 82028, 82033, 82034, 82087, 82205, 71553, 23993, 24003, 24657, 24732, 24734, 24739, 24756, 24799, 27860, 28302, 31015, 31016, 31018, 31025, 34415, 39046, 42570, 43775, 43842, 53340, 53386, 65565, 65884, 65896, 71493, 71494, 71518, 71664, 72460, 72577, 81473, 81658, 27947, 24708, 24811, 24317, 24361, 24398, 24683, 24724, 24755, 27877, 27912, 49908, 71515, 72303, 72448, 36367, 36390, 71583, 34557, 65723, 43159, 72256, 39140, 31053, 31127, 31330, 31374, 31636, 32200, 34561, 34599, 39903, 39966, 40043, 40045, 40054, 40055, 40126, 40142, 40247, 40832, 42574, 42576, 42583, 42590, 42599, 42650, 42659, 42901, 42974, 43016, 43028, 43158, 43164, 43203, 43214, 43216, 43228, 43305, 65591, 65619, 65620, 65626, 65709, 65789, 65809, 65812, 65850, 65861, 65864, 65866, 72265, 27977, 28003, 51484, 51488, 80674, 80684, 81255, 28099, 28101, 28168, 28202, 28211, 52806, 72345, 72346, 72407, 72474, 80140, 80145, 80153, 80636, 81170, 38553, 38295, 52800], "label": "plant"}, {"objectId": 25, "id": 25, "partId": 25, "index": 7, "dominantNormal": [-0.1699954718351364, -0.9854448437690735, -2.1881271101011312e-16], "obb": {"axesLengths": [0.6521680605133978, 1.139999930411578, 0.16385670024734064], "centroid": [-0.7823862945639548, 3.3173236733242386, 0.8599999173770096], "normalizedAxes": [0.9854448437690735, -0.1699954867362976, -3.77465806913996e-17, 0, -2.220446049250313e-16, 1, -0.1699954867362976, -0.9854448437690735, -2.1881271101011312e-16]}, "segments": [56003, 18645], "label": "wall"}, {"objectId": 26, "id": 26, "partId": 26, "index": 8, "dominantNormal": [0.9908630847930908, -0.13487163186073303, -2.994751821211073e-17], "obb": {"axesLengths": [1.4500853638177855, 0.8219400460584447, 0.5565099916884695], "centroid": [-0.6368792804588805, 2.5264948002766454, -0.9409700155746943], "normalizedAxes": [0.13487163186073303, 0.9908630847930908, 2.2001580219767965e-16, 0, -2.220446049250313e-16, 1, 0.9908630847930908, -0.13487163186073303, -2.994751821211073e-17]}, "segments": [46711, 79273, 48511, 79372, 41706, 41714, 41756, 45196, 22586, 23502, 41380, 39229, 39853, 39863, 22951, 71195, 22607, 22616, 22612, 22865, 12764, 18410, 18424, 19394, 19415, 19481, 19487, 19519, 19539, 19552, 19571, 19585, 21253, 21289, 21296, 21297, 21346, 22656, 22670, 22794, 22822, 22862, 22878, 22887, 22896, 22935, 22938, 22961, 22969, 23497, 23517, 23524, 23528, 23530, 23563, 23882, 25583, 38638, 38649, 38651, 38712, 38715, 39192, 39239, 39878, 39879, 39880, 39900, 39938, 41257, 41260, 41291, 41313, 41346, 41356, 41395, 41749, 41774, 45121, 48430, 48433, 48442, 48447, 48448, 48458, 48461, 48463, 48501, 48503, 48555, 48567, 48571, 48615, 48639, 48642, 50456, 70633, 70636, 71115, 71120, 71122, 71158, 71206, 71209, 71219, 71224, 71225, 71243, 71818, 71822, 75940, 76312, 76316, 76317, 76319, 76323, 76327, 76338, 76365, 76366, 76391, 76563, 76567, 76590, 76593, 76598, 76602, 76605, 76608, 76617, 76621, 77141, 77153, 77299, 77312, 79212, 79217, 79220, 79223, 79232, 80191, 80194, 80197, 80200, 80290, 39196, 34327, 45141, 46163, 34453], "label": "clutter"}, {"objectId": 27, "id": 27, "partId": 27, "index": 9, "dominantNormal": [-0.20020759105682373, -0.9797534942626953, -2.175489775574791e-16], "obb": {"axesLengths": [0.526823678321733, 0.3618909784728813, 0.1872001319558281], "centroid": [2.097433615734039, -1.1530306061089475, -0.38905452387263306], "normalizedAxes": [0.9797534942626953, -0.20020757615566254, -4.4455012150482206e-17, 0, -2.220446049250313e-16, 1, -0.20020757615566254, -0.9797534942626953, -2.175489775574791e-16]}, "segments": [38759, 80343, 25741, 39278, 50848, 76478, 80388, 39508], "label": "monitor"}, {"objectId": 28, "id": 28, "partId": 28, "index": 10, "dominantNormal": [0.6931177377700806, -0.7208243608474731, -1.6005516042471538e-16], "obb": {"axesLengths": [0.5376146893498553, 0.5384569643782755, 0.2354260213832807], "centroid": [2.579329708547529, -0.8808113126157278, -0.3326085167500721], "normalizedAxes": [0.7208243608474731, 0.6931177377700806, 1.53903054249689e-16, 0, -2.220446049250313e-16, 1, 0.6931177377700806, -0.7208243608474731, -1.6005516042471538e-16]}, "segments": [65004, 90329, 24900, 22526, 58117, 58080, 58115, 83748, 22492, 22507, 22511, 22516, 24901, 57633, 57641, 57714, 57769, 57770, 57928, 58054, 58066, 58160, 58172, 65001, 65021, 65121, 71110, 71113, 83613, 83614, 83618, 83659, 83663, 83692, 83734, 88552, 88627, 90365, 90396, 65016, 80421, 50730, 50756, 80321, 24904, 24984, 25513, 50739, 50763, 50823, 50835, 50856, 50885, 80320, 80392, 80396, 80423], "label": "pc"}, {"objectId": 29, "id": 29, "partId": 29, "index": 11, "dominantNormal": [0.9968363046646118, -0.07948197424411774, -1.7648543569696637e-17], "obb": {"axesLengths": [0.44349867742987675, 0.6361010528482258, 0.4163071427521119], "centroid": [3.915287563587308, -0.1446577559679788, -1.0119495197655377], "normalizedAxes": [0.07948197424411774, 0.9968363046646118, 2.2134212344418187e-16, 0, -2.220446049250313e-16, 1, 0.9968363046646118, -0.07948197424411774, -1.7648543569696637e-17]}, "segments": [88057, 43976, 43513, 43910, 22160, 22719], "label": "suitcase"}, {"objectId": 30, "id": 30, "partId": 30, "index": 12, "dominantNormal": [-0.3811713457107544, -0.9245043992996216, -2.0528121409393787e-16], "obb": {"axesLengths": [0.7194419964336946, 0.4149319734812083, 0.2994198127888516], "centroid": [4.054466728935892, 1.9228961107067315, -0.7033930146641367], "normalizedAxes": [0.9245043992996216, -0.3811713457107544, -8.463704086708699e-17, 0, -2.220446049250313e-16, 1, -0.3811713457107544, -0.9245043992996216, -2.0528121409393787e-16]}, "segments": [60693, 84739], "label": "pillow"}, {"objectId": 31, "id": 31, "partId": 31, "index": 13, "dominantNormal": [0, -2.220446049250313e-16, 1], "obb": {"axesLengths": [0.7845086174327837, 0.3393559678042833, 0.705147469901152], "centroid": [2.3840502255791174, 2.5088958593944453, -0.4996780226412124], "normalizedAxes": [-0.5744621753692627, 0.8185311555862427, 1.817504270609766e-16, 0, -2.220446049250313e-16, 1, 0.8185311555862427, 0.5744621753692627, 1.2755622677424199e-16]}, "segments": [82950, 75601], "label": "pillow"}, {"objectId": 32, "id": 32, "partId": 32, "index": 14, "dominantNormal": [0, -2.220446049250313e-16, 1], "obb": {"axesLengths": [0.5499656857975498, 0.18026101186288113, 0.5814959602652275], "centroid": [3.403147303415084, 1.8960580325172753, -0.8069045097288237], "normalizedAxes": [0.1923404335975647, 0.9813282489776611, 2.1789864334601752e-16, 0, -2.220446049250313e-16, 1, 0.9813282489776611, -0.1923404335975647, -4.270815558928047e-17]}, "segments": [79591, 43345, 49469], "label": "pillow"}, {"objectId": 33, "id": 33, "partId": 33, "index": 15, "dominantNormal": [0.1761176735162735, -0.9843690991401672, -2.185738477189874e-16], "obb": {"axesLengths": [0.7248208074718667, 0.4999999888241291, 0.4939903809990749], "centroid": [2.7783293310618635, 2.328733302622737, -0.6400000043918948], "normalizedAxes": [0.9843690991401672, 0.1761176884174347, 3.910598254495905e-17, 0, -2.220446049250313e-16, 1, 0.1761176884174347, -0.9843690991401672, -2.185738477189874e-16]}, "segments": [21941, 82963, 83017, 56079, 82988, 55698, 55754], "label": "blanket"}, {"objectId": 34, "id": 34, "partId": 34, "index": 16, "dominantNormal": [0.9984331130981445, 0.0559583380818367, 1.2425247071642764e-17], "obb": {"axesLengths": [0.8184075321585279, 0.5606100433928507, 0.5089287622355158], "centroid": [2.1719108064759136, 2.1932274090683546, -0.8103050142418973], "normalizedAxes": [-0.0559583343565464, 0.9984331130981445, 2.216966861419466e-16, 0, -2.220446049250313e-16, 1, 0.9984331130981445, 0.0559583343565464, 1.2425246244462152e-17]}, "segments": [82880, 83064, 19599, 18289], "label": "pillow"}, {"objectId": 35, "id": 35, "partId": 35, "index": 17, "dominantNormal": [0, -2.220446049250313e-16, 1], "obb": {"axesLengths": [0.662238998889295, 0.3509890358673993, 0.5096620242401215], "centroid": [2.5527054607086432, 2.026455569692528, -0.7345055209543824], "normalizedAxes": [0.6436212658882141, 0.7653441429138184, 1.699405378449855e-16, 0, -2.220446049250313e-16, 1, 0.7653441429138184, -0.6436212658882141, -1.4291262970549703e-16]}, "segments": [19152, 70935, 21226, 22247], "label": "pillow"}, {"objectId": 36, "id": 36, "partId": 36, "index": 18, "dominantNormal": [0.9996201992034912, 0.027559004724025726, 6.119328316073364e-18], "obb": {"axesLengths": [0.6859407499790765, 0.21223997595369845, 0.19111994837571028], "centroid": [1.7256550914987971, 1.887330881652632, -1.216120010473654], "normalizedAxes": [-0.027559004724025726, 0.9996201992034912, 2.219602722072203e-16, 0, -2.220446049250313e-16, 1, 0.9996201992034912, 0.027559004724025726, 6.119328316073364e-18]}, "segments": [9546, 1422, 53779, 65498, 9375, 9379, 9400, 9482], "label": "toy"}, {"objectId": 37, "id": 37, "partId": 37, "index": 19, "dominantNormal": [0, -2.220446049250313e-16, 1], "obb": {"axesLengths": [0.19011099536998255, 0.14944004678487666, 0.19201048649635008], "centroid": [1.5752182073044587, 1.5879950670969114, -1.2401900344260035], "normalizedAxes": [-0.5132861733436584, 0.8582175374031067, 1.905625740324061e-16, 0, -2.220446049250313e-16, 1, 0.8582175374031067, 0.5132861733436584, 1.1397242557357378e-16]}, "segments": [551, 9386, 68296, 9261, 9262], "label": "item"}, {"objectId": 38, "id": 38, "partId": 38, "index": 20, "dominantNormal": [0, -2.220446049250313e-16, 1], "obb": {"axesLengths": [0.6670547871198155, 0.49883400278909473, 0.5780252811961413], "centroid": [1.576088563187952, 2.031741567999684, -0.8805830015817369], "normalizedAxes": [0.9999960660934448, -0.0028123913798481226, -6.2447633283294e-19, 0, -2.220446049250313e-16, 1, -0.0028123913798481226, -0.9999960660934448, -2.2204373142230445e-16]}, "segments": [6519, 6366, 68320, 1358, 1362, 1400, 66169, 67533, 6586, 67544, 11684, 68714, 4619, 68681, 11379], "label": "blanket"}, {"objectId": 39, "id": 39, "partId": 39, "index": 21, "dominantNormal": [0, -2.220446049250313e-16, 1], "obb": {"axesLengths": [0.8188563145407874, 0.1397199599507458, 0.428547435126427], "centroid": [1.5714247951149822, 1.5446091640736972, -0.7001400167424239], "normalizedAxes": [-0.12143982201814651, 0.9925987720489502, 2.2040120218868036e-16, 0, -2.220446049250313e-16, 1, 0.9925987720489502, 0.12143982201814651, 2.696505730218546e-17]}, "segments": [68163], "label": "pillow"}, {"objectId": 40, "id": 40, "partId": 40, "index": 22, "dominantNormal": [0, -2.220446049250313e-16, 1], "obb": {"axesLengths": [0.6214734606873075, 0.25658100269926304, 0.3862079016703154], "centroid": [1.5472974331316232, 2.158834402655276, -0.7217095364953692], "normalizedAxes": [0.9504296779632568, 0.31093958020210266, 6.904245624153097e-17, 0, -2.220446049250313e-16, 1, 0.31093958020210266, -0.9504296779632568, -2.110377823523761e-16]}, "segments": [68694, 11831, 68762, 4577, 6485, 67469], "label": "stuffed animal"}, {"objectId": 41, "id": 41, "partId": 41, "index": 23, "dominantNormal": [0.043110087513923645, -0.9990703463554382, -2.2183818034880747e-16], "obb": {"axesLengths": [0.4656077439466833, 0.38860993708796937, 0.2015384860076532], "centroid": [1.1586149626468, -0.5079022561628679, -1.1243049879115459], "normalizedAxes": [0.9990703463554382, 0.043110087513923645, 9.572362350312701e-18, 0, -2.220446049250313e-16, 1, 0.043110087513923645, -0.9990703463554382, -2.2183818034880747e-16]}, "segments": [11347, 6040, 82578], "label": "picture"}, {"objectId": 42, "id": 42, "partId": 42, "index": 24, "dominantNormal": [0, -2.220446049250313e-16, 1], "obb": {"axesLengths": [0.6569991785599424, 0.22409998869672432, 0.5019834109233287], "centroid": [2.024964277687127, 1.1076691826132083, -1.2179500518412885], "normalizedAxes": [0.15389898419380188, 0.9880865812301636, 2.1939929456097653e-16, 0, -2.220446049250313e-16, 1, 0.9880865812301636, -0.15389898419380188, -3.4172439143676376e-17]}, "segments": [64216, 1996, 69260, 1852, 3827, 4069, 3205, 14077, 66201, 1834, 1983, 66211, 66228], "label": "bag"}, {"objectId": 43, "id": 43, "partId": 43, "index": 25, "dominantNormal": [0, -2.220446049250313e-16, 1], "obb": {"axesLengths": [0.5178111316499439, 0.24929999747946865, 0.4864704366583697], "centroid": [3.0881582211108136, -0.5929201914471192, -1.1955800119245803], "normalizedAxes": [0.9999849796295166, 0.005479234270751476, 1.2166344089407036e-18, 0, -2.220446049250313e-16, 1, 0.005479234270751476, -0.9999849796295166, -2.220412697328015e-16]}, "segments": [90819, 88124, 37271, 36952, 36440, 63472, 63599, 36366, 36907, 36951, 37073, 63457, 73877, 36241], "label": "bag"}, {"objectId": 44, "id": 44, "partId": 44, "index": 26, "dominantNormal": [0, -2.220446049250313e-16, 1], "obb": {"axesLengths": [0.3212219541428354, 0.2584299983435125, 0.34148687325545013], "centroid": [1.6066438439099913, -0.36269032726159645, -1.1792149610208364], "normalizedAxes": [0.9087873101234436, 0.41725966334342957, 9.265025709824339e-17, 0, -2.220446049250313e-16, 1, 0.41725966334342957, -0.9087873101234436, -2.0179131923724194e-16]}, "segments": [18098, 6430, 6507, 67311, 6102, 65980, 6260, 6141, 6157, 6217, 65983], "label": "trash can"}, {"objectId": 45, "id": 45, "partId": 45, "index": 27, "dominantNormal": [0.8292844295501709, 0.5588268041610718, 1.2408447695146302e-16], "obb": {"axesLengths": [0.38803384838553723, 0.6866599763931336, 0.3022622692905248], "centroid": [-1.1193507839160226, -0.10311346926887544, -1.0333300033918031], "normalizedAxes": [-0.558826744556427, 0.8292844295501709, 1.8413813352994766e-16, 0, -2.220446049250313e-16, 1, 0.8292844295501709, 0.558826744556427, 1.2408446371657322e-16]}, "segments": [66513, 8435, 8471, 8264, 66458, 66286, 7286, 66237, 6774, 6819, 6874, 7689, 8142, 8933, 9194, 66219, 66529, 66531], "label": "instrument"}, {"objectId": 46, "id": 46, "partId": 46, "index": 28, "dominantNormal": [0.8186748623847961, 0.5742573738098145, 1.2751075169288627e-16], "obb": {"axesLengths": [0.416728537102621, 0.8898859421189286, 0.3727007877560725], "centroid": [-1.2683524671908355, -0.7985040238028993, -0.9345069946791912], "normalizedAxes": [-0.5742573738098145, 0.8186748027801514, 1.8178232314539663e-16, 0, -2.220446049250313e-16, 1, 0.8186748027801514, 0.5742573738098145, 1.2751075169288627e-16]}, "segments": [74253, 74215, 74171, 3910, 4108, 71006, 2702, 65913, 2345, 3921, 65967, 37706, 74127, 37824, 867, 818, 869, 2344, 2796, 2800, 2803, 3395, 3554, 3656, 3719, 3764, 3766, 3790, 3811, 3832, 3835, 3874, 3940, 4269, 4279, 4313, 5153, 5193, 37617, 37650, 37668, 37709, 37731, 37748, 37776, 37788, 37790, 37827, 65816, 65953, 65954, 74072, 74146], "label": "instrument"}, {"objectId": 48, "id": 48, "partId": 48, "index": 29, "dominantNormal": [0.7010485529899597, -0.71311354637146, -1.5834301567073882e-16], "obb": {"axesLengths": [0.352111637821662, 0.20038800238695711, 0.17047305810905575], "centroid": [0.9714678359762092, -0.6230096298859773, -0.17019403292900392], "normalizedAxes": [0.71311354637146, 0.7010485529899597, 1.5566404898192048e-16, 0, -2.220446049250313e-16, 1, 0.7010485529899597, -0.71311354637146, -1.5834301567073882e-16]}, "segments": [90753, 65412, 65454], "label": "decoration"}, {"objectId": 49, "id": 49, "partId": 49, "index": 30, "dominantNormal": [0, -2.220446049250313e-16, 1], "obb": {"axesLengths": [0.6075690862232161, 0.21397995470509037, 0.2773177865305692], "centroid": [1.3352457939355056, -0.3876263076064175, -1.21698999984935], "normalizedAxes": [-0.13808193802833557, 0.9904208183288574, 2.1991759931535735e-16, 0, -2.220446049250313e-16, 1, 0.9904208183288574, 0.13808193802833557, 3.066034937678443e-17]}, "segments": [88203, 68340, 67408, 6276, 11536], "label": "shoes"}, {"objectId": 50, "id": 50, "partId": 50, "index": 31, "dominantNormal": [0.996296763420105, -0.0859813541173935, -1.9091695805915852e-17], "obb": {"axesLengths": [0.1925114548425217, 0.2554059567584255, 0.14068036641004325], "centroid": [1.5626744654097118, -0.7659813139918066, -0.4622970152093404], "normalizedAxes": [0.0859813541173935, 0.996296763420105, 2.212223212217046e-16, 0, -2.220446049250313e-16, 1, 0.996296763420105, -0.0859813541173935, -1.9091695805915852e-17]}, "segments": [23589, 23576, 64895, 23578, 64900], "label": "lamp"}, {"objectId": 51, "id": 51, "partId": 51, "index": 32, "dominantNormal": [0.762441873550415, 0.6470567584037781, 1.4367546228383833e-16], "obb": {"axesLengths": [0.24613046434636218, 0.1483180191743816, 0.12312469506562614], "centroid": [1.7853847958480034, -1.0591529542916782, -0.4758410230424037], "normalizedAxes": [-0.6470567584037781, 0.7624418139457703, 1.6929609135591278e-16, 0, -2.220446049250313e-16, 1, 0.7624418139457703, 0.6470567584037781, 1.4367546228383833e-16]}, "segments": [76503, 39439, 39398], "label": "item"}, {"objectId": 52, "id": 52, "partId": 52, "index": 33, "dominantNormal": [0.8688598871231079, 0.4950581192970276, 1.0992498451423751e-16], "obb": {"axesLengths": [0.3423052853571003, 0.35167200077313165, 0.23481403437082304], "centroid": [1.5508496644161198, -0.9895084155471225, -0.37416403224302863], "normalizedAxes": [-0.4950580894947052, 0.8688598871231079, 1.929256503714578e-16, 0, -2.220446049250313e-16, 1, 0.8688598871231079, 0.4950580894947052, 1.0992497789679261e-16]}, "segments": [65210, 65200, 39492, 90579, 65347, 65346, 64869], "label": "item"}, {"objectId": 54, "id": 54, "partId": 54, "index": 34, "dominantNormal": [0, -2.220446049250313e-16, 1], "obb": {"axesLengths": [0.47414659783357027, 0.27797299002171316, 0.2790723750365254], "centroid": [1.3767867700118326, 1.0410608641397496, -0.7510135037931028], "normalizedAxes": [0.9865971803665161, -0.16317465901374817, -3.623205269448441e-17, 0, -2.220446049250313e-16, 1, -0.16317465901374817, -0.9865971803665161, -2.1906858113463293e-16]}, "segments": [81310, 81335, 81343, 8051], "label": "pillow"}, {"objectId": 55, "id": 55, "partId": 55, "index": 35, "dominantNormal": [0, -2.220446049250313e-16, 1], "obb": {"axesLengths": [0.9628632732574472, 0.30965798401106914, 0.5466554111229764], "centroid": [1.371158613065692, 1.4264390254142678, -0.7751710273620267], "normalizedAxes": [-0.39037564396858215, 0.9206556677818298, 2.0442662402460728e-16, 0, -2.220446049250313e-16, 1, 0.9206556677818298, 0.39037564396858215, 8.66808056373585e-17]}, "segments": [8019, 5852, 5917, 68620, 11439, 8567], "label": "blanket"}, {"objectId": 56, "id": 56, "partId": 56, "index": 36, "dominantNormal": [-0.6056320071220398, -0.7957448363304138, -1.7669084780412044e-16], "obb": {"axesLengths": [0.14395796241418476, 0.8147989627391327, 0.09447655239811947], "centroid": [-0.8652360770627703, 3.3092841374672064, -0.10260053069642638], "normalizedAxes": [0.7957448363304138, -0.6056320071220398, -1.3447731975136707e-16, 0, -2.220446049250313e-16, 1, -0.6056320071220398, -0.7957448363304138, -1.7669084780412044e-16]}, "segments": [42070, 42058, 44590, 44603, 77828, 44602], "label": "wall"}, {"objectId": 1, "id": 1, "partId": 1, "index": 37, "dominantNormal": [0, -2.220446049250313e-16, 1], "obb": {"axesLengths": [5.896633443967741, 0.2587199153292201, 6.0412928038769405], "centroid": [1.1469430119583952, 0.2478549435224795, -1.300639990922437], "normalizedAxes": [0.5915070176124573, 0.8062998652458191, 1.7903453502961388e-16, 0, -2.220446049250313e-16, 1, 0.8062998652458191, -0.5915070176124573, -1.313409420361416e-16]}, "segments": [43728, 9, 23222, 241, 272, 498, 512, 533, 576, 851, 1790, 2914, 2938, 3274, 3295, 3365, 4181, 4967, 5635, 5740, 5743, 5937, 8597, 8654, 8667, 8684, 8719, 8768, 8771, 8775, 8785, 8811, 8817, 8865, 8909, 8912, 8914, 8987, 9023, 9045, 9059, 9076, 9094, 9146, 9164, 9223, 9256, 9264, 9280, 9441, 9471, 10167, 10217, 10226, 10248, 10265, 10274, 10347, 10351, 10386, 10396, 10406, 10416, 10547, 10633, 10792, 10815, 10836, 10840, 10873, 10907, 11017, 11031, 11044, 11055, 11062, 11099, 11103, 11113, 11218, 11290, 11344, 11386, 11389, 11402, 11473, 11492, 11495, 11510, 11517, 11530, 11545, 11574, 11696, 11715, 11716, 11773, 11774, 11792, 11861, 11867, 11933, 11968, 12012, 12025, 12030, 12055, 12059, 12061, 12191, 12197, 12214, 12217, 12218, 12248, 12257, 12259, 12361, 12446, 12449, 12458, 12499, 12501, 12508, 12526, 12547, 12562, 12566, 12571, 12576, 12601, 12606, 12608, 12631, 12642, 12662, 12663, 12778, 12800, 12838, 12888, 12908, 12973, 13001, 13017, 13076, 13085, 13088, 13091, 13116, 13129, 13133, 13143, 13163, 13192, 13205, 13220, 13221, 13232, 13243, 13245, 13743, 13752, 13769, 13833, 13886, 13888, 13930, 13948, 13949, 13950, 13952, 13967, 13999, 14011, 14016, 14046, 14109, 14126, 14147, 14203, 14223, 14240, 14249, 14299, 14300, 19376, 19482, 19591, 19593, 19595, 21318, 21350, 23106, 23373, 23414, 23417, 23419, 23447, 23451, 26442, 28690, 28704, 28709, 28718, 28722, 28773, 28794, 28795, 28801, 28815, 28867, 28879, 28887, 28896, 28910, 28912, 28923, 28936, 28955, 28960, 32450, 32479, 32509, 32559, 32564, 32591, 32616, 32621, 32622, 32630, 32647, 32649, 32670, 32673, 32674, 32678, 35953, 35971, 38254, 39991, 40002, 40028, 40029, 40068, 40078, 40100, 40110, 40117, 40120, 40158, 40194, 40195, 40198, 40222, 40236, 40265, 40274, 41180, 41196, 41202, 42780, 42792, 44370, 47543, 49157, 50484, 50490, 50497, 50499, 51778, 51800, 51806, 51810, 51894, 51899, 51936, 52335, 52589, 52592, 52604, 52611, 52615, 54587, 61759, 63278, 63297, 63376, 63389, 63393, 66114, 66182, 66186, 66420, 66549, 66588, 66606, 66630, 66645, 66646, 66974, 66980, 66989, 66993, 66996, 66999, 67027, 67030, 67032, 67036, 67047, 67060, 67067, 67071, 67073, 67083, 67157, 67159, 67164, 67207, 67213, 67220, 67223, 67225, 67228, 67231, 67254, 67275, 67278, 67287, 67297, 67379, 67383, 67390, 67397, 67399, 67456, 67460, 67465, 67574, 67575, 67621, 67714, 67720, 67723, 67743, 70693, 70696, 70701, 70898, 70968, 71055, 71237, 72736, 72740, 72742, 72745, 72747, 72756, 72760, 72763, 72770, 72777, 72782, 72785, 72788, 73622, 73661, 73691, 73711, 73778, 73781, 73782, 74865, 74868, 74870, 76623, 76626, 76629, 76640, 76641, 76645, 76700, 76732, 76762, 76766, 76770, 76773, 76782, 76786, 76803, 77137, 80305, 80781, 82662, 84954, 87520, 87551, 89210, 89253, 89360, 89431, 89666, 90030, 90267, 5872, 5873, 5983, 6922, 7212, 9212, 43423, 63314, 63333, 63397, 63417, 63427, 87558, 35582, 23909, 893, 1428, 1491, 1534, 1674, 1735, 1795, 1813, 1884, 1900, 1936, 1941, 4857, 5367, 5379, 5561, 5588, 5728, 5793, 6046, 6456, 23339, 25898, 25954, 26384, 35995, 38239, 38248, 48553, 56701, 56708, 56715, 56881, 56882, 56901, 57032, 57039, 57069, 57070, 57170, 57172, 57235, 64084, 64472, 64601, 65641, 65650, 66024, 66030, 66045, 66062, 66165, 66306, 66322, 66684, 67, 410, 427, 483, 583, 1415, 1573, 2276, 2311, 2372, 2535, 4890, 5355, 5452, 5530, 5675, 6660, 6662, 6664, 16406, 25921, 25978, 25980, 26005, 31417, 35441, 54949, 59185, 60594, 63337, 65569, 65630, 65632, 65814, 66102, 86671, 87521, 87528, 87541, 87548, 87563, 1748, 1560, 392, 126, 18, 148, 284, 706, 5158, 48122, 76715, 12947, 13759, 73755, 12206], "label": "floor"}, {"objectId": 2, "id": 2, "partId": 2, "index": 38, "dominantNormal": [0, -2.220446049250313e-16, 1], "obb": {"axesLengths": [2.905759648338865, 0.9727000078700476, 2.2165697175199583], "centroid": [3.199765220347935, 1.7117862520536036, -0.8363500231535739], "normalizedAxes": [0.8944628238677979, -0.4471423625946045, -9.928554924756405e-17, 0, -2.220446049250313e-16, 1, -0.4471423625946045, -0.8944628238677979, -1.9861064434585304e-16]}, "segments": [48914, 39801, 33016, 25025, 5755, 20749, 47879, 50721, 37927, 32297, 24574, 7419, 18584, 18206, 67556, 19604, 16620, 470, 486, 1435, 9278, 18000, 18188, 18193, 20473, 20904, 20905, 20914, 20916, 20922, 20939, 21091, 21093, 22294, 43356, 44399, 49291, 49564, 52030, 52065, 55820, 55922, 56158, 56164, 60356, 60603, 61005, 65931, 66048, 70816, 70854, 70865, 71099, 73862, 73867, 75534, 80013, 83002, 85849, 40860, 40747, 43325, 70500, 19598], "label": "sofa"}, {"objectId": 3, "id": 3, "partId": 3, "index": 39, "dominantNormal": [-0.20153775811195374, -0.9794807434082031, -2.1748841470175043e-16], "obb": {"axesLengths": [2.6998366208144593, 2.139999937862158, 0.12679291952572133], "centroid": [3.3878773666223965, 2.496840280459625, 0.4599999352584032], "normalizedAxes": [0.9794807434082031, -0.20153777301311493, -4.475037518616774e-17, 0, -2.220446049250313e-16, 1, -0.20153777301311493, -0.9794807434082031, -2.1748841470175043e-16]}, "segments": [48271, 19053, 24592, 17928, 22769, 28536, 28537, 28540, 55850, 55877, 73052, 85853], "label": "wall"}, {"objectId": 4, "id": 4, "partId": 4, "index": 40, "dominantNormal": [0.9762495160102844, -0.21664921939373016, -4.8105790327597245e-17], "obb": {"axesLengths": [3.5675433057674444, 1.0199999730288984, 0.06494002178256042], "centroid": [4.254235473735681, 0.4900698377657903, -0.7400000185479971], "normalizedAxes": [0.21664921939373016, 0.9762495160102844, 2.1677093809075663e-16, 0, -2.220446049250313e-16, 1, 0.9762495160102844, -0.21664921939373016, -4.8105790327597245e-17]}, "segments": [47020, 43497, 43540, 76961, 76963], "label": "wall"}, {"objectId": 5, "id": 5, "partId": 5, "index": 41, "dominantNormal": [0, -2.220446049250313e-16, 1], "obb": {"axesLengths": [6.473219757363133, 3.1133398313818894, 4.073964299005636], "centroid": [1.93709578318053, 1.571462506832888, 1.306669888276756], "normalizedAxes": [0.8425063490867615, -0.5386863946914673, -1.1961240768775634e-16, 0, -2.220446049250313e-16, 1, -0.5386863946914673, -0.8425063490867615, -1.8707398942980046e-16]}, "segments": [32631, 46086, 53449, 18420, 52080, 18684, 84691, 21447, 77933, 24136, 23338, 87895, 32995, 29760, 32903, 47460, 63841, 35149, 77786, 25637, 26194, 29925, 32414, 32384, 24638, 3808, 87182, 983, 44659, 83258, 87017, 87897, 22931, 53546, 17190, 16502, 51578, 17760, 15373, 17474, 61303, 61344, 87608, 47362, 52220, 83959, 17457, 17447, 50093, 40291, 63030, 40318, 31500, 30445, 62600, 83997, 16652, 37185, 60435, 85979, 31626, 27749, 33386, 58660, 84554, 58754, 58790, 56729, 33191, 55277, 47293, 81035, 74001, 777, 1216, 1238, 15384, 15401, 16657, 17305, 17416, 17527, 18935, 18947, 18954, 18956, 18964, 19061, 20649, 21685, 24486, 24504, 24508, 24511, 24517, 25110, 25156, 25186, 25196, 25217, 25221, 25228, 25230, 25238, 25281, 25286, 25294, 25317, 25320, 25361, 25372, 25379, 25391, 25403, 25440, 26011, 26024, 26025, 26031, 26032, 26055, 26057, 26075, 26087, 27095, 27115, 27126, 27132, 27150, 27163, 27165, 27175, 27707, 27797, 28979, 28996, 29001, 29024, 29067, 29519, 29533, 29602, 30480, 30546, 30567, 30568, 30589, 30620, 31056, 33069, 33111, 33840, 33939, 34003, 34737, 37194, 39706, 40315, 42913, 43436, 44087, 44092, 44109, 44435, 44443, 44726, 44738, 47307, 47519, 47645, 50133, 52259, 54659, 54741, 55003, 55006, 55023, 55123, 55516, 56241, 56746, 57550, 57682, 57685, 57707, 57757, 57884, 58037, 58234, 58270, 58377, 58379, 58456, 58822, 58823, 59295, 59318, 59355, 59394, 59404, 59464, 59516, 59588, 59617, 59716, 59759, 59992, 60036, 60045, 60053, 60132, 60144, 60156, 60396, 61047, 62240, 62670, 71492, 71676, 71678, 71696, 71702, 71704, 71713, 71721, 71729, 71730, 71735, 71751, 71780, 71789, 71795, 71829, 71838, 71842, 71856, 71860, 71864, 72095, 72097, 72100, 72938, 73085, 75114, 75121, 78178, 78773, 78816, 78874, 78876, 80730, 81027, 83280, 83814, 83819, 83930, 83971, 83991, 84423, 84643, 84657, 84729, 84731, 87231, 87236, 87240, 87241, 87245, 87248, 87375, 87388, 87470, 60852, 59162, 84528, 60388, 15436, 16761, 17674, 19638, 83134, 914, 13466, 13847, 13901, 14818, 15424, 15588, 15721, 16153, 16170, 16222, 16249, 16272, 16278, 16291, 16346, 16354, 16374, 16435, 16444, 16451, 16456, 16459, 16477, 16489, 16516, 16708, 16893, 16940, 16998, 18880, 19608, 19625, 19652, 19658, 19659, 19663, 24964, 29661, 33788, 42413, 45953, 55937, 56032, 56295, 56297, 56312, 56332, 56341, 56350, 56356, 56357, 56365, 56495, 56579, 56803, 56889, 57613, 58707, 58710, 58720, 58782, 58804, 59014, 59135, 60313, 60357, 60358, 61717, 62297, 62328, 62346, 62350, 62373, 62425, 62538, 62543, 62800, 62825, 62841, 63608, 64045, 64160, 69203, 69213, 69790, 69803, 69875, 69925, 70185, 83112, 83149, 83158, 83186, 83595, 83653, 84969, 86676, 86682, 86733, 86972, 86994, 86999, 87477, 87808, 87726, 63794, 62185, 47770, 86105, 59032, 47782, 31850, 86041, 29651, 37309, 51019, 63081, 19411, 52712], "label": "ceiling"}, {"objectId": 7, "id": 7, "partId": 7, "index": 42, "dominantNormal": [-0.13077926635742188, -0.9914115071296692, -2.2013757641873726e-16], "obb": {"axesLengths": [2.445098560713873, 3.7999999865889533, 0.6891085987934831], "centroid": [0.9625294865182082, 3.456211108662372, 0.5699999471048254], "normalizedAxes": [0.9914115071296692, -0.13077926635742188, -2.903883053071918e-17, 0, -2.220446049250313e-16, 1, -0.13077926635742188, -0.9914115071296692, -2.2013757641873726e-16]}, "segments": [41027, 37111, 30149, 16826, 85653, 56849, 28998, 20625, 75557, 51562, 69377, 15156, 12123, 11974, 80910, 1055, 74428, 31190, 31145, 26273, 5395, 42619, 34795, 66152, 85596, 27551, 1158, 614, 615, 618, 620, 631, 638, 649, 699, 700, 702, 710, 719, 762, 1027, 1080, 1109, 1173, 2078, 2093, 2118, 2131, 2132, 2196, 2206, 2212, 2225, 2274, 2275, 2301, 2307, 2341, 2424, 2428, 2435, 2458, 2474, 2481, 2492, 2512, 2529, 2530, 2533, 2546, 2569, 2580, 2603, 2607, 2614, 2642, 2646, 2659, 2666, 2692, 2695, 2725, 2751, 2763, 2771, 2779, 2786, 3251, 3917, 3933, 3936, 3943, 3957, 4006, 4014, 4089, 4119, 4120, 4158, 4164, 4250, 4275, 4294, 4298, 4308, 4309, 4311, 4339, 4359, 4363, 4372, 4380, 4381, 4385, 4406, 4433, 4437, 4448, 4457, 4480, 4503, 5032, 5033, 5038, 5058, 5061, 5078, 5090, 5091, 5102, 5110, 5128, 5130, 5139, 5172, 5182, 5186, 5196, 5206, 5237, 5285, 5299, 5305, 5315, 5398, 5439, 5455, 5487, 5490, 5492, 5517, 5541, 5547, 5556, 5564, 5569, 5624, 5626, 5630, 5710, 5790, 5796, 5821, 6608, 6635, 6848, 6880, 7028, 7031, 7042, 7076, 7136, 7149, 7151, 7152, 7169, 7185, 7196, 7310, 7327, 7337, 7356, 7358, 7376, 7447, 7451, 7452, 7521, 7532, 7585, 7814, 7819, 7842, 7855, 8189, 8194, 8200, 8209, 8217, 8218, 8222, 8244, 8255, 8291, 8320, 8352, 8381, 8400, 8415, 8682, 8687, 8689, 8718, 8789, 8806, 8846, 8903, 9119, 9622, 9634, 9638, 9654, 9669, 9696, 10080, 10097, 10172, 10247, 10311, 10314, 10326, 10366, 10387, 10389, 10392, 10491, 10529, 10537, 10567, 10599, 10619, 10622, 10648, 10657, 10663, 10670, 10684, 11841, 11875, 11876, 11879, 11884, 11901, 11910, 12000, 12138, 12143, 12168, 12171, 12176, 12205, 12216, 12235, 12260, 12277, 12294, 12325, 12346, 12373, 12392, 12432, 12511, 12735, 12755, 12758, 12812, 12815, 12870, 12871, 12873, 12907, 12913, 12925, 12940, 13026, 13027, 13033, 13408, 13429, 13459, 13520, 13536, 13551, 13557, 13565, 13578, 13592, 13612, 13617, 13657, 13689, 13692, 13715, 13764, 13777, 13780, 13818, 13866, 13908, 13912, 13934, 13962, 13990, 14045, 14095, 14157, 14172, 14731, 14777, 14807, 14810, 14825, 15006, 15011, 15052, 15112, 15206, 15255, 15257, 15273, 15305, 15308, 15315, 15330, 16302, 16303, 16372, 16383, 16415, 16422, 16429, 16434, 16623, 16755, 17346, 17401, 17578, 17585, 17600, 17601, 17641, 17743, 17744, 17750, 17759, 17768, 17773, 17832, 17869, 18225, 18228, 18240, 18247, 18678, 18683, 18719, 18727, 18737, 18740, 18756, 18764, 18767, 18786, 18808, 18810, 18816, 18821, 20126, 20306, 21634, 21638, 21641, 21643, 21772, 21795, 23956, 23960, 24079, 24316, 24918, 25087, 25106, 25121, 26094, 26096, 26217, 26284, 26301, 26356, 26358, 26375, 26387, 26974, 27212, 27222, 27232, 27313, 27314, 27366, 27368, 27375, 27403, 27409, 27432, 27448, 27460, 27466, 27523, 27531, 27534, 28123, 28567, 28617, 29063, 29072, 29079, 29086, 29106, 29107, 29131, 29142, 29151, 29160, 29171, 29178, 29188, 29193, 29196, 29199, 29236, 29244, 29248, 29278, 29289, 29298, 29516, 29555, 29564, 29585, 29592, 29596, 29598, 29608, 29633, 29671, 29722, 29726, 29736, 29764, 29767, 29773, 29787, 29802, 29949, 29954, 29955, 29978, 30022, 30035, 30079, 30157, 30170, 30176, 30233, 30238, 30279, 30296, 30339, 30342, 30615, 30627, 30643, 30659, 30669, 30671, 30694, 30697, 30712, 30717, 30718, 30916, 30950, 30953, 30964, 31006, 31013, 31067, 31080, 31081, 31151, 31162, 31187, 31243, 31261, 31294, 31