{"segGroups": [{"objectId": 19, "id": 19, "partId": 19, "index": 0, "dominantNormal": [0.6048000454902649, -0.7963773608207703, -1.7683129645468704e-16], "obb": {"axesLengths": [1.0633341794614486, 1.5038080028338427, 0.7676953325515306], "centroid": [-0.6494120300392682, -2.179430111606755, -0.5780960099079603], "normalizedAxes": [0.7963773608207703, 0.6048000454902649, 1.3429258715952683e-16, 0, -2.220446049250313e-16, 1, 0.6048000454902649, -0.7963773608207703, -1.7683129645468704e-16]}, "segments": [62769, 63669, 36418, 36438, 39574, 39588, 39613, 62407, 62753, 62756, 62851, 63651, 38816, 36477, 38744, 38928, 62845, 36542, 36629, 37532, 56364, 62007, 62010, 62895, 358, 693, 4054, 23916, 36563, 36767, 36795, 37786, 62048, 62361, 1609, 685, 759, 770, 4073, 4077, 4083, 4116, 22126, 39071, 51177, 62321, 63445, 52375, 4156, 922, 543, 434, 471, 792, 858, 877, 891, 902, 4140, 4165, 16490, 51019, 51186, 51389, 52358, 52399, 18887, 678, 848, 36419, 37539, 39058, 39169, 39201, 39771, 62278, 62324, 62891, 38105, 38083, 36304, 37986, 62395, 62412, 62425, 62436, 63690, 67151, 35771, 1990, 36461, 525, 12096, 28707, 63347, 39081, 63273, 39196, 28704, 28706, 30069, 37505, 38991, 58272, 58279, 63372, 52038, 51906, 1017, 1180, 51504, 51920, 1164, 1239, 1979, 3084, 3774, 3821, 51428, 51669, 51923, 52066, 963, 992, 2005, 35549, 51507, 61393, 61396, 1495, 1142, 1170, 1291, 1315, 1273, 1333, 1585, 2033, 51964, 1956, 3653, 2179, 1386, 3314, 4033, 52256, 30041, 39292, 58502], "label": "shelf"}, {"objectId": 20, "id": 20, "partId": 20, "index": 1, "dominantNormal": [0.5149449706077576, -0.8572232127189636, -1.9034178960074835e-16], "obb": {"axesLengths": [0.8380354730718393, 0.7364479138751046, 0.2315592584558777], "centroid": [0.9378768491458447, -1.162099362314362, -0.981985962421015], "normalizedAxes": [0.8572232127189636, 0.5149449706077576, 1.143407525567314e-16, 0, -2.220446049250313e-16, 1, 0.5149449706077576, -0.8572232127189636, -1.9034178960074835e-16]}, "segments": [12411, 12251, 13157, 13182, 54152, 54420, 12365, 13779], "label": "box"}, {"objectId": 21, "id": 21, "partId": 21, "index": 2, "dominantNormal": [0.16154852509498596, -0.9868647456169128, -2.1912799255494893e-16], "obb": {"axesLengths": [0.4628606747852776, 0.28295993172466893, 0.26662918059069307], "centroid": [0.407664002044982, -1.362197433004357, -1.2114799925354118], "normalizedAxes": [0.9868647456169128, 0.16154852509498596, 3.5870978430937664e-17, 0, -2.220446049250313e-16, 1, 0.16154852509498596, -0.9868647456169128, -2.1912799255494893e-16]}, "segments": [12832, 40043, 37104, 54242, 13771, 13787], "label": "bucket"}, {"objectId": 22, "id": 22, "partId": 22, "index": 3, "dominantNormal": [0, -2.220446049250313e-16, 1], "obb": {"axesLengths": [0.5000141687603087, 0.27999996513128345, 0.3411367129271516], "centroid": [0.09440371341976661, -1.5518200857253837, -1.210000009238719], "normalizedAxes": [0.855612576007843, 0.5176167488098145, 1.1493400649205442e-16, 0, -2.220446049250313e-16, 1, 0.5176167488098145, -0.855612576007843, -1.8998415640854982e-16]}, "segments": [258, 38467, 75, 34248, 34639, 37064, 37065, 38491], "label": "bucket"}, {"objectId": 23, "id": 23, "partId": 23, "index": 4, "dominantNormal": [0, -2.220446049250313e-16, 1], "obb": {"axesLengths": [0.42696000429965547, 0.28296994530476755, 0.31707990891805804], "centroid": [-0.21929128818927823, -1.6889135431845819, -1.211484999325461], "normalizedAxes": [0.9755105376243591, -0.2199527472257614, -4.883932085991947e-17, 0, -2.220446049250313e-16, 1, -0.2199527472257614, -0.9755105376243591, -2.1660685192700571e-16]}, "segments": [510, 51142, 125, 73, 124, 51113, 51237], "label": "bucket"}, {"objectId": 24, "id": 24, "partId": 24, "index": 5, "dominantNormal": [0, -2.220446049250313e-16, 1], "obb": {"axesLengths": [0.4325671825891517, 0.35419898433538544, 0.4004093909337033], "centroid": [-0.19104467443909456, -1.7921636865365278, -0.7678744900701675], "normalizedAxes": [0.989565372467041, -0.14408481121063232, -3.1993254980962576e-17, 0, -2.220446049250313e-16, 1, -0.14408481121063232, -0.989565372467041, -2.1972765217693558e-16]}, "segments": [12403, 51272, 14199, 12447, 13339, 51248, 10706, 15], "label": "sack"}, {"objectId": 25, "id": 25, "partId": 25, "index": 6, "dominantNormal": [0, -2.220446049250313e-16, 1], "obb": {"axesLengths": [0.4777577160256014, 0.32217597241306334, 0.34743112471820836], "centroid": [0.05219588581436452, -1.7057848838576053, -0.7710879850144384], "normalizedAxes": [-0.1265210062265396, 0.9919639229774475, 2.2026023737741152e-16, 0, -2.220446049250313e-16, 1, 0.9919639229774475, 0.1265210062265396, 2.8093306842289414e-17]}, "segments": [35669, 55364, 24034, 55380, 10808, 45424, 44173, 44437, 55274, 53533, 12188, 13669, 15005, 55291, 14617, 46575, 49467, 8220, 23607, 43988], "label": "sack"}, {"objectId": 26, "id": 26, "partId": 26, "index": 7, "dominantNormal": [0, -2.220446049250313e-16, 1], "obb": {"axesLengths": [0.5449889799295744, 0.3217880057888922, 0.50442262280901], "centroid": [0.3380608405811607, -1.502025019212728, -0.7891059620878252], "normalizedAxes": [-0.3221026360988617, 0.9467047452926636, 2.1021068114916188e-16, 0, -2.220446049250313e-16, 1, 0.9467047452926636, 0.3221026360988617, 7.152115257788287e-17]}, "segments": [55495, 35485, 39991, 54723, 43172, 15175, 54651, 54452, 47065, 14374], "label": "sack"}, {"objectId": 27, "id": 27, "partId": 27, "index": 8, "dominantNormal": [0, -2.220446049250313e-16, 1], "obb": {"axesLengths": [0.5293807940898295, 0.3391349835887181, 0.4004500565431227], "centroid": [0.5649553489255537, -1.4275299852474912, -0.824960479699958], "normalizedAxes": [-0.2679840922355652, 0.9634233117103577, 2.1392294862429166e-16, 0, -2.220446049250313e-16, 1, 0.9634233117103577, 0.2679840922355652, 5.950442188663922e-17]}, "segments": [54673, 13461, 54344, 13446, 54379, 54480], "label": "sack"}, {"objectId": 28, "id": 28, "partId": 28, "index": 9, "dominantNormal": [0.786777138710022, 0.6172372102737427, 1.3705419250026167e-16], "obb": {"axesLengths": [0.7377514927492287, 0.6644299477838733, 0.48255084035709583], "centroid": [0.05182516261700698, 1.2288316347401287, -1.042214934701883], "normalizedAxes": [-0.6172372102737427, 0.786777138710022, 1.7469961892891339e-16, 0, -2.220446049250313e-16, 1, 0.786777138710022, 0.6172372102737427, 1.3705419250026167e-16]}, "segments": [6408, 3489, 2506, 2522, 2599, 6505, 8685, 52885, 52889, 53096, 53102, 53151, 53234, 53259, 53285, 62731, 3549, 38633, 53244, 37452, 8879, 39864, 8648, 53182, 53277, 63751, 6363], "label": "box"}, {"objectId": 29, "id": 29, "partId": 29, "index": 10, "dominantNormal": [0, -2.220446049250313e-16, 1], "obb": {"axesLengths": [0.7127450524724395, 0.46312402643731154, 0.6121769741144371], "centroid": [-0.9363974422828574, 1.1988294022279187, -1.1520780048799955], "normalizedAxes": [0.9560709595680237, 0.2931353449821472, 6.508912186612364e-17, 0, -2.220446049250313e-16, 1, 0.2931353449821472, -0.9560709595680237, -2.122903984975774e-16]}, "segments": [33778, 36948, 32960, 5230, 33808, 33800, 58939, 18500, 32899, 36963, 31014, 59013, 31061, 30897, 58895, 55226, 55404, 18369, 32661], "label": "box"}, {"objectId": 80, "id": 80, "partId": 80, "index": 11, "dominantNormal": [0, -2.220446049250313e-16, 1], "obb": {"axesLengths": [0.8072227659332366, 0.3446600360126782, 0.642568155224972], "centroid": [-1.6475850428181413, 0.45244365579430634, -1.202329964511171], "normalizedAxes": [0.8839306831359863, 0.4676179587841034, 1.0383204491406581e-16, 0, -2.220446049250313e-16, 1, 0.4676179587841034, -0.8839306831359863, -1.9627203931804312e-16]}, "segments": [31733, 31723, 37298, 60839, 37245, 30833, 31630, 34791, 61226, 34295, 62139, 20686, 30773, 34652, 34761, 34778, 34816, 38376, 55876, 58849, 58870, 58873, 59461, 59463, 60805, 60813, 60926, 60936, 62608, 62689, 62569, 37318, 30807, 34733, 60764, 37404, 38375, 61341, 34531, 35479], "label": "box"}, {"objectId": 31, "id": 31, "partId": 31, "index": 12, "dominantNormal": [0, -2.220446049250313e-16, 1], "obb": {"axesLengths": [0.5119308691145767, 0.1997399285493806, 0.36253060349740074], "centroid": [-1.8104902579940845, 0.8792711231155776, -1.2678099568677696], "normalizedAxes": [0.8862015604972839, 0.46329987049102783, 1.0287323670499845e-16, 0, -2.220446049250313e-16, 1, 0.46329987049102783, -0.8862015604972839, -1.9677627538456564e-16]}, "segments": [28425, 35075, 28339, 28340, 28354, 28432], "label": "box"}, {"objectId": 37, "id": 37, "partId": 37, "index": 13, "dominantNormal": [0.8994227051734924, 0.43707984685897827, 9.705122191649502e-17], "obb": {"axesLengths": [1.01287679411868, 0.6731559781769814, 0.6630514285050557], "centroid": [-2.198386229574134, -0.749392459431929, -0.5993599888080356], "normalizedAxes": [-0.4370798170566559, 0.8994227051734924, 1.9971195923085104e-16, 0, -2.220446049250313e-16, 1, 0.8994227051734924, 0.4370798170566559, 9.705121529905012e-17]}, "segments": [72089, 25116, 49035, 50030, 56869, 71152, 71163, 71996, 57569, 25043, 19078, 56849, 49004, 71911, 28819, 57244, 24649, 18990, 19065, 24703, 24729, 24750, 24954, 24982, 25004, 25027, 25339, 25362, 25392, 26001, 26022, 26303, 26307, 26341, 26365, 26523, 28830, 46021, 46044, 46085, 46114, 47165, 47353, 49210, 49324, 49391, 49742, 49764, 49802, 49843, 49863, 49864, 49872, 49894, 50004, 56592, 56601, 56603, 56607, 56634, 57033, 57208, 57229, 57498, 57550, 58283, 71221, 71279, 71320, 71689, 71879, 71882, 9146, 24722, 24811, 56653, 25242, 49206, 56636, 18957, 71944, 25302, 46498, 28610, 50120, 28646, 49135], "label": "shelf"}, {"objectId": 38, "id": 38, "partId": 38, "index": 14, "dominantNormal": [0.8406462073326111, 0.5415846109390259, 1.202559409694328e-16], "obb": {"axesLengths": [1.0373506073709977, 0.5599999898672103, 0.46847318266221816], "centroid": [-2.504350850843455, 0.06145779906170068, -0.8499999731779099], "normalizedAxes": [-0.5415846109390259, 0.8406462073326111, 1.8666095498889559e-16, 0, -2.220446049250313e-16, 1, 0.8406462073326111, 0.5415846109390259, 1.202559409694328e-16]}, "segments": [44178, 46472, 69488, 43150, 43208, 43225, 43294, 43322, 45211, 45321, 46176, 46445, 46447, 46511, 65760, 69449, 69545, 69552, 69556, 46238, 67838, 44729, 45388, 46216, 46351, 46353, 46357, 46607, 46698, 46795, 47379, 47388, 47399, 47621, 67030, 67885, 67955, 68618, 68745, 68766, 68767, 68769, 68778, 69548, 69560, 69561, 71102, 45264, 45276, 46227, 50094, 46409, 49428, 43219, 3613, 44706, 46614, 47614, 51519, 67819, 68783, 72142, 67420, 44839, 72269, 45425], "label": "shelf"}, {"objectId": 39, "id": 39, "partId": 39, "index": 15, "dominantNormal": [0.9080390930175781, 0.4188854396343231, 9.301125195245133e-17], "obb": {"axesLengths": [0.2102938463686866, 1.849889952319339, 0.11039793614186545], "centroid": [-1.8907906798683982, -1.5412857346391151, -0.21937500753905592], "normalizedAxes": [-0.4188854396343231, 0.9080390930175781, 2.016251816655719e-16, 0, -2.220446049250313e-16, 1, 0.9080390930175781, 0.4188854396343231, 9.301125195245133e-17]}, "segments": [7250, 35311, 9522, 9530, 18011, 18074, 55194, 57818, 7194, 20011, 24222, 55780, 55782, 57811, 57879, 62086, 60540, 19653, 63568, 34415], "label": "tube"}, {"objectId": 40, "id": 40, "partId": 40, "index": 16, "dominantNormal": [0.9119991064071655, 0.4101921617984772, 9.108095650988738e-17], "obb": {"axesLengths": [1.0473705026586433, 0.8407319596246188, 0.541058503837258], "centroid": [-2.6654153896285386, -0.5984396463393354, 0.29036598934905244], "normalizedAxes": [-0.4101921319961548, 0.9119991064071655, 2.0250448127416066e-16, 0, -2.220446049250313e-16, 1, 0.9119991064071655, 0.4101921319961548, 9.108094989244248e-17]}, "segments": [40471, 40454, 72499, 54227, 13580, 15917, 72460, 12780, 15717, 25804, 15864, 72369, 50528, 53416, 50540, 9219, 72352, 72333, 13385, 25589], "label": "window"}, {"objectId": 41, "id": 41, "partId": 41, "index": 17, "dominantNormal": [0.9970613121986389, -0.07660791277885437, -1.7010373727111976e-17], "obb": {"axesLengths": [0.4194062680674893, 0.8545299577445542, 0.5993408334612603], "centroid": [-1.237045650068983, -2.1073683721066017, -0.9172649755940212], "normalizedAxes": [0.9970613121986389, -0.07660791277885437, -1.7010373727111976e-17, 0, -2.220446049250313e-16, 1, -0.07660791277885437, -0.9970613121986389, -2.2139208515318008e-16]}, "segments": [3706, 4235, 36158, 60339, 56447, 55868, 52009, 61740], "label": "bucket"}, {"objectId": 42, "id": 42, "partId": 42, "index": 18, "dominantNormal": [-0.5951893329620361, -0.8035855293273926, -1.7843183138297304e-16], "obb": {"axesLengths": [0.4145055422351518, 0.5560130054649782, 0.316055481679644], "centroid": [-1.3358197162439074, -2.3786628366668037, -0.39199349711849885], "normalizedAxes": [0.8035855293273926, -0.5951892733573914, -1.3215856705825843e-16, 0, -2.220446049250313e-16, 1, -0.5951892733573914, -0.8035855293273926, -1.7843183138297304e-16]}, "segments": [61878, 16215, 36148], "label": "box"}, {"objectId": 44, "id": 44, "partId": 44, "index": 19, "dominantNormal": [0, -2.220446049250313e-16, 1], "obb": {"axesLengths": [1.1137269359711444, 0.2814300593414143, 0.5109526269799362], "centroid": [0.10331870053371572, -1.5952378958566469, -0.8794249975064763], "normalizedAxes": [0.8748564124107361, 0.4843823313713074, 1.0755448340200754e-16, 0, -2.220446049250313e-16, 1, 0.4843823313713074, -0.8748564124107361, -1.9425714645987215e-16]}, "segments": [8039, 52828, 606, 8520, 9608, 9625, 42324, 48377, 40476, 13659, 54211, 9478, 10559, 40367, 42342, 42992, 43070, 48448, 48955, 53378], "label": "shelf"}, {"objectId": 47, "id": 47, "partId": 47, "index": 20, "dominantNormal": [0, -2.220446049250313e-16, 1], "obb": {"axesLengths": [0.41261878796144213, 0.3398200197558099, 0.39898580578388393], "centroid": [-1.5387825214091535, 1.0299441260651658, -1.1800899819264559], "normalizedAxes": [0.9888278245925903, 0.1490621268749237, 3.3098441071227326e-17, 0, -2.220446049250313e-16, 1, 0.1490621268749237, -0.9888278245925903, -2.1956388365053988e-16]}, "segments": [61355, 30828, 30826, 33871, 30849, 30669, 20887, 32285], "label": "bucket"}, {"objectId": 48, "id": 48, "partId": 48, "index": 21, "dominantNormal": [0, -2.220446049250313e-16, 1], "obb": {"axesLengths": [0.6753142017570267, 0.37523995991259884, 0.40794913669322014], "centroid": [-1.5125749446901402, -0.7878364352941406, -1.1697999554917218], "normalizedAxes": [-0.5063009858131409, 0.8623568415641785, 1.9148168418951583e-16, 0, -2.220446049250313e-16, 1, 0.8623568415641785, 0.5063009858131409, 1.1242140236803275e-16]}, "segments": [21734, 32384, 21654, 21761, 48037, 48043, 48048, 48053, 48056, 48104, 48106, 48150, 60147, 60151, 70557, 70560, 71438, 71561, 21713, 21805, 21717, 33507, 49484, 49557, 49608, 59877, 71422, 71424, 49556, 49524, 49504, 5032, 48064, 32373, 33513, 32587], "label": "box"}, {"objectId": 49, "id": 49, "partId": 49, "index": 22, "dominantNormal": [0, -2.220446049250313e-16, 1], "obb": {"axesLengths": [0.6395394305139503, 0.3514399449950467, 0.44011686226851143], "centroid": [-2.6066168578425737, 0.33021240146960174, -1.1857199385228758], "normalizedAxes": [0.8141612410545349, -0.5806388854980469, -1.289277319345243e-16, 0, -2.220446049250313e-16, 1, -0.5806388854980469, -0.8141612410545349, -1.8078011111522738e-16]}, "segments": [42564, 42415, 42477, 42524, 42545, 42588, 65057, 42475, 42551, 29682, 42461, 65809, 43590, 43697, 65814, 65844, 43519, 3983, 3992, 4007, 51549, 64386, 45517, 66928], "label": "box"}, {"objectId": 50, "id": 50, "partId": 50, "index": 23, "dominantNormal": [0, -2.220446049250313e-16, 1], "obb": {"axesLengths": [0.35555413204638986, 0.2900099689511215, 0.3021012024028796], "centroid": [-2.2930482833677814, -0.11931052556119548, -1.2059149453957012], "normalizedAxes": [0.9956307411193848, 0.09337769448757172, 2.0734013281303136e-17, 0, -2.220446049250313e-16, 1, 0.09337769448757172, -0.9956307411193848, -2.2107443456306991e-16]}, "segments": [44267, 45557, 44359, 45570, 45654, 45771, 45815, 67534, 67546, 67574, 67586, 67597, 67606, 67607, 67737, 44209, 45888, 45681, 45687, 67513], "label": "box"}, {"objectId": 51, "id": 51, "partId": 51, "index": 24, "dominantNormal": [0.4380647838115692, -0.8989434242248535, -1.9960553748196242e-16], "obb": {"axesLengths": [0.5036077963999868, 0.46000002786517075, 0.45487788743700536], "centroid": [-2.160013501289298, -0.49143962292258325, -1.1199999778717755], "normalizedAxes": [0.8989434242248535, 0.4380647838115692, 9.726992185300914e-17, 0, -2.220446049250313e-16, 1, 0.4380647838115692, -0.8989434242248535, -1.9960553748196242e-16]}, "segments": [50149, 48424, 19198, 29841, 48230, 48269, 48327, 48350, 48374, 48384, 48386, 48392, 48482, 48503, 48504, 48505, 48629, 48667, 48668, 48688, 48858, 48927, 48934, 70569, 70574, 70589, 70634, 70668, 70807, 70999, 71002, 71201, 71206, 72217, 19220, 19229, 48281, 48326, 70782, 70658, 44192, 70702, 48929, 44272, 47865, 47866, 69897], "label": "box"}, {"objectId": 52, "id": 52, "partId": 52, "index": 25, "dominantNormal": [0.9105788469314575, 0.4133353531360626, 9.177888518864533e-17], "obb": {"axesLengths": [0.5936782579432027, 0.41187601360955767, 0.2580968262312032], "centroid": [-1.9070399846385577, -0.8164887720235977, -1.1302719739018676], "normalizedAxes": [-0.4133353531360626, 0.9105788469314575, 2.0218912031998604e-16, 0, -2.220446049250313e-16, 1, 0.9105788469314575, 0.4133353531360626, 9.177888518864533e-17]}, "segments": [33283, 69906, 21033, 29762, 29813, 32004, 33350, 33372, 33391, 33397, 33400, 33404, 33551, 58386, 58389, 58392, 60162, 60163, 60167, 60172, 60198], "label": "box"}, {"objectId": 53, "id": 53, "partId": 53, "index": 26, "dominantNormal": [0.950319230556488, 0.31127697229385376, 6.911737233524867e-17], "obb": {"axesLengths": [0.33522986960824414, 0.328523986149043, 0.11077404510255266], "centroid": [-2.2743363920585113, -0.7546958765949137, -1.0857379771231561], "normalizedAxes": [-0.31127697229385376, 0.950319230556488, 2.1101325810157513e-16, 0, -2.220446049250313e-16, 1, 0.950319230556488, 0.31127697229385376, 6.911737233524867e-17]}, "segments": [19169], "label": "item"}, {"objectId": 54, "id": 54, "partId": 54, "index": 27, "dominantNormal": [0, -2.220446049250313e-16, 1], "obb": {"axesLengths": [0.7329258165699096, 0.3057739666303849, 0.45520814317568703], "centroid": [1.0328650345281059, -1.2433576608244172, -0.6171129785378351], "normalizedAxes": [0.8801116943359375, 0.47476667165756226, 1.0541937803977547e-16, 0, -2.220446049250313e-16, 1, 0.47476667165756226, -0.8801116943359375, -1.9542405345872316e-16]}, "segments": [47472, 13092, 14082, 14090, 14096, 14104, 14115, 54311, 54314, 54316, 54334, 67678, 65044, 65055, 67748], "label": "sack"}, {"objectId": 56, "id": 56, "partId": 56, "index": 29, "dominantNormal": [0.8514631390571594, 0.5244144201278687, 1.1644339273428198e-16], "obb": {"axesLengths": [0.3720502388248379, 0.32107006785861997, 0.28404773545624484], "centroid": [-1.0509425411370443, -1.9121035946460694, -1.1958849740203097], "normalizedAxes": [-0.5244144201278687, 0.8514631390571594, 1.8906279632017396e-16, 0, -2.220446049250313e-16, 1, 0.8514631390571594, 0.5244144201278687, 1.1644339273428198e-16]}, "segments": [52235, 3309, 52223, 52182, 2906, 2988, 3910, 52282, 3298, 52270, 2685, 2686], "label": "shoes"}, {"objectId": 57, "id": 57, "partId": 57, "index": 30, "dominantNormal": [0.8500628471374512, -0.5266812443733215, -1.1694672882829805e-16], "obb": {"axesLengths": [0.6454580056924494, 0.4293919705735448, 0.3469669986388672], "centroid": [-1.4527175076780123, -2.0477957354213303, -1.1553039869970674], "normalizedAxes": [0.5266812443733215, 0.8500628471374512, 1.8875186905408263e-16, 0, -2.220446049250313e-16, 1, 0.8500628471374512, -0.5266812443733215, -1.1694672882829805e-16]}, "segments": [20640, 44418, 60436, 34597, 34154, 34106, 33949], "label": "item"}, {"objectId": 58, "id": 58, "partId": 58, "index": 31, "dominantNormal": [0.9947733879089355, 0.10210753977298737, 2.26724283287599e-17], "obb": {"axesLengths": [0.20647793396466793, 0.6742596736343277, 0.13276806099406493], "centroid": [-0.40883079273757483, -1.7452585155144846, 0.38244513685006365], "normalizedAxes": [-0.10210753977298737, 0.9947733879089355, 2.208840639081745e-16, 0, -2.220446049250313e-16, 1, 0.9947733879089355, 0.10210753977298737, 2.26724283287599e-17]}, "segments": [61629, 10937, 11174, 11246, 11275, 35719, 53021, 5045, 5101, 5070, 10853, 10953, 10962, 10986, 10993, 11029, 11032, 11238, 11266, 35620, 35628, 35632, 35648, 52982, 53039, 53048, 61446, 61493, 35668, 61591, 10983, 61531], "label": "tube"}, {"objectId": 75, "id": 75, "partId": 75, "index": 32, "dominantNormal": [0.8685978651046753, -0.4955176115036011, -1.1002701227971225e-16], "obb": {"axesLengths": [0.6535603998089086, 0.5477989789590465, 0.3827241566922522], "centroid": [-1.7372640120742595, -1.3731490073230104, -1.0959004496209217], "normalizedAxes": [0.4955176115036011, 0.8685978651046753, 1.9286746979589326e-16, 0, -2.220446049250313e-16, 1, 0.8685978651046753, -0.4955176115036011, -1.1002701227971225e-16]}, "segments": [58796, 27201, 27320, 27365, 27428, 27429, 27500, 27507, 27547, 27570, 27617, 30385, 30396, 30400, 30433, 30582, 57946, 58597, 58602, 27240, 21137, 21196, 21268, 21271, 27081, 27120, 27155, 27235, 27521, 27597, 30374, 30438, 31940, 31981, 56004, 57954, 58720, 32615, 59910, 21211, 21223, 21232, 27131, 27276, 27372, 27415, 27474, 30477, 30527, 31104, 31927, 31937, 31972, 32037, 32486, 55972, 55975, 56010, 56013, 56014, 57793, 57802, 57921, 58660, 59484, 59708, 59727, 59771, 59803, 59806, 59809, 59811, 60264, 59778, 21041, 21015, 21017, 21111, 22055, 22068, 22080, 22137, 22138, 22142, 22146, 22177, 27047, 27053, 56115, 56125, 56280, 56285, 56289, 56292, 56295, 57580, 57707, 57760, 57775, 57779, 32035, 27537, 28280, 30361, 30417, 30420, 57797, 57908, 57962, 58572, 58606, 58651, 58716, 27217, 27626, 30321, 58590, 57725, 30270, 30398, 27090, 27220, 27224, 27271, 27328, 27334, 27385, 57937, 57940, 61088, 27177, 27290, 30392, 30620, 31241, 31249, 31253, 31272, 31313, 57934, 59030, 59037, 61101, 31194, 61134], "label": "vacuum"}, {"objectId": 60, "id": 60, "partId": 60, "index": 33, "dominantNormal": [0, -2.220446049250313e-16, 1], "obb": {"axesLengths": [0.5132423001819696, 0.20420000990778175, 0.43956909734346955], "centroid": [-2.5041802285015557, 0.16957247056181435, -0.3255909962447505], "normalizedAxes": [-0.4379735589027405, 0.8989878296852112, 1.9961539747486405e-16, 0, -2.220446049250313e-16, 1, 0.8989878296852112, 0.4379735589027405, 9.724966585416894e-17]}, "segments": [44545, 44554, 47471], "label": "box"}, {"objectId": 61, "id": 61, "partId": 61, "index": 34, "dominantNormal": [0, -2.220446049250313e-16, 1], "obb": {"axesLengths": [0.465663989917184, 0.24798988741658867, 0.32652784511997307], "centroid": [-0.5116176067312892, 1.5231499556790005, -1.2302449648027494], "normalizedAxes": [0.973556637763977, 0.22844567894935608, 5.072513052914031e-17, 0, -2.220446049250313e-16, 1, 0.22844567894935608, -0.973556637763977, -2.161729990044441e-16]}, "segments": [18566, 4692, 63486, 32905, 55439], "label": "shoes"}, {"objectId": 62, "id": 62, "partId": 62, "index": 35, "dominantNormal": [0.40838536620140076, -0.9128096103668213, -2.026844493056726e-16], "obb": {"axesLengths": [0.45517604644634924, 0.9999999776482582, 0.37872116556734436], "centroid": [-1.221888554111322, 1.142889546070928, 0.06999999314546623], "normalizedAxes": [0.9128096103668213, 0.40838539600372314, 9.067977391279917e-17, 0, -2.220446049250313e-16, 1, 0.40838539600372314, -0.9128096103668213, -2.026844493056726e-16]}, "segments": [22702, 24385, 25777, 19620, 56076, 57157, 57168, 22956, 22966, 24372, 24377, 25848, 25906, 56234, 57138, 57197, 57204, 22930, 24927, 24379, 20766, 20347], "label": "heater"}, {"objectId": 63, "id": 63, "partId": 63, "index": 36, "dominantNormal": [0.8870296478271484, -0.46171241998672485, -1.0252075188493245e-16], "obb": {"axesLengths": [0.3614588708512829, 0.7445679736606481, 0.18543988482108814], "centroid": [-2.059160769577737, 0.814432533031729, 0.2422839963670671], "normalizedAxes": [0.46171241998672485, 0.8870296478271484, 1.9696014770856883e-16, 0, -2.220446049250313e-16, 1, 0.8870296478271484, -0.46171241998672485, -1.0252075188493245e-16]}, "segments": [17827, 40747, 65194, 55056], "label": "bag"}, {"objectId": 64, "id": 64, "partId": 64, "index": 37, "dominantNormal": [-0.3166806399822235, -0.948532223701477, -2.106164628704559e-16], "obb": {"axesLengths": [0.3323061196661002, 1.1649509705986607, 0.22744974668723164], "centroid": [-2.1955602060179467, 0.7515991132584223, 0.11355350844069956], "normalizedAxes": [0.948532223701477, -0.3166806399822235, -7.031722759225889e-17, 0, -2.220446049250313e-16, 1, -0.3166806399822235, -0.948532223701477, -2.106164628704559e-16]}, "segments": [40951, 42825, 17785, 42771, 55094, 55114, 65290, 40928, 40690], "label": "bag"}, {"objectId": 65, "id": 65, "partId": 65, "index": 38, "dominantNormal": [0.27827897667884827, -0.9605002999305725, -2.1327390962845805e-16], "obb": {"axesLengths": [0.40644650104495134, 0.6199999760091307, 0.2250179736680635], "centroid": [-1.7113352492542213, 0.9576862948630913, -0.13999998815357695], "normalizedAxes": [0.9605002999305725, 0.27827897667884827, 6.179034543559686e-17, 0, -2.220446049250313e-16, 1, 0.27827897667884827, -0.9605002999305725, -2.1327390962845805e-16]}, "segments": [22792, 52918, 56238, 26090, 9895, 19897, 22783, 55709, 56209], "label": "cabinet"}, {"objectId": 66, "id": 66, "partId": 66, "index": 39, "dominantNormal": [0.47920581698417664, -0.877702534198761, -1.9488911244786266e-16], "obb": {"axesLengths": [1.081613921512601, 0.37999998673796637, 0.31614134954272516], "centroid": [-0.8054843242482801, 1.4015978133373728, 0.6999999742954972], "normalizedAxes": [0.877702534198761, 0.47920581698417664, 1.0640506631002836e-16, 0, -2.220446049250313e-16, 1, 0.47920581698417664, -0.877702534198761, -1.9488911244786266e-16]}, "segments": [20181, 56522, 20276, 24316, 20476, 24589, 24626, 26491], "label": "pipe"}, {"objectId": 67, "id": 67, "partId": 67, "index": 40, "dominantNormal": [0, -2.220446049250313e-16, 1], "obb": {"axesLengths": [0.3774023611894821, 0.37300398112079525, 0.4002594768325799], "centroid": [-2.021941685391118, 0.7600032919972508, -0.5834979712926299], "normalizedAxes": [0.9686920046806335, 0.24826568365097046, 5.512605564272254e-17, 0, -2.220446049250313e-16, 1, 0.24826568365097046, -0.9686920046806335, -2.1509283347334785e-16]}, "segments": [41164, 19727, 22818, 19815, 22866], "label": "box"}, {"objectId": 68, "id": 68, "partId": 68, "index": 41, "dominantNormal": [0.09909545630216599, -0.995077908039093, -2.2095168096016704e-16], "obb": {"axesLengths": [0.614937931519626, 0.4200000073015686, 0.2758719665898758], "centroid": [-2.105724780499531, 0.5837577035369239, -0.6399999993294473], "normalizedAxes": [0.995077908039093, 0.09909546375274658, 2.2003613098841375e-17, 0, -2.220446049250313e-16, 1, 0.09909546375274658, -0.995077908039093, -2.2095168096016704e-16]}, "segments": [41613, 64400], "label": "box"}, {"objectId": 69, "id": 69, "partId": 69, "index": 42, "dominantNormal": [0, -2.220446049250313e-16, 1], "obb": {"axesLengths": [0.669659165953946, 0.181796010245472, 0.45632277090820267], "centroid": [-1.6711511569245951, 0.8848073534216148, -0.6855510003369074], "normalizedAxes": [0.9161142110824585, 0.4009173512458801, 8.902153486498146e-17, 0, -2.220446049250313e-16, 1, 0.4009173512458801, -0.9161142110824585, -2.0341821806601124e-16]}, "segments": [22849, 22864, 26941], "label": "box"}, {"objectId": 70, "id": 70, "partId": 70, "index": 43, "dominantNormal": [0.6824518442153931, -0.7309305667877197, -1.6229918893000844e-16], "obb": {"axesLengths": [0.48188575382696586, 0.4606369630850038, 0.33241707671265636], "centroid": [-1.6252059233760812, 0.8251336938030855, -0.9396814475279716], "normalizedAxes": [0.7309305667877197, 0.6824518442153931, 1.5153475012916597e-16, 0, -2.220446049250313e-16, 1, 0.6824518442153931, -0.7309305667877197, -1.6229918893000844e-16]}, "segments": [57614, 27023, 21549, 56146], "label": "box"}, {"objectId": 71, "id": 71, "partId": 71, "index": 44, "dominantNormal": [0.43768396973609924, -0.8991289138793945, -1.9964672445902266e-16], "obb": {"axesLengths": [0.41325136203920304, 0.22422003244861877, 0.09038807677760889], "centroid": [-1.6839976211831567, 0.6810720023846084, -0.9821099996840202], "normalizedAxes": [0.8991289138793945, 0.43768393993377686, 9.718535752462662e-17, 0, -2.220446049250313e-16, 1, 0.43768393993377686, -0.8991289138793945, -1.9964672445902266e-16]}, "segments": [27889, 26816], "label": "stool"}, {"objectId": 72, "id": 72, "partId": 72, "index": 45, "dominantNormal": [0.4534516930580139, -0.8912808299064636, -1.9790409975383474e-16], "obb": {"axesLengths": [0.42718974380699687, 0.43999995797872615, 0.2847551192963126], "centroid": [-0.7020640799678972, 1.4363960028400045, 0.3099999824166302], "normalizedAxes": [0.8912808299064636, 0.4534516930580139, 1.0068650203765326e-16, 0, -2.220446049250313e-16, 1, 0.4534516930580139, -0.8912808299064636, -1.9790409975383474e-16]}, "segments": [5795, 5734, 5668, 5337, 5339, 5770, 5754, 52794, 5437, 5772, 5426], "label": "item"}, {"objectId": 73, "id": 73, "partId": 73, "index": 46, "dominantNormal": [0.3186888098716736, -0.9478594064712524, -2.1046706743438391e-16], "obb": {"axesLengths": [0.41174980761148927, 0.7850038606300083, 0.12388780738284376], "centroid": [-2.742390222774163, 0.5913586522539966, 0.3174980342202329], "normalizedAxes": [0.9478594064712524, 0.3186888098716736, 7.076313088198418e-17, 0, -2.220446049250313e-16, 1, 0.3186888098716736, -0.9478594064712524, -2.1046706743438391e-16]}, "segments": [10887, 69708, 10922, 54955], "label": "board"}, {"objectId": 1, "id": 1, "partId": 1, "index": 47, "dominantNormal": [0, -2.220446049250313e-16, 1], "obb": {"axesLengths": [3.5195703717945053, 0.27794002865388895, 3.4889750855788124], "centroid": [-0.753515258367984, -0.3127395820337995, -1.2489700019589802], "normalizedAxes": [0.9575825929641724, 0.28815895318984985, 6.39841409166508e-17, 0, -2.220446049250313e-16, 1, 0.28815895318984985, -0.9575825929641724, -2.1262604853781672e-16]}, "segments": [872, 20726, 70157, 16444, 29927, 21250, 48792, 70814, 34957, 34984, 17048, 21182, 59493, 70359, 21954, 39363, 30877, 29659, 29676, 3388], "label": "floor"}, {"objectId": 2, "id": 2, "partId": 2, "index": 48, "dominantNormal": [0, -2.220446049250313e-16, 1], "obb": {"axesLengths": [4.572079944983288, 0.3205239701153931, 4.368648964658033], "centroid": [-0.8287219757381434, -0.42020611456439916, 0.8302619886339753], "normalizedAxes": [0.8282154202461243, -0.5604098439216614, -1.2443598238968376e-16, 0, -2.220446049250313e-16, 1, -0.5604098439216614, -0.8282154202461243, -1.8390076578136944e-16]}, "segments": [23558, 29292, 17721, 17792, 17810, 17894, 17911, 17921, 17962, 18038, 18793, 27683, 27715, 27749, 27775, 27831, 28469, 53843, 54279, 54282, 54285, 54356, 54612, 56587, 56589, 57019, 60596, 6970, 2678, 7558, 7578, 7582, 7650, 7655, 7661, 7670, 7703, 7711, 13455, 14926, 15163, 15235, 15250, 15365, 17385, 17468, 17496, 17627, 17674, 17989, 18632, 18926, 23307, 23349, 28488, 28553, 28575, 29986, 52959, 52962, 52965, 52967, 53818, 53823, 53830, 53846, 53851, 53877, 53879, 54273, 54547, 54548, 54575, 54597, 54921, 55702, 56881, 8113, 8362, 8245, 7834, 7847, 7853, 7864, 7868, 7875, 7897, 8115, 8139, 8145, 8181, 8298, 8513, 8561, 13126, 13138, 13148, 13277, 13293, 13346, 13371, 13436, 13866, 14868, 15007, 15032, 15220, 15316, 18387, 18459, 18524, 18587, 18857, 18862, 23097, 23250, 23344, 23361, 30153, 52994, 52996, 53093, 53382, 53384, 53387, 53390, 53397, 53400, 53403, 53419, 53422, 53425, 53431, 53433, 53434, 53447, 53453, 53808, 53811, 53814, 53828, 53833, 54065, 54247, 54537, 54630, 55682, 55766, 5238, 5246, 5389, 5392, 5399, 5517, 5527, 5533, 9035, 12187, 13189, 23155, 28883, 28956, 51599, 52665, 52668, 52671, 52674, 53441, 7770, 8192, 12519, 12550, 18429, 28939, 30099, 30206, 53772, 58506, 56912, 3336, 3351, 5508, 8347, 10533, 10555, 10594, 11613, 11631, 11638, 11657, 11658, 11686, 11950, 11954, 11979, 11992, 12012, 12021, 12468, 12492, 12496, 12526, 12840, 12889, 12916, 12957, 14808, 19100, 19146, 19583, 23208, 23255, 23263, 23693, 23694, 23736, 23768, 23791, 23797, 27645, 27664, 27692, 27698, 27712, 27736, 27769, 27772, 27824, 27857, 27862, 30120, 30121, 30133, 30147, 30161, 30186, 52712, 54003, 54010, 54023, 54059, 55676, 55698, 57967, 58508, 58516, 58561, 58566, 59189, 63119, 5334, 5497, 5698, 12894, 13834, 13851, 13871, 13873, 13898, 19263, 19537, 22360, 22420, 22449, 22473, 23697, 23806, 27723, 27839, 27863, 29227, 29362, 30169, 31431, 31436, 31463, 31468, 31475, 31476, 31479, 31511, 31519, 31547, 31557, 31586, 52708, 54266, 54633, 56170, 56186, 59156, 9173, 23815, 28938, 29318, 29325, 58339, 59375, 9171, 29198, 29326, 29336, 37081, 37085, 5695, 37031, 8589, 18253, 20225, 62056, 31587, 37097, 37115, 5214, 5833, 5843, 5858, 5875, 5975, 5976, 5985, 5992, 6008, 6025, 19163, 24085, 24103, 37039, 37041, 37055, 51661, 52655, 58347, 7035, 51733, 6803, 4839, 4931, 4954, 5424, 5805, 5813, 5823, 5906, 5916, 5918, 5923, 5926, 5928, 5932, 5944, 5963, 5964, 5987, 6068, 6075, 6102, 6443, 6449, 6466, 6472, 6476, 6490, 6528, 6559, 6579, 6581, 6595, 6603, 6660, 6663, 6682, 6831, 8286, 9010, 9669, 37132, 51645, 51650, 51666, 51682, 51697, 51745, 51748, 51752, 51755, 51844, 51847, 51853, 51855, 51857, 51859, 51863, 51868, 51873, 51950, 52442, 52445, 52511, 52530, 52586, 52589, 52594, 53754, 8582, 7556, 7587, 7736, 65389, 29184, 29230, 29674, 53979], "label": "ceiling"}, {"objectId": 3, "id": 3, "partId": 3, "index": 49, "dominantNormal": [0.9517112970352173, 0.30699440836906433, 6.816645212050261e-17], "obb": {"axesLengths": [0.815276491891867, 1.4865769858678353, 0.8394690587296739], "centroid": [-1.4082113525758888, -1.7077459863653675, -0.6067114988704432], "normalizedAxes": [0.9517112970352173, 0.30699440836906433, 6.816645212050261e-17, 0, -2.220446049250313e-16, 1, 0.30699440836906433, -0.9517112970352173, -2.1132235895287394e-16]}, "segments": [4487, 4871, 41109, 2862, 2865, 4315, 4808, 4856, 4967, 16330, 28968, 29067, 31141, 39481, 39537, 40020, 40048, 40056, 52615, 58333, 58336, 59018, 63516, 63824, 16646, 39994, 40025, 60724, 2915, 52149, 55873, 56373, 56085, 10097, 10116, 53574, 53582, 58289, 58300, 61208, 56417, 63767], "label": "water heater"}, {"objectId": 5, "id": 5, "partId": 5, "index": 50, "dominantNormal": [0.9099211692810059, 0.4147811830043793, 9.20999239105445e-17], "obb": {"axesLengths": [3.1948471221998034, 2.2999999605119226, 0.21827413333467077], "centroid": [0.7048435144395864, 0.13318636101855785, -0.20000001154839953], "normalizedAxes": [-0.4147811830043793, 0.9099211692810059, 2.0204308654592348e-16, 0, -2.220446049250313e-16, 1, 0.9099211692810059, 0.4147811830043793, 9.20999239105445e-17]}, "segments": [38231, 28482, 68105, 42244, 6174, 7944, 7957, 7977, 8378, 8425, 10299, 10324, 10327, 10673, 11080, 11087, 11097, 11111, 11118, 11152, 11164, 11185, 11323, 12248, 12284, 12714, 12716, 19300, 28846, 29126, 29144, 29151, 29342, 29476, 29501, 29532, 29554, 29600, 29638, 29650, 32625, 32677, 32700, 33028, 33033, 33095, 33671, 35486, 35590, 36173, 36280, 36298, 36334, 36390, 36496, 36547, 36928, 37137, 37272, 37330, 38236, 39987, 40146, 40586, 40905, 40956, 41005, 43680, 43698, 43731, 43907, 44288, 44791, 45090, 45191, 45283, 52868, 53592, 53596, 53702, 53706, 54102, 57054, 57280, 57283, 58408, 60273, 62283, 62288, 63371, 65762, 65793, 65862, 68097, 68152, 68320, 68486, 68047], "label": "wall"}, {"objectId": 6, "id": 6, "partId": 6, "index": 51, "dominantNormal": [0.45273441076278687, -0.8916454315185547, -1.9798505757474653e-16], "obb": {"axesLengths": [2.839972576045591, 2.322239883491995, 1.0578021705865386], "centroid": [-1.4553714266696138, 0.740696582159855, -0.21111997303843544], "normalizedAxes": [0.8916454315185547, 0.4527343809604645, 1.0052722675634495e-16, 0, -2.220446049250313e-16, 1, 0.4527343809604645, -0.8916454315185547, -1.9798505757474653e-16]}, "segments": [66581, 20508, 2107, 18476, 7377, 66711, 40706, 47805, 59691, 66186, 3513, 3517, 4427, 4456, 4480, 4492, 4494, 4521, 5521, 7437, 7453, 9697, 9703, 9759, 9799, 9806, 10723, 10726, 10741, 10760, 10764, 10766, 10776, 10785, 10916, 16846, 16848, 16904, 16913, 16993, 17518, 17547, 17766, 17808, 18114, 18155, 18380, 18382, 18407, 18737, 19769, 19770, 20085, 20103, 20197, 20326, 20793, 20807, 20816, 20933, 21320, 21374, 21433, 21558, 21568, 21569, 21577, 22539, 22550, 22830, 22836, 23088, 23122, 23123, 23139, 23192, 23218, 23224, 23423, 23432, 23445, 23847, 23851, 25747, 26145, 26160, 26162, 26165, 26176, 26187, 26189, 26203, 26210, 26222, 26231, 26473, 26476, 26498, 26655, 26746, 28062, 28586, 32120, 32122, 32149, 32763, 32795, 32805, 33217, 40767, 40793, 40803, 40833, 40857, 40858, 40871, 40886, 41041, 41272, 41308, 41352, 41353, 41608, 41784, 41788, 41821, 41857, 41869, 41908, 41958, 42328, 42335, 42355, 42854, 42885, 43868, 43894, 43915, 43994, 44072, 44094, 47739, 47745, 47767, 52737, 52749, 52758, 52927, 52929, 52932, 52935, 53374, 53676, 53683, 55030, 55040, 55097, 55196, 55878, 56021, 56024, 56270, 56272, 56343, 57135, 57355, 57361, 57401, 57405, 57407, 58078, 59565, 59578, 59582, 59627, 59630, 59635, 60056, 64106, 64374, 64375, 64384, 64415, 64584, 64664, 64691, 64728, 64741, 64744, 65183, 65230, 65232, 65949, 65977, 66169, 66640, 66744, 66868, 69634, 69639, 69729, 69746, 69771, 69778, 69887, 69892, 19868, 40936, 41618, 47815, 64693, 64696, 10998, 43714, 6872, 6893, 6908, 9774, 17412, 17436, 17602, 17907, 18515, 19855, 19981, 20120, 20143, 20470, 20823, 20862, 20871, 20981, 21651, 22555, 22571, 23063, 24355, 24899, 26183, 28594, 30988, 33209, 41255, 41374, 41399, 41583, 41637, 41640, 41650, 41662, 41669, 41688, 41695, 41697, 41881, 55021, 56564, 56821, 58261, 58265, 59563, 60063, 64118, 64438, 64440, 64476, 64531, 64533, 64546, 64595, 65957, 43800, 43805, 4374, 4567, 5128, 5136, 7557, 7600, 7872, 7896, 11875, 11899, 11915, 11970, 17991, 19902, 19966, 21391, 21427, 22197, 22198, 22220, 22263, 22644, 24360, 24381, 25920, 26064, 26925, 26934, 26968, 26996, 27894, 27895, 27936, 27946, 27956, 28003, 28025, 28031, 28048, 28055, 28058, 28084, 28100, 28130, 28152, 28153, 28170, 28171, 28174, 28193, 28214, 29478, 30783, 30935, 30993, 31019, 31691, 32332, 34483, 34490, 40740, 41210, 41560, 41594, 41718, 41802, 42024, 42062, 42072, 42075, 42088, 42095, 43303, 43726, 43811, 52438, 52440, 52649, 52950, 52953, 53958, 53962, 53966, 53971, 55177, 55192, 55432, 55700, 56310, 57651, 57654, 57663, 58013, 58100, 58115, 58159, 58186, 58187, 58349, 58831, 58847, 58972, 59639, 64411, 64551, 65257, 65754, 5239, 26780, 56154, 41470, 64970, 42387, 21918], "label": "wall"}, {"objectId": 7, "id": 7, "partId": 7, "index": 52, "dominantNormal": [0, -2.220446049250313e-16, 1], "obb": {"axesLengths": [0.4790458216203413, 0.3492860119949426, 0.41246837338275616], "centroid": [-2.2785796140727625, 0.27225573755175303, -0.3858480050597781], "normalizedAxes": [0.08943939208984375, 0.9959922432899475, 2.2115470416971206e-16, 0, -2.220446049250313e-16, 1, 0.9959922432899475, -0.08943939208984375, -1.9859534481324326e-17]}, "segments": [44525, 41155, 44501, 44981, 67398, 42028, 44860, 44910, 44918, 45034, 45045, 67367], "label": "box"}, {"objectId": 8, "id": 8, "partId": 8, "index": 53, "dominantNormal": [0, -2.220446049250313e-16, 1], "obb": {"axesLengths": [0.4237882888600255, 0.3032160035547016, 0.4558348456523331], "centroid": [-2.3447651786315302, -0.19409938695433537, -0.42160800460857106], "normalizedAxes": [0.8976461887359619, 0.44071686267852783, 9.785880165725299e-17, 0, -2.220446049250313e-16, 1, 0.44071686267852783, -0.8976461887359619, -1.9931749334033675e-16]}, "segments": [46036, 45994, 47126, 47161, 47188, 47270, 47271, 47327, 69372, 68973, 47013, 47036, 47109, 47129, 692