{"segGroups": [{"objectId": 1, "id": 1, "partId": 1, "index": 0, "dominantNormal": [0, -2.220446049250313e-16, 1], "obb": {"axesLengths": [7.127063885883321, 0.46436994229920203, 6.013259785674735], "centroid": [1.950259745326351, 0.9852536025936126, -1.1621850376087803], "normalizedAxes": [-0.05883900821208954, 0.9982674717903137, 2.2165990638319005e-16, 0, -2.220446049250313e-16, 1, 0.9982674717903137, 0.05883900821208954, 1.3064884332634094e-17]}, "segments": [18629, 19384, 19337, 169, 434, 7271, 27512, 11775, 32270, 34196, 35409, 3963, 3912, 34691, 35217, 21041, 21973, 34859, 1766, 1965, 42, 66, 220, 239, 663, 834, 885, 914, 1104, 1119, 1153, 1213, 1246, 1510, 1511, 1516, 1524, 1530, 1639, 2038, 2040, 2130, 2261, 2512, 2521, 3284, 3354, 3659, 3984, 3991, 4021, 4190, 4197, 4199, 4217, 4372, 4379, 4394, 4434, 4496, 4557, 4564, 4641, 4673, 5227, 5230, 5232, 5238, 5246, 5300, 5338, 5352, 5394, 5420, 5426, 5437, 5490, 5546, 5614, 5623, 5624, 5640, 5664, 5699, 5702, 5745, 5813, 5817, 5870, 5889, 5941, 5981, 6010, 6027, 6078, 6087, 6109, 6137, 6145, 6218, 6238, 6243, 6270, 6273, 6276, 6349, 6466, 6483, 6574, 6616, 6620, 6626, 6687, 6730, 6751, 6912, 7454, 7966, 8015, 8026, 8031, 8046, 8056, 8063, 8118, 8868, 9324, 9380, 9518, 9576, 9578, 9581, 9583, 9606, 9607, 9609, 9617, 9645, 9687, 9699, 10117, 10329, 10589, 10598, 11703, 11707, 12730, 12745, 13262, 13267, 13280, 13303, 13312, 13314, 13333, 13345, 13378, 13387, 13398, 13437, 13447, 13473, 13530, 13540, 13563, 13568, 13576, 13579, 13585, 13587, 13588, 13601, 13628, 13641, 13651, 13656, 13657, 13672, 13681, 13692, 13695, 13702, 13728, 13729, 13732, 13735, 13739, 13768, 13772, 13818, 14036, 14446, 14510, 14537, 14543, 14577, 14595, 14607, 14650, 14663, 15034, 15306, 15547, 17675, 17759, 18542, 18651, 18661, 18681, 18682, 18699, 18713, 18743, 18759, 18880, 19039, 19292, 19806, 19862, 21167, 23078, 25087, 25134, 25139, 26589, 26598, 26625, 26693, 27865, 27888, 30241, 30278, 30334, 30611, 30631, 30648, 30658, 30666, 30696, 30706, 32013, 32169, 32909, 33605, 34008, 34019, 34195, 34208, 34557, 34605, 34642, 34651, 34674, 34734, 34744, 34748, 34773, 35013, 35194, 35271, 35569, 35576, 35879, 35880, 35898, 35901, 35928, 35943, 36024, 36328, 36346, 36350, 36355, 36360, 36388, 36446, 36483, 36551, 36878, 37278, 38517, 38610, 39745, 40032, 42426, 42429, 42430, 42436, 42437, 42442, 42469, 42502, 42505, 42528, 42536, 42540, 42593, 42596, 42598, 42605, 42616, 42617, 42620, 42639, 42644, 42656, 42663, 42682, 42691, 42694, 42696, 42701, 42702, 42704, 42706, 42708, 42711, 42714, 43219, 43227, 43229, 43231, 43236, 43242, 43612, 43614, 43615, 43621, 43628, 43630, 43652, 43656, 43660, 43661, 43663, 43666, 43672, 43685, 43697, 43753, 43764, 43766, 43775, 43855, 43870, 43883, 43886, 43892, 43920, 43936, 43938, 43940, 43943, 44037, 44051, 44081, 44094, 44609, 44624, 45296, 45300, 45801, 46669, 47724, 48112, 48231, 48299, 48302, 48514, 48517, 50687, 50862, 51341, 51342, 19908, 42414, 42377, 4818, 4859, 4901, 4918, 5036, 5053, 5058, 5075, 5097, 5104, 5112, 10314, 10503, 20309, 20414, 26333, 26337, 26338, 26346, 26373, 37872, 37895, 37904, 38059, 38111, 38121, 39801, 39826, 39936, 39941, 39962, 40042, 40062, 40146, 40154, 42149, 42174, 42240, 42571, 45877, 49408, 50012, 50015, 50022, 50026, 50449, 51670, 51676, 51686, 51692, 51704, 51882, 39896, 42561, 4697, 4700, 4710, 4713, 4856, 4872, 4883, 4999, 26352, 38118, 38480, 39891, 42542, 42550, 42551, 42554, 42563, 42568, 51697, 31682, 9573, 6984, 7998, 9701, 10519, 13592, 13648, 13797, 13813, 14824, 14841, 19192, 19202, 19251, 20397, 25162, 25219, 26233, 32449, 33172, 37501, 37507, 39726, 41839, 43951, 43971, 44128, 48315, 49300, 50588, 50851, 3761, 13638], "label": "floor"}, {"objectId": 2, "id": 2, "partId": 2, "index": 1, "dominantNormal": [0, -2.220446049250313e-16, 1], "obb": {"axesLengths": [2.6175311530605407, 0.8889100054895126, 1.8913233446056537], "centroid": [1.6555253996673587, 1.194410466688725, -0.8544550700980054], "normalizedAxes": [0.7342404127120972, -0.6788895130157471, -1.5074375370532846e-16, 0, -2.220446049250313e-16, 1, -0.6788895130157471, -0.7342404127120972, -1.6303412236064955e-16]}, "segments": [51825, 38004, 35140, 4015, 28705, 22205, 31813, 35724, 22452, 22981, 27352, 52035, 37937, 51857, 51866, 1208, 2666, 2700, 2703, 2711, 6017, 6035, 9220, 9284, 9763, 9822, 9853, 12816, 14147, 14175, 14227, 14270, 16115, 20793, 21089, 21139, 21185, 21255, 21282, 21459, 21774, 22243, 23139, 23190, 23621, 24064, 24182, 24199, 25255, 25307, 25403, 26264, 26487, 26492, 27492, 27495, 28067, 28396, 28951, 29193, 30897, 31489, 31879, 32679, 32710, 32747, 33409, 33488, 34461, 35080, 37042, 37052, 37175, 39605, 40414, 41818, 42033, 43217, 44589, 44668, 45047, 45098, 45144, 46178, 46344, 46363, 46366, 46864, 46867, 46870, 47195, 47568, 47584, 47607, 47860, 47866, 48236, 48695, 48719, 22467, 7104, 5873, 5956, 9332], "label": "couch"}, {"objectId": 3, "id": 3, "partId": 3, "index": 2, "dominantNormal": [0.40183591842651367, 0.9157117009162903, 2.033288428551861e-16], "obb": {"axesLengths": [0.7595831796300802, 0.7905790033062025, 0.7909697642366046], "centroid": [2.028982629666165, -0.8340752612452704, -0.888790578273151], "normalizedAxes": [0.40183591842651367, 0.9157117009162903, 2.033288428551861e-16, 0, -2.220446049250313e-16, 1, 0.9157117009162903, -0.40183591842651367, -8.922549775170234e-17]}, "segments": [45538, 25336, 45459, 21511, 22120, 45487, 21824, 21839, 21579, 24140, 24150, 24442, 24445, 24855, 24856, 27929, 31140, 45543, 45608, 45719, 46809, 26812, 21120, 24424, 45733, 25401, 45385, 21477, 22252, 22278, 22283, 22851, 22866, 24916, 26759, 34358, 34395, 45162, 45339, 45341, 46853, 47795, 47813, 27322, 24881, 34354, 20808, 30773, 31192, 45748], "label": "armchair"}, {"objectId": 4, "id": 4, "partId": 4, "index": 3, "dominantNormal": [0, -2.220446049250313e-16, 1], "obb": {"axesLengths": [1.2746300001989492, 0.5677510373051976, 0.7637504184057768], "centroid": [0.49685830126920116, 0.8782208647357314, -1.071394559262816], "normalizedAxes": [0.8477578163146973, -0.5303834676742554, -1.1776878753849815e-16, 0, -2.220446049250313e-16, 1, -0.5303834676742554, -0.8477578163146973, -1.8824004939570422e-16]}, "segments": [12111, 1716, 6798, 30171, 36364, 29001, 6803, 13113, 30882, 12718, 31719, 48531, 30990, 6809, 4480, 4528, 5519, 6920, 12292, 12315, 12352, 12408, 13179, 13195, 27531, 30110, 31722, 43117, 43147, 43548, 46668, 46743], "label": "couch table"}, {"objectId": 5, "id": 5, "partId": 5, "index": 4, "dominantNormal": [0.8278756737709045, -0.5609116554260254, -1.245474069269171e-16], "obb": {"axesLengths": [4.592355888179237, 2.8374200425128615, 0.2752729105569718], "centroid": [3.6911195631844524, -0.27086960923689696, 0.09607992292761769], "normalizedAxes": [0.5609116554260254, 0.8278756737709045, 1.838253269095046e-16, 0, -2.220446049250313e-16, 1, 0.8278756737709045, -0.5609116554260254, -1.245474069269171e-16]}, "segments": [12742, 16279, 9036, 9065, 10665, 11855, 14349, 15780, 15795, 15822, 15827, 15849, 15954, 15965, 15990, 15998, 16579, 16820, 32066, 41975, 41980, 48841, 48947, 27179, 25267, 26116, 26145, 28480, 36596, 8573, 8594, 8538], "label": "wall"}, {"objectId": 6, "id": 6, "partId": 6, "index": 5, "dominantNormal": [0.8470836877822876, -0.5314595103263855, -1.1800771700407286e-16], "obb": {"axesLengths": [1.739523164756964, 0.9696500084627414, 0.5172161464082093], "centroid": [3.6567155895183845, 0.056872601281916846, -0.8548250808233392], "normalizedAxes": [0.5314595103263855, 0.8470836877822876, 1.8809036279205662e-16, 0, -2.220446049250313e-16, 1, 0.8470836877822876, -0.5314595103263855, -1.1800771700407286e-16]}, "segments": [18127, 31391, 49439, 18934, 48671, 17282, 37639, 13088, 18837, 25009, 25029, 27005, 27009, 27263, 27264, 27276, 27291, 28151, 30492, 30564, 30623, 30650, 30656, 30935, 31487, 31524, 31752, 36212, 36218, 36228, 36232, 36245, 36249, 36259, 36281, 36307, 36315, 36513, 36614, 38698, 39186, 39229, 39234, 45946, 45949, 45951, 48363, 48368, 48372, 48481, 48492, 48757, 49375, 49389, 49593, 49863, 49866, 49880, 49883, 49886, 51142], "label": "commode"}, {"objectId": 7, "id": 7, "partId": 7, "index": 6, "dominantNormal": [-0.4816558361053467, -0.8763604760169983, -1.9459111566910676e-16], "obb": {"axesLengths": [1.10291551660805, 1.0048699750407788, 0.5239358700851428], "centroid": [2.117848926816741, 3.261876183540616, -0.8124350630692767], "normalizedAxes": [0.8763604760169983, -0.4816558063030243, -1.0694907322040243e-16, 0, -2.220446049250313e-16, 1, -0.4816558063030243, -0.8763604760169983, -1.9459111566910676e-16]}, "segments": [32847, 24958, 35083, 20766, 6190, 11269, 11365, 11379, 11392, 11407, 32503, 32506, 43420, 43425, 43450, 46570, 46575, 47107, 48160], "label": "commode"}, {"objectId": 8, "id": 8, "partId": 8, "index": 7, "dominantNormal": [-0.5362764000892639, -0.8440424203872681, -1.8741506577485813e-16], "obb": {"axesLengths": [4.2894813789742035, 2.511759940271974, 0.4650137866215671], "centroid": [3.137812403771867, 2.651964525591093, -0.05826004278078778], "normalizedAxes": [0.8440424203872681, -0.5362764000892639, -1.1907728138843863e-16, 0, -2.220446049250313e-16, 1, -0.5362764000892639, -0.8440424203872681, -1.8741506577485813e-16]}, "segments": [1403, 27227, 38214, 39341, 3798, 1810, 1861, 44807, 44813, 45923, 46597, 29465, 9519, 42872, 43024, 8977, 43006, 43036, 9112, 43049, 46542, 19131, 1813], "label": "wall"}, {"objectId": 9, "id": 9, "partId": 9, "index": 8, "dominantNormal": [-0.568396270275116, -0.8227549195289612, -1.826882910569341e-16], "obb": {"axesLengths": [1.2490389659946033, 1.2999999139457954, 0.14159698899185402], "centroid": [3.408742322590318, 2.6666907990364512, -0.6600000366196045], "normalizedAxes": [0.8227549195289612, -0.5683963298797607, -1.2620933850898924e-16, 0, -2.220446049250313e-16, 1, -0.5683963298797607, -0.8227549195289612, -1.826882910569341e-16]}, "segments": [26919, 34468, 34220, 44972, 49425, 46639, 29947], "label": "mirror"}, {"objectId": 10, "id": 10, "partId": 10, "index": 9, "dominantNormal": [-0.3080707788467407, -0.9513634443283081, -2.112451201359962e-16], "obb": {"axesLengths": [0.8976187678340595, 0.6602299661882971, 0.3531974746992731], "centroid": [0.43761840046471123, 4.204533266144738, -1.0001150649015234], "normalizedAxes": [0.9513634443283081, -0.3080707788467407, -6.840545437797124e-17, 0, -2.220446049250313e-16, 1, -0.3080707788467407, -0.9513634443283081, -2.112451201359962e-16]}, "segments": [17885, 17840, 31380, 8219, 8356, 8571, 17236, 17254, 17323, 17365, 17398, 17440, 17441, 17473, 17505, 17512, 17567, 17593, 17600, 17601, 17641, 17653, 17658, 17659, 17817, 17830, 17835, 17882, 17887, 31374, 31384, 31403, 31987, 31989, 31998, 32003, 32020, 32056, 32060, 32063, 32097, 44470, 44515, 44536, 44554, 44560, 44562, 44565, 47007, 47011, 47015, 47031, 47037, 47049, 32054, 33158, 47960, 3677, 3575, 17224, 17229, 17271, 17277, 17307, 17314, 17315, 17337, 17341, 17366, 17382, 17384, 17386, 17411, 17438, 17451, 17488, 17537, 17548, 17554, 17569, 17587, 17612, 17629, 31992, 32002, 32049, 32067, 32076, 32111, 32113, 32123, 32152, 33138, 33142, 33151, 44447, 44459, 44467, 44475, 44477, 44480, 44493, 44497, 44506, 44526, 47041, 47046, 47053, 47078, 48342], "label": "commode"}, {"objectId": 11, "id": 11, "partId": 11, "index": 10, "dominantNormal": [-0.6899487376213074, -0.7238582372665405, -1.6072881631557857e-16], "obb": {"axesLengths": [0.6285372823437904, 0.9800000269711007, 0.46415865334174483], "centroid": [4.016753822532033, 2.027487588182857, -0.8400000797957181], "normalizedAxes": [0.7238582372665405, -0.6899487376213074, -1.5319939486364728e-16, 0, -2.220446049250313e-16, 1, -0.6899487376213074, -0.7238582372665405, -1.6072881631557857e-16]}, "segments": [25786, 2486, 2965, 35396, 2293, 2296, 2436, 4719, 15333, 15508, 17922, 19412, 25845, 36698, 43490, 43493, 43763, 44662, 45869, 48604], "label": "commode"}, {"objectId": 12, "id": 12, "partId": 12, "index": 11, "dominantNormal": [-0.6507251858711243, -0.7593133449554443, -1.6860143169493565e-16], "obb": {"axesLengths": [0.7819081973055843, 0.8427419474108078, 0.5636188669207317], "centroid": [4.541331336605351, 1.6424986091852238, -0.924199044536077], "normalizedAxes": [0.7593133449554443, -0.6507251858711243, -1.4449001681152135e-16, 0, -2.220446049250313e-16, 1, -0.6507251858711243, -0.7593133449554443, -1.6860143169493565e-16]}, "segments": [18948, 16545, 16488, 17072, 17060, 19606, 19421, 17119, 10049, 10150, 16504, 16654, 16902, 16975, 17160, 18971, 44389, 44841, 45274, 16358, 16941, 17131, 19018, 19784], "label": "commode"}, {"objectId": 13, "id": 13, "partId": 13, "index": 12, "dominantNormal": [0.8280496597290039, -0.5606548190116882, -1.2449037778676525e-16], "obb": {"axesLengths": [0.9549722488332788, 1.875475960773021, 0.4929162345231832], "centroid": [2.663214552739718, -1.3802223081028338, -0.3972220536942339], "normalizedAxes": [0.5606548190116882, 0.8280496001243591, 1.8386394631794348e-16, 0, -2.220446049250313e-16, 1, 0.8280496001243591, -0.5606548190116882, -1.2449037778676525e-16]}, "segments": [10726, 40739, 41517, 41507, 20529, 29259, 29274, 41729, 41767, 45812, 45815, 46309, 46583, 52071, 31341], "label": "commode"}, {"objectId": 16, "id": 16, "partId": 16, "index": 14, "dominantNormal": [0.9447734951972961, -0.32772400975227356, -7.276934826989069e-17], "obb": {"axesLengths": [0.6906312530512444, 0.6199999909102917, 0.46830451065557005], "centroid": [-0.3418033283644375, 0.5616557997185572, -1.0600000587850813], "normalizedAxes": [0.32772400975227356, 0.9447734951972961, 2.0978185748472459e-16, 0, -2.220446049250313e-16, 1, 0.9447734951972961, -0.32772400975227356, -7.276934826989069e-17]}, "segments": [32963, 33051, 32378, 32381, 28878, 28925, 28930, 450, 459, 944, 956, 6892, 6972, 7056, 28764, 28803, 28823, 28874, 28881, 28894, 28900, 28918, 32422, 32987, 35049, 46418, 47095, 47331, 47385, 47393, 47396, 1585], "label": "commode"}, {"objectId": 17, "id": 17, "partId": 17, "index": 15, "dominantNormal": [-0.5531988143920898, -0.8330492973327637, -1.8497410210932845e-16], "obb": {"axesLengths": [1.1033311722777217, 0.6199999797344212, 0.39437940389931236], "centroid": [4.39795238888988, 1.9984329217445427, 0.25999991014599777], "normalizedAxes": [0.8330492973327637, -0.5531987547874451, -1.228347989517975e-16, 0, -2.220446049250313e-16, 1, -0.5531987547874451, -0.8330492973327637, -1.8497410210932845e-16]}, "segments": [43291, 6644, 6553, 6389, 6661, 7571, 7592, 7685, 7728, 7738, 38943, 43300, 12922, 43546, 4962, 12275, 27594, 4789, 4929, 12231, 12240, 13043, 13080, 27606, 27630, 38787, 38877, 38902, 38937, 38944, 38989, 39010, 39052, 39069, 43495, 43594, 43598, 43603, 49706, 49772, 49812, 49858, 27578, 12283, 12760, 12784, 13040, 27572, 27596, 27639, 27649, 7610, 7707, 12947, 27551, 43579, 27680, 27729, 4809, 4813, 6266, 7383, 7483, 12252, 27707, 39410, 43154, 46050, 18128, 46072, 10001, 18074], "label": "cabinet"}, {"objectId": 18, "id": 18, "partId": 18, "index": 16, "dominantNormal": [0.1593700349330902, -0.9872189164161682, -2.1920663427014558e-16], "obb": {"axesLengths": [0.5319232979107291, 0.7887139740128669, 0.40093725110187645], "centroid": [3.9646753588114616, 0.49502374873699506, -0.02953507498946073], "normalizedAxes": [0.9872189164161682, 0.1593700349330902, 3.5387256443606454e-17, 0, -2.220446049250313e-16, 1, 0.1593700349330902, -0.9872189164161682, -2.1920663427014558e-16]}, "segments": [20123, 20049, 45035, 15512, 15514, 15525, 15565, 15569, 44354, 44356, 44360, 20128, 12532, 15114, 12562, 12563, 12597, 14058, 14875, 14880, 44220, 44312, 15420, 44250, 44208, 15120, 15235, 15256, 15337, 15354, 15461, 44165, 44201, 44205, 44206, 44226, 44281, 44172, 14318, 15072, 15079, 15109, 15144, 15383, 15466, 44009, 44017, 14368, 15195, 44352, 15053, 16817, 20119, 44269], "label": "vase"}, {"objectId": 21, "id": 21, "partId": 21, "index": 19, "dominantNormal": [0.12120021134614944, -0.9926280975341797, -2.2040771375446237e-16], "obb": {"axesLengths": [0.3482015125596228, 0.42062299503483597, 0.2877986837155206], "centroid": [4.067107793367413, 2.015962851778961, -0.34979156926740385], "normalizedAxes": [0.9926280975341797, 0.12120021134614944, 2.691185304518605e-17, 0, -2.220446049250313e-16, 1, 0.12120021134614944, -0.9926280975341797, -2.2040771375446237e-16]}, "segments": [2325, 39467, 2455, 2564, 2418, 39436, 39442, 42750, 49902, 49906, 49916], "label": "candle"}, {"objectId": 22, "id": 22, "partId": 22, "index": 20, "dominantNormal": [0, -2.220446049250313e-16, 1], "obb": {"axesLengths": [0.2224932479627726, 0.17453299072683615, 0.18996150817581658], "centroid": [3.383281830094054, -0.6180787201093576, -0.32660757579041677], "normalizedAxes": [-0.4889494478702545, 0.8723121285438538, 1.9369220195383313e-16, 0, -2.220446049250313e-16, 1, 0.8723121285438538, 0.4889494478702545, 1.0856858698066285e-16]}, "segments": [39571, 40663, 49366, 49370, 49372, 39489], "label": "item"}, {"objectId": 23, "id": 23, "partId": 23, "index": 21, "dominantNormal": [0, -2.220446049250313e-16, 1], "obb": {"axesLengths": [0.2343331170173064, 0.1620289945148902, 0.18129562228740004], "centroid": [3.4947560432498, -0.44944161692278484, -0.323139576469224], "normalizedAxes": [-0.5252528786659241, 0.8509461879730225, 1.889480101209312e-16, 0, -2.220446049250313e-16, 1, 0.8509461879730225, 0.5252528786659241, 1.1662956792911052e-16]}, "segments": [39557, 49038], "label": "item"}, {"objectId": 24, "id": 24, "partId": 24, "index": 22, "dominantNormal": [-0.4274655878543854, -0.9040316343307495, -2.0073534708470165e-16], "obb": {"axesLengths": [0.5323529423314162, 0.37053000098772343, 0.34629267372989586], "centroid": [1.9155948485443932, -0.895582911896841, -0.6665920671092272], "normalizedAxes": [0.9040316343307495, -0.427465558052063, -9.491642095672836e-17, 0, -2.220446049250313e-16, 1, -0.427465558052063, -0.9040316343307495, -2.0073534708470165e-16]}, "segments": [21523, 22030, 45645, 24332, 23845, 45427, 45565, 45630, 45633], "label": "pillow"}, {"objectId": 25, "id": 25, "partId": 25, "index": 23, "dominantNormal": [0.9488054513931274, 0.3158610165119171, 7.013523462260743e-17], "obb": {"axesLengths": [0.4144966288714159, 0.37053998476550015, 0.2658100456184375], "centroid": [2.080593027841597, -0.7813588841155708, -0.6720030511467983], "normalizedAxes": [-0.3158610165119171, 0.9488054513931274, 2.1067713160530298e-16, 0, -2.220446049250313e-16, 1, 0.9488054513931274, 0.3158610165119171, 7.013523462260743e-17]}, "segments": [23835, 23998, 46118, 46148, 45570], "label": "pillow"}, {"objectId": 26, "id": 26, "partId": 26, "index": 24, "dominantNormal": [0.8476043343544006, 0.5306288003921509, 1.1782326234491844e-16], "obb": {"axesLengths": [0.2852297891273214, 0.27182699132352345, 0.13587329726215835], "centroid": [2.3829715196075405, 3.161335560771611, -0.24591357270076508], "normalizedAxes": [-0.5306288003921509, 0.8476043343544006, 1.8820596955446703e-16, 0, -2.220446049250313e-16, 1, 0.8476043343544006, 0.5306288003921509, 1.1782326234491844e-16]}, "segments": [35538, 48171, 34022], "label": "frame"}, {"objectId": 27, "id": 27, "partId": 27, "index": 25, "dominantNormal": [-0.05374231934547424, -0.9985548257827759, -2.2172371178691994e-16], "obb": {"axesLengths": [0.27196362560779613, 0.18156298589193098, 0.15450920799783002], "centroid": [1.8838029780634107, 3.4201649609376297, -0.28078156640869056], "normalizedAxes": [0.9985548257827759, -0.05374231934547424, -1.1933192066820695e-17, 0, -2.220446049250313e-16, 1, -0.05374231934547424, -0.9985548257827759, -2.2172371178691994e-16]}, "segments": [29300, 45290, 9871, 9846, 22690, 22694, 22707, 29796, 45276, 46475], "label": "frame"}, {"objectId": 28, "id": 28, "partId": 28, "index": 26, "dominantNormal": [0.959787905216217, 0.2807261645793915, 6.23337303061503e-17], "obb": {"axesLengths": [0.47573985736772806, 0.6448000525355323, 0.11262516750469598], "centroid": [-0.01411570972985876, 3.081354091084277, -0.9724000679910183], "normalizedAxes": [-0.2807261645793915, 0.959787905216217, 2.131157262255583e-16, 0, -2.220446049250313e-16, 1, 0.959787905216217, 0.2807261645793915, 6.23337303061503e-17]}, "segments": [29202], "label": "wall"}, {"objectId": 29, "id": 29, "partId": 29, "index": 27, "dominantNormal": [0.23194104433059692, -0.9727298617362976, -2.1598941784801653e-16], "obb": {"axesLengths": [0.40182018850131945, 0.3207119631608135, 0.18707498492469962], "centroid": [1.0168152973575755, 1.666933716483328, -0.6975280691490771], "normalizedAxes": [0.9727298617362976, 0.23194104433059692, 5.1501257554286567e-17, 0, -2.220446049250313e-16, 1, 0.23194104433059692, -0.9727298617362976, -2.1598941784801653e-16]}, "segments": [29696, 37416, 23033, 49067, 22850], "label": "pillow"}, {"objectId": 30, "id": 30, "partId": 30, "index": 28, "dominantNormal": [0, -2.220446049250313e-16, 1], "obb": {"axesLengths": [0.519122462650013, 0.3465249460967268, 0.42988232960767453], "centroid": [1.1510487609498756, 1.8126194458501625, -0.6932795693737381], "normalizedAxes": [0.9900859594345093, -0.14046284556388855, -3.118901704987932e-17, 0, -2.220446049250313e-16, 1, -0.14046284556388855, -0.9900859594345093, -2.1984324570445619e-16]}, "segments": [49272, 28668, 22989], "label": "pillow"}, {"objectId": 31, "id": 31, "partId": 31, "index": 29, "dominantNormal": [0.3962132930755615, -0.9181584715843201, -2.0387213508151093e-16], "obb": {"axesLengths": [0.528964768804033, 0.44194098319245145, 0.32570580438875163], "centroid": [1.1521008794463559, 2.169296878398133, -0.6490295738198721], "normalizedAxes": [0.9181584715843201, 0.3962132930755615, 8.79770241270087e-17, 0, -2.220446049250313e-16, 1, 0.3962132930755615, -0.9181584715843201, -2.0387213508151093e-16]}, "segments": [23077, 23522, 45079, 22479], "label": "pillow"}, {"objectId": 32, "id": 32, "partId": 32, "index": 30, "dominantNormal": [0.8504114151000977, -0.5261182188987732, -1.1682171205923923e-16], "obb": {"axesLengths": [0.5269222797430267, 0.4599999980628487, 0.38499220171053045], "centroid": [0.8242004123114319, 1.6980231966641695, -0.6400000663846733], "normalizedAxes": [0.5261182188987732, 0.8504114747047424, 1.888292799245278e-16, 0, -2.220446049250313e-16, 1, 0.8504114747047424, -0.5261182188987732, -1.1682171205923923e-16]}, "segments": [30916, 21756, 44582, 46939, 21706], "label": "pillow"}, {"objectId": 33, "id": 33, "partId": 33, "index": 31, "dominantNormal": [-0.5270400047302246, -0.8498404622077942, -1.8870248968023566e-16], "obb": {"axesLengths": [0.5456113407809965, 0.45597000891037226, 0.3116357198309091], "centroid": [1.5010353265970857, 1.969419757916894, -0.6420150609609117], "normalizedAxes": [0.8498404622077942, -0.5270400047302246, -1.1702638963000936e-16, 0, -2.220446049250313e-16, 1, -0.5270400047302246, -0.8498404622077942, -1.8870248968023566e-16]}, "segments": [49136, 49117, 28652, 23490, 45187, 26112, 46263, 26357], "label": "pillow"}, {"objectId": 34, "id": 34, "partId": 34, "index": 32, "dominantNormal": [-0.42632219195365906, -0.9045714139938354, -2.0085520224673813e-16], "obb": {"axesLengths": [0.6631515727027044, 0.47388901247332194, 0.4307503993340765], "centroid": [1.8852151762966356, 1.6786293277241104, -0.6901335617870059], "normalizedAxes": [0.9045714139938354, -0.42632219195365906, -9.466254268312359e-17, 0, -2.220446049250313e-16, 1, -0.42632219195365906, -0.9045714139938354, -2.0085520224673813e-16]}, "segments": [24260, 26885, 29470, 27987, 45110, 28031, 1061], "label": "pillow"}, {"objectId": 35, "id": 35, "partId": 35, "index": 33, "dominantNormal": [-0.6459599733352661, -0.7633712291717529, -1.6950246299257741e-16], "obb": {"axesLengths": [0.5801918522526994, 0.4907869586917692, 0.3289339162634621], "centroid": [2.2586877584380893, 1.4625913128026378, -0.6753935569809344], "normalizedAxes": [0.7633712887763977, -0.6459599733352661, -1.4343192707661292e-16, 0, -2.220446049250313e-16, 1, -0.6459599733352661, -0.7633712887763977, -1.6950247622746721e-16]}, "segments": [49185, 24211, 23603, 23727, 46186, 1148], "label": "pillow"}, {"objectId": 36, "id": 36, "partId": 36, "index": 34, "dominantNormal": [-0.5801117420196533, -0.8145369291305542, -1.8086353062564213e-16], "obb": {"axesLengths": [0.5321217794028263, 0.4603519932847022, 0.27612934837566167], "centroid": [2.682056656990527, 1.1971941271849271, -0.6532980560519254], "normalizedAxes": [0.8145368695259094, -0.5801117420196533, -1.288106825691256e-16, 0, -2.220446049250313e-16, 1, -0.5801117420196533, -0.8145368695259094, -1.8086351739075233e-16]}, "segments": [40298, 45350, 23006, 40395, 23657], "label": "pillow"}, {"objectId": 37, "id": 37, "partId": 37, "index": 35, "dominantNormal": [0.9237359166145325, 0.383029967546463, 8.504973781830194e-17], "obb": {"axesLengths": [0.485606968896779, 0.4103119877656101, 0.28058248487835763], "centroid": [2.6406002888727844, 0.9013043465242079, -0.6479660630680774], "normalizedAxes": [-0.3830299377441406, 0.9237359166145325, 2.0511057665973553e-16, 0, -2.220446049250313e-16, 1, 0.9237359166145325, 0.3830299377441406, 8.504973120085704e-17]}, "segments": [40260, 20590, 20618, 47819, 29148], "label": "pillow"}, {"objectId": 38, "id": 38, "partId": 38, "index": 36, "dominantNormal": [0.9936895370483398, -0.11216577142477036, -2.49058044021245e-17], "obb": {"axesLengths": [0.5016752792680271, 0.37723501673560517, 0.250590089761077], "centroid": [2.423117833213936, 1.0322537533214087, -0.6745885813700743], "normalizedAxes": [0.11216576397418976, 0.9936895370483398, 2.2064340067203588e-16, 0, -2.220446049250313e-16, 1, 0.9936895370483398, -0.11216576397418976, -2.4905802747763274e-17]}, "segments": [34427, 21268, 33472, 21322, 47673], "label": "pillow"}, {"objectId": 39, "id": 39, "partId": 39, "index": 37, "dominantNormal": [0.9811197519302368, 0.19340120255947113, 4.294369361434372e-17], "obb": {"axesLengths": [0.4777169988989921, 0.4309430026052217, 0.2672597113895174], "centroid": [2.220867853498851, 1.135597245912824, -0.6427055658540394], "normalizedAxes": [-0.19340120255947113, 0.9811197519302368, 2.1785234770149416e-16, 0, -2.220446049250313e-16, 1, 0.9811197519302368, 0.19340120255947113, 4.294369361434372e-17]}, "segments": [47225, 21727, 21208, 47322, 21719, 21253], "label": "pillow"}, {"objectId": 40, "id": 40, "partId": 40, "index": 38, "dominantNormal": [0, -2.220446049250313e-16, 1], "obb": {"axesLengths": [0.3841868400752837, 0.2800000247359269, 0.33329461840837565], "centroid": [2.002139600163426, 1.3926844820875455, -0.7300000530481343], "normalizedAxes": [0.7820234298706055, -0.6232490539550781, -1.3838908995535484e-16, 0, -2.220446049250313e-16, 1, -0.6232490539550781, -0.7820234298706055, -1.7364408352773652e-16]}, "segments": [29486, 24267, 29478], "label": "pillow"}, {"objectId": 41, "id": 41, "partId": 41, "index": 39, "dominantNormal": [-0.6616002321243286, -0.7498567700386047, -1.6650165025358204e-16], "obb": {"axesLengths": [0.37782625767702666, 0.3284829781543541, 0.30396403900237434], "centroid": [2.4926554519479174, 0.715559852084175, -0.6884435466279804], "normalizedAxes": [0.7498567700386047, -0.6616002321243286, -1.4690476216035555e-16, 0, -2.220446049250313e-16, 1, -0.6616002321243286, -0.7498567700386047, -1.6650165025358204e-16]}, "segments": [47651, 47591, 33497, 3028, 28402], "label": "pillow"}, {"objectId": 42, "id": 42, "partId": 42, "index": 40, "dominantNormal": [0.9215347170829773, 0.3882959187030792, 8.62190138624273e-17], "obb": {"axesLengths": [0.3515865970840771, 0.3026710084973794, 0.28132618390359265], "centroid": [2.009391852313428, 1.1289108551033749, -0.6986645806879289], "normalizedAxes": [-0.3882959485054016, 0.9215347170829773, 2.046218121793902e-16, 0, -2.220446049250313e-16, 1, 0.9215347170829773, 0.3882959485054016, 8.62190204798722e-17]}, "segments": [32658, 21744, 34125, 29860, 46579], "label": "pillow"}, {"objectId": 43, "id": 43, "partId": 43, "index": 41, "dominantNormal": [0, -2.220446049250313e-16, 1], "obb": {"axesLengths": [1.0394938954196928, 0.1573380196689511, 0.4422174900877184], "centroid": [1.7588572554926913, 0.32721847920370195, -0.8313310761452242], "normalizedAxes": [0.9060114622116089, -0.4232531487941742, -9.39810782072779e-17, 0, -2.220446049250313e-16, 1, -0.4232531487941742, -0.9060114622116089, -2.0117495718432663e-16]}, "segments": [37980, 51802, 51791, 37565, 1295, 4205, 37939, 49413, 49305, 51718], "label": "blanket"}], "scan_id": "0cac75d0-8d6f-2d13-8c26-d771a31c3f50", "annId": "4074", "appId": "stk.v1"}