{"segGroups": [{"objectId": 21, "id": 21, "partId": 21, "index": 1, "dominantNormal": [0.15222278237342834, -0.9883462190628052, -2.1945694574094902e-16], "obb": {"axesLengths": [0.25822030853790556, 0.3097400596050903, 0.2559994014997814], "centroid": [0.47271377571070183, 0.6214143505359669, -1.516659902387859], "normalizedAxes": [0.9883462190628052, 0.15222278237342834, 3.3800247572696916e-17, 0, -2.220446049250313e-16, 1, 0.15222278237342834, -0.9883462190628052, -2.1945694574094902e-16]}, "segments": [31656, 8053, 14058, 10846], "label": "trash can"}, {"objectId": 25, "id": 25, "partId": 25, "index": 4, "dominantNormal": [0, -2.220446049250313e-16, 1], "obb": {"axesLengths": [0.5671633239369118, 0.2743239937501252, 0.3613863977738013], "centroid": [-0.8395575785110471, -0.3731602796863417, -0.8616169408882346], "normalizedAxes": [0.999880313873291, -0.015471169725060463, -3.4352897693291557e-18, 0, -2.220446049250313e-16, 1, -0.015471169725060463, -0.999880313873291, -2.220180292663112e-16]}, "segments": [6574, 30620], "label": "towel"}, {"objectId": 26, "id": 26, "partId": 26, "index": 5, "dominantNormal": [0.9025720357894897, -0.4305388331413269, -9.559882510974991e-17], "obb": {"axesLengths": [0.2282537947657126, 0.236775497270178, 0.1513380780505093], "centroid": [-0.685116804927302, 0.18173939754538604, -0.19161220805602852], "normalizedAxes": [0.4305388629436493, 0.9025720357894897, 2.0041125110325847e-16, 0, -2.220446049250313e-16, 1, 0.9025720357894897, -0.4305388629436493, -9.559883172719481e-17]}, "segments": [18770, 18727, 9983, 9913], "label": "vase"}, {"objectId": 27, "id": 27, "partId": 27, "index": 6, "dominantNormal": [0, -2.220446049250313e-16, 1], "obb": {"axesLengths": [0.46686066514396407, 0.21189206364992108, 0.28299115716039525], "centroid": [-0.742266894818904, 0.17538689170316268, -0.9774839569980511], "normalizedAxes": [0.1646692454814911, 0.9863488674163818, 2.190134445837226e-16, 0, -2.220446049250313e-16, 1, 0.9863488674163818, -0.1646692454814911, -3.6563917556240686e-17]}, "segments": [10678, 10719, 32372, 12989, 7866, 10788, 31514, 31536, 31915, 31916, 31920, 34815, 34874], "label": "toilet paper"}, {"objectId": 28, "id": 28, "partId": 28, "index": 7, "dominantNormal": [0, -2.220446049250313e-16, 1], "obb": {"axesLengths": [0.10533136037770434, 0.07416999174274519, 0.07852888120946047], "centroid": [0.1720895132840854, 0.8013640488337086, -1.180474991021715], "normalizedAxes": [0.886283278465271, -0.463143527507782, -1.0283852158905082e-16, 0, -2.220446049250313e-16, 1, -0.463143527507782, -0.886283278465271, -1.967944204184826e-16]}, "segments": [2590, 2585, 29745, 29748], "label": "toilet paper"}, {"objectId": 29, "id": 29, "partId": 29, "index": 8, "dominantNormal": [0, -2.220446049250313e-16, 1], "obb": {"axesLengths": [0.8358899108390782, 0.05471604940184838, 0.08087640344248935], "centroid": [0.04595003915876689, 0.9145611331162571, -0.8826419424210052], "normalizedAxes": [0.9469273090362549, -0.32144784927368164, -7.137576069597565e-17, 0, -2.220446049250313e-16, 1, -0.32144784927368164, -0.9469273090362549, -2.1026010022767824e-16]}, "segments": [32813, 17734, 18921, 33189, 33491, 17727, 17736, 18925, 18929, 18961, 20114, 20161, 32790, 33524, 33530, 33533], "label": "handhold"}, {"objectId": 31, "id": 31, "partId": 31, "index": 9, "dominantNormal": [0.9553940892219543, -0.2953339219093323, -6.557730401131773e-17], "obb": {"axesLengths": [0.243777830251647, 0.27999998748302474, 0.04700393845639776], "centroid": [0.8389858206553691, -0.9302765243264431, -0.06999995624408273], "normalizedAxes": [0.2953339219093323, 0.9553940892219543, 2.1214010308899896e-16, 0, -2.220446049250313e-16, 1, 0.9553940892219543, -0.2953339219093323, -6.557730401131773e-17]}, "segments": [11116], "label": "picture"}, {"objectId": 32, "id": 32, "partId": 32, "index": 10, "dominantNormal": [0.9322248697280884, -0.3618795871734619, -8.035340996436478e-17], "obb": {"axesLengths": [0.30343957965012147, 0.3599999839067461, 0.046953620583859816], "centroid": [0.9737041412606195, -0.5654271822200392, 0.11000003198400021], "normalizedAxes": [0.3618795871734619, 0.9322248697280884, 2.0699550290006216e-16, 0, -2.220446049250313e-16, 1, 0.9322248697280884, -0.3618795871734619, -8.035340996436478e-17]}, "segments": [6438], "label": "picture"}, {"objectId": 1, "id": 1, "partId": 1, "index": 11, "dominantNormal": [0, -2.220446049250313e-16, 1], "obb": {"axesLengths": [2.7521547819853733, 0.12422990521274713, 2.6179036259949147], "centroid": [0.07500895942219643, -0.14150288470213712, -1.6521149116816758], "normalizedAxes": [-0.10237409174442291, 0.9947459697723389, 2.2087797585886612e-16, 0, -2.220446049250313e-16, 1, 0.9947459697723389, 0.10237409174442291, 2.2731614755949295e-17]}, "segments": [16502, 1864, 15425, 24606, 27163, 20471], "label": "floor"}, {"objectId": 2, "id": 2, "partId": 2, "index": 12, "dominantNormal": [-0.2878877520561218, -0.9576641321182251, -2.1264415386706428e-16], "obb": {"axesLengths": [2.0352789148794015, 2.462000911042072, 0.13032502982043082], "centroid": [-0.2860126708378872, -1.172145655597673, -0.4508494246351109], "normalizedAxes": [0.9576641321182251, -0.2878877818584442, -6.392392878550184e-17, 0, -2.220446049250313e-16, 1, -0.2878877818584442, -0.9576641321182251, -2.1264415386706428e-16]}, "segments": [18998, 8311, 22220, 1712, 3928, 14541, 23989, 1145, 9270], "label": "wall"}, {"objectId": 3, "id": 3, "partId": 3, "index": 13, "dominantNormal": [-0.3245903551578522, -0.9458547234535217, -2.1002193838571198e-16], "obb": {"axesLengths": [0.8386948052541651, 2.259829887900577, 0.09263375717312876], "centroid": [0.19794244119613041, -1.3452355668066835, -0.5599149250793105], "normalizedAxes": [0.9458547234535217, -0.3245903253555298, -7.207353055605598e-17, 0, -2.220446049250313e-16, 1, -0.3245903253555298, -0.9458547234535217, -2.1002193838571198e-16]}, "segments": [10658, 28017], "label": "door"}, {"objectId": 4, "id": 4, "partId": 4, "index": 14, "dominantNormal": [0.9536588788032532, -0.3008899390697479, -6.681098764665892e-17], "obb": {"axesLengths": [2.2586528487322273, 2.44040996341981, 0.2010494746123961], "centroid": [-0.8938375101541538, 0.16814075661500388, -0.4502049792302034], "normalizedAxes": [0.3008899390697479, 0.9536588788032532, 2.1175480897711667e-16, 0, -2.220446049250313e-16, 1, 0.9536588788032532, -0.3008899390697479, -6.681098764665892e-17]}, "segments": [6496, 6931, 15678, 4464, 8301, 27033, 20066, 5178, 6465, 6986, 6989, 9259, 9264, 9318, 30413, 30714, 35648, 5235, 35529, 8949, 23881], "label": "wall"}, {"objectId": 5, "id": 5, "partId": 5, "index": 15, "dominantNormal": [0.9370326995849609, -0.34924161434173584, -7.754721627989088e-17], "obb": {"axesLengths": [0.7224415408580445, 1.0599999488890177, 0.26639146241133654], "centroid": [-1.1647974254941782, -0.509522954016596, -0.11999994842097328], "normalizedAxes": [0.34924161434173584, 0.9370326995849609, 2.080630555811782e-16, 0, -2.220446049250313e-16, 1, 0.9370326995849609, -0.34924161434173584, -7.754721627989088e-17]}, "segments": [7006, 35629, 6460, 18350, 18315, 9374, 9278, 28132, 28137, 11460, 11401, 9338, 11439, 12046, 18383], "label": "mirror"}, {"objectId": 6, "id": 6, "partId": 6, "index": 16, "dominantNormal": [0.955403745174408, -0.29530274868011475, -6.557038216395189e-17], "obb": {"axesLengths": [0.5659476573225426, 1.8799999085068713, 0.4097761972448443], "centroid": [-0.6894443872195603, 0.1689188542414824, -0.7299999267397839], "normalizedAxes": [0.29530274868011475, 0.955403745174408, 2.121422471411467e-16, 0, -2.220446049250313e-16, 1, 0.955403745174408, -0.29530274868011475, -6.557038216395189e-17]}, "segments": [33345, 12858, 35183, 17167, 33384, 6287, 5099, 17651, 17649, 17640, 34592, 24184, 12919, 33998, 7926, 5139, 6101, 6163, 6825, 10185, 11542, 11599, 12197, 12317, 12326, 12363, 12578, 12607, 12611, 12696, 12779, 12821, 12878, 13877, 13917, 13935, 15462, 15466, 15474, 16594, 17155, 18704, 18756, 19816, 19819, 20358, 21150, 22019, 22039, 22079, 22095, 22141, 22168, 22441, 23201, 24206, 24213, 28743, 28750, 30602, 31905, 31910, 32705, 34506, 34580, 34653, 34675, 34898, 35119, 35201, 35244, 35296, 38430, 22579, 13919, 16026, 22478], "label": "cupboard"}, {"objectId": 7, "id": 7, "partId": 7, "index": 17, "dominantNormal": [-0.27050459384918213, -0.962718665599823, -2.1376648575706603e-16], "obb": {"axesLengths": [0.7335686712764508, 0.8504800010365247, 0.3960287396009533], "centroid": [-0.350665323867311, 0.7135075930331367, -1.2552399265129877], "normalizedAxes": [0.962718665599823, -0.27050459384918213, -6.00640856716477e-17, 0, -2.220446049250313e-16, 1, -0.27050459384918213, -0.962718665599823, -2.1376648575706603e-16]}, "segments": [23585, 23488, 38304, 19761, 38383, 23110, 35230, 20200, 33299, 15983, 16023, 23142, 35377, 35425, 35459, 23606, 15892, 15987, 15989, 19661, 19691, 20240, 23380, 23405, 23408, 23409, 23436, 23442, 23447, 28721, 32563, 32569, 33287, 33543, 34038, 35307, 35324, 35326, 35331, 35388, 35391, 35394, 38254, 38270, 38310, 38327, 38401, 15890, 20227, 35356, 33254], "label": "toilet"}, {"objectId": 8, "id": 8, "partId": 8, "index": 18, "dominantNormal": [0.9999096989631653, -0.013439033180475235, -2.9840648131330105e-18], "obb": {"axesLengths": [0.16080754016424992, 0.2999999456107627, 0.15476921525750606], "centroid": [-0.7127048498933755, 0.5893565114755708, -1.519999908187838], "normalizedAxes": [0.013439033180475235, 0.9999096989631653, 2.2202455406698302e-16, 0, -2.220446049250313e-16, 1, 0.9999096989631653, -0.013439033180475235, -2.9840648131330105e-18]}, "segments": [28666, 28660], "label": "toilet brush"}, {"objectId": 9, "id": 9, "partId": 9, "index": 19, "dominantNormal": [0, -2.220446049250313e-16, 1], "obb": {"axesLengths": [0.7995332754271951, 0.6501590464228602, 0.7087220822351822], "centroid": [-0.89356570479863, -0.6259252149076227, -1.1249204532982309], "normalizedAxes": [0.7723941206932068, 0.635143518447876, 1.4103019162445296e-16, 0, -2.220446049250313e-16, 1, 0.635143518447876, -0.7723941206932068, -1.7150594737574005e-16]}, "segments": [15836, 6647, 32520, 7524, 35991, 32217, 7514, 7500, 5725, 5767, 6572, 6601, 7281, 7313, 7319, 7330, 7503, 7506, 7511, 7531, 7600, 7627, 7658, 7668, 14766, 15682, 15730, 15761, 23827, 24017, 30674, 30755, 30756, 30800, 30802, 30803, 30836, 30840, 30844, 32167, 32169, 32193, 32197, 32200, 32261, 35515, 35983, 36009, 14807], "label": "sink"}, {"objectId": 10, "id": 10, "partId": 10, "index": 20, "dominantNormal": [-0.1844141185283661, -0.9828486442565918, -2.1823623891505757e-16], "obb": {"axesLengths": [0.4071636288415347, 0.46271990695476717, 0.3337094149717385], "centroid": [-0.8966754256315846, -0.8090260170475531, -1.4413599258147194], "normalizedAxes": [0.9828486442565918, -0.1844141185283661, -4.0948160091228944e-17, 0, -2.220446049250313e-16, 1, -0.1844141185283661, -0.9828486442565918, -2.1823623891505757e-16]}, "segments": [19363, 16425, 16449, 24070], "label": "garbage bin"}, {"objectId": 11, "id": 11, "partId": 11, "index": 21, "dominantNormal": [-0.20051655173301697, -0.9796903133392334, -2.175349485742902e-16], "obb": {"axesLengths": [0.6862855219992376, 0.9487499978672709, 0.6817233201190401], "centroid": [0.9697230315744656, 0.33100946472782494, -1.2043749629263214], "normalizedAxes": [0.9796903133392334, -0.20051655173301697, -4.4523618510487354e-17, 0, -2.220446049250313e-16, 1, -0.20051655173301697, -0.9796903133392334, -2.175349485742902e-16]}, "segments": [26801, 37000, 29336, 14128, 28950, 8087, 29244, 143, 8130, 8133, 8142, 8174, 8182, 8213, 8250, 28216, 28933, 29093, 29104, 29106, 29115, 29135, 29172, 30903, 32051, 32053, 32057, 32059, 36880, 36882, 38678, 38682, 38776, 38778, 38781, 38788, 38853, 28886, 28915, 32084, 19, 8115, 24531, 28948, 29502, 29506, 30894, 38683, 14263, 24546, 24554, 36192, 32100, 32091], "label": "armchair"}, {"objectId": 12, "id": 12, "partId": 12, "index": 22, "dominantNormal": [-0.3501937985420227, -0.9366772770881653, -2.0798413593329574e-16], "obb": {"axesLengths": [2.117561147823641, 2.4480299402468657, 0.37108006813025207], "centroid": [0.4280188949017626, 0.8887473971367592, -0.450314949797356], "normalizedAxes": [0.9366772770881653, -0.3501938283443451, -7.775865026190434e-17, 0, -2.220446049250313e-16, 1, -0.3501938283443451, -0.9366772770881653, -2.0798413593329574e-16]}, "segments": [24222, 8997, 21698, 23561, 8621, 3811, 14292, 939, 10290, 23942, 2254, 906, 926, 958, 1083, 1764, 1785, 2518, 2536, 2541, 8533, 8613, 8631, 8633, 13159, 13161, 13166, 13185, 14189, 14509, 16082, 16108, 16263, 16272, 17208, 17212, 17220, 17237, 17254, 17258, 17276, 17284, 17299, 17306, 17312, 17342, 19347, 20845, 21653, 21654, 21939, 21991, 23630, 23638, 24610, 26433, 29647, 29714, 29717, 31925, 32144, 32147, 32281, 32576, 32735, 32759, 32765, 32768, 32771, 32775, 34214, 34276, 34279, 34282, 34288, 34290, 34293, 34318, 34440, 34443, 35496, 36201, 37269, 1829, 1794, 21932], "label": "wall"}, {"objectId": 13, "id": 13, "partId": 13, "index": 23, "dominantNormal": [0.938829243183136, -0.34438300132751465, -7.646838747266452e-17], "obb": {"axesLengths": [2.170647530773293, 2.4302269273200556, 0.14862341345302402], "centroid": [1.01574916144781, -0.453448765856561, -0.4487764645431236], "normalizedAxes": [0.34438300132751465, 0.938829243183136, 2.0846196839466557e-16, 0, -2.220446049250313e-16, 1, 0.938829243183136, -0.34438300132751465, -7.646838747266452e-17]}, "segments": [25957, 19165, 19292, 19449, 19486, 34670, 7399, 6160, 11182, 11189, 19144, 19195, 19240, 21132, 21194, 21406, 22734, 22798, 25048, 32691, 32696, 32712, 32717, 33156, 33161, 33639, 33641, 34677, 27825, 34703], "label": "wall"}, {"objectId": 14, "id": 14, "partId": 14, "index": 24, "dominantNormal": [0.9467498660087585, -0.3219700753688812, -7.149171818296579e-17], "obb": {"axesLengths": [0.5646394448418257, 0.8383057749650078, 0.1829291512522454], "centroid": [0.91263600372422, -0.5432611316313462, -0.34398505289275105], "normalizedAxes": [0.3219700753688812, 0.9467498660087585, 2.1022069996074112e-16, 0, -2.220446049250313e-16, 1, 0.9467498660087585, -0.3219700753688812, -7.149171818296579e-17]}, "segments": [28863, 23090, 11284, 38523, 11065, 25183, 10857, 19455, 22773, 23758, 25058, 33637, 35274, 34416, 23101], "label": "cabinet"}, {"objectId": 15, "id": 15, "partId": 15, "index": 25, "dominantNormal": [0, -2.220446049250313e-16, 1], "obb": {"axesLengths": [2.3779496805454277, 0.1000000216066832, 2.2203782002808996], "centroid": [0.035117684625559364, -0.1347671156393091, 0.7600000122399617], "normalizedAxes": [0.3878805339336395, 0.9217096567153931, 2.0466065658095568e-16, 0, -2.220446049250313e-16, 1, 0.9217096567153931, -0.3878805339336395, -8.612677991540519e-17]}, "segments": [2625, 14459, 23933, 6724, 14424, 32890, 36381, 36607], "label": "ceiling"}, {"objectId": 16, "id": 16, "partId": 16, "index": 26, "dominantNormal": [0, -2.220446049250313e-16, 1], "obb": {"axesLengths": [0.27480975934738483, 0.09214597734482632, 0.27936484108873627], "centroid": [-0.013357117729274004, 0.22461410523759506, 0.6869400079697359], "normalizedAxes": [0.9925168752670288, 0.12210752815008163, 2.7113317846457016e-17, 0, -2.220446049250313e-16, 1, 0.12210752815008163, -0.9925168752670288, -2.20383017450094e-16]}, "segments": [32637, 1369, 18257, 32899, 32917], "label": "lamp"}, {"objectId": 17, "id": 17, "partId": 17, "index": 27, "dominantNormal": [0.9503096342086792, 0.3113062381744385, 6.912387066614089e-17], "obb": {"axesLengths": [0.4944542509933772, 0.6346999264948083, 0.48722009174009207], "centroid": [0.6897188276609547, -0.723578707193953, -1.3554899597965935], "normalizedAxes": [-0.3113062381744385, 0.9503096342086792, 2.110111272843172e-16, 0, -2.220446049250313e-16, 1, 0.9503096342086792, 0.3113062381744385, 6.912387066614089e-17]}, "segments": [17969, 20767, 36986, 18060, 20368, 20408, 20473, 20476, 20577, 20605, 26380, 26636, 26658, 32894, 36058, 36248, 36251, 17869, 26696, 20329], "label": "child chair"}], "scan_id": "1d233ff0-e280-2b1a-8c10-2af29c344ee3", "annId": "5395", "appId": "stk.v1"}