{"segGroups": [{"objectId": 1, "id": 1, "partId": 1, "index": 0, "dominantNormal": [0, -2.220446049250313e-16, 1], "obb": {"axesLengths": [4.944796249698592, 0.44000004738569104, 3.3945097967145323], "centroid": [0.08621874651921478, -0.04893278263627808, -1.649999985843897], "normalizedAxes": [-0.1027437075972557, 0.9947078824043274, 2.2086951876428338e-16, 0, -2.220446049250313e-16, 1, 0.9947078824043274, 0.1027437075972557, 2.281368596196558e-17]}, "segments": [7342, 12659, 29, 85, 522, 703, 708, 721, 725, 726, 826, 841, 851, 1063, 1110, 1229, 1299, 1307, 1840, 2319, 2328, 2352, 2364, 2913, 3138, 3177, 3566, 3784, 4276, 4858, 5388, 5971, 6316, 6563, 6733, 6738, 7199, 7221, 7326, 11179, 11863, 12394, 12560, 12979, 13373, 14124, 14276, 15642, 15961, 17000, 17079, 17080, 17083, 17098, 17100, 17117, 17222, 17327, 18482, 18493, 18515, 18552, 18557, 18565, 18585, 18756, 18773, 18789, 18995, 19028, 19035, 19066, 20070, 24258, 24311, 24980, 24997, 25675, 25679, 34917, 34921, 34973, 42197, 43250, 43404, 51217, 52411, 52447, 52477, 52503, 52537, 52555, 53198, 53200, 53204, 53208, 53241, 53284, 53287, 53291, 55852, 56013, 56431, 56440, 56456, 56458, 56460, 56463, 56465, 56593, 56597, 56635, 58047, 58166, 60512, 60518, 60524, 62347, 62366, 62367, 62371, 1120, 3291, 5746, 52611, 92, 200, 230, 853, 854, 899, 909, 918, 929, 1353, 1383, 1399, 1408, 1412, 1437, 1455, 1457, 1458, 1513, 1536, 1569, 1585, 1587, 1593, 1595, 1602, 2282, 3355, 3401, 3417, 3418, 3424, 3437, 3451, 3462, 3477, 3520, 3549, 3555, 3572, 3576, 3586, 3661, 3852, 3862, 3876, 3901, 3909, 3944, 3948, 3951, 3952, 3959, 3969, 3985, 3994, 4003, 4007, 5311, 5605, 6403, 6425, 6430, 13989, 14185, 14194, 14208, 14211, 14221, 14238, 14366, 14369, 14448, 14449, 14487, 14517, 14544, 14579, 16051, 16085, 16089, 16112, 16117, 16123, 16366, 16413, 16435, 16438, 16443, 16450, 16475, 16488, 16492, 16514, 17039, 17225, 17305, 35052, 52419, 52431, 52464, 52471, 52558, 52561, 52582, 52584, 52598, 52602, 52635, 52637, 52641, 52645, 52650, 55347, 55353, 55366, 55424, 55428, 55432, 55480, 55483, 55487, 55489, 55492, 55823, 55832, 60679, 61340, 61356, 65635, 66224, 66228, 66946, 6792, 58474, 103, 187], "label": "floor"}, {"objectId": 2, "id": 2, "partId": 2, "index": 1, "dominantNormal": [0.7219815254211426, 0.6919123530387878, 1.5363540507324643e-16], "obb": {"axesLengths": [2.514542589827111, 2.7299498901527386, 0.16441557727445272], "centroid": [-0.7524409246229252, -1.4746071909252139, -0.2650250602880486], "normalizedAxes": [-0.6919123530387878, 0.7219815254211426, 1.6031210257530905e-16, 0, -2.220446049250313e-16, 1, 0.7219815254211426, 0.6919123530387878, 1.5363540507324643e-16]}, "segments": [28828, 17642, 2103], "label": "wall"}, {"objectId": 3, "id": 3, "partId": 3, "index": 2, "dominantNormal": [0.7290080189704895, 0.6845051646232605, 1.519906788479154e-16], "obb": {"axesLengths": [0.9226949775680497, 2.219999919384719, 0.0763965936637238], "centroid": [-0.7887802014054955, -1.5040489494312201, -0.5200000456720586], "normalizedAxes": [-0.6845051646232605, 0.7290080189704895, 1.6187229755948207e-16, 0, -2.220446049250313e-16, 1, 0.7290080189704895, 0.6845051646232605, 1.519906788479154e-16]}, "segments": [23366, 39973, 30426], "label": "door"}, {"objectId": 4, "id": 4, "partId": 4, "index": 3, "dominantNormal": [0.9999984502792358, 0.001748352311551571, 3.882121982882338e-19], "obb": {"axesLengths": [3.0554833555257015, 2.7300099716333293, 0.29601322760364845], "centroid": [-1.520503114715751, 0.8377973827040273, -0.2520050219743335], "normalizedAxes": [-0.001748352311551571, 0.9999984502792358, 2.2204426081789649e-16, 0, -2.220446049250313e-16, 1, 0.9999984502792358, 0.001748352311551571, 3.882121982882338e-19]}, "segments": [30875, 23705, 29398, 51778, 50456, 45029, 26994, 27714, 28049, 59188, 20310, 10521, 10495, 28486, 21759, 21729, 6751, 53272, 6677, 6624, 6648, 6935, 6690, 6830], "label": "wall"}, {"objectId": 5, "id": 5, "partId": 5, "index": 4, "dominantNormal": [-0.020191127434372902, -0.9997961521148682, -2.219993416019124e-16], "obb": {"axesLengths": [3.415089084974318, 2.7664799071890123, 0.20287336565053152], "centroid": [0.1302045596935585, 2.2632393910264956, -0.25016001984119485], "normalizedAxes": [0.9997961521148682, -0.020191127434372902, -4.483330914156292e-18, 0, -2.220446049250313e-16, 1, -0.020191127434372902, -0.9997961521148682, -2.219993416019124e-16]}, "segments": [38174, 51717, 26995, 44217, 65048, 65524, 44411, 47947, 41716, 47162, 47486, 36587, 49953, 34741, 65540, 45276, 65570, 22089, 65007], "label": "wall"}, {"objectId": 6, "id": 6, "partId": 6, "index": 5, "dominantNormal": [0.9997167587280273, -0.023798685520887375, -5.2843697242205e-18], "obb": {"axesLengths": [3.726510852259096, 2.7316399202129245, 0.11182204455797796], "centroid": [1.796480905849498, 0.0933467955768493, -0.24418006477847665], "normalizedAxes": [0.023798685520887375, 0.9997167587280273, 2.2198171272869768e-16, 0, -2.220446049250313e-16, 1, 0.9997167587280273, -0.023798685520887375, -5.2843697242205e-18]}, "segments": [50965, 39420, 908, 968, 1018, 1245, 5863, 7560, 7623, 7636, 15282, 19841, 24821, 25996, 26241, 30081, 33597, 35862, 41003, 46472, 46486, 48818, 50346, 52349, 58026, 58040, 58115, 58832, 58923, 59657, 61535], "label": "wall"}, {"objectId": 7, "id": 7, "partId": 7, "index": 6, "dominantNormal": [0.9999638199806213, 0.00850797351449728, 1.8891496177391787e-18], "obb": {"axesLengths": [0.3927523931671384, 2.3136199195618934, 0.1510184387156171], "centroid": [1.8060105795186119, 2.086022662384743, -0.024810062166824798], "normalizedAxes": [-0.008507972583174706, 0.9999638199806213, 2.220365713469222e-16, 0, -2.220446049250313e-16, 1, 0.9999638199806213, 0.008507972583174706, 1.8891494109440256e-18]}, "segments": [26861, 23437, 24406, 24978, 19368, 31449, 19496, 59720, 23312], "label": "wall"}, {"objectId": 8, "id": 8, "partId": 8, "index": 7, "dominantNormal": [0.9999948740005493, -0.0031960883643478155, -7.096741781671002e-19], "obb": {"axesLengths": [0.8399728749723724, 0.7399999631941326, 0.1091687038086364], "centroid": [1.8166935444612087, 0.6499270846919415, 0.07999994985759273], "normalizedAxes": [0.003196088597178459, 0.9999948740005493, 2.2204346672450844e-16, 0, -2.220446049250313e-16, 1, 0.9999948740005493, -0.003196088597178459, -7.096742298658885e-19]}, "segments": [33812, 13718, 13464, 28496, 30974], "label": "picture"}, {"objectId": 9, "id": 9, "partId": 9, "index": 8, "dominantNormal": [-0.043116454035043716, -0.9990700483322144, -2.2183811417435847e-16], "obb": {"axesLengths": [1.3434196297295482, 2.729700027487425, 0.1771579845011368], "centroid": [0.7012351763611793, -2.379175256616235, -0.25114003938868623], "normalizedAxes": [0.9990700483322144, -0.04311645030975342, -9.573775174798941e-18, 0, -2.220446049250313e-16, 1, -0.04311645030975342, -0.9990700483322144, -2.2183811417435847e-16]}, "segments": [9070, 26317, 25905, 25937, 26522, 31676, 40775, 57766, 57859, 57923, 24674, 57733, 31338, 6898, 10625, 42520], "label": "wall"}, {"objectId": 10, "id": 10, "partId": 10, "index": 9, "dominantNormal": [0.9590676426887512, -0.28317713737487793, -6.287795559220609e-17], "obb": {"axesLengths": [0.8127284725346126, 2.749779878189118, 0.43641005127617444], "centroid": [1.4594797491967741, -2.0510276565084253, -0.2638800550875062], "normalizedAxes": [0.28317713737487793, 0.9590676426887512, 2.1295579581720486e-16, 0, -2.220446049250313e-16, 1, 0.9590676426887512, -0.28317713737487793, -6.287795559220609e-17]}, "segments": [30230, 28748, 25352, 22723, 22430, 10920, 12857, 29665, 30241, 28637, 23483, 45762, 58975, 22507, 17902, 28593, 45255, 13597], "label": "wall"}, {"objectId": 11, "id": 11, "partId": 11, "index": 10, "dominantNormal": [0, -2.220446049250313e-16, 1], "obb": {"axesLengths": [5.431731318816285, 0.14487003956280553, 4.146499480677681], "centroid": [0.36499459707421944, 0.13200372157188922, 1.0824349411032714], "normalizedAxes": [-0.33698469400405884, 0.9415101408958435, 2.0905724726812813e-16, 0, -2.220446049250313e-16, 1, 0.9415101408958435, 0.33698469400405884, 7.482563324591381e-17]}, "segments": [31098, 61866, 25740, 30204, 61812, 47052, 21170, 32571, 45163, 43831, 36836, 30311, 34284, 52079, 17910, 30662, 61841, 35178, 47147, 44831, 41912, 39699, 49843, 41677, 17021], "label": "ceiling"}, {"objectId": 12, "id": 12, "partId": 12, "index": 11, "dominantNormal": [0.99917072057724, -0.040716901421546936, -9.040968289918835e-18], "obb": {"axesLengths": [1.1312862590822657, 1.6729499211993075, 0.524474720225913], "centroid": [-1.3013341587932412, -0.0940206844130613, -0.7864750075383116], "normalizedAxes": [0.04071689769625664, 0.99917072057724, 2.218604679032321e-16, 0, -2.220446049250313e-16, 1, 0.99917072057724, -0.04071689769625664, -9.040967462738223e-18]}, "segments": [21925, 22582, 17974, 52066, 52124, 52153, 33185, 35931, 48400, 37473, 50629, 37448, 63363, 63570, 50368, 65883, 63907, 48613, 64885, 6268, 6274, 6481, 6482, 6483, 6565, 6579, 7709, 7729, 7797, 7914, 7916, 8538, 8654, 8705, 8757, 8873, 8883, 9425, 17986, 18030, 20331, 20349, 20358, 20772, 21889, 21961, 22196, 22217, 22219, 22221, 22241, 22525, 22563, 22567, 22600, 22897, 22907, 22965, 22974, 22977, 22997, 23033, 27075, 27216, 27256, 27367, 27378, 27383, 27393, 28206, 28249, 28263, 33158, 33225, 33239, 33241, 33246, 34092, 34341, 34355, 34408, 34441, 35940, 36029, 36187, 36377, 36480, 36534, 37400, 37451, 37536, 40454, 45838, 45969, 45983, 45986, 46028, 46084, 46122, 46149, 46256, 46281, 46454, 46655, 46841, 47251, 47282, 47325, 47373, 47412, 47848, 47933, 48080, 48096, 48146, 48160, 48640, 49150, 49405, 50437, 50509, 50517, 50589, 50659, 51436, 51439, 51468, 51519, 51545, 51604, 53520, 53523, 53529, 53595, 53613, 53651, 53703, 53707, 53736, 53762, 53764, 56311, 56942, 56948, 56950, 56953, 56957, 56961, 57322, 57323, 58668, 58678, 58967, 58971, 60389, 60718, 60810, 60815, 63323, 63336, 63338, 63345, 63349, 63415, 63481, 63600, 63604, 63608, 63756, 63797, 63841, 63847, 63851, 63866, 63958, 63998, 64049, 64618, 64625, 64820, 64824, 64826, 65637, 65722, 65758, 65786, 65798, 65859, 65882, 65911, 65947, 65962, 66312, 66333, 66377, 66386, 66949, 66982, 67024, 67029, 67041, 67061, 67104, 26695, 21147, 9190, 7792, 46630], "label": "bookshelf"}, {"objectId": 13, "id": 13, "partId": 13, "index": 12, "dominantNormal": [-0.2853836715221405, -0.9584133625030518, -2.1281051643186094e-16], "obb": {"axesLengths": [0.4917162568401873, 1.8632139743146148, 0.3213700285745423], "centroid": [-0.7795324815179877, 2.132642993665188, 0.054450940986327856], "normalizedAxes": [0.9584133625030518, -0.2853836715221405, -6.33679045951886e-17, 0, -2.220446049250313e-16, 1, -0.2853836715221405, -0.9584133625030518, -2.1281051643186094e-16]}, "segments": [35251, 61500, 50827, 50106, 49281, 37759, 66185, 36659, 37279, 37620, 37779, 40087, 49956, 50110, 50121, 50146, 50151, 50199, 50217, 50800, 50895, 51051, 51614, 51731, 53195, 64807, 65633, 66112, 66167, 66675, 66704, 66730, 36676, 66498, 66533, 66768, 40091, 49899, 66657, 36654, 36571, 33306, 51857, 36329, 37809, 47484, 47043, 63491], "label": "curtain"}, {"objectId": 14, "id": 14, "partId": 14, "index": 13, "dominantNormal": [0, -2.220446049250313e-16, 1], "obb": {"axesLengths": [2.367115908091914, 0.6227400163693723, 1.8240411455116947], "centroid": [1.0553330065922304, 0.9134991183665785, -1.3742100158882888], "normalizedAxes": [-0.2691722810268402, 0.963092029094696, 2.1384938910677854e-16, 0, -2.220446049250313e-16, 1, 0.963092029094696, 0.2691722810268402, 5.976825279737424e-17]}, "segments": [1003, 42315, 26864, 27549, 24797, 31010, 58002, 62483, 62247, 60010, 22794, 674, 388, 25062, 59487, 27587, 5541, 5455, 5688, 2354, 43194, 62326, 14310, 24263, 24525, 58050, 58076, 26056, 26091, 26104, 26147, 52734, 5808, 62405, 2369, 1191], "label": "bed"}, {"objectId": 15, "id": 15, "partId": 15, "index": 14, "dominantNormal": [0, -2.220446049250313e-16, 1], "obb": {"axesLengths": [1.2044673468262643, 0.8772620362655362, 1.07305437484048], "centroid": [1.2855469467881584, -0.7965609971768935, -1.1824590467111986], "normalizedAxes": [0.1284569650888443, 0.9917150735855103, 2.2020498171249298e-16, 0, -2.220446049250313e-16, 1, 0.9917150735855103, -0.1284569650888443, -2.852317606302097e-17]}, "segments": [41773, 35094, 20142, 15963, 10321, 33521, 10635, 8544, 9254, 31995, 35071, 29193, 13124, 51068, 10651, 2416, 2935, 4988, 8325, 10040, 10473, 13131, 13687, 25534, 25633, 31908, 31978, 38452, 51126, 51397, 52492, 52513, 52532, 59763, 59954, 62077, 5038, 2476, 31915, 30823], "label": "armchair"}, {"objectId": 16, "id": 16, "partId": 16, "index": 15, "dominantNormal": [-0.007589253131300211, -0.9999712109565735, -2.220382124732575e-16], "obb": {"axesLengths": [0.9840569092259441, 1.4897849375802656, 0.6848455655100897], "centroid": [0.5203592846413944, -2.071798390876216, -0.8960575056212216], "normalizedAxes": [0.9999712109565735, -0.007589253131300211, -1.6851527132156121e-18, 0, -2.220446049250313e-16, 1, -0.007589253131300211, -0.9999712109565735, -2.220382124732575e-16]}, "segments": [61580, 40681, 61671, 40561, 61270, 40699, 62968, 51247, 35404, 2575, 5563, 14960, 1896, 1897, 1908, 1909, 1918, 1950, 1956, 1974, 1976, 2009, 4541, 4637, 4677, 4679, 4686, 4697, 4702, 4707, 4719, 4728, 4750, 4765, 4772, 4799, 4831, 4859, 4862, 4876, 4889, 4898, 4946, 4966, 4976, 4979, 5077, 5082, 5095, 5109, 5120, 5125, 5213, 5219, 5390, 5419, 5447, 5780, 5794, 5847, 5849, 5858, 5895, 5905, 5906, 5923, 5925, 5926, 5960, 5962, 5983, 5984, 5991, 5992, 6003, 6005, 6009, 6014, 6033, 6073, 6093, 6117, 6131, 6147, 6179, 6224, 7077, 7078, 7088, 7148, 7166, 7210, 8330, 8336, 8338, 8341, 8498, 8509, 10051, 10100, 12345, 12366, 12367, 12434, 12595, 12599, 12686, 12759, 12879, 12884, 12894, 12929, 12942, 20674, 20841, 20933, 20971, 22981, 23256, 24324, 24362, 24370, 24402, 24404, 24501, 30631, 34623, 34646, 34675, 38606, 38660, 38668, 40532, 40551, 40610, 40611, 40624, 43920, 45083, 46184, 49526, 52482, 52821, 52822, 52829, 52833, 52879, 52888, 52896, 52901, 52968, 53016, 53019, 53022, 53031, 53041, 53063, 53077, 53314, 53369, 53375, 53412, 53423, 53568, 53575, 53584, 54094, 54102, 54244, 54274, 54346, 54389, 54425, 54428, 54449, 54628, 54651, 54686, 54704, 55528, 55534, 55538, 55554, 56573, 57773, 59510, 61215, 61541, 61557, 62924, 62977, 62981, 62984, 62997, 64103, 64145, 27662, 61245, 45108, 4618, 3294, 2050], "label": "commode"}, {"objectId": 17, "id": 17, "partId": 17, "index": 16, "dominantNormal": [0, -2.220446049250313e-16, 1], "obb": {"axesLengths": [1.2107870937006504, 0.4278699660032248, 0.7010573189995151], "centroid": [-1.2241157544626753, 0.9727834255805329, -1.0039350333675365], "normalizedAxes": [-0.020805221050977707, 0.9997835755348206, 2.2199654904016443e-16, 0, -2.220446049250313e-16, 1, 0.9997835755348206, 0.020805221050977707, 4.6196870886422896e-18]}, "segments": [53739, 8181, 10798, 56143, 10760, 56122, 54826, 17710, 20264, 48292, 17800, 10577, 56265, 11283, 10253, 11966, 55605, 55623, 15761, 55649, 55786, 56279, 15322, 11774, 10345, 15347, 10402, 54608, 10359, 15352, 54821, 54846, 56308, 55656, 10430, 10445, 54599, 11994, 55076, 10118, 11982, 11914, 11926, 54590, 10142, 54119, 53813, 53792, 8527, 8557, 7924, 7925, 7967, 7982, 53535, 9866, 54851, 17836, 11312, 8734, 53641, 8795, 53868, 8618, 53664, 8750, 53614, 8716, 8852, 9278, 53770, 9246, 53630, 53632, 8755, 53971, 9807, 9837, 9844, 9841], "label": "table"}, {"objectId": 18, "id": 18, "partId": 18, "index": 17, "dominantNormal": [0.7670730948448181, -0.6415597200393677, -1.4245487457195509e-16], "obb": {"axesLengths": [0.7958004797661523, 0.8399999549984939, 0.6166611306354989], "centroid": [-1.2433051753473496, 1.9870823532499837, -1.2100000278651715], "normalizedAxes": [0.6415597200393677, 0.7670730948448181, 1.703244422934387e-16, 0, -2.220446049250313e-16, 1, 0.7670730948448181, -0.6415597200393677, -1.4245487457195509e-16]}, "segments": [15510, 60543, 19489, 15923, 56737, 34242, 19278, 16629, 16580, 15469, 12342, 18167, 19311, 60786, 51736, 60730, 66802, 15396, 18139, 18148], "label": "stand"}, {"objectId": 19, "id": 19, "partId": 19, "index": 18, "dominantNormal": [0.13587817549705505, 0.990725576877594, 2.199852693069091e-16], "obb": {"axesLengths": [0.6219587055454967, 0.8400209954376293, 0.6237846415364781], "centroid": [-0.4875982643198007, 0.7719520602166025, -0.8288495224971435], "normalizedAxes": [0.13587816059589386, 0.990725576877594, 2.199852693069091e-16, 0, -2.220446049250313e-16, 1, 0.990725576877594, -0.13587816059589386, -3.017101248745521e-17]}, "segments": [63178, 63131, 63223, 4255, 52767, 7673, 45360, 55194, 13783, 55295, 45596, 45607, 3234, 14012, 55168, 60304, 9026, 63102, 3252, 13275, 20286, 45629, 13268, 55316, 2775, 4151, 14244, 13814, 2746, 2187, 2158, 2742, 4242, 4264, 12604, 12611, 12657, 13243, 38840, 45627, 45628, 52709, 52712, 52752, 52791, 55284, 55322, 55328, 63042, 63105, 9019], "label": "chair"}, {"objectId": 20, "id": 20, "partId": 20, "index": 19, "dominantNormal": [-0.05508647859096527, -0.9984815716743469, -2.217074461073547e-16], "obb": {"axesLengths": [1.358250895772544, 1.2399999222159397, 0.3174174766138125], "centroid": [0.03893957321968317, 2.4242345467531625, -0.030000047087669568], "normalizedAxes": [0.9984815716743469, -0.05508648231625557, -1.2231656202622691e-17, 0, -2.220446049250313e-16, 1, -0.05508648231625557, -0.9984815716743469, -2.217074461073547e-16]}, "segments": [64429, 64515, 44445, 42845, 41399, 44395, 64352, 35497, 35454, 41216, 47759, 39181, 44376, 39052, 45511, 40273, 44344, 34001, 33974, 35450, 37017, 36957, 47776, 47802, 35631, 35785, 33594, 60891, 37082, 64228, 35691, 33768, 60713, 37167, 37212, 37233, 37180, 60837, 40331, 44129, 40270, 44046, 44032, 17507, 17509, 17515, 17544, 33484, 33496, 33513, 33517, 33632, 33636, 33660, 33696, 33724, 33735, 33736, 33741, 33744, 33747, 33769, 33839, 33842, 33884, 33885, 33979, 34657, 34670, 35359, 35387, 35401, 35412, 35421, 35505, 35526, 35533, 35573, 35578, 35588, 35693, 35705, 35798, 36955, 37008, 37009, 37100, 37115, 37120, 37138, 37152, 37190, 37225, 39036, 40223, 40226, 40235, 40239, 40330, 40366, 40380, 40392, 40396, 40399, 40402, 40434, 40449, 41198, 41406, 41409, 41445, 41469, 43957, 43973, 43976, 43977, 44010, 44012, 44047, 44060, 44087, 44157, 44180, 44181, 44195, 44198, 44218, 44339, 45551, 47713, 48939, 48964, 48999, 56084, 60233, 60237, 60243, 60245, 60256, 60259, 60262, 60264, 60266, 60276, 60279, 60687, 60688, 60693, 60694, 60697, 60703, 60822, 60847, 60943, 60953, 61509, 61511, 61525, 62787, 62792, 62795, 62799, 62802, 62804, 62806, 62867, 62872, 63005, 63691, 64553, 64554, 64583, 64591, 47739], "label": "window"}, {"objectId": 21, "id": 21, "partId": 21, "index": 20, "dominantNormal": [-0.01289118081331253, -0.9999169111251831, -2.2202615548864893e-16], "obb": {"axesLengths": [1.55916109815623, 0.3827900204928958, 0.24745708125822427], "centroid": [0.009972714792247178, 2.266261714960585, 0.7386049295528605], "normalizedAxes": [0.9999169111251831, -0.01289118081331253, -2.8624171507091246e-18, 0, -2.220446049250313e-16, 1, -0.01289118081331253, -0.9999169111251831, -2.2202615548864893e-16]}, "segments": [35321, 48044, 31166, 44816, 35147, 41141, 48864, 45752], "label": "air conditioner"}, {"objectId": 22, "id": 22, "partId": 22, "index": 21, "dominantNormal": [-0.08613839000463486, -0.9962831735610962, -2.2121930366683e-16], "obb": {"axesLengths": [0.7067184088021581, 0.6827040162078135, 0.30058857185241517], "centroid": [0.016177814518087863, 2.220112180337412, -1.2686480167810323], "normalizedAxes": [0.9962831735610962, -0.08613839000463486, -1.9126564777457413e-17, 0, -2.220446049250313e-16, 1, -0.08613839000463486, -0.9962831735610962, -2.2121930366683e-16]}, "segments": [38052, 38268, 43653, 61176, 37999, 44707, 43686, 38056, 62450, 56414, 18470, 18458, 18576, 18494, 56437], "label": "heater"}, {"objectId": 23, "id": 23, "partId": 23, "index": 22, "dominantNormal": [-0.04490881413221359, -0.998991072177887, -2.2182057794537235e-16], "obb": {"axesLengths": [1.0264015272288358, 0.7990979969703106, 0.3431185801872761], "centroid": [1.2760714959002868, 2.0998816166403516, -1.2207910015257228], "normalizedAxes": [0.998991072177887, -0.04490881413221359, -9.97175989163903e-18, 0, -2.220446049250313e-16, 1, -0.04490881413221359, -0.998991072177887, -2.2182057794537235e-16]}, "segments": [268, 43796, 59778, 59789, 62731, 33005, 39831, 39869, 385, 61466, 39728, 58657, 59715, 59633, 32913, 57755, 25767, 25758, 39596, 6], "label": "nightstand"}, {"objectId": 24, "id": 24, "partId": 24, "index": 23, "dominantNormal": [-0.02119731903076172, -0.9997752904891968, -2.219947093904821e-16], "obb": {"axesLengths": [0.40244582931267436, 0.5348600029604134, 0.20742905791382124], "centroid": [0.2094051935747669, 0.02175855264757113, -1.3423300551102302], "normalizedAxes": [0.9997752904891968, -0.02119731903076172, -4.7067503296553334e-18, 0, -2.220446049250313e-16, 1, -0.02119731903076172, -0.9997752904891968, -2.219947093904821e-16]}, "segments": [16505, 62888, 43360, 43430, 43116, 3766, 9188, 43170, 8934, 62682], "label": "luggage"}, {"objectId": 25, "id": 25, "partId": 25, "index": 24, "dominantNormal": [0.9999375343322754, 0.0111777875572443, 2.4819674220842416e-18], "obb": {"axesLengths": [0.8262322061161902, 0.44000000268220874, 0.0733462220264375], "centroid": [-1.5416323543903894, 1.1629615707305387, 0.1099999578297135], "normalizedAxes": [-0.0111777875572443, 0.9999375343322754, 2.2203073476052002e-16, 0, -2.220446049250313e-16, 1, 0.9999375343322754, 0.0111777875572443, 2.4819674220842416e-18]}, "segments": [24067, 25163, 25291], "label": "picture"}, {"objectId": 26, "id": 26, "partId": 26, "index": 25, "dominantNormal": [0.9025219678878784, 0.43064388632774353, 9.56221516030239e-17], "obb": {"axesLengths": [0.538989247056119, 0.3999999970197678, 0.22925480328490255], "centroid": [-1.401284392883191, 0.7101306442004479, -0.6700000333786009], "normalizedAxes": [-0.43064385652542114, 0.9025219678878784, 2.0040013379582576e-16, 0, -2.220446049250313e-16, 1, 0.9025219678878784, 0.43064385652542114, 9.5622144985579e-17]}, "segments": [21365, 9597, 53950, 9482, 57235, 9619, 9113, 21327, 57264], "label": "monitor"}, {"objectId": 27, "id": 27, "partId": 27, "index": 26, "dominantNormal": [0, -2.220446049250313e-16, 1], "obb": {"axesLengths": [0.2945093712178707, 0.10178398858493587, 0.2678824719411205], "centroid": [-1.042718619005543, 0.630960516530691, -0.8191080375960169], "normalizedAxes": [0.9938908815383911, 0.11036741733551025, 2.4506489578859426e-17, 0, -2.220446049250313e-16, 1, 0.11036741733551025, -0.9938908815383911, -2.2068810812978315e-16]}, "segments": [9147, 54715, 60295, 9173], "label": "item"}, {"objectId": 28, "id": 28, "partId": 28, "index": 27, "dominantNormal": [0, -2.220446049250313e-16, 1], "obb": {"axesLengths": [0.3810640168350878, 0.2800000247359269, 0.41982535991453446], "centroid": [-1.2493747431153819, 1.3174928630149232, -0.7900000205636026], "normalizedAxes": [0.22318845987319946, 0.9747753143310547, 2.1644359956131225e-16, 0, -2.220446049250313e-16, 1, 0.9747753143310547, -0.22318845987319946, -4.955779339637078e-17]}, "segments": [11455, 11052, 56106, 11557, 11078, 54974], "label": "laptop"}, {"objectId": 29, "id": 29, "partId": 29, "index": 28, "dominantNormal": [0, -2.220446049250313e-16, 1], "obb": {"axesLengths": [0.36244520635103633, 0.2305279918642046, 0.2881115485655898], "centroid": [-1.4175957160090813, 1.4577328953730835, -0.7947360565199846], "normalizedAxes": [0.27687814831733704, 0.9609050154685974, 2.133637745302058e-16, 0, -2.220446049250313e-16, 1, 0.9609050154685974, -0.27687814831733704, -6.147929905549732e-17]}, "segments": [11532, 54913, 56231, 11372], "label": "box"}, {"objectId": 30, "id": 30, "partId": 30, "index": 29, "dominantNormal": [0, -2.220446049250313e-16, 1], "obb": {"axesLengths": [0.7045288173188103, 0.3220480012435911, 0.471937421103868], "centroid": [-1.368412068616749, 2.000587255627407, -0.8089760528733725], "normalizedAxes": [-0.27611029148101807, 0.9611259698867798, 2.1341283626669756e-16, 0, -2.220446049250313e-16, 1, 0.9611259698867798, 0.27611029148101807, 6.13088005876379e-17]}, "segments": [20928, 20840, 20966, 57084, 23097, 15076, 15085, 20442, 22793, 22833, 23204, 23251, 57367, 57369, 57371, 57429, 57432, 57214, 22879, 20585, 20988, 22808, 23318, 36254, 14998, 15080, 15108, 15170, 15211, 17623, 22847, 23287, 55640, 56973, 57439, 20406, 20432, 17614, 22865, 57047, 57477], "label": "printer"}, {"objectId": 31, "id": 31, "partId": 31, "index": 30, "dominantNormal": [0, -2.220446049250313e-16, 1], "obb": {"axesLengths": [0.3431072818761909, 0.08354997448138946, 0.18934949879576218], "centroid": [-1.0728629609134206, 1.7329840768277949, -0.8482250251272694], "normalizedAxes": [0.861261785030365, -0.5081615447998047, -1.1283452945316623e-16, 0, -2.220446049250313e-16, 1, -0.5081615447998047, -0.861261785030365, -1.9123853279409464e-16]}, "segments": [64794, 20637, 49182, 57017, 57019, 57022, 64800, 20665, 49191, 20713, 57077, 64731], "label": "item"}, {"objectId": 32, "id": 32, "partId": 32, "index": 31, "dominantNormal": [0.765768826007843, 0.6431159377098083, 1.4280042430976544e-16], "obb": {"axesLengths": [0.45797726300450176, 0.29658996395938164, 0.24018363545768615], "centroid": [-1.447120937721421, 0.6141665500223945, -1.4782950417333462], "normalizedAxes": [-0.6431159377098083, 0.765768826007843, 1.7003483643481654e-16, 0, -2.220446049250313e-16, 1, 0.765768826007843, 0.6431159377098083, 1.4280042430976544e-16]}, "segments": [6446, 6267, 6683, 6552, 6314, 6326, 6329, 6502, 6506, 6523, 6531, 6576, 6603, 53113, 53154, 53160, 53173, 53175, 53183, 58374, 53218, 6659], "label": "trash can"}, {"objectId": 33, "id": 33, "partId": 33, "index": 32, "dominantNormal": [0, -2.220446049250313e-16, 1], "obb": {"axesLengths": [0.34577625366656267, 0.14319002308271767, 0.16385475335013586], "centroid": [-1.268540753388227, 1.5943489327637608, -1.5784450286229323], "normalizedAxes": [0.769138514995575, 0.639082133769989, 1.4190473990760322e-16, 0, -2.220446049250313e-16, 1, 0.639082133769989, -0.769138514995575, -1.707830576948177e-16]}, "segments": [12251, 55808], "label": "socket"}, {"objectId": 34, "id": 34, "partId": 34, "index": 33, "dominantNormal": [0.7139778137207031, -0.7001683115959167, -1.5546859612934155e-16], "obb": {"axesLengths": [0.19798051720889517, 0.17684399686357377, 0.09354533266778046], "centroid": [1.1529054313271532, 2.167344104161262, -0.8015780139361772], "normalizedAxes": [0.7001683115959167, 0.7139778137207031, 1.5853492157285112e-16, 0, -2.220446049250313e-16, 1, 0.7139778137207031, -0.7001683115959167, -1.5546859612934155e-16]}, "segments": [39533, 65338, 39445, 39455], "label": "item"}, {"objectId": 35, "id": 35, "partId": 35, "index": 34, "dominantNormal": [0.5724850296974182, -0.8199151754379272, -1.820577412021523e-16], "obb": {"axesLengths": [0.3179880420528356, 0.4222749377278621, 0.2347845789398609], "centroid": [1.604989781229623, 2.1130182361942333, -0.740109533292588], "normalizedAxes": [0.8199151754379272, 0.5724850296974182, 1.2711721224465804e-16, 0, -2.220446049250313e-16, 1, 0.5724850296974182, -0.8199151754379272, -1.820577412021523e-16]}, "segments": [32671, 32713, 60014, 31425, 59969, 31371, 59574, 59994, 39415, 59991, 31437, 60068, 60101, 32816, 31486, 31498, 60191, 32897, 32749], "label": "lamp"}, {"objectId": 37, "id": 37, "partId": 37, "index": 35, "dominantNormal": [0.29765164852142334, -0.9546745419502258, -2.1198033149932312e-16], "obb": {"axesLengths": [0.11996987163891398, 0.19709801233340762, 0.08931667113598041], "centroid": [1.3417606828747046, 2.0367560378083365, -0.8314510267648623], "normalizedAxes": [0.9546745419502258, 0.29765164852142334, 6.609194270122372e-17, 0, -2.220446049250313e-16, 1, 0.29765164852142334, -0.9546745419502258, -2.1198033149932312e-16]}, "segments": [32947, 32752, 32946, 60183, 60163], "label": "item"}, {"objectId": 38, "id": 38, "partId": 38, "index": 36, "dominantNormal": [0, -2.220446049250313e-16, 1], "obb": {"axesLengths": [0.8642025448483107, 0.15162002701416544, 0.6236588622910701], "centroid": [1.4823938931065486, 1.7257677448783237, -1.1058100084406886], "normalizedAxes": [0.9011760354042053, -0.433453232049942, -9.624595166400729e-17, 0, -2.220446049250313e-16, 1, -0.433453232049942, -0.9011760354042053, -2.001012767492328e-16]}, "segments": [32452, 31840, 26863, 62115], "label": "pillow"}, {"objectId": 39, "id": 39, "partId": 39, "index": 37, "dominantNormal": [0, -2.220446049250313e-16, 1], "obb": {"axesLengths": [0.7544726515328573, 0.1638159715276366, 0.5175698014704035], "centroid": [0.8361294149928528, 1.7714366369267, -1.0801220164420755], "normalizedAxes": [0.981462299823761, 0.19165518879890442, 4.255600067868502e-17, 0, -2.220446049250313e-16, 1, 0.19165518879890442, -0.981462299823761, -2.1792840861317963e-16]}, "segments": [62164, 43674, 40833, 62100, 4370], "label": "pillow"}, {"objectId": 40, "id": 40, "partId": 40, "index": 38, "dominantNormal": [0.13143187761306763, -0.9913251996040344, -2.2011841229830563e-16], "obb": {"axesLengths": [0.4664612242675296, 1.0163589488783709, 0.3131694488047314], "centroid": [1.5452553912055038, -1.5912355595200318, -1.126110515532408], "normalizedAxes": [0.9913251996040344, 0.13143187761306763, 2.918373933914867e-17, 0, -2.220446049250313e-16, 1, 0.13143187761306763, -0.9913251996040344, -2.2011841229830563e-16]}, "segments": [13516, 12195, 13144, 7601, 13684, 13183, 13590, 13416, 13743, 29641, 55225, 59451, 59463, 29647], "label": "guitar"}, {"objectId": 41, "id": 41, "partId": 41, "index": 39, "dominantNormal": [0, -2.220446049250313e-16, 1], "obb": {"axesLengths": [0.29327807919593235, 0.12909996220991093, 0.22910474569935424], "centroid": [1.193950356604777, -2.2746720697907796, -1.585450004738942], "normalizedAxes": [-0.1581013947725296, 0.9874228835105896, 2.1925192406304408e-16, 0, -2.220446049250313e-16, 1, 0.9874228835105896, 0.1581013947725296, 3.5105561740362746e-17]}, "segments": [9328, 53311, 9353], "label": "dumbbells"}, {"objectId": 42, "id": 42, "partId": 42, "index": 40, "dominantNormal": [0.9834762811660767, 0.1810370534658432, 4.0198301013614923e-17], "obb": {"axesLengths": [0.12437193023436938, 0.13281599135363115, 0.08425396704044659], "centroid": [0.7697561752911276, -1.9932755520860956, -0.19064103944656985], "normalizedAxes": [-0.1810370534658432, 0.9834762811660767, 2.183756023046605e-16, 0, -2.220446049250313e-16, 1, 0.9834762811660767, 0.1810370534658432, 4.0198301013614923e-17]}, "segments": [10011, 10047], "label": "candle"}, {"objectId": 43, "id": 43, "partId": 43, "index": 41, "dominantNormal": [0.9605334401130676, -0.27816447615623474, -6.176492121228943e-17], "obb": {"axesLengths": [0.25589920331163557, 0.25441799489219485, 0.21836180770377434], "centroid": [0.5764102355661382, -2.1250631486036426, -0.27064304380171733], "normalizedAxes": [0.27816447615623474, 0.9605334401130676, 2.1328126822718732e-16, 0, -2.220446049250313e-16, 1, 0.9605334401130676, -0.27816447615623474, -6.176492121228943e-17]}, "segments": [62007, 46379, 62060], "label": "item"}, {"objectId": 44, "id": 44, "partId": 44, "index": 42, "dominantNormal": [0.9992887377738953, 0.03771008923649788, 8.373321866205847e-18], "obb": {"axesLengths": [0.12348231158766919, 0.28482169393848555, 0.04900185678465481], "centroid": [0.21158373486012028, -2.1717251813398604, -0.17856819156032455], "normalizedAxes": [-0.03771008923649788, 0.9992887377738953, 2.2188667298503778e-16, 0, -2.220446049250313e-16, 1, 0.9992887377738953, 0.03771008923649788, 8.373321866205847e-18]}, "segments": [49784, 49807, 49605], "label": "item"}], "scan_id": "7747a506-9431-24e8-87d9-37a5654d41f4", "annId": "2904", "appId": "stk.v1"}