{"segGroups": [{"objectId": 1, "id": 1, "partId": 1, "index": 0, "dominantNormal": [0, -2.220446049250313e-16, 1], "obb": {"axesLengths": [7.01719771442308, 0.24969994463697243, 5.316219858992018], "centroid": [1.2478052686951344, 0.3507429734674772, -1.130399986049533], "normalizedAxes": [0.9625821709632874, -0.2709900140762329, -6.017187061418581e-17, 0, -2.220446049250313e-16, 1, -0.2709900140762329, -0.9625821709632874, -2.1373617785942208e-16]}, "segments": [89989, 24788, 131841, 57465, 3196, 3198, 4600, 5098, 14020, 15560, 15614, 15636, 17594, 17643, 17648, 18095, 25956, 35495, 38001, 38004, 38737, 39326, 39337, 39689, 40161, 40181, 40201, 40226, 40290, 43039, 43751, 43760, 44194, 44224, 44253, 44275, 46734, 46756, 49715, 51404, 52181, 60272, 71116, 71258, 79749, 80285, 80325, 80347, 83405, 85051, 102159, 103078, 104576, 105022, 105071, 109292, 109737, 110517, 110520, 121169, 122103, 122202, 122556, 122657, 133006, 92741, 67979, 425, 4813, 5257, 11109, 11391, 11832, 11833, 18039, 36520, 36530, 36538, 36565, 36576, 36724, 36984, 36986, 37063, 37092, 37111, 37123, 38227, 38556, 39652, 39726, 39736, 39891, 39930, 39950, 39976, 39981, 39999, 40018, 40031, 40135, 40146, 41432, 41493, 41501, 41503, 41539, 43773, 44635, 44670, 44677, 44695, 44954, 44957, 45278, 45279, 45284, 45297, 45301, 45327, 45330, 45331, 45632, 46873, 47907, 48090, 48154, 48779, 49576, 49590, 51440, 51466, 51505, 51631, 63335, 66785, 66789, 67990, 68224, 68226, 80227, 85437, 85687, 85691, 85873, 94115, 101842, 108731, 108771, 108812, 109587, 109590, 109609, 110590, 110632, 110757, 110761, 110773, 110816, 110912, 110915, 110920, 110928, 111468, 112451, 115985, 117245, 117253, 117265, 122663, 122665, 122688, 122690, 133184, 34253, 51485, 15498, 15901, 15943, 43833, 45595, 51316, 51320, 51326, 63284, 63387, 67311, 112431, 115990, 115992, 15476, 81261, 38221, 43969, 70000, 33675, 49665, 132776], "label": "floor"}, {"objectId": 2, "id": 2, "partId": 2, "index": 1, "dominantNormal": [0.8591001033782959, -0.5118075609207153, -1.1364410766228413e-16], "obb": {"axesLengths": [0.6327133581473041, 0.8349599949651954, 0.573675610277721], "centroid": [2.7751728640732556, 0.21008502454384026, -0.7474800125327703], "normalizedAxes": [0.5118075609207153, 0.8591001033782959, 1.9075854304568727e-16, 0, -2.220446049250313e-16, 1, 0.8591001033782959, -0.5118075609207153, -1.1364410766228413e-16]}, "segments": [33357, 33469, 33100, 33120, 42204, 108327, 14217, 32742, 14221, 14275, 32709, 32713, 32747, 33024, 33034, 33048, 33383, 33485, 34428, 34442, 108123, 108182, 108214, 108216, 108306, 108309, 108487, 110111, 32698, 33067, 108656], "label": "chair"}, {"objectId": 3, "id": 3, "partId": 3, "index": 2, "dominantNormal": [0, -2.220446049250313e-16, 1], "obb": {"axesLengths": [1.1222050638754177, 0.7027190170574404, 1.08865965706439], "centroid": [3.6441617638004984, -0.27327365713092033, -0.7749005178011836], "normalizedAxes": [0.9802637100219727, 0.19769436120986938, 4.389696633075188e-17, 0, -2.220446049250313e-16, 1, 0.19769436120986938, -0.9802637100219727, -2.1766226821417437e-16]}, "segments": [42376, 3260, 3261, 35879, 70182, 34971, 34614, 67366, 40858, 44348, 46382, 66605], "label": "table"}, {"objectId": 4, "id": 4, "partId": 4, "index": 3, "dominantNormal": [0.9346914291381836, -0.3554602265357971, -7.89280255677032e-17], "obb": {"axesLengths": [4.259304245101764, 2.2799999204278, 0.22744659413197724], "centroid": [4.781399017042198, -1.2812199609040595, 0.1499999634921556], "normalizedAxes": [0.35546019673347473, 0.9346914291381836, 2.0754318910980087e-16, 0, -2.220446049250313e-16, 1, 0.9346914291381836, -0.35546019673347473, -7.89280189502583e-17]}, "segments": [60435, 80997, 57743, 58885, 58695, 20327, 35893, 35907, 35936, 37054, 40318, 40410, 40770, 41286, 41317, 41320, 42187, 42191, 46040, 46073, 46074, 46454, 46475, 46482, 48379, 50035, 51696, 52336, 52337, 52338, 56131, 56258, 58736, 58791, 60731, 60766, 60818, 60939, 60948, 60997, 61035, 61048, 62515, 84011, 94979, 109740, 111987, 111991, 125205, 77129, 76793, 64884, 52772], "label": "wall"}, {"objectId": 5, "id": 5, "partId": 5, "index": 4, "dominantNormal": [0, -2.220446049250313e-16, 1], "obb": {"axesLengths": [7.99591797582438, 3.0600000084936614, 5.7708850449688684], "centroid": [1.3782110142417945, 0.2717380580289722, 1.6399999918788661], "normalizedAxes": [0.981366753578186, -0.19214390218257904, -4.2664516848884624e-17, 0, -2.220446049250313e-16, 1, -0.19214390218257904, -0.981366753578186, -2.1790719308482887e-16]}, "segments": [19212, 41013, 16757, 1937, 104300, 71293, 22530, 43124, 116365, 115611, 115670, 58, 81, 93, 1828, 2252, 2354, 2753, 3096, 3506, 4138, 4795, 4818, 4846, 4875, 5184, 5264, 5401, 7111, 7212, 7730, 7828, 8091, 10494, 10664, 13477, 13953, 13957, 13959, 14003, 16526, 16689, 16693, 16710, 20454, 20797, 20831, 20862, 20921, 20937, 21799, 21836, 22635, 22659, 23053, 23073, 23151, 23167, 23196, 23974, 24866, 24878, 24996, 25005, 25008, 25897, 26473, 26499, 26748, 26854, 26899, 27940, 28084, 28093, 28204, 29137, 29138, 29189, 29191, 29195, 29196, 29217, 29276, 29324, 29470, 29615, 30042, 30068, 30098, 30139, 30144, 40458, 40931, 40949, 40995, 41014, 42912, 47303, 58393, 59963, 61390, 61517, 61533, 61733, 61735, 61761, 61913, 61990, 62014, 62015, 62024, 62570, 64296, 70611, 70651, 71160, 75487, 99706, 99709, 102533, 102539, 102543, 102546, 102570, 102880, 102882, 102884, 102945, 104025, 104027, 104029, 105642, 105646, 106034, 106040, 106042, 106342, 106735, 106827, 107032, 107426, 107430, 107441, 107497, 107499, 107501, 107509, 107603, 107605, 107608, 107619, 107621, 107624, 109812, 109820, 114731, 115382, 115386, 116002, 116004, 119292, 119294, 129877, 8363, 79528, 73761, 74207, 12348, 64383, 116200, 121473, 121649, 83194, 107645, 32177, 5955, 5986, 8799, 15235, 16479, 16500, 21539, 21781, 24450, 27932, 28601, 28900, 29368, 29550, 29670, 31445, 32659, 32794, 41604, 41605, 63212, 63965, 64279, 64347, 64358, 64389, 64409, 64417, 64477, 64488, 72595, 74136, 74149, 74186, 74325, 74328, 74346, 74348, 74367, 74368, 74398, 74582, 75272, 75277, 83015, 83433, 83579, 83646, 83658, 88060, 88062, 89848, 89880, 94848, 94868, 94871, 94878, 94880, 94886, 94887, 98645, 100205, 100221, 101467, 115575, 115576, 119154, 119156, 119158, 121645, 126357, 128532, 130020, 130022, 130025, 131693, 131739, 63418, 61404, 15255, 15278, 15269, 16491, 68313, 65215, 130279, 9124, 98019, 46256, 130339, 20219, 38267, 67020, 120474, 120448, 120417, 20262, 28539, 32498, 34826, 37950, 38088, 41727, 44355, 44446, 47260, 49473, 49675, 49699, 49792, 49795, 49833, 50255, 50370, 50385, 50486, 50518, 50550, 50583, 50595, 50657, 50679, 50716, 50770, 50942, 51371, 51378, 51551, 51582, 52194, 52205, 53000, 53964, 55207, 61607, 75764, 75767, 75772, 77213, 77303, 77316, 77335, 78181, 88572, 88870, 88897, 89884, 90062, 92025, 97021, 108201, 111258, 111281, 111331, 111337, 113146, 119309, 119820, 123657, 123666, 123681, 124393, 124397, 35019, 920, 3283, 486, 61822, 3485, 63596, 62974, 62083, 60585, 133514, 98956, 94331, 100035, 100347, 31763, 52561, 100540, 115859, 52519, 63551, 63033, 61572, 75589, 58004, 99376, 115578, 5609, 131722, 101585], "label": "ceiling"}, {"objectId": 6, "id": 6, "partId": 6, "index": 5, "dominantNormal": [-0.2780736982822418, -0.9605597257614136, -2.132871048135895e-16], "obb": {"axesLengths": [1.7602684121852643, 2.2319299675837905, 0.8751959753418963], "centroid": [0.7591270818334426, -1.6544115110236288, -0.09690500020448134], "normalizedAxes": [0.9605597257614136, -0.2780736982822418, -6.174476447512274e-17, 0, -2.220446049250313e-16, 1, -0.2780736982822418, -0.9605597257614136, -2.132871048135895e-16]}, "segments": [39074, 39071, 27330, 109346, 106091, 130684, 103401, 7026, 6962, 7428, 121219, 1092, 1104, 74861, 70298, 115827, 23285, 102768, 10184, 5691, 80261, 129796, 123797, 980, 992, 1057, 1082, 1084, 1112, 1113, 1213, 1217, 1218, 1233, 1240, 1252, 1289, 1355, 1408, 1410, 1431, 1436, 1483, 1499, 1515, 1527, 1539, 1542, 1566, 1576, 1577, 1581, 1591, 1614, 1670, 1694, 5729, 5730, 5732, 5800, 5804, 5809, 5816, 5821, 5828, 5994, 7006, 7020, 7025, 7040, 7092, 7115, 7129, 7389, 8172, 8200, 8209, 8245, 8253, 8296, 8465, 8467, 9101, 9117, 9735, 10246, 10295, 10501, 10548, 10583, 20722, 22734, 22908, 22943, 22950, 23270, 23387, 23513, 23564, 23649, 23749, 24056, 24168, 25022, 25052, 25841, 25868, 25931, 26363, 26948, 26967, 27026, 27031, 27037, 27041, 27050, 27080, 27086, 27089, 27126, 27128, 27137, 27143, 27462, 27470, 27723, 27749, 27815, 27818, 27992, 28327, 28381, 28460, 28733, 28812, 28843, 28935, 28942, 29127, 29152, 29219, 29224, 29767, 29843, 30145, 30217, 30342, 30382, 30530, 41106, 41241, 43155, 43171, 69161, 69227, 69286, 69302, 69313, 69366, 69414, 69540, 69560, 69608, 69652, 69667, 69915, 69942, 70088, 70112, 70180, 70455, 70481, 70606, 74781, 77466, 77476, 77487, 77540, 77550, 77594, 77614, 77665, 77693, 77754, 77833, 78223, 78499, 78547, 79040, 79075, 79084, 79591, 79635, 79639, 79643, 79655, 79675, 79764, 79766, 79973, 80441, 80451, 80496, 80533, 80652, 80663, 80676, 80688, 80694, 80760, 80770, 80799, 80814, 86399, 86407, 86423, 86425, 87999, 88263, 88287, 88394, 88402, 88695, 88789, 89245, 89293, 89325, 89338, 89355, 89410, 89425, 89453, 90408, 90411, 90456, 90480, 90580, 90582, 91295, 91309, 91327, 91334, 91347, 91356, 91359, 91366, 91367, 91382, 91401, 91407, 91420, 91428, 91441, 91462, 91907, 91925, 91934, 94470, 94481, 94492, 94524, 94564, 99360, 99572, 99685, 99689, 100626, 100649, 100664, 100690, 100735, 100774, 100853, 100857, 100877, 100879, 100917, 100919, 100951, 101012, 101029, 101042, 101082, 101087, 101855, 102611, 102616, 102660, 102694, 102728, 102751, 102756, 102813, 102839, 102841, 102878, 103207, 103361, 103452, 103453, 103462, 103852, 105664, 105717, 105752, 106048, 106102, 106130, 106162, 106804, 106829, 106831, 106836, 106886, 106900, 106933, 107017, 107033, 107063, 107121, 107126, 107129, 107535, 107538, 109880, 109924, 109932, 109942, 109960, 109962, 110267, 117298, 117362, 117366, 117442, 117462, 120521, 120524, 120544, 120550, 120554, 120580, 120582, 120595, 120620, 120714, 120718, 120857, 120904, 120908, 120910, 120924, 121189, 121267, 121299, 121306, 121347, 121352, 121369, 121404, 122751, 123424, 123510, 123719, 123750, 123829, 123855, 123875, 124030, 124041, 124044, 124106, 124146, 124150, 124159, 124402, 124404, 124407, 124409, 124417, 124537, 124582, 126274, 126288, 129774, 129807, 129813, 129822, 129826, 129837, 130486, 130495, 130501, 130507, 130511, 130579, 130586, 130595, 130596, 130601, 130610, 130617, 130619, 130668, 130841, 130963, 133751, 133805, 133820, 27990, 106940, 9573, 85508, 85608, 9546, 9397, 10020, 8628, 9821, 9723, 103986, 9683, 10446, 7848, 7960, 130760, 85373, 103675, 83602, 8988, 9915, 10601, 10212, 84233, 95605, 29772, 22614, 22572, 106281, 22977, 22550, 107393, 41385, 1514, 3379, 27151, 27129, 106769, 30131, 30510, 994, 28767, 3444, 3390, 107043, 3413, 30669, 23184, 3357, 28347, 130921, 22745, 98275], "label": "shelf"}, {"objectId": 7, "id": 7, "partId": 7, "index": 6, "dominantNormal": [-0.33099472522735596, -0.9436326026916504, -2.0952852845904655e-16], "obb": {"axesLengths": [2.4155502876176387, 2.680000006854532, 0.15242121463836572], "centroid": [-0.488419598756646, -1.6050506663712416, 0.14999996349215539], "normalizedAxes": [0.9436326026916504, -0.33099472522735596, -7.349559299537755e-17, 0, -2.220446049250313e-16, 1, -0.33099472522735596, -0.9436326026916504, -2.0952852845904655e-16]}, "segments": [44258, 125739, 1005, 30303, 968, 974, 1031, 2953, 4516, 23364, 23773, 24064, 24139, 27097, 27174, 27178, 27956, 28363, 28374, 29605, 29736, 53681, 68303, 77475, 77490, 87981, 88006, 88380, 88419, 106846, 106870, 109902, 109913, 125924, 4495], "label": "wall"}, {"objectId": 8, "id": 8, "partId": 8, "index": 7, "dominantNormal": [-0.30679547786712646, -0.9517754912376404, -2.1133661292918946e-16], "obb": {"axesLengths": [1.204770508962065, 2.0799999964237204, 0.10206122246708224], "centroid": [-0.9476794941393645, -1.448981258875148, -0.1700000222027298], "normalizedAxes": [0.9517754912376404, -0.30679547786712646, -6.812228067579228e-17, 0, -2.220446049250313e-16, 1, -0.30679547786712646, -0.9517754912376404, -2.1133661292918946e-16]}, "segments": [4651, 58658, 2050], "label": "door"}, {"objectId": 9, "id": 9, "partId": 9, "index": 8, "dominantNormal": [-0.49647197127342224, -0.8680527806282043, -1.927464367286645e-16], "obb": {"axesLengths": [1.7463442914947367, 2.5113899146454783, 1.0679895871903105], "centroid": [-2.0184805861348, -0.6914960475937573, 0.040644993097074034], "normalizedAxes": [0.8680527806282043, -0.49647194147109985, -1.1023891610031363e-16, 0, -2.220446049250313e-16, 1, -0.49647194147109985, -0.8680527806282043, -1.927464367286645e-16]}, "segments": [78034, 75840, 78259, 96440, 97523, 77622, 78965, 96387, 92558, 89516, 90101, 90029, 54911, 54918, 55210, 55278, 55298, 55299, 56994, 66054, 66327, 66491, 74489, 75706, 78142, 78182, 78365, 79027, 79065, 79483, 88483, 89112, 89138, 89144, 89156, 89168, 89559, 90018, 90050, 90087, 90091, 90217, 90242, 90258, 90264, 90285, 90309, 90316, 90683, 91047, 91606, 91607, 91731, 91741, 91761, 91765, 91788, 92490, 93900, 93934, 95537, 96495, 96564, 96604, 96672, 96762, 97520, 97596, 101614, 102304, 113244, 119302, 119555, 123615, 123628, 123630, 123650, 123703, 123982, 124238, 124250, 124260, 124264, 124513, 124516, 124523, 124532, 126141, 126800, 126914, 126974, 127817, 127823, 127894, 131460, 133874, 133960, 89742, 126578, 133989, 100415, 92891, 134016, 102400, 88969, 92399, 89611, 91136, 99040, 86340, 71803, 99124, 71990, 71614, 72670, 71320, 71651, 58425, 57433, 71800, 71479, 695, 4682, 19199, 21087, 29950, 30195, 30375, 40059, 42555, 45248, 47268, 57865, 57930, 57945, 58102, 58135, 58187, 58229, 58317, 58355, 62182, 62220, 62353, 62355, 62511, 62512, 62896, 63034, 63165, 63253, 63298, 65639, 65841, 71435, 71438, 71455, 71490, 71584, 71639, 71831, 71867, 72024, 72106, 72115, 72144, 72150, 72162, 72208, 72234, 72701, 72707, 72728, 72756, 72785, 72824, 72865, 72874, 72937, 72952, 73018, 74685, 74708, 74789, 74888, 75025, 75053, 75062, 75089, 75507, 88656, 89021, 89052, 89099, 89602, 89631, 91162, 91488, 91494, 91504, 91512, 91516, 91535, 91552, 91557, 91587, 91600, 91639, 91645, 91663, 91985, 92060, 92064, 92096, 92141, 92279, 92312, 92330, 92828, 92840, 92861, 92878, 92906, 94001, 95026, 95369, 97806, 98089, 98187, 98354, 98432, 98494, 98504, 100494, 100501, 101207, 101430, 102525, 102528, 102592, 114250, 114908, 114932, 118570, 118577, 118704, 118728, 118736, 118872, 118879, 118890, 118899, 118900, 118928, 119194, 119212, 119219, 123833, 124268, 124272, 124435, 124441, 124652, 124657, 124689, 124706, 124747, 124800, 124817, 124883, 126536, 126540, 128463, 128473, 128534, 128553, 128597, 128632, 128728, 128822, 129725, 129756, 130403, 131416, 131452, 134032, 134038, 5132], "label": "shelf"}, {"objectId": 10, "id": 10, "partId": 10, "index": 9, "dominantNormal": [0.9368696808815002, -0.34967875480651855, -7.76442809616903e-17], "obb": {"axesLengths": [3.9865115703089433, 2.4999999441206455, 0.37175533166404295], "centroid": [-2.17700144131494, 1.0665936469249528, 0.05999993212521226], "normalizedAxes": [0.34967875480651855, 0.9368696808815002, 2.0802685815757288e-16, 0, -2.220446049250313e-16, 1, 0.9368696808815002, -0.34967875480651855, -7.76442809616903e-17]}, "segments": [82284, 57302, 37207, 128504, 24508, 24530, 24656, 24934, 39991, 40016, 57327, 59318, 61000, 65193, 74958, 76477, 76509, 76752, 77055, 77065, 77095, 77381, 83914, 88617, 94176, 94198, 94291, 98042, 98070, 98112, 98167, 98278, 116109, 116111, 120508, 123598, 128468, 128472, 128530, 131379, 83853, 87952, 18059, 18928, 19401, 19912, 20046, 44996, 57767, 59292, 65549, 74105, 74162, 78795, 81135, 83205, 84586, 85313, 85315, 85331, 85359, 85524, 85591, 85607, 87074, 87129, 87145, 87205, 87508, 87612, 88165, 88479, 93895, 93950, 94203, 94206, 95929, 96049, 96072, 96097, 97724, 104783, 104983, 105019, 105057, 110144, 123369, 123552, 124912, 126086, 126121, 126759, 127932, 95147, 76018, 85349, 87552, 93751, 93761, 96034, 96076, 100259, 119381, 128064, 47221], "label": "wall"}, {"objectId": 11, "id": 11, "partId": 11, "index": 10, "dominantNormal": [0.9151589870452881, -0.4030930995941162, -8.950464804738183e-17], "obb": {"axesLengths": [1.19414258342752, 0.5800000001490113, 0.2771657011966636], "centroid": [-1.7177722712701344, 2.276089729315252, 0.4399999933689829], "normalizedAxes": [0.4030930697917938, 0.9151589870452881, 2.0320611572206284e-16, 0, -2.220446049250313e-16, 1, 0.9151589870452881, -0.4030930697917938, -8.950464142993693e-17]}, "segments": [111496, 49033, 14195, 110584, 46711, 74220, 54693, 74320, 41299, 41338, 41392, 48931, 51031, 46726, 111721, 51914, 54719, 74224, 46638, 47134, 48988, 13573, 19441, 47035, 48621, 48702, 48705, 48716, 48952, 49128, 51262, 69951, 110522, 110544, 111046, 111088, 111118, 131364, 75742], "label": "shelf"}, {"objectId": 12, "id": 12, "partId": 12, "index": 11, "dominantNormal": [0.940829873085022, -0.33887919783592224, -7.524629760078888e-17], "obb": {"axesLengths": [1.7786602806589484, 2.1399999974668016, 0.24183978067139844], "centroid": [-2.1258420816587096, 0.7912985110678262, -0.1400000216811892], "normalizedAxes": [0.33887919783592224, 0.940829873085022, 2.0890619747083105e-16, 0, -2.220446049250313e-16, 1, 0.940829873085022, -0.33887919783592224, -7.524629760078888e-17]}, "segments": [130076, 53463, 87362, 74277, 74682, 21384, 16231, 14399, 56439, 21084, 21110, 86578, 122776, 122799, 83319, 20413, 105009], "label": "wardrobe"}, {"objectId": 13, "id": 13, "partId": 13, "index": 12, "dominantNormal": [0.9917279481887817, -0.1283576786518097, -2.850113004533521e-17], "obb": {"axesLengths": [0.33202355483786955, 0.5673659317039115, 0.16661564358468328], "centroid": [-1.8274850196474697, -0.3661658411556555, -0.7663169723082265], "normalizedAxes": [0.1283576637506485, 0.9917279481887817, 2.2020784044868996e-16, 0, -2.220446049250313e-16, 1, 0.9917279481887817, -0.1283576637506485, -2.850112673661276e-17]}, "segments": [82366, 98368, 101445], "label": "object"}, {"objectId": 14, "id": 14, "partId": 14, "index": 13, "dominantNormal": [0, -2.220446049250313e-16, 1], "obb": {"axesLengths": [2.2714605537468953, 1.0624200017209344, 1.0719258619766332], "centroid": [4.077529867639299, 0.6974093302436407, -0.6412100071189551], "normalizedAxes": [0.9455306529998779, -0.32553303241729736, -7.22828535731462e-17, 0, -2.220446049250313e-16, 1, -0.32553303241729736, -0.9455306529998779, -2.0994998028986476e-16]}, "segments": [43276, 53931, 46325, 113194, 48627, 113100, 50957, 113310, 53765, 53531, 63916, 65009, 36625, 28285, 33335, 48439, 48415, 48327, 111517, 110134, 43872, 111036, 43268, 28916, 33412, 33502, 36409, 36431, 36439, 36596, 36598, 38945, 38992, 38999, 42240, 43211, 43212, 43868, 43870, 46178, 46185, 46231, 46282, 46335, 46958, 48182, 48194, 48228, 48269, 48273, 48274, 48276, 48720, 48801, 49046, 49550, 50963, 50993, 51014, 51038, 51054, 51713, 51771, 51785, 51796, 51809, 51839, 51904, 51911, 51920, 51935, 51954, 51981, 52029, 52113, 53300, 53368, 53375, 53396, 53780, 53809, 53825, 53893, 53897, 59097, 62305, 62849, 63738, 63751, 63769, 63798, 63831, 63948, 106719, 108738, 108741, 108765, 110470, 111015, 111244, 112254, 112483, 112486, 112536, 112539, 112548, 112567, 112625, 113382, 113397, 113841, 113860, 113887, 114583, 116104, 116118, 116134, 43942, 109299, 46972, 63854, 62745, 53520, 50905, 53973, 53939, 49094, 49540, 60473], "label": "sofa"}, {"objectId": 15, "id": 15, "partId": 15, "index": 14, "dominantNormal": [-0.3387540578842163, -0.9408749341964722, -2.089162030475205e-16], "obb": {"axesLengths": [2.4382756966938453, 0.8441419561771608, 0.12112861547760614], "centroid": [4.382902216216137, 1.0914297096323553, -0.21207099865218249], "normalizedAxes": [0.9408749341964722, -0.3387540876865387, -7.52185175670969e-17, 0, -2.220446049250313e-16, 1, -0.3387540876865387, -0.9408749341964722, -2.089162030475205e-16]}, "segments": [53672], "label": "wall"}, {"objectId": 17, "id": 17, "partId": 17, "index": 15, "dominantNormal": [-0.3657125234603882, -0.9307278394699097, -2.0666309540782405e-16], "obb": {"axesLengths": [2.1277528319753456, 1.5199999469518666, 0.3456656393968792], "centroid": [2.5934515289114817, 2.8061241575928384, 0.36999998718500127], "normalizedAxes": [0.9307278394699097, -0.3657125234603882, -8.120449278789814e-17, 0, -2.220446049250313e-16, 1, -0.3657125234603882, -0.9307278394699097, -2.0666309540782405e-16]}, "segments": [110735, 110721, 44502, 32013, 20984, 70464, 24378, 24303, 120761, 30888, 31502, 31496, 31487, 25712, 28608, 107206, 27852, 27890, 24676, 26870, 27248, 23288, 22026, 29560, 26121, 20738, 20745, 20750, 21996, 22044, 24077, 24108, 24127, 24176, 24254, 24259, 24310, 24324, 24685, 24827, 24841, 25349, 25361, 25391, 25689, 25732, 25807, 25822, 26066, 26244, 26298, 26545, 26602, 26627, 27214, 27256, 27285, 27311, 27319, 27341, 27556, 27591, 27675, 27914, 28277, 28288, 28569, 28587, 29558, 29559, 29576, 30972, 30978, 30980, 31139, 31166, 31508, 31521, 31524, 31989, 44472, 44476, 44478, 44512, 45062, 58601, 70403, 70408, 70424, 74870, 74884, 74910, 106097, 106113, 106158, 106171, 106174, 106251, 106561, 106563, 106566, 106571, 106599, 106603, 106648, 106982, 107202, 107714, 114275, 114300, 118451, 21142, 25781, 31266, 58588, 106681, 107716, 107825, 23297], "label": "window"}, {"objectId": 18, "id": 18, "partId": 18, "index": 16, "dominantNormal": [-0.35595524311065674, -0.9345030188560486, -2.075013536231404e-16], "obb": {"axesLengths": [2.865512386807378, 1.0539319875702557, 0.22521380001818214], "centroid": [-0.1489978875836444, 2.732975637613057, -0.3369660097293703], "normalizedAxes": [0.9345030188560486, -0.35595521330833435, -7.903793471005435e-17, 0, -2.220446049250313e-16, 1, -0.35595521330833435, -0.9345030188560486, -2.075013536231404e-16]}, "segments": [5639, 85178, 55490, 16015, 16462, 16517, 63388, 63906, 63962, 71204, 71461, 89667, 92605, 93234, 125931, 83701, 84693, 84450, 82083, 72159, 63795], "label": "wall"}, {"objectId": 20, "id": 20, "partId": 20, "index": 17, "dominantNormal": [0.937772274017334, -0.34725087881088257, -7.710518419543235e-17], "obb": {"axesLengths": [2.3710318980802274, 2.219999919384719, 0.1098728068960238], "centroid": [1.1504951607277998, 2.1184765854157424, 0.5399999702721838], "normalizedAxes": [0.34725087881088257, 0.937772274017334, 2.0822727409382713e-16, 0, -2.220446049250313e-16, 1, 0.937772274017334, -0.34725087881088257, -7.710518419543235e-17]}, "segments": [94920, 4548, 3003, 627, 636, 3720, 7518, 7571, 7588, 19429, 37758, 100732, 100806, 103184, 103187, 108695, 130353, 38341], "label": "wall"}, {"objectId": 21, "id": 21, "partId": 21, "index": 18, "dominantNormal": [-0.4017159938812256, -0.915764331817627, -2.0334052926288025e-16], "obb": {"axesLengths": [2.229362513126468, 2.5041499770250164, 0.2826581146745739], "centroid": [2.5237509003230962, 2.7042662423953914, 0.04390494986090898], "normalizedAxes": [0.915764331817627, -0.4017159938812256, -8.919886915342303e-17, 0, -2.220446049250313e-16, 1, -0.4017159938812256, -0.915764331817627, -2.0334052926288025e-16]}, "segments": [39597, 109459, 109543, 109518, 26275, 109507, 107747, 25772, 107784, 26682, 58634, 106578, 24460, 30678, 33622], "label": "wall"}, {"objectId": 22, "id": 22, "partId": 22, "index": 19, "dominantNormal": [0, -2.220446049250313e-16, 1], "obb": {"axesLengths": [1.9795619329890792, 1.0241980174735628, 1.3274586131923092], "centroid": [1.1052654617176105, 1.983149661849598, -0.6979010116778086], "normalizedAxes": [0.9411224126815796, -0.3380659818649292, -7.5065727381791e-17, 0, -2.220446049250313e-16, 1, -0.3380659818649292, -0.9411224126815796, -2.0897115430997361e-16]}, "segments": [11524, 129056, 7504, 7602, 82751, 123125, 102110, 12118, 6450, 6530, 6591, 6675, 6726, 6732, 6770, 7446, 7681, 7688, 7813, 7824, 10328, 10330, 11385, 11510, 12120, 12128, 12600, 12662, 15081, 15090, 15093, 15127, 15376, 15380, 16120, 16135, 16156, 16299, 17163, 17319, 17813, 17899, 18084, 18203, 18224, 18255, 18279, 18311, 18354, 22079, 72573, 72603, 72727, 72855, 72956, 72977, 73265, 73282, 73319, 73328, 73346, 73362, 73371, 73376, 73392, 73418, 73428, 76173, 76250, 82362, 82384, 82398, 82594, 82631, 82745, 82748, 83650, 83651, 83704, 83737, 83771, 86824, 87651, 87672, 87694, 87706, 87806, 87815, 87831, 88320, 103235, 103237, 103270, 103274, 103276, 103281, 103309, 103312, 103326, 103379, 103381, 103388, 104217, 104716, 104768, 104891, 105027, 105062, 105078, 105089, 105118, 105127, 105134, 118473, 118519, 118564, 118580, 118582, 118588, 118592, 118595, 118597, 118599, 122242, 122888, 122889, 122919, 122921, 122967, 129078, 119146, 104960, 73374, 72048, 82097, 129527, 99028, 6427, 99032, 118612, 71321, 118559, 71298, 103289, 6656, 18487, 18519, 105199, 20196, 18281, 105785, 18302, 18395, 22121, 71037, 129288, 117678, 118511, 6406, 6389, 71096, 6363, 70962, 86809, 71214, 121790, 73441, 16428, 17333, 17372], "label": "desk"}, {"objectId": 23, "id": 23, "partId": 23, "index": 20, "dominantNormal": [0, -2.220446049250313e-16, 1], "obb": {"axesLengths": [1.1407977837949799, 0.9380069314388867, 1.0855205875696157], "centroid": [-1.5226749884784243, 0.5154225400109179, -0.7123164692003322], "normalizedAxes": [0.9988809823989868, -0.04729507490992546, -1.050161622327416e-17, 0, -2.220446049250313e-16, 1, -0.04729507490992546, -0.9988809823989868, -2.2179613310391018e-16]}, "segments": [86172, 85082, 130172, 1856, 102930, 1873, 2083, 2177, 2224, 2653, 2689, 3047, 3114, 3125, 3141, 3180, 3325, 3477, 3560, 8269, 74118, 87297, 95339, 100042, 102544, 102573, 102886, 102911, 102914, 102917, 130052], "label": "chair"}, {"objectId": 24, "id": 24, "partId": 24, "index": 21, "dominantNormal": [0.9036096334457397, -0.42835694551467896, -9.511434873370005e-17], "obb": {"axesLengths": [1.531778722563766, 1.1127749954288821, 0.7298535737945536], "centroid": [4.526777987189364, -1.0705700723000198, -0.6245425036279296], "normalizedAxes": [0.42835694551467896, 0.9036096334457397, 2.0064164406491164e-16, 0, -2.220446049250313e-16, 1, 0.9036096334457397, -0.42835694551467896, -9.511434873370005e-17]}, "segments": [55121, 63167, 116607, 65180, 65844, 68775, 68787, 65382, 116584, 65237, 114958, 56780, 65791, 114461, 55237, 54061, 55081, 55104, 55131, 55189, 55194, 55198, 56657, 56677, 56716, 56758, 56791, 56814, 56829, 56837, 56861, 56863, 58768, 58787, 58800, 60715, 60721, 60771, 60782, 60824, 60828, 60841, 60857, 60859, 60915, 60931, 60933, 60952, 65169, 65275, 65287, 65294, 65318, 65334, 65636, 113908, 114127, 114129, 114136, 114145, 114522, 114992, 115011, 115021, 115022, 115027, 55051, 58782, 56275, 58748, 60812, 60991, 114182, 114184, 114198, 114999, 56412, 55436, 56530, 117139, 54014, 65916, 65912, 69220, 116819, 117145, 55512, 61120], "label": "piano"}, {"objectId": 25, "id": 25, "partId": 25, "index": 22, "dominantNormal": [0.8420919179916382, -0.5393340587615967, -1.1975621800033236e-16], "obb": {"axesLengths": [0.49481360299932386, 0.6651059240451618, 0.3872188320806527], "centroid": [4.027007229524999, -1.4259296260405068, -0.8374469782237637], "normalizedAxes": [0.5393340587615967, 0.8420919179916382, 1.8698196724101516e-16, 0, -2.220446049250313e-16, 1, 0.8420919179916382, -0.5393340587615967, -1.1975621800033236e-16]}, "segments": [54025, 68791, 68033, 117702, 117692, 67943, 68888, 65693, 68849, 117295, 117553], "label": "suitcase"}, {"objectId": 26, "id": 26, "partId": 26, "index": 23, "dominantNormal": [-0.2536900043487549, -0.9672855734825134, -2.1478054301360703e-16], "obb": {"axesLengths": [1.1393311769061911, 1.6559519099603903, 0.6539711960635082], "centroid": [2.6752201739891146, -2.504152787628291, -0.3457039759523278], "normalizedAxes": [0.9672855734825134, -0.2536899745464325, -5.633049017160385e-17, 0, -2.220446049250313e-16, 1, -0.2536899745464325, -0.9672855734825134, -2.1478054301360703e-16]}, "segments": [17029, 17132, 32645, 32599, 33190, 11145, 13839, 12329, 108244, 14184, 14393, 67080, 117925, 108831, 34033, 37703, 34577, 32895, 109805, 118820, 39397, 42351, 117802, 37377, 37507, 66997, 32317, 109709, 34332, 34386, 33902, 33662, 108280, 32894, 43364, 109842, 98896, 37706, 33824, 34079, 117864, 104270, 11250, 11252, 12224, 12460, 12678, 13784, 14192, 17079, 32474, 32478, 32769, 32786, 32790, 32806, 32884, 33194, 33230, 33341, 33891, 33904, 33952, 34053, 34071, 34072, 34075, 34409, 34459, 34945, 34991, 35055, 35107, 35124, 35195, 35224, 35250, 35285, 35320, 35430, 37173, 37284, 37285, 37288, 37330, 37344, 37365, 37372, 37442, 37477, 37481, 37487, 37494, 37518, 37524, 37526, 37551, 37574, 37607, 37616, 37641, 37658, 38561, 38614, 39367, 39448, 39526, 42279, 42681, 42748, 42781, 42807, 43609, 43672, 45703, 67003, 67161, 67162, 69341, 69352, 72560, 73163, 104460, 108059, 108119, 108267, 108270, 108801, 108883, 108886, 108890, 108893, 108895, 108970, 108981, 108983, 108987, 109010, 109013, 109063, 109162, 109261, 109601, 109788, 109790, 110945, 117049, 117055, 117758, 117768], "label": "shelf"}, {"objectId": 27, "id": 27, "partId": 27, "index": 24, "dominantNormal": [-0.3442555069923401, -0.9388759732246399, -2.0847234454826944e-16], "obb": {"axesLengths": [3.5760712637959906, 2.666089952004924, 0.1996790467585725], "centroid": [2.2903664933615198, -2.5865700799497815, 0.1369550104374806], "normalizedAxes": [0.9388759732246399, -0.3442555069923401, -7.644007804338051e-17, 0, -2.220446049250313e-16, 1, -0.3442555069923401, -0.9388759732246399, -2.0847234454826944e-16]}, "segments": [35551, 35845, 40343, 23874, 11226, 21474, 33153, 33389, 33840, 40797, 40818, 40823, 69463, 80989, 104006, 104262, 66955, 34145, 12447, 32757, 33957, 34166, 37313, 38408, 38490, 38494, 39420, 39511, 69394, 100753, 104251, 109165, 109188, 117772, 117774, 117872, 117935, 10996, 10124, 8043, 14647, 66355, 127279, 72329], "label": "wall"}, {"objectId": 28, "id": 28, "partId": 28, "index": 25, "dominantNormal": [0.802949845790863, -0.5960465669631958, -1.3234892447826403e-16], "obb": {"axesLengths": [1.6499111099590797, 2.4648299858384575, 1.2461618032761888], "centroid": [2.03470645012249, -1.7652000504302678, 0.0526450171475481], "normalizedAxes": [0.5960465669631958, 0.802949845790863, 1.78290681283247e-16, 0, -2.220446049250313e-16, 1, 0.802949845790863, -0.5960465669631958, -1.3234892447826403e-16]}, "segments": [119568, 76706, 79302, 17456, 12752, 83429, 126477, 126496, 84682, 95655, 96517, 95588, 126678, 84704, 84755, 78183, 87540, 78009, 104497, 104973, 120010, 76870, 119564, 17438, 17211, 12887, 14700, 15675, 15655, 11665, 14661, 15682, 19955, 76527, 119534, 76476, 119490, 120036, 104482, 104513, 7905, 11654, 11601, 11587, 6059, 7237, 7279, 7347, 16197, 104738, 16227, 8786, 61657, 95788, 5285, 5288, 5853, 6015, 6085, 6093, 6098, 6100, 8361, 8427, 8428, 8536, 8550, 8573, 8614, 8618, 8697, 8831, 8842, 8879, 8945, 8951, 9010, 9014, 9048, 9147, 9218, 9332, 9333, 9347, 9349, 9382, 9726, 9748, 9768, 9810, 9850, 9881, 9890, 9902, 9989, 10052, 10088, 10171, 10281, 10380, 10400, 10414, 10430, 10431, 10684, 11288, 11975, 11979, 12020, 12035, 12749, 12780, 13144, 13149, 13387, 13513, 13529, 13577, 13594, 14437, 14634, 15685, 15730, 15737, 15750, 15773, 15776, 15791, 15802, 16098, 16207, 17080, 17092, 19594, 19920, 19943, 20461, 20507, 20508, 47860, 47967, 48125, 48303, 57683, 59906, 59941, 61640, 61659, 61750, 61853, 64220, 64225, 64388, 64537, 64561, 64576, 65466, 65470, 65478, 65503, 65560, 70272, 76052, 76099, 76280, 76301, 76319, 76537, 76549, 76585, 76587, 76599, 76622, 76626, 76635, 76640, 76659, 76685, 76694, 76914, 76923, 76938, 76944, 76945, 76946, 76949, 76968, 77891, 78018, 78611, 78754, 81678, 83445, 83456, 84049, 84054, 84098, 84101, 84184, 84768, 84841, 84952, 85418, 85507, 90447, 93715, 95300, 95385, 95601, 95773, 95796, 95799, 95820, 95885, 96625, 96653, 97057, 97080, 97094, 98446, 98452, 99250, 102482, 103211, 103482, 103491, 103495, 103497, 103501, 103510, 103512, 103518, 103547, 103550, 103557, 103562, 103568, 103573, 103596, 103602, 103605, 103617, 103631, 103703, 103739, 103778, 103814, 103864, 103901, 103973, 104159, 104160, 104179, 104201, 104203, 104328, 104411, 104648, 104653, 105499, 105545, 109156, 109396, 110916, 115321, 115332, 116740, 118343, 118355, 119385, 119389, 119392, 119395, 119398, 119445, 119475, 119478, 119523, 120017, 120052, 120055, 120160, 120162, 120169, 120171, 120635, 120667, 122245, 122305, 122998, 126469, 126600, 126606, 126618, 126628, 126641, 126665, 126666, 126669, 126671, 126710, 126713, 127102, 127334, 127339, 127380, 127391, 127669, 128068, 81198], "label": "stairs"}, {"objectId": 30, "id": 30, "partId": 30, "index": 26, "dominantNormal": [0, -2.220446049250313e-16, 1], "obb": {"axesLengths": [0.49862271857701856, 0.2146060418798168, 0.4402482468128246], "centroid": [2.42993023269053, -2.03916088872956, -0.7426969932161942], "normalizedAxes": [0.9451029300689697, -0.3267727792263031, -7.255813266355895e-17, 0, -2.220446049250313e-16, 1, -0.3267727792263031, -0.9451029300689697, -2.0985500672065388e-16]}, "segments": [58055, 38832, 38649, 108673, 127465, 57535], "label": "object"}, {"objectId": 31, "id": 31, "partId": 31, "index": 27, "dominantNormal": [-0.6027262806892395, -0.7979480028152466, -1.771800490358292e-16], "obb": {"axesLengths": [0.4799866153097085, 0.39752202337558495, 0.2794211139606093], "centroid": [2.483425311697551, -1.9856120201070706, -0.9729690129391322], "normalizedAxes": [0.7979480028152466, -0.6027262806892395, -1.338321188735757e-16, 0, -2.220446049250313e-16, 1, -0.6027262806892395, -0.7979480028152466, -1.771800490358292e-16]}, "segments": [129468, 98838, 38560], "label": "box"}, {"objectId": 32, "id": 32, "partId": 32, "index": 28, "dominantNormal": [0, -2.220446049250313e-16, 1], "obb": {"axesLengths": [0.3856668058547285, 0.24000000417232492, 0.35743712710046566], "centroid": [2.3891830846433337, -1.2409725561968472, -0.8899999751150611], "normalizedAxes": [-0.41953620314598083, 0.9077386260032654, 2.0155846458608581e-16, 0, -2.220446049250313e-16, 1, 0.9077386260032654, 0.41953620314598083, 9.315575047929699e-17]}, "segments": [94265, 94569], "label": "object"}, {"objectId": 33, "id": 33, "partId": 33, "index": 29, "dominantNormal": [0.9888840317726135, -0.14868901669979095, -3.3015593969796465e-17], "obb": {"axesLengths": [1.3588892813389428, 0.8217999751463534, 0.46330776993791667], "centroid": [-1.631864455882111, 2.100369728791239, -0.8008999738641085], "normalizedAxes": [0.14868901669979095, 0.9888840317726135, 2.1957636415162208e-16, 0, -2.220446049250313e-16, 1, 0.9888840317726135, -0.14868901669979095, -3.3015593969796465e-17]}, "segments": [130035, 4019, 2875, 102283, 102461, 76004, 96039, 97900, 35437, 102442, 76006, 78702, 108438, 2916], "label": "commode"}, {"objectId": 34, "id": 34, "partId": 34, "index": 30, "dominantNormal": [-0.3478317856788635, -0.9375569820404053, -2.0817946967186646e-16], "obb": {"axesLengths": [1.1497013455781204, 0.6432979559161223, 0.2245265534776605], "centroid": [2.8752153817724526, 2.532575581218057, -0.7690109829825686], "normalizedAxes": [0.9375569820404053, -0.3478317856788635, -7.723417143143141e-17, 0, -2.220446049250313e-16, 1, -0.3478317856788635, -0.9375569820404053, -2.0817946967186646e-16]}, "segments": [107920, 26701, 106539, 31350], "label": "radiator"}, {"objectId": 35, "id": 35, "partId": 35, "index": 31, "dominantNormal": [-0.38915833830833435, -0.9211708903312683, -2.0454102641204581e-16], "obb": {"axesLengths": [1.8658888660934587, 0.934116968495019, 0.5475330019934954], "centroid": [-0.5640182837069685, 2.7131465175198133, -0.7406314986057988], "normalizedAxes": [0.9211708903312683, -0.38915833830833435, -8.641050948295578e-17, 0, -2.220446049250313e-16, 1, -0.38915833830833435, -0.9211708903312683, -2.0454102641204581e-16]}, "segments": [128849, 86661, 92637, 86762, 83942, 83989, 84081, 84120, 84167, 84174, 84242, 84286, 84341, 84485, 89038, 89040, 92778, 94087, 94721, 96895, 98786, 121805, 121807, 121809, 121835, 121839, 121859, 121865, 121873, 121878, 121881, 121902, 123476, 124874, 126127, 128832, 128879, 128909, 123418, 125960, 85967, 98777, 87683, 97026, 87679, 47866, 85996, 96908, 128905, 85882, 80973, 128390, 129951, 96956, 99785, 81192, 81262, 121119, 81401, 121014, 93261, 94645, 94657, 93375, 121854, 83913, 83869, 94705, 14869, 4493, 14985, 111447, 5141, 71555, 71528, 71749, 118693, 71764, 40600, 93300, 93369, 85766, 93246, 4938, 5360, 9579, 85955], "label": "shelf"}, {"objectId": 36, "id": 36, "partId": 36, "index": 32, "dominantNormal": [-0.4352260231971741, -0.9003212451934814, -1.9991147519459883e-16], "obb": {"axesLengths": [1.277245825237251, 1.6700499876577402, 1.0088543099893055], "centroid": [3.8047294773800684, -2.681205709777721, -0.29497498545851597], "normalizedAxes": [0.9003212451934814, -0.4352259933948517, -9.663958375646413e-17, 0, -2.220446049250313e-16, 1, -0.4352259933948517, -0.9003212451934814, -1.9991147519459883e-16]}, "segments": [47658, 112787, 12415, 13948, 17304, 47570, 47693, 47707, 49211, 49253, 49386, 106117, 106154, 106156, 107864, 111208, 111630, 111633, 7563, 49274, 5139, 8764, 9280, 17300, 17517, 47590, 47606, 47608, 49301, 49322, 49326, 92679, 93464, 94478, 94479, 105762, 111637, 112719, 47436, 47500, 49173, 47616, 49152, 49334, 49361, 84090, 84163, 84537, 111614, 111683, 112402, 112404, 94167, 95487, 20375, 20405, 20813, 20840, 20848, 47139, 47385, 47406, 47424, 47445, 47752, 47755, 47785, 47809, 47822, 49316, 50044, 80669, 84045, 89133, 89286, 92209, 101780, 101788, 102215, 110618, 110782, 111216, 111223, 112455, 80208, 47484, 113557, 17665, 38072, 38074, 42427, 47799, 49407, 42468, 110228, 42688, 110823, 37877, 37909, 37926, 38075, 38077, 38094, 38106, 38127, 38143, 41648, 41671, 41708, 41709, 41710, 41730, 41758, 41764, 41776, 41790, 41795, 41800, 41801, 41813, 41843, 41846, 41847, 41858, 41864, 41873, 41875, 41887, 41913, 41924, 41925, 41930, 41949, 41950, 41969, 42012, 42013, 42039, 42042, 42064, 42081, 42083, 42090, 42094, 42102, 42112, 42123, 42442, 42470, 42473, 42482, 42534, 42538, 42546, 42568, 42578, 42615, 42627, 42633, 42655, 42665, 42703, 42712, 42728, 42746, 42772, 42780, 42782, 49797, 49841, 49843, 49861, 49866, 49869, 49883, 49908, 49910, 49922, 49930, 49966, 100459, 109965, 109969, 109983, 109987, 109995, 110001, 110003, 110014, 110018, 110021, 110029, 110034, 110039, 110050, 110063, 110070, 110077, 110135, 110140, 110149, 110158, 110161, 110162, 110260, 111882, 111921, 111950, 111954, 111958, 111972, 111974, 111999, 112037, 112778, 41937, 42048, 42107, 42593, 110044, 110866, 45393, 38364, 42041, 42059, 42111, 42785, 42813, 45347, 45349, 45351, 45354, 45371, 45386, 45399, 45402, 45424, 45446, 45453, 45462, 45463, 45493, 45501, 45508, 45523, 45533, 45564, 45571, 45572, 45573, 45607, 45627, 45716, 45723, 45724, 45727, 45752, 45789, 45806, 45813, 45824, 45837, 45854, 45881, 45941, 49973, 50095, 50099, 50106, 50107, 50121, 52624, 52643, 52645, 52649, 110083, 110795, 110797, 110798, 110813, 110819, 110922, 110949, 110956, 111898, 111917, 112115, 112931, 38671, 38402, 45617, 45859, 45886, 45936, 50043, 45955, 45543, 117228, 67831, 117209, 47152, 47394, 41400, 40815, 41315, 77328, 110558, 39466, 39487, 44534, 44535, 44585, 39436, 44600, 45112, 46051, 44574], "label": "fireplace"}, {"objectId": 37, "id": 37, "partId": 37, "index": 33, "dominantNormal": [0, -2.220446049250313e-16, 1], "obb": {"axesLengths": [0.9604809798000958, 0.3535540024886874, 0.6189457558177351], "centroid": [3.5751116376724763, -1.9598616665181714, -0.9940730204267867], "normalizedAxes": [0.7414845824241638, 0.6709699034690857, 1.4898524713237953e-16, 0, -2.220446049250313e-16, 1, 0.6709699034690857, -0.7414845824241638, -1.6464265116237527e-16]}, "segments": [68699, 117497, 117516, 68673, 68732, 67273, 67266, 117534, 68632, 67837, 66211, 66303, 116828, 66342, 117465, 66232], "label": "box"}, {"o