{"segGroups": [{"objectId": 1, "id": 1, "partId": 1, "index": 0, "dominantNormal": [0, -2.220446049250313e-16, 1], "obb": {"axesLengths": [10.081816167121687, 0.29999994561076315, 7.103877601634012], "centroid": [1.1310540462356333, 0.5123012959810604, -1.2600000423938045], "normalizedAxes": [0.7832386493682861, 0.6217211484909058, 1.380498267901999e-16, 0, -2.220446049250313e-16, 1, 0.6217211484909058, -0.7832386493682861, -1.7391391646099622e-16]}, "segments": [58145, 69890, 4, 249, 1043, 1667, 1681, 1697, 1728, 2714, 2728, 2801, 2829, 2881, 3180, 3187, 3958, 4063, 4903, 5176, 5986, 6007, 6149, 6189, 6203, 6220, 6235, 6261, 6357, 6360, 6388, 6391, 6400, 6487, 6507, 6538, 6541, 6573, 6618, 6619, 6680, 6685, 6712, 6858, 6952, 6988, 7011, 7033, 7047, 7050, 7060, 7119, 7159, 7205, 7228, 7901, 7939, 7950, 7980, 7986, 8008, 8772, 13204, 13258, 13268, 13280, 13284, 13288, 13297, 13326, 13409, 13840, 13990, 14136, 14142, 19374, 19376, 25233, 28471, 29469, 29988, 30102, 30147, 30150, 30154, 30235, 30259, 30270, 30300, 30301, 30307, 30484, 30530, 30534, 30578, 30579, 30586, 31505, 31515, 31518, 33934, 33979, 38609, 41017, 41024, 41080, 41106, 41571, 41572, 41698, 41893, 42207, 42213, 45251, 45271, 46020, 46238, 47117, 47164, 47185, 47247, 47271, 47295, 47310, 48038, 48082, 48100, 48107, 48108, 48110, 48121, 49361, 49362, 49376, 49395, 49399, 49409, 49411, 49418, 49443, 49446, 49449, 49500, 49503, 49524, 49544, 49642, 49784, 49786, 49970, 49973, 49991, 50016, 50021, 50031, 50065, 50067, 50075, 54077, 54122, 54148, 54185, 54227, 54230, 54262, 54265, 54290, 54292, 54297, 54833, 54844, 54895, 54918, 54930, 55071, 55077, 55085, 56300, 56329, 56350, 56371, 56381, 56440, 56451, 56487, 56495, 56961, 57012, 57149, 57346, 58341, 58343, 58467, 58644, 59021, 59058, 59354, 59588, 59612, 59646, 59647, 59651, 59659, 59683, 60829, 60832, 60836, 60847, 60859, 60911, 61014, 61015, 61020, 61034, 61040, 61061, 61064, 61067, 61076, 61094, 61132, 61135, 61152, 61157, 61161, 61201, 61312, 61338, 61348, 61901, 61979, 63098, 63099, 63170, 65322, 65328, 65335, 65344, 65396, 65397, 65425, 65474, 66176, 66258, 66419, 68000, 68713, 68798, 68806, 68861, 68862, 68863, 68897, 68898, 68899, 68913, 68916, 68929, 68938, 68944, 68962, 68992, 69003, 69006, 69246, 69326, 69622, 69646, 69652, 69655, 69684, 69697, 72686, 72710, 72983, 73008, 75758, 75847, 75851, 75853, 75871, 75902, 75930, 75938, 75945, 75965, 75973, 75974, 76204, 76251, 76284, 76287, 76293, 77337, 80442, 80455, 80456, 85482, 85495, 85498, 85611, 85622, 87647, 87652, 87778, 87783, 87864, 87916, 87931, 87938, 87944, 87953, 87954, 87955, 87960, 87989, 88004, 88012, 88017, 88256, 88262, 88264, 88306, 88307, 88862, 91611, 91630, 91632, 91634, 91638, 91640, 91641, 91643, 91648, 92149, 93288, 94530, 94532, 94534, 94599, 94602, 94605, 94607, 94766, 94767, 96274, 96480, 96505, 96511, 96515, 96530, 96767, 97099, 97101, 97123, 97139, 97141, 97221, 97223, 97227, 97234, 97347, 97485, 97781, 97785, 97792, 97804, 98031, 98040, 98407, 98409, 98412, 98420, 98947, 98951, 98960, 98962, 98965, 98967, 98985, 99266, 100063, 100066, 101400, 101404, 101419, 101426, 101432, 101530, 103881, 104004, 106124, 106162, 106260, 106493, 106507, 107923, 107982, 108065, 108121, 108251, 108531, 4994, 3171, 5305, 6067, 8011, 29444, 34031, 42138, 47192, 49869, 60374, 60880, 61113, 63221, 68871, 92188, 94545, 94626, 103883, 28722, 2395, 15355, 15382, 15438, 15458, 15463, 15469, 15476, 15483, 20710, 20753, 20804, 20830, 20846, 20888, 20939, 20994, 24197, 24222, 24225, 24344, 24368, 24405, 24411, 24415, 24916, 26884, 31191, 33871, 35212, 35251, 35272, 35291, 35797, 35837, 35855, 35939, 35943, 35982, 35986, 35996, 36014, 36018, 36022, 36036, 36046, 36064, 36065, 36083, 36096, 36198, 36230, 36262, 36412, 36590, 36593, 36815, 42084, 42187, 42199, 42263, 43897, 44359, 47006, 48043, 49293, 49778, 49912, 49915, 52690, 52731, 53515, 53528, 53596, 53662, 55694, 55748, 55758, 55821, 55823, 55839, 55867, 55917, 55920, 55968, 55999, 56254, 56260, 56270, 56303, 56345, 56395, 56473, 58199, 58237, 58280, 58310, 58476, 58488, 60183, 60216, 60325, 60343, 60344, 60348, 60388, 60395, 60611, 61865, 61890, 61943, 61985, 61992, 62005, 62008, 62012, 62013, 62171, 62240, 62284, 62287, 62291, 62297, 62309, 62327, 62328, 62352, 62370, 62372, 62379, 62386, 62411, 62439, 63009, 63107, 63116, 63130, 63147, 63159, 63185, 63198, 63205, 64319, 67128, 67141, 67153, 67166, 67178, 67185, 67286, 70015, 70024, 70098, 70122, 70124, 70126, 70201, 70213, 71281, 71339, 73943, 73944, 74378, 74512, 74623, 74975, 75007, 75019, 77489, 77531, 77541, 77580, 77628, 77641, 77657, 80912, 81048, 81050, 81054, 81064, 81080, 81099, 81102, 81111, 81176, 81178, 85442, 85458, 85570, 85613, 85631, 85632, 85664, 86079, 88576, 88888, 91787, 91789, 92735, 92757, 92760, 92888, 92889, 93471, 94687, 94750, 94782, 94858, 94864, 94866, 95285, 95287, 95290, 95317, 95364, 95419, 95506, 95511, 95514, 95524, 96254, 96501, 97715, 97924, 97929, 97936, 97938, 97945, 97948, 97952, 97956, 98036, 98041, 99385, 99386, 99388, 99392, 101154, 101164, 101190, 101609, 101735, 101743, 101750, 101752, 103286, 103288, 103291, 103295, 106030, 106037, 106041, 106054, 106057, 106642, 107202, 107535, 107767, 108195, 108829, 108832, 108835, 108840, 109253, 109274, 39398, 32687, 70134, 21118, 1819, 1527, 1755, 1815, 1900, 2956, 5276, 6414, 13372, 18765, 20967, 20968, 21056, 21190, 24098, 26574, 33217, 33229, 42360, 42367, 43757, 47281, 47352, 48047, 48126, 48138, 54308, 58168, 58227, 58246, 58257, 58292, 58316, 58424, 58847, 58921, 58960, 58983, 59004, 59037, 59065, 59081, 59103, 59185, 59325, 59380, 59673, 59690, 59705, 59712, 60986, 60996, 61008, 61031, 61153, 62884, 67136, 67531, 68503, 68994, 69007, 69022, 69032, 73420, 74264, 74298, 74302, 74303, 78511, 78525, 80997, 81212, 81246, 81258, 81279, 81298, 81302, 81384, 81415, 81423, 81532, 81569, 81609, 81680, 82109, 82126, 82210, 82227, 82231, 82246, 85662, 85685, 85686, 85696, 85700, 87618, 87620, 87785, 87949, 88266, 88278, 92727, 93462, 94623, 96497, 96514, 96544, 97494, 97533, 97817, 97821, 97825, 98008, 98214, 98927, 98941, 101762, 101767, 101790, 101822, 101823, 104009, 104013, 108635, 108860, 108869, 3794, 26460, 25175, 20933, 25145, 24081, 59152, 59856, 59928, 58680, 40559, 40528, 110, 1991, 2046, 2051, 2783, 2786, 14895, 14904, 20886, 20889, 20895, 20907, 21029, 21038, 21195, 22611, 22633, 24125, 24131, 25196, 25248, 25253, 25258, 25267, 29505, 30018, 31279, 31435, 31868, 31882, 32599, 38410, 38593, 38594, 38988, 39477, 42282, 42738, 42759, 42784, 42790, 42821, 43944, 44920, 45285, 45294, 45333, 45347, 45484, 45545, 45584, 45675, 45962, 46256, 46296, 46301, 46484, 47191, 49337, 49909, 51822, 51826, 52759, 52859, 55736, 56269, 56295, 56351, 56760, 56787, 56794, 56830, 56909, 56947, 58765, 59754, 59785, 59793, 61435, 63423, 63492, 63502, 63520, 63561, 63566, 63583, 63613, 63633, 63635, 63638, 63656, 63702, 64661, 66382, 66389, 66396, 66491, 67705, 67731, 67744, 67755, 67773, 67799, 67849, 68487, 69119, 69155, 69161, 69283, 78526, 84772, 87343, 87365, 87366, 87369, 87372, 87387, 87395, 87398, 87640, 87643, 87664, 87688, 87724, 87728, 87731, 87747, 87756, 87793, 87889, 88316, 91491, 91594, 91615, 91978, 92909, 92913, 93474, 93552, 93623, 93627, 93629, 93633, 94098, 94107, 94110, 94734, 94871, 96493, 96559, 96696, 96710, 96737, 96740, 97091, 97516, 98254, 98756, 99043, 99048, 99049, 103096], "label": "floor"}, {"objectId": 2, "id": 2, "partId": 2, "index": 1, "dominantNormal": [0.948465883731842, -0.3168792724609375, -7.036133286252022e-17], "obb": {"axesLengths": [6.675986756562101, 0.469191063884101, 0.07348540509990664], "centroid": [3.9816404385499142, 0.42361900462121493, 0.8781544164980684], "normalizedAxes": [0.3168792724609375, 0.948465883731842, 2.1060173243810755e-16, 0, -2.220446049250313e-16, 1, 0.948465883731842, -0.3168792724609375, -7.036133286252022e-17]}, "segments": [19966, 66710, 354, 6722, 32385], "label": "wall"}, {"objectId": 3, "id": 3, "partId": 3, "index": 2, "dominantNormal": [0.9466521739959717, -0.32225722074508667, -7.155547726458137e-17], "obb": {"axesLengths": [6.845073290580067, 1.2800000023841842, 0.4059342022793616], "centroid": [3.9598492078935004, 0.4199936356570472, 0.08999992147088043], "normalizedAxes": [0.32225722074508667, 0.9466521739959717, 2.1019900797635753e-16, 0, -2.220446049250313e-16, 1, 0.9466521739959717, -0.32225722074508667, -7.155547726458137e-17]}, "segments": [25107, 25769, 24436, 25391, 88555, 88558, 89713, 37761, 41255, 15229, 22958, 25351, 25363, 25442, 40077, 40093, 40120, 40143, 40166, 40182, 78852, 89699, 93151, 93153, 93156, 15283, 15242, 22016, 88468, 88502, 15936, 71835, 16010, 15557, 16691, 88477, 21393, 91221, 32020, 34437, 34405, 32058, 91265, 1268, 89643], "label": "blinds"}, {"objectId": 4, "id": 4, "partId": 4, "index": 3, "dominantNormal": [0.9888075590133667, -0.1491965502500534, -3.312828905645069e-17], "obb": {"axesLengths": [1.4141354733928, 1.1399999602139, 0.5678478042018478], "centroid": [3.756081913361627, -0.8467934466100637, 0.019999900385737845], "normalizedAxes": [0.1491965502500534, 0.9888075590133667, 2.195593837880076e-16, 0, -2.220446049250313e-16, 1, 0.9888075590133667, -0.1491965502500534, -3.312828905645069e-17]}, "segments": [14449, 27620, 27859, 14484, 27631, 27683, 27794, 27815, 27876, 27887, 30624, 30685, 30693, 31132, 31135, 31137, 31148, 32316, 32351, 53188, 53467, 67429, 67452, 67485, 67562, 90816, 90818, 90822, 90823, 90825, 90827, 91664, 91665, 91666, 91715, 91939, 91946, 91950, 91953, 91962, 95561, 95563, 95575, 95579, 98821, 98826, 98905, 31126, 31182, 31227, 31234, 31238, 31239, 31243, 31266, 31317, 31345, 31357, 31372, 91721, 91882, 27284, 54359, 89302, 14437, 14438, 14498, 21467, 21527, 21564, 21569, 21571, 21581, 21589, 21614, 21681, 21752, 21753, 21780, 21784, 21787, 21791, 21797, 21884, 21901, 21926, 22275, 22360, 22387, 22401, 22418, 22456, 22494, 22502, 22538, 25847, 25851, 25891, 25918, 25927, 25932, 25950, 25991, 26060, 26062, 26070, 26088, 26091, 26097, 26119, 26152, 26171, 26241, 26244, 26268, 26271, 26302, 26307, 26313, 26334, 26338, 26343, 26348, 26358, 26366, 26373, 26383, 26918, 26921, 26924, 26957, 27065, 27076, 27111, 27149, 27179, 27189, 27191, 27224, 27236, 27238, 27252, 27275, 27280, 27291, 27307, 27310, 27315, 27326, 27329, 27331, 27338, 27352, 27371, 27386, 27390, 27395, 27400, 27409, 27410, 27725, 27788, 29068, 29091, 29097, 29102, 29130, 29135, 29144, 29148, 29164, 29182, 29500, 29526, 29544, 29552, 29567, 29570, 29582, 29591, 29640, 29662, 29664, 29695, 29757, 30618, 31123, 32118, 32212, 53195, 53209, 53267, 53473, 53482, 54373, 54374, 54376, 54463, 54497, 54501, 54525, 54540, 54543, 54558, 54570, 55384, 55419, 55420, 55422, 55431, 55871, 55959, 56093, 56107, 56115, 56118, 88338, 89118, 89130, 89163, 89166, 89169, 89191, 89207, 89209, 89214, 89265, 89335, 89338, 89341, 89345, 89347, 89348, 89350, 89934, 89959, 90002, 90024, 90065, 90392, 90417, 90423, 90425, 90429, 90431, 90533, 90535, 90537, 90543, 90548, 90550, 90553, 90563, 90565, 90589, 90633, 90654, 91260, 91317, 91373, 91375, 91381, 91385, 91406, 91707, 95603, 95626, 96234, 96242, 96261, 96278, 96300, 96310, 96315, 96326, 96327, 96423, 96784, 96814, 96904, 96926, 96938, 96941, 96949, 98902, 98908, 96455, 21592, 21813, 25965, 26136, 26913, 27215, 27375, 29153, 29162, 31269, 46040, 53251, 53253, 53273, 53277, 54430, 54532, 54536, 54557, 54609, 89171, 90401, 90644, 91305, 91823, 94484, 96260, 96297, 96477, 96875, 21518, 55389, 90412, 21503, 21649, 21654, 21704, 21707, 21825, 25874, 25937, 25938, 26069, 26246, 29123, 89112, 89126, 89139, 89149, 89155, 89158, 89186, 89906, 89995, 90006, 91320, 96393, 32388, 8672, 8709, 21526, 21606, 28334, 28375, 28414, 29229, 32704, 32706, 32990, 33100, 33129, 33186, 67077, 67084, 67544, 91028, 91029, 91035, 92001, 92060, 92096, 92101, 92438, 98773, 98863, 33150, 53090, 32760, 8624, 8690, 28322, 28340, 28351, 28370, 28381, 28404, 28431, 31959, 32817, 32863, 32887, 33082, 88583, 92003, 92016, 91045, 14432, 14355, 14367, 14396, 14645, 14656, 21452, 22250, 67409, 89221, 96799, 22305, 28843, 28845, 21699, 21671, 21733, 21766, 26079, 26253, 26986, 89145, 29626, 29646, 29240, 15226, 92013, 98777], "label": "window"}, {"objectId": 5, "id": 5, "partId": 5, "index": 4, "dominantNormal": [0, -2.220446049250313e-16, 1], "obb": {"axesLengths": [5.733081911048785, 0.40942599454314915, 0.4426407113160224], "centroid": [3.716177082607087, 0.13632165529403287, -0.6052870671014412], "normalizedAxes": [0.30861878395080566, 0.9511858224868774, 2.1120568016438966e-16, 0, -2.220446049250313e-16, 1, 0.9511858224868774, -0.30861878395080566, -6.852713595480024e-17]}, "segments": [32615, 31942, 31593, 31973, 31212, 91694, 28605, 28823, 95918, 31745, 95984, 91741, 92384, 28680, 39274, 28775, 28782, 28805, 28952, 29307, 29321, 30765, 30912, 30943, 30953, 31667, 31683, 31988, 32161, 32163, 32624, 32960, 32996, 33003, 33735, 33737, 33750, 33752, 37075, 37086, 37088, 37132, 37133, 37136, 37214, 37243, 37250, 37294, 37300, 37309, 37318, 37320, 37448, 37478, 37486, 37881, 37894, 37926, 37939, 37963, 37987, 37997, 38023, 38059, 38064, 38091, 38114, 38126, 38130, 38132, 38140, 38143, 39198, 39206, 39210, 39239, 40675, 40704, 40725, 40761, 40775, 40838, 40910, 40920, 40923, 40946, 40972, 40981, 41369, 41392, 41414, 41457, 41460, 41489, 41611, 42022, 42034, 42043, 42063, 42091, 45076, 45172, 45343, 46756, 46768, 46906, 54427, 54432, 54437, 91088, 91358, 91671, 91672, 91702, 91735, 91738, 91746, 91750, 91791, 91805, 91808, 91811, 91818, 91999, 92049, 92122, 92903, 92905, 92917, 92923, 92933, 92937, 92991, 93139, 93219, 93267, 93271, 93272, 93279, 93373, 93383, 93388, 93441, 93456, 93635, 93819, 93865, 101927, 101971, 33041, 92507, 92537, 34816, 92515, 58105, 96107, 92560, 34991, 95709, 35042, 19383, 57237, 27703, 19762, 28126, 22321, 22346, 88755, 27565, 30507, 93239, 40930, 93292, 30602, 30537], "label": "windowsill"}, {"objectId": 6, "id": 6, "partId": 6, "index": 5, "dominantNormal": [0.949196994304657, -0.3146824240684509, -6.987353452913035e-17], "obb": {"axesLengths": [1.9400717477847147, 0.5599999302625672, 0.19153207777052297], "centroid": [3.15117855224454, -1.674043568342812, -1.0100000479817393], "normalizedAxes": [0.3146824240684509, 0.949196994304657, 2.1076407159640475e-16, 0, -2.220446049250313e-16, 1, 0.949196994304657, -0.3146824240684509, -6.987353452913035e-17]}, "segments": [46205, 46420, 26412, 37542, 42940, 41897, 93990, 43197, 37583, 39354, 43180, 44421, 44686, 44786, 44926, 93259, 93465, 93467, 93906, 93921, 93967, 47325, 41855, 44295], "label": "heater"}, {"objectId": 7, "id": 7, "partId": 7, "index": 6, "dominantNormal": [0.9367057085037231, -0.3501177132129669, -7.774174930762865e-17], "obb": {"axesLengths": [5.0779005166268, 0.6799999323487302, 0.30948826251176886], "centroid": [4.195746760291943, 1.5946880059548123, -0.9700000274181375], "normalizedAxes": [0.3501177132129669, 0.9367057085037231, 2.0799044897573074e-16, 0, -2.220446049250313e-16, 1, 0.9367057085037231, -0.3501177132129669, -7.774174930762865e-17]}, "segments": [51489, 45103, 44697, 42412, 45979, 46125, 96179, 58094, 56967, 102215, 90127, 23017, 22842, 22662, 102227, 30771, 28061, 57288, 85761, 30827, 99813, 75577, 76556, 33053, 203, 389, 15125, 15131, 15136, 15141, 20112, 20132, 21272, 28183, 31072, 31117, 45265, 45348, 49194, 49277, 57142, 57202, 57208, 57267, 57347, 57355, 57403, 80699, 80703, 80705, 80773, 87113, 89432, 90017, 94366, 94473, 95586, 95623, 95638, 95648, 95657, 95671, 95675, 95689, 96153, 96207, 96214, 96217, 96221, 101991, 102009, 102021, 102243, 103018, 103020, 103028, 103035, 103048, 103051, 103053, 103092, 81128, 70162, 42353, 101168, 42222, 53831, 90124, 23470, 90060, 31363, 21293, 102038], "label": "heater"}, {"objectId": 8, "id": 8, "partId": 8, "index": 7, "dominantNormal": [0, -2.220446049250313e-16, 1], "obb": {"axesLengths": [2.4774749764944977, 1.7675019107572296, 1.995232688492821], "centroid": [0.579881664491773, -1.8882782617112537, -0.42546905184979034], "normalizedAxes": [0.9809791445732117, -0.19411329925060272, -4.310181084279446e-17, 0, -2.220446049250313e-16, 1, -0.19411329925060272, -0.9809791445732117, -2.1782112659645396e-16]}, "segments": [83982, 55485, 83055, 2235, 86125, 413, 475, 501, 624, 757, 760, 799, 949, 951, 1157, 1628, 12562, 12729, 12739, 12745, 12748, 12973, 13584, 26896, 32377, 34057, 34225, 34291, 34312, 34380, 34421, 34427, 34837, 45299, 55159, 55176, 55205, 55221, 55224, 55247, 55278, 55287, 55312, 55342, 59148, 62545, 62811, 63291, 69042, 71872, 71950, 72840, 80382, 81760, 81800, 83136, 83141, 83172, 83198, 83208, 83216, 83228, 83327, 83365, 83433, 83439, 87186, 87440, 87453, 87457, 87474, 87579, 87581, 87608, 87611, 87623, 87630, 87633, 87759, 87763, 87765, 87768, 88228, 90380, 96545, 96547, 96552, 96607, 96652, 102528, 102599, 102688, 102694, 102698, 103656, 103660, 103709, 103716, 104075, 4962, 104045, 4502, 72937, 72174, 106021, 72864, 83935, 99528, 55440, 103745, 83430, 81774], "label": "partition"}, {"objectId": 9, "id": 9, "partId": 9, "index": 8, "dominantNormal": [0, -2.220446049250313e-16, 1], "obb": {"axesLengths": [1.259040365308397, 0.7157869775044845, 1.108520393596683], "centroid": [0.5863200871313298, -1.4053676133023314, -0.9324865635673738], "normalizedAxes": [0.897584855556488, -0.44084176421165466, -9.788653536883067e-17, 0, -2.220446049250313e-16, 1, -0.44084176421165466, -0.897584855556488, -1.9930387463873168e-16]}, "segments": [81544, 55253, 59476, 84634, 62605, 868, 102612, 62604, 87529, 55132, 453, 87553, 96758, 102667, 57139], "label": "desk"}, {"objectId": 10, "id": 10, "partId": 10, "index": 9, "dominantNormal": [0.7622291445732117, -0.647307276725769, -1.437310885256713e-16], "obb": {"axesLengths": [0.5694249997424986, 0.4956639596298938, 0.3855105843325676], "centroid": [0.9031879136395076, -0.999910482883021, -0.7305940580235274], "normalizedAxes": [0.647307276725769, 0.7622291445732117, 1.6924886926910336e-16, 0, -2.220446049250313e-16, 1, 0.7622291445732117, -0.647307276725769, -1.437310885256713e-16]}, "segments": [104559, 104389, 68118, 104435, 12417, 12426, 12432, 12439, 12444, 12457, 12464, 12478, 65810, 65812, 65816, 65817, 67885, 67928, 67939, 67948, 67977, 67985, 68002, 68004, 68008, 68014, 68028, 68032, 68076, 68098, 68112, 68154, 68156, 68185, 68188, 68270, 68356, 68408, 82648, 82667, 82679, 82686, 82692, 88223, 88227, 98281, 98284, 104398, 104523, 82489, 82496, 104016, 82695, 82714], "label": "chair"}, {"objectId": 11, "id": 11, "partId": 11, "index": 10, "dominantNormal": [0, -2.220446049250313e-16, 1], "obb": {"axesLengths": [9.46699789224193, 0.4776099813518678, 6.432360653598934], "centroid": [0.7220212396234941, 0.485859169147309, 1.228804897990711], "normalizedAxes": [0.34853821992874146, 0.9372945427894592, 2.0812119645207333e-16, 0, -2.220446049250313e-16, 1, 0.9372945427894592, -0.34853821992874146, -7.739103134535107e-17]}, "segments": [70591, 56762, 3418, 17308, 17371, 17401, 17422, 18005, 18132, 37529, 43351, 45904, 45907, 45925, 45929, 45936, 46841, 46843, 46902, 46967, 48284, 50795, 51578, 51620, 51965, 52001, 54312, 54963, 57752, 57827, 61486, 73742, 73808, 73894, 75411, 82800, 82804, 82836, 82845, 82908, 83273, 83284, 83297, 83368, 83407, 85174, 85188, 85190, 86563, 86595, 86612, 94445, 94460, 94461, 94464, 94526, 94933, 94936, 94941, 95060, 95093, 95100, 99374, 99377, 99396, 99398, 99402, 100022, 104583, 104584, 104712, 104729, 104737, 104741, 104745, 104748, 104750, 104753, 104755, 104760, 105140, 105196, 105248, 109277, 109315, 109317, 109343, 59745, 11169, 17322, 17394, 17950, 38318, 38423, 44665, 45901, 46520, 47665, 48212, 48703, 48706, 48717, 48736, 51225, 51560, 54305, 54542, 54551, 61401, 61403, 70547, 70561, 94680, 94978, 105036, 109156, 9197, 38121, 38327, 38455, 39106, 47003, 80529, 81326, 92231, 94675, 98754, 104648, 62085, 16692, 61518, 35947, 35097, 48863, 46856, 33473, 15612, 44839, 1546, 2502, 2565, 2566, 3775, 3999, 4384, 4581, 5383, 5531, 5538, 5574, 5606, 5670, 5739, 5740, 5760, 5808, 5832, 9165, 11132, 11136, 12772, 13170, 15501, 16170, 16433, 16595, 16622, 16916, 16955, 16994, 17019, 17036, 17083, 17089, 17112, 17172, 17178, 17209, 17877, 18043, 20387, 20567, 20598, 20663, 20679, 20690, 20705, 22666, 22731, 34528, 36121, 36130, 36132, 36138, 36147, 38928, 39753, 40210, 44481, 44640, 44740, 44745, 44774, 48655, 50141, 51158, 51196, 56127, 61487, 62768, 62777, 62790, 65046, 66929, 66952, 66964, 66972, 68175, 70301, 70321, 72524, 72528, 72572, 72583, 72627, 72721, 73037, 73705, 73706, 73926, 74537, 75696, 76378, 76747, 76848, 76886, 77069, 78619, 78624, 78682, 80560, 80587, 83560, 85264, 85961, 86007, 86037, 86063, 87403, 87405, 87411, 87417, 87420, 87423, 87437, 87638, 87928, 88613, 88666, 88672, 88941, 89002, 89007, 89009, 89013, 89021, 92697, 93125, 94351, 94354, 94994, 95003, 95416, 98744, 98767, 98770, 100055, 100061, 100089, 100726, 101276, 101296, 101351, 102048, 102053, 102057, 102067, 105420, 105701, 109165, 109186, 109237, 64746, 39809, 80329, 552, 2182, 3737, 4139, 4203, 4206, 4213, 5914, 7778, 8750, 8757, 8778, 8780, 8796, 8799, 8847, 8866, 8882, 9016, 9053, 9533, 9778, 9800, 9823, 9989, 10138, 10261, 10264, 10269, 10399, 10492, 10528, 10579, 10651, 10712, 10751, 10835, 10836, 10837, 10839, 10844, 10851, 10853, 11325, 11329, 11335, 11423, 11506, 11571, 11668, 11697, 11806, 11810, 11820, 11903, 11912, 11948, 11993, 12136, 12146, 12159, 13167, 33240, 35374, 35414, 40497, 44429, 44431, 44459, 44551, 44576, 44600, 44864, 44967, 44992, 45660, 46285, 51658, 56632, 56643, 56671, 60065, 60961, 60982, 64186, 64353, 64377, 64453, 64456, 64492, 64861, 64881, 66780, 66800, 66817, 68532, 68556, 69924, 69952, 69954, 78666, 84446, 84480, 84494, 84505, 85885, 86328, 86632, 86673, 87118, 87120, 87771, 87918, 88097, 88135, 88165, 88171, 88175, 88188, 92633, 94344, 94629, 97003, 97064, 98261, 98295, 98341, 98355, 100958, 101381, 101385, 101390, 101394, 108888, 109150, 109155, 3708, 9844, 9931, 10228, 10232, 10437, 10441, 10466, 10470, 11654, 12966, 12981, 12990, 13012, 13021, 13068, 13090, 13118, 13124, 13141, 22567, 22572, 23043, 23434, 23632, 23651, 23655, 24979, 24990, 25024, 25062, 25075, 26681, 28877, 33255, 33305, 33417, 33424, 33561, 33917, 34020, 35154, 35157, 35347, 38354, 40518, 42476, 42497, 43366, 43383, 43422, 43426, 43491, 43541, 48601, 49609, 49648, 49670, 53861, 55829, 55843, 55846, 56024, 56026, 56057, 56063, 56078, 57529, 57543, 57547, 58558, 58976, 58993, 60143, 65719, 67249, 67514, 68029, 68053, 70270, 74576, 74609, 80768, 82196, 82316, 82710, 83484, 83501, 83646, 83797, 83993, 84128, 84945, 85086, 85120, 85900, 87187, 87192, 87195, 88082, 88101, 88155, 88851, 89639, 89673, 90921, 91037, 91402, 91604, 91608, 91620, 91627, 92201, 92620, 92632, 94113, 94123, 94135, 94231, 108874, 20564, 3025, 20230, 21408, 24996, 25026, 25033, 25312, 33980, 37656, 39006, 40363, 42240, 42246, 43697, 43701, 43702, 43703, 43735, 43741, 44211, 44271, 49326, 53816, 55692, 74171, 77858, 78534, 89507, 89691, 89861, 94194, 94197, 94198, 94759, 100432, 100434, 100468, 34028, 68584, 68652, 68730, 68797, 73828, 77776, 80032, 91084, 101580, 69054, 34271, 28837, 100616, 9929, 9944, 9964, 9969, 33839, 78078, 68868, 10167, 10428, 63615], "label": "ceiling"}, {"objectId": 12, "id": 12, "partId": 12, "index": 11, "dominantNormal": [0, -2.220446049250313e-16, 1], "obb": {"axesLengths": [3.5295674841823117, 0.19964992553778205, 0.37760384653425444], "centroid": [0.8359763710942265, 2.2984448912866275, 1.1650648843855045], "normalizedAxes": [0.2902992367744446, 0.9569359421730042, 2.1248246321836731e-16, 0, -2.220446049250313e-16, 1, 0.9569359421730042, -0.2902992367744446, -6.445937933961967e-17]}, "segments": [16208, 38736, 66136, 16271, 64986, 54052, 66158, 79135, 79159, 93043, 66110, 102324, 24506, 64462, 64467, 64471, 79170, 79173, 79183, 79189, 79200, 79210, 79256, 79327, 98265, 102338, 54018, 53955, 6145, 79900, 8072, 8095, 8117, 8157, 8166, 8189, 40157, 40165, 40219, 40286, 40347, 40395, 40833, 40895, 41153, 41314, 41501, 53949, 64894, 66088, 81127, 81132, 81946, 92664, 92676, 92695, 92755, 92885, 96198, 96483, 101586, 102260, 102372, 102771, 103013, 7392, 39664, 39673, 40464, 40853, 81883, 82008, 92684, 92689, 102774, 7325, 39961, 40489, 54712, 54724, 79715, 79843, 81955, 81976, 81977, 82034, 82050, 82069, 103820, 103994, 103798, 39907, 24490, 38934, 89554], "label": "light"}, {"objectId": 13, "id": 13, "partId": 13, "index": 12, "dominantNormal": [0, -2.220446049250313e-16, 1], "obb": {"axesLengths": [2.029286737928065, 0.18000006273388713, 0.34711990206802795], "centroid": [3.1864870666441547, 3.597032213235612, 1.1199998996406788], "normalizedAxes": [0.35737767815589905, 0.9339599609375, 2.0738077054216486e-16, 0, -2.220446049250313e-16, 1, 0.9339599609375, -0.35737767815589905, -7.93537853551516e-17]}, "segments": [53095, 87237, 53008, 53085, 55370, 83805, 81948, 81974, 87221, 53009, 55936, 56007, 88616, 56965, 48119, 57022, 58150, 83196, 83500, 87250, 48301, 40341, 68565], "label": "light"}, {"objectId": 14, "id": 14, "partId": 14, "index": 13, "dominantNormal": [0, -2.220446049250313e-16, 1], "obb": {"axesLengths": [3.7138422880168687, 0.23350989296637759, 0.4117280332643451], "centroid": [1.389495672620249, -2.01682388822999, 1.1932448869218315], "normalizedAxes": [0.32011184096336365, 0.9473797678947449, 2.1036056627615648e-16, 0, -2.220446049250313e-16, 1, 0.9473797678947449, -0.32011184096336365, -7.107910725853453e-17]}, "segments": [12299, 16452, 17517, 17526, 17614, 17616, 17833, 17861, 17862, 17892, 17893, 18038, 88609, 88612, 88690, 88725, 18013, 12393, 17651, 17736, 18223, 18253, 18255, 18262, 18291, 63325, 63327, 63378, 88743, 88827, 88832, 88839, 88844, 98051, 17696, 63277, 16472, 17805, 17806, 61741, 61744, 61757, 61774, 61778, 61787, 61788, 61808, 63386, 63388, 65544, 65581, 65606, 97916, 100125, 100163, 100172, 18187, 18195, 61724, 63370, 73900, 73901, 100094, 18313, 100091, 100107, 74006, 100290, 14221, 34611, 34658, 35601, 35628, 35633, 35636, 35641, 35697, 61661, 61663, 73186, 73216, 73235, 73952, 73954, 73987, 74002, 92709, 100221, 100429, 51845, 38910, 50216, 50907, 50939, 51724, 51732, 51733, 51772, 51793, 51865, 52249, 52266, 52292, 52326, 52334, 52338, 95103, 95118, 17879, 35584, 51054, 17455, 35479, 35514, 52187, 88683, 95334], "label": "light"}, {"objectId": 15, "id": 15, "partId": 15, "index": 14, "dominantNormal": [0, -2.220446049250313e-16, 1], "obb": {"axesLengths": [2.9522640896651415, 0.20348000071614997, 0.40610890143670886], "centroid": [-0.5945920047268511, -1.722290865342202, 1.198659909173995], "normalizedAxes": [0.29345184564590454, 0.9559738636016846, 2.1226883886209182e-16, 0, -2.220446049250313e-16, 1, 0.9559738636016846, -0.29345184564590454, -6.515939913096614e-17]}, "segments": [86605, 59885, 71274, 74917, 99493, 100072, 23345, 23138, 23143, 23159, 23163, 59972, 89424, 89426, 99433, 99498, 99504, 105432, 86874, 99501, 105474, 22665, 86735, 71202, 71396, 89418, 47497, 101500, 47365, 101468, 60541, 44256, 47481, 44292, 60501, 18847, 18880, 18885, 20291, 22711, 22712, 22914, 23081, 23152, 44267, 44313, 47392, 47395, 47472, 47482, 47553, 47585, 47622, 59815, 59817, 59822, 59842, 60416, 60435, 60472, 60523, 60536, 60574, 60578, 94321, 94550, 94553, 94556, 94590, 97498, 97723, 97738, 97741, 97746, 97760, 47510, 20329, 88936], "label": "light"}, {"objectId": 17, "id": 17, "partId": 17, "index": 15, "dominantNormal": [0, -2.220446049250313e-16, 1], "obb": {"axesLengths": [1.0952238952589424, 0.7362149193238857, 0.9878339243908738], "centroid": [2.7440875151581468, 2.2501052650115247, -0.9156625569091179], "normalizedAxes": [0.7932766675949097, -0.6088613867759705, -1.3519438608077704e-16, 0, -2.220446049250313e-16, 1, -0.6088613867759705, -0.7932766675949097, -1.761428042523571e-16]}, "segments": [28205, 15026, 16516, 90840, 20167, 21953, 26802, 20181, 26706, 26766, 27514, 27891, 27901, 27932, 27943, 27963, 27964, 27997, 28026, 28030, 28154, 28177, 29900, 29906, 29910, 29920, 29927, 29957, 90309, 90876, 90890, 90903, 90915, 91483, 21389, 22082, 91172, 91166, 33936], "label": "desk"}, {"objectId": 18, "id": 18, "partId": 18, "index": 16, "dominantNormal": [-0.5780431628227234, -0.8160061836242676, -1.8118977065923305e-16], "obb": {"axesLengths": [1.1052309743437407, 1.7149899218606213, 0.9979840068718646], "centroid": [1.3586633274595683, 1.8014863214455918, -0.42749504348274425], "normalizedAxes": [0.8160061836242676, -0.5780431628227234, -1.2835136571858716e-16, 0, -2.220446049250313e-16, 1, -0.5780431628227234, -0.8160061836242676, -1.8118977065923305e-16]}, "segments": [74864, 74755, 74908, 74915, 100603, 101272, 99702, 74714, 71412, 48785, 48927, 65887, 71419, 72267, 74927, 74939, 94683, 99523, 99628, 99665, 99667, 99707, 99717, 99930, 101150, 20111, 45030, 75033, 45742, 45755, 61304, 61317, 71981, 72019, 72271, 94418, 97831, 98275, 99925, 99929, 101202, 59519, 64645, 71822, 84743, 14060, 14063, 14080, 16336, 45080, 45110, 45112, 53639, 64656, 65920, 69279, 70630, 71603, 71664, 71679, 71762, 72039, 72324, 72326, 72345, 72364, 72367, 88312, 88600, 97836, 99406, 99413, 99721, 99752, 99790, 99932, 99934, 99936, 99992, 101127, 105761, 16329, 70980, 45815, 13801, 14152], "label": "desk"}, {"objectId": 19, "id": 19, "partId": 19, "index": 17, "dominantNormal": [0, -2.220446049250313e-16, 1], "obb": {"axesLengths": [1.387678890859218, 0.7467839550945765, 1.2305225599412573], "centroid": [0.05164830862560088, 1.2860976934900763, -0.9166080355657346], "normalizedAxes": [-0.49600961804389954, 0.8683170080184937, 1.9280510699515167e-16, 0, -2.220446049250313e-16, 1, 0.8683170080184937, 0.49600961804389954, 1.1013625967757335e-16]}, "segments": [49183, 76007, 75988, 64195, 56697, 51380, 47803, 51276, 51278, 51279, 51386, 51887, 52403, 52409, 52435, 56730, 59045, 69833, 74992, 74999, 75417, 83525, 83692, 87111, 95121, 95425, 95479, 95486, 95491, 99273, 99286, 99319, 102974, 103247, 2835, 66085, 65641, 64188, 45500, 47345, 47543, 47564, 47596, 47746, 47793, 47821, 47831, 47875, 56714, 65652, 65914, 66328, 72999, 73022, 86239, 87176, 87286, 87302, 87807, 84779], "label": "desk"}, {"objectId": 20, "id": 20, "partId": 20, "index": 18, "dominantNormal": [0.9896925091743469, -0.14320863783359528, -3.1798705409612555e-17], "obb": {"axesLengths": [0.6315178665692192, 0.7761040454483615, 0.6064043693695361], "centroid": [-0.0841847013005419, 0.8883570579577785, -0.876118079734191], "normalizedAxes": [0.14320863783359528, 0.9896925091743469, 2.1975588219688079e-16, 0, -2.220446049250313e-16, 1, 0.9896925091743469, -0.14320863783359528, -3.1798705409612555e-17]}, "segments": [103433, 21221, 21228, 21238, 21247, 21250, 50306, 50323, 50324, 50325, 50326, 50331, 50336, 50340, 50341, 50343, 50351, 50370, 50373, 50375, 50383, 50387, 50389, 50396, 50399, 50400, 50406, 50416, 50432, 50433, 50441, 50445, 50453, 50457, 50463, 50467, 50477, 50492, 50495, 50502, 50506, 50512, 50526, 50532, 50574, 69166, 69221, 69226, 69267, 69274, 69333, 69363, 69364, 69370, 69371, 69378, 69381, 69408, 81466, 84590, 84598, 84696, 84814, 89043, 89045, 94883, 94890, 94894, 94896, 94898, 94902, 94906, 94907, 94910, 94911, 94914, 94917, 98419, 98445, 103204, 103222, 103225, 103270, 103274, 103279, 103284, 103301, 103305, 103315, 103318, 103321, 103324, 103328, 103331, 103332, 103336, 103581, 103586, 103590, 103593, 103649, 103855, 52677, 52672, 83028, 85272, 95544, 95547, 95550, 103596, 103859, 104767, 109268, 83036, 52639, 65538, 52503, 52594, 84990, 98442], "label": "chair"}, {"objectId": 21, "id": 21, "partId": 21, "index": 19, "dominantNormal": [0, -2.220446049250313e-16, 1], "obb": {"axesLengths": [0.666487994992249, 0.36304604195700474, 0.601934247113655], "centroid": [1.2308093017060648, 1.2565895382873782, -0.7981860664147288], "normalizedAxes": [0.7144042253494263, -0.6997332572937012, -1.5537199466868516e-16, 0, -2.220446049250313e-16, 1, -0.6997332572937012, -0.7144042253494263, -1.586296039744864e-16]}, "segments": [99727, 99771, 71138, 99567, 70795, 70829, 70832, 99599, 99602, 71094, 70807, 71052, 71059, 71073, 99605, 99592, 70777, 99659, 71701, 71466], "label": "chair"}, {"objectId": 23, "id": 23, "partId": 23, "index": 20, "dominantNormal": [0.893907904624939, -0.4482507109642029, -9.953165202341083e-17], "obb": {"axesLengths": [0.64582724687803, 0.47560300360017255, 0.4484732487027238], "centroid": [2.571230449828912, 1.910691911771971, -0.7026835578825289], "normalizedAxes": [0.4482507109642029, 0.893907904624939, 1.9848742752180714e-16, 0, -2.220446049250313e-16, 1, 0.893907904624939, -0.4482507109642029, -9.953165202341083e-17]}, "segments": [89810, 21308, 21316, 21342, 21344, 21347, 22845, 22846, 23203, 25484, 89101, 89106, 89109, 23214, 90807, 26827, 20433, 22833, 25564, 89776, 89785, 27493, 27498, 27510, 90787, 90790, 20843, 22830, 89742, 21310, 90351, 90364], "label": "chair"}, {"objectId": 24, "id": 24, "partId": 24, "index": 21, "dominantNormal": [0.3533746302127838, -0.9354819059371948, -2.0771871021833972e-16], "obb": {"axesLengths": [4.454586317027919, 1.7480969336309218, 0.9348783679667998], "centroid": [1.2942929682877273, 2.0469969943283584, -0.4159515462975618], "normalizedAxes": [0.9354819059371948, 0.3533746302127838, 7.846493015612661e-17, 0, -2.220446049250313e-16, 1, 0.3533746302127838, -0.9354819059371948, -2.0771871021833972e-16]}, "segments": [17086, 88347, 31879, 91757, 96786, 710, 53358, 19095, 48814, 63579, 14077, 94431, 13781, 63766, 105712, 77455, 63822, 86973, 86114, 105496, 105772, 70831, 98195, 102451, 63906, 79963, 77130, 99183, 64135, 79421, 61585, 97966, 101534, 82428, 65540, 84984, 105908, 102860, 102848, 77214, 101506, 64113, 32474, 32448, 14959, 14871, 31867, 14815, 82418, 64899, 99025, 102490, 98182, 72511, 77266, 80013, 102780, 62536, 62532, 97957, 63923, 99212, 99216, 73227, 51385, 86965, 105736, 71649, 71574, 71562, 77037, 77024, 80020, 77351, 63825, 63843, 64051, 102421, 79394, 77064, 63943, 102784, 80026, 63971, 87374, 87680], "label": "partition"}, {"objectId": 25, "id": 25, "partId": 25, "index": 22, "dominantNormal": [-0.09300193190574646, -0.9956659078598022, -2.2108224314805241e-16], "obb": {"axesLengths": [0.5889381888548301, 2.39644986995049, 0.34596646139665255], "centroid": [3.645740599391909, 1.227320893373688, -0.09177507813777774], "normalizedAxes": [0.9956659078598022, -0.09300193190574646, -2.0650577227276137e-17, 0, -2.220446049250313e-16, 1, -0.09300193190574646, -0.9956659078598022, -2.2108224314805241e-16]}, "segments": [10800, 7988, 7370, 9680, 87925, 19760, 55310, 26653, 90268, 12382, 16002, 19849, 19864, 20046, 26597, 26642, 26645, 34398, 34415, 88918, 90187, 24209, 12068, 20065, 8196, 16911, 19931, 19939, 26677, 16953, 34229, 11968], "label": "pillar"}, {"objectId": 26, "id": 26, "partId": 26, "index": 23, "dominantNormal": [-0.013916820287704468, -0.99990314245224, -2.2202309822910493e-16], "obb": {"axesLengths": [0.6041616151157807, 2.4424700191064908, 0.4301587768220028], "centroid": [2.3932687140726383, -2.282185628990935, -0.10111506616067167], "normalizedAxes": [0.99990314245224, -0.013916820287704468, -3.090154862595999e-18, 0, -2.220446049250313e-16, 1, -0.013916820287704468, -0.99990314245224, -2.2202309822910493e-16]}, "segments": [94817, 84106, 19521, 19534, 19539, 42690, 98363, 39920, 40613, 41626, 41735, 41786, 41867, 65190, 69647, 93347, 93359, 39940, 42744, 82358, 23581, 93520, 93535, 93596, 93609, 98375, 40598, 40636, 40899, 23612, 40633, 40898, 41661, 41693, 41721, 41726, 41789, 41876, 42705, 93339, 93350, 93355], "label": "pillar"}, {"objectId": 27, "id": 27, "partId": 27, "index": 24, "dominantNormal": [-0.6740312576293945, -0.7387028336524963, -1.6402497885536967e-16], "obb": {"axesLengths": [0.5777438016564188, 2.6553500297214816, 0.464422839615656], "centroid": [-1.4588337008765468, -0.9902973900513321, 0.045684912152178514], "normalizedAxes": [0.7387028336524963, -0.6740312576293945, -1.496650043074409e-16, 0, -2.220446049250313e-16, 1, -0.6740312576293945, -0.7387028336524963, -1.6402497885536967e-16]}, "segments": [99364, 39991, 52994, 58435, 58439, 58466, 58916, 60811, 63517, 63529, 99369, 42417, 49116, 49015, 49103, 75644, 4321, 15768, 102083, 62958], "label": "pillar"}, {"objectId": 28, "id": 28, "partId": 28, "index": 25, "dominantNormal": [0.9599438309669495, -0.2801925241947174, -6.22152383377633e-17], "obb": {"axesLengths": [0.5440015240445479, 2.1175099137981994, 0.149127239630609], "centroid": [-2.337894683014238, 1.0464666288588327, -0.288755073277168], "normalizedAxes": [0.2801925241947174, 0.9599438309669495, 2.1315034869727733e-16, 0, -2.220446049250313e-16, 1, 0.9599438309669495, -0.2801925241947174, -6.22152383377633e-17]}, "segments": [8905, 8960, 9887, 9851, 9396, 8453, 7740, 7768, 7770, 8442, 8583, 8926, 9862, 35438, 88022, 88042, 7583, 7468, 18483, 18552, 6118, 18461], "label": "wall"}], "scan_id": "7ab2a9d1-ebc6-2056-8880-07b5c7404d58", "annId": "4563", "appId": "stk.v1"}