{"segGroups": [{"objectId": 1, "id": 1, "partId": 1, "index": 0, "dominantNormal": [0, -2.220446049250313e-16, 1], "obb": {"axesLengths": [5.8067488797444335, 0.25262998969934847, 4.703324738953897], "centroid": [-1.4568074292170154, 0.1765504596746721, -1.2499050407033032], "normalizedAxes": [-0.1891188621520996, 0.9819542169570923, 2.1803763615870604e-16, 0, -2.220446049250313e-16, 1, 0.9819542169570923, 0.1891188621520996, 4.1992823030434414e-17]}, "segments": [26273, 35046, 24020, 32751, 3191, 3194, 3265, 3274, 3278, 3295, 3345, 3352, 3360, 3382, 3393, 3431, 3481, 3522, 3523, 4949, 4977, 4980, 4988, 4990, 5018, 5029, 5131, 5173, 5178, 5184, 5194, 5195, 5203, 7325, 7334, 7340, 7373, 7375, 7388, 7851, 8502, 8561, 8567, 10067, 10083, 11713, 13764, 19014, 19018, 19029, 19052, 19062, 19071, 19117, 19132, 19162, 19179, 19189, 19261, 19274, 19315, 19336, 19425, 19429, 19483, 19489, 19501, 19570, 19700, 19712, 19838, 19870, 20270, 20287, 20300, 20322, 20339, 20359, 20389, 20421, 20425, 20436, 20454, 20494, 20496, 20505, 20516, 20526, 20569, 20586, 20605, 20614, 20619, 20642, 20655, 20695, 20736, 20754, 21124, 21136, 21158, 21207, 21237, 21327, 22300, 22804, 23216, 23226, 23252, 23253, 23265, 23276, 24009, 24266, 24484, 25134, 25142, 25179, 25683, 26552, 26557, 26593, 26625, 26630, 27099, 27117, 27120, 27183, 27224, 27372, 28764, 28768, 28780, 28789, 29568, 29577, 29595, 29629, 29641, 30414, 30469, 32444, 32511, 32516, 32544, 32573, 32626, 32733, 33214, 34045, 34233, 34771, 34773, 35113, 35119, 35127, 35134, 35139, 35205, 35294, 35317, 35485, 35491, 35528, 35529, 35560, 35569, 36017, 36032, 36042, 41911, 41916, 41919, 41925, 41936, 41971, 41981, 42171, 42173, 42174, 42177, 42181, 42183, 42185, 42188, 42399, 42505, 42509, 42525, 42722, 42725, 43255, 45103, 45109, 45112, 45120, 45124, 45126, 45159, 45164, 45185, 45194, 45265, 45289, 45295, 45508, 45512, 45518, 45860, 46331, 46419, 46935, 47027, 47075, 47814, 47822, 48463, 48471, 48475, 11636, 20855, 31617, 31922, 32976, 34451, 34780, 47952, 48114, 48116, 48119, 18526, 12922, 12929, 24602, 2822, 2846, 2960, 2963, 3093, 3331, 8670, 8691, 8696, 8712, 9883, 10753, 10772, 10804, 10973, 11119, 11540, 11544, 12579, 12666, 12863, 12927, 12968, 12987, 13112, 13475, 13648, 13692, 13695, 13733, 24532, 24533, 24564, 24581, 24597, 24612, 24964, 26728, 26734, 27025, 27046, 27063, 31507, 31556, 32577, 32969, 34016, 34252, 34259, 34873, 34876, 41892, 41895, 41930, 41959, 42527, 42933, 43830, 43849, 45657, 45659, 45662, 45669, 45730, 45740, 45753, 47047, 47057, 47162, 47665, 47685, 47857, 47876, 17464, 25015, 9803, 9866, 11991, 12064, 12903, 12915, 12943, 12944, 12951, 13095, 13127, 15292, 15298, 15306, 15347, 15353, 15667, 15673, 15816, 15841, 16687, 16692, 16697, 16698, 24940, 24959, 25293, 25326, 33401, 33524, 34257, 34564, 34585, 34600, 34603, 34649, 34867, 42951, 43021, 43110, 43112, 43115, 43771, 43780, 43797, 43827, 43834, 43843, 43855, 43922, 44045, 44047, 45752, 45756, 47329, 47754, 48106, 48222, 48226, 48230, 48236, 48238, 48255, 48288, 48291, 9854, 9857, 9858, 9882, 12021, 24951, 25300, 34753, 35160, 43031, 44058, 47166, 47358, 11963, 32709, 47269, 12016, 12036, 16643, 16729, 47170, 9838, 11983, 11958, 11905, 15798, 15801, 16640, 16718, 31998, 34618, 43026, 44053, 47173, 47180, 48135, 48137, 48139, 48212, 48282, 47292, 9831, 44025, 47369, 17455, 2989, 11946, 16623, 16632, 17450, 17452, 34997, 42949, 44050, 44060, 9556, 9513, 9463, 9482, 9495, 9519, 9542, 9555, 9561, 9577, 42665, 42675, 9511, 9529, 21078, 21088, 45764, 8482, 42514, 8512, 7307, 7311], "label": "floor"}, {"objectId": 2, "id": 2, "partId": 2, "index": 1, "dominantNormal": [-0.5508129596710205, -0.834628701210022, -1.8532480021927133e-16], "obb": {"axesLengths": [2.981368241638175, 3.0368599212871494, 0.5536775233258702], "centroid": [-0.32519798194744487, 1.3686513254310928, 0.22304991485320125], "normalizedAxes": [0.834628701210022, -0.5508129596710205, -1.2230504601773895e-16, 0, -2.220446049250313e-16, 1, -0.5508129596710205, -0.834628701210022, -1.8532480021927133e-16]}, "segments": [6103, 2576, 2911, 3106, 14375, 14398, 14419, 14460, 14835, 15201, 15639, 15647, 28438, 28450, 41346, 14272, 20199, 14228, 15585, 33734, 33741, 22679, 26149, 26399, 28052, 46802, 26358, 26215, 25761, 26119, 24802, 26208, 28474, 18342, 12755, 48456, 18292, 12869, 27713, 14519, 14431, 45018, 14332, 14877, 14503, 18865, 45045, 45081, 14345, 15640], "label": "wall"}, {"objectId": 3, "id": 3, "partId": 3, "index": 2, "dominantNormal": [0, -2.220446049250313e-16, 1], "obb": {"axesLengths": [3.65680180180509, 0.18480002467036238, 2.702647585612998], "centroid": [-1.3333932284726673, -0.1396082903915814, 1.502399868995996], "normalizedAxes": [0.5612603425979614, 0.8276392817497253, 1.8377283733655444e-16, 0, -2.220446049250313e-16, 1, 0.8276392817497253, -0.5612603425979614, -1.2462483103225206e-16]}, "segments": [39765, 2130, 3200, 3588, 16472, 16745, 2238, 81, 46927, 9648], "label": "ceiling"}, {"objectId": 4, "id": 4, "partId": 4, "index": 3, "dominantNormal": [0, -2.220446049250313e-16, 1], "obb": {"axesLengths": [1.3483121808450262, 0.09713995239570838, 0.32618833835681754], "centroid": [-1.3014378902804062, -0.09268827353920406, 1.4671399077022085], "normalizedAxes": [0.5386064648628235, 0.8425574898719788, 1.870853449652496e-16, 0, -2.220446049250313e-16, 1, 0.8425574898719788, -0.5386064648628235, -1.195946597005334e-16]}, "segments": [4311, 3682, 3728, 3747, 41982, 4352, 49887, 3697, 3781, 3789, 4266, 4341, 4349, 4381, 4383, 37720, 37723, 37731, 42078, 42080, 42083, 43237, 43253, 49856, 49865, 49868, 49872, 3674, 13831, 13884, 49830, 4403, 42223, 42225, 42230, 3694, 4261, 4267, 4355, 42059, 13544, 4535, 4570, 4607, 4618, 4628, 4635, 4643, 4664, 4742, 4789, 13558, 13567, 42088, 42090, 42095, 42099, 42101, 42104, 42135, 42153, 43542, 43561, 4506, 4507, 4509, 4513, 4585, 4594, 4596, 4609, 4619, 4629, 4716, 4821, 13832, 13848, 13856, 13858, 13889, 13904, 15118, 42093, 42113, 42124, 42126, 42133, 43263, 43278, 43730, 43427, 4221, 4688, 15078, 15115, 15131, 15132, 15151, 42161, 43348, 43352, 43363, 4331], "label": "light"}, {"objectId": 5, "id": 5, "partId": 5, "index": 4, "dominantNormal": [0.9688225984573364, -0.24775545299053192, -5.501276167730483e-17], "obb": {"axesLengths": [0.48110138276560543, 2.8872598956392714, 0.4011204981279628], "centroid": [0.8107467370592518, 0.33768678720077105, 0.16636995205454586], "normalizedAxes": [0.24775545299053192, 0.9688225984573364, 2.1512183111690151e-16, 0, -2.220446049250313e-16, 1, 0.9688225984573364, -0.24775545299053192, -5.501276167730483e-17]}, "segments": [2443, 6684, 6626, 1061, 2437, 266, 4132, 42324, 46851, 27840, 46511, 28339, 28250, 27589, 46543, 27484, 28344, 27594, 46917, 6636, 1133, 220, 452, 27842, 27449], "label": "jalousie"}, {"objectId": 6, "id": 6, "partId": 6, "index": 5, "dominantNormal": [0.8300263285636902, -0.5577241778373718, -1.2383964472503713e-16], "obb": {"axesLengths": [3.6771923624246745, 2.8488399345687028, 0.5811381551628251], "centroid": [-0.09397302757936044, -0.9625297596028368, 0.12705997444808492], "normalizedAxes": [0.5577241778373718, 0.830026388168335, 1.8430288143818862e-16, 0, -2.220446049250313e-16, 1, 0.830026388168335, -0.5577241778373718, -1.2383964472503713e-16]}, "segments": [2201, 41839, 2051, 2392, 7106, 45208, 51, 50383, 50332, 50450, 50784, 37834, 36233, 5258, 5801, 50713, 36403, 39095, 50277, 5634, 82, 89, 525, 530, 545, 551, 1941, 2207, 2656, 2739, 4163, 5276, 5345, 5355, 5369, 5567, 5576, 5579, 5800, 5822, 5835, 7053, 7056, 7071, 7132, 7512, 7781, 7907, 7948, 8033, 8041, 8060, 8079, 8091, 8587, 8592, 8921, 9383, 9390, 9415, 9422, 9706, 9716, 9719, 9744, 9750, 9773, 10847, 11378, 11555, 12571, 18400, 19602, 19971, 19977, 20344, 20520, 20712, 20714, 20726, 21891, 21910, 21961, 23072, 23084, 23114, 25253, 26886, 27313, 28231, 29969, 29990, 29991, 30019, 30029, 30075, 30880, 35188, 35195, 35607, 35751, 35771, 35788, 35805, 35900, 36245, 36349, 36424, 36437, 36449, 36551, 36553, 36588, 36600, 36723, 36784, 36790, 36809, 36901, 36916, 37152, 37160, 37204, 37244, 37267, 37276, 37335, 37713, 37721, 37747, 37838, 37841, 37871, 37960, 37973, 37985, 37993, 37996, 37997, 38029, 38032, 38040, 38073, 38161, 38645, 38646, 38682, 38725, 39431, 40631, 40679, 40728, 41428, 41431, 41438, 41491, 41494, 41511, 41514, 41764, 41822, 42191, 42193, 42196, 45476, 45486, 45494, 47065, 49707, 49708, 49719, 49722, 49727, 49738, 49740, 49745, 49788, 49988, 50018, 50150, 50157, 50178, 50892, 50496, 22023, 24010, 19687, 31390, 50616, 31354, 21247, 46364, 46675, 46699, 50794, 39133, 40359, 35170, 29043, 29010, 35331, 40313, 39124, 46377, 50597, 22025, 45450, 19655, 45105, 19091, 25647, 23023, 45480, 23098, 23107, 30930, 38662, 49994, 37914, 37177, 37100, 37038, 49776, 37003, 49777, 49766, 37102, 49785, 37094, 37130, 20074, 20724, 5618, 36729, 36765], "label": "window"}, {"objectId": 7, "id": 7, "partId": 7, "index": 6, "dominantNormal": [-0.564291775226593, -0.8255754113197327, -1.8331456604231026e-16], "obb": {"axesLengths": [2.676874273027856, 2.824489888001458, 0.25387260502957637], "centroid": [-2.336569335738412, -1.6529348427804562, 0.10224495205733941], "normalizedAxes": [0.8255754113197327, -0.564291775226593, -1.2529794429263342e-16, 0, -2.220446049250313e-16, 1, -0.564291775226593, -0.8255754113197327, -1.8331456604231026e-16]}, "segments": [5642, 40426, 3127, 11102, 12750, 13773, 28502, 34497, 39312, 39363, 40068, 40351, 51409, 51412, 51417, 52135, 52151, 51362, 39387, 39686, 7822, 34879], "label": "wall"}, {"objectId": 8, "id": 8, "partId": 8, "index": 7, "dominantNormal": [-0.5176340937614441, -0.8556020855903625, -1.8998182706794487e-16], "obb": {"axesLengths": [0.8241674667774693, 1.0654310047902682, 0.4327496782043476], "centroid": [-2.631506496554462, -1.2213011469183022, -0.8172845697165004], "normalizedAxes": [0.8556020855903625, -0.5176340937614441, -1.1493785784498647e-16, 0, -2.220446049250313e-16, 1, -0.5176340937614441, -0.8556020855903625, -1.8998182706794487e-16]}, "segments": [15750, 16679, 10628, 19422, 44576, 45256, 19369, 15366, 11509, 14493, 14548, 16976, 42876, 42879, 42880, 23736, 17244, 21066, 11392, 44028, 15963, 45248], "label": "trash can"}, {"objectId": 9, "id": 9, "partId": 9, "index": 8, "dominantNormal": [0.8502082228660583, 0.526446521282196, 1.168946098322623e-16], "obb": {"axesLengths": [0.9314922067373855, 0.6854820098247671, 0.29389188975606445], "centroid": [-1.5335192598298015, 1.2224835616928962, 0.9810289332885525], "normalizedAxes": [-0.526446521282196, 0.8502082228660583, 1.887841489503069e-16, 0, -2.220446049250313e-16, 1, 0.8502082228660583, 0.526446521282196, 1.168946098322623e-16]}, "segments": [17496, 15905, 10471, 13384, 14145, 17555, 17631, 18790, 18796, 18809, 18815, 44595, 44628, 44730, 44733, 15914, 44548, 17564, 14079, 14175], "label": "tv"}, {"objectId": 10, "id": 10, "partId": 10, "index": 9, "dominantNormal": [0, -2.220446049250313e-16, 1], "obb": {"axesLengths": [2.6944968144792774, 0.31300901667008524, 1.9345826988370594], "centroid": [-1.1964873382092998, 0.5737242351180173, -0.5832535682536611], "normalizedAxes": [0.028834452852606773, 0.9995841979980469, 2.219522783337806e-16, 0, -2.220446049250313e-16, 1, 0.9995841979980469, -0.028834452852606773, -6.402534691886513e-18]}, "segments": [36118, 22421, 22498, 48060, 33711, 35849, 35964, 33975, 25370, 45912, 45765, 25919, 47186, 47187, 25739, 33786, 1646, 26478, 21824, 21846, 21879, 22469, 22551, 24704, 25945, 28874, 28883, 28893, 28925, 28931, 29191, 29195, 30095, 30139, 30224, 30242, 30245, 30254, 30263, 30835, 30900, 31054, 31167, 31183, 31676, 31682, 31799, 31802, 32852, 32865, 33054, 33061, 33722, 33757, 35916, 45351, 45353, 46942, 47022, 47068, 47070, 47072, 47151, 47424, 47428, 47442, 47593, 47596, 49105, 49108, 2663], "label": "table"}, {"objectId": 11, "id": 11, "partId": 11, "index": 10, "dominantNormal": [0, -2.220446049250313e-16, 1], "obb": {"axesLengths": [0.7686458093166812, 0.5185829285103916, 0.5939879187375743], "centroid": [-0.11795786617744297, 0.7733488848670131, -0.7599885482243773], "normalizedAxes": [0.9610648155212402, 0.2763230800628662, 6.135604914422692e-17, 0, -2.220446049250313e-16, 1, 0.2763230800628662, -0.9610648155212402, -2.1339925726976188e-16]}, "segments": [19747, 21539, 21550, 25473, 31306, 45908, 47218, 47374, 47230, 47206, 25464, 23496, 25426, 25401, 26052, 46008, 21288, 21543, 25497, 45299, 45300], "label": "chair"}, {"objectId": 12, "id": 12, "partId": 12, "index": 11, "dominantNormal": [0.2316940426826477, -0.9727886915206909, -2.1600248068424997e-16], "obb": {"axesLengths": [0.5197052247767912, 0.5588739687456046, 0.2951791627346529], "centroid": [-0.8638684982408328, -0.4821876301685475, -0.6401750639687094], "normalizedAxes": [0.9727886915206909, 0.2316940426826477, 5.144641217095185e-17, 0, -2.220446049250313e-16, 1, 0.2316940426826477, -0.9727886915206909, -2.1600248068424997e-16]}, "segments": [30716, 30710, 30727, 21001, 22653], "label": "chair"}, {"objectId": 13, "id": 13, "partId": 13, "index": 12, "dominantNormal": [0.28078994154930115, -0.9597692489624023, -2.1311158370505064e-16], "obb": {"axesLengths": [0.49170912624946195, 0.4500250119710336, 0.43246404711989145], "centroid": [-0.5752692122184846, 0.20854576944900927, -1.0246575732133334], "normalizedAxes": [0.9597692489624023, 0.28078994154930115, 6.234789163823721e-17, 0, -2.220446049250313e-16, 1, 0.28078994154930115, -0.9597692489624023, -2.1311158370505064e-16]}, "segments": [23729, 26289, 23799, 24368, 24395, 26275, 26277, 26702, 31344, 31345, 45612, 46258, 46268, 46315, 46325, 23812, 21622, 21623, 21641, 23669, 26247, 45348, 45578, 31324, 21647, 46306, 31308, 24337], "label": "chair"}, {"objectId": 14, "id": 14, "partId": 14, "index": 13, "dominantNormal": [0, -2.220446049250313e-16, 1], "obb": {"axesLengths": [0.6643531322577958, 0.511903006317399, 0.5500595901151858], "centroid": [-1.7765759199373523, 0.8510237975522362, -0.7234015640501329], "normalizedAxes": [-0.5426130294799805, 0.839982807636261, 1.8651365066541214e-16, 0, -2.220446049250313e-16, 1, 0.839982807636261, 0.5426130294799805, 1.2048429575805663e-16]}, "segments": [32210, 47520, 32471, 35958, 28804, 28949, 29095, 29102, 31620, 32164, 46945, 46992, 46997, 47002, 47005, 28984, 49072, 29022, 47567, 47529, 31535, 47419, 32271, 28880, 49026, 49113], "label": "chair"}, {"objectId": 15, "id": 15, "partId": 15, "index": 14, "dominantNormal": [0.9999570250511169, -0.009273648262023926, -2.059163564554806e-18], "obb": {"axesLengths": [0.5414686892242246, 0.667375996693015, 0.4224079095476023], "centroid": [-1.6627954006115528, 1.5793745517389932, -0.7298720653283881], "normalizedAxes": [0.009273647330701351, 0.9999570250511169, 2.220350625694849e-16, 0, -2.220446049250313e-16, 1, 0.9999570250511169, -0.009273647330701351, -2.0591633577596527e-18]}, "segments": [47487, 47448, 32063, 7520, 7533, 7584, 7613, 7620, 7636, 8399, 8407, 32020, 32118, 47514, 47647, 42410, 6376, 6425, 6253, 6297, 6384, 6405, 6421, 6429, 6499, 7467, 7469, 7484, 7496, 31885, 42276, 42293, 42404, 42434, 47445], "label": "chair"}, {"objectId": 16, "id": 16, "partId": 16, "index": 15, "dominantNormal": [-0.48523321747779846, -0.8743847608566284, -1.9415241877687804e-16], "obb": {"axesLengths": [0.7240357084480603, 2.9999999329447746, 0.2813177045927715], "centroid": [1.42325295232849, 0.07507584334804962, 0.3899998985330777], "normalizedAxes": [0.8743847608566284, -0.48523321747779846, -1.0774341807135956e-16, 0, -2.220446049250313e-16, 1, -0.48523321747779846, -0.8743847608566284, -1.9415241877687804e-16]}, "segments": [41663, 20801, 20828, 23490, 25787, 41092, 41287, 20865, 4016, 1530, 1536, 1583, 1594, 20847, 21459, 21593, 41719, 41725, 41727, 41731, 41735, 41741, 41747, 6208, 22136, 22144, 22186, 22201, 22219, 22325, 22611, 22654, 22791, 25277, 25518, 25617, 41109, 41114, 41116, 41153, 41158, 6167, 22100, 22110, 22114, 22117, 27052, 36304, 36658, 36678, 36915, 37352, 45278, 45360, 45420, 45920, 6180, 46094, 7866, 9619, 9624, 10128, 10135, 10144, 10162, 10185, 10188, 10226, 12109, 12110, 12156, 12295, 12316, 12335, 16971, 17018, 17024, 17030, 36596, 37255, 42735, 42738, 42742, 42750, 42956, 42959, 42960, 44069, 44535, 45916, 25311, 25264, 27054, 27182, 36172, 39101, 39302, 46206, 46215, 10347, 42827, 7927, 7953, 7970, 9890, 9909, 10213, 10337, 10374, 42686, 42748, 42754, 42755, 42791, 10368, 42775, 7959, 10364, 10391, 10415, 17443, 17444, 17445, 42861, 42863, 42701, 9918, 9924, 9931, 9932, 42693, 42695, 369, 315, 359, 799, 914, 4129, 4130, 41559, 10009], "label": "wall"}, {"objectId": 22, "id": 22, "partId": 22, "index": 19, "dominantNormal": [0.7939935922622681, -0.6079261302947998, -1.3498671742491193e-16], "obb": {"axesLengths": [0.7898548408183844, 0.34951996022045684, 0.20043324020356199], "centroid": [-1.8383767239317634, 1.5794237333821664, 1.9000098688253035], "normalizedAxes": [0.6079261302947998, 0.7939935922622681, 1.763019935068817e-16, 0, -2.220446049250313e-16, 1, 0.7939935922622681, -0.6079261302947998, -1.3498671742491193e-16]}, "segments": [42492, 42365, 6321, 6359, 8303, 6308, 7281, 6912, 8224, 7275, 7211], "label": "ceiling"}], "scan_id": "5555107f-36f1-29c0-8903-9b66fb2301d0", "annId": "5402", "appId": "stk.v1"}