{"segGroups": [{"objectId": 1, "id": 1, "partId": 1, "index": 0, "dominantNormal": [0, -2.220446049250313e-16, 1], "obb": {"axesLengths": [4.697639723823397, 0.5014199502448752, 4.054336565062672], "centroid": [-1.6051933602072672, 1.961176175880702, -1.0727301167831582], "normalizedAxes": [0.9996237754821777, 0.027428999543190002, 6.090461367056488e-18, 0, -2.220446049250313e-16, 1, 0.027428999543190002, -0.9996237754821777, -2.2196106630060835e-16]}, "segments": [10485, 4766, 15540, 10769, 1123, 755, 4717, 5307, 19859, 16247, 3887, 13030, 14464, 10663, 10626, 4314, 4312, 12329, 24631, 17117, 17630, 20280, 15229, 20362, 8890, 8515, 17670, 13065, 17070, 13139, 13155, 21601, 14722, 12746, 14288, 14777, 13080, 12911, 21778, 759, 954, 1434, 1467, 1508, 2006, 2029, 2049, 2158, 2341, 2410, 3080, 3083, 3982, 4385, 4514, 4570, 4589, 4603, 4674, 4697, 4707, 4710, 4917, 4929, 4941, 6004, 6410, 6435, 6526, 6779, 6834, 6922, 7170, 8013, 8046, 8051, 8063, 8090, 8132, 8141, 8150, 8170, 8174, 8193, 8241, 8472, 8476, 8497, 8501, 8514, 8771, 8821, 8858, 8870, 8891, 8952, 8960, 8984, 8997, 9001, 9005, 9010, 9020, 9039, 9054, 9059, 9224, 9328, 9331, 9332, 9341, 9353, 9355, 9369, 9382, 9387, 9390, 9395, 9425, 9434, 9493, 9717, 9758, 9897, 9918, 9924, 9951, 9962, 9964, 9969, 9971, 9987, 9989, 9992, 10001, 10004, 10024, 10031, 10038, 10079, 10407, 10473, 10554, 10564, 10567, 10577, 10578, 10683, 10692, 10708, 10746, 10854, 10860, 11352, 11358, 11363, 11372, 11469, 11478, 11508, 11833, 12094, 12113, 12118, 12195, 12228, 12235, 12253, 12260, 12262, 12267, 12276, 12338, 12403, 12408, 12425, 12431, 12445, 12451, 12454, 12470, 12520, 12570, 12582, 12602, 12609, 12620, 12644, 12647, 12656, 12682, 12695, 12703, 12726, 12773, 12778, 12900, 12967, 13001, 13021, 13037, 13052, 13085, 13107, 13118, 13242, 13254, 13261, 13721, 13764, 14182, 14184, 14277, 14477, 14707, 14708, 14721, 14915, 14943, 14947, 14953, 14956, 15027, 15114, 15233, 15255, 15261, 15275, 15338, 15344, 15413, 15421, 15428, 15430, 15467, 15477, 15498, 15516, 15542, 15553, 15555, 15562, 15591, 15602, 15637, 15640, 15644, 15660, 15775, 15858, 16111, 16208, 16379, 16397, 16403, 16451, 16588, 16589, 16670, 16826, 17161, 17315, 17323, 17344, 17421, 17422, 17501, 17609, 17813, 17814, 17831, 17928, 18061, 18775, 19069, 19072, 19134, 19180, 19184, 19854, 19862, 19864, 19904, 19908, 19926, 19938, 20087, 20220, 20239, 20249, 20252, 20335, 20514, 20519, 20551, 20559, 20560, 20562, 20563, 20574, 20586, 20601, 20665, 20697, 20700, 20808, 20878, 20922, 21439, 21497, 21517, 21532, 21535, 21554, 21556, 21607, 21633, 21646, 21659, 21664, 21692, 21696, 21760, 21764, 21789, 21792, 21796, 21823, 21902, 22302, 22532, 22533, 22543, 22545, 22865, 22926, 23110, 23693, 23962, 23985, 24940, 24943, 16384, 12153], "label": "floor"}, {"objectId": 2, "id": 2, "partId": 2, "index": 1, "dominantNormal": [0, -2.220446049250313e-16, 1], "obb": {"axesLengths": [2.4633323972662766, 0.6592419894209062, 1.2623351016461344], "centroid": [-0.7685803113917693, 1.390084179214412, -0.6415451640290395], "normalizedAxes": [-0.46601879596710205, 0.8847748041152954, 1.9645947182740273e-16, 0, -2.220446049250313e-16, 1, 0.8847748041152954, 0.46601879596710205, 1.0347695943815395e-16]}, "segments": [8942, 4485, 19714, 8701, 17407, 4866, 21040, 7475, 9203, 16642, 10419, 16658, 17396, 16622, 17597, 16038, 11718, 11565, 20412, 9217, 9121, 9179, 9084, 11140, 11033, 19574, 6999, 6965, 6859, 20993, 6849, 11687, 21010, 11620, 21910, 18196, 1291, 23126, 10970, 10935], "label": "table"}, {"objectId": 3, "id": 3, "partId": 3, "index": 2, "dominantNormal": [0.29945114254951477, -0.954111635684967, -2.118553412000439e-16], "obb": {"axesLengths": [1.1347047191951294, 0.5479599711009864, 0.49864195859417165], "centroid": [-1.6597874036715776, 1.902724930410758, -0.9639801335190246], "normalizedAxes": [0.954111635684967, 0.29945114254951477, 6.649151064175624e-17, 0, -2.220446049250313e-16, 1, 0.29945114254951477, -0.954111635684967, -2.118553412000439e-16]}, "segments": [17310, 49, 62, 17177, 18209, 457, 144, 1259, 51, 89, 463, 615, 634, 1189, 1197, 1436, 1472, 1510, 1556, 1561, 1584, 1599, 2047, 2099, 2108, 2128, 2138, 2166, 2254, 8449, 18111, 18191, 18200, 18267, 18299, 18638, 20082, 4564, 1107, 18351, 3209], "label": "bench"}, {"objectId": 4, "id": 4, "partId": 4, "index": 3, "dominantNormal": [0.9077195525169373, -0.41957738995552063, -9.316489578814938e-17], "obb": {"axesLengths": [0.7214752464471818, 0.8928200104947385, 0.7383526364807503], "centroid": [-1.4802638322352626, 1.2142602270334284, -0.7281101499920344], "normalizedAxes": [0.9077195525169373, -0.419577419757843, -9.316490240559428e-17, 0, -2.220446049250313e-16, 1, -0.419577419757843, -0.9077195525169373, -2.0155422942134954e-16]}, "segments": [16714, 23063, 6168, 8702, 2657, 2706, 2708, 2715, 2722, 6023, 9261, 23329, 20216, 9124], "label": "chair"}, {"objectId": 5, "id": 5, "partId": 5, "index": 4, "dominantNormal": [0.24720343947410583, -0.968963623046875, -2.1515314486617032e-16], "obb": {"axesLengths": [0.6347871428499129, 0.8978690304338399, 0.4998200257176468], "centroid": [-1.2267577114212962, 0.6844471082407679, -0.7903856626066825], "normalizedAxes": [0.968963623046875, 0.24720345437526703, 5.489019336285917e-17, 0, -2.220446049250313e-16, 1, 0.24720345437526703, -0.968963623046875, -2.1515314486617032e-16]}, "segments": [11983, 20477, 9185, 8735, 4857, 19081, 20032, 20469, 12010, 4419, 4277, 11083, 14569, 21505, 21511], "label": "chair"}, {"objectId": 7, "id": 7, "partId": 7, "index": 5, "dominantNormal": [0.9994720220565796, 0.032490506768226624, 7.214341739164936e-18], "obb": {"axesLengths": [0.6242240355273441, 0.622708008675843, 0.3401727775466735], "centroid": [-0.00958103862544113, 1.0029166843926958, -0.6086011560573952], "normalizedAxes": [-0.032490506768226624, 0.9994720220565796, 2.219273702711754e-16, 0, -2.220446049250313e-16, 1, 0.9994720220565796, 0.032490506768226624, 7.214341739164936e-18]}, "segments": [9550, 14140, 9570, 9582, 9606, 9612, 9620, 9820, 14123, 14157, 14200, 14237, 17555, 22307, 22309, 22322, 22349, 22351, 22353, 22358, 24980, 24983, 24986, 24990, 9845, 9806, 9837, 10282, 14261, 14262, 23242, 16569, 14149, 10292, 14194, 16256, 16520, 20833, 22312, 22445, 23236, 16309, 16324, 10320, 16275, 16288, 16576, 20837, 23202, 23290, 23307, 23195, 10330, 10336, 10350, 16343, 20843, 20845, 23222, 23238, 23269], "label": "chair"}, {"objectId": 9, "id": 9, "partId": 9, "index": 6, "dominantNormal": [0.18621498346328735, 0.9825090169906616, 2.1816082651297233e-16], "obb": {"axesLengths": [0.3551247154331252, 0.44161700215301636, 0.37248524342386435], "centroid": [-0.9760575896781611, 2.642945516226261, -0.9977916721748223], "normalizedAxes": [0.18621498346328735, 0.9825090169906616, 2.1816082651297233e-16, 0, -2.220446049250313e-16, 1, 0.9825090169906616, -0.18621498346328735, -4.134803243422688e-17]}, "segments": [21162, 23806, 10884, 12836, 11114, 6079, 10892, 11134, 11935, 11954, 11963, 12573, 12673, 12831, 12875, 12896, 13152, 16771, 16787, 16802, 16816, 16837, 16843, 16949, 17000, 17006, 17067, 17145, 21240, 21610, 21637, 23335, 23338, 23341, 23344, 23559, 23584, 23587, 23628, 23778, 23788, 23850, 23853, 23911, 16791, 13060, 23716, 12764, 6335], "label": "stool"}, {"objectId": 10, "id": 10, "partId": 10, "index": 7, "dominantNormal": [0, -2.220446049250313e-16, 1], "obb": {"axesLengths": [3.711458901930897, 0.6615899653377385, 0.8660885336347577], "centroid": [-2.2143056070672023, 3.5338571643315615, -0.9607951295943189], "normalizedAxes": [0.9077103137969971, 0.4195973873138428, 9.316933609367756e-17, 0, -2.220446049250313e-16, 1, 0.4195973873138428, -0.9077103137969971, -2.015521780134304e-16]}, "segments": [1936, 561, 10201, 10220, 11449, 11895, 11928, 11977, 12315, 12325, 12362, 12480, 12485, 12574, 12713, 12715, 12772, 12973, 13605, 14505, 17977, 17984, 17988, 17992, 18017, 20745, 20822, 22203, 4021, 22070, 22074, 22075, 22140, 22150, 22164, 22169, 4029, 4032, 4133, 13453, 13566, 13569, 13584, 19036, 22143, 22161, 22180, 1962, 1966, 2401, 4110, 4123, 4126, 13368, 13552, 13589, 13635, 13652, 18437, 22184, 22187, 22207, 22210, 22213, 22235, 13302, 10227, 12448, 12770, 12819, 13352, 13406, 13410, 13457, 19917, 19944, 22053, 22175, 19981, 307, 8332, 8345, 2596, 8350, 241, 264, 282, 9323, 9469, 18481, 18541, 18544, 5152, 5583, 10627, 10648, 803, 315, 324, 376, 868, 894, 896, 18094, 19949, 214, 2610, 383, 403, 2499, 2504, 18105, 7157, 7185, 2280, 2288, 2289, 2310, 2354, 8418, 18103, 18429, 20041, 20128, 20166, 5012, 7915, 6693, 6701, 6594, 5520, 904, 1544, 2150, 3097, 3111, 3463, 4887, 4962, 4975, 4994, 5479, 5578, 5584, 5716, 5745, 5756, 5786, 5815, 5860, 5867, 5958, 5963, 5980, 6541, 6704, 6716, 6750, 6757, 7820, 7852, 7868, 7878, 7893, 7911, 7954, 8057, 8120, 8374, 8398, 8547, 8574, 8583, 10238, 10239, 10619, 12792, 13222, 13790, 18369, 18564, 19086, 19160, 19166, 19332, 19335, 19338, 19537, 19544, 19551, 19775, 19823, 19850, 20193, 24349, 5023, 6742, 6332, 5457, 5491, 5492, 6148, 6165, 6199, 6234, 6257, 6268, 6681, 19248, 19250, 19255, 19257, 19687, 6219, 7290, 7320, 7323, 7326, 7349, 7401, 7422, 19211, 19349, 19632, 19638, 19642, 19658, 19676, 19692, 19696, 4192, 3144, 1869, 5537, 5602, 5608, 6597, 6786, 10273, 19265, 19267, 19426, 20964, 24441, 6636, 1763, 1738, 1905, 1951, 5113, 5288, 5368, 18071, 18072, 19106, 19409, 1891, 19123, 1909, 1914, 1994, 5073, 23019, 20906, 3248, 3230], "label": "shelf"}, {"objectId": 12, "id": 12, "partId": 12, "index": 8, "dominantNormal": [0, -2.220446049250313e-16, 1], "obb": {"axesLengths": [0.5012318596385116, 0.3212169933047071, 0.47967128175063084], "centroid": [-1.437644469381071, 2.5285248333166046, -0.9246216377328009], "normalizedAxes": [0.31845372915267944, 0.9479383826255798, 2.1048460366337004e-16, 0, -2.220446049250313e-16, 1, 0.9479383826255798, -0.31845372915267944, -7.071093247660963e-17]}, "segments": [21191, 4787, 6997, 21169, 19603, 4662, 7589, 7017, 7019, 19583, 15753, 21828, 21334, 7065, 7094, 7125, 7149, 7169, 7172, 7201, 7215, 7220, 7222, 7604, 7640, 7650, 7651, 7687, 7688, 7709, 14354, 14381, 14385, 14458, 15801, 15817, 19587, 19589, 19619, 19727, 19750, 19753, 19757, 19761, 19763, 19770, 19771, 21153, 21207, 21242, 21247, 21251, 21253, 21256, 21292, 21310, 21313, 21383, 22007], "label": "stool"}, {"objectId": 13, "id": 13, "partId": 13, "index": 9, "dominantNormal": [0.9374369978904724, 0.3481549322605133, 7.730592438648671e-17], "obb": {"axesLengths": [0.6251301030094237, 1.4204900245258945, 0.25045989457747414], "centroid": [-0.26869931337944186, 2.1119136971359276, -0.44024517334450053], "normalizedAxes": [-0.3481549322605133, 0.9374369978904724, 2.0815282783869735e-16, 0, -2.220446049250313e-16, 1, 0.9374369978904724, 0.3481549322605133, 7.730592438648671e-17]}, "segments": [17276, 14810, 22832, 13772, 4124, 4240, 4271, 4276, 4294, 4336, 4546, 6365, 6399, 6459, 6503, 11297, 11305, 11327, 14072, 14077, 15047, 15862, 16101, 16692, 16815, 16842, 16857, 16901, 16933, 16939, 16952, 17086, 18319, 18330, 18755, 18764, 18769, 22245, 22304, 22362, 22639, 22849, 22852, 22855, 22858, 22862, 24970, 24972, 24978, 4449, 14753, 11300, 9702, 17027, 15748], "label": "wall"}, {"objectId": 17, "id": 17, "partId": 17, "index": 11, "dominantNormal": [-0.6972888112068176, -0.7167903184890747, -1.5915942308299396e-16], "obb": {"axesLengths": [0.6788846255435991, 0.767204982775338, 0.4444999311116342], "centroid": [-0.9304919777044087, 1.9993277230532311, -0.13360266275102317], "normalizedAxes": [0.7167903184890747, -0.6972888112068176, -1.5482921860306256e-16, 0, -2.220446049250313e-16, 1, -0.6972888112068176, -0.7167903184890747, -1.5915942308299396e-16]}, "segments": [2445, 7383, 18977, 3680, 2887, 2864, 2977, 11109, 20196, 2804, 2835, 2840, 2870, 2871, 2888, 2894, 2920, 2927, 2950, 2974, 3795, 3805, 3811, 3817, 7087, 18640, 18687, 18719, 18738, 18877, 18958, 18695, 18894, 3498, 18864, 3366, 3370, 3443, 3449, 3491, 3551, 3596, 3635, 3689, 3699, 3712, 3737, 11006, 18840, 18915, 18925, 18928, 18933, 3578, 3466, 3844, 20236, 8375, 5050, 4831, 4877, 4949, 5434, 18569, 4780, 4844, 4856, 5664, 10902, 17392, 5217, 4809, 4815, 5240, 5246, 5280, 5332, 5667, 10593, 18452, 18511, 24957, 18456, 5456, 4829, 5193, 5285, 5391, 5613, 18402, 18444, 18465, 18477], "label": "vase"}, {"objectId": 18, "id": 18, "partId": 18, "index": 12, "dominantNormal": [0, -2.220446049250313e-16, 1], "obb": {"axesLengths": [0.3943873316025102, 0.11129697908542346, 0.14682573117754688], "centroid": [-1.063126420776085, 1.6676631451141075, -0.45435165529657606], "normalizedAxes": [0.6397855877876282, 0.7685534358024597, 1.7065314401653258e-16, 0, -2.220446049250313e-16, 1, 0.7685534358024597, -0.6397855877876282, -1.4206093807703283e-16]}, "segments": [9432, 9664, 11373], "label": "item"}, {"objectId": 19, "id": 19, "partId": 19, "index": 13, "dominantNormal": [0.6901721954345703, -0.7236451506614685, -1.6068150158454053e-16], "obb": {"axesLengths": [0.1451496618239565, 0.24448099185941374, 0.10111828979791933], "centroid": [-0.5337845812014509, 1.5571829831661237, -0.39224066639899124], "normalizedAxes": [0.7236451506614685, 0.6901721954345703, 1.5324901246551066e-16, 0, -2.220446049250313e-16, 1, 0.6901721954345703, -0.7236451506614685, -1.6068150158454053e-16]}, "segments": [10393, 17207, 17210, 24947, 24010], "label": "candle"}, {"objectId": 20, "id": 20, "partId": 20, "index": 14, "dominantNormal": [0.26361730694770813, -0.9646273255348206, -2.141902933982688e-16], "obb": {"axesLengths": [0.14559252476190643, 0.1383379964901954, 0.07679714114526759], "centroid": [-0.5649956610424578, 1.4682802944973163, -0.44083114659418987], "normalizedAxes": [0.9646273255348206, 0.26361730694770813, 5.853480077260456e-17, 0, -2.220446049250313e-16, 1, 0.26361730694770813, -0.9646273255348206, -2.141902933982688e-16]}, "segments": [17233, 23978, 24036, 24030, 17241], "label": "item"}, {"objectId": 21, "id": 21, "partId": 21, "index": 15, "dominantNormal": [0, -2.220446049250313e-16, 1], "obb": {"axesLengths": [0.4615802645177904, 0.21284201265479585, 0.4196113166021222], "centroid": [-0.6433329297079085, 0.8858113850889644, -0.41834517564598483], "normalizedAxes": [-0.12211304157972336, 0.9925162196159363, 2.2038287186630618e-16, 0, -2.220446049250313e-16, 1, 0.9925162196159363, 0.12211304157972336, 2.7114542073763594e-17]}, "segments": [10901, 20929, 7764, 10914, 10961, 11198, 17725, 17764, 17781, 23858, 20939], "label": "plate"}, {"objectId": 23, "id": 23, "partId": 23, "index": 16, "dominantNormal": [0.9993375539779663, 0.03639316186308861, 8.080905247862226e-18], "obb": {"axesLengths": [0.0881198398496293, 0.13051801628206627, 0.03706207235265897], "centroid": [-0.6101221861050262, 1.8733564767972322, -0.44824916798809955], "normalizedAxes": [-0.03639316186308861, 0.9993375539779663, 2.2189751235978468e-16, 0, -2.220446049250313e-16, 1, 0.9993375539779663, 0.03639316186308861, 8.080905247862226e-18]}, "segments": [17382], "label": "item"}], "scan_id": "6a36052d-fa53-2915-9764-30d81b2cc2b5", "annId": "5080", "appId": "stk.v1"}