{"segGroups": [{"objectId": 1, "id": 1, "partId": 1, "index": 0, "dominantNormal": [0, -2.220446049250313e-16, 1], "obb": {"axesLengths": [6.134108747980075, 0.49999998882412855, 4.078082849376148], "centroid": [-2.3435999998768997, -0.3214283405309802, -1.4000000398606067], "normalizedAxes": [0.9879961013793945, 0.15447863936424255, 3.430114844698963e-17, 0, -2.220446049250313e-16, 1, 0.15447863936424255, -0.9879961013793945, -2.1937920399825884e-16]}, "segments": [59844, 2646, 5754, 5932, 5974, 6184, 6213, 9729, 10062, 10081, 10096, 11338, 11394, 13935, 17566, 17628, 19141, 20551, 20912, 29941, 31018, 32921, 32947, 32963, 32976, 32981, 33070, 33079, 33104, 33115, 33164, 33168, 33211, 33220, 33244, 33583, 35128, 35154, 35164, 35198, 35240, 35903, 40363, 40364, 40396, 40424, 41363, 41691, 44929, 44989, 45025, 45035, 45066, 48293, 51263, 51276, 51319, 51345, 51347, 51360, 51392, 51399, 51407, 51416, 53171, 53181, 53214, 53228, 57593, 57620, 61524, 61576, 61634, 61638, 61717, 62966, 65805, 66578, 66637, 71163, 75100, 75110, 78802, 78804, 78807, 78819, 79131, 79134, 79137, 79140, 79143, 79144, 79152, 79155, 81583, 81588, 81593, 83210, 88609, 88612, 88694, 88711, 90659, 90899, 93267, 93577, 94030, 33755, 35822, 35878, 35883, 33989, 3503, 14252, 19865, 19888, 21229, 31307, 33799, 35836, 40455, 57908, 61618, 75094, 79150, 89138, 24974, 5914, 8355, 11235, 11243, 11251, 11254, 13680, 13697, 13924, 13940, 13952, 14226, 23714, 33006, 33251, 64755, 75780, 75839, 75844, 75846, 78847, 78851, 67188, 14155, 41429, 13522, 68232, 66720, 13955, 33292, 14230, 13709, 92795, 32767], "label": "floor"}, {"objectId": 2, "id": 2, "partId": 2, "index": 1, "dominantNormal": [-0.0819520577788353, -0.9966362714767456, -2.2129770715401023e-16], "obb": {"axesLengths": [5.568012414152245, 2.9591098362406365, 0.23647175962593578], "centroid": [-2.1994025930675853, 1.6618682889371916, -0.04331508740823753], "normalizedAxes": [0.9966362714767456, -0.0819520577788353, -1.8197012292294822e-17, 0, -2.220446049250313e-16, 1, -0.0819520577788353, -0.9966362714767456, -2.2129770715401023e-16]}, "segments": [18535, 59048, 59054, 58956, 25560, 54925, 1810, 22712, 84890, 20082, 15860], "label": "wall"}, {"objectId": 3, "id": 3, "partId": 3, "index": 2, "dominantNormal": [0.997539758682251, -0.07010257244110107, -1.5565898001912676e-17], "obb": {"axesLengths": [3.983244202441309, 2.9594599539162214, 0.16109180785346786], "centroid": [0.3898295780433123, -0.4846426025738393, -0.050270055228398114], "normalizedAxes": [0.07010257989168167, 0.997539758682251, 2.214983216136115e-16, 0, -2.220446049250313e-16, 1, 0.997539758682251, -0.07010257989168167, -1.55658996562739e-17]}, "segments": [29042, 42911, 59149, 31386, 19053, 46292, 53139, 24008, 23095, 64943, 48974, 49646, 55810, 14876, 67774, 67850, 57381, 62855, 27110], "label": "wall"}, {"objectId": 4, "id": 4, "partId": 4, "index": 3, "dominantNormal": [0.9933165311813354, -0.11542217433452606, -2.5628871099697928e-17], "obb": {"axesLengths": [1.3251026883121653, 2.024399950554967, 0.2569742779958286], "centroid": [0.4204772494576958, -0.07147249541724343, -0.5022000912085172], "normalizedAxes": [0.11542217433452606, 0.9933165311813354, 2.2056057673166217e-16, 0, -2.220446049250313e-16, 1, 0.9933165311813354, -0.11542217433452606, -2.5628871099697928e-17]}, "segments": [91693, 54088, 4608, 32109, 29620, 91456, 8158, 91505, 53962, 5098, 58468, 89997, 5095, 5120, 5127, 5227, 5266, 6636, 6639, 7147, 7161, 7187, 7191, 7199, 7235, 7270, 7302, 7313, 7415, 7422, 7432, 7442, 7557, 7643, 7737, 7804, 7811, 7819, 7894, 8146, 8236, 8270, 8801, 9658, 9787, 9801, 9810, 15436, 15474, 15642, 16084, 16111, 16500, 16552, 17451, 29619, 30448, 30911, 30913, 31364, 32811, 34304, 53805, 53878, 53881, 53903, 53912, 53913, 53941, 53970, 53975, 53977, 53981, 54029, 54035, 54042, 54049, 54087, 58515, 63753, 63778, 73129, 73132, 73133, 73138, 73141, 73145, 73148, 73158, 73168, 73175, 73178, 73180, 73186, 73188, 73196, 73212, 73215, 73225, 73229, 73253, 73260, 73264, 73269, 73271, 84988, 84991, 84998, 85000, 85004, 85056, 85063, 85078, 85079, 85081, 85085, 89936, 89973, 91514, 5482], "label": "door"}, {"objectId": 5, "id": 5, "partId": 5, "index": 4, "dominantNormal": [-0.09499241411685944, -0.9954779744148254, -2.2104051354051034e-16], "obb": {"axesLengths": [4.96157343641131, 2.9555999572068448, 0.23564397506710524], "centroid": [-2.1916235100157033, -2.1629450581435323, -0.054270122849865876], "normalizedAxes": [0.9954779744148254, -0.09499241411685944, -2.109255306345302e-17, 0, -2.220446049250313e-16, 1, -0.09499241411685944, -0.9954779744148254, -2.2104051354051034e-16]}, "segments": [66474, 46029, 47896, 67998, 91195, 71488, 72089, 71454, 58885, 58502], "label": "wall"}, {"objectId": 6, "id": 6, "partId": 6, "index": 5, "dominantNormal": [0.7143943309783936, 0.6997433304786682, 1.553742313650615e-16], "obb": {"axesLengths": [1.0459823138651452, 2.9266999305777253, 0.8508059139752518], "centroid": [-5.078564384258639, -1.8957973610091556, -0.14665010802485035], "normalizedAxes": [-0.6997433304786682, 0.7143943309783936, 1.5862740698277945e-16, 0, -2.220446049250313e-16, 1, 0.7143943309783936, 0.6997433304786682, 1.553742313650615e-16]}, "segments": [75612, 22222, 19545, 75620, 11864, 16219, 2684, 2686, 2704, 10961, 11740, 11847, 11911, 12666, 12916, 12932, 12985, 13014, 13022, 13028, 13927, 15106, 15182, 15864, 15916, 15926, 15932, 15974, 15990, 15993, 16029, 16031, 16038, 16042, 16372, 20244, 22609, 22644, 73918, 75257, 75262, 75274, 75634, 75882, 76151, 76302, 62603, 14995, 75865, 20325, 22360, 44045, 37125, 80491, 77120, 10202, 23764, 23717, 72908, 94786, 72864, 2751, 2833, 2866, 2863, 73923, 77121, 20124, 2879, 2824, 73947, 2948, 76395, 20110, 20114, 20161, 16427], "label": "window"}, {"objectId": 7, "id": 7, "partId": 7, "index": 6, "dominantNormal": [0.9968132376670837, -0.0797705426812172, -1.771261863430622e-17], "obb": {"axesLengths": [3.4262405249412344, 2.9825798798520875, 0.24474448390586412], "centroid": [-5.074270059383368, 0.2515475961032122, -0.04881009909190204], "normalizedAxes": [0.07977055013179779, 0.9968132376670837, 2.2133700154182895e-16, 0, -2.220446049250313e-16, 1, 0.9968132376670837, -0.07977055013179779, -1.7712620288667445e-17]}, "segments": [35004, 11897, 58904, 83907, 30765, 39143, 44758], "label": "wall"}, {"objectId": 8, "id": 8, "partId": 8, "index": 7, "dominantNormal": [0, -2.220446049250313e-16, 1], "obb": {"axesLengths": [6.610980078925382, 0.26144003283739004, 5.374313998162091], "centroid": [-2.2792137681149147, -0.0992181725607208, 1.3392798843395708], "normalizedAxes": [0.8859847187995911, -0.4637143909931183, -1.0296527874611845e-16, 0, -2.220446049250313e-16, 1, -0.4637143909931183, -0.8859847187995911, -1.9672812685547016e-16]}, "segments": [8663, 18856, 56152, 68596, 66840, 14892, 18548, 4904, 6560, 16676, 17135, 19852, 26492, 27398, 32010, 37604, 39334, 40878, 40980, 40997, 51206, 56317, 56413, 56898, 57585, 66036, 85898, 90693, 43843, 43199, 41018, 68536, 85928, 85933, 85938, 6231, 73581, 6417, 7559, 7101, 31987, 6581, 6347, 1185, 85947, 54226], "label": "ceiling"}, {"objectId": 9, "id": 9, "partId": 9, "index": 8, "dominantNormal": [0.9961310625076294, -0.08787999302148819, -1.9513278331270853e-17], "obb": {"axesLengths": [0.8545139851230393, 2.0770998728923518, 0.47207833410249506], "centroid": [-4.843548934800526, 0.5063989653168082, -0.5085500718977303], "normalizedAxes": [0.08787999302148819, 0.9961310625076294, 2.2118552822805824e-16, 0, -2.220446049250313e-16, 1, 0.9961310625076294, -0.08787999302148819, -1.9513278331270853e-17]}, "segments": [5619, 5626, 9383, 12141, 9342, 8805, 75464, 8963, 12129, 12131, 11934, 11788, 83814, 12609, 75755, 15311, 11050, 75928, 9866, 9919, 9933, 9940, 10308, 12534, 12587, 75070, 75073, 75075], "label": "cabinet"}, {"objectId": 10, "id": 10, "partId": 10, "index": 9, "dominantNormal": [0.9996206164360046, -0.027542686089873314, -6.115704851400075e-18], "obb": {"axesLengths": [0.7094523968965115, 1.5323977463156482, 0.43594883384486], "centroid": [-4.773112621768833, 1.5865223240216988, -0.7415111681481206], "normalizedAxes": [0.027542687952518463, 0.9996206164360046, 2.219603648514489e-16, 0, -2.220446049250313e-16, 1, 0.9996206164360046, -0.027542687952518463, -6.1157052649903816e-18]}, "segments": [45605, 81819, 45458, 81791, 29326, 29476, 29488, 45534, 78352, 78355, 81732, 81828, 44786, 44759, 44807, 81817, 44766, 78306, 78309, 15163, 52287, 15152, 15196, 15211, 15224, 15227, 15250, 15460, 15471, 15501, 25836, 29196, 29428, 45622, 45636, 52269, 52278, 75898, 75913, 75918, 75920, 78313, 81826, 84053, 84083, 84132, 83641, 52045, 44877, 81558, 44882, 35567, 35541, 39637, 16260, 15158, 15168, 15722, 15777, 15779, 15830, 16659, 16663, 16682, 16705, 16735, 16822, 16834, 16842, 16923, 25032, 25081, 25504, 25680, 29655, 29701, 31224, 31253, 39660, 39680, 39689, 39699, 39730, 44873, 44875, 47741, 47746, 47766, 47789, 47824, 47873, 47874, 47889, 47892, 47942, 47951, 47957, 47986, 48061, 52135, 52195, 52296, 76022, 76026, 76093, 76100, 77614, 77636, 77647, 78384, 80304, 81569, 82226, 82234, 82247, 82272, 82312, 82338, 82342, 82353, 83676, 84014, 29321, 16182, 26406, 29289, 77754, 77802, 80294], "label": "shelf"}, {"objectId": 11, "id": 11, "partId": 11, "index": 10, "dominantNormal": [-0.12226828932762146, -0.9924970865249634, -2.203786234666801e-16], "obb": {"axesLengths": [3.9087109428698255, 1.8575909914614774, 0.6644328672194292], "centroid": [-2.8123128204846344, 1.4118030119878346, -0.5842145904701683], "normalizedAxes": [0.9924970865249634, -0.12226828932762146, -2.714901399861113e-17, 0, -2.220446049250313e-16, 1, -0.12226828932762146, -0.9924970865249634, -2.203786234666801e-16]}, "segments": [45108, 63173, 61973, 45939, 62509, 18994, 17832, 17302, 64183, 64336, 18775, 90170, 19509, 63196, 24764, 50257, 48677, 48954, 44957, 35156, 35086, 18064, 25827, 16154, 16202, 16007, 15928, 18044, 15897, 16151, 76029, 45760, 51982, 84461, 63149, 25830, 79092, 29498, 40508, 89208], "label": "kitchen cabinet"}, {"objectId": 12, "id": 12, "partId": 12, "index": 11, "dominantNormal": [-0.2843000590801239, -0.9587353467941284, -2.1288201130656513e-16], "obb": {"axesLengths": [0.874501841996318, 0.7588099667695913, 0.47216291633129254], "centroid": [-2.0455792873907885, 1.2758230714073904, -1.0694050605728105], "normalizedAxes": [0.9587353467941284, -0.2843000590801239, -6.312729429860917e-17, 0, -2.220446049250313e-16, 1, -0.2843000590801239, -0.9587353467941284, -2.1288201130656513e-16]}, "segments": [83582, 51855, 51819, 83636, 50493, 48403, 50321, 50465, 82733, 51833, 52527, 51889, 45912, 50170, 84209, 52668, 61138, 45990, 32338, 46049, 48361, 48412, 48413, 50340, 50557, 51866, 52518, 52537, 52606, 52639, 59964, 60081, 60145, 60149, 60162, 60182, 60192, 60232, 60237, 60270, 60288, 60335, 60343, 60372, 60391, 60488, 61112, 61140, 61145, 61149, 61161, 61189, 61194, 61238, 61247, 61669, 61699, 61743, 84479, 87567, 87627, 87645, 87653, 87656, 87664, 87666, 87673, 87741, 88326, 88357, 88377, 88709, 88742, 88818, 88822, 88826, 88829, 45909, 60440], "label": "oven"}, {"objectId": 13, "id": 13, "partId": 13, "index": 12, "dominantNormal": [0, -2.220446049250313e-16, 1], "obb": {"axesLengths": [2.3760259957671828, 0.3839909944536313, 0.8475676773738245], "centroid": [-2.2110042336932225, 1.3647528140895808, -0.6780045830904429], "normalizedAxes": [0.9991555213928223, 0.04108850657939911, 9.123481210382225e-18, 0, -2.220446049250313e-16, 1, 0.04108850657939911, -0.9991555213928223, -2.2185709300633289e-16]}, "segments": [44458, 50677, 34247, 62088, 53346, 81221, 62471, 89092, 23215, 23434, 46601], "label": "kitchen counter"}, {"objectId": 14, "id": 14, "partId": 14, "index": 13, "dominantNormal": [-0.08718673139810562, -0.9961919784545898, -2.211990542854347e-16], "obb": {"axesLengths": [1.3405269170753613, 0.63333695642642, 0.5945984125011242], "centroid": [-2.7105848226862075, 1.5283438544691959, 0.3066683836653423], "normalizedAxes": [0.9961919784545898, -0.08718673139810562, -1.9359343327997185e-17, 0, -2.220446049250313e-16, 1, -0.08718673139810562, -0.9961919784545898, -2.211990542854347e-16]}, "segments": [57947, 21789, 22908, 19487, 21865, 21942, 21974, 22038, 22040, 22969, 22995, 23041, 53009, 57768, 58338, 76707, 76710, 86984, 23007, 52954, 54691, 55115, 54569, 54789, 55105, 21399, 54598, 24061, 53052, 77040, 21662, 76700, 76704, 22998, 84707], "label": "kitchen cabinet"}, {"objectId": 15, "id": 15, "partId": 15, "index": 14, "dominantNormal": [-0.12500420212745667, -0.9921562075614929, -2.2030293313190906e-16], "obb": {"axesLengths": [0.8546930855951589, 0.6599999798089267, 0.4523716821457921], "centroid": [-1.2687468730504934, 1.440068743855175, 0.29999989625066537], "normalizedAxes": [0.9921562075614929, -0.12500420212745667, -2.7756508675359873e-17, 0, -2.220446049250313e-16, 1, -0.12500420212745667, -0.9921562075614929, -2.2030293313190906e-16]}, "segments": [27468, 75655, 13137, 11027, 11137, 11198, 11456, 11479, 11576, 11579, 27513, 27549, 27585, 27593, 27611, 27636, 27638, 27642, 27650, 27701, 27804, 36542, 75379, 75659, 77933, 78003, 78014, 78030, 78041, 79185, 79265, 79365, 82639, 13154, 36313, 78114, 11220, 10773, 11644, 27815, 11142], "label": "kitchen cabinet"}, {"objectId": 16, "id": 16, "partId": 16, "index": 15, "dominantNormal": [0.9923179745674133, -0.12371338903903961, -2.746989059311025e-17], "obb": {"axesLengths": [0.7969696877448925, 1.9112249483639376, 0.7218917728831242], "centroid": [-0.7089524765119858, 1.2088243432986163, -0.5590375741786324], "normalizedAxes": [0.12371338903903961, 0.9923179745674133, 2.2033885262282856e-16, 0, -2.220446049250313e-16, 1, 0.9923179745674133, -0.12371338903903961, -2.746989059311025e-17]}, "segments": [38997, 9103, 4291, 78995, 80049, 39031, 9799, 83443, 80052, 31786, 79770, 80023, 40067, 37859, 85703, 83168, 3419, 74110, 10481, 75336, 9755, 2250, 2266, 2333, 2344, 2410, 2413, 2418, 2449, 2465, 2497, 2506, 2572, 2573, 3344, 3349, 3541, 3576, 3581, 3583, 3588, 3613, 3634, 3647, 3724, 3847, 3925, 4223, 4283, 4461, 4484, 4487, 4512, 4544, 4635, 4636, 8598, 8600, 8624, 9420, 9441, 9467, 9709, 9804, 10579, 10627, 10630, 10637, 10719, 10728, 10741, 10747, 11428, 26216, 26230, 27458, 29074, 29079, 29108, 29114, 29120, 29124, 29137, 29140, 29154, 29173, 31775, 32397, 32422, 32434, 32446, 35068, 35176, 35329, 35386, 35453, 36208, 37885, 37903, 37940, 38080, 38086, 38118, 38157, 38166, 38170, 38171, 38257, 38265, 38277, 38400, 38405, 38446, 38456, 38461, 38740, 38815, 38820, 38835, 38857, 38873, 38965, 39008, 39067, 39390, 39492, 40588, 40635, 41761, 44527, 44531, 44540, 44623, 44688, 44691, 44693, 44696, 45177, 45197, 45230, 45233, 45261, 45273, 47557, 47567, 47579, 47595, 47596, 47626, 47659, 47661, 47675, 47678, 47705, 51053, 51102, 51135, 51190, 51248, 51255, 51321, 51358, 51394, 51476, 73897, 73908, 73917, 74077, 74242, 74247, 74249, 74254, 74271, 74896, 75004, 75056, 75066, 75135, 75138, 75144, 75154, 75182, 75187, 75247, 75355, 77785, 78278, 78283, 78657, 78660, 79971, 80085, 80106, 80115, 80137, 80140, 80143, 80154, 80517, 80697, 81536, 81632, 81678, 81686, 82209, 82214, 82217, 82220, 82908, 82962, 83004, 83007, 83056, 83064, 83198, 83204, 83206, 83232, 83351, 84351, 11604, 40695, 39571, 41771, 41882, 41770, 3586], "label": "refrigerator"}, {"objectId": 17, "id": 17, "partId": 17, "index": 16, "dominantNormal": [0, -2.220446049250313e-16, 1], "obb": {"axesLengths": [1.735044530747444, 0.8332120589939039, 1.0483339899913686], "centroid": [-2.5941859739613817, -0.7928326161887715, -1.0997640896641308], "normalizedAxes": [0.9879233241081238, -0.15494365990161896, -3.4404403748493397e-17, 0, -2.220446049250313e-16, 1, -0.15494365990161896, -0.9879233241081238, -2.19363044197812e-16]}, "segments": [34148, 61555, 28974, 28991, 49949, 61768, 91992, 87314, 34135, 62035, 59710, 61305, 48876, 34156, 49908, 60154, 49014, 95050, 95018, 90706, 54040, 71794, 87395, 54352, 49683, 49713, 49698, 79033, 49022, 69234, 71623, 34781, 86801, 34806, 34750, 34197, 59500, 50002, 54466, 48199, 72321, 71128, 71120, 84985], "label": "table"}, {"objectId": 18, "id": 18, "partId": 18, "index": 17, "dominantNormal": [-0.14054003357887268, -0.9900749921798706, -2.1984081048473283e-16], "obb": {"axesLengths": [0.5767054271202448, 1.0059879793378415, 0.4583467919418366], "centroid": [-3.65554641954325, -0.6089706874377846, -1.0063860545370136], "normalizedAxes": [0.9900749921798706, -0.14054003357887268, -3.120615623217142e-17, 0, -2.220446049250313e-16, 1, -0.14054003357887268, -0.9900749921798706, -2.1984081048473283e-16]}, "segments": [26762, 15056, 4597, 4992, 5189, 14964, 14984, 19564, 19571, 26736, 63544, 74273, 89840, 4621, 4995, 5038, 19599, 22497, 26804, 74353, 77895, 5001, 76902, 5015, 4599, 5158, 5176, 56799, 63535, 74346, 74348, 56737, 22488, 22496, 76952, 77900, 26775, 22480, 55229, 55289, 22402, 57122, 85253, 85257, 55224, 5187], "label": "chair"}, {"objectId": 19, "id": 19, "partId": 19, "index": 18, "dominantNormal": [0.5497562289237976, -0.8353251218795776, -1.8547943667170444e-16], "obb": {"axesLengths": [0.6190384067401367, 1.0029089822714998, 0.5366651539928713], "centroid": [-2.5669054184164857, -1.2611019950900388, -1.0117955633596591], "normalizedAxes": [0.8353251218795776, 0.5497562289237976, 1.220704046564597e-16, 0, -2.220446049250313e-16, 1, 0.5497562289237976, -0.8353251218795776, -1.8547943667170444e-16]}, "segments": [72764, 95079, 73044, 71871, 71894, 72455, 72518, 73104, 94335, 94730, 95102, 72209, 94548, 73097, 72540, 72621, 72724, 94831, 48253, 52768, 71115, 71752, 72273, 72325, 72831, 94230, 94455, 94550, 94726, 94931, 94528, 94736, 72827, 52229], "label": "chair"}, {"objectId": 20, "id": 20, "partId": 20, "index": 19, "dominantNormal": [-0.24467191100120544, -0.9696059226989746, -2.1529576403866426e-16], "obb": {"axesLengths": [0.7528759661211887, 1.002321995742872, 0.6013842854908725], "centroid": [-1.661197694464379, -0.22172863913081825, -1.0037590692842229], "normalizedAxes": [0.9696059226989746, -0.24467191100120544, -5.4328077814515084e-17, 0, -2.220446049250313e-16, 1, -0.24467191100120544, -0.9696059226989746, -2.1529576403866426e-16]}, "segments": [59603, 6852, 6708, 31512, 73287, 76364, 78683, 87191, 87225, 1900, 337, 1543, 2779, 3103, 3106, 73276, 460, 1100, 20423, 76428, 78688, 73550, 19213, 76506, 408], "label": "chair"}, {"objectId": 21, "id": 21, "partId": 21, "index": 20, "dominantNormal": [-0.21718953549861908, -0.9761294722557068, -2.1674428302269772e-16], "obb": {"axesLengths": [0.8778625303304309, 0.9938399569576983, 0.4568686545352875], "centroid": [-2.3736726802637897, -0.053062629470030265, -1.0100200900430973], "normalizedAxes": [0.9761294722557068, -0.21718952059745789, -4.8225761294919486e-17, 0, -2.220446049250313e-16, 1, -0.21718952059745789, -0.9761294722557068, -2.1674428302269772e-16]}, "segments": [898, 1734, 54462, 522, 879, 886, 979, 1623, 20619, 73485, 73495, 73857, 696, 709, 795, 807, 1605, 73401, 221, 820, 1453, 54471, 73294, 73296, 47, 481, 563, 568, 1505, 73290, 1663, 73467, 20792, 1839, 20614, 20617, 20609], "label": "chair"}, {"objectId": 22, "id": 22, "partId": 22, "index": 21, "dominantNormal": [0, -2.220446049250313e-16, 1], "obb": {"axesLengths": [1.9343377204191996, 0.8116199788834154, 1.141778721210695], "centroid": [-0.633977161119911, -1.9179989301597296, -1.1358100871933248], "normalizedAxes": [0.9951125979423523, 0.0987466350197792, 2.1926157560643135e-17, 0, -2.220446049250313e-16, 1, 0.0987466350197792, -0.9951125979423523, -2.2095938366603114e-16]}, "segments": [25024, 41668, 43424, 65041, 65122, 65152, 65156, 65326, 90408, 90904, 90433, 59443, 27169, 32849, 54823, 66179, 38368, 78598, 78600, 78604, 78610, 80037, 80042, 33659, 31324, 38295, 31343, 26965, 30976, 33675, 33791, 35673, 35714, 35721, 35728, 35756, 38308, 48991, 64693, 65594, 65631, 65771, 65789, 66300, 66310, 66523, 66554, 66603, 66624, 66656, 66677, 67688, 78613, 90657, 90755, 90869, 90888, 90893, 90896, 91339, 43091, 49396, 5326, 5349, 5365, 5366, 5399, 5400, 5408, 5460, 26938, 35592, 38688, 48318, 48969, 67059, 67076, 67589, 73114, 73116, 74362, 74391, 74436, 74439, 74442, 74447, 74451, 74459, 90854, 91202, 91323, 91326, 91330, 67705, 90747], "label": "sofa"}, {"objectId": 23, "id": 23, "partId": 23, "index": 22, "dominantNormal": [-0.0894012525677681, -0.9959957003593445, -2.211554717933205e-16], "obb": {"axesLengths": [0.9624332525383494, 1.2070599822612105, 0.4232084667735162], "centroid": [-2.3971799028230842, -2.034882294762686, -0.9335300918624544], "normalizedAxes": [0.9959957003593445, -0.0894012525677681, -1.9851065806213008e-17, 0, -2.220446049250313e-16, 1, -0.0894012525677681, -0.9959957003593445, -2.211554717933205e-16]}, "segments": [68730, 69980, 71222, 69994, 92321, 72176, 71425, 71292, 68810, 68839, 68864, 68898, 68917, 68967, 68987, 68992, 69061, 69078, 69636, 69715, 69741, 69756, 70032, 70060, 70256, 70315, 70415, 70703, 71483, 72168, 92318, 92324, 92339, 92354, 92433, 94417, 94579, 94680, 94691, 70721, 69090, 69814, 71434, 70524, 68469, 68492, 68510, 70461, 71761, 91967, 92523, 92528, 94239, 68589, 69467, 70641, 70649, 70651, 91952, 92466, 92533, 68359, 68243, 68408, 68664, 68687, 68694, 68819, 69288, 69302, 69351, 69370, 69377, 70745, 70753, 70823, 70824, 70852, 70937, 92077, 92085, 92185, 92555, 92558, 92561, 94216, 94288, 71544, 68178], "label": "shelf"}, {"objectId": 24, "id": 24, "partId": 24, "index": 23, "dominantNormal": [-0.09655816107988358, -0.995327353477478, -2.210070689739836e-16], "obb": {"axesLengths": [0.7270902030431571, 0.9830999154649689, 0.19133414335508378], "centroid": [-4.021168716930363, -1.9980147243859774, -0.9815500513117763], "normalizedAxes": [0.995327353477478, -0.09655815362930298, -2.1440217074909058e-17, 0, -2.220446049250313e-16, 1, -0.09655815362930298, -0.995327353477478, -2.210070689739836e-16]}, "segments": [67118, 67303, 9944, 63783, 91204, 67103, 69060, 91234], "label": "heater"}, {"objectId": 26, "id": 26, "partId": 26, "index": 24, "dominantNormal": [0, -2.220446049250313e-16, 1], "obb": {"axesLengths": [0.9014670599579165, 0.6555449816090241, 0.8823549160744794], "centroid": [-0.5998594928351899, -0.9543574842151005, -1.232017584547009], "normalizedAxes": [0.8502154350280762, 0.5264348983764648, 1.1689202902875114e-16, 0, -2.220446049250313e-16, 1, 0.5264348983764648, -0.8502154350280762, -1.887857503719728e-16]}, "segments": [82857, 40144, 40790, 81507, 78932, 40314, 25280, 25391, 25394, 25976, 26002, 26003, 26010, 26019, 26038, 26047, 26052, 26120, 26127, 26162, 40271, 40301, 47332, 47347, 47361, 47440, 47444, 47445, 73106, 77759, 80460, 82139, 82152, 25300, 25905, 25962, 40779, 40782, 39278, 25412, 26099, 26156, 26196, 32513, 32521, 32523, 32530, 32544, 32551, 32560, 32604, 39195, 39263, 39879, 39885, 39899, 42021, 42042, 42071, 47455, 47460, 47487, 47495, 78754, 78760, 78789, 80252, 80345, 80351, 80367, 80759, 80763, 82172, 82182], "label": "coffee table"}, {"objectId": 27, "id": 27, "partId": 27, "index": 25, "dominantNormal": [0, -2.220446049250313e-16, 1], "obb": {"axesLengths": [0.5548389387526098, 0.383769980435744, 0.6048257836974948], "centroid": [0.12433079327474172, -1.0973454664144309, -1.336635058671944], "normalizedAxes": [0.8767125010490417, 0.48101478815078735, 1.0680673859803921e-16, 0, -2.220446049250313e-16, 1, 0.48101478815078735, -0.8767125010490417, -1.9466928092827057e-16]}, "segments": [30617, 57841, 64399, 64423, 90983, 4042, 6069, 6110, 6118, 6120, 6218, 6399, 6437, 6511, 9592, 44023, 64425, 64449, 64483, 64487, 64499, 66147, 86723, 90361, 90396, 90648, 90654, 90686, 90837, 94117, 65654, 34902, 65652, 66234, 4401], "label": "stool"}, {"objectId": 28, "id": 28, "partId": 28, "index": 26, "dominantNormal": [-0.08239966630935669, -0.9965993762016296, -2.212895147572235e-16], "obb": {"axesLengths": [0.301241634228011, 0.21999996408820222, 0.015843459570583935], "centroid": [-2.61948494771043, -2.1882862539263286, 0.4199998825043445], "normalizedAxes": [0.9965993762016296, -0.08239966630935669, -1.829640135161552e-17, 0, -2.220446049250313e-16, 1, -0.08239966630935669, -0.9965993762016296, -2.212895147572235e-16]}, "segments": [72193], "label": "picture"}, {"objectId": 29, "id": 29, "partId": 29, "index": 27, "dominantNormal": [0.9987195134162903, -0.050590209662914276, -1.1233283117676302e-17], "obb": {"axesLengths": [0.32038105806410416, 0.2800000247359269, 0.057365056537325196], "centroid": [0.4121836312005813, -0.1291186593493066, 0.9499999016523359], "normalizedAxes": [0.050590209662914276, 0.9987195134162903, 2.2176027978743968e-16, 0, -2.220446049250313e-16, 1, 0.9987195134162903, -0.050590209662914276, -1.1233283117676302e-17]}, "segments": [63624, 59704, 5639], "label": "clock"}, {"objectId": 30, "id": 30, "partId": 30, "index": 28, "dominantNormal": [0.9998007416725159, -0.01996075175702572, -4.4321772378954e-18], "obb": {"axesLengths": [0.3601368066721849, 0.22000000134110437, 0.0536520669722076], "centroid": [0.2866543110056936, -2.090000544351444, -0.04000009693205331], "normalizedAxes": [0.019960753619670868, 0.9998007416725159, 2.2200036068842707e-16, 0, -2.220446049250313e-16, 1, 0.9998007416725159, -0.019960753619670868, -4.4321776514857065e-18]}, "segments": [65944, 65918], "label": "picture"}, {"objectId": 31, "id": 31, "partId": 31, "index": 29, "dominantNormal": [0.06252699345350266, -0.9980432987213135, -2.2161012996264906e-16], "obb": {"axesLengths": [0.5976203756575069, 0.4913300165981793, 0.42711772462605235], "centroid": [-0.2921337699669446, 1.2113188141746638, -1.2736350367150835], "normalizedAxes": [0.9980432987213135, 0.06252699345350266, 1.3883781558533016e-17, 0, -2.220446049250313e-16, 1, 0.06252699345350266, -0.9980432987213135, -2.2161012996264906e-16]}, "segments": [80927, 80935, 32172, 81039, 39422, 32753, 32716, 29944, 32419, 32743, 32754, 32822, 39406, 39411, 39459, 39466, 39478, 39485, 39516, 39530, 39557, 39560, 39627, 39966, 41722, 41790, 41852, 42259, 42419, 42432, 42439, 78709, 80267, 80370, 80680, 80700, 80754, 80819, 80836, 80893, 81067, 81073], "label": "trash can"}, {"objectId": 32, "id": 32, "partId": 32, "index": 30, "dominantNormal": [0.9583667516708374, -0.28554022312164307, -6.340266603325052e-17], "obb": {"axesLengths": [0.5410034112668956, 0.6007299884990602, 0.3396820321592176], "centroid": [0.2213560492213158, 1.2969514746553832, -1.2303650756098699], "normalizedAxes": [0.28554022312164307, 0.9583667516708374, 2.1280016674803668e-16, 0, -2.220446049250313e-16, 1, 0.9583667516708374, -0.28554022312164307, -6.340266603325052e-17]}, "segments": [41185, 41095, 41183, 41187, 41200, 80567, 80569, 80653, 80656, 80659, 80662, 81075, 41159, 80547, 41067, 41070, 41076, 41084, 80533, 80565, 80628, 81093, 26987, 31094, 31177, 31183, 33319, 33333, 33396, 33411, 33438, 33460, 33500, 33507, 78854, 78858, 80596, 27031, 27049], "label": "trash can"}, {"objectId": 35, "id": 35, "partId": 35, "index": 32, "dominantNormal": [0.9954012036323547, 0.09579361230134964, 2.12704547977948e-17], "obb": {"axesLengths": [0.09466258046447684, 0.13787001063220172, 0.061480642239496265], "centroid": [-3.8296350472829417, 1.4121550268732324, 0.2144279078149498], "normalizedAxes": [-0.09579361230134964, 0.9954012036323547, 2.2102346700244685e-16, 0, -2.220446049250313e-16, 1, 0.9954012036323547, 0.09579361230134964, 2.12704547977948e-17]}, "segments": [64065, 64111, 90008, 90263], "label": "glass"}, {"objectId": 36, "id": 36, "partId": 36, "index": 33, "dominantNormal": [0.9369931221008301, 0.3493477404117584, 7.757078100118129e-17], "obb": {"axesLengths": [0.08834607940033984, 0.236978004046276, 0.07122731199712849], "centroid": [-4.055172121249383, 1.3346949740040006, 0.22848890397349741], "normalizedAxes": [-0.3493477404117584, 0.9369931221008301, 2.0805426761435044e-16, 0, -2.220446049250313e-16, 1, 0.9369931221008301, 0.3493477404117584, 7.757078100118129e-17]}, "segments": [18905, 18914], "label": "item"}, {"objectId": 37, "id": 37, "partId": 37, "index": 34, "dominantNormal": [0, -2.220446049250313e-16, 1], "obb": {"axesLengths": [0.40457575970696713, 0.24766499368105085, 0.3469106419633785], "centroid": [-4.29031989970016, 1.588502129280954, 0.17383240147309387], "normalizedAxes": [0.9222081899642944, -0.38669371604919434, -8.58632534071356e-17, 0, -2.220446049250313e-16, 1, -0.38669371604919434, -0.9222081899642944, -2.0477135319924998e-16]}, "segments": [17739, 76314, 18922, 76157, 76259, 17670, 17667, 17683, 17851, 17856, 17873, 17874, 17911, 18245, 18293, 18411, 76241, 18313, 17295, 17750, 76222, 17799, 17729, 17905, 17925, 76161, 76282], "label": "item"}, {"objectId": 38, "id": 38, "partId": 38, "index": 35, "dominantNormal": [0.9982631802558899, 0.05891157686710358, 1.3080997810966627e-17], "obb": {"axesLengths": [0.30065724808235883, 0.1957872913229325, 0.1527436825361228], "centroid": [-3.6152126981790516, 1.4191021791181717, 0.18187224644707878], "normalizedAxes": [-0.058911580592393875, 0.9982631802558899, 2.2165895347112439e-16, 0, -2.220446049250313e-16, 1, 0.9982631802558899, 0.058911580592393875, 1.308099863814724e-17]}, "segments": [90328, 64035, 64172, 64141, 64040], "label": "pack"}, {"objectId": 39, "id": 39, "partId": 39, "index": 36, "dominantNormal": [0.8441168665885925, -0.5361592173576355, -1.1905126159509016e-16], "obb": {"axesLengths": [0.5114319197546987, 0.37064298158936987, 0.23866727397308876], "centroid": [-3.3276106160564756, 1.4716676052349076, -0.5353215720060134], "normalizedAxes": [0.5361592173576355, 0.8441168665885925, 1.874315961522194e-16, 0, -2.220446049250313e-16, 1, 0.8441168665885925, -0.5361592173576355, -1.1905126159509016e-16]}, "segments": [88932, 21088], "label": "bag"}, {"objectId": 40, "id": 40, "partId": 40, "index": 37, "dominantNormal": [0.7378854751586914, 0.6749259233474731, 1.4986366000335164e-16], "obb": {"axesLengths": [0.20417930437219922, 0.2399999967217445, 0.09702609071333194], "centroid": [-3.323344121429333, 1.6419267463329787, -0.190000092089176], "normalizedAxes": [-0.6749259233474731, 0.7378854751586914, 1.6384348881153064e-16, 0, -2.220446049250313e-16, 1, 0.7378854751586914, 0.6749259233474731, 1.4986366000335164e-16]}, "segments": [24776, 20017], "label": "kitchen appliance"}, {"objectId": 41, "id": 41, "partId": 41, "index": 38, "dominantNormal": [0.9168834090232849, 0.3991551995277405, 8.863025858290918e-17], "obb": {"axesLengths": [0.22524497035030625, 0.39533399651943135, 0.16029592974668702], "centroid": [-3.25774281152073, 1.678874094018, -0.3876670866236014], "normalizedAxes": [-0.3991551697254181, 0.9168834090232849, 2.0358901431889118e-16, 0, -2.220446049250313e-16, 1, 0.9168834090232849, 0.3991551697254181, 8.863025196546428e-17]}, "segments": [21470, 76736], "label": "kitchen appliance"}, {"objectId": 42, "id": 42, "partId": 42, "index": 39, "dominantNormal": [-0.5484127998352051, -0.8362077474594116, -1.856754189198754e-16], "obb": {"axesLengths": [0.36658833816094116, 0.2512880209545487, 0.12912450165858536], "centroid": [-3.0789115599323678, 1.6855194603677672, -0.4657560985738929], "normalizedAxes": [0.8362077474594116, -0.5484127998352051, -1.2177210347523839e-16, 0, -2.220446049250313e-16, 1, -0.5484127998352051, -0.8362077474594116, -1.856754189198754e-16]}, "segments": [84744, 24347, 24125, 21464, 21480, 24284, 24323, 76671], "label": "item"}, {"objectId": 43, "id": 43, "partId": 43, "index": 40, "dominantNormal": [0.930509090423584, 0.36626875400543213, 8.132800077951966e-17], "obb": {"axesLengths": [0.36956767670636936, 0.2576799931150677, 0.2258053142165211], "centroid": [-3.058408301303824, 1.5163713181821188, -0.5907080693384708], "normalizedAxes": [-0.36626875400543213, 0.930509090423584, 2.0661452336225494e-16, 0, -2.220446049250313e-16, 1, 0.930509090423584, 0.36626875400543213, 8.132800077951966e-17]}, "segments": [22151, 22145, 22305, 76747, 76749, 77531, 22084, 22088, 23252, 24301, 61825, 61877, 76751, 77488, 77494, 77540, 88859, 89037, 61823], "label": "item"}, {"objectId": 44, "id": 44, "partId": 44, "index": 41, "dominantNormal": [0.9972691535949707, 0.07385292649269104, 1.639864388562696e-17], "obb": {"axesLengths": [0.22087629944200807, 0.20583298342303213, 0.18112544908753747], "centroid": [-3.2021323364630625, 1.4553987555603292, -0.5870835854764989], "normalizedAxes": [-0.07385292649269104, 0.9972691535949707, 2.2143823521391564e-16, 0, -2.220446049250313e-16, 1, 0.9972691535949707, 0.07385292649269104, 1.639864388562696e-17]}, "segments": [63364, 21194, 22202, 89572, 21168], "label": "item"}, {"objectId": 45, "id": 45, "partId": 45, "index": 42, "dominantNormal": [0, -2.220446049250313e-16, 1], "obb": {"axesLengths": [0.33439557540670134, 0.2669660091333237, 0.2817576905239335], "centroid": [-2.8190272015891207, 1.373046161252292, -0.596517093184955], "normalizedAxes": [0.8360142111778259, -0.5487077832221985, -1.2183760294486279e-16, 0, -2.220446049250313e-16, 1, -0.5487077832221985, -0.8360142111778259, -1.8563244523269205e-16]}, "segments": [24445, 23577, 77104, 22179, 78127], "label": "pot"}, {"objectId": 46, "id": 46, "partId": 46, "index": 43, "dominantNormal": [0.005155226215720177, -0.9999867081642151, -2.2204165354460572e-16], "obb": {"axesLengths": [0.817823799643523, 0.6924230301583623, 0.6014813638747163], "centroid": [-2.5802528087936887, 1.4690420354055025, -0.8437886105376063], "normalizedAxes": [0.9999867081642151, 0.005155226681381464, 1.1446902717663274e-18, 0, -2.220446049250313e-16, 1, 0.005155226681381464, -0.9999867081642151, -2.2204165354460572e-16]}, "segments": [28198, 87996, 37514, 87775, 27991, 28105, 28153, 28302, 28500, 28732, 28733, 28775, 28778, 28785, 28788, 37115, 37169, 37347, 78231, 78234, 78238, 87779, 28408, 28440, 28443, 28611, 28659, 28689, 28694, 28757, 28822, 37394, 78220, 78250, 78251, 78584, 78714, 79535, 53384, 23483, 23500, 23501, 23514, 26454, 26495, 26540, 26541, 26624, 26630, 26646, 27903, 27982, 28048, 28068, 30618, 36998, 37012, 37033, 37098, 37249, 37280, 37319, 37331, 37351, 37359, 37398, 37474, 37477, 37530, 37534, 37544, 37618, 37629, 49796, 49811, 49843, 49854, 49865, 77853, 78213, 79522, 79569, 79589, 79600, 79611, 79616, 79676, 81214, 81315, 82649, 82652, 87886, 88109, 84717, 49747, 22166, 23310, 23346, 23351, 23465, 23591, 23593, 26475, 26552, 36937, 37194, 37242, 37488, 77082, 77086, 77089, 77810, 77861, 79575, 79601, 79728, 79751, 24485, 24544, 26539, 26559, 26639, 37422, 50062, 78202, 79603, 79608, 60627, 37606, 37601, 60167, 88133, 28459, 60356, 60815, 32214, 24488, 60491, 60367, 60782, 60926, 60678, 37309, 37390, 60665, 87943, 60673], "label": "sink"}, {"objectId": 47, "id": 47, "partId": 47, "index": 44, "dominantNormal": [0, -2.220446049250313e-16, 1], "obb": {"axesLengths": [1.000480387207122, 0.4446979661725914, 0.5276836032207961], "centroid": [-1.8583888590310451, 1.360513655801578, -0.8276510407555632], "normalizedAxes": [0.9954337477684021, -0.0954548791050911, -2.1195240919056578e-17, 0, -2.220446049250313e-16, 1, -0.0954548791050911, -0.9954337477684021, -2.210306932522781e-16]}, "segments": [50229, 43521, 82383, 43614, 30417, 43461, 43539, 43620, 43647, 43732, 43736, 43748, 43759, 43761, 43783, 43799, 43803, 43825, 43835, 43863, 43877, 43916, 43939, 43976, 43986, 43996, 46943, 48502, 48555, 48613, 50454, 81112, 81114, 81120, 81130, 81131, 81332, 81341, 82376, 43638, 43646, 43895, 46721, 46780, 48527, 82423, 82523, 82525, 81983, 46974, 47000, 43890, 30412, 30462, 43982, 44046, 44108, 44137, 82726, 30654, 30398, 30561, 30577, 44107, 44138, 44160, 44167, 44176, 44182, 44184, 44241, 46773, 46817, 47110, 48595, 48777, 48833, 50344, 50509, 52460, 81344, 81392, 81439, 81447, 81455, 81462, 81968, 82027, 82748, 82755, 82758, 82762, 88582, 61357, 88553, 30381, 30465, 30471, 30476, 44219, 44231, 44253, 44261, 44284, 46708, 47169, 48532, 48535, 50526, 51798, 52405, 52417, 52419, 52420, 52425, 52474, 59944, 59999, 60015, 60024, 61349, 61362, 61376, 61390, 61414, 61422, 61435, 61462, 61469, 61508, 82764, 82768, 82795, 87525, 87529, 87531, 88383, 88388, 88397, 88399, 88419, 88424, 88484, 88540, 88595, 87476, 30234, 30272, 30344, 30498, 30666, 30669, 30709, 30712, 46870, 48326, 50389, 50523, 51799, 59939, 60037, 60074, 78560, 82744, 82745, 87462, 87493, 30334, 88075, 30494, 30510], "label": "stove"}, {"objectId": 48, "id": 48, "partId": 48, "index": 45, "dominantNormal": [0.937406599521637, 0.3482368290424347, 7.732410912507308e-17], "obb": {"axesLengths": [0.10364504392879645, 0.1599999928474427, 0.06648969634166638], "centroid": [-1.0313616440699809, 1.0621574268455278, -0.4900000786781311], "normalizedAxes": [-0.3482368588447571, 0.937406599521637, 2.0814607804489892e-16, 0, -2.220446049250313e-16, 1, 0.937406599521637, 0.3482368588447571, 7.732411574251798e-17]}, "segments": [51709, 83421], "label": "jar"}, {"objectId": 49, "id": 49, "partId": 49, "index": 46, "dominantNormal": [0, -2.220446049250313e-16, 1], "obb": {"axesLengths": [0.27728417211982653, 0.2348259932959229, 0.25789167717011324], "centroid": [-1.1735322357229645, 1.4372801398517527, -0.47529907021003237], "normalizedAxes": [0.42479977011680603, 0.9052873253822327, 2.0101416650813612e-16, 0, -2.220446049250313e-16, 1, 0.9052873253822327, -0.42479977011680603, -9.432449712783032e-17]}, "segments": [44340, 46591, 81950, 46383], "label": "jar"}, {"objectId": 50, "id": 50, "partId": 50, "index": 47, "dominantNormal": [0.7443253397941589, -0.667817234992981, -1.4828521410614325e-16], "obb": {"axesLengths": [0.1359194724981101, 0.14883300329373017, 0.10038600928816342], "centroid": [-1.3565138644241195, 1.5027796129241877, -0.5355835940185893], "normalizedAxes": [0.667817234992981, 0.7443253397941589, 1.652734260102837e-16, 0, -2.220446049250313e-16, 1, 0.7443253397941589, -0.667817234992981, -1.4828521410614325e-16]}, "segments": [89382, 44353, 81485, 44380], "label": "pack"}, {"objectId": 51, "id": 51, "partId": 51, "index": 48, "dominantNormal": [0.9995125532150269, -0.03122018091380596, -6.932272736694048e-18], "obb": {"axesLengths": [0.5409646088489887, 0.34698701619385874, 0.329641452960017], "centroid": [-1.006618429313885, 1.3213497216933505, -0.40349360212325625], "normalizedAxes": [0.031220179051160812, 0.9995125532150269, 2.2193636999623997e-16, 0, -2.220446049250313e-16, 1, 0.9995125532150269, -0.031220179051160812, -6.9322723231037414e-18]}, "segments": [83392, 46473, 51492, 31746, 46244, 46257, 46268, 46277, 46332, 46377, 46395, 46410, 46458, 46514, 51480, 51496, 51511, 51567, 51588, 51623, 81869, 81883, 81893, 81905, 83364, 83366, 83373, 83386, 83411, 31708, 46329, 46367, 46368], "label": "clutter"}, {"objectId": 52, "id": 52, "partId": 52, "index": 49, "dominantNormal": [0.10504123568534851, -0.9944678544998169, -2.2081622186305536e-16], "obb": {"axesLengths": [0.808103954193615, 0.6463159774322214, 0.5362391670715644], "centroid": [-2.019017897793098, -0.08309651579240207, -0.8268420567324314], "normalizedAxes": [0.9944678544998169, 0.10504123568534851, 2.332383967859031e-17, 0, -2.220446049250313e-16, 1, 0.10504123568534851, -0.9944678544998169, -2.2081622186305536e-16]}, "segments": [220, 329, 1084, 1134, 1182, 73737, 1553, 1332, 55661, 73617, 73664, 463, 85114, 1434, 56933, 55662, 123, 1466, 73371], "label": "linen"}, {"objectId": 53, "id": 53, "partId": 53, "index": 50, "dominantNormal": [0.340202271938324, -0.9403522610664368, -2.0880014629885685e-16], "obb": {"axesLengths": [0.15891002436369234, 0.28349300585330267, 0.155334915938817], "centroid": [-2.313702363615084, -0.8102835185069472, -0.5678936022990897], "normalizedAxes": [0.9403522610664368, 0.34020230174064636, 7.554008568458811e-17, 0, -2.220446049250313e-16, 1, 0.34020230174064636, -0.9403522610664368, -2.0880014629885685e-16]}, "segments": [36812, 36727, 36721, 36781, 36805, 79402, 79406, 79484, 36828, 36853, 79439, 79454, 36850, 79459, 79463, 78265, 28895, 28886], "label": "vase"}, {"objectId": 54, "id": 54, "partId": 54, "index": 51, "dominantNormal": [0.8056831