{"segGroups": [{"objectId": 1, "id": 1, "partId": 1, "index": 0, "dominantNormal": [0, -2.220446049250313e-16, 1], "obb": {"axesLengths": [4.232462120894959, 0.24000000417232492, 1.8177321830602635], "centroid": [-0.2934554041893356, -0.41003642009464125, -1.6500001199543481], "normalizedAxes": [0.6134538054466248, 0.7897306084632874, 1.7535542095343523e-16, 0, -2.220446049250313e-16, 1, 0.7897306084632874, -0.6134538054466248, -1.3621410787015281e-16]}, "segments": [14996, 25976, 1497, 1583, 2053, 2067, 2091, 3145, 3535, 13589, 16156, 17863, 17891, 17985, 21149, 22064, 22095, 22132, 34028, 35917, 42208, 1507, 1967, 22992, 15356, 17854, 18064, 20527, 20681, 20821, 20842, 20843, 21134, 21150, 21550, 21628, 21715, 22229, 22360, 22525, 22544, 27550, 27740, 29366, 33523, 33525, 33534, 33540, 33543, 33545, 33547, 33578, 39682, 39683, 22172, 29349, 15786, 9397, 22174, 25550, 32233, 32300, 29846, 42258, 1340, 3310], "label": "floor"}, {"objectId": 2, "id": 2, "partId": 2, "index": 1, "dominantNormal": [0.737040638923645, 0.6758484244346619, 1.5006849639279937e-16], "obb": {"axesLengths": [2.1336590601708885, 2.421899979817122, 0.33243436999927045], "centroid": [-1.3864761128328027, -2.0742890564922973, -0.4409502068694673], "normalizedAxes": [-0.6758484244346619, 0.737040638923645, 1.636558974834934e-16, 0, -2.220446049250313e-16, 1, 0.737040638923645, 0.6758484244346619, 1.5006849639279937e-16]}, "segments": [31269, 24749, 31216, 31217, 31285, 31307, 39166, 42609, 18332, 8015, 8063, 9489, 9491, 9494, 10341, 10358, 18301, 18303, 18319, 18345, 24355, 24359, 24394, 24406, 24417, 24418, 24487, 24519, 24540, 24556, 24593, 24611, 24634, 24650, 24708, 25250, 30510, 34850, 36761, 36763, 36765, 36771, 39154, 39159, 28509, 24571, 35087, 35089, 19152, 25292, 7879, 7881, 8016, 16437, 16459, 18251, 19792, 21770, 21810, 21819, 21843, 21931, 21947, 21970, 22022, 23596, 24507, 31381, 31393, 31397, 31416, 31432, 31486, 31487, 31520, 31529, 31554, 31557, 31559, 31572, 31578, 31587, 31591, 31631, 31659, 31667, 32879, 34831, 38128, 39161, 42587, 42588, 42598, 42601, 42666, 42817, 43704, 43777, 43831, 43880, 31462, 30560, 8128, 10347, 10364, 22701, 22720, 24538, 24687, 30518, 30524, 30554, 30580, 30589, 30591, 30595, 31564, 31635, 31646, 38379, 42380, 42384, 42385, 42572, 42823, 43445, 32318, 16447, 29833, 40485, 21751, 38937, 8125, 5940, 8107, 8143, 8152, 10662, 10663, 10670, 10703, 10729, 10748, 10777, 10784, 10817, 10853, 10873, 10891, 10910, 11012, 11024, 11035, 11036, 11042, 11059, 12420, 19994, 20063, 21743, 21745, 22730, 22810, 30929, 31939, 34853, 34856, 34859, 35091, 35092, 35094, 35100, 35115, 38377, 39564, 5813, 5717, 58, 5727, 5730, 5767, 5775, 5853, 5856, 5864, 5868, 5877, 5879, 5880, 5893, 5896, 5900, 5924, 5928, 5932, 5975, 6001, 6146, 6148, 6153, 6165, 6171, 6196, 6202, 6208, 6214, 6227, 6238, 6251, 6257, 6277, 6284, 6291, 6298, 6323, 6524, 6530, 6546, 6629, 10627, 11003, 11128, 11141, 11205, 11222, 11247, 11260, 11280, 11307, 11340, 11363, 11365, 11371, 11463, 20773, 23629, 33888, 34436, 34455, 34597, 34637, 34643, 34671, 35123, 35133, 35136, 35141, 35147, 35148, 38249, 23451, 32273, 19327, 4192, 4198, 4201, 4204, 4210, 4233, 4235, 7801, 7808, 7815, 7816, 7834, 8745, 8746, 8748, 8764, 8775, 8798, 8839, 8878, 8894, 8930, 8931, 8944, 8957, 8958, 9004, 9046, 9052, 9059, 9066, 9072, 9081, 9104, 9117, 9141, 9153, 9191, 9205, 9236, 9247, 9269, 9270, 9275, 11116, 11184, 14657, 14789, 21244, 23236, 23256, 23342, 23356, 23376, 23386, 23405, 23438, 23439, 23458, 23493, 23496, 23546, 23567, 23588, 23590, 23593, 25661, 25686, 25734, 25738, 26430, 26445, 31993, 32304, 32306, 32316, 32393, 34254, 34827, 34879, 34884, 34885, 34890, 34900, 34901, 34904, 34914, 34920, 34938, 34941, 34943, 34946, 34951, 34956, 34959, 34960, 34969, 34973, 38824, 38825, 38827, 38830, 38831, 38836, 38839, 38840, 39008, 39133, 39498, 39501, 39506, 39530, 39672, 42987, 43149, 43151, 43182, 31661, 4033, 4130, 4187, 13964, 23454, 24534, 25837, 26124, 32123, 32262, 34244, 34246, 34247, 23787, 32212, 4008, 4038, 4060, 4080, 4182, 11484, 24303, 24530, 24532, 24558, 24585, 26159, 26173, 26179, 31915, 31979, 32120, 32557, 32630, 32631, 42838, 43213, 38978, 5770, 5805, 6403, 6541, 6547, 6555, 6617, 6637, 6640, 8923, 9180, 11133, 11186, 11195, 34756, 34759, 34761, 11293, 6655, 6663, 23974, 24143], "label": "wall"}, {"objectId": 3, "id": 3, "partId": 3, "index": 2, "dominantNormal": [0.7188841104507446, -0.695129930973053, -1.5434985089447583e-16], "obb": {"axesLengths": [3.1133984648510875, 2.5399999050796045, 0.15695071776205358], "centroid": [-0.011492959810224955, 1.1231794827278365, -0.40000014789402494], "normalizedAxes": [0.695129930973053, 0.7188841104507446, 1.5962433829191816e-16, 0, -2.220446049250313e-16, 1, 0.7188841104507446, -0.695129930973053, -1.5434985089447583e-16]}, "segments": [10324, 13120, 40086, 13063, 27901, 25394, 28602], "label": "wall"}, {"objectId": 4, "id": 4, "partId": 4, "index": 3, "dominantNormal": [0.7192672491073608, 0.6947335004806519, 1.542618256424104e-16], "obb": {"axesLengths": [1.6119282311393142, 2.5608509802628077, 0.38987632801475663], "centroid": [-0.6458859084241065, -0.6028468422050824, -0.4086047040237961], "normalizedAxes": [-0.6947335004806519, 0.7192672491073608, 1.5970941216355802e-16, 0, -2.220446049250313e-16, 1, 0.7192672491073608, 0.6947335004806519, 1.542618256424104e-16]}, "segments": [32459, 41895, 8100, 31176, 30137, 6099, 8242, 41913, 8246, 43397, 43414, 30636, 30672, 22876, 32786, 30941, 42028, 25619, 42041], "label": "wall"}, {"objectId": 5, "id": 5, "partId": 5, "index": 4, "dominantNormal": [0.7160456776618958, -0.6980534195899963, -1.5499899576942785e-16], "obb": {"axesLengths": [3.1413787935890674, 2.5323629409291675, 0.1683847447773316], "centroid": [1.0856536767014802, 0.042132324837249435, -0.3916586866604126], "normalizedAxes": [0.6980534195899963, 0.7160456776618958, 1.5899407960471196e-16, 0, -2.220446049250313e-16, 1, 0.7160456776618958, -0.6980534195899963, -1.5499899576942785e-16]}, "segments": [5206, 14811, 6492, 6579, 25467, 5397, 1388, 3940, 1851, 7397, 1321, 1066, 13252], "label": "wall"}, {"objectId": 6, "id": 6, "partId": 6, "index": 5, "dominantNormal": [0.7098325490951538, 0.7043704390525818, 1.5640165586030137e-16], "obb": {"axesLengths": [1.6422523558417625, 0.3883299740777163, 0.19154418846359533], "centroid": [1.5886399476494693, 1.6580387060751476, 0.6841648049466693], "normalizedAxes": [-0.7043704390525818, 0.7098325490951538, 1.5761448792676132e-16, 0, -2.220446049250313e-16, 1, 0.7098325490951538, 0.7043704390525818, 1.5640165586030137e-16]}, "segments": [29205, 19960, 18676, 20751], "label": "wall"}, {"objectId": 7, "id": 7, "partId": 7, "index": 6, "dominantNormal": [0, -2.220446049250313e-16, 1], "obb": {"axesLengths": [3.1205353192731726, 0.24000000417232548, 1.6687541955666], "centroid": [0.5537161934095857, 0.5923046586555645, 0.7899998231232157], "normalizedAxes": [0.673317015171051, 0.7393538951873779, 1.6416954355666434e-16, 0, -2.220446049250313e-16, 1, 0.7393538951873779, -0.673317015171051, -1.4950641062295734e-16]}, "segments": [31996, 30271, 31061], "label": "ceiling"}, {"objectId": 8, "id": 8, "partId": 8, "index": 7, "dominantNormal": [0, -2.220446049250313e-16, 1], "obb": {"axesLengths": [2.1715717826446523, 0.14389300024748586, 1.0549750128172304], "centroid": [-1.212465133084489, -1.7147388547135833, 0.7019463005971955], "normalizedAxes": [-0.5254095792770386, 0.850849449634552, 1.8892652989478442e-16, 0, -2.220446049250313e-16, 1, 0.850849449634552, 0.5254095792770386, 1.1666436245439695e-16]}, "segments": [11569, 33040, 23962], "label": "ceiling"}, {"objectId": 10, "id": 10, "partId": 10, "index": 8, "dominantNormal": [0.713499128818512, -0.7006561160087585, -1.555769104674717e-16], "obb": {"axesLengths": [1.0817388699918464, 2.079999936819077, 0.32176362824699406], "centroid": [0.19611257582403635, -0.8903905535539048, -0.6100001515448099], "normalizedAxes": [0.7006561160087585, 0.713499128818512, 1.584286321728605e-16, 0, -2.220446049250313e-16, 1, 0.713499128818512, -0.7006561160087585, -1.555769104674717e-16]}, "segments": [4722, 7336, 13894, 13906, 41310, 41340, 36174, 41422, 1407, 35770, 15131, 15033, 41248, 14909, 6988, 7775, 15114, 35689, 1429, 1445, 1506, 7723, 27766, 7398, 27788, 29513, 5243, 41516, 41590, 2413, 2168, 2109, 1835, 7501, 16032, 1399, 35604, 41456, 35815, 41173, 1653, 6994, 8380, 7197], "label": "door"}, {"objectId": 11, "id": 11, "partId": 11, "index": 9, "dominantNormal": [-0.4192284345626831, -0.9078807830810547, -2.0159002979826084e-16], "obb": {"axesLengths": [0.9721803320307659, 1.1233499991144982, 0.7044023155774961], "centroid": [1.5252240707484428, 1.0196573489262046, -1.091675139777176], "normalizedAxes": [0.9078807830810547, -0.4192284643650055, -9.308741874325521e-17, 0, -2.220446049250313e-16, 1, -0.4192284643650055, -0.9078807830810547, -2.0159002979826084e-16]}, "segments": [6771, 36779, 482, 5836, 10942, 13075, 8243, 34682, 9000, 9101, 7550, 8295, 375, 403, 417, 422, 432, 442, 451, 488, 506, 510, 548, 1134, 6787, 6803, 6804, 6871, 6909, 6910, 7584, 7647, 7665, 7675, 7930, 8010, 8041, 8045, 8090, 8091, 8134, 8141, 8146, 8164, 8639, 8640, 8673, 9012, 9097, 10502, 10773, 12224, 17830, 17966, 33930, 34410, 34415, 34424, 34427, 34513, 34531, 34698, 34769, 34863, 38110, 41072, 8485, 638, 946, 1016, 1017, 7594, 7917, 8500, 9792, 10285, 10316, 33983, 39129, 39170, 39344, 39435, 39461, 629, 731, 963, 1110, 1127, 1149, 1256, 7523, 11146, 34821, 39463], "label": "washing machine"}, {"objectId": 12, "id": 12, "partId": 12, "index": 10, "dominantNormal": [0.9850624799728394, 0.17219741642475128, 3.8235507299144996e-17], "obb": {"axesLengths": [0.8744403027841916, 1.2695500268887714, 0.6834891241833128], "centroid": [0.8576605728463833, 1.5367313410621273, -1.0447751813804729], "normalizedAxes": [-0.1721974015235901, 0.9850624799728394, 2.1872780919204068e-16, 0, -2.220446049250313e-16, 1, 0.9850624799728394, 0.1721974015235901, 3.8235503990422545e-17]}, "segments": [33255, 5491, 11890, 13285, 17649, 17951, 27571, 30170, 30172, 30486, 30532, 33154, 33178, 34801, 35335, 35346, 40033, 42919, 43843, 43845, 43876, 17846, 18452, 17600, 17843, 36555, 42933, 37186, 9667, 5508, 5548, 12862, 13693, 15475, 15476, 15557, 15561, 15582, 15627, 15639, 15650, 15710, 15737, 33165, 35550, 35863, 35868, 36060, 36557, 36572, 37240, 40487, 40489, 42578, 42582, 42963, 15457, 36035, 14849, 5525, 9822, 13667, 13672, 13677, 13731, 13738, 13770, 13773, 13813, 13824, 14137, 14153, 14155, 14187, 14433, 14817, 15442, 15806, 15900, 15903, 15915, 15945, 15955, 15961, 15974, 17594, 17671, 35539, 35543, 35548, 35576, 35578, 35580, 35582, 35595, 35951, 35988, 36001, 36003, 36023, 10791, 11540, 13634, 13658, 13720, 15412, 17859, 18041, 30250, 30313, 30317, 30367, 30378, 30431, 40569, 40690, 40796, 42575, 42585, 42810, 42842, 42861, 42959, 32726, 15014, 10641, 11248], "label": "washing machine"}, {"objectId": 13, "id": 13, "partId": 13, "index": 11, "dominantNormal": [-0.20398257672786713, -0.9789745211601257, -2.1737601078267182e-16], "obb": {"axesLengths": [0.9513982215469678, 1.0399999386072167, 0.7746487053648176], "centroid": [1.4802798113814746, 1.050258745861465, -0.13000017300248112], "normalizedAxes": [0.9789745211601257, -0.20398257672786713, -4.529323066112914e-17, 0, -2.220446049250313e-16, 1, -0.20398257672786713, -0.9789745211601257, -2.1737601078267182e-16]}, "segments": [12658, 6027, 21634, 16845, 22325, 12936, 17029, 37583, 37618, 19779, 12631, 12713, 12770, 12794, 12828, 12886, 12932, 16633, 16652, 16766, 16794, 16840, 16909, 16946, 16949, 17018, 18138, 18239, 18486, 18502, 18550, 18575, 18772, 18835, 18861, 18864, 18992, 18999, 22175, 22363, 35269, 35292, 35317, 36251, 36256, 36266, 36270, 36273, 36931, 36937, 36966, 37066, 37456, 38167, 38169, 20380, 20178, 1292, 16960, 17114, 20068, 20349, 36941, 19046, 18112, 1222, 2593, 2599, 2622, 18117, 18750, 18896, 21033, 21083, 21111, 21120, 21125, 21256, 21261, 21300, 21315, 21357, 21424, 21459, 21490, 21554, 37027, 37374, 37512, 38028, 38031, 38035, 38037, 38042, 38054, 38057, 38068, 38071, 38081, 12804, 18131, 18948, 19021, 19063, 38061], "label": "washing machine"}, {"objectId": 14, "id": 14, "partId": 14, "index": 12, "dominantNormal": [0.4239464998245239, 0.9056872129440308, 2.0110295938381e-16], "obb": {"axesLengths": [1.0854614667184015, 1.1691279746041894, 1.1371997862155685], "centroid": [1.1066911500479508, 1.4882625246777912, -0.02543619404503694], "normalizedAxes": [0.4239465296268463, 0.9056872129440308, 2.0110295938381e-16, 0, -2.220446049250313e-16, 1, 0.9056872129440308, -0.4239465296268463, -9.413503968033117e-17]}, "segments": [37982, 4971, 4407, 4419, 4432, 4958, 34364, 3798, 3491, 3454, 3471, 3697, 3699, 3722, 3795, 4285, 4294, 4330, 4344, 4347, 4354, 4383, 4393, 34283, 3500, 16203, 17214, 3694, 3720, 4497, 4765, 16262, 17200, 29928, 36365, 36397, 16223, 37897, 3782, 3806, 4767, 4770, 4780, 4786, 4821, 4857, 20182, 20213, 20876, 20898, 34211, 34332, 34334, 34345, 36163, 37927, 38018, 38026, 20861, 35233, 12071, 12062, 12070, 12085, 12091, 20324, 20819, 25926, 26131, 26144, 26232, 35241, 37468, 19787, 4656, 5062, 5094, 5138, 8496, 19816, 34306, 34366, 34393, 36424, 36428, 36435, 36446, 36456, 36467, 36493, 36546, 36551, 41882, 41883, 3714, 41870, 26944, 41742, 3835, 4417, 23005, 23025, 23035, 25337, 26915, 26927, 26962, 26971, 26977, 26984, 27014, 29899, 29904, 29909, 29951, 29970, 30026, 34315, 38520, 39457, 39702, 41708, 29958, 29009, 3811, 4855, 8428, 11922, 11947, 11963, 11981, 11983, 12571, 12600, 12639, 12683, 12749, 16683, 16779, 19771, 25991, 25998, 26012, 26064, 26065, 26073, 26101, 26227, 26266, 26588, 26622, 26629, 26685, 29045, 29380, 35256, 35271, 37820, 37825, 39680, 39690, 39805, 39816, 39822, 39902, 39904, 40981, 12775, 8472, 11721, 12220, 12566, 12623, 12691, 12707, 12755, 16725, 16792, 19424, 19449, 19456, 19463, 19467, 19482, 19678, 19894, 20382, 20536, 23000, 23010, 26057, 26187, 26617, 28222, 29062, 29065, 29113, 29115, 35247, 36254, 36295, 37460, 37826, 39694, 39710, 40855, 41767, 26000, 12142, 12756, 16895, 16916, 16977, 17047, 17696, 18460, 18491, 19738, 20333, 20353, 20393, 20420, 20461, 20513, 20550, 37522, 37524, 37682, 37684, 26510, 19547, 7142, 35323, 19285, 13055, 29439, 23329, 19294, 42824, 37070, 19508, 37441, 17533, 17361, 36623, 19888, 36595, 36574, 17791, 12696, 19466, 36469], "label": "washing machine"}, {"objectId": 15, "id": 15, "partId": 15, "index": 13, "dominantNormal": [0.8195744156837463, -0.5729727745056152, -1.2722551334789839e-16], "obb": {"axesLengths": [1.497180433674892, 0.9771190067279559, 0.867291630708973], "centroid": [-0.263509516858491, 0.4463299626369358, -1.1900806477647912], "normalizedAxes": [0.5729727745056152, 0.8195744156837463, 1.8198207733716084e-16, 0, -2.220446049250313e-16, 1, 0.8195744156837463, -0.5729727745056152, -1.2722551334789839e-16]}, "segments": [8758, 22631, 22466, 41661, 29658, 13828, 34231, 22657, 42481, 15204, 25138, 22601, 26828, 41616, 2965, 4989, 28046, 34164, 3067, 34096, 2632, 2735, 13275, 33746, 38186, 22480, 2660, 34089, 34059, 29425, 29145, 34104, 3021, 2685, 29631, 41628, 29634, 12285, 12340, 35249, 12342, 12358, 22549, 22498, 14150, 3138], "label": "bath cabinet"}, {"objectId": 16, "id": 16, "partId": 16, "index": 14, "dominantNormal": [0, -2.220446049250313e-16, 1], "obb": {"axesLengths": [1.0316263256906848, 0.5088559871422649, 0.7946386516388302], "centroid": [-0.5538735811375517, 0.31545346017780107, -0.9572121603665051], "normalizedAxes": [0.46444711089134216, 0.8856008648872375, 1.966428941651527e-16, 0, -2.220446049250313e-16, 1, 0.8856008648872375, -0.46444711089134216, -1.0312797524644028e-16]}, "segments": [26724, 40299, 28286, 9810, 9852, 9912, 9958, 9966, 9995, 10157, 10321, 24982, 26764, 26776, 28325, 28331, 28387, 28395, 28401, 28404, 28405, 28413, 28624, 28708, 28735, 30529, 39257, 40476, 40567, 40582, 40591, 42401, 42410, 43185, 28669, 10005, 10021, 28125, 28293, 35078, 39253, 40430, 28212, 28797, 9833, 10199, 16060, 16073, 25165, 26774, 28292, 28305, 28725, 28746, 28750, 28831, 40572, 40575, 40600, 40622, 2745, 3205, 16079, 16108, 16765, 17495, 17497, 17504, 17507, 17508, 25759, 25984, 27651, 28787, 28846, 28907, 28130, 10206, 28114, 28195, 39276, 42447, 28838, 25756, 25757, 28913, 28925, 28938, 40617, 40697, 26215, 9800, 9856, 9890, 24992, 25121, 25126, 39342, 40112, 40773, 39410, 9864, 3211, 9704, 9814, 9857, 9962, 17159, 17580, 25012, 25017, 25108, 30191, 35000, 39264, 39315, 2671, 2692, 3035, 9930, 17578, 33517, 9719, 9608, 224, 641, 9542, 9626, 9641, 19548, 20498, 27602, 27609, 27647, 30194, 30415, 30504, 31152, 31154, 31167, 33813, 34646, 39209, 39372, 42413, 42414, 42419, 42424, 786, 64, 10, 80, 1163, 1208, 1376, 1380, 9638, 16731, 16822, 33844, 33851, 39241, 33616, 93, 100, 2573, 2574, 16855, 19641, 19770, 33560, 33614, 33623, 33704, 33719, 33726, 33810, 33842, 33987, 34177, 2575, 10215, 25217, 25168], "label": "sink"}, {"objectId": 17, "id": 17, "partId": 17, "index": 15, "dominantNormal": [0.713147759437561, -0.7010137438774109, -1.5565631980627679e-16], "obb": {"axesLengths": [0.4496643814946314, 0.7200000013411041, 0.13480355144435752], "centroid": [-0.07417012604215373, 0.9709483943113206, -0.31000018171966026], "normalizedAxes": [0.7010137438774109, 0.713147759437561, 1.583506124974845e-16, 0, -2.220446049250313e-16, 1, 0.713147759437561, -0.7010137438774109, -1.5565631980627679e-16]}, "segments": [17740, 17169, 13413, 26302, 27368, 35349, 35364, 39832, 26323, 13439, 35358, 2895, 13364], "label": "box"}], "scan_id": "63b87cf1-ef3f-28f2-871a-c1551f129ce6", "annId": "4216", "appId": "stk.v1"}