{"segGroups": [{"objectId": 1, "id": 1, "partId": 1, "index": 0, "dominantNormal": [0, -2.220446049250313e-16, 1], "obb": {"axesLengths": [6.378006845524527, 0.4909789452482993, 3.5016464748826017], "centroid": [-0.4685511601662685, 1.780934435146075, -1.1445104888385438], "normalizedAxes": [0.9995055198669434, -0.03144458681344986, -6.982100856023323e-18, 0, -2.220446049250313e-16, 1, -0.03144458681344986, -0.9995055198669434, -2.2193480827924347e-16]}, "segments": [9139, 32250, 30548, 29465, 29455, 29589, 29480, 9613, 27883, 15930, 11074, 29481, 32867, 8743, 30312, 30297, 7479, 21125, 14585, 20198, 348, 541, 1182, 1294, 13596, 13114, 2152, 13595, 16260, 31681, 41755, 28966, 27677], "label": "floor"}, {"objectId": 2, "id": 2, "partId": 2, "index": 1, "dominantNormal": [0, -2.220446049250313e-16, 1], "obb": {"axesLengths": [2.895816461122814, 0.15526997696004866, 2.094219288073654], "centroid": [-0.749864017026564, 1.8732484278483068, -1.2402049690261132], "normalizedAxes": [0.9999670386314392, 0.008118072524666786, 1.802574206492388e-18, 0, -2.220446049250313e-16, 1, 0.008118072524666786, -0.9999670386314392, -2.2203728603097144e-16]}, "segments": [16133, 8034, 12047, 18031, 27632, 27811, 8232, 21349, 18924, 19548, 12174], "label": "carpet"}, {"objectId": 3, "id": 3, "partId": 3, "index": 2, "dominantNormal": [0.9804660677909851, -0.19668838381767273, -4.367359447813806e-17], "obb": {"axesLengths": [0.7335772702407073, 2.4918598571749055, 0.3418137087925651], "centroid": [-3.4140062782798477, 3.180766175554398, -0.07593000449106269], "normalizedAxes": [0.19668838381767273, 0.9804660677909851, 2.1770720066504825e-16, 0, -2.220446049250313e-16, 1, 0.9804660677909851, -0.19668838381767273, -4.367359447813806e-17]}, "segments": [18858, 45040, 33450, 33036, 13486, 13520, 13532, 18384, 18606, 18633, 18649, 18670, 18684, 18685, 18862, 33064, 33080, 33120, 33126, 33340, 33342, 33362, 33387, 33413, 33422, 33436, 33442, 33494, 33497, 33503, 38216, 44816, 45086, 45148], "label": "wardrobe"}, {"objectId": 4, "id": 4, "partId": 4, "index": 3, "dominantNormal": [-0.010046715848147869, -0.9999495148658752, -2.2203339497337e-16], "obb": {"axesLengths": [1.0802541193253712, 2.5311300188795465, 0.11930984530587922], "centroid": [-2.8097049057238435, 3.4947235773216865, -0.05556500517513774], "normalizedAxes": [0.9999495148658752, -0.010046715848147869, -2.2308190512960444e-18, 0, -2.220446049250313e-16, 1, -0.010046715848147869, -0.9999495148658752, -2.2203339497337e-16]}, "segments": [22277, 20688, 4298, 9381], "label": "wall"}, {"objectId": 5, "id": 5, "partId": 5, "index": 4, "dominantNormal": [0.010466617532074451, -0.9999452233314514, -2.2203244206130433e-16], "obb": {"axesLengths": [1.529224239264268, 2.7730799293574693, 0.7613110593429427], "centroid": [1.4146107621486135, 3.283310952954812, -0.03653997784845808], "normalizedAxes": [0.9999452233314514, 0.010466617532074451, 2.3240559548108778e-18, 0, -2.220446049250313e-16, 1, 0.010466617532074451, -0.9999452233314514, -2.2203244206130433e-16]}, "segments": [25152, 14851, 11977, 44710, 29043, 11020, 21868, 21905, 25359, 24447, 21197, 1218, 21180, 979, 335, 1598, 3122, 1670, 1648, 6045, 466, 64, 4952, 34199, 7264, 902], "label": "wall"}, {"objectId": 6, "id": 6, "partId": 6, "index": 5, "dominantNormal": [-0.6191529631614685, -0.7852703928947449, -1.7436505414963774e-16], "obb": {"axesLengths": [0.9970036769564362, 0.6029099091237059, 0.5200126332514569], "centroid": [2.350931627646823, 2.9821679310377927, -1.0314549641552961], "normalizedAxes": [0.7852703928947449, -0.6191529631614685, -1.3747957509335074e-16, 0, -2.220446049250313e-16, 1, -0.6191529631614685, -0.7852703928947449, -1.7436505414963774e-16]}, "segments": [2519, 5370, 4959, 5582, 3854], "label": "wardrobe"}, {"objectId": 7, "id": 7, "partId": 7, "index": 6, "dominantNormal": [-0.03378617390990257, -0.9994291067123413, -2.2191784115051878e-16], "obb": {"axesLengths": [3.1283241745679145, 2.705509959783181, 0.9509374983053993], "centroid": [-0.7796813256980262, 3.0849535814968365, -0.2227550167541592], "normalizedAxes": [0.9994291067123413, -0.03378617390990257, -7.502037637752717e-18, 0, -2.220446049250313e-16, 1, -0.03378617390990257, -0.9994291067123413, -2.2191784115051878e-16]}, "segments": [29365, 27565, 43595, 18547, 9852, 11386, 11407, 11412, 11430, 11438, 11441, 11444, 11459, 11470, 11481, 11484, 11501, 11507, 11510, 11539, 11550, 11569, 11658, 11740, 11742, 11743, 11761, 11789, 11790, 11791, 11797, 11798, 11819, 12285, 17617, 20978, 21004, 21033, 22648, 22650, 22657, 22658, 22701, 22722, 22726, 22832, 26345, 26480, 26511, 26522, 26547, 26870, 26959, 26983, 27021, 27033, 27036, 27105, 27123, 27193, 27212, 27224, 27267, 27271, 27291, 27293, 27300, 27370, 27404, 27551, 27833, 27839, 27844, 28105, 28165, 30493, 30711, 30920, 30950, 30962, 31022, 31026, 36432, 36658, 37794, 37876, 37915, 39161, 39184, 41000, 41001, 41080, 41170, 41172, 41328, 41331, 41344, 41395, 41640, 42761, 42763, 44156, 44619, 32812, 27118, 31353, 9780, 20982, 22675, 29662, 29990, 30233, 30794, 30828, 30862, 31088, 32017, 32022, 32034, 32088, 32092, 32106, 32115, 32668, 32830, 41682, 41710, 41852, 42085, 42423, 43194, 43529, 43930, 43932, 43943, 43992, 44015, 44106, 44492, 44520, 31210, 20701, 26877, 43648, 43905, 9077, 11067, 11072, 11077, 11097, 11144, 11175, 11236, 11247, 11289, 11586, 11642, 14812, 14838, 14875, 14879, 14880, 14906, 14947, 15364, 15432, 17446, 17609, 19896, 21058, 21255, 21656, 21686, 21725, 22364, 23656, 23747, 24183, 24230, 28488, 28555, 29966, 30036, 30039, 30061, 30086, 30099, 30601, 30799, 31553, 31559, 31788, 31800, 31811, 31825, 31827, 31889, 32679, 32794, 33162, 36605, 36634, 36639, 37779, 37787, 37791, 37802, 37879, 37906, 38573, 38700, 38702, 38720, 39157, 41055, 41968, 41970, 41973, 42018, 42038, 42080, 42084, 42607, 42936, 42974, 42981, 42988, 42995, 43124, 43130, 43145, 43190, 43547, 43619, 44458, 44478, 44483, 44496, 44515, 43660, 11279, 13966, 13975, 13995, 14012, 14024, 14028, 14036, 14051, 14073, 14094, 14113, 14509, 14515, 14536, 14567, 14580, 14612, 14630, 14737, 14784, 14922, 15096, 15272, 17040, 17049, 17089, 17099, 17104, 17196, 17241, 17502, 17535, 17624, 26182, 26230, 26290, 37078, 37117, 37205, 37621, 37658, 37710, 37883, 37899, 41517, 15244, 16257, 16291, 17117, 26084, 28560, 37369, 40777, 40898, 41459, 26299, 12329, 12377, 17294, 26313, 26323, 29970, 30947, 31543, 37742, 28367, 28384, 8953, 8975, 9023, 9072, 9344, 9376, 9398, 10169, 10218, 11060, 11157, 17033, 20316, 22423, 23253, 23322, 23399, 23468, 23506, 23810, 23839, 23853, 24232, 24361, 24416, 24468, 24682, 24686, 24775, 24964, 25986, 26387, 28233, 28267, 28297, 28392, 28408, 28418, 28429, 28453, 29316, 29708, 30779, 31058, 36208, 37333, 38261, 38264, 38267, 38273, 39009, 39265, 39341, 39347, 39442, 39449, 39741, 39825, 39957, 41467, 42015, 42910, 43061, 43440, 29289, 41420, 9934, 1685, 1695, 4327, 4349, 4728, 4735, 4738, 6624, 8227, 8272, 8847, 8880, 8900, 9034, 9136, 9202, 9210, 9216, 9261, 9323, 9887, 9939, 9944, 9970, 10175, 10321, 10406, 10422, 10425, 10429, 10433, 10447, 11164, 12358, 12456, 15077, 15214, 16181, 16189, 16236, 17131, 17679, 18589, 18654, 19171, 20411, 20437, 21632, 22402, 22484, 23702, 23785, 23822, 23832, 23966, 23968, 23986, 24019, 24583, 24604, 24610, 26057, 26238, 26469, 26648, 28184, 28215, 28534, 28757, 28772, 28816, 28893, 29149, 29161, 31266, 31275, 31308, 31324, 31330, 32430, 32457, 32462, 32472, 32551, 32643, 33856, 33867, 33898, 34788, 35244, 36077, 36198, 36214, 36284, 36370, 36382, 36555, 36557, 36562, 37175, 37196, 37246, 37354, 37546, 37612, 37617, 38904, 38921, 39068, 39144, 39438, 39460, 39567, 39585, 40199, 40237, 40296, 41434, 41661, 41664, 41667, 41671, 41690, 41960, 41964, 42838, 43508, 8786, 19727, 1765, 2002, 2046, 2564, 2579, 2591, 2711, 2738, 2744, 2753, 2772, 2815, 2835, 2837, 2860, 2881, 2890, 2893, 3012, 3080, 3092, 3111, 3128, 3135, 3158, 3186, 3251, 3260, 3308, 3317, 3321, 3324, 3333, 3367, 3459, 3486, 3490, 3518, 3531, 3541, 3574, 6393, 6401, 6403, 7862, 7873, 8059, 8060, 8065, 8085, 8394, 8415, 8440, 8562, 8563, 8585, 8587, 8592, 8619, 8626, 8636, 8675, 8680, 8760, 9171, 9285, 9563, 9573, 12619, 12622, 12675, 12692, 12695, 12727, 12789, 13235, 13239, 13241, 13258, 13300, 13352, 13368, 13391, 13398, 13399, 13427, 14162, 14179, 14184, 14199, 14255, 14260, 14330, 15166, 15258, 15262, 15285, 15300, 15321, 15505, 16405, 16527, 16553, 16554, 16571, 16592, 16608, 16623, 16636, 16678, 16695, 16699, 16701, 16737, 16746, 16757, 16765, 17894, 17932, 17954, 17965, 17974, 18429, 18448, 20595, 22298, 22311, 22324, 22354, 22447, 22474, 22874, 22875, 22879, 22892, 22921, 22929, 22975, 22997, 23409, 23450, 23451, 23565, 23570, 24308, 24337, 24351, 26137, 26166, 34660, 34662, 34708, 34713, 34717, 34721, 34724, 34741, 34747, 34749, 34764, 34767, 35517, 35641, 35979, 36064, 36069, 36073, 36087, 36091, 36098, 36102, 36108, 36193, 36411, 36429, 36761, 36825, 36828, 36830, 36841, 36871, 36914, 37186, 37189, 37200, 37209, 37210, 37230, 37239, 37241, 37381, 37389, 37391, 37395, 37402, 37410, 37412, 37433, 37444, 37445, 37450, 37452, 37461, 37467, 37474, 37488, 37504, 37541, 37997, 38024, 38031, 38034, 38042, 38056, 38085, 38095, 38117, 38119, 38122, 38201, 38490, 38530, 39124, 39286, 39291, 39317, 39322, 39327, 39332, 39335, 39866, 39873, 39882, 40724, 40726, 40743, 43680, 43861, 13310, 2176, 2799, 8741, 12683, 12719, 12764, 15174, 19640, 19792, 19829, 20773, 20856, 20889, 22950, 23083, 23106, 23473, 23476, 23503, 23561, 23607, 23672, 24201, 24274, 24291, 35656, 36775, 37203, 38477, 38740, 38747, 39312, 39315, 39419, 39495, 39508, 39523, 39529, 34483, 29, 122, 186, 245, 263, 344, 386, 414, 544, 549, 558, 1326, 1338, 1350, 1399, 1436, 1490, 1663, 1680, 1797, 1849, 1874, 2224, 2307, 2545, 2560, 3110, 3652, 3657, 3877, 3889, 3906, 3913, 3915, 3957, 3999, 4041, 4115, 4201, 4209, 4219, 4237, 4257, 4259, 4280, 4416, 4423, 4428, 4449, 4453, 4458, 4462, 4528, 4556, 4603, 4641, 4678, 4682, 4992, 5032, 5064, 5081, 5140, 5176, 5214, 5272, 5300, 5390, 5513, 5557, 5610, 5654, 5666, 5668, 5717, 5829, 5840, 5860, 5914, 5925, 5942, 5976, 6060, 6110, 6166, 6198, 6253, 6268, 6297, 6321, 6381, 6618, 6709, 6797, 6806, 6847, 6886, 6888, 6927, 6930, 6934, 6943, 6966, 6973, 7045, 7070, 7071, 7398, 7407, 7420, 7423, 7426, 7430, 7556, 7742, 8256, 9906, 11545, 11966, 11994, 12941, 13220, 13512, 13838, 17164, 17430, 17546, 18703, 18793, 18847, 18850, 18983, 18989, 19018, 19086, 19348, 19611, 19700, 19714, 19728, 20009, 20056, 20154, 20387, 20395, 20397, 20400, 20438, 20444, 20471, 20481, 20482, 20486, 20529, 20530, 20540, 20554, 20560, 21366, 21436, 21450, 21515, 21532, 21561, 21564, 21567, 21628, 21662, 21733, 21809, 21874, 22024, 22039, 22067, 22084, 22140, 22146, 23595, 23637, 23913, 23933, 23938, 23944, 26900, 26961, 27006, 27124, 27127, 27270, 27433, 28107, 28327, 29818, 31211, 31606, 31774, 34145, 34159, 34183, 34200, 34202, 34314, 34375, 34423, 34426, 34428, 34429, 34436, 34457, 34459, 34463, 34510, 34533, 34538, 34550, 34598, 34611, 34658, 34659, 34831, 34868, 34875, 34910, 34916, 34923, 34926, 34956, 34970, 34991, 35022, 35025, 35079, 35083, 35114, 35121, 35132, 35175, 35187, 35221, 35274, 35306, 35309, 35443, 35472, 35475, 35478, 35484, 35491, 35493, 35536, 35539, 35541, 35544, 35545, 35551, 35579, 35713, 35757, 35796, 35806, 35828, 35842, 35895, 36249, 36723, 36963, 37029, 37869, 38156, 38161, 38182, 38323, 38325, 38347, 38724, 38735, 38737, 38753, 38762, 38801, 38819, 38831, 38888, 38914, 38961, 38990, 38995, 39001, 39006, 39018, 39103, 39105, 39545, 39588, 39630, 39645, 39683, 40413, 40559, 40654, 41161, 41198, 41230, 43786, 99, 7617, 15139, 19724, 20750, 24197, 1578, 645, 668, 1327, 2258, 8131, 20748, 13988, 14598, 5643, 13673, 30347, 32785, 36940, 34262, 7974, 3836, 43576, 11358, 13716, 3707], "label": "wardrobe"}, {"objectId": 8, "id": 8, "partId": 8, "index": 7, "dominantNormal": [0.8067331910133362, -0.5909159183502197, -1.312096916339866e-16], "obb": {"axesLengths": [0.3976816762009866, 0.6506000313773742, 0.34516592578494554], "centroid": [0.21233418701375872, 1.538958027641361, -0.7353000097849234], "normalizedAxes": [0.5909159183502197, 0.8067331314086914, 1.7913073944357625e-16, 0, -2.220446049250313e-16, 1, 0.8067331314086914, -0.5909159183502197, -1.312096916339866e-16]}, "segments": [40579, 25863, 40311, 40307, 25650, 40549, 13882, 25630, 25507, 40529, 40326, 40126], "label": "backpack"}, {"objectId": 9, "id": 9, "partId": 9, "index": 8, "dominantNormal": [0.7765440940856934, 0.6300628781318665, 1.3990206285271844e-16], "obb": {"axesLengths": [0.6088585873554044, 0.9730710318743203, 0.585252311469068], "centroid": [0.08342925853579475, 1.7819713427310677, -0.7173345220506685], "normalizedAxes": [-0.6300628781318665, 0.7765440940856934, 1.7242742657812412e-16, 0, -2.220446049250313e-16, 1, 0.7765440940856934, 0.6300628781318665, 1.3990206285271844e-16]}, "segments": [18115, 41025, 10690, 25014, 8504, 10616, 11034, 12722, 14367, 15833, 15874, 15973, 16019, 18102, 18114, 18118, 18131, 18237, 18297, 18715, 18723, 18742, 19215, 19421, 19474, 23898, 24562, 24589, 24703, 24704, 24714, 24718, 24731, 24834, 24895, 24910, 24924, 24963, 25016, 25890, 25954, 25974, 25976, 32133, 33653, 34013, 37052, 37251, 38227, 38349, 38432, 38434, 38435, 38461, 39965, 39968, 40071, 40086, 40087, 40713, 41602, 41607, 41609, 42604, 42880, 44159, 10882, 10688, 10853, 10877, 10899, 15948, 18274, 36588, 36594, 18245, 18338, 18149, 39939, 38458, 24559, 19249, 19469, 24594, 25040, 37255, 38398, 40092, 40099, 40182, 42514, 25547, 15893, 40956, 10956, 10880, 36574, 38445], "label": "clothes"}, {"objectId": 10, "id": 10, "partId": 10, "index": 9, "dominantNormal": [0.22803880274295807, -0.9736520648002625, -2.1619418806301526e-16], "obb": {"axesLengths": [0.45243471186162004, 0.7199999827146529, 0.41496706869359845], "centroid": [-2.503594284106917, 3.371596482374305, -0.44999999975867744], "normalizedAxes": [0.9736520648002625, 0.22803880274295807, 5.063478586263727e-17, 0, -2.220446049250313e-16, 1, 0.22803880274295807, -0.9736520648002625, -2.1619418806301526e-16]}, "segments": [45167, 45191, 15438, 15398, 25130, 15340, 15390, 34036, 44953, 45218, 15374], "label": "bag"}, {"objectId": 14, "id": 14, "partId": 14, "index": 13, "dominantNormal": [0, -2.220446049250313e-16, 1], "obb": {"axesLengths": [1.2846128804211412, 0.13999998256564172, 0.7407991330329708], "centroid": [0.361960172744048, 3.0639112412581886, 1.2799999955474561], "normalizedAxes": [0.8366087079048157, 0.5478009581565857, 1.2163624733143268e-16, 0, -2.220446049250313e-16, 1, 0.5478009581565857, -0.8366087079048157, -1.8576445002356571e-16]}, "segments": [18492, 34208, 20166, 20188, 20223, 17458, 15335, 19706], "label": "ceiling"}, {"objectId": 17, "id": 17, "partId": 17, "index": 14, "dominantNormal": [0.9809175729751587, 0.194424107670784, 4.317082417566098e-17], "obb": {"axesLengths": [0.36660825350756343, 0.786370021409466, 0.09250096201555362], "centroid": [-2.7089932476945413, 1.0688459648648228, -0.9031849966053309], "normalizedAxes": [-0.194424107670784, 0.9809175729751587, 2.1780745495528968e-16, 0, -2.220446049250313e-16, 1, 0.9809175729751587, 0.194424107670784, 4.317082417566098e-17]}, "segments": [31617, 34106], "label": "wall"}, {"objectId": 19, "id": 19, "partId": 19, "index": 16, "dominantNormal": [0.7871069312095642, 0.6168165802955627, 1.3696079388293708e-16], "obb": {"axesLengths": [0.2505165312766449, 0.3070729604272626, 0.2278634984100443], "centroid": [-0.19720931521403617, 1.7276198592639067, -0.6045454822776748], "normalizedAxes": [-0.6168165802955627, 0.7871069312095642, 1.7477284757418148e-16, 0, -2.220446049250313e-16, 1, 0.7871069312095642, 0.6168165802955627, 1.3696079388293708e-16]}, "segments": [42802, 27418, 42020, 20487, 11017, 42885, 40587], "label": "helmet"}], "scan_id": "13124cbe-cec3-27a6-8745-6e02a03494d2", "annId": "4183", "appId": "stk.v1"}