{"segGroups": [{"objectId": 1, "id": 1, "partId": 1, "index": 0, "dominantNormal": [0, -2.220446049250313e-16, 1], "obb": {"axesLengths": [4.876329988511462, 0.6035898788961056, 3.4736661819268235], "centroid": [0.5528717950139249, 0.34191548529823224, -1.3717950518028068], "normalizedAxes": [0.03714190423488617, 0.9993100166320801, 2.2189139784069669e-16, 0, -2.220446049250313e-16, 1, 0.9993100166320801, -0.03714190423488617, -8.247159451998647e-18]}, "segments": [5772, 36392, 31638, 7146, 9267, 30805, 50869, 28431, 31512, 8534, 9218, 9933, 9949, 10979, 11218, 11221, 11222, 12504, 23824, 27952, 28776, 29704, 30600, 30777, 31290, 31821, 33459, 36653, 36683, 36696, 37114, 37138, 44375, 44377, 44381, 44771, 47992, 48541, 48642, 50419, 50480, 50779, 10822, 28213, 31544, 31590, 31360, 50492], "label": "floor"}, {"objectId": 2, "id": 2, "partId": 2, "index": 1, "dominantNormal": [0.5427386164665222, -0.8399016261100769, -1.8649562474550339e-16], "obb": {"axesLengths": [3.673448859882161, 3.0478699718146767, 0.24016983322531493], "centroid": [-0.16315432625678183, 2.187576626905655, 0.07393488681461724], "normalizedAxes": [0.8399016261100769, 0.5427386164665222, 1.2051218167086702e-16, 0, -2.220446049250313e-16, 1, 0.5427386164665222, -0.8399016261100769, -1.8649562474550339e-16]}, "segments": [23441, 3838, 9718, 49188, 5665, 10665, 2345, 34246, 505, 3275, 3817, 14518, 15184, 16502, 16619, 16659, 17239, 17967, 17999, 18010, 18014, 18017, 19294, 19427, 20505, 23326, 24854, 24871, 26175, 26197, 32522, 32636, 32697, 40360, 42067, 43026, 45061, 48831, 49125, 49308, 16227, 12399, 23385, 49046, 14506, 16188, 16193, 16204, 16587, 19842, 24825, 24877, 45044, 48705, 10737], "label": "wall"}, {"objectId": 3, "id": 3, "partId": 3, "index": 2, "dominantNormal": [0.8310655951499939, 0.5561744570732117, 1.2349553759021507e-16], "obb": {"axesLengths": [2.245297464813466, 3.2585999237313867, 0.31436390902156536], "centroid": [-0.9968894523342997, 0.3289623906491005, 0.17649987504258835], "normalizedAxes": [-0.5561743974685669, 0.8310655951499939, 1.845336317418664e-16, 0, -2.220446049250313e-16, 1, 0.8310655951499939, 0.5561743974685669, 1.2349552435532527e-16]}, "segments": [23241, 48043, 14302, 12394, 4968, 4979, 16139, 16416, 17437, 21347, 24256, 25058, 25505, 25576, 25975, 26152, 32154, 37210, 44975, 45889, 49409, 49704, 17267, 40087, 34860, 21202, 33249], "label": "wall"}, {"objectId": 4, "id": 4, "partId": 4, "index": 3, "dominantNormal": [0.25768545269966125, -0.9662288427352905, -2.145459016523278e-16], "obb": {"axesLengths": [0.6003891764999868, 2.0799999964237204, 0.38095243778640764], "centroid": [-1.0509737006436486, 0.6686005950415194, -0.4100001008808607], "normalizedAxes": [0.9662288427352905, 0.25768545269966125, 5.721766453962413e-17, 0, -2.220446049250313e-16, 1, 0.25768545269966125, -0.9662288427352905, -2.145459016523278e-16]}, "segments": [47373, 17073, 4857, 45004, 21828, 18617, 34763, 4918, 28065, 27537, 27583, 48238, 17213, 4788, 4388, 4701, 4762, 4921, 17181, 18345, 18412, 18979, 20673, 21399, 27443, 28105, 45029, 45352, 45355, 45365, 45629, 47066, 47403], "label": "shower curtain"}, {"objectId": 5, "id": 5, "partId": 5, "index": 4, "dominantNormal": [0, -2.220446049250313e-16, 1], "obb": {"axesLengths": [1.0206226664162688, 0.38302992918275464, 0.95500430389932], "centroid": [-1.1930702071411865, 1.1614339091368842, -1.2815150574256107], "normalizedAxes": [0.25857800245285034, 0.9659903645515442, 2.144929488582346e-16, 0, -2.220446049250313e-16, 1, 0.9659903645515442, -0.25857800245285034, -5.741585039694693e-17]}, "segments": [27405, 25189, 17535, 49848, 34915, 49802, 27284, 20694, 20725, 27191, 27193, 27249, 27258, 27301, 27335, 27533, 28160, 28184, 28201, 28244, 34892, 46969, 46999, 47062, 47120, 47279, 47282, 47290, 47438, 49751, 49757, 40181, 52690], "label": "shower"}, {"objectId": 6, "id": 6, "partId": 6, "index": 5, "dominantNormal": [0.5566858053207397, -0.8307231068611145, -1.8445758406507073e-16], "obb": {"axesLengths": [2.6149784988423734, 3.2267098897685864, 0.29664915533907915], "centroid": [0.575330844159795, 0.09975524073029265, 0.18244490178424888], "normalizedAxes": [0.8307231068611145, 0.5566858053207397, 1.2360907970981655e-16, 0, -2.220446049250313e-16, 1, 0.5566858053207397, -0.8307231068611145, -1.8445758406507073e-16]}, "segments": [26229, 11121, 23525, 23510, 53434, 31699, 35910, 53368, 40462, 53425, 120, 202, 6703, 7148, 8320, 8812, 10799, 11757, 11761, 11802, 11835, 11839, 11841, 11885, 11960, 12004, 12070, 12075, 12086, 15972, 25493, 26225, 26265, 37007, 37061, 38331, 38355, 38455, 38524, 38540, 40252, 40475, 40492, 40509, 40853, 40901, 40968, 41030, 41043, 41052, 41222, 41251, 41328, 43031, 43033, 43078, 43994, 44068, 44169, 44245, 44253, 44254, 44258, 44270, 44274, 44277, 44280, 44860, 45413, 45423, 46770, 49869, 49872, 51797, 51801, 51803, 52835, 53454, 53487, 53500, 53502, 53507, 53511, 8997, 8201, 34487, 51592, 41183, 51657, 41084, 38565, 41303, 51642], "label": "wall"}, {"objectId": 7, "id": 7, "partId": 7, "index": 6, "dominantNormal": [0.5295467972755432, -0.8482807278633118, -1.8835615908392706e-16], "obb": {"axesLengths": [0.9944960666828543, 0.6907919788928629, 0.18088257593238322], "centroid": [0.9374921664413662, 0.3494283173018172, 0.04460390371224321], "normalizedAxes": [0.8482807278633118, 0.5295467972755432, 1.1758300939036364e-16, 0, -2.220446049250313e-16, 1, 0.5295467972755432, -0.8482807278633118, -1.8835615908392706e-16]}, "segments": [53248, 25459, 46780, 25483, 1905, 7349, 28042], "label": "mirror"}, {"objectId": 8, "id": 8, "partId": 8, "index": 7, "dominantNormal": [0.5687074661254883, -0.8225398659706116, -1.8264053957453265e-16], "obb": {"axesLengths": [0.7313500082100749, 0.8640100166795395, 0.5789663118996738], "centroid": [0.7650350352963204, 0.6178815831389, -1.0020050722657514], "normalizedAxes": [0.8225398659706116, 0.5687074661254883, 1.2627842463374967e-16, 0, -2.220446049250313e-16, 1, 0.5687074661254883, -0.8225398659706116, -1.8264053957453265e-16]}, "segments": [7234, 7216, 7217, 44494, 47866, 10603, 44472, 10454, 29644, 7382, 7398, 7409, 7414, 7420, 10221, 10441, 10450, 10465, 10487, 10508, 10521, 10526, 10527, 10534, 10535, 10536, 10551, 29603, 29675, 31235, 31239, 43819, 43839, 44467, 44469, 44484, 44485, 44488, 44490, 47706, 47763, 47766, 47770, 47772, 47777, 47780, 47782, 47784, 47787, 47911, 47915, 47919, 47923, 48513, 48516, 10614, 10506, 6820, 47186, 43880, 7089, 5937, 7564, 10625, 22347, 43851, 7124, 7137], "label": "sink"}, {"objectId": 9, "id": 9, "partId": 9, "index": 8, "dominantNormal": [0.8503119945526123, 0.5262789726257324, 1.1685740655703212e-16], "obb": {"axesLengths": [1.1403488872684089, 2.648249924594537, 0.513709982842118], "centroid": [1.2246453843038507, 1.2289603890931646, -0.11412503501493587], "normalizedAxes": [-0.5262789726257324, 0.8503119349479675, 1.8880717765856037e-16, 0, -2.220446049250313e-16, 1, 0.8503119349479675, 0.5262789726257324, 1.1685740655703212e-16]}, "segments": [29384, 13340, 12646, 38196, 38252, 30902, 49966, 12678, 44738, 31928, 25967, 13064, 38786, 44710, 11695, 11461, 36498, 29424, 11293, 8220, 8253, 9433, 9478, 9679, 9993, 10088, 10129, 10752, 11018, 11398, 11409, 11438, 11541, 11560, 11613, 11735, 11784, 11854, 11979, 12152, 12763, 12972, 13037, 13173, 13677, 13760, 23999, 29446, 29487, 30959, 35108, 36424, 36430, 36446, 38584, 38587, 38609, 38614, 38645, 38690, 38703, 38722, 39687, 44283, 44327, 44394, 44648, 44876, 50106, 50108, 50330, 50331, 50337, 51272, 51422, 51444, 51446, 51509, 51515, 52105, 4230, 50284, 31897, 16028, 15844, 51252, 51890, 52088, 18661, 9650, 9652, 10745, 10760, 11400, 11917, 18611, 44578, 44821, 16034, 24011, 35103, 50400, 36610, 39127, 51856, 37895, 39151, 39191], "label": "curtain"}, {"objectId": 10, "id": 10, "partId": 10, "index": 9, "dominantNormal": [0.830416202545166, 0.55714350938797, 1.2371071042859726e-16], "obb": {"axesLengths": [2.1942951120634, 0.845130007450357, 0.6641863054962356], "centroid": [0.8911230093965734, 1.561346610252705, 1.371084903454371], "normalizedAxes": [-0.55714350938797, 0.8304162621498108, 1.8438945085237597e-16, 0, -2.220446049250313e-16, 1, 0.8304162621498108, 0.55714350938797, 1.2371071042859726e-16]}, "segments": [37829, 33050, 35932, 13578, 14917, 14936, 22766, 22875, 35680, 35703, 37947, 38100, 38107, 38110, 38111, 38119, 38147, 38163, 38175, 38939, 38946, 38947, 39010, 39029, 39140, 39164, 44905, 45892, 51289, 51644, 51717, 51790, 51830, 52124, 53514, 53518], "label": "wall"}, {"objectId": 11, "id": 11, "partId": 11, "index": 10, "dominantNormal": [0.8023092150688171, 0.5969086289405823, 1.325403406894537e-16], "obb": {"axesLengths": [1.0554646804077867, 2.694869934882149, 0.34557165391045597], "centroid": [1.5868477978078803, 2.7017653694105754, -0.08575507247995606], "normalizedAxes": [-0.5969086289405823, 0.8023092150688171, 1.7814843268766748e-16, 0, -2.220446049250313e-16, 1, 0.8023092150688171, 0.5969086289405823, 1.325403406894537e-16]}, "segments": [45850, 49972, 13944, 1972, 6917, 6749, 44344, 34436, 37037, 432, 468, 2001, 8642, 8651, 8690, 8701, 8713, 8792, 27174, 38261, 38303, 38344, 38388, 44018, 44020, 44028, 50060, 50074, 51372, 33804, 36970, 46043, 46087, 45866, 45819, 23047, 15330, 12469, 12275, 52475, 36101, 15425, 46051, 15327, 36960, 21456, 21370, 19761, 13875, 44374, 8116, 8055, 9789, 7912, 8011, 8046, 8096, 9744, 9756, 9758, 9826, 10629, 10641, 27784, 27785, 27791, 27795, 27824, 27831, 44463, 46394, 47206, 47248, 8734], "label": "curtain"}, {"objectId": 12, "id": 12, "partId": 12, "index": 11, "dominantNormal": [0.02923003025352955, -0.9995726943016052, -2.2194972400004903e-16], "obb": {"axesLengths": [0.8592235921447018, 0.8608099625823651, 0.7625529124143096], "centroid": [0.9613239280846536, 2.5659396583121548, -1.0004050452171644], "normalizedAxes": [0.9995726943016052, 0.029230032116174698, 6.490370933181988e-18, 0, -2.220446049250313e-16, 1, 0.029230032116174698, -0.9995726943016052, -2.2194972400004903e-16]}, "segments": [49656, 24952, 17850, 35568, 22850, 43720, 32277, 43630, 6392, 6540, 6098, 6133, 6160, 6199, 6323, 6355, 6409, 6413, 6432, 6447, 6468, 30253, 35548, 36849, 43607, 43627, 43661, 48797, 48805, 49317, 49352, 49602, 49946, 50427, 50429, 50433, 6848], "label": "washing machine"}, {"objectId": 13, "id": 13, "partId": 13, "index": 12, "dominantNormal": [-0.6461560726165771, -0.7632052898406982, -1.6946561705937185e-16], "obb": {"axesLengths": [0.3888247975657707, 0.5355300187573575, 0.3168644269290361], "centroid": [0.5178284750053886, 2.3828569357539076, -1.1822350897140423], "normalizedAxes": [0.7632052898406982, -0.6461560726165771, -1.4347546986405771e-16, 0, -2.220446049250313e-16, 1, -0.6461560726165771, -0.7632052898406982, -1.6946561705937185e-16]}, "segments": [32490, 49488, 33507, 49922, 25004, 22150, 22164, 32015, 32240, 32269, 32270, 32280, 32326, 32337, 32359, 32365, 32386, 32441, 32460, 33283, 33299, 33309, 33319, 33346, 33386, 33511, 48660, 48665, 48667, 48673, 48677, 49461, 49569, 49545, 32618, 50974, 49331, 33267, 33455], "label": "bin"}, {"objectId": 14, "id": 14, "partId": 14, "index": 13, "dominantNormal": [0.8764535784721375, 0.48148638010025024, 1.0691145304614352e-16], "obb": {"axesLengths": [0.7865945520441687, 0.8417209794732705, 0.41187623164090853], "centroid": [0.1400757700579136, 1.930746524195146, -1.0119095758666954], "normalizedAxes": [-0.48148638010025024, 0.8764535784721375, 1.9461178856697569e-16, 0, -2.220446049250313e-16, 1, 0.8764535784721375, 0.48148638010025024, 1.0691145304614352e-16]}, "segments": [47160, 26034, 47455, 25643, 46520, 28247, 23884, 18297, 18277, 29014, 31487, 25778, 25795, 23759, 18394, 18748, 22048, 22075, 23577, 23596, 23608, 23609, 23632, 23634, 23644, 23649, 23669, 23715, 23718, 23787, 23791, 23841, 23911, 23916, 24024, 24109, 24134, 24138, 24205, 25598, 25694, 25794, 25802, 25851, 25860, 25861, 25877, 26044, 27731, 28796, 28816, 31428, 46134, 46161, 46203, 46205, 46439, 46440, 46465, 46602, 46663, 46685, 46695, 46746, 46947, 47507, 48547, 26836, 46373, 24107, 48707], "label": "toilet"}, {"objectId": 15, "id": 15, "partId": 15, "index": 14, "dominantNormal": [0.9416534900665283, 0.3365839123725891, 7.473664184689291e-17], "obb": {"axesLengths": [0.6967903609720753, 0.43642996766202174, 0.43584015829196476], "centroid": [-0.42736787373421103, 1.6657429009098528, -1.2332950200894113], "normalizedAxes": [-0.3365839123725891, 0.9416534900665283, 2.0908907717809917e-16, 0, -2.220446049250313e-16, 1, 0.9416534900665283, 0.3365839123725891, 7.473664184689291e-17]}, "segments": [18971, 19008, 48481, 30990, 31019, 20211, 20010, 45380, 20988, 30723, 47612, 30493, 30519, 30393, 20246, 19132, 19149, 19180, 20020, 20031, 20036, 20065, 20066, 20070, 20088, 20117, 20154, 28687, 28710, 30700, 31013, 31031, 31055, 31086, 45384, 45385, 45488, 45493, 45531, 45534, 45538, 45612, 45639, 47666, 48342, 48381, 48384, 48387, 48392, 48398, 48416, 48464, 48467, 47623, 30733, 19114, 19314], "label": "bidet"}, {"objectId": 16, "id": 16, "partId": 16, "index": 15, "dominantNormal": [0.39852163195610046, -0.9171589612960815, -2.036501992144405e-16], "obb": {"axesLengths": [0.5386944412301837, 1.4369500274892884, 0.530367193420199], "centroid": [-0.7344881985885396, 0.1797463226320314, -0.7484750962225715], "normalizedAxes": [0.9171589016914368, 0.39852163195610046, 8.848957832177106e-17, 0, -2.220446049250313e-16, 1, 0.39852163195610046, -0.9171589016914368, -2.036501859795507e-16]}, "segments": [16480, 18456, 16129, 16136, 21175, 21891, 21917, 25594, 47996, 48275, 46820, 45668, 18475, 18481, 26420, 46875, 30005, 27872, 30074, 25949, 47974, 24499, 24520], "label": "rack"}, {"objectId": 17, "id": 17, "partId": 17, "index": 16, "dominantNormal": [0.9383625984191895, 0.34565243124961853, 7.675025753819809e-17], "obb": {"axesLengths": [1.058358979125249, 2.3059799155746408, 0.25130470245674447], "centroid": [-0.2998736879500634, -0.6961851749398944, -0.3029900367634757], "normalizedAxes": [-0.3456524610519409, 0.9383625984191895, 2.0835835244241473e-16, 0, -2.220446049250313e-16, 1, 0.9383625984191895, 0.3456524610519409, 7.675026415564299e-17]}, "segments": [24320, 32814, 33209, 17474, 28441, 29483, 20873, 23212, 28118, 28582, 28883, 28936, 28957, 28959, 29081, 29120, 30592, 30640, 32793, 46425, 46597, 46656, 46657, 46679, 46683, 46688, 46721, 46726, 46767, 47069, 47072, 47074, 22595, 18445, 27080, 28345], "label": "door"}, {"objectId": 19, "id": 19, "partId": 19, "index": 18, "dominantNormal": [0, -2.220446049250313e-16, 1], "obb": {"axesLengths": [2.869291602975124, 0.3113800217647844, 2.513762323560265], "centroid": [-0.010725553113190123, 0.9785861167284211, 1.6856898642549663], "normalizedAxes": [0.9162267446517944, 0.4006602168083191, 8.89644395503806e-17, 0, -2.220446049250313e-16, 1, 0.4006602168083191, -0.9162267446517944, -2.0344320553795524e-16]}, "segments": [41742, 21963, 1535, 52231, 52278, 44562, 3807, 2304, 2055, 23011, 45992, 52243, 14212, 41805, 41545, 8297, 6921, 14150, 33864, 44263], "label": "ceiling"}, {"objectId": 20, "id": 20, "partId": 20, "index": 19, "dominantNormal": [0, -2.220446049250313e-16, 1], "obb": {"axesLengths": [1.3095842876751733, 0.09018993176095336, 1.342821013406025], "centroid": [1.2027497729332648, 2.414829135374253, 1.2550948931628092], "normalizedAxes": [-0.2451869249343872, 0.9694758057594299, 2.15266872274229e-16, 0, -2.220446049250313e-16, 1, 0.9694758057594299, 0.2451869249343872, 5.4442433879839315e-17]}, "segments": [18175, 25542], "label": "ceiling"}, {"objectId": 21, "id": 21, "partId": 21, "index": 20, "dominantNormal": [0.7544708847999573, 0.6563335061073303, 1.4573531406266278e-16], "obb": {"axesLengths": [0.4758040439768389, 0.7941500069018448, 0.385723680556073], "centroid": [1.237560502378356, 2.7942035112541843, 0.2308349166623871], "normalizedAxes": [-0.6563335061073303, 0.7544708847999573, 1.6752618954284532e-16, 0, -2.220446049250313e-16, 1, 0.7544708847999573, 0.6563335061073303, 1.4573531406266278e-16]}, "segments": [43048, 26622, 4722, 6334, 26146, 1055, 6687, 6707], "label": "water heater"}, {"objectId": 24, "id": 24, "partId": 24, "index": 23, "dominantNormal": [0.9280030131340027, -0.372572660446167, -8.272774919463699e-17], "obb": {"axesLengths": [0.19136096975238934, 0.24000000417232492, 0.1324703483087806], "centroid": [-0.3023194833539242, 2.0466505500955083, -0.8900000496208673], "normalizedAxes": [0.3725726902484894, 0.9280030131340027, 2.0605806242057827e-16, 0, -2.220446049250313e-16, 1, 0.9280030131340027, -0.3725726902484894, -8.272775581208189e-17]}, "segments": [21117, 18401, 45640, 21120], "label": "dispenser"}, {"objectId": 25, "id": 25, "partId": 25, "index": 24, "dominantNormal": [0.7007718086242676, -0.7133855223655701, -1.584034064729001e-16], "obb": {"axesLengths": [0.2927403540287533, 0.6048469408263202, 0.11260121926252653], "centroid": [1.4656114847682502, 2.6873974636431917, -1.1075765485113156], "normalizedAxes": [0.7133855223655701, 0.7007718086242676, 1.5560259938857514e-16, 0, -2.220446049250313e-16, 1, 0.7007718086242676, -0.7133855223655701, -1.584034064729001e-16]}, "segments": [51334, 38270, 44174, 9134, 9150, 44016, 38335], "label": "basket"}, {"objectId": 26, "id": 26, "partId": 26, "index": 25, "dominantNormal": [0.6099295616149902, -0.7924556136131287, -1.7596049364535042e-16], "obb": {"axesLengths": [1.3490047960219786, 2.732520042378006, 0.24397934394449386], "centroid": [1.8292239361335194, 2.1892932750104075, -0.09630008757933961], "normalizedAxes": [0.7924556136131287, 0.6099295616149902, 1.3543156854089805e-16, 0, -2.220446049250313e-16, 1, 0.6099295616149902, -0.7924556136131287, -1.7596049364535042e-16]}, "segments": [5508, 5573, 5647, 5158, 5070, 40123, 40006, 37703, 37569, 37409, 51190, 37379, 3352, 5267, 43563, 39996, 5447, 52564, 5106, 5338, 5142, 39902, 3439, 37298, 37327, 51163, 39913, 52451, 52416, 24551, 46296, 24484, 45239, 17722, 17764, 17771, 13255, 721, 3115, 3230, 3234, 3264, 3363, 3376, 3421, 3427, 4572, 5135, 5228, 5324, 5326, 5359, 5361, 5476, 5554, 5610, 5667, 5673, 5690, 5722, 13218, 13248, 15475, 15733, 16810, 16946, 16978, 16981, 16996, 17724, 17744, 17754, 17770, 17777, 17780, 24514, 24525, 33706, 37275, 37279, 37594, 37617, 37696, 39851, 39867, 39922, 40004, 40030, 40042, 43356, 43360, 43362, 43370, 43500, 43503, 43510, 43529, 43531, 43536, 43539, 43542, 43544, 43546, 43552, 43570, 43594, 43597, 45085, 45096, 45229, 45233, 45243, 49743, 51091, 51159, 51172, 51203, 52409, 52412, 52420, 52422, 52456, 52545, 52547, 4552], "label": "wall"}, {"objectId": 32, "id": 32, "partId": 32, "index": 30, "dominantNormal": [0.8558427691459656, -0.517236053943634, -1.148494752508964e-16], "obb": {"axesLengths": [0.5063519769766466, 0.4799999487400067, 0.3167941820096126], "centroid": [1.4233448979715884, 0.8004822266758025, -0.9300000403821473], "normalizedAxes": [0.517236053943634, 0.8558427691459656, 1.900352695529607e-16, 0, -2.220446049250313e-16, 1, 0.8558427691459656, -0.517236053943634, -1.148494752508964e-16]}, "segments": [10006, 9733, 9655, 10134, 11263, 9636, 9544], "label": "shelf"}, {"objectId": 33, "id": 33, "partId": 33, "index": 31, "dominantNormal": [-0.0025010888930410147, -0.9999969005584717, -2.2204391671076166e-16], "obb": {"axesLengths": [0.1823810364259609, 0.13999998256564172, 0.09409466342251661], "centroid": [1.0187050093066294, 0.47690973278556875, 0.43999990396201616], "normalizedAxes": [0.9999969005584717, -0.002501088660210371, -5.553532434388877e-19, 0, -2.220446049250313e-16, 1, -0.002501088660210371, -0.9999969005584717, -2.2204391671076166e-16]}, "segments": [25386, 46419, 25408], "label": "lamp"}, {"objectId": 34, "id": 34, "partId": 34, "index": 32, "dominantNormal": [0.8162049055099487, 0.5777624845504761, 1.2828904262251496e-16], "obb": {"axesLengths": [0.13555667971530877, 0.1958439976905882, 0.10343883270422113], "centroid": [0.4507595117422403, 0.16814661771298223, 0.22039991310834894], "normalizedAxes": [-0.5777625441551208, 0.8162049055099487, 1.8123389578182908e-16, 0, -2.220446049250313e-16, 1, 0.8162049055099487, 0.5777625441551208, 1.2828905585740477e-16]}, "segments": [45449, 19543, 19595, 19603, 19528, 19474], "label": "device"}, {"objectId": 35, "id": 35, "partId": 35, "index": 33, "dominantNormal": [-0.23919802904129028, -0.9709708094596863, -2.155988297802139e-16], "obb": {"axesLengths": [0.15026335903786844, 0.19999998360872295, 0.05943021518352191], "centroid": [0.694421015934627, 0.27458741082022453, -0.37000008031725873], "normalizedAxes": [0.9709708094596863, -0.23919804394245148, -5.3112635166041916e-17, 0, -2.220446049250313e-16, 1, -0.23919804394245148, -0.9709708094596863, -2.155988297802139e-16]}, "segments": [5881, 43602, 24373, 43605], "label": "object"}, {"objectId": 36, "id": 36, "partId": 36, "index": 34, "dominantNormal": [0, -2.220446049250313e-16, 1], "obb": {"axesLengths": [0.8358435077753733, 0.3399999661743647, 0.5493516543077068], "centroid": [0.009726064885499208, -0.5345935999944463, 0.7199998988956215], "normalizedAxes": [0.85279780626297, 0.5222412347793579, 1.1596084865214305e-16, 0, -2.220446049250313e-16, 1, 0.5222412347793579, -0.85279780626297, -1.8935915197259456e-16]}, "segments": [17861, 40214, 14986, 15002, 17673], "label": "ceiling"}, {"objectId": 38, "id": 38, "partId": 38, "index": 36, "dominantNormal": [-0.6291928291320801, -0.777249276638031, -1.7258400855935796e-16], "obb": {"axesLengths": [0.6666398154725469, 0.3757100021307913, 0.04811740834535245], "centroid": [0.13775457511188205, -1.3253237534744877, -1.237855013731384], "normalizedAxes": [0.777249276638031, -0.6291928291320801, -1.3970887316629545e-16, 0, -2.220446049250313e-16, 1, -0.6291928291320801, -0.777249276638031, -1.7258400855935796e-16]}, "segments": [25735, 30850], "label": "wall"}, {"objectId": 40, "id": 40, "partId": 40, "index": 37, "dominantNormal": [0, -2.220446049250313e-16, 1], "obb": {"axesLengths": [0.15607310996019458, 0.08096992788531043, 0.08474856927846644], "centroid": [0.09440701533394202, 1.0330452447815084, 1.7087748618697756], "normalizedAxes": [0.7412704825401306, 0.6712064146995544, 1.490377631751093e-16, 0, -2.220446049250313e-16, 1, 0.6712064146995544, -0.7412704825401306, -1.6459511143821062e-16]}, "segments": [1419], "label": "lamp"}], "scan_id": "0ad2d39b-79e2-2212-99ae-830c292cd079", "annId": "6438", "appId": "stk.v1"}