{"segGroups": [{"objectId": 1, "id": 1, "partId": 1, "index": 0, "dominantNormal": [0, -2.220446049250313e-16, 1], "obb": {"axesLengths": [8.882688233236333, 0.6647500247191624, 7.998555300095966], "centroid": [-1.6433031436584316, 1.6523757613222114, -1.2623750117635346], "normalizedAxes": [0.6341999173164368, 0.7731691002845764, 1.7167802741293068e-16, 0, -2.220446049250313e-16, 1, 0.7731691002845764, -0.6341999173164368, -1.4082067008401572e-16]}, "segments": [324, 351, 357, 366, 371, 1447, 1616, 1626, 8943, 11673, 11795, 16617, 16635, 16647, 16693, 16700, 16762, 16780, 16844, 17306, 17308, 17333, 17356, 17362, 17370, 17389, 17423, 17527, 17595, 17609, 17805, 17875, 18949, 19047, 19313, 19345, 19397, 19449, 19453, 19495, 19496, 19497, 19709, 19740, 19742, 19863, 22038, 22055, 24610, 24628, 24658, 24749, 24759, 24769, 24772, 24784, 24797, 24807, 24813, 24825, 24880, 26876, 26881, 26926, 26929, 26942, 26946, 26963, 27031, 27098, 27391, 27437, 27454, 27551, 27570, 27596, 27606, 27661, 27672, 27711, 28612, 29134, 29157, 29419, 29505, 30143, 30183, 30184, 31213, 31216, 32914, 33016, 33048, 33473, 35387, 35423, 35450, 41565, 42408, 46674, 49184, 54867, 56525, 56551, 56596, 56945, 58485, 59374, 59417, 60137, 60198, 60476, 60487, 60543, 62058, 62226, 62300, 62438, 62453, 62466, 62829, 63064, 63230, 66561, 67047, 68262, 68683, 70080, 70340, 70404, 71069, 72945, 72963, 72971, 73570, 74667, 75518, 76085, 76104, 76265, 76299, 78674, 78774, 79781, 79784, 79790, 79794, 79798, 79801, 79808, 80021, 80348, 80750, 80902, 81130, 81241, 81243, 81248, 81251, 81591, 81692, 81862, 81865, 81999, 82011, 82025, 82113, 86201, 86204, 86209, 86276, 86849, 86880, 86883, 86923, 92940, 93049, 93051, 95079, 74550, 70737, 59081, 30747, 25631, 28674, 32780, 1959, 16907, 31818, 34030, 64717, 60281, 37983, 41363, 10172, 10011, 75185, 69585, 68121, 77747, 54739, 55529, 93668, 68122, 39257, 41138, 41153, 51746, 82450, 35715, 37808, 94038, 37860, 82439, 37105, 82466, 35587, 36192, 82410, 35508, 24186, 22982, 94305, 9365, 8010, 2537, 5792, 93551, 4246, 23935, 93465, 5356, 3582, 3728, 3701, 93799, 18311, 79828, 79816, 18326, 29490, 79361, 8636, 2540, 94258, 42535, 22569, 35548, 35699, 37124, 37882, 38022, 34189, 31641, 2207, 74850, 60425, 32153, 9925], "label": "floor"}, {"objectId": 20, "id": 20, "partId": 20, "index": 1, "dominantNormal": [0.9646981358528137, 0.26335811614990234, 5.847724885430557e-17], "obb": {"axesLengths": [1.79947972619664, 0.504355955771596, 0.4443256950385191], "centroid": [-1.8872695452171697, 1.636300018054827, -1.057821948651479], "normalizedAxes": [-0.26335811614990234, 0.9646981358528137, 2.142060164473522e-16, 0, -2.220446049250313e-16, 1, 0.9646981358528137, 0.26335811614990234, 5.847724885430557e-17]}, "segments": [20581, 27140, 27718, 29214, 69116, 72665, 73288, 81186, 79562, 29867, 29887, 29891, 11414, 19082, 19084, 19217, 19223, 19240, 19248, 19282, 19332, 19607, 20165, 20198, 21866, 21946, 47518, 72591, 72684, 75017, 81563, 81566, 13315, 5224, 81597, 29930, 81625, 64304], "label": "bench"}, {"objectId": 2, "id": 2, "partId": 2, "index": 2, "dominantNormal": [0.2510856091976166, -0.9679648876190186, -2.149313810526673e-16], "obb": {"axesLengths": [4.47771365710453, 2.6064599169836944, 0.45146110967901515], "centroid": [-0.8109081405373254, 4.520253027665337, -0.013230038511082176], "normalizedAxes": [0.9679648876190186, 0.2510856091976166, 5.575220489664558e-17, 0, -2.220446049250313e-16, 1, 0.2510856091976166, -0.9679648876190186, -2.149313810526673e-16]}, "segments": [7045, 8084, 14831, 20308, 20422, 20438, 20470, 20481, 20748, 21186, 21210, 21256, 21257, 21260, 21268, 21285, 21315, 21316, 21324, 21337, 21435, 21458, 21471, 21955, 22547, 22586, 22732, 23041, 23102, 23119, 23121, 23147, 23265, 23637, 23645, 23737, 23741, 23748, 25583, 26022, 26035, 26391, 26418, 26420, 26425, 26426, 26433, 26448, 26449, 26737, 27811, 29305, 36298, 38773, 41364, 41435, 42952, 42999, 43000, 43293, 43783, 47794, 49762, 51489, 51510, 65582, 65650, 65710, 71392, 79914, 80028, 80302, 80321, 80450, 80649, 81048, 81051, 81055, 81059, 81087, 81812, 81824, 82481, 82657, 82659, 84560, 86845, 89498, 61690, 92746, 7309, 24131, 24237], "label": "cabinet"}, {"objectId": 100, "id": 100, "partId": 100, "index": 3, "dominantNormal": [0.7037031650543213, -0.7104941010475159, -1.5776138196866093e-16], "obb": {"axesLengths": [0.315713528617856, 1.410332312949024, 0.20643838880848883], "centroid": [-1.2955569427455766, 3.133055564578573, -0.624833869751531], "normalizedAxes": [0.7104941010475159, 0.7037031650543213, 1.5625349126898087e-16, 0, -2.220446049250313e-16, 1, 0.7037031650543213, -0.7104941010475159, -1.5776138196866093e-16]}, "segments": [10330, 10440, 10483, 10627, 11528, 11610, 11657, 11837, 11887, 18587, 18612, 18623, 54647, 79144, 79147, 79166, 85647, 86308, 84393, 49213, 18749, 18748], "label": "lamp"}, {"objectId": 5, "id": 5, "partId": 5, "index": 4, "dominantNormal": [0, -2.220446049250313e-16, 1], "obb": {"axesLengths": [3.434676691057866, 1.3694000217452633, 1.8671911735116398], "centroid": [2.3450769800470277, 1.4668644181266433, -0.6547000252522527], "normalizedAxes": [-0.03705928474664688, 0.9993130564689636, 2.2189207282007653e-16, 0, -2.220446049250313e-16, 1, 0.9993130564689636, 0.03705928474664688, 8.228814240373446e-18]}, "segments": [14719, 14729, 14732, 14745, 17697, 27011, 27212, 27334, 35326, 36242, 46956, 46979, 47553, 47590, 47607, 47644, 57031, 57042, 58122, 59196, 59693, 60042, 62676, 62772, 63751, 65066, 65140, 65995, 66011, 66026, 66082, 69012, 69047, 71074, 71084, 71200, 71274, 72221, 72241, 72295, 72370, 72414, 72644, 72661, 72711, 72765, 73866, 73887, 75442, 75969, 75990, 76439, 76730, 77096, 77100, 77117, 77329, 77578, 77602, 77681, 79679, 79699, 84443, 84465, 84467, 84469, 84474, 84481, 86325, 86336, 86342, 89121, 89130, 89164, 89694, 89735, 89744, 89765, 89865, 89872, 89875, 90288, 90701, 90703, 91310, 91341, 91348, 91727, 92724, 94926, 95108, 95265, 95280, 95282, 95310, 95548], "label": "bench"}, {"objectId": 7, "id": 7, "partId": 7, "index": 5, "dominantNormal": [0.9482053518295288, 0.31765809655189514, 7.053426655010301e-17], "obb": {"axesLengths": [1.6635840403342486, 0.8292349615119031, 0.7480516499744652], "centroid": [1.9993499683684615, 3.821039307367823, -0.3553824959982377], "normalizedAxes": [-0.31765809655189514, 0.9482053518295288, 2.1054388273478804e-16, 0, -2.220446049250313e-16, 1, 0.9482053518295288, 0.31765809655189514, 7.053426655010301e-17]}, "segments": [17878, 17887, 19985, 28587, 28593, 28925, 64878, 64889, 66637, 67920, 67921, 68032, 73238, 75600, 75862, 76358, 77266, 88473, 90494, 92863, 93092], "label": "fireplace"}, {"objectId": 3, "id": 3, "partId": 3, "index": 6, "dominantNormal": [0.24312424659729004, -0.9699951410293579, -2.153821878690638e-16], "obb": {"axesLengths": [3.100713829499838, 0.7599999734759334, 0.5318672690082819], "centroid": [-0.1535235718339732, 4.753725275958862, -0.8699999983608724], "normalizedAxes": [0.9699951410293579, 0.24312426149845123, 5.3984430592113604e-17, 0, -2.220446049250313e-16, 1, 0.24312426149845123, -0.9699951410293579, -2.153821878690638e-16]}, "segments": [20209, 20240, 20396, 25187, 25199, 25548, 25832, 25959, 29750, 33389, 36679, 36693, 36718, 37014, 43254, 48925, 49646, 49737, 51149, 51453, 51468, 51502, 56245, 56252, 56256, 63474, 63640, 71744, 71756, 71758, 71787, 72896, 80022, 80025, 81697, 82692, 84563, 84565, 85924, 87091, 88379, 89526, 89541, 89572, 90797, 90863, 90996, 91016, 91059, 91087, 91168, 25924], "label": "cabinet"}, {"objectId": 4, "id": 4, "partId": 4, "index": 7, "dominantNormal": [0.2643759548664093, -0.9644197225570679, -2.1414419627709244e-16], "obb": {"axesLengths": [3.072381588273233, 0.6293809776146487, 0.28164454844889864], "centroid": [-0.17329477155440598, 4.861257811916357, -0.32469050139880595], "normalizedAxes": [0.9644197225570679, 0.2643759548664093, 5.870325444998976e-17, 0, -2.220446049250313e-16, 1, 0.2643759548664093, -0.9644197225570679, -2.1414419627709244e-16]}, "segments": [22348, 22349, 22763, 23506, 25070, 25185, 39197, 40293, 69965, 71644, 80952], "label": "wall"}, {"objectId": 17, "id": 17, "partId": 17, "index": 8, "dominantNormal": [0, -2.220446049250313e-16, 1], "obb": {"axesLengths": [0.49772498182402725, 0.21357199072304378, 0.2747015106599271], "centroid": [-0.6286953405863837, 3.0021287527713993, -0.5832139998701069], "normalizedAxes": [0.7658575773239136, 0.6430101990699768, 1.4277694561525873e-16, 0, -2.220446049250313e-16, 1, 0.6430101990699768, -0.7658575773239136, -1.7005454318573e-16]}, "segments": [54255, 54267, 54364], "label": "pillow"}, {"objectId": 14, "id": 14, "partId": 14, "index": 9, "dominantNormal": [0, -2.220446049250313e-16, 1], "obb": {"axesLengths": [0.720371257865054, 0.35829701218835236, 0.3909025706389058], "centroid": [2.4387321925222767, 0.2081923886658804, -0.5891485063921997], "normalizedAxes": [0.8281441926956177, 0.5605151057243347, 1.2445935520507206e-16, 0, -2.220446049250313e-16, 1, 0.5605151057243347, -0.8281441926956177, -1.8388495008805743e-16]}, "segments": [58245, 60967, 61058, 66102, 86004, 86137, 86139, 66182, 28024], "label": "pillow"}, {"objectId": 6, "id": 6, "partId": 6, "index": 10, "dominantNormal": [0.9911171197891235, 0.1329919695854187, 2.9530149344796075e-17], "obb": {"axesLengths": [0.6988398301243612, 0.9599999570846562, 0.23698498923014003], "centroid": [4.290419060349248, 2.59300697976534, -0.7899999870359902], "normalizedAxes": [-0.1329919695854187, 0.9911171197891235, 2.2007220929801086e-16, 0, -2.220446049250313e-16, 1, 0.9911171197891235, 0.1329919695854187, 2.9530149344796075e-17]}, "segments": [37420, 37445, 45622, 45647, 45660, 45663, 45667, 45714, 45726, 46851, 48481, 48501, 48549, 48575, 48601, 48618, 49910, 51263, 51268, 51292, 51301, 51309, 51347, 51356, 51436, 51457, 51496, 52093, 52113, 52119, 84246, 84576, 84581, 84587, 84589, 85234, 85240, 85246, 85248, 85264, 85348, 85384, 85388, 85392, 85396, 85404, 85407], "label": "wall"}, {"objectId": 10, "id": 10, "partId": 10, "index": 11, "dominantNormal": [0, -2.220446049250313e-16, 1], "obb": {"axesLengths": [0.9940658479113181, 0.4907410035116742, 1.0062757369252748], "centroid": [1.0152783181677536, 1.8773056208372552, -1.0515195026654114], "normalizedAxes": [0.954798698425293, 0.29725325107574463, 6.600348069779485e-17, 0, -2.220446049250313e-16, 1, 0.29725325107574463, -0.954798698425293, -2.120078997747783e-16]}, "segments": [55179, 55580, 55613, 55619, 56086, 57210, 57232, 57250, 57280, 57299, 57344, 57453, 58356, 61352, 61354, 61438, 61445, 61509, 61519, 61535, 62934, 62938, 62943, 62958, 62971, 62973, 63019, 63037, 63062, 63144, 63157, 63186, 64421, 64424, 66842, 71327, 73166, 76154, 76207, 76258, 76365, 76501, 85472, 87065, 87070, 87079, 87085, 89294, 89297, 90867, 90869, 91221, 91394, 91449, 91488, 91540, 91542, 92942, 92954, 62579, 87197, 63413, 76287], "label": "couch table"}, {"objectId": 13, "id": 13, "partId": 13, "index": 12, "dominantNormal": [0, -2.220446049250313e-16, 1], "obb": {"axesLengths": [0.7616140596444381, 0.18003600433388334, 0.5941900339148486], "centroid": [2.045061996378339, 0.03636610115879513, -0.6855849898848314], "normalizedAxes": [0.9333576560020447, -0.35894766449928284, -7.970239235250594e-17, 0, -2.220446049250313e-16, 1, -0.35894766449928284, -0.9333576560020447, -2.0724703198072729e-16]}, "segments": [56290, 73679, 73974, 89163, 69893, 71171, 90343, 27490, 56148], "label": "pillow"}, {"objectId": 11, "id": 11, "partId": 11, "index": 13, "dominantNormal": [0.9517745971679688, 0.3067981004714966, 6.812286301094352e-17], "obb": {"axesLengths": [0.49090264942443157, 0.35048197916562884, 0.22798756539710716], "centroid": [2.7661995677656694, 1.2431212436297572, -0.5894669889032771], "normalizedAxes": [-0.3067981004714966, 0.9517745971679688, 2.1133641440584244e-16, 0, -2.220446049250313e-16, 1, 0.9517745971679688, 0.3067981004714966, 6.812286301094352e-17]}, "segments": [59310, 75560, 75563], "label": "pillow"}, {"objectId": 18, "id": 18, "partId": 18, "index": 14, "dominantNormal": [0, -2.220446049250313e-16, 1], "obb": {"axesLengths": [0.8088817009952526, 0.36791997325599235, 0.5945935037520774], "centroid": [2.008435707955489, 3.7444266982140157, -0.5260399890831118], "normalizedAxes": [-0.5925343036651611, 0.8055452108383179, 1.7886696808984534e-16, 0, -2.220446049250313e-16, 1, 0.8055452108383179, 0.5925343036651611, 1.3156904536185923e-16]}, "segments": [68083, 68088, 69247, 69401, 69466, 71858, 71865, 74408, 75610, 75632, 75693, 75726, 75730, 78293, 78301, 78323, 90412, 92320, 92775, 92979, 93131, 93232, 93098, 69178, 76030], "label": "wood"}, {"objectId": 23, "id": 23, "partId": 23, "index": 15, "dominantNormal": [0.9699942469596863, 0.2431279420852661, 5.3985247846558807e-17], "obb": {"axesLengths": [2.572096027666072, 2.6468300227784347, 0.2907398144144723], "centroid": [1.5817435224567826, 4.105618545337789, 0.006584988759792854], "normalizedAxes": [-0.24312792718410492, 0.9699942469596863, 2.153819893457168e-16, 0, -2.220446049250313e-16, 1, 0.9699942469596863, 0.24312792718410492, 5.3985244537836356e-17]}, "segments": [47928, 21987, 24944, 92601, 67256, 33433, 65399, 32842], "label": "wall"}, {"objectId": 27, "id": 27, "partId": 27, "index": 18, "dominantNormal": [0.9656620025634766, 0.2598017156124115, 5.768756930200325e-17], "obb": {"axesLengths": [1.3710426176599453, 0.8223859763357195, 0.2256207301360177], "centroid": [2.7313060969007026, 2.497326577473525, -0.38119300254748034], "normalizedAxes": [-0.2598016858100891, 0.9656620025634766, 2.1442003785032172e-16, 0, -2.220446049250313e-16, 1, 0.9656620025634766, 0.2598016858100891, 5.768756268455835e-17]}, "segments": [76773, 14706, 14668, 95181, 47789, 77499, 77431, 95195], "label": "wall"}, {"objectId": 28, "id": 28, "partId": 28, "index": 19, "dominantNormal": [0.9972948431968689, 0.07350526750087738, 1.632144808214106e-17], "obb": {"axesLengths": [0.3467802227970821, 0.30213701049677244, 0.21559536592567605], "centroid": [2.7352388570784183, 1.6199452017562577, -0.6010684963076898], "normalizedAxes": [-0.07350526750087738, 0.9972948431968689, 2.214439394514198e-16, 0, -2.220446049250313e-16, 1, 0.9972948431968689, 0.07350526750087738, 1.632144808214106e-17]}, "segments": [92303, 66856], "label": "pillow"}, {"objectId": 29, "id": 29, "partId": 29, "index": 20, "dominantNormal": [-0.3538235127925873, -0.9353122115135193, -2.076810304870767e-16], "obb": {"axesLengths": [0.3597534744324538, 0.2830499943409113, 0.13310945871752577], "centroid": [3.016882798381049, 0.9482905179489305, -0.6315250087933615], "normalizedAxes": [0.9353122115135193, -0.3538235127925873, -7.85646021112168e-17, 0, -2.220446049250313e-16, 1, -0.3538235127925873, -0.9353122115135193, -2.076810304870767e-16]}, "segments": [68993], "label": "pillow"}, {"objectId": 31, "id": 31, "partId": 31, "index": 21, "dominantNormal": [0.25642335414886475, -0.9665645956993103, -2.1462045378657597e-16], "obb": {"axesLengths": [0.589041351778224, 0.2883439893645645, 0.051306366229144515], "centroid": [2.1101381088963955, -0.1781392828743782, -0.6262509962264227], "normalizedAxes": [0.9665645956993103, 0.25642335414886475, 5.693742236553606e-17, 0, -2.220446049250313e-16, 1, 0.25642335414886475, -0.9665645956993103, -2.1462045378657597e-16]}, "segments": [91371], "label": "wall"}, {"objectId": 33, "id": 33, "partId": 33, "index": 22, "dominantNormal": [0.9640273451805115, -0.26580309867858887, -5.902014403393638e-17], "obb": {"axesLengths": [0.5092786968423507, 0.3633590259397246, 0.29975528850395244], "centroid": [-0.5371927132706299, 2.7650954958854435, -0.7116794855517264], "normalizedAxes": [0.26580309867858887, 0.9640273451805115, 2.1405707099753346e-16, 0, -2.220446049250313e-16, 1, 0.9640273451805115, -0.26580309867858887, -5.902014403393638e-17]}, "segments": [85615, 38483, 38400], "label": "pillow"}, {"objectId": 34, "id": 34, "partId": 34, "index": 23, "dominantNormal": [0, -2.220446049250313e-16, 1], "obb": {"axesLengths": [3.0374681430067287, 0.34560703458770287, 0.4192037007399195], "centroid": [-0.14090184768119968, 4.725854018506271, -1.1571965089321916], "normalizedAxes": [0.9640271663665771, 0.2658037543296814, 5.902028961772419e-17, 0, -2.220446049250313e-16, 1, 0.2658037543296814, -0.9640271663665771, -2.1405703129286405e-16]}, "segments": [24002, 56330, 56351, 43200, 42695, 36360, 60864, 26190, 26200, 26088, 63684, 63759, 25570, 51544, 36670, 81010, 43126, 43248, 56291, 23859, 21375, 20345, 80269, 20313, 36504], "label": "wood"}, {"objectId": 35, "id": 35, "partId": 35, "index": 24, "dominantNormal": [0.9977548718452454, 0.06697199493646622, 1.4870770156708838e-17], "obb": {"axesLengths": [0.24557484953137643, 0.26925598973208675, 0.14017757601018133], "centroid": [0.5275722794212698, 4.891060568568596, -0.45999300755576056], "normalizedAxes": [-0.06697199493646622, 0.9977548718452454, 2.2154608633090275e-16, 0, -2.220446049250313e-16, 1, 0.9977548718452454, 0.06697199493646622, 1.4870770156708838e-17]}, "segments": [43218, 43216, 43199, 24992, 80914, 80917, 80946, 80950, 80956, 80958, 25080], "label": "vase"}, {"objectId": 36, "id": 36, "partId": 36, "index": 25, "dominantNormal": [0.9993516802787781, 0.03600260615348816, 7.99418445962278e-18], "obb": {"axesLengths": [0.26709780521707305, 0.3154209781716542, 0.20906978265839718], "centroid": [-1.0319444719860824, 4.511865617001923, -0.4154124893528415], "normalizedAxes": [-0.03600260615348816, 0.9993516802787781, 2.2190064902866748e-16, 0, -2.220446049250313e-16, 1, 0.9993516802787781, 0.03600260615348816, 7.99418445962278e-18]}, "segments": [25309, 72817, 90789, 90823, 90851, 90838, 71609], "label": "vase"}, {"objectId": 38, "id": 38, "partId": 38, "index": 26, "dominantNormal": [0.2435390055179596, -0.9698911309242249, -2.1535909298636132e-16], "obb": {"axesLengths": [3.1102231866502303, 2.6722199319551887, 0.38301727809902775], "centroid": [-4.180160869624684, 3.5699242034295966, -0.006109965828584141], "normalizedAxes": [0.9698911309242249, 0.2435390055179596, 5.407652226407036e-17, 0, -2.220446049250313e-16, 1, 0.2435390055179596, -0.9698911309242249, -2.1535909298636132e-16]}, "segments": [52702, 88270, 88164, 53965, 53820, 68432, 87745, 39064, 34898, 34920], "label": "wall"}, {"objectId": 39, "id": 39, "partId": 39, "index": 27, "dominantNormal": [0.2590564787387848, -0.9658621549606323, -2.1446448061027297e-16], "obb": {"axesLengths": [1.3140562615649454, 1.6612379775664652, 0.47195855949333615], "centroid": [-3.3079694264918618, 3.9027241735002, 0.23910100409907753], "normalizedAxes": [0.9658621549606323, 0.2590564787387848, 5.752209347482324e-17, 0, -2.220446049250313e-16, 1, 0.2590564787387848, -0.9658621549606323, -2.1446448061027297e-16]}, "segments": [12401, 12326, 69890, 5113, 85453, 6379, 53349, 53854, 1562, 1743, 1787, 3869, 4629, 4851, 4903, 5543, 6721, 53726, 53729, 19265, 59479, 69827, 14882], "label": "wall"}, {"objectId": 40, "id": 40, "partId": 40, "index": 28, "dominantNormal": [0.2801947295665741, -0.9599431753158569, -2.1315020311348952e-16], "obb": {"axesLengths": [1.2889189528932377, 0.5475859519633808, 0.46026231906882276], "centroid": [-3.317299333125342, 3.889416859012044, -0.7790169672142648], "normalizedAxes": [0.9599431753158569, 0.2801947295665741, 6.221572802868593e-17, 0, -2.220446049250313e-16, 1, 0.2801947295665741, -0.9599431753158569, -2.1315020311348952e-16]}, "segments": [20754, 15471, 4761, 16465, 35496, 36104], "label": "cabinet"}, {"objectId": 41, "id": 41, "partId": 41, "index": 29, "dominantNormal": [0.24875733256340027, -0.968565821647644, -2.1506481521163946e-16], "obb": {"axesLengths": [0.3992490664325103, 0.5400000093877311, 0.03759040538768207], "centroid": [-3.3786740737095164, 4.063937661755144, 0.5199999860674143], "normalizedAxes": [0.968565821647644, 0.24875734746456146, 5.523522693996729e-17, 0, -2.220446049250313e-16, 1, 0.24875734746456146, -0.968565821647644, -2.1506481521163946e-16]}, "segments": [628], "label": "picture"}, {"objectId": 42, "id": 42, "partId": 42, "index": 30, "dominantNormal": [0.22119197249412537, -0.9752302765846252, -2.1654462147516212e-16], "obb": {"axesLengths": [0.4602807682179781, 0.5399999795854094, 0.03878188993380689], "centroid": [-3.4020038746505548, 4.059465505428326, -0.02000000841915628], "normalizedAxes": [0.9752302765846252, 0.22119198739528656, 4.911448745376891e-17, 0, -2.220446049250313e-16, 1, 0.22119198739528656, -0.9752302765846252, -2.1654462147516212e-16]}, "segments": [1419, 4093], "label": "picture"}, {"objectId": 43, "id": 43, "partId": 43, "index": 31, "dominantNormal": [0, -2.220446049250313e-16, 1], "obb": {"axesLengths": [0.35498313763880607, 0.12062400309836852, 0.32194519786649217], "centroid": [-3.4072657950792147, 3.941400227566932, -0.55031201317209], "normalizedAxes": [0.8947581052780151, 0.4465511441230774, 9.915427237562944e-17, 0, -2.220446049250313e-16, 1, 0.4465511441230774, -0.8947581052780151, -1.9867620998992644e-16]}, "segments": [78728, 79537, 5625], "label": "book"}, {"objectId": 44, "id": 44, "partId": 44, "index": 32, "dominantNormal": [0.968282163143158, 0.24985921382904053, 5.547989042154822e-17], "obb": {"axesLengths": [3.0977656948340355, 2.5962799207207565, 0.1877328415785154], "centroid": [-5.216221620707244, 1.5972205331601952, -0.028140020859092063], "normalizedAxes": [-0.24985921382904053, 0.968282163143158, 2.1500183037107722e-16, 0, -2.220446049250313e-16, 1, 0.968282163143158, 0.24985921382904053, 5.547989042154822e-17]}, "segments": [13975, 13928, 58306, 15284, 13760, 13411, 13617, 13830, 13885, 14077, 47236, 48711, 50669, 50704, 50798, 50852, 50984, 51666, 52245, 52302, 72202, 85175, 85834, 88672, 47221, 57413, 85943, 47347, 46420, 15422, 57853], "label": "wall"}, {"objectId": 45, "id": 45, "partId": 45, "index": 33, "dominantNormal": [0.9564157128334045, 0.29200857877731323, 6.48389295093284e-17], "obb": {"axesLengths": [1.2788549371449567, 2.5846799034324297, 0.1676710334269247], "centroid": [-5.490180655423161, 2.4742100691921918, -0.04233999269440836], "normalizedAxes": [-0.29200857877731323, 0.9564157128334045, 2.123669491001855e-16, 0, -2.220446049250313e-16, 1, 0.9564157128334045, 0.29200857877731323, 6.48389295093284e-17]}, "segments": [57117, 47917, 47520, 15155, 46491, 14840, 47969, 14896, 48040, 52204, 55049, 56969, 15116, 46463, 15073, 67553], "label": "door"}, {"objectId": 46, "id": 46, "partId": 46, "index": 34, "dominantNormal": [0.9606306552886963, 0.2778286337852478, 6.169034922570655e-17], "obb": {"axesLengths": [2.400658226683412, 2.56000000476837, 0.20194230322491277], "centroid": [-4.678250646802564, 0.7558904258882732, -0.050000023841857644], "normalizedAxes": [-0.2778286337852478, 0.9606306552886963, 2.133028543324525e-16, 0, -2.220446049250313e-16, 1, 0.9606306552886963, 0.2778286337852478, 6.169034922570655e-17]}, "segments": [50940, 46582, 47124, 47134, 56563, 15606, 15720, 46529, 46537, 51051, 56777, 58977, 64072, 85318, 86071, 87221, 88732, 89947, 48383, 61369, 85333, 61334, 51899, 51733, 56625, 59899, 64455, 14369, 14351, 56005, 15831], "label": "stair"}, {"objectId": 47, "id": 47, "partId": 47, "index": 35, "dominantNormal": [0.9431031346321106, 0.3325003385543823, 7.382990631174698e-17], "obb": {"axesLengths": [3.533032855749573, 2.139999997466801, 0.7102643337680393], "centroid": [-4.1738476942427685, -0.874364266148046, -0.28000000797212143], "normalizedAxes": [-0.33250030875205994, 0.9431031346321106, 2.094109629329456e-16, 0, -2.220446049250313e-16, 1, 0.9431031346321106, 0.33250030875205994, 7.382989969430208e-17]}, "segments": [12005, 6815, 7689, 6150, 5927, 5959, 4650, 7248, 7086, 6671, 6917, 10789, 11768, 65396, 88678, 56182, 48257, 4661, 4671, 4681, 4731, 4860, 4918, 5550, 5645, 5879, 5941, 6031, 6067, 6191, 6195, 6217, 6318, 6578, 6615, 6620, 6621, 6638, 6711, 6777, 6782, 6783, 6784, 6799, 6828, 6830, 6842, 6857, 6862, 6869, 6897, 6902, 6907, 7023, 7026, 7028, 7033, 7037, 7038, 7053, 7125, 7141, 7144, 7163, 7186, 7207, 7225, 7238, 7383, 7503, 7507, 7538, 10522, 10586, 10605, 11197, 11313, 11689, 12869, 12888, 12904, 12939, 12981, 14337, 14524, 16512, 16548, 16557, 18475, 18479, 18485, 18490, 18512, 18520, 18528, 40416, 40531, 40540, 40553, 40562, 40577, 40589, 40628, 48232, 48282, 48431, 48445, 48461, 49819, 55061, 55217, 55225, 55244, 55820, 55827, 55839, 56045, 58025, 58039, 65196, 65336, 65413, 79047, 79137, 79140, 79176, 79188, 79192, 79195, 79201, 79209, 79211, 79214, 79229, 79232, 79269, 79283, 82813, 83037, 83039, 83044, 84786, 84789, 84832, 84836, 85874, 85906, 85916, 85950, 86040, 88668, 88684, 14533, 65595, 49377, 49473, 57866, 55799, 57169, 83009], "label": "kitchen cabinet"}, {"objectId": 48, "id": 48, "partId": 48, "index": 36, "dominantNormal": [0.2990342378616333, -0.9542424082756042, -2.1188437854826697e-16], "obb": {"axesLengths": [0.5580888214865113, 0.4942269810834454, 0.45900979006577236], "centroid": [-4.656922408355713, 0.9962627220128039, -1.0724864790777904], "normalizedAxes": [0.9542424082756042, 0.2990342080593109, 6.63989325875993e-17, 0, -2.220446049250313e-16, 1, 0.2990342080593109, -0.9542424082756042, -2.1188437854826697e-16]}, "segments": [48819, 87562, 50320, 49430, 48840, 48890, 49453, 49465, 49545, 49571, 49573, 50079, 50097, 50257, 50267, 50416, 50580, 50582, 50591, 50595, 50608, 50615, 50628, 50632, 50643, 50652, 50682, 50714, 50716, 50729, 50751, 50766, 50772, 50841, 50872, 50891, 64525, 64526, 64528, 65817, 65873, 84749, 84755, 84756, 84758, 84840, 84875, 84877, 84919, 84922, 85017, 85019, 85024, 85027, 85031, 85065, 88980, 89023, 89027, 89054, 89105, 89110, 50356, 49397, 49490, 49600, 49629, 49634, 50089, 50113, 50116, 50138, 50367, 50437, 50438, 50443, 50503, 50829, 50837, 50911, 50961, 50964, 50969, 50970, 65865, 68864, 84746, 84783, 84851, 84883, 84997, 85088, 85144, 85146, 85148, 85154, 85157, 50070, 50159, 50122, 50142, 50147, 84951, 87557, 51046], "label": "ladder"}, {"objectId": 49, "id": 49, "partId": 49, "index": 37, "dominantNormal": [0, -2.220446049250313e-16, 1], "obb": {"axesLengths": [2.2876167889823287, 0.8421579113120304, 1.567826708773347], "centroid": [-2.653520093945951, 1.4371213483729472, -0.8889209708812619], "normalizedAxes": [-0.09947439283132553, 0.9950401186943054, 2.209432900400333e-16, 0, -2.220446049250313e-16, 1, 0.9950401186943054, 0.09947439283132553, 2.2087752256389044e-17]}, "segments": [35246, 38484, 37081, 37175, 44436, 45275, 11138, 11052, 11355, 11359, 11380, 35189, 35203, 35233, 35732, 35745, 36531, 36560, 36608, 36619, 36626, 36648, 36664, 36740, 36744, 36792, 36820, 36821, 36836, 36841, 36888, 36909, 37021, 37146, 37489, 39134, 39214, 43884, 43940, 43966, 44350, 44390, 45251, 45298, 45303, 74160, 79169, 81860, 82216, 82287, 82292, 82301, 82313, 84201, 84205, 92059, 91822, 45349, 36789, 44427, 44934, 84108, 91973, 82259, 9918, 11302, 11452, 12092, 21166, 22917, 22945, 27851, 27852, 27874, 27889, 27902, 27903, 35263, 36181, 36383, 36706, 36808, 38561, 41511, 44322, 44380, 44448, 45380, 56716, 56717, 56825, 75859, 76027, 76788, 80433, 80436, 80445, 82391, 82396, 82802, 82805, 82809, 84315, 84317, 11277, 11310, 12094, 83094, 1167, 12011, 71036, 72088, 74255, 74263, 75741, 75807, 75904, 76056, 76721, 79257, 79265, 80342, 80892, 81025, 81033, 42255, 2477, 2518, 2598, 2676, 14617, 39251, 40856, 42252, 78910, 79356, 84251, 43539, 78962, 78968, 3198, 19035, 78598, 41851, 80732, 13336, 1180, 8145, 9288, 12943, 13077, 19032, 19244, 42928, 43714, 78596, 78603, 81645, 83578, 93599], "label": "table"}, {"objectId": 50, "id": 50, "partId": 50, "index": 38, "dominantNormal": [0.9857858419418335, 0.16800691187381744, 3.7305028371696346e-17], "obb": {"axesLengths": [0.5843458720167708, 0.6835470046800296, 0.2765993739772873], "centroid": [-3.377823681395726, 1.8811923092557468, -0.8000864934156875], "normalizedAxes": [-0.16800691187381744, 0.9857858419418335, 2.1888842781466378e-16, 0, -2.220446049250313e-16, 1, 0.9857858419418335, 0.16800691187381744, 3.7305028371696346e-17]}, "segments": [12983, 90158, 48950, 48962, 49080, 49342, 70927, 70942, 70953, 70984, 70993, 84618, 84622, 84625, 84721, 90149, 90150, 90180, 49256, 2304, 2308, 8421, 8454, 8495, 79290, 79294, 84738, 79347, 8464, 12783, 49137, 2321, 49142, 49222], "label": "chair"}, {"objectId": 51, "id": 51, "partId": 51, "index": 39, "dominantNormal": [-0.49612513184547424, 0.8682510256767273, 1.9279045597214213e-16], "obb": {"axesLengths": [0.6030477751717109, 0.6888699973627177, 0.6046389531942961], "centroid": [-3.288029007397219, 1.2377441437660959, -0.8009349953174221], "normalizedAxes": [-0.49612516164779663, 0.8682510256767273, 1.9279045597214213e-16, 0, -2.220446049250313e-16, 1, 0.8682510256767273, 0.49612516164779663, 1.101619155114523e-16]}, "segments": [83932, 2382, 2386, 44066, 42559, 42563, 44030, 44074, 44010, 44024, 44026, 44042, 44083, 83913, 83953, 83963, 44298, 83949, 42641, 44165, 2376, 2412, 2419, 2422, 2449, 2450, 2456, 42684, 43346, 44200, 44516, 78871, 78890, 83850, 83865, 83892, 83940, 43462, 44004, 44224, 43832, 41959, 41968, 43299, 43304, 83061, 83631, 83633, 83715, 41069, 41054, 41060, 41975, 41996, 41998, 43294, 83045, 83072, 83074, 83717, 83662], "label": "chair"}, {"objectId": 53, "id": 53, "partId": 53, "index": 40, "dominantNormal": [-0.18469563126564026, 0.982795774936676, 2.1822449956780421e-16], "obb": {"axesLengths": [0.6040191016555548, 0.642772988018997, 0.6135018421919627], "centroid": [-3.1578618943260133, 0.6888279055849618, -0.7886135085236987], "normalizedAxes": [-0.18469563126564026, 0.982795774936676, 2.1822449956780421e-16, 0, -2.220446049250313e-16, 1, 0.982795774936676, 0.18469563126564026, 4.101066847575835e-17]}, "segments": [40231, 2996, 3033, 3054, 3122, 3123, 40140, 40226, 41525, 78918, 78920, 83412, 83414, 83514, 42467, 3155, 3249, 42360, 42462, 78928, 83320, 83334, 83403, 42270, 82567, 2936, 2948, 2960, 2973, 2981, 2982, 38866, 38872, 38892, 38898, 38920, 38922, 38939, 38957, 38959, 38974, 38987, 39004, 40130, 40196, 41576, 42264, 42272, 42274, 42282, 42293, 42294, 42346, 82570, 82571, 82576, 82577, 82580, 82610, 82611, 82614, 82796, 83325, 83331, 83457, 2988, 39872, 39887, 39894, 39895, 78913, 78914, 82730, 82746, 39880, 38837, 38841, 38842, 38845, 38850, 38878, 38887, 38915, 39881, 40094, 82550, 82553, 82556, 82559, 82560, 82563, 82566, 83165, 83542], "label": "chair"}, {"objectId": 54, "id": 54, "partId": 54, "index": 41, "dominantNormal": [0.973764955997467, 0.227556049823761, 5.052759318141775e-17], "obb": {"axesLengths": [2.013086923755588, 0.9599999570846564, 0.5293511455324537], "centroid": [-0.16970162686712387, -1.6007543327335316, -0.16999999612569883], "normalizedAxes": [-0.22755606472492218, 0.973764955997467, 2.1621925494429807e-16, 0, -2.220446049250313e-16, 1, 0.973764955997467, 0.22755606472492218, 5.05275964901402e-17]}, "segments": [26589, 25743, 47421, 25461, 67688, 90968, 69224, 69237, 65901, 31560, 92440, 61961, 28207, 57144, 28522, 28145, 57160, 61204, 42354, 69214, 61096, 26654, 19944, 69209, 29041, 90947, 67963, 89936, 28835, 29101, 29097, 28846, 23932, 40000], "label": "wall"}, {"objectId": 55, "id": 55, "partId": 55, "index": 42, "dominantNormal": [0.22485104203224182, -0.9743931293487549, -2.163587374479092e-16], "obb": {"axesLengths": [2.737643074778235, 1.1524559448855527, 1.0836233054675781], "centroid": [-1.244639224061594, -1.5140365134189162, -0.7606519793573326], "normalizedAxes": [0.9743931293487549, 0.22485105693340302, 4.9926964103753194e-17, 0, -2.220446049250313e-16, 1, 0.22485105693340302, -0.9743931293487549, -2.163587374479092e-16]}, "segments": [17244, 92475, 74772, 82319, 37290, 8721, 8994, 23039, 29486, 9475, 3177, 3854, 45786, 45783, 83612, 2297, 41735, 41443, 33883, 33796, 33936, 33983, 78550, 33972, 34885, 61042, 78533, 34879, 16962, 78822, 53, 178, 184, 1726], "label": "kitchen cabinet"}, {"objectId": 57, "id": 57, "partId": 57, "index": 44, "dominantNormal": [0.7368767857551575, 0.6760270595550537, 1.5010816135753251e-16], "obb": {"axesLengths": [0.5258168136970167, 0.5644930158296295, 0.2793752136068298], "centroid": [-2.735660445815828, 1.908200746267478, 0.2522464962174029], "normalizedAxes": [-0.6760270595550537, 0.7368767857551575, 1.6361951477143088e-16, 0, -2.220446049250313e-16, 1, 0.7368767857551575, 0.6760270595550537, 1.5010816135753251e-16]}, "segments": [80066, 16091, 16141, 16149, 16156, 16158, 16225, 20958, 20982, 21033, 79730, 79734, 80061, 20997, 80058, 16035, 16101, 16193, 16196, 79743, 16265, 16254, 16271, 16305, 20841, 20863, 80216, 16185, 16187, 20913, 20930, 20947, 21072, 21128, 21152, 21157, 80052, 80168, 80200, 80207, 80210, 80244, 80179, 80106, 20879, 21075], "label": "chandelier"}, {"objectId": 58, "id": 58, "partId": 58, "index": 45, "dominantNormal": [0, -2.220446049250313e-16, 1], "obb": {"axesLengths": [0.6225679946923424, 0.19999998360872295, 0.2868931314937111], "centroid": [-4.208495493335139, 3.3198021139916127, -0.6099999839067465], "normalizedAxes": [0.9548500180244446, 0.29708826541900635, 6.59668465228261e-17, 0, -2.220446049250313e-16, 1, 0.29708826541900635, -0.9548500180244446, -2.1201929501489682e-16]}, "segments": [64394, 50208, 11587, 79553, 64559, 64569], "label": "shelf"}, {"objectId": 59, "id": 59, "partId": 59, "index": 46, "dominantNormal": [0, -2.220446049250313e-16, 1], "obb": {"axesLengths": [0.620711363301973, 0.2000000432133664, 0.28401411412449457], "centroid": [-4.225704764518733, 3.3288654953743553, -0.9700000199675555], "normalizedAxes": [0.9634246230125427, 0.2679794728755951, 5.950339618267966e-17, 0, -2.220446049250313e-16, 1, 0.2679794728755951, -0.9634246230125427, -2.1392323979186728e-16]}, "segments": [50439, 50374, 81745, 68427, 81729, 81737, 13108, 81757, 33571], "label": "shelf"}, {"objectId": 60, "id": 60, "partId": 60, "index": 47, "dominantNormal": [-0.358235239982605, -0.9336313605308533, -2.0730780659469278e-16], "obb": {"axesLengths": [0.19386794741240743, 0.2104429853608536, 0.17130666709068007], "centroid": [-4.380677057583176, 3.340724861095612, -0.4552214919353692], "normalizedAxes": [0.9336313605308533, -0.358235239982605, -7.95442023321613e-17, 0, -2.220446049250313e-16, 1, -0.358235239982605, -0.9336313605308533, -2.0730780659469278e-16]}, "segments": [64355, 64123, 64227, 87460, 87451], "label": "plant"}, {"objectId": 61, "id": 61, "partId": 61, "index": 48, "dominantNormal": [0.8373762965202332, 0.5466268658638, 1.2137554647213556e-16], "obb": {"axesLengths": [0.19671989262863968, 0.18687197148340995, 0.13019189452830637], "centroid": [-4.166123043672791, 3.354235863385011, -0.4782779985306118], "normalizedAxes": [-0.5466268658638, 0.8373762965202332, 1.8593488893442104e-16, 0, -2.220446049250313e-16, 1, 0.8373762965202332, 0.5466268658638, 1.2137554647213556e-16]}, "segments": [64175, 64337, 64280, 87292, 11512], "label": "plant"}, {"objectId": 62, "id": 62, "partId": 62, "index": 49, "dominantNormal": [-0.5566107630729675, -0.8307734131813049, -1.8446875431206265e-16], "obb": {"axesLengths": [0.23492500582763073, 0.19277399347482627, 0.15125800146768303], "centroid": [-4.356010936615924, 3.3233418754303803, -0.806386972448521], "normalizedAxes": [0.8307734131813049, -0.5566107630729675, -1.2359241698355728e-16, 0, -2.220446049250313e-16, 1, -0.5566107630729675, -0.8307734131813049, -1.8446875431206265e-16]}, "segments": [64837, 64756, 64651, 64785, 64689, 64725, 64754, 64767, 87632, 87633], "label": "plant"}, {"objectId": 63, "id": 63, "partId": 63, "index": 50, "dominantNormal": [-0.6178517937660217, -0.7862945795059204, -1.7459246926108572e-16], "obb": {"axesLengths": [0.24736660546391795, 0.7924060048370206, 0.12796826592816896], "centroid": [-4.96647224728983, 3.161569459999737, -0.9589070295786776], "normalizedAxes": [0.7862945795059204, -0.6178517937660217, -1.3719065744899822e-16, 0, -2.220446049250313e-16, 1, -0.6178517937660217, -0.7862945795059204, -1.7459246926108572e-16]}, "segments": [88761, 88835, 65565, 88789, 57744, 65434, 65484, 65494, 58111, 14460, 14479, 79675, 88886, 57811, 57745, 13010, 88847], "label": "decoration"}, {"objectId": 64, "id": 64, "partId": 64, "index": 51, "dominantNormal": [0, -2.220446049250313e-16, 1], "obb": {"axesLengths": [0.5153950779048024, 0.16215797896330084, 0.38165624394057623], "centroid": [-2.823951519725313, 1.833674649664386, -0.5489210047068969], "normalizedAxes": [-0.6733422875404358, 0.7393308877944946, 1.641644348892012e-16, 0, -2.220446049250313e-16, 1, 0.7393308877944946, 0.6733422875404358, 1.495120222162329e-16]}, "segments": [44598, 74202, 44651, 44617, 44611, 44822, 44666, 92147, 44841, 44600, 44615, 44630, 44644, 44679, 44683, 44747, 44755, 44771, 44823, 44849, 44850, 44857, 44936, 44948, 45036, 45051, 45124, 45125, 74135, 74346, 84052, 84055, 84088, 84091, 84102, 84109, 90244, 90249, 90252, 90262, 44670, 44760, 44855, 44910, 45161, 90290], "label": "item"}, {"objectId": 65, "id": 65, "partId": 65, "index": 52, "dominantNormal": [0.9807359576225281, -0.19533823430538177, -4.3373801063091694e-17], "obb": {"axesLengths": [0.2110778292582543, 0.12371501050036357, 0.09807373437630597], "centroid": [-2.8534415404733444, 1.762513980596163, -0.35185750346204303], "normalizedAxes": [0.19533821940422058, 0.9807359576225281, 2.177671282460665e-16, 0, -2.220446049250313e-16, 1, 0.9807359576225281, -0.19533821940422058, -4.3373797754369243e-17]}, "segments": [44547, 44556, 84048, 84022, 84026, 44551, 44567, 84016, 74567, 44520, 44533, 84008, 84013, 74622], "label": "item"}, {"objectId": 66, "id": 66, "partId": 66, "index": 53, "dominantNormal": [0.9078114032745361, -0.4193786680698395, -9.312077066555335e-17], "obb": {"axesLengths": [0.09914145753663887, 0.06718897669339974, 0.04640735842116346], "centroid": [-2.562373307727219, 1.2752514035382372, -0.47640550375568513], "normalizedAxes": [0.4193786382675171, 0.9078114032745361, 2.0157462438653265e-16, 0, -2.220446049250313e-16, 1, 0.9078114032745361, -0.4193786382675171, -9.312076404810845e-17]}, "segments": [44311, 82368, 37638, 82376], "label": "item"}, {"objectId": 67, "id": 67, "partId": 67, "index": 54, "dominantNormal": [0, -2.220446049250313e-16, 1], "obb": {"axesLengths": [7.318983405936771, 0.3199999260902425, 1.267145757743577], "centroid": [-1.9680136753343105, 3.63401562585417, 1.2499999590218058], "normalizedAxes": [0.9794931411743164, 0.20147737860679626, 4.473696493407703e-17, 0, -2.220446049250313e-16, 1, 0.20147737860679626, -0.9794931411743164, -2.17491167558829e-16]}, "segments": [56099, 7468, 17401, 22533, 45405, 8520, 21557, 21558, 21636, 22362, 22364, 23615, 24410, 28974, 29082, 29096, 80391, 80865, 80883, 80888, 21566, 7944, 36421, 74227, 92735, 20027, 16786, 20597, 23613, 23651, 23652, 23703, 49456, 80542, 80548, 80043, 16742, 84418, 72113, 74091, 38214, 74675, 16377, 94953, 46115, 46397, 46169, 74236, 23542], "label": "ceiling"}, {"objectId": 70, "id": 70, "partId": 70, "index": 55, "dominantNormal": [0, -2.220446049250313e-16, 1], "obb": {"axesLengths": [1.486487758515934, 0.18968998961843564, 0.291524148944949], "centroid": [0.24712288355679168, 4.165798286390288, 1.184844990785903], "normalizedAxes": [0.9694164395332336, 0.24542154371738434, 5.4494529714817905e-17, 0, -2.220446049250313e-16, 1, 0.24542154371738434, -0.9694164395332336, -2.1525369032398737e-16]}, "segments": [8514, 21815, 21740, 80394, 21777, 22445, 80618, 24503, 22439, 8794, 21569, 21608, 21616, 21665, 22315, 22399, 22403, 79003, 80397, 80409, 80411, 80688], "label": "light"}, {"objectId": 71, "id": 71, "partId": 71, "index": 56, "dominantNormal": [0, -2.220446049250313e-16, 1], "obb": {"axesLengths": [0.4992559041371251, 0.364455989797652, 0.40163171891983684], "centroid": [-0.2238624853711808, 1.5579198486142984, -0.7478220128009765], "normalizedAxes": [-0.5047147274017334, 0.8632861971855164, 1.9168804259129065e-16, 0, -2.220446049250313e-16, 1, 0.8632861971855164, 0.5047147274017334, 1.1206918224576277e-16]}, "segments": [5030, 79086, 42622, 5496], "label": "pillow"}, {"o