{"segGroups": [{"objectId": 1, "id": 1, "partId": 1, "index": 0, "dominantNormal": [0, -2.220446049250313e-16, 1], "obb": {"axesLengths": [4.604448647419589, 0.9051269090519787, 1.2981380001037512], "centroid": [-1.942542174107374, 0.6045570118252273, -1.0974365523863652], "normalizedAxes": [0.6636133193969727, 0.7480757832527161, 1.661061917463327e-16, 0, -2.220446049250313e-16, 1, 0.7480757832527161, -0.6636133193969727, -1.473517573284894e-16]}, "segments": [10003, 5526, 19947, 16678, 5105, 9626, 5087, 5117, 7940, 8803, 9265, 9269, 9302, 13927, 14360, 14385, 14411, 14437, 14446, 20847, 22775, 22777, 22782, 22793, 24283, 29856, 35569, 36099, 38102, 38454, 38458, 38464, 39178, 39285, 39287, 39291, 39295, 39304, 42499, 42523, 17813, 16805, 4659, 4754, 25371, 18156, 18226, 18585, 37346, 35286, 8451, 35351, 40768, 25309, 4695, 40774, 8494, 4088, 4062, 4075, 39205], "label": "washing machine"}, {"objectId": 2, "id": 2, "partId": 2, "index": 1, "dominantNormal": [0, -2.220446049250313e-16, 1], "obb": {"axesLengths": [5.606160153231279, 0.6959200345891696, 2.3568019390409027], "centroid": [-1.68061718670634, -0.010870863517488671, -1.2979600733807706], "normalizedAxes": [0.82440185546875, 0.5660049319267273, 1.256783414952894e-16, 0, -2.220446049250313e-16, 1, 0.5660049319267273, -0.82440185546875, -1.8305398429702135e-16]}, "segments": [1104, 1161, 34182, 40686, 40166, 40297, 17842, 17865, 14027, 14001, 20908, 25977, 14137, 15914, 2680, 16537, 930, 948, 949, 950, 956, 959, 965, 1060, 1066, 1069, 1115, 1916, 1919, 1938, 1962, 2782, 3186, 4108, 4259, 4264, 4319, 4343, 4403, 4414, 4615, 7590, 7595, 7607, 7619, 7668, 7670, 7677, 7678, 7691, 7694, 7701, 7703, 7725, 7730, 7744, 7784, 7791, 8496, 8510, 8537, 8572, 9593, 11038, 12225, 12240, 12279, 12325, 14179, 14228, 16187, 16192, 16202, 16206, 16209, 16219, 16251, 16257, 16300, 16378, 16469, 16530, 16655, 16691, 16786, 16988, 16993, 17017, 17029, 17065, 17078, 17119, 17165, 17458, 17525, 17560, 17608, 17641, 17661, 17708, 17718, 17740, 17749, 17761, 17782, 17793, 17802, 17921, 17922, 17923, 17968, 18472, 18798, 18829, 18852, 18854, 19231, 19379, 20321, 20500, 20511, 20525, 23690, 24072, 24140, 24231, 24237, 24268, 24291, 24589, 25347, 25399, 25410, 33921, 34192, 34618, 34619, 34621, 34630, 34631, 34638, 35122, 35125, 35128, 35132, 35137, 35147, 35150, 35182, 35313, 35320, 35333, 35386, 35709, 35710, 35711, 35979, 36612, 36815, 36822, 36824, 36828, 36834, 36850, 36893, 36898, 36903, 36911, 36914, 36917, 36923, 36954, 37052, 37056, 37108, 37120, 37163, 37166, 37385, 37392, 37406, 37408, 38108, 38213, 38216, 38225, 38243, 38251, 38318, 38546, 38594, 38686, 40150, 40697, 40703, 40706, 40752, 40758, 40770, 17259, 18221, 20741], "label": "floor"}, {"objectId": 3, "id": 3, "partId": 3, "index": 2, "dominantNormal": [0.7425214052200317, -0.6698223948478699, -1.487304490339336e-16], "obb": {"axesLengths": [5.19827440632757, 2.499999944120645, 0.4881262572685795], "centroid": [-2.5432838238711986, 0.6428247130821401, -0.360000095499756], "normalizedAxes": [0.6698223948478699, 0.742521345615387, 1.6487285883557123e-16, 0, -2.220446049250313e-16, 1, 0.742521345615387, -0.6698223948478699, -1.487304490339336e-16]}, "segments": [1337, 119, 33566, 2009, 350, 6164, 5294, 34794, 6773, 10014, 15808, 38002, 18958, 13972, 21845, 42902, 21089, 38995, 983, 604, 33887, 21378, 6593, 42324, 6575, 6363, 6368, 6621, 38982, 39045, 7351, 7368, 15625, 15658, 19108, 19085, 16006, 6097, 6071, 31434, 31082, 113, 130, 154, 389, 561, 1430, 1614, 1828, 2618, 2794, 2805, 2828, 2832, 2836, 2913, 2948, 2990, 3027, 3081, 3136, 3138, 3172, 3418, 3439, 3440, 3486, 3525, 3551, 3647, 3651, 3689, 3690, 3792, 3813, 5567, 5573, 6014, 6021, 6047, 6543, 6553, 7161, 7438, 7999, 8737, 8772, 8790, 8837, 8847, 9475, 9482, 10186, 10196, 10200, 10246, 10273, 10311, 10533, 10535, 10576, 10624, 14790, 14825, 14836, 15801, 15861, 17300, 17572, 17939, 18034, 18295, 18388, 18392, 18407, 18415, 18439, 18465, 18483, 18492, 18498, 18507, 18515, 18534, 18539, 18568, 18692, 19063, 19090, 19897, 19918, 20139, 20297, 20385, 20836, 20864, 20869, 20879, 20883, 20896, 22492, 22541, 22561, 22587, 22593, 22616, 25780, 25794, 25798, 25799, 25806, 25814, 25825, 25850, 25870, 25894, 25907, 26977, 27131, 27242, 27501, 27633, 29410, 29425, 29602, 29608, 29617, 29618, 29664, 29693, 30507, 30572, 30614, 30623, 30665, 30711, 30935, 30942, 31061, 31100, 31753, 31769, 31770, 31798, 31807, 31808, 31875, 31906, 31926, 31990, 32006, 32051, 32664, 32722, 32731, 32778, 33663, 33930, 33935, 33965, 34369, 34469, 34517, 34526, 34588, 34823, 34826, 34856, 34861, 34872, 35402, 35405, 35420, 35425, 35427, 35525, 35591, 36282, 36306, 36315, 36319, 36328, 36332, 36337, 36372, 36379, 36418, 36500, 36527, 37417, 37420, 37627, 37905, 38847, 39130, 41248, 41303, 41307, 42146, 42485, 42701, 42854, 42858, 42992, 43003, 43011, 43024, 43091, 43096, 43266, 43272, 43658, 43761, 27496], "label": "wall"}, {"objectId": 4, "id": 4, "partId": 4, "index": 3, "dominantNormal": [0, -2.220446049250313e-16, 1], "obb": {"axesLengths": [4.744789862092716, 0.4919380137636209, 2.6638302636753424], "centroid": [-1.531874559742912, 0.33969263296457874, 0.6559689049000483], "normalizedAxes": [0.559634804725647, 0.8287393450737, 1.840171004627189e-16, 0, -2.220446049250313e-16, 1, 0.8287393450737, -0.559634804725647, -1.2426388911760333e-16]}, "segments": [26781, 28504, 26698, 33522, 39079, 33313, 43478, 2753, 10052, 33546, 39077, 43081, 32140, 43217, 497, 1847, 1863, 1975, 2605, 2666, 2939, 2967, 3240, 3275, 3293, 3452, 3663, 3742, 4052, 4054, 4124, 4242, 4405, 5918, 8029, 8150, 8352, 8644, 8914, 9289, 9829, 10252, 10317, 10335, 10547, 10593, 10600, 10648, 10650, 10760, 10785, 10858, 10873, 10993, 11008, 11088, 11108, 11128, 11138, 11186, 11237, 11241, 11243, 11440, 11452, 11470, 11471, 11512, 11516, 11571, 11772, 12011, 12383, 12391, 12426, 12488, 12581, 12615, 12646, 12656, 12669, 12708, 12742, 12754, 12760, 12825, 12827, 12828, 12875, 12898, 12962, 13055, 13069, 13080, 13083, 13152, 13155, 13172, 13183, 13227, 13231, 22292, 22352, 22967, 23012, 23050, 23051, 23083, 27740, 31020, 31022, 31024, 31037, 31724, 31729, 32220, 32244, 32275, 32307, 32346, 32353, 32369, 32382, 32433, 32445, 32456, 32493, 32579, 32597, 32625, 32652, 32888, 32897, 32915, 32997, 33072, 33960, 34232, 34240, 34241, 34299, 34511, 35078, 35109, 35141, 35186, 35190, 35196, 35211, 35379, 35391, 35397, 35430, 35434, 35455, 35463, 35467, 39342, 39344, 39346, 39357, 39360, 39362, 39365, 39369, 39376, 39417, 39435, 39438, 39441, 41748, 41756, 41911, 42852, 43021, 43042, 43060, 43155, 43191, 43195, 43199, 43254, 43299, 43651, 43660, 43663, 43668, 43696, 43756, 43763, 43769, 43771, 43774, 27726, 5753, 27758, 5454, 2218, 31893, 32727, 4521, 4379, 1730, 42, 99, 1180, 1216, 1387, 1482, 1492, 1597, 1637, 1766, 1851, 2077, 2091, 2892, 2917, 4023, 9212, 9397, 9585, 9608, 9769, 9803, 9898, 9972, 10814, 11198, 11227, 11500, 11513, 11766, 11829, 13095, 26587, 27176, 27194, 28530, 29220, 29240, 29288, 29315, 29319, 29337, 30127, 31891, 32540, 32749, 34889, 34892, 34912, 35019, 35447, 38448, 38515, 41608, 41725, 42045, 42054, 42616, 43260, 43506, 43639, 10616, 29503, 42170, 27267, 2993, 2959, 204, 30100, 30537, 8197, 42592, 28350, 41978, 29482, 27075, 28704, 24853, 23935, 26538, 14677, 28780, 188, 1906, 1945, 2022, 2174, 8219, 8222, 8257, 15296, 15728, 20650, 20690, 20904, 24950, 26509, 26971, 27270, 27916, 27951, 28186, 28208, 28215, 28224, 28271, 28287, 28301, 28324, 28895, 28958, 29111, 29124, 29154, 29162, 29165, 29178, 29185, 29209, 29349, 29373, 29682, 29762, 30052, 30118, 30139, 30216, 30227, 30232, 30233, 30242, 30249, 30431, 30850, 30859, 32723, 33755, 33760, 33762, 38487, 38503, 41528, 41534, 41597, 41794, 41826, 41919, 41962, 41967, 41995, 42018, 42022, 42080, 42086, 42153, 42197, 42622, 42624, 42627, 42678, 42686, 43642, 22866, 21043, 30297, 31971, 31090, 31133, 33772, 27343, 30616, 33764, 42702, 42699, 30658, 30651, 30258], "label": "ceiling"}, {"objectId": 5, "id": 5, "partId": 5, "index": 4, "dominantNormal": [-0.619868278503418, -0.7847058773040771, -1.742397065083339e-16], "obb": {"axesLengths": [2.6530038664449145, 2.3068699321105335, 0.2934349170316478], "centroid": [0.09193526000332031, 1.8945989229658857, -0.3834350915808622], "normalizedAxes": [0.7847058773040771, -0.619868278503418, -1.3763840700585072e-16, 0, -2.220446049250313e-16, 1, -0.619868278503418, -0.7847058773040771, -1.742397065083339e-16]}, "segments": [10910, 10853, 11847, 25295, 27422, 440, 1187, 4067, 4089, 4093, 4128, 4136, 4148, 4164, 7875, 8309, 8553, 8602, 8607, 8623, 8645, 9089, 9658, 11819, 11856, 11870, 11961, 11979, 11997, 12085, 12939, 16093, 16104, 16124, 20727, 20754, 21170, 22201, 22213, 25493, 27087, 33913, 34610, 35324, 35328, 35369, 35373, 35377, 35381, 40710, 40712, 41539, 39832, 22892, 8652, 11732, 22845, 27053, 27123, 35310, 39715, 1252, 8428, 9625], "label": "wall"}, {"objectId": 6, "id": 6, "partId": 6, "index": 5, "dominantNormal": [-0.6044095158576965, -0.7966738343238831, -1.7689712679655646e-16], "obb": {"axesLengths": [0.5179456592594539, 0.8201650048755478, 0.28877289468524575], "centroid": [-0.07108742919455713, 1.823714841081629, -0.23813960152374047], "normalizedAxes": [0.7966738343238831, -0.6044095158576965, -1.3420587216155167e-16, 0, -2.220446049250313e-16, 1, -0.6044095158576965, -0.7966738343238831, -1.7689712679655646e-16]}, "segments": [4997, 4824, 11590, 4480, 4441, 4854, 4884, 4902, 4907, 5007, 11612, 11628, 11651, 35699, 40760, 27979, 4797, 4804], "label": "machine"}, {"objectId": 7, "id": 7, "partId": 7, "index": 6, "dominantNormal": [-0.5913857221603394, -0.806388795375824, -1.7905428148519675e-16], "obb": {"axesLengths": [0.43067580779956827, 0.7600000330805767, 0.3402900581174745], "centroid": [0.25364096916596424, 1.5493309477430566, -1.1900000900608318], "normalizedAxes": [0.8063888549804688, -0.5913857221603394, -1.3131400903539688e-16, 0, -2.220446049250313e-16, 1, -0.5913857221603394, -0.8063888549804688, -1.7905429472008655e-16]}, "segments": [4890, 34049, 41582, 655, 671, 674, 687, 701, 705, 718, 730, 731, 741, 752, 763, 780, 1034, 1529, 1651, 5164, 5365, 5370, 5396, 5836, 5875, 7524, 13905, 13914, 16183, 16398, 26533, 26620, 33817, 33818, 33834, 35442, 35454, 7412, 34328, 26966, 1238, 447, 15757, 18, 16100, 16242, 41824, 34374], "label": "garbage bin"}, {"objectId": 10, "id": 10, "partId": 10, "index": 7, "dominantNormal": [0, -2.220446049250313e-16, 1], "obb": {"axesLengths": [0.46839964625490643, 0.3299900219591699, 0.43031017903918406], "centroid": [-2.2421741668830064, -0.8614799588449551, -1.4149950722811764], "normalizedAxes": [-0.06722909212112427, 0.9977375864982605, 2.215422482128605e-16, 0, -2.220446049250313e-16, 1, 0.9977375864982605, 0.06722909212112427, 1.4927857199503573e-17]}, "segments": [25569, 41224, 7459, 15067, 15022, 25592, 25623, 38898, 22048, 22103, 7501, 7518, 38919, 14947, 14892], "label": "bag"}, {"objectId": 11, "id": 11, "partId": 11, "index": 8, "dominantNormal": [0, -2.220446049250313e-16, 1], "obb": {"axesLengths": [0.456848905723163, 0.30854999329410493, 0.43426468888432795], "centroid": [-1.2890997601688983, 0.5026022867597179, -1.4393449996391348], "normalizedAxes": [-0.4037695825099945, 0.914860725402832, 2.031398883334994e-16, 0, -2.220446049250313e-16, 1, 0.914860725402832, 0.4037695825099945, 8.965485742917656e-17]}, "segments": [13294, 9001, 13409, 35872, 9093, 8886, 9056, 13176, 13245, 13302, 13361, 35864, 35865, 35915, 35918, 35920, 35923, 35927, 35978, 9144], "label": "bag"}, {"objectId": 12, "id": 12, "partId": 12, "index": 9, "dominantNormal": [0, -2.220446049250313e-16, 1], "obb": {"axesLengths": [0.6825819026811312, 0.4978200085948405, 0.5451147806560893], "centroid": [-0.8984234975363766, 1.0426989597617327, -1.3146300318380475], "normalizedAxes": [0.11799243092536926, 0.9930145144462585, 2.2049351554504127e-16, 0, -2.220446049250313e-16, 1, 0.9930145144462585, -0.11799243092536926, -2.6199582708967664e-17]}, "segments": [37620, 2310, 2211, 2519, 16898, 38271, 2259, 2277, 2278, 2294, 2409, 2463, 2464, 2470, 2471, 2487, 2544, 2547, 2550, 18056, 18076, 18077, 18081, 18100, 18147, 18447, 19784, 20547, 34396, 34417, 34420, 36966, 41058, 19729, 19734, 2399, 36800, 2273, 18098, 18478, 18596, 19697, 19719, 19731, 19737, 19758, 19760, 37576, 37564, 37596, 37214, 2340, 19564, 19578, 40715, 19521, 37546, 16653, 16656, 16688, 18290, 19516, 19537, 19540, 19557, 19571, 19586, 36961, 37501, 40747], "label": "laundry basket"}, {"objectId": 13, "id": 13, "partId": 13, "index": 10, "dominantNormal": [0.761358380317688, -0.6483312845230103, -1.4395846393244988e-16], "obb": {"axesLengths": [1.27866482381132, 0.8399999549984939, 0.4996393445504554], "centroid": [-1.297966340557219, 1.0006448754809145, -1.1100000489336281], "normalizedAxes": [0.6483312845230103, 0.761358380317688, 1.6905552076400276e-16, 0, -2.220446049250313e-16, 1, 0.761358380317688, -0.6483312845230103, -1.4395846393244988e-16]}, "segments": [17999, 13719, 18122, 17551, 13665, 17498, 36962, 18267, 2571, 20622, 8897, 11258, 11190, 9775, 11099, 17356, 9399, 8171, 35795, 35628, 12766, 20579, 13693, 20550, 35722, 9336, 12522, 20508, 17914, 37238, 2424, 36076, 23458, 36035, 12524, 9778, 8095, 13726, 11077], "label": "washing machine"}, {"objectId": 14, "id": 14, "partId": 14, "index": 11, "dominantNormal": [0, -2.220446049250313e-16, 1], "obb": {"axesLengths": [0.8418119723082591, 0.7900829734634685, 0.8233922564296638], "centroid": [-2.523281026542623, -0.7016167367526538, -1.157798562231398], "normalizedAxes": [0.5540046691894531, 0.8325135707855225, 1.8485514691979842e-16, 0, -2.220446049250313e-16, 1, 0.8325135707855225, -0.5540046691894531, -1.2301374789679478e-16]}, "segments": [15754, 13612, 35482, 35520, 35703, 35706, 40098, 13390, 21334, 13511, 13597, 13645, 13755, 13758, 13786, 15041, 15044, 16417, 18733, 18790, 21207, 21232, 21254, 21256, 21294, 21300, 21301, 21304, 21307, 21312, 21324, 21399, 27352, 36245, 38395, 38557, 38559, 38574, 38577, 38582, 38602, 38708, 38912, 38916, 24126, 38787, 24628, 38527, 40016, 26904], "label": "drying machine"}, {"objectId": 15, "id": 15, "partId": 15, "index": 12, "dominantNormal": [-0.5481911897659302, -0.836353063583374, -1.8570768558120987e-16], "obb": {"axesLengths": [0.9569385119457363, 0.8481600094997878, 0.7094251294141006], "centroid": [-2.1739690220136856, -0.3147292273275377, -1.122550074831473], "normalizedAxes": [0.836353063583374, -0.5481911897659302, -1.2172289615495883e-16, 0, -2.220446049250313e-16, 1, -0.5481911897659302, -0.836353063583374, -1.8570768558120987e-16]}, "segments": [16351, 21946, 16359, 36568, 15201, 15918, 15189, 19291, 15930, 15168, 15902, 18766, 18823, 18840, 19213, 36277, 37400, 37454, 37456, 38850, 20149, 39278, 18911, 41948, 21262, 37375, 20235, 16283, 38126], "label": "drying machine"}, {"objectId": 16, "id": 16, "partId": 16, "index": 13, "dominantNormal": [0, -2.220446049250313e-16, 1], "obb": {"axesLengths": [0.9335804723466833, 0.8523509907942038, 0.95999445328185], "centroid": [-1.9552807689185872, 0.42610849369083975, -1.1150745498578019], "normalizedAxes": [0.9273498058319092, -0.3741956353187561, -8.308812200902429e-17, 0, -2.220446049250313e-16, 1, -0.3741956353187561, -0.9273498058319092, -2.0591302126325077e-16]}, "segments": [16638, 20015, 18993, 9028, 37464, 9353, 9360, 19327, 19463, 19491, 19493, 23235, 23240, 23466, 26162, 26201, 26252, 26347, 26357, 37462, 37475, 37477, 41310, 41315, 41328, 41330, 41333, 41336, 41340, 41343, 41375, 41386, 41447, 41507, 22702, 22786, 39258, 2919, 5591, 8038, 6468, 6452, 19502, 1397, 1418, 1435, 1450, 1464, 1509, 1510, 1516, 2817, 2844, 2863, 2890, 2897, 2968, 3123, 3124, 3223, 3254, 3255, 3350, 3712, 3740, 3768, 3772, 5177, 5456, 5494, 5588, 5714, 6454, 6464, 6469, 17167, 17204, 19451, 19461, 19465, 19475, 19637, 20276, 34246, 34250, 34286, 34303, 34309, 34313, 34314, 34317, 34544, 34548, 34557, 34701, 36618, 36620, 36630, 36634, 36636, 36670, 38136, 38198, 39244, 41471, 26327, 41414, 26158, 7152, 39503, 21502, 39462, 23422, 23334, 23427, 23277, 38815], "label": "washing machine"}, {"objectId": 18, "id": 18, "partId": 18, "index": 14, "dominantNormal": [0, -2.220446049250313e-16, 1], "obb": {"axesLengths": [1.3351395401048423, 0.855540912101993, 1.361719931326292], "centroid": [-2.687793553644256, -1.188511321782214, -1.1222295508613576], "normalizedAxes": [-0.12756091356277466, 0.9918307662010193, 2.2023067063359642e-16, 0, -2.220446049250313e-16, 1, 0.9918307662010193, 0.12756091356277466, 2.8324212655922367e-17]}, "segments": [5949, 3867, 3905, 3913, 3918, 5787, 5842, 5873, 5886, 5897, 6123, 7287, 34590, 34591, 34593, 34605, 34785, 34787, 34790, 35032, 35043, 6128, 6130, 5856, 34776, 34975, 23031, 23270, 30540, 26503, 38730, 42572, 23903, 23960, 23966, 24024, 24031, 24047, 24182, 24183, 24213, 24430, 24540, 24565, 24571, 24597, 24706, 24856, 24932, 26789, 26803, 26814, 26846, 26848, 27126, 27168, 27185, 27216, 27261, 27321, 29887, 29907, 29909, 29925, 29929, 29933, 38534, 38541, 38734, 38737, 38741, 38748, 38750, 38797, 38799, 39547, 39916, 40101, 40146, 42538, 42540, 42543, 42546, 42581, 36151, 6980, 5937, 5956, 6272, 6832, 6855, 6978, 7001, 7030, 7053, 7084, 7095, 7110, 7114, 7194, 7230, 7248, 7255, 7275, 7304, 7310, 14879, 15382, 15569, 15577, 15768, 21446, 21462, 21490, 24121, 24383, 24545, 24547, 24733, 24909, 24918, 34915, 34953, 34963, 35003, 35006, 36116, 36211, 36213, 36533, 36536, 37105, 38501, 38836, 10484, 6677], "label": "drying machine"}], "scan_id": "d7d40d4e-7a5d-2b36-97e7-34324c52ac42", "annId": "5636", "appId": "stk.v1"}