{"segGroups": [{"objectId": 2, "id": 2, "partId": 2, "index": 0, "dominantNormal": [-0.22124475240707397, -0.9752182960510254, -2.1654196126231215e-16], "obb": {"axesLengths": [6.984660166256078, 5.49999987706542, 0.7354585686684071], "centroid": [1.929517421523482, -0.16212667999408903, -0.11999983258545655], "normalizedAxes": [0.9752182960510254, -0.22124478220939636, -4.912621025741001e-17, 0, -2.220446049250313e-16, 1, -0.22124478220939636, -0.9752182960510254, -2.1654196126231215e-16]}, "segments": [21332, 34408, 7937, 34420, 34315, 24732, 24054, 1106, 1341, 1956, 2064, 2151, 2153, 2154, 3708, 7558, 7642, 7971, 9695, 9710, 16959, 17012, 17039, 18309, 18361, 19842, 19848, 20004, 20117, 20357, 20377, 20378, 20413, 20510, 20530, 20560, 20839, 20844, 20877, 20893, 20909, 20919, 20996, 20998, 21005, 21078, 21102, 21109, 21233, 21253, 21288, 21289, 21297, 21311, 21318, 24033, 24075, 24089, 24094, 24095, 24117, 24139, 24209, 24218, 24358, 24400, 24409, 24412, 24420, 24582, 24592, 24598, 24599, 24621, 24624, 24641, 24646, 24651, 24661, 24673, 24754, 24756, 24795, 24817, 30745, 31573, 31662, 31790, 31805, 31807, 31989, 32036, 32040, 32045, 32047, 32053, 32057, 32111, 32116, 32123, 32141, 32147, 33842, 33846, 33852, 33857, 34057, 34058, 34098, 12535, 1351, 31978, 6737, 12323, 2987, 18547, 13700, 13763, 13909, 13910, 13922, 13930, 13963, 13968, 13977, 14045, 16523, 16524, 16536, 25509, 25510, 26331, 12317, 14044, 14050, 19176, 3000, 5935, 6071, 6100, 6114, 6118, 6133, 6178, 6184, 6189, 6269, 6315, 6351, 6388, 6391, 6393, 6442, 6463, 6467, 6478, 6481, 6517, 6551, 6569, 6632, 6666, 6667, 6687, 6716, 6753, 6766, 6823, 6895, 6971, 7277, 7432, 7455, 7478, 7483, 7616, 7620, 7632, 7633, 7660, 7664, 7946, 8008, 8180, 8221, 8234, 8236, 8254, 8298, 8300, 8448, 8481, 11250, 12480, 12485, 12499, 12549, 12754, 12949, 12992, 13132, 13323, 13695, 17721, 18186, 19894, 21402, 21409, 21786, 22057, 22187, 22223, 25521, 25527, 25532, 25751, 25781, 25789, 25798, 25800, 25802, 25805, 25809, 25833, 25839, 25842, 25846, 25852, 25856, 25859, 25864, 25879, 25954, 25989, 25994, 25995, 25998, 26013, 26016, 26618, 27092, 27157, 27402, 27403, 27575, 20239, 22238, 963, 24532, 4699, 5845, 858, 962, 1025, 1540, 2251, 2272, 2568, 4744, 4774, 4788, 4798, 4807, 4808, 5802, 5804, 5810, 5825, 5828, 5880, 6983, 6987, 6992, 7000, 7030, 7034, 7042, 7057, 7059, 7065, 7094, 7104, 7112, 7136, 7182, 7413, 7422, 8774, 8782, 9101, 9135, 9321, 9335, 9642, 13172, 13176, 13206, 13211, 13215, 13229, 13240, 13247, 15302, 15322, 15331, 15421, 15446, 15457, 15674, 18888, 18991, 19004, 19016, 21039, 21693, 21694, 21755, 23461, 23510, 23511, 23579, 25477, 25479, 25481, 25488, 25495, 25573, 25574, 26027, 26123, 26598, 26599, 26656, 26893, 26900, 26931, 26934, 27168, 28501, 28502, 28524, 28776, 28781, 31450, 3183, 4904, 6628, 11359, 5443, 9814, 8675, 25587, 25602, 21391, 20914, 27347, 9587, 10823, 10677, 27080, 18849, 19451, 31388, 9189, 9186, 24858], "label": "wall"}, {"objectId": 3, "id": 3, "partId": 3, "index": 1, "dominantNormal": [0, -2.220446049250313e-16, 1], "obb": {"axesLengths": [1.258272432764256, 0.7903899373772005, 1.1087095994528327], "centroid": [1.8421535341943562, 0.1987868461543059, -0.8451948964179685], "normalizedAxes": [0.9578951597213745, 0.28711819648742676, 6.375304650583819e-17, 0, -2.220446049250313e-16, 1, 0.28711819648742676, -0.9578951597213745, -2.1269545229993237e-16]}, "segments": [23967, 21287, 23226, 21188, 32843], "label": "cabinet"}, {"objectId": 4, "id": 4, "partId": 4, "index": 2, "dominantNormal": [0.9447701573371887, 0.32773357629776, 7.277147246970373e-17], "obb": {"axesLengths": [0.5219720507637291, 1.968532935488232, 0.43192205120467525], "centroid": [1.6778350638340573, -0.21499191031920362, 0.4057335371732673], "normalizedAxes": [-0.3277336061000824, 0.9447701573371887, 2.0978111633089574e-16, 0, -2.220446049250313e-16, 1, 0.9447701573371887, 0.3277336061000824, 7.277147908714863e-17]}, "segments": [18437, 18320, 18715, 19274, 31404, 31395, 31360, 19221, 4565, 4493, 18919, 31460, 19070, 19072, 440, 351, 283, 315, 326], "label": "window"}, {"objectId": 5, "id": 5, "partId": 5, "index": 3, "dominantNormal": [0.994690477848053, -0.1029118150472641, -2.285101331428765e-17], "obb": {"axesLengths": [0.22723922010258696, 0.43513046722567505, 0.17096667293485046], "centroid": [1.5500403999629788, 0.35918268407484927, -0.28752768328351364], "normalizedAxes": [0.1029118150472641, 0.994690477848053, 2.2086565417646153e-16, 0, -2.220446049250313e-16, 1, 0.994690477848053, -0.1029118150472641, -2.285101331428765e-17]}, "segments": [33346, 33359, 23699, 18606, 18406], "label": "vase"}, {"objectId": 6, "id": 6, "partId": 6, "index": 4, "dominantNormal": [0, -2.220446049250313e-16, 1], "obb": {"axesLengths": [0.38245882085963656, 0.1786100824487935, 0.2289068902344905], "centroid": [3.195208554433197, -0.1369759511091463, -1.161694927252196], "normalizedAxes": [0.8292421698570251, -0.5588894486427307, -1.2409838682064372e-16, 0, -2.220446049250313e-16, 1, -0.5588894486427307, -0.8292421698570251, -1.8412874999307885e-16]}, "segments": [1872, 1779, 26140, 1778, 26145, 26149, 26239, 1839, 26271, 1753, 2157, 2178, 2195, 2196, 2234, 2288, 2293, 2334, 26152, 26195, 26222, 26224, 26237, 26257], "label": "pot"}, {"objectId": 7, "id": 7, "partId": 7, "index": 5, "dominantNormal": [0, -2.220446049250313e-16, 1], "obb": {"axesLengths": [0.3878420658287685, 0.24769997043088132, 0.3362383943480156], "centroid": [3.2426262661433967, 0.46988550900932735, -1.1138499223325402], "normalizedAxes": [0.9303741455078125, -0.36661142110824585, -8.140408816098473e-17, 0, -2.220446049250313e-16, 1, -0.36661142110824585, -0.9303741455078125, -2.0658455957174582e-16]}, "segments": [24903, 35691, 25085, 24927, 25011, 25185, 25225, 35705, 25057, 25086, 34557], "label": "pot"}, {"objectId": 8, "id": 8, "partId": 8, "index": 6, "dominantNormal": [-0.5241948962211609, -0.85159832239151, -1.8909281305024228e-16], "obb": {"axesLengths": [0.8369863877513698, 1.5399999572336678, 0.7104249548430673], "centroid": [3.0620108265430694, 0.8971618940434007, -0.4999999236315493], "normalizedAxes": [0.85159832239151, -0.5241948962211609, -1.1639464863514546e-16, 0, -2.220446049250313e-16, 1, -0.5241948962211609, -0.85159832239151, -1.8909281305024228e-16]}, "segments": [17838, 16990, 21804, 24307, 18822, 31234, 13449, 17850, 30551, 21858, 18093, 32228, 29870, 12589, 30160, 17474, 17874, 22311, 32456, 22267, 22181, 23393, 33268, 28541, 30790, 454, 32328, 18475, 30803, 18121, 28757, 15147, 28728, 28562, 17494, 42, 96, 740, 743, 791, 853, 884, 939, 1146, 1245, 1273, 2384, 2619, 2673, 5775, 6150, 8648, 8654, 11518, 11566, 12427, 12486, 12547, 12585, 12640, 12656, 12700, 12745, 12762, 12811, 12817, 12831, 12866, 12899, 12909, 12930, 12937, 13010, 13045, 13142, 13177, 13187, 13257, 13264, 13269, 13298, 13301, 13351, 13403, 13447, 13497, 13519, 13581, 13596, 13598, 13601, 13624, 13630, 13632, 13642, 13697, 13718, 13756, 13792, 13850, 13854, 14653, 14731, 14825, 14875, 14876, 14883, 14895, 14922, 14953, 14959, 14965, 14982, 14991, 15028, 15077, 15089, 15117, 15154, 15238, 15301, 15360, 15374, 15455, 15462, 15487, 15521, 15549, 15605, 15617, 16807, 17090, 17145, 17163, 17208, 17398, 17403, 17435, 17470, 17476, 17544, 17562, 17569, 17580, 17600, 17632, 17633, 17648, 17674, 17689, 17715, 17719, 17770, 17776, 17778, 17792, 17807, 17845, 17846, 17853, 17890, 17934, 17990, 18005, 18013, 18110, 18116, 18190, 18192, 18212, 18243, 18286, 18315, 18384, 18430, 18473, 18511, 18551, 18588, 18644, 18687, 18734, 21884, 21895, 21896, 21989, 22010, 22078, 22080, 22111, 22113, 22120, 22136, 22155, 22192, 22225, 22244, 22400, 22494, 22514, 22700, 22746, 22798, 22826, 23017, 23028, 23053, 23106, 23384, 23392, 23411, 23447, 23464, 23470, 23474, 23550, 23592, 24312, 24331, 25353, 27463, 27465, 27471, 27473, 27532, 27535, 27536, 27665, 27933, 27937, 27950, 27955, 27983, 27985, 27993, 27998, 27999, 28007, 28015, 28495, 28497, 28499, 28545, 28565, 28567, 28586, 28597, 28611, 28618, 28626, 28632, 28643, 28707, 28725, 28769, 29554, 29602, 29608, 29612, 29865, 29893, 30608, 30654, 30658, 30683, 30743, 30753, 30759, 30762, 30769, 30863, 30882, 30928, 30939, 30942, 30948, 30951, 30953, 30968, 30976, 31197, 31203, 31209, 31214, 31223, 31253, 31258, 31263, 31268, 31302, 32232, 32242, 32248, 32277, 32290, 32303, 32338, 32394, 32427, 32445, 32448, 32453, 32566, 32573, 32620, 32634, 33084, 33102, 33111, 33143, 33256, 33297, 33309, 33316, 33873, 33879, 33930, 35464, 35582, 17678, 35520, 25251, 25249, 25305, 25425, 25431, 25323, 2470, 11468, 11476, 11543, 15676, 15779, 15806, 17161, 17286, 17309, 25226, 25246, 25267, 25281, 25331, 25368, 25405, 26299, 27467, 29534, 34691, 34754, 34757, 34762, 34771, 35430, 35437, 35630, 713, 4600, 4194, 4536, 4313], "label": "plant"}, {"objectId": 9, "id": 9, "partId": 9, "index": 7, "dominantNormal": [0, -2.220446049250313e-16, 1], "obb": {"axesLengths": [0.2528804370828594, 0.20129990127757402, 0.22692107612479617], "centroid": [2.816960102697411, 1.0167096150907144, -1.1227999171733858], "normalizedAxes": [0.9994322061538696, 0.033694054931402206, 7.481583115565506e-18, 0, -2.220446049250313e-16, 1, 0.033694054931402206, -0.9994322061538696, -2.2191852936478843e-16]}, "segments": [32525, 32534, 22557, 32553, 16919, 32149], "label": "pot"}, {"objectId": 10, "id": 10, "partId": 10, "index": 8, "dominantNormal": [-0.20465394854545593, -0.9788343906402588, -2.1734489555675003e-16], "obb": {"axesLengths": [0.42511709555323607, 0.7365059986001399, 0.26369953763089654], "centroid": [0.34594919043386385, 1.5485345661677326, -0.8447169416833589], "normalizedAxes": [0.9788343906402588, -0.20465394854545593, -4.544230515112345e-17, 0, -2.220446049250313e-16, 1, -0.20465394854545593, -0.9788343906402588, -2.1734489555675003e-16]}, "segments": [8590, 13361, 14332, 29115, 29761, 28965, 8551, 8576, 8582, 8605, 11784, 11862, 27137, 28996, 29077, 29132, 29150, 14185, 27927, 14067, 14082, 14291, 14279, 14140, 29087, 14187, 29334], "label": "plant"}, {"objectId": 11, "id": 11, "partId": 11, "index": 9, "dominantNormal": [0, -2.220446049250313e-16, 1], "obb": {"axesLengths": [0.8804395643832451, 0.3399999661743647, 0.8044110004078685], "centroid": [-0.13728725160040556, 1.4606246426896394, -0.659999931380153], "normalizedAxes": [0.8731201887130737, 0.4875050187110901, 1.08247859278674e-16, 0, -2.220446049250313e-16, 1, 0.4875050187110901, -0.8731201887130737, -1.9387162735486324e-16]}, "segments": [7688, 30318, 7721, 30363, 30413, 7328, 7382, 7344, 7775, 5236, 6335, 6342, 6349, 6355, 6379, 6383, 6399, 6431, 6445, 7470, 7507, 7517, 7687, 7729, 7809, 7889, 9018, 9034, 10180, 10181, 10193, 10201, 10548, 11110, 11178, 14146, 17461, 26733, 26735, 26947, 27008, 27011, 27024, 27040, 27047, 27059, 27722, 27808, 27826, 31035, 31055, 31089, 31117, 31125, 6417, 7838, 10636, 27698, 31003, 7846, 10554, 14177], "label": "table"}, {"objectId": 12, "id": 12, "partId": 12, "index": 10, "dominantNormal": [0, -2.220446049250313e-16, 1], "obb": {"axesLengths": [4.426891498272304, 1.5199999767541876, 1.7522255447271944], "centroid": [1.5213529280126152, 0.7302182653174654, -0.8499999396502971], "normalizedAxes": [0.9688013792037964, -0.24783849716186523, -5.503120118751986e-17, 0, -2.220446049250313e-16, 1, -0.24783849716186523, -0.9688013792037964, -2.151171194961324e-16]}, "segments": [11622, 5372, 13092, 28455, 29450, 9504, 29752, 15681, 16680, 16814, 30080, 30190, 16677, 16670, 10778, 8853, 27647, 10874, 8156, 8832, 27164, 9665, 4597, 19294, 27094, 19100, 31955, 31851, 20283, 31963, 19356, 4387, 31675, 8111, 5345, 26627, 13017, 6942, 28603, 29646, 30488, 16211, 6028, 26713, 27123, 10056, 2896, 2783, 2804, 3973, 3999, 4005, 4009, 4017, 4020, 4033, 4036, 4049, 4074, 4098, 4123, 4132, 4136, 4243, 4247, 4249, 4264, 4288, 4296, 4321, 4363, 4372, 4380, 4396, 4433, 4441, 4444, 4580, 4605, 4623, 4624, 5261, 5269, 5273, 5284, 5333, 6874, 6891, 6901, 6904, 6905, 6917, 8030, 8033, 8051, 8071, 8082, 8085, 8218, 8845, 8861, 8931, 9007, 9029, 9046, 9500, 9514, 9527, 9631, 9700, 10022, 10209, 10226, 10252, 10270, 10278, 10310, 10356, 10361, 10365, 10531, 10581, 10642, 10704, 10803, 10949, 10974, 10985, 11011, 11021, 11083, 11107, 11124, 11173, 11302, 11334, 11399, 11604, 11619, 11620, 11754, 11764, 11919, 11951, 12889, 12904, 12936, 12938, 12969, 12995, 13039, 13054, 13103, 13372, 13390, 13392, 13420, 13424, 13474, 13498, 13508, 13520, 13560, 13606, 13607, 14233, 14357, 14408, 14411, 14413, 14420, 14422, 14443, 14458, 14460, 14488, 14491, 14497, 14504, 14542, 14555, 14562, 14580, 14625, 14671, 14682, 14685, 14715, 14780, 14792, 14855, 14859, 14866, 14887, 14888, 14901, 14968, 15035, 15042, 15066, 15097, 15195, 15244, 15471, 15489, 15519, 15524, 15538, 15578, 15585, 15610, 15654, 15710, 15714, 15850, 15862, 15870, 15940, 15992, 15999, 16008, 16056, 16091, 16115, 16149, 16700, 16706, 16747, 16881, 16893, 19117, 19125, 19126, 19130, 19137, 19170, 19182, 19201, 19287, 19292, 19315, 19317, 19320, 19357, 19369, 19379, 19385, 19460, 19488, 19503, 19510, 19514, 19566, 19573, 19574, 19595, 19638, 19658, 19676, 19677, 19695, 19714, 19723, 19738, 19800, 19806, 19833, 19928, 19932, 19933, 19936, 19949, 20018, 20023, 20024, 20055, 20119, 20121, 20137, 20165, 20170, 20216, 20443, 26472, 26482, 26502, 26506, 26508, 26509, 26533, 26539, 26588, 26625, 26645, 26881, 27075, 27538, 27544, 27619, 27669, 27705, 27764, 27769, 28408, 28412, 28482, 28569, 28587, 29160, 29164, 29184, 29196, 29238, 29260, 29265, 29266, 29279, 29321, 29327, 29384, 29431, 29436, 29439, 29480, 29482, 29485, 29487, 29501, 29503, 29527, 29548, 29581, 29592, 29708, 29864, 30133, 30242, 30249, 30409, 30410, 30460, 30471, 30651, 31578, 31584, 31585, 31588, 31591, 31608, 31625, 31637, 31638, 31646, 31663, 31668, 31672, 31714, 31716, 31734, 31737, 31778, 31785, 31798, 31801, 31803, 31814, 31818, 31821, 31825, 31946, 31967, 31969, 11308, 11068, 22323, 33195, 22177, 22956, 22902, 23198, 23300, 22596, 22943, 2594, 2609, 2616, 2632, 2656, 2667, 2980, 8923, 8989, 10289, 10342, 10482, 10487, 10649, 11185, 11281, 11324, 11388, 11401, 11721, 11744, 11768, 11769, 11794, 11871, 11885, 11916, 13477, 14270, 14313, 14327, 14660, 14758, 14809, 15133, 15210, 15311, 15824, 15904, 15911, 15971, 16110, 16169, 16896, 16909, 16930, 16935, 17463, 21382, 21418, 21436, 21512, 21527, 21595, 21649, 21657, 21658, 21687, 21704, 21707, 21710, 21724, 21726, 21864, 21873, 21893, 22040, 22260, 22300, 22423, 22435, 22460, 22505, 22523, 22629, 22684, 22715, 22775, 22811, 22813, 22830, 22834, 22843, 22845, 22851, 22872, 22897, 22915, 22936, 22952, 23008, 23033, 23069, 23072, 23093, 23103, 23105, 23121, 23155, 23206, 23233, 23237, 23241, 23267, 23308, 23313, 23451, 23498, 23536, 24240, 24287, 24326, 24441, 24467, 24480, 24493, 24535, 24866, 26316, 26320, 27170, 27175, 27177, 27549, 27590, 27591, 27819, 27823, 27944, 27947, 28950, 29084, 29275, 29363, 29369, 29376, 29381, 29490, 29495, 29499, 29597, 29605, 29826, 29836, 29858, 30667, 32152, 32154, 32280, 32583, 32641, 32653, 32666, 32716, 32743, 32744, 32763, 32768, 32772, 32779, 32782, 33018, 33061, 33116, 33214, 33886, 33903, 33992, 34522, 34525, 6285, 10762, 27850, 5154, 5186, 16577, 6274, 5713, 5978, 9377, 28234, 8439, 8456, 12334, 12088, 8415, 13783, 12086, 12114, 9819, 12463, 28210, 28376, 12764, 27396, 9293, 5910, 7242, 5553, 6808, 7282, 2879, 25874, 6708, 26929, 7551, 13851, 5619, 5684, 26688, 5914, 9432, 27447, 27408, 16559, 8962, 6308, 5563, 5581, 15852, 24947, 32073, 15926, 15459, 34528, 24914, 23899, 19872, 1381, 33558, 31768, 1997, 24988, 32012, 20767, 23788, 21821, 27368, 13916, 26183, 1961, 20307, 5183, 28160, 7241, 28330, 28201, 9429, 27427, 27122, 28037, 8399, 26927, 12440, 26659, 5920, 6622, 26839, 5533, 5577, 5669, 7196, 12683, 12561, 6827, 5655, 26972, 26967, 7556, 6540, 6280, 26958, 5133, 7581, 12116, 7202, 28153, 12166, 12342, 28149, 28191, 12290, 12229, 12326, 28189, 28203, 28206, 12666, 26861, 6822, 6724, 6791, 26955, 7235, 6739, 28216, 5623, 26737, 6729, 26754, 6610, 26969, 26962, 6796, 8815, 33510, 20796, 20728, 20615, 20669, 20726, 23808, 33778], "label": "ramp"}, {"objectId": 13, "id": 13, "partId": 13, "index": 11, "dominantNormal": [0, -2.220446049250313e-16, 1], "obb": {"axesLengths": [0.25190979050339557, 0.14293002762801876, 0.16359881039097746], "centroid": [0.1740352099619913, 1.4271705447153105, -1.1532549097406495], "normalizedAxes": [0.10623035579919815, 0.9943415522575378, 2.2078817713156736e-16, 0, -2.220446049250313e-16, 1, 0.9943415522575378, -0.10623035579919815, -2.3587877384478462e-17]}, "segments": [11923, 11922, 28021, 35205, 11942], "label": "item"}, {"objectId": 14, "id": 14, "partId": 14, "index": 12, "dominantNormal": [-0.20780283212661743, -0.9781707525253296, -2.1719753829370738e-16], "obb": {"axesLengths": [0.5516273864317915, 0.5000000186264508, 0.10058280712809252], "centroid": [2.8881991259551016, -0.2866691518598037, -0.5999999452382325], "normalizedAxes": [0.9781707525253296, -0.20780281722545624, -4.614149445313492e-17, 0, -2.220446049250313e-16, 1, -0.20780281722545624, -0.9781707525253296, -2.1719753829370738e-16]}, "segments": [22992, 22972, 22984, 33796, 22965], "label": "chair"}, {"objectId": 15, "id": 15, "partId": 15, "index": 13, "dominantNormal": [0.999234139919281, -0.039129745215177536, -8.68854881712123e-18], "obb": {"axesLengths": [0.6174433692729898, 0.7424250079149375, 0.2815770264607957], "centroid": [2.320064995229532, 0.0991875806419607, -0.87299742274737], "normalizedAxes": [0.039129745215177536, 0.999234139919281, 2.218745498259802e-16, 0, -2.220446049250313e-16, 1, 0.999234139919281, -0.039129745215177536, -8.68854881712123e-18]}, "segments": [34643, 34657, 21931], "label": "chair"}, {"objectId": 16, "id": 16, "partId": 16, "index": 14, "dominantNormal": [0.9074870347976685, -0.4200800359249115, -9.327650561383993e-17], "obb": {"axesLengths": [0.5917818317875123, 0.7289029792941437, 0.28946496237430447], "centroid": [1.3705668832462836, 0.33748533251463797, -0.8728384571633072], "normalizedAxes": [0.4200800359249115, 0.9074870347976685, 2.0150260011623643e-16, 0, -2.220446049250313e-16, 1, 0.9074870347976685, -0.4200800359249115, -9.327650561383993e-17]}, "segments": [26469, 31314], "label": "chair"}, {"objectId": 22, "id": 22, "initialPoint": [0.4460796656055459, -0.09246668857356383, -0.6910064227859829], "index": 15, "dominantNormal": [-0.02461511269211769, -0.9996970295906067, -2.219773319801736e-16], "obb": {"axesLengths": [1.20347209011344, 0.9399999468028553, 0.7210929067613222], "centroid": [-0.1268399692285711, -0.17957306674921658, -0.8199999093264347], "normalizedAxes": [0.9996970295906067, -0.024615110829472542, -5.46565255931609e-18, 0, -2.220446049250313e-16, 1, -0.024615110829472542, -0.9996970295906067, -2.219773319801736e-16]}, "segments": [3301, 8346, 6241, 11511, 28399, 12847, 3235, 3249, 3220, 26610, 9474, 16401, 16374, 16363, 2166, 3630, 14036, 29943, 16367, 9953, 1536, 5067, 26613, 26617], "partId": 22, "label": "window"}, {"objectId": 1, "id": 1, "partId": 1, "index": 16, "dominantNormal": [0, -2.220446049250313e-16, 1], "obb": {"axesLengths": [4.321570782910257, 0.3904799135667103, 2.9089409761755842], "centroid": [1.2451938032496783, 0.692443795336594, -1.1652399134209754], "normalizedAxes": [0.9763516783714294, 0.21618826687335968, 4.8003438307322384e-17, 0, -2.220446049250313e-16, 1, 0.21618826687335968, -0.9763516783714294, -2.1679362269187529e-16]}, "segments": [19111, 8303, 3584, 8282, 16346, 10029, 3423, 2694, 3452, 1656, 25558, 25649, 25503, 316, 378, 248, 25655, 22643, 22411, 13639, 26131, 32746, 177, 304, 1804, 16297, 16295, 9899, 1544, 1514, 27500, 27491, 1868, 25633, 529, 25439, 159, 25441, 489, 1472, 499, 1129, 25526, 2238, 2400, 210, 826, 2456, 25796, 2367, 292, 149, 25790, 2408, 628, 25492, 136, 383], "label": "floor"}], "scan_id": "68bae76e-3567-2f7c-82bd-a09641695364", "annId": "3979", "appId": "stk.v1"}