{"segGroups": [{"objectId": 8, "id": 8, "partId": 8, "index": 0, "dominantNormal": [0, -2.220446049250313e-16, 1], "obb": {"axesLengths": [0.47160353352928663, 0.1734800299969308, 0.17795140455298025], "centroid": [-1.730641322677737, 0.10008308205249761, -1.4600399909159547], "normalizedAxes": [0.12845297157764435, 0.9917156100273132, 2.2020510082650118e-16, 0, -2.220446049250313e-16, 1, 0.9917156100273132, -0.12845297157764435, -2.8522289325404315e-17]}, "segments": [24032, 6889, 6922, 3703, 23154], "label": "object"}, {"objectId": 9, "id": 9, "partId": 9, "index": 1, "dominantNormal": [0.9944373369216919, -0.10533001273870468, -2.3387961065314196e-17], "obb": {"axesLengths": [0.5301517752426705, 0.4800000083446497, 0.35537661658535946], "centroid": [-1.1409705067066256, 0.16768270120913686, -1.2899999833107003], "normalizedAxes": [0.10533001273870468, 0.9944373369216919, 2.2080944559947733e-16, 0, -2.220446049250313e-16, 1, 0.9944373369216919, -0.10533001273870468, -2.3387961065314196e-17]}, "segments": [14133, 14157, 8751, 14211, 5042, 5023, 10245, 10301, 24752, 24754, 24758, 25066, 25024, 24511, 7937, 12142], "label": "toilet"}, {"objectId": 10, "id": 10, "partId": 10, "index": 2, "dominantNormal": [-0.04587610065937042, -0.9989471435546875, -2.2181082383158912e-16], "obb": {"axesLengths": [2.152829968297576, 2.533172014359264, 0.40133292645177826], "centroid": [-0.49333481001404306, 0.44235117532198304, -0.29437406261919397], "normalizedAxes": [0.9989471435546875, -0.04587610065937042, -1.0186540646410874e-17, 0, -2.220446049250313e-16, 1, -0.04587610065937042, -0.9989471435546875, -2.2181082383158912e-16]}, "segments": [13203, 27414, 15409, 25595, 13215, 3858, 6686, 3502, 7560, 12855, 11486, 5016, 27797, 1892, 12019, 14278], "label": "wall"}, {"objectId": 11, "id": 11, "partId": 11, "index": 3, "dominantNormal": [-0.11179303377866745, -0.9937314987182617, -2.2065271803445568e-16], "obb": {"axesLengths": [0.8117889609883883, 1.3226830067630924, 0.22132637849849834], "centroid": [-1.1286718709699397, 0.49696159654309907, -0.9051385524465474], "normalizedAxes": [0.9937314987182617, -0.11179303377866745, -2.4823040018754894e-17, 0, -2.220446049250313e-16, 1, -0.11179303377866745, -0.9937314987182617, -2.2065271803445568e-16]}, "segments": [12109, 5041, 7834, 6793, 7328, 11891, 24576, 25004, 8458, 24440, 6736, 24452], "label": "tile"}, {"objectId": 17, "id": 17, "partId": 17, "index": 4, "dominantNormal": [0.8330395817756653, -0.5532134175300598, -1.2283805473468852e-16], "obb": {"axesLengths": [0.1658648772710833, 0.21999999389052408, 0.09586921595172708], "centroid": [-1.469473545028838, 0.5643778255986723, -0.26000004984438396], "normalizedAxes": [0.5532134175300598, 0.8330395817756653, 1.849719448222909e-16, 0, -2.220446049250313e-16, 1, 0.8330395817756653, -0.5532134175300598, -1.2283805473468852e-16]}, "segments": [3553, 3550, 3527, 3551], "label": "toiletry"}, {"objectId": 18, "id": 18, "partId": 18, "index": 5, "dominantNormal": [0, -2.220446049250313e-16, 1], "obb": {"axesLengths": [2.5472947444490517, 0.09197991880819378, 2.0181469350773016], "centroid": [-0.6741327487144315, -0.3364039827367611, 0.9559899149986357], "normalizedAxes": [0.9995531439781189, 0.02989165671169758, 6.637281105103549e-18, 0, -2.220446049250313e-16, 1, 0.02989165671169758, -0.9995531439781189, -2.2194538295619435e-16]}, "segments": [9409, 4995, 5661, 13886], "label": "ceiling"}, {"objectId": 19, "id": 19, "partId": 19, "index": 6, "dominantNormal": [0.18089261651039124, -0.9835028648376465, -2.1838150506551168e-16], "obb": {"axesLengths": [0.5439991747190902, 1.0128299367540337, 0.4925587003467742], "centroid": [-0.4004570174250861, 0.3444512513110081, -1.056415018295907], "normalizedAxes": [0.9835028648376465, 0.18089261651039124, 4.016622956690502e-17, 0, -2.220446049250313e-16, 1, 0.18089261651039124, -0.9835028648376465, -2.1838150506551168e-16]}, "segments": [25462, 25454, 2565, 5534, 2698, 2714, 3237, 23003, 23010, 3307, 5639, 23038, 3264, 3317, 3409, 3445, 23368, 23016, 5519, 2284, 23020, 23023, 23026, 2813, 19710, 19749, 27859, 27199, 12332, 2288, 5242, 5315, 12316, 19703, 19715, 19789, 20217, 23091, 27297, 27385, 27389, 27890, 27893, 27896, 27899, 27908, 27913, 27940, 12315], "label": "sink"}, {"objectId": 20, "id": 20, "partId": 20, "index": 7, "dominantNormal": [-0.33662596344947815, -0.9416384696960449, -2.0908574198586936e-16], "obb": {"axesLengths": [0.6732446647193785, 0.9003599382856498, 0.40946181959742867], "centroid": [-0.45673832017913, 0.4433986129585547, 0.18682493783179677], "normalizedAxes": [0.9416384696960449, -0.33662596344947815, -7.47459790616474e-17, 0, -2.220446049250313e-16, 1, -0.33662596344947815, -0.9416384696960449, -2.0908574198586936e-16]}, "segments": [1890, 1940, 15497, 27584, 8329, 8874, 1730, 1912, 1963, 8320, 8332, 8825, 15543, 24383, 24523, 24524, 24528, 24537, 25616, 25642, 25665, 24555, 8375, 8919, 15414, 16117, 25650, 25627, 17370, 1739, 16261, 15324, 15935, 15954, 15956, 15960, 15973, 15965, 15323], "label": "shelf"}, {"objectId": 22, "id": 22, "partId": 22, "index": 8, "dominantNormal": [0.9945306181907654, -0.10444548726081848, -2.319155695503083e-17], "obb": {"axesLengths": [1.7440038059894785, 0.5367200254636993, 0.09130136988573706], "centroid": [-0.2599696731177402, -0.36980746226247607, -1.2783600309112668], "normalizedAxes": [0.10444548726081848, 0.9945306181907654, 2.2083015820201565e-16, 0, -2.220446049250313e-16, 1, 0.9945306181907654, -0.10444548726081848, -2.319155695503083e-17]}, "segments": [15894, 22228, 1061], "label": "tile"}, {"objectId": 23, "id": 23, "partId": 23, "index": 9, "dominantNormal": [0, -2.220446049250313e-16, 1], "obb": {"axesLengths": [1.8084930161964807, 0.5601599687302116, 0.841374046954021], "centroid": [0.12036437678641465, -0.40364938648896176, -1.2300800015014417], "normalizedAxes": [0.16822941601276398, 0.9857478737831116, 2.1887999718986064e-16, 0, -2.220446049250313e-16, 1, 0.9857478737831116, -0.16822941601276398, -3.735443421532291e-17]}, "segments": [22204, 20836, 20825, 29401, 29389, 22146, 13989, 8765, 7783, 1511, 1085, 6974, 6976, 7025, 7046, 7554, 7688, 7698, 7764, 8862, 12354, 12355, 13468, 14746, 14823, 16727, 23963, 23973, 25427, 29160, 18034, 17728, 22929, 15539, 28912, 16487, 21572, 15062, 26154, 14025, 21939, 28899, 28902], "label": "bathtub"}, {"objectId": 24, "id": 24, "partId": 24, "index": 10, "dominantNormal": [0.999218225479126, -0.03953419253230095, -8.778354161864887e-18], "obb": {"axesLengths": [0.5652419605448211, 2.3556579420941026, 0.31411245618966604], "centroid": [-0.0606903808872814, -0.3659990222310008, -0.3180210128123844], "normalizedAxes": [0.03953419253230095, 0.999218225479126, 2.2187101611040338e-16, 0, -2.220446049250313e-16, 1, 0.999218225479126, -0.03953419253230095, -8.778354161864887e-18]}, "segments": [18541, 21635, 21659, 20941, 19056, 11156, 11285, 14705, 14802, 16253, 16369, 16645, 17275, 18780, 18998, 19003, 21025, 21039, 21068, 21081, 21099, 22233, 25552, 28312, 28393, 28651, 19033, 11243, 25743, 14938, 11070, 11089, 11093, 11098, 11099, 11112, 12401, 12430, 12448, 14362, 14365, 14697, 14699, 14851, 16472, 17039, 17215, 17304, 17539, 17542, 17574, 17596, 17617, 17813, 18343, 18345, 18547, 18594, 18737, 18779, 19036, 20883, 20921, 22218, 24928, 25845, 25875, 26461, 26562, 26637, 26749, 28372, 28509, 21669, 22329, 12418, 14837, 17099, 25966, 28574, 13060, 14243, 16183, 17688, 25044, 25075, 25585, 13234, 13768, 11330, 12873, 13765, 16396, 25012, 25035, 17701, 25835, 14220, 14189, 14155], "label": "shower curtain"}, {"objectId": 25, "id": 25, "partId": 25, "index": 11, "dominantNormal": [0.9936301708221436, -0.11269038915634155, -2.5022292939067892e-17], "obb": {"axesLengths": [1.7567745228363931, 2.1800000180304036, 0.1896852300917468], "centroid": [0.5087462927566915, -0.46060893003137304, -0.12000005237758171], "normalizedAxes": [0.11269039660692215, 0.9936301708221436, 2.2063021872179424e-16, 0, -2.220446049250313e-16, 1, 0.9936301708221436, -0.11269039660692215, -2.5022294593429117e-17]}, "segments": [22785, 16588, 21408, 19226, 19247, 28886, 1800, 19168, 8566, 8608, 8651, 8676, 8701, 12474, 20672, 24460, 21861, 19232, 27010, 21982, 19263, 21769, 21858, 12504], "label": "shower wall"}, {"objectId": 26, "id": 26, "partId": 26, "index": 12, "dominantNormal": [0.9980413317680359, 0.06255757063627243, 1.389057105700085e-17], "obb": {"axesLengths": [0.7369352806484535, 0.9938329534120938, 0.4437947122656427], "centroid": [0.8461976104589626, -0.1716097334577017, 0.1646514442268423], "normalizedAxes": [-0.06255757808685303, 0.9980413317680359, 2.2160969321128563e-16, 0, -2.220446049250313e-16, 1, 0.9980413317680359, 0.06255757808685303, 1.3890572711362076e-17]}, "segments": [11540, 19387, 26810, 26243, 10993, 14454, 26275, 20116, 11681, 18123, 24972, 10953, 10522, 10482, 10508, 10510, 10598, 10874, 10938, 10940, 11612, 19378, 24862, 24873, 24899, 27406, 10485, 11579], "label": "window"}, {"objectId": 27, "id": 27, "partId": 27, "index": 13, "dominantNormal": [0.9964620471000671, -0.08404379338026047, -1.8661470897520897e-17], "obb": {"axesLengths": [0.78805022294134, 1.0199999879300592, 0.25285626251939985], "centroid": [0.6253738153413859, -0.16869571141979378, 0.1799999379366637], "normalizedAxes": [0.08404378592967987, 0.9964620471000671, 2.2125902157112235e-16, 0, -2.220446049250313e-16, 1, 0.9964620471000671, -0.08404378592967987, -1.8661469243159672e-17]}, "segments": [13310, 10390, 14376, 29747], "label": "window frame"}, {"objectId": 29, "id": 29, "partId": 29, "index": 14, "dominantNormal": [0, -2.220446049250313e-16, 1], "obb": {"axesLengths": [0.681616272146128, 0.27999999493360517, 0.34874861431853177], "centroid": [0.6200955845731724, -0.15058888379832946, -0.2300000493228438], "normalizedAxes": [-0.021061355248093605, 0.9997782111167908, 2.2199535790008235e-16, 0, -2.220446049250313e-16, 1, 0.9997782111167908, 0.021061355248093605, 4.676560305248679e-18]}, "segments": [14503, 18881, 26874, 26292, 28126, 28150, 20765, 28112, 20750, 28115, 20680, 25522, 11412, 26298, 26307, 18260, 18843, 19429, 19975, 20726, 26296, 28146], "label": "toiletry"}, {"objectId": 31, "id": 31, "partId": 31, "index": 15, "dominantNormal": [-0.07889167219400406, -0.99688321352005, -2.2135253930245514e-16], "obb": {"axesLengths": [0.511204720434493, 0.6799999919533728, 0.20751796492568145], "centroid": [-0.828670206969774, -1.078936930695127, -1.1700000110268596], "normalizedAxes": [0.99688321352005, -0.07889167219400406, -1.751747018419271e-17, 0, -2.220446049250313e-16, 1, -0.07889167219400406, -0.99688321352005, -2.2135253930245514e-16]}, "segments": [11641, 24920, 18288, 18637, 11901, 26357, 18822, 26448, 18785, 12976, 10075, 10080, 10131, 10177, 11220, 11227, 11275, 11321, 11443, 11614, 11714, 11817, 11854, 12574, 12583, 12613, 12623, 12643, 18530, 18716, 19199, 19211, 19271, 19330, 24670, 24722, 24882, 25117, 25313, 25351, 26315, 26361, 26365, 26428, 26512, 26515, 26641, 26785, 26978, 29626, 29656], "label": "radiator"}, {"objectId": 32, "id": 32, "partId": 32, "index": 16, "dominantNormal": [-0.25870558619499207, -0.9659562110900879, -2.144853652663787e-16], "obb": {"axesLengths": [0.7150567839592797, 1.0799999889731404, 0.3231614073688115], "centroid": [-0.7886298001989958, -1.029152122317672, -0.830000029951334], "normalizedAxes": [0.9659562110900879, -0.25870558619499207, -5.744417967856565e-17, 0, -2.220446049250313e-16, 1, -0.25870558619499207, -0.9659562110900879, -2.144853652663787e-16]}, "segments": [10029, 10013, 9919, 9948, 22736, 19713, 9844, 29659, 19779, 9820, 10563], "label": "towel"}, {"objectId": 33, "id": 33, "partId": 33, "index": 17, "dominantNormal": [-0.0768592357635498, -0.9970419406890869, -2.213877838139948e-16], "obb": {"axesLengths": [0.20146353246111093, 0.6399999862909317, 0.08803185679597593], "centroid": [-1.3070507762117374, -1.0620921430541566, -0.4300000403821469], "normalizedAxes": [0.9970419406890869, -0.0768592357635498, -1.7066178639957253e-17, 0, -2.220446049250313e-16, 1, -0.0768592357635498, -0.9970419406890869, -2.213877838139948e-16]}, "segments": [14256, 6371, 25409], "label": "towel"}, {"objectId": 39, "id": 39, "initialPoint": [0.5637569100595915, -0.46101025191908784, -0.33571024485514256], "index": 22, "dominantNormal": [0, -2.220446049250313e-16, 1], "obb": {"axesLengths": [0.6911518563940453, 0.15033800563950817, 0.2884606821304023], "centroid": [0.6047305562802714, -0.1991324322268082, -0.3051690521425978], "normalizedAxes": [0.0744808092713356, 0.9972224235534668, 2.2142785906031177e-16, 0, -2.220446049250313e-16, 1, 0.9972224235534668, -0.0744808092713356, -1.6538061869150323e-17]}, "segments": [17910, 18031, 14602], "partId": 39, "label": "windowsill"}, {"objectId": 40, "id": 40, "initialPoint": [-0.5989741000500053, -0.31022605464391617, 0.9010925114793293], "index": 23, "dominantNormal": [0, -2.220446049250313e-16, 1], "obb": {"axesLengths": [0.3676498908192464, 0.06787401286049155, 0.3450730101660475], "centroid": [-0.6616719682661356, -0.3350805286368822, 0.9139649458833405], "normalizedAxes": [0.3661381006240845, 0.9305605292320251, 2.0662594507215307e-16, 0, -2.220446049250313e-16, 1, 0.9305605292320251, -0.3661381006240845, -8.12989899010762e-17]}, "segments": [12795, 9248], "partId": 40, "label": "light"}, {"objectId": 1, "id": 1, "partId": 1, "index": 24, "dominantNormal": [0, -2.220446049250313e-16, 1], "obb": {"axesLengths": [2.1281987083369325, 0.174209948460535, 1.8464389944670518], "centroid": [-0.9452286307849981, -0.3292388738375014, -1.5131250188546255], "normalizedAxes": [0.47266289591789246, 0.8812433481216431, 1.9567533107648207e-16, 0, -2.220446049250313e-16, 1, 0.8812433481216431, -0.47266289591789246, -1.0495224598680962e-16]}, "segments": [12698, 7957, 7987, 11075, 11083, 27089, 20288, 8039, 27156], "label": "floor"}, {"objectId": 2, "id": 2, "partId": 2, "index": 25, "dominantNormal": [0, -2.220446049250313e-16, 1], "obb": {"axesLengths": [1.022753807862713, 0.0803199988532069, 0.7485211892647746], "centroid": [-0.6134293797164379, -0.32575846793305274, -1.5343399803860494], "normalizedAxes": [0.10528180748224258, 0.9944424033164978, 2.208105705651104e-16, 0, -2.220446049250313e-16, 1, 0.9944424033164978, -0.10528180748224258, -2.337725734818776e-17]}, "segments": [17366, 15209, 10656], "label": "carpet"}, {"objectId": 3, "id": 3, "partId": 3, "index": 26, "dominantNormal": [-0.1221909299492836, -0.9925066232681274, -2.2038074104904824e-16], "obb": {"axesLengths": [2.344178274060198, 2.5373809366513562, 0.23606047773270178], "centroid": [-0.7630761414886411, -1.1048460658403718, -0.2864395520886893], "normalizedAxes": [0.9925066232681274, -0.1221909373998642, -2.7131838420372078e-17, 0, -2.220446049250313e-16, 1, -0.1221909373998642, -0.9925066232681274, -2.2038074104904824e-16]}, "segments": [20153, 8488], "label": "wall"}, {"objectId": 4, "id": 4, "partId": 4, "index": 27, "dominantNormal": [0.9827657341957092, -0.18485532701015472, -4.1046128054257275e-17], "obb": {"axesLengths": [1.4473462050576698, 2.5259179504383056, 0.28813449634042476], "centroid": [-1.7961034232767012, -0.34007250073040773, -0.28796105001954], "normalizedAxes": [0.18485532701015472, 0.9827657341957092, 2.1821782918334459e-16, 0, -2.220446049250313e-16, 1, 0.9827657341957092, -0.18485532701015472, -4.1046128054257275e-17]}, "segments": [437, 4191, 6353, 25582, 461, 4795, 3710, 2771, 7709], "label": "wall"}, {"objectId": 5, "id": 5, "partId": 5, "index": 28, "dominantNormal": [0.9888483285903931, -0.14892621338367462, -3.306826221375894e-17], "obb": {"axesLengths": [1.0297683266209017, 2.0798398983514317, 0.13451740560634057], "centroid": [-1.8436111262924177, -0.5269299290418756, -0.5299200204032664], "normalizedAxes": [0.14892621338367462, 0.9888483285903931, 2.1956843645263137e-16, 0, -2.220446049250313e-16, 1, 0.9888483285903931, -0.14892621338367462, -3.306826221375894e-17]}, "segments": [2553, 473], "label": "door"}, {"objectId": 6, "id": 6, "partId": 6, "index": 29, "dominantNormal": [0.9589348435401917, -0.2836264371871948, -6.297772019152488e-17], "obb": {"axesLengths": [0.23830437887651368, 1.0199999581277375, 0.10467904388466878], "centroid": [-1.794893210669887, -0.4815710471491965, -0.12000005237758171], "normalizedAxes": [0.2836264371871948, 0.9589348435401917, 2.1292630848272857e-16, 0, -2.220446049250313e-16, 1, 0.9589348435401917, -0.2836264371871948, -6.297772019152488e-17]}, "segments": [23579, 10600, 9484, 10836], "label": "towel"}, {"objectId": 7, "id": 7, "partId": 7, "index": 30, "dominantNormal": [0.9075496196746826, 0.4199448823928833, 9.324649550121651e-17], "obb": {"axesLengths": [0.226343239359956, 1.0093469990190784, 0.16857547452211027], "centroid": [-1.7769201555407887, -0.30398820699169404, -0.13467355330273145], "normalizedAxes": [-0.4199448525905609, 0.9075496196746826, 2.0151649675052732e-16, 0, -2.220446049250313e-16, 1, 0.9075496196746826, 0.4199448525905609, 9.324648888377161e-17]}, "segments": [23234, 2481, 1578, 23312, 4559, 23253, 4536], "label": "towel"}], "scan_id": "0988ea78-eb32-2e61-80ee-e4a44170bce9", "annId": "6167", "appId": "stk.v1"}