{"segGroups": [{"objectId": 1, "id": 1, "partId": 1, "index": 0, "dominantNormal": [0, -2.220446049250313e-16, 1], "obb": {"axesLengths": [6.078934406714368, 0.20411991616815392, 4.052108206768377], "centroid": [-0.3188863822551371, 0.2641186306947209, -1.4320600949221838], "normalizedAxes": [-0.31180256605148315, 0.9501469135284424, 2.1097499603516087e-16, 0, -2.220446049250313e-16, 1, 0.9501469135284424, 0.31180256605148315, 6.923407759351256e-17]}, "segments": [22659, 19915, 19746, 19691, 18886, 53442, 44140, 44117, 27447, 20401, 3493, 31138, 37541, 29895, 9312, 46436, 19896, 20339, 20542, 3392, 28072], "label": "floor"}, {"objectId": 2, "id": 2, "partId": 2, "index": 1, "dominantNormal": [0.8176572918891907, 0.5757052302360535, 1.2783224040103868e-16], "obb": {"axesLengths": [5.629226546913099, 2.5528898860613265, 0.460463399682502], "centroid": [-0.981282224704545, -0.3485241491974327, -0.21372514929566355], "normalizedAxes": [-0.5757052302360535, 0.8176572918891907, 1.8155639034160635e-16, 0, -2.220446049250313e-16, 1, 0.8176572918891907, 0.5757052302360535, 1.2783224040103868e-16]}, "segments": [918, 1999, 5378, 52914, 53099, 16655, 54003, 9865, 59773, 56819, 2564, 2980, 33970, 32457, 1849, 2276, 26958, 27847, 556, 963, 1560, 1831, 1917, 2266, 2292, 3313, 4385, 4515, 9500, 9712, 9790, 9806, 9988, 16615, 23601, 24401, 26840, 27535, 27598, 27659, 27663, 27688, 27701, 27705, 27736, 27744, 27766, 27770, 27780, 28155, 28178, 28185, 29091, 32496, 32517, 32967, 32975, 33376, 33377, 33382, 36277, 36281, 41789, 41791, 41792, 42656, 43663, 45362, 45684, 49897, 50824, 50952, 50960, 51322, 51327, 51332, 53773, 54007, 54866, 55846, 56400, 56760, 56801, 56807, 57170, 58543, 59221, 59241, 59587, 60016, 60046, 60054, 60722, 64245, 65821, 65823, 65830, 66930, 66932, 67015, 67071, 67446, 68781, 69288, 69343, 50840, 37031, 36960, 33519, 23586, 27603, 58492, 27516, 42757, 39292, 39265, 43683, 68838, 53908, 55033, 24391, 51028, 1686, 50918], "label": "wall"}, {"objectId": 3, "id": 3, "partId": 3, "index": 2, "dominantNormal": [0.8219844102859497, 0.5695099830627441, 1.264566191900283e-16], "obb": {"axesLengths": [0.9312017468859628, 0.6199999909102916, 0.07009453903700076], "centroid": [-1.4691205819022983, 0.3556084916412759, -0.18000012677982324], "normalizedAxes": [-0.5695099830627441, 0.8219844102859497, 1.8251720363647854e-16, 0, -2.220446049250313e-16, 1, 0.8219844102859497, 0.5695099830627441, 1.264566191900283e-16]}, "segments": [29263, 49559, 67228, 50456, 43053, 51058, 37884, 51408], "label": "tv"}, {"objectId": 4, "id": 4, "partId": 4, "index": 3, "dominantNormal": [0.8149301409721375, 0.5795592069625854, 1.2868799514067174e-16], "obb": {"axesLengths": [2.1817649543543176, 2.2534589263768727, 0.14650993981400812], "centroid": [0.9067551520208217, -1.149998938286939, -0.3676406107334671], "normalizedAxes": [-0.5795592069625854, 0.8149301409721375, 1.8095084119365833e-16, 0, -2.220446049250313e-16, 1, 0.8149301409721375, 0.5795592069625854, 1.2868799514067174e-16]}, "segments": [6962, 34529, 50225, 22989, 47260, 14671, 60156, 35513, 17789, 34961, 17788, 7749, 35769], "label": "wall"}, {"objectId": 5, "id": 5, "partId": 5, "index": 4, "dominantNormal": [0.5669540166854858, -0.8237494230270386, -1.8290911519326127e-16], "obb": {"axesLengths": [2.842505440976539, 2.5525099660640205, 0.2502123129089611], "centroid": [0.48751297531609494, -0.046906863374806984, -0.20625507814686728], "normalizedAxes": [0.8237494230270386, 0.5669540166854858, 1.258890806455883e-16, 0, -2.220446049250313e-16, 1, 0.5669540166854858, -0.8237494230270386, -1.8290911519326127e-16]}, "segments": [22689, 4657, 42883, 37404, 22734, 30577, 34776, 37995, 49831, 6198, 6260, 6317, 26905, 34193, 38134, 38143, 51654, 6885], "label": "wall"}, {"objectId": 6, "id": 6, "partId": 6, "index": 5, "dominantNormal": [0.773375928401947, 0.6339476704597473, 1.4076466003037853e-16], "obb": {"axesLengths": [2.3625181449064794, 1.3004459746082282, 0.28755352180313315], "centroid": [0.9451612496568902, 1.6107936727924923, 0.3002228774371085], "normalizedAxes": [-0.6339476704597473, 0.773375928401947, 1.7172395248053963e-16, 0, -2.220446049250313e-16, 1, 0.773375928401947, 0.6339476704597473, 1.4076466003037853e-16]}, "segments": [27098, 7216, 8243, 6906, 40040, 29608, 21983, 20845, 21541, 44332], "label": "wall"}, {"objectId": 7, "id": 7, "partId": 7, "index": 6, "dominantNormal": [0.9001872539520264, 0.4355030059814453, 9.670109290681357e-17], "obb": {"axesLengths": [1.4059021957420246, 2.4092298803650607, 0.5661595620900611], "centroid": [-0.18202444233621862, 2.8410982359027197, -0.2546150969881933], "normalizedAxes": [-0.4355030357837677, 0.9001872539520264, 1.9988172316232652e-16, 0, -2.220446049250313e-16, 1, 0.9001872539520264, 0.4355030357837677, 9.670109952425847e-17]}, "segments": [56160, 47893, 70083, 47948, 48052, 47648, 21241, 48788, 20428, 53973, 28387, 69056, 28305, 69769, 55125, 55184, 47973, 12075, 12248, 16844, 20745, 20804, 20857, 21873, 21880, 21902, 21917, 21928, 21930, 26471, 26492, 26503, 32874, 40693, 43908, 44224, 44252, 44309, 44371, 44387, 44471, 44743, 45206, 46998, 47934, 50499, 54118, 54385, 54418, 54450, 57899, 57909, 57915, 57944, 63222, 63224, 63229, 63307, 63310, 63331, 63462, 63464, 63490, 69669, 69696, 69771, 27349, 31828, 16850, 16823, 44759, 44715, 47046, 50429, 65688, 15144, 15151, 20729, 20836, 21894, 21999, 26608, 26616, 26632, 26670, 26694, 26695, 26717, 30144, 30154, 30164, 30201, 30272, 43326, 43332, 43418, 43475, 43782, 43923, 44428, 44560, 46497, 53803, 54442, 54500, 54738, 59120, 59123, 59352, 59356, 59361, 59369, 59390, 59391, 59393, 59396, 59405, 63313, 63319, 63323, 63326, 63390, 63453, 65020, 65021, 65492, 65761, 69042, 69297, 43447, 12014], "label": "wardrobe"}, {"objectId": 8, "id": 8, "partId": 8, "index": 7, "dominantNormal": [0.5613987445831299, -0.8275454640388489, -1.837520056200079e-16], "obb": {"axesLengths": [2.488511875361448, 2.498290006109549, 0.384667492105094], "centroid": [-1.5776738076429613, 2.587760056276446, -0.24085509682845263], "normalizedAxes": [0.8275454640388489, 0.5613986849784851, 1.2465554921147983e-16, 0, -2.220446049250313e-16, 1, 0.5613986849784851, -0.8275454640388489, -1.837520056200079e-16]}, "segments": [52364, 31857, 46467, 66851, 66838, 31997, 59467, 44917, 67473, 67548, 56538, 46981, 46700, 63971, 50291, 63904, 66817, 48366, 56447, 52228, 15778, 56414, 59282, 38835, 49163, 38709, 38428, 42448, 13848, 37832, 13702, 58798, 14796, 58757, 14638, 3, 9030, 14014, 15321, 17097, 17131, 17224, 17353, 17453, 20163, 24924, 24937, 24984, 25093, 27957, 27975, 29213, 29234, 32891, 33243, 33344, 33425, 34723, 35053, 35166, 35180, 37886, 38258, 40581, 45045, 45521, 45621, 45744, 45810, 46537, 47474, 48185, 49311, 49313, 50238, 50297, 50474, 50511, 52151, 52162, 52255, 52260, 52416, 52591, 53316, 53834, 57623, 57660, 57716, 57732, 58903, 58930, 58933, 58942, 58944, 58951, 58956, 59242, 59247, 59268, 59425, 59428, 59432, 59436, 59882, 60350, 60406, 60408, 61294, 62065, 62067, 63959, 64134, 64227, 64232, 64293, 65402, 65423, 65425, 65428, 65495, 65497, 65498, 65501, 65569, 65737, 65803, 67466, 67493, 67509, 68802, 57668, 66672, 8699, 8625, 14649, 66511, 8532, 52025, 49594, 57756, 66596, 51508, 66234, 48108, 48276, 51563, 51599, 64793, 64543, 16262, 66151, 31621, 66221, 7555, 16103, 16351, 16373, 16439, 17126, 17549, 17576, 17909, 19268, 19496, 31125, 31254, 31486, 40680, 40683, 40727, 40742, 40832, 40857, 40886, 40888, 40903, 41051, 48093, 48114, 48186, 48338, 48469, 48493, 48498, 48506, 48543, 48569, 48588, 48610, 48613, 48661, 48727, 48728, 48754, 48791, 49615, 51472, 51931, 57599, 57709, 57763, 57786, 57833, 57843, 61530, 62035, 62036, 62053, 62056, 62070, 62087, 62147, 62152, 62155, 62177, 62211, 64376, 64403, 64406, 64410, 64420, 64592, 64617, 64618, 64657, 64695, 64784, 64867, 64875, 66274, 66749, 39925, 16458, 65907, 16451, 41436, 51349, 51525, 65941, 19673, 47094, 19525, 64683, 17278, 14005], "label": "curtain"}, {"objectId": 9, "id": 9, "partId": 9, "index": 8, "dominantNormal": [0, -2.220446049250313e-16, 1], "obb": {"axesLengths": [5.984931334359623, 0.4000000268220888, 3.3069501359048696], "centroid": [-0.022135169886179695, 0.35940658232616907, 0.8899998719535773], "normalizedAxes": [-0.427041620016098, 0.9042319655418396, 2.007798295493223e-16, 0, -2.220446049250313e-16, 1, 0.9042319655418396, 0.427041620016098, 9.482228780301983e-17]}, "segments": [12449, 39481, 62485, 13594, 15722, 15719, 39154, 28967, 1238, 69411, 52665, 15336, 47766, 20086, 2488, 10824, 69488, 6831, 69456, 5679, 6764, 22517, 10644, 27235, 5545, 34282, 46007, 16629, 511, 20896, 737, 4251], "label": "ceiling"}, {"objectId": 10, "id": 10, "partId": 10, "index": 9, "dominantNormal": [0, -2.220446049250313e-16, 1], "obb": {"axesLengths": [1.4226346898989908, 0.12477498967703476, 0.7914280346217879], "centroid": [-0.4333091247354734, 1.254754685950052, -0.8676126151774994], "normalizedAxes": [0.8341681957244873, 0.5515100955963135, 1.2245984128884967e-16, 0, -2.220446049250313e-16, 1, 0.5515100955963135, -0.8341681957244873, -1.8522254746066997e-16]}, "segments": [21576, 32923, 20635, 68545, 59543, 20661, 33608, 68732, 21072, 31016, 21085], "label": "blanket"}, {"objectId": 11, "id": 11, "partId": 11, "index": 10, "dominantNormal": [0, -2.220446049250313e-16, 1], "obb": {"axesLengths": [1.4263818642168773, 0.16490798820015806, 0.859291512885342], "centroid": [-0.022098329710867448, 0.6241059750386797, -0.8675460963954169], "normalizedAxes": [0.7732294797897339, 0.6341263055801392, 1.4080432499511168e-16, 0, -2.220446049250313e-16, 1, 0.6341263055801392, -0.7732294797897339, -1.7169143435629894e-16]}, "segments": [31295, 68667, 10248, 11162, 24348, 40306, 56009, 33739], "label": "blanket"}, {"objectId": 12, "id": 12, "partId": 12, "index": 11, "dominantNormal": [0.8170740604400635, 0.5765327215194702, 1.2801598037614386e-16], "obb": {"axesLengths": [0.5795899622033188, 0.3219770121132501, 0.27291771589702035], "centroid": [0.23702858560852036, 1.7233500672322646, -0.7598106139650072], "normalizedAxes": [-0.5765327215194702, 0.8170740604400635, 1.8142688694490505e-16, 0, -2.220446049250313e-16, 1, 0.8170740604400635, 0.5765327215194702, 1.2801598037614386e-16]}, "segments": [27194, 35983, 26006, 60660, 36037], "label": "pillow"}, {"objectId": 13, "id": 13, "partId": 13, "index": 12, "dominantNormal": [0.894373893737793, 0.44732019305229187, 9.932503554128488e-17], "obb": {"axesLengths": [0.5869889684543532, 0.3308449909647182, 0.286183634140293], "centroid": [0.6587496595487137, 1.072511666926638, -0.7521986241601728], "normalizedAxes": [-0.44732022285461426, 0.894373893737793, 1.9859089789027017e-16, 0, -2.220446049250313e-16, 1, 0.894373893737793, 0.44732022285461426, 9.932504215872978e-17]}, "segments": [33667, 61870, 28821, 41126, 40320, 40214, 36080], "label": "pillow"}, {"objectId": 14, "id": 14, "partId": 14, "index": 13, "dominantNormal": [0.8407583236694336, 0.5414106249809265, 1.2021730832610411e-16], "obb": {"axesLengths": [0.7464866860826618, 0.3727639830239715, 0.2725326168969517], "centroid": [0.8167751918077795, 1.157992018784137, -0.7608091109519663], "normalizedAxes": [-0.5414105653762817, 0.8407583236694336, 1.8668584981661098e-16, 0, -2.220446049250313e-16, 1, 0.8407583236694336, 0.5414105653762817, 1.2021729509121431e-16]}, "segments": [29122, 62220, 60748, 33215, 61946, 40210, 29406, 61591], "label": "pillow"}, {"objectId": 15, "id": 15, "partId": 15, "index": 14, "dominantNormal": [0.7809877991676331, 0.6245462894439697, 1.386771340969805e-16], "obb": {"axesLengths": [0.7639176739591319, 0.33177899572747194, 0.29620763473429146], "centroid": [0.38034494259045726, 1.8430316656515047, -0.7441106316728017], "normalizedAxes": [-0.6245462894439697, 0.7809877991676331, 1.7341412731744678e-16, 0, -2.220446049250313e-16, 1, 0.7809877991676331, 0.6245462894439697, 1.386771340969805e-16]}, "segments": [44034, 60674, 25994, 25975, 37238], "label": "pillow"}, {"objectId": 16, "id": 16, "partId": 16, "index": 15, "dominantNormal": [0.8096731901168823, 0.5868810415267944, 1.3031376900380796e-16], "obb": {"axesLengths": [0.7852195388216244, 0.46612601430432443, 0.28054817666891496], "centroid": [0.53742094448604, 1.9532235580487087, -0.6830631088235295], "normalizedAxes": [-0.5868810415267944, 0.8096731901168823, 1.797835636178929e-16, 0, -2.220446049250313e-16, 1, 0.8096731901168823, 0.5868810415267944, 1.3031376900380796e-16]}, "segments": [26414, 59314, 23361, 37168, 60920, 59338], "label": "pillow"}, {"objectId": 17, "id": 17, "partId": 17, "index": 16, "dominantNormal": [0.813285231590271, 0.5818651914596558, 1.2920002655728696e-16], "obb": {"axesLengths": [0.7520599575683752, 0.4999999888241294, 0.30422658399989816], "centroid": [0.9982404244951006, 1.2770193447171583, -0.7000000960834316], "normalizedAxes": [-0.5818652510643005, 0.813285231590271, 1.8058559793982432e-16, 0, -2.220446049250313e-16, 1, 0.813285231590271, 0.5818652510643005, 1.2920003979217677e-16]}, "segments": [40577, 36301, 40609, 62012, 61594, 61533, 61558, 36340, 33151], "label": "pillow"}, {"objectId": 18, "id": 18, "partId": 18, "index": 17, "dominantNormal": [0, -2.220446049250313e-16, 1], "obb": {"axesLengths": [2.9309629194533224, 1.5400000019371505, 2.719553802890558], "centroid": [0.24452809019449107, 1.1706774032966778, -0.9400001226074979], "normalizedAxes": [0.9870702028274536, -0.16028842329978943, -3.5591179625657927e-17, 0, -2.220446049250313e-16, 1, -0.16028842329978943, -0.9870702028274536, -2.1917361322009246e-16]}, "segments": [36202, 36175, 34088, 10270, 53721, 49771, 49857, 31412, 44869, 46602, 23935, 45508, 31028, 20700, 27259, 13483, 45649, 186, 69998, 23703, 174, 69942, 69099, 14909, 70024, 138, 34560, 49766, 28024, 70030, 12408, 12413, 45574, 21690, 31243, 61652, 32172, 35788, 24426, 61907, 30882, 60887, 36784, 13016, 60780, 24504, 35822, 35710, 63099, 27922, 26296, 62981, 62933, 27919, 36456, 40511, 41390, 62954, 29578, 30332, 39624, 36530, 44401, 44405, 44501, 44360, 30131, 63466, 43285, 42273, 35358, 61163, 54985, 28049, 24666, 28934, 24677, 58693, 24526, 25643, 12823, 13347, 41554, 13275, 28084, 13391, 24757, 35933, 29992, 60560, 35848, 25594, 29046, 28926, 13304, 59506, 32219, 61239, 61133, 62603, 43316, 12380], "label": "bed"}, {"objectId": 19, "id": 19, "partId": 19, "index": 18, "dominantNormal": [0, -2.220446049250313e-16, 1], "obb": {"axesLengths": [0.31171939140670274, 0.24000000417232464, 0.29276715049459495], "centroid": [1.3543046272430463, 0.8808308175065398, -0.9900001110590981], "normalizedAxes": [0.9917895197868347, 0.12788085639476776, 2.839525423565087e-17, 0, -2.220446049250313e-16, 1, 0.12788085639476776, -0.9917895197868347, -2.2022151208985424e-16]}, "segments": [42081, 36537, 62586, 62557, 62554], "label": "table"}, {"objectId": 20, "id": 20, "partId": 20, "index": 19, "dominantNormal": [0.38889309763908386, -0.9212828874588013, -2.045658947699816e-16], "obb": {"axesLengths": [0.3549844630957801, 0.6687579601535654, 0.24240344774362735], "centroid": [0.206161837135725, 2.325264726017112, -1.0667610868499944], "normalizedAxes": [0.9212828874588013, 0.38889312744140625, 8.63516208407869e-17, 0, -2.220446049250313e-16, 1, 0.38889312744140625, -0.9212828874588013, -2.045658947699816e-16]}, "segments": [69326, 55007, 55051, 69336, 69340, 54675, 69254, 14991, 15000, 15013, 15041, 54608, 54663, 54668, 54680, 54691, 54726, 54733, 54743, 54766, 54820, 54822, 69126, 69285, 69245, 15117, 15078, 57563], "label": "table"}, {"objectId": 21, "id": 21, "partId": 21, "index": 20, "dominantNormal": [0, -2.220446049250313e-16, 1], "obb": {"axesLengths": [0.5461975130423945, 0.3632270612591415, 0.524098001337222], "centroid": [-2.083191248098794, 2.0087533264397024, -0.9790666226960743], "normalizedAxes": [0.9558518528938293, 0.29384908080101013, 6.52476030540439e-17, 0, -2.220446049250313e-16, 1, 0.29384908080101013, -0.9558518528938293, -2.1224174704266948e-16]}, "segments": [49161, 64990, 48913, 49080, 49082, 64941, 64948, 64997, 19618, 48550, 64422, 48552, 48554, 49195, 57819, 57770, 18490, 19266, 49157], "label": "table"}, {"objectId": 22, "id": 22, "partId": 22, "index": 21, "dominantNormal": [-0.6736930012702942, -0.739011287689209, -1.6409346941008906e-16], "obb": {"axesLengths": [0.3410051654608877, 0.21583200508731581, 0.16736212005642645], "centroid": [-1.8963402004067746, 1.9334159516774483, -0.3305181160907886], "normalizedAxes": [0.739011287689209, -0.673693060874939, -1.495899095427109e-16, 0, -2.220446049250313e-16, 1, -0.673693060874939, -0.739011287689209, -1.6409346941008906e-16]}, "segments": [59005, 30534, 30535, 5502, 5527, 5528, 22078, 30459, 30499, 58988, 58991, 51659, 7862, 51668, 51670, 66548], "label": "lamp"}, {"objectId": 23, "id": 23, "partId": 23, "index": 22, "dominantNormal": [0.9916348457336426, 0.12907512485980988, 2.866043510514557e-17], "obb": {"axesLengths": [0.9016863847153145, 0.8137850579518435, 0.7027615077100876], "centroid": [-0.983332317870578, 2.4347481235925565, -1.028447609474937], "normalizedAxes": [-0.12907512485980988, 0.9916348457336426, 2.2018716755082103e-16, 0, -2.220446049250313e-16, 1, 0.9916348457336426, 0.12907512485980988, 2.866043510514557e-17]}, "segments": [64004, 64064, 52303, 45751, 63803, 46147, 46885, 45857, 63838, 42639, 59296, 63731, 42745, 42832, 46289, 47573, 64284, 53165], "label": "chair"}, {"objectId": 24, "id": 24, "partId": 24, "index": 23, "dominantNormal": [0, -2.220446049250313e-16, 1], "obb": {"axesLengths": [0.6278739234171211, 0.2423629706569841, 0.46705779052698915], "centroid": [-1.0395433342316938, 2.221488088748905, -1.0088186082962478], "normalizedAxes": [-0.527204155921936, 0.8497386574745178, 1.886798844884558e-16, 0, -2.220446049250313e-16, 1, 0.8497386574745178, 0.527204155921936, 1.170628385165209e-16]}, "segments": [63673, 42594, 22187, 47796, 63759, 46155, 46093, 62709, 42663, 47776, 45829, 62750, 42686], "label": "bag"}, {"objectId": 26, "id": 26, "partId": 26, "index": 25, "dominantNormal": [0.5272786021232605, -0.8496924638748169, -1.8866962744886015e-16], "obb": {"axesLengths": [1.1943308864381794, 2.2772598949687195, 0.42449006319242805], "centroid": [1.1144258031958116, -2.4433521228827906, -0.3686301074192664], "normalizedAxes": [0.8496924638748169, 0.5272786021232605, 1.1707936889388215e-16, 0, -2.220446049250313e-16, 1, 0.5272786021232605, -0.8496924638748169, -1.8866962744886015e-16]}, "segments": [55439, 65096, 49567, 65099, 37482, 65234, 44204, 37345, 52764, 20219, 20226, 23887, 56620, 28235, 49884, 46661, 65347, 46659, 50036, 63998, 16705, 21115, 24277, 24815, 28159, 28168, 35868, 40838, 40843, 42929, 49955, 49967, 49987, 49997, 50025, 50091, 50095, 50113, 50175, 50210, 52768, 62782, 65031, 65038, 65039, 65042, 65309, 65315, 65391, 65395, 65397, 56613], "label": "door"}, {"objectId": 33, "id": 33, "partId": 33, "index": 30, "dominantNormal": [0.807116687297821, 0.5903919339179993, 1.3109334371774734e-16], "obb": {"axesLengths": [1.0351833593085136, 0.19940498025555198, 0.12290006796952971], "centroid": [-2.1251652226158795, 1.310006237544179, -0.4397156035673131], "normalizedAxes": [-0.5903919339179993, 0.807116687297821, 1.792159059594447e-16, 0, -2.220446049250313e-16, 1, 0.807116687297821, 0.5903919339179993, 1.3109334371774734e-16]}, "segments": [51181, 36594, 51135, 28218, 51285, 28301, 51260], "label": "shelf"}, {"objectId": 34, "id": 34, "partId": 34, "index": 31, "dominantNormal": [0.9999553561210632, -0.009446370415389538, -2.097515586860674e-18], "obb": {"axesLengths": [0.3795688808260435, 0.3460929912456945, 0.22870660884930427], "centroid": [-1.8244568065062379, 2.6595877796562384, -0.9369536175224136], "normalizedAxes": [0.009446370415389538, 0.9999553561210632, 2.2203469199257047e-16, 0, -2.220446049250313e-16, 1, 0.9999553561210632, -0.009446370415389538, -2.097515586860674e-18]}, "segments": [17704, 17650, 17285, 58516], "label": "windowsill"}, {"objectId": 36, "id": 36, "partId": 36, "index": 32, "dominantNormal": [0, -2.220446049250313e-16, 1], "obb": {"axesLengths": [0.7747515864947122, 0.357271007658444, 0.6333545949924636], "centroid": [-0.28934474735734494, 3.0326359858377145, -0.9163546103763309], "normalizedAxes": [0.8239158391952515, -0.5667122006416321, -1.2583538669766627e-16, 0, -2.220446049250313e-16, 1, -0.5667122006416321, -0.8239158391952515, -1.8294606700558524e-16]}, "segments": [70167, 55796, 55820, 42971, 43241, 50565, 43055, 44988, 16775, 31528, 39059, 43050, 44620, 44637, 44689, 45021, 45023, 45051, 45075, 45126, 45130, 46468, 50670, 55626, 62796, 63603, 65678, 68968], "label": "suitcase"}], "scan_id": "b1d87fae-e72e-2c8c-9cf3-c927fdb7c685", "annId": "6500", "appId": "stk.v1"}