{"segGroups": [{"objectId": 36, "id": 36, "partId": 36, "index": 0, "dominantNormal": [0.2521798312664032, -0.9676803946495056, -2.1486821092364785e-16], "obb": {"axesLengths": [0.500355286409007, 0.34338800586637824, 0.29293494633609324], "centroid": [-2.4084987642068034, 1.426192266773342, -0.15830607730680635], "normalizedAxes": [0.9676803946495056, 0.2521798312664032, 5.599517100360956e-17, 0, -2.220446049250313e-16, 1, 0.2521798312664032, -0.9676803946495056, -2.1486821092364785e-16]}, "segments": [78503, 45361, 44926, 44866, 44912, 44940, 45430], "label": "frame"}, {"objectId": 37, "id": 37, "partId": 37, "index": 1, "dominantNormal": [0, -2.220446049250313e-16, 1], "obb": {"axesLengths": [0.3083078877435069, 0.1565068925207802, 0.21653195358382488], "centroid": [-2.171171133300744, 1.3696068841186397, -0.164796616921129], "normalizedAxes": [-0.47141051292419434, 0.8819139003753662, 1.958242235867416e-16, 0, -2.220446049250313e-16, 1, 0.8819139003753662, 0.47141051292419434, 1.046741610997591e-16]}, "segments": [43861, 43941, 77397, 77783, 77410, 44004], "label": "frame"}, {"objectId": 38, "id": 38, "partId": 38, "index": 2, "dominantNormal": [0, -2.220446049250313e-16, 1], "obb": {"axesLengths": [0.276711527979801, 0.24179119821359507, 0.25757314623793987], "centroid": [-0.8471880524965067, 1.3812144899576397, -0.18910447085139692], "normalizedAxes": [0.9747593998908997, -0.22325794398784637, -4.957322196915612e-17, 0, -2.220446049250313e-16, 1, -0.22325794398784637, -0.9747593998908997, -2.1644006584573542e-16]}, "segments": [81759, 54407, 54388, 54438, 81774, 81777, 81779, 81813, 81818, 82548, 32679, 55722, 54570, 81824, 82581, 81892, 54486], "label": "light"}, {"objectId": 39, "id": 39, "partId": 39, "index": 3, "dominantNormal": [-0.15228603780269623, -0.988336443901062, -2.1945477521902168e-16], "obb": {"axesLengths": [0.8367237757993199, 0.686245038667804, 0.3182542652637422], "centroid": [-0.3589855831659634, 1.4158927866805064, 0.7268774346987712], "normalizedAxes": [0.988336443901062, -0.15228603780269623, -3.3814293099498067e-17, 0, -2.220446049250313e-16, 1, -0.15228603780269623, -0.988336443901062, -2.1945477521902168e-16]}, "segments": [75286, 33363, 55659, 52265, 4815, 30905, 55306, 68892, 55635], "label": "cabinet"}, {"objectId": 40, "id": 40, "partId": 40, "index": 4, "dominantNormal": [-0.12333246320486069, -0.9923654198646545, -2.2034938759511003e-16], "obb": {"axesLengths": [0.6899588266757143, 1.473458942619138, 0.3184556832348848], "centroid": [0.3109066046293245, 1.4977694193821822, 0.31267040269344015], "normalizedAxes": [0.9923654198646545, -0.12333247065544128, -2.7385309721115477e-17, 0, -2.220446049250313e-16, 1, -0.12333247065544128, -0.9923654198646545, -2.2034938759511003e-16]}, "segments": [37842, 37589, 3081, 37396, 38524, 38915, 38898, 41495, 3089, 25336, 25344, 25363, 25388, 25407, 37524, 37526, 37575, 37798, 37801, 37873, 38831, 38834, 38836, 38855, 38859, 38865, 38900, 38910, 39486, 39531, 41258, 41514, 72671, 75140, 75154, 75275, 75281, 75329, 76773], "label": "cabinet"}, {"objectId": 41, "id": 41, "partId": 41, "index": 5, "dominantNormal": [0.07315326482057571, -0.9973207116127014, -2.2144968339359337e-16], "obb": {"axesLengths": [1.8504540177572528, 0.34950994664035867, 0.33595813749376247], "centroid": [-1.7469663265822801, 1.4604719638491743, 0.9247548820533238], "normalizedAxes": [0.9973207116127014, 0.07315326482057571, 1.6243287786060926e-17, 0, -2.220446049250313e-16, 1, 0.07315326482057571, -0.9973207116127014, -2.2144968339359337e-16]}, "segments": [50626, 50714, 71421, 61716, 50836, 74162, 58704, 51062, 51078, 51162, 33376, 32425, 74209, 80532, 32501, 74265, 80190, 23219, 23234, 23250, 23287, 23290, 23303, 23317, 23344, 23365, 23366, 23381, 32279, 32317, 32394, 32517, 32546, 33399, 33440, 50041, 50253, 50291, 50355, 50409, 50410, 50667, 50749, 50820, 51122, 51151, 52261, 52293, 58702, 61876, 61982, 62103, 67354, 71427, 71437, 71455, 71497, 74144, 74230, 74232, 74234, 80076, 80156, 80166, 80169, 80330, 80344, 80448, 80505, 80509, 80526, 50223, 18913, 50201, 49824, 80139, 49944, 18938], "label": "shelf"}, {"objectId": 42, "id": 42, "partId": 42, "index": 6, "dominantNormal": [0.16221539676189423, -0.98675537109375, -2.1910370653216438e-16], "obb": {"axesLengths": [0.41205726046790764, 0.892140040722339, 0.37681425197401197], "centroid": [-3.7064866812107113, 0.6821222137745446, 0.796069932074547], "normalizedAxes": [0.98675537109375, 0.16221539676189423, 3.6019053686752006e-17, 0, -2.220446049250313e-16, 1, 0.16221539676189423, -0.98675537109375, -2.1910370653216438e-16]}, "segments": [9716, 1436, 9182, 10277, 10271, 560, 632, 935, 971, 987, 994, 1003, 1017, 1031, 1094, 1128, 1431, 1589, 6115, 6187, 6696, 6785, 6788, 6820, 7398, 7804, 8435, 8441, 8547, 9380, 9717, 10100, 10110, 10255, 10276, 10284, 10498, 10508, 10556, 10564, 10780, 10790, 11423, 11447, 11527, 17360, 17437, 17732, 17990, 19213, 19711, 21166, 67786, 67793, 67796, 67840, 67873, 67903, 67906, 67910, 67941, 67956, 67974, 67980, 67988, 68098, 68170, 68294, 68330, 68337, 68342, 68425, 68497, 68508, 7384, 540, 607, 3737, 6693, 6982, 7864, 7869, 8654, 8658, 8764, 8858, 9142, 17265, 17268, 17381, 17426, 17436, 18452, 18778, 18930, 19946, 67675, 67685, 67699, 67781, 67784, 67944, 67952, 68045, 68174, 18891, 1617, 17456, 17539, 17579, 17584, 17585, 19892, 19913, 20749, 20766, 20767, 67647, 68428, 68432], "label": "plant"}, {"objectId": 43, "id": 43, "partId": 43, "index": 7, "dominantNormal": [0.9989683032035828, 0.04541317746043205, 1.0083751047591972e-17], "obb": {"axesLengths": [0.945353045065998, 1.3599999839067456, 0.4391778932446383], "centroid": [-3.581143823714082, 0.40720405283192695, -0.19000006787203194], "normalizedAxes": [-0.04541317746043205, 0.9989683032035828, 2.2181552221746842e-16, 0, -2.220446049250313e-16, 1, 0.9989683032035828, 0.04541317746043205, 1.0083751047591972e-17]}, "segments": [73286, 28810, 1323, 68484, 1293, 68850, 5184, 4931, 68877, 72892, 2638, 5032, 6994, 7021, 2397, 7275, 5493, 5683, 844, 871, 885, 1394, 1802, 1833, 1876, 1899, 1905, 1910, 2230, 2241, 2260, 2310, 2331, 2390, 2424, 2431, 2448, 2459, 2521, 2637, 2758, 4743, 4849, 4856, 4897, 5198, 5210, 5224, 5232, 5248, 5256, 5392, 5419, 5444, 5480, 5533, 5589, 5629, 5643, 6110, 6432, 6452, 6480, 6660, 6664, 6678, 7083, 7085, 7111, 7147, 7232, 7242, 7260, 7281, 7293, 7297, 7366, 7534, 7560, 7608, 7612, 7669, 8710, 8711, 8787, 14085, 14158, 14210, 14222, 14240, 24679, 26007, 28873, 29228, 29254, 30637, 30644, 68631, 68868, 68903, 68908, 68936, 68983, 68985, 68987, 68990, 68992, 68998, 69007, 69045, 69047, 69153, 69165, 69177, 69183, 69193, 69196, 69266, 69272, 69283, 69291, 69320, 69324, 69494, 70069, 70070, 70072, 70075, 70079, 70092, 70102, 72886, 72943, 72946, 72953, 73252, 73328, 73329, 73616, 73660, 76266, 3789, 2731, 38416, 38666, 38685, 69072, 1918, 8630, 69389, 1757, 1349, 1233, 73578, 1221, 1331, 1635, 2088, 2089, 2124, 2126, 68257, 68260, 68263, 73605, 73607, 73678, 28705, 68579, 68583, 68591, 68594, 68597, 724, 6057, 6137, 9581, 69143, 73644, 8643, 69492, 69502, 73170, 1948, 2061, 1987, 40676, 1213, 73182, 1583, 2008, 1939, 9473], "label": "bookshelf"}, {"objectId": 44, "id": 44, "partId": 44, "index": 8, "dominantNormal": [0.994131863117218, -0.10817477852106094, -2.401962595956174e-17], "obb": {"axesLengths": [0.6143939256634432, 1.1010359726614656, 0.4240499045417105], "centroid": [-3.548639940068635, -1.043314007152545, -0.3205180618023571], "normalizedAxes": [0.10817479342222214, 0.994131863117218, 2.2074161678924798e-16, 0, -2.220446049250313e-16, 1, 0.994131863117218, -0.10817479342222214, -2.401962926828419e-17]}, "segments": [11888, 24546, 10478, 10871, 70304, 3299, 3304, 3324, 3366, 3367, 3513, 7809, 10858, 11775, 11785, 11794, 11830, 11857, 13053, 13146, 13147, 13151, 13174, 13210, 13244, 13250, 13261, 13383, 13448, 13470, 22366, 22425, 22448, 22578, 22687, 23859, 24517, 24520, 45674, 46470, 46919, 46947, 46994, 69800, 69970, 69973, 69981, 70021, 70024, 71242, 72275, 78098, 78188, 78288, 78366, 78372, 85092, 85135, 85137, 85149, 13397, 69907, 83963, 10691, 78341, 3362, 3403, 10661, 10709, 10726, 10730, 11708, 57609, 57616, 69802, 85152, 10940, 15352], "label": "file cabinet"}, {"objectId": 45, "id": 45, "partId": 45, "index": 9, "dominantNormal": [0, -2.220446049250313e-16, 1], "obb": {"axesLengths": [0.5203242164536886, 0.1999999947845936, 0.45678728608195407], "centroid": [-3.625641161717295, -0.988431724031825, 0.149999922516719], "normalizedAxes": [0.12645453214645386, 0.9919723868370056, 2.2026211673176324e-16, 0, -2.220446049250313e-16, 1, 0.9919723868370056, -0.12645453214645386, -2.807854663143902e-17]}, "segments": [10349, 10917, 10891, 10931, 69592, 10381, 10429, 10897, 15377, 23050, 23102, 23119, 57368, 57374, 57380, 57390, 57431, 57457, 57471, 57501, 57508, 57546, 85036, 85055, 85123, 85132, 23053, 57446, 57511, 85057, 85124], "label": "object"}, {"objectId": 46, "id": 46, "partId": 46, "index": 10, "dominantNormal": [0.9844382405281067, -0.17573104798793793, -3.9020131123543395e-17], "obb": {"axesLengths": [0.6601449296031383, 0.7200000423192962, 0.5187030608544714], "centroid": [-3.6197025672496244, -0.9615588882365503, 0.8299999349591878], "normalizedAxes": [0.17573104798793793, 0.9844382405281067, 2.185892001911564e-16, 0, -2.220446049250313e-16, 1, 0.9844382405281067, -0.17573104798793793, -3.9020131123543395e-17]}, "segments": [86412, 85833, 59328, 59153, 58897, 58954, 59136, 59245, 59318, 59333, 59348, 59363, 59517, 60094, 60500, 60546, 60831, 62661, 62663, 62725, 62733, 62748, 62815, 81144, 85276, 85387, 85414, 85417, 85439, 85442, 85445, 85462, 85820, 86066, 61575, 61579, 59790, 58935, 58981, 59450, 60099, 60766, 60770, 60792, 60824, 61568, 62625, 62892, 66309, 81201, 85495, 85503, 85628, 86062, 86294, 86364, 87275, 87297, 61607, 57644, 59753, 60288, 60322, 61508, 61518, 61526, 62165, 62168, 62760, 62905, 62963, 62965, 62983, 66277, 81086, 85407, 85437, 85630, 85636, 86252, 86255, 86278, 86291, 86315, 87234, 87283, 59034, 85561, 60718, 57636, 57694, 58448, 59045, 59050, 59252, 59649, 59662, 59679, 59719, 59723, 60083, 60163, 60354, 60463, 60668, 60691, 60747, 60788, 60870, 61463, 61469, 62862, 66339, 66341, 66345, 85221, 85663, 85735, 85742, 85745, 85747, 85762, 86001, 86005, 86013, 86020, 86244, 86260, 86268, 86270, 87233, 87236, 87248, 87271], "label": "shelf"}, {"objectId": 47, "id": 47, "partId": 47, "index": 11, "dominantNormal": [0, -2.220446049250313e-16, 1], "obb": {"axesLengths": [0.7456426560814658, 0.2044170155133973, 0.7346385308284512], "centroid": [-3.453149006585177, -1.731765189406067, -0.5122085695192546], "normalizedAxes": [-0.4228268265724182, 0.9062104821205139, 2.0121914848137166e-16, 0, -2.220446049250313e-16, 1, 0.9062104821205139, 0.4228268265724182, 9.388641565797733e-17]}, "segments": [13283, 69995, 3195, 68696, 68703, 3047, 13051, 3044, 3072, 13317], "label": "side table"}, {"objectId": 48, "id": 48, "partId": 48, "index": 12, "dominantNormal": [0.11111361533403397, -0.9938077330589294, -2.2066964545851096e-16], "obb": {"axesLengths": [0.46441008212689094, 1.0844099726287277, 0.39073204413371077], "centroid": [-3.4590353560019165, -2.3032462908614164, -0.31220506178598817], "normalizedAxes": [0.9938077330589294, 0.11111361533403397, 2.4672178818637473e-17, 0, -2.220446049250313e-16, 1, 0.11111361533403397, -0.9938077330589294, -2.2066964545851096e-16]}, "segments": [63351, 61892, 86926, 66252, 66152, 87550, 62206, 86496, 61966, 62263, 62275, 62300, 62370, 62403, 62407, 62442, 62504, 62522, 62542, 62568, 62598, 62602, 62631, 62658, 62672, 62688, 62712, 62724, 62775, 62818, 62982, 63026, 63312, 66233, 66387, 66392, 86490, 86498, 86504, 86515, 86523, 86922, 87193, 87605, 63176], "label": "cabinet"}, {"objectId": 49, "id": 49, "partId": 49, "index": 13, "dominantNormal": [0, -2.220446049250313e-16, 1], "obb": {"axesLengths": [2.135443498254797, 1.0232409904172788, 1.1248282477187437], "centroid": [-0.5442446811790425, -3.4774694415224885, -0.36162056710398516], "normalizedAxes": [0.1095300242304802, 0.9939835071563721, 2.2070867514853367e-16, 0, -2.220446049250313e-16, 1, 0.9939835071563721, -0.1095300242304802, -2.432055095768608e-17]}, "segments": [42776, 35300, 47778, 12593, 25206, 25234, 25240, 25244, 23446, 34053, 88843, 692, 12497, 22846, 22855, 34070, 34088, 35320, 47127, 51456, 65876, 68099, 69894, 71279, 75396, 10060, 12759, 22829, 22867, 48035, 51474, 51486, 52777, 76422, 76434, 22836, 69955, 81097, 50267, 25264, 74730, 73088, 25652, 25441, 43239, 25281, 25545, 25549, 25563, 25657, 25688, 38195, 38208, 43215, 44630, 49286, 49408, 49412, 49625, 50001, 50008, 51031, 52224, 52876, 52936, 54637, 70423, 70426, 75788, 75792, 75843, 75932, 76209, 76283, 76289, 46821, 46865, 49482, 75801, 75845, 75848, 75862, 75871, 75877, 75937, 76170, 76173, 54205, 75668, 48797, 48802], "label": "dining table"}, {"objectId": 50, "id": 50, "partId": 50, "index": 14, "dominantNormal": [0.31483760476112366, -0.9491455554962158, -2.1075264988650662e-16], "obb": {"axesLengths": [0.6275561189740655, 0.9291276798592275, 0.4856736920066109], "centroid": [-0.9996888435460569, -3.1335998281806896, -0.38993221767122677], "normalizedAxes": [0.9491455554962158, 0.31483760476112366, 6.990799156472686e-17, 0, -2.220446049250313e-16, 1, 0.31483760476112366, -0.9491455554962158, -2.1075264988650662e-16]}, "segments": [42011, 51403, 43312, 51330, 76927, 76912, 46554, 41867, 42022, 42068, 42263, 42285, 42294, 42298, 46507, 47906, 48139, 48141, 48253, 48295, 48509, 48518, 48634, 48657, 48663, 48716, 50659, 50857, 50895, 50966, 51301, 51844, 53975, 54699, 54700, 74010, 75650, 76436, 76544, 76545, 76549, 76582, 76609, 76614, 76651, 76658, 76667, 76842, 76851, 76878, 76882, 76971, 76973, 76978, 77863, 49039, 50790, 54505, 54651, 54745, 74138, 53832, 54599], "label": "chair"}, {"objectId": 51, "id": 51, "partId": 51, "index": 15, "dominantNormal": [0.7289388179779053, -0.6845788359642029, -1.5200703717170924e-16], "obb": {"axesLengths": [0.8815713864986939, 1.0605483116086942, 0.531607223676733], "centroid": [-1.037470520065743, -3.967152974852798, -0.49564592922249695], "normalizedAxes": [0.6845788359642029, 0.7289388179779053, 1.6185693185242329e-16, 0, -2.220446049250313e-16, 1, 0.7289388179779053, -0.6845788359642029, -1.5200703717170924e-16]}, "segments": [77290, 77008, 76300, 51274, 49910, 49783, 49353, 53238, 75832, 47845, 51986, 49538, 47263, 77921, 40373, 51137, 52146, 49788, 46771, 49660, 75264, 46703, 76179, 51989], "label": "chair"}, {"objectId": 52, "id": 52, "partId": 52, "index": 16, "dominantNormal": [0.9994165301322937, 0.034154754132032394, 7.583878887558714e-18], "obb": {"axesLengths": [0.280551109230946, 0.32254499966178074, 0.20979552241152655], "centroid": [-0.47840226697887256, -2.6492461539390577, 0.040084428192053156], "normalizedAxes": [-0.034154754132032394, 0.9994165301322937, 2.219150485887708e-16, 0, -2.220446049250313e-16, 1, 0.9994165301322937, 0.034154754132032394, 7.583878887558714e-18]}, "segments": [25099, 12543, 25021, 25040, 25055, 25080, 72464, 72473, 72486, 25036, 72461, 72497], "label": "price tag"}, {"objectId": 53, "id": 53, "partId": 53, "index": 17, "dominantNormal": [0, -2.220446049250313e-16, 1], "obb": {"axesLengths": [0.19893244140906147, 0.1589566992456458, 0.15940980657837733], "centroid": [-0.5365783922702807, -4.360758078912513, -0.017770925136785243], "normalizedAxes": [-0.303087443113327, 0.9529627561569214, 2.1160023869913256e-16, 0, -2.220446049250313e-16, 1, 0.9529627561569214, 0.303087443113327, 6.72989315638366e-17]}, "segments": [50471, 39690, 50485, 75494], "label": "paper towel dispenser"}, {"objectId": 54, "id": 54, "partId": 54, "index": 18, "dominantNormal": [0.9975835084915161, 0.06947783380746841, 1.5427178158826308e-17], "obb": {"axesLengths": [1.104381202767241, 0.27999999493360545, 0.20054043807711613], "centroid": [0.6957967893320383, -0.8991917663058198, 0.22999992452837548], "normalizedAxes": [-0.06947783380746841, 0.9975835084915161, 2.215080360227253e-16, 0, -2.220446049250313e-16, 1, 0.9975835084915161, 0.06947783380746841, 1.5427178158826308e-17]}, "segments": [53099, 21829, 21835, 21869, 24246, 15697, 15684, 15707, 15723, 15729, 18520, 18543, 24207, 70327, 70332, 70335, 70345, 70383, 70385, 70604, 81503, 72001], "label": "shelf"}, {"objectId": 56, "id": 56, "initialPoint": [-1.894617949520199, -4.579743256910122, 1.011954918572802], "index": 19, "dominantNormal": [0.06553766131401062, -0.9978501200675964, -2.215672356848045e-16], "obb": {"axesLengths": [0.7142156336894018, 2.519999924600125, 0.11083157399865211], "centroid": [-2.0183890047031086, -4.54742693593472, 0.4099998829541369], "normalizedAxes": [0.9978501200675964, 0.06553765386343002, 1.455228245981877e-17, 0, -2.220446049250313e-16, 1, 0.06553765386343002, -0.9978501200675964, -2.215672356848045e-16]}, "segments": [21697, 18636, 23226, 23340, 49762, 14088, 49605, 39171, 37213, 315, 321, 14179, 68136, 68138, 68146, 68152], "partId": 56, "label": "window"}, {"objectId": 1, "id": 1, "partId": 1, "index": 24, "dominantNormal": [0, -2.220446049250313e-16, 1], "obb": {"axesLengths": [7.5867912916663425, 0.6199999313056487, 6.786488220289804], "centroid": [-1.2639937883561072, -1.3151170099631473, -0.7400000376971807], "normalizedAxes": [-0.6655886769294739, 0.7463187575340271, 1.6571605366478328e-16, 0, -2.220446049250313e-16, 1, 0.7463187575340271, 0.6655886769294739, 1.4779037481137933e-16]}, "segments": [28686, 3997, 64236, 56557, 31287, 47156, 3432, 4942, 6826, 26651, 27555, 70889, 36132, 34833, 34817, 72150, 70769, 35508, 31771, 35621, 34759, 24772, 2456, 44824, 39050, 65765, 35677, 72391, 72299, 31222, 35005, 84426, 72609, 72091, 28941, 29626, 72327, 72408, 34972, 72342, 7052, 37728, 5509, 26762, 28717, 70684, 28449, 72680, 34919, 35052, 71681, 72052, 72113, 28472, 28390, 29849, 28891, 28921, 31605, 31944, 31734, 36748, 72861, 35565, 71146, 81607, 34821, 71665, 31198, 53285, 52766, 3433, 46201, 84070, 40560, 16619, 84153, 16584, 84644, 49728, 49684], "label": "floor"}, {"objectId": 2, "id": 2, "partId": 2, "index": 25, "dominantNormal": [0.05851350352168083, -0.9982866048812866, -2.2166415478281612e-16], "obb": {"axesLengths": [3.695747623699381, 3.148996998019582, 0.31606870151193894], "centroid": [-1.2658622431886455, -4.558556786782816, 0.6880014236000593], "normalizedAxes": [0.9982866048812866, 0.05851349979639053, 1.2992606945070436e-17, 0, -2.220446049250313e-16, 1, 0.05851349979639053, -0.9982866048812866, -2.2166415478281612e-16]}, "segments": [47610, 50967, 12840, 50919, 65670, 1588, 20380, 17635, 14437, 14515, 14039, 16283, 88001, 25676, 29078, 52068, 20745, 61806, 50794, 53849, 22204, 9969, 19856, 13079, 37307, 15926, 2873, 87795, 38479, 11350, 15113, 68683, 68728, 14412, 68720, 14600, 47537, 48384, 17837, 70503, 17789, 17832, 17842, 70521, 24422, 51576, 51778, 17864], "label": "wall"}, {"objectId": 4, "id": 4, "partId": 4, "index": 26, "dominantNormal": [0.08081894367933273, -0.996728777885437, -2.2131824770298114e-16], "obb": {"axesLengths": [1.383710676853201, 2.56000000476837, 0.28758278890763905], "centroid": [-2.1284614287227033, -4.500050684000232, 0.40999994255878036], "normalizedAxes": [0.996728777885437, 0.08081893622875214, 1.7945408765374568e-17, 0, -2.220446049250313e-16, 1, 0.08081893622875214, -0.996728777885437, -2.2131824770298114e-16]}, "segments": [80896, 9037, 55747, 40034, 48209, 80817, 8696, 9297, 9268, 19073, 19385, 20026, 20212, 20258, 21767, 21988, 22227, 29571, 41152, 53163, 53336, 55625, 67389, 67394, 67399, 67497, 76335, 76338, 77788, 77791, 80733, 81011, 16896, 17376, 19981, 20294, 32258, 70970, 78996, 13203, 23049, 23009, 88228, 15621, 3693, 3721, 4084, 11317, 11387, 15991, 16015, 16059, 16074, 16091, 18627, 20391, 21126, 23419, 40452, 40471, 40472, 45411, 57110, 57572, 58140, 58173, 58183, 58271, 68811, 68825, 68830, 69604, 75118, 75794, 78673, 78678, 78681, 79082, 80867, 87614, 88393, 16138, 38663, 50584, 22016], "label": "curtain"}, {"objectId": 5, "id": 5, "partId": 5, "index": 27, "dominantNormal": [0.9933215379714966, 0.11537926644086838, 2.5619343633402542e-17], "obb": {"axesLengths": [6.955111620920024, 3.0545559438789778, 0.6158687600812655], "centroid": [-3.5184376092227625, -1.2254546925822987, 0.6609118880155238], "normalizedAxes": [-0.11537925899028778, 0.9933215379714966, 2.2056168846240544e-16, 0, -2.220446049250313e-16, 1, 0.9933215379714966, 0.11537925899028778, 2.5619341979041317e-17]}, "segments": [60300, 36937, 30397, 34520, 11891, 55020, 66459, 63979, 66985, 65531, 66810, 87500, 87449, 61772, 60958, 26768, 60955, 58845, 58009, 21362, 21344, 19847, 14713, 40666, 9600, 76259, 38692, 3807, 60274, 41092, 57533, 11741, 69632, 10741, 57579, 68209, 68248, 70248, 11828, 85172, 61249, 86768, 56765, 58245, 58317, 3239, 57935, 57948, 58432, 57487, 46944, 57261, 85887, 3427, 10743, 46427, 57713, 57720, 57780, 58455, 60190, 60309, 60616, 85224, 85230, 85649, 85840, 85993, 57929, 37369, 40724, 38538, 38565, 38585, 40438, 4127, 3740, 3783, 3826, 3853, 3899, 3900, 3906, 4139, 4147, 4226, 37347, 38276, 38314, 38337, 38361, 38376, 38379, 38401, 38467, 38541, 38567, 38656, 38713, 38718, 38719, 40391, 40681, 40683, 40715, 57814, 68802, 75245, 75252, 75255, 75268, 75273, 75885, 75888, 75890, 75891, 75894, 76176, 76181, 76185, 76466], "label": "wall"}, {"objectId": 6, "id": 6, "partId": 6, "index": 28, "dominantNormal": [0.9969709515571594, 0.0777747705578804, 1.726946820165951e-17], "obb": {"axesLengths": [1.9459820167226787, 1.1321009442485652, 0.46777515830562344], "centroid": [-2.9617129553916275, -3.644045079080994, -0.30663155823748944], "normalizedAxes": [-0.0777747705578804, 0.9969709515571594, 2.21372021060242e-16, 0, -2.220446049250313e-16, 1, 0.9969709515571594, 0.0777747705578804, 1.726946820165951e-17]}, "segments": [29749, 58857, 9847, 57064, 29666, 9968, 3174, 41838, 64204, 64181, 63655, 66002, 88585, 60589, 14388, 66784, 9833, 10611, 11312, 14361, 38788, 38794, 56959, 58146, 58199, 59542, 59709, 61018, 63641, 64373, 66642, 86105, 86178, 86203, 86209, 87300, 87337, 88833, 88879, 87134, 63470, 66852, 63787, 66124, 87308, 11349], "label": "cabinet"}, {"objectId": 9, "id": 9, "partId": 9, "index": 31, "dominantNormal": [0.9987660050392151, 0.04966359585523605, 1.1027533520832312e-17], "obb": {"axesLengths": [0.48264922740566624, 0.5799999628961092, 0.1426222918844234], "centroid": [-3.156551690080159, -3.087485147850893, 0.3599999056784069], "normalizedAxes": [-0.04966359958052635, 0.9987660050392151, 2.2177060300148434e-16, 0, -2.220446049250313e-16, 1, 0.9987660050392151, 0.04966359958052635, 1.1027534348012924e-17]}, "segments": [67170, 67197], "label": "object"}, {"objectId": 10, "id": 10, "partId": 10, "index": 32, "dominantNormal": [0, -2.220446049250313e-16, 1], "obb": {"axesLengths": [0.3834257866031174, 0.21741198262396483, 0.2581357899770532], "centroid": [-3.0411651800934485, -2.884024494488859, 0.17870591554233473], "normalizedAxes": [0.9576468467712402, -0.287945419549942, -6.393672692393926e-17, 0, -2.220446049250313e-16, 1, -0.287945419549942, -0.9576468467712402, -2.1264031574902203e-16]}, "segments": [66538, 88815, 66540, 87184, 88576, 87133, 87188, 88544, 66043], "label": "object"}, {"objectId": 16, "id": 16, "partId": 16, "index": 33, "dominantNormal": [0.046255022287368774, -0.9989296793937683, -2.2180694600887747e-16], "obb": {"axesLengths": [4.5034206310057385, 2.731821893189357, 0.24244446742932552], "centroid": [-1.6005155429601219, 1.5724443835758977, 0.4930688777652621], "normalizedAxes": [0.9989296793937683, 0.046255018562078476, 1.0270677322416705e-17, 0, -2.220446049250313e-16, 1, 0.046255018562078476, -0.9989296793937683, -2.2180694600887747e-16]}, "segments": [16728, 51705, 64091, 51022, 52362, 52476, 29334, 58, 5832, 5973, 480, 44623, 20681, 52125, 3120, 53991, 24819, 82371, 38244, 61156, 64527], "label": "wall"}, {"objectId": 17, "id": 17, "partId": 17, "index": 34, "dominantNormal": [0.9990925192832947, 0.04259272664785385, 9.457485161202562e-18], "obb": {"axesLengths": [3.1813738916177283, 2.494644943744429, 0.3758451495268325], "centroid": [0.7579770513944926, 0.13052923252907855, 0.38267741242302633], "normalizedAxes": [-0.04259272664785385, 0.9990925192832947, 2.218431037278134e-16, 0, -2.220446049250313e-16, 1, 0.9990925192832947, 0.04259272664785385, 9.457485161202562e-18]}, "segments": [53891, 81236, 42284, 17024, 16065, 16340, 36481, 13535, 2901, 20790, 18051, 56313, 24161, 24306, 19208, 31135, 28275, 18268, 33806, 28362, 83267, 83213, 18352, 18273, 15701, 36213], "label": "wall"}, {"objectId": 18, "id": 18, "partId": 18, "index": 35, "dominantNormal": [0, -2.220446049250313e-16, 1], "obb": {"axesLengths": [3.016587639262207, 0.8038157715540577, 1.9062658212594275], "centroid": [-0.6736947325986218, -0.6888167837131393, -0.47091415589219066], "normalizedAxes": [0.9890841245651245, -0.14735209941864014, -3.2718738700285885e-17, 0, -2.220446049250313e-16, 1, -0.14735209941864014, -0.9890841245651245, -2.1962079367668353e-16]}, "segments": [52970, 55449, 81062, 82799, 15914, 43109, 64922, 52758, 87416, 74825, 75219, 17291, 18238, 37990, 27247, 52406, 19330, 25213, 83039, 4673, 16280, 19233, 19258, 19291, 19292, 19296, 19322, 19342, 21342, 21940, 21946, 23152, 23807, 24932, 24963, 32039, 32046, 32056, 32063, 32064, 32068, 32080, 32085, 32087, 32097, 32136, 32141, 32158, 32178, 32217, 33767, 34890, 34991, 35008, 35062, 39788, 42075, 42094, 42115, 42500, 42509, 42987, 43129, 55521, 55901, 55928, 56071, 56086, 70838, 71644, 73962, 73964, 73976, 73980, 73982, 74106, 74120, 74591, 74605, 74770, 74904, 75385, 81070, 82453, 83298, 87612, 88520, 88533, 39076, 24622, 52800], "label": "couch"}, {"objectId": 19, "id": 19, "partId": 19, "index": 36, "dominantNormal": [0.9988783597946167, -0.047349393367767334, -1.0513677343785795e-17], "obb": {"axesLengths": [0.5239730419291743, 0.27567898797216267, 0.17035635523469894], "centroid": [0.6733882669901712, -0.7097760613565801, -0.16783956714802595], "normalizedAxes": [0.04734939709305763, 0.9988783597946167, 2.2179555076875894e-16, 0, -2.220446049250313e-16, 1, 0.9988783597946167, -0.04734939709305763, -1.0513678170966408e-17]}, "segments": [25183, 21294, 19376, 20427, 70854], "label": "cushion"}, {"objectId": 20, "id": 20, "partId": 20, "index": 37, "dominantNormal": [0.34950804710388184, -0.9369333386421204, -2.0804099301988019e-16], "obb": {"axesLengths": [0.48567530971081757, 0.334931991958648, 0.23430833304523885], "centroid": [-0.2034236349535513, -0.985440720052706, -0.2974660628082748], "normalizedAxes": [0.9369333386421204, 0.34950804710388184, 7.760637623730068e-17, 0, -2.220446049250313e-16, 1, 0.34950804710388184, -0.9369333386421204, -2.0804099301988019e-16]}, "segments": [16269, 52603, 80800, 16224, 70406, 80997, 81014], "label": "cushion"}, {"objectId": 21, "id": 21, "partId": 21, "index": 38, "dominantNormal": [0.16634346544742584, -0.9860678911209106, -2.189510553132014e-16], "obb": {"axesLengths": [0.5555248864358913, 0.22269097962921133, 0.2044137352469351], "centroid": [0.2104480744080044, -0.8426564005689275, -0.34134556334907895], "normalizedAxes": [0.9860678911209106, 0.16634346544742584, 3.693566906713427e-17, 0, -2.220446049250313e-16, 1, 0.16634346544742584, -0.9860678911209106, -2.189510553132014e-16]}, "segments": [17611, 73133, 17637], "label": "cushion"}, {"objectId": 22, "id": 22, "partId": 22, "index": 39, "dominantNormal": [0, -2.220446049250313e-16, 1], "obb": {"axesLengths": [0.585992673323824, 0.19602028587415166, 0.2144705729703879], "centroid": [0.15747808023332555, -1.0177994958721401, -0.18415491616104096], "normalizedAxes": [0.995563268661499, 0.0940946713089943, 2.0893214116356316e-17, 0, -2.220446049250313e-16, 1, 0.0940946713089943, -0.995563268661499, -2.2105945266781535e-16]}, "segments": [17106, 17138, 16240, 16279, 17181, 74755], "label": "cushion"}, {"objectId": 23, "id": 23, "partId": 23, "index": 40, "dominantNormal": [0.019514568150043488, -0.9998095631599426, -2.220023194521176e-16], "obb": {"axesLengths": [0.602972869843013, 0.36512399393787975, 0.2325127646317247], "centroid": [-0.6505847530104564, -1.151390383778181, -0.2925620684172505], "normalizedAxes": [0.9998095631599426, 0.019514568150043488, 4.333104575159005e-18, 0, -2.220446049250313e-16, 1, 0.019514568150043488, -0.9998095631599426, -2.220023194521176e-16]}, "segments": [41038, 52622, 52594, 55484, 55486, 55957, 80779, 81017, 81020], "label": "cushion"}, {"objectId": 24, "id": 24, "partId": 24, "index": 41, "dominantNormal": [-0.24826709926128387, -0.9686915874481201, -2.1509274082911925e-16], "obb": {"axesLengths": [0.48823494459086564, 0.38123697680450264, 0.24736740930903678], "centroid": [-1.1400516267037861, -1.0560703389872597, -0.2991285629737708], "normalizedAxes": [0.9686915874481201, -0.24826709926128387, -5.512636997135531e-17, 0, -2.220446049250313e-16, 1, -0.24826709926128387, -0.9686915874481201, -2.1509274082911925e-16]}, "segments": [55917, 55963, 55834, 55606, 55894, 82877, 82879, 82882, 82760, 55565, 55798, 55790, 55805, 82887], "label": "cushion"}, {"objectId": 25, "id": 25, "partId": 25, "index": 42, "dominantNormal": [0, -2.220446049250313e-16, 1], "obb": {"axesLengths": [0.5743497727104314, 0.2599999995529649, 0.3244594237793464], "centroid": [-1.2508741379939936, -0.8459586044176314, -0.34000006302915464], "normalizedAxes": [0.9102802276611328, -0.41399261355400085, -9.192482631847928e-17, 0, -2.220446049250313e-16, 1, -0.41399261355400085, -0.9102802276611328, -2.021228135220838e-16]}, "segments": [54685, 54717, 55408, 32629], "label": "cushion"}, {"objectId": 26, "id": 26, "partId": 26, "index": 43, "dominantNormal": [-0.46344706416130066, -0.8861246109008789, -1.9675918914183275e-16], "obb": {"axesLengths": [0.44431364196686624, 0.32244198793675033, 0.2535577612554501], "centroid": [-1.519073615842685, -0.8281442844454008, -0.291221060797326], "normalizedAxes": [0.8861246109008789, -0.46344709396362305, -1.0290592688280654e-16, 0, -2.220446049250313e-16, 1, -0.46344709396362305, -0.8861246109008789, -1.9675918914183275e-16]}, "segments": [30405, 77154, 43542, 74564, 30371, 77163], "label": "cushion"}, {"objectId": 27, "id": 27, "partId": 27, "index": 44, "dominantNormal": [0, -2.220446049250313e-16, 1], "obb": {"axesLengths": [0.5501097055370924, 0.4112351817361597, 0.4170477367629928], "centroid": [-1.5446133129080892, -0.9916814573286661, -0.2487634625534696], "normalizedAxes": [0.9650297164916992, -0.2621406018733978, -5.820690637778854e-17, 0, -2.220446049250313e-16, 1, -0.2621406018733978, -0.9650297164916992, -2.1427964213931432e-16]}, "segments": [43546, 74587, 33039, 33054, 33056, 33066, 33091, 33152, 33191, 33705, 33734, 33769, 35902, 35987, 74332, 74342, 74346, 74350, 74372, 74388, 74406, 74535, 74538, 74544, 74867, 74869, 74889, 77186, 35761, 74884], "label": "cushion"}, {"objectId": 28, "id": 28, "partId": 28, "index": 45, "dominantNormal": [0.9993212223052979, 0.0368381142616272, 8.179704527406172e-18], "obb": {"axesLengths": [0.4427946354972605, 2.508782986355207, 0.2276233458577415], "centroid": [0.6369378577511533, 0.008117088845616127, 0.37933844970430775], "normalizedAxes": [-0.0368381142616272, 0.9993212223052979, 2.2189388599997925e-16, 0, -2.220446049250313e-16, 1, 0.9993212223052979, 0.0368381142616272, 8.179704527406172e-18]}, "segments": [71542, 13893, 30243, 83563, 30233, 71789, 12342, 12347, 13594, 13832, 20444, 20576, 20911, 20925, 20933, 20937, 20942, 20974, 21018, 21031, 21247, 21648, 21664, 21672, 21681, 21710, 21717, 21785, 24022, 24032, 24048, 24104, 30240, 56134, 70033, 70042, 70265, 71043, 71057, 71059, 71111, 71116, 71118, 71156, 71611, 71634, 71682, 71797, 71972, 71975, 71978, 83529, 23784, 71872, 22348, 21222, 49383, 73486, 73492, 12210, 12217, 12253, 13644, 13655, 13656, 13665, 20498, 20516, 20555, 21049, 24107, 56429, 71023, 71806, 74932, 83137, 16583, 26385, 24061], "label": "curtain"}, {"objectId": 29, "id": 29, "partId": 29, "index": 46, "dominantNormal": [0.9994363784790039, 0.03356969356536865, 7.453969345176648e-18], "obb": {"axesLengths": [0.40013548878150723, 2.310180910449156, 0.24463533990389252], "centroid": [0.5704498252051362, 0.9476613177691235, 0.27490938585729663], "normalizedAxes": [-0.03356969356536865, 0.9994363784790039, 2.2191945580707449e-16, 0, -2.220446049250313e-16, 1, 0.9994363784790039, 0.03356969356536865, 7.453969345176648e-18]}, "segments": [53185, 75434, 41710, 51612, 34120, 80678, 35344, 39191, 80617, 73203], "label": "curtain"}, {"objectId": 31, "id": 31, "partId": 31, "index": 47, "dominantNormal": [0.9995553493499756, 0.02981863170862198, 6.6210662971459786e-18], "obb": {"axesLengths": [0.601941491911099, 2.493442896900111, 0.12724973281302668], "centroid": [0.6484366023622881, 0.4894564565607198, 0.3889483871573558], "normalizedAxes": [-0.02981863170862198, 0.9995553493499756, 2.2194587264711698e-16, 0, -2.220446049250313e-16, 1, 0.9995553493499756, 0.02981863170862198, 6.6210662971459786e-18]}, "segments": [10179, 10187, 54939, 54957, 51597, 50550, 49662, 24466, 14565, 54953, 10009, 10198, 25582, 79894], "label": "window"}, {"objectId": 32, "id": 32, "partId": 32, "index": 48, "dominantNormal": [0, -2.220446049250313e-16, 1], "obb": {"axesLengths": [0.9999176167650505, 0.5590200001220403, 1.0013321885138655], "centroid": [-0.06133404420018718, 0.4775165049390966, -0.5741340687664442], "normalizedAxes": [0.33905237913131714, 0.9407675266265869, 2.0889235377609936e-16, 0, -2.220446049250313e-16, 1, 0.9407675266265869, -0.33905237913131714, -7.528475157310524e-17]}, "segments": [73831, 29380, 36998, 29530, 19950, 37067, 30140, 19531, 19881, 19917, 20010, 20027, 21390, 21396, 21419, 26544, 26573, 26617, 26621, 29388, 29448, 29497, 29536, 29554, 30100, 30148, 30149, 30155, 30184, 31624, 31711, 31738, 33531, 37041, 37069, 37089, 37092, 37171, 70878, 73081, 73082, 73129, 73378, 73393, 73408, 73451, 73934, 73945, 73948, 73954, 73956, 74970, 75005, 75070, 74483, 33519, 33559, 71337, 24863, 28088, 28119, 22213, 24892, 31281, 31283, 18780, 26458, 26522, 28107, 31253, 31256, 31314, 31351, 73125, 73205, 18766], "label": "coffee table"}, {"objectId": 33, "id": 33, "partId": 33, "index": 49, "dominantNormal": [0.05673536658287048, -0.9983892440795898, -2.2168694526305318e-16], "obb": {"axesLengths": [2.4445497243426386, 0.7659310080275455, 0.528189339361685], "centroid": [-1.4791695392202957, 1.38609035876482, -0.4929655754620835], "normalizedAxes": [0.9983892440795898, 0.05673536658287048, 1.25977820581703e-17, 0, -2.220446049250313e-16, 1, 0.05673536658287048, -0.9983892440795898, -2.2168694526305318e-16]}, "segments": [44416, 42565, 42542, 78582, 27807, 25874, 26163, 27628, 74706, 74716, 41786, 77667, 33941, 25798, 25832, 25837, 25875, 25898, 25910, 26049, 26076, 26088, 26092, 26217, 26337, 26349, 27752, 27850, 29142, 29275, 30757, 30945, 30981, 30982, 30995, 31011, 31099, 31123, 32844, 32849, 32889, 32930, 32951, 33263, 33286, 33296, 36127, 36183, 36222, 44203, 44510, 44525, 46254, 47382, 54664, 72826, 72972, 72977, 72982, 72986, 72988, 73036, 73038, 73194, 73299, 74298, 74418, 74664, 74712, 74912, 76450, 77699, 77701, 77714, 78078, 78082, 81828, 81899, 81903, 81906, 81920, 81937, 81942, 82615, 43871, 25760, 31004, 32860, 33272, 34222, 36493, 54564, 74323, 78073, 45181, 45242, 7438, 33959, 46276, 54399, 74302, 81438, 55157, 36498, 29287, 27114, 29214, 36511, 42456, 53501, 53642], "label": "tv stand"}, {"objectId": 34, "id": 34, "partId": 34, "index": 50, "dominantNormal": [-0.019719768315553665, -0.9998055696487427, -2.2200143271450094e-16], "obb": {"axesLengths": [0.999351251183028, 0.5199999991059301, 0.24300986944925876], "centroid": [-1.6119384442826594, 1.4832522217482418, 0.009999930637851762], "normalizedAxes": [0.9998055696487427, -0.019719768315553665, -4.378668164840264e-18, 0, -2.220446049250313e-16, 1, -0.019719768315553665, -0.9998055696487427, -2.2200143271450094e-16]}, "segments": [43745, 43419, 33811, 33886, 43363, 30445, 30545, 42889, 30455, 30461, 30479, 30493, 30510, 30522, 30534, 30548, 30571, 32655, 32698, 32712, 32721, 32740, 32749, 32752, 32809, 33805, 33816, 33898, 42672, 42854, 42893, 42898, 42911, 43715, 43753, 43778, 43902, 44014, 44079, 73530, 73533, 73535, 74281, 74282, 74283, 77061, 77062, 77069, 77307, 77408, 77561, 77624, 77637], "label": "tv"}, {"objectId": 35, "id": 35, "partId": 35, "index": 51, "dominantNormal": [0.014861146919429302, -0.9998895525932312, -2.2202008067423034e-16], "obb": {"axesLengths": [0.8101086528940127, 1.9522329132504845, 0.5002719022626241], "centroid": [-3.2125666430433926, 1.3395583421098771, 0.1135634009516211], "normalizedAxes": [0.9998895525932312, 0.014861146919429302, 3.2998374964575255e-18, 0, -2.220446049250313e-16, 1, 0.014861146919429302, -0.9998895525932312, -2.2202008067423034e-16]}, "segments": [23738, 79852, 9, 15421, 15562, 16636, 20722, 22304, 22599, 22800, 22866, 22913, 22950, 23943, 23950, 23959, 23968, 24146, 24148, 24152, 48241, 48414, 48453, 49130, 49495, 49514, 49542, 49568, 49590, 67524, 67530, 67533, 67548, 70313, 70434, 70437, 70441, 79807, 79811, 79820, 79823, 79824, 79827, 79887, 15547, 49570, 49587, 15907, 175, 403, 37266, 39295, 39803, 39824, 46531, 46576, 68101, 68155, 68159, 68163, 68167, 70719, 75389, 75392, 50101, 49588, 39890, 47075, 47975, 48164, 46134, 3254, 3257, 3272, 3277, 3514, 3552, 3583, 3595, 3628, 3630, 3649, 3685, 5816, 5977, 8114, 8350, 8365, 8373, 8375, 8382, 8974, 9007, 9060, 15480, 15572, 20705, 39335, 39904, 39935, 45720, 45751, 45772, 45827, 45829, 45840, 45848, 45853, 45855, 45888, 45893, 45904, 45910, 45913, 45921, 45936, 45996, 46024, 46049, 46548, 46624, 46634, 46650, 47116, 47142, 47268, 47301, 47787, 47813, 47817, 47818, 47933, 47944, 48005, 48069, 48514, 48515, 48525, 48530, 48600, 48739, 48752, 48777, 48826, 48829, 48847, 48858, 48953, 48993, 49018, 49515, 49814, 49954, 69098, 69393, 69395, 69399, 69401, 69403, 69406, 69412, 69472, 69476, 69483, 69488, 69516, 71037, 75407, 75415, 75417, 75597, 75665, 75680, 77985, 77991, 77993, 78001, 78010, 78020, 78484, 78491, 78729, 78834, 78845, 78855, 78862, 78866, 78869, 78876, 78911, 78968, 79091, 79093, 79102, 79104, 79108, 79164, 79170, 79237, 79376, 79447, 79607, 79611, 79612, 79635, 79638, 79651, 79658, 79663, 79668, 79671, 79677, 80002, 5745, 5765, 5787, 39985, 45277, 48639, 69094, 78016, 78047, 3541, 3594, 3700, 5894, 48119, 39867, 5926, 5942, 5944, 5963, 48867, 69095, 69114, 69118, 69120, 69123, 75533, 16407, 34, 233, 5772, 5775, 5779, 5819, 5828, 5842, 5883, 5887, 5909, 8933, 37250, 39954, 48540, 69089, 69106, 75566, 75615, 79157, 79445, 37247, 224, 225, 431, 5759, 5954, 6030, 37253, 47688, 46081, 15503, 46048], "label": "cabinet"}], "scan_id": "c7895f2f-339c-2d13-8388-28e95af958de", "annId": "6041", "appId": "stk.v1"}