{"segGroups": [{"objectId": 30, "id": 30, "partId": 30, "index": 0, "dominantNormal": [0.9919676780700684, 0.12649157643318176, 2.8086772115450245e-17], "obb": {"axesLengths": [0.6589891412627066, 1.6164599891798195, 0.22262865228540363], "centroid": [-0.9031282173717141, 1.1087149247650965, 0.42176991122916485], "normalizedAxes": [-0.12649156153202057, 0.9919676780700684, 2.2026107117546897e-16, 0, -2.220446049250313e-16, 1, 0.9919676780700684, 0.12649156153202057, 2.8086768806727795e-17]}, "segments": [86789, 48070, 42909, 86813, 58798, 42906, 67658, 60693, 93255, 93243, 90006, 56633, 66439, 47962, 48109, 66945, 80998], "label": "curtain"}, {"objectId": 31, "id": 31, "partId": 31, "index": 1, "dominantNormal": [0, -2.220446049250313e-16, 1], "obb": {"axesLengths": [0.13152479396607833, 0.05486801144030662, 0.10630263499537018], "centroid": [0.5852881455152579, 0.03383354473799896, -0.31743407665526746], "normalizedAxes": [0.7394755482673645, 0.6731833815574646, 1.4947673800002383e-16, 0, -2.220446049250313e-16, 1, 0.6731833815574646, -0.7394755482673645, -1.6419655596674787e-16]}, "segments": [86886], "label": "objects"}, {"objectId": 32, "id": 32, "partId": 32, "index": 2, "dominantNormal": [0.9634907841682434, 0.26774144172668457, 5.945054265025997e-17], "obb": {"axesLengths": [0.8262671387616378, 1.3496171530421708, 0.3414444821425019], "centroid": [0.8903031464926188, -0.20124173209764978, 0.7348512879363893], "normalizedAxes": [-0.26774144172668457, 0.9634907841682434, 2.1393793051954622e-16, 0, -2.220446049250313e-16, 1, 0.9634907841682434, 0.26774144172668457, 5.945054265025997e-17]}, "segments": [35365, 35172, 35206, 35275, 77693, 77781, 32107, 32101, 35071, 35073, 35120, 35248, 35252, 35292, 35322, 35326, 77746, 77749, 77409, 32965, 33319, 77323, 33234, 33224, 33241, 33264, 33267, 33269, 33287, 33296, 33321, 33330, 33337, 33375, 33472, 77259, 77270, 77271, 77341, 77347, 77359, 77393, 33212, 32833, 32920, 77805, 77131, 32723, 32800, 32037, 32043, 32096, 32163, 32718, 32740, 32818, 32838, 32863, 32956, 33001, 35157, 35163, 35220, 35266, 35284, 35368, 77103, 77117, 77146, 77696, 77772, 77775, 77815], "label": "shelf"}, {"objectId": 35, "id": 35, "partId": 35, "index": 3, "dominantNormal": [-0.050769396126270294, -0.9987103939056396, -2.2175825484930015e-16], "obb": {"axesLengths": [0.33007648762743685, 1.0199999730288982, 0.16514056775029404], "centroid": [-0.7280287829297896, -0.15256611629749214, -0.7400000713076429], "normalizedAxes": [0.9987103939056396, -0.05076939985156059, -1.1273071332320715e-17, 0, -2.220446049250313e-16, 1, -0.05076939985156059, -0.9987103939056396, -2.2175825484930015e-16]}, "segments": [54870, 91049], "label": "wall"}, {"objectId": 36, "id": 36, "partId": 36, "index": 4, "dominantNormal": [-0.4471089839935303, -0.894479513168335, -1.9861435011499728e-16], "obb": {"axesLengths": [0.402207856105259, 1.3313009441353163, 0.2860872683960148], "centroid": [-0.718169508968769, -0.04913782344495596, 0.2156504082851014], "normalizedAxes": [0.894479513168335, -0.4471089839935303, -9.927813770927558e-17, 0, -2.220446049250313e-16, 1, -0.4471089839935303, -0.894479513168335, -1.9861435011499728e-16]}, "segments": [51074, 53675, 50189, 51086, 51387, 82155, 50952, 50913, 82082, 82147, 51290, 53648, 50392, 42944, 43025, 43029, 43519, 43612, 43617, 43656, 43662, 43663, 43685, 44947, 44961, 49759, 49785, 51535, 79808, 79998, 80010, 80316, 81771, 82131, 84288, 44897, 43630, 42259], "label": "shelf"}, {"objectId": 37, "id": 37, "partId": 37, "index": 5, "dominantNormal": [-0.10050341486930847, -0.9949367046356201, -2.2092032750622883e-16], "obb": {"axesLengths": [0.6599395519286848, 0.44527195888894866, 0.2296163511897618], "centroid": [-0.575790399935793, -0.03200235287325914, 1.0673638678130377], "normalizedAxes": [0.9949367046356201, -0.10050341486930847, -2.2316241048272117e-17, 0, -2.220446049250313e-16, 1, -0.10050341486930847, -0.9949367046356201, -2.2092032750622883e-16]}, "segments": [49710, 80367, 86095, 81733, 44845, 44848, 45252, 54540, 54577, 61126, 61192, 84179, 86120, 86171, 33180, 45229, 54571, 84184], "label": "box"}, {"objectId": 39, "id": 39, "partId": 39, "index": 7, "dominantNormal": [0.22511480748653412, -0.9743322730064392, -2.1634522462542254e-16], "obb": {"axesLengths": [0.7368748406146061, 2.212076912550398, 0.357291509315355], "centroid": [-0.5647479578010302, -0.2876406747813983, 0.2750914071796513], "normalizedAxes": [0.9743322730064392, 0.22511479258537292, 4.99855251823995e-17, 0, -2.220446049250313e-16, 1, 0.22511479258537292, -0.9743322730064392, -2.1634522462542254e-16]}, "segments": [44365, 42196, 84228, 84292, 84306, 44340, 44958, 45440, 30393], "label": "wall"}, {"objectId": 42, "id": 42, "partId": 42, "index": 10, "dominantNormal": [0.9780043959617615, 0.20858435332775116, 4.6315030328203646e-17], "obb": {"axesLengths": [1.0404389018915055, 1.2800000135600558, 0.22999597976870964], "centroid": [5.84542116506146, -1.3509812934473637, -0.690000092169268], "normalizedAxes": [-0.20858435332775116, 0.9780043959617615, 2.171605997162732e-16, 0, -2.220446049250313e-16, 1, 0.9780043959617615, 0.20858435332775116, 4.6315030328203646e-17]}, "segments": [12429, 80469, 71396, 45585, 80470, 7199, 45660, 7151, 27101], "label": "wall"}, {"objectId": 43, "id": 43, "partId": 43, "index": 11, "dominantNormal": [0, -2.220446049250313e-16, 1], "obb": {"axesLengths": [7.4678062646875265, 0.5446799871769548, 3.1447268922745804], "centroid": [2.7017226050710157, 0.28354557224711163, 1.5176598424931638], "normalizedAxes": [0.9962881207466125, 0.08608128875494003, 1.91138857530282e-17, 0, -2.220446049250313e-16, 1, 0.08608128875494003, -0.9962881207466125, -2.2122040216268347e-16]}, "segments": [25935, 74089, 74930, 25936, 74957, 24229, 24232, 84755, 49598, 26852, 30789, 28569, 63815, 6570, 6610, 6648, 6657, 6679, 6701, 6745, 6752, 6770, 6773, 6803, 6812, 6849, 7268, 7290, 7291, 20275, 24275, 30677, 30696, 30718, 30814, 30912, 71325, 71330, 71336, 71359, 71362, 71364, 71397, 71399, 74092, 77631, 77641, 28415, 28544, 30148, 30914, 34071, 51735, 34127, 46347, 43578, 46344, 52824, 12869, 52867, 81969, 81972, 81963, 12871, 12902, 13361, 13379, 62880, 63185, 62551, 35036, 27452, 12501, 24335, 18299, 17250, 86868, 18655, 13255, 13403, 12857, 7255, 7809, 9376, 9379, 9387, 12810, 13075, 13223, 13225, 13854, 16748, 16849, 17268, 18019, 20221, 20231, 20248, 22844, 24395, 31180, 44432, 44448, 51122, 51479, 62250, 66883, 66983, 72433, 72447, 72449, 73578, 77080, 86763, 86865, 84817, 85458, 85989, 44702, 44716, 80385, 60891, 55822, 44724, 55840, 86857, 60840], "label": "ceiling"}, {"objectId": 1, "id": 1, "partId": 1, "index": 12, "dominantNormal": [0, -2.220446049250313e-16, 1], "obb": {"axesLengths": [8.115847663994977, 0.6002499923054123, 5.845855166124155], "centroid": [2.309942567999839, -0.9440707575104911, -1.1901250477163114], "normalizedAxes": [0.9999408721923828, -0.010876179672777653, -2.41499701853557e-18, 0, -2.220446049250313e-16, 1, -0.010876179672777653, -0.9999408721923828, -2.2203147591434887e-16]}, "segments": [23867, 22481, 35607, 1205, 1290, 7138, 7154, 7785, 8315, 10846, 11482, 11707, 12569, 13745, 14440, 14525, 14555, 14729, 16376, 16380, 17848, 19362, 19432, 20146, 21446, 21533, 21536, 21540, 21656, 27116, 27121, 27132, 27138, 27193, 27241, 27739, 28296, 28465, 32444, 32487, 32507, 32547, 32565, 35536, 35650, 36906, 37946, 37998, 39186, 39206, 39233, 40106, 40685, 41348, 41553, 41582, 45608, 45620, 48803, 49467, 49487, 49502, 49694, 50422, 50446, 50539, 51343, 53140, 53226, 53466, 53501, 54976, 55034, 58892, 61531, 64086, 64272, 67520, 67528, 67593, 67615, 67646, 68364, 69182, 71958, 71960, 73171, 74085, 74309, 74341, 74344, 77594, 78108, 78742, 79403, 79405, 79415, 80501, 82890, 83617, 83624, 86023, 86025, 89882, 89897, 94212, 26958, 27005, 29341, 29350, 30466, 30467, 30609, 51215, 76550, 76553, 28916, 32508, 9389, 9528, 9459, 46111, 77835, 77855, 35438, 35478, 35399], "label": "floor"}, {"objectId": 2, "id": 2, "partId": 2, "index": 13, "dominantNormal": [0, -2.220446049250313e-16, 1], "obb": {"axesLengths": [2.2205343132536544, 0.8820500176686785, 1.8229875132772368], "centroid": [2.954702725840795, -0.38963032569196715, -0.8110250910943355], "normalizedAxes": [0.9396958351135254, 0.34201130270957947, 7.594176459004386e-17, 0, -2.220446049250313e-16, 1, 0.34201130270957947, -0.9396958351135254, -2.086543904574801e-16]}, "segments": [54066, 73524, 23095, 29062, 93511, 25271, 42797, 24083, 75717, 21342, 74895, 23834, 54375, 20344, 82528, 33482, 82491, 93606, 60636, 53882, 0, 141, 17203, 17998, 18005, 21482, 22022, 23829, 23962, 23992, 25316, 25480, 25528, 29163, 29273, 30597, 33958, 35156, 35548, 35798, 42391, 48170, 59883, 60829, 64657, 70218, 70319, 70425, 70466, 74370, 74631, 74632, 75658, 83744, 86472, 86503, 86736, 86845, 74376, 17603, 2, 16045, 75429], "label": "sofa"}, {"objectId": 3, "id": 3, "partId": 3, "index": 14, "dominantNormal": [-0.28067538142204285, 0.9598027467727661, 2.1311902171311872e-16], "obb": {"axesLengths": [0.5923089633809341, 0.6105429989723188, 0.6026636095516363], "centroid": [3.9427602848748027, -0.06480770250617283, -0.9442185810066333], "normalizedAxes": [-0.28067541122436523, 0.9598027467727661, 2.1311902171311872e-16, 0, -2.220446049250313e-16, 1, 0.9598027467727661, 0.28067541122436523, 6.232246079748488e-17]}, "segments": [42031, 25293, 15336, 41381, 82188, 73059, 12668, 12698, 13137, 13150, 14283, 14291, 14296, 15509, 15534, 15558, 15597, 15634, 15750, 15778, 15963, 16009, 16033, 17784, 18167, 25437, 25479, 25484, 25531, 25584, 29316, 29695, 30125, 40069, 40276, 53812, 53900, 53949, 70072, 70160, 70173, 70175, 70190, 70206, 70210, 70252, 72890, 72896, 72901, 72960, 72983, 73009, 73075, 73079, 73103, 75263, 75268, 75271, 75331, 75370, 75375, 75379, 14335, 75281], "label": "side table"}, {"objectId": 4, "id": 4, "partId": 4, "index": 15, "dominantNormal": [0, -2.220446049250313e-16, 1], "obb": {"axesLengths": [1.0107286542033385, 0.5769539942528158, 0.8924370638157931], "centroid": [3.8015077123175693, -1.7204489833459762, -1.0815230627818466], "normalizedAxes": [0.9235299229621887, -0.38352635502815247, -8.515995798056341e-17, 0, -2.220446049250313e-16, 1, -0.38352635502815247, -0.9235299229621887, -2.050648368805838e-16]}, "segments": [10063, 14762, 14004, 74479, 10357, 10389, 10444, 10466, 10477, 10504, 10518, 10526, 10531, 10544, 13988, 21769, 21817, 21826, 22237, 22543, 22582, 22653, 22662, 72577, 74465, 21618, 21586, 21780, 22251, 22659, 21695, 22767, 10541, 20855, 21082, 10532, 10604, 10634, 10643, 10653, 10673, 10679, 20864, 20925, 20960, 20969, 20982, 21019, 21031, 21033, 21049, 21076, 21081, 22703, 22728, 22742, 22752, 74164, 74166, 74180, 74195, 74213, 74230, 74232, 74236, 74569, 83356], "label": "couch table"}, {"objectId": 5, "id": 5, "partId": 5, "index": 16, "dominantNormal": [0, -2.220446049250313e-16, 1], "obb": {"axesLengths": [1.275249694425365, 1.0030399932777876, 1.0872157843460815], "centroid": [5.578911183500576, 1.4545063844177328, -0.6915200757696466], "normalizedAxes": [0.8619943261146545, 0.5069179534912109, 1.1255839671236133e-16, 0, -2.220446049250313e-16, 1, 0.5069179534912109, -0.8619943261146545, -1.9140118958974707e-16]}, "segments": [1609, 2094, 70745, 832, 31152, 31429, 42816, 7902, 9588, 9946, 2079, 1943, 70795, 70559, 76698, 31062, 31403, 615, 638, 849, 908, 909, 912, 955, 985, 996, 1001, 1004, 1009, 1018, 1063, 1430, 1432, 1442, 1464, 1469, 1472, 1518, 1525, 1545, 1827, 1844, 1846, 1874, 1935, 1949, 1955, 1981, 2018, 2027, 2042, 2106, 2228, 8013, 8394, 8430, 8605, 9194, 9270, 9321, 9633, 9651, 9654, 9682, 9731, 9767, 9770, 9969, 18604, 31049, 31071, 31200, 32582, 42680, 53362, 67164, 67258, 70546, 70547, 70573, 70596, 70604, 70606, 70680, 70683, 70692, 70803, 70809, 70844, 70847, 70858, 71940, 71987, 82076, 89649, 89746, 89773, 877, 70585, 3028, 8861, 9249, 9500, 18831, 19479, 31348, 71464, 71696, 71918, 71962, 76835, 77073, 81358, 8469], "label": "armchair"}, {"objectId": 6, "id": 6, "partId": 6, "index": 17, "dominantNormal": [0, -2.220446049250313e-16, 1], "obb": {"axesLengths": [0.6494153393136448, 0.4288890265921717, 0.4804407550885418], "centroid": [5.027206124568994, 0.4366173046950146, -1.030945602192828], "normalizedAxes": [0.9892060160636902, -0.14653140306472778, -3.2536507502618e-17, 0, -2.220446049250313e-16, 1, -0.14653140306472778, -0.9892060160636902, -2.1964785902632626e-16]}, "segments": [10032, 14126, 14203, 14154, 14365, 14459, 14473, 14489, 14493, 14504, 14547, 49151, 49212, 49348, 49424, 80839, 80849, 14341, 58459, 49144], "label": "ottoman"}, {"objectId": 7, "id": 7, "partId": 7, "index": 18, "dominantNormal": [0.9979259371757507, 0.06437297910451889, 1.4293672713110193e-17], "obb": {"axesLengths": [2.7707551157208252, 2.7716699219121788, 0.291717320506403], "centroid": [6.266474597861727, 0.5706763703789131, 0.1355548805191018], "normalizedAxes": [-0.0643729716539383, 0.9979259371757507, 2.2158407046463118e-16, 0, -2.220446049250313e-16, 1, 0.9979259371757507, 0.0643729716539383, 1.4293671058748968e-17]}, "segments": [22969, 6181, 7858, 5335, 81491, 5558, 81153, 57366, 21260, 57280, 83946, 21134, 25995, 24398, 75557, 18314], "label": "wall"}, {"objectId": 8, "id": 8, "partId": 8, "index": 19, "dominantNormal": [0.9954161047935486, 0.09563896805047989, 2.12361168762065e-17], "obb": {"axesLengths": [0.8424062142379676, 2.1518229361216057, 0.336883274679783], "centroid": [6.1688878383192645, -0.04410754559852441, -0.18119858925904553], "normalizedAxes": [-0.09563896059989929, 0.9954161047935486, 2.2102677572489706e-16, 0, -2.220446049250313e-16, 1, 0.9954161047935486, 0.09563896059989929, 2.1236115221845274e-17]}, "segments": [58154, 33121, 56675, 23541, 23230, 5825, 6004, 6017, 6061, 6071, 6086, 6277, 14868, 14874, 14877, 14917, 14940, 14979, 15194, 15242, 15286, 22965, 22975, 23011, 23024, 23028, 23074, 23085, 23262, 23276, 23533, 23641, 25865, 27907, 28250, 28315, 32425, 32454, 32815, 33044, 33188, 58167, 72298, 72301, 72306, 72315, 72644, 72648, 72784, 74663, 74809, 74814, 74818, 74844, 76075, 76117, 76221, 76289, 76291, 76294, 76299, 76376, 76386, 76502, 76541, 84010, 84126, 85876, 12697, 14865, 11877, 32667, 85850, 32355, 11846, 11932, 11948, 11976, 12060, 12063, 14818, 14855, 14987, 14994, 15267, 23243, 23615, 23692, 23755, 25808, 25822, 25857, 32714, 58144, 74679, 74815, 74822, 74834, 13315, 12126, 76416, 12012, 7530, 58119, 6541], "label": "showcase"}, {"objectId": 9, "id": 9, "partId": 9, "index": 20, "dominantNormal": [0.9951461553573608, 0.09840792417526245, 2.1850948644988588e-17], "obb": {"axesLengths": [0.2880687100060977, 1.7432239858085508, 0.2558097495658957], "centroid": [6.161775842737017, 0.6351988448406192, -0.11838808026601222], "normalizedAxes": [-0.09840792417526245, 0.9951461553573608, 2.2096683490898902e-16, 0, -2.220446049250313e-16, 1, 0.9951461553573608, 0.09840792417526245, 2.1850948644988588e-17]}, "segments": [26193, 31967, 5445, 28989, 12160, 5676, 71183, 5262, 71198, 7490, 7509, 7003, 5654, 7739, 12071, 28949, 71418, 5112, 5267, 5325, 7614, 71373, 5403, 5646, 6914, 6916, 7600, 7738], "label": "shelf"}, {"objectId": 10, "id": 10, "partId": 10, "index": 21, "dominantNormal": [0.9999730587005615, -0.0073392498306930065, -1.6296408291023315e-18], "obb": {"axesLengths": [0.9603197241390562, 1.0945709699115682, 0.22764467095086782], "centroid": [6.2007789625123735, 1.4104819811310205, 0.1572854222163087], "normalizedAxes": [0.0073392498306930065, 0.9999730587005615, 2.2203862275484132e-16, 0, -2.220446049250313e-16, 1, 0.9999730587005615, -0.0073392498306930065, -1.6296408291023315e-18]}, "segments": [57194, 47002, 21214, 73638, 73647, 21243, 21040, 47321, 26218, 2501, 2526, 2538, 2540, 2547, 2559, 3287, 3298, 3324, 3347, 4905, 4912, 5284, 5296, 20537, 20598, 20628, 20656, 20795, 20816, 20842, 20903, 20920, 20945, 20965, 21226, 21228, 21280, 26217, 48342, 70973, 71170, 73542, 73543, 73580, 73649, 73651, 73683, 80669, 83975], "label": "picture"}, {"objectId": 11, "id": 11, "partId": 11, "index": 22, "dominantNormal": [0.2473914474248886, -0.9689156413078308, -2.1514249077988064e-16], "obb": {"axesLengths": [0.9646822145671319, 1.7292899400899564, 0.6248399978911973], "centroid": [1.3850334076569517, 1.3467151608564232, -0.38341507584232715], "normalizedAxes": [0.9689156413078308, 0.2473914623260498, 5.4931939514013496e-17, 0, -2.220446049250313e-16, 1, 0.2473914623260498, -0.9689156413078308, -2.1514249077988064e-16]}, "segments": [59468, 80522, 41129, 87074, 59477, 59407, 48338, 38588, 77884, 38556, 59213, 37741, 40763, 85212, 79193, 39608, 57011, 78021, 58631, 84692, 84674, 84435, 90110, 66187, 63019, 90397, 40791, 40865, 88619, 66379, 65290, 40674, 65187, 89299, 31852, 31502, 66771, 87509, 66652, 56492, 19241, 19244, 19303, 24759, 24760, 25969, 25971, 26311, 26389, 26390, 26943, 29426, 29453, 29472, 29512, 29547, 29566, 29569, 29626, 29629, 29641, 29678, 29680, 29683, 29690, 29699, 29702, 29726, 29747, 29792, 29796, 29805, 29911, 30442, 31510, 31665, 31680, 31695, 31703, 31755, 31762, 31764, 31767, 31768, 31836, 31864, 31873, 31876, 31888, 31919, 34163, 36820, 36856, 37279, 37375, 37380, 37385, 37413, 37455, 37471, 37593, 37677, 37687, 37801, 37820, 38248, 38317, 38336, 38338, 38346, 38353, 38355, 38518, 38617, 39105, 39150, 39159, 39179, 39209, 39232, 39253, 39274, 39350, 39362, 39382, 39399, 39477, 39525, 39598, 39658, 39665, 39667, 39744, 39805, 39806, 39822, 39931, 39957, 39960, 40046, 40074, 40086, 40095, 40127, 40150, 40155, 40181, 40198, 40203, 40424, 40477, 40490, 40586, 40594, 40611, 40615, 40623, 40663, 40681, 40687, 40696, 40719, 40731, 40861, 40911, 40915, 40921, 40923, 40970, 40980, 41016, 41028, 41089, 41092, 41114, 41120, 41149, 41153, 41166, 41183, 41293, 43742, 43752, 43775, 43828, 43830, 43970, 44001, 44011, 44012, 48168, 48261, 48292, 48367, 48407, 49410, 49413, 50129, 50733, 51785, 55108, 55113, 55203, 55260, 55365, 55366, 55396, 55454, 55552, 55611, 55622, 55651, 55660, 55724, 55725, 55742, 55767, 55769, 55775, 55810, 55847, 55859, 55901, 55918, 55943, 55953, 55963, 55972, 55977, 56001, 56029, 56106, 56141, 56153, 56171, 56244, 56245, 56247, 56321, 56336, 56400, 56402, 56422, 56462, 56530, 56539, 56546, 56547, 56550, 56604, 56712, 56730, 56741, 56750, 56887, 57058, 57087, 57134, 57993, 58079, 58126, 58211, 58290, 58323, 58332, 58348, 58396, 58409, 58415, 58444, 58447, 58484, 58617, 58732, 58749, 58825, 58895, 58944, 59109, 59132, 59142, 59239, 59285, 59350, 59393, 61211, 61230, 61240, 61298, 61357, 61360, 61400, 61401, 61411, 61431, 61434, 61435, 61449, 61451, 61456, 61461, 61473, 61503, 61513, 61536, 61546, 61548, 61549, 61556, 61562, 61567, 61570, 61578, 61587, 61593, 61620, 61625, 61646, 61670, 61673, 61710, 61734, 61746, 62555, 62561, 62566, 62574, 62585, 62605, 62614, 62618, 62624, 62643, 62667, 62671, 62672, 62675, 62676, 62678, 62689, 62700, 62719, 62747, 62766, 62767, 62772, 62791, 62800, 62846, 62853, 62905, 62915, 62917, 62921, 62931, 62935, 63041, 63045, 63048, 63063, 63088, 63114, 63115, 63118, 63119, 63127, 63150, 63165, 63177, 63184, 63225, 63252, 63264, 63295, 64996, 64997, 65057, 65065, 65067, 65150, 65174, 65196, 65200, 65201, 65657, 65801, 65845, 65855, 65861, 65867, 65882, 65886, 65890, 65901, 65906, 66002, 66070, 66177, 66193, 66197, 66210, 66243, 66244, 66370, 66632, 66664, 66704, 66713, 66726, 66763, 66764, 66769, 66799, 66802, 66807, 66846, 66859, 66919, 74733, 76285, 76321, 76326, 76381, 76382, 76856, 76858, 76864, 76868, 76869, 76889, 77575, 77598, 77617, 77622, 77963, 78060, 78078, 78118, 78143, 78234, 78245, 78297, 78312, 78313, 78315, 79216, 79261, 79273, 79290, 80387, 80541, 80551, 80587, 81703, 82028, 82268, 82270, 82533, 82561, 82571, 82574, 82599, 82765, 82773, 82809, 82815, 82829, 82839, 83657, 83697, 83726, 83747, 83765, 83772, 83786, 83789, 83828, 83834, 83854, 84380, 84523, 84535, 84607, 84825, 84955, 84960, 84997, 85003, 85012, 85032, 85127, 85148, 85358, 85386, 85391, 85394, 86957, 87005, 87007, 87015, 87032, 87096, 87113, 87183, 87292, 87295, 87336, 87418, 87436, 87456, 87459, 87549, 87552, 88029, 88048, 88095, 88099, 88117, 88122, 88124, 88142, 88205, 88216, 88218, 88220, 88230, 88240, 88280, 88300, 88304, 88554, 88616, 88701, 89296, 89315, 89321, 89364, 89369, 89372, 89417, 89428, 89431, 89436, 89439, 89443, 89445, 89448, 89487, 89552, 90128, 90129, 90144, 90158, 90163, 90167, 90174, 90180, 90235, 90251, 90285, 90347, 90352, 90390, 90392, 90394, 90410, 90412, 90421, 90528, 90530, 90533, 90535, 90588, 90614, 90643, 90646, 90677, 90686, 90710, 90728, 90758, 90823, 93419, 93686, 93690, 93692, 93697, 93747, 93795, 93817, 93832, 93885, 93892, 88602, 40984, 65629, 56655, 61239, 61328, 25859, 26237, 26496, 26513, 26521, 28419, 28528, 28594, 28759, 28769, 28773, 29489, 29740, 29829, 31620, 31685, 37509, 38334, 41025, 50158, 50245, 50266, 55346, 55347, 61249, 61511, 74589, 75662, 76330, 76907, 77583, 81900, 81939, 87485, 88580, 90802, 93471, 93474], "label": "plant"}, {"objectId": 12, "id": 12, "partId": 12, "index": 23, "dominantNormal": [0.07087723165750504, -0.9974850416183472, -2.214861719847743e-16], "obb": {"axesLengths": [7.56041580100346, 2.9575000340305246, 0.29705001231294326], "centroid": [2.583821680770814, 1.6384188198755176, 0.2207299159993248], "normalizedAxes": [0.9974850416183472, 0.07087723165750504, 1.5737906901570628e-17, 0, -2.220446049250313e-16, 1, 0.07087723165750504, -0.9974850416183472, -2.214861719847743e-16]}, "segments": [44183, 47994, 46675, 45829, 92559, 66996, 36869, 247, 60924, 91759, 46090, 92311, 91488, 708, 5753, 47403, 17282, 30065, 40988, 42722, 91727, 24930, 38181, 92217, 36676, 94418, 94397, 94406, 34712, 47216, 92440, 62524, 46912, 62406, 46308, 21224, 10509, 15688, 16632, 15773, 16642, 4976, 5120, 21564], "label": "wall"}, {"objectId": 13, "id": 13, "partId": 13, "index": 24, "dominantNormal": [0.07460867613554001, -0.9972128868103027, -2.2142574147794363e-16], "obb": {"axesLengths": [0.5420948034416514, 0.4399999877810479, 0.017942083897804013], "centroid": [5.3403773625317, 1.882471471419259, 0.5299999035839003], "normalizedAxes": [0.9972128868103027, 0.07460867613554001, 1.6566454016495593e-17, 0, -2.220446049250313e-16, 1, 0.07460867613554001, -0.9972128868103027, -2.2142574147794363e-16]}, "segments": [796], "label": "picture"}, {"objectId": 14, "id": 14, "partId": 14, "index": 25, "dominantNormal": [0.1210373267531395, -0.9926479458808899, -2.2041212097276606e-16], "obb": {"axesLengths": [2.2093355000824517, 1.8751499829780305, 0.5828749482322672], "centroid": [2.7525088388239136, 1.48789890540511, -0.34757511666435503], "normalizedAxes": [0.9926479458808899, 0.1210373267531395, 2.6875685400082782e-17, 0, -2.220446049250313e-16, 1, 0.1210373267531395, -0.9926479458808899, -2.2041212097276606e-16]}, "segments": [24508, 365, 18464, 82695, 82730, 53207, 53202, 82611, 53302, 53187, 18360, 18993, 82582, 77915, 49197, 18587, 18606, 80325, 86271, 18839, 60614, 89109, 25221, 24122, 24462, 23177, 26549, 27629, 55334, 88862, 93457, 64060, 55536, 50257, 88936, 16619, 81833, 45050, 81779, 74009, 20341, 19731, 80146, 42101, 11348, 16105, 16123, 11238, 79653, 79522, 75903, 25093, 33746, 77368, 91333, 282, 68338, 70060, 45599, 70054, 73243, 16899, 17378, 86661, 62365, 87911, 60566, 41499, 271, 339, 353, 381, 430, 437, 463, 10960, 10962, 10970, 10996, 11011, 11019, 11023, 11045, 11078, 11092, 11115, 11116, 11121, 11183, 11188, 11198, 11276, 11309, 11325, 11326, 11365, 11377, 11390, 11409, 11410, 11412, 16163, 16191, 16209, 16282, 16285, 16312, 16334, 16543, 16563, 16628, 16636, 16638, 16658, 16670, 16671, 16726, 16770, 16798, 16876, 16897, 16949, 17017, 17071, 17382, 17400, 17463, 18359, 18402, 18419, 18441, 18450, 18452, 18461, 18513, 18666, 18675, 18694, 18706, 18723, 18819, 18829, 18855, 18882, 18897, 18915, 18917, 19005, 19084, 19167, 19211, 19224, 19414, 19426, 19563, 19591, 19593, 19597, 19609, 19627, 19694, 19715, 19782, 19792, 19818, 19875, 19905, 19917, 19949, 19958, 19963, 20014, 20022, 20030, 20061, 20072, 20075, 20106, 20132, 20322, 20363, 20366, 20396, 20428, 20487, 20493, 21976, 23197, 23255, 23519, 23675, 23733, 23833, 24097, 24418, 24516, 24527, 24537, 24788, 24944, 24954, 24958, 25002, 25029, 25030, 25033, 25037, 25048, 25049, 25067, 25082, 25125, 25171, 25198, 25205, 25213, 25286, 25659, 26363, 26619, 26645, 26664, 26670, 26701, 26741, 26780, 26797, 26809, 26813, 28712, 35920, 37970, 41442, 41462, 41636, 41658, 41731, 41744, 41781, 41785, 41816, 41865, 41875, 41892, 41952, 42005, 42035, 42041, 42042, 42049, 42059, 42072, 42073, 42333, 42443, 42446, 42535, 42558, 42565, 42566, 42632, 42660, 42758, 43713, 43793, 43799, 43803, 43811, 43834, 43849, 43890, 43946, 45049, 45101, 46018, 47534, 49250, 49296, 49817, 49828, 49863, 49870, 49913, 49916, 49920, 49962, 49995, 50010, 50016, 50079, 50113, 50142, 50151, 50173, 50198, 50464, 50507, 50743, 52191, 53172, 53219, 53276, 53286, 53351, 53352, 53379, 53398, 53415, 53441, 54945, 55453, 55457, 55463, 55468, 55497, 55506, 59500, 59522, 59567, 60543, 60558, 62430, 62448, 62467, 62471, 62481, 62514, 62525, 62531, 62546, 64031, 64050, 64067, 64113, 64175, 64196, 64202, 64208, 64221, 64226, 64271, 64318, 64352, 64381, 64394, 64426, 64771, 64789, 64792, 64795, 64816, 64829, 64862, 64904, 67507, 67512, 67526, 67535, 68033, 68230, 68266, 68286, 68287, 68803, 68931, 68954, 70063, 70064, 70504, 72207, 72208, 72216, 72225, 72227, 72242, 72243, 72246, 72249, 72251, 72254, 73114, 73118, 73120, 73127, 73203, 73213, 73270, 73297, 73319, 73320, 73331, 73333, 73582, 73584, 73667, 73731, 73738, 73743, 73762, 73777, 73860, 73871, 73901, 73905, 73907, 73910, 73913, 73916, 73940, 73970, 73972, 73973, 73987, 74007, 74032, 74118, 74295, 74357, 74368, 74690, 74964, 74986, 74997, 75002, 75007, 75016, 75091, 75153, 75157, 75162, 75176, 75196, 75198, 75236, 75576, 75910, 75923, 75959, 75989, 75995, 79417, 79461, 79504, 79545, 79550, 79583, 79595, 79605, 79609, 79613, 79636, 79687, 79691, 79694, 79697, 79700, 79734, 80075, 80082, 80091, 80094, 80128, 80157, 80159, 81699, 81796, 81812, 82007, 82661, 82807, 84352, 84603, 86574, 86588, 86594, 86711, 87805, 87859, 87880, 87885, 87888, 87931, 88716, 88792, 88816, 88892, 88910, 88914, 88917, 88920, 88927, 89095, 89098, 89100, 89102, 89138, 89220, 89244, 89258, 91125, 91145, 91353, 93947, 93949, 93962, 93980, 93989, 94005, 49269, 68098, 67499, 24572, 47545, 80927, 33651, 68015, 68190, 77422, 77436, 77415, 77432, 33817, 33745, 33536, 77553, 33862, 77520, 33744, 19735, 75994, 24834, 92062, 24822, 24792, 10900, 11364, 11437, 11379, 20457, 82054, 82075, 50380, 50351, 19251, 37730, 28099, 93377, 50763, 28192, 50058, 93349, 27967, 93468], "label": "shelf"}, {"objectId": 15, "id": 15, "partId": 15, "index": 26, "dominantNormal": [0.09537383168935776, -0.9954415559768677, -2.2103242702284202e-16], "obb": {"axesLengths": [0.8032811342421843, 1.080000018775462, 0.38437216821343073], "centroid": [2.5872854568230372, 1.7146519933683535, 0.6699999159518639], "normalizedAxes": [0.9954415559768677, 0.09537383168935776, 2.1177244777649875e-17, 0, -2.220446049250313e-16, 1, 0.09537383168935776, -0.9954415559768677, -2.2103242702284202e-16]}, "segments": [81597, 51812, 81617, 17488, 63734, 34787, 34844, 17839, 17840, 17874, 23898, 35861, 35886, 35892, 41037, 41171, 41188, 42738, 42745, 42756, 42757, 57542, 62354, 62377, 62384, 63565, 63567, 63582, 63595, 63596, 63612, 79786, 82097, 82103, 82243, 85556, 87802, 87808, 87814, 87834, 87847, 87852, 87856, 87857, 88478, 88509, 88515, 51363, 34790], "label": "mirror"}, {"objectId": 16, "id": 16, "partId": 16, "index": 27, "dominantNormal": [0, -2.220446049250313e-16, 1], "obb": {"axesLengths": [0.9945023370446658, 0.1943480030965504, 0.9693237428164139], "centroid": [-0.16878994819954762, 1.12191566729527, -0.5822340828481897], "normalizedAxes": [0.921359121799469, -0.38871240615844727, -8.631149265491073e-17, 0, -2.220446049250313e-16, 1, -0.38871240615844727, -0.921359121799469, -2.045828221940369e-16]}, "segments": [53057, 66565, 69023, 69414, 53922, 66417, 53601, 69655, 69893, 83931, 83934, 85749, 85755, 69827, 36071, 64191, 69880, 69883, 94143], "label": "table"}, {"objectId": 17, "id": 17, "partId": 17, "index": 28, "dominantNormal": [0, -2.220446049250313e-16, 1], "obb": {"axesLengths": [0.6493522139661554, 0.5068989878840968, 0.6223875415886215], "centroid": [0.32210145089415176, 1.2376071507044102, -0.9765505834005643], "normalizedAxes": [-0.40864071249961853, 0.9126953482627869, 2.0265907802192437e-16, 0, -2.220446049250313e-16, 1, 0.9126953482627869, 0.40864071249961853, 9.07364655632611e-17]}, "segments": [69486, 54178, 94456, 57731, 57651, 54205, 57652, 57698, 57703, 57705, 57708, 57716, 57933, 57943, 57953, 57985, 58031, 58064, 58065, 69489, 69534, 83935, 85579, 85582, 85593, 85816, 85819, 94428, 94451, 34497, 34375, 34350, 34387, 34423, 34447, 34495, 77564, 78116], "label": "chair"}, {"objectId": 18, "id": 18, "partId": 18, "index": 29, "dominantNormal": [0.7903465628623962, 0.6126600503921509, 1.3603785884267491e-16], "obb": {"axesLengths": [2.2775132340291324, 0.8585599468970306, 0.8198135943583673], "centroid": [1.183702270355361, -1.691624893339619, -0.8192800361879906], "normalizedAxes": [-0.6126600503921509, 0.7903465628623962, 1.754921903046372e-16, 0, -2.220446049250313e-16, 1, 0.7903465628623962, 0.6126600503921509, 1.3603785884267491e-16]}, "segments": [83822, 53988, 40464, 54033, 52717, 52688, 60287, 37109, 38751, 38841, 38697], "label": "wall"}, {"objectId": 19, "id": 19, "partId": 19, "index": 30, "dominantNormal": [0.998975932598114, 0.045245010405778885, 1.0046410460380103e-17], "obb": {"axesLengths": [0.48097360910567644, 0.5508080001739857, 0.29559477942895185], "centroid": [0.9493732464899463, -0.7516675366394111, -0.9665360794301463], "normalizedAxes": [-0.045245010405778885, 0.998975932598114, 2.2181721628336293e-16, 0, -2.220446049250313e-16, 1, 0.998975932598114, 0.045245010405778885, 1.0046410460380103e-17]}, "segments": [41536, 88013, 36625, 79327, 40218, 38399, 38489, 41556, 38166], "label": "box"}, {"objectId": 20, "id": 20, "partId": 20, "index": 31, "dominantNormal": [0.9947937726974487, 0.10190838575363159, 2.2628207253212816e-17], "obb": {"axesLengths": [1.0186021103310068, 1.3400000034272666, 0.046182659151081815], "centroid": [-0.9410690815196281, 0.6559472655376728, 0.5399999236259618], "normalizedAxes": [-0.101908378303051, 0.9947937726974487, 2.208885902404864e-16, 0, -2.220446049250313e-16, 1, 0.9947937726974487, 0.101908378303051, 2.262820559885159e-17]}, "segments": [46478], "label": "picture"}, {"objectId": 21, "id": 21, "partId": 21, "index": 32, "dominantNormal": [0.9955874085426331, 0.09383895993232727, 2.083643478474945e-17], "obb": {"axesLengths": [1.582947139518854, 2.681559979582726, 0.20251999100436552], "centroid": [-0.8863576347509259, 0.6455728085060064, 0.08792987633839489], "normalizedAxes": [-0.09383895993232727, 0.9955874085426331, 2.210648127981847e-16, 0, -2.220446049250313e-16, 1, 0.9955874085426331, 0.09383895993232727, 2.083643478474945e-17]}, "segments": [52396, 45266, 93063, 49477, 93050, 93200, 60917, 86749, 30707, 55808, 60686], "label": "wall"}, {"objectId": 22, "id": 22, "partId": 22, "index": 33, "dominantNormal": [0, -2.220446049250313e-16, 1], "obb": {"axesLengths": [2.714251669248902, 0.3267709837830593, 1.0623916989907227], "centroid": [1.1980916012600957, -1.162324940589454, -0.2533855792179205], "normalizedAxes": [-0.34413763880729675, 0.938919186592102, 2.0848193984337505e-16, 0, -2.220446049250313e-16, 1, 0.938919186592102, 0.34413763880729675, 7.641390604879933e-17]}, "segments": [38713, 36749, 67684, 58647, 90868, 67114, 90932, 41243, 52057, 82443, 82437, 52538, 52472, 36515, 36630, 36648, 36654, 37029, 37861, 41165, 41218, 47155, 47157, 47175, 47191, 47195, 47238, 51947, 52030, 52048, 52110, 54427, 62257, 64644, 67104, 78575, 78669, 78739, 80865, 82312, 82417, 82441, 82457, 82460, 82462, 82464, 87766, 87792, 88990, 88997, 88999, 89001, 89041, 90891, 91097, 91101, 54470, 67090, 78768, 62292, 89085, 37099, 37156, 37353, 78331, 38093, 37197, 63533, 86048, 40499, 47586], "label": "counter"}, {"objectId": 23, "id": 23, "partId": 23, "index": 34, "dominantNormal": [0, -2.220446049250313e-16, 1], "obb": {"axesLengths": [2.728909223938653, 0.7000000022351738, 0.9067606661758395], "centroid": [1.058426830385451, -1.2259691856217776, -0.020000081142409476], "normalizedAxes": [-0.33357155323028564, 0.9427247643470764, 2.0932694785248982e-16, 0, -2.220446049250313e-16, 1, 0.9427247643470764, 0.33357155323028564, 7.406776375124783e-17]}, "segments": [44599, 82296, 52005, 82300, 56778, 36089, 67938, 67970, 37258, 88393, 33956, 34037, 37689, 37650, 82316], "label": "wall"}, {"objectId": 24, "id": 24, "partId": 24, "index": 35, "dominantNormal": [0.9932998418807983, 0.11556554585695267, 2.5660705972752644e-17], "obb": {"axesLengths": [0.7639812062815828, 0.9335699468798196, 0.3230026361513265], "centroid": [0.8949452142693854, -0.40214020232370146, -0.776785054656825], "normalizedAxes": [-0.11556554585695267, 0.9932998418807983, 2.2055687096251793e-16, 0, -2.220446049250313e-16, 1, 0.9932998418807983, 0.11556554585695267, 2.5660705972752644e-17]}, "segments": [39685, 39557, 36525, 35872, 78659, 39698, 38958, 78994, 35769, 35799, 36620, 37429, 37460, 37502, 37539, 38157, 38168, 38174, 38175, 38198, 38227, 38242, 38250, 38262, 38288, 38289, 38359, 38389, 38866, 38892, 38913, 38948, 38955, 38960, 38968, 38986, 39019, 39053, 39057, 39077, 39082, 39086, 39452, 39461, 39490, 39545, 39570, 39759, 39768, 39801, 39897, 40001, 40012, 40014, 40020, 40032, 40035, 40052, 40078, 40094, 40519, 40522, 40523, 40542, 40562, 55069, 59131, 77424, 78335, 78460, 78465, 78595, 78623, 78630, 78663, 78666, 78805, 78810, 78813, 78823, 78857, 78967, 79021, 79029, 79031, 79034, 79038, 79047, 86036, 86179, 86241, 87962, 87985, 87992, 86213, 40633, 59187, 64325], "label": "box"}, {"objectId": 25, "id": 25, "partId": 25, "index": 36, "dominantNormal": [0.9828728437423706, -0.18428505957126617, -4.091950324608766e-17], "obb": {"axesLengths": [1.1216686814457733, 1.5999999582767488, 0.3069838831022354], "centroid": [0.8926091695168463, -0.8471446297918198, 0.4499999071601788], "normalizedAxes": [0.18428505957126617, 0.9828728437423706, 2.182416122803167e-16, 0, -2.220446049250313e-16, 1, 0.9828728437423706, -0.18428505957126617, -4.091950324608766e-17]}, "segments": [30615, 31017, 77085, 32193, 30833, 77027, 77244, 30965, 31001, 30867, 30946, 31976, 32209, 37766, 37782, 76518, 76520, 77043, 77201, 78291, 33992, 78520, 31033, 33991, 34040, 37760, 37761], "label": "curtain"}, {"objectId": 26, "id": 26, "partId": 26, "index": 37, "dominantNormal": [0.0687236487865448, -0.9976357221603394, -2.2151962978619085e-16], "obb": {"axesLengths": [0.6997947453821354, 1.9980499297816312, 0.05832187940141944], "centroid": [6.048922705252284, -0.8185924392196808, -0.2690250478958707], "normalizedAxes": [0.9976357221603394, 0.0687236487865448, 1.5259715443814947e-17, 0, -2.220446049250313e-16, 1, 0.0687236487865448, -0.9976357221603394, -2.2151962978619085e-16]}, "segments": [28485, 2848], "label": "wall"}, {"objectId": 27, "id": 27, "partId": 27, "index": 38, "dominantNormal": [0, -2.220446049250313e-16, 1], "obb": {"axesLengths": [0.4951771975890342, 0.3046489885900394, 0.46155263329647545], "centroid": [4.70029281753137, 1.4473340344288368, -0.7623245807273409], "normalizedAxes": [-0.42831408977508545, 0.9036298990249634, 2.0064614392744393e-16, 0, -2.220446049250313e-16, 1, 0.9036298990249634, 0.42831408977508545, 9.510483284793324e-17]}, "segments": [79843, 31292, 43241, 31250, 79856, 28923, 80652, 79885, 28672, 28796, 28816, 28893, 28915, 28948, 28973, 31236, 31298, 31315, 43226, 43273, 67265, 76199, 76746, 79840, 79842, 79870, 79873, 79900, 79902, 79908, 79920, 79923, 79949, 45993, 43305, 31216, 31261, 31333, 76702, 76733, 76742, 79946, 89658, 89662, 43328], "label": "side table"}, {"objectId": 28, "id": 28, "partId": 28, "index": 39, "dominantNormal": [0.20961464941501617, -0.9777840971946716, -2.1711168356356928e-16], "obb": {"axesLengths": [0.9288756498881406, 1.0246519813391866, 0.49907415664070715], "centroid": [3.952214379616148, 1.6084264573169438, -0.7376740671524987], "normalizedAxes": [0.9777840971946716, 0.2096146196126938, 4.654379539841131e-17, 0, -2.220446049250313e-16, 1, 0.2096146196126938, -0.9777840971946716, -2.1711168356356928e-16]}, "segments": [90510, 65508, 45810, 10179, 89949, 92598, 19978, 76248, 29177, 12311, 29155, 80190, 30274, 10277, 10302, 10311, 10785, 10861, 10884, 11551, 11590, 11604, 11606, 11607, 11622, 11656, 11687, 11697, 11702, 11703, 12302, 12344, 12374, 13460, 13461, 13507, 13537, 13542, 13603, 13664, 19584, 19614, 19722, 19749, 19766, 19808, 19843, 19853, 19899, 20161, 20205, 20308, 24698, 24735, 24823, 24846, 24871, 24884, 26673, 26675, 29073, 29248, 29254, 30280, 30288, 30355, 44158, 44511, 45765, 56289, 56292, 56306, 56319, 56348, 56374, 56390, 56406, 56461, 56597, 56598, 56599, 65437, 65438, 65460, 65479, 65543, 65566, 66501, 66520, 66572, 67029, 72164, 72257, 72259, 72263, 72510, 72523, 72556, 72559, 73322, 73324, 73416, 73419, 75082, 76259, 76260, 77426, 77429, 77494, 77500, 80174, 80226, 80253, 80281, 80291, 80294, 80297, 85100, 85103, 85114, 85116, 85119, 85149, 85259, 85369, 85378, 89849, 90427, 90444, 90446, 90459, 90520, 90853, 11304, 13470, 13571, 19874, 24801, 24814, 24864, 24927, 25182, 25187, 33760, 66527, 72505, 72526, 75204, 77508, 77524, 91358], "label": "plant"}, {"objectId": 29, "id": 29, "partId": 29, "index": 40, "dominantNormal": [-0.5490420460700989, -0.8357947468757629, -1.8558371436844533e-16], "obb": {"axesLengths": [0.3721953596753182, 0.3709099656885123, 0.281086819144999], "centroid": [-0.29021490568563246, 1.0828811933429965, -0.34454506246086125], "normalizedAxes": [0.8357947468757629, -0.5490420460700989, -1.2191182420686594e-16, 0, -2.220446049250313e-16, 1, -0.5490420460700989, -0.8357947468757629, -1.8558371436844533e-16]}, "segments": [94327, 69608, 94270, 94261, 94247, 69196, 92991, 94285, 94191, 47836, 94183, 66795, 69252, 69633, 69676, 69723, 69725, 69762, 69920, 69957, 69961, 69977, 69992, 80977, 80979, 94120, 94127, 94217, 94267, 94373, 94378, 94388, 70018, 91390, 69671, 70045, 70046, 91362, 91373], "label": "plant"}, {"objectId": 45, "id": 45, "partId": 45, "index": 42, "dominantNormal": [0.9703373312950134, -0.24175496399402618, -5.368038546871871e-17], "obb": {"axesLengths": [0.2672348284693069, 0.31657301672012306, 0.27865455784469645], "centroid": [6.072510895307714, 1.3508550055627406, -0.9880535643293658], "normalizedAxes": [0.9703373312950134, -0.241754949092865, -5.368038215999626e-17, 0, -2.220446049250313e-16, 1, -0.241754949092865, -0.9703373312950134, -2.1545816937141047e-16]}, "segments": [8953, 71819, 8145, 8150, 8159, 8588, 8598, 8694, 8727, 8935, 9134, 9143, 9179, 71641, 71785, 71842, 9332, 51725, 8230, 9150, 9259, 9166, 71906, 8237], "label": "plant"}, {"objectId": 46, "id": 46, "partId": 46, "index": 43, "dominantNormal": [0.39607131481170654, -0.9182197451591492, -2.038857405482262e-16], "obb": {"axesLengths": [0.2943522388346004, 0.3615399518264839, 0.17924808521734817], "centroid": [6.023531305602923, 1.5936374156470547, -1.0091700589898216], "normalizedAxes": [0.9182197451591492, 0.39607134461402893, 8.794550523694798e-17, 0, -2.220446049250313e-16, 1, 0.39607134461402893, -0.9182197451591492, -2.038857405482262e-16]}, "segments": [8522, 8928, 9175, 8622, 71952], "label": "shelf"}, {"objectId": 47, "id": 47, "partId": 47, "index": 44, "dominantNormal": [0.9971967339515686, 0.07482412457466125, 1.6614293180041985e-17], "obb": {"axesLengths": [0.4895210525760367, 1.1347149952937283, 0.43230733313082714], "centroid": [6.0008769724239155, 1.6993654746641922, -0.3173575889965692], "normalizedAxes": [-0.07482412457466125, 0.9971967339515686, 2.214221548228076e-16, 0, -2.220446049250313e-16, 1, 0.9971967339515686, 0.07482412457466125, 1.6614293