{"segGroups": [{"objectId": 1, "id": 1, "partId": 1, "index": 0, "dominantNormal": [0, -2.220446049250313e-16, 1], "obb": {"axesLengths": [1.0795769419992627, 0.9180579278307125, 1.080913686051588], "centroid": [-2.0501301918604007, -0.7293364976976474, -0.8248110222777503], "normalizedAxes": [-0.19105935096740723, 0.9815784692764282, 2.1795420341340149e-16, 0, -2.220446049250313e-16, 1, 0.9815784692764282, 0.19105935096740723, 4.2423698102790836e-17]}, "segments": [50629, 52750, 23628, 33655, 52733, 37059, 35321, 52787, 34863, 35337, 31304, 31330, 31335, 23695, 23041, 47972, 23636, 9223, 50271, 33794, 33791, 35196, 51379, 35308, 6644, 7731, 8750, 8763, 8804, 9231, 9528, 9689, 18100, 23638, 28464, 28465, 28784, 33290, 35287, 35289, 35415, 47966, 52797, 28683], "label": "armchair"}, {"objectId": 2, "id": 2, "partId": 2, "index": 1, "dominantNormal": [0, -2.220446049250313e-16, 1], "obb": {"axesLengths": [1.059201113137395, 0.9062419629191908, 1.0024427434673007], "centroid": [-2.679779089703467, 0.7125966872504765, -0.8367190465610692], "normalizedAxes": [-0.7036184668540955, 0.7105779647827148, 1.5778000345861073e-16, 0, -2.220446049250313e-16, 1, 0.7105779647827148, 0.7036184668540955, 1.5623468449057386e-16]}, "segments": [54857, 40995, 41169, 41304, 41264, 54964, 41118, 40625, 57384, 54664, 39244, 35487, 36076, 40604, 35213, 37267, 7050, 39243, 35467, 54854, 51098, 40386], "label": "armchair"}, {"objectId": 3, "id": 3, "partId": 3, "index": 2, "dominantNormal": [0, -2.220446049250313e-16, 1], "obb": {"axesLengths": [1.0068061002224298, 0.9106279408046313, 1.049929335797303], "centroid": [-0.48532143478823675, 1.9342794167034703, -0.8225660282836259], "normalizedAxes": [0.9548062086105347, 0.29722896218299866, 6.599808748020101e-17, 0, -2.220446049250313e-16, 1, 0.29722896218299866, -0.9548062086105347, -2.120095673708932e-16]}, "segments": [28310, 27808, 17802, 36322, 27166, 49312, 26878, 17753, 26532, 18142, 29444, 20041, 17449, 17557, 17596, 17628, 17633, 17779, 18028, 18043, 18546, 18576, 18729, 20315, 24084, 24107, 24117, 28638, 30233, 30350, 46832, 47631, 47635, 26683, 30143], "label": "armchair"}, {"objectId": 4, "id": 4, "partId": 4, "index": 3, "dominantNormal": [0, -2.220446049250313e-16, 1], "obb": {"axesLengths": [0.9036622922787552, 0.8908089498249671, 0.9830875988161721], "centroid": [0.4022572546757768, 0.774966588915906, -0.8107255509624888], "normalizedAxes": [-0.5635787844657898, 0.8260623216629028, 1.834226818570934e-16, 0, -2.220446049250313e-16, 1, 0.8260623216629028, 0.5635787844657898, 1.2513962854083567e-16]}, "segments": [25432, 27332, 46155, 6899, 6851, 45445, 41554, 5058, 12275, 25020, 48325, 21795, 24996, 27338, 27217, 49049, 47858, 48895, 8657, 8730, 12125, 12177, 12329, 16927, 25015, 25047, 37765, 45400, 46184, 48305, 48876, 48879, 49032, 49436, 49440, 49444, 49446], "label": "armchair"}, {"objectId": 5, "id": 5, "partId": 5, "index": 4, "dominantNormal": [0.5295196175575256, -0.8482977151870728, -1.883599310275203e-16], "obb": {"axesLengths": [0.5282386658443329, 1.2319929436148784, 0.4676506722136707], "centroid": [-1.8470204704471604, 1.4199847581408815, -0.6584735452271212], "normalizedAxes": [0.8482977151870728, 0.5295196175575256, 1.1757697428061445e-16, 0, -2.220446049250313e-16, 1, 0.5295196175575256, -0.8482977151870728, -1.883599310275203e-16]}, "segments": [28898, 35545, 37149, 37436, 37670, 8825, 8857, 8863, 8882, 28801, 28805, 28815, 28886, 28900, 31136, 31137, 31164, 31234, 31237, 31269, 33340, 33351, 33710, 35507, 35533, 35556, 35599, 35746, 35769, 37422, 37431, 37500, 37501, 37646, 50058, 50061, 51499, 51502, 51645, 51704, 52810, 52830, 52998, 53250, 53275, 53299, 53302, 53336, 51094, 50434, 8846, 31135, 31168, 31213, 31222, 31246, 33667, 50477, 50485, 50488, 50492, 51636, 51665, 53121, 53116, 33318], "label": "stair"}, {"objectId": 7, "id": 7, "partId": 7, "index": 5, "dominantNormal": [0.4393131136894226, -0.8983340263366699, -1.9947022396863854e-16], "obb": {"axesLengths": [2.6003318629136314, 2.4151600059458596, 0.4881002076353929], "centroid": [-1.8300479248634924, 2.0958454837099523, -0.10291005376860496], "normalizedAxes": [0.8983340263366699, 0.4393131136894226, 9.75471067675532e-17, 0, -2.220446049250313e-16, 1, 0.4393131136894226, -0.8983340263366699, -1.9947022396863854e-16]}, "segments": [56208, 31399, 2194, 46983, 1857, 49567, 11785, 9461, 42847, 30961, 34558, 37742, 1698, 43871, 1645, 56159, 12758, 17620, 12959, 10951, 50988, 28915, 28752, 11804, 31605, 31763, 35985, 50150, 7763, 7982, 38662, 35340, 46961, 14590, 14582, 29336, 31710, 55956, 1298, 1530, 73, 98, 101, 347, 368, 389, 395, 411, 412, 423, 521, 559, 1318, 1320, 1336, 1401, 1457, 1509, 1532, 1542, 1586, 1627, 1753, 1863, 2168, 2583, 2590, 2592, 2637, 2645, 2783, 2857, 2896, 2901, 3008, 3032, 3047, 3168, 3358, 3401, 3425, 4360, 4361, 4440, 4464, 4574, 4679, 5014, 5021, 5051, 5130, 5212, 5279, 5317, 5321, 5323, 5701, 5751, 5781, 5877, 5893, 6077, 6123, 6446, 6531, 7080, 7165, 7215, 7254, 7255, 7311, 7375, 7385, 7394, 7396, 7449, 7459, 7484, 7523, 7534, 7563, 7581, 7582, 7587, 7775, 7831, 7841, 8113, 9469, 9471, 10325, 10335, 10339, 10418, 11479, 11844, 11894, 11924, 12003, 12061, 12070, 12618, 12625, 12628, 12647, 12659, 12665, 12678, 12691, 12694, 12701, 12704, 12708, 12719, 12722, 12770, 12776, 12803, 12812, 12821, 12823, 12848, 12874, 12886, 12891, 12921, 12925, 13041, 13068, 13653, 13667, 13704, 13753, 13794, 13862, 13869, 13872, 13873, 13899, 13916, 13968, 14422, 14486, 14556, 14564, 14576, 14656, 17270, 17549, 19979, 21327, 21332, 21416, 21475, 21876, 21972, 22001, 22107, 22120, 22538, 22572, 22576, 22580, 25717, 28524, 29660, 30588, 30904, 30920, 30932, 31001, 31020, 31364, 31422, 31451, 31501, 31516, 31929, 32089, 32191, 32294, 32384, 32418, 32467, 32506, 33916, 33993, 33998, 34007, 34048, 34193, 34201, 34219, 34239, 34445, 34665, 35669, 35819, 35843, 35869, 35890, 35896, 35904, 35912, 36026, 37106, 37359, 37585, 37697, 37993, 38285, 38543, 39498, 39639, 39933, 40065, 40706, 40925, 41178, 41825, 41844, 41936, 41961, 41968, 41979, 42014, 42216, 42385, 42434, 42698, 42836, 42842, 42922, 43609, 43637, 43638, 43643, 43649, 43775, 43827, 43846, 43884, 43890, 43961, 43996, 44001, 44016, 44055, 44061, 44067, 44082, 44191, 44192, 44270, 44272, 44299, 44330, 44346, 44418, 44430, 44437, 44439, 44440, 44523, 44545, 44575, 44577, 44585, 44634, 44724, 44751, 44755, 44759, 44762, 44828, 44861, 45102, 45217, 45219, 45226, 45229, 45375, 45490, 45493, 45516, 45518, 45521, 45524, 45527, 45533, 45568, 45576, 45579, 45696, 45811, 45922, 45965, 46008, 46062, 46103, 47425, 47440, 47473, 47509, 47522, 47657, 47667, 47677, 49578, 49880, 49886, 49957, 50009, 50025, 50096, 50122, 50125, 50192, 50219, 50423, 50565, 50594, 50782, 50852, 51000, 51017, 51078, 51763, 51837, 51856, 51869, 51936, 51942, 52015, 52082, 52086, 52339, 53037, 53048, 53567, 53890, 53962, 54511, 54521, 54848, 55981, 56033, 56035, 56264, 56266, 56291, 56334, 56456, 57023, 57271, 57402, 57423, 57448, 57519, 58085, 58141, 58367, 30559, 34412, 4500, 54043, 31816, 651, 25707, 24878, 8235, 44485, 5281, 43578, 58292, 34660, 32674, 37839, 33614, 53584, 38344, 33190, 40674, 34457, 50416, 43322, 50892, 51184, 37888, 54779, 34394, 43160, 43545, 51548, 34497, 24291, 5148, 50906, 29059, 27065, 27108, 25413, 46571, 48392, 48862, 27172, 15387, 15298, 44515, 7759, 24946, 48130, 44499, 7096, 3227, 34592, 7187, 52049, 1198, 1295, 1608, 1774, 1819, 2258, 2281, 2302, 2363, 2404, 2408, 2756, 2759, 2766, 2838, 3320, 4521, 4555, 4697, 5217, 5632, 5670, 5694, 5830, 7403, 7816, 7845, 7924, 7947, 7965, 8060, 8135, 8175, 8191, 8240, 8260, 8391, 8789, 9347, 11485, 11715, 11761, 11821, 12671, 12899, 13731, 14005, 14104, 14169, 15400, 15447, 15488, 16827, 16968, 16993, 17002, 17013, 17016, 17023, 17024, 17053, 17090, 17117, 17140, 17157, 17187, 17206, 17254, 17256, 17278, 17316, 17320, 17328, 17353, 17355, 17365, 17375, 17386, 17414, 17427, 17441, 17477, 19447, 21261, 21277, 21324, 23997, 24008, 24359, 24924, 25344, 25345, 25483, 25496, 25535, 25540, 27077, 27134, 28471, 30882, 30889, 31595, 31820, 32235, 32832, 32991, 33119, 33144, 33386, 33409, 33416, 33426, 33486, 33527, 33533, 33555, 33586, 33907, 33923, 34263, 34266, 34275, 34311, 34486, 34542, 34553, 34603, 36019, 36092, 37147, 37862, 38359, 38394, 38420, 39225, 40170, 40557, 40821, 41561, 41729, 41962, 41991, 43298, 43314, 43595, 43807, 43873, 43913, 44049, 44085, 44087, 44091, 44234, 44434, 44488, 44492, 44580, 45411, 45840, 46488, 46491, 46509, 46545, 46550, 46552, 46555, 46597, 46606, 46616, 46647, 46655, 46700, 47442, 47443, 47490, 47511, 48255, 48256, 48259, 48387, 48757, 48833, 48859, 49427, 49431, 50081, 50227, 50329, 50558, 50725, 50728, 50785, 50976, 51082, 51087, 51092, 51240, 51243, 51298, 51305, 51329, 51333, 51335, 51338, 51362, 51367, 51408, 52655, 53342, 53505, 53527, 54761, 54771, 56292, 56483, 57327, 58169, 58198, 58219, 58243, 58266, 17084, 12881], "label": "bookshelf"}, {"objectId": 8, "id": 8, "partId": 8, "index": 6, "dominantNormal": [0, -2.220446049250313e-16, 1], "obb": {"axesLengths": [1.5685643680810344, 0.5381799816001952, 0.8618054626934951], "centroid": [-1.2415250315888147, 0.331829540911904, -0.999090067421197], "normalizedAxes": [0.9013360738754272, 0.4331204295158386, 9.617205465680426e-17, 0, -2.220446049250313e-16, 1, 0.4331204295158386, -0.9013360738754272, -2.0013681242834808e-16]}, "segments": [22341, 26285, 29593, 52149, 20802, 15766, 21101, 30763, 30625, 57832, 4119, 9504, 9506, 11029, 11039, 11955, 20837, 21076, 22365, 22412, 29361, 29423, 29498, 29615, 29969, 30083, 30441, 30452, 34075, 36165, 36203, 38741, 45384, 49460, 49464, 49635, 49656, 49767, 49795, 50789, 52091, 52271, 52092, 29507, 57691, 36582, 36167, 49837, 32774, 49800, 30387, 31879, 29413, 9851, 8999, 9678, 8985, 22320, 38736, 30689, 38770, 44979, 9941, 10510, 30344], "label": "coffee table"}, {"objectId": 9, "id": 9, "partId": 9, "index": 7, "dominantNormal": [0.23406890034675598, -0.9722200036048889, -2.1587620660066007e-16], "obb": {"axesLengths": [0.7384733088506231, 0.8661380216597458, 0.6131046518200052], "centroid": [-1.7888022293233519, -1.5713593118931153, -1.016931078308201], "normalizedAxes": [0.9722200036048889, 0.2340688854455948, 5.1973733194009505e-17, 0, -2.220446049250313e-16, 1, 0.2340688854455948, -0.9722200036048889, -2.1587620660066007e-16]}, "segments": [54600, 54614, 42504, 41726, 57557, 55918, 9698, 9700, 38501, 38960, 38966, 39306, 39354, 39370, 39374, 39408, 39414, 39417, 39452, 39469, 39476, 39839, 39858, 39868, 39888, 39911, 39924, 39928, 39943, 39961, 40164, 40204, 40226, 41642, 41649, 41667, 41690, 41709, 42482, 49693, 53964, 53965, 53974, 54382, 54385, 54387, 54417, 54427, 54432, 54605, 54631, 54635, 55916, 55926, 57159, 57602, 57053, 54058, 38953, 57186, 57143, 49714, 30545, 38648], "label": "armchair"}, {"objectId": 10, "id": 10, "partId": 10, "index": 8, "dominantNormal": [0, -2.220446049250313e-16, 1], "obb": {"axesLengths": [4.21312657908637, 0.4800000083446497, 2.5520766980472533], "centroid": [0.021827753667671534, -1.4417780610002033, -1.350000067531391], "normalizedAxes": [0.9611208438873291, 0.27612802386283875, 6.131273796735365e-17, 0, -2.220446049250313e-16, 1, 0.27612802386283875, -0.9611208438873291, -2.1341169806617468e-16]}, "segments": [38272, 9102, 22900, 16217, 34929, 29414, 18822, 19842, 16381, 18715, 20069, 300, 38236, 41658, 23351, 4334, 2475, 56572, 1141, 15973, 14718, 21215, 12, 17, 622, 643, 658, 667, 684, 685, 767, 770, 910, 997, 1000, 1003, 1021, 1241, 1254, 1395, 1425, 1431, 1937, 2041, 2117, 2132, 2184, 2284, 2384, 2390, 3143, 3167, 3169, 3539, 3782, 3811, 3849, 3897, 3942, 3948, 3956, 3963, 4060, 4065, 4078, 4289, 4857, 4873, 5556, 5646, 5927, 6454, 6456, 6468, 6473, 6528, 6550, 6555, 6556, 6567, 7139, 7142, 7190, 7295, 7680, 10997, 11646, 11703, 12141, 12143, 12185, 12435, 12441, 12507, 12697, 13268, 13316, 13360, 13467, 13504, 13555, 14225, 14243, 14730, 14908, 14929, 14938, 14943, 14987, 14989, 15320, 15883, 15916, 15934, 15937, 16027, 16361, 16447, 16592, 16629, 16679, 16704, 16723, 16743, 18670, 18735, 19549, 19678, 19877, 20180, 20954, 20970, 21583, 21649, 21679, 21741, 21821, 21848, 21909, 21947, 21983, 22942, 23116, 23128, 23397, 23409, 24288, 24356, 25071, 25246, 25341, 26531, 26567, 26757, 26947, 26959, 26998, 27023, 27044, 27452, 27494, 27499, 27542, 27566, 27708, 28711, 29386, 29389, 29402, 29408, 30623, 30683, 34790, 34882, 34953, 34979, 34999, 36249, 36257, 36260, 36271, 36313, 36335, 36898, 36909, 38563, 38668, 39745, 39780, 39995, 40003, 40303, 41037, 41080, 41960, 42099, 42136, 42143, 42208, 42741, 43218, 43234, 43491, 43615, 43668, 43688, 43829, 44095, 44642, 44645, 44648, 45260, 45290, 45312, 45314, 46146, 46171, 46177, 46794, 47033, 47115, 47117, 47160, 47164, 47167, 47397, 47998, 48001, 48008, 48010, 48151, 48153, 48708, 48714, 48720, 48755, 50527, 50674, 51248, 51290, 51292, 52275, 53154, 53757, 56508, 56995, 27013, 5581, 39703, 38584, 11694, 11661, 11595, 56524, 972, 952, 44657, 43672, 837, 878, 999, 1840, 3987, 6562, 6575, 6582, 6594, 6602, 9738, 9748, 9752, 9768, 9769, 9772, 9804, 11586, 11625, 11669, 39577, 43645, 44112, 44662, 45297, 45300, 45302, 45305, 54104, 19143, 4809, 3090], "label": "floor"}, {"objectId": 11, "id": 11, "partId": 11, "index": 9, "dominantNormal": [-0.18185541033744812, -0.9833253026008606, -2.1834207832879495e-16], "obb": {"axesLengths": [0.6703201520972715, 0.8315399699313941, 0.33798148816498635], "centroid": [-0.9896967522371196, -1.464777823595243, -1.0657700204595923], "normalizedAxes": [0.9833253026008606, -0.18185539543628693, -4.038000943313567e-17, 0, -2.220446049250313e-16, 1, -0.18185539543628693, -0.9833253026008606, -2.1834207832879495e-16]}, "segments": [11165, 19230, 19359, 36632, 36628, 20859, 47278, 15906, 21213, 47288, 20850, 21778, 52619, 52695, 36620, 11240, 20852, 47275, 20907, 11122, 19291], "label": "coffee table"}, {"objectId": 12, "id": 12, "partId": 12, "index": 10, "dominantNormal": [-0.6045717597007751, -0.7965506911277771, -1.768697835142279e-16], "obb": {"axesLengths": [0.8719194712004287, 1.8255399951590592, 0.6957048126815364], "centroid": [-2.1175244454225717, -1.8431933934329656, -0.5627700852274884], "normalizedAxes": [0.7965506911277771, -0.6045717597007751, -1.3424189753158958e-16, 0, -2.220446049250313e-16, 1, -0.6045717597007751, -0.7965506911277771, -1.768697835142279e-16]}, "segments": [30823, 30862, 30860, 49702, 4165, 3602, 1529, 39986, 41754, 42455, 26846, 44972, 39597, 54487, 54561, 3591, 5241, 5206], "label": "wall"}, {"objectId": 14, "id": 14, "partId": 14, "index": 11, "dominantNormal": [0.8900898694992065, 0.45578503608703613, 1.0120460826868708e-16], "obb": {"axesLengths": [0.46953890734354575, 0.45999999806284886, 0.06037810125033781], "centroid": [-3.1274929799430833, 0.48756938006358486, 0.13999992360241764], "normalizedAxes": [-0.45578503608703613, 0.8900898694992065, 1.97639653420724e-16, 0, -2.220446049250313e-16, 1, 0.8900898694992065, 0.45578503608703613, 1.0120460826868708e-16]}, "segments": [11379, 54232, 19643], "label": "painting"}, {"objectId": 15, "id": 15, "partId": 15, "index": 12, "dominantNormal": [0.85170578956604, 0.524020254611969, 1.1635587040802897e-16], "obb": {"axesLengths": [0.46202440828275154, 0.41999999612569794, 0.06360631525621657], "centroid": [-3.3672134409438037, 0.9337200831364686, 0.1599999245709931], "normalizedAxes": [-0.524020254611969, 0.85170578956604, 1.8911667555655321e-16, 0, -2.220446049250313e-16, 1, 0.85170578956604, 0.524020254611969, 1.1635587040802897e-16]}, "segments": [13244, 8425], "label": "painting"}, {"objectId": 16, "id": 16, "partId": 16, "index": 13, "dominantNormal": [0.8829130530357361, 0.4695364832878113, 1.0425804292953062e-16], "obb": {"axesLengths": [0.631981100307975, 0.5399999795854094, 0.06655186680037799], "centroid": [-3.144379174001764, 0.5046164323011588, 0.619999902144746], "normalizedAxes": [-0.4695364832878113, 0.8829130530357361, 1.9604608004447323e-16, 0, -2.220446049250313e-16, 1, 0.8829130530357361, 0.4695364832878113, 1.0425804292953062e-16]}, "segments": [11337, 27934], "label": "painting"}, {"objectId": 18, "id": 18, "partId": 18, "index": 14, "dominantNormal": [0.8955876231193542, 0.4448851943016052, 9.878435720569572e-17], "obb": {"axesLengths": [2.5412302851499504, 2.6859800215218943, 0.3987083870058736], "centroid": [-3.0242142983352314, 0.33103502037668764, -0.00701005677044364], "normalizedAxes": [-0.4448851943016052, 0.8955876231193542, 1.9886039995128485e-16, 0, -2.220446049250313e-16, 1, 0.8955876231193542, 0.4448851943016052, 9.878435720569572e-17]}, "segments": [40843, 31883, 30522, 29311, 54240, 17932, 23478, 17728, 17850, 14030, 789, 33632, 32443, 32042, 50405, 32058, 35106, 35155], "label": "wall"}, {"objectId": 19, "id": 19, "partId": 19, "index": 15, "dominantNormal": [0.4242333769798279, -0.9055529236793518, -2.010731411770887e-16], "obb": {"axesLengths": [0.9681365868766342, 1.2599999623000622, 0.2668600300000731], "centroid": [-3.253880414162797, -0.4036635957000686, -0.10000009547106825], "normalizedAxes": [0.9055529236793518, 0.4242333769798279, 9.419873258749775e-17, 0, -2.220446049250313e-16, 1, 0.4242333769798279, -0.9055529236793518, -2.010731411770887e-16]}, "segments": [29303, 9344, 16798, 35650, 12254, 4911, 1918, 1984, 1986, 2013, 2073, 4927, 4938, 4954, 4978, 6224, 6285, 16790, 22171, 34680, 34681, 35124, 42567, 42590, 42592, 44365, 44551, 44715, 44939, 46395, 54920, 57260, 42589, 15353], "label": "window"}, {"objectId": 20, "id": 20, "partId": 20, "index": 16, "dominantNormal": [0.8843990564346313, 0.4667315185070038, 1.0363521563294759e-16], "obb": {"axesLengths": [1.59490389074358, 0.8297928013698874, 0.5684909187520887], "centroid": [-2.7345072085778783, -0.9151289092074892, -0.31510367593615585], "normalizedAxes": [-0.46673154830932617, 0.8843990564346313, 1.9637603908209819e-16, 0, -2.220446049250313e-16, 1, 0.8843990564346313, 0.46673154830932617, 1.036352222503925e-16]}, "segments": [57193, 42670, 6261, 6263, 36747, 43113, 33787, 51162, 2068, 44562, 5026, 50709, 1975, 32780, 14843, 51726, 22004, 35309, 2035, 4735, 5885, 6201, 6205, 14801, 14807, 14838, 20361, 20507, 20535, 21832, 21843, 21897, 21899, 21921, 21931, 21959, 21965, 21985, 22011, 33001, 33021, 33773, 33792, 35244, 35278, 36666, 42596, 43497, 44093, 46159, 47207, 47565, 47574, 47596, 47603, 47608, 51100, 51744, 51758, 5375, 5365, 53845, 5398, 5407, 5425, 21880, 21932, 26861, 26914, 38948, 44423, 44427, 47225, 47232, 47567, 53834, 53885, 26910, 26838, 26879, 38910, 38911, 38917, 38990, 53888, 39045, 42436], "label": "frame"}, {"objectId": 21, "id": 21, "partId": 21, "index": 17, "dominantNormal": [0, -2.220446049250313e-16, 1], "obb": {"axesLengths": [3.778064031649415, 0.4115000275187186, 1.64229941369839], "centroid": [-1.634462185570018, 1.8235374682688388, 1.1557499067398909], "normalizedAxes": [0.818593442440033, 0.5743733644485474, 1.2753650678843872e-16, 0, -2.220446049250313e-16, 1, 0.5743733644485474, -0.818593442440033, -1.8176425752081847e-16]}, "segments": [20001, 12542, 14128, 53228, 6014, 18921], "label": "ceiling"}, {"objectId": 22, "id": 22, "partId": 22, "index": 18, "dominantNormal": [0.4360407888889313, -0.8999269008636475, -1.9982391316367642e-16], "obb": {"axesLengths": [3.870851467014711, 2.57999998524785, 0.263339251827794], "centroid": [-1.8725910159198387, 2.214758181105474, -0.10000003586642436], "normalizedAxes": [0.8999269008636475, 0.4360407888889313, 9.682050470004173e-17, 0, -2.220446049250313e-16, 1, 0.4360407888889313, -0.8999269008636475, -1.9982391316367642e-16]}, "segments": [9058, 22786, 25986, 13509, 36991, 15585, 851, 15317, 25523, 38248, 48348, 48350, 49466, 51343, 1157, 362, 46906, 25306, 48248, 14524], "label": "wall"}, {"objectId": 25, "id": 25, "partId": 25, "index": 19, "dominantNormal": [0.7225250601768494, 0.691344678401947, 1.5350935598278315e-16], "obb": {"axesLengths": [0.8763830128895997, 2.449949925021455, 0.45684605792897154], "centroid": [0.06818846777912002, 2.81320163818999, -0.0949750664009521], "normalizedAxes": [-0.6913447380065918, 0.7225250601768494, 1.60432791535403e-16, 0, -2.220446049250313e-16, 1, 0.7225250601768494, 0.6913447380065918, 1.5350936921767295e-16]}, "segments": [4219, 43745, 234, 172, 6930, 1043, 6945, 6935, 13578, 36813, 36793, 14356, 9144, 48549, 26161, 47891, 9122, 239, 900, 8515, 8663, 9141, 9191, 9196, 10769, 13576, 13594, 13610, 13624, 13625, 19008, 19023, 22835, 22846, 22864, 22880, 22898, 22912, 22946, 23090, 26106, 26144, 26182, 26326, 26351, 26354, 26411, 26441, 26654, 36142, 36562, 36566, 36571, 36702, 36706, 36751, 36757, 47026, 47847, 47848, 48538, 48574, 49448, 52611, 48571], "label": "wall"}, {"objectId": 26, "id": 26, "partId": 26, "index": 20, "dominantNormal": [0.8992355465888977, 0.4374648332595825, 9.71367060697187e-17], "obb": {"axesLengths": [2.5064645255271727, 1.4689599245274074, 0.5304156873591851], "centroid": [0.847843712844629, 1.43829125075314, -0.5844800335203855], "normalizedAxes": [-0.4374648332595825, 0.8992355465888977, 1.9967040167687638e-16, 0, -2.220446049250313e-16, 1, 0.8992355465888977, 0.4374648332595825, 9.71367060697187e-17]}, "segments": [23426, 13415, 47893, 20977, 18311, 4088, 15686, 15742, 23383, 27992, 27996, 27999, 28016, 28030, 28038, 43908, 46310, 47881, 47884, 47885, 49155, 49306, 49275, 10633, 6712, 13597, 9610, 7001, 12675, 3444, 3732, 3856, 3868, 3883, 4094, 10734, 19995, 22596, 22600, 22612, 22618, 22643, 22645, 22656, 22660, 22664, 22716, 22763, 23814, 23821, 23834, 23864, 25734, 25846, 44757, 44908, 47731, 47755, 47759, 47838, 48047, 48051, 48224, 48227, 48402, 48405, 48435, 49294, 25850, 25777, 25874, 48474, 23931, 23925, 24259, 48076, 14851, 20575, 3621, 12543, 23201, 23215, 23350, 24113, 24162, 24222, 24235, 25772, 25797, 25834, 27514, 48070, 28266, 49180, 49186, 28134, 8472, 8489, 20301, 21556, 21612, 23569, 23577, 24632, 24634, 24664, 24699, 24704, 24705, 24708, 24713, 24725, 24729, 24758, 24766, 24770, 24774, 26812, 26816, 26825, 27646, 27688, 28194, 28200, 44868, 48156, 48160, 48162, 48173, 48179, 48214, 48689, 48692, 49169, 26147, 23510, 48479], "label": "showcase"}, {"objectId": 28, "id": 28, "partId": 28, "index": 21, "dominantNormal": [0, -2.220446049250313e-16, 1], "obb": {"axesLengths": [4.7571862372154134, 0.6262099602920564, 4.427495659865198], "centroid": [-1.1754360035183347, 0.8153985913393733, -1.1631050588532896], "normalizedAxes": [0.9976798892021179, 0.06808006018400192, 1.511681006682906e-17, 0, -2.220446049250313e-16, 1, 0.06808006018400192, -0.9976798892021179, -2.2152943683953328e-16]}, "segments": [28276, 3233, 16938, 11819, 55355, 11566, 22122, 14416, 12536, 23157, 30645, 19771, 39188, 45135, 13101, 55379, 18445, 19249, 28086, 55570, 55658, 35181, 37372, 38463, 38018, 55783, 38455, 38403, 38047, 53488, 6987, 6985, 39544, 40068, 32386, 32066, 55296, 10518, 10528, 10023, 30025, 10166, 9031, 45013, 10191, 45019, 19681, 23303, 55627, 35396, 40094, 40494, 41492, 30244, 28700, 17631, 55091, 51709], "label": "floor"}, {"objectId": 29, "id": 29, "partId": 29, "index": 22, "dominantNormal": [0.9991618990898132, 0.04093311354517937, 9.0889770254908e-18], "obb": {"axesLengths": [0.31576790094707824, 0.30696397333672687, 0.2547537327382176], "centroid": [-1.8239080403735102, 0.1594994744933793, -0.7365180529978568], "normalizedAxes": [-0.04093311354517937, 0.9991618990898132, 2.2185850913954158e-16, 0, -2.220446049250313e-16, 1, 0.9991618990898132, 0.04093311354517937, 9.0889770254908e-18]}, "segments": [39201, 29824, 53719, 29832, 29925, 29962, 31849, 39105, 49591, 53728, 53762, 53763, 57360], "label": "item"}, {"objectId": 30, "id": 30, "partId": 30, "index": 23, "dominantNormal": [0.735057532787323, -0.6780047416687012, -1.5054729500112466e-16], "obb": {"axesLengths": [0.21482223651489177, 0.22965001546628727, 0.20073896800063226], "centroid": [-1.6392134950025574, 0.3991125536506386, -0.7867670621991821], "normalizedAxes": [0.6780047416687012, 0.735057532787323, 1.6321555946492938e-16, 0, -2.220446049250313e-16, 1, 0.735057532787323, -0.6780047416687012, -1.5054729500112466e-16]}, "segments": [29888, 30610, 30248], "label": "item"}, {"objectId": 31, "id": 31, "partId": 31, "index": 24, "dominantNormal": [0, -2.220446049250313e-16, 1], "obb": {"axesLengths": [0.9039401189093214, 0.22591602297314925, 0.6043442949872736], "centroid": [-1.3891325482663643, 0.2304747219875835, -0.8170420487432475], "normalizedAxes": [0.7354708313941956, 0.6775563955307007, 1.5044774216004268e-16, 0, -2.220446049250313e-16, 1, 0.6775563955307007, -0.7354708313941956, -1.6330733019080847e-16]}, "segments": [29560, 32903, 43117, 43101, 43181, 29419, 29567, 29582, 29882, 29900, 29908, 29994, 30708, 31107, 43036, 43114, 49472, 49682, 49687, 49690, 57610, 57611, 57615, 57618, 57963, 43069, 30753, 49605], "label": "item"}], "scan_id": "c9fb7aa1-2a5b-2cf7-9222-6f111cb28b2b", "annId": "4500", "appId": "stk.v1"}