{"segGroups": [{"objectId": 2, "id": 2, "partId": 2, "index": 0, "dominantNormal": [0.9964101910591125, -0.084656722843647, -1.8797568578065472e-17], "obb": {"axesLengths": [2.956324275564271, 2.308689959898069, 0.13957984306797952], "centroid": [-0.42443067940666257, 0.5809562350256122, -0.24434500220429212], "normalizedAxes": [0.084656722843647, 0.9964101910591125, 2.212475072169956e-16, 0, -2.220446049250313e-16, 1, 0.9964101910591125, -0.084656722843647, -1.8797568578065472e-17]}, "segments": [30536, 24186, 17054, 38634, 30993, 8579, 9957, 4459, 29610, 38103, 38109, 46211, 40018, 7794, 415], "label": "wall"}, {"objectId": 3, "id": 3, "partId": 3, "index": 1, "dominantNormal": [-0.10139161348342896, -0.9948465824127197, -2.2090031635284995e-16], "obb": {"axesLengths": [3.967287038556848, 2.324819930088073, 0.6217480015482826], "centroid": [1.3980971333992414, -1.194142444566669, -0.25240998729929465], "normalizedAxes": [0.9948465824127197, -0.10139160603284836, -2.2513459104278235e-17, 0, -2.220446049250313e-16, 1, -0.10139160603284836, -0.9948465824127197, -2.2090031635284995e-16]}, "segments": [9113, 7582, 7070, 41527, 5307, 7091, 6295, 6694, 23997, 34003, 40879, 6296, 4482, 19839, 20151, 2002, 2004, 2045, 2222, 20048, 20244, 20363, 39340, 39389, 42556, 10928, 38918, 16435, 14076, 17078, 41052, 42899, 16922, 3932, 3845, 41364, 6753, 15780, 8219, 20759, 13408, 10947, 44559, 11620, 16799, 21185, 18896, 14214, 16770, 30504, 34094, 12952, 13135, 10098, 28998, 45914, 42154, 18449, 42312, 18418, 18451, 3980, 4033, 3319, 6159, 16908, 4444, 8258, 18415, 8298, 8339], "label": "wall"}, {"objectId": 4, "id": 4, "partId": 4, "index": 2, "dominantNormal": [0.9858548045158386, -0.16760161519050598, -3.7215034429773027e-17], "obb": {"axesLengths": [2.602593093271429, 1.240000026524066, 0.732913913694084], "centroid": [3.6132302237146137, 0.027546589073078165, -0.8300000301528722], "normalizedAxes": [0.16760161519050598, 0.9858548045158386, 2.1890374058216336e-16, 0, -2.220446049250313e-16, 1, 0.9858548045158386, -0.16760161519050598, -3.7215034429773027e-17]}, "segments": [11614, 5933, 15057, 13340, 328, 1959, 2887, 4136, 4255, 4279, 13383, 17658, 28598, 40423, 40539, 42751, 43021, 16074, 16151, 1282, 13615, 3474, 20610, 13794, 994, 1256, 1410, 1599, 4265, 13424, 13479, 13523, 13599, 13631, 13778, 13863, 31106, 49374, 49445, 31339, 4341, 30881, 30831, 32123], "label": "wall"}, {"objectId": 5, "id": 5, "partId": 5, "index": 3, "dominantNormal": [0.9963849782943726, 0.08495289832353592, 1.8863332745485888e-17], "obb": {"axesLengths": [1.8993717545373365, 1.299999923259021, 0.6051577142716751], "centroid": [3.7679032639801995, 2.9214343832357574, -0.7799999820966284], "normalizedAxes": [-0.08495289832353592, 0.9963849782943726, 2.2124190885860985e-16, 0, -2.220446049250313e-16, 1, 0.9963849782943726, 0.08495289832353592, 1.8863332745485888e-17]}, "segments": [7503, 34055, 6077, 6935, 8474, 11546, 11570, 9426, 4041, 219, 3139, 3209, 4024, 6111, 10097, 39823, 40256, 40842, 33657, 644, 21413, 21646, 27203, 27740, 26913, 11908, 4397, 21177, 10149, 10084, 27212], "label": "wall"}, {"objectId": 6, "id": 6, "partId": 6, "index": 4, "dominantNormal": [-0.0752396211028099, -0.9971655011177063, -2.2141521974055196e-16], "obb": {"axesLengths": [3.577485547002339, 1.3999999169260275, 0.28320576978231393], "centroid": [1.6266297950847688, 4.388589377484392, -0.729999985263125], "normalizedAxes": [0.9971655011177063, -0.07523961365222931, -1.670655028812125e-17, 0, -2.220446049250313e-16, 1, -0.07523961365222931, -0.9971655011177063, -2.2141521974055196e-16]}, "segments": [2108, 6517, 16229, 22507, 15966, 20482, 26183, 26136, 23666, 31187, 1678, 1679, 1708, 3610, 3615, 3711, 3862, 8111, 12978, 12989, 13078, 15748, 15791, 16170, 16486, 20534, 21316, 22052, 22549, 22551, 22931, 23517, 23988, 24141, 26271, 26297, 29045, 29752, 32059, 32063, 33001, 33636, 33650, 33681, 36000, 36031, 36035, 39820, 41518, 41581, 41584, 42753, 43064, 43330, 43331, 43357, 43773, 43787, 46818, 46973, 46990], "label": "wall"}, {"objectId": 7, "id": 7, "partId": 7, "index": 5, "dominantNormal": [0.9787436127662659, -0.20508772134780884, -4.553862206164912e-17], "obb": {"axesLengths": [1.62628136155739, 1.4126900025600935, 0.5894334732539211], "centroid": [-0.27283310087662116, 3.7459591189153367, -0.7163450289742275], "normalizedAxes": [0.20508772134780884, 0.9787436127662659, 2.1732473881958333e-16, 0, -2.220446049250313e-16, 1, 0.9787436127662659, -0.20508772134780884, -4.553862206164912e-17]}, "segments": [37018, 38396, 49064, 30908, 25863, 43753, 36950, 31296, 33590, 25075, 25959, 26057, 28433, 29804, 29935, 30620, 30639, 30716, 30754, 30768, 30893, 32934, 33016, 33342, 35386, 35400, 35436, 35468, 35484, 35514, 35530, 35545, 35564, 35638, 35651, 35674, 35681, 35715, 36833, 36873, 36988, 36993, 43551, 43721, 44803, 44877, 46215, 46590, 46610, 46616, 46638, 47234, 47238, 47776], "label": "wall"}, {"objectId": 8, "id": 8, "partId": 8, "index": 6, "dominantNormal": [0, -2.220446049250313e-16, 1], "obb": {"axesLengths": [2.2005450726946365, 0.28052603571431245, 1.857746138816633], "centroid": [1.4642775098127496, 0.3808830935697547, -0.6497370140838552], "normalizedAxes": [0.955571711063385, 0.294758677482605, 6.544957408984974e-17, 0, -2.220446049250313e-16, 1, 0.294758677482605, -0.955571711063385, -2.121795430606055e-16]}, "segments": [21205, 23939, 17630, 10665, 10531, 17823, 13184, 9771, 3455, 9654, 9684, 9705, 9734, 9748, 9749, 10515, 10545, 10546, 10602, 10625, 10644, 13303, 13623, 13644, 13780, 13788, 14458, 17599, 17604, 17715, 17888, 17977, 18614, 18623, 18626, 40386, 40394, 40395, 40397, 40862, 40863, 40866, 40874, 42394, 43314, 43318, 43322, 43328, 45713, 21925, 33219, 35857, 26592, 32647, 8688, 3635, 111, 14055, 1764, 9811], "label": "table"}, {"objectId": 9, "id": 9, "partId": 9, "index": 7, "dominantNormal": [0, -2.220446049250313e-16, 1], "obb": {"axesLengths": [1.189309422396941, 0.7757589643651475, 1.1510758667690515], "centroid": [0.9739450617540486, 3.420798069721197, -0.9821205201051275], "normalizedAxes": [-0.5037790536880493, 0.8638325333595276, 1.9180935359120523e-16, 0, -2.220446049250313e-16, 1, 0.8638325333595276, 0.5037790536880493, 1.1186142094566905e-16]}, "segments": [27516, 37112, 26920, 26893, 26911, 27869, 27875, 27877, 28830, 28843, 28845, 28848, 30962, 30969, 30980, 32332, 43580, 44043, 44047, 44050, 44053, 45872, 25854, 46235, 34648, 28902], "label": "table"}, {"objectId": 10, "id": 10, "partId": 10, "index": 8, "dominantNormal": [0, -2.220446049250313e-16, 1], "obb": {"axesLengths": [1.044397781851321, 0.17621796929349065, 0.7263841446360104], "centroid": [2.549063089131809, 3.1134958145239926, -0.6357480128840063], "normalizedAxes": [0.8917047381401062, -0.4526176154613495, -1.0050129960722509e-16, 0, -2.220446049250313e-16, 1, -0.4526176154613495, -0.8917047381401062, -1.9799822629009838e-16]}, "segments": [19319, 11821, 11823, 14376, 14392, 16521, 21036], "label": "table"}, {"objectId": 11, "id": 11, "partId": 11, "index": 9, "dominantNormal": [0, -2.220446049250313e-16, 1], "obb": {"axesLengths": [0.7800899674558626, 0.6679719537204808, 0.7969399391817804], "centroid": [1.0897063025814475, 1.0988840530367847, -0.816014001734615], "normalizedAxes": [0.7936152219772339, 0.6084200143814087, 1.3509638172180176e-16, 0, -2.220446049250313e-16, 1, 0.6084200143814087, -0.7936152219772339, -1.7621797842642592e-16]}, "segments": [45952, 33910, 26844, 22750, 34171, 33891, 22679, 27655, 27668, 27675, 27935, 34176, 34297, 35261, 37143, 43951, 43963, 43966, 43995, 43999, 44006, 44067, 44575, 44580, 44582, 44585, 45772, 27930, 37054], "label": "chair"}, {"objectId": 12, "id": 12, "partId": 12, "index": 10, "dominantNormal": [-0.21630050241947174, -0.9763268232345581, -2.1678810374282833e-16], "obb": {"axesLengths": [0.781554756519322, 0.8424600174473218, 0.6565988396424042], "centroid": [1.6460868449510055, 1.0330508613073772, -0.9112300354492664], "normalizedAxes": [0.9763268232345581, -0.21630051732063293, -4.802836291353983e-17, 0, -2.220446049250313e-16, 1, -0.21630051732063293, -0.9763268232345581, -2.1678810374282833e-16]}, "segments": [35099, 34301, 31912, 18019, 22673, 22722, 22752, 31799, 31842, 31883, 31914, 35056, 35897, 35927, 35931, 37295, 39320, 43070, 43377, 45262, 45264, 46027, 46063, 46364, 46373, 46375, 46891, 22694, 21146, 46512, 21124, 21166, 22712, 22768, 35093, 35203, 37419, 37435, 37534, 39310, 43004, 45177, 46066, 22824, 46953, 18082, 18030, 22781, 21373, 21573, 21766, 22785, 22791, 22805, 22810, 22818, 23017, 35941, 43072, 43389, 43393, 43403, 43406], "label": "chair"}, {"objectId": 13, "id": 13, "partId": 13, "index": 11, "dominantNormal": [0.9969382286071777, -0.07819334417581558, -1.736241021528597e-17], "obb": {"axesLengths": [0.8421196256620207, 0.7260460393269497, 0.6177123729465265], "centroid": [2.1914979537155865, 0.86909817706246, -0.8591870307884292], "normalizedAxes": [0.07819334417581558, 0.9969382286071777, 2.2136475510574133e-16, 0, -2.220446049250313e-16, 1, 0.9969382286071777, -0.07819334417581558, -1.736241021528597e-17]}, "segments": [18355, 18161, 40029, 42039, 14107, 10735, 10736, 13219, 13283, 14093, 14165, 14542, 14549, 16612, 16645, 16682, 16711, 41607, 41672, 42015, 42090, 42113, 19095, 19127, 19083, 16626, 14786, 18668, 42132, 6629, 8176, 8405, 9794, 10750, 13259, 13260, 13869, 14726, 14766, 14804, 14814, 18203, 18241, 18249, 19108, 31780, 31790, 40031, 40244, 40905, 41000, 42007, 42011, 42397, 42398, 42551, 42552], "label": "chair"}, {"objectId": 14, "id": 14, "partId": 14, "index": 12, "dominantNormal": [0.9969751238822937, 0.0777212381362915, 1.7257581616257124e-17], "obb": {"axesLengths": [0.7439793221259493, 0.8021149456028275, 0.49226489982156624], "centroid": [0.5539878287113083, 0.5909560721260669, -0.8969425043927324], "normalizedAxes": [-0.0777212381362915, 0.9969751238822937, 2.2137294750252805e-16, 0, -2.220446049250313e-16, 1, 0.9969751238822937, 0.0777212381362915, 1.7257581616257124e-17]}, "segments": [25333, 25273, 25372, 43605, 23378, 23404, 23563, 24708, 24720, 24781, 24783, 24796, 24846, 24856, 24859, 25416, 25433, 25455, 25463, 25633, 25681, 25683, 25692, 25693, 25719, 25720, 25739, 25743, 26977, 30335, 30345, 30357, 30369, 30375, 30386, 32652, 37257, 43440, 43461, 43497, 43626, 43629, 43632, 43635, 43637, 43639, 43642, 43675, 43694, 43713, 45367, 45488, 45491, 45494, 25548, 43823, 24905, 43531, 27000], "label": "chair"}, {"objectId": 15, "id": 15, "partId": 15, "index": 13, "dominantNormal": [0.9105903506278992, 0.41331008076667786, 9.177327359536977e-17], "obb": {"axesLengths": [0.7800475213218842, 1.4807799202029421, 0.7174462171039698], "centroid": [0.7016843082957407, -0.6171090613606829, -0.6703899895092854], "normalizedAxes": [-0.41331008076667786, 0.9105903506278992, 2.021916746537176e-16, 0, -2.220446049250313e-16, 1, 0.9105903506278992, 0.41331008076667786, 9.177327359536977e-17]}, "segments": [2376, 46134, 44610, 2297, 22191, 2275, 2278, 2295, 2304, 2308, 2326, 2329, 2339, 2382, 2745, 2941, 22271, 27223, 27232, 27957, 27973, 27979, 27981, 27994, 27995, 28004, 28022, 29327, 34199, 34379, 34401, 39690, 39694, 39696, 42948, 44108, 44604, 44614, 44617, 46070, 44022, 43855, 44703, 27119, 27097, 2362, 42874, 854, 2481, 4726, 6541, 9566, 14034, 16879, 16919, 20544, 20571, 26219, 27103, 27728, 28915, 28966, 28991, 29085, 29086, 32845, 32874, 33310, 34231, 34246, 34395, 42979, 44038, 44412, 44414, 44418, 44736, 45974, 16543, 45983], "label": "chair"}, {"objectId": 16, "id": 16, "partId": 16, "index": 14, "dominantNormal": [-0.2922799289226532, -0.956332802772522, -2.1234853936847253e-16], "obb": {"axesLengths": [1.15811066490422, 0.8626149699997533, 0.7137922598908788], "centroid": [1.5625733090805483, -0.3582140850401505, -0.9362425280237383], "normalizedAxes": [0.956332802772522, -0.2922799289226532, -6.489918134514676e-17, 0, -2.220446049250313e-16, 1, -0.2922799289226532, -0.956332802772522, -2.1234853936847253e-16]}, "segments": [2442, 2523, 15886, 2576, 873, 883, 895, 900, 925, 987, 1017, 1028, 1099, 1130, 1176, 1184, 1483, 1486, 1772, 1817, 2396, 2403, 2407, 2436, 2448, 2450, 2459, 2543, 2658, 2674, 2678, 2723, 3429, 3482, 3484, 3497, 4708, 6337, 6343, 6357, 8685, 8731, 8760, 13583, 15151, 15161, 15558, 15593, 15718, 15719, 18046, 18785, 19016, 19686, 19772, 20024, 31141, 39373, 39374, 39601, 39679, 39709, 39730, 39736, 39762, 39968, 39999, 40002, 40126, 41302, 41623, 41675, 41688, 41868, 41872, 15536, 15501, 1346, 15890, 1269, 1351, 1353, 1363, 1501, 3745, 3778, 3786, 7176, 7177, 7225, 8787, 10988, 15877, 15934, 39604, 39613, 39637, 39780, 39813, 39816, 40004, 41498, 41511, 43082, 7224, 20309, 41504, 43084, 4949], "label": "chairs"}, {"objectId": 17, "id": 17, "partId": 17, "index": 15, "dominantNormal": [0.9998320937156677, -0.018324878066778183, -4.068940310637133e-18], "obb": {"axesLengths": [0.5691632436830597, 0.6032779975992887, 0.3186341497258447], "centroid": [2.425006480012045, 0.2752847823382105, -0.7973810090490211], "normalizedAxes": [0.018324878066778183, 0.9998320937156677, 2.2200732224046232e-16, 0, -2.220446049250313e-16, 1, 0.9998320937156677, -0.018324878066778183, -4.068940310637133e-18]}, "segments": [2730, 2760, 9809, 5618, 2742, 2756, 2784, 39928, 39959, 40156, 40159, 40161, 5685, 123, 131, 5659, 9862, 9870, 9885, 9896, 9913, 40223, 40248, 12205, 12210, 40661, 12193], "label": "chair"}, {"objectId": 18, "id": 18, "partId": 18, "index": 16, "dominantNormal": [0.8393189311027527, 0.5436393022537231, 1.2071217409064764e-16], "obb": {"axesLengths": [0.6160829692570737, 0.8546389150327682, 0.5718421780957197], "centroid": [2.5847610520642776, 2.757031600866107, -0.9516905018834663], "normalizedAxes": [-0.5436393022537231, 0.8393189311027527, 1.863662404628103e-16, 0, -2.220446049250313e-16, 1, 0.8393189311027527, 0.5436393022537231, 1.2071217409064764e-16]}, "segments": [14411, 14838, 14896, 20254, 7276, 15172, 41061, 40916, 8624, 8631, 12100, 12303, 12373, 12442, 12546, 12565, 12595, 12816, 14311, 14634, 14647, 14648, 14656, 14703, 14914, 14917, 14946, 14950, 14991, 15006, 15261, 15306, 15323, 19679, 20206, 40685, 40708, 40908, 40923, 40925, 40939, 41058, 41068, 41072, 41093, 41223, 41232, 41244, 42643, 42655, 42661, 42667, 12573], "label": "chair"}, {"objectId": 19, "id": 19, "partId": 19, "index": 17, "dominantNormal": [-0.6997886896133423, 0.7143499255180359, 1.5861754698987782e-16], "obb": {"axesLengths": [0.649431437551326, 0.8843809764598087, 0.747640503136772], "centroid": [0.9715576187887596, 2.9400460890925606, -0.9478094945372759], "normalizedAxes": [-0.6997886896133423, 0.7143499255180359, 1.5861754698987782e-16, 0, -2.220446049250313e-16, 1, 0.7143499255180359, 0.6997886896133423, 1.5538430311619995e-16]}, "segments": [27544, 28172, 24644, 46298, 34846, 44200, 25248, 24922, 34830, 31014, 24612, 24639, 24646, 24655, 24667, 24954, 24963, 25148, 25161, 25167, 25197, 25207, 27387, 27390, 27430, 27475, 27562, 28121, 28123, 28193, 28217, 28272, 28275, 28316, 28654, 34874, 34993, 35000, 43458, 43548, 43555, 43935, 43939, 44188, 44212, 44351, 44353, 46283, 46313, 27467, 31375], "label": "chair"}, {"objectId": 21, "id": 21, "partId": 21, "index": 18, "dominantNormal": [0, -2.220446049250313e-16, 1], "obb": {"axesLengths": [1.2705987217197532, 0.18734100042266388, 0.19417667360906507], "centroid": [1.2424047011211288, -1.3744161321629083, -0.5626875168754722], "normalizedAxes": [0.9934701919555664, -0.11409174650907516, -2.5333456778814415e-17, 0, -2.220446049250313e-16, 1, -0.11409174650907516, -0.9934701919555664, -2.2059469627756876e-16]}, "segments": [17908, 12231, 12311], "label": "windowsill"}, {"objectId": 23, "id": 23, "partId": 23, "index": 19, "dominantNormal": [-0.09334912896156311, -0.9956334233283997, -2.2107503013311095e-16], "obb": {"axesLengths": [0.9775191675173787, 0.6971909247966646, 0.2112978783695976], "centroid": [1.3119761274276533, -1.2452133151612061, -1.0489344941843046], "normalizedAxes": [0.9956334233283997, -0.09334913641214371, -2.0727672114727304e-17, 0, -2.220446049250313e-16, 1, -0.09334913641214371, -0.9956334233283997, -2.2107503013311095e-16]}, "segments": [26660, 17933, 33089, 45578, 21223, 35272, 35267, 30500], "label": "radiator"}, {"objectId": 24, "id": 24, "partId": 24, "index": 20, "dominantNormal": [0.9516667723655701, -0.30713245272636414, -6.819710412528138e-17], "obb": {"axesLengths": [0.6725259003228746, 0.8656399652591351, 0.48606465053339154], "centroid": [2.7042592448930587, 3.747738325066666, -0.977179980617092], "normalizedAxes": [0.30713245272636414, 0.9516667723655701, 2.113124724901927e-16, 0, -2.220446049250313e-16, 1, 0.9516667723655701, -0.30713245272636414, -6.819710412528138e-17]}, "segments": [39897, 10281, 9932, 4504, 4888, 4894, 4902, 4920, 9547, 9670, 9931, 10205, 12126, 39415, 39425, 39429, 39430, 39881, 7559, 7330, 7866, 7873, 7890, 7952, 10087, 39404, 39409, 39414, 39421, 39453, 39530, 39533, 8985, 21678, 1624, 1664, 4565, 6799, 6819, 6838, 8949, 17418, 17451, 19414, 41957, 21240, 1589, 20655, 1662, 1625, 1645, 21239, 41946, 43061, 42590, 6809, 6846, 42621, 19421, 20173, 10503, 20177, 42704, 42708, 39861, 10978, 39392], "label": "chair"}, {"objectId": 25, "id": 25, "partId": 25, "index": 21, "dominantNormal": [0.8830452561378479, -0.46928784251213074, -1.0420283358672638e-16], "obb": {"axesLengths": [0.6678356335687637, 0.8477449823674932, 0.41749903908414854], "centroid": [0.9731117345196834, 3.9590067417097274, -0.962897515955251], "normalizedAxes": [0.46928781270980835, 0.8830452561378479, 1.9607543503005151e-16, 0, -2.220446049250313e-16, 1, 0.8830452561378479, -0.46928781270980835, -1.0420282696928148e-16]}, "segments": [44674, 29976, 27179, 26240, 26401, 29987, 27168, 30001, 27186, 32026, 30003, 28892, 47968, 29195, 29214, 29222, 34671, 34700, 34710, 44500, 47989, 48997, 34641], "label": "chair"}, {"objectId": 28, "id": 28, "partId": 28, "index": 22, "dominantNormal": [0.9655463099479675, -0.2602313458919525, -5.778296638768777e-17], "obb": {"axesLengths": [0.7586052951266999, 1.3479574542949166, 0.5933214249128494], "centroid": [0.20786067474411274, 4.160862168641092, -0.716021255619722], "normalizedAxes": [0.2602313458919525, 0.9655463099479675, 2.1439434892921828e-16, 0, -2.220446049250313e-16, 1, 0.9655463099479675, -0.2602313458919525, -5.778296638768777e-17]}, "segments": [38351, 38626, 47094, 38673, 37445, 37979, 47549, 37843, 37946, 38094, 38100, 46889, 46978, 47227, 22367, 22253, 22257, 22276, 22304, 37439, 38249, 42778, 42945, 44960, 47069, 47083, 47098, 47116, 47119, 47121, 47124, 36449, 47135, 22080, 22623, 36195, 36225, 36233, 36285, 36530, 36598, 36607, 36629, 38234, 42936, 47039, 47073, 47074, 47088, 47107, 47182, 22296, 37421, 37492, 23650, 33175, 33201, 33481, 37476, 37503, 37560, 37622, 37656, 42913, 47607, 47615, 47639, 47673, 47867, 42771, 22196, 22359, 23658, 32976, 33166, 33407, 44895, 44956, 22165, 22181, 32843, 32844, 36068, 42754, 46630, 46995, 36132, 36142, 36145, 36152, 36154, 36301, 38456, 32628, 32608, 37708, 22348, 23686, 23731, 32350, 32373, 32415, 32436, 32507, 32551, 32582, 37568, 37647, 37712, 37755, 37782, 37984, 38509, 38533, 38559, 43445, 44740, 44788, 44969, 46750, 47679, 47753, 22437, 32464, 32487, 32566, 32643, 32894, 33006, 37962, 38600, 44745, 47761, 47835, 47928, 37632, 25926, 26022, 26023, 26056, 26086, 32217, 32248, 35574, 36936, 36963, 37686, 37776, 38209, 43730, 46618, 46967, 47332, 47661, 22707, 25995, 26081, 30742, 49311, 47719, 25061, 31592, 32256, 36153, 37630, 37652, 37699, 37757, 37965, 43793, 46646, 46789, 49264, 49266, 49318, 49323, 22213, 25969, 26012, 30810, 30846, 30910, 44906, 46637, 30723, 30731, 36924, 44805, 30759, 38483, 38682, 33388], "label": "floor lamp"}, {"objectId": 29, "id": 29, "partId": 29, "index": 23, "dominantNormal": [0, -2.220446049250313e-16, 1], "obb": {"axesLengths": [1.2181909658440422, 0.6746849862929062, 0.7132548986734384], "centroid": [1.6554249399544991, -0.4823469506800482, -0.8422775361703149], "normalizedAxes": [0.961027204990387, 0.2764538824558258, 6.138509310989489e-17, 0, -2.220446049250313e-16, 1, 0.2764538824558258, -0.961027204990387, -2.1339090605429755e-16]}, "segments": [36203, 41697, 15003, 1789, 39663, 1220, 39802, 1856, 13584, 39388, 15921, 20114, 41877, 18831], "label": "chair"}, {"objectId": 30, "id": 30, "partId": 30, "index": 24, "dominantNormal": [-0.20525172352790833, -0.9787092208862305, -2.1731710228816824e-16], "obb": {"axesLengths": [0.5476646973123497, 1.1908099534181509, 0.3655749426061674], "centroid": [3.0278359192178543, -0.8410025999550395, -0.7945950060581047], "normalizedAxes": [0.9787092208862305, -0.20525172352790833, -4.557503786093616e-17, 0, -2.220446049250313e-16, 1, -0.20525172352790833, -0.9787092208862305, -2.1731710228816824e-16]}, "segments": [11401, 40493, 11411, 22817, 11127, 24535, 44237, 11256, 22832, 24019, 24031, 24541, 25088, 26473, 44041, 45314, 13575, 49229, 6398, 9480, 12017, 12655, 12663, 12685, 12947, 14273, 14386, 14461, 14476, 14523, 15451, 17491, 20084, 21891, 45600, 47520, 47525, 47530, 47559, 47562, 2641, 2488, 2512, 2514, 2555, 5323, 19966, 21108, 39451, 39503, 39504, 45698, 47446, 47492, 2352, 4597, 4613, 4911, 12651, 14506, 22001, 39540, 49039, 49168, 9608, 11255, 39457, 4435, 4812, 13530, 13534, 13603, 49084, 5004, 4457, 5031, 12652, 40432, 44750, 45076, 49255, 13894, 40518, 13470], "label": "plant"}, {"objectId": 31, "id": 31, "partId": 31, "index": 25, "dominantNormal": [0.729105532169342, -0.684401273727417, -1.5196761043499252e-16], "obb": {"axesLengths": [0.1963771726513641, 1.3072959488489633, 0.1921078010862685], "centroid": [0.7175919320600186, -1.340337645927284, 0.05635196010689403], "normalizedAxes": [0.684401273727417, 0.729105532169342, 1.6189394983919626e-16, 0, -2.220446049250313e-16, 1, 0.729105532169342, -0.684401273727417, -1.5196761043499252e-16]}, "segments": [5585, 5561, 5169, 40542, 5432, 5364, 5879, 5373, 5433, 5437, 5463, 5560, 5898, 40579, 5729, 5757, 5784, 5820, 5833, 5848, 5661, 12549, 40328, 12106, 12471, 12472, 12536, 12574, 40266, 40271, 40309], "label": "window"}, {"objectId": 1, "id": 1, "partId": 1, "index": 27, "dominantNormal": [0, -2.220446049250313e-16, 1], "obb": {"axesLengths": [5.893559952894765, 0.3823499594103555, 5.140238340911177], "centroid": [1.9073918563351129, 1.6661793235112576, -1.2811750168615956], "normalizedAxes": [-0.04717365279793739, 0.9988867044448853, 2.2179740365333106e-16, 0, -2.220446049250313e-16, 1, 0.9988867044448853, 0.04717365279793739, 1.0474655098388606e-17]}, "segments": [490, 23207, 56, 171, 177, 231, 232, 236, 275, 373, 386, 517, 518, 723, 817, 2138, 3800, 3832, 3888, 3968, 3991, 4824, 5030, 5102, 5106, 8829, 9190, 9290, 10307, 10356, 10376, 10390, 10398, 10450, 10460, 11463, 11646, 11651, 11699, 12458, 12743, 12768, 12809, 12837, 12860, 12874, 12875, 12935, 13509, 13517, 15069, 15097, 15305, 15313, 15344, 15356, 15403, 15420, 16080, 16848, 16876, 16903, 16905, 16926, 16927, 16937, 17146, 17149, 17156, 17160, 17167, 17191, 17199, 17219, 17234, 18836, 18927, 18928, 19161, 19230, 19284, 19540, 19813, 19909, 19927, 19941, 19945, 19952, 19961, 19970, 19977, 20006, 20027, 20038, 20050, 20079, 20101, 20126, 20133, 20137, 20697, 20719, 20733, 20746, 20752, 20758, 21231, 21348, 21479, 21496, 21576, 21600, 21697, 21727, 21912, 22068, 22586, 22599, 22618, 22626, 22633, 22825, 22870, 22969, 22972, 23094, 23136, 23138, 23161, 23769, 23889, 23953, 23977, 24040, 24074, 24549, 25106, 25113, 25144, 25430, 25672, 25870, 25878, 26757, 26888, 27483, 28480, 28531, 28533, 28694, 28956, 28979, 29021, 29139, 29930, 30548, 30552, 30562, 30646, 30692, 31253, 31429, 31491, 31503, 32226, 32228, 32242, 32265, 32495, 32525, 32595, 33339, 33346, 33678, 33750, 33790, 33818, 33970, 33986, 34115, 34438, 35309, 35422, 35425, 35429, 36115, 36295, 36364, 36379, 36419, 36439, 36483, 36721, 37173, 37179, 37396, 38955, 39104, 39110, 39111, 39114, 39150, 39172, 39196, 39207, 39221, 39238, 39255, 39332, 39336, 39550, 39552, 39555, 39561, 39571, 40132, 40331, 40859, 41259, 41888, 41891, 41903, 41944, 42567, 42669, 42672, 42677, 42682, 42724, 42776, 42782, 42785, 42859, 43441, 43545, 43788, 44324, 44378, 44409, 44422, 45271, 45289, 45290, 45295, 45593, 45900, 46069, 46201, 47365, 47699, 47701, 47703, 48235, 48305, 48363, 48444, 48963, 10731, 4544, 9132, 10150, 10155, 13158, 28261, 28360, 28667, 48906, 38309, 488, 534, 39324, 15366, 48311, 15190, 15264, 15195], "label": "floor"}], "scan_id": "ab835f9d-54c6-29a1-9aa1-f481b67b4a6d", "annId": "3894", "appId": "stk.v1"}