{"segGroups": [{"objectId": 37, "id": 37, "partId": 37, "index": 0, "dominantNormal": [0.9994590282440186, 0.032888561487197876, 7.302727641977452e-18], "obb": {"axesLengths": [0.8791765864976617, 0.8399999848008155, 0.23810452506930152], "centroid": [1.197745899693321, 1.169236755463402, -0.07000009745359415], "normalizedAxes": [-0.032888561487197876, 0.9994590282440186, 2.219244850651988e-16, 0, -2.220446049250313e-16, 1, 0.9994590282440186, 0.032888561487197876, 7.302727641977452e-18]}, "segments": [14209, 16187, 16073, 16413, 71254, 15936, 13745, 14118, 14230, 70493, 13084, 13114, 13163, 13192, 13588, 14045, 15288, 15430, 15885, 15931, 16373, 70744, 71244, 71495, 21091, 13386, 15307, 20980, 72104, 72130, 20689, 15332, 20553], "label": "shelf"}, {"objectId": 38, "id": 38, "partId": 38, "index": 1, "dominantNormal": [0.9936845302581787, 0.112209752202034, 2.49155700964363e-17], "obb": {"axesLengths": [0.25395608257964425, 0.16295298569754535, 0.15206748465924017], "centroid": [1.0652824616277692, 0.16262058170608817, 0.26211539628843594], "normalizedAxes": [-0.112209752202034, 0.9936845302581787, 2.206422889412926e-16, 0, -2.220446049250313e-16, 1, 0.9936845302581787, 0.112209752202034, 2.49155700964363e-17]}, "segments": [28422, 73434, 73452, 28580, 28464, 28173], "label": "item"}, {"objectId": 39, "id": 39, "partId": 39, "index": 2, "dominantNormal": [0.9896373748779297, 0.14358928799629211, 3.188322672460322e-17], "obb": {"axesLengths": [0.5406115100382158, 0.479999993443489, 0.21712573478156466], "centroid": [1.2260025100353373, 0.06871721523561974, -0.030000099241733302], "normalizedAxes": [-0.14358928799629211, 0.9896373748779297, 2.19743639923815e-16, 0, -2.220446049250313e-16, 1, 0.9896373748779297, 0.14358928799629211, 3.188322672460322e-17]}, "segments": [28139, 76170, 73370, 25850, 29935, 27847, 27796, 28320], "label": "shelf"}, {"objectId": 40, "id": 40, "partId": 40, "index": 3, "dominantNormal": [0.2543947696685791, -0.9671004414558411, -2.147394354458856e-16], "obb": {"axesLengths": [0.49934488124843673, 0.37375997661590593, 0.37014986289357127], "centroid": [0.7614294253356193, 0.6956095156017439, -1.4431200617599487], "normalizedAxes": [0.9671004414558411, 0.2543947696685791, 5.648698612605398e-17, 0, -2.220446049250313e-16, 1, 0.2543947696685791, -0.9671004414558411, -2.147394354458856e-16]}, "segments": [55112, 72962, 67877, 11163, 73124, 28710, 21524, 20587, 9655, 9748, 9761, 9824, 9825, 9870, 10055, 10619, 20715, 20733, 20741, 20793, 20889, 24020, 24029, 24938, 25580, 25867, 25911, 25997, 26107, 67714, 67849, 67913, 67915, 72979], "label": "pan"}, {"objectId": 41, "id": 41, "partId": 41, "index": 4, "dominantNormal": [0, -2.220446049250313e-16, 1], "obb": {"axesLengths": [0.6055756504629896, 0.25686001203522046, 0.450085562252749], "centroid": [0.44453449685923196, 0.7332453967984315, -1.4668300736659017], "normalizedAxes": [0.9367966055870056, 0.34987443685531616, 7.768773110490649e-17, 0, -2.220446049250313e-16, 1, 0.34987443685531616, -0.9367966055870056, -2.0801063218267704e-16]}, "segments": [20778, 20847, 21555, 62963, 62943, 62987, 20602, 63060, 90329, 72983, 90218, 64224, 63014], "label": "backpack"}, {"objectId": 42, "id": 42, "partId": 42, "index": 5, "dominantNormal": [0.9276300668716431, -0.373500257730484, -8.293371716716269e-17], "obb": {"axesLengths": [0.33659389181797644, 0.46437334535181474, 0.22428544670962586], "centroid": [-1.591070695716215, -0.3446896644258359, 0.2409782309238988], "normalizedAxes": [0.373500257730484, 0.9276300668716431, 2.0597525171509436e-16, 0, -2.220446049250313e-16, 1, 0.9276300668716431, -0.373500257730484, -8.293371716716269e-17]}, "segments": [47029, 6352, 70636, 6185, 6378, 5646, 6402], "label": "lamp"}, {"objectId": 43, "id": 43, "partId": 43, "index": 6, "dominantNormal": [0.2783758044242859, -0.9604722261428833, -2.1326767599536185e-16], "obb": {"axesLengths": [0.35820907843019717, 0.43590300300934137, 0.34657348783188946], "centroid": [-1.4104609710838218, -1.3502918404794417, -0.6479515903155912], "normalizedAxes": [0.9604722261428833, 0.2783758044242859, 6.181184551407834e-17, 0, -2.220446049250313e-16, 1, 0.2783758044242859, -0.9604722261428833, -2.1326767599536185e-16]}, "segments": [76722, 11534, 11564, 11624, 11627, 11731, 11961, 11974, 70644, 70646, 70652, 11655, 70731, 11606, 11681, 11701, 11977, 12010, 70640, 70675, 70676, 70678, 76664, 31923, 31937, 31948, 31962, 31987, 32005, 33875, 33958, 75595, 75604, 76615, 76619, 76622, 76691, 33994, 76704, 12022, 11629, 11770, 31877, 75590, 11724], "label": "plant"}, {"objectId": 44, "id": 44, "partId": 44, "index": 7, "dominantNormal": [0, -2.220446049250313e-16, 1], "obb": {"axesLengths": [4.796278724157269, 0.7711399621261661, 2.209107328652736], "centroid": [-3.1506966535686973, -1.2248060051314515, 1.3755698772019889], "normalizedAxes": [0.9750406742095947, -0.22202636301517487, -4.9299756058646086e-17, 0, -2.220446049250313e-16, 1, -0.22202636301517487, -0.9750406742095947, -2.1650252129070562e-16]}, "segments": [22240, 63521, 3277, 75034, 93420, 29234, 75024, 3327, 3335, 852, 144, 491, 590, 634, 653, 705, 771, 774, 803, 67650, 1028, 795, 333, 698, 720, 879, 26426, 70758, 70771, 70776, 70779, 73247, 7041, 29, 68674, 71900, 426, 25551, 26369, 26367, 50910, 52527, 67586, 30095, 1480, 1486, 25290, 25330, 30036, 30071, 30091, 50877, 51053, 51841, 67596, 74759, 74796, 25313, 74757, 3298, 3821, 6069, 15544, 29082, 37787, 37799, 46635, 46643, 62242, 62573, 90118, 91445, 29091, 2438, 67755, 70749, 3392, 3783, 1462, 3883, 3233, 2503, 2334], "label": "ceiling"}, {"objectId": 1, "id": 1, "partId": 1, "index": 8, "dominantNormal": [0, -2.220446049250313e-16, 1], "obb": {"axesLengths": [7.5717340021933, 0.2599999846518042, 4.6587875116375805], "centroid": [-2.3457536453291152, -0.034319134619933175, -1.5800000988692036], "normalizedAxes": [0.998852014541626, -0.04790239408612251, -1.063646816981623e-17, 0, -2.220446049250313e-16, 1, -0.04790239408612251, -0.998852014541626, -2.2178970094746697e-16]}, "segments": [6927, 7843, 22553, 61431, 61618, 24325, 6847, 6850, 2776, 64354, 2910, 5524, 6175, 6336, 6574, 6614, 6679, 6680, 6691, 6700, 6937, 8203, 16890, 21030, 22040, 22075, 22077, 24168, 24457, 28468, 29686, 31181, 31191, 36832, 37452, 37745, 37747, 38074, 38086, 38109, 38364, 38627, 38635, 38704, 38866, 39474, 39485, 39487, 39543, 39557, 39689, 39858, 39926, 40368, 41295, 43583, 44922, 44923, 44936, 50667, 51019, 51030, 51081, 51100, 51118, 52740, 53233, 53271, 53284, 53331, 53364, 54117, 54153, 54191, 54197, 54975, 56117, 56205, 57516, 57560, 57569, 58493, 58534, 58564, 58616, 58668, 58695, 58790, 58795, 58799, 58845, 58873, 58913, 58939, 58946, 64418, 64423, 64439, 64507, 64519, 64533, 64571, 64895, 64921, 65030, 65098, 65176, 65201, 65324, 65328, 65378, 65458, 65476, 65501, 65719, 65721, 65730, 66665, 73238, 75220, 75225, 76894, 76902, 76910, 76922, 76950, 77161, 81457, 82414, 85177, 85217, 85243, 85248, 85259, 85273, 85327, 85725, 91523, 91591, 91829, 92180, 93005, 93120, 11058, 9660, 9720, 9727, 9972, 10021, 11305, 11317, 38164, 38203, 38218, 39994, 43957, 44271, 59466, 59471, 64189, 70394, 70397, 85680, 85687, 52130, 38903, 39616, 42429, 49625, 49629, 50718, 52897, 92774], "label": "floor"}, {"objectId": 2, "id": 2, "partId": 2, "index": 9, "dominantNormal": [0.0475807711482048, -0.998867392539978, -2.2179311554903559e-16], "obb": {"axesLengths": [4.546246624017913, 2.889499957349151, 0.28734153521354644], "centroid": [-2.3622696074907825, -1.5020292954028707, -0.21475007836334448], "normalizedAxes": [0.998867392539978, 0.0475807711482048, 1.0565053531631464e-17, 0, -2.220446049250313e-16, 1, 0.0475807711482048, -0.998867392539978, -2.2179311554903559e-16]}, "segments": [519, 90636, 94, 541, 1792, 1798, 2306, 2555, 2660, 2720, 2735, 3265, 3357, 3375, 3386, 3395, 3396, 3422, 3449, 3542, 3620, 3901, 3970, 3981, 4007, 4050, 4056, 4105, 4112, 5107, 11513, 15480, 40288, 40295, 40299, 45306, 48749, 67040, 67265, 68594, 68596, 68597, 68634, 68637, 69906, 80415, 90427, 91052, 96570, 96715, 1127, 53869, 90898, 85064, 43338, 1223, 3248, 67963, 556, 586, 1275, 1357, 1365, 1509, 1595, 3166, 3371, 4158, 6183, 6184, 6202, 6208, 6213, 16139, 21036, 26038, 32065, 32080, 32094, 32138, 37563, 43380, 44318, 45402, 45835, 47783, 47870, 47958, 48653, 48656, 48756, 48778, 51465, 53863, 54719, 55301, 55326, 55344, 67695, 67696, 67703, 69348, 75598, 80486, 85266, 85296, 85333, 1274, 957], "label": "wall"}, {"objectId": 3, "id": 3, "partId": 3, "index": 10, "dominantNormal": [0.9996491074562073, 0.026489486917853355, 5.8818476573415336e-18], "obb": {"axesLengths": [1.921396320948616, 2.645070016866846, 0.18566589250136484], "centroid": [-4.647595812201132, -0.6699607945737384, -0.2825750962069258], "normalizedAxes": [-0.026489486917853355, 0.9996491074562073, 2.2196669112877371e-16, 0, -2.220446049250313e-16, 1, 0.9996491074562073, 0.026489486917853355, 5.8818476573415336e-18]}, "segments": [85455, 1841, 49082, 49092, 55059, 85358, 1836], "label": "wall"}, {"objectId": 4, "id": 4, "partId": 4, "index": 11, "dominantNormal": [0.9978433847427368, 0.06563945859670639, 1.457488765159862e-17], "obb": {"axesLengths": [1.4673953704839813, 2.6293600209945422, 0.23058764973441226], "centroid": [-4.7300025582081044, 1.382287577921188, -0.27532007861167185], "normalizedAxes": [-0.06563945859670639, 0.9978433847427368, 2.21565740142257e-16, 0, -2.220446049250313e-16, 1, 0.9978433847427368, 0.06563945859670639, 1.457488765159862e-17]}, "segments": [55037, 12258, 60955], "label": "wall"}, {"objectId": 5, "id": 5, "partId": 5, "index": 12, "dominantNormal": [0.05012073367834091, -0.9987431764602661, -2.2176553403869062e-16], "obb": {"axesLengths": [5.975286305245313, 2.484999958761036, 0.5946253392785198], "centroid": [-1.8119738276293322, 2.3016844047563154, -0.012500079069287073], "normalizedAxes": [0.9987431764602661, 0.05012072995305061, 1.1129037680979306e-17, 0, -2.220446049250313e-16, 1, 0.05012072995305061, -0.9987431764602661, -2.2176553403869062e-16]}, "segments": [6942, 35043, 30916, 7502, 13370, 25666, 29963, 45847, 61886, 61946, 62005, 81027, 81760, 82307, 90095, 47396, 47432, 82898, 30302, 22628, 7938, 7767, 95400, 54740, 52269, 34064], "label": "wall"}, {"objectId": 6, "id": 6, "partId": 6, "index": 13, "dominantNormal": [0.9986809492111206, 0.051345501095056534, 1.140099150532959e-17], "obb": {"axesLengths": [3.776098166318916, 2.8358100018841745, 0.6785171947181923], "centroid": [1.3936262777275021, 0.5781592617237272, -0.2077150615070391], "normalizedAxes": [-0.051345501095056534, 0.9986809492111206, 2.2175171681373853e-16, 0, -2.220446049250313e-16, 1, 0.9986809492111206, 0.051345501095056534, 1.140099150532959e-17]}, "segments": [48117, 37832, 8523, 8226, 19909, 23140, 25057, 56905, 37689, 21513, 28402, 54957, 76193, 25781, 9776, 9911, 10005], "label": "wall"}, {"objectId": 7, "id": 7, "partId": 7, "index": 14, "dominantNormal": [0.18301726877689362, -0.983109712600708, -2.1829420773238528e-16], "obb": {"axesLengths": [0.9090283798889227, 2.6599999071657665, 0.40308146871172457], "centroid": [0.9555167268021951, -1.3809944479325988, -0.32000007696449795], "normalizedAxes": [0.983109712600708, 0.18301725387573242, 4.063799383130116e-17, 0, -2.220446049250313e-16, 1, 0.18301725387573242, -0.983109712600708, -2.1829420773238528e-16]}, "segments": [40782, 77007, 81354, 41918, 11337, 77050, 11467, 9635, 15520, 41562, 81422, 10151, 41356, 40193, 40383, 41618, 41620, 42455, 56420, 77993, 78010, 79279, 17778, 26822, 26826, 37167, 38085, 39531, 39610, 39657, 39672, 41527, 50756, 10092], "label": "wall"}, {"objectId": 8, "id": 8, "partId": 8, "index": 15, "dominantNormal": [0, -2.220446049250313e-16, 1], "obb": {"axesLengths": [2.0278455502317496, 0.5605529421444322, 0.8438773635557175], "centroid": [-1.448864083287701, -0.4322731456516757, -1.0297235336961568], "normalizedAxes": [-0.059237200766801834, 0.9982439279556274, 2.216546786017187e-16, 0, -2.220446049250313e-16, 1, 0.9982439279556274, 0.059237200766801834, 1.3153300841129275e-17]}, "segments": [3573, 19856, 41669, 83466, 34025, 32075, 3050, 3099, 30592, 41602, 41628, 51136, 51140, 52161, 76661, 80450, 83463, 83652, 83655, 83665, 83668, 83671, 83855, 83861, 83864, 49836, 49839, 49868, 49884, 50582, 50592, 53473, 54472, 56949, 58043, 83249, 17603, 17608, 30707, 49894, 49909, 49931, 49934, 50263, 50299, 75067, 75108, 83252, 83335, 83423, 83427, 17541, 41424, 3137, 17683, 17705, 17723, 17738, 17748, 41491, 45049, 50364, 50966, 54305, 68610, 72184, 72205, 84692, 86789, 86963, 30682, 3576, 3600, 56946], "label": "table"}, {"objectId": 9, "id": 9, "partId": 9, "index": 16, "dominantNormal": [0.655676543712616, 0.7550418972969055, 1.6765297978713745e-16], "obb": {"axesLengths": [0.7256867662969516, 0.8386350086636463, 0.7388241754160564], "centroid": [-2.109413730793129, 0.2152985301269521, -1.1697925682412271], "normalizedAxes": [0.655676543712616, 0.7550418972969055, 1.6765297978713745e-16, 0, -2.220446049250313e-16, 1, 0.7550418972969055, -0.655676543712616, -1.4558943910727783e-16]}, "segments": [30531, 77825, 14598, 15581, 15604, 27929, 77743, 72000, 5299, 68943, 5407, 5418, 5425, 5438, 5440, 5466, 5489, 19626, 30565, 36788, 50893, 68990, 75004, 78592, 78597, 83784, 77776, 5376, 50901, 5372, 5548, 15555, 15557, 50930, 51937, 68872, 68875, 68878, 68881, 68887, 68922, 68915, 69002, 4246, 30593, 30600, 30627, 30631, 75037, 83801, 83802, 17684, 83796], "label": "chair"}, {"objectId": 10, "id": 10, "partId": 10, "index": 17, "dominantNormal": [-0.6325204968452454, 0.7745435833930969, 1.7198322397173825e-16], "obb": {"axesLengths": [0.6949352241450395, 0.8338869623716102, 0.7311979944250121], "centroid": [-2.015734554665355, -0.469180030746165, -1.1634465512608032], "normalizedAxes": [-0.6325205564498901, 0.7745435833930969, 1.7198322397173825e-16, 0, -2.220446049250313e-16, 1, 0.7745435833930969, 0.6325205564498901, 1.4044777706387682e-16]}, "segments": [41473, 15115, 22986, 15162, 26757, 11246, 15083, 15106, 15108, 15145, 22895, 70612, 71958, 71992, 73271, 80389, 17659, 80977, 80257, 19637, 41222, 41228, 41247, 43445, 56087, 78588, 80245, 80282, 80287, 80291, 80313, 85699, 78583, 41258, 43474, 43516, 80308, 83285, 50049, 17544, 17560, 26914, 41431, 56022, 72168, 72171, 11272], "label": "chair"}, {"objectId": 11, "id": 11, "partId": 11, "index": 18, "dominantNormal": [-0.05242110416293144, 0.9986250400543213, 2.2173930248710534e-16], "obb": {"axesLengths": [0.8377684959241105, 1.0297389396338397, 0.9288423292846568], "centroid": [-2.110708542658359, -1.0610950017548801, -1.1101905474024156], "normalizedAxes": [-0.05242110788822174, 0.9986250400543213, 2.2173930248710534e-16, 0, -2.220446049250313e-16, 1, 0.9986250400543213, 0.05242110788822174, 1.1639824190772639e-17]}, "segments": [63752, 50471, 90354, 63575, 4940, 61379, 90375, 64091, 69188, 5746, 4950, 11150, 60795, 4309, 4312, 4313, 4315, 4344, 4346, 4359, 4771, 4917, 4944, 4948, 4977, 5622, 5648, 5649, 5675, 5676, 5687, 5688, 5703, 5792, 5823, 5937, 5951, 5986, 6015, 6283, 6300, 6317, 6590, 6608, 6611, 6618, 6654, 6716, 49265, 49583, 49695, 49815, 49816, 61190, 61316, 63362, 63371, 63425, 63426, 63428, 63459, 63558, 64891, 64920, 64989, 68686, 68689, 68756, 68821, 68823, 69004, 69006, 69037, 69086, 69090, 69092, 69123, 69169, 69192, 69206, 69373, 69378, 69380, 73858, 83307, 89755, 89758, 89761, 89763, 89771, 89800, 89802, 89807, 90414, 90416, 90469, 90553, 91063, 91252, 91254, 91257, 91260, 91305, 91467, 91521, 5995, 6451, 1953, 4338, 4356, 4486, 4495, 4543, 4564, 4580, 4637, 4639, 4749, 4759, 4790, 4797, 4816, 4824, 4836, 4850, 4866, 4895, 4925, 4969, 4991, 5000, 5010, 5066, 5079, 5717, 5847, 5874, 5944, 5952, 5976, 5987, 5991, 6001, 6003, 6020, 6027, 6030, 6043, 6052, 6053, 6062, 6078, 6087, 6117, 6465, 6714, 11901, 26415, 26439, 26489, 26509, 26536, 26547, 26555, 26563, 26624, 26682, 26705, 26782, 33734, 33759, 33780, 49635, 49647, 49716, 50110, 50131, 50142, 60770, 60811, 60824, 61196, 61224, 61232, 68722, 68783, 68826, 69010, 69165, 69173, 69194, 69200, 69202, 69241, 69244, 69255, 69274, 73812, 73827, 73830, 73832, 73905, 73921, 73942, 73991, 74019, 76585, 76589, 83243, 83304, 83413, 83459, 89219, 89221, 89742, 89750, 89752, 89766, 91405, 91432, 91436, 4508, 33751, 49735, 50275, 50312, 50319, 50356, 68709], "label": "chair"}, {"objectId": 12, "id": 12, "partId": 12, "index": 19, "dominantNormal": [0, -2.220446049250313e-16, 1], "obb": {"axesLengths": [0.5800276997925513, 0.5024899131993222, 0.5873563334038162], "centroid": [-1.3844564621442643, 0.61566338645948, -1.3348250407392164], "normalizedAxes": [0.7938725352287292, 0.6080842018127441, 1.3502181635266378e-16, 0, -2.220446049250313e-16, 1, 0.6080842018127441, -0.7938725352287292, -1.7627511344569619e-16]}, "segments": [5118, 5173, 69413, 7053, 7092, 69594, 5172, 7044, 7060, 7099, 7428, 7443, 7449, 7459, 7515, 7545, 8094, 8168, 8611, 8623, 68857, 69574, 69578, 69583, 69617, 69769, 69774, 69780, 70094, 70099, 70101, 3212, 70106, 3258, 7127, 7136, 7146, 7152, 7153, 7163, 7166, 7195, 7424, 7450, 7564, 7574, 7590, 7629, 7631, 7654, 7659, 8103, 8185, 8214, 8232, 8235, 8630, 8636, 8644, 69454, 69459, 69460, 69468, 69476, 69478, 69487, 69505, 69649, 69658, 69660, 69689, 69698, 69699, 69835, 70091, 5159, 7724, 7674, 8643, 70158, 3703, 3805, 7412, 7657, 7670, 8084, 8229, 8292, 8607, 8633, 68624, 68627, 69508, 69634, 69744], "label": "chair"}, {"objectId": 13, "id": 13, "partId": 13, "index": 20, "dominantNormal": [0, -2.220446049250313e-16, 1], "obb": {"axesLengths": [0.504076168176729, 0.49937998132303374, 0.5562221710426895], "centroid": [-0.8779217165621496, -0.3510493268071047, -1.339690090946331], "normalizedAxes": [-0.06700736284255981, 0.9977524876594543, 2.2154555693531072e-16, 0, -2.220446049250313e-16, 1, 0.9977524876594543, 0.06700736284255981, 1.4878623409444417e-17]}, "segments": [40514, 87609, 87629, 40530, 40582, 40594, 40600, 40606, 41017, 41067, 41078, 55204, 55250, 55270, 55296, 55303, 55325, 59156, 29615, 87667, 29623, 25630, 29698, 40985, 45074, 45089, 45112, 59245, 73624, 86943, 87005, 29660, 40994, 54955], "label": "chair"}, {"objectId": 14, "id": 14, "partId": 14, "index": 21, "dominantNormal": [0, -2.220446049250313e-16, 1], "obb": {"axesLengths": [1.9399644508189984, 0.5475600835481264, 0.6220434221636242], "centroid": [-3.671044486687279, 1.8636673316422236, -1.323780061890632], "normalizedAxes": [0.9989452362060547, 0.045918017625808716, 1.019584808266332e-17, 0, -2.220446049250313e-16, 1, 0.045918017625808716, -0.9989452362060547, -2.218104003151155e-16]}, "segments": [25803, 25216, 64621, 63249, 62645, 63639, 84105], "label": "bench"}, {"objectId": 15, "id": 15, "partId": 15, "index": 22, "dominantNormal": [0.9962907433509827, -0.08605065196752548, -1.9107083019670564e-17], "obb": {"axesLengths": [1.300009071253974, 2.035619958439022, 0.5055150245537653], "centroid": [-4.594796716995029, 1.4730625035216094, -0.607810083229616], "normalizedAxes": [0.08605065196752548, 0.9962907433509827, 2.212209844978347e-16, 0, -2.220446049250313e-16, 1, 0.9962907433509827, -0.08605065196752548, -1.9107083019670564e-17]}, "segments": [34106, 16740, 34334, 81217, 42904, 43017, 47273, 38708, 38485, 47063, 82615, 82178, 40127, 89512, 40037, 82776, 38725, 25026, 74256, 15853, 15774, 78998, 14940, 44572, 20533, 14871, 14903, 15014, 15049, 15383, 15405, 15683, 15729, 15842, 15864, 15865, 15871, 20531, 24809, 24883, 24885, 24890, 24945, 25009, 25010, 25032, 25110, 25151, 25153, 25154, 25179, 25189, 25223, 25236, 27631, 27672, 27708, 27712, 27742, 27755, 27779, 27848, 27849, 27868, 27907, 28087, 28187, 28214, 28227, 28256, 28261, 28287, 28292, 28421, 28913, 28948, 29008, 31050, 34142, 34149, 34185, 34207, 37404, 37410, 37431, 37439, 37476, 37514, 37519, 38366, 38390, 38470, 38484, 38503, 38551, 38599, 38687, 39598, 39702, 39752, 39921, 39928, 39952, 39953, 39967, 39980, 39989, 40050, 40067, 40098, 40125, 40158, 42803, 43049, 44498, 44570, 44600, 44626, 44694, 44697, 46817, 46832, 46853, 46865, 46887, 46904, 46908, 46922, 46934, 47004, 47047, 47080, 47092, 47258, 47268, 47325, 48990, 60924, 71994, 72004, 72010, 72013, 73476, 73477, 73515, 73516, 73549, 73558, 73560, 73563, 73566, 73568, 73569, 74156, 74170, 74172, 74237, 74238, 74283, 74284, 74310, 74319, 74329, 74380, 74394, 74406, 74407, 74433, 74449, 75183, 75185, 75196, 76739, 78955, 78957, 78978, 79024, 79026, 79054, 79305, 79307, 79401, 79405, 79411, 79413, 79417, 79536, 79540, 79582, 79611, 79615, 79663, 79734, 80706, 80925, 81240, 82184, 82186, 82259, 82363, 82402, 82407, 82499, 82510, 82523, 82559, 82603, 82605, 82758, 83201, 89538, 89562, 40155, 46683, 79696, 74180, 27618, 23603, 95448, 23542, 38298, 38295, 47212, 44234, 28137, 37553, 23509, 23532, 23539, 23605, 23637, 23640, 25052, 25690, 25720, 25736, 25793, 25807, 25813, 25834, 25851, 25853, 25859, 25896, 25898, 25913, 25971, 25979, 27577, 27702, 27838, 28311, 30343, 30436, 37500, 37644, 38593, 38689, 38746, 39614, 39737, 39782, 41729, 41753, 41756, 41778, 41795, 41809, 41835, 41895, 41923, 42030, 42046, 42070, 42091, 42093, 42151, 42171, 42174, 42184, 42186, 42267, 42274, 44005, 44006, 44023, 44027, 44033, 44037, 44041, 44053, 44088, 44089, 44100, 44141, 44183, 44199, 44228, 45243, 45248, 45273, 45277, 45284, 45313, 45314, 45324, 45328, 45364, 45367, 45419, 45454, 45484, 45485, 45490, 45505, 45518, 45521, 45531, 45549, 45563, 45571, 45587, 45593, 45597, 45615, 45626, 45683, 45693, 45784, 45789, 45808, 45914, 45942, 45946, 45982, 46801, 46803, 46990, 47190, 47233, 71996, 71998, 73373, 73628, 73629, 73634, 73662, 73669, 73684, 73686, 74136, 74143, 74152, 74588, 75208, 78991, 79020, 79031, 79139, 79154, 80500, 80508, 80510, 80518, 80551, 80569, 80602, 80645, 80651, 80654, 80658, 80660, 80772, 80788, 80796, 80797, 81022, 81048, 81056, 81074, 81075, 81527, 81532, 81533, 81536, 81537, 81604, 81607, 81612, 81615, 81621, 81639, 81690, 81697, 81739, 81784, 81888, 81962, 81982, 82041, 82189, 82234, 82347, 82356, 82541, 82549, 82573, 82677, 82684, 95534, 79161, 37579, 15483, 23164, 33577, 37670, 79145], "label": "plant"}, {"objectId": 16, "id": 16, "partId": 16, "index": 23, "dominantNormal": [0.0457770936191082, -0.9989516735076904, -2.2181182968321399e-16], "obb": {"axesLengths": [4.067904459512764, 2.380779988003223, 0.5713203764877998], "centroid": [-0.8489007744167694, 2.10545471645639, -0.4003900814714285], "normalizedAxes": [0.9989516735076904, 0.0457770936191082, 1.0164556667271052e-17, 0, -2.220446049250313e-16, 1, 0.0457770936191082, -0.9989516735076904, -2.2181182968321399e-16]}, "segments": [17316, 19110, 18976, 18985, 72532, 89934, 77075, 36118, 13483, 13485, 13502, 13537, 13555, 13558, 13564, 13566, 13572, 13576, 13577, 13591, 13598, 13600, 13621, 13657, 13679, 13733, 13749, 13772, 13825, 13828, 13847, 18887, 18918, 18927, 19006, 19011, 19020, 19032, 35211, 35261, 35269, 35294, 35312, 35385, 35469, 35849, 35905, 35910, 35927, 71390, 71401, 71411, 71415, 71448, 71449, 71456, 71466, 72137, 72468, 72470, 72473, 72478, 76954, 76966, 77162, 77181, 77201, 77241, 77251, 77336, 77339, 77344, 89088, 19453, 77465, 89717, 17223, 72136, 77674, 72658, 17430, 17179, 17361, 17393, 17486, 18829, 18865, 18952, 19468, 35265, 35985, 35999, 36009, 36075, 36093, 37098, 55943, 61643, 71409, 72147, 77617, 77666, 77670, 78775, 78776, 78777, 78780, 78785, 78789, 85664, 85667, 85682, 85685, 57435, 17499, 57436, 19461, 36028, 36063, 56296, 56367, 56376, 56397, 57299, 57320, 57324, 57328, 57342, 57406, 57408, 57426, 57455, 57473, 57887, 57931, 58821, 59003, 86242, 86252, 86268, 86748, 87385, 87388, 87390, 86115, 19407, 13402, 17245, 19148, 19222, 19232, 19251, 19261, 19283, 19288, 19294, 19335, 19352, 19361, 19376, 35355, 35639, 35722, 35744, 35747, 35767, 35837, 35935, 36965, 36993, 37013, 55817, 55845, 57287, 57307, 57338, 71386, 72161, 72573, 72579, 72586, 77263, 77266, 77275, 77282, 77286, 77676, 78666, 78770, 85503, 85518, 86773, 89055, 19541, 77600, 17165, 17173, 17198, 17416, 18838, 19144, 19181, 19321, 19454, 19554, 35215, 35948, 36061, 55788, 55799, 55812, 55886, 57301, 57302, 57360, 72139, 77516, 85541, 85596, 56244, 37135, 56227, 56249, 56286, 56335, 57651, 57653, 57656, 57686, 57703, 57711, 57747, 57752, 57754, 57763, 57771, 57784, 57789, 57935, 86630, 86631, 86728, 86732, 86735, 86746, 60327, 60060, 57918, 58965, 59300, 59311, 59322, 59344, 59393, 59424, 59516, 59547, 59580, 59592, 60036, 60048, 60072, 60074, 60121, 60128, 60142, 60147, 60189, 60192, 60198, 60227, 87443, 87696, 87804, 87814, 88170, 88266, 88270, 88490, 88502, 57714, 35251, 35302, 57872, 59540, 87811, 88333, 40815, 59369, 60055, 60056, 60225, 60295, 60297, 88531, 88598, 34832, 29723, 32467, 32562, 32564, 34722, 34808, 34894, 34920, 34983, 40649, 40718, 40727, 40752, 40768, 40770, 40774, 40855, 40915, 40916, 59530, 60212, 75841, 75860, 80067, 80085, 88572, 88591, 34741, 34800, 55665, 79917, 21820, 16000, 16023, 16035, 16045, 16046, 16178, 16189, 16236, 16252, 16256, 16284, 16309, 16428, 19188, 21669, 21736, 21750, 21767, 21793, 21887, 21890, 21918, 21941, 21989, 21992, 22017, 32509, 32513, 32528, 34751, 34870, 34929, 34935, 34977, 40617, 40627, 40683, 55532, 55648, 57631, 60660, 72020, 75836, 76810, 76865, 77260, 79755, 79756, 79759, 79760, 79762, 79959, 79990, 80057, 80189, 21718, 21700, 13392, 14268, 14282, 14315, 14379, 14381, 14387, 14406, 14423, 14438, 14477, 14479, 14487, 14496, 14501, 14543, 14544, 14548, 19266, 19368, 19439, 19735, 19742, 19768, 19823, 21834, 34534, 34569, 34643, 34813, 35630, 35657, 36445, 36446, 36608, 36614, 36712, 36979, 52071, 55222, 55628, 55647, 56705, 56749, 56796, 56801, 56820, 56846, 56853, 56855, 56874, 56878, 56884, 57652, 57810, 58359, 58411, 58414, 58447, 60558, 60617, 71679, 71713, 71715, 71788, 71880, 77352, 78290, 78300, 78316, 78319, 78324, 78410, 78413, 78416, 78421, 78424, 78427, 78429, 78435, 78438, 78442, 78444, 78459, 78537, 78540, 78547, 78613, 78679, 78756, 78794, 84171, 84747, 85214, 85801, 85803, 85805, 85807, 87105, 87264, 87776, 87792, 88942, 88966, 88971, 88973, 88974, 88996, 89034, 89142, 89160, 94742, 96070, 28669, 16170, 16209, 16247, 16346, 20941, 21656, 21925, 28547, 28561, 28579, 28619, 28640, 29347, 29386, 29407, 29441, 32701, 32714, 32721, 32722, 34548, 39361, 39392, 39405, 39453, 39459, 39465, 39484, 39486, 39522, 45180, 60714, 60836, 64666, 64911, 64965, 64990, 65108, 65160, 65187, 65198, 65273, 65384, 65438, 65454, 65947, 66023, 66054, 66126, 73155, 73227, 74331, 74506, 76764, 76768, 79502, 79509, 79513, 79515, 79528, 89217, 89700, 89731, 89732, 89734, 89740, 89853, 89857, 89859, 89865, 89880, 89890, 89893, 93428, 93434, 93466, 93542, 93570, 93572, 93621, 93627, 93630, 93638, 93648, 93873, 94107, 94108, 94135, 94138, 94160, 61438, 93911, 34604, 29448, 29305, 29309, 29311, 29417, 29420, 32862, 32963, 33019, 33055, 33058, 33148, 33157, 33182, 33197, 47615, 48487, 48490, 52422, 52432, 52448, 52462, 52512, 52531, 52588, 52607, 66555, 76260, 76263, 84269, 84271, 84302, 84327, 94142, 96427, 96502, 96507, 47621, 33106, 33152, 33168, 33169, 37818, 47548, 47551, 47573, 47578, 48507, 52479, 52569, 52639, 60839, 66433, 76266, 79238, 82954, 84273, 86260, 48500, 52661, 29886, 29948, 37838, 37869, 65908, 66552, 74517, 74942, 79240, 79263, 52669, 71539, 14021, 14031, 14062, 14102, 14113, 14134, 14141, 14161, 14183, 14190, 14201, 14205, 14243, 14254, 14273, 14287, 14297, 14302, 14303, 14305, 29858, 36276, 36303, 36335, 36391, 36393, 36430, 36501, 36649, 39102, 39144, 39146, 39174, 39211, 39220, 39228, 39237, 39247, 39292, 39415, 47541, 47547, 51985, 53622, 55146, 55237, 56587, 56588, 56596, 56614, 56636, 56638, 56673, 58192, 58194, 58263, 58264, 58265, 58275, 58310, 58327, 58342, 58457, 60575, 60645, 61095, 61186, 61188, 61541, 61629, 71564, 71601, 71606, 71609, 71693, 71785, 71846, 78247, 78308, 78309, 79426, 79450, 79452, 85202, 85775, 85779, 85780, 85787, 86286, 86491, 86534, 87054, 87061, 87082, 87086, 87113, 88765, 89815, 95277, 95422, 48373, 60822, 61070, 94125, 60457, 13264, 13867, 13877, 13879, 13881, 13884, 13905, 13919, 13939, 14012, 14088, 14125, 14384, 14850, 14860, 15172, 18328, 18333, 18362, 19138, 19217, 27562, 29911, 36183, 36253, 36280, 36312, 39126, 51401, 55142, 56431, 56446, 56497, 56522, 56527, 56538, 56556, 56578, 56679, 56736, 57240, 57242, 60372, 60376, 60432, 60435, 60446, 60447, 61259, 61412, 71491, 71532, 72326, 77940, 77944, 78084, 78112, 78514, 79420, 79422, 79460, 85748, 85761, 85764, 85772, 86082, 86580, 87062, 87122, 88609, 88613, 88619, 88859, 13215, 13105, 71368, 9923, 9933, 9949, 10442, 10447, 10531, 10538, 11296, 12841, 12843, 12911, 12914, 12925, 12943, 12948, 13024, 13046, 13068, 13079, 13130, 13159, 13182, 13187, 13194, 13208, 13211, 13213, 13242, 13258, 13891, 13892, 13997, 14199, 14760, 14783, 14803, 14835, 14859, 18081, 18134, 18138, 18157, 18226, 18259, 18277, 18285, 18290, 18352, 23345, 23357, 23420, 23436, 27433, 27439, 27446, 27453, 27477, 27495, 27496, 27504, 27514, 27576, 36180, 39158, 53579, 56468, 57124, 57134, 57145, 57166, 57210, 57237, 57250, 61142, 70365, 70372, 71246, 71248, 71263, 71266, 71297, 71301, 71317, 71326, 71374, 71922, 71925, 71934, 72286, 72306, 72317, 72335, 73363, 73364, 74037, 74041, 74044, 74754, 78077, 78284, 83935, 86023, 86025, 86081, 87196, 88655, 88856, 88717, 9891, 9895, 9896, 9903, 10364, 12720, 12748, 12808, 12839, 12872, 12886, 12926, 12981, 18036, 18063, 18091, 18150, 18164, 23328, 27170, 27219, 27224, 27253, 27280, 27306, 27314, 27319, 27342, 27352, 27375, 27413, 30739, 48446, 51311, 54610, 57086, 57110, 57172, 59975, 70359, 70361, 70978, 71012, 71194, 71197, 71201, 71269, 71288, 72212, 72295, 74029, 74034, 74050, 78021, 83930, 84975, 85979, 86060, 87188, 95788, 60773, 66039, 66044, 13713, 61516, 89922, 12763, 66510, 27355, 59968, 86300, 12558, 12625, 9864, 10325, 10413, 10459, 12502, 12535, 12538, 12553, 12596, 12636, 12659, 12660, 12662, 12667, 12670, 13053, 14696, 17963, 17971, 18017, 18065, 19902, 23295, 27085, 27091, 27134, 27137, 27171, 27513, 51332, 57044, 70928, 70940, 70972, 70974, 70987, 72226, 74026, 88137, 94572, 71052, 70810, 10213, 10226, 10997, 12291, 12305, 12319, 12329, 12345, 12370, 12388, 12404, 12408, 12426, 12429, 12432, 12435, 12436, 12453, 12487, 12514, 12525, 13357, 14633, 14642, 14647, 14662, 14671, 17881, 17882, 17890, 17902, 17923, 17972, 18784, 27060, 27073, 27076, 51232, 51244, 51286, 51539, 52188, 52200, 56975, 56989, 57002, 57006, 59914, 59962, 70403, 70404, 70549, 70608, 70801, 70807, 70881, 70911, 70921, 71098, 71111, 71164, 71915, 71919, 72797, 72799, 72804, 74024, 83900, 83902, 83904, 83919, 85965, 86320, 86335, 88065, 88083, 70558, 9352, 9354, 10783, 10792, 10831, 10864, 10868, 10892, 10911, 10974, 11008, 12297, 12323, 13338, 13347, 18720, 18732, 18746, 20128, 20132, 20143, 20155, 20162, 20184, 20262, 30864, 30877, 31662, 31666, 31678, 31773, 31781, 58663, 58694, 70435, 70505, 70507, 70525, 70527, 70529, 70532, 70539, 70543, 70838, 71383, 72772, 72783, 72791, 72808, 75165, 75568, 75575, 83987, 85908, 85956, 86459, 87342, 87349, 88628, 10262, 10265, 60391, 60576, 77194, 77239, 88898, 94390, 70570, 94222, 9236, 9276, 9292, 10419, 10741, 10747, 10754, 10756, 10768, 10775, 10872, 18670, 18692, 18698, 20014, 20061, 20078, 20080, 31626, 58594, 70511, 72759, 75151, 87302, 94255, 9291, 31625, 86418, 89689, 64903, 45182, 9199, 22467, 27095, 27544, 31592, 31594, 31599, 45196, 60974, 72733, 75562, 85034, 86266, 95627, 96267, 31534, 76564, 9162, 9183, 9557, 9579, 9600, 9614, 9627, 10611, 10631, 18617, 19920, 19936, 19938, 19974, 19983, 19987, 19988, 20002, 20011, 22301, 22307, 22341, 22367, 22411, 22431, 24110, 24111, 28067, 30801, 31376, 31381, 31400, 31433, 31440, 31454, 31476, 31499, 31522, 31541, 31550, 31563, 31573, 31586, 31587, 33411, 33438, 33513, 37325, 53738, 58505, 58520, 66478, 70335, 70344, 70464, 70475, 72717, 73252, 75297, 75452, 75456, 75494, 75496, 75514, 75529, 75543, 75549, 76480, 76566, 76570, 78852, 78923, 78949, 83957, 84228, 87281, 94480, 95245, 95271, 29934, 9029, 9032, 9075, 9422, 9445, 9463, 9481, 9514, 9520, 9541, 20043, 23280, 23336, 23433, 23996, 24057, 24069, 24084, 24088, 28005, 28019, 28051, 29845, 29860, 31003, 33323, 33347, 33355, 33357, 33383, 33400, 33402, 33420, 33517, 37208, 37215, 37219, 37225, 37251, 37313, 37314, 42353, 43781, 46050, 47459, 48040, 48056, 48306, 52037, 52322, 52344, 52354, 52366, 53687, 58270, 58624, 62341, 62363, 70264, 70269, 70304, 70311, 70313, 70314, 70318, 73409, 74233, 76381, 76395, 76435, 76444, 76497, 78805, 82959, 84223, 85823, 86550, 87291, 90091, 90121, 94284, 96379, 96392, 96445], "label": "plant"}, {"objectId": 17, "id": 17, "partId": 17, "index": 24, "dominantNormal": [0.3295953571796417, -0.944122314453125, -2.0963726631365032e-16], "obb": {"axesLengths": [0.624895946511032, 1.220000001341104, 0.45225686895143463], "centroid": [-0.7578251622254875, -1.67711721971067, -9.126961209027229e-08], "normalizedAxes": [0.944122314453125, 0.32959532737731934, 7.318486425263323e-17, 0, -2.220446049250313e-16, 1, 0.32959532737731934, -0.944122314453125, -2.0963726631365032e-16]}, "segments": [47584, 83190, 45599, 16561, 44413, 80112, 12140, 12115, 81063, 47671], "label": "curtain"}, {"objectId": 19, "id": 19, "partId": 19, "index": 25, "dominantNormal": [0.05232802405953407, -0.9986299276351929, -2.21740387748069e-16], "obb": {"axesLengths": [0.869453490023736, 1.3629079752510485, 0.3105235042670997], "centroid": [-0.903278892212763, -1.5253023095757254, 0.04854592386157752], "normalizedAxes": [0.9986299276351929, 0.05232802405953407, 1.1619155428806776e-17, 0, -2.220446049250313e-16, 1, 0.05232802405953407, -0.9986299276351929, -2.21740387748069e-16]}, "segments": [48843, 75725, 32262, 32174, 75684, 1181, 48175, 47215], "label": "window"}, {"objectId": 20, "id": 20, "partId": 20, "index": 26, "dominantNormal": [0, -2.220446049250313e-16, 1], "obb": {"axesLengths": [1.0732540116610332, 0.98620591343479, 1.2345843404058325], "centroid": [-0.802295666228116, -0.799031451761282, -1.1006070446087348], "normalizedAxes": [0.9886728525161743, 0.15008662641048431, 3.332592566584676e-17, 0, -2.220446049250313e-16, 1, 0.15008662641048431, -0.9886728525161743, -2.1952947293705767e-16]}, "segments": [47822, 47708, 43202, 25457, 25463, 38249, 47722, 47747, 47751, 47833, 82849, 84576, 24592, 25489, 28749, 42527, 47832, 84817, 74364, 28824, 24538, 24573, 24585, 24608, 24639, 24641, 24670, 28753, 28780, 28814, 29466, 29511, 33232, 42462, 47695, 47715, 47740, 54452, 54474, 54492, 74512, 74515, 76339, 76348, 84873, 84912, 84917, 84780, 74360, 84503, 24387, 24407, 24429, 24716, 29478, 29518, 29525, 29541, 29548, 29558, 50678, 50740, 50761, 53813, 73466, 73470, 74520, 74555, 74573, 83673, 83676, 83719, 54266, 24420, 24421, 24439, 24458, 50654, 50657, 50666, 50698, 50721, 54839, 56632, 83733, 83770, 84679, 84921, 88005, 54406, 54478, 1908, 6435, 29560, 30235, 30241, 30245, 30248, 48765, 49146, 49150, 49175, 49494, 49518, 50676, 50828, 53890, 53995, 54064, 54316, 54432, 54500, 54794, 54802, 54810, 55698, 56691, 56834, 57079, 59858, 83221, 83229, 83680, 83925, 84745, 84769, 84819, 85094, 85162], "label": "chair"}, {"objectId": 21, "id": 21, "partId": 21, "index": 27, "dominantNormal": [0.9420907497406006, -0.3353580832481384, -7.446445310324866e-17], "obb": {"axesLengths": [0.5519915321509244, 0.5332200408007192, 0.4775107402399367], "centroid": [-1.0265102461139963, 0.20601537080477056, -1.3166100405169283], "normalizedAxes": [0.3353580832481384, 0.9420907497406006, 2.091861683296782e-16, 0, -2.220446049250313e-16, 1, 0.9420907497406006, -0.3353580832481384, -7.446445310324866e-17]}, "segments": [86981, 55958, 59147, 8034, 8143, 8170, 8197, 53976, 54031, 54058, 54070, 54084, 54103, 54135, 54172, 55677, 55703, 58145, 69771, 69827, 69864, 84825, 87589, 3250, 84836, 8259, 54111, 54194, 54214, 54221, 84862, 85492, 3180, 53560, 54090, 55556, 58141], "label": "chair"}, {"objectId": 22, "id": 22, "partId": 22, "index": 28, "dominantNormal": [0, -2.220446049250313e-16, 1], "obb": {"axesLengths": [1.4646442135114466, 0.31284009711056715, 0.34176936796578955], "centroid": [-3.692024543608514, -0.6067667710212463, -1.4651100624700633], "normalizedAxes": [-0.6980639696121216, 0.7160353660583496, 1.589917899687764e-16, 0, -2.220446049250313e-16, 1, 0.7160353660583496, 0.6980639696121216, 1.550013383449226e-16]}, "segments": [26080, 12181, 12214, 16621, 16641, 23770, 23780, 26152, 65620, 65639, 65711, 72039, 91672, 91757, 16629, 11831, 16635, 65695, 65524, 12161, 64726, 65565], "label": "item"}, {"objectId": 24, "id": 24, "partId": 24, "index": 29, "dominantNormal": [-0.2160687893629074, -0.9763781428337097, -2.1679949898294686e-16], "obb": {"axesLengths": [1.4935993713908338, 0.9084069823829755, 0.8346624504270809], "centroid": [-4.000878870324408, -1.2943926583287155, -0.08626259856829388], "normalizedAxes": [0.9763781428337097, -0.2160688042640686, -4.7976912279439033e-17, 0, -2.220446049250313e-16, 1, -0.2160688042640686, -0.9763781428337097, -2.1679949898294686e-16]}, "segments": [62595, 16987, 67367, 67380, 81192, 53065, 72097, 72074, 53141, 84662, 84499, 72077, 16945, 16980, 17035, 17059, 17124, 53013, 53059, 53089, 72082, 72091, 72094, 52901, 52855, 52880, 84407, 84420, 84423, 84386, 21318, 80905, 17048, 52790, 52825, 52864, 52872, 52881, 72065, 84332, 52912, 84405, 21111, 21149, 21324, 52921, 53022, 21174, 23886, 23911, 85470, 85473, 85476, 85479, 8367, 8375, 8377, 8385, 8746, 23822, 23823, 23832, 23835, 26028, 62986, 73384, 87657, 67184, 44465, 67163, 67180, 67224, 81187, 96525, 82136, 46440, 90527, 46517, 46406, 43640, 87892, 23796, 43599, 43660, 43701, 43709, 46336, 46394, 46422, 46431, 46470, 46480, 46518, 46522, 46529, 46574, 46585, 46591, 46595, 63243, 63287, 63363, 63466, 63525, 63538, 63583, 63594, 63670, 63683, 63960, 63971, 64084, 64162, 64180, 64557, 64599, 64620, 65780, 65784, 65879, 66128, 66188, 66215, 66232, 66257, 67456, 67490, 67494, 67521, 67547, 67566, 80983, 80999, 82057, 82098, 82127, 82131, 82141, 82161, 87878, 87884, 87886, 88493, 88500, 88602, 88605, 88615, 88892, 88956, 88960, 90422, 91263, 91276, 91278, 91284, 93401, 93777, 93785, 93795, 93841], "label": "clothes"}, {"objectId": 25, "id": 25, "partId": 25, "index": 30, "dominantNormal": [0.9942213296890259, 0.10734987258911133, 2.3836460047801673e-17], "obb": {"axesLengths": [1.9749614519892296, 1.3285900057422362, 0.7609709415984489], "centroid": [0.9041513603302822, 0.5718293459012834, -1.1942950536840784], "normalizedAxes": [-0.10734987258911133, 0.9942213296890259, 2.2076148235883905e-16, 0, -2.220446049250313e-16, 1, 0.9942213296890259, 0.10734987258911133, 2.3836460047801673e-17]}, "segments": [29765, 59735, 87904, 79185, 79194, 73614, 56804, 25515, 73087, 57458, 72836, 7792, 7812, 7814, 8900, 279, 395, 467, 475, 502, 11426, 12170, 16066, 16098, 68227, 68262, 455, 7810, 8472, 8503, 8862, 24712, 26309, 32988, 72435, 56581, 54865, 24684, 24802, 24622, 87975, 87969, 54683, 57682, 57357, 74829, 67882, 317, 73098, 9880, 67921, 59803, 26312, 56788, 22338, 24741, 24751], "label": "shelf"}, {"objectId": 28, "id": 28, "partId": 28, "index": 31, "dominantNormal": [0.9918842315673828, 0.12714409828186035, 2.8231661071545034e-17], "obb": {"axesLengths": [0.5185230555660139, 1.1539099256565433, 0.2542497809713038], "centroid": [1.2809290374068727, -1.0607806211774404, -1.0469550424004723], "normalizedAxes": [-0.12714409828186035, 0.9918842315673828, 2.2024254232974778e-16, 0, -2.220446049250313e-16, 1, 0.9918842315673828, 0.12714409828186035, 2.8231661071545034e-17]}, "segments": [53153, 36365, 87565, 59117, 59089, 59133, 76847, 37180, 78198, 77984, 36234, 36271, 36978, 37006, 37011, 39204, 39212, 39217, 39261, 39265, 39301, 40173, 40253, 40300, 40540, 60002, 60005, 60006, 76782, 76885, 77470, 77987, 78194, 84683, 87363, 88158, 78141, 40073, 37303, 40524], "label": "chair"}, {"objectId": 29, "id": 29, "partId": 29, "index": 32, "dominantNormal": [0.7137069702148438, 0.7004444003105164, 1.5552990013889908e-16], "obb": {"axesLengths": [0.2701336