{"segGroups": [{"objectId": 1, "id": 1, "partId": 1, "index": 0, "dominantNormal": [0, -2.220446049250313e-16, 1], "obb": {"axesLengths": [2.7962177503249097, 0.2799999651312833, 2.4645897485405275], "centroid": [0.3469400787696965, -0.06708098208315444, -1.2899999795854102], "normalizedAxes": [0.7909974455833435, -0.6118194460868835, -1.3585120719181355e-16, 0, -2.220446049250313e-16, 1, -0.6118194460868835, -0.7909974455833435, -1.7563671530126246e-16]}, "segments": [13675, 2702, 3511, 26751, 20118, 39123, 20244], "label": "floor"}, {"objectId": 2, "id": 2, "partId": 2, "index": 1, "dominantNormal": [0.5648142695426941, -0.8252180814743042, -1.8323522287795417e-16], "obb": {"axesLengths": [2.00518977639331, 2.5599998855590838, 0.2200277212874311], "centroid": [-0.28969124765227683, 0.9032956657292982, -0.11000005841255156], "normalizedAxes": [0.8252180218696594, 0.5648142695426941, 1.2541396133662765e-16, 0, -2.220446049250313e-16, 1, 0.5648142695426941, -0.8252180218696594, -1.8323520964306437e-16]}, "segments": [9256, 12394, 20950, 37857, 8671, 7042, 19539, 37614, 25228, 37739, 24190, 17511, 16330, 16263, 15708, 7766, 7796, 38255], "label": "shower wall"}, {"objectId": 3, "id": 3, "partId": 3, "index": 2, "dominantNormal": [0.8550781011581421, 0.5184992551803589, 1.1512996227044578e-16], "obb": {"axesLengths": [0.650025070741956, 0.899999956041575, 0.45756882691099326], "centroid": [-0.4308576168053081, 0.475091146387397, -0.9400000231713057], "normalizedAxes": [-0.5184992551803589, 0.8550781011581421, 1.8986547915170562e-16, 0, -2.220446049250313e-16, 1, 0.8550781011581421, 0.5184992551803589, 1.1512996227044578e-16]}, "segments": [19401, 24988, 38273, 18953, 4145, 4207, 19375, 22778, 36419, 20213, 26708, 26697, 2179, 2207, 2242, 4240, 17525, 18859, 18931, 18950, 19420, 20211, 20322, 26842, 34979, 35484], "label": "toilet"}, {"objectId": 4, "id": 4, "partId": 4, "index": 3, "dominantNormal": [0.528383195400238, -0.8490059971809387, -1.8851720122302378e-16], "obb": {"axesLengths": [0.21747089765506453, 0.2600000442564478, 0.09101932753232861], "centroid": [-1.0155801592786244, 0.3838665032565832, -0.7200000292807818], "normalizedAxes": [0.8490059971809387, 0.528383195400238, 1.1732463787167147e-16, 0, -2.220446049250313e-16, 1, 0.528383195400238, -0.8490059971809387, -1.8851720122302378e-16]}, "segments": [35245, 19385, 12249, 12283, 12321, 12359, 12362, 12410, 12460], "label": "toilet paper dispenser"}, {"objectId": 5, "id": 5, "partId": 5, "index": 4, "dominantNormal": [0.8146915435791016, 0.5798945426940918, 1.2876245463069131e-16], "obb": {"axesLengths": [2.4825664261179106, 2.530049982740356, 0.1643727703251306], "centroid": [-0.3794746571595198, -0.6369480386978097, -0.12816505033899106], "normalizedAxes": [-0.5798945426940918, 0.8146915435791016, 1.8089786192978553e-16, 0, -2.220446049250313e-16, 1, 0.8146915435791016, 0.5798945426940918, 1.2876245463069131e-16]}, "segments": [18958, 15073, 12553, 27048, 1460, 862, 5783, 7231, 39321, 33937], "label": "shower wall"}, {"objectId": 6, "id": 6, "partId": 6, "index": 5, "dominantNormal": [0.5330376029014587, -0.8460915684700012, -1.878700680513215e-16], "obb": {"axesLengths": [0.6656904101015242, 0.21999996408820222, 0.17881803863396079], "centroid": [-0.582052703997977, 0.6256257765527595, 0.4799999319761996], "normalizedAxes": [0.8460915684700012, 0.5330376029014587, 1.1835812394644013e-16, 0, -2.220446049250313e-16, 1, 0.5330376029014587, -0.8460915684700012, -1.878700680513215e-16]}, "segments": [17747, 16828, 17119, 16960, 18502, 34826, 34836, 34841, 18468, 18441, 34798, 18518, 34829], "label": "shelf"}, {"objectId": 7, "id": 7, "partId": 7, "index": 6, "dominantNormal": [0.5706647038459778, -0.8211832046508789, -1.8233930024777554e-16], "obb": {"axesLengths": [0.36807116993800454, 0.23352309539489968, 0.110393374814933], "centroid": [-0.9093984427425355, 0.4500926520293498, 0.05323840372476463], "normalizedAxes": [0.8211831450462341, 0.5706647038459778, 1.2671301871014013e-16, 0, -2.220446049250313e-16, 1, 0.5706647038459778, -0.8211831450462341, -1.8233928701288574e-16]}, "segments": [32489, 17426, 17386, 15029], "label": "shelf"}, {"objectId": 8, "id": 8, "partId": 8, "index": 7, "dominantNormal": [0, -2.220446049250313e-16, 1], "obb": {"axesLengths": [0.6213170572178427, 0.10264900097290419, 0.15832100693748008], "centroid": [0.013317469159332795, 1.0326217557454096, 0.1986754473594834], "normalizedAxes": [0.816665768623352, 0.5771108865737915, 1.281443588072121e-16, 0, -2.220446049250313e-16, 1, 0.5771108865737915, -0.816665768623352, -1.8133622794976924e-16]}, "segments": [24082, 37098, 8370, 8405, 8494, 23648, 23650, 37027], "label": "shelf"}, {"objectId": 9, "id": 9, "partId": 9, "index": 8, "dominantNormal": [0.7060232758522034, -0.7081886529922485, -1.5724946966605392e-16], "obb": {"axesLengths": [0.2801223421181728, 0.19999999850988381, 0.16946852139398785], "centroid": [0.18278494817407193, 1.1553108248583424, 0.269999950677156], "normalizedAxes": [0.7081886529922485, 0.7060232758522034, 1.567686593544789e-16, 0, -2.220446049250313e-16, 1, 0.7060232758522034, -0.7081886529922485, -1.5724946966605392e-16]}, "segments": [8349, 8359, 8631], "label": "plant"}, {"objectId": 10, "id": 10, "partId": 10, "index": 9, "dominantNormal": [0.5779200792312622, -0.8160933256149292, -1.8120912006812189e-16], "obb": {"axesLengths": [0.6282448912000648, 0.4211377854390935, 0.19004114306555042], "centroid": [0.01575931994120988, 1.0444202495290171, -0.1424811394703145], "normalizedAxes": [0.8160933256149292, 0.5779200792312622, 1.283240356711484e-16, 0, -2.220446049250313e-16, 1, 0.5779200792312622, -0.8160933256149292, -1.8120912006812189e-16]}, "segments": [37343, 31865, 9133, 7640, 8543, 34643, 7666, 7682, 7703, 7744, 9089, 9105, 24369, 31829, 31837, 31843, 31955, 32099, 34632, 7741, 24325], "label": "shelf"}, {"objectId": 11, "id": 11, "partId": 11, "index": 10, "dominantNormal": [0.5403706431388855, -0.8414270877838135, -1.868343452801765e-16], "obb": {"axesLengths": [0.4878745652064747, 1.2406799515929823, 0.2254029530011607], "centroid": [-0.22647133839416522, 0.8733628267565277, -0.7503400146885222], "normalizedAxes": [0.8414270877838135, 0.5403706431388855, 1.199863859688589e-16, 0, -2.220446049250313e-16, 1, 0.5403706431388855, -0.8414270877838135, -1.868343452801765e-16]}, "segments": [3172, 35700, 20734, 24618, 37395, 37377, 37516, 20704, 24570, 35648, 35744, 3294, 36861, 23080, 36680, 36596, 2188, 31352, 3344, 36470, 35666, 24936, 2114, 31316, 36647, 23195, 23247, 22863, 23302, 2145, 2214, 2260, 3237, 3377, 3389, 3392, 3412, 3456, 3460, 3463, 3486, 18841, 18937, 18956, 20417, 20419, 20714, 20726, 20750, 20753, 20758, 20762, 20833, 20866, 22819, 22908, 22975, 23016, 23035, 23044, 23054, 23088, 23113, 23122, 23137, 23138, 23212, 23235, 23282, 23329, 23357, 23484, 23519, 24462, 24478, 24492, 24531, 24533, 24536, 24577, 24594, 24628, 24822, 24924, 24925, 31319, 31348, 31354, 34976, 35522, 35621, 35623, 35634, 35639, 35760, 36455, 36457, 36516, 36550, 36553, 36556, 36565, 36692, 36726, 36770, 36839, 36940, 37128, 37398, 37461, 37467, 37476, 37531, 38239, 3327], "label": "plant"}, {"objectId": 12, "id": 12, "partId": 12, "index": 11, "dominantNormal": [-0.6460227966308594, 0.7633181214332581, 1.6949067070576486e-16], "obb": {"axesLengths": [0.4497981735967383, 0.7199999529123313, 0.5110847978950797], "centroid": [0.029739438576455057, 0.9859260564259101, -1.1500000268220902], "normalizedAxes": [-0.6460227966308594, 0.7633181214332581, 1.6949067070576486e-16, 0, -2.220446049250313e-16, 1, 0.7633181214332581, 0.6460227966308594, 1.4344587665046302e-16]}, "segments": [3347, 9913, 23566, 15801, 19902, 20410, 3459, 15738, 15743, 15753, 15768, 15776, 15792, 19216, 23392, 23394, 23422, 23471, 23486, 23605, 25055, 25279, 33712, 33715, 33719, 33729, 33734, 36772, 36785, 36792, 36793, 36798, 36813, 38402, 25094, 23522, 36782, 3330, 23315, 37026, 25304, 19613, 22291], "label": "laundry basket"}, {"objectId": 13, "id": 13, "partId": 13, "index": 12, "dominantNormal": [0.47624289989471436, -0.8793137669563293, -1.952468779889592e-16], "obb": {"axesLengths": [0.5603911971319846, 0.5915900336595614, 0.38335189083001836], "centroid": [0.3897813696322754, 1.1786972706292873, -1.0657950271115824], "normalizedAxes": [0.8793137669563293, 0.47624289989471436, 1.0574716655547308e-16, 0, -2.220446049250313e-16, 1, 0.47624289989471436, -0.8793137669563293, -1.952468779889592e-16]}, "segments": [22647, 9915, 38664, 19159, 19155, 19328, 36381, 25863, 38359], "label": "laundry basket"}, {"objectId": 14, "id": 14, "partId": 14, "index": 13, "dominantNormal": [-0.4020031988620758, -0.915638267993927, -2.0331253747095146e-16], "obb": {"axesLengths": [0.4210176838911698, 1.987139895845802, 0.36164506645451616], "centroid": [0.4927168694104277, 1.2711463267214627, -0.3635700133389985], "normalizedAxes": [0.915638267993927, -0.4020031988620758, -8.926264146992842e-17, 0, -2.220446049250313e-16, 1, -0.4020031988620758, -0.915638267993927, -2.0331253747095146e-16]}, "segments": [17946, 17974, 34503, 18318, 25459, 25507, 38475, 18341, 25520, 21132, 38650, 24301, 17972, 18658, 19314, 19637, 21314, 22490, 22504, 22585, 22683, 22687, 23910, 23979, 24026, 24045, 25644, 25662, 25772, 25827, 25841, 34814, 35763, 37320, 38507, 38514, 38536, 38543, 38570, 18627, 18586, 34666, 18575, 18567, 8137, 16610, 9380, 33921, 9351, 9333, 9331, 36391, 21304], "label": "rack"}, {"objectId": 16, "id": 16, "partId": 16, "index": 14, "dominantNormal": [0.8112449049949646, 0.5847064852714539, 1.298309205192036e-16], "obb": {"axesLengths": [2.414943206809473, 2.5220899018178145, 0.22576322075079638], "centroid": [1.1758997395822277, 0.5015305528357603, -0.11104504702139639], "normalizedAxes": [-0.5847064852714539, 0.8112449049949646, 1.8013255442705147e-16, 0, -2.220446049250313e-16, 1, 0.8112449049949646, 0.5847064852714539, 1.298309205192036e-16]}, "segments": [7534, 10373, 9419, 3523, 41597, 19736, 21483, 12937, 13415, 2397, 2355, 9000, 21490, 11422], "label": "shower wall"}, {"objectId": 17, "id": 17, "partId": 17, "index": 15, "dominantNormal": [0.5753589272499084, -0.8179010152816772, -1.8161050780600202e-16], "obb": {"axesLengths": [2.809481564707708, 3.575639883228243, 0.2600760311339285], "centroid": [1.3965905035062103, -0.8305233074604996, 0.3768499539751553], "normalizedAxes": [0.8179010152816772, 0.5753589272499084, 1.2775534569129575e-16, 0, -2.220446049250313e-16, 1, 0.5753589272499084, -0.8179010152816772, -1.8161050780600202e-16]}, "segments": [1646, 11313, 6332, 41121, 30217, 29293, 30326, 6215, 5863, 40724, 822, 9786, 6471, 2429, 29288], "label": "shower wall"}, {"objectId": 18, "id": 18, "partId": 18, "index": 16, "dominantNormal": [0.8674778342247009, 0.49747586250305176, 1.1046183134922932e-16], "obb": {"axesLengths": [0.37178547455180816, 1.9556049863486358, 0.3328015324642009], "centroid": [0.7794090698415861, 0.8728606035795734, -0.3976475377161617], "normalizedAxes": [-0.49747586250305176, 0.8674778342247009, 1.9261877298164552e-16, 0, -2.220446049250313e-16, 1, 0.8674778342247009, 0.49747586250305176, 1.1046183134922932e-16]}, "segments": [6929, 56, 31796, 6521, 9749, 19959, 10024, 15440, 35350, 15363, 35389, 31755, 7512, 6671, 7096, 9604, 9607, 9615, 9645, 9717, 10033, 15371, 15451, 15506, 19671, 19679, 19691, 19692, 32255, 32268, 32284, 33683, 34505, 35409, 35422, 19698, 21171, 19957], "label": "bath cabinet"}, {"objectId": 19, "id": 19, "partId": 19, "index": 17, "dominantNormal": [0, -2.220446049250313e-16, 1], "obb": {"axesLengths": [0.7156586838607235, 0.3861460003373174, 0.6217539828253488], "centroid": [1.157208647092169, 0.2949140178710345, -0.6230730442760957], "normalizedAxes": [-0.20091228187084198, 0.9796092510223389, 2.1751694912416106e-16, 0, -2.220446049250313e-16, 1, 0.9796092510223389, 0.20091228187084198, 4.461148825259764e-17]}, "segments": [13210, 13238, 10744, 40081, 40166, 10274, 10560, 10745, 10747, 13209, 13219, 32759, 32762, 32765, 40148, 40151, 40154, 40181, 40184, 40054, 10684, 10693, 32316, 32319, 40140, 11240, 10469, 10484, 32290, 10260, 10459, 10677, 32294, 32494, 32848, 11540, 11651, 13314, 13337, 13339, 13388, 32527, 32768, 32774, 32776, 32852, 40078], "label": "sink"}, {"objectId": 20, "id": 20, "partId": 20, "index": 18, "dominantNormal": [0.8521890640258789, 0.5232340097427368, 1.1618128897666598e-16], "obb": {"axesLengths": [0.7973429989312688, 0.8738419814294129, 0.44936601788646], "centroid": [1.1457389380423482, 0.26468635370658955, -0.9503790393387002], "normalizedAxes": [-0.5232340097427368, 0.8521890640258789, 1.892239840430585e-16, 0, -2.220446049250313e-16, 1, 0.8521890640258789, 0.5232340097427368, 1.1618128897666598e-16]}, "segments": [28679, 11524, 11628, 13625, 28950, 12115, 28781, 28479, 11604], "label": "bath cabinet"}, {"objectId": 21, "id": 21, "partId": 21, "index": 19, "dominantNormal": [0.8080631494522095, 0.5890958905220032, 1.308055642739177e-16], "obb": {"axesLengths": [0.7297273675072092, 0.760000003278255, 0.2819283328691862], "centroid": [1.3285978122822173, 0.33605515244127726, 0.10999995037913335], "normalizedAxes": [-0.5890958905220032, 0.8080631494522095, 1.7942606277459238e-16, 0, -2.220446049250313e-16, 1, 0.8080631494522095, 0.5890958905220032, 1.308055642739177e-16]}, "segments": [22762, 9483, 29362, 10234, 10817, 10876, 10982, 32430, 15820, 10204, 10795, 10796, 10797, 10802, 10863, 10922, 10942, 10960, 11033, 15220, 19456, 19472, 32376, 32379, 32381, 10222], "label": "mirror"}, {"objectId": 22, "id": 22, "partId": 22, "index": 20, "dominantNormal": [0.8989165425300598, 0.4381198585033417, 9.728215089118512e-17], "obb": {"axesLengths": [0.5134566716159324, 0.9643939815969615, 0.3497745304139879], "centroid": [1.6481559073418637, -0.34963390457097776, -0.9027330394223406], "normalizedAxes": [-0.4381198585033417, 0.8989165425300598, 1.9959956854666223e-16, 0, -2.220446049250313e-16, 1, 0.8989165425300598, 0.4381198585033417, 9.728215089118512e-17]}, "segments": [28560, 30079, 29565, 29895, 41186], "label": "bath cabinet"}, {"objectId": 23, "id": 23, "partId": 23, "index": 21, "dominantNormal": [0.8628597855567932, 0.5054433345794678, 1.1223096553868834e-16], "obb": {"axesLengths": [0.5131550204256843, 0.7791819994334426, 0.21507351168757013], "centroid": [1.6814403155998299, -0.3090002620936487, 0.16040895334462046], "normalizedAxes": [-0.5054433345794678, 0.8628597855567932, 1.9159336018965538e-16, 0, -2.220446049250313e-16, 1, 0.8628597855567932, 0.5054433345794678, 1.1223096553868834e-16]}, "segments": [5731, 5279, 4300, 31588, 31493, 1907, 5005, 4353, 1926, 1931, 1953, 1957, 1959, 1974, 4261, 4269, 4374, 4378, 5045, 5062, 5200, 5213, 5231, 5613, 5680, 31225, 31452, 31471, 31474, 31491, 31621], "label": "bath cabinet"}, {"objectId": 24, "id": 24, "partId": 24, "index": 22, "dominantNormal": [0, -2.220446049250313e-16, 1], "obb": {"axesLengths": [0.3058809400945272, 0.09597301268637892, 0.20743889509559718], "centroid": [1.705720133903801, -0.2443517936126629, -0.4379865298870247], "normalizedAxes": [0.8755857944488525, -0.48306259512901306, -1.0726144308948206e-16, 0, -2.220446049250313e-16, 1, -0.48306259512901306, -0.8755857944488525, -1.9441910180636513e-16]}, "segments": [41666, 30035, 41720], "label": "object"}, {"objectId": 25, "id": 25, "partId": 25, "index": 23, "dominantNormal": [0.6479949355125427, -0.7616446614265442, -1.6911908793971624e-16], "obb": {"axesLengths": [0.3414169092403007, 1.3399999587237836, 0.1903431221937912], "centroid": [1.482104415595844, -0.7237787923534291, -0.460000037178397], "normalizedAxes": [0.7616446614265442, 0.6479949355125427, 1.438837794493037e-16, 0, -2.220446049250313e-16, 1, 0.6479949355125427, -0.7616446614265442, -1.6911908793971624e-16]}, "segments": [29625, 30536, 1465, 1509, 5349, 5412, 30483, 30500, 31477, 38299, 30166, 30213], "label": "towel"}, {"objectId": 26, "id": 26, "partId": 26, "index": 24, "dominantNormal": [0.6133683919906616, -0.7897969484329224, -1.7537015138578357e-16], "obb": {"axesLengths": [0.2186133999029396, 0.7999999623745684, 0.09786861482221072], "centroid": [1.036644107285958, -1.0544257799641397, -0.37000002909451735], "normalizedAxes": [0.7897969484329224, 0.6133683919906616, 1.361951422730682e-16, 0, -2.220446049250313e-16, 1, 0.6133683919906616, -0.7897969484329224, -1.7537015138578357e-16]}, "segments": [1445, 1407, 964, 5946, 31172], "label": "towel"}, {"objectId": 27, "id": 27, "partId": 27, "index": 25, "dominantNormal": [-0.637145459651947, -0.7707436084747314, -1.7113946004226476e-16], "obb": {"axesLengths": [0.9245506736702812, 2.327643998094408, 0.4453954772826492], "centroid": [0.5585113917547051, -0.842229275542028, -0.22762806391057344], "normalizedAxes": [0.7707436084747314, -0.6371454000473022, -1.4147469863330425e-16, 0, -2.220446049250313e-16, 1, -0.6371454000473022, -0.7707436084747314, -1.7113946004226476e-16]}, "segments": [16560, 18687, 17759, 40327, 34458, 17547, 950, 26780, 727, 29246, 17888, 29663, 35603, 35619, 30339, 270, 282, 296, 341, 345, 349, 361, 397, 418, 425, 624, 857, 895, 2589, 2900, 7256, 12470, 17549, 17563, 17598, 17649, 17656, 17695, 17733, 17741, 17760, 17792, 17809, 17896, 20381, 29602, 29614, 29630, 30310, 30351, 30414, 30465, 30558, 30600, 30602, 30604, 31087, 31314, 34397, 34401, 34405, 34444, 35611, 37039, 37115, 37126, 37296, 38891, 40270, 40277, 40284, 35787, 32094, 8754, 7940, 7982, 7986, 8750, 8757, 8769, 8867, 8890, 8940, 9233, 31875, 31998, 7973, 8724, 21518, 8851, 8870, 8875, 8883, 8896, 40217, 28725, 20107, 602, 699, 751, 16104, 20677, 28685, 31077, 31304, 20073], "label": "shower curtain"}, {"objectId": 28, "id": 28, "partId": 28, "index": 26, "dominantNormal": [0.8342483043670654, 0.5513889789581299, 1.2243294799277435e-16], "obb": {"axesLengths": [0.2873242074798676, 0.2958199911753834, 0.12648293211426606], "centroid": [0.10379720779468654, -1.2910298567833416, -0.41456303750210277], "normalizedAxes": [-0.5513889789581299, 0.8342483043670654, 1.8524033515256231e-16, 0, -2.220446049250313e-16, 1, 0.8342483043670654, 0.5513889789581299, 1.2243294799277435e-16]}, "segments": [3238, 969, 3146, 193, 370, 873, 1030, 1173, 3215, 30990], "label": "object"}, {"objectId": 29, "id": 29, "partId": 29, "index": 27, "dominantNormal": [0.7293571829795837, 0.6841331124305725, 1.519080666657785e-16], "obb": {"axesLengths": [1.174843535135705, 2.1408100245711936, 0.21005524365566422], "centroid": [-0.6941960640072558, -0.3037371955954269, -0.28040505505193014], "normalizedAxes": [-0.6841331124305725, 0.7293571829795837, 1.6194982754393544e-16, 0, -2.220446049250313e-16, 1, 0.7293571829795837, 0.6841331124305725, 1.519080666657785e-16]}, "segments": [31704, 20158, 31979, 27096, 19532, 12915, 13024, 13069, 13106, 13146, 19444, 19509, 19878, 19945, 20246, 31401], "label": "doorframe"}, {"objectId": 30, "id": 30, "partId": 30, "index": 28, "dominantNormal": [0, -2.220446049250313e-16, 1], "obb": {"axesLengths": [1.8666298529309169, 0.20204996611066228, 0.5476927528889282], "centroid": [-1.6179448167038677, -0.1163943771383752, -1.368975059263966], "normalizedAxes": [0.975209653377533, -0.22128282487392426, -4.91346574258254e-17, 0, -2.220446049250313e-16, 1, -0.22128282487392426, -0.975209653377533, -2.1654004220329103e-16]}, "segments": [9268, 11260, 10541, 14029, 13866, 14318, 6965, 6969, 7445, 7457, 10366, 10368, 10785, 11208, 13606, 13653, 13785, 13814, 13834, 13839, 13864, 13880, 13932, 13938, 14035, 14062, 14256, 14349, 14353, 14376, 14393, 16270, 16407, 16471, 30995, 31798, 31805, 31810, 31814, 31817, 33811, 6973, 38884, 6837, 6953, 7292, 7471, 7489, 7495, 13767, 33791, 33840], "label": "floor /other room"}, {"objectId": 31, "id": 31, "partId": 31, "index": 29, "dominantNormal": [0.5091386437416077, -0.8606845140457153, -1.9111035288637342e-16], "obb": {"axesLengths": [1.022719924920026, 0.834427963917822, 0.19309220912100322], "centroid": [-1.7592920377906363, -0.11216288280947229, 0.7127859414491207], "normalizedAxes": [0.8606845140457153, 0.5091386437416077, 1.1305148900167154e-16, 0, -2.220446049250313e-16, 1, 0.5091386437416077, -0.8606845140457153, -1.9111035288637342e-16]}, "segments": [6133, 30252, 30274, 6049, 21156, 6148, 6179, 6187, 6384, 20008, 20033, 30305, 31684, 39505, 39508], "label": "wall /other room"}, {"objectId": 32, "id": 32, "partId": 32, "index": 30, "dominantNormal": [0.7814252376556396, 0.6239988803863525, 1.3855558486904952e-16], "obb": {"axesLengths": [1.0625820031121198, 0.7400000227987757, 0.3388132453134369], "centroid": [-1.7679743044811156, -0.7372867438501447, 0.6999999705702056], "normalizedAxes": [-0.6239988803863525, 0.7814252376556396, 1.735112581736952e-16, 0, -2.220446049250313e-16, 1, 0.7814252376556396, 0.6239988803863525, 1.3855558486904952e-16]}, "segments": [2979, 23505, 34429, 3032, 34526, 22698, 36204, 3033, 3073, 12623, 12630, 12637, 22072, 22076, 22079, 22084, 22195, 22240, 22290, 22360, 22489, 22508, 22571, 22573, 22587, 22669, 22773, 22892, 23067, 23095, 23259, 23293, 23405, 23425, 23440, 23476, 23527, 23865, 26612, 26905, 29680, 29693, 29711, 30011, 30070, 30126, 30723, 30726, 32647, 34311, 34437, 34607, 34624, 34704, 34708, 34732, 34744, 34747, 34749, 34755, 34758, 34765, 38783, 32680], "label": "wall /other room"}, {"objectId": 33, "id": 33, "partId": 33, "index": 31, "dominantNormal": [0, -2.220446049250313e-16, 1], "obb": {"axesLengths": [2.4456425656658074, 0.2090499354366221, 0.8583911075012295], "centroid": [-1.0281225123440216, -0.4935080848481632, 2.9472649165109166], "normalizedAxes": [-0.3456304371356964, 0.9383707046508789, 2.0836015238742765e-16, 0, -2.220446049250313e-16, 1, 0.9383707046508789, 0.3456304371356964, 7.674537386386158e-17]}, "segments": [29770, 26119, 27756, 24138, 4722, 4793, 28110], "label": "ceiling"}, {"objectId": 34, "id": 34, "partId": 34, "index": 32, "dominantNormal": [0, -2.220446049250313e-16, 1], "obb": {"axesLengths": [4.431227206358041, 0.6800000515580157, 2.7929577084016524], "centroid": [-0.17225350167245823, 0.8152188834952461, 1.6299999122321607], "normalizedAxes": [0.5208452343940735, 0.8536511063575745, 1.895486226549835e-16, 0, -2.220446049250313e-16, 1, 0.8536511063575745, -0.5208452343940735, -1.1565087429811738e-16]}, "segments": [1338, 1063, 1142, 2059, 20541, 32703, 32620, 28313, 7530, 8090, 9065, 12700, 16181, 3969, 1042, 1057, 1069, 1123, 1132, 1135, 1146, 1158, 1319, 1323, 1333, 1335, 1353, 1554, 1558, 1563, 2005, 2038, 2066, 3697, 3723, 3745, 3845, 3856, 3861, 4030, 4843, 6440, 6548, 6716, 7332, 7502, 7944, 8120, 8488, 11137, 15174, 15189, 15905, 15909, 15948, 15995, 16234, 16243, 19558, 20164, 20165, 20184, 20408, 20545, 21034, 21035, 21105, 21137, 21178, 21195, 21234, 21372, 22016, 22021, 22023, 22033, 22036, 23125, 23684, 26191, 26887, 26891, 26900, 26928, 28274, 30660, 30682, 31085, 31110, 31120, 31122, 31190, 31268, 32696, 33577, 33947, 34772, 34777, 39298, 39303, 39305, 39309, 38695, 8803, 8823, 20378, 20543, 20556, 20625, 20974, 20985, 21027, 21044, 21260, 21775, 21777, 21781, 23869, 25879, 25884, 25936, 31992, 33707, 33771, 38732, 11180, 21785, 16020, 15864, 15861, 32219, 8242, 15542, 15575, 1270, 8251, 8570, 11164, 11856, 11884, 14348, 15543, 15583, 15610, 15871, 15918, 15950, 16060, 20617, 23814, 30623, 30856, 31270, 32102, 32161, 32168, 32171, 32175, 32178, 32205, 32209, 32212, 32215, 32217, 32223, 32464, 32476, 32481, 37031, 14344, 14355, 14444, 12930, 14388, 14405, 14418, 22185, 22141, 21090, 20588, 8233, 36346, 22436, 26286, 24894, 16063, 19806, 19807, 19808, 22170, 22387, 22425, 28741, 35546], "label": "ceiling"}, {"objectId": 35, "id": 35, "partId": 35, "index": 33, "dominantNormal": [0, -2.220446049250313e-16, 1], "obb": {"axesLengths": [0.5531489219449461, 0.10000014081597008, 0.38650146411680797], "centroid": [-0.02321081516099066, -1.5812855608874248, 2.3999998759478336], "normalizedAxes": [0.7652537822723389, 0.6437287330627441, 1.4293649221180796e-16, 0, -2.220446049250313e-16, 1, 0.6437287330627441, -0.7652537822723389, -1.699204737520474e-16]}, "segments": [15307, 9984], "label": "ceiling"}, {"objectId": 37, "id": 37, "partId": 37, "index": 34, "dominantNormal": [0, -2.220446049250313e-16, 1], "obb": {"axesLengths": [0.6633772965462883, 0.09999990239739631, 0.3587913308717669], "centroid": [0.6058322443250717, 2.1942730896226155, 2.9799999058991657], "normalizedAxes": [0.9896041750907898, 0.14381778240203857, 3.1933962674654775e-17, 0, -2.220446049250313e-16, 1, 0.14381778240203857, -0.9896041750907898, -2.1973626809019593e-16]}, "segments": [5395, 4840, 5531], "label": "ceiling"}, {"objectId": 38, "id": 38, "partId": 38, "index": 35, "dominantNormal": [0, -2.220446049250313e-16, 1], "obb": {"axesLengths": [1.2460838802674046, 0.11770987247579079, 0.36319896433475996], "centroid": [-0.3650921082455987, 1.944775326693413, 2.988854890938363], "normalizedAxes": [0.9341997504234314, 0.3567504286766052, 7.921450799233237e-17, 0, -2.220446049250313e-16, 1, 0.3567504286766052, -0.9341997504234314, -2.0743401450383367e-16]}, "segments": [4220, 26375, 25064, 26716, 35489, 26660], "label": "ceiling"}], "scan_id": "c7895f7c-339c-2d13-819f-3bb0b26c91f6", "annId": "6414", "appId": "stk.v1"}