{"segGroups": [{"objectId": 1, "id": 1, "partId": 1, "index": 0, "dominantNormal": [0, -2.220446049250313e-16, 1], "obb": {"axesLengths": [6.72530412897004, 0.23487996530056038, 4.1184731765579565], "centroid": [0.34278698426720594, -1.7974656341237782, -1.3222999122166634], "normalizedAxes": [0.3801390528678894, 0.9249293208122253, 2.0537556562332811e-16, 0, -2.220446049250313e-16, 1, 0.9249293208122253, -0.3801390528678894, -8.440782581062609e-17]}, "segments": [36662, 15829, 18537, 18570, 959, 2371, 5502, 8065, 8249, 11197, 18107, 18477, 18487, 18488, 18510, 20035, 23186, 23200, 23270, 24409, 25068, 27151, 27969, 27980, 30843, 33339, 34954, 35091, 36508, 37686, 41338, 50791, 32432], "label": "floor"}, {"objectId": 2, "id": 2, "partId": 2, "index": 1, "dominantNormal": [0, -2.220446049250313e-16, 1], "obb": {"axesLengths": [1.9796289342695799, 0.4727859987440855, 0.5253165961249929], "centroid": [1.664871967314837, -1.2878542552368542, -0.5004019768388116], "normalizedAxes": [-0.6143638491630554, 0.7890228629112244, 1.7519826987193995e-16, 0, -2.220446049250313e-16, 1, 0.7890228629112244, 0.6143638491630554, 1.3641617816763217e-16]}, "segments": [37363, 13806, 20062, 30645, 35009, 46905, 49542, 46844, 28459, 30807, 13897, 42390, 44874, 20059, 49550, 46839, 46825, 12728, 42425, 13812, 18428, 37069, 9971, 9999, 10019, 10028, 10198, 12677, 12691, 12718, 12813, 12825, 18421, 18549, 18553, 18556, 18861, 20230, 20240, 25601, 25620, 25625, 30691, 37193, 39352, 39365, 42151, 42172, 42207, 43896, 43916, 43917, 45352, 45495, 43451], "label": "table"}, {"objectId": 3, "id": 3, "partId": 3, "index": 2, "dominantNormal": [0.5935859680175781, -0.8047705888748169, -1.7869496746199351e-16], "obb": {"axesLengths": [5.873225979544385, 2.726629911512956, 0.6639850985347612], "centroid": [0.8665523689269553, -2.799248594888134, -0.02711497126426554], "normalizedAxes": [0.8047705888748169, 0.5935859680175781, 1.318025617575054e-16, 0, -2.220446049250313e-16, 1, 0.5935859680175781, -0.8047705888748169, -1.7869496746199351e-16]}, "segments": [5342, 10653, 11144, 11521, 5258, 16710, 18835, 445, 878, 886, 1347, 1568, 1744, 2690, 2764, 2824, 4567, 4638, 4648, 5271, 6905, 6937, 10228, 10243, 11467, 11873, 11992, 15002, 15035, 15042, 15054, 15946, 18429, 18865, 19642, 19645, 19648, 19663, 19726, 19731, 19732, 19760, 19936, 19950, 19956, 20611, 21405, 21416, 21441, 21557, 22193, 22228, 22252, 22398, 22431, 23821, 26087, 26152, 26179, 26258, 26322, 26364, 26413, 29602, 29628, 30931, 31271, 31345, 31371, 31429, 31498, 31621, 32075, 32202, 32207, 32236, 32238, 34306, 39718, 39726, 39730, 40009, 40973, 40976, 42718, 43473, 43881, 44085, 44106, 44112, 44114, 44977, 45203, 45314, 47406, 47580, 47918, 48038, 48092, 48222, 48233, 51711, 51716, 6645, 23512, 338, 351, 390, 628, 1166, 1310, 1332, 1422, 1970, 2008, 2575, 6600, 15971, 18562, 19712, 21457, 21461, 22160, 25759, 26463, 27909, 27952, 28983, 30081, 31339, 32537, 34359, 36426, 39065, 39132, 39764, 39983, 39997, 40006, 40012, 40019, 40796, 40930, 41892, 42163, 45198, 47425, 48478, 48722, 51660, 17905, 44910, 28281, 22362, 25245, 44939, 5157, 17278, 17436, 42348, 1451, 1457, 1223, 177, 15276, 39489, 15833, 13451, 39892, 7246, 1241, 10026, 35804, 17065, 28081, 17034, 38063, 2294, 15263], "label": "wall"}, {"objectId": 4, "id": 4, "partId": 4, "index": 3, "dominantNormal": [0.8020334839820862, 0.5972790122032166, 1.3262258229467617e-16], "obb": {"axesLengths": [4.4598622004614725, 2.733089981978609, 0.18758343277186965], "centroid": [1.9834913625545834, 0.46248790995878397, -0.036544962298758144], "normalizedAxes": [-0.5972790122032166, 0.802033543586731, 1.7808722132233855e-16, 0, -2.220446049250313e-16, 1, 0.802033543586731, 0.5972790122032166, 1.3262258229467617e-16]}, "segments": [19306, 16126, 21008, 17606, 20627, 20566, 29805, 13105, 50036, 12154, 6386, 6426, 6922, 8885, 10921, 11417, 12318, 12325, 12328, 12331, 12340, 12349, 12361, 12380, 12390, 12416, 12421, 12474, 12514, 12565, 12848, 12862, 12891, 12905, 13062, 13066, 13069, 13167, 14594, 14696, 14910, 15068, 15095, 15114, 15137, 16322, 17276, 17704, 17719, 17912, 17947, 17950, 18790, 19351, 19357, 19362, 19379, 19405, 19413, 19557, 19562, 19677, 20973, 21012, 21018, 21042, 21073, 21091, 21108, 22351, 22403, 23317, 23333, 23555, 26508, 26644, 26703, 26846, 26858, 27102, 27136, 28051, 28487, 28496, 28539, 28543, 28548, 28550, 28556, 28566, 28569, 28570, 28578, 28905, 28920, 29035, 29113, 29169, 29172, 29180, 29185, 29252, 29256, 29264, 29767, 30247, 30254, 30267, 30278, 30303, 30479, 30567, 31094, 42004, 42203, 42922, 43725, 43779, 43781, 43792, 44887, 44889, 44893, 46775, 46780, 46792, 46798, 46992, 47008, 47012, 47019, 47020, 47029, 47034, 47067, 47072, 31800, 29529], "label": "wall"}, {"objectId": 5, "id": 5, "partId": 5, "index": 4, "dominantNormal": [-0.5273493528366089, -0.8496485352516174, -1.8865987333507693e-16], "obb": {"axesLengths": [2.4460129254891565, 2.0727639927097252, 1.198874727905237], "centroid": [0.9494630123263172, 1.176194250361347, -0.3751780151850417], "normalizedAxes": [0.8496485352516174, -0.5273494124412537, -1.1709509194296556e-16, 0, -2.220446049250313e-16, 1, -0.5273494124412537, -0.8496485352516174, -1.8865987333507693e-16]}, "segments": [20776, 43521, 43643, 7128, 31384, 33758, 7250, 35314, 35601, 35283, 46425, 10046, 47146, 14569, 24392, 24288, 45080, 13239, 13533, 25571, 8746, 42602, 16410, 42684, 14846, 14819, 21231, 16393, 43554, 19172, 17828, 20763, 48588, 38016, 39268, 13802, 16102, 12611, 12527, 52620, 33063, 52386, 18758, 20259, 44594, 21755, 24265, 15524, 15695, 15317, 15431, 21893, 44220, 22068, 44287, 44703, 44673, 21692, 15157, 43356, 10139, 5288, 21370, 46100, 46274, 30783, 30795, 47394, 47214, 30812, 28732, 6804, 8774, 41451, 47500, 31236, 30677, 46929, 6678, 6267, 46921, 9646, 33737, 33950, 5050, 5055, 5131, 5199, 5296, 5298, 5308, 5371, 5894, 5933, 5977, 6032, 6541, 6575, 6580, 6590, 6630, 6640, 6665, 6727, 6801, 6810, 7133, 7166, 7350, 7515, 7536, 7593, 7597, 7612, 7626, 7650, 7661, 7688, 7734, 7748, 7751, 7759, 7784, 8320, 8333, 8353, 8401, 8435, 8474, 8495, 8509, 8512, 8518, 8527, 8549, 8582, 8592, 8599, 8612, 8615, 8652, 8661, 8667, 8681, 8685, 8723, 8738, 8744, 8748, 8752, 8760, 8764, 8789, 8839, 8851, 8865, 8867, 8883, 8921, 8926, 8954, 8960, 8974, 9034, 9040, 9046, 9071, 9105, 9113, 9125, 9141, 9230, 9682, 9722, 9740, 9745, 9749, 9784, 9798, 9807, 9823, 9825, 9827, 9950, 9959, 10086, 10097, 10108, 10155, 10171, 10504, 10570, 10578, 10579, 10657, 10761, 11030, 12526, 13063, 13118, 13164, 13169, 13171, 13188, 13245, 13362, 13504, 13520, 13614, 13681, 13709, 14115, 14188, 14201, 14210, 14215, 14219, 14505, 14511, 14739, 14777, 14804, 14814, 14897, 15271, 15305, 15313, 15315, 15324, 15373, 15383, 15408, 15566, 15600, 15614, 15617, 15618, 15665, 15783, 15785, 16103, 16212, 16230, 16272, 16283, 16292, 16327, 16330, 16331, 16398, 16411, 16428, 16439, 16548, 16587, 16588, 16613, 16634, 16648, 16661, 16672, 16673, 16704, 16781, 16783, 16860, 16886, 16894, 16901, 16918, 16920, 16944, 16945, 16960, 16965, 17180, 17760, 17768, 17769, 17815, 17820, 17882, 18078, 18091, 18092, 18104, 18105, 18134, 18225, 18238, 18239, 18253, 18288, 18293, 18332, 18899, 18911, 18913, 18955, 18961, 18965, 18997, 19031, 19033, 19042, 19059, 19087, 19151, 19177, 19192, 19203, 19218, 19223, 19229, 19244, 19265, 19872, 19891, 20267, 20268, 20316, 20326, 20336, 20423, 20427, 20456, 20488, 20515, 20523, 20740, 20754, 20765, 21235, 21245, 21261, 21510, 21517, 21544, 21789, 21814, 21832, 21837, 21870, 21913, 21927, 21953, 21974, 21994, 22014, 22022, 22031, 22035, 22048, 22063, 22082, 22117, 22128, 22134, 22135, 22149, 22173, 22191, 22449, 22470, 22480, 22606, 22611, 22620, 22629, 22637, 22714, 22727, 22730, 22904, 23122, 23124, 23843, 23877, 23878, 23926, 23947, 23964, 23990, 24043, 24050, 24068, 24151, 24174, 24210, 24225, 24278, 24282, 24303, 24307, 24313, 24323, 24327, 24437, 24694, 25522, 25557, 26616, 26711, 26747, 26755, 26760, 26776, 26781, 26794, 26909, 26925, 26969, 26974, 26980, 27009, 27179, 27202, 27211, 27221, 28676, 28678, 28684, 28693, 28753, 28764, 28766, 28794, 28810, 28820, 28826, 28844, 28857, 28865, 28945, 28976, 28990, 29013, 29051, 29127, 29142, 29178, 29209, 29221, 29293, 29298, 29308, 29316, 29340, 29899, 29973, 30231, 30313, 30347, 30683, 30687, 30723, 30752, 30763, 30773, 30782, 31141, 31159, 31284, 31298, 31327, 31500, 31516, 31777, 31842, 31845, 32362, 32578, 32581, 32606, 32618, 32964, 33374, 33387, 33457, 33461, 33521, 33529, 33534, 33536, 33537, 33555, 33574, 33596, 33624, 33654, 33671, 33684, 33705, 33715, 33756, 33900, 33926, 33946, 33962, 34016, 34045, 34053, 34058, 34070, 34106, 34114, 34164, 34165, 34182, 34184, 34188, 34204, 34212, 34223, 34260, 34277, 34278, 34298, 34341, 34358, 34362, 34498, 34532, 34535, 34559, 34585, 34595, 34607, 34621, 34629, 34631, 34641, 34675, 34698, 34723, 34730, 35055, 35129, 35130, 35201, 35233, 35261, 35320, 35327, 35346, 35400, 35446, 35448, 35569, 35592, 35633, 35656, 35703, 35749, 35754, 35780, 35798, 35864, 35865, 35885, 35892, 35950, 35964, 36004, 36182, 36236, 36276, 36339, 37012, 37186, 37211, 37217, 37219, 37224, 37228, 37238, 37252, 37268, 37285, 37300, 37310, 37383, 37415, 37431, 37442, 37617, 37635, 37657, 37696, 37901, 38010, 38025, 38071, 38076, 38077, 38131, 38174, 38184, 38199, 38211, 38215, 38224, 38243, 38253, 38275, 38370, 38847, 38853, 38876, 38908, 38971, 39019, 39032, 39035, 39041, 39059, 39091, 39317, 39382, 39420, 41047, 41092, 41093, 41095, 41098, 41101, 41104, 41139, 41149, 41167, 41183, 41274, 41276, 41283, 41373, 41414, 41418, 41445, 41447, 41520, 41526, 41540, 41543, 41553, 41792, 41795, 41801, 41809, 41826, 41829, 41835, 41873, 42044, 42068, 42234, 42469, 42597, 42599, 42631, 42689, 42703, 42746, 42769, 42772, 42784, 42835, 42836, 42881, 42888, 42893, 42910, 42916, 42917, 42933, 42940, 42946, 42948, 42962, 42989, 42992, 42998, 43023, 43027, 43031, 43062, 43064, 43083, 43087, 43092, 43094, 43129, 43157, 43163, 43291, 43294, 43296, 43299, 43314, 43316, 43321, 43324, 43326, 43395, 43397, 43547, 43550, 43575, 43607, 43628, 43714, 43719, 43776, 43883, 43885, 43935, 43937, 43942, 44102, 44145, 44147, 44184, 44187, 44191, 44197, 44200, 44204, 44210, 44230, 44234, 44250, 44366, 44454, 44467, 44469, 44471, 44473, 44489, 44498, 44531, 44560, 44562, 44600, 44603, 44618, 44627, 44687, 44692, 44991, 44994, 44998, 45012, 45022, 45041, 45054, 45057, 45063, 45095, 45102, 45112, 45121, 45135, 45139, 45262, 45265, 45268, 45277, 45306, 45492, 46130, 46279, 46284, 46310, 46334, 46336, 46424, 46448, 46452, 47158, 47161, 47164, 47166, 47167, 47194, 47208, 47221, 47226, 47389, 47398, 47401, 47444, 47449, 48318, 48355, 48407, 48483, 48513, 48614, 48676, 48679, 48691, 48694, 48704, 48708, 48712, 48730, 48757, 48819, 48825, 48859, 48870, 48934, 48936, 48941, 48944, 48952, 48953, 48957, 48977, 48990, 48993, 49001, 49033, 49038, 49054, 49075, 49365, 49368, 49580, 49745, 49750, 49753, 49755, 49782, 50578, 50588, 50700, 51721, 51746, 51778, 51783, 51789, 51856, 51871, 51924, 51933, 51965, 51967, 51972, 51989, 52308, 52333, 52338, 52349, 52369, 52416, 52418, 52422, 52427, 52431, 52435, 52502, 52508, 52627, 52630, 52636, 52666, 52677, 41503, 9083, 2062, 19536, 14176, 42649], "label": "shelf"}, {"objectId": 6, "id": 6, "partId": 6, "index": 5, "dominantNormal": [0, -2.220446049250313e-16, 1], "obb": {"axesLengths": [0.4796594309959779, 0.28303598724970236, 0.4608261447552695], "centroid": [0.965672842594876, -1.252039034906515, -0.6714899830874047], "normalizedAxes": [0.9082456231117249, 0.4184374213218689, 9.291177190326325e-17, 0, -2.220446049250313e-16, 1, 0.4184374213218689, -0.9082456231117249, -2.0167104055873183e-16]}, "segments": [52007, 11237, 46587, 41524, 9311, 29952, 52049, 11089, 11315, 11324, 19287, 19289, 19303, 30038, 30141, 37492, 46558, 46660, 46663], "label": "chair"}, {"objectId": 7, "id": 7, "partId": 7, "index": 6, "dominantNormal": [0, -2.220446049250313e-16, 1], "obb": {"axesLengths": [0.5434710051042819, 0.3899519654374127, 0.5533258738259009], "centroid": [1.5985786901783268, -1.678064134916835, -0.6012779631866959], "normalizedAxes": [0.9999949336051941, -0.003188234753906727, -7.079303263394736e-19, 0, -2.220446049250313e-16, 1, -0.003188234753906727, -0.9999949336051941, -2.2204347995939824e-16]}, "segments": [14087, 14327, 13328, 13299, 42464, 12453, 13833, 13845, 14042, 14055, 14261, 14330, 23985, 42378, 42380, 42382, 42386, 42446, 42467, 42486, 42489, 42492, 42499, 42501, 42567, 42570, 42573, 42576, 42581, 42585, 42484], "label": "chair"}, {"objectId": 8, "id": 8, "partId": 8, "index": 7, "dominantNormal": [-0.033745549619197845, -0.9994304776191711, -2.219181455529842e-16], "obb": {"axesLengths": [0.5203966825492077, 0.5094879751766923, 0.3673971209208775], "centroid": [1.0898404767694903, -2.744989045153655, -1.155255932014078], "normalizedAxes": [0.9994304776191711, -0.03374554589390755, -7.493016405992214e-18, 0, -2.220446049250313e-16, 1, -0.03374554589390755, -0.9994304776191711, -2.219181455529842e-16]}, "segments": [4547, 4337, 41009, 4446, 4129, 4460, 4171, 4282, 4365, 4401, 4409, 4427, 4458, 4485, 4588, 4765, 40897, 40904, 41024, 41038, 41042, 41046], "label": "stool"}, {"objectId": 9, "id": 9, "partId": 9, "index": 8, "dominantNormal": [0.6138913035392761, -0.7893905639648438, -1.7527991590712139e-16], "obb": {"axesLengths": [1.6984018539082206, 1.4999999664723873, 0.33576224994174436], "centroid": [-0.057954380957873086, -3.643478771813583, -0.2599999691487844], "normalizedAxes": [0.7893905639648438, 0.6138913035392761, 1.3631125196129104e-16, 0, -2.220446049250313e-16, 1, 0.6138913035392761, -0.7893905639648438, -1.7527991590712139e-16]}, "segments": [26200, 9846, 23744, 5388, 7189, 7210, 7807, 7812, 7852, 9307, 9313, 9335, 9337, 18725, 20684, 23538, 23601, 23653, 23655, 23698, 23717, 23730, 23748, 23763, 23767, 23771, 23772, 23798, 23809, 23811, 23910, 25667, 25669, 25675, 25683, 25692, 25700, 25701, 27720, 28871, 30031, 30590, 36400, 41214, 41573, 41588, 44966, 45504, 45507, 49217, 49268, 49271, 18660], "label": "window"}, {"objectId": 10, "id": 10, "partId": 10, "index": 9, "dominantNormal": [0.5738316178321838, -0.8189733028411865, -1.8184860347351928e-16], "obb": {"axesLengths": [2.9488807101684515, 0.22000002369284566, 0.1990850355541715], "centroid": [1.5730368837317132, -2.349687777874449, 1.1199999952374404], "normalizedAxes": [0.8189733028411865, 0.5738316178321838, 1.274162148750388e-16, 0, -2.220446049250313e-16, 1, 0.5738316178321838, -0.8189733028411865, -1.8184860347351928e-16]}, "segments": [13941, 6913, 7825, 9629, 9641, 12975, 13187, 13273, 14265, 14266, 14741, 15163, 15244, 15830, 39482, 39493, 42235, 42236], "label": "ceiling"}, {"objectId": 11, "id": 11, "partId": 11, "index": 10, "dominantNormal": [0.5717540979385376, -0.8204250335693359, -1.8217095244950875e-16], "obb": {"axesLengths": [1.4151062170614985, 1.5733399039505436, 0.44720220283912887], "centroid": [0.7680473168017133, -2.9768197723220333, 0.2566700079349433], "normalizedAxes": [0.8204250931739807, 0.5717540383338928, 1.2695489955614044e-16, 0, -2.220446049250313e-16, 1, 0.5717540383338928, -0.8204250931739807, -1.8217096568439855e-16]}, "segments": [40422, 40380, 961, 40094, 42178, 501, 414, 431, 471, 503, 510, 576, 611, 710, 711, 751, 759, 764, 768, 784, 797, 850, 26892, 26898, 26992, 39665, 40040, 40042, 40053, 40087, 40105, 40157, 40163, 40165, 40168, 40175, 40446, 46258, 48224, 48230, 844, 792, 3203, 3309, 3293, 3357, 3434, 40743, 40781, 2822, 3379, 3381, 3845, 3317, 2677, 2752, 45982, 27024, 2523, 46249, 40273, 40516, 395, 585, 675, 1403, 2300, 2340, 2430, 2563, 2587, 2621, 2635, 2648, 2655, 2665, 2670, 2783, 2784, 2846, 3108, 3201, 3228, 3258, 3260, 3264, 3289, 3298, 3324, 3326, 3402, 3509, 3551, 3601, 3619, 3625, 3640, 3741, 3750, 3764, 3840, 14686, 26201, 26331, 26353, 26405, 26409, 26997, 39612, 39668, 39669, 39675, 39676, 39680, 39769, 40286, 40314, 40355, 40452, 40457, 40478, 40504, 40612, 40640, 40666, 40681, 40683, 40695, 40728, 40788, 45734, 45742, 45872, 45898, 45904, 45906, 45915, 45940, 46007, 46151, 46173, 46248, 48569, 567, 39772, 11584, 12080, 9583, 39601, 39550, 45362, 25223, 22763, 39712, 3901, 39755, 19861, 39558, 10691, 47303, 22506, 20873, 4178, 4414, 39636, 39653], "label": "shelf"}, {"objectId": 13, "id": 13, "partId": 13, "index": 11, "dominantNormal": [0, -2.220446049250313e-16, 1], "obb": {"axesLengths": [0.43775493901509616, 0.29192550572919446, 0.3954681806352092], "centroid": [1.4622502357051586, -0.9908204835387747, 0.22582426595171756], "normalizedAxes": [0.9173153042793274, -0.39816150069236755, -8.840961311759433e-17, 0, -2.220446049250313e-16, 1, -0.39816150069236755, -0.9173153042793274, -2.0368491433038813e-16]}, "segments": [48337, 32123, 47290, 33669, 34043, 33943, 48266, 48489, 32018], "label": "lamp"}, {"objectId": 14, "id": 14, "partId": 14, "index": 12, "dominantNormal": [0.7774302363395691, 0.6289691925048828, 1.3965921585976267e-16], "obb": {"axesLengths": [0.7801896691473885, 2.6561400296656767, 0.35902313567686595], "centroid": [-1.467078648757051, -4.411808907702746, -0.08741996926784479], "normalizedAxes": [-0.6289691925048828, 0.7774302363395691, 1.7262418968479334e-16, 0, -2.220446049250313e-16, 1, 0.7774302363395691, 0.6289691925048828, 1.3965921585976267e-16]}, "segments": [3823, 4463, 4169, 5624, 23631, 3414, 39141, 38609, 38485], "label": "wall"}, {"objectId": 15, "id": 15, "partId": 15, "index": 13, "dominantNormal": [0.6136369109153748, -0.7895883321762085, -1.753238292714806e-16], "obb": {"axesLengths": [0.8314905348441657, 0.6837199773553017, 0.0903894032529008], "centroid": [-0.982435385440831, -4.52842864256508, -1.0718599759313456], "normalizedAxes": [0.7895883321762085, 0.6136369109153748, 1.3625476545162102e-16, 0, -2.220446049250313e-16, 1, 0.6136369109153748, -0.7895883321762085, -1.753238292714806e-16]}, "segments": [3053], "label": "wall"}, {"objectId": 16, "id": 16, "partId": 16, "index": 14, "dominantNormal": [0.4957205653190613, -0.8684820532798767, -1.9284175440501021e-16], "obb": {"axesLengths": [1.2757372008656658, 1.0176949571588267, 0.7761012905440559], "centroid": [2.621954100670057, -1.3925756188263088, -0.8811524605435315], "normalizedAxes": [0.8684820532798767, 0.4957205653190613, 1.1007207707948414e-16, 0, -2.220446049250313e-16, 1, 0.4957205653190613, -0.8684820532798767, -1.9284175440501021e-16]}, "segments": [52129, 37726, 35510, 52239, 10356, 10365, 10388, 10404, 10422, 10424, 10446, 10454, 10455, 10458, 13919, 13960, 13977, 15179, 15184, 15190, 15240, 18166, 18168, 20840, 20884, 25074, 28016, 28025, 29576, 29658, 30088, 30168, 30177, 30179, 30192, 30937, 30990, 30991, 31010, 31024, 31038, 31046, 33268, 36897, 36983, 37102, 37107, 37540, 37551, 37555, 37814, 37854, 37870, 37876, 41911, 41917, 41919, 41953, 41957, 42729, 42732, 43980, 47260, 47263, 47265, 47267, 47287, 47410, 51666, 51668, 52062, 52071, 52083, 52084, 52087, 52212, 45320], "label": "table"}, {"objectId": 17, "id": 17, "partId": 17, "index": 15, "dominantNormal": [0.9236229658126831, 0.3833021819591522, 8.511018156002242e-17], "obb": {"axesLengths": [0.34753455479212925, 1.5199999469518666, 0.3428336211047295], "centroid": [0.49876304973389074, -3.1783499265660415, -0.1899999778659638], "normalizedAxes": [-0.3833021819591522, 0.9236229658126831, 2.0508549654356292e-16, 0, -2.220446049250313e-16, 1, 0.9236229658126831, 0.3833021819591522, 8.511018156002242e-17]}, "segments": [7666, 25327, 49477, 20720, 33835, 25303, 30441, 30463, 45370, 45373, 46020, 47313, 47316, 36689, 49510, 36454, 36955, 36471], "label": "curtain"}, {"objectId": 18, "id": 18, "partId": 18, "index": 16, "dominantNormal": [0.5175334215164185, -0.855663001537323, -1.8999535312532134e-16], "obb": {"axesLengths": [2.1383082825427495, 1.52000000655651, 0.35844299810149566], "centroid": [-0.08543665811733181, -3.7084631462111712, -0.14999998710468332], "normalizedAxes": [0.855663001537323, 0.5175334215164185, 1.1491550411611283e-16, 0, -2.220446049250313e-16, 1, 0.5175334215164185, -0.855663001537323, -1.8999535312532134e-16]}, "segments": [29425, 43495, 50948, 44764, 24565, 24494, 49719, 27564, 50797, 36441, 36429, 27557, 49650, 49651, 34410, 44782, 22869, 22829, 22766, 24607, 44827, 6314, 6331, 6336, 7003, 7037, 16471, 18605, 18665, 18672, 18682, 22778, 22779, 22834, 22868, 22952, 22956, 24473, 24499, 24501, 24525, 24540, 27483, 27521, 27531, 27538, 29328, 29383, 29495, 34413, 34750, 34770, 34865, 35375, 35411, 35438, 35443, 35469, 35473, 36143, 36367, 41087, 41201, 41203, 43002, 44796, 44802, 45205, 45207, 45215, 45216, 46328, 46333, 49079, 49086, 49417, 49638, 49644, 50826, 50957, 28739, 46350, 25355, 19630, 21168], "label": "curtain"}, {"objectId": 19, "id": 19, "initialPoint": [0.3337872178370564, 2.0220586135804663, 0.9968223326493426], "index": 17, "dominantNormal": [0.5786721110343933, -0.8155602812767029, -1.810907604486329e-16], "obb": {"axesLengths": [1.5015110418845408, 2.5999999657273287, 0.1510961392368144], "centroid": [0.07671955279438902, 1.8240995639111532, -0.10999993673876007], "normalizedAxes": [0.8155602812767029, 0.5786721110343933, 1.2849102027576571e-16, 0, -2.220446049250313e-16, 1, 0.5786721110343933, -0.8155602812767029, -1.810907604486329e-16]}, "segments": [6167, 19455, 19437, 20948, 23103, 19988], "partId": 19, "label": "wall"}, {"objectId": 23, "id": 23, "initialPoint": [1.805621957594877, 0.3312487904564858, -1.1526600716728561], "index": 18, "dominantNormal": [0.07639028131961823, -0.997078001499176, -2.2139579092232431e-16], "obb": {"axesLengths": [0.3470604689959109, 0.29999994561076254, 0.2633723013570585], "centroid": [1.9381111910664346, 0.3770170286786554, -1.2399999663175636], "normalizedAxes": [0.997078001499176, 0.07639028131961823, 1.6962049835726628e-17, 0, -2.220446049250313e-16, 1, 0.07639028131961823, -0.997078001499176, -2.2139579092232431e-16]}, "segments": [13552, 27503, 27381], "partId": 23, "label": "trash can"}, {"objectId": 24, "id": 24, "initialPoint": [2.430745297399202, -0.10293409787254304, -0.143338771950293], "index": 19, "dominantNormal": [0.803070604801178, 0.5958839058876038, 1.3231280646399751e-16], "obb": {"axesLengths": [1.5917379265216371, 0.5999999806284905, 0.23065298549626376], "centroid": [2.7110121230904625, -0.5605701680392073, 0.050000011405200384], "normalizedAxes": [-0.5958839058876038, 0.803070604801178, 1.7831749516998352e-16, 0, -2.220446049250313e-16, 1, 0.803070604801178, 0.5958839058876038, 1.3231280646399751e-16]}, "segments": [11021, 42120, 11011, 50547, 35727, 49775, 50560, 22355, 22278, 46761, 10892, 11001, 11050, 11053, 11055, 11084, 11626, 11643, 11742, 17134, 17160, 27823, 27826, 27852, 27913, 27926, 27974, 28040, 28052, 28057, 28241, 28448, 28466, 28488, 28494, 35743, 35785, 35884, 35902, 35919, 35971, 42078, 42096, 46585, 46645, 46703, 46705, 49791, 49798, 49800, 49802, 22273, 11056, 28449, 46930, 19617, 47063, 29021, 28524, 12876, 11014, 11016, 41966], "partId": 24, "label": "shelf"}, {"objectId": 26, "id": 26, "initialPoint": [2.5826728157628986, -0.34606232468031695, 0.6222957081907481], "index": 20, "dominantNormal": [0.7913967370986938, 0.6113028526306152, 1.357365004019096e-16], "obb": {"axesLengths": [1.0310647429651685, 0.3399999661743647, 0.07389065104375238], "centroid": [2.6914671655451627, -0.45021762523278197, 0.47999999404534766], "normalizedAxes": [-0.6113028526306152, 0.7913967370986938, 1.7572537582803834e-16, 0, -2.220446049250313e-16, 1, 0.7913967370986938, 0.6113028526306152, 1.357365004019096e-16]}, "segments": [11372, 21628, 17310, 21449, 11399, 43722, 21435, 11589], "partId": 26, "label": "picture"}, {"objectId": 27, "id": 27, "initialPoint": [0.3937739790284789, -3.0322247514817287, -1.1102302977895002], "index": 21, "dominantNormal": [0.609103262424469, -0.7930909395217896, -1.7610156433573766e-16], "obb": {"axesLengths": [1.872496038467172, 0.5597399348078681, 0.39205995985100406], "centroid": [-0.07476948980918352, -3.593190511711925, -1.1298699567437913], "normalizedAxes": [0.7930909395217896, 0.609103262424469, 1.3524809326358889e-16, 0, -2.220446049250313e-16, 1, 0.609103262424469, -0.7930909395217896, -1.7610156433573766e-16]}, "segments": [27359, 25394, 25400, 25993, 26110, 27322, 27335, 27351, 45404, 45559, 45577, 45627, 51259, 45402, 25386, 26086, 26057, 25947, 26008, 26041, 45460, 45533, 45538, 45565, 45581, 45585, 45622, 45723, 45570, 39042, 51201, 25854, 25390, 25740, 25780, 25805, 25896, 25977, 26011, 26047, 26081, 26172, 30410, 30424, 30427, 30446, 30451, 30462, 30484, 30488, 30515, 30559, 30561, 30570, 38399, 38449, 38559, 38644, 38661, 38749, 38802, 38843, 38851, 38854, 38860, 38861, 38945, 39040, 39198, 45517, 45578, 46787, 46795, 46797, 50827, 50978, 51091, 51252, 51256, 51262, 51266, 45663, 25766, 25792, 25793, 25883, 26023, 26163, 30481, 30535, 30542, 45524, 45532, 45590, 45655, 25923, 26196, 7265, 7277, 7308, 25410, 25887, 26018, 41223, 41225, 41231, 45412, 45515, 45731, 7267, 7311, 9446, 7253, 7254, 7284, 7362, 7370, 7387, 8233, 9386, 9396, 9415, 9437, 9440, 9491, 9521, 9537, 9613, 41229, 41236, 41244, 41247, 41249, 41253, 41300, 41303, 41316, 41363, 41369, 41595, 41620, 41626, 41695, 41730, 41782, 51096, 41661, 7957, 7983, 7992, 9412, 9475, 41297, 41307, 41691, 7945, 41324, 7869, 7879, 7890, 7891, 7903, 7929, 7947, 7973, 7998, 8033, 8051, 36779, 36952, 36956, 41322, 45513, 40824, 43236, 43278, 17391, 17396, 17397, 17405, 17418, 17437, 17441, 17446, 17472, 17481, 17486, 17489, 17503, 17508, 17521, 17533, 23170, 30464, 30466, 36719, 36726, 36806, 36840, 36841, 37050, 37073, 37152, 37249, 37287, 37341, 38815, 40214, 40216, 40610, 40785, 43172, 43174, 43180, 43182, 43184, 43189, 43194, 43197, 43201, 43209, 43214, 17548, 51046, 50988, 38948, 4105, 51209, 2399], "partId": 27, "label": "cabinet"}, {"objectId": 28, "id": 28, "initialPoint": [0.7536590018112234, -3.211948529783922, 1.4248214149129814], "index": 22, "dominantNormal": [0, -2.220446049250313e-16, 1], "obb": {"axesLengths": [2.91167118939452, 0.21999990448355877, 0.4397333114518067], "centroid": [1.700500268730393, -2.3317103577929736, 1.4399999809323258], "normalizedAxes": [0.7945085167884827, 0.6072530150413513, 1.3483725581439095e-16, 0, -2.220446049250313e-16, 1, 0.6072530150413513, -0.7945085167884827, -1.7641632971987124e-16]}, "segments": [8200, 1993, 1857, 1878, 1916, 1982, 40228, 1637, 40225, 985, 40199, 148, 107, 128, 1035, 1051, 1066, 1087, 1836, 2274, 2282, 40194, 1833, 2252], "partId": 28, "label": "ceiling"}], "scan_id": "87e6cf7b-9d1a-289f-8692-57e5757dac99", "annId": "1290", "appId": "stk.v1"}