{"segGroups": [{"objectId": 1, "id": 1, "partId": 1, "index": 0, "dominantNormal": [0, -2.220446049250313e-16, 1], "obb": {"axesLengths": [5.662979078284639, 0.22316002346962627, 3.0098294670698986], "centroid": [-0.9335391001815406, 1.260258677631501, -1.3584200454856457], "normalizedAxes": [0.9957332015037537, 0.0922790914773941, 2.0490074409938797e-17, 0, -2.220446049250313e-16, 1, 0.0922790914773941, -0.9957332015037537, -2.2109718533863757e-16]}, "segments": [18942, 4886, 27793, 6366, 1605, 16131, 15410, 24243, 11772, 23586, 16769, 9823, 21550, 3979, 5240, 3384, 7838, 6792, 17398, 35878, 16758, 32085, 22376, 24571, 24611, 20058, 33084, 24237, 21108], "label": "floor"}, {"objectId": 2, "id": 2, "partId": 2, "index": 1, "dominantNormal": [0.7165804505348206, -0.697504460811615, -1.5487710243436203e-16], "obb": {"axesLengths": [1.974426858081025, 3.0653099328582734, 0.2333754210583629], "centroid": [-1.8412988450275993, 2.3441581754760437, 0.1426549503358816], "normalizedAxes": [0.697504460811615, 0.7165804505348206, 1.5911282303600517e-16, 0, -2.220446049250313e-16, 1, 0.7165804505348206, -0.697504460811615, -1.5487710243436203e-16]}, "segments": [14583, 15561, 24217, 26974, 33028, 25772, 25754, 34920, 35511, 33408, 13055, 40, 16670, 16554, 33262, 18990], "label": "wall"}, {"objectId": 3, "id": 3, "partId": 3, "index": 2, "dominantNormal": [-0.6867377758026123, -0.7269052267074585, -1.6140538388219794e-16], "obb": {"axesLengths": [1.9675014045569295, 0.7500960063167805, 0.6283847076047487], "centroid": [-0.25837014568917516, 1.6915256910373784, -0.7490920573675931], "normalizedAxes": [0.7269052267074585, -0.6867377758026123, -1.5248641811518577e-16, 0, -2.220446049250313e-16, 1, -0.6867377758026123, -0.7269052267074585, -1.6140538388219794e-16]}, "segments": [2869, 19526, 17308, 14383, 17314, 30291, 30371, 14074, 29021, 4379, 4362, 4336, 20333, 4164, 34854, 19544, 19609, 1715, 14259, 14316, 14425, 3027, 28816, 3052, 28848, 21591, 22264, 30459, 14428, 30494, 4261, 14184, 14137, 30658, 2985, 2924, 34457, 34894, 30500, 14432, 14424, 3111, 14250, 3113, 34467, 33588, 1304, 30448, 29048, 30447, 12986, 30418, 14193, 1741, 29106, 4313, 13020, 1324, 31613, 19106, 19091, 19090, 1783, 28831, 4331, 14276, 4115, 4168, 24134], "label": "counter"}, {"objectId": 4, "id": 4, "partId": 4, "index": 3, "dominantNormal": [0, -2.220446049250313e-16, 1], "obb": {"axesLengths": [0.7414799235376859, 0.16476600993947654, 0.5760725705664645], "centroid": [0.2223804941103804, 1.2023189594603534, -0.45238306293525565], "normalizedAxes": [0.8971688151359558, -0.4416877329349518, -9.807437815977411e-17, 0, -2.220446049250313e-16, 1, -0.4416877329349518, -0.8971688151359558, -1.9921149510792176e-16]}, "segments": [10967, 10796, 21395, 31946, 17552, 17531, 31882], "label": "sink"}, {"objectId": 5, "id": 5, "partId": 5, "index": 4, "dominantNormal": [0.7231583595275879, 0.6906822323799133, 1.5336226341753652e-16], "obb": {"axesLengths": [2.541975566471846, 3.009489945855215, 0.569174059799051], "centroid": [-0.43258024868014855, 1.971791949539221, 0.12071495792161557], "normalizedAxes": [-0.6906822323799133, 0.7231583595275879, 1.60573412239537e-16, 0, -2.220446049250313e-16, 1, 0.7231583595275879, 0.6906822323799133, 1.5336226341753652e-16]}, "segments": [13241, 25444, 22697, 22734, 13647, 17701, 31879, 7523, 22483, 1143, 31803, 20407, 9916, 8982, 10496, 1330, 19935, 25224, 20601, 21921, 18459, 7401, 7784, 7614, 29063, 29089, 1035, 28528, 22028, 18468, 21914, 29579, 31287, 25547], "label": "wall"}, {"objectId": 6, "id": 6, "partId": 6, "index": 5, "dominantNormal": [-0.6855886578559875, -0.727989137172699, -1.6164606035322637e-16], "obb": {"axesLengths": [0.3976965440661764, 0.26174400720572444, 0.18514747394166844], "centroid": [-0.6134803055016931, 2.3349912396413117, 0.1408719416885369], "normalizedAxes": [0.727989137172699, -0.6855886578559875, -1.5223126267471522e-16, 0, -2.220446049250313e-16, 1, -0.6855886578559875, -0.727989137172699, -1.6164606035322637e-16]}, "segments": [25488, 25518, 34413, 8787, 8651, 25505, 34366, 25566, 8768, 25503, 29423, 29447, 34362, 34436, 8626, 25535], "label": "clothes"}, {"objectId": 7, "id": 7, "partId": 7, "index": 6, "dominantNormal": [0.7771350741386414, 0.6293337941169739, 1.3974017368067446e-16], "obb": {"axesLengths": [0.6418949433279044, 0.6128080052254792, 0.22790842152052576], "centroid": [-0.5827902387290498, 2.2524141347545203, 0.6124599271462849], "normalizedAxes": [-0.6293337941169739, 0.7771350741386414, 1.7255865051049954e-16, 0, -2.220446049250313e-16, 1, 0.7771350741386414, 0.6293337941169739, 1.3974017368067446e-16]}, "segments": [14602, 14631, 3581, 30655, 28992, 3385, 3590, 3632, 3661, 3936, 29007, 28972, 14528], "label": "towel"}, {"objectId": 8, "id": 8, "partId": 8, "index": 7, "dominantNormal": [0.19003283977508545, -0.9817777276039124, -2.1799844765000572e-16], "obb": {"axesLengths": [0.5755722294743771, 0.8517473820206358, 0.41251894588204907], "centroid": [-1.16658166019203, 2.743488620203682, 0.3841262318016667], "normalizedAxes": [0.9817777276039124, 0.19003283977508545, 4.2195766830640624e-17, 0, -2.220446049250313e-16, 1, 0.19003283977508545, -0.9817777276039124, -2.1799844765000572e-16]}, "segments": [8287, 612, 29346, 671, 28676, 1099, 643, 8281, 12679, 33179, 455, 456, 625, 760, 1075, 7206, 7215, 8016, 8054, 8080, 8299, 24470, 29351, 29359, 33041, 33048], "label": "clothes"}, {"objectId": 9, "id": 9, "partId": 9, "index": 8, "dominantNormal": [-0.6729615926742554, -0.7396774291992188, -1.6424138253850334e-16], "obb": {"axesLengths": [2.6605509078546055, 3.1243398683293178, 0.38342974456434503], "centroid": [-1.5491276214791092, 0.7406382817603798, 0.20072995981432418], "normalizedAxes": [0.7396774291992188, -0.6729615926742554, -1.4942749097507488e-16, 0, -2.220446049250313e-16, 1, -0.6729615926742554, -0.7396774291992188, -1.6424138253850334e-16]}, "segments": [27200, 14474, 3555, 335, 347, 3800, 16015, 31250, 9616, 6730, 16358, 32048, 28271, 71, 17866, 27158, 35333, 27162, 26670, 26676, 17131, 26152, 26665], "label": "wall"}, {"objectId": 10, "id": 10, "partId": 10, "index": 9, "dominantNormal": [0.7592228651046753, 0.6508307456970215, 1.4451345580135866e-16], "obb": {"axesLengths": [0.9913155882105077, 2.23425001872517, 0.9579184806501396], "centroid": [-1.896213011584209, 1.603233627060546, -0.26712506598699837], "normalizedAxes": [-0.6508307456970215, 0.7592228651046753, 1.6858134113221796e-16, 0, -2.220446049250313e-16, 1, 0.7592228651046753, 0.6508307456970215, 1.4451345580135866e-16]}, "segments": [35580, 25166, 24996, 16370, 13575, 30267, 28739, 2096, 2541, 28477, 11070, 26691, 2622, 2062, 2226, 5935, 6590, 6634, 6680, 7002, 7024, 7188, 7200, 9648, 10092, 10129, 10208, 10258, 11042, 11063, 11138, 11153, 11163, 11168, 11954, 13290, 13300, 15768, 16313, 16514, 16530, 17795, 17865, 18986, 19040, 19323, 19470, 23648, 27115, 28742, 29290, 29316, 29628, 29749, 29876, 29965, 30083, 30156, 30159, 30165, 30205, 30837, 30905, 30909, 30933, 30935, 31236, 31411, 31558, 31560, 31581, 32031, 32269, 32340, 34963, 34968, 35022, 35042, 35592, 28278], "label": "shower"}, {"objectId": 11, "id": 11, "partId": 11, "index": 10, "dominantNormal": [0.8432291746139526, 0.5375542044639587, 1.1936101095598922e-16], "obb": {"axesLengths": [0.9558476026119954, 0.7851249698149043, 0.6365875070592807], "centroid": [-0.8374425505202343, 0.3155341952354882, -0.7661375399797228], "normalizedAxes": [-0.5375542044639587, 0.8432291746139526, 1.8723448893841535e-16, 0, -2.220446049250313e-16, 1, 0.8432291746139526, 0.5375542044639587, 1.1936101095598922e-16]}, "segments": [17441, 33643, 9522, 22227, 31621, 25789, 34682, 34674, 9382, 9351, 6065, 9334, 29523, 9362, 29536, 6150, 5996, 6083, 6044, 11564, 6066, 29843, 29533, 6062, 25413, 29301, 6111], "label": "cabinet"}, {"objectId": 12, "id": 12, "partId": 12, "index": 11, "dominantNormal": [-0.37017345428466797, -0.9289626479148865, -2.0627114414637193e-16], "obb": {"axesLengths": [0.7912221036669309, 0.9599999570846566, 0.581422983637533], "centroid": [-0.7554037278994501, 2.0209626014452082, -0.9100000375509267], "normalizedAxes": [0.9289626479148865, -0.37017345428466797, -8.219501841037324e-17, 0, -2.220446049250313e-16, 1, -0.37017345428466797, -0.9289626479148865, -2.0627114414637193e-16]}, "segments": [14873, 17517, 14728, 6269, 26542, 14681, 20139, 34787, 13733, 12246, 14865, 13698, 12259, 13776, 14862, 34904], "label": "washing machine"}, {"objectId": 13, "id": 13, "partId": 13, "index": 12, "dominantNormal": [0.6411230564117432, -0.7674381136894226, -1.704054927585791e-16], "obb": {"axesLengths": [0.6393420392126051, 0.7995099842657893, 0.46149791093721504], "centroid": [-1.1705330852673073, 2.614144522685394, -1.009755054270737], "normalizedAxes": [0.7674381136894226, 0.6411229968070984, 1.4235790253438427e-16, 0, -2.220446049250313e-16, 1, 0.6411229968070984, -0.7674381136894226, -1.704054927585791e-16]}, "segments": [17482, 18213, 4585, 25948, 18274, 25890, 25965, 4537, 4476, 4399, 4397, 29148, 10421, 18307, 12164, 10405, 5069], "label": "toilet"}, {"objectId": 14, "id": 14, "partId": 14, "index": 13, "dominantNormal": [0.7080869674682617, -0.7061252593994141, -1.5679130425092815e-16], "obb": {"axesLengths": [1.4567366864024451, 3.02052991791375, 0.20681972661674045], "centroid": [-3.4016806844511644, 0.6717314646850392, 0.10685497097249974], "normalizedAxes": [0.7061252593994141, 0.7080869674682617, 1.5722689094405367e-16, 0, -2.220446049250313e-16, 1, 0.7080869674682617, -0.7061252593994141, -1.5679130425092815e-16]}, "segments": [4239, 2167, 23839, 7681, 7633, 23779, 23325, 29859, 32597, 8449, 947, 954, 1207, 1216, 1257, 1442, 1452, 1462, 1476, 1482, 1495, 2659, 3232, 3243, 4062, 4230, 6836, 7365, 7508, 7544, 7627, 7676, 8131, 8186, 8196, 8377, 8415, 9076, 9241, 9632, 9687, 10471, 11887, 11896, 13521, 13833, 14652, 15324, 17318, 23277, 23311, 23402, 23443, 23464, 23474, 23700, 23738, 28531, 28536, 28547, 28549, 28552, 28560, 28562, 28706, 28707, 28719, 29872, 32733, 32741, 32593, 8964, 9148, 5561, 21178, 18565, 18944, 24718, 25556, 1175, 1527, 2992, 9040, 16763, 20858, 21838, 25265, 11866, 11781], "label": "wall"}, {"objectId": 15, "id": 15, "partId": 15, "index": 14, "dominantNormal": [0.5770581364631653, -0.8167030811309814, -1.8134451299078457e-16], "obb": {"axesLengths": [0.33882325903652316, 1.4274499767843631, 0.12222910038375144], "centroid": [0.6067978847298303, 1.0990940570819658, -0.6437250511260707], "normalizedAxes": [0.8167030811309814, 0.5770581364631653, 1.2813264592973834e-16, 0, -2.220446049250313e-16, 1, 0.5770581364631653, -0.8167030811309814, -1.8134451299078457e-16]}, "segments": [21595, 21413, 15984, 19220, 23585, 21592, 17635, 17814, 17708, 31967, 21349], "label": "wall"}, {"objectId": 16, "id": 16, "partId": 16, "index": 15, "dominantNormal": [0, -2.220446049250313e-16, 1], "obb": {"axesLengths": [4.1814862879653605, 0.3370799942967295, 2.2659917400331904], "centroid": [-1.8427820339537082, 1.420528643362521, 1.7385399530409265], "normalizedAxes": [0.9001568555831909, 0.43556585907936096, 9.671504909810857e-17, 0, -2.220446049250313e-16, 1, 0.43556585907936096, -0.9001568555831909, -1.998749733685281e-16]}, "segments": [35409, 32961, 21242, 5550, 5172, 27063, 5875, 4510, 28712, 32783, 1999, 32777, 1920, 1987, 2595, 2689, 2766, 3206, 3223, 3328, 3342, 3749, 3900, 3913, 4465, 5133, 5137, 5688, 21159, 22826, 25212, 27039, 27425, 28575, 32742, 27542, 6493, 14282, 32939, 1507, 5519, 3309, 4647, 4648, 6521, 14387, 21078, 21084, 25106, 25199, 27041, 27055, 27058, 27311, 27319, 27334, 28604, 28718, 35346, 2332, 2429, 28776, 2674, 2669, 16068, 30900, 16100, 16148, 2754, 2773, 28803, 16971, 13318, 18893, 19079, 27192], "label": "ceiling"}, {"objectId": 17, "id": 17, "partId": 17, "index": 16, "dominantNormal": [0.6384958028793335, -0.7696253061294556, -1.7089114703982124e-16], "obb": {"axesLengths": [0.6309367206019326, 2.0574200289528055, 0.3014295948355112], "centroid": [-1.5119791680115227, 1.5275945492781593, -0.35871007423005974], "normalizedAxes": [0.7696253061294556, 0.6384958028793335, 1.4177454829663227e-16, 0, -2.220446049250313e-16, 1, 0.6384958028793335, -0.7696253061294556, -1.7089114703982124e-16]}, "segments": [33490, 10725, 13339, 2602, 36198, 27928, 21246, 19430, 26989, 29771, 29687, 6741, 10730, 11230], "label": "shower curtain"}, {"objectId": 18, "id": 18, "partId": 18, "index": 17, "dominantNormal": [0.713726818561554, 0.7004241347312927, 1.555254002763668e-16], "obb": {"axesLengths": [1.3169551533178638, 1.2908879527996184, 0.24205818257555917], "centroid": [0.18317530583857322, 1.638218475960078, 0.22778693636237768], "normalizedAxes": [-0.7004241347312927, 0.713726818561554, 1.5847918945189975e-16, 0, -2.220446049250313e-16, 1, 0.713726818561554, 0.7004241347312927, 1.555254002763668e-16]}, "segments": [10647, 9918, 11544, 22623, 12906, 20181, 12969, 20220, 10654, 34206, 18731, 18775, 18696, 31222, 17090, 31225, 11688, 11795, 11411, 22639, 29999, 13257, 11685, 20231, 15493, 21326, 17992], "label": "bath rack"}, {"objectId": 19, "id": 19, "partId": 19, "index": 18, "dominantNormal": [0, -2.220446049250313e-16, 1], "obb": {"axesLengths": [0.6994584382470648, 0.13999998256564172, 0.3791043342376423], "centroid": [-0.6134261674504198, 2.241638472859698, 0.21999993242323335], "normalizedAxes": [0.784356415271759, -0.6203104257583618, -1.3773658341839341e-16, 0, -2.220446049250313e-16, 1, -0.6203104257583618, -0.784356415271759, -1.7416211034943153e-16]}, "segments": [8756, 8731, 22052, 5652, 5654, 29201, 29204, 29207, 29215, 29223, 25477, 29411], "label": "clothes dryer"}, {"objectId": 21, "id": 21, "partId": 21, "index": 19, "dominantNormal": [0, -2.220446049250313e-16, 1], "obb": {"axesLengths": [0.23462127079002806, 0.11732019594341073, 0.15911498834581875], "centroid": [-0.4542604326948156, 2.0471673328872106, 0.10304783426863118], "normalizedAxes": [0.6231884956359863, 0.7820716500282288, 1.736547905535854e-16, 0, -2.220446049250313e-16, 1, 0.7820716500282288, -0.6231884956359863, -1.3837564330731718e-16]}, "segments": [5745, 5818, 29256, 5697, 29266], "label": "item"}, {"objectId": 22, "id": 22, "partId": 22, "index": 20, "dominantNormal": [0, -2.220446049250313e-16, 1], "obb": {"axesLengths": [0.6953359622845939, 0.3199999856948854, 0.4378332284598347], "centroid": [-1.0809531284347622, 2.6388889096814245, 0.7899999125301833], "normalizedAxes": [-0.655103325843811, 0.7555392980575562, 1.6776342494252553e-16, 0, -2.220446049250313e-16, 1, 0.7555392980575562, 0.655103325843811, 1.4546215917206307e-16]}, "segments": [12543, 29916, 26452, 32394, 16598, 16671, 15194, 34499, 12571, 12569, 13884, 34495, 26295, 13929, 13981, 30219, 32418, 34572, 1064, 12308, 12402, 12424, 12447, 12505, 12549, 12647, 12673, 12681, 13877, 13878, 13906, 13953, 15197, 16416, 26347, 26386, 26418, 26442, 26539, 28306, 28394, 28413, 29895, 29900, 29904, 29912, 30793, 30818, 30830, 31089, 31095, 32349, 32419, 34545, 34665, 15179], "label": "rack"}, {"objectId": 23, "id": 23, "partId": 23, "index": 21, "dominantNormal": [0.7380834817886353, 0.6747094392776489, 1.4981559088359496e-16], "obb": {"axesLengths": [2.2355873701758475, 0.6486499760601672, 0.4718244955124142], "centroid": [-0.5485565671810804, 2.101333218362593, 1.1343249108420679], "normalizedAxes": [-0.6747094392776489, 0.7380834817886353, 1.6388745511544906e-16, 0, -2.220446049250313e-16, 1, 0.7380834817886353, 0.6747094392776489, 1.4981559088359496e-16]}, "segments": [12460, 12468, 12634, 30999, 12153, 12140, 30745, 12459, 30530, 30961, 6840, 31684, 31692, 8019, 1416, 8913, 10596, 11033, 11017, 8553, 10999, 8650, 10185, 15861, 10880, 33874, 29590, 12354, 12351, 310, 318, 338, 1022, 6568, 6631, 6936, 6971, 6991, 7023, 7833, 7888, 8561, 8604, 8605, 8665, 8666, 8685, 8720, 8818, 8825, 8878, 8884, 10843, 12253, 12278, 12286, 12293, 12294, 12320, 12344, 12358, 12513, 12735, 12789, 12814, 13401, 13849, 14492, 14500, 14507, 14575, 15023, 15087, 15692, 15813, 19811, 19825, 19833, 19851, 28478, 28519, 28890, 29157, 29189, 29199, 29593, 29596, 29599, 29603, 29605, 29654, 29668, 30149, 31758, 34725, 2382, 7110, 7120, 7201, 7499, 12827, 18498, 19715, 19717, 19731, 19937, 19947, 20543, 20561, 20584, 21962, 22013, 23058, 23095, 23121, 23141, 23146, 23158, 23163, 26242, 26283, 28948, 28965, 31409, 31761, 31772, 32006, 32013, 32028, 32116, 32135, 32138, 32153, 34709, 34740, 34745, 34760, 34766, 34770, 34772, 21955, 2434, 7184, 7303, 7521, 7558, 7567, 20529, 21946, 23068, 23094, 23112, 26223, 28975, 29061, 31405, 32120, 32143, 32158], "label": "shelf"}, {"objectId": 24, "id": 24, "partId": 24, "index": 22, "dominantNormal": [0, -2.220446049250313e-16, 1], "obb": {"axesLengths": [0.3794983683131396, 0.019999980479479262, 0.0930300979187799], "centroid": [-0.0691760715098293, 1.8641988073219298, 0.7999999325722449], "normalizedAxes": [-0.6488653421401978, 0.7609032392501831, 1.6895445914548348e-16, 0, -2.220446049250313e-16, 1, 0.7609032392501831, 0.6488653421401978, 1.4407704854506548e-16]}, "segments": [13429], "label": "light"}, {"objectId": 28, "id": 28, "partId": 28, "index": 24, "dominantNormal": [-0.702380359172821, -0.7118018269538879, -1.5805175545089155e-16], "obb": {"axesLengths": [0.7809085903880721, 0.6599999798089267, 0.1815655134775127], "centroid": [-1.0214244320555466, 0.22681329822935115, 0.2999999297782774], "normalizedAxes": [0.7118018269538879, -0.702380359172821, -1.5595976935963064e-16, 0, -2.220446049250313e-16, 1, -0.702380359172821, -0.7118018269538879, -1.5805175545089155e-16]}, "segments": [968, 3728, 21733, 3440, 31990, 3204, 29192, 25630, 8538, 1053, 35143, 3205, 3212, 3280, 3291, 3468, 3531, 3547, 8525, 14978, 25619, 28877, 29317, 29333, 29383, 29391, 34442, 35085, 35102, 3833, 28911, 28915, 3745], "label": "shelf"}, {"objectId": 33, "id": 33, "partId": 33, "index": 27, "dominantNormal": [0, -2.220446049250313e-16, 1], "obb": {"axesLengths": [0.48844738506418683, 0.13086998170159791, 0.3104133530431793], "centroid": [0.3053566105802772, 1.2670212629868844, -1.3087750399386513], "normalizedAxes": [0.06706187129020691, 0.9977487921714783, 2.2154473637214306e-16, 0, -2.220446049250313e-16, 1, 0.9977487921714783, -0.06706187129020691, -1.4890726716167293e-17]}, "segments": [19705, 19203, 22305], "label": "basin"}], "scan_id": "95be45d9-a558-22da-9d6f-3d380c02f40e", "annId": "5420", "appId": "stk.v1"}