{"segGroups": [{"objectId": 15, "id": 15, "partId": 15, "index": 0, "dominantNormal": [0, -2.220446049250313e-16, 1], "obb": {"axesLengths": [2.9353680258478336, 1.3822999883674074, 2.361939817628104], "centroid": [-0.18735845091374226, 1.3391944126543183, 2.621149876090067], "normalizedAxes": [-0.24044008553028107, 0.9706639647483826, 2.1553069656751912e-16, 0, -2.220446049250313e-16, 1, 0.9706639647483826, 0.24044008553028107, 5.3388423799711996e-17]}, "segments": [36216, 8809, 60492, 43647, 39577, 37211, 45229, 45581, 44035, 42817, 14647, 44515, 41632, 39053, 3209, 4148, 2956, 2558, 32083, 35854, 6223, 15857, 53132, 28027, 53511, 29920, 3365, 43977, 14414, 42257, 46305, 6295, 8178, 12537, 913, 2165, 2255, 3103, 3127, 4044, 4061, 4155, 4219, 4355, 4461, 4609, 5700, 5728, 7033, 7038, 7065, 7103, 7154, 7414, 7473, 7547, 7548, 7569, 7622, 8086, 8354, 8412, 8619, 8624, 8904, 13015, 13020, 13023, 13064, 13072, 13098, 13115, 13128, 13267, 14200, 15019, 15055, 15179, 18926, 25088, 25122, 30928, 35692, 35899, 35946, 35947, 39755, 41826, 41946, 42480, 42536, 44004, 44007, 44029, 44040, 44054, 44135, 44145, 44258, 44288, 44298, 44513, 44582, 44652, 46334, 46430, 47254, 47258, 47471, 47737, 47784, 47786, 47808, 47828, 47933, 47934, 47954, 47992, 48017, 48020, 48022, 48068, 48071, 48095, 48130, 48205, 48479, 48500, 48642, 48764, 48857, 51353, 53111, 53269, 53435, 55778, 55840, 60303, 60309, 60339, 28045, 44305, 44252, 28303, 29660, 55809, 13509, 47698, 3139, 2257, 48628, 27497, 13847, 25076, 2566], "label": "ceiling"}, {"objectId": 19, "id": 19, "partId": 19, "index": 4, "dominantNormal": [0, -2.220446049250313e-16, 1], "obb": {"axesLengths": [0.7143503270322733, 0.18764249933565028, 0.31212461773422073], "centroid": [-1.1714035992573684, 1.0734207360223533, -0.1544397719721542], "normalizedAxes": [-0.3924820125102997, 0.9197596907615662, 2.0422767716112093e-16, 0, -2.220446049250313e-16, 1, 0.9197596907615662, 0.3924820125102997, 8.714851340803069e-17]}, "segments": [32048, 31666, 32148, 46661, 30405, 32337, 34534, 46594, 34689, 46619, 48187], "label": "shelf"}, {"objectId": 20, "id": 20, "partId": 20, "index": 5, "dominantNormal": [0.16271647810935974, -0.9866728782653809, -2.1908538944468e-16], "obb": {"axesLengths": [0.27368163446545757, 0.26944994324185084, 0.18117024706614962], "centroid": [-0.9796366548800348, 0.7503245923004419, -1.1552749839010454], "normalizedAxes": [0.9866728782653809, 0.16271647810935974, 3.613031609658529e-17, 0, -2.220446049250313e-16, 1, 0.16271647810935974, -0.9866728782653809, -2.1908538944468e-16]}, "segments": [51659, 51705, 51729], "label": "trash can"}, {"objectId": 21, "id": 21, "partId": 21, "index": 6, "dominantNormal": [-0.07582712173461914, -0.9971209764480591, -2.2140533327787073e-16], "obb": {"axesLengths": [0.17950054497385842, 0.17981504992063968, 0.09896907047206319], "centroid": [-0.789504105599441, 0.766151926220814, 0.8123674582141462], "normalizedAxes": [0.9971209764480591, -0.07582712173461914, -1.6837003288165762e-17, 0, -2.220446049250313e-16, 1, -0.07582712173461914, -0.9971209764480591, -2.2140533327787073e-16]}, "segments": [2361, 47303, 2366], "label": "lamp"}, {"objectId": 22, "id": 22, "partId": 22, "index": 7, "dominantNormal": [-0.648974597454071, -0.7608100771903992, -1.6893377301272476e-16], "obb": {"axesLengths": [0.08643964251944646, 0.12798303079643025, 0.061793324829701096], "centroid": [-0.9124340418875589, 1.1830063310190988, 0.8282194621494536], "normalizedAxes": [0.7608100771903992, -0.648974597454071, -1.4410130809807043e-16, 0, -2.220446049250313e-16, 1, -0.648974597454071, -0.7608100771903992, -1.6893377301272476e-16]}, "segments": [2468, 47329, 2458, 2494], "label": "lamp"}, {"objectId": 24, "id": 24, "partId": 24, "index": 9, "dominantNormal": [0, -2.220446049250313e-16, 1], "obb": {"axesLengths": [0.5955186465603939, 0.15381800784577404, 0.27785629493165526], "centroid": [0.4165026370230771, 1.8833098367892365, 0.6004369495692043], "normalizedAxes": [-0.16871793568134308, 0.9856643676757812, 2.1886145510924965e-16, 0, -2.220446049250313e-16, 1, 0.9856643676757812, 0.16871793568134308, 3.7462907372130667e-17]}, "segments": [42228, 604, 583, 47035, 47045, 47099, 47101, 47053, 422, 131, 511, 551, 54208, 153, 689, 106, 121, 166, 476, 46923, 46932, 47057, 47059, 47062, 47135, 690], "label": "lamp"}, {"objectId": 25, "id": 25, "partId": 25, "index": 10, "dominantNormal": [0, -2.220446049250313e-16, 1], "obb": {"axesLengths": [0.5240018111345522, 0.23899602355816896, 0.4282539533411819], "centroid": [0.11416967022602509, 1.9263699454596874, -0.7905020166095631], "normalizedAxes": [0.8586732149124146, 0.5125234723091125, 1.1380307192368212e-16, 0, -2.220446049250313e-16, 1, 0.5125234723091125, -0.8586732149124146, -1.906637547649336e-16]}, "segments": [17702, 52648, 17754], "label": "towel"}, {"objectId": 26, "id": 26, "partId": 26, "index": 11, "dominantNormal": [0.8686515688896179, 0.49542346596717834, 1.1000610777127181e-16], "obb": {"axesLengths": [0.3695475070470866, 0.19999999105930338, 0.03275993460370116], "centroid": [0.9647570230708054, 0.8275202003001743, -0.03000001929894003], "normalizedAxes": [-0.49542349576950073, 0.8686515688896179, 1.9287939443160383e-16, 0, -2.220446049250313e-16, 1, 0.8686515688896179, 0.49542349576950073, 1.1000611438871671e-16]}, "segments": [35034], "label": "flush"}, {"objectId": 27, "id": 27, "partId": 27, "index": 12, "dominantNormal": [0.15618343651294708, -0.9877280592918396, -2.1931968669882442e-16], "obb": {"axesLengths": [0.4275584987112016, 0.46289597907149815, 0.19182229898553033], "centroid": [0.7993239755515527, 0.3821099689113141, 0.918551938415201], "normalizedAxes": [0.9877280592918396, 0.15618343651294708, 3.4679689456351044e-17, 0, -2.220446049250313e-16, 1, 0.15618343651294708, -0.9877280592918396, -2.1931968669882442e-16]}, "segments": [31876, 23672, 23557, 51599, 51693], "label": "lamp"}, {"objectId": 28, "id": 28, "partId": 28, "index": 13, "dominantNormal": [0.4567968547344208, -0.8895710706710815, -1.975244569398974e-16], "obb": {"axesLengths": [0.90959902163435, 2.1442499873582266, 0.1781277946369052], "centroid": [-0.06964255287647414, -0.07480560286268165, -0.1821250503799674], "normalizedAxes": [0.8895710110664368, 0.45679688453674316, 1.0142928375794628e-16, 0, -2.220446049250313e-16, 1, 0.45679688453674316, -0.8895710110664368, -1.975244437050076e-16]}, "segments": [44746, 36364, 50573, 902, 46127, 27261], "label": "doorframe"}, {"objectId": 29, "id": 29, "partId": 29, "index": 14, "dominantNormal": [0.0023655686527490616, -0.9999971985816956, -2.2204398288521067e-16], "obb": {"axesLengths": [0.3802211588299545, 0.5742210021416615, 0.3149779337740557], "centroid": [-0.7799537065056993, 1.8103024299761308, -1.0080094933229042], "normalizedAxes": [0.9999971985816956, 0.0023655686527490616, 5.25261756922704e-19, 0, -2.220446049250313e-16, 1, 0.0023655686527490616, -0.9999971985816956, -2.2204398288521067e-16]}, "segments": [52113, 17369, 22368, 22817, 31104, 25309, 17139], "label": "bathrobe"}, {"objectId": 1, "id": 1, "partId": 1, "index": 15, "dominantNormal": [0.3321969211101532, -0.9432100653648376, -2.0943470632524833e-16], "obb": {"axesLengths": [0.6881866663475552, 0.8728099270281953, 0.38627166767491317], "centroid": [0.6595603397147718, 0.7459815843045936, -0.8664049835580956], "normalizedAxes": [0.9432100653648376, 0.3321969211101532, 7.376253410521576e-17, 0, -2.220446049250313e-16, 1, 0.3321969211101532, -0.9432100653648376, -2.0943470632524833e-16]}, "segments": [32202, 35055, 51287, 32226, 24449, 51284, 14864, 24150, 8318, 24958, 25386, 25444, 25472, 50159, 50162, 51843, 25041, 51302, 51335, 14916, 50204, 14444, 30073, 51327, 8263, 32243, 50219, 50605, 24341, 24903, 24339, 14820, 24962], "label": "toilet"}, {"objectId": 2, "id": 2, "partId": 2, "index": 16, "dominantNormal": [0.24029693007469177, -0.9706994295120239, -2.1553857132695063e-16], "obb": {"axesLengths": [0.6452297713330207, 0.4062360434330392, 0.4031487866334601], "centroid": [0.45086925105708975, 1.3173791599901352, -1.0929020027932066], "normalizedAxes": [0.9706994295120239, 0.24029691517353058, 5.335663359441036e-17, 0, -2.220446049250313e-16, 1, 0.24029691517353058, -0.9706994295120239, -2.1553857132695063e-16]}, "segments": [28717, 29091, 3765, 50789, 50808, 52768, 52729, 28407, 50892, 28462, 52743, 28598, 28638, 28664, 28691, 29094, 32031, 50825, 50847, 50888, 50917, 51105, 26845, 28568, 3866], "label": "bidet"}, {"objectId": 3, "id": 3, "partId": 3, "index": 17, "dominantNormal": [0, -2.220446049250313e-16, 1], "obb": {"axesLengths": [2.077828958174626, 0.5599999302625672, 1.069925129967099], "centroid": [-0.6112466516016891, 2.0606533644501317, -1.0099999903906873], "normalizedAxes": [0.8929479718208313, 0.4501599073410034, 9.99555787786218e-17, 0, -2.220446049250313e-16, 1, 0.4501599073410034, -0.8929479718208313, -1.9827427962156448e-16]}, "segments": [23150, 21156, 24004, 18516, 32964, 45272, 16113, 48352, 32910, 33411, 33158, 6969, 18628, 37179, 37166, 6773, 21219, 33514, 43938, 23777, 18226, 36669, 54068, 45959, 18206, 60203, 6864, 16687, 16962, 17130, 17152, 17335, 18117, 18257, 18548, 18576, 21118, 23441, 23461, 28928, 33136, 33172, 36557, 36598, 36624, 36632, 36639, 37206, 43737, 43744, 43752, 43753, 43761, 43781, 43806, 43835, 43866, 48359, 48362, 48365, 48371, 49368, 52584, 54047, 56961, 60160, 60181, 60218, 60340, 8738, 18587, 47972, 60275, 45973], "label": "bathtub"}, {"objectId": 4, "id": 4, "partId": 4, "index": 18, "dominantNormal": [0.9994826912879944, -0.03216060623526573, -7.141089105659078e-18], "obb": {"axesLengths": [1.025004634795742, 1.095259939985127, 0.6603142436620609], "centroid": [-0.8921233862990114, 0.9091177453552736, -0.7376299858642364], "normalizedAxes": [0.03216060996055603, 0.9994826912879944, 2.2192973931644974e-16, 0, -2.220446049250313e-16, 1, 0.9994826912879944, -0.03216060996055603, -7.14108993283969e-18]}, "segments": [48293, 16388, 26315, 18994, 46398, 17889, 9523, 46780, 17233, 26915, 23077, 7589, 9247, 9251, 13954, 15605, 15820, 15969, 17267, 17926, 24728, 24776, 24814, 24828, 25321, 25512, 25558, 25941, 25942, 26261, 26942, 28166, 28919, 36121, 37988, 46743, 46751, 46777, 46796, 46799, 48291, 49289, 49299, 49312, 49319, 49327, 51443, 51468, 55854], "label": "sink"}, {"objectId": 5, "id": 5, "partId": 5, "index": 19, "dominantNormal": [0.9256792664527893, 0.3783092498779297, 8.400152792862985e-17], "obb": {"axesLengths": [2.6719944270622227, 4.602129833352642, 0.3423018625867368], "centroid": [-1.1254514196117813, 0.9423426754785625, 1.0112349535974494], "normalizedAxes": [-0.3783092498779297, 0.9256792664527893, 2.055420870068024e-16, 0, -2.220446049250313e-16, 1, 0.9256792664527893, 0.3783092498779297, 8.400152792862985e-17]}, "segments": [45634, 16468, 30517, 41960, 11418, 15788, 9572, 12706, 50101, 50064, 10211, 10172, 11220, 34467, 14752, 15903, 32076, 21320, 32326, 34300, 11518, 11324, 1490, 1579, 2334, 48826, 15722, 48837, 15465, 15562, 15554, 48780, 48782, 15452, 48850, 48792, 15461, 15510, 15453, 25125], "label": "wall"}, {"objectId": 6, "id": 6, "partId": 6, "index": 20, "dominantNormal": [0.9684876799583435, 0.2490614503622055, 5.530275134773122e-17], "obb": {"axesLengths": [1.0019957685779126, 2.1886119353336397, 0.11537660345544075], "centroid": [-0.5628501062351613, 0.15827803843395916, -0.19466401961645374], "normalizedAxes": [-0.2490614652633667, 0.9684876799583435, 2.1504746427111055e-16, 0, -2.220446049250313e-16, 1, 0.9684876799583435, 0.2490614652633667, 5.530275465645367e-17]}, "segments": [43388, 26342, 16676, 51464, 36528, 53652, 36519, 59262, 36097, 36535, 26339], "label": "door"}, {"objectId": 7, "id": 7, "partId": 7, "index": 21, "dominantNormal": [0.9285773038864136, 0.3711390495300293, 8.240942362514698e-17], "obb": {"axesLengths": [2.642392837632595, 3.89448991653718, 0.43232054427969346], "centroid": [0.5613815430887037, 1.6732791600400525, 0.6657949312206748], "normalizedAxes": [-0.3711390197277069, 0.9285773038864136, 2.0618558058380944e-16, 0, -2.220446049250313e-16, 1, 0.9285773038864136, 0.3711390197277069, 8.240941700770208e-17]}, "segments": [18922, 33337, 8932, 41913, 240, 6749, 46370, 160, 442, 2716, 2730, 14026, 24398, 26294, 29076, 32520, 33344, 33977, 34014, 40327, 49876, 51742, 52923, 26043, 22113, 19475, 45448, 59962, 833, 850, 2627, 2637, 4876, 4959, 5943, 5988, 13692, 19333, 19340, 19428, 22036, 22180, 23298, 23300, 23312, 23503, 24467, 24984, 31538, 31579, 31581, 31616, 31628, 31641, 31678, 31682, 31770, 31773, 31847, 31874, 31893, 35368, 43529, 43571, 46111, 47693, 47713, 48640, 49429, 49925, 49934, 49939, 50232, 51542, 59794, 924], "label": "wall"}, {"objectId": 8, "id": 8, "partId": 8, "index": 22, "dominantNormal": [0.39260154962539673, -0.9197086691856384, -2.042163480954514e-16], "obb": {"axesLengths": [2.0443933036998674, 4.310299777009341, 0.2738439463952188], "centroid": [0.2579201749964193, 0.20636275972232154, 0.8707799491837633], "normalizedAxes": [0.9197086691856384, 0.3926015794277191, 8.717506259697119e-17, 0, -2.220446049250313e-16, 1, 0.3926015794277191, -0.9197086691856384, -2.042163480954514e-16]}, "segments": [24421, 43091, 42271, 57240, 57004, 13595, 13668, 13915, 13988, 14005, 22561, 22578, 23566, 23598, 23686, 27196, 31621, 31791, 31918, 31940, 31941, 43960, 48611, 48613, 50635, 50640, 51643, 40154, 13477, 13932, 42274, 51553, 57272, 13969, 22151], "label": "wall"}, {"objectId": 9, "id": 9, "partId": 9, "index": 23, "dominantNormal": [0.38518354296684265, -0.9228399991989136, -2.0491164303113897e-16], "obb": {"axesLengths": [2.129415026195885, 4.08674999877624, 0.37845429093928323], "centroid": [-0.7782625147235658, 2.5747341489246707, 1.2533749730856347], "normalizedAxes": [0.9228399991989136, 0.38518354296684265, 8.55279276216964e-17, 0, -2.220446049250313e-16, 1, 0.38518354296684265, -0.9228399991989136, -2.0491164303113897e-16]}, "segments": [16809, 12719, 21012, 17035, 18472, 33726, 10470, 12696, 13263, 17106, 17145, 59601, 48683, 20590, 48715, 20695, 48656, 19759, 20948, 17579, 17588, 17532, 17584, 48657, 48665, 20567, 20648, 48703, 19899, 19904, 19898, 48659, 17578, 19764], "label": "wall"}, {"objectId": 10, "id": 10, "partId": 10, "index": 24, "dominantNormal": [0.9292535781860352, 0.36944258213043213, 8.203273219163523e-17], "obb": {"axesLengths": [0.7869486198301848, 2.7630459644709675, 0.2048523095238773], "centroid": [-1.549545928847172, 1.761805471370668, 0.6084769603186038], "normalizedAxes": [-0.36944258213043213, 0.9292535781860352, 2.0633574364348987e-16, 0, -2.220446049250313e-16, 1, 0.9292535781860352, 0.36944258213043213, 8.203273219163523e-17]}, "segments": [10139, 9995, 11477, 10997, 11551, 34442, 29284, 10267, 10269, 10460, 10852, 33700, 34106, 34114, 34404, 48415, 50763, 52160, 52430, 53168, 12147, 11265], "label": "wall"}, {"objectId": 11, "id": 11, "partId": 11, "index": 25, "dominantNormal": [0.9137521982192993, 0.40627196431159973, 9.021049780768558e-17], "obb": {"axesLengths": [0.5285851069678378, 1.3199999633431436, 0.11675451134884267], "centroid": [-1.556958173549429, 1.8075482433287187, 0.1299999996255341], "normalizedAxes": [-0.4062719941139221, 0.9137521982192993, 2.0289374585298321e-16, 0, -2.220446049250313e-16, 1, 0.9137521982192993, 0.4062719941139221, 9.021050442513048e-17]}, "segments": [34532, 10795, 50372, 52312, 11844, 11969, 52357, 10750, 10782, 10806, 11679, 11694, 11742, 11746, 11789, 11851, 11862, 11868, 11875, 11899, 11912, 11981, 11996, 12087, 12123, 12373, 25728, 25777, 25795, 25899, 26668, 29265, 33082, 34395, 48257, 48376, 48401, 48433, 48461, 50238, 50240, 50457, 50462, 51485, 51497, 51507, 51510, 52152, 26664, 12406, 10734, 12198, 48400, 52424, 50693, 12164], "label": "clothes dryer"}, {"objectId": 13, "id": 13, "partId": 13, "index": 26, "dominantNormal": [0, -2.220446049250313e-16, 1], "obb": {"axesLengths": [4.102868470643455, 0.2573599757844211, 2.338437584230268], "centroid": [-0.07378289577134578, 0.1544996101132031, -1.304739945426881], "normalizedAxes": [-0.04452367126941681, 0.9990083575248718, 2.218244160634146e-16, 0, -2.220446049250313e-16, 1, 0.9990083575248718, 0.04452367126941681, 9.886240996829623e-18]}, "segments": [29190, 29338, 50, 6166, 6385, 53720, 35834, 28144, 5287, 20299, 7907, 340, 404, 416, 6830, 6911, 7046, 11528, 11593, 11832, 13346, 16512, 16534, 23925, 26675, 28127, 28165, 28179, 28808, 28844, 30144, 30191, 30197, 30198, 30226, 30240, 30409, 30426, 30449, 30455, 30477, 30487, 30504, 30508, 30513, 30532, 30536, 30544, 32166, 37611, 37660, 40545, 48606, 48863, 51363, 51367, 51370, 51371, 51376, 51380, 51383, 51390, 51394, 51446, 51449, 53822, 53944, 56026, 56030], "label": "floor"}, {"objectId": 14, "id": 14, "partId": 14, "index": 27, "dominantNormal": [0.13033144176006317, -0.991470456123352, -2.201506657247503e-16], "obb": {"axesLengths": [0.5429907917627878, 0.5592500442434091, 0.492918942307891], "centroid": [0.1340423696862556, 1.9461773136885079, -1.0048250258399904], "normalizedAxes": [0.991470456123352, 0.13033144176006317, 2.8939393494922954e-17, 0, -2.220446049250313e-16, 1, 0.13033144176006317, -0.991470456123352, -2.201506657247503e-16]}, "segments": [23141, 34067, 31488, 4838, 4868, 4897, 4977, 5204, 5257, 5407, 22647, 23174, 31512, 33360, 33366, 33388, 33423, 33470, 33472, 33488, 33502, 47568, 52642, 52688, 5885, 6456], "label": "stand"}, {"objectId": 30, "id": 30, "initialPoint": [0.532712898934596, 1.645351240224907, -0.8214667999497223], "index": 28, "dominantNormal": [0.9447423815727234, 0.3278137743473053, 7.278928001393077e-17], "obb": {"axesLengths": [0.2785003819993425, 0.3718510187003532, 0.11482059568486597], "centroid": [0.5614101586298921, 1.7180745666514405, -0.8442245460121799], "normalizedAxes": [-0.3278137743473053, 0.9447423815727234, 2.0977494887224854e-16, 0, -2.220446049250313e-16, 1, 0.9447423815727234, 0.3278137743473053, 7.278928001393077e-17]}, "segments": [5992, 5874, 23236, 5972], "partId": 30, "label": "towel"}], "scan_id": "1d23401e-e280-2b1a-8cef-f28df9df2618", "annId": "4981", "appId": "stk.v1"}