{"segGroups": [{"objectId": 1, "id": 1, "partId": 1, "index": 0, "dominantNormal": [0, -2.220446049250313e-16, 1], "obb": {"axesLengths": [4.4949067070968125, 0.5588300103210653, 4.797420147300598], "centroid": [-1.7709073273407698, -0.06666018301509424, -1.2494151407327092], "normalizedAxes": [-0.5311739444732666, 0.8472627997398376, 1.8813013363590817e-16, 0, -2.220446049250313e-16, 1, 0.8472627997398376, 0.5311739444732666, 1.17944308647037e-16]}, "segments": [17473, 28260, 22510, 26287, 15666, 8874, 9033, 9039, 9040, 9053, 10347, 10365, 10611, 10733, 10819, 10852, 11064, 11073, 11107, 12285, 12295, 12793, 12818, 12822, 12837, 12841, 12860, 12862, 13688, 13694, 13711, 13717, 13720, 13721, 15464, 15707, 15771, 15808, 15814, 15819, 15878, 16006, 16009, 16017, 16031, 16989, 16993, 17059, 17069, 17100, 17114, 17231, 17266, 17267, 17276, 17356, 17425, 17977, 18004, 18011, 18054, 18282, 20058, 20270, 20329, 20338, 20355, 20373, 20391, 20407, 20414, 20415, 20690, 20717, 20775, 22336, 22345, 22348, 22350, 22362, 22365, 22733, 22797, 22807, 22843, 22873, 22876, 22879, 22893, 22898, 22910, 22932, 23267, 23288, 23346, 23350, 23614, 24018, 24053, 25363, 25365, 25372, 25389, 25956, 26068, 26113, 26378, 26395, 26404, 26420, 26435, 26534, 26589, 26764, 26847, 26859, 26862, 27097, 27126, 27136, 27167, 27181, 27551, 27608, 28435, 29119, 29135, 29204, 30214, 30252, 30441, 30518, 30541, 30552, 30572, 30580, 30770, 30849, 31398, 31409, 31436, 31477, 31494, 31497, 31506, 31507, 31578, 31599, 31645, 31652, 31656, 31687, 31802, 32038, 32634, 32709, 32717, 33998, 34031, 34035, 34037, 34038, 34048, 36746, 36752, 36758, 36762, 36801, 37348, 37504, 37835, 37839, 37840, 37842, 37846, 38049, 38447, 38450, 38924, 38945, 39260, 39263, 39281, 39284, 40584, 41726, 41728, 41731, 41738, 41741, 41748, 41761, 42062, 42083, 42347, 42350, 42352, 43778, 43781, 43804, 43810, 43866, 43918, 43920, 43925, 44514, 44518, 44570, 44576, 44622, 44624, 44629, 44640, 44710, 45357, 45535, 45652, 45653, 46243, 46244, 46248, 46253, 46256, 46313, 46332, 46380, 46430, 46490, 46934, 47205, 47829, 22897, 8999, 9059, 10341, 10889, 16149, 16150, 17663, 17677, 18017, 18033, 18058, 18237, 18240, 19215, 19361, 19382, 20256, 22440, 28180, 28341, 28841, 29584, 32877, 34127, 34132, 35915, 38670, 38948, 39275, 39277, 19648, 22406, 32615, 8542, 8689, 8744, 9006, 9358, 11041, 12551, 16651, 16669, 16691, 16704, 16722, 16891, 16939, 16949, 16952, 16972, 16974, 16981, 17125, 17152, 17295, 17337, 17486, 17614, 17710, 17771, 17774, 17820, 17962, 17983, 18050, 18064, 18127, 18135, 18138, 18176, 18203, 18235, 18363, 18369, 19174, 19179, 19379, 19391, 19401, 19415, 19436, 19445, 20142, 20203, 20220, 20236, 20239, 20243, 20248, 20311, 20519, 20527, 20545, 20549, 20807, 22256, 22263, 22278, 22280, 22284, 22982, 22993, 23003, 23026, 23045, 26644, 28410, 30230, 30235, 30313, 30419, 30431, 30448, 30459, 30847, 32486, 32495, 32767, 34080, 34089, 34110, 34112, 34114, 34117, 34134, 34176, 34188, 34191, 34194, 34197, 34200, 34203, 34223, 34225, 34227, 34229, 34291, 35419, 35421, 36971, 37542, 37546, 37554, 38044, 38297, 38300, 38830, 41752, 41765, 41786, 41790, 41793, 41797, 41838, 43823, 43837, 43840, 43843, 46564, 46575, 47068, 47072, 27425, 15732, 15735, 15753, 15760, 22260, 30183, 34085, 38563, 38567], "label": "floor"}, {"objectId": 2, "id": 2, "partId": 2, "index": 1, "dominantNormal": [-0.44466671347618103, -0.8956961035728455, -1.988844874507224e-16], "obb": {"axesLengths": [3.2458602322058168, 2.94905000293888, 0.3033350532570992], "centroid": [-0.8519255242579208, 1.6563860807397595, 0.124524879159297], "normalizedAxes": [0.8956961035728455, -0.4446667432785034, -9.873585133457561e-17, 0, -2.220446049250313e-16, 1, -0.4446667432785034, -0.8956961035728455, -1.988844874507224e-16]}, "segments": [48827, 2996, 2024, 4677, 4760, 4853, 5443, 5587, 5794, 5822, 6079, 7924, 8211, 19770, 29502, 29657, 36034, 36038, 36040, 8165, 40343, 19863, 19131, 40409, 40363, 19092, 23170, 41475, 22476, 23316, 42309, 40170, 15322, 23520, 42331, 19434, 23332, 42911, 4679, 4859, 5769, 9419, 9470, 9532, 9574, 9700, 9758, 15159, 15192, 16488, 17879, 19096, 19101, 19649, 19845, 19852, 25291, 29785, 30135, 30195, 32086, 32153, 32234, 32492, 36043, 37178, 41383, 41448, 42296, 42300, 42952, 43114, 44251, 44420, 44578, 45365, 30532, 7985, 5413, 23255, 28284, 19385, 41895, 9971, 19482, 8602, 19531, 19491], "label": "wall"}, {"objectId": 3, "id": 3, "partId": 3, "index": 2, "dominantNormal": [0.8557441830635071, -0.5173991918563843, -1.1488569914428132e-16], "obb": {"axesLengths": [2.2491325882722744, 2.5576499128866943, 0.8450884025323688], "centroid": [-3.358907964824601, -0.5874147315163498, -0.04882509350564135], "normalizedAxes": [0.5173991918563843, 0.8557441830635071, 1.900133790452301e-16, 0, -2.220446049250313e-16, 1, 0.8557441830635071, -0.5173991918563843, -1.1488569914428132e-16]}, "segments": [21891, 3493, 15366, 14800, 12103, 7826, 92, 3935, 7732, 7841, 10937, 12157, 12771, 12899, 13769, 14099, 15533, 15993, 19730, 30569, 30735, 32400, 33063, 34029, 35375, 36138, 36178, 36647, 50030, 11247, 48059, 7307, 7302, 7311, 7430, 8761, 9488, 11696, 13113, 36072, 31804, 12576, 8842, 9285, 9999, 11615, 36616, 9584, 19754, 38486, 29013, 11252, 19732, 27757, 28656, 28701, 28879, 29011, 29045, 29521, 29548, 29645, 29733, 29740, 29833, 30285, 30289, 31861, 32063, 38519, 12017, 12301, 6990, 7317, 7062, 7472, 7507, 7575, 8015, 8645, 8713, 8717, 8783, 8800, 8806, 8883, 9047, 9076, 9128, 9487, 9524, 35305, 35310, 35918, 35931, 36392, 36397, 35350], "label": "wall"}, {"objectId": 4, "id": 4, "partId": 4, "index": 3, "dominantNormal": [0.848745584487915, -0.5288013815879822, -1.1741749385851423e-16], "obb": {"axesLengths": [1.4290061479723466, 2.508719865037801, 0.5651108958661619], "centroid": [-2.300515521989927, 1.6407342829223086, -0.10436011070839735], "normalizedAxes": [0.5288013815879822, 0.848745584487915, 1.8845937798948388e-16, 0, -2.220446049250313e-16, 1, 0.848745584487915, -0.5288013815879822, -1.1741749385851423e-16]}, "segments": [50164, 50140, 4862, 9174, 5909, 33036, 3461, 3515, 5490, 5497, 5502, 5680, 5841, 6389, 6398, 9189, 33014, 33029, 33152, 33160, 35925, 36295, 36298, 36976, 36997, 37014, 37026, 50233, 47984, 30159, 4803, 4697, 50008, 6086, 6216, 7511, 4848, 5140, 5159, 5751, 6098, 22472, 22547, 28047, 28138, 29114, 30864, 30939, 31052, 33011, 36019, 40062, 40100, 40106, 44568, 45724, 31039, 45843], "label": "wall"}, {"objectId": 6, "id": 6, "partId": 6, "index": 4, "dominantNormal": [0, -2.220446049250313e-16, 1], "obb": {"axesLengths": [1.9071052508861581, 0.8843190174329496, 0.9888270413720373], "centroid": [-1.2023140601979379, 0.8453803848093633, -0.8909906193108714], "normalizedAxes": [0.3516249656677246, 0.9361409544944763, 2.078650483948677e-16, 0, -2.220446049250313e-16, 1, 0.9361409544944763, -0.3516249656677246, -7.807642658346761e-17]}, "segments": [49810, 32930, 12532, 32969, 30623, 12533, 47878, 11206, 12261, 12311, 12396, 19884, 19890, 23969, 24327, 24588, 24593, 24598, 24619, 26959, 26966, 30609, 31699, 31713, 31738, 31771, 32082, 32093, 32099, 32575, 32589, 33606, 33745, 33750, 33814, 33824, 33910, 42019, 42611, 45458, 45461, 45508, 45516, 45523, 46597, 47864, 49118, 49978, 49989, 49993, 47913, 13648, 31587, 26679, 27637, 12386, 46586, 23244, 26967, 26268, 32945, 32463], "label": "table"}, {"objectId": 7, "id": 7, "partId": 7, "index": 5, "dominantNormal": [0.954908013343811, 0.29690176248550415, 6.592543455263925e-17], "obb": {"axesLengths": [0.5747207739365716, 0.7814590160222568, 0.5290105917649649], "centroid": [-0.8411762158120092, 0.15138875196135382, -0.9353206340985596], "normalizedAxes": [-0.29690176248550415, 0.954908013343811, 2.1203217256267305e-16, 0, -2.220446049250313e-16, 1, 0.954908013343811, 0.29690176248550415, 6.592543455263925e-17]}, "segments": [23009, 32145, 47896, 19207, 41609, 41648, 19196, 19204, 19802, 20335, 22513, 22539, 22552, 22601, 22622, 40145, 41694, 47935, 22697, 41548, 20364, 18055, 18080, 22720, 17607, 22651, 20353, 41722], "label": "chair"}, {"objectId": 8, "id": 8, "partId": 8, "index": 6, "dominantNormal": [-0.2832460105419159, 0.959047257900238, 2.1295126948489297e-16], "obb": {"axesLengths": [0.8434894559255078, 0.9600000166893, 0.8622434216860548], "centroid": [-0.60995645351054, 0.6698430741053527, -0.8500001334860139], "normalizedAxes": [-0.2832460105419159, 0.959047257900238, 2.1295126948489297e-16, 0, -2.220446049250313e-16, 1, 0.959047257900238, 0.2832460105419159, 6.289324850737097e-17]}, "segments": [19987, 38745, 16335, 20004, 19976, 11497, 12329, 12373, 12500, 12519, 13658, 16207, 16283, 16291, 16318, 16325, 16363, 16369, 16743, 16761, 16770, 16797, 16800, 19963, 19965, 19975, 19977, 38681, 38810, 38832, 38835, 38842, 38843, 38870, 38899, 38902, 38905, 38912, 38915, 40466, 40495, 40503, 40506, 40508, 40513, 49120, 49127, 16213, 17624, 16380, 16196, 10661, 11448, 16393, 40566, 12385, 11467, 11479, 13612, 16404, 19660, 20135, 38968, 16815, 16846, 12654, 19221, 40128, 20651, 20751], "label": "chair"}, {"objectId": 9, "id": 9, "partId": 9, "index": 7, "dominantNormal": [0.7417064905166626, -0.6707245707511902, -1.4893077232595923e-16], "obb": {"axesLengths": [0.39361747750811193, 0.774451953743727, 0.44568037230351953], "centroid": [-1.9662367886160979, 0.7579565028192145, -0.930154073802588], "normalizedAxes": [0.7417064905166626, -0.6707245707511902, -1.4893077232595923e-16, 0, -2.220446049250313e-16, 1, -0.6707245707511902, -0.7417064905166626, -1.6469192465710383e-16]}, "segments": [48287, 30264, 44230, 45427, 30265, 26872, 45436, 26332, 44269, 27331, 48398, 28561, 32226, 27344, 26300, 43875, 43771, 27208, 48423, 45381, 30294, 32280, 26306, 26326, 26329, 26635, 27211, 27338, 28443, 28461, 28580, 32265, 32275, 43753, 43757, 43760, 43766, 43811, 43813, 43816, 43936, 43939, 44317, 48312, 48406, 48409, 48415, 48418, 48441], "label": "chair"}, {"objectId": 10, "id": 10, "partId": 10, "index": 8, "dominantNormal": [0.5932686924934387, -0.8050044775009155, -1.7874690116957204e-16], "obb": {"axesLengths": [0.8601977741328904, 0.9415130106766589, 0.7747349443765328], "centroid": [-1.5222644679699373, 1.3242444419401185, -0.8592436364923344], "normalizedAxes": [0.8050045371055603, 0.5932686924934387, 1.317321124390955e-16, 0, -2.220446049250313e-16, 1, 0.5932686924934387, -0.8050045371055603, -1.7874691440446184e-16]}, "segments": [27744, 46825, 28207, 45336, 28053, 43981, 27402, 29997, 31780, 31997, 45199, 24082, 24331, 24689, 27742, 27883, 30032, 30042, 30110, 30795, 31067, 31112, 31193, 31267, 31306, 31793, 31875, 31907, 31914, 31938, 31941, 31947, 31998, 33810, 33871, 44018, 45315, 46678, 46681, 46684, 46758, 46768, 46773, 46899, 46902, 46904, 46623, 25124, 27505, 27618, 27651, 29075, 29077, 29944, 29948, 30014, 30697, 30816, 31786, 31811, 42362, 45312, 45544, 30958, 46543, 46568, 33554, 27739, 45550], "label": "chair"}, {"objectId": 13, "id": 13, "partId": 13, "index": 10, "dominantNormal": [0.89250248670578, -0.45104244351387024, -1.0015154117445807e-16], "obb": {"axesLengths": [0.7174497980803379, 1.731402000828042, 0.6037556284050613], "centroid": [-0.08401557215381339, 0.9566546170624868, -0.46455913687134176], "normalizedAxes": [0.4510424733161926, 0.89250248670578, 1.9817536205519293e-16, 0, -2.220446049250313e-16, 1, 0.89250248670578, -0.4510424733161926, -1.0015154779190297e-16]}, "segments": [12664, 11627, 1131, 41823, 873, 523, 1801, 11717, 12066, 11952, 442, 513, 546, 558, 669, 683, 695, 722, 781, 783, 789, 987, 1031, 1037, 1089, 1102, 1178, 1218, 1231, 1247, 1808, 11544, 11622, 11668, 11676, 11746, 11763, 11767, 11829, 11831, 11856, 11878, 11897, 11924, 11965, 11971, 11975, 11976, 12007, 12036, 12056, 12059, 12135, 12139, 12165, 12166, 12193, 12205, 12617, 12630, 12659, 12694, 31083, 31125, 31143, 35179, 37548, 37556, 37558, 37561, 37566, 37571, 37594, 37684, 37686, 37687, 37691, 37706, 37798, 37809, 37812, 38307, 39485, 40801, 40996, 41486, 41601, 42182, 43555, 43605, 43869, 45525, 48270, 11692, 15485, 15599, 36424, 3191, 31428, 35121, 7018, 56, 266, 278, 324, 399, 1187, 3127, 11691, 11873, 12427, 12670, 15534, 15555, 15565, 15569, 15617, 31420, 34069, 34381, 34384, 36357, 36727, 37794, 38516, 38551, 38557, 44982, 37738, 38080, 39038, 12947, 37891, 10635, 3114, 3115, 9506, 12150, 12451, 12864, 12890, 12893, 12940, 12943, 12957, 12983, 13011, 13095, 13098, 13106, 13205, 13226, 13301, 13311, 13348, 13364, 13396, 13746, 13753, 13913, 13954, 14009, 14110, 17691, 17695, 17732, 17790, 17791, 17797, 17821, 17823, 17826, 17874, 17895, 17896, 36730, 36736, 36739, 37058, 37860, 37897, 37899, 37901, 37904, 38055, 38118, 38123, 38466, 39022, 39073, 39076, 39084, 39167, 39170, 14064, 14046, 38253, 17904, 39195, 39221, 3083, 3087, 3108, 3179, 3187, 3197, 3204, 3215, 3324, 3367, 9389, 9395, 9508, 9535, 9565, 9606, 9616, 9639, 9640, 9663, 9664, 9665, 9688, 9690, 9712, 9741, 9742, 12653, 12729, 12959, 13073, 13241, 13322, 13355, 13362, 13375, 13381, 13387, 13404, 13418, 13434, 13444, 13453, 13498, 13793, 13840, 13851, 13861, 13862, 13893, 13905, 13939, 13941, 13988, 14008, 14018, 14042, 14062, 14094, 14102, 14106, 14113, 14138, 14200, 14274, 15474, 15529, 17808, 23153, 31158, 35079, 35132, 36726, 37047, 37049, 37061, 37062, 37065, 37086, 37926, 37947, 37958, 37961, 37967, 38105, 38134, 38142, 38144, 38146, 38149, 38156, 38229, 38257, 38293, 38302, 39105, 39186, 39208, 43374, 9594, 10425, 19498, 20567, 41914, 19641, 13535, 40265, 41976, 40271, 38278, 38032, 3139, 3259, 3301, 3368, 8567, 8612, 8620, 8732, 8796, 8818, 9424, 9482, 9485, 9516, 9608, 9679, 9714, 9761, 9806, 9876, 10086, 10538, 10564, 10572, 10585, 13464, 13530, 13531, 13551, 13557, 13569, 13585, 13968, 14273, 18264, 19495, 19497, 19501, 19625, 19645, 19663, 19708, 20045, 20577, 23105, 23172, 23200, 23507, 29538, 29608, 29676, 29796, 36887, 36912, 36934, 36937, 37037, 37152, 37350, 37418, 37427, 37434, 37440, 37449, 37964, 38024, 38034, 40284, 40312, 40332, 40500, 40646, 40670, 40679, 41491, 41497, 41925, 41931, 41998, 42202, 42209, 43380], "label": "plant"}, {"objectId": 14, "id": 14, "partId": 14, "index": 11, "dominantNormal": [0.8742465972900391, -0.4854821562767029, -1.077986935886128e-16], "obb": {"axesLengths": [0.5450156998608683, 2.228138993051521, 0.0745589363084787], "centroid": [-2.7897167083710146, 1.3783207827228756, -0.22540063105514685], "normalizedAxes": [0.4854821562767029, 0.8742465972900391, 1.9412174030231967e-16, 0, -2.220446049250313e-16, 1, 0.8742465972900391, -0.4854821562767029, -1.077986935886128e-16]}, "segments": [32018, 5109, 5536, 6013, 6285, 18822], "label": "wall"}, {"objectId": 15, "id": 15, "partId": 15, "index": 12, "dominantNormal": [-0.5166325569152832, -0.8562072515487671, -1.901162009040929e-16], "obb": {"axesLengths": [0.45526512711219763, 0.7836720172240127, 0.3393367319849281], "centroid": [-1.4128750875051084, -0.6964294725746718, -0.9216641374021584], "normalizedAxes": [0.8562072515487671, -0.5166325569152832, -1.147154719916628e-16, 0, -2.220446049250313e-16, 1, -0.5166325569152832, -0.8562072515487671, -1.901162009040929e-16]}, "segments": [23658, 24720, 42431, 42720, 46389, 42457, 42581, 11265, 11280, 11291, 11304, 15228, 15229, 15369, 15404, 16510, 23680, 23682, 23706, 23766, 23775, 23780, 23805, 23836, 23861, 23893, 23901, 23908, 23935, 23937, 23950, 24148, 24149, 24175, 24177, 24182, 24261, 24293, 24300, 24391, 24394, 24417, 24447, 24748, 24758, 24799, 24806, 24848, 33075, 33735, 37541, 38442, 38443, 38445, 42364, 42553, 42556, 42561, 42590, 42593, 42618, 42770, 42777, 42803, 42845, 44917, 46335, 46348, 46441, 42822, 44867, 46341, 42515, 24306, 15433, 30077, 33656, 33708, 33715, 33727, 33759, 33789, 33792, 33797, 33900, 33930, 33958, 42559, 45555, 46219, 46229, 46322, 46360, 33854, 33944, 33979, 33980, 46526, 33670, 15399, 33976], "label": "furniture"}, {"objectId": 16, "id": 16, "partId": 16, "index": 13, "dominantNormal": [0, -2.220446049250313e-16, 1], "obb": {"axesLengths": [0.5084184838919945, 0.27817188326630243, 0.5036278170191643], "centroid": [-1.2396304845827972, 0.9078922474729834, 0.20083891325662506], "normalizedAxes": [-0.530074954032898, 0.8479507565498352, 1.8828289073398956e-16, 0, -2.220446049250313e-16, 1, 0.8479507565498352, 0.530074954032898, 1.1770028374888896e-16]}, "segments": [3590, 15856, 4048, 3621, 35681, 3584, 3602, 3607, 4066, 4096, 4119, 4122, 4136, 15857, 15869, 15870, 15890, 15898, 15904, 35183, 35353, 35355, 35357, 35370, 38615, 15913, 4128, 15915, 38583, 4180, 3628], "label": "lamp"}, {"objectId": 17, "id": 17, "partId": 17, "index": 14, "dominantNormal": [0, -2.220446049250313e-16, 1], "obb": {"axesLengths": [2.4101223192297527, 0.8632740185423038, 1.4192196879067895], "centroid": [-0.9902602555101407, 1.2299902682954384, 1.0383628578388793], "normalizedAxes": [0.9665942788124084, -0.2563113272190094, -5.691254739015537e-17, 0, -2.220446049250313e-16, 1, -0.2563113272190094, -0.9665942788124084, -2.146270447616968e-16]}, "segments": [34829, 2346, 2348, 2509, 2577, 2633, 2642, 34743, 34746, 3947, 35457, 2243, 2341, 2410, 2464, 2482, 2510, 3393, 3398, 3399, 3495, 3761, 3804, 3807, 3810, 3848, 3928, 3937, 3991, 4306, 4351, 4361, 35257, 35433, 34700, 34781, 1717, 1757, 1957, 1341, 1783, 1797, 1805, 1877, 1904, 1967, 1979, 2055, 34720, 2085, 1443, 34677, 2136, 2168, 35626, 4303, 4339, 4404, 4413, 4420, 4423, 4536, 4539, 4561, 4563, 4605, 4621, 4623, 4628, 35470, 35474, 35477, 35479, 35482, 35576, 35635, 35562, 4254, 4377, 4392, 4532, 5241, 5243, 5382, 35424, 35440, 4326, 5155, 5063, 4253, 4319, 4366, 5055, 5086, 5090, 5097, 5099, 5173, 5250, 35467, 35774, 35783, 35813, 35840, 36133, 5928, 5976, 2299, 2353, 2601, 2602, 5230, 5286, 5290, 5318, 5329, 5338, 34742, 36136, 36173, 36180, 5275, 1373, 1389, 1390, 1430, 4190, 4797, 4799, 5363, 5525, 5529, 5728, 34604, 35705, 35707, 35987, 5686, 4790, 4795, 5602, 5708, 36231, 4533, 35850, 5185, 2693, 1299, 2696, 2957, 819, 953, 961, 995, 1048, 1095, 1144, 1153, 1601, 1605, 2681, 2724, 2950, 2951, 1618, 2717, 2944, 3407, 34588, 1141, 1684, 2752, 34882, 34904, 34952, 34981, 34993, 2672, 1587, 2715, 3443, 3643, 35152, 818, 660, 876, 645, 672, 713, 729, 798, 853, 870, 3709, 35218, 35220, 34561, 2916, 34584, 34476, 35159, 3464, 35168, 2328, 33272, 33398, 33401, 33423, 33424, 33427, 33461, 33469, 33477, 33484, 33495, 33513, 48489, 48500, 48506, 49098, 49437, 33390, 34243, 2246, 33355, 33533, 48431, 48538, 48583, 33405, 48314, 4883, 4895, 4908, 4925, 4932, 4951, 4963, 4979, 5017, 5021, 5023, 5030, 35729, 48344, 48378, 1323, 1328, 2366, 2383, 2558, 2532, 34221, 2552, 1607, 490, 504, 1625, 1638, 1758, 2266, 2322, 2339, 2407, 2468, 2469, 2800, 2884, 2886, 2889, 2897, 3679, 4746, 4918, 4958, 4970, 5147, 5372, 5609, 5726, 7437, 25309, 25314, 25338, 25339, 25342, 25352, 33282, 33478, 34058, 34136, 34142, 35216, 35246, 35693, 35700, 35753, 35902, 35991, 48663, 49107, 49466, 49474, 49610, 35201, 35206], "label": "decoration"}, {"objectId": 18, "id": 18, "partId": 18, "index": 15, "dominantNormal": [0.7130035161972046, -0.7011604905128479, -1.5568890410496647e-16], "obb": {"axesLengths": [1.2324231202129043, 1.9135719706064758, 0.7807720597085468], "centroid": [-2.0760898459102535, 1.8015513619676746, -0.37321415652742607], "normalizedAxes": [0.7011604905128479, 0.7130035161972046, 1.5831858406416645e-16, 0, -2.220446049250313e-16, 1, 0.7130035161972046, -0.7011604905128479, -1.5568890410496647e-16]}, "segments": [45561, 45754, 31223, 41074, 41197, 22067, 21702, 6446, 6449, 19307, 19308, 19327, 21605, 21628, 21686, 21733, 21758, 21786, 21803, 21825, 21857, 21872, 21879, 21893, 21903, 21957, 21967, 22004, 22011, 22018, 22037, 22075, 22092, 22115, 22118, 22122, 22160, 22168, 22175, 22201, 22866, 22930, 22981, 23015, 23023, 23084, 23087, 23216, 23271, 23306, 23678, 24347, 24465, 24648, 24667, 24684, 24704, 24724, 24790, 24908, 24916, 24949, 24987, 24990, 25002, 25076, 25131, 25133, 25141, 25164, 25228, 25238, 25354, 25357, 25429, 25603, 25639, 25677, 25687, 25793, 25914, 26117, 27834, 27840, 27878, 27927, 27938, 27971, 28021, 28060, 28109, 28115, 28122, 28147, 28161, 28386, 40152, 40154, 40174, 40254, 40887, 40908, 40910, 40917, 40923, 40945, 40961, 40978, 40999, 41005, 41007, 41019, 41026, 41035, 41083, 41090, 41097, 41123, 41293, 41301, 41320, 41335, 41357, 41370, 41388, 41390, 41393, 41397, 41454, 41493, 41518, 43377, 43567, 43659, 44064, 44067, 44073, 44092, 45604, 45638, 45698, 45762, 43226, 43220, 8099, 8176, 8180, 8260, 8304, 8368, 21435, 21548, 21573, 21581, 21729, 21775, 21941, 21945, 22137, 22585, 22701, 23016, 23094, 23414, 24560, 24620, 25041, 25058, 25060, 25070, 25098, 25142, 25155, 25243, 25295, 25442, 25536, 25579, 25667, 25697, 25698, 25711, 25759, 25777, 25822, 25968, 25985, 26039, 26064, 26108, 26133, 26197, 26386, 26743, 26890, 27019, 27906, 28106, 29262, 29269, 29290, 29310, 29314, 29324, 29354, 29399, 29412, 29534, 29586, 29598, 29850, 31105, 31135, 31256, 32755, 32829, 36821, 40193, 41061, 41630, 41768, 41843, 42957, 42961, 42980, 43042, 43053, 43073, 43109, 43133, 43135, 43142, 43184, 43247, 43291, 43296, 43372, 43560, 43563, 43614, 43622, 43643, 43646, 43651, 43657, 43660, 43662, 43665, 43670, 43677, 43684, 43709, 43732, 43737, 44048, 44087, 44095, 44663, 44713, 44735, 44737, 44741, 44744, 44751, 44754, 44807, 44844, 45023, 45027, 45032, 45049, 46141, 49616, 49682, 21513, 7077, 7968, 7996, 8025, 8094, 8103, 8112, 8127, 8146, 8167, 8202, 8208, 8221, 8236, 8268, 8310, 8320, 8343, 14573, 14577, 14623, 14627, 14645, 14685, 14705, 15072, 20536, 20572, 20693, 20834, 20908, 20924, 20952, 21014, 21156, 21253, 21306, 21310, 21323, 21355, 21391, 21407, 21408, 21440, 21496, 21518, 21527, 21568, 21580, 21618, 21711, 21731, 23630, 24512, 25108, 25235, 25409, 25802, 25826, 25885, 25907, 25957, 26029, 26044, 26149, 26172, 26175, 26184, 26191, 26252, 26260, 26575, 26609, 26611, 26758, 26837, 26925, 26960, 27043, 27071, 27086, 27101, 27120, 27247, 27300, 27832, 27870, 28326, 28333, 28354, 28404, 28414, 28415, 28614, 28624, 28631, 28639, 28644, 28647, 28663, 28667, 28670, 28703, 28721, 28725, 28735, 28752, 28772, 28799, 28802, 28804, 28824, 28851, 28867, 28869, 28890, 28900, 28901, 28912, 28959, 28973, 28995, 29007, 29051, 29349, 29353, 29369, 29389, 29466, 29474, 29477, 29480, 29508, 29559, 29631, 29653, 29654, 29745, 29763, 29775, 29822, 29864, 29867, 29884, 29895, 29898, 29907, 29959, 32736, 32841, 32886, 32907, 36783, 36788, 36805, 36808, 36812, 36824, 36826, 36829, 36834, 38339, 38424, 38426, 38429, 38431, 39268, 39299, 39351, 39358, 39408, 39413, 39455, 39458, 41408, 41595, 41604, 41753, 41929, 42001, 42091, 42150, 42154, 42157, 42668, 42681, 42847, 42909, 43050, 43716, 43850, 43863, 43870, 44021, 44109, 44185, 44322, 44362, 44432, 44453, 44457, 44460, 44461, 44484, 44487, 44490, 44509, 44511, 44517, 44524, 44701, 44704, 45025, 45040, 45053, 45123, 45128, 45136, 45140, 45143, 47652, 49191, 49196, 49218, 49281, 49299, 49329, 49348, 49472, 49594, 49600, 49679, 29249, 29621, 32918, 44632, 44696, 45213, 49508, 49685, 27762, 43346, 29379, 21217, 43196, 40698, 18849, 40853, 17406, 7293, 6522, 6105, 6119, 6125, 6141, 6149, 6195, 6212, 6238, 6252, 6267, 6272, 6303, 6309, 6421, 6463, 6468, 6488, 6491, 6530, 6554, 6564, 6614, 6621, 6626, 6660, 6663, 6718, 6745, 6752, 6761, 6777, 6794, 6812, 6824, 6852, 6854, 6857, 6863, 6913, 6940, 6996, 7088, 7115, 7133, 7193, 7210, 7222, 7236, 7263, 7264, 7286, 7316, 7371, 7421, 7444, 7482, 7521, 7563, 7584, 7639, 7647, 7653, 7655, 7783, 7791, 7805, 7807, 7831, 7834, 7846, 7863, 14408, 14411, 14414, 14438, 14463, 14548, 14549, 14553, 14555, 14688, 14733, 14756, 14766, 14806, 14812, 14818, 14848, 14879, 14894, 14941, 14947, 14989, 14996, 14997, 15000, 15053, 15094, 17362, 17370, 17383, 18397, 18407, 18434, 18451, 18463, 18468, 18481, 18490, 18495, 18498, 18505, 18512, 18531, 18539, 18548, 18579, 18602, 18607, 18615, 18624, 18641, 18642, 18655, 18663, 18731, 18750, 18763, 18773, 18815, 18844, 18878, 18879, 18898, 18910, 18959, 18961, 18962, 18992, 19013, 19054, 19070, 20920, 20946, 21043, 21052, 21100, 21118, 21138, 21210, 21239, 21316, 21821, 21931, 22024, 22048, 22060, 24032, 25754, 25854, 25864, 26005, 26088, 26728, 27006, 27068, 27078, 27306, 27749, 27784, 27791, 27812, 29360, 29965, 31151, 31212, 31244, 31273, 31294, 32322, 32325, 32334, 32340, 32356, 32402, 32419, 32429, 32433, 32436, 32443, 32446, 32470, 33104, 33556, 33572, 33574, 36328, 36362, 36454, 36497, 36539, 36542, 36543, 36546, 36548, 36551, 36566, 36613, 36618, 36620, 36627, 36641, 36714, 36718, 38330, 38334, 38395, 38396, 38405, 38409, 38421, 39346, 39361, 39363, 39468, 39471, 39529, 39531, 39621, 39657, 39721, 39736, 39778, 39799, 39808, 39870, 39902, 39926, 39935, 39974, 40045, 40054, 40056, 40071, 40080, 40683, 40685, 40687, 40690, 40708, 40726, 40751, 40760, 40764, 40767, 40775, 40809, 40814, 40857, 40859, 40863, 40865, 40867, 40872, 40884, 42093, 42109, 42156, 43174, 43190, 43458, 44028, 44031, 45247, 45249, 45777, 46144, 46573, 48452, 48478, 48485, 48621, 48626, 48657, 48672, 48679, 48683, 49048, 50036, 50088, 50122, 9218, 28418, 28434, 29068], "label": "plant"}, {"objectId": 19, "id": 19, "partId": 19, "index": 16, "dominantNormal": [0.3940782845020294, 0.9190768599510193, 2.040760582635624e-16], "obb": {"axesLengths": [0.4694042498472066, 0.5145300511748333, 0.5261457139991166], "centroid": [0.2573569585635094, 0.869470573274978, -1.0833651275641807], "normalizedAxes": [0.3940783143043518, 0.9190768599510193, 2.040760582635624e-16, 0, -2.220446049250313e-16, 1, 0.9190768599510193, -0.3940783143043518, -8.750296360923211e-17]}, "segments": [18157, 37217, 36883, 37311, 10222, 37223, 8507, 8931, 8939, 8942, 8945, 8952, 8960, 8980, 9964, 10025, 10073, 10161, 10168, 10175, 10176, 10180, 10271, 10282, 18159, 18222, 36962, 37228, 37230, 37233, 37237, 37242, 37244, 37265, 37272, 10188, 10584, 37411, 37396, 10551, 9304, 37481, 10516], "label": "plant"}, {"objectId": 21, "id": 21, "partId": 21, "index": 17, "dominantNormal": [0.8767803907394409, -0.48089098930358887, -1.0677924973192285e-16], "obb": {"axesLengths": [1.6829006693209414, 0.7120429714312482, 0.1756729429565696], "centroid": [-0.47743784478149776, -1.1391442072612032, -0.974478619864241], "normalizedAxes": [0.4808909595012665, 0.8767803907394409, 1.9468435546775374e-16, 0, -2.220446049250313e-16, 1, 0.8767803907394409, -0.4808909595012665, -1.0677924311447795e-16]}, "segments": [23397, 35046, 6237, 16136, 7880, 23428, 42198, 3044, 3375, 8398, 8418, 8461, 8462, 8607, 8643, 9248, 9250, 9555, 9822, 10196, 10904, 10913, 10924, 11001, 11011, 11013, 11015, 11018, 11371, 16077, 16090, 16103, 16104, 16108, 16137, 19932, 19942, 19955, 23359, 34320, 34326, 34330, 34340, 34343, 34346, 34349, 34359, 34371, 35074, 38658, 38664, 38665, 38668, 38676, 38677, 40588], "label": "wall"}, {"objectId": 23, "id": 23, "partId": 23, "index": 18, "dominantNormal": [0, -2.220446049250313e-16, 1], "obb": {"axesLengths": [2.84661190502722, 0.24000000417232492, 0.5099775483278993], "centroid": [-3.0292539696896483, 0.5373945098349022, 1.50999982806899], "normalizedAxes": [0.49839892983436584, 0.8669478297233582, 1.9250108834153638e-16, 0, -2.220446049250313e-16, 1, 0.8669478297233582, -0.49839892983436584, -1.1066679347013016e-16]}, "segments": [8441, 8272, 6655, 8384, 35736, 34404, 4459, 4447, 4455, 4463, 3218, 6927], "label": "ceiling"}, {"objectId": 24, "id": 24, "partId": 24, "index": 19, "dominantNormal": [0.9606053233146667, -0.27791622281074524, -6.17097978962689e-17], "obb": {"axesLengths": [0.1785242215740238, 0.22467603777328038, 0.1567600805628913], "centroid": [-1.1988873332496013, 0.8939214547449724, -0.4731911260382575], "normalizedAxes": [0.27791622281074524, 0.9606053233146667, 2.1329722950428714e-16, 0, -2.220446049250313e-16, 1, 0.9606053233146667, -0.27791622281074524, -6.17097978962689e-17]}, "segments": [11224, 49695, 11194, 11237], "label": "plant"}], "scan_id": "a090600e-66f7-2272-9cfe-63b80d55da17", "annId": "5027", "appId": "stk.v1"}