{"segGroups": [{"objectId": 38, "id": 38, "partId": 38, "index": 0, "dominantNormal": [0, -2.220446049250313e-16, 1], "obb": {"axesLengths": [0.40802630524513567, 0.165845995787248, 0.271535888269746], "centroid": [-0.9515413593002919, -1.0337069690086667, -0.07292301137917478], "normalizedAxes": [-0.6534982323646545, 0.756928026676178, 1.680717846399955e-16, 0, -2.220446049250313e-16, 1, 0.756928026676178, 0.6534982323646545, 1.4510575682461603e-16]}, "segments": [59976, 59513, 23931, 30151, 30103, 30187], "label": "towel"}, {"objectId": 39, "id": 39, "partId": 39, "index": 1, "dominantNormal": [0, -2.220446049250313e-16, 1], "obb": {"axesLengths": [0.2706921959499524, 0.0739644991465397, 0.23867063618416967], "centroid": [-0.9119594157393158, -1.0619917717975076, -0.013017763092717072], "normalizedAxes": [0.8989434838294983, -0.4380646347999573, -9.726988876578463e-17, 0, -2.220446049250313e-16, 1, -0.4380646347999573, -0.8989434838294983, -1.9960555071685222e-16]}, "segments": [28491, 27627], "label": "towel"}, {"objectId": 40, "id": 40, "partId": 40, "index": 2, "dominantNormal": [0, -2.220446049250313e-16, 1], "obb": {"axesLengths": [0.30259273615269117, 0.07999999642372135, 0.3014081702886713], "centroid": [-0.9743231875154185, -1.0226599697724303, 0.14999998211860666], "normalizedAxes": [-0.4346034824848175, 0.9006218910217285, 1.999782319787543e-16, 0, -2.220446049250313e-16, 1, 0.9006218910217285, 0.4346034824848175, 9.650135856738407e-17]}, "segments": [28402, 59127, 14410, 14380, 28417], "label": "shelf"}, {"objectId": 48, "id": 48, "partId": 48, "index": 3, "dominantNormal": [0.2825873792171478, -0.9592415690422058, -2.1299441522564373e-16], "obb": {"axesLengths": [0.44311340898650586, 0.47977994800105783, 0.29762649444604733], "centroid": [-0.3104537050162306, -1.685699935626479, -1.2098899939680843], "normalizedAxes": [0.9592415690422058, 0.28258734941482544, 6.274699635762669e-17, 0, -2.220446049250313e-16, 1, 0.28258734941482544, -0.9592415690422058, -2.1299441522564373e-16]}, "segments": [35006, 5795, 30634, 5903, 5917, 5936, 30603, 30691, 30695, 35251, 41508, 59673, 59677, 59682, 59685, 59761, 30565, 30591, 30587, 37000, 5872, 37863, 37870, 55482, 55490, 5783], "label": "puf"}, {"objectId": 1, "id": 1, "partId": 1, "index": 4, "dominantNormal": [0, -2.220446049250313e-16, 1], "obb": {"axesLengths": [5.09085850973162, 0.2749099669998155, 3.5575666890779467], "centroid": [-0.09544830501419799, -0.04002718244494474, -1.3674549881192668], "normalizedAxes": [-0.5889015793800354, 0.8082047700881958, 1.794575088727592e-16, 0, -2.220446049250313e-16, 1, 0.8082047700881958, 0.5889015793800354, 1.3076241853316692e-16]}, "segments": [2946, 784, 102, 133, 139, 145, 156, 3052, 3325, 3417, 3418, 3429, 3457, 3532, 3683, 3821, 4054, 4119, 4588, 4624, 7523, 7526, 13165, 13177, 13179, 13182, 13203, 18047, 18051, 28620, 31060, 37066, 37663, 37677, 41392, 41525, 42668, 42692, 42704, 42791, 42827, 42867, 42893, 43044, 44293, 44395, 44940, 44978, 45232, 45241, 45360, 50937, 54324, 54327, 55352, 55410, 55416, 55420, 55442, 55449, 55508, 56391, 56399, 56401, 63111, 63455, 63493, 63495, 63621, 63876, 66116, 67044, 69868, 69878, 69900, 44818, 44810], "label": "floor"}, {"objectId": 2, "id": 2, "partId": 2, "index": 5, "dominantNormal": [0.7264293432235718, 0.6872411966323853, 1.5259819999444374e-16], "obb": {"axesLengths": [3.2068124085342373, 2.80479997087717, 0.15915516865027585], "centroid": [0.6813278001511653, 1.6530536324012544, -0.06760002335309978], "normalizedAxes": [-0.6872411966323853, 0.7264293432235718, 1.6129971652202796e-16, 0, -2.220446049250313e-16, 1, 0.7264293432235718, 0.6872411966323853, 1.5259819999444374e-16]}, "segments": [65140, 36856, 37602, 65092, 19700, 20866, 32416, 33113, 34511, 37511, 46165, 46181, 46182, 46192, 46242, 46244, 46256, 46288, 46365, 46376, 46384, 46408, 46428, 46445, 46449, 46456, 46470, 50597, 50614, 50615, 54165, 54220, 54270, 54313, 67080, 67086, 67119, 69443, 69801, 69821, 19791, 45154, 63933], "label": "wall"}, {"objectId": 3, "id": 3, "partId": 3, "index": 6, "dominantNormal": [0.6777269244194031, -0.7353137135505676, -1.6327244302129343e-16], "obb": {"axesLengths": [3.3020641032325186, 2.805149969343468, 0.5205697701428741], "centroid": [-1.7296581942385998, 1.8493473129925722, -0.06742502411995077], "normalizedAxes": [0.7353136539459229, 0.6777269244194031, 1.504856071797629e-16, 0, -2.220446049250313e-16, 1, 0.6777269244194031, -0.7353136539459229, -1.6327242978640363e-16]}, "segments": [16291, 34527, 25154, 38624, 3117, 3139, 3145, 3160, 3176, 15580, 15598, 15600, 15683, 55355, 55357, 55361, 55394, 56546, 56780, 56782, 56786, 56788, 56794, 56796, 56821, 56824, 56827, 60431, 30537, 30440, 16867, 45771, 12288, 20000, 47543, 30482, 56904, 56938, 37752, 15679, 14160, 28672, 63026, 42003, 30518, 41357, 63039, 14530, 63592, 1182, 45926, 47234, 20589, 13928, 9317, 18494], "label": "wall"}, {"objectId": 4, "id": 4, "partId": 4, "index": 7, "dominantNormal": [0.7356925010681152, -0.6773157119750977, -1.5039429967502686e-16], "obb": {"axesLengths": [1.0152747207643957, 2.5695299527899174, 0.21743369169232524], "centroid": [-1.5255744238758453, 1.899743323769925, -0.15476501945931465], "normalizedAxes": [0.6773157119750977, 0.7356925010681152, 1.6335655074597782e-16, 0, -2.220446049250313e-16, 1, 0.7356925010681152, -0.6773157119750977, -1.5039429967502686e-16]}, "segments": [27148, 64568, 13899, 13866, 18286, 66697, 18297, 66556, 46667, 67000, 40227, 18348, 25064, 25088, 27156, 28836, 33798, 34038, 40382, 40707, 40953, 46698, 48464, 51397, 52858, 64077, 64494, 66687, 66709, 66791, 66959, 34059, 34065, 64685, 23166, 34074, 66639, 67055, 40722, 42989, 66655, 42689, 40428, 25204, 64712, 64634, 40224, 46662, 42462, 42894, 63397], "label": "curtain"}, {"objectId": 5, "id": 5, "partId": 5, "index": 8, "dominantNormal": [0.5204789042472839, -0.8538745045661926, -1.8959822702195708e-16], "obb": {"axesLengths": [1.433212832604867, 2.6381699449232965, 0.6709110687088183], "centroid": [-2.487548591328208, 1.3272218953855617, -0.11091495616179037], "normalizedAxes": [0.8538745045661926, 0.5204789042472839, 1.1556953266540136e-16, 0, -2.220446049250313e-16, 1, 0.5204789042472839, -0.8538745045661926, -1.8959822702195708e-16]}, "segments": [52506, 52505, 45759, 70311, 42641, 42888, 43890, 42193, 63948, 1292, 1315, 1333, 1334, 1462, 12852, 12953, 26230, 42067, 42153, 42239, 43243, 43246, 43373, 43587, 44009, 44078, 45416, 45476, 45523, 45543, 45572, 45661, 45706, 45817, 45863, 52017, 52206, 52235, 52331, 54349, 55248, 64417, 64461, 66303, 66504, 68156, 68220, 45586, 9509, 66490, 45380, 12897, 199, 1295, 1553, 1635, 1640, 1664, 9474, 9557, 9580, 9602, 9668, 9670, 12859, 12937, 14649, 20388, 20585, 21662, 21681, 21716, 21741, 26747, 42176, 43459, 43469, 43504, 43514, 43527, 43561, 43595, 43633, 43650, 43653, 43863, 43912, 44538, 44539, 44545, 44567, 44624, 45346, 45458, 45497, 45512, 45737, 45825, 52067, 52150, 54357, 54359, 54368, 54370, 54376, 54388, 54394, 54428, 54435, 54720, 55582, 63525, 63962, 63969, 63972, 63974, 64327, 64343, 64347, 64350, 64378, 64387, 64405, 64416, 64443, 64448, 64454, 66300, 66307, 66310, 66465, 66499, 68151, 45667, 45736, 1806, 1679, 1627, 21051, 22702, 43939, 391, 258, 5079, 7560, 4211, 4003, 24, 30, 233, 245, 293, 304, 321, 330, 355, 364, 365, 373, 380, 406, 417, 438, 470, 473, 492, 503, 536, 545, 550, 554, 559, 563, 566, 603, 607, 611, 616, 618, 621, 638, 647, 663, 674, 678, 693, 694, 717, 721, 757, 776, 777, 809, 820, 1167, 1171, 1198, 1303, 1354, 1361, 1365, 1369, 1389, 1397, 1728, 1774, 1831, 3295, 3509, 3637, 3694, 3695, 3826, 3915, 3932, 4011, 4025, 4070, 4183, 4219, 4233, 4275, 4277, 4280, 4281, 4311, 4321, 4344, 4395, 4402, 4410, 4415, 4419, 4479, 4496, 4502, 4578, 4625, 4735, 4890, 4965, 5055, 5070, 5081, 5114, 5149, 5165, 5181, 5187, 5218, 5219, 5224, 5229, 5233, 5243, 5260, 5265, 5266, 5271, 5292, 5294, 5311, 5330, 8910, 8936, 8947, 8963, 9064, 9146, 9170, 9272, 9330, 9397, 10633, 12075, 12099, 12115, 12176, 13038, 13101, 13155, 13333, 13347, 13367, 13376, 13421, 13453, 13519, 13640, 13651, 13662, 13666, 13670, 13703, 13721, 13742, 13747, 13765, 13774, 13950, 14011, 14044, 14080, 14085, 14228, 14278, 18263, 18440, 19236, 19535, 19539, 19553, 19884, 19921, 20169, 20433, 20875, 20927, 21181, 21303, 21339, 21345, 21375, 21411, 21435, 21462, 21469, 21506, 21643, 21672, 21674, 21676, 21702, 21722, 21735, 21791, 21801, 21829, 21895, 21933, 21934, 21994, 22035, 22044, 22076, 22106, 22153, 22406, 22416, 22421, 22426, 22450, 22522, 22525, 22527, 22539, 22585, 22674, 22745, 26023, 26076, 43259, 43265, 43339, 43367, 43930, 44500, 54355, 54381, 54396, 54398, 54400, 54436, 54459, 54461, 54465, 54472, 54485, 54506, 54510, 54513, 54528, 54529, 54587, 54589, 54617, 54656, 54672, 54675, 54691, 54702, 54742, 54787, 54831, 54833, 54848, 54852, 54856, 54857, 55012, 55059, 55083, 55086, 55091, 55093, 55096, 55115, 55123, 55230, 55236, 55252, 55264, 55287, 55294, 55295, 55304, 55312, 55334, 55339, 55342, 55556, 55569, 56047, 56048, 56099, 56107, 56111, 56118, 56122, 56124, 56135, 56138, 56148, 56155, 56165, 56959, 57030, 57035, 57041, 57216, 57232, 57325, 57326, 57337, 57349, 57370, 57380, 57387, 57458, 57459, 57512, 57517, 57520, 57844, 57931, 58045, 58047, 58051, 58057, 64258, 64260, 64377, 66319, 66895, 54991, 3748, 4757, 4251, 4903, 1572, 1590, 3216, 3259, 3321, 3339, 3360, 3387, 3397, 3401, 3406, 3410, 3471, 3483, 4153, 4544, 4765, 4791, 4816, 4825, 4832, 4865, 4878, 4915, 4953, 9225, 9294, 9338, 13143, 13197, 14173, 20259, 20338, 20360, 20625, 20857, 22536, 54379, 54390, 54722, 54820, 54842, 55044, 55081, 55112, 56101, 56186, 57503], "label": "window"}, {"objectId": 6, "id": 6, "partId": 6, "index": 9, "dominantNormal": [0.7279771566390991, 0.6856013536453247, 1.522340817062428e-16], "obb": {"axesLengths": [4.919954846811024, 2.789509949322566, 0.5333024875265278], "centroid": [-1.112101465452287, -0.930849131226871, -0.07892502481657915], "normalizedAxes": [-0.6856013536453247, 0.7279771566390991, 1.616434001403764e-16, 0, -2.220446049250313e-16, 1, 0.7279771566390991, 0.6856013536453247, 1.522340817062428e-16]}, "segments": [54199, 44906, 5014, 6480, 6518, 7897, 8025, 8062, 8064, 8121, 8348, 8541, 12395, 12468, 12687, 12692, 13490, 14025, 16009, 16069, 16100, 16108, 16234, 16240, 16276, 16289, 16290, 16308, 16520, 16553, 16588, 16591, 16594, 16635, 16677, 16699, 16715, 16769, 16796, 16855, 16856, 16887, 17004, 17062, 17119, 17175, 17211, 17226, 17258, 17313, 17362, 17379, 17426, 18566, 25971, 45389, 46237, 54236, 55460, 55468, 56081, 56087, 56407, 56420, 56422, 56424, 56444, 56448, 56491, 56497, 56538, 56571, 56574, 56577, 56630, 56705, 56711, 56750, 65489, 65649, 65732, 32426, 11244, 17286, 65828, 18708, 36942, 36408, 8656, 41390, 36687, 49490, 10123, 10890, 10363, 37006, 21387, 10946, 15950, 63752, 10222, 40672, 33364, 22693, 10390, 49976, 44793, 65017, 10165, 45070, 65008, 44743, 44813, 66044, 44992], "label": "wall"}, {"objectId": 7, "id": 7, "partId": 7, "index": 10, "dominantNormal": [0.7440688610076904, 0.6681029200553894, 1.4834864893295872e-16], "obb": {"axesLengths": [0.8457092719111852, 0.49999997392296824, 0.1579653938661082], "centroid": [-1.7413844386303083, -0.4486991719927953, 0.13999997697770605], "normalizedAxes": [-0.6681029200553894, 0.7440688610076904, 1.6521647627947065e-16, 0, -2.220446049250313e-16, 1, 0.7440688610076904, 0.6681029200553894, 1.4834864893295872e-16]}, "segments": [17131, 13515, 15116, 15238, 15264, 17035, 17048, 17060, 17112, 17142, 17194, 17229, 43110, 56755, 57015, 57017, 15216, 15147, 15160, 15180, 15265, 23976, 58081, 23815, 23841, 23855, 23943, 58099, 58100, 64177, 15371, 18505, 23757, 23770, 23785, 23789, 23932, 24115, 24226, 24360, 27077, 38457, 38619, 46297, 58108, 58955, 61120, 64214, 64216, 64219, 64224, 15286, 38510, 15262, 15274, 17067, 17190, 18506, 18533, 38365, 38367, 60982, 58112, 64233, 23981, 39049, 43176, 38378, 23964, 58105, 17144, 43167, 43206, 63241, 63245, 38339], "label": "tv"}, {"objectId": 8, "id": 8, "partId": 8, "index": 11, "dominantNormal": [0.7316325306892395, 0.6816992163658142, 1.5136763317565065e-16], "obb": {"axesLengths": [2.2032573245965263, 0.8199999447166931, 0.47837397424324773], "centroid": [-1.4705173156997278, -0.4815694460321396, -0.7399999911338091], "normalizedAxes": [-0.6816992163658142, 0.7316325306892395, 1.6245505622719303e-16, 0, -2.220446049250313e-16, 1, 0.7316325306892395, 0.6816992163658142, 1.5136763317565065e-16]}, "segments": [23405, 60220, 60754, 23619, 31753, 31826, 33210, 36657, 58185, 58397, 11096, 11100, 11123, 11151, 11178, 11197, 11307, 23369, 27335, 27393, 31738, 36738, 36744, 36749, 36758, 36764, 36772, 36789, 36791, 51636, 55855, 55904, 55910, 55916, 55931, 61163, 61166, 70065, 70079, 70103, 60513, 34109, 34112, 51608, 60397, 34139, 33253, 5725, 6604, 6661, 8586, 14412, 33186, 36390, 36711, 41234, 55515, 55521, 60407, 60585, 8097, 8493, 51666, 3279, 60774, 32387, 35310, 36671], "label": "shelf"}, {"objectId": 9, "id": 9, "partId": 9, "index": 12, "dominantNormal": [0.7138224840164185, 0.700326681137085, 1.555037612315424e-16], "obb": {"axesLengths": [1.0315556143778883, 0.9799999673664572, 0.3711767707563545], "centroid": [-0.8084095756737765, -1.2160339464491563, 0.13999998442828665], "normalizedAxes": [-0.700326681137085, 0.7138224840164185, 1.585004314500301e-16, 0, -2.220446049250313e-16, 1, 0.7138224840164185, 0.700326681137085, 1.555037612315424e-16]}, "segments": [14355, 59482, 14313, 30134, 23926], "label": "rack"}, {"objectId": 10, "id": 10, "partId": 10, "index": 13, "dominantNormal": [0, -2.220446049250313e-16, 1], "obb": {"axesLengths": [1.0466869375644285, 0.07999998152256049, 0.4316102630357877], "centroid": [-0.7694982749619217, -1.1482208917369072, 0.5899999773502351], "normalizedAxes": [-0.64146888256073, 0.767149031162262, 1.70341303543045e-16, 0, -2.220446049250313e-16, 1, 0.767149031162262, 0.64146888256073, 1.424347045998986e-16]}, "segments": [27991, 19454, 19053, 19079], "label": "shelf"}, {"objectId": 11, "id": 11, "partId": 11, "index": 14, "dominantNormal": [0.7441143989562988, 0.6680522561073303, 1.48337399276628e-16], "obb": {"axesLengths": [0.6721456362501934, 0.8957269885601027, 0.2761498880049467], "centroid": [-0.6190064191862483, -1.3589651597520565, -0.17786350262470174], "normalizedAxes": [-0.6680522561073303, 0.7441143989562988, 1.652265877352785e-16, 0, -2.220446049250313e-16, 1, 0.7441143989562988, 0.6680522561073303, 1.48337399276628e-16]}, "segments": [30209, 34251, 64003, 34425, 30230, 22084, 30092, 30095, 30133, 30153, 30177, 30186, 42524, 59565, 59570, 22118, 24731, 34459, 60875, 64035], "label": "clothes"}, {"objectId": 12, "id": 12, "partId": 12, "index": 15, "dominantNormal": [0.8420370221138, -0.5394197702407837, -1.1977524977186598e-16], "obb": {"axesLengths": [1.85457268028076, 2.4211339409395904, 0.25783143769129], "centroid": [1.0686832731888258, -0.3010334244397532, -0.3446229749629728], "normalizedAxes": [0.5394197702407837, 0.8420370221138, 1.8696977790750858e-16, 0, -2.220446049250313e-16, 1, 0.8420370221138, -0.5394197702407837, -1.1977524977186598e-16]}, "segments": [48689, 4895, 55453, 55659, 55660, 49749, 7328, 7434, 53074, 55667, 55714, 54102, 71178, 37928, 71011, 4189, 4195, 4197, 4749, 7394, 37620, 37853, 55451, 69351, 49630, 28378, 30315, 28751, 68255, 48597, 53494, 29825, 53485, 71400, 49204, 29382, 50577], "label": "door"}, {"objectId": 13, "id": 13, "partId": 13, "index": 16, "dominantNormal": [0.8937340378761292, -0.44859716296195984, -9.960857982037826e-17], "obb": {"axesLengths": [2.221091629353251, 2.465319936007559, 0.8458947005455781], "centroid": [1.214866926169967, -0.38235429405544025, -0.0026599894614522945], "normalizedAxes": [0.4485971927642822, 0.8937340378761292, 1.9844882134825806e-16, 0, -2.220446049250313e-16, 1, 0.8937340378761292, -0.4485971927642822, -9.960858643782316e-17]}, "segments": [30992, 68090, 50836, 20555, 48524, 68028, 48457, 29179, 20642, 20650, 28558, 28745, 28792, 28816, 28828, 28885, 28894, 28948, 29021, 29070, 29124, 29129, 29157, 29162, 29168, 47079, 47090, 47103, 47107, 47164, 48462, 48467, 48486, 48521, 48569, 48855, 48878, 48914, 48983, 58730, 58738, 67341, 67918, 67919, 67921, 67945, 45247, 20922, 28779, 28787, 28976, 48879, 48937, 48955, 49496, 58719, 68227, 68232, 28891, 47655, 7146, 7149, 7166, 7234, 7242, 7244, 7256, 7259, 7263, 7269, 7283, 7357, 7380, 20140, 20179, 20193, 20242, 20255, 21010, 21028, 23439, 23445, 23452, 23454, 23459, 23492, 23497, 23508, 23520, 24059, 24394, 24411, 24417, 24424, 24437, 24446, 24448, 24471, 24473, 28426, 28434, 28486, 28845, 29527, 29591, 30478, 30935, 31142, 31225, 31474, 31480, 31535, 31545, 32490, 32521, 32569, 32663, 32899, 33463, 33464, 39889, 39919, 40300, 40319, 40515, 40531, 40544, 40550, 40621, 40759, 40770, 40771, 40790, 40811, 40812, 40820, 40867, 40872, 41511, 41515, 43778, 44504, 46804, 46824, 46854, 46869, 46919, 47327, 47455, 47504, 47607, 47635, 47637, 47777, 47857, 47866, 47974, 47979, 48439, 48454, 48475, 49206, 49248, 49262, 49268, 49271, 49295, 49313, 49423, 49428, 49647, 49737, 49842, 49843, 50456, 50468, 50490, 50527, 50554, 50559, 51026, 51041, 51078, 51171, 51196, 51262, 51265, 51286, 51314, 51376, 51380, 51447, 52578, 52593, 52631, 52914, 53269, 53333, 53406, 53436, 53519, 54016, 54332, 54337, 54339, 54341, 54344, 54347, 55629, 55631, 55636, 55644, 55652, 55656, 58060, 58061, 58063, 58067, 58190, 58195, 58197, 58200, 58203, 58276, 58279, 58283, 58289, 58292, 58294, 58299, 58303, 58309, 58985, 58989, 59056, 59135, 59143, 61198, 61202, 63377, 63389, 63409, 63412, 63417, 63422, 63425, 64945, 64970, 64974, 64980, 64987, 64994, 65000, 65039, 67089, 67218, 67319, 67332, 67335, 67474, 67475, 67478, 67481, 67487, 67513, 67629, 67889, 67897, 67906, 68271, 68277, 68298, 68324, 68327, 68331, 68748, 68764, 68863, 68879, 68910, 69310, 70435, 70952, 70977, 71006, 71288, 71376, 71428], "label": "wall"}, {"objectId": 14, "id": 14, "partId": 14, "index": 17, "dominantNormal": [-0.6524996757507324, -0.7577889561653137, -1.6826294938827895e-16], "obb": {"axesLengths": [1.2022358078184574, 2.6745999453678726, 0.27339612733844526], "centroid": [1.052269500052848, -1.393246348128546, -0.19269997754618617], "normalizedAxes": [0.7577889561653137, -0.6524996757507324, -1.448840327157824e-16, 0, -2.220446049250313e-16, 1, -0.6524996757507324, -0.7577889561653137, -1.6826294938827895e-16]}, "segments": [34695, 66193, 44110, 63505, 62991, 39498, 20254, 70661, 23730], "label": "wall"}, {"objectId": 15, "id": 15, "partId": 15, "index": 18, "dominantNormal": [0.7194042801856995, -0.6945915818214417, -1.5423031336979457e-16], "obb": {"axesLengths": [1.659673469289998, 2.8352099023339905, 0.31156068084323996], "centroid": [0.9814857732248417, -2.2366691119351803, -0.10760505070675053], "normalizedAxes": [0.6945915818214417, 0.7194042801856995, 1.5973983917521017e-16, 0, -2.220446049250313e-16, 1, 0.7194042801856995, -0.6945915818214417, -1.5423031336979457e-16]}, "segments": [18638, 41548, 18603, 18655, 36583, 67417, 38873, 38952, 69642, 23831, 58219, 32001, 38871, 47334, 19787, 21444, 22770, 69720], "label": "wall"}, {"objectId": 16, "id": 16, "partId": 16, "index": 19, "dominantNormal": [0.7067346572875977, -0.7074787020683289, -1.57091828893636e-16], "obb": {"axesLengths": [0.8735002218682778, 0.29029005117066076, 0.22312852187805304], "centroid": [0.8137802028302961, -2.314527152972528, 0.9751449773055687], "normalizedAxes": [0.7074787020683289, 0.7067346572875977, 1.5692661776425202e-16, 0, -2.220446049250313e-16, 1, 0.7067346572875977, -0.7074787020683289, -1.57091828893636e-16]}, "segments": [63066, 39348, 21337, 4409, 39767, 63090, 39772], "label": "air conditioner"}, {"objectId": 17, "id": 17, "partId": 17, "index": 20, "dominantNormal": [0.7077589631080627, -0.7064539790153503, -1.5686429466817982e-16], "obb": {"axesLengths": [1.291713088551726, 2.0999999769031996, 0.09230008648213582], "centroid": [0.9064222462787974, -2.3351131541316663, -0.40000003986060517], "normalizedAxes": [0.7064539790153503, 0.7077589631080627, 1.571540593454796e-16, 0, -2.220446049250313e-16, 1, 0.7077589631080627, -0.7064539790153503, -1.5686429466817982e-16]}, "segments": [42401, 39876, 16332, 16881, 50008, 51144, 50006, 51133, 69707, 69482], "label": "door"}, {"objectId": 18, "id": 18, "partId": 18, "index": 21, "dominantNormal": [0, -2.220446049250313e-16, 1], "obb": {"axesLengths": [5.309939311626993, 0.17473995295003097, 3.8102677003231724], "centroid": [-0.1248068444318301, -0.01461266076840656, 1.290619987086504], "normalizedAxes": [-0.5426638126373291, 0.8399499654769897, 1.8650635824113187e-16, 0, -2.220446049250313e-16, 1, 0.8399499654769897, 0.5426638126373291, 1.2049557188416695e-16]}, "segments": [52283, 27540, 11248, 17679, 25625, 25627, 58170, 49724, 46740, 13770, 13794, 13796, 15396, 32968, 56475, 56478, 56886, 68629, 46706, 10610, 11232, 19145, 25029, 47872, 48913, 36606, 12989, 13522, 13568, 17984, 46533, 47846, 56464, 12768, 36810, 26821], "label": "ceiling"}, {"objectId": 19, "id": 19, "partId": 19, "index": 22, "dominantNormal": [0, -2.220446049250313e-16, 1], "obb": {"axesLengths": [2.656724595375959, 0.932789006841428, 2.724732982833147], "centroid": [-0.19084642742112445, 1.13419913527558, -0.961375496282231], "normalizedAxes": [0.9699100852012634, 0.2434634119272232, 5.405973711508043e-17, 0, -2.220446049250313e-16, 1, 0.2434634119272232, -0.9699100852012634, -2.15363301681318e-16]}, "segments": [42630, 14111, 43086, 41300, 33702, 27443, 30766, 39226, 70173, 6707, 20979, 21831, 22606, 27400, 547, 19595, 60144, 27365, 60065, 21113, 6696, 26271, 3730, 13334, 13350, 13382, 16556, 20984, 23020, 23030, 24280, 26326, 40006, 40010, 40019, 43423, 56429, 57455, 58167, 58684, 58723, 59343, 59847, 59998, 20990, 3014, 2099, 63181, 2343, 3551, 20071, 3512, 3009, 3261, 63719, 3265, 3281, 20411, 59193, 39156, 3, 13196], "label": "bed"}, {"objectId": 20, "id": 20, "partId": 20, "index": 23, "dominantNormal": [0, -2.220446049250313e-16, 1], "obb": {"axesLengths": [0.6426713800331958, 0.12000000208616232, 0.19395921944145697], "centroid": [1.261542030795442, 0.7563504952189486, -0.9100000189244742], "normalizedAxes": [-0.7011211514472961, 0.713042140007019, 1.583271602727574e-16, 0, -2.220446049250313e-16, 1, 0.713042140007019, 0.7011211514472961, 1.5568016907769791e-16]}, "segments": [20464, 40702, 40871], "label": "nightstand"}, {"objectId": 21, "id": 21, "partId": 21, "index": 24, "dominantNormal": [-0.6965904235839844, -0.7174689769744873, -1.5931011553826642e-16], "obb": {"axesLengths": [2.8215504057749965, 0.9665700428209443, 0.42126915698681977], "centroid": [0.6048656753716555, 1.521568845062603, -0.6932850231986114], "normalizedAxes": [0.7174689769744873, -0.6965904235839844, -1.5467414539926602e-16, 0, -2.220446049250313e-16, 1, -0.6965904235839844, -0.7174689769744873, -1.5931011553826642e-16]}, "segments": [24195, 67153, 59275, 19627, 19597, 19666, 57001, 59317, 29270, 14785, 21588, 21115, 59205, 21065, 67804, 46584, 47708, 47757, 46407, 16579, 57492, 58672, 16606, 16569, 26301], "label": "upholstered wall"}, {"objectId": 23, "id": 23, "partId": 23, "index": 26, "dominantNormal": [0.8795056939125061, -0.47588837146759033, -1.0566844543093764e-16], "obb": {"axesLengths": [0.28137481584934454, 0.2999999903142453, 0.15054644211954643], "centroid": [-0.12462192603674793, 2.3280566680227572, -0.02000001586973643], "normalizedAxes": [0.4758884012699127, 0.8795056939125061, 1.9528949433411793e-16, 0, -2.220446049250313e-16, 1, 0.8795056939125061, -0.4758884012699127, -1.0566845204838254e-16]}, "segments": [63558, 30803, 39068, 62936, 37149, 39113], "label": "lamp"}, {"objectId": 24, "id": 24, "partId": 24, "index": 27, "dominantNormal": [0.5777128338813782, -0.816240131855011, -1.8124171760170138e-16], "obb": {"axesLengths": [0.27994689533556555, 0.2999999903142453, 0.1685150666221119], "centroid": [1.072547360143676, 1.0869684119371528, -0.02000001586973643], "normalizedAxes": [0.8162400722503662, 0.5777128338813782, 1.2827801795931086e-16, 0, -2.220446049250313e-16, 1, 0.5777128338813782, -0.8162400722503662, -1.8124170436681158e-16]}, "segments": [31507, 22183, 60445, 22284, 60451, 58142, 22215], "label": "lamp"}, {"objectId": 25, "id": 25, "partId": 25, "index": 28, "dominantNormal": [0.9178001880645752, -0.39704254269599915, -8.8161154531363e-17], "obb": {"axesLengths": [0.4113245335649481, 0.42326997764550195, 0.4437869395131036], "centroid": [0.7681652048956584, 0.7763234301467743, -1.2016349892697855], "normalizedAxes": [0.9178001880645752, -0.39704254269599915, -8.8161154531363e-17, 0, -2.220446049250313e-16, 1, -0.39704254269599915, -0.9178001880645752, -2.0379258015891803e-16]}, "segments": [3936, 31195, 31112, 44309, 4044], "label": "backpack"}, {"objectId": 26, "id": 26, "partId": 26, "index": 29, "dominantNormal": [0.659665584564209, -0.7515592575073242, -1.6687967841096368e-16], "obb": {"axesLengths": [0.4471569224966795, 0.4807500135730945, 0.35556297050048635], "centroid": [1.0588299170794622, 0.6465276023000837, -1.1923849744561688], "normalizedAxes": [0.7515592575073242, 0.659665584564209, 1.4647518410719962e-16, 0, -2.220446049250313e-16, 1, 0.659665584564209, -0.7515592575073242, -1.6687967841096368e-16]}, "segments": [44279, 51709, 64762, 67972, 67979, 51785, 41582, 61825, 61828, 62925, 62974, 67949, 67952, 41611, 41661, 44289, 3901, 3904, 3952, 41771, 41849, 41862, 51625, 61814, 67848, 42313, 41513, 39315], "label": "backpack"}, {"objectId": 27, "id": 27, "partId": 27, "index": 30, "dominantNormal": [0.8453003764152527, -0.5342913866043091, -1.1863651985340098e-16], "obb": {"axesLengths": [0.6053874267729846, 0.8872980277099151, 0.3105282878515628], "centroid": [1.438259172827141, 0.44381370344097093, -0.9857009857363774], "normalizedAxes": [0.5342913866043091, 0.8453003764152527, 1.8769438812410504e-16, 0, -2.220446049250313e-16, 1, 0.8453003764152527, -0.5342913866043091, -1.1863651985340098e-16]}, "segments": [50633, 48991, 68358, 51040, 47829], "label": "roll"}, {"objectId": 28, "id": 28, "partId": 28, "index": 31, "dominantNormal": [-0.04205494746565819, -0.9991152882575989, -2.2184815945571731e-16], "obb": {"axesLengths": [0.4611259413089979, 0.4229379797815236, 0.4208746010759765], "centroid": [1.358842314582224, 0.7207224445497333, -0.7385309899926707], "normalizedAxes": [0.9991152882575989, -0.042054951190948486, -9.338075022335632e-18, 0, -2.220446049250313e-16, 1, -0.042054951190948486, -0.9991152882575989, -2.2184815945571731e-16]}, "segments": [50835, 54186, 41134, 41169, 54175, 41258, 69289, 54053, 54285, 69423, 46499, 46325, 69278, 47804, 47976, 67087, 47762, 67094, 46347, 67494, 47982, 47988, 51232], "label": "box"}, {"objectId": 29, "id": 29, "partId": 29, "index": 32, "dominantNormal": [0.9651080965995789, 0.2618517279624939, 5.814276348436873e-17], "obb": {"axesLengths": [0.3914476201676945, 0.4799999487400064, 0.2887395262073039], "centroid": [1.1556010430467802, 0.9511288488466685, -0.78999998703599], "normalizedAxes": [-0.2618517279624939, 0.9651080965995789, 2.1429704601940244e-16, 0, -2.220446049250313e-16, 1, 0.9651080965995789, 0.2618517279624939, 5.814276348436873e-17]}, "segments": [41116, 41145, 67137, 44616], "label": "bag"}, {"objectId": 30, "id": 30, "partId": 30, "index": 33, "dominantNormal": [-0.6652241945266724, -0.7466436624526978, -1.657881970490877e-16], "obb": {"axesLengths": [0.6170637664011909, 0.3400000257790081, 0.26246916757338506], "centroid": [0.7210689404141384, 1.3792147724430053, -0.6800000049918887], "normalizedAxes": [0.7466436624526978, -0.6652241945266724, -1.4770944346024714e-16, 0, -2.220446049250313e-16, 1, -0.6652241945266724, -0.7466436624526978, -1.657881970490877e-16]}, "segments": [21237, 58321, 21278], "label": "pillow"}, {"objectId": 31, "id": 31, "partId": 31, "index": 34, "dominantNormal": [0, -2.220446049250313e-16, 1], "obb": {"axesLengths": [0.5503526859051436, 0.4322069786740766, 0.4738387862640663], "centroid": [0.29264312040319607, 1.6538165021750384, -0.6424894915709756], "normalizedAxes": [-0.6746569871902466, 0.7381314039230347, 1.6389809596684894e-16, 0, -2.220446049250313e-16, 1, 0.7381314039230347, 0.6746569871902466, 1.498039441805702e-16]}, "segments": [24934, 28534, 59411, 21813, 58128, 58979, 59640, 24738], "label": "pillow"}, {"objectId": 32, "id": 32, "partId": 32, "index": 35, "dominantNormal": [0.8484117984771729, 0.5293368101119995, 1.1753638287359525e-16], "obb": {"axesLengths": [0.4133008586996496, 0.3400000257790081, 0.20619937039036387], "centroid": [0.11910347809796307, 2.0425606471976057, -0.6800000049918887], "normalizedAxes": [-0.5293368101119995, 0.8484117984771729, 1.8838526260659912e-16, 0, -2.220446049250313e-16, 1, 0.8484117984771729, 0.5293368101119995, 1.1753638287359525e-16]}, "segments": [24254, 60004], "label": "pillow"}, {"objectId": 33, "id": 33, "partId": 33, "index": 36, "dominantNormal": [0, -2.220446049250313e-16, 1], "obb": {"axesLengths": [0.7513844487924817, 0.28049992888048436, 0.29315023891191405], "centroid": [1.2418339157433713, 0.7893573480196223, -1.1302499648872766], "normalizedAxes": [0.7289679050445557, -0.6845478415489197, -1.520001550290128e-16, 0, -2.220446049250313e-16, 1, -0.6845478415489197, -0.7289679050445557, -1.618633904786461e-16]}, "segments": [53204, 43978, 42370, 68769, 68822, 41934, 52934], "label": "nightstand"}, {"objectId": 34, "id": 34, "partId": 34, "index": 37, "dominantNormal": [0.45420604944229126, -0.8908966779708862, -1.9781880088906828e-16], "obb": {"axesLengths": [0.31653825139869607, 0.29452139598455873, 0.20575657827979402], "centroid": [-2.0900256365123937, 0.10467263103608382, -0.19027731142318305], "normalizedAxes": [0.8908966779708862, 0.45420601963996887, 1.008539961855279e-16, 0, -2.220446049250313e-16, 1, 0.45420601963996887, -0.8908966779708862, -1.9781880088906828e-16]}, "segments": [30859, 30855, 59763, 30901, 59784, 579], "label": "lamp"}, {"objectId": 35, "id": 35, "partId": 35, "index": 38, "dominantNormal": [0, -2.220446049250313e-16, 1], "obb": {"axesLengths": [0.3301921646064468, 0.1300129861381727, 0.22915149962577724], "centroid": [-2.0452555145047513, 0.18431727056021152, -0.7049934836851025], "normalizedAxes": [0.9999260902404785, 0.012157746590673923, 2.6995620385048377e-18, 0, -2.220446049250313e-16, 1, 0.012157746590673923, -0.9999260902404785, -2.2202819366167826e-16]}, "segments": [51408, 70081, 51469, 51574, 70019, 70023, 70074], "label": "telephone"}, {"objectId": 36, "id": 36, "partId": 36, "index": 39, "dominantNormal": [0, -2.220446049250313e-16, 1], "obb": {"axesLengths": [0.7791426509998004, 0.2486780230251398, 0.47327097770148224], "centroid": [-0.7135844187988922, -1.2012521970644834, 0.7256609802917917], "normalizedAxes": [-0.6487869024276733, 0.7609701156616211, 1.6896930869184004e-16, 0, -2.220446049250313e-16, 1, 0.7609701156616211, 0.6487869024276733, 1.4405963143008756e-16]}, "segments": [14691, 57066, 57096, 14708, 14733, 15745, 17550, 9457], "label": "blanket"}], "scan_id": "48699c02-d4a2-2f10-81c3-552d06ffcbb8", "annId": "4449", "appId": "stk.v1"}