{"segGroups": [{"objectId": 11, "id": 11, "partId": 11, "index": 0, "dominantNormal": [0.9898937344551086, 0.1418110579252243, 3.148838033100716e-17], "obb": {"axesLengths": [2.8296412699460496, 0.8800000351667392, 0.23269902047268726], "centroid": [1.4924607503175809, 1.8739384908378698, 1.1499999001622192], "normalizedAxes": [-0.1418110579252243, 0.9898937344551086, 2.1980056318484845e-16, 0, -2.220446049250313e-16, 1, 0.9898937344551086, 0.1418110579252243, 3.148838033100716e-17]}, "segments": [4722, 6956, 11233, 3168, 4810, 24422, 3201, 1341, 2287, 4885, 5207, 5134, 5017], "label": "wall"}, {"objectId": 1, "id": 1, "partId": 1, "index": 1, "dominantNormal": [0, -2.220446049250313e-16, 1], "obb": {"axesLengths": [5.6759823721918305, 0.25971996203690867, 3.8379545154973727], "centroid": [-0.0027279892101760017, 1.6734697695100023, -1.2801400341807312], "normalizedAxes": [0.968692421913147, -0.24826394021511078, -5.5125668522195865e-17, 0, -2.220446049250313e-16, 1, -0.24826394021511078, -0.968692421913147, -2.1509292611757646e-16]}, "segments": [1197, 2228, 9433, 15637, 11597, 9944, 9195, 9368, 9515, 9554, 9601, 9710, 9718, 10237, 10345, 10368, 10669, 10720, 10724, 12515, 13644, 13646, 13873, 14629, 14632, 18948, 19169, 19403, 23539, 26238, 26245, 26307, 26309, 26313, 26401, 27204, 31338, 31341, 31805, 32352, 32355, 12803, 20070, 10150, 19279, 8271, 5348, 5395, 22678], "label": "floor"}, {"objectId": 2, "id": 2, "partId": 2, "index": 2, "dominantNormal": [0.7324861288070679, 0.6807819604873657, 1.511639614565054e-16], "obb": {"axesLengths": [1.0768827148329099, 0.947341957375214, 0.8364751518504728], "centroid": [-0.36221438673940193, 1.6868550469402954, -0.84302905366505], "normalizedAxes": [-0.6807819604873657, 0.7324861288070679, 1.6264459308403098e-16, 0, -2.220446049250313e-16, 1, 0.7324861288070679, 0.6807819604873657, 1.511639614565054e-16]}, "segments": [20838, 31841, 10754, 20238, 18595, 18423, 18345, 18822, 21837, 21759, 13195, 13234, 13246, 13266, 13296, 13298, 13309, 13467, 14320, 14337, 14403, 14431, 14448, 14472, 14478, 15141, 15167, 18383, 18403, 18429, 18439, 18664, 18844, 18893, 19161, 21745, 23479, 26797, 26800, 27149, 27508, 27547, 27567, 27648, 27690, 30087, 11668, 15162, 10777, 11633, 11684, 17345, 18756, 21467, 23554, 23838, 20736, 31821], "label": "armchair"}, {"objectId": 3, "id": 3, "partId": 3, "index": 3, "dominantNormal": [0.31731581687927246, -0.9483199119567871, -2.1056932019298527e-16], "obb": {"axesLengths": [0.5061886745144091, 0.3825729999861192, 0.33343206886977234], "centroid": [-0.3257059090590515, 1.736355714831129, -0.7867455511522559], "normalizedAxes": [0.9483199119567871, 0.31731581687927246, 7.045826519542163e-17, 0, -2.220446049250313e-16, 1, 0.31731581687927246, -0.9483199119567871, -2.1056932019298527e-16]}, "segments": [15290, 15264, 13176, 28767, 13202], "label": "pillow"}, {"objectId": 4, "id": 4, "partId": 4, "index": 4, "dominantNormal": [0, -2.220446049250313e-16, 1], "obb": {"axesLengths": [0.5128355906533246, 0.42771898744138337, 0.4816970929716135], "centroid": [0.39876562661738857, 2.216111470726955, -0.8809205301645295], "normalizedAxes": [0.8784324526786804, -0.477866530418396, -1.061076849536482e-16, 0, -2.220446049250313e-16, 1, -0.477866530418396, -0.8784324526786804, -1.9505118690836385e-16]}, "segments": [27815, 18651, 29393, 17060, 20872, 20963, 30739, 30721, 29537, 16901, 20913, 22826, 22892, 30749, 29349, 17186], "label": "side table"}, {"objectId": 5, "id": 5, "partId": 5, "index": 5, "dominantNormal": [0.9987158179283142, 0.050662774592638016, 1.1249395768828222e-17], "obb": {"axesLengths": [1.3899789997073526, 2.086069894893394, 0.6195120270471124], "centroid": [1.1849549130298787, 2.351217457639071, -0.2930350443042451], "normalizedAxes": [-0.050662774592638016, 0.9987158179283142, 2.2175945922427203e-16, 0, -2.220446049250313e-16, 1, 0.9987158179283142, 0.050662774592638016, 1.1249395768828222e-17]}, "segments": [24091, 24112, 4755, 15372, 27362, 25659, 1894, 28877, 1163, 18467, 28712, 1942, 7854, 15092, 19505, 7355, 6882, 1243, 27736, 19240, 1211, 27908, 661, 12193, 25216, 1295, 1850, 1858, 5132, 6913, 6939, 6951, 6962, 7864, 7996, 14753, 15587, 16225, 17279, 17302, 18013, 18016, 18498, 18505, 18551, 19212, 19228, 19582, 24544, 24547, 24577, 25694, 25926, 27118, 27388, 27442, 27694, 27695, 27919, 28669, 28839, 18311, 1581, 7315, 14294, 14325, 593], "label": "cupboard"}, {"objectId": 6, "id": 6, "partId": 6, "index": 6, "dominantNormal": [0.17673704028129578, -0.9842581152915955, -2.1854920435417823e-16], "obb": {"axesLengths": [1.8214545495872179, 2.4141899999784666, 0.33750946603003396], "centroid": [-0.22515227849470826, 2.875242746919959, -0.13709505154725243], "normalizedAxes": [0.9842581152915955, 0.17673704028129578, 3.9243506284879665e-17, 0, -2.220446049250313e-16, 1, 0.17673704028129578, -0.9842581152915955, -2.1854920435417823e-16]}, "segments": [25778, 6731, 25761, 7472, 9463, 6112, 25828, 22123, 12100, 12103, 11643, 31224, 14173, 14168, 16055, 16193, 16166, 11847, 11836, 12989, 31483, 26157, 26197, 12802, 12377, 19024, 22739, 15000, 14994, 15004, 5144, 5939, 5264, 25581, 25531, 9430, 5184, 5462, 5727, 5855, 5990, 6005, 6170, 6211, 6212, 6266, 6287, 6293, 6343, 6452, 6632, 6639, 6985, 7093, 7128, 7147, 7188, 7482, 7571, 7572, 7574, 7771, 8825, 8878, 8926, 9001, 9446, 11162, 11489, 11545, 11576, 11735, 11750, 11825, 11975, 12009, 12173, 12249, 12331, 12748, 12992, 13020, 13050, 13489, 13690, 14859, 14911, 15911, 16045, 16641, 16730, 19525, 19840, 22063, 22100, 23010, 23025, 23032, 25374, 25429, 25460, 25466, 25491, 25519, 25572, 25606, 25722, 25723, 25853, 25860, 25881, 26149, 26584, 26593, 26671, 26682, 27125, 28186, 28189, 28461, 28730, 30090, 30603, 30707, 31050, 31096, 31287, 31362, 31394, 31546, 31586, 31620, 8092, 7219, 7391, 11216, 12200, 12317, 13753, 21471, 22507, 27703, 29035, 7138, 5222, 5467, 5650, 5765, 5899, 5936, 6034, 6103, 6232, 6334, 6501, 6693, 6793, 6809, 6814, 6868, 6991, 7036, 7045, 7215, 7358, 7455, 7670, 7704, 7716, 7738, 7739, 7792, 8158, 8164, 8234, 8244, 8272, 8285, 8323, 8333, 8481, 8556, 8569, 8576, 8638, 8653, 8657, 8696, 8897, 8916, 8938, 8954, 9170, 9222, 9482, 11106, 11142, 11187, 11203, 11428, 11459, 11969, 11996, 12007, 12051, 12107, 12141, 12221, 12251, 12274, 12275, 12314, 12770, 12780, 12816, 12898, 12928, 12935, 13277, 13800, 13931, 13976, 14036, 14119, 15522, 16424, 16439, 16446, 16674, 17758, 17825, 17828, 17851, 17867, 18274, 22459, 22563, 22901, 22937, 22970, 22974, 23060, 23066, 25556, 25646, 25710, 25743, 25922, 25932, 25982, 26031, 26053, 26090, 26153, 26230, 26252, 26262, 26496, 26586, 26706, 26817, 27090, 27421, 27701, 27756, 28127, 28131, 28194, 28366, 28390, 28473, 28507, 28613, 30980, 31360, 31388, 5616, 13410, 13219, 14982, 25358], "label": "shelf"}, {"objectId": 7, "id": 7, "partId": 7, "index": 7, "dominantNormal": [0.16558179259300232, -0.9861960411071777, -2.1897951032627322e-16], "obb": {"axesLengths": [3.8225155141339897, 2.619999946206808, 0.3207319876529372], "centroid": [-0.6261913783968284, 2.8938419982879777, -0.06000008113682287], "normalizedAxes": [0.9861960411071777, 0.16558179259300232, 3.6766543719091675e-17, 0, -2.220446049250313e-16, 1, 0.16558179259300232, -0.9861960411071777, -2.1897951032627322e-16]}, "segments": [8056, 7328, 11728, 22291, 14224, 3016, 4708, 4698, 4455, 25172, 4062, 25112, 4419, 4059, 15006, 18999, 18937, 3765, 4068, 4198, 4405, 4431, 4468, 4501, 8838, 17393, 18302, 18997, 19021, 19044, 20135, 22761, 22764, 25028, 25126, 25137, 25139, 25142, 25201, 27878, 29354, 15530, 19009, 23765, 4280, 2593], "label": "wall"}, {"objectId": 8, "id": 8, "partId": 8, "index": 8, "dominantNormal": [0.19543777406215668, -0.9807161092758179, -2.177627210277628e-16], "obb": {"axesLengths": [1.4067501193739904, 1.259799944017828, 0.3643608225058182], "centroid": [-2.126000542372999, 2.6169912073050963, -0.7399000490479177], "normalizedAxes": [0.9807161092758179, 0.19543775916099548, 4.339590002033666e-17, 0, -2.220446049250313e-16, 1, 0.19543775916099548, -0.9807161092758179, -2.177627210277628e-16]}, "segments": [17238, 16903, 29634, 23317, 10079, 10060, 9069, 20156, 20184, 14940, 20343, 20510, 20091, 23204, 23581, 10508, 14706, 14794, 20105, 18918, 13515, 19999, 24999, 3775, 3905, 2048, 3891, 2334, 2599, 10467, 26321, 26320, 10510, 29332, 29236, 2067, 2341, 2364, 2380, 8437, 9049, 10145, 14834, 14845, 14914, 15850, 16839, 17172, 17198, 20221, 20243, 20283, 20325, 20328, 20333, 20376, 20445, 20449, 20450, 20466, 20468, 20501, 20507, 20555, 21518, 21548, 23258, 23259, 24624, 24628, 24912, 25019, 26317, 26364, 27505, 27818, 28212, 28213, 28225, 28234, 29293, 29401, 29434, 29531, 29533, 29558, 29566, 29682], "label": "commode"}, {"objectId": 9, "id": 9, "partId": 9, "index": 9, "dominantNormal": [0.9945319294929504, 0.10443276911973953, 2.3188732960419574e-17], "obb": {"axesLengths": [1.3553715740951715, 2.0786139500450935, 0.39997463488224727], "centroid": [1.4127030067962953, 1.08254749971664, -0.283533050860473], "normalizedAxes": [-0.10443276911973953, 0.9945319294929504, 2.2083044936959127e-16, 0, -2.220446049250313e-16, 1, 0.9945319294929504, 0.10443276911973953, 2.3188732960419574e-17]}, "segments": [27328, 2191, 25096, 14063, 534, 500, 24598, 148, 24743, 26285, 2260, 3329, 24798, 25265, 25423, 1466, 1456, 1017, 24905, 4946, 4886, 25312, 21015, 24637, 24807, 24649, 15, 28, 55, 95, 133, 142, 174, 220, 229, 245, 250, 321, 378, 438, 668, 691, 816, 830, 848, 868, 899, 906, 936, 948, 964, 1032, 1036, 1108, 1109, 1497, 1510, 1517, 1541, 1599, 1613, 1660, 1671, 1779, 1806, 2421, 2583, 2747, 2913, 3007, 3111, 3402, 3478, 3489, 3575, 3581, 3636, 3660, 3745, 3827, 4348, 4401, 4742, 4892, 4934, 4953, 4997, 5692, 5693, 7032, 7744, 8538, 9338, 10742, 10883, 11021, 11368, 11421, 11711, 12540, 13003, 13008, 16324, 16348, 16988, 17528, 17928, 17978, 18268, 19425, 19475, 21705, 21866, 22406, 22860, 22939, 23432, 23696, 23732, 24162, 24168, 24182, 24190, 24204, 24224, 24259, 24299, 24332, 24352, 24379, 24384, 24399, 24415, 24438, 24496, 24513, 24617, 24646, 24657, 24692, 24817, 24836, 24867, 24869, 24881, 25081, 25254, 25287, 25327, 26299, 26889, 26947, 27154, 27283, 27357, 27977, 28042, 31682, 31928, 1400, 24174, 4729, 1398], "label": "shelf"}, {"objectId": 10, "id": 10, "partId": 10, "index": 10, "dominantNormal": [0.9887685179710388, 0.1494552344083786, 3.318572847818637e-17], "obb": {"axesLengths": [0.3077648234579576, 2.165380012272744, 0.11584639724808217], "centroid": [1.244583051930877, 3.2011838786626994, -0.27269010195083876], "normalizedAxes": [-0.1494552344083786, 0.9887685179710388, 2.1955071493518803e-16, 0, -2.220446049250313e-16, 1, 0.9887685179710388, 0.1494552344083786, 3.318572847818637e-17]}, "segments": [23169, 1580, 21932], "label": "wall"}, {"objectId": 12, "id": 12, "partId": 12, "index": 11, "dominantNormal": [0.9342066049575806, 0.3567323684692383, 7.921049782072271e-17], "obb": {"axesLengths": [1.3353354862196103, 1.07260999666281, 0.4467266173375255], "centroid": [-1.1232231466962732, 0.9279948936781441, -0.7863050728372114], "normalizedAxes": [-0.3567323684692383, 0.9342066049575806, 2.0743553651616077e-16, 0, -2.220446049250313e-16, 1, 0.9342066049575806, 0.3567323684692383, 7.921049782072271e-17]}, "segments": [21346, 19599, 30324, 19767, 16597, 10832, 16754, 20788, 30093, 21793, 21064, 30450, 28924, 28539, 18038, 18176, 28604, 17630, 28337, 18128, 17490, 28304, 12718, 29128, 19694, 19755, 29136, 19803, 21254, 30930, 30559, 21753, 22441, 21331, 29760, 30374, 21900, 21690, 21018, 19638, 18168, 28340, 28289, 12651, 12664, 12631, 11868, 30538, 21780, 21588, 5834, 30105, 11049, 10982, 22278, 30824, 22306, 22160, 22324, 22256, 22169, 22162, 30759, 30838, 30848, 22316, 21749, 30905, 10825, 20676, 20775, 30587, 22410, 22183, 17737, 17722, 29193, 19277, 5070, 5704, 5717, 10801, 10816, 10820, 10918, 10930, 10960, 10966, 11026, 12659, 12689, 14608, 16576, 16592, 17444, 17459, 17505, 17513, 17521, 17538, 17546, 17594, 17603, 17889, 17894, 17906, 17923, 17937, 17962, 17970, 18044, 18051, 18056, 18073, 18228, 18237, 18255, 18259, 19494, 19512, 19513, 19632, 19677, 19729, 20681, 20740, 20762, 20822, 20894, 20896, 20960, 21026, 21042, 21224, 21258, 21259, 21263, 21271, 21282, 21507, 21607, 21720, 21832, 21841, 21905, 21957, 21962, 21964, 21965, 21967, 21979, 21991, 22155, 22196, 22202, 22207, 22227, 22249, 22252, 22391, 22408, 25411, 25414, 26418, 26425, 26447, 26494, 28144, 28261, 28310, 28314, 28316, 28319, 28514, 28573, 28577, 28580, 28583, 28606, 28608, 28928, 29055, 29059, 29149, 29737, 29738, 30047, 30052, 30089, 30198, 30250, 30255, 30321, 30354, 30356, 30582, 30589, 30593, 30802, 30809, 30860, 30862, 30865, 30869, 30873], "label": "shelf"}, {"objectId": 14, "id": 14, "partId": 14, "index": 13, "dominantNormal": [0.6245517730712891, -0.7809834480285645, -1.7341316117049132e-16], "obb": {"axesLengths": [0.2544423754065655, 0.9930799083468334, 0.19990356907869405], "centroid": [1.3049602194743122, 0.3499457533220892, -0.8265400400041051], "normalizedAxes": [0.7809833884239197, 0.6245517730712891, 1.3867835170684219e-16, 0, -2.220446049250313e-16, 1, 0.6245517730712891, -0.7809833884239197, -1.7341314793560151e-16]}, "segments": [3189, 646, 624], "label": "wall"}, {"objectId": 17, "id": 17, "partId": 17, "index": 16, "dominantNormal": [0, -2.220446049250313e-16, 1], "obb": {"axesLengths": [0.17049087890874912, 0.13534903223777497, 0.14021383925472466], "centroid": [0.24776675736280201, 2.256086025876977, -0.7347355525627254], "normalizedAxes": [-0.3444864749908447, 0.9387912750244141, 2.0845353776986243e-16, 0, -2.220446049250313e-16, 1, 0.9387912750244141, 0.3444864749908447, 7.64913632413588e-17]}, "segments": [16892], "label": "plant"}], "scan_id": "20c993b7-698f-29c5-847d-c8cb8a685f5a", "annId": "4223", "appId": "stk.v1"}