{"segGroups": [{"objectId": 1, "id": 1, "partId": 1, "index": 0, "dominantNormal": [0, -2.220446049250313e-16, 1], "obb": {"axesLengths": [7.239606217831326, 0.6799999919533734, 3.6633116934766567], "centroid": [0.4937831520337968, -0.19174367641006307, -1.2500000259178132], "normalizedAxes": [0.8221575617790222, 0.5692600011825562, 1.2640111206220354e-16, 0, -2.220446049250313e-16, 1, 0.5692600011825562, -0.8221575617790222, -1.8255565099135e-16]}, "segments": [45636, 58450, 18574, 17963, 78588, 40259, 37785, 23521, 78690, 27294, 1177, 6847, 6852, 6872, 7026, 7284, 7368, 7407, 7748, 9426, 9438, 10281, 10337, 10447, 10454, 10733, 10746, 11935, 12779, 12818, 15930, 16686, 16816, 17226, 17231, 17724, 17842, 18620, 18934, 18960, 19424, 19625, 19909, 19926, 19930, 19936, 19954, 21028, 21037, 21041, 21050, 21186, 21450, 21460, 21463, 21502, 21522, 21565, 21568, 23480, 23573, 23575, 23639, 23643, 23968, 24316, 24322, 24373, 24409, 24429, 24450, 24476, 24565, 24569, 24585, 24591, 24592, 24594, 24595, 24598, 24610, 24613, 24623, 24628, 24657, 24658, 24659, 24664, 25120, 26668, 26670, 26847, 26848, 26898, 26903, 26906, 27341, 28420, 28729, 29502, 29903, 29938, 29943, 29954, 29974, 29996, 30020, 30057, 30059, 30074, 30114, 30118, 30121, 30138, 30141, 30152, 30167, 30189, 30191, 30200, 30386, 30797, 31589, 32570, 33707, 34165, 34177, 34258, 35238, 35906, 35909, 36206, 37190, 37305, 37445, 37499, 38062, 38090, 38101, 38154, 38187, 38202, 38695, 39410, 39728, 39826, 39834, 40205, 40225, 40296, 40301, 40318, 40361, 41690, 42297, 43876, 43912, 43917, 45465, 47723, 50026, 50041, 50054, 50056, 50060, 50092, 50101, 50107, 50120, 50147, 50159, 50168, 50174, 50182, 50210, 50224, 50225, 50580, 50893, 51435, 55190, 55382, 55389, 55496, 55512, 55541, 59836, 59849, 60510, 60928, 61017, 62326, 63476, 63872, 64120, 64123, 64149, 64152, 64161, 64179, 64183, 64189, 64196, 64198, 64206, 64208, 64977, 65732, 65735, 65739, 65741, 65745, 65750, 65954, 65982, 66235, 66239, 66318, 66459, 66896, 66899, 67311, 67313, 67315, 67403, 67642, 67651, 67655, 67658, 70991, 70995, 71004, 71008, 74854, 74858, 78201, 78463, 78507, 78848, 79366, 55354, 47698, 48252, 46861, 14846, 70377, 9396, 10217, 10237, 10253, 10256, 10609, 14878, 14881, 14887, 14892, 15738, 15739, 17130, 17145, 17151, 19087, 19403, 19832, 20408, 20871, 20887, 20909, 20925, 20958, 22778, 22864, 22872, 23217, 25258, 25377, 25478, 25527, 27323, 28316, 29808, 31072, 34132, 35773, 37647, 39914, 41672, 41888, 41896, 41974, 44069, 44095, 44108, 44126, 44140, 44150, 44155, 44171, 44173, 44191, 44194, 44510, 46662, 46854, 46862, 46884, 46885, 46886, 46901, 46913, 46931, 46936, 46942, 46949, 46958, 46970, 46982, 46994, 47208, 47703, 48199, 48210, 48221, 48276, 50334, 50341, 51463, 51543, 56431, 56579, 58617, 59856, 63073, 63307, 63852, 64245, 64336, 65498, 66320, 67327, 67553, 68641, 68678, 68692, 69216, 69778, 69789, 69795, 69799, 70315, 70318, 72793, 72827, 72946, 74842, 78196, 78675, 28478, 7367, 44457, 68795], "label": "floor"}, {"objectId": 2, "id": 2, "partId": 2, "index": 1, "dominantNormal": [0.6151219606399536, -0.7884320020675659, -1.7506707240934414e-16], "obb": {"axesLengths": [1.8246671582745508, 2.4879499117743236, 0.33387562346241395], "centroid": [0.25704010044729847, 1.7196521301790417, -0.10602506183501248], "normalizedAxes": [0.7884320020675659, 0.6151219606399536, 1.3658451273100916e-16, 0, -2.220446049250313e-16, 1, 0.6151219606399536, -0.7884320020675659, -1.7506707240934414e-16]}, "segments": [56719, 76901, 56613, 67146, 56872, 25686, 76844, 57268, 76862, 76475, 24836, 24798, 4615, 76670, 4286, 61651, 14399, 14351, 2360, 2365, 2757, 3109, 4353, 4427, 4519, 4570, 4617, 4648, 4821, 4870, 4966, 5273, 5320, 12333, 13358, 13367, 13368, 13397, 21135, 24831, 25714, 25717, 25752, 25783, 27219, 29751, 36994, 37105, 37115, 37156, 38522, 38525, 38535, 38538, 38547, 38557, 56668, 56913, 56929, 61572, 61691, 62963, 64482, 67087, 67106, 67152, 67154, 67373, 67380, 76368, 76652, 76682, 22636, 8900, 14398, 2239, 13984, 60950, 60952, 63019, 46356, 69371, 42113, 28164, 40960, 2295, 4229, 6071, 8791, 9340, 13339, 25170, 25311, 25893, 30707, 30715, 37407, 38934, 38968, 64277, 64285, 65680, 65775, 65790, 67812, 67828, 76760], "label": "curtain"}, {"objectId": 3, "id": 3, "partId": 3, "index": 2, "dominantNormal": [0.6278030276298523, -0.7783722877502441, -1.7283336711809575e-16], "obb": {"axesLengths": [0.9909365998267262, 2.47171003062181, 0.1976936157107797], "centroid": [0.9521285808639894, 2.3247251636539428, -0.14585503035087166], "normalizedAxes": [0.7783722877502441, 0.6278030276298523, 1.3940027524080907e-16, 0, -2.220446049250313e-16, 1, 0.6278030276298523, -0.7783722877502441, -1.7283336711809575e-16]}, "segments": [5216, 63483, 34370, 28219, 28235, 66415, 38210, 19067, 38233, 63610], "label": "wall"}, {"objectId": 4, "id": 4, "partId": 4, "index": 3, "dominantNormal": [0.5872089862823486, -0.8094353675842285, -1.7973075640758751e-16], "obb": {"axesLengths": [3.1759023889061004, 2.4599999831616874, 0.24819018139784776], "centroid": [-1.6383413306599588, 0.4223838323264615, -0.10000004566185172], "normalizedAxes": [0.8094353675842285, 0.5872089862823486, 1.3038658736749223e-16, 0, -2.220446049250313e-16, 1, 0.5872089862823486, -0.8094353675842285, -1.7973075640758751e-16]}, "segments": [25364, 14538, 49941, 71039, 51254, 36924, 48486, 31281, 18093, 32686, 51399, 6450, 43937], "label": "wall"}, {"objectId": 5, "id": 5, "partId": 5, "index": 4, "dominantNormal": [0.7671815156936646, 0.6414300799369812, 1.4242608868663824e-16], "obb": {"axesLengths": [1.880828800219614, 2.709789930810258, 0.439636837934578], "centroid": [1.8939757049322032, 1.880048104687086, 0.015104984686187706], "normalizedAxes": [-0.6414300799369812, 0.7671815156936646, 1.7034851655798645e-16, 0, -2.220446049250313e-16, 1, 0.7671815156936646, 0.6414300799369812, 1.4242608868663824e-16]}, "segments": [3765, 13554, 22083, 9097, 200, 180, 3292, 38356, 5457, 12615, 6354, 12600, 9132, 230, 269, 485, 681, 682, 3665, 3722, 3837, 9080, 13466, 13493, 13511, 13535, 13547, 13559, 13618, 13636, 13837, 14015, 14126, 14174, 14237, 14242, 14244, 14268, 14272, 22044, 22066, 22242, 23088, 23098, 32628, 35949, 41836, 41844, 43478, 43504, 43535, 53395, 53450, 61056, 61476, 61478, 61480, 62973, 62978, 62981, 62989, 62997, 64017, 66159, 66162, 66165, 66812, 68144, 68550, 68558, 68561, 68563, 68568, 68590, 73030, 73034, 73039, 73048, 73055, 73060, 73083], "label": "wall"}, {"objectId": 6, "id": 6, "partId": 6, "index": 5, "dominantNormal": [0.8741351962089539, 0.4856826066970825, 1.0784320252301305e-16], "obb": {"axesLengths": [0.6817006286971486, 2.4623499558340756, 0.2683103465931075], "centroid": [3.338651893010789, 0.48044003339736285, -0.14117499295700453], "normalizedAxes": [-0.4856826066970825, 0.8741352558135986, 1.9409701752817169e-16, 0, -2.220446049250313e-16, 1, 0.8741352558135986, 0.4856826066970825, 1.0784320252301305e-16]}, "segments": [3169, 2563, 2237, 9810, 13432, 13408, 9742, 56893, 2144, 12350, 12388, 57187, 9883, 12372, 21490, 21491, 21494, 21495, 36407, 36408, 38727, 38733, 62398, 63948, 63964, 67424], "label": "wall"}, {"objectId": 7, "id": 7, "partId": 7, "index": 6, "dominantNormal": [0.7402123808860779, 0.6723731160163879, 1.492968229080711e-16], "obb": {"axesLengths": [0.6955249174969813, 0.7174130219799346, 0.5662218155479385], "centroid": [1.246004017975489, 0.48817133925318656, -0.695743524591621], "normalizedAxes": [-0.6723731160163879, 0.7402123808860779, 1.6436016567446596e-16, 0, -2.220446049250313e-16, 1, 0.7402123808860779, 0.6723731160163879, 1.492968229080711e-16]}, "segments": [57640, 77141, 33130, 33139, 33255, 64861, 66225, 32861, 23869, 16427, 22005, 66169, 77367, 57732, 64143, 27124], "label": "chair"}, {"objectId": 8, "id": 8, "partId": 8, "index": 7, "dominantNormal": [0.823684573173523, 0.5670483112335205, 1.2591001824125325e-16], "obb": {"axesLengths": [0.592040786145262, 0.6747479884010255, 0.48968613854782306], "centroid": [0.8738460952191583, 0.22757855200420218, -0.6639560255167041], "normalizedAxes": [-0.5670482516288757, 0.823684573173523, 1.8289471563315794e-16, 0, -2.220446049250313e-16, 1, 0.823684573173523, 0.5670482516288757, 1.2591000500636345e-16]}, "segments": [22119, 22152, 32896, 13824, 70973, 21921, 22010, 66172, 22185, 34523, 32933, 66178], "label": "chair"}, {"objectId": 9, "id": 9, "partId": 9, "index": 8, "dominantNormal": [0, -2.220446049250313e-16, 1], "obb": {"axesLengths": [1.7509662359680784, 0.7866389575606817, 1.221809352655468], "centroid": [0.8300323793946149, 0.8738429186183208, -0.922780517192844], "normalizedAxes": [0.6514679789543152, 0.7586761116981506, 1.6845993748807478e-16, 0, -2.220446049250313e-16, 1, 0.7586761116981506, -0.6514679789543152, -1.4465495000821953e-16]}, "segments": [30476, 24769, 25201, 19818, 23075, 25910, 25933, 27067, 29295, 31212, 34421, 34440, 36346, 36355, 36750, 37732, 39115, 46567, 51327, 52115, 57135, 57139, 57159, 57231, 57618, 60576, 60578, 60580, 60587, 60605, 60610, 60710, 60724, 60727, 60821, 60826, 60841, 61595, 65839, 66140, 66422, 67431, 67472, 67487, 72068, 23682, 31405, 19856, 19889, 23200, 23676, 23783, 26350, 26363, 26371, 26372, 26391, 26422, 27104, 27115, 28280, 29358, 29818, 31243, 31245, 31272, 31278, 32474, 32503, 34116, 34136, 34207, 34499, 36859, 37690, 37751, 57003, 57014, 57065, 57096, 57097, 57108, 57126, 57132, 57134, 57190, 57550, 58040, 58063, 58080, 60538, 60565, 60585, 60593, 60795, 60831, 64125, 64864, 64870, 64872, 64875, 64878, 64887, 64895, 65042, 65044, 65046, 65881, 66314, 67237, 77361, 77363, 77386, 77389, 77391, 16397, 16409, 16418, 28282, 33002, 66230], "label": "table"}, {"objectId": 10, "id": 10, "partId": 10, "index": 9, "dominantNormal": [0.5898164510726929, -0.8075373768806458, -1.793093178116591e-16], "obb": {"axesLengths": [3.4958519453496586, 2.5799999852478495, 0.256500550489328], "centroid": [0.5999825986330596, -1.1556239599217948, -0.060000025098249754], "normalizedAxes": [0.807537317276001, 0.5898164510726929, 1.3096556085672015e-16, 0, -2.220446049250313e-16, 1, 0.5898164510726929, -0.807537317276001, -1.793093045767693e-16]}, "segments": [58341, 54337, 48022, 4702, 5912, 13704, 13741, 14411, 31918, 34666, 34667, 34671, 34679, 47989, 48056, 48064, 48077, 70244, 70245, 30341, 30265, 53070, 65795, 65833, 13728, 10031, 10595, 58998, 75611, 13374, 13470], "label": "wall"}, {"objectId": 11, "id": 11, "partId": 11, "index": 10, "dominantNormal": [0, -2.220446049250313e-16, 1], "obb": {"axesLengths": [2.653610666923676, 0.5799999405443673, 1.6145989221437833], "centroid": [0.9436235458399347, 1.6693024662593894, -0.7599999826299406], "normalizedAxes": [0.9996069073677063, 0.028036169707775116, 6.225280226374056e-18, 0, -2.220446049250313e-16, 1, 0.028036169707775116, -0.9996069073677063, -2.2195732082679471e-16]}, "segments": [18973, 34262, 66967, 46459, 32520, 32250, 71359, 47853, 25505, 57329, 24946, 60965, 39378, 60497, 66308, 69408, 46434], "label": "bench"}, {"objectId": 12, "id": 12, "partId": 12, "index": 11, "dominantNormal": [0.5878576636314392, -0.8089643716812134, -1.796261743083812e-16], "obb": {"axesLengths": [1.4011311638289914, 0.9498880144233696, 0.12073125136592243], "centroid": [-1.107847914120826, 0.4396868993297216, 0.6150559777483489], "normalizedAxes": [0.8089643716812134, 0.5878576636314392, 1.3053062267319486e-16, 0, -2.220446049250313e-16, 1, 0.5878576636314392, -0.8089643716812134, -1.796261743083812e-16]}, "segments": [41949, 45918, 71378, 68134, 37470, 44207, 41514], "label": "kitchen cabinet"}, {"objectId": 13, "id": 13, "partId": 13, "index": 12, "dominantNormal": [0.6620351672172546, -0.7494727373123169, -1.6641637785859518e-16], "obb": {"axesLengths": [2.7380644022882548, 0.9097199832710626, 0.5841943758726675], "centroid": [-1.5990587337660773, -0.015266402749344543, -0.8848600132320081], "normalizedAxes": [0.7494727373123169, 0.6620352268218994, 1.4700135038612215e-16, 0, -2.220446049250313e-16, 1, 0.6620352268218994, -0.7494727373123169, -1.6641637785859518e-16]}, "segments": [17020, 7450, 59126, 39581, 50513], "label": "kitchen cabinet"}, {"objectId": 14, "id": 14, "partId": 14, "index": 13, "dominantNormal": [0, -2.220446049250313e-16, 1], "obb": {"axesLengths": [2.709061280673363, 0.5459889647516092, 0.8146939401175649], "centroid": [-1.7194516112695857, 0.11388966049565652, -0.40299449875687543], "normalizedAxes": [0.7800403237342834, 0.6257292628288269, 1.3893980695485795e-16, 0, -2.220446049250313e-16, 1, 0.6257292628288269, -0.7800403237342834, -1.732037455091725e-16]}, "segments": [73463, 73302, 29387, 43483, 66890, 66895, 71794, 48607, 68147, 14579, 14602, 14617, 14655, 14713, 16884, 42605, 42609, 42645, 42730, 42754, 42794, 42808, 42820, 44516, 44558, 44740, 44829, 44891, 44903, 44910, 44915, 44988, 45088, 45139, 47884, 47994, 48471, 50507, 51759, 51819, 51836, 51849, 51886, 51901, 60410, 63044, 63047, 66490, 66541, 66546, 67173, 67176, 67224, 67234, 69011, 71101, 71127, 71825, 71830, 71848, 71885, 71892, 72823, 75926, 20701, 20730, 20742, 42066, 42100, 42112, 58139, 72753, 73510, 46816, 46951, 68304, 18219, 45392], "label": "kitchen counter"}, {"objectId": 15, "id": 15, "partId": 15, "index": 14, "dominantNormal": [0.8705790042877197, 0.4920286536216736, 1.0925230800521959e-16], "obb": {"axesLengths": [1.1960804301377523, 2.52677995279178, 0.2952547186736267], "centroid": [-1.9210625964806218, -2.884948748701008, -0.17338999143585676], "normalizedAxes": [-0.4920286536216736, 0.8705790042877197, 1.9330737106309386e-16, 0, -2.220446049250313e-16, 1, 0.8705790042877197, 0.4920286536216736, 1.0925230800521959e-16]}, "segments": [55585, 23287, 77930, 55619, 59867, 24273, 23137, 18581, 19323, 19065, 64908, 21342, 79559, 22385, 59455, 24757, 17889, 17967, 17977, 18030, 18090, 19590, 20010, 21012, 22492, 23249, 23421, 24279, 24403, 24471, 25671, 25728, 25833, 25871, 25875, 25919, 26031, 26463, 26500, 59412, 59445, 59491, 59538, 59573, 59596, 60045, 62502, 62509, 63419, 63492, 64913, 77807, 77810, 77812, 77904, 78010, 78019, 79485, 79488, 79491, 79544, 79630, 79633, 79637, 63407], "label": "curtain"}, {"objectId": 16, "id": 16, "partId": 16, "index": 15, "dominantNormal": [0.793704628944397, 0.6083033680915833, 1.350704810424615e-16], "obb": {"axesLengths": [1.4150595610350245, 2.3928199471648037, 0.18270890096764666], "centroid": [-2.631156157258113, -1.9906612235442422, -0.04326006098724866], "normalizedAxes": [-0.6083033680915833, 0.793704628944397, 1.762378307611272e-16, 0, -2.220446049250313e-16, 1, 0.793704628944397, 0.6083033680915833, 1.350704810424615e-16]}, "segments": [41630, 70508, 60129, 26675, 41602, 17287, 21170, 25341, 25515, 39220, 39250, 50982, 60093], "label": "wall"}, {"objectId": 17, "id": 17, "partId": 17, "index": 16, "dominantNormal": [0.8227887153625488, 0.5683473944664001, 1.2619847266446275e-16], "obb": {"axesLengths": [1.2335442451832936, 1.6399999192357075, 0.2176112175754458], "centroid": [-2.353598946321907, -1.6548568814422195, -0.46999999745659604], "normalizedAxes": [-0.5683473944664001, 0.8227887153625488, 1.826957952394512e-16, 0, -2.220446049250313e-16, 1, 0.8227887153625488, 0.5683473944664001, 1.2619847266446275e-16]}, "segments": [41384, 70256, 41400, 59276, 41054, 59296, 40738, 40777, 41147, 41439, 58597, 58668, 58726, 58727, 58737, 58758, 68117, 77540, 77613, 77689, 46410], "label": "commode"}, {"objectId": 18, "id": 18, "partId": 18, "index": 17, "dominantNormal": [0.9898183345794678, -0.14233636856079102, -3.160502272354449e-17], "obb": {"axesLengths": [1.0353358080751296, 2.4717099114125225, 0.72574481487346], "centroid": [-2.661851350539766, -1.0301578703644745, -0.1058550097872697], "normalizedAxes": [0.1423363834619522, 0.9898183345794678, 2.1978382104925038e-16, 0, -2.220446049250313e-16, 1, 0.9898183345794678, -0.1423363834619522, -3.160502603226694e-17]}, "segments": [38940, 17186, 37990, 38015, 74964, 53315, 20016, 75061, 59984, 11691, 11733, 11761, 11838, 12142, 16925, 38003, 39215, 40451, 40466, 40478, 40524, 40544, 40557, 40586, 40595, 40610, 40617, 40736, 40773, 40795, 40827, 40833, 40857, 40867, 40873, 40876, 40886, 40895, 41080, 41107, 41230, 41238, 51722, 51729, 51744, 51922, 51961, 51965, 52850, 52943, 53046, 53086, 53329, 53361, 53403, 53410, 54571, 54727, 54732, 54754, 54774, 55260, 55281, 55285, 55287, 55455, 55493, 55502, 55691, 55752, 55829, 55903, 55904, 56032, 57390, 58384, 58798, 59610, 59652, 59926, 60310, 67719, 67766, 67795, 67805, 67883, 67897, 67928, 67932, 67936, 67940, 69152, 70090, 70221, 71025, 71074, 71085, 72166, 72186, 72201, 72220, 72244, 72253, 72278, 72312, 72315, 72722, 74378, 74490, 74505, 75918, 75921, 77761, 77769, 77803, 17905, 38011, 40831], "label": "wall"}, {"objectId": 20, "id": 20, "partId": 20, "index": 18, "dominantNormal": [0.5658122301101685, -0.8245341181755066, -1.8308335251748944e-16], "obb": {"axesLengths": [2.040187422694139, 1.318899931708724, 0.5398467187425215], "centroid": [-0.060553370949695456, -1.4240110869962772, -0.6894499885684264], "normalizedAxes": [0.8245341181755066, 0.5658122301101685, 1.2563555309656326e-16, 0, -2.220446049250313e-16, 1, 0.5658122301101685, -0.8245341181755066, -1.8308335251748944e-16]}, "segments": [46741, 72911, 48083, 35745, 31874, 35626, 34738, 47078, 74345, 74268, 34726, 47207, 21336, 27583, 1598, 1574, 69529, 30606, 30593, 4456, 61383, 61410, 1892, 1746, 1391, 1273, 1009, 69184, 966, 970, 977, 1187, 1294, 1361, 1396, 1403, 1426, 1435, 1458, 1468, 1523, 1527, 1622, 1669, 1671, 1679, 1701, 1703, 1739, 1747, 1758, 1814, 1821, 1928, 1977, 2012, 2032, 2041, 2043, 2796, 2804, 2830, 2833, 2852, 2860, 2869, 2889, 2921, 2929, 2936, 2945, 2958, 2990, 3012, 3036, 3073, 3199, 3301, 3308, 3312, 3357, 3377, 3380, 3392, 3396, 3414, 3423, 3437, 3443, 3488, 3498, 3517, 3534, 4708, 4713, 4744, 4801, 14972, 14982, 15004, 15264, 17427, 17437, 17459, 17475, 17490, 17511, 17537, 17552, 18399, 20444, 20463, 20478, 20497, 20552, 20608, 21214, 21270, 21299, 21383, 21396, 21411, 27371, 27385, 27388, 27426, 27460, 27492, 27498, 27500, 27501, 27547, 27707, 29169, 29199, 29227, 30510, 30544, 30553, 30556, 30559, 30621, 30846, 31004, 31044, 31053, 31098, 31144, 34793, 45877, 45888, 45906, 45940, 46758, 46788, 47115, 47179, 47184, 47346, 47351, 52159, 52163, 52168, 52169, 52192, 52195, 52209, 52227, 52233, 52240, 52241, 52258, 52281, 52283, 52304, 52511, 52610, 52862, 52865, 52883, 52896, 52925, 52976, 52979, 52995, 53022, 53250, 53283, 54024, 54615, 55051, 55079, 55094, 55097, 55104, 61103, 61206, 61244, 61245, 61248, 61263, 61357, 61364, 61372, 61385, 61395, 61449, 63075, 63680, 63873, 63875, 63877, 63895, 65086, 65089, 65092, 65111, 65114, 65626, 65629, 65639, 65661, 65666, 65672, 65767, 65791, 65808, 66529, 67064, 69245, 69257, 69292, 69512, 69724, 69746, 69753, 69871, 69892, 69971, 70095, 72071, 72075, 72123, 72158, 72281, 72289, 72318, 72324, 72328, 72656, 72663, 72677, 72688, 72692, 72718, 72778, 72788, 72797, 72988, 73844, 74198, 74584, 74609, 74636, 74681, 74686, 74688, 74729, 74819, 74823, 35658, 56559, 1654, 14845, 15802, 15804, 15846, 27488, 27745, 27861, 27891, 27944, 54995, 54998, 55005, 62323, 62336, 62342, 63124, 65146, 69008, 74502, 74534, 76356, 76360, 76362, 76365, 15758, 29557, 63517, 65564, 65877, 27968, 27869, 28040, 45232, 45239, 45258, 68899, 45296, 45946, 70451, 53021, 70402, 31031], "label": "shelf"}, {"objectId": 21, "id": 21, "partId": 21, "index": 19, "dominantNormal": [0.7540143132209778, -0.6568580269813538, -1.4585178109291025e-16], "obb": {"axesLengths": [0.47870290348614974, 0.34916197473193744, 0.26082455089876505], "centroid": [0.16936064748373414, -1.266258471784039, 0.8194019370761811], "normalizedAxes": [0.656857967376709, 0.7540143132209778, 1.6742481028697082e-16, 0, -2.220446049250313e-16, 1, 0.7540143132209778, -0.656857967376709, -1.4585176785802045e-16]}, "segments": [12015, 11132, 10388, 12065], "label": "box"}, {"objectId": 22, "id": 22, "partId": 22, "index": 20, "dominantNormal": [0.7104496955871582, -0.7037479877471924, -1.562634439061111e-16], "obb": {"axesLengths": [0.5105896101948049, 0.32116400477668616, 0.2500099167713014], "centroid": [0.5805653744147441, -0.9708259187041948, 0.7937919675558351], "normalizedAxes": [0.7037479877471924, 0.7104496955871582, 1.577515219757593e-16, 0, -2.220446049250313e-16, 1, 0.7104496955871582, -0.7037479877471924, -1.562634439061111e-16]}, "segments": [8368, 10695, 8170, 10319], "label": "box"}, {"objectId": 23, "id": 23, "partId": 23, "index": 21, "dominantNormal": [0.5603390336036682, -0.8282633423805237, -1.8391140663276932e-16], "obb": {"axesLengths": [1.015535669812415, 0.4074589668037226, 0.3441459196913564], "centroid": [0.4074475504871265, -1.1724592006330208, 0.44627045417248024], "normalizedAxes": [0.8282633423805237, 0.5603390336036682, 1.2442025934060035e-16, 0, -2.220446049250313e-16, 1, 0.5603390336036682, -0.8282633423805237, -1.8391140663276932e-16]}, "segments": [54834, 34574, 31939, 48394, 30299, 54806, 72409], "label": "shelf"}, {"objectId": 24, "id": 24, "partId": 24, "index": 22, "dominantNormal": [0.6057682633399963, -0.7956411242485046, -1.7666781909586696e-16], "obb": {"axesLengths": [0.5862676321959772, 1.8826199349175399, 0.19262577215175697], "centroid": [1.4596006723126882, -0.41512516468187677, -0.41131003197059046], "normalizedAxes": [0.7956411242485046, 0.6057682633399963, 1.3450757470945181e-16, 0, -2.220446049250313e-16, 1, 0.6057682633399963, -0.7956411242485046, -1.7666781909586696e-16]}, "segments": [69352, 74053, 49845, 49650, 73293, 53708, 53494, 49844, 58167, 53676, 58266, 58224, 77428, 36081, 77397, 77472, 66261, 35986, 66242, 36085, 13783, 66818, 36094, 13748, 19134, 68450, 70948, 4471, 13673, 13730, 13922, 13933, 13940, 13945, 14038, 14065, 14331, 18805, 19130, 32170, 33817, 33836, 33842, 36099, 43618, 43631, 43676, 43688, 43709, 43722, 43732, 46164, 46167, 46191, 46577, 46581, 46589, 46617, 49593, 49726, 49744, 49778, 53497, 53577, 53614, 53670, 53686, 53710, 58293, 66855, 68490, 68498, 69332, 69465, 70933, 73130, 73154, 73220, 73222, 73264, 73285, 73943, 74015, 74017, 74093, 77411, 77418, 77496, 77508, 77529, 46199, 54345, 33779], "label": "shelf"}, {"objectId": 25, "id": 25, "partId": 25, "index": 23, "dominantNormal": [0.6197325587272644, -0.7848130464553833, -1.7426350284019583e-16], "obb": {"axesLengths": [0.3284716685183483, 0.5055899954082815, 0.18616071763026812], "centroid": [-0.16576695590677423, -1.6416740752586423, 0.49720496147688475], "normalizedAxes": [0.7848130464553833, 0.6197325587272644, 1.376082711617742e-16, 0, -2.220446049250313e-16, 1, 0.6197325587272644, -0.7848130464553833, -1.7426350284019583e-16]}, "segments": [78227, 75627, 75895, 54271, 52415, 53369, 73022, 72334, 73889, 72273, 52371, 52386, 52391, 52416, 52647, 53355, 53383, 54236, 54261, 56012, 59220, 72246, 72332, 72367, 73854, 73859, 73914, 59215], "label": "shelf"}, {"objectId": 26, "id": 26, "partId": 26, "index": 24, "dominantNormal": [0.5917578935623169, -0.8061157464981079, -1.7899365245501906e-16], "obb": {"axesLengths": [0.5509623081513855, 0.29999997541308443, 0.21509789293287732], "centroid": [-0.6270211903703411, -1.9852157741269505, 0.6199999519539627], "normalizedAxes": [0.8061157464981079, 0.5917578935623169, 1.3139664768731338e-16, 0, -2.220446049250313e-16, 1, 0.5917578935623169, -0.8061157464981079, -1.7899365245501906e-16]}, "segments": [78145, 16017, 16551, 55937, 16485, 16055, 75716, 14048, 14186, 16052, 16469, 16504, 16510, 16565, 16566, 16607, 55943, 55954, 56001, 56006, 59133, 61895, 61902, 61907, 61980, 63232, 63236, 63247, 75722, 75726, 75762, 78073, 78155, 78158, 78161, 78182, 78189], "label": "shelf"}, {"objectId": 27, "id": 27, "partId": 27, "index": 25, "dominantNormal": [0, -2.220446049250313e-16, 1], "obb": {"axesLengths": [7.040016667509422, 1.9199999141693125, 5.52808820111254], "centroid": [-0.6670948437625626, -0.2902882507302246, 2.049999942044689], "normalizedAxes": [0.9413565993309021, -0.33741337060928345, -7.492081857336151e-17, 0, -2.220446049250313e-16, 1, -0.33741337060928345, -0.9413565993309021, -2.0902315419200115e-16]}, "segments": [29278, 29049, 64366, 33381, 40100, 32760, 32780, 32733, 22333, 27037, 29152, 29315, 29465, 29478, 29486, 30309, 30315, 30361, 30368, 30409, 30441, 30444, 30472, 32670, 32674, 32713, 32775, 32954, 33026, 33027, 33082, 33095, 33097, 33152, 33158, 33164, 33173, 33215, 33326, 33401, 34272, 34289, 40014, 40038, 64030, 64288, 64325, 64327, 64329, 64361, 64396, 64398, 64403, 64428, 64471, 64992, 66343, 67560, 67565, 67625, 69360, 13066, 8700, 11149, 11151, 18887, 19158, 19194, 19216, 30385, 32365, 34762, 62222, 67601, 46530, 34814, 10567, 20901, 8987, 11165, 13313, 17323, 30486, 32273, 32274, 33107, 33109, 33355, 33403, 34030, 40001, 59030, 63147, 64424, 66119, 66375, 67563, 67611, 68615, 17607, 65291, 65195, 5925, 5961, 6006, 6016, 6152, 6154, 6192, 6209, 6355, 6370, 6373, 6402, 6412, 35302, 35374, 35397, 36444, 36486, 36493, 36501, 36526, 36553, 36603, 36641, 36692, 36697, 36795, 36810, 39547, 61783, 61785, 61792, 65137, 65140, 65150, 65157, 65220, 65225, 65237, 65327, 5645, 5884, 5741, 11707, 11879, 5281, 4143, 4264, 5294, 5627, 5715, 5843, 6259, 6280, 6571, 6703, 7049, 7578, 7584, 9020, 11280, 11301, 12548, 37047, 61029, 61032, 61093, 61190, 61242, 24246, 24114, 6123, 5007, 11989, 12111, 12240, 28170, 28464, 57865, 5541, 65335, 5513, 5554, 5576, 6439, 7801, 7834, 7842, 7846, 7848, 7905, 7911, 38217, 38221, 38231, 38247, 38252, 61272, 61274, 61276, 61278, 61698, 61701, 65338, 65601, 65605, 6125, 61198, 9760, 9911, 12755, 13166, 39294, 37538, 10806, 39494, 56489], "label": "ceiling"}, {"objectId": 29, "id": 29, "partId": 29, "index": 27, "dominantNormal": [0.5497046113014221, -0.8353590965270996, -1.8548698055889093e-16], "obb": {"axesLengths": [0.5505832507310937, 0.4200000073015686, 0.12523662342399397], "centroid": [-0.5841356258197068, -2.017611714251839, -0.46000002211801716], "normalizedAxes": [0.8353590965270996, 0.5497046113014221, 1.2205894324189217e-16, 0, -2.220446049250313e-16, 1, 0.5497046113014221, -0.8353590965270996, -1.8548698055889093e-16]}, "segments": [29651], "label": "wall"}, {"objectId": 35, "id": 35, "partId": 35, "index": 31, "dominantNormal": [0.5650268793106079, -0.8250724673271179, -1.832028900421707e-16], "obb": {"axesLengths": [0.51820052445136, 0.4275674836136216, 0.27882450893928074], "centroid": [0.947415340503156, 1.0450192125824314, -0.24074126598541623], "normalizedAxes": [0.8250724673271179, 0.5650268793106079, 1.2546117018854728e-16, 0, -2.220446049250313e-16, 1, 0.5650268793106079, -0.8250724673271179, -1.832028900421707e-16]}, "segments": [35289, 73736, 73775, 36624, 52045, 53878, 71910, 35291, 35352, 35377, 35378, 35405, 35425, 35454, 35470, 35471, 35529, 35577, 35594, 51992, 52010, 52035, 52040, 52691, 52698, 52728, 52732, 53960, 66465, 66468, 66472, 66510, 71895, 71905, 72526, 73591, 73652, 73656, 73708, 73711, 73725, 73672, 53883, 73594, 53844, 53827, 65782, 52780, 30922, 30955, 30976, 65777, 35550], "label": "flower"}, {"objectId": 36, "id": 36, "partId": 36, "index": 32, "dominantNormal": [0.6172016859054565, -0.7868049740791321, -1.7470579962245038e-16], "obb": {"axesLengths": [0.33160225415796746, 0.4199999774992469, 0.07271332593930004], "centroid": [1.0609143384463513, -0.783764068505123, 0.2999999662590769], "normalizedAxes": [0.7868049740791321, 0.6172016859054565, 1.3704630450594036e-16, 0, -2.220446049250313e-16, 1, 0.6172016859054565, -0.7868049740791321, -1.7470579962245038e-16]}, "segments": [63452, 54737, 74376, 75359], "label": "chair"}, {"objectId": 37, "id": 37, "partId": 37, "index": 33, "dominantNormal": [0.6319085359573364, -0.7750429511070251, -1.7209410587848976e-16], "obb": {"axesLengths": [0.3427706881623173, 0.30000000521540615, 0.08123060883088606], "centroid": [1.055482155399206, -0.7857936589077523, -0.6000000046836593], "normalizedAxes": [0.7750429511070251, 0.6319085359573364, 1.403118812154017e-16, 0, -2.220446049250313e-16, 1, 0.6319085359573364, -0.7750429511070251, -1.7209410587848976e-16]}, "segments": [53784, 53820, 73551], "label": "chair"}, {"objectId": 640, "id": 640, "partId": 640, "index": 34, "dominantNormal": [0, -2.220446049250313e-16, 1], "obb": {"axesLengths": [0.29694875410910665, 0.18895943343171245, 0.20980830146967092], "centroid": [-0.10519968455150361, -1.5208378634649777, -0.09552030070829565], "normalizedAxes": [0.33516165614128113, 0.9421606063842773, 2.092016796205248e-16, 0, -2.220446049250313e-16, 1, 0.9421606063842773, -0.33516165614128113, -7.442083752390996e-17]}, "segments": [47080, 69804, 18450, 47037], "label": "item"}, {"objectId": 40, "id": 40, "partId": 40, "index": 35, "dominantNormal": [0.3121904134750366, -0.9500195384025574, -2.1094671307565646e-16], "obb": {"axesLengths": [0.8388965742602427, 0.7799999241530908, 0.4299942308193743], "centroid": [-2.319024006405948, -0.1787215095279078, 0.6599999427152428], "normalizedAxes": [0.9500195384025574, 0.3121904134750366, 6.932019702144668e-17, 0, -2.220446049250313e-16, 1, 0.3121904134750366, -0.9500195384025574, -2.1094671307565646e-16]}, "segments": [51277, 31555, 69093, 32621, 69052, 45571, 45588, 31064, 34557, 45495, 31694, 17684, 45564, 44683, 50474], "label": "extractor fan"}, {"objectId": 41, "id": 41, "partId": 41, "index": 36, "dominantNormal": [0, -2.220446049250313e-16, 1], "obb": {"axesLengths": [0.7926166470422262, 0.4600000278651706, 0.6395214957444696], "centroid": [1.1848568704949745, 2.1754418013595975, -0.6200000149654601], "normalizedAxes": [0.7047402262687683, 0.7094654440879822, 1.575329742404779e-16, 0, -2.220446049250313e-16, 1, 0.7094654440879822, -0.7047402262687683, -1.5648376511662583e-16]}, "segments": [21021, 46202, 28107, 24893, 63869], "label": "pillow"}, {"objectId": 42, "id": 42, "partId": 42, "index": 37, "dominantNormal": [0.9178493022918701, 0.3969290256500244, 8.813594868373729e-17], "obb": {"axesLengths": [0.4048916206475083, 0.3600000043958423, 0.15400762731159995], "centroid": [3.323445908398823, 0.21043291488936544, 0.1499999794838569], "normalizedAxes": [-0.3969290256500244, 0.9178493022918701, 2.0380348570811393e-16, 0, -2.220446049250313e-16, 1, 0.9178493022918701, 0.3969290256500244, 8.813594868373729e-17]}, "segments": [3022, 3124, 60688, 2794, 2298, 2775, 3128, 60613, 60679], "label": "books"}, {"objectId": 47, "id": 47, "partId": 47, "index": 38, "dominantNormal": [0.8928547501564026, 0.4503447711467743, 9.999662678933914e-17], "obb": {"axesLengths": [0.28866045346673685, 0.4302020274802587, 0.106820291841013], "centroid": [-0.6067310678022793, 1.042117341721341, -0.6174520207663923], "normalizedAxes": [-0.4503447413444519, 0.8928547501564026, 1.9825358025391595e-16, 0, -2.220446049250313e-16, 1, 0.8928547501564026, 0.4503447413444519, 9.999662017189424e-17]}, "segments": [69294, 28179, 42151, 45970, 68219, 50252], "label": "towel"}, {"objectId": 48, "id": 48, "partId": 48, "index": 39, "dominantNormal": [0.7127377390861511, -0.70143061876297, -1.5574888462554392e-16], "obb": {"axesLengths": [0.2783571950768398, 0.34000001087784726, 0.10832458013714966], "centroid": [-0.8236810774041117, 0.9861032661871354, -0.3800000182437153], "normalizedAxes": [0.70143061876297, 0.7127377390861511, 1.5825956969054447e-16, 0, -2.220446049250313e-16, 1, 0.7127377390861511, -0.70143061876297, -1.5574888462554392e-16]}, "segments": [71165, 50785, 71078], "label": "item"}, {"objectId": 49, "id": 49, "partId": 49, "index": 40, "dominantNormal": [0, -2.220446049250313e-16, 1], "obb": {"axesLengths": [1.920508556825758, 0.202087993873179, 0.6531040200597643], "centroid": [-1.6624620203885736, -0.041039274538691384, -0.42900802151565287], "normalizedAxes": [0.9027512669563293, 0.4301629364490509, 9.551535927722086e-17, 0, -2.220446049250313e-16, 1, 0.4301629364490509, -0.9027512669563293, -2.0045104841688962e-16]}, "segments": [49840, 49454, 50769, 50600, 73577, 58822, 58826, 76118, 76187, 45084, 45386, 47445, 47502, 49038, 49439, 49507, 49541, 49578, 49583, 49590, 49598, 49634, 49645, 49661, 49681, 49742, 49763, 49774, 49794, 50011, 50549, 50561, 58393, 58469, 58885, 60343, 67808, 67844, 67849, 68113, 68467, 68470, 68472, 68534, 68601, 68604, 68735, 68736, 68830, 73027, 73236, 73290, 73533, 73571, 75959, 75970], "label": "stove"}, {"objectId": 50, "id": 50, "partId": 50, "index": 41, "dominantNormal": [0, -2.220446049250313e-16, 1], "obb": {"axesLengths": [0.40504670193329156, 0.15642597921730617, 0.2776249830270733], "centroid": [-2.3770412734841995, -1.9056303235089203, 0.4082129712904319], "normalizedAxes": [-0.5303784608840942, 0.8477609753608704, 1.8824075084486366e-16, 0, -2.220446049250313e-16, 1, 0.8477609753608704, 0.5303784608840942, 1.1776767580775488e-16]}, "segments": [46385, 70554, 48787, 46401], "label": "picture"}, {"objectId": 56, "id": 56, "partId": 56, "index": 42, "dominantNormal": [0.6856569051742554, -0.7279248237609863, -1.6163177990713125e-16], "obb": {"axesLengths": [0.17458722732027843, 2.039999975860119, 0.040088365989034355], "centroid": [2.632677623045199, 1.423542206011412, -0.3100000493126358], "normalizedAxes": [0.7279248237609863, 0.6856569647789001, 1.52246429858427e-16, 0, -2.220446049250313e-16, 1, 0.6856569647789001, -0.7279248237609863, -1.6163177990713125e-16]}, "segments": [18034, 33672, 11123, 11108], "label": "wall"}, {"objectId": 61, "id": 61, "partId": 61, "index": 44, "dominantNormal": [0.6427999138832092, -0.7660341262817383, -1.7009374492932012e-16], "obb": {"axesLengths": [0.30448208987183173, 0.2963219963836222, 0.2886760892556636], "centroid": [0.6262783622741174, -0.9711635761577484, -0.0018390284710605442], "normalizedAxes": [0.7660341262817383, 0.6427999138832092, 1.4273025292404134e-16, 0, -2.220446049250313e-16, 1, 0.6427999138832092, -0.7660341262817383, -1.7009374492932012e-16]}, "segments": [54938, 54505, 37578, 31952, 34704, 34684, 37595, 37616, 54528, 74495], "label": "items"}, {"objectId": 63, "id": 63, "partId": 63, "index": 45, "dominantNormal": [0.5845556259155273, -0.8113536238670349, -1.8015669486604822e-16], "obb": {"axesLengths": [0.3747771000908647, 0.19194800722715233, 0.17130590999665887], "centroid": [-0.46968996792441586, -1.8572293928304637, 0.3340259698725636], "normalizedAxes": [0.8113536238670349, 0.5845556259155273, 1.2979742301311766e-16, 0, -2.220446049250313e-16, 1, 0.5845556259155273, -0.8113536238670349, -1.8015669486604822e-16]}, "segments": [56603, 76075, 55748, 15061, 16065, 55820, 55845, 56050, 56063, 56064, 56068, 56072, 56085, 56113, 75103, 75107, 75797, 75815, 75820, 75829, 75831, 75875, 75905, 75887, 56046, 16072, 55827, 75112, 75814, 75878], "label": "shelf"}, {"objectId": 201, "id": 201, "partId": 201, "index": 46, "dominantNormal": [-0.619446873664856, -0.7850385904312134, -1.7431358366320224e-16], "obb": {"axesLengths": [0.2938453069491157, 0.3966909856343792, 0.1679989836500293], "centroid": [-2.636510041250782, -1.3784917257779457, 0.528345474498968], "normalizedAxes": [0.7850385904312134, -0.619446873664856, -1.3754483633495872e-16, 0, -2.220446049250313e-16, 1, -0.619446873664856, -0.7850385904312134, -1.7431358366320224e-16]}, "segments": [77119, 39386, 57458, 57399, 57416], "label": "items"}, {"objectId": 203, "id": 203, "partId": 203, "index": 47, "dominantNormal": [0, -2.220446049250313e-16, 1], "obb": {"axesLengths": [1.072457955424057, 0.35214795875218585, 0.6517600891265002], "centroid": [-1.41370053560639, 0.5457856481310894, -0.5060740091682083], "normalizedAxes": [0.9265356659889221, 0.3762069642543793, 8.353472674790902e-17, 0, -2.220446049250313e-16, 1, 0.3762069642543793, -0.9265356659889221, -2.0573224590346098e-16]}, "segments": [44643, 42712, 42903, 42980, 51945, 45178, 45143, 45196, 45075, 51926, 71766, 44971, 71802, 66883, 43241, 43088, 43025, 49151, 68293, 47995, 44625], "label": "sink"}, {"objectId": 204, "id": 204, "partId": 204, "index": 48, "dominantNormal": [0, -2.220446049250313e-16, 1], "obb": {"axesLengths": [1.0655716149822065, 0.06000000104308123, 0.27012730479040503], "centroid": [0.4157075739186764, -1.146357919838136, 0.6599999576164031], "normalizedAxes": [0.7998152375221252, 0.600246250629425, 1.33281441578742e-16, 0, -2.220446049250313e-16, 1, 0.600246250629425, -0.7998152375221252, -1.7759465842862038e-16]}, "segments": [26923, 26002], "label": "shelf"}], "scan_id": "ddc737b1-765b-241a-9c21-a4e2674b2853", "annId": "3959", "appId": "stk.v1"}