{"segGroups": [{"objectId": 1, "id": 1, "partId": 1, "index": 0, "dominantNormal": [0, -2.220446049250313e-16, 1], "obb": {"axesLengths": [8.632848794151009, 0.30986999772779744, 5.639093295775181], "centroid": [-0.6807256416732019, -2.4508807725104096, -1.4750649543464556], "normalizedAxes": [0.660834014415741, 0.7505320906639099, 1.6665160155502566e-16, 0, -2.220446049250313e-16, 1, 0.7505320906639099, -0.660834014415741, -1.4673462765196565e-16]}, "segments": [74403, 74642, 107321, 50881, 89355, 31540, 74176, 18869, 13634, 6856, 6914, 6923, 6975, 6985, 7133, 7150, 7164, 7252, 11398, 11417, 20210, 20217, 20219, 20227, 20251, 20256, 20275, 20291, 20307, 20313, 20324, 20329, 20362, 20373, 20386, 20394, 21104, 21128, 21130, 21166, 21173, 21208, 21221, 21233, 21252, 21283, 21289, 21306, 21314, 21335, 21351, 21365, 21373, 21386, 21400, 21411, 21414, 21415, 21419, 21422, 21423, 21435, 21596, 21640, 21702, 21711, 21721, 21745, 21755, 21761, 21801, 21815, 21819, 21837, 21861, 21863, 21864, 22883, 22884, 22891, 22904, 22907, 23497, 23773, 24364, 24461, 24482, 24520, 24521, 24531, 24563, 24569, 24571, 24670, 24678, 24683, 24684, 24685, 24695, 24702, 24718, 24726, 24752, 24754, 24777, 24780, 24795, 24808, 24828, 24861, 24864, 24925, 24953, 25059, 25158, 25192, 25400, 25410, 25787, 25857, 25877, 25878, 25882, 25932, 25989, 26150, 26156, 26163, 27860, 27870, 28806, 28820, 28905, 28926, 28946, 29025, 29045, 29074, 29090, 29092, 31128, 31601, 31974, 31997, 32058, 32066, 32109, 32111, 32133, 32476, 32573, 32634, 32652, 32675, 32711, 32714, 32743, 32760, 32781, 32785, 33475, 33497, 33504, 33505, 33517, 33540, 33564, 34268, 35418, 35470, 37111, 37113, 37118, 38140, 38154, 38291, 40987, 41047, 41050, 41051, 41076, 41104, 41108, 41949, 41981, 43616, 46404, 46410, 46459, 46483, 46492, 47010, 47019, 47042, 47076, 47083, 47124, 47138, 47146, 47159, 47486, 47783, 47796, 47932, 48064, 48095, 48121, 48885, 48888, 49017, 49121, 49302, 50176, 50719, 50764, 50765, 50774, 50780, 50782, 50788, 50792, 51497, 56606, 60600, 61042, 61621, 63553, 63623, 63651, 63747, 63827, 63835, 63855, 63878, 63919, 63928, 63930, 63960, 63982, 63983, 63989, 63992, 64007, 64011, 64037, 64067, 64107, 64117, 64122, 64130, 65544, 65625, 65668, 65672, 65711, 65716, 65723, 65726, 65728, 65744, 65747, 65767, 65781, 65784, 65790, 65796, 65912, 65967, 66213, 66630, 66865, 66900, 66925, 67451, 67473, 69448, 69503, 69576, 70338, 71214, 71247, 72423, 76407, 76912, 76934, 76941, 76973, 76989, 76995, 77010, 77030, 77048, 77096, 77267, 77298, 77329, 77384, 77479, 77500, 77520, 77546, 77786, 77792, 78500, 78876, 78910, 78976, 78987, 78999, 79018, 79135, 79254, 79274, 79275, 79283, 79300, 79309, 79311, 79328, 79483, 79672, 80674, 83240, 85230, 85447, 85491, 85503, 85541, 85546, 85622, 85645, 85655, 85695, 85814, 85864, 85873, 85925, 85957, 85962, 86097, 86279, 86322, 86368, 86451, 90254, 91152, 91634, 91639, 91660, 91671, 91697, 91700, 91707, 91718, 91722, 91726, 91738, 91747, 91749, 91754, 91757, 91765, 91767, 91769, 91784, 91801, 91879, 91891, 91898, 92441, 92569, 92587, 92595, 92599, 92615, 92616, 92619, 92646, 92655, 92660, 92671, 92680, 92716, 92747, 92763, 92784, 92789, 92794, 93159, 96322, 96325, 96328, 96330, 99617, 99620, 99635, 99641, 99643, 99807, 99813, 99818, 99821, 99826, 99834, 99858, 99881, 99906, 99909, 99911, 99913, 99915, 99985, 99989, 99990, 99994, 100796, 100798, 100800, 100806, 100820, 100823, 100826, 100831, 100834, 100840, 100842, 100872, 100876, 100880, 100882, 100887, 102558, 102577, 102725, 102809, 102814, 102818, 102823, 103031, 103131, 104389, 104886, 104888, 106245, 106399, 106509, 106510, 106524, 106700, 107131, 107287, 107290, 107296, 107306, 107316, 108731, 108732, 108737, 108745, 110474, 110891, 112062, 112849, 112886, 112889, 112931, 112955, 112964, 112989, 112992, 112997, 113001, 113006, 113014, 113015, 113082, 113084, 113086, 113159, 113485, 113499, 113510, 113519, 113523, 113528, 113538, 113541, 113564, 114008, 114010, 114035, 114179, 117833, 117848, 117896, 117904, 118050, 118400, 118402, 118409, 118794, 118796, 118824, 118826, 118827, 118997, 122950, 122973, 122975, 122985, 122988, 122990, 122993, 123014, 123017, 123019, 123020, 124519, 125699, 125700, 125712, 125714, 125727, 125731, 125743, 126339, 126341, 126343, 126350, 126352, 126396, 126422, 126425, 126463, 126487, 126516, 126726, 127143, 127779, 127821, 128326, 128455, 128567, 128575, 128577, 128583, 128588, 128594, 128600, 128703, 128711, 128718, 128774, 128844, 128862, 128952, 128956, 12867, 126591, 32601, 63084, 33928, 11391, 11407, 33869, 97302, 103155, 88131, 101441, 128420, 128493, 127550, 55716, 48464, 55721, 55581, 32762, 103597, 103657, 35485, 104134, 32670, 24773, 126377], "label": "floor"}, {"objectId": 2, "id": 2, "partId": 2, "index": 1, "dominantNormal": [0, -2.220446049250313e-16, 1], "obb": {"axesLengths": [2.285447078551192, 0.8043399869425597, 1.4879402259040697], "centroid": [-4.778372163393004, -4.506481466516953, -1.1321699906400582], "normalizedAxes": [0.904956042766571, -0.4255050718784332, -9.448110557884376e-17, 0, -2.220446049250313e-16, 1, -0.4255050718784332, -0.904956042766571, -2.00940606990623e-16]}, "segments": [5783, 101160, 111853, 5270, 5360, 23592, 4471, 3705, 1676, 78704, 2047, 65343, 593, 626, 1008, 1009, 1010, 1012, 1016, 1976, 2151, 2201, 2284, 2798, 3651, 3738, 7339, 27187, 61336, 64637, 64667, 64672, 64678, 93827, 93850, 93852, 93933, 93958, 94018, 94027, 100700, 113163, 118572, 103511, 28350, 25687, 7634], "label": "stairs"}, {"objectId": 3, "id": 3, "partId": 3, "index": 2, "dominantNormal": [-0.6596804261207581, -0.7515462636947632, -1.668767932049871e-16], "obb": {"axesLengths": [5.208178915629113, 3.1679299361721425, 0.5175644191546285], "centroid": [1.948618967762036, 0.8402205498846977, 0.03396505600292121], "normalizedAxes": [0.7515462636947632, -0.6596804261207581, -1.4647847959476003e-16, 0, -2.220446049250313e-16, 1, -0.6596804261207581, -0.7515462636947632, -1.668767932049871e-16]}, "segments": [48148, 6417, 39777, 16845, 17250, 51746, 43191, 3846, 6319, 14044, 14096, 19196, 20939, 25532, 27447, 27459, 27987, 33818, 39418, 39419, 39462, 39476, 39646, 40257, 40486, 40900, 40943, 41036, 41066, 41075, 41811, 44154, 45012, 45039, 45727, 46612, 46624, 46636, 47577, 48163, 50175, 50715, 50776, 51710, 51788, 51789, 53215, 53411, 53609, 53615, 53691, 54605, 54626, 54760, 58202, 64542, 64553, 64758, 65002, 65110, 68040, 71192, 71204, 71575, 71731, 72415, 76322, 76339, 77617, 77650, 77652, 78157, 78164, 78866, 78908, 78934, 78978, 79005, 79157, 79214, 81048, 85776, 86354, 87867, 87900, 87998, 88335, 88346, 88445, 88446, 88752, 91597, 94286, 94375, 98140, 104883, 105162, 106636, 107735, 107744, 108114, 108625, 114101, 116170, 118787, 120282, 122737, 125707, 3621, 14115, 44155, 45718, 91027], "label": "wall"}, {"objectId": 4, "id": 4, "partId": 4, "index": 3, "dominantNormal": [-0.6539368629455566, -0.7565491199493408, -1.679876504455315e-16], "obb": {"axesLengths": [1.4932479408077453, 1.8399998730421088, 0.09948258084188155], "centroid": [1.9957261329930551, 0.8845413643991193, 0.38999998256564217], "normalizedAxes": [0.7565491199493408, -0.6539368629455566, -1.4520315237866047e-16, 0, -2.220446049250313e-16, 1, -0.6539368629455566, -0.7565491199493408, -1.679876504455315e-16]}, "segments": [22531, 25237, 21006, 119748, 37448, 22542, 49203, 74433, 74457, 25581, 36962, 73617, 73630, 74339, 74341, 74393, 88169, 89093], "label": "picture"}, {"objectId": 5, "id": 5, "partId": 5, "index": 4, "dominantNormal": [0, -2.220446049250313e-16, 1], "obb": {"axesLengths": [0.7979596153156084, 0.7941900314199168, 0.8964602751371189], "centroid": [2.570075573270606, -0.03546965976652672, -1.1670949738376954], "normalizedAxes": [-0.47754138708114624, 0.8786092400550842, 1.9509044159151317e-16, 0, -2.220446049250313e-16, 1, 0.8786092400550842, 0.47754138708114624, 1.0603548862978457e-16]}, "segments": [122405, 72915, 122302, 60320, 61539, 78387, 91488, 122487, 59621, 59631, 59679, 59896, 59944, 59979, 59983, 60020, 60022, 60149, 60164, 60234, 60290, 60380, 60392, 61122, 61183, 61205, 61211, 61469, 61506, 71497, 71535, 71600, 72405, 72806, 72900, 73042, 73074, 77132, 77142, 77160, 77172, 77181, 77198, 77209, 77229, 77232, 77247, 77270, 77303, 77311, 77313, 78381, 78552, 78620, 82058, 82109, 82113, 82119, 82135, 82161, 82165, 82175, 82179, 82190, 82197, 82203, 82243, 82249, 82252, 82701, 82721, 82769, 83883, 83884, 83941, 83945, 83973, 84006, 84093, 84119, 84191, 84311, 84323, 84340, 84365, 84406, 85296, 91435, 91436, 91437, 91443, 91453, 91462, 91547, 110097, 110231, 110236, 110237, 110248, 110423, 110426, 110657, 110716, 110743, 116099, 116101, 118275, 118283, 118291, 118296, 118517, 118681, 120944, 120987, 120991, 120995, 121906, 121910, 121912, 121941, 121949, 121953, 121956, 122270, 122324, 122376, 122602, 125502, 125562, 125563, 125570, 125578, 125606, 125674, 125678, 88519, 72311, 59779, 118624, 72277, 118519, 83296, 85280, 125688, 71222, 50210, 6350, 121619, 83228], "label": "armchair"}, {"objectId": 6, "id": 6, "partId": 6, "index": 5, "dominantNormal": [0.7899928689002991, -0.6131160259246826, -1.361391057496514e-16], "obb": {"axesLengths": [0.7236721064072686, 0.7525999377831827, 0.7436343759643476], "centroid": [1.1685802893832888, 1.1604973447564841, -1.126299946539849], "normalizedAxes": [0.7899928689002991, -0.6131160259246826, -1.361391057496514e-16, 0, -2.220446049250313e-16, 1, -0.6131160259246826, -0.7899928689002991, -1.7541365446855896e-16]}, "segments": [45815, 80249, 80696, 79347, 78266, 78831, 79080, 79082, 80151, 89663, 89687, 118675, 118777, 118811, 118929, 119108, 119139, 122963, 124505, 50690, 79767, 85248, 13031, 80173, 79756], "label": "armchair"}, {"objectId": 7, "id": 7, "partId": 7, "index": 6, "dominantNormal": [0, -2.220446049250313e-16, 1], "obb": {"axesLengths": [0.6075066869932596, 0.5389419673619722, 0.7099170828391613], "centroid": [1.8524876009612803, 0.4707239041554696, -1.2539389393343257], "normalizedAxes": [0.7406226396560669, -0.6719211935997009, -1.4919647597360107e-16, 0, -2.220446049250313e-16, 1, -0.6719211935997009, -0.7406226396560669, -1.644512614209652e-16]}, "segments": [77024, 77879, 116118, 117859, 6203, 6230, 6232, 71900, 72238, 72257, 72264, 76311, 77037, 77531, 77540, 77553, 77605, 77849, 78101, 116114, 117840, 118356, 118360, 118397, 118471], "label": "table"}, {"objectId": 8, "id": 8, "partId": 8, "index": 7, "dominantNormal": [-0.3215098977088928, -0.9469062089920044, -2.1025541507668874e-16], "obb": {"axesLengths": [1.0113571093867553, 2.6025499715831124, 0.6910039051645365], "centroid": [0.36684326437260517, 2.0821628022315695, -0.22872494581211433], "normalizedAxes": [0.9469062089920044, -0.3215098977088928, -7.138953821625834e-17, 0, -2.220446049250313e-16, 1, -0.3215098977088928, -0.9469062089920044, -2.1025541507668874e-16]}, "segments": [98333, 119896, 3186, 3166, 4209, 95496, 100084, 4454, 98264, 39457, 98066, 98412, 17740, 16245, 95747, 82125, 98377, 16111, 17742, 14001, 17571, 121989, 122242, 62561, 62292, 67959, 113461, 105180, 105176, 42898, 116464, 105464, 105245, 2149, 2157, 2159, 3128, 3215, 3235, 3629, 3697, 3710, 3867, 3878, 3904, 3992, 4089, 4109, 4113, 4121, 4175, 4183, 4202, 4239, 4346, 4354, 4363, 4378, 4380, 4388, 4393, 4408, 4413, 4522, 4525, 4597, 4598, 5017, 15099, 15111, 15112, 15116, 15126, 15136, 15173, 15177, 15180, 15184, 15211, 15228, 15245, 15262, 15285, 15310, 15321, 16058, 16086, 16097, 16139, 16155, 16163, 16219, 16224, 16228, 16234, 16320, 16333, 16374, 16388, 16424, 16531, 16539, 16563, 16584, 16648, 17414, 17429, 17435, 17475, 17530, 17649, 17670, 17672, 17679, 17708, 17725, 17771, 17777, 17784, 17822, 17849, 17859, 18252, 18263, 18277, 38478, 39092, 39391, 39940, 40217, 40414, 41881, 42811, 42833, 42839, 42853, 42974, 42988, 43009, 43021, 43032, 43041, 43065, 43081, 43088, 43113, 43180, 43224, 44242, 44975, 45127, 45393, 45461, 45467, 45472, 45501, 45503, 45520, 45543, 45551, 45577, 45881, 46512, 46585, 46785, 50807, 50824, 53167, 53337, 53422, 60501, 60502, 60520, 61209, 62441, 62442, 62569, 62571, 62601, 67645, 67751, 67883, 68044, 68126, 68603, 69206, 71029, 71041, 71239, 71256, 81009, 81102, 81117, 81158, 81194, 81196, 81210, 81214, 81221, 81255, 81259, 81299, 81333, 81356, 81421, 81494, 81599, 81610, 81691, 81699, 81723, 81777, 81779, 81844, 81881, 81891, 81917, 81932, 83249, 83575, 83610, 83611, 83638, 83644, 83694, 83753, 83771, 83782, 83799, 83843, 83855, 83924, 83926, 83949, 83953, 84698, 84709, 84720, 84738, 84747, 84816, 93982, 94118, 94274, 94278, 94282, 94284, 94303, 94352, 94354, 94420, 94460, 94462, 95316, 95472, 95486, 95488, 95491, 95494, 95531, 95564, 95605, 95645, 95653, 95656, 95666, 95698, 95714, 95845, 96003, 96009, 96012, 96015, 97926, 97938, 97939, 97942, 98028, 98039, 98153, 98164, 98205, 98242, 98244, 98282, 98322, 98395, 98399, 98400, 98424, 98431, 98467, 98488, 98667, 98700, 98724, 98735, 98746, 98755, 98802, 98838, 98859, 98861, 100033, 100905, 105192, 105698, 105702, 105704, 105714, 106111, 106248, 106253, 111326, 111362, 113414, 119560, 119563, 119566, 119586, 119593, 119596, 119597, 119611, 120689, 120810, 120841, 120873, 120878, 120919, 120934, 121018, 121051, 121066, 121078, 121087, 121116, 121163, 121168, 121176, 121190, 121903, 122068, 122087, 122130, 122148, 122332, 122702, 122791, 122794, 67683, 38479, 38930, 39735, 44115, 45134, 84737, 84739, 84742, 84775, 84796, 93862, 94124, 94142, 94272, 95477, 98679, 118939, 118944, 118945, 119523, 122700], "label": "plant"}, {"objectId": 9, "id": 9, "partId": 9, "index": 8, "dominantNormal": [0.6909437775611877, -0.7229084968566895, -1.6051793158149185e-16], "obb": {"axesLengths": [1.6457678619479372, 3.1475198757457745, 0.5920373960965095], "centroid": [-0.5905979005137307, 2.123012043452178, 0.02376002578973746], "normalizedAxes": [0.7229084968566895, 0.6909437775611877, 1.5342033811398264e-16, 0, -2.220446049250313e-16, 1, 0.6909437775611877, -0.7229084968566895, -1.6051793158149185e-16]}, "segments": [93272, 7982, 26677, 29512, 27405, 72469, 75065, 8184, 8209, 8240, 14105, 14962, 14974, 15349, 23682, 26272, 27433, 27458, 31288, 32523, 32541, 32566, 44046, 44089, 71339, 71372, 72733, 73337, 73992, 74000, 74017, 74029, 74074, 75083, 79511, 79565, 84672, 88911, 96412, 96809, 97663, 105670, 116614, 116618, 116787, 124332, 124344, 124350], "label": "wall"}, {"objectId": 10, "id": 10, "partId": 10, "index": 9, "dominantNormal": [0.7454165816307068, -0.666598916053772, -1.480146929586139e-16], "obb": {"axesLengths": [3.0304760016356003, 1.4178199600170551, 0.2531511167874514], "centroid": [-5.282037001155949, -3.6247219309326253, -0.8189099713658539], "normalizedAxes": [0.666598916053772, 0.7454165816307068, 1.6551573037275764e-16, 0, -2.220446049250313e-16, 1, 0.7454165816307068, -0.666598916053772, -1.480146929586139e-16]}, "segments": [64684, 60644, 89778, 433, 93811, 84448, 26711, 26783], "label": "wall"}, {"objectId": 11, "id": 11, "partId": 11, "index": 10, "dominantNormal": [-0.629511833190918, -0.7769908905029297, -1.7252663531207128e-16], "obb": {"axesLengths": [2.337274608111463, 3.091479947608411, 0.2731900028734135], "centroid": [-3.619727213795443, -5.559660763585156, 0.04165995586678517], "normalizedAxes": [0.7769908905029297, -0.629511833190918, -1.397797062965096e-16, 0, -2.220446049250313e-16, 1, -0.629511833190918, -0.7769908905029297, -1.7252663531207128e-16]}, "segments": [59682, 92821, 80351, 112094, 26392, 9872, 7053, 7075, 7077, 7087, 7089, 7349, 7351, 7364, 7368, 7406, 7443, 7445, 7468, 7470, 7471, 7474, 7505, 7508, 7595, 7644, 7656, 7657, 8014, 8762, 8793, 8837, 8865, 8988, 9910, 9912, 10646, 12323, 12330, 26489, 26501, 26502, 26525, 26547, 26551, 26565, 26566, 26590, 26592, 26604, 29533, 29547, 29554, 29576, 29587, 29595, 30081, 61917, 61937, 61938, 63108, 79435, 79446, 79469, 80261, 96292, 96301, 96358, 96365, 96370, 96374, 96380, 96385, 96392, 96393, 96507, 96564, 97419, 97431, 101164, 101169, 101170, 101175, 101177, 101180, 102047, 102050, 112284, 112449, 112451, 112458, 112463, 112841, 118767, 80307, 7605, 79861, 79951, 79959, 118814], "label": "wall"}, {"objectId": 12, "id": 12, "partId": 12, "index": 11, "dominantNormal": [-0.6389757394790649, -0.7692269086837769, -1.7080268503639237e-16], "obb": {"axesLengths": [1.094954365637667, 0.7799999856203794, 0.12593528917131833], "centroid": [-3.785992198233611, -5.438885315966191, 0.41999999705702074], "normalizedAxes": [0.7692269086837769, -0.6389757394790649, -1.418811156293087e-16, 0, -2.220446049250313e-16, 1, -0.6389757394790649, -0.7692269086837769, -1.7080268503639237e-16]}, "segments": [60013, 62536, 8107], "label": "picture"}, {"objectId": 13, "id": 13, "partId": 13, "index": 12, "dominantNormal": [0.2767299711704254, -0.9609476923942566, -2.1337325071130322e-16], "obb": {"axesLengths": [1.1847542104500712, 2.177579950297326, 0.5053399825419644], "centroid": [0.6865639676486885, -4.411492294759082, -0.11878996263168773], "normalizedAxes": [0.9609476923942566, 0.2767299711704254, 6.144639711945242e-17, 0, -2.220446049250313e-16, 1, 0.2767299711704254, -0.9609476923942566, -2.1337325071130322e-16]}, "segments": [32214, 105089, 33664, 41778, 105041, 42505, 108801, 42441, 42178, 51412, 52582, 54139, 52652, 51326, 43730, 42029, 41667, 32228, 51963, 39543, 107945, 52426, 117350, 117199, 39872, 38666, 36297, 75533, 109445, 109111, 109244, 55160, 55123, 109169, 52245, 33948, 31452, 102698, 30626, 33723, 456, 1885, 2291, 5501, 30597, 30653, 30681, 30695, 30704, 30777, 30785, 30834, 30840, 30955, 31887, 31888, 32169, 32311, 33754, 34059, 34086, 35105, 36371, 36380, 36382, 38576, 38617, 38651, 38704, 38724, 38737, 38754, 38804, 38818, 38858, 38866, 38867, 38908, 39449, 39451, 39475, 39486, 39496, 39517, 39604, 39608, 39627, 39654, 39658, 39663, 39666, 39678, 39690, 39707, 39719, 39720, 39757, 39765, 39771, 39772, 39781, 39799, 39805, 39843, 39845, 39856, 39859, 40039, 40123, 40135, 40138, 40142, 40161, 40183, 40186, 40205, 40212, 40215, 40223, 40225, 40260, 40271, 40293, 40313, 40317, 40323, 40334, 40340, 40358, 40373, 40389, 40401, 40405, 40410, 40421, 40427, 40428, 40441, 40455, 40456, 40460, 40461, 40462, 40469, 40497, 40498, 40600, 41463, 41471, 41482, 41485, 41494, 41527, 41540, 41556, 41589, 41602, 41637, 41640, 41653, 41669, 41729, 41736, 41766, 41789, 42043, 42075, 42085, 42122, 42168, 42173, 42460, 42580, 42606, 42620, 42626, 42631, 42635, 42636, 42638, 42658, 42661, 43678, 43723, 43735, 43796, 43863, 43920, 43957, 45210, 51293, 51297, 51414, 51932, 51968, 51992, 51998, 52008, 52010, 52025, 52029, 52074, 52079, 52083, 52091, 52109, 52121, 52163, 52166, 52174, 52182, 52200, 52222, 52227, 52235, 52249, 52284, 52285, 52287, 52317, 52320, 52335, 52357, 52359, 52373, 52378, 52397, 52400, 52403, 52411, 52445, 52452, 52460, 52468, 52496, 52613, 52878, 52890, 52899, 52935, 52949, 52953, 52958, 52982, 52988, 52990, 52999, 53002, 53014, 53028, 53034, 53037, 53071, 53083, 53088, 53109, 53162, 53194, 53231, 53238, 53241, 53246, 53940, 53957, 54152, 54198, 54306, 54339, 54379, 54420, 54442, 54445, 55099, 55104, 55118, 55128, 55139, 55148, 55164, 55165, 55231, 55256, 55281, 55285, 55304, 55306, 55318, 55322, 55339, 55355, 55356, 55389, 55509, 75470, 75486, 75489, 75498, 75508, 75522, 75531, 75583, 75585, 75615, 75642, 75643, 75685, 75687, 75694, 75750, 75774, 75822, 75872, 75906, 75924, 75947, 80306, 80338, 80341, 80380, 80382, 80404, 80426, 80447, 80470, 80479, 80483, 80489, 80494, 96843, 99016, 102525, 102535, 103165, 103435, 104186, 104409, 104414, 104418, 104431, 104543, 104551, 104552, 104636, 104654, 104657, 104659, 104663, 104675, 104682, 104688, 104690, 104695, 104711, 104714, 104722, 104732, 104736, 104742, 104751, 104761, 104766, 104769, 104776, 104999, 105000, 105004, 105008, 105127, 105129, 105135, 105468, 105491, 105640, 105651, 105659, 107516, 107594, 107612, 107620, 107662, 107926, 107932, 107939, 107946, 107948, 107960, 107972, 107981, 108004, 108009, 108010, 108200, 108205, 108246, 108249, 108266, 108272, 108285, 108293, 108307, 108315, 108325, 108327, 108332, 108339, 108359, 108365, 108367, 108370, 108375, 108384, 108791, 108877, 108904, 108930, 109134, 109137, 109141, 109150, 109151, 109160, 109502, 109519, 109537, 109542, 109547, 109603, 109608, 109644, 109912, 116975, 117226, 117358, 117378, 117395, 117402, 117403, 117405, 117409, 117414, 117421, 117427, 117437, 117811, 119147, 119148, 119152, 119155, 119216, 119270, 119389, 119394, 119408, 109745, 54002, 40062, 54075, 119404, 124393, 89163, 39139, 39153, 104804, 40765, 664, 11359, 39159, 39223, 39228, 39235, 39239, 39258, 39297, 39309, 39320, 39345, 40069, 40079, 40111, 40609, 40625, 40673, 40678, 40699, 40711, 40757, 40794, 40801, 43683, 43716, 43724, 43848, 43852, 43870, 43894, 43963, 45222, 45238, 45251, 45292, 51403, 54015, 54020, 54080, 54098, 54287, 54294, 54298, 54300, 54302, 54353, 54416, 54463, 54480, 54795, 54837, 54842, 54964, 55116, 55184, 55188, 55191, 55196, 55270, 55272, 55336, 55372, 55375, 55377, 55386, 55444, 55466, 55496, 55499, 75984, 89191, 89222, 89245, 89251, 89255, 89256, 99303, 104785, 104788, 104789, 104816, 104819, 104853, 105470, 105488, 106153, 108773, 108979, 108984, 108986, 108988, 109027, 109129, 109142, 109373, 109417, 109427, 109491, 109499, 109512, 109517, 109627, 109629, 109635, 109678, 124399, 124402, 124409, 124446, 104503, 39212, 39270, 39279, 39285, 39302, 39332, 39342, 39344, 39354, 39357, 39383, 40838, 76152, 89262, 89263, 89270, 89285, 89306, 89308, 89309, 89315, 104455, 104461, 104463, 104467, 104485, 104489, 104498, 124462, 124466, 124472, 124474, 89237, 40779, 54986, 54966, 54866, 54878, 39358, 54852, 54858, 109419, 31893, 41418], "label": "blinds"}, {"objectId": 14, "id": 14, "partId": 14, "index": 13, "dominantNormal": [0.4048158824443817, -0.914398193359375, -2.030371855886448e-16], "obb": {"axesLengths": [1.32130647447272, 2.339999921470881, 0.45881940755157796], "centroid": [-0.5112511724986379, -4.667690879996971, 0.21999999947845983], "normalizedAxes": [0.914398193359375, 0.4048158824443817, 8.988718268474065e-17, 0, -2.220446049250313e-16, 1, 0.4048158824443817, -0.914398193359375, -2.030371855886448e-16]}, "segments": [33033, 33092, 27518, 27060, 103909, 27686, 27750, 123607, 101866, 35873, 52912, 35984, 35869, 35729, 33293, 33158, 117538, 34904, 36190, 104190, 26862, 26872, 26920, 26933, 26964, 26971, 26973, 26976, 27011, 27062, 27071, 27097, 27109, 27521, 27530, 27560, 27570, 27588, 27595, 27616, 27621, 27642, 27668, 27733, 27734, 27748, 27763, 27770, 27839, 27920, 27964, 27975, 28452, 28479, 28493, 28506, 28514, 28523, 28548, 28559, 28581, 28625, 28630, 28638, 28648, 28664, 28687, 28702, 28727, 28731, 29172, 29189, 29199, 29406, 29408, 29416, 29417, 29446, 29451, 29469, 29480, 29716, 29719, 30128, 30140, 30193, 30195, 30214, 30234, 30237, 30245, 30268, 30286, 30333, 30336, 30363, 30406, 30660, 30738, 31910, 32974, 33011, 33015, 33066, 33077, 33101, 33121, 33132, 33155, 33159, 33179, 33194, 33206, 33231, 33236, 33263, 33283, 33338, 34606, 34637, 34640, 34642, 34652, 34660, 34671, 34681, 34683, 34686, 34700, 34704, 34730, 34741, 34766, 34800, 34855, 34865, 34899, 34908, 34924, 34927, 34933, 34948, 34956, 34964, 34972, 34977, 34983, 35000, 35004, 35009, 35021, 35618, 35623, 35647, 35648, 35671, 35677, 35697, 35704, 35711, 35728, 35744, 35746, 35823, 35836, 35858, 35878, 35883, 35885, 35891, 35905, 35929, 35931, 35982, 35988, 35996, 35999, 36011, 36020, 36030, 36075, 36079, 36151, 36174, 36326, 36441, 36449, 38530, 38532, 38694, 38744, 38758, 38807, 51406, 52531, 52558, 56521, 56563, 56611, 56623, 56626, 57296, 57561, 59138, 59154, 59170, 59180, 59189, 59241, 61248, 61249, 61378, 61699, 61714, 62273, 101451, 101859, 101861, 101867, 101868, 101870, 101873, 101895, 101896, 101899, 102001, 102018, 102023, 102126, 102141, 102145, 102147, 102153, 102157, 102163, 102165, 102174, 102219, 102252, 102276, 102720, 102977, 102983, 102984, 103005, 103007, 103020, 103023, 103026, 103325, 103333, 103336, 103339, 103342, 103351, 103352, 103358, 103363, 103369, 103371, 103377, 103381, 103393, 103397, 103400, 103405, 103409, 103428, 103784, 103872, 103917, 103925, 103930, 103941, 104075, 104077, 104082, 104097, 104099, 104139, 104144, 117737, 121555, 122637, 122641, 122643, 122686, 122688, 122980, 122983, 123002, 123319, 123544, 123588, 123721, 34781, 30822, 30844, 34752, 35019, 36454, 36464, 36478, 36482, 36483, 36490, 36495, 36505, 36513, 36549, 38847, 38901, 38938, 42421, 42584, 42671, 42675, 42677, 42690, 42700, 42717, 42733, 42744, 42754, 42769, 42770, 42783, 42797, 43101, 75521, 75558, 75628, 75667, 75702, 75782, 75787, 94167, 94171, 94172, 94186, 94190, 94194, 94198, 94202, 94205, 94210, 104165, 104197, 104213, 104219, 104226, 104228, 104230, 104426, 104434, 116977, 116980, 116984, 117385, 117431, 117804, 117642, 38968, 26854, 27054, 36870, 36902, 36920, 57591, 75929, 85999, 86020, 86028, 86109, 86148, 101887, 104234, 104236, 123025, 101590, 9115, 8263, 8161, 6085, 6014, 5923, 87692, 123231, 37342, 36882, 94576, 96646, 19620, 110044, 43913, 123201, 5936, 5967, 5984, 6017, 6251, 7822, 8187, 8195, 8288, 8290, 8292, 9031, 9039, 9154, 9158, 9168, 9190, 9200, 9212, 9241, 9263, 9867, 10300, 10336, 10611, 10966, 11414, 11427, 11431, 19479, 19526, 19534, 19538, 19580, 19617, 19643, 19665, 19668, 19705, 19766, 19805, 19810, 22313, 22418, 22445, 22618, 22749, 22758, 22849, 22856, 22929, 22932, 22934, 22938, 23010, 23052, 26824, 26834, 26884, 27764, 27895, 31875, 36546, 36579, 36592, 36603, 36641, 36642, 36658, 36664, 36686, 36687, 36701, 36703, 36707, 36728, 36737, 36752, 36790, 36835, 36853, 36880, 36942, 37002, 37137, 37153, 37344, 38853, 42356, 43712, 43865, 43879, 43944, 44043, 44093, 44277, 44445, 44451, 44486, 44509, 60169, 60377, 60863, 75156, 75262, 75303, 75430, 75575, 75577, 87142, 87156, 87176, 87189, 87222, 87224, 87266, 87561, 87572, 87576, 87601, 87616, 87636, 87733, 92258, 92556, 94154, 94581, 94587, 94596, 94608, 94615, 94616, 94620, 94623, 94662, 94698, 94701, 94706, 94709, 94711, 94771, 94782, 96644, 96660, 99289, 99292, 99294, 99296, 99299, 99302, 99309, 99348, 99370, 100143, 101448, 101481, 101619, 101622, 101625, 104422, 104439, 104538, 104778, 104779, 109954, 122680, 123194, 125232, 110493, 92878, 109667, 86902, 1703, 19547, 19559, 19560, 19598, 19632, 19715, 19773, 19779, 19792, 19829, 22987, 23166, 23172, 30747, 30801, 30837, 38850, 86915, 88233, 89467, 89493, 90189, 90939, 92341, 92963, 99311, 99351, 99372, 99382, 100021, 109412, 109506, 109653, 109973, 111340, 111428, 111774, 111787, 111890, 38657, 22643, 19693, 148, 19739, 21952, 21970, 21989, 22014, 86089, 86108, 92771, 92792, 92799, 93073, 99355, 99374, 100008, 109382, 110443, 123060, 94675, 11817, 12768, 12889, 94651], "label": "blinds"}, {"objectId": 15, "id": 15, "partId": 15, "index": 14, "dominantNormal": [0.5036659240722656, -0.863898515701294, -1.9182400461421477e-16], "obb": {"axesLengths": [1.1613730951165242, 2.3434609246970495, 0.6615103636768492], "centroid": [-1.5081198016323558, -5.2494372257169974, -0.21826948668950386], "normalizedAxes": [0.863898515701294, 0.5036659240722656, 1.1183630112482704e-16, 0, -2.220446049250313e-16, 1, 0.5036659240722656, -0.863898515701294, -1.9182400461421477e-16]}, "segments": [95350, 2932, 113976, 40790, 101750, 70106, 96224, 61189, 40566, 54000, 54113, 70032, 69943, 71633, 47907, 47720, 40517, 95578, 44275, 95570, 62884, 5253, 61156, 62400, 101027, 74720, 74542, 73191, 71654, 105765, 44331, 105860, 109941, 18217, 109391, 18346, 44542, 623, 667, 668, 678, 688, 817, 871, 1358, 1398, 1460, 1513, 1529, 2352, 2353, 2365, 2383, 2395, 2396, 2399, 2403, 2415, 2448, 2461, 2497, 2516, 2535, 2536, 2584, 2589, 2677, 2690, 2761, 2835, 2840, 2860, 2862, 2940, 3322, 3343, 3353, 3433, 3449, 3460, 3465, 3496, 3508, 3521, 3546, 3552, 3567, 3568, 3576, 5306, 5319, 14164, 14185, 14256, 14283, 14284, 14285, 14310, 14327, 14344, 14346, 14357, 14377, 14379, 14430, 14440, 14480, 14482, 14487, 14630, 14648, 14650, 14654, 14657, 14661, 14675, 14683, 14773, 14798, 14836, 14847, 14901, 14917, 14940, 14960, 14961, 14994, 15006, 15015, 15033, 15056, 15058, 15065, 15071, 16737, 16739, 16741, 16771, 16778, 16790, 16798, 16808, 16990, 17268, 17277, 17877, 17952, 17953, 17978, 18091, 18174, 18197, 18342, 18368, 18421, 18434, 18441, 18464, 18468, 18487, 18489, 18526, 18536, 18545, 18559, 18570, 18589, 18615, 18628, 19095, 22084, 22120, 22122, 22245, 22293, 22329, 22332, 22349, 22364, 22386, 22461, 22659, 22662, 22715, 22765, 22773, 22840, 22867, 22872, 22950, 23079, 23120, 23121, 23206, 28224, 28235, 40506, 40512, 40516, 40532, 40554, 40556, 40610, 40689, 40745, 40752, 41283, 44272, 44301, 44316, 44341, 44375, 44395, 44402, 44403, 44404, 44424, 44442, 44447, 44457, 44501, 44725, 44753, 44780, 44786, 47597, 47691, 47717, 47722, 48388, 48391, 48474, 48493, 48499, 48705, 48792, 48840, 48903, 49020, 49133, 49272, 49273, 49366, 49484, 49486, 49544, 49592, 49609, 49615, 49620, 53682, 53780, 53838, 53841, 53852, 53857, 53862, 53874, 54041, 54050, 54104, 54132, 54164, 54165, 54311, 54510, 54771, 54808, 60752, 60813, 60816, 60823, 60929, 61026, 61169, 61184, 61380, 61744, 61919, 61929, 61973, 61993, 61994, 62017, 62100, 62126, 62132, 62275, 62307, 62315, 62394, 62610, 62792, 62883, 62888, 62901, 62910, 63139, 63143, 63171, 65474, 65492, 65552, 69380, 69536, 69656, 69657, 69659, 69661, 70021, 70224, 70475, 70477, 70505, 70510, 71355, 71393, 71394, 71396, 71400, 71405, 71433, 71504, 71644, 71650, 71660, 71684, 71705, 71764, 72131, 72150, 72153, 72157, 72167, 72196, 72222, 72503, 72522, 72673, 72683, 72721, 72744, 72778, 72820, 73051, 73052, 73060, 73079, 73089, 73190, 73634, 73774, 73854, 73878, 73979, 73995, 74004, 74005, 74304, 74533, 74548, 74664, 74686, 74691, 74713, 82469, 82592, 82743, 82768, 82775, 82790, 82806, 82969, 82970, 83133, 83255, 83269, 83287, 83302, 83309, 83313, 83336, 83350, 83361, 83364, 83386, 83408, 83411, 83441, 83512, 83535, 83536, 83731, 85746, 86946, 92532, 93802, 93807, 93815, 93863, 93865, 93868, 93870, 93876, 93880, 93885, 93892, 93895, 93904, 93907, 93912, 93915, 93963, 93972, 93976, 93993, 94007, 94010, 94016, 94021, 94030, 94041, 94044, 94076, 94077, 94177, 94236, 94244, 94249, 94253, 94259, 94263, 94635, 94663, 94828, 94829, 94842, 94857, 94937, 94950, 94972, 94989, 94994, 95042, 95049, 95056, 95226, 95245, 95271, 95274, 95275, 95277, 95281, 95319, 95541, 95549, 95555, 95581, 95932, 95953, 95956, 95963, 95973, 95976, 95978, 95980, 95987, 95996, 96001, 97668, 97680, 97685, 97714, 97717, 97718, 97729, 97879, 97902, 97917, 98015, 98016, 98501, 98505, 98511, 98517, 98844, 98848, 100018, 100094, 100095, 100105, 100124, 100127, 100139, 100271, 100273, 100606, 100620, 100628, 100631, 101653, 101788, 105802, 105870, 105874, 105883, 111591, 111778, 113568, 113571, 113710, 121517, 121521, 121559, 121596, 121597, 121599, 121636, 121645, 121656, 121781, 121784, 121787, 121789, 121792, 121810, 121827, 121838, 95203, 1470, 115393, 115418, 95151, 95081, 753, 95104, 95195, 115354, 1718, 113802, 100102, 22398, 476, 567, 574, 657, 760, 792, 858, 875, 1435, 1457, 1612, 1614, 1629, 1640, 1648, 1714, 2334, 14158, 17996, 18221, 18617, 19122, 22152, 22183, 22233, 22239, 22317, 22392, 22680, 22754, 22783, 22822, 22823, 22852, 22906, 22992, 23097, 23107, 23113, 43338, 43367, 77611, 77693, 79168, 79199, 79424, 81346, 81827, 81952, 82248, 82259, 82268, 82623, 82902, 83698, 86952, 89342, 94838, 94840, 94969, 94978, 94982, 100035, 100036, 100040, 100086, 100267, 100584, 100595, 100612, 100630, 113160, 113332, 113575, 113820, 115462, 115475, 115529, 16986, 16842, 16905, 17000, 18599, 19170, 43481, 44825, 44837, 44866, 98912, 105321, 105398, 105968, 105974, 19194, 17055, 18306, 18319, 18661, 18679, 18699, 18700, 18706, 19227, 19231, 41377, 43547, 44905, 98962, 98966, 105455, 105458, 43571, 106027, 13279, 18315, 18321, 18742, 19232, 43534, 43583, 43989, 44931, 44949, 45647, 46123, 46128, 46163, 46180, 46337, 105986, 106061, 106067, 106074, 106079, 106109, 106374, 43479, 16848, 16869, 41332, 43464, 43476, 43525, 43553, 105341, 105431, 105454, 106340, 46142, 106439, 46813, 16871, 16909, 629, 1451, 1473, 1481, 1544, 1554, 1558, 1591, 1633, 1634, 1692, 1700, 16859, 16863, 17019, 22041, 22046, 22097, 22100, 22179, 22346, 22448, 22452, 22674, 22751, 22982, 23060, 23088, 23159, 41905, 43302, 43309, 43320, 43322, 43346, 43378, 43392, 43413, 43421, 44006, 44010, 44810, 44910, 45309, 45328, 46190, 46204, 46329, 46363, 46396, 46820, 46878, 46881, 46882, 46888, 46931, 46932, 46964, 77600, 77691, 79194, 80017, 80670, 82251, 82326, 82336, 82620, 88654, 88676, 92303, 92964, 95004, 98876, 98883, 100024, 105269, 105287, 105320, 106207, 106364, 106366, 106377, 110094, 111781, 113979, 115759, 43280, 46855], "label": "blinds"}, {"objectId": 16, "id": 16, "partId": 16, "index": 15, "dominantNormal": [0.7610906362533569, -0.6486455202102661, -1.4402823827147995e-16], "obb": {"axesLengths": [1.1883073548529741, 2.1199999573826784, 0.6593835822312301], "centroid": [-2.54822887665403, -5.857661311644163, -0.010000044256447405], "normalizedAxes": [0.6486455202102661, 0.7610906362533569, 1.6899606963901735e-16, 0, -2.220446049250313e-16, 1, 0.7610906362533569, -0.6486455202102661, -1.4402823827147995e-16]}, "segments": [78615, 90325, 77959, 129265, 90505, 90364, 86744, 129220, 78580, 92319, 126314, 92312, 92390, 89787, 123353, 124715, 90072, 121257, 121276, 82379, 5465, 13387, 13398, 13415, 13416, 13418, 13427, 13434, 13492, 13493, 13497, 13503, 13520, 13546, 13549, 13897, 13937, 14790, 14816, 15708, 15717, 15727, 15753, 15771, 15810, 15819, 15844, 15873, 15900, 66243, 66255, 66258, 66265, 66297, 66346, 66370, 66374, 66375, 66383, 66413, 66462, 66575, 66914, 75191, 75192, 75198, 75211, 75220, 75241, 75248, 75272, 75288, 75290, 75294, 75324, 75327, 75340, 75345, 75359, 75360, 75401, 75711, 75723, 75753, 75770, 75771, 75802, 75954, 75977, 75978, 76011, 76178, 76187, 76189, 76192, 76215, 76232, 76446, 76853, 76948, 77457, 77907, 78241, 78259, 78743, 78745, 78796, 79035, 79064, 79067, 79077, 80037, 80302, 80318, 80393, 80559, 80591, 82115, 82144, 82201, 82233, 82280, 82308, 82340, 82357, 82358, 82380, 82394, 82421, 82423, 82424, 82438, 82439, 82446, 82493, 82980, 86647, 86666, 86679, 86687, 86714, 86729, 86816, 86824, 86832, 86846, 86869, 86913, 86918, 86928, 86970, 86979, 86984, 86989, 87005, 87079, 87085, 87113, 87143, 87186, 87197, 87303, 87354, 87356, 88786, 89010, 89026, 89048, 89442, 89772, 89779, 89833, 89849, 89892, 89906, 89951, 89959, 90280, 90288, 90289, 90328, 90357, 90359, 90371, 90373, 90378, 90387, 90392, 90406, 90412, 90421, 90437, 90453, 90458, 90470, 90480, 90541, 90560, 90562, 91852, 91854, 91931, 91964, 91965, 92022, 92028, 92037, 92040, 92043, 92052, 92058, 92090, 92106, 92112, 92172, 92186, 92200, 92237, 92238, 92244, 92254, 92276, 92282, 92284, 92327, 92332, 92356, 92364, 92405, 92466, 93040, 93834, 93841, 93844, 97228, 97338, 97340, 97357, 97363, 97543, 98868, 98973, 99394, 99795, 116911, 116915, 116918, 116934, 116939, 116945, 116948, 116949, 118271, 121200, 121206, 121215, 121220, 121225, 123323, 123340, 123424, 123438, 123461, 123531, 123535, 123559, 123560, 123561, 123567, 123570, 123580, 124361, 124364, 124381, 124598, 124600, 124605, 124610, 124616, 124692, 124722, 124726, 124730, 124869, 124871, 124874, 124877, 124930, 124936, 124944, 124946, 124949, 125919, 126096, 126235, 126336, 128596, 128675, 128966, 129100, 129113, 129379, 129383, 126283, 15960, 12289, 12489, 12490, 12501, 12516, 12533, 12556, 12558, 12560, 12582, 12598, 12613, 12647, 12707, 12728, 12763, 12797, 12804, 12810, 12838, 12860, 12878, 12883, 12886, 12935, 12938, 13581, 13585, 13593, 13615, 13622, 13655, 13658, 13659, 13675, 13679, 13685, 15981, 16003, 16009, 16014, 25918, 25931, 25945, 25967, 25985, 26008, 26014, 26023, 26025, 26045, 26047, 26054, 26101, 26137, 26178, 26190, 26192, 26195, 26205, 26206, 26210, 26220, 26235, 28029, 28043, 28051, 28068, 28108, 28167, 28169, 28179, 28189, 28773, 72529, 72605, 72617, 72637, 72642, 74723, 74726, 74733, 74890, 74949, 82149, 82515, 82516, 82531, 82535, 82564, 82571, 82574, 82597, 82610, 82617, 82664, 82703, 82714, 82730, 83400, 91121, 97442, 97456, 97468, 97475, 97478, 97496, 97549, 97590, 97591, 97594, 100914, 100916, 100926, 100928, 100930, 100974, 101530, 101643, 101645, 101656, 101665, 101667, 101671, 116303, 116320, 116322, 116791, 116794, 116797, 116802, 116956, 116959, 116965, 116968, 121227, 121233, 121347, 121354, 121356, 121359, 121363, 121592, 121642, 125971, 126219, 129092, 13805, 28064, 97450, 12890, 12273, 12296, 12305, 12314, 12315, 12549, 12716, 12718, 12755, 13883, 97412, 97417, 97461, 97471, 13015, 12702, 12958, 13848, 97465, 97503, 97506, 97660, 126006], "label": "blinds"}, {"objectId": 17, "id": 17, "partId": 17, "index": 16, "dominantNormal": [0.46915653347969055, -0.8831150531768799, -1.960909330860083e-16], "obb": {"axesLengths": [3.5643040796862118, 2.9463298854307096, 0.7851891389187878], "centroid": [-1.5564073648770091, -5.084815041835591, -0.04316502154249591], "normalizedAxes": [0.8831149935722351, 0.46915656328201294, 1.0417368374194001e-16, 0, -2.220446049250313e-16, 1, 0.46915656328201294, -0.8831149935722351, -1.960909198511185e-16]}, "segments": [60617, 14851, 111753, 5146, 4075, 115504, 1046, 21949, 55551, 90044, 104593, 7771, 37184, 56854, 7843, 104346, 24196, 104576, 26420, 37156, 14338, 14445, 83353, 106560, 106830, 94794, 121575, 121491, 83467, 121562, 83388, 14509, 14607, 129175, 90104, 49881, 106214, 46405, 41830, 41979, 102189, 30171, 10505, 10498, 117646, 32398, 86158, 80609, 48092, 13071], "label": "window"}, {"objectId": 18, "id": 18, "partId": 18, "index": 17, "dominantNormal": [0, -2.220446049250313e-16, 1], "obb": {"axesLengths": [0.8642692229472555, 0.8031750141864636, 0.8058429072053985], "centroid": [-2.6623756531013623, -5.223200649725717, -1.12722247740874], "normalizedAxes": [0.9619601964950562, 0.27318963408470154, 6.066028436995142e-17, 0, -2.220446049250313e-16, 1, 0.27318963408470154, -0.9619601964950562, -2.1359807178435023e-16]}, "segments": [13213, 13055, 13148, 74937, 13234, 13248, 12426, 75014, 11719, 11765, 11839, 12388, 12417, 12430, 13140, 13183, 13256, 13349, 15529, 15530, 15628, 15656, 28812, 28818, 28833, 28837, 28844, 28866, 28889, 28898, 30010, 30019, 30045, 74832, 74895, 101903, 101909, 101912, 101914, 101932, 118085, 74908, 15581], "label": "armchair"}, {"objectId": 19, "id": 19, "partId": 19, "index": 18, "dominantNormal": [0, -2.220446049250313e-16, 1], "obb": {"axesLengths": [0.8604972726027739, 0.7464049887715652, 0.9566409198892601], "centroid": [-1.0509183947493588, -4.156764974608195, -1.13503745082682], "normalizedAxes": [0.7412393689155579, 0.6712408065795898, 1.4904539970652438e-16, 0, -2.220446049250313e-16, 1, 0.6712408065795898, -0.7412393689155579, -1.6458820282573458e-16]}, "segments": [58599, 22612, 106797, 20530, 21497, 20735, 20765, 20453, 99763, 13070, 19932, 20473, 20684, 20771, 20790, 38017, 48048, 48052, 48249, 48252, 48262, 48866, 48887, 59165, 73243, 73252, 73279, 75152, 85423, 89312, 89595, 89596, 89602, 89608, 100689, 106738, 106880, 106881, 106968, 116408, 73216, 73192, 106911], "label": "armchair"}, {"objectId": 20, "id": 20, "partId": 20, "index": 19, "dominantNormal": [0, -2.220446049250313e-16, 1], "obb": {"axesLengths": [1.0856713777229725, 0.7645659871868938, 0.8823262619226452], "centroid": [-0.26509388714344195, -3.99877402912655, -1.1187070004185948], "normalizedAxes": [0.8976504802703857, -0.44070813059806824, -9.785686274589716e-17, 0, -2.220446049250313e-16, 1, -0.44070813059806824, -0.8976504802703857, -1.9931844625240241e-16]}, "segments": [116482, 123026, 24317, 23443, 37565, 73852, 116502, 73797, 72096, 123097, 73762, 37601, 23262, 23313, 23496, 37528, 37589, 37606, 37794, 37818, 37845, 38062, 38107, 38286, 47533, 49140, 73613, 76031, 79597, 79598, 79609, 86065, 100677, 104381, 104392, 104396, 106917, 73857], "label": "armchair"}, {"objectId": 21, "id": 21, "partId": 21, "index": 20, "dominantNormal": [0.98295480