{"segGroups": [{"objectId": 6, "id": 6, "partId": 6, "index": 0, "dominantNormal": [-0.25644832849502563, -0.9665579199790955, -2.1461897147891828e-16], "obb": {"axesLengths": [4.2363173808809265, 1.1999999612569814, 0.2697282471688966], "centroid": [0.34841651234621795, -1.7797170087922258, 0.02999999493360539], "normalizedAxes": [0.9665579199790955, -0.256448358297348, -5.694297440180752e-17, 0, -2.220446049250313e-16, 1, -0.256448358297348, -0.9665579199790955, -2.1461897147891828e-16]}, "segments": [3087, 32359, 8111, 21373, 10170, 27230, 7487, 2943, 2316, 2714, 6696, 8094, 8133, 8161, 8198, 13494, 13548, 13591, 15262, 20420, 20438, 20443, 21733, 21750, 27222, 27757, 32356, 6925, 6701, 13699, 13509, 13630], "label": "wall"}, {"objectId": 7, "id": 7, "partId": 7, "index": 1, "dominantNormal": [-0.5642622709274292, 0.8255955576896667, 1.8331903943506295e-16], "obb": {"axesLengths": [0.621139246047455, 0.9274499507073319, 0.6261567286571956], "centroid": [1.58038272453452, -0.8196102238400713, -0.9337249692441898], "normalizedAxes": [-0.5642622709274292, 0.8255956172943115, 1.8331905266995275e-16, 0, -2.220446049250313e-16, 1, 0.8255956172943115, 0.5642622709274292, 1.25291393022182e-16]}, "segments": [20495, 29721, 25513, 20237, 17675, 32138, 20631, 5786, 5796, 12813, 16372, 16594, 18482, 18504, 18516, 18523, 19999, 22854, 22904, 22909, 22932, 27922, 33311, 12832, 25528, 33338, 5841], "label": "chair"}, {"objectId": 8, "id": 8, "partId": 8, "index": 2, "dominantNormal": [-0.27205348014831543, -0.962282121181488, -2.1366955342416461e-16], "obb": {"axesLengths": [5.3678166351286505, 1.7424699572666735, 0.7691267167266189], "centroid": [-0.2110462906665779, -1.314821226342757, -0.5412349784843258], "normalizedAxes": [0.962282121181488, -0.2720535099506378, -6.040801413545745e-17, 0, -2.220446049250313e-16, 1, -0.2720535099506378, -0.962282121181488, -2.1366955342416461e-16]}, "segments": [9146, 20293, 7025, 10831, 9985, 29116, 28381, 29094, 28942, 10988, 29060, 540, 6030, 6031, 6037, 6047, 6073, 6210, 9013, 9055, 9271, 9398, 9433, 9539, 9709, 9786, 9829, 9830, 10048, 10125, 10224, 10716, 10746, 10755, 10804, 10837, 10855, 10865, 10879, 10911, 10956, 10968, 10970, 11016, 11018, 11020, 11085, 11102, 11109, 11137, 11423, 11528, 11538, 11541, 11563, 11567, 11577, 11641, 11718, 11728, 11859, 12165, 12198, 12211, 12227, 15482, 16104, 25648, 27772, 27775, 27787, 28020, 28021, 28097, 28257, 28293, 28312, 29139, 29152, 29169, 29171, 28731, 28697, 2604, 340, 19215, 23276, 381, 410, 414, 645, 678, 815, 929, 1858, 2402, 2772, 2910, 2918, 4406, 4435, 4825, 4838, 4856, 4912, 4914, 4956, 4963, 4989, 5007, 5071, 5072, 5499, 6280, 6303, 6576, 7217, 7295, 7388, 7412, 7432, 7443, 7606, 7660, 7672, 9746, 9789, 10419, 10469, 10760, 10794, 10800, 11512, 11544, 11600, 12293, 13062, 13096, 13510, 15166, 16090, 16953, 17013, 17480, 17489, 17496, 17533, 17571, 17692, 19032, 19470, 22345, 22355, 22473, 22482, 22781, 22787, 22794, 22805, 22809, 22822, 22825, 22828, 22834, 22852, 23451, 23521, 23613, 23661, 23679, 23727, 23864, 24003, 24016, 24520, 24534, 24794, 24822, 25675, 25692, 25940, 26766, 26769, 26898, 27615, 27638, 28030, 28259, 29415, 30410, 30446, 30449, 30473, 30475, 30535, 30545, 30950, 30971, 30976, 31745, 32665, 33262, 33268, 33781, 26612, 27133, 26109, 26074, 2939, 1030, 1932, 25132, 1737, 6325, 34003, 19557, 27699, 27730, 26920, 7060, 1845, 26239, 1840, 26348, 25756, 27677, 29443, 16965, 24313, 15157, 33725, 33324, 24389], "label": "kitchen cabinet"}, {"objectId": 9, "id": 9, "partId": 9, "index": 3, "dominantNormal": [0, -2.220446049250313e-16, 1], "obb": {"axesLengths": [3.9763361954835523, 0.6644769460452282, 0.7228963853966894], "centroid": [0.3101705954192775, -1.4869050845841667, -0.6977614809327986], "normalizedAxes": [0.9776748418807983, -0.21012362837791443, -4.6656818048588106e-17, 0, -2.220446049250313e-16, 1, -0.21012362837791443, -0.9776748418807983, -2.1708742401056432e-16]}, "segments": [2998, 22058, 13243, 1453, 1495, 1527, 3526, 3879, 3894, 3909, 4016, 5601, 7820, 7923, 13086, 13098, 19327, 19734, 19792, 26875, 32227, 4741, 31769, 21046, 20528, 8, 61, 174, 199, 207, 362, 363, 461, 612, 617, 888, 1014, 1015, 1060, 1295, 1482, 1617, 1695, 1710, 1741, 1788, 1813, 1823, 1828, 1832, 1946, 1983, 1992, 1995, 2094, 2104, 2675, 2680, 2739, 2803, 4240, 4318, 4646, 5536, 5709, 5729, 7492, 13599, 13626, 13657, 13675, 13739, 13794, 13798, 13809, 16289, 16814, 19550, 20436, 20446, 20859, 21411, 21901, 23243, 24248, 24259, 24296, 24298, 24319, 24324, 24342, 24355, 24919, 24939, 24940, 25043, 25051, 25052, 25054, 25101, 25108, 25701, 25725, 25736, 25769, 25774, 25778, 25793, 25820, 26008, 26098, 26101, 26117, 26118, 26137, 26190, 26197, 26345, 26525, 26537, 26895, 27642, 27736, 27744, 29535, 29559, 29564, 29625, 30065, 30606, 30609, 31367, 32019, 32024, 32029, 32036, 32140, 32823, 33275, 33310, 33327, 33879, 34048, 20596], "label": "kitchen counter"}, {"objectId": 10, "id": 10, "partId": 10, "index": 4, "dominantNormal": [0, -2.220446049250313e-16, 1], "obb": {"axesLengths": [0.6175425743148294, 0.4400000473856913, 0.5744018037455052], "centroid": [0.23552759735114304, -1.1269075622309916, -0.8500000104308123], "normalizedAxes": [0.9830000996589661, -0.18360501527786255, -4.076850307962733e-17, 0, -2.220446049250313e-16, 1, -0.18360501527786255, -0.9830000996589661, -2.1826986877004152e-16]}, "segments": [20136, 2842, 18172, 18604, 19855, 25910, 26354, 2240, 2133, 289, 584, 1132, 1144, 2005, 2069, 2157, 2161, 25823, 26205, 26342, 26451, 26540, 1367, 26566, 552, 1223, 1241, 2790, 2813, 25913, 25992, 26446, 26173, 26618, 1300], "label": "drawer"}, {"objectId": 11, "id": 11, "partId": 11, "index": 5, "dominantNormal": [0, -2.220446049250313e-16, 1], "obb": {"axesLengths": [1.2723126246041803, 0.21990400061225865, 0.4494273997788274], "centroid": [1.7147406774195197, -0.4646723944792117, -0.7000479895610812], "normalizedAxes": [0.9824395179748535, -0.18658144772052765, -4.1429403845444945e-17, 0, -2.220446049250313e-16, 1, -0.18658144772052765, -0.9824395179748535, -2.1814539463146454e-16]}, "segments": [23392, 24332, 33717, 3669, 24230, 21260, 23284], "label": "table"}, {"objectId": 12, "id": 12, "partId": 12, "index": 6, "dominantNormal": [0.935848593711853, -0.35240229964256287, -7.824902939880537e-17], "obb": {"axesLengths": [0.6463533100450776, 0.6599999518692502, 0.16523737363486243], "centroid": [2.4335143805151467, -1.593773929969766, -0.9399999821931125], "normalizedAxes": [0.35240229964256287, 0.935848593711853, 2.0780013126039454e-16, 0, -2.220446049250313e-16, 1, 0.935848593711853, -0.35240229964256287, -7.824902939880537e-17]}, "segments": [29694, 10773, 16196], "label": "heater"}, {"objectId": 13, "id": 13, "partId": 13, "index": 7, "dominantNormal": [0.46904632449150085, -0.8831735849380493, -1.9610392974779274e-16], "obb": {"axesLengths": [1.058957616354122, 2.0659499302666644, 0.22058760402987382], "centroid": [-1.5358416457711053, 1.0112799563638268, -0.36297496900763426], "normalizedAxes": [0.8831735849380493, 0.46904632449150085, 1.0414920581325334e-16, 0, -2.220446049250313e-16, 1, 0.46904632449150085, -0.8831735849380493, -1.9610392974779274e-16]}, "segments": [23615, 22678, 32667, 32768, 33216, 21998, 5748, 20895, 8563, 7137, 19282, 15942, 20891, 22769, 33024, 20398], "label": "door"}, {"objectId": 14, "id": 14, "partId": 14, "index": 8, "dominantNormal": [0.3927818238735199, -0.9196316599845886, -2.041992486178287e-16], "obb": {"axesLengths": [0.3725363504922256, 0.7399999780952932, 0.21761522419273302], "centroid": [-1.536813838802739, 0.9185966601994224, 0.13999998442828665], "normalizedAxes": [0.9196317195892334, 0.3927817940711975, 8.721507828628406e-17, 0, -2.220446049250313e-16, 1, 0.3927817940711975, -0.9196317195892334, -2.041992618527185e-16]}, "segments": [21886, 32743, 21452, 21903, 22257, 33222, 21846, 22310, 22652], "label": "bag"}, {"objectId": 15, "id": 15, "partId": 15, "index": 9, "dominantNormal": [0.9684480428695679, -0.24921566247940063, -5.533699331636846e-17], "obb": {"axesLengths": [0.7404157840353089, 1.6399999043345463, 0.2180026237959867], "centroid": [-2.6848645649043466, -0.27756382879109365, -0.6099999690055854], "normalizedAxes": [0.24921566247940063, 0.9684479832649231, 2.1503864983450318e-16, 0, -2.220446049250313e-16, 1, 0.9684479832649231, -0.24921566247940063, -5.533699331636846e-17]}, "segments": [12491, 15055, 10633, 11226, 8832, 11178, 5483], "label": "wall"}, {"objectId": 16, "id": 16, "partId": 16, "index": 10, "dominantNormal": [0, -2.220446049250313e-16, 1], "obb": {"axesLengths": [1.7114892355630764, 0.22622996063016432, 0.7969991160067161], "centroid": [-1.3451546944944133, 0.7477330799964103, 1.023114980613105], "normalizedAxes": [0.8696668744087219, 0.4936390519142151, 1.0960988825785891e-16, 0, -2.220446049250313e-16, 1, 0.4936390519142151, -0.8696668744087219, -1.9310483754447148e-16]}, "segments": [23388], "label": "ceiling"}, {"objectId": 17, "id": 17, "partId": 17, "index": 11, "dominantNormal": [-0.33572110533714294, -0.941961407661438, -2.0915744861881036e-16], "obb": {"axesLengths": [0.9900692121050984, 0.3405389858661817, 0.15807695704954366], "centroid": [1.800939491315219, -2.143381702500885, 0.2713144826595226], "normalizedAxes": [0.941961407661438, -0.33572110533714294, -7.454506019958072e-17, 0, -2.220446049250313e-16, 1, -0.33572110533714294, -0.941961407661438, -2.0915744861881036e-16]}, "segments": [2250, 2217, 5530, 4465, 4374, 4845], "label": "shelf"}, {"objectId": 18, "id": 18, "partId": 18, "index": 12, "dominantNormal": [0.9983744025230408, -0.05699649825692177, -1.265576493756843e-17], "obb": {"axesLengths": [1.6712276674164281, 1.1678499914441254, 0.2870032693309173], "centroid": [2.460895344099955, -1.28207359422574, -0.8339249957220627], "normalizedAxes": [0.05699650198221207, 0.9983744025230408, 2.2168364977549277e-16, 0, -2.220446049250313e-16, 1, 0.9983744025230408, -0.05699650198221207, -1.2655765764749042e-17]}, "segments": [996, 437, 24757, 25704, 3285, 983, 6489], "label": "wall"}, {"objectId": 19, "id": 19, "partId": 19, "index": 13, "dominantNormal": [0.9695554971694946, -0.2448715716600418, -5.4372411386625476e-17], "obb": {"axesLengths": [1.0816247999627258, 1.09999996945262, 0.4601296055786944], "centroid": [2.4768036918579583, -1.7978502679302388, 0.07999999083578602], "normalizedAxes": [0.2448715716600418, 0.9695554971694946, 2.1528456732189275e-16, 0, -2.220446049250313e-16, 1, 0.9695554971694946, -0.2448715716600418, -5.4372411386625476e-17]}, "segments": [5979, 2501, 3150, 6631, 26873, 6532, 6436, 6816, 2598, 2934, 2959, 3217, 3729, 3755, 3766, 3796, 3802, 3840, 3845, 3919, 3922, 3950, 3952, 3959, 3968, 4014, 4023, 4031, 4085, 4119, 6075, 6118, 6141, 6160, 6175, 6186, 6465, 6505, 6506, 6508, 6528, 6533, 6608, 6778, 6799, 6811, 6818, 6840, 6909, 6913, 6920, 7927, 7983, 8005, 8009, 8069, 8166, 8308, 8371, 8372, 8388, 8389, 8435, 8477, 8487, 8527, 8593, 8627, 8652, 9295, 9311, 9556, 9621, 9632, 9642, 9658, 9755, 9756, 26018, 26052, 26795, 26863, 26868, 26877, 26884, 27018, 27031, 27033, 27183, 27184, 27201, 27212, 27218, 27311, 27322, 27325, 27329, 27510, 27553, 9419, 8894, 8061, 8982, 27277, 3778, 11780, 9144, 29376, 3686, 8066, 7890, 8690, 13633, 8991, 3658, 3564, 3565, 27592, 9814, 9823, 27907, 3581, 27318, 27556, 14916, 14987], "label": "window"}, {"objectId": 20, "id": 20, "partId": 20, "index": 14, "dominantNormal": [0.8944939374923706, -0.4470800757408142, -9.927171878772216e-17], "obb": {"axesLengths": [0.9037151398014291, 0.8999999560415747, 0.619509850480047], "centroid": [2.39449925619573, -0.513524461128302, -0.9599999626725918], "normalizedAxes": [0.4470800757408142, 0.8944939374923706, 1.9861755295832908e-16, 0, -2.220446049250313e-16, 1, 0.8944939374923706, -0.4470800757408142, -9.927171878772216e-17]}, "segments": [32875, 25226, 32820, 32912, 32921, 25064, 23247, 23307, 32818, 32895, 24855, 23012, 267, 24123, 24133], "label": "kitchen sofa"}, {"objectId": 21, "id": 21, "partId": 21, "index": 15, "dominantNormal": [0, -2.220446049250313e-16, 1], "obb": {"axesLengths": [0.7406958040501478, 0.3077700069300084, 0.40399676608365764], "centroid": [1.9005788983724643, -2.0838939471719264, -0.3774200053344663], "normalizedAxes": [0.9300693869590759, -0.3673839271068573, -8.157561895024863e-17, 0, -2.220446049250313e-16, 1, -0.3673839271068573, -0.9300693869590759, -2.0651688958019408e-16]}, "segments": [10328, 17347, 10464, 10433, 10687, 10670, 10674, 12969, 13053, 17234, 17288, 17336, 27760, 27764, 28028, 29843, 29996, 30051, 30057, 30061, 19357, 13483, 28250], "label": "microwave"}, {"objectId": 22, "id": 22, "partId": 22, "index": 16, "dominantNormal": [0.8909814953804016, -0.45403966307640076, -1.0081705760809373e-16], "obb": {"axesLengths": [0.40448361872408506, 0.20692300333999825, 0.14166051775742414], "centroid": [1.387282057253387, -1.9378268568879524, -0.3665384922205248], "normalizedAxes": [0.45403963327407837, 0.8909814953804016, 1.9783763413725488e-16, 0, -2.220446049250313e-16, 1, 0.8909814953804016, -0.45403963327407837, -1.0081705099064883e-16]}, "segments": [9906, 12089, 12127, 18913, 19329, 9895], "label": "kitchen appliance"}, {"objectId": 23, "id": 23, "partId": 23, "index": 17, "dominantNormal": [0.04809268191456795, -0.9988428950309753, -2.2178767600932744e-16], "obb": {"axesLengths": [0.26122369301951387, 0.2534549775692452, 0.22606506497622378], "centroid": [0.019118369350180853, -1.6875392814440069, -0.36954149336647646], "normalizedAxes": [0.9988428950309753, 0.04809267818927765, 1.0678719728324826e-17, 0, -2.220446049250313e-16, 1, 0.04809267818927765, -0.9988428950309753, -2.2178767600932744e-16]}, "segments": [3264, 3058, 3045, 26763, 26829, 3509, 26691, 3438, 3544, 26804, 3393], "label": "kettle"}, {"objectId": 24, "id": 24, "partId": 24, "index": 18, "dominantNormal": [-0.22406692802906036, -0.9745737314224243, -2.1639883916400578e-16], "obb": {"axesLengths": [0.18080973412596785, 0.24209299142450846, 0.13212251251213739], "centroid": [-0.3953922935706936, -1.59163019192116, -0.36037648967557057], "normalizedAxes": [0.9745737314224243, -0.22406692802906036, -4.975285251097813e-17, 0, -2.220446049250313e-16, 1, -0.22406692802906036, -0.9745737314224243, -2.1639883916400578e-16]}, "segments": [3921, 4809, 4814, 4822], "label": "item"}, {"objectId": 25, "id": 25, "partId": 25, "index": 19, "dominantNormal": [0, -2.220446049250313e-16, 1], "obb": {"axesLengths": [0.7688758235643365, 0.19318699404924353, 0.4812365252495449], "centroid": [0.7841240656206818, -1.6983267176845664, -0.5802155063253155], "normalizedAxes": [0.9428856372833252, -0.33311665058135986, -7.396675507228775e-17, 0, -2.220446049250313e-16, 1, -0.33311665058135986, -0.9428856372833252, -2.0936266882006231e-16]}, "segments": [2494, 6739, 9937, 2507, 2559, 31716, 31485, 13565, 21598, 964, 975, 988, 1572, 1575, 2443, 2463, 2496, 6748, 6758, 7619, 8943, 9006, 9093, 9107, 9243, 9255, 9492, 9704, 9870, 10011, 11506, 13567, 13806, 19474, 21394, 21403, 21415, 21440, 21444, 21482, 21486, 21491, 21498, 21510, 21594, 21637, 21642, 21689, 21818, 21823, 21923, 25654, 25659, 25661, 25667, 26063, 26475, 26491, 26494, 31402, 31405, 31407, 31409, 31426, 31431, 34026, 26056, 10131, 1475], "label": "oven"}, {"objectId": 26, "id": 26, "partId": 26, "index": 20, "dominantNormal": [0, -2.220446049250313e-16, 1], "obb": {"axesLengths": [1.0248311350199528, 0.340000010877847, 0.40010662121846147], "centroid": [2.365343316784546, -1.6822400626412433, -0.37999999977648247], "normalizedAxes": [0.3261395990848541, 0.9453216195106506, 2.099035655313332e-16, 0, -2.220446049250313e-16, 1, 0.9453216195106506, -0.3261395990848541, -7.241753842920454e-17]}, "segments": [29235, 28407, 13989, 1987, 11424], "label": "windowsill"}, {"objectId": 27, "id": 27, "partId": 27, "index": 21, "dominantNormal": [0, -2.220446049250313e-16, 1], "obb": {"axesLengths": [0.31858790169513806, 0.1488850083451343, 0.29044530524848244], "centroid": [2.5151159258554623, -1.457918168827244, -0.395557489717957], "normalizedAxes": [-0.22982963919639587, 0.9732308983802795, 2.1610067033168246e-16, 0, -2.220446049250313e-16, 1, 0.9732308983802795, 0.22982963919639587, 5.103243143542621e-17]}, "segments": [11675, 27801, 11810], "label": "player"}, {"objectId": 28, "id": 28, "partId": 28, "index": 22, "dominantNormal": [0, -2.220446049250313e-16, 1], "obb": {"axesLengths": [0.2542368435692747, 0.12000000208616246, 0.14084989989876198], "centroid": [2.4516878981730037, -1.7724164672528042, -0.4099999928474427], "normalizedAxes": [-0.7038065195083618, 0.7103917002677917, 1.5773864442798308e-16, 0, -2.220446049250313e-16, 1, 0.7103917002677917, 0.7038065195083618, 1.5627644056789554e-16]}, "segments": [29363], "label": "plant"}, {"objectId": 29, "id": 29, "partId": 29, "index": 23, "dominantNormal": [0, -2.220446049250313e-16, 1], "obb": {"axesLengths": [0.3860342232769276, 0.21999997898936322, 0.28192654138519885], "centroid": [2.4530930058054077, -1.9745410882705952, -0.33999999411404125], "normalizedAxes": [0.8105792999267578, -0.585628867149353, -1.3003573043887174e-16, 0, -2.220446049250313e-16, 1, -0.585628867149353, -0.8105792999267578, -1.799847604126454e-16]}, "segments": [29278, 7675, 14571, 29468], "label": "plant"}, {"objectId": 31, "id": 31, "partId": 31, "index": 24, "dominantNormal": [0, -2.220446049250313e-16, 1], "obb": {"axesLengths": [0.30698067222902814, 0.15267991678387105, 0.1614587469205352], "centroid": [1.1289157154692402, -0.40890156036537195, -0.9263399688227478], "normalizedAxes": [0.9940440058708191, -0.10897929966449738, -2.4198265539009917e-17, 0, -2.220446049250313e-16, 1, -0.10897929966449738, -0.9940440058708191, -2.2072210856168153e-16]}, "segments": [24029, 23905], "label": "chair"}, {"objectId": 33, "id": 33, "partId": 33, "index": 25, "dominantNormal": [0.7708253264427185, 0.6370465159416199, 1.4145274195112464e-16], "obb": {"axesLengths": [0.26744174755520567, 0.29999997541308443, 0.24914564741905798], "centroid": [1.7590341238766904, -0.3238789297293242, -0.499999979510904], "normalizedAxes": [-0.6370465159416199, 0.7708253264427185, 1.7115760507618172e-16, 0, -2.220446049250313e-16, 1, 0.7708253264427185, 0.6370465159416199, 1.4145274195112464e-16]}, "segments": [25397, 25332, 34056, 25329, 25270, 23431, 23399], "label": "fruit plate"}, {"objectId": 34, "id": 34, "partId": 34, "index": 26, "dominantNormal": [0.999615490436554, -0.027727559208869934, -6.156754930068938e-18], "obb": {"axesLengths": [0.4806051099879459, 0.5632399194708482, 0.07093415745638967], "centroid": [1.1959168799109048, 2.2505503730395544, -1.1316199701662364], "normalizedAxes": [0.027727562934160233, 0.999615490436554, 2.2195922665092603e-16, 0, -2.220446049250313e-16, 1, 0.999615490436554, -0.027727562934160233, -6.156755757249551e-18]}, "segments": [21251], "label": "wall"}, {"objectId": 35, "id": 35, "partId": 35, "index": 27, "dominantNormal": [0.5025667548179626, -0.8645384311676025, -1.9196609439111668e-16], "obb": {"axesLengths": [0.5268780525552251, 0.23999994456768176, 0.04138533033962971], "centroid": [-1.436614183721966, 1.1160949995946177, 0.92999995097518], "normalizedAxes": [0.8645384311676025, 0.5025667548179626, 1.115922365220096e-16, 0, -2.220446049250313e-16, 1, 0.5025667548179626, -0.8645384311676025, -1.9196609439111668e-16]}, "segments": [24066], "label": "clock"}, {"objectId": 36, "id": 36, "partId": 36, "index": 28, "dominantNormal": [0, -2.220446049250313e-16, 1], "obb": {"axesLengths": [0.2489853794399016, 0.09999996200203976, 0.1564831001479661], "centroid": [-1.6087712112026478, -1.2085299391593163, -0.4799999841302638], "normalizedAxes": [0.25428202748298645, 0.9671301245689392, 2.1474602642100642e-16, 0, -2.220446049250313e-16, 1, 0.9671301245689392, -0.25428202748298645, -5.646195233199568e-17]}, "segments": [8312, 32012], "label": "box"}, {"objectId": 37, "id": 37, "partId": 37, "index": 29, "dominantNormal": [-0.2045106142759323, -0.9788643717765808, -2.1735155270631985e-16], "obb": {"axesLengths": [1.1355124446226994, 0.6076650185659893, 0.5506865031075694], "centroid": [-1.0575774779987341, -1.3089135901960889, -0.7671175036478598], "normalizedAxes": [0.9788643717765808, -0.2045106142759323, -4.541047854987486e-17, 0, -2.220446049250313e-16, 1, -0.2045106142759323, -0.9788643717765808, -2.1735155270631985e-16]}, "segments": [14357, 18418, 30856, 14276, 14445, 15406, 16668, 30384, 7565, 4572, 5617, 30870, 14202, 32444, 14239, 19350, 19314, 31919, 13287, 13200, 31131, 30998, 31343, 31006, 16315, 16340, 14887, 15159, 29801, 29797, 4332, 4589, 4622, 5580, 7501, 7633, 13227, 13252, 13274, 13275, 13299, 13330, 13332, 13805, 13823, 13843, 13861, 13899, 13933, 13943, 13950, 14059, 14190, 14196, 14215, 14250, 14314, 14349, 14356, 14398, 14404, 14416, 14549, 14565, 14714, 14750, 14780, 14822, 14824, 14845, 14851, 14873, 14890, 14907, 14921, 14950, 14953, 14957, 14971, 14997, 15015, 15025, 15042, 15094, 15150, 15152, 15178, 15385, 15424, 15477, 15553, 15695, 15700, 15736, 15741, 15788, 16008, 16025, 16045, 16046, 16047, 16081, 16193, 16296, 16305, 16360, 16380, 16385, 16387, 16389, 16397, 16455, 16480, 16492, 16495, 16501, 16516, 16539, 16543, 16561, 16571, 16717, 18330, 18354, 18473, 18499, 18898, 18961, 18963, 18996, 19069, 19115, 19129, 19141, 19144, 19162, 19172, 19213, 20615, 20676, 26896, 27091, 27111, 27653, 27662, 29485, 29487, 29489, 29492, 29497, 29502, 29512, 29575, 29580, 29584, 29585, 29664, 29667, 29669, 29704, 29711, 29771, 29773, 29775, 29782, 29786, 29791, 29795, 29819, 29826, 29850, 29882, 29888, 29930, 29948, 29977, 30067, 30096, 30101, 30103, 30107, 30131, 30234, 30248, 30259, 30262, 30282, 30324, 30332, 30338, 30348, 30362, 30894, 30943, 30945, 30965, 31014, 31017, 31022, 31107, 31110, 31115, 31124, 31150, 31277, 31280, 31314, 31327, 31330, 31837, 31844, 31851, 31852, 31854, 31902, 31946, 31985, 31988, 31991, 31995], "label": "sink"}, {"objectId": 38, "id": 38, "partId": 38, "index": 30, "dominantNormal": [0, -2.220446049250313e-16, 1], "obb": {"axesLengths": [0.3858380349285984, 0.21999999389052394, 0.22235354707127114], "centroid": [-0.9107713374076023, -1.4506917920133382, -0.5199999897927048], "normalizedAxes": [0.9851798415184021, 0.17152447998523712, 3.8086085393293417e-17, 0, -2.220446049250313e-16, 1, 0.17152447998523712, -0.9851798415184021, -2.1875386869005855e-16]}, "segments": [15317, 15414, 13776], "label": "rag"}, {"objectId": 1, "id": 1, "partId": 1, "index": 31, "dominantNormal": [0, -2.220446049250313e-16, 1], "obb": {"axesLengths": [5.114805234093484, 0.3200000452995296, 5.1015170515858275], "centroid": [0.6058762159289199, -0.055335381831955244, -1.3099999786913397], "normalizedAxes": [0.690865159034729, 0.7229835987091064, 1.6053460754264092e-16, 0, -2.220446049250313e-16, 1, 0.7229835987091064, -0.690865159034729, -1.5340288129433533e-16]}, "segments": [18762, 17214, 17127, 16893, 7010, 17738, 2964, 5036, 5044, 5833, 11940, 11943, 12636, 15806, 17145, 17830, 17839, 17840, 18682, 18716, 18737, 22430, 22798, 24599, 24606, 24612, 24615, 24635, 25626, 30444, 33253, 33341, 33358, 33362, 33371, 33374, 33485, 33455, 23870], "label": "floor"}, {"objectId": 2, "id": 2, "partId": 2, "index": 32, "dominantNormal": [0.9906967282295227, -0.13608813285827637, -3.021763569550115e-17], "obb": {"axesLengths": [0.7494461285883519, 2.543579998383372, 0.22526084224448228], "centroid": [-2.201945146450069, 0.3106515830275325, -0.1663299817667161], "normalizedAxes": [0.13608813285827637, 0.9906967282295227, 2.1997886362024548e-16, 0, -2.220446049250313e-16, 1, 0.9906967282295227, -0.13608813285827637, -3.021763569550115e-17]}, "segments": [22153, 13049, 12499, 12885, 23052, 25534, 24553, 31737], "label": "wall"}, {"objectId": 3, "id": 3, "partId": 3, "index": 33, "dominantNormal": [0.4713194668292999, -0.8819625973701477, -1.958350364917089e-16], "obb": {"axesLengths": [1.4094181775004995, 2.499999944120646, 0.10251446125595004], "centroid": [-1.6320399341349001, 1.011231999049988, -0.1599999686330562], "normalizedAxes": [0.8819625973701477, 0.47131943702697754, 1.046539381881434e-16, 0, -2.220446049250313e-16, 1, 0.47131943702697754, -0.8819625973701477, -1.958350364917089e-16]}, "segments": [23498, 3081, 33130, 23103, 33062, 32989], "label": "wall"}, {"objectId": 4, "id": 4, "partId": 4, "index": 34, "dominantNormal": [-0.2624970078468323, -0.9649327993392944, -2.1425812220849814e-16], "obb": {"axesLengths": [1.4067419148424734, 2.5255299242094913, 0.16134033394683991], "centroid": [-0.38455219813147223, 1.1699010555463012, -0.14846498001072583], "normalizedAxes": [0.9649327993392944, -0.2624970078468323, -5.828604440135272e-17, 0, -2.220446049250313e-16, 1, -0.2624970078468323, -0.9649327993392944, -2.1425812220849814e-16]}, "segments": [22221, 19352, 22136, 16943], "label": "wall"}, {"objectId": 5, "id": 5, "partId": 5, "index": 35, "dominantNormal": [-0.2980450689792633, -0.9545518159866333, -2.1195308086122318e-16], "obb": {"axesLengths": [0.427019524344891, 0.29999997541308443, 0.04248816219473055], "centroid": [-0.5241597657312573, 1.141259142027547, 0.29999998472630973], "normalizedAxes": [0.9545518159866333, -0.2980450689792633, -6.617929959135422e-17, 0, -2.220446049250313e-16, 1, -0.2980450689792633, -0.9545518159866333, -2.1195308086122318e-16]}, "segments": [7828], "label": "picture"}], "scan_id": "bf9a3de9-45a5-2e80-8022-277108d67404", "annId": "3499", "appId": "stk.v1"}