{"segGroups": [{"objectId": 5, "id": 5, "partId": 5, "index": 0, "dominantNormal": [-0.4730972945690155, -0.8810101747512817, -1.9562355618758115e-16], "obb": {"axesLengths": [0.5577316768099049, 0.9120509420621925, 0.5337265007872648], "centroid": [-1.6846184524466405, 2.852526493414669, -1.053974585009562], "normalizedAxes": [0.8810101747512817, -0.4730972945690155, -1.0504870186367821e-16, 0, -2.220446049250313e-16, 1, -0.4730972945690155, -0.8810101747512817, -1.9562355618758115e-16]}, "segments": [33207, 21451, 50070, 22544, 32679, 33310, 33316, 33320, 33322, 48536, 33295, 50136, 30724, 6443, 6462, 6466, 6475, 6640, 6802, 6827, 6837, 6846, 6848, 6856, 6916, 6935, 6959, 6973, 6978, 7010, 7027, 7442, 30744, 32674, 32688, 32717, 44886, 44889, 44894, 44897, 44988, 45000, 45014, 32462, 6660, 6691, 45131, 6512, 6546, 6577, 6579, 6581, 7046, 7048, 7298, 7455, 7493, 45053, 45063, 45119], "label": "nightstand"}, {"objectId": 6, "id": 6, "partId": 6, "index": 1, "dominantNormal": [-0.3393894135951996, -0.9406459331512451, -2.0886535460090563e-16], "obb": {"axesLengths": [4.797166522813662, 3.299999878555537, 0.35194682194619314], "centroid": [-0.5718444085754457, 2.6175953887826062, 0.39999986788891384], "normalizedAxes": [0.9406459927558899, -0.3393894135951996, -7.535958825748414e-17, 0, -2.220446049250313e-16, 1, -0.3393894135951996, -0.9406459927558899, -2.0886536783579543e-16]}, "segments": [1564, 25440, 50574, 379, 338, 345, 349, 506, 744, 749, 852, 2292, 2296, 3589, 3924, 3935, 15821, 15824, 17803, 17807, 18586, 19639, 36115, 44120, 44121, 46549, 49756, 50848, 50850, 12694, 28490, 10525, 28244, 4630, 5008, 8932, 8974, 10553, 26336, 26355, 27543, 28558, 30610, 30622, 32662, 32778, 34017, 34038, 34274, 35387, 35405, 35444, 35469, 48788, 48979, 49596, 50752, 51451, 10538, 29194, 32564, 32960, 10602], "label": "wall"}, {"objectId": 7, "id": 7, "partId": 7, "index": 2, "dominantNormal": [-0.34811931848526, -0.9374502301216125, -2.0815576598423314e-16], "obb": {"axesLengths": [0.5561615051689087, 1.0464399968138332, 0.3855459609655893], "centroid": [0.6946670514092324, 2.0447789492344084, -0.7532200967668723], "normalizedAxes": [0.9374502301216125, -0.34811931848526, -7.729801653983071e-17, 0, -2.220446049250313e-16, 1, -0.34811931848526, -0.9374502301216125, -2.0815576598423314e-16]}, "segments": [32400, 9933, 50055, 27486, 27530, 34122, 34151, 9937, 48756, 28826], "label": "nightstand"}, {"objectId": 8, "id": 8, "partId": 8, "index": 3, "dominantNormal": [-0.23914912343025208, -0.9709828495979309, -2.1560150322795366e-16], "obb": {"axesLengths": [0.7032998019411353, 1.10542998227261, 0.26133848865485126], "centroid": [-0.22270885857057188, -1.0160363025115682, -0.6827150827907382], "normalizedAxes": [0.9709828495979309, -0.23914910852909088, -5.310176932151542e-17, 0, -2.220446049250313e-16, 1, -0.23914910852909088, -0.9709828495979309, -2.1560150322795366e-16]}, "segments": [5551, 46959, 30492, 7648, 12400, 12405, 12427, 29904, 43699, 10604, 46993, 45262, 8671, 7556, 8652, 10587, 10595, 15228], "label": "wall"}, {"objectId": 9, "id": 9, "partId": 9, "index": 4, "dominantNormal": [0.8892322182655334, -0.4574560523033142, -1.0157564840425386e-16], "obb": {"axesLengths": [0.5291045305104743, 0.9145699833057076, 0.15734352020146028], "centroid": [0.23506586760914594, -0.8987623949568944, -0.7872850967183316], "normalizedAxes": [0.4574560821056366, 0.8892322182655334, 1.9744921659137958e-16, 0, -2.220446049250313e-16, 1, 0.8892322182655334, -0.4574560821056366, -1.0157565502169876e-16]}, "segments": [5630, 7544, 28926, 4978, 44612, 44614, 44616, 48811], "label": "wall"}, {"objectId": 10, "id": 10, "partId": 10, "index": 5, "dominantNormal": [-0.3288036584854126, -0.9443982839584351, -2.0969854385342825e-16], "obb": {"axesLengths": [3.193049612574383, 2.459999983161687, 0.3594269861163632], "centroid": [-2.726876781923467, -0.17421253678713122, -0.02000007980801044], "normalizedAxes": [0.9443982839584351, -0.3288036584854126, -7.300907844629836e-17, 0, -2.220446049250313e-16, 1, -0.3288036584854126, -0.9443982839584351, -2.0969854385342825e-16]}, "segments": [39453, 42355, 54625, 3819, 3551, 1486, 28161, 41331, 28357, 390, 1254, 1266, 1287, 4319, 4350, 4389, 4393, 4407, 5721, 9548, 19945, 21618, 22672, 38786, 39418, 42226, 43053, 43387, 43399, 43535, 43557, 43560, 43562, 44406, 45239, 2054, 5470, 1688, 4383, 4388, 43404, 43526, 43565, 44505, 16724, 48, 4312, 4341, 4343, 16720, 44486, 44495, 44497, 51195, 54645, 54724, 26421, 13865, 54772, 13669, 11193, 23371, 18887, 20836, 54883, 47781, 23700, 30488, 4377, 4758, 4770, 6218, 12755, 12765, 12780, 15146, 16246, 16274, 19192, 19202, 19228, 19232, 20106, 20814, 23703, 24087, 26193, 26433, 27943, 28118, 28635, 28735, 29141, 29278, 29375, 29524, 37675, 40390, 41990, 42042, 43571, 43575, 43578, 43582, 44490, 44509, 44560, 44780, 45212, 45317, 45945, 46616, 47764, 47774, 47793, 48271, 39402], "label": "wall"}, {"objectId": 11, "id": 11, "partId": 11, "index": 6, "dominantNormal": [-0.3276785612106323, -0.9447892904281616, -2.097853647305218e-16], "obb": {"axesLengths": [1.4110124078392394, 0.8818659883320479, 0.4044802824501109], "centroid": [-1.9027818821053755, -0.20563833557463573, -0.7979170749924991], "normalizedAxes": [0.9447892904281616, -0.3276785612106323, -7.275925666641754e-17, 0, -2.220446049250313e-16, 1, -0.3276785612106323, -0.9447892904281616, -2.097853647305218e-16]}, "segments": [5162, 47743, 28677, 17685, 52177, 6227, 52074, 16556, 44790, 52027, 6212, 6203, 38642, 37362, 28666, 48753, 13685, 15962, 16051, 38650, 39763, 39846, 39869, 39870, 44777, 44788, 46073, 46119, 48102, 52029, 39847, 16012, 39859, 48099], "label": "table"}, {"objectId": 12, "id": 12, "partId": 12, "index": 7, "dominantNormal": [0, -2.220446049250313e-16, 1], "obb": {"axesLengths": [0.3769512230577653, 0.2707860409292717, 0.3472026044393633], "centroid": [-2.034815222995213, 0.08368223737541025, -0.9346071073996178], "normalizedAxes": [0.7983978986740112, 0.6021302342414856, 1.3369976997556723e-16, 0, -2.220446049250313e-16, 1, 0.6021302342414856, -0.7983978986740112, -1.77279945984046e-16]}, "segments": [20235, 24558, 16969, 46885, 17371, 46878, 46905], "label": "stool"}, {"objectId": 14, "id": 14, "partId": 14, "index": 9, "dominantNormal": [0.9337007403373718, -0.35805439949035645, -7.950404767650553e-17], "obb": {"axesLengths": [0.9358065628297149, 2.715999900192023, 0.3578737592821359], "centroid": [-4.101869052860211, 0.8454587885981097, -0.11819008720725632], "normalizedAxes": [0.35805439949035645, 0.9337007403373718, 2.0732321200642097e-16, 0, -2.220446049250313e-16, 1, 0.9337007403373718, -0.35805439949035645, -7.950404767650553e-17]}, "segments": [23061, 28172, 23175, 26196, 12340, 21703, 21990, 22007, 23029, 23153, 23887, 23897, 23921, 26294, 37388, 47805, 49950, 49974, 3942, 24130, 25077, 24587, 7435, 25146, 25045, 24729, 3984, 47499, 10223, 3965, 3982, 4005, 4006, 4020, 4052, 4063, 4078, 4087, 4110, 4128, 4129, 4147, 4187, 4188, 7432, 7447, 7459, 7475, 7782, 10112, 12657, 13008, 13393, 21692, 21769, 21827, 21880, 21882, 24620, 24622, 24627, 24655, 24685, 24706, 24716, 24815, 24835, 24856, 24948, 25042, 25052, 25109, 25189, 25211, 25217, 25232, 25277, 25369, 25686, 26605, 26661, 44064, 44068, 44071, 44088, 44436, 44442, 44445, 44463, 46702, 46703, 46707, 46760, 46799, 46816, 46841, 46845, 47531, 47576, 47595, 47603, 47614, 48111], "label": "wall"}, {"objectId": 1, "id": 1, "partId": 1, "index": 10, "dominantNormal": [0, -2.220446049250313e-16, 1], "obb": {"axesLengths": [6.890652150101663, 1.3247379364504375, 4.992590571100057], "centroid": [-1.7819262193730432, 0.31396698522156274, -0.8676310682949187], "normalizedAxes": [0.6581643223762512, 0.7528743147850037, 1.671716797846398e-16, 0, -2.220446049250313e-16, 1, 0.7528743147850037, -0.6581643223762512, -1.4614183693778565e-16]}, "segments": [7249, 15693, 15697, 15702, 15703, 15709, 15722, 15727, 15730, 20696, 24680, 30011, 30347, 30720, 34243, 35278, 35385, 35386, 36395, 46050, 46087, 50469, 41779, 14699, 23974, 22787, 1657, 40867, 42028, 40650, 32616, 23110, 1846, 3116, 4658, 5751, 6104, 6368, 6587, 6699, 7009, 7178, 8693, 10362, 13404, 13484, 13599, 13622, 13646, 18955, 24593, 33900, 33957, 34766, 38666, 39142, 39213, 40708, 40719, 40720, 40733, 40767, 41352, 42977, 42998, 43045, 43061, 43069, 43071, 43923, 43964, 43967, 45586, 45588, 45753, 47962, 51800, 52498, 52501, 52505, 52509, 52537, 52568, 53434, 54268, 13047, 37632, 5841, 45705, 10786, 9974, 45789, 12120, 43769, 7710, 12634, 43783, 13662, 13665, 13118, 35193, 18248, 38588, 24370, 47930, 47830, 30256, 20219, 14298, 23577, 29545, 26704, 28400, 10020, 9275, 10083, 10086, 10128, 14135, 14151, 14182, 14185, 14269, 14284, 14310, 14335, 14343, 14369, 14383, 14401, 14452, 14459, 14489, 14494, 14516, 14520, 14533, 15932, 17469, 17539, 18358, 18383, 20390, 20420, 21086, 21099, 21108, 21122, 21140, 21148, 21164, 21197, 21210, 21218, 21222, 21229, 21256, 21262, 21271, 21277, 21291, 21312, 21327, 21353, 21366, 21367, 21507, 22070, 22107, 22115, 22131, 22141, 22148, 22171, 22210, 22215, 22219, 22239, 22261, 22284, 22303, 22365, 22372, 22398, 22399, 23464, 23489, 23504, 23509, 23526, 23534, 23542, 23545, 23550, 23554, 23560, 23569, 23605, 23616, 23626, 23654, 23655, 23657, 23663, 24312, 24322, 24379, 24411, 24421, 24427, 24445, 24499, 24500, 24539, 25655, 25678, 25682, 25692, 25697, 25761, 25764, 25772, 25782, 25787, 25791, 25798, 25801, 25803, 25870, 25884, 25896, 25914, 25916, 25923, 26014, 27677, 27682, 27700, 27711, 27720, 27737, 27753, 27762, 27831, 27843, 27845, 27849, 27861, 27864, 27871, 27966, 27985, 28007, 28021, 28049, 28232, 28345, 29084, 29086, 29812, 30247, 30330, 30338, 30429, 30766, 30780, 30781, 30791, 30808, 30829, 30844, 30853, 30864, 30873, 30879, 30896, 30900, 31438, 31462, 31491, 31509, 31514, 31553, 31743, 31754, 31773, 31795, 33162, 33175, 33184, 33198, 33203, 33617, 33620, 33622, 33631, 33652, 33671, 33739, 33880, 33881, 34531, 34548, 34570, 34571, 45235, 45841, 45843, 45846, 45853, 45869, 46269, 46272, 46274, 46276, 46278, 46281, 46284, 46287, 47324, 47326, 47330, 47331, 47339, 47349, 47350, 47645, 47649, 47650, 47655, 47663, 47745, 47747, 47749, 47753, 47758, 47762, 47832, 47841, 47847, 47901, 47950, 48119, 48129, 48145, 48158, 48213, 48218, 48220, 48249, 48463, 48469, 48473, 48478, 48483, 48561, 48568, 48570, 48575, 48577, 48579, 48584, 48931, 49058, 49062, 49147, 49152, 49156, 49230, 49264, 49266, 49305, 49307, 49310, 49316, 49320, 49520, 49593, 50059, 50107, 50109, 50112, 50115, 50128, 50208, 50210, 50303, 50398, 53410, 53576, 53612, 31816, 12893, 14781, 14860, 14867, 14873, 14875, 15346, 15368, 15371, 15382, 15385, 15407, 15434, 15460, 15546, 16757, 20411, 20431, 20435, 20448, 20463, 20469, 20475, 20489, 30435, 30439, 30447, 30512, 30516, 45581, 45906, 46011, 46030, 46046, 46944, 48206, 49267, 49589, 14806, 14795, 14823, 14831, 15375, 15509, 20287, 29831, 29862, 30193, 30407, 30458, 30519, 45900, 46019, 46021, 46913, 49069, 49288, 24726, 29792, 29796, 29805, 29886, 29891, 30216, 30222, 30472, 30478, 48916, 48920, 48983, 48985, 49124, 49127, 49134, 15540, 15535, 24548, 25903, 24810, 34491, 34139, 2395, 2521, 42658, 3050, 12233, 1921, 2463, 36442, 36999, 43278], "label": "floor"}, {"objectId": 2, "id": 2, "partId": 2, "index": 11, "dominantNormal": [0.5095587372779846, -0.8604358434677124, -1.9105513692612428e-16], "obb": {"axesLengths": [0.9234903128000878, 0.9309019834346622, 0.8194800223712738], "centroid": [-3.276282283613165, 0.6526545672835176, -0.7860390765483141], "normalizedAxes": [0.8604358434677124, 0.5095587372779846, 1.1314476850498792e-16, 0, -2.220446049250313e-16, 1, 0.5095587372779846, -0.8604358434677124, -1.9105513692612428e-16]}, "segments": [42511, 40137, 42529, 40080, 40075, 35225, 36049, 36467, 38223, 39680, 40064, 40100, 40891, 40895, 40915, 42886, 51689, 52323, 52327, 52332, 52334, 52338, 52651, 52729, 52644, 51438, 42320, 42522, 42362, 42078, 39484, 35018, 40768, 34950, 35355, 39464, 39470, 39477, 51973, 40427, 35101, 35304, 35403, 35407], "label": "chair"}, {"objectId": 3, "id": 3, "partId": 3, "index": 12, "dominantNormal": [0.9090646505355835, -0.4166550934314728, -9.251601561099338e-17], "obb": {"axesLengths": [2.6415274335264587, 2.3264698462232225, 0.6635834624118153], "centroid": [-3.0755402416292172, 2.252497532674443, -0.11323509359318606], "normalizedAxes": [0.4166550934314728, 0.9090646505355835, 2.018529011794853e-16, 0, -2.220446049250313e-16, 1, 0.9090646505355835, -0.4166550934314728, -9.251601561099338e-17]}, "segments": [21919, 38100, 41480, 9896, 16055, 35547, 35561, 35576, 35578, 35626, 35632, 38040, 38158, 39984, 41802, 42737, 50425, 51729, 51736, 52825, 34431, 35111, 16049, 24246, 16312, 52280, 7982, 8201, 8451, 8594, 8657, 8696, 9048, 9067, 9137, 9278, 9279, 9312, 9408, 9415, 9448, 9485, 9493, 9509, 9515, 9529, 9543, 9602, 9715, 9737, 9743, 9759, 9898, 10499, 12552, 16054, 16149, 26857, 27425, 30046, 30650, 31021, 33285, 33302, 33318, 35430, 35701, 35875, 36044, 36047, 37513, 38705, 38842, 38934, 39927, 39991, 40106, 40144, 42760, 42803, 42817, 44162, 44173, 44176, 44263, 44265, 44298, 44309, 44332, 44353, 44365, 45237, 47851, 49136, 49142, 52801, 52831, 52884, 52895, 52898, 12537], "label": "wardrobe"}, {"objectId": 4, "id": 4, "partId": 4, "index": 13, "dominantNormal": [0, -2.220446049250313e-16, 1], "obb": {"axesLengths": [2.384045596261153, 1.1658099927199628, 2.0488660966372505], "centroid": [-0.8036042921993811, 1.6169989381980518, -0.6729050972531347], "normalizedAxes": [0.4365323781967163, 0.8996885418891907, 1.9977098683936282e-16, 0, -2.220446049250313e-16, 1, 0.8996885418891907, -0.4365323781967163, -9.692965945367422e-17]}, "segments": [30378, 48267, 28298, 31199, 32473, 17365, 50943, 30585, 7850, 8074, 8077, 11316, 15095, 16823, 18489, 24898, 26384, 26964, 30594, 31160, 32495, 32515, 32518, 33695, 36771, 47244, 48325, 50216, 26080, 26065, 19424, 48255, 26820, 48642, 26790, 49331, 15802, 15785, 50996, 33392], "label": "bed"}, {"objectId": 15, "id": 15, "partId": 15, "index": 14, "dominantNormal": [0, -2.220446049250313e-16, 1], "obb": {"axesLengths": [3.122179184789671, 0.5604799860608567, 1.344992828206864], "centroid": [-3.5513632526742525, 2.1401824313155116, 1.6702398483278622], "normalizedAxes": [0.4711782932281494, 0.8820379972457886, 1.9585177862730698e-16, 0, -2.220446049250313e-16, 1, 0.8820379972457886, -0.4711782932281494, -1.0462259796909499e-16]}, "segments": [12593, 13701, 12723, 12738, 14356, 14992, 17063, 17624, 45392, 14911, 17497, 45371, 45389, 16657, 14904, 16429, 16432, 16504, 16931, 16949, 16991, 17100, 45383, 44821, 12160, 12015, 12152, 12296, 12473, 13069, 13163, 13210, 16912, 17603, 44870, 14484, 14411, 14538, 12358, 14576, 11873, 11360, 11239, 10852], "label": "ceiling"}, {"objectId": 16, "id": 16, "partId": 16, "index": 15, "dominantNormal": [0, -2.220446049250313e-16, 1], "obb": {"axesLengths": [1.2112359927503389, 0.40000002682208935, 0.4102002588502546], "centroid": [-0.725332066632133, 2.5672516433845893, 0.709999893146382], "normalizedAxes": [0.9653542041778564, -0.2609429359436035, -5.79409711195752e-17, 0, -2.220446049250313e-16, 1, -0.2609429359436035, -0.9653542041778564, -2.1435169287939014e-16]}, "segments": [2506, 2489, 3185, 30157, 2838, 3452], "label": "air conditioner"}, {"objectId": 17, "id": 17, "partId": 17, "index": 16, "dominantNormal": [-0.33594465255737305, -0.9418817162513733, -2.0913975357114662e-16], "obb": {"axesLengths": [0.9722979390022457, 0.3331559971014558, 0.2417095367782474], "centroid": [-1.2348601564280597, 2.773790582711096, 0.30342189042332945], "normalizedAxes": [0.9418817162513733, -0.33594465255737305, -7.459469765377881e-17, 0, -2.220446049250313e-16, 1, -0.33594465255737305, -0.9418817162513733, -2.0913975357114662e-16]}, "segments": [36092, 51048, 3302, 44261, 37944, 40770, 3262, 2923, 3017, 1595, 2936, 2990, 3023, 3227, 3261, 3274, 3308, 3635, 20539, 36071, 44350, 50420, 51074, 20546, 36745], "label": "shelf"}, {"objectId": 19, "id": 19, "partId": 19, "index": 18, "dominantNormal": [0, -2.220446049250313e-16, 1], "obb": {"axesLengths": [0.286255557894394, 0.07999999828636646, 0.1272412591986088], "centroid": [-4.000129163617711, 0.7890182703857863, -0.03000009891874944], "normalizedAxes": [0.35404887795448303, 0.9352269172668457, 2.076620913597717e-16, 0, -2.220446049250313e-16, 1, 0.9352269172668457, -0.35404887795448303, -7.861464322955381e-17]}, "segments": [25271, 25351], "label": "shelf"}, {"objectId": 20, "id": 20, "partId": 20, "index": 19, "dominantNormal": [0.8815068602561951, -0.47217118740081787, -1.0484306476339752e-16], "obb": {"axesLengths": [0.23268256695086362, 0.2599999846518042, 0.12439093594361235], "centroid": [-4.072537771999394, 0.6604880330227141, 0.6799998926248416], "normalizedAxes": [0.47217118740081787, 0.8815068602561951, 1.9573384252429162e-16, 0, -2.220446049250313e-16, 1, 0.8815068602561951, -0.47217118740081787, -1.0484306476339752e-16]}, "segments": [20066, 21924, 47621, 2049, 21942, 26036], "label": "shelf"}, {"objectId": 21, "id": 21, "partId": 21, "index": 20, "dominantNormal": [0, -2.220446049250313e-16, 1], "obb": {"axesLengths": [0.9438239242218688, 0.09907300548837317, 0.10408171635402647], "centroid": [0.36403779690335814, 2.1348470739962107, 0.1804633969587064], "normalizedAxes": [0.9389064311981201, -0.34417247772216797, -7.642164184188793e-17, 0, -2.220446049250313e-16, 1, -0.34417247772216797, -0.9389064311981201, -2.0847910757695767e-16]}, "segments": [4284, 4257, 5019, 43970, 44628, 46740, 4074, 4291, 5028], "label": "shelf"}, {"objectId": 22, "id": 22, "partId": 22, "index": 21, "dominantNormal": [0.9889047741889954, -0.1485508382320404, -3.298491218651565e-17], "obb": {"axesLengths": [0.2134595024975283, 0.2886794405725722, 0.12230345729070803], "centroid": [-1.6640302615874667, 2.877505991061504, -0.15273635926426188], "normalizedAxes": [0.1485508382320404, 0.9889047741889954, 2.1958096989327277e-16, 0, -2.220446049250313e-16, 1, 0.9889047741889954, -0.1485508382320404, -3.298491218651565e-17]}, "segments": [35892, 50881, 35894, 50907, 50911, 35918, 8476, 8525, 8534, 45205], "label": "lamp"}, {"objectId": 24, "id": 24, "partId": 24, "index": 22, "dominantNormal": [0.9910134673118591, 0.1337621808052063, 2.970117059080264e-17], "obb": {"axesLengths": [0.297213286089447, 0.41999999612569794, 0.22979922993563873], "centroid": [0.8015585239889118, 2.0944337908854207, -0.1600000977639091], "normalizedAxes": [-0.1337621808052063, 0.9910134673118591, 2.200491938246472e-16, 0, -2.220446049250313e-16, 1, 0.9910134673118591, 0.1337621808052063, 2.970117059080264e-17]}, "segments": [48765, 28849, 48442, 48435, 48449, 27118, 27132], "label": "item"}, {"objectId": 25, "id": 25, "partId": 25, "index": 23, "dominantNormal": [0, -2.220446049250313e-16, 1], "obb": {"axesLengths": [0.16250223870739525, 0.09910879807676076, 0.1412717441163631], "centroid": [0.6579109651066903, 2.172025701240324, 0.020445500366489622], "normalizedAxes": [0.42413529753685, 0.9055988192558289, 2.0108333204223535e-16, 0, -2.220446049250313e-16, 1, 0.9055988192558289, -0.42413529753685, -9.417695457633046e-17]}, "segments": [5084, 26214], "label": "lamp"}, {"objectId": 26, "id": 26, "partId": 26, "index": 24, "dominantNormal": [-0.4025643765926361, -0.9153916835784912, -2.0325778473184535e-16], "obb": {"axesLengths": [0.12917001940148762, 0.21763200571465469, 0.0898143178801762], "centroid": [-0.49614830380818464, 2.363646021206734, 0.28815189602892266], "normalizedAxes": [0.9153916835784912, -0.4025643765926361, -8.93872479574034e-17, 0, -2.220446049250313e-16, 1, -0.4025643765926361, -0.9153916835784912, -2.0325778473184535e-16]}, "segments": [50287], "label": "lamp"}, {"objectId": 27, "id": 27, "partId": 27, "index": 25, "dominantNormal": [0, -2.220446049250313e-16, 1], "obb": {"axesLengths": [1.041315273815528, 0.287886017086669, 0.9313031283820079], "centroid": [-0.2092864997675168, 2.0208137162803137, -0.46501108956796533], "normalizedAxes": [0.9903849363327026, 0.13833902776241302, 3.071743476521794e-17, 0, -2.220446049250313e-16, 1, 0.13833902776241302, -0.9903849363327026, -2.1990963191169724e-16]}, "segments": [15262, 24919, 20323, 14932, 11319, 13291, 14943, 14999, 15005, 15009, 15023, 15030, 15282, 26111, 15088, 26317, 48274, 48291, 20347], "label": "pillow"}, {"objectId": 28, "id": 28, "partId": 28, "index": 26, "dominantNormal": [0, -2.220446049250313e-16, 1], "obb": {"axesLengths": [0.7244837638568333, 0.5345389872519896, 0.5451495911200678], "centroid": [-0.9379865616153442, 2.426895250196886, -0.377269589899788], "normalizedAxes": [0.8973003029823303, -0.44142064452171326, -9.80150726185765e-17, 0, -2.220446049250313e-16, 1, -0.44142064452171326, -0.8973003029823303, -1.9924069127482243e-16]}, "segments": [7904, 30549, 8008, 18431, 17062, 49393, 46155, 8024, 46547, 31890], "label": "pillow"}, {"objectId": 29, "id": 29, "partId": 29, "index": 27, "dominantNormal": [0, -2.220446049250313e-16, 1], "obb": {"axesLengths": [1.8723616332133908, 0.32706197365234835, 1.2956068874998807], "centroid": [-1.0051723889840698, 1.0417371574815522, -0.5464690751749484], "normalizedAxes": [0.9794538021087646, -0.20166879892349243, -4.4779468782672456e-17, 0, -2.220446049250313e-16, 1, -0.20166879892349243, -0.9794538021087646, -2.1748243253156044e-16]}, "segments": [19729, 9806, 29271, 32053, 32013, 18109, 46579, 17967, 17983, 18156, 18742, 18751, 18813, 46450, 48861, 18854, 20992, 19784, 19809, 19833, 21049, 47108, 47113, 47314, 48815, 48818, 49453, 49460, 49487, 29263, 20932, 49485, 29349, 23190, 11336, 25485, 29052, 11254, 26454, 18143, 18824, 33835, 17928, 18199, 31104, 28418, 47724, 48370, 11361, 20936, 23236, 47321, 19277, 23455, 19296], "label": "blanket"}, {"objectId": 30, "id": 30, "partId": 30, "index": 28, "dominantNormal": [0.7601247429847717, -0.6497771739959717, -1.4427951588923886e-16], "obb": {"axesLengths": [0.26867352816582935, 0.4542370039022636, 0.16089823670796705], "centroid": [0.07817563880204892, -0.8998386964459697, -0.3171186028442847], "normalizedAxes": [0.6497771739959717, 0.7601247429847717, 1.687815982497946e-16, 0, -2.220446049250313e-16, 1, 0.7601247429847717, -0.6497771739959717, -1.4427951588923886e-16]}, "segments": [4867, 43695, 44598, 4880], "label": "towel"}, {"objectId": 31, "id": 31, "partId": 31, "index": 29, "dominantNormal": [0.42894840240478516, -0.9033290147781372, -2.0057933420372924e-16], "obb": {"axesLengths": [0.260348237252906, 0.29999997541308443, 0.16337737451848822], "centroid": [-0.15638865309745298, -0.927201229744882, -0.24000008859969535], "normalizedAxes": [0.9033290147781372, 0.42894840240478516, 9.524567854519387e-17, 0, -2.220446049250313e-16, 1, 0.42894840240478516, -0.9033290147781372, -2.0057933420372924e-16]}, "segments": [12387, 31512, 32205], "label": "towel"}, {"objectId": 32, "id": 32, "partId": 32, "index": 30, "dominantNormal": [-0.4457493722438812, -0.8951578140258789, -1.9876496316093093e-16], "obb": {"axesLengths": [0.31886131219957203, 0.4673720195731812, 0.1546947858240381], "centroid": [-0.09297886081504125, -1.0007583143880883, -0.5812851010843718], "normalizedAxes": [0.8951578140258789, -0.4457493722438812, -9.897624325547332e-17, 0, -2.220446049250313e-16, 1, -0.4457493722438812, -0.8951578140258789, -1.9876496316093093e-16]}, "segments": [45551, 45532, 28171, 5198, 28622], "label": "towel"}, {"objectId": 34, "id": 34, "partId": 34, "index": 31, "dominantNormal": [0.7568784356117249, -0.653555691242218, -1.4511851525838404e-16], "obb": {"axesLengths": [0.3045901750706533, 0.28562098103118716, 0.08906976399263848], "centroid": [-2.105784049819256, -1.1437742771102188, -1.1271895613527398], "normalizedAxes": [0.653555691242218, 0.7568784356117249, 1.680607732116812e-16, 0, -2.220446049250313e-16, 1, 0.7568784356117249, -0.653555691242218, -1.4511851525838404e-16]}, "segments": [9338, 9069], "label": "wall"}, {"objectId": 35, "id": 35, "partId": 35, "index": 32, "dominantNormal": [0.38466665148735046, -0.9230555891990662, -2.0495951362754864e-16], "obb": {"axesLengths": [0.583950484334032, 0.914320001431107, 0.3962874176286352], "centroid": [-3.902027679052971, -0.1434834515090586, -0.7871601057810318], "normalizedAxes": [0.9230555891990662, 0.38466665148735046, 8.541315465734344e-17, 0, -2.220446049250313e-16, 1, 0.38466665148735046, -0.9230555891990662, -2.0495951362754864e-16]}, "segments": [41858, 41819, 11659, 11695, 11696, 11812, 11847, 11874, 11921, 11939, 12815, 41403, 41572, 45395, 45396, 45400, 45410, 45435, 54495, 54498, 52920, 12067, 12961, 41616, 45442, 45443, 52935, 55161, 32290, 11776, 11786, 12612, 32288, 32298, 32305, 32316, 42240, 42253, 42263, 42293, 42321, 42323, 50004, 50008, 50012, 50016, 55083, 55085, 55088, 55092, 55105, 12057, 12142, 41273, 41618, 41671, 42206, 45449, 45454, 52957, 52967, 52970, 55186, 42109, 41604, 42339, 55072, 55201], "label": "shelf"}], "scan_id": "ddc737a5-765b-241a-9cd2-c6e7a89aa43d", "annId": "4049", "appId": "stk.v1"}