{"segGroups": [{"objectId": 1, "id": 1, "partId": 1, "index": 0, "dominantNormal": [0, -2.220446049250313e-16, 1], "obb": {"axesLengths": [1.0618888312992754, 0.083280084655879, 0.7453430680170675], "centroid": [0.17661089119391676, 0.13976285497372232, -1.3516399869689355], "normalizedAxes": [0.8428362011909485, -0.5381701588630676, -1.1949778030719119e-16, 0, -2.220446049250313e-16, 1, -0.5381701588630676, -0.8428362011909485, -1.8714723130995836e-16]}, "segments": [1109, 1775], "label": "floor"}, {"objectId": 2, "id": 2, "partId": 2, "index": 1, "dominantNormal": [0, -2.220446049250313e-16, 1], "obb": {"axesLengths": [0.9725463820658384, 0.17283400506897265, 0.44835273275942056], "centroid": [0.23266863560797083, 0.574964496646005, -0.43393001614548377], "normalizedAxes": [-0.6426927447319031, 0.7661240100860596, 1.701137031431398e-16, 0, -2.220446049250313e-16, 1, 0.7661240100860596, 0.6426927447319031, 1.4270645659217942e-16]}, "segments": [3076, 2462, 6661, 4363, 3316, 6687], "label": "kitchen counter"}, {"objectId": 3, "id": 3, "partId": 3, "index": 2, "dominantNormal": [0.8120083808898926, -0.583645761013031, -1.295953924203077e-16], "obb": {"axesLengths": [1.1323556055372057, 2.216419945290238, 0.0998486574209205], "centroid": [-0.14782388309553407, 0.8211855264079613, -0.178210017421917], "normalizedAxes": [0.583645761013031, 0.8120083808898926, 1.8030208013051054e-16, 0, -2.220446049250313e-16, 1, 0.8120083808898926, -0.583645761013031, -1.295953924203077e-16]}, "segments": [2747, 6372, 2736, 1632, 4227], "label": "wall"}, {"objectId": 4, "id": 4, "partId": 4, "index": 3, "dominantNormal": [0, -2.220446049250313e-16, 1], "obb": {"axesLengths": [0.5776859541715879, 0.27999999493360517, 0.3798939627737575], "centroid": [0.3168129232600093, 0.8633849619306475, 0.28999996893226987], "normalizedAxes": [-0.6810306906700134, 0.7322549223899841, 1.625932549464935e-16, 0, -2.220446049250313e-16, 1, 0.7322549223899841, 0.6810306906700134, 1.5121919065164434e-16]}, "segments": [433, 5242, 2511, 6144, 6282, 2482, 7487, 7598, 2024, 2032, 2255, 2507, 2531, 2630, 5235, 6074, 6346, 7460, 506], "label": "microwave"}, {"objectId": 5, "id": 5, "partId": 5, "index": 4, "dominantNormal": [0, -2.220446049250313e-16, 1], "obb": {"axesLengths": [0.3757521578011367, 0.16609999166205536, 0.3534703626089241], "centroid": [0.24159729245724074, 0.9700103471168422, -0.4330500131896894], "normalizedAxes": [0.9084262251853943, -0.4180452525615692, -9.282469294581857e-17, 0, -2.220446049250313e-16, 1, -0.4180452525615692, -0.9084262251853943, -2.017111422748284e-16]}, "segments": [6739, 3498, 7079, 3356, 7096, 3494], "label": "pan"}, {"objectId": 6, "id": 6, "partId": 6, "index": 5, "dominantNormal": [-0.628054678440094, -0.7781692147254944, -1.7278827584854426e-16], "obb": {"axesLengths": [1.1388529549276116, 0.914014944865965, 0.14582759405589035], "centroid": [0.25567223881555823, 0.3969995273758723, -0.8990125021547275], "normalizedAxes": [0.7781692147254944, -0.628054678440094, -1.3945615294554825e-16, 0, -2.220446049250313e-16, 1, -0.628054678440094, -0.7781692147254944, -1.7278827584854426e-16]}, "segments": [4513, 2271, 1808], "label": "cabinet"}, {"objectId": 7, "id": 7, "partId": 7, "index": 6, "dominantNormal": [0.8379243016242981, -0.545786440372467, -1.211889345259436e-16], "obb": {"axesLengths": [0.40330175757918196, 0.4500489730376976, 0.32778737396744145], "centroid": [-0.17487458033041703, 0.5185740882849288, -1.1502954716157443], "normalizedAxes": [0.545786440372467, 0.8379243016242981, 1.8605657051125004e-16, 0, -2.220446049250313e-16, 1, 0.8379243016242981, -0.545786440372467, -1.211889345259436e-16]}, "segments": [6996, 768, 6952, 908, 1602, 6981, 3954, 5739, 766, 842, 891, 904, 933, 979, 981, 993, 994, 998, 999, 1045, 1091, 1093, 1525, 1584, 3929, 5635, 5650, 5652, 5658, 5708, 7046, 7057, 7142], "label": "garbage bin"}, {"objectId": 8, "id": 8, "partId": 8, "index": 7, "dominantNormal": [-0.6637923717498779, -0.7479169368743896, -1.6607092076501343e-16], "obb": {"axesLengths": [1.0504998411255857, 0.5827129949022906, 0.22277692781589326], "centroid": [0.6127798111438578, 0.9143483135105408, -0.14135652598567772], "normalizedAxes": [0.7479169368743896, -0.6637923121452332, -1.4739150170256136e-16, 0, -2.220446049250313e-16, 1, -0.6637923121452332, -0.7479169368743896, -1.6607092076501343e-16]}, "segments": [5491, 1779, 4986, 7322], "label": "wall"}, {"objectId": 9, "id": 9, "partId": 9, "index": 8, "dominantNormal": [-0.6113954186439514, -0.7913252115249634, -1.7570949396027733e-16], "obb": {"axesLengths": [0.5414463564182307, 0.05999999918043641, 0.03824070866682536], "centroid": [0.755748668848401, 0.740108462372076, 0.03999996800094774], "normalizedAxes": [0.7913252711296082, -0.6113954186439514, -1.3575705418577031e-16, 0, -2.220446049250313e-16, 1, -0.6113954186439514, -0.7913252711296082, -1.7570950719516713e-16]}, "segments": [5274, 5881], "label": "light"}, {"objectId": 10, "id": 10, "partId": 10, "index": 9, "dominantNormal": [0, -2.220446049250313e-16, 1], "obb": {"axesLengths": [0.6304710918658284, 0.28778302026279956, 0.5920347424673621], "centroid": [0.5388764365732994, 0.6372689226863941, -0.4487465235114142], "normalizedAxes": [0.8523749709129333, -0.5229310393333435, -1.1611401603180827e-16, 0, -2.220446049250313e-16, 1, -0.5229310393333435, -0.8523749709129333, -1.8926526366434734e-16]}, "segments": [6514, 3461, 2564, 6422, 3751, 2878, 6905, 2863, 3047, 3043, 2840, 2865, 2892, 3001, 3256, 3331, 3338, 3344, 3557, 3603, 3701, 3773, 3853, 3894, 3913, 3924, 3930, 4052, 4124, 4200, 4268, 4316, 4326, 4410, 4449, 6467, 6478, 6536, 6552, 6554, 6584, 6751, 6754, 6760, 6812, 6861, 6912, 6915, 6918, 4436, 4180, 3731, 2902, 3383], "label": "clutter"}, {"objectId": 11, "id": 11, "partId": 11, "index": 10, "dominantNormal": [-0.6987537741661072, -0.7153622508049011, -1.5884232835825543e-16], "obb": {"axesLengths": [1.1519370422450514, 0.6630369872666079, 0.45237574028331057], "centroid": [0.5135223305648446, 0.7387183658506947, 0.4615184548169704], "normalizedAxes": [0.7153622508049011, -0.6987537741661072, -1.5515450572458782e-16, 0, -2.220446049250313e-16, 1, -0.6987537741661072, -0.7153622508049011, -1.5884232835825543e-16]}, "segments": [7588, 2572, 5343, 4479, 1418, 6419, 6172, 2259, 504, 1278, 5823, 7377, 472, 5363, 5630, 7470], "label": "kitchen counter"}, {"objectId": 12, "id": 12, "partId": 12, "index": 11, "dominantNormal": [0, -2.220446049250313e-16, 1], "obb": {"axesLengths": [1.3757711665176517, 0.17935800151471754, 0.46920134598098456], "centroid": [0.6878275318295417, 0.8192160981166288, 0.8573919627665272], "normalizedAxes": [-0.6034442782402039, 0.7974051833152771, 1.7705951889441287e-16, 0, -2.220446049250313e-16, 1, 0.7974051833152771, 0.6034442782402039, 1.3399154635611673e-16]}, "segments": [2189, 1681, 7417, 7445, 5026, 7451, 5036, 7454, 5320], "label": "wall"}, {"objectId": 18, "id": 18, "partId": 18, "index": 13, "dominantNormal": [0, -2.220446049250313e-16, 1], "obb": {"axesLengths": [0.33764157878115403, 0.1500969793625849, 0.18987090527492242], "centroid": [0.8086913377577658, 0.5101946511476857, -0.38504851627867387], "normalizedAxes": [0.677689254283905, 0.7353484034538269, 1.6328014572715752e-16, 0, -2.220446049250313e-16, 1, 0.7353484034538269, -0.677689254283905, -1.5047724272940877e-16]}, "segments": [3548, 3339, 3508, 3435], "label": "mandarins"}, {"objectId": 19, "id": 19, "partId": 19, "index": 14, "dominantNormal": [0, -2.220446049250313e-16, 1], "obb": {"axesLengths": [0.23683934599843862, 0.09999999180436148, 0.20496664199533574], "centroid": [0.5806358414836549, 0.39836451797645756, -0.4000000132608422], "normalizedAxes": [0.7336429953575134, -0.6795350909233093, -1.5088710079676145e-16, 0, -2.220446049250313e-16, 1, -0.6795350909233093, -0.7336429953575134, -1.6290146906017565e-16]}, "segments": [6067], "label": "bowl"}, {"objectId": 13, "id": 13, "partId": 13, "index": 16, "dominantNormal": [0, -2.220446049250313e-16, 1], "obb": {"axesLengths": [1.6079088578573957, 0.08628898666153101, 1.0102822930276762], "centroid": [0.4850967682361434, 0.6473294147227842, 0.9151784559683831], "normalizedAxes": [0.9633267521858215, -0.2683310806751251, -5.958146879761486e-17, 0, -2.220446049250313e-16, 1, -0.2683310806751251, -0.9633267521858215, -2.1390150810281428e-16]}, "segments": [5305], "label": "ceiling"}, {"objectId": 14, "id": 14, "partId": 14, "index": 17, "dominantNormal": [0, -2.220446049250313e-16, 1], "obb": {"axesLengths": [0.6007094672823791, 0.3200000154972074, 0.3224843832950364], "centroid": [0.34180297315686015, 0.884230936262465, 0.5699999638658753], "normalizedAxes": [0.7315123677253723, -0.6818281412124634, -1.513962602422899e-16, 0, -2.220446049250313e-16, 1, -0.6818281412124634, -0.7315123677253723, -1.6242837468935452e-16]}, "segments": [1846, 2137, 6056, 1831, 1867, 5585, 5557, 139, 30, 240, 5688, 155, 1506, 5964], "label": "objects"}], "scan_id": "d7d40d48-7a5d-2b36-97ad-692c9b56b508", "annId": "5633", "appId": "stk.v1"}