{"segGroups": [{"objectId": 9, "id": 9, "partId": 9, "index": 0, "dominantNormal": [0.9870275855064392, -0.16055075824260712, -3.564942968439391e-17], "obb": {"axesLengths": [0.5514785869252333, 0.8853499691482639, 0.4342360308353803], "centroid": [0.9947853708679226, 0.6225317259158406, -1.0637151528809596], "normalizedAxes": [0.16055075824260712, 0.9870275855064392, 2.1916415027388485e-16, 0, -2.220446049250313e-16, 1, 0.9870275855064392, -0.16055075824260712, -3.564942968439391e-17]}, "segments": [63928, 63465, 14607, 63402, 24701, 56143, 56450, 14454, 15983, 15996, 24749, 25053, 28345, 63368, 63447, 63461, 72247, 72299, 21254, 13973, 63308, 63434, 13989, 15763, 16441, 16474, 16492, 21250, 21258, 21283, 21286, 54833, 56219, 56220, 56530, 63283, 72265, 72384, 72399, 56188, 72481], "label": "chair"}, {"objectId": 10, "id": 10, "partId": 10, "index": 1, "dominantNormal": [0, -2.220446049250313e-16, 1], "obb": {"axesLengths": [0.5868962422177054, 0.26173996340319583, 0.4071490685911147], "centroid": [0.10931406828916834, 0.20025787963463348, -1.3410001265034088], "normalizedAxes": [0.5890548229217529, 0.8080930709838867, 1.794327066892724e-16, 0, -2.220446049250313e-16, 1, 0.8080930709838867, -0.5890548229217529, -1.307964454348449e-16]}, "segments": [63219, 52046, 19708, 13727, 13798, 52002, 13759, 13774, 19753, 62574, 69564, 69706, 63192, 67310], "label": "backpack"}, {"objectId": 11, "id": 11, "partId": 11, "index": 2, "dominantNormal": [0, -2.220446049250313e-16, 1], "obb": {"axesLengths": [0.4333525160614575, 0.3008900813559423, 0.36414163737840666], "centroid": [-1.6703623370570955, -0.45290985358745983, -1.3204451671888306], "normalizedAxes": [0.9993331432342529, -0.03651435300707817, -8.107815087549801e-18, 0, -2.220446049250313e-16, 1, -0.03651435300707817, -0.9993331432342529, -2.2189653297793942e-16]}, "segments": [40165, 67165, 42807], "label": "backpack"}, {"objectId": 12, "id": 12, "partId": 12, "index": 3, "dominantNormal": [0.7581698894500732, 0.6520570516586304, 1.447857504241213e-16], "obb": {"axesLengths": [3.252733803935604, 2.4999999441206455, 0.14170948240342895], "centroid": [-2.0475131465157643, -1.6922624534028081, -0.28000016070902456], "normalizedAxes": [-0.6520570516586304, 0.7581698894500732, 1.6834753356899618e-16, 0, -2.220446049250313e-16, 1, 0.7581698894500732, 0.6520570516586304, 1.447857504241213e-16]}, "segments": [27414, 57806, 55750, 54400, 72216, 27158, 29702, 47038, 66399, 70260, 37774, 72304, 59293], "label": "wall"}, {"objectId": 13, "id": 13, "partId": 13, "index": 4, "dominantNormal": [0.7924107313156128, 0.6099879145622253, 1.3544452549801308e-16], "obb": {"axesLengths": [1.0284539473026588, 2.099999917298556, 0.09508500307768418], "centroid": [-1.3376031991261674, -2.528344947514881, -0.4600001936405893], "normalizedAxes": [-0.6099879145622253, 0.7924107313156128, 1.7595052777333038e-16, 0, -2.220446049250313e-16, 1, 0.7924107313156128, 0.6099879145622253, 1.3544452549801308e-16]}, "segments": [12760, 58631, 23424, 39227, 21132, 58482], "label": "door"}, {"objectId": 14, "id": 14, "partId": 14, "index": 5, "dominantNormal": [0.6613386273384094, -0.7500874996185303, -1.6655288251200113e-16], "obb": {"axesLengths": [4.539952867418002, 2.5599998855590833, 0.2959727015612502], "centroid": [0.6381541694502734, -1.368042845199717, -0.2500001899898052], "normalizedAxes": [0.7500874996185303, 0.6613386273384094, 1.4684667422901963e-16, 0, -2.220446049250313e-16, 1, 0.6613386273384094, -0.7500874996185303, -1.6655288251200113e-16]}, "segments": [71728, 71295, 10710, 4147, 17981, 19482, 23443, 14085, 52980, 1418, 2515, 4178, 7937, 8831, 14555, 14566, 14581, 16559, 16627, 17510, 20890, 21452, 49294, 49304, 49346, 50046, 53166, 54065, 54078, 71151, 71883, 71885, 71891, 71895, 24629], "label": "wall"}, {"objectId": 15, "id": 15, "partId": 15, "index": 6, "dominantNormal": [0.6591654419898987, -0.7519979476928711, -1.6697708719989792e-16], "obb": {"axesLengths": [1.1717562503924301, 0.7859225619005586, 0.1901356365182684], "centroid": [0.7206665967248005, -1.1173474968972785, -0.4806998767547377], "normalizedAxes": [0.7519979476928711, 0.6591654419898987, 1.463641301468807e-16, 0, -2.220446049250313e-16, 1, 0.6591654419898987, -0.7519979476928711, -1.6697708719989792e-16]}, "segments": [14557, 17772, 16788, 17787, 3340, 51616, 20910, 17596, 14490, 14472, 53255, 14625, 53616, 49307, 49316], "label": "tv"}, {"objectId": 16, "id": 16, "partId": 16, "index": 7, "dominantNormal": [0.6522608399391174, -0.7579945921897888, -1.6830860975809188e-16], "obb": {"axesLengths": [1.8417908038469297, 0.7112099369344871, 0.619582051673784], "centroid": [0.6786159690306055, -1.0643281573848877, -1.1656051483242589], "normalizedAxes": [0.7579945921897888, 0.6522608399391174, 1.448310005123504e-16, 0, -2.220446049250313e-16, 1, 0.6522608399391174, -0.7579945921897888, -1.6830860975809188e-16]}, "segments": [14839, 56572, 73445, 18046, 73457, 48881, 51760, 48410, 20750, 23151, 73303, 48010, 73444, 30093, 23340, 14884, 15804, 19652, 20822, 22269, 43962, 43965, 44020, 44043, 44065, 44071, 45169, 45804, 45836, 45887, 46254, 46271, 46277, 46293, 46295, 46304, 47973, 49002, 49038, 49428, 49474, 49475, 49493, 49526, 49664, 49727, 49737, 49743, 49775, 49822, 50071, 50094, 50111, 50116, 50124, 51666, 53795, 68249, 68254, 68268, 68586, 68623, 68767, 70041, 70045, 70051, 70053, 70092, 70243, 70247, 70249, 72075, 72057, 21146, 22297, 22057], "label": "tv stand"}, {"objectId": 17, "id": 17, "partId": 17, "index": 8, "dominantNormal": [0.6741671562194824, -0.7385787963867188, -1.639974370496941e-16], "obb": {"axesLengths": [0.7595691485071943, 2.1712100020525593, 0.4836840925491058], "centroid": [1.7993657069239277, -0.1951387298335852, -0.45560521545398913], "normalizedAxes": [0.7385787963867188, 0.6741671562194824, 1.4969517985618684e-16, 0, -2.220446049250313e-16, 1, 0.6741671562194824, -0.7385787963867188, -1.639974370496941e-16]}, "segments": [59643, 23849, 71458, 17226, 17454, 18693, 18752, 24141, 26381, 27595, 71106, 5941, 25449, 71680, 1479, 23803, 19460, 1888, 349, 420, 17442, 17179, 21968, 7979, 19099, 18245, 19388, 18792, 372, 425, 881, 882, 917, 925, 959, 1054, 1507, 1886, 1900, 2182, 6032, 7895, 17177, 18224, 18596, 18600, 18770, 18790, 19032, 19221, 21933, 24402, 25864, 35653, 36001, 57827, 57904, 57978, 58706, 58710, 60920, 60950, 60953, 60956, 60959, 60970, 60972, 60980, 62904, 62926, 65710, 72984, 73027, 73199, 73233, 73898, 73902, 58746, 5765, 19451, 2138], "label": "showcase"}, {"objectId": 18, "id": 18, "partId": 18, "index": 9, "dominantNormal": [0.6512920260429382, -0.7588272094726562, -1.6849348793371993e-16], "obb": {"axesLengths": [2.0889933924734305, 0.6199999983608714, 0.24735150275394113], "centroid": [0.8468707231820529, -1.1376734102368888, 0.23999980486929395], "normalizedAxes": [0.7588272094726562, 0.6512920260429382, 1.4461588061352742e-16, 0, -2.220446049250313e-16, 1, 0.6512920260429382, -0.7588272094726562, -1.6849348793371993e-16]}, "segments": [16407, 17738, 16253, 63047, 14225, 61338, 5289, 5401, 5493, 5653, 5664, 5697, 5701, 14146, 14175, 14177, 14245, 14719, 14726, 16298, 16328, 16366, 16939, 16953, 17096, 17825, 17832, 17885, 17897, 17904, 19154, 19156, 19183, 19190, 19192, 19229, 19236, 19385, 61343, 61378, 61423, 62597, 62598, 62850, 62898, 62920, 62955, 63182, 14148, 5489, 61371, 15095, 5735, 5344, 5271, 5329, 5392, 5512, 5555, 16923, 5309, 19545], "label": "shelf"}, {"objectId": 19, "id": 19, "partId": 19, "index": 10, "dominantNormal": [0.7718375325202942, 0.6358198523521423, 1.4118036791902318e-16], "obb": {"axesLengths": [1.1273009916185586, 1.5102726367800083, 0.47919291480358917], "centroid": [-2.0737882586922614, -1.3382612865979382, -0.7748638143793429], "normalizedAxes": [-0.6358198523521423, 0.7718374729156494, 1.7138234673988993e-16, 0, -2.220446049250313e-16, 1, 0.7718374729156494, 0.6358198523521423, 1.4118036791902318e-16]}, "segments": [25351, 25320, 26124, 67991, 31957, 31694, 29451, 29436, 37922, 28948, 22479, 24724, 25963, 26155, 26169, 26194, 26197, 26391, 26567, 26575, 26595, 27052, 27117, 27243, 27258, 27467, 28166, 28782, 28807, 29158, 29475, 29483, 29542, 29551, 29556, 29567, 29587, 30571, 30588, 30642, 30665, 31566, 31643, 31658, 32092, 32164, 33263, 33314, 33378, 37972, 38840, 38867, 59255, 64052, 64714, 64942, 64988, 65063, 65090, 65093, 65099, 65104, 65108, 65238, 65240, 65245, 65249, 66646, 66867, 66895, 72806, 72830, 12896, 65234, 33420, 25774, 59287, 59071, 59213, 57456, 25789, 26746, 28630, 31750, 43339, 57419, 57458, 72800, 72804, 43400, 40068, 43368, 30491, 68118, 66890], "label": "showcase"}, {"objectId": 20, "id": 20, "partId": 20, "index": 11, "dominantNormal": [-0.6850941181182861, -0.7284545302391052, -1.617493983727914e-16], "obb": {"axesLengths": [0.380160962165645, 0.30909058505839276, 0.1585130415266919], "centroid": [-2.0827631187510915, -1.4213717227698575, -0.05545489179816743], "normalizedAxes": [0.7284545302391052, -0.6850941181182861, -1.5212145279403758e-16, 0, -2.220446049250313e-16, 1, -0.6850941181182861, -0.7284545302391052, -1.617493983727914e-16]}, "segments": [59106, 73979, 59751, 59032, 59044, 59806], "label": "picture"}, {"objectId": 21, "id": 21, "partId": 21, "index": 12, "dominantNormal": [0.9999866485595703, 0.005163895897567272, 1.1466152244493149e-18], "obb": {"axesLengths": [0.699705565529063, 2.5157999430045486, 0.38445093034261696], "centroid": [-2.9152394661433334, -0.13935179891115462, -0.28790016015097564], "normalizedAxes": [-0.005163895897567272, 0.9999866485595703, 2.2204164030971592e-16, 0, -2.220446049250313e-16, 1, 0.9999866485595703, 0.005163895897567272, 1.1466152244493149e-18]}, "segments": [55354, 50758, 48859, 51842, 51904, 70003, 70398], "label": "wall"}, {"objectId": 22, "id": 22, "partId": 22, "index": 13, "dominantNormal": [0, -2.220446049250313e-16, 1], "obb": {"axesLengths": [5.010251801175347, 0.25999998465180474, 4.165881418310289], "centroid": [-0.4801701729952737, -0.062289857466572895, 0.8999997604638343], "normalizedAxes": [0.6543020606040955, 0.7562333345413208, 1.679175319993666e-16, 0, -2.220446049250313e-16, 1, 0.7562333345413208, -0.6543020606040955, -1.4528424254847027e-16]}, "segments": [2342, 15509, 7559, 25677, 27646, 50876, 7538, 15244, 598, 53364, 6699, 51319, 12111, 64411, 15188], "label": "ceiling"}, {"objectId": 23, "id": 23, "partId": 23, "index": 14, "dominantNormal": [0.6488808393478394, -0.760890007019043, -1.689515209999477e-16], "obb": {"axesLengths": [0.37763260383894875, 1.3550676423854902, 0.3087492337202878], "centroid": [-2.729416210684982, 0.2814326020505496, -0.6848863068155322], "normalizedAxes": [0.760890007019043, 0.6488808989524841, 1.440805028513035e-16, 0, -2.220446049250313e-16, 1, 0.6488808989524841, -0.760890007019043, -1.689515209999477e-16]}, "segments": [45155, 44925, 24468, 44694, 44662, 44961, 68780, 46108, 69635, 46138], "label": "lamp"}, {"objectId": 24, "id": 24, "partId": 24, "index": 15, "dominantNormal": [-0.22858010232448578, -0.9735251069068909, -2.1616599774773945e-16], "obb": {"axesLengths": [0.1604936220397467, 0.21503932852210106, 0.1430573979968603], "centroid": [-1.8551068644866622, -1.4711247741967357, -0.10248052006631347], "normalizedAxes": [0.9735251069068909, -0.22858008742332458, -5.0754975205641225e-17, 0, -2.220446049250313e-16, 1, -0.22858008742332458, -0.9735251069068909, -2.1616599774773945e-16]}, "segments": [63996, 25726, 64046, 73815], "label": "frame"}, {"objectId": 25, "id": 25, "partId": 25, "index": 16, "dominantNormal": [0, -2.220446049250313e-16, 1], "obb": {"axesLengths": [0.9200178802083631, 0.20807104837735624, 0.49504812756671046], "centroid": [-1.8079105640673347, 0.515882394901649, -0.9819447048318866], "normalizedAxes": [0.9826847314834595, 0.18528561294078827, 4.11416707237296e-17, 0, -2.220446049250313e-16, 1, 0.18528561294078827, -0.9826847314834595, -2.1819984296810523e-16]}, "segments": [28509, 43783, 67435, 33052, 43792, 68154], "label": "clothes"}, {"objectId": 27, "id": 27, "partId": 27, "index": 18, "dominantNormal": [0, -2.220446049250313e-16, 1], "obb": {"axesLengths": [0.6435830646164172, 0.14819001820258748, 0.26289379926810635], "centroid": [2.0998711074737977, 0.21026375143747233, -1.4269751755079252], "normalizedAxes": [0.8990045785903931, -0.43793925642967224, -9.724204917508855e-17, 0, -2.220446049250313e-16, 1, -0.43793925642967224, -0.8990045785903931, -1.996191164788981e-16]}, "segments": [36011, 66459, 20587, 37599, 36048, 19062], "label": "object"}, {"objectId": 28, "id": 28, "partId": 28, "index": 19, "dominantNormal": [0, -2.220446049250313e-16, 1], "obb": {"axesLengths": [0.9680666545217474, 0.17790698607473843, 0.7697582799041124], "centroid": [-1.0456110521259747, 0.9196980012619469, -1.0098666490644255], "normalizedAxes": [0.44136375188827515, 0.89732825756073, 1.9924689843813903e-16, 0, -2.220446049250313e-16, 1, 0.89732825756073, -0.44136375188827515, -9.80024399162616e-17]}, "segments": [46535, 39048, 32982, 40553, 67510, 67637, 39064, 67768, 67719, 41584], "label": "clothes"}, {"objectId": 1, "id": 1, "partId": 1, "index": 20, "dominantNormal": [0, -2.220446049250313e-16, 1], "obb": {"axesLengths": [5.314144411189948, 0.7199998933076879, 3.744202590306949], "centroid": [-0.24613477933908096, -0.6743213328740135, -1.4500001512467864], "normalizedAxes": [0.9545976519584656, 0.29789820313453674, 6.614668882288493e-17, 0, -2.220446049250313e-16, 1, 0.29789820313453674, -0.9545976519584656, -2.1196325849148003e-16]}, "segments": [20219, 41729, 57834, 55607, 51025, 20401, 14850, 7643, 13667, 16204, 16354, 17002, 18100, 18198, 21358, 22432, 25897, 29786, 31057, 37792, 37833, 40476, 40825, 42466, 43427, 43444, 45609, 45921, 55023, 64922, 67748, 68138, 68139, 68146, 68627, 68629, 68719, 68849, 69134, 73802, 13187, 13039, 46789, 46800, 70863, 46824, 12976, 50492, 69424, 56666, 45958, 38385, 68286, 48944, 73718, 23363, 58911, 6575, 6745, 6798, 21819, 6613, 4294, 8672, 61523, 2118, 60866, 582, 63512, 63509, 63520, 11757, 11705, 6690, 359, 339, 45329, 484, 490, 1362, 4395, 6845, 11906, 6827, 11825, 36225, 36133, 1052, 61641, 61820, 61785, 8851, 61497, 6994], "label": "floor"}, {"objectId": 2, "id": 2, "partId": 2, "index": 21, "dominantNormal": [0, -2.220446049250313e-16, 1], "obb": {"axesLengths": [3.223802292237641, 0.9535799409393975, 1.9666242657645627], "centroid": [-0.7283553187889722, 0.8845084823753742, -1.0467901461543891], "normalizedAxes": [0.7887804508209229, 0.6146750450134277, 1.364852775272824e-16, 0, -2.220446049250313e-16, 1, 0.6146750450134277, -0.7887804508209229, -1.751444435751199e-16]}, "segments": [60282, 74419, 49957, 48620, 60295, 57416, 48750, 41712, 43774, 23721, 29712, 34201, 67094, 13648, 13823, 20368, 20375, 20390, 20416, 20476, 24652, 24939, 26239, 26257, 26763, 28023, 28026, 29238, 30763, 32376, 32718, 32767, 33092, 33786, 33916, 33921, 33924, 34258, 34555, 39188, 39518, 40151, 40216, 41450, 41470, 41536, 41558, 43142, 43277, 46418, 49747, 52012, 54491, 56840, 60121, 60636, 63240, 64629, 64659, 64923, 65357, 65399, 67464, 67689, 67693, 67776, 67779, 67907, 67924, 67958, 72645, 72713, 74306, 29227, 31432, 32148, 69720, 47877, 13529, 13740, 74122, 13394, 54884, 53096, 54290, 52270, 52174, 11155, 29591, 45499, 45563, 45570, 48184, 48761, 52186, 52690, 54887, 29621, 69476, 36713, 36900, 66336, 51811, 69947, 69461, 45567], "label": "couch"}, {"objectId": 3, "id": 3, "partId": 3, "index": 22, "dominantNormal": [0, -2.220446049250313e-16, 1], "obb": {"axesLengths": [1.2192110656765944, 0.4919500240992744, 1.2375988120848938], "centroid": [-0.8696336181889747, -1.3164324989112315, -1.2461451777187365], "normalizedAxes": [0.05593366548418999, 0.9984344840049744, 2.2169699054441202e-16, 0, -2.220446049250313e-16, 1, 0.9984344840049744, -0.05593366548418999, -1.2419768654445826e-17]}, "segments": [44126, 67239, 40133, 67846, 37136, 43476, 47417, 37206, 30957, 47192, 43181, 48292, 41251, 47108, 30862, 30877, 30889, 30897, 30911, 30952, 30959, 37270, 37303, 38044, 38078, 38152, 39310, 39312, 39352, 39409, 39734, 39764, 39867, 40414, 40772, 41156, 41289, 41799, 43159, 43582, 43648, 43658, 45781, 47161, 47190, 64890, 64895, 65471, 66385, 66479, 66554, 66724, 66752, 66946, 68188, 68193, 68231, 72734, 72761, 67894, 43866, 38058, 66757, 34651, 48051, 30968, 38142], "label": "couch table"}, {"objectId": 4, "id": 4, "partId": 4, "index": 23, "dominantNormal": [0.639717698097229, -0.7686099410057068, -1.7066569069206378e-16], "obb": {"axesLengths": [4.108744503500326, 2.7071199408072233, 0.5339788231892517], "centroid": [-1.3698007472277223, 1.3125525094904356, -0.4035601991364355], "normalizedAxes": [0.7686099410057068, 0.639717698097229, 1.4204586353754967e-16, 0, -2.220446049250313e-16, 1, 0.639717698097229, -0.7686099410057068, -1.7066569069206378e-16]}, "segments": [58165, 55309, 35467, 40996, 13221, 13245, 23121, 23492, 23518, 23569, 23605, 23636, 24410, 24525, 24570, 29982, 36755, 46672, 47659, 51650, 56416, 63560, 63802, 63805, 63809, 63813, 63883, 65082, 68806, 68813, 69594, 72425, 21895, 50714, 69540, 46954, 9936], "label": "wall"}, {"objectId": 5, "id": 5, "partId": 5, "index": 24, "dominantNormal": [0.6367229223251343, -0.7710927128791809, -1.7121697679182833e-16], "obb": {"axesLengths": [1.4546558976478616, 1.0399999386072174, 0.05475338825132045], "centroid": [-1.2768653877138694, 1.619313835539949, -0.010000185817479856], "normalizedAxes": [0.7710927128791809, 0.6367228627204895, 1.4138087649950604e-16, 0, -2.220446049250313e-16, 1, 0.6367228627204895, -0.7710927128791809, -1.7121697679182833e-16]}, "segments": [41928, 59556, 59568, 41953, 64252, 67792, 42333, 38776, 57683], "label": "picture"}, {"objectId": 6, "id": 6, "partId": 6, "index": 25, "dominantNormal": [0.7625156044960022, 0.6469697952270508, 1.436561525796189e-16], "obb": {"axesLengths": [3.6358484256756203, 2.474320892818549, 0.1970507502099383], "centroid": [1.2219241413611273, 1.401785463548848, -0.2745596574717877], "normalizedAxes": [-0.6469697952270508, 0.7625156044960022, 1.6931247614948623e-16, 0, -2.220446049250313e-16, 1, 0.7625156044960022, 0.6469697952270508, 1.436561525796189e-16]}, "segments": [593, 65621, 10605, 30269, 65692, 64827, 4708, 28845, 28880, 28881, 33652, 37492, 38435, 50858, 63957, 63965, 65611, 66344, 66351, 66784, 67078, 67073, 39668, 39827, 65764], "label": "wall"}, {"objectId": 7, "id": 7, "partId": 7, "index": 26, "dominantNormal": [0.7712874412536621, 0.6364870071411133, 1.4132850604056408e-16], "obb": {"axesLengths": [2.005412422387032, 2.3734899228776256, 0.6834195603440383], "centroid": [0.9484780715038701, 1.592249067870766, -0.3167451716941967], "normalizedAxes": [-0.6364870071411133, 0.7712874412536621, 1.712602151768077e-16, 0, -2.220446049250313e-16, 1, 0.7712874412536621, 0.6364870071411133, 1.4132850604056408e-16]}, "segments": [8217, 71028, 20240, 5438, 36505, 35880, 46381, 66147, 19620, 66044, 18134, 5947, 2858, 15605, 70790, 15612, 15281, 61555, 62657, 6114, 62740, 25641, 26492, 1785, 5920, 6095, 6178, 8097, 16866, 18099, 19587, 20176, 25967, 26596, 26826, 27092, 27632, 28121, 28134, 28258, 28276, 28373, 28554, 29211, 29377, 30054, 34790, 34799, 34827, 35960, 36292, 36368, 36385, 36562, 36635, 38441, 39604, 46497, 46514, 47082, 47148, 47150, 48377, 48527, 48567, 48590, 49965, 51990, 52003, 52006, 56643, 56644, 56791, 62782, 63619, 63661, 63675, 63713, 63747, 64010, 64035, 64803, 65256, 65706, 65832, 65947, 65957, 66049, 66108, 66195, 66234, 66283, 66316, 66321, 66832, 68375, 68389, 68419, 69446, 69525, 69779, 69967, 70872, 71039, 72137, 72674, 62670, 17018, 70188, 16653, 15328, 15722, 66265, 46510, 45735, 35383, 30070, 3169, 9702, 9710, 9779, 10752, 10761, 10782, 10982, 10999, 11046, 12709, 12714, 12715, 12747, 15053, 15171, 15180, 15222, 15337, 16584, 16610, 16664, 17492, 25887, 26460, 45488, 45545, 45552, 45576, 45660, 50460, 61994, 62720, 62802, 68395, 68522, 68528, 68550, 68865, 18611, 70934, 29937, 70964, 52936, 63981, 28793, 28761, 28809, 63975, 52923, 52912, 52873, 52846, 29003, 52932, 63972, 28887, 52884, 70906, 29990, 28306], "label": "curtain"}, {"objectId": 8, "id": 8, "partId": 8, "index": 27, "dominantNormal": [-0.6925902366638184, -0.7213312387466431, -1.601677099275818e-16], "obb": {"axesLengths": [0.5686554085829861, 1.580000007599592, 0.2680665106720527], "centroid": [1.166599859648673, 1.5650602608720265, -0.060000196620821455], "normalizedAxes": [0.7213312387466431, -0.6925902366638184, -1.5378592547495148e-16, 0, -2.220446049250313e-16, 1, -0.6925902366638184, -0.7213312387466431, -1.601677099275818e-16]}, "segments": [5955, 27997, 64092, 29232, 29224, 27593], "label": "window"}], "scan_id": "38770cb0-86d7-27b8-8466-1782505891fd", "annId": "6497", "appId": "stk.v1"}