{"segGroups": [{"objectId": 1, "id": 1, "partId": 1, "index": 0, "dominantNormal": [0, -2.220446049250313e-16, 1], "obb": {"axesLengths": [8.763019408916833, 0.3681700147352371, 8.798093485776247], "centroid": [-0.40948960715192206, -0.04455297330636432, -1.2940850412685767], "normalizedAxes": [-0.22080886363983154, 0.975317120552063, 2.1656390470960196e-16, 0, -2.220446049250313e-16, 1, 0.975317120552063, 0.22080886363983154, 4.9029416890851506e-17]}, "segments": [72935, 28956, 65962, 94927, 26931, 52586, 60659, 70176, 53, 1259, 1286, 1334, 1555, 1960, 2058, 2089, 2121, 2171, 2252, 2894, 3056, 3236, 3237, 3263, 3290, 3313, 3482, 3506, 3862, 4163, 4189, 4333, 4362, 4371, 4381, 4437, 4480, 4829, 5951, 6376, 6939, 6948, 15386, 17385, 17394, 18401, 18422, 18431, 18433, 18452, 18456, 18505, 18506, 18512, 18522, 18664, 18744, 19063, 19087, 19092, 19123, 19194, 19280, 19283, 19307, 19908, 19944, 21276, 21378, 22168, 22775, 22837, 23617, 23804, 23813, 24196, 24270, 24585, 24614, 24652, 24858, 25125, 25148, 27420, 28430, 28437, 29573, 29676, 30548, 30595, 30911, 31224, 31254, 31265, 31355, 31412, 31415, 31423, 32145, 32255, 32264, 32372, 32373, 32574, 32686, 32688, 32748, 32800, 32917, 32920, 32980, 32992, 34396, 34895, 35009, 35512, 35525, 35648, 35676, 35785, 35887, 35890, 35900, 35925, 36219, 36739, 36748, 36874, 37034, 37125, 37201, 37683, 37920, 38169, 38547, 38587, 38689, 38743, 38754, 38916, 39141, 39494, 39503, 39568, 39696, 39730, 39732, 42169, 43695, 44909, 46753, 46879, 46880, 50681, 50707, 50774, 50789, 50862, 51613, 51629, 51656, 51680, 51803, 53810, 54642, 55053, 55064, 55066, 55487, 55663, 56174, 57625, 57664, 58075, 58206, 58617, 58748, 58757, 58766, 58770, 58809, 58954, 59073, 59149, 59150, 59153, 59180, 59192, 59194, 59527, 59595, 59770, 59779, 59786, 59813, 59830, 59968, 60240, 60241, 60248, 60266, 60329, 60641, 61517, 61569, 61574, 61951, 61952, 61980, 62056, 62067, 62505, 62531, 62564, 62594, 62848, 62876, 63982, 64667, 64737, 64775, 64788, 64844, 64855, 64872, 64874, 65818, 65839, 65850, 65856, 66005, 66043, 66047, 66091, 66093, 66179, 67153, 67691, 67704, 67810, 67865, 67872, 68829, 68870, 68871, 68876, 69129, 69138, 69140, 69162, 69166, 69604, 70682, 70697, 70714, 71008, 71024, 71283, 71919, 72368, 72375, 72386, 72398, 72425, 72426, 72466, 72657, 74483, 74637, 74644, 74713, 74842, 74880, 78950, 78953, 78954, 78959, 78961, 78964, 80143, 80147, 80152, 80376, 80467, 80967, 81030, 81083, 82307, 82506, 82507, 82518, 82519, 82548, 82593, 82625, 83071, 83074, 84922, 84924, 84926, 85596, 85621, 85651, 85654, 87334, 87616, 88652, 88657, 88668, 88669, 88671, 88705, 88721, 88737, 88739, 88741, 88752, 88760, 88762, 89182, 89357, 89539, 89543, 89873, 89876, 89877, 89884, 89887, 89890, 89893, 90081, 93674, 94127, 94782, 95217, 95300, 95302, 95305, 95307, 95312, 95322, 95328, 23475, 29358, 72313, 21916, 14855, 93697, 69314, 29191, 29868, 64495, 55467, 46963, 12106, 59040, 58364, 58291, 36588, 58142, 50779, 799, 33164, 557, 1129, 42975, 60003, 13387, 29413, 36525, 36498, 58065, 58214, 36503, 36505, 38572, 38027, 18572, 83449, 36984, 39712, 50921, 66342, 70989, 50848, 36866, 36875], "label": "floor"}, {"objectId": 2, "id": 2, "partId": 2, "index": 1, "dominantNormal": [0, -2.220446049250313e-16, 1], "obb": {"axesLengths": [2.5113581286216546, 0.5306099534643448, 2.177345820980202], "centroid": [2.0098423208064276, -1.2914144198394086, -0.8953050022884816], "normalizedAxes": [-0.5665140748023987, 0.824052095413208, 1.8297632196366998e-16, 0, -2.220446049250313e-16, 1, 0.824052095413208, 0.5665140748023987, 1.2579139392396825e-16]}, "segments": [48568, 73196, 49796, 95715, 64052, 95558, 63515, 95618, 51945, 87047, 51673, 52308, 52232, 16484, 95791, 49447, 95512, 51972, 16106, 16108, 16112, 16117, 16308, 16468, 16658, 42354, 44972, 45004, 45020, 45982, 45983, 46012, 46026, 46030, 46059, 46084, 46102, 46136, 46164, 46200, 46201, 46244, 46258, 46276, 46309, 46667, 47121, 49078, 51696, 51916, 52210, 52372, 52394, 63535, 71734, 72622, 73575, 73591, 73701, 83832, 83842, 83844, 83852, 83867, 83938, 83988, 83991, 84135, 93117, 95860, 95956, 95660], "label": "bed"}, {"objectId": 3, "id": 3, "partId": 3, "index": 2, "dominantNormal": [0, -2.220446049250313e-16, 1], "obb": {"axesLengths": [1.7932549306196062, 0.8149210032465825, 1.0040746801543576], "centroid": [0.4818055508244796, 1.9761768652904195, -0.8717795263586285], "normalizedAxes": [0.9256861805915833, -0.3782923221588135, -8.39977692199264e-17, 0, -2.220446049250313e-16, 1, -0.3782923221588135, -0.9256861805915833, -2.0554362225401929e-16]}, "segments": [55856, 87632, 68173, 56554, 34558, 84390, 42846, 64044, 87669, 60688, 5376, 57549, 57225, 57217, 57213, 88029, 84732, 5794, 57158, 83431, 42441, 42412, 39292, 85581, 26494, 34579, 42399, 42403, 42893, 44556, 45068, 47783, 54341, 56895, 60407, 60427, 60645, 60713, 61310, 64921, 68683, 84214, 84223, 84228, 84661, 87468, 87497, 87694, 88045, 90849, 90866, 91249, 91254, 91260, 88073, 87750, 5379, 68562, 55949], "label": "couch"}, {"objectId": 4, "id": 4, "partId": 4, "index": 3, "dominantNormal": [0, -2.220446049250313e-16, 1], "obb": {"axesLengths": [0.7192580248163498, 0.3629259982051103, 0.7183274997433365], "centroid": [-0.5010778187743984, 1.0598734078803398, -1.1041970450246232], "normalizedAxes": [0.8889566659927368, -0.45799127221107483, -1.0169449109722058e-16, 0, -2.220446049250313e-16, 1, -0.45799127221107483, -0.8889566659927368, -1.9738803169583026e-16]}, "segments": [44442, 68106, 48690, 48735, 68438, 91123, 73123, 85229, 72904], "label": "seat pad"}, {"objectId": 5, "id": 5, "partId": 5, "index": 4, "dominantNormal": [0, -2.220446049250313e-16, 1], "obb": {"axesLengths": [0.5957879688860801, 0.3335159942466917, 0.5620187854944813], "centroid": [0.25436356536089455, 1.0764884080663815, -1.1032419998227339], "normalizedAxes": [0.5722325444221497, 0.8200914263725281, 1.820968767712934e-16, 0, -2.220446049250313e-16, 1, 0.8200914263725281, -0.5722325444221497, -1.2706114925146165e-16]}, "segments": [65519, 90937, 90946, 67289, 90361, 89750, 62940, 67985, 90961, 54498, 52188, 67317], "label": "seat pad"}, {"objectId": 6, "id": 6, "partId": 6, "index": 5, "dominantNormal": [-0.41455623507499695, -0.9100236892700195, -2.0206585055638094e-16], "obb": {"axesLengths": [0.6029961210824277, 0.44629295662880764, 0.4246912815950646], "centroid": [1.5653557449193236, 1.4511683373087272, -0.70763651905358], "normalizedAxes": [0.9100236892700195, -0.41455623507499695, -9.20499754364361e-17, 0, -2.220446049250313e-16, 1, -0.41455623507499695, -0.9100236892700195, -2.0206585055638094e-16]}, "segments": [91137, 68603, 68615, 23622, 24897, 66648, 66676, 66710, 66779, 90195, 91176, 68207, 66644, 91193], "label": "sidetable"}, {"objectId": 7, "id": 7, "partId": 7, "index": 6, "dominantNormal": [0, -2.220446049250313e-16, 1], "obb": {"axesLengths": [1.0115935466023596, 0.8007099449475863, 0.9792281202517767], "centroid": [-1.6287203277038456, -1.587412626193743, -0.8903550154644604], "normalizedAxes": [0.9981602430343628, -0.06063069775700569, -1.346271932978331e-17, 0, -2.220446049250313e-16, 1, -0.06063069775700569, -0.9981602430343628, -2.2163609681643832e-16]}, "segments": [32414, 61678, 74751, 5115, 86049, 860, 1569, 1590, 32662, 33387, 33409, 33413, 33591, 33692, 34986, 48509, 49339, 58517, 60849, 61129, 74475, 82596, 82612, 82617, 82621, 82781, 82806, 89228, 83088, 83120, 89344, 33239, 884, 75435, 88630, 89333, 61205, 48417], "label": "table"}, {"objectId": 8, "id": 8, "partId": 8, "index": 7, "dominantNormal": [0.08100005239248276, -0.9967141151428223, -2.2131499192009014e-16], "obb": {"axesLengths": [2.7182634443171736, 2.3029949150310087, 1.422192222329054], "centroid": [1.9343356358478405, -1.7215649129571104, 0.2276024323484509], "normalizedAxes": [0.9967141151428223, 0.08100005239248276, 1.798562463239567e-17, 0, -2.220446049250313e-16, 1, 0.08100005239248276, -0.9967141151428223, -2.2131499192009014e-16]}, "segments": [15891, 82401, 71195, 29319, 85196, 6844], "label": "wall"}, {"objectId": 9, "id": 9, "partId": 9, "index": 8, "dominantNormal": [-0.3569736182689667, -0.9341144561767578, -2.0741507537652866e-16], "obb": {"axesLengths": [0.774753239233945, 0.3600000062584874, 0.11372266182545257], "centroid": [1.887019009741072, -1.984910206494464, 0.36999995209194925], "normalizedAxes": [0.9341144561767578, -0.35697364807128906, -7.926407265463654e-17, 0, -2.220446049250313e-16, 1, -0.35697364807128906, -0.9341144561767578, -2.0741507537652866e-16]}, "segments": [71985, 72057, 93373, 87753, 93379], "label": "picture"}, {"objectId": 10, "id": 10, "partId": 10, "index": 9, "dominantNormal": [-0.3151131570339203, -0.9490541219711304, -2.1073234756555212e-16], "obb": {"axesLengths": [0.9002998776742653, 2.6445499067481615, 0.30587600188739505], "centroid": [1.5551090144250834, -0.36620356484191785, 0.047724976366126715], "normalizedAxes": [0.9490541219711304, -0.3151131570339203, -6.996917646027618e-17, 0, -2.220446049250313e-16, 1, -0.3151131570339203, -0.9490541219711304, -2.1073234756555212e-16]}, "segments": [29031, 27780, 91885, 82012, 87160, 29203, 23185, 87156, 87162, 92127, 87217, 18460, 19315, 87128, 75179, 19314, 19035, 20248, 20900, 2117, 13848, 13859, 13874, 14036, 14054, 14057, 14079, 14351, 14353, 14674, 19427, 20610, 20639, 22325, 23141, 23921, 23928, 27084, 27784, 27793, 27840, 27851, 27917, 28678, 29047, 29170, 29187, 29977, 33982, 33989, 34008, 34030, 34040, 34056, 34083, 35216, 46134, 54259, 54296, 70235, 70236, 70245, 70254, 70279, 70302, 74909, 74934, 74959, 79655, 79667, 81566, 81575, 81667, 81991, 81994, 82007, 82837, 82841, 82845, 87100, 91781, 91805, 92105, 92167, 92194, 92205, 92208, 92524, 70308, 23962, 27154, 46131, 70469, 87014, 87018, 87584, 27162, 54241], "label": "curtain"}, {"objectId": 11, "id": 11, "partId": 11, "index": 10, "dominantNormal": [-0.5079954862594604, -0.861359715461731, -1.9126027771803743e-16], "obb": {"axesLengths": [0.5957943138228267, 2.6362900144691004, 0.41011430570661495], "centroid": [3.0770443947675274, -0.9140720740120836, 0.022024944229538157], "normalizedAxes": [0.861359715461731, -0.5079954862594604, -1.1279765705018107e-16, 0, -2.220446049250313e-16, 1, -0.5079954862594604, -0.861359715461731, -1.9126027771803743e-16]}, "segments": [27475, 86809, 86740, 18831, 18839, 27463, 86693, 28018, 26922, 16918, 27080, 30836, 80945, 32004, 32103, 60802, 80191, 80367, 16504, 16613, 17089, 17582, 17583, 17585, 17653, 18202, 18347, 18694, 18889, 19175, 19516, 19984, 20094, 20277, 20306, 22144, 22465, 22505, 26586, 26649, 26696, 26735, 26816, 26873, 26877, 27112, 27114, 27120, 27168, 27221, 27610, 27637, 27674, 27734, 28571, 29667, 30362, 30508, 30516, 30591, 30649, 30696, 30810, 30859, 30993, 31003, 31133, 31697, 32579, 43904, 56388, 56896, 57178, 57199, 69966, 76942, 77189, 77262, 77491, 77566, 77576, 78567, 78624, 78671, 78675, 78967, 79036, 79085, 79166, 79168, 79305, 79569, 79587, 80158, 80164, 80263, 80270, 80297, 80300, 80302, 80372, 80379, 82473, 83447, 86477, 86713, 86726, 90175, 90182, 31141, 31139, 21622, 22250, 78657, 78626, 27427, 18881, 22140, 21192, 78615, 26741, 19581, 35172, 19787, 81898], "label": "curtain"}, {"objectId": 12, "id": 12, "partId": 12, "index": 11, "dominantNormal": [0.9357756972312927, -0.35259586572647095, -7.829200970343363e-17], "obb": {"axesLengths": [1.5205046629384544, 0.8486699570267652, 0.42759544033677493], "centroid": [0.7318887217667617, -0.792865527448395, -0.8343350101791678], "normalizedAxes": [0.35259586572647095, 0.9357756972312927, 2.077839449901681e-16, 0, -2.220446049250313e-16, 1, 0.9357756972312927, -0.35259586572647095, -7.829200970343363e-17]}, "segments": [21052, 56374, 56813, 62326, 44803, 44794, 73531, 92932, 69396, 44632, 92977, 73947, 20488, 20506, 20573, 20589, 44648, 44683, 44686, 44710, 44751, 44785, 45316, 45333, 45575, 56404, 56452, 62157, 62162, 62164, 62171, 62289, 62336, 67341, 69507, 73508, 73763, 73798, 73826, 73852, 73942, 74007, 74076, 74145, 74176, 85346, 91659, 91721, 91728, 93237, 73873, 67923], "label": "commode"}, {"objectId": 13, "id": 13, "partId": 13, "index": 12, "dominantNormal": [0.9269946813583374, -0.3750744163990021, -8.32832506068031e-17], "obb": {"axesLengths": [2.704360946258808, 2.0905859003085063, 0.4662595268832216], "centroid": [0.7405539365464947, -1.3797711288569212, -0.2433870228376147], "normalizedAxes": [0.37507444620132446, 0.9269946813583374, 2.0583416778981731e-16, 0, -2.220446049250313e-16, 1, 0.9269946813583374, -0.37507444620132446, -8.3283257224248e-17]}, "segments": [65540, 64251, 92775, 45162, 48247, 6726, 6743, 28235, 41810, 41816, 42200, 42214, 42218, 45237, 45342, 48370, 48398, 54464, 55118, 55151, 55266, 57471, 66427, 67663, 70596, 72978, 73700, 74136, 76000, 84830, 87473, 90067, 91720, 91775, 93210, 93271, 93542, 95333, 95648, 96224, 96227, 96230, 96279, 25486, 34874, 8886, 8908, 8922, 8923, 8941, 21260, 27922, 41974, 45253, 45296, 45319, 47884, 47885, 47907, 47915, 47925, 48106, 48149, 48155, 48191, 48199, 48216, 48255, 48258, 48302, 48394, 49481, 49488, 49515, 49555, 52775, 55133, 55249, 55251, 62189, 62232, 63808, 69462, 69463, 69482, 69487, 70547, 70653, 71687, 71761, 71820, 71879, 73074, 73278, 73280, 73644, 73647, 73662, 73709, 74242, 76335, 81707, 84775, 85135, 85146, 85340, 87508, 87511, 87557, 87560, 89801, 91482, 91608, 92271, 92276, 92337, 93198, 93407, 93476, 95313, 96120, 70940], "label": "wall"}, {"objectId": 14, "id": 14, "partId": 14, "index": 13, "dominantNormal": [0.7212460041046143, -0.6926790475845337, -1.5380564546075475e-16], "obb": {"axesLengths": [0.5633266530531935, 0.5106480007473827, 0.4785400243537109], "centroid": [-1.4109347314767273, -0.9582405510877054, -0.6789760285852979], "normalizedAxes": [0.6926790475845337, 0.7212460041046143, 1.6014878403516658e-16, 0, -2.220446049250313e-16, 1, 0.7212460041046143, -0.6926790475845337, -1.5380564546075475e-16]}, "segments": [74446, 75371, 74800, 65361, 74287, 1477, 60217, 60221, 65328, 65336, 65349, 65496, 65904, 74265, 74278, 74280, 74289, 74329, 74763, 74905, 74308, 58818], "label": "chair"}, {"objectId": 15, "id": 15, "partId": 15, "index": 14, "dominantNormal": [0.9892528653144836, -0.14621461927890778, -3.2466167372048943e-17], "obb": {"axesLengths": [0.48605043823944816, 0.5206110063058655, 0.46510507196416123], "centroid": [-1.800634673325491, -1.8785511519595435, -0.6591695396795956], "normalizedAxes": [0.14621461927890778, 0.9892528653144836, 2.1965826164970973e-16, 0, -2.220446049250313e-16, 1, 0.9892528653144836, -0.14621461927890778, -3.2466167372048943e-17]}, "segments": [61038, 15747, 15743, 14919, 15709, 15829, 33067, 33743, 60997, 61002, 61091, 61096, 61138, 89175, 89181, 89233, 89238, 89255, 33649, 33668, 33720, 85322, 82799, 82808], "label": "chair"}, {"objectId": 16, "id": 16, "partId": 16, "index": 15, "dominantNormal": [0.9349099397659302, -0.3548849821090698, -7.880029564623521e-17], "obb": {"axesLengths": [3.6477590345720436, 2.0812229644978864, 0.3149553367945996], "centroid": [-1.5792109452983456, -0.3245254668532497, -0.24741856171082066], "normalizedAxes": [0.3548849821090698, 0.9349099397659302, 2.0759170821581078e-16, 0, -2.220446049250313e-16, 1, 0.9349099397659302, -0.3548849821090698, -7.880029564623521e-17]}, "segments": [59621, 68125, 30767, 57998, 54184, 33385, 51335, 2343, 85969, 43641, 43670, 37746, 37638], "label": "wall"}, {"objectId": 17, "id": 17, "partId": 17, "index": 16, "dominantNormal": [0.9442055225372314, -0.32935675978660583, -7.313189160620533e-17], "obb": {"axesLengths": [0.8131409062249486, 0.8969909348266358, 0.49928508096042024], "centroid": [-1.1828721519608938, -0.023285230578902916, -0.8421044903531396], "normalizedAxes": [0.3293567895889282, 0.9442055225372314, 2.096557422198123e-16, 0, -2.220446049250313e-16, 1, 0.9442055225372314, -0.3293567895889282, -7.313189822365023e-17]}, "segments": [38088, 32924, 38454, 40781, 74492, 46649, 59453, 68573, 46545, 42645, 88850, 314, 389, 395, 459, 463, 510, 4851, 4860, 4869, 4871, 4911, 30019, 30055, 30074, 30156, 30161, 30178, 30188, 30235, 30275, 30295, 32813, 32857, 35279, 36759, 37100, 37104, 37108, 37114, 37148, 37151, 37218, 37223, 37237, 38106, 39061, 39254, 39545, 39587, 39640, 39813, 39832, 40796, 41518, 42491, 42510, 42636, 42719, 43458, 43533, 43535, 43869, 44071, 44114, 45391, 45640, 47370, 47671, 54953, 54963, 55023, 55085, 56319, 56328, 60488, 60535, 67128, 68152, 69295, 69306, 74542, 74565, 74594, 74652, 74700, 74709, 74710, 74882, 74887, 74895, 74903, 75206, 75347, 75354, 75357, 75856, 75887, 75890, 85531, 87449, 87941, 88785, 88901, 88994, 88996, 89018, 30257, 58649, 29299], "label": "commode"}, {"objectId": 18, "id": 18, "partId": 18, "index": 17, "dominantNormal": [0.034537479281425476, -0.9994034171104431, -2.2191213691301462e-16], "obb": {"axesLengths": [0.5219880258344914, 0.5921979712203596, 0.4570996161065802], "centroid": [-0.27125146390864574, 0.661332645638947, 0.47390093369921527], "normalizedAxes": [0.9994034171104431, 0.034537479281425476, 7.668860942150574e-18, 0, -2.220446049250313e-16, 1, 0.034537479281425476, -0.9994034171104431, -2.2191213691301462e-16]}, "segments": [57556, 86832, 40998, 40061, 57478, 57483, 57657, 86816, 86875, 39955, 40999, 39961, 39921, 57214, 86776, 40067, 39978, 40025, 40050, 55873, 55888, 55901, 57378, 83592, 83595, 83601, 86775, 86781, 86782, 83588, 41585, 41599], "label": "lamp"}, {"objectId": 19, "id": 19, "partId": 19, "index": 18, "dominantNormal": [0.9989927411079407, 0.044872503727674484, 9.963697362208476e-18], "obb": {"axesLengths": [0.8026684612923721, 1.4162469189707871, 0.7510838971356343], "centroid": [0.15983978522082548, -1.9946232522874927, -0.5679165143993514], "normalizedAxes": [-0.044872503727674484, 0.9989927411079407, 2.2182094852228677e-16, 0, -2.220446049250313e-16, 1, 0.9989927411079407, 0.044872503727674484, 9.963697362208476e-18]}, "segments": [63917, 89956, 89942, 66450, 74059, 66480, 47079, 24557, 89932, 47019, 66695, 69520, 69521, 91786, 95360, 68906], "label": "refrigerator"}, {"objectId": 20, "id": 20, "partId": 20, "index": 19, "dominantNormal": [-0.3452611267566681, -0.9385066628456116, -2.0839034117106338e-16], "obb": {"axesLengths": [2.556085189547563, 0.7021009914107396, 0.6326456608684226], "centroid": [-1.4787713688848567, -3.700745331318627, -0.46105053705690957], "normalizedAxes": [0.9385066628456116, -0.3452611267566681, -7.666337048665552e-17, 0, -2.220446049250313e-16, 1, -0.3452611267566681, -0.9385066628456116, -2.0839034117106338e-16]}, "segments": [2569, 13657, 6969, 51118, 20281, 72586, 2413, 2492, 23531, 10009, 1233, 1267, 1912, 1940, 1977, 1988, 2444, 2481, 2509, 2513, 2548, 2549, 2587, 2592, 9598, 9600, 9642, 9691, 13065, 13108, 23522, 23556, 23566, 23587, 24442, 24457, 24523, 24697, 24713, 24763, 71505, 75454, 75458, 75472, 75484, 75497, 75604, 75719, 75726, 75728, 78076, 78101, 79220, 80115, 80140, 80496, 80615, 81183, 81187, 12938, 77107, 2949, 8013, 76188, 4073, 9433, 9462, 9312, 3974, 9233, 78422, 9255, 9228], "label": "kitchen counter"}, {"objectId": 21, "id": 21, "partId": 21, "index": 20, "dominantNormal": [-0.3502501845359802, -0.9366561770439148, -2.0797945078230624e-16], "obb": {"axesLengths": [2.5721988669779785, 2.0720698966368305, 0.1937296646531233], "centroid": [-1.599473411281209, -3.959002748371626, 0.34603492171902506], "normalizedAxes": [0.9366561770439148, -0.3502501845359802, -7.777116385021104e-17, 0, -2.220446049250313e-16, 1, -0.3502501845359802, -0.9366561770439148, -2.0797945078230624e-16]}, "segments": [80770, 26035, 61448, 24357, 36285, 80650, 4767, 11228, 808, 24758, 24725, 23717], "label": "wall"}, {"objectId": 22, "id": 22, "partId": 22, "index": 21, "dominantNormal": [0.9253999590873718, -0.3789919316768646, -8.415311373896386e-17], "obb": {"axesLengths": [1.1503916603284703, 2.656580031143574, 0.35177339895476983], "centroid": [-0.24378207162421922, -3.9165086450189315, 0.05147994969375702], "normalizedAxes": [0.3789919316768646, 0.9253999590873718, 2.0548006831319561e-16, 0, -2.220446049250313e-16, 1, 0.9253999590873718, -0.3789919316768646, -8.415311373896386e-17]}, "segments": [38675, 31642, 31208, 39072, 37456, 22739, 23019, 23038, 23797, 31005, 36029, 36048, 38378, 38380, 39380, 83366, 36087, 17645, 88778, 61719, 36124, 36140, 40415, 61727, 83176, 83422, 83622, 89504, 39077, 83410, 63699, 61790, 31450, 39163, 61824, 72723, 72727, 83177, 85906, 89513, 89518, 89521, 95404, 37376, 40639, 72799], "label": "wall"}, {"objectId": 23, "id": 23, "partId": 23, "index": 22, "dominantNormal": [-0.363298237323761, -0.9316729307174683, -2.068729478205063e-16], "obb": {"axesLengths": [2.281165514971394, 0.7949219764413987, 0.41029151115328333], "centroid": [-1.3988130619355161, -3.812993508645577, 0.527460936140324], "normalizedAxes": [0.9316729307174683, -0.3632982075214386, -8.066840695906987e-17, 0, -2.220446049250313e-16, 1, -0.3632982075214386, -0.9316729307174683, -2.068729478205063e-16]}, "segments": [46890, 53088, 17316, 3341, 59644, 1103, 36619, 35486], "label": "kitchen cabinet"}, {"objectId": 24, "id": 24, "partId": 24, "index": 23, "dominantNormal": [-0.35701289772987366, -0.9340994358062744, -2.0741174018429885e-16], "obb": {"axesLengths": [2.375731860543579, 0.9454100218696134, 0.19745144364878256], "centroid": [-1.3084586193191965, -3.5018638335032377, -0.8227050415575108], "normalizedAxes": [0.9340994358062744, -0.35701289772987366, -7.92727878295704e-17, 0, -2.220446049250313e-16, 1, -0.35701289772987366, -0.9340994358062744, -2.0741174018429885e-16]}, "segments": [981, 23699, 9163, 168, 171, 1700, 4756, 4763, 9025, 9028, 9033, 9039, 10955, 11087, 11100, 11107, 11123, 11140, 11153, 11156, 19986, 21748, 24015, 31930, 40957, 76358, 77297, 77435, 77473, 77853, 78068, 80292, 82314, 82322, 43031, 12631], "label": "kitchen cabinet"}, {"objectId": 25, "id": 25, "partId": 25, "index": 24, "dominantNormal": [0.9631563425064087, -0.26894205808639526, -5.971713303551846e-17], "obb": {"axesLengths": [0.8014046493392132, 2.6799499389540404, 0.26456026355222606], "centroid": [-2.6895524187844826, -3.1470630972875058, 0.04298491709631236], "normalizedAxes": [0.26894205808639526, 0.9631563425064087, 2.1386366955287366e-16, 0, -2.220446049250313e-16, 1, 0.9631563425064087, -0.26894205808639526, -5.971713303551846e-17]}, "segments": [3203, 6365, 12390, 77763, 77764, 76026, 11475, 6928, 7222, 7516, 7531, 7583, 7623, 7662, 8557, 8710, 11315, 11320, 11343, 11352, 11391, 12566, 76058, 76156, 76158, 77512, 77849, 77856, 78017, 77515, 77560], "label": "wall"}, {"objectId": 26, "id": 26, "partId": 26, "index": 25, "dominantNormal": [0.937572181224823, -0.34779083728790283, -7.722507906213823e-17], "obb": {"axesLengths": [0.654032428968015, 0.7799999539554126, 0.048379365689230416], "centroid": [-1.4409100358780962, -0.09048256460953957, 0.1999999392024452], "normalizedAxes": [0.34779083728790283, 0.9375721216201782, 2.0818283133387588e-16, 0, -2.220446049250313e-16, 1, 0.9375721216201782, -0.34779083728790283, -7.722507906213823e-17]}, "segments": [51352, 51345, 51390, 87742], "label": "picture"}, {"objectId": 27, "id": 27, "partId": 27, "index": 26, "dominantNormal": [0.9338321089744568, -0.3577115833759308, -7.942792720781595e-17], "obb": {"axesLengths": [0.5798097607656351, 0.7799999539554129, 0.04103189442562234], "centroid": [-1.063757688565488, 0.8973515773446747, 0.19999993920244563], "normalizedAxes": [0.3577115833759308, 0.9338321089744568, 2.0735238170354204e-16, 0, -2.220446049250313e-16, 1, 0.9338321089744568, -0.3577115833759308, -7.942792720781595e-17]}, "segments": [51248, 61408, 86318, 51228, 89352], "label": "picture"}, {"objectId": 28, "id": 28, "partId": 28, "index": 27, "dominantNormal": [0, -2.220446049250313e-16, 1], "obb": {"axesLengths": [7.2473145468550415, 1.600000107288358, 5.831721891861966], "centroid": [-0.28345393632108373, -1.2698454431021715, 1.829999957605378], "normalizedAxes": [0.6847322583198547, 0.7287946939468384, 1.6182492988888483e-16, 0, -2.220446049250313e-16, 1, 0.7287946939468384, -0.6847322583198547, -1.5204110377805663e-16]}, "segments": [22594, 41478, 41467, 41177, 41506, 22746, 11295, 12291, 41312, 41222, 15114, 33313, 10501, 77570, 75785, 3600, 4627, 7754, 7780, 7803, 7804, 7823, 7824, 7870, 7873, 7887, 7896, 7917, 8491, 8501, 8510, 10356, 10656, 10976, 11488, 11537, 11593, 11601, 11605, 11639, 11651, 11685, 11718, 11746, 11755, 11778, 11895, 11928, 12131, 12153, 12192, 12266, 12276, 12298, 12843, 12865, 12891, 13781, 13809, 13839, 14977, 16232, 22378, 22395, 22399, 22423, 22562, 22698, 22709, 22743, 22790, 22815, 22828, 22829, 22850, 22865, 26119, 26131, 26145, 26146, 26157, 26186, 26193, 26220, 26240, 28838, 33284, 39877, 40117, 40726, 41167, 41195, 41208, 41216, 41243, 41288, 41328, 41345, 41379, 41434, 41445, 45984, 49188, 50335, 56121, 56237, 76065, 76066, 76071, 76074, 76076, 76082, 77582, 78024, 78026, 78029, 78052, 78402, 78506, 78524, 78544, 79883, 79886, 79891, 79898, 79901, 81202, 81204, 81212, 81214, 81342, 81356, 81360, 81366, 81383, 83683, 83685, 83740, 83743, 83746, 83756, 83806, 84596, 84874, 86275, 86310, 75806, 90401, 4706, 8760, 14179, 14314, 21932, 33062, 33175, 33178, 40138, 40161, 40188, 40660, 41335, 41358, 42509, 42564, 42583, 42589, 42603, 42604, 42606, 42617, 42618, 45867, 45886, 49256, 49407, 49788, 49795, 49826, 49837, 49845, 49914, 50390, 84867, 10570, 85401, 14743, 49140, 65479, 14186, 48965, 48968, 48993, 49166, 85263, 85264, 60611, 58857, 88685, 88688, 246, 288, 606, 626, 3057, 3104, 3182, 3359, 3370, 3436, 3456, 3515, 7602, 7739, 8937, 8951, 17786, 17842, 18010, 18067, 18093, 18204, 18284, 18713, 21858, 21862, 21874, 21921, 21933, 21938, 25013, 25057, 25085, 25122, 25237, 25244, 25993, 27659, 27993, 28525, 28718, 32179, 33276, 36284, 40476, 42792, 42815, 43841, 43866, 43896, 46451, 46584, 46623, 47268, 47284, 47290, 47411, 47802, 47883, 48433, 48451, 48537, 49086, 49130, 49133, 49449, 49456, 53900, 58529, 59338, 59389, 59392, 59395, 59419, 59839, 60850, 67488, 74715, 74974, 74976, 75753, 78879, 78892, 78897, 78900, 78932, 78935, 82268, 84258, 84266, 84268, 84457, 84878, 85093, 85094, 85098, 85117, 85119, 85124, 85189, 85337, 85545, 85546, 89067, 47115, 59873, 50520, 5356, 6556, 7074, 9122, 9572, 13378, 13383, 13385, 13388, 13395, 14947, 14959, 14961, 17770, 18251, 18257, 18883, 23314, 23316, 23317, 23340, 23408, 23498, 23613, 23706, 23782, 24046, 24053, 24085, 24149, 24292, 24303, 24306, 35296, 35416, 35448, 35451, 35467, 35480, 35570, 35572, 35651, 35756, 37261, 39740, 40234, 40748, 40754, 40840, 43127, 43144, 43159, 43429, 47155, 47160, 47166, 47171, 47175, 47196, 47223, 49862, 50472, 50539, 50552, 50924, 51606, 51881, 52851, 54950, 59842, 60900, 60906, 60920, 64516, 67574, 67576, 67598, 67599, 67635, 67640, 71747, 78576, 78729, 78740, 81742, 81770, 81773, 81777, 81781, 81851, 82493, 83605, 83609, 83611, 84414, 84937, 84941, 85039, 85204, 85313, 89094, 89100, 89108, 90294, 90606, 90632, 90635, 90638, 92469, 93108, 8883, 8933, 14925, 16048, 16180, 16723, 16762, 16811, 24102, 49000, 49009, 49045, 49066, 49088, 49107, 49112, 57683, 57716, 57722, 65406, 68133, 68135, 75758, 85254, 90965, 36012, 15496, 16807, 16857, 35691, 35966, 49055, 31969, 67553, 67579, 93059, 67629, 644, 696, 9549, 9989, 10524, 10716, 10743, 13397, 13408, 13423, 22010, 27634, 35165, 47218, 47227, 50568, 65216, 67623, 82329, 85078, 89275, 90992, 91018, 91053, 23439, 23172, 10376, 44503, 84545, 44316, 84522, 84557, 49226, 84583, 84507, 75765], "label": "ceiling"}, {"objectId": 29, "id": 29, "partId": 29, "index": 28, "dominantNormal": [0.9368853569030762, -0.34963664412498474, -7.7634930512046e-17], "obb": {"axesLengths": [2.2254826963506997, 0.5988469586034051, 0.3019992183770619], "centroid": [-1.17321098139104, 0.24567054828586415, 0.9405364037922093], "normalizedAxes": [0.34963664412498474, 0.9368853569030762, 2.080303389335905e-16, 0, -2.220446049250313e-16, 1, 0.9368853569030762, -0.34963664412498474, -7.7634930512046e-17]}, "segments": [50953, 85502, 85347, 49747, 50613, 49699, 50979, 81543, 51097, 50129, 50156, 81548, 34069, 85592], "label": "shelf"}, {"objectId": 30, "id": 30, "partId": 30, "index": 29, "dominantNormal": [0.9582352042198181, -0.2859812378883362, -6.3500590982887e-17], "obb": {"axesLengths": [0.9053820496638935, 0.5158769671050386, 0.28111909360143916], "centroid": [-1.8061388555455493, -1.3724508760756002, 0.13206144901890848], "normalizedAxes": [0.2859812378883362, 0.9582352042198181, 2.127709573462462e-16, 0, -2.220446049250313e-16, 1, 0.9582352042198181, -0.2859812378883362, -6.3500590982887e-17]}, "segments": [15317, 15241, 14760, 14764, 14765, 78568, 15300, 14119, 53173, 31285, 15612], "label": "shelf"}, {"objectId": 31, "id": 31, "partId": 31, "index": 30, "dominantNormal": [0.9369645714759827, -0.34942445158958435, -7.758781430435499e-17], "obb": {"axesLengths": [1.1662323544992856, 0.6506799314019096, 0.2966003628157808], "centroid": [0.2857277319339545, -2.069070859687888, 0.935339921965229], "normalizedAxes": [0.34942445158958435, 0.9369645118713379, 2.0804791486724603e-16, 0, -2.220446049250313e-16, 1, 0.9369645118713379, -0.34942445158958435, -7.758781430435499e-17]}, "segments": [41610, 4924, 8867, 86594, 41752, 6979, 6846, 86659, 40286, 84153, 42097], "label": "shelf"}, {"objectId": 32, "id": 32, "partId": 32, "index": 31, "dominantNormal": [0.034075573086738586, 0.9994192719459534, 2.2191565739370164e-16], "obb": {"axesLengths": [0.5079581479927247, 0.6799999621510511, 0.5204187325896358], "centroid": [0.8918571271165096, -0.8061066906323273, 0.6699999424061946], "normalizedAxes": [0.034075573086738586, 0.9994192719459534, 2.2191565739370164e-16, 0, -2.220446049250313e-16, 1, 0.9994192719459534, -0.034075573086738586, -7.566297163638899e-18]}, "segments": [19831, 19806, 19555, 19559, 19607, 19881, 78997, 43790, 19570, 19793, 19867, 19471, 19478, 19503, 19515, 19543, 19582, 19647, 43772, 43776, 43795, 84427, 84432, 84443, 84506, 19605, 20052, 78982, 79082, 88478, 84494, 20098, 20191, 44412, 79068, 84657, 88296, 19989, 79067, 88456, 19885, 20047, 20081, 20155, 20212, 34210, 34280, 82921, 82925, 5693, 56096, 5424, 5699, 20140, 20156, 20158, 20208, 44409, 44418, 44446, 44470, 56034, 56039, 56043, 56064, 56076, 56160, 57312, 57322, 57336, 57357, 57368, 57375, 84645, 87778, 87780, 87835, 87847, 88242, 88248, 88387, 87849, 56155, 87865, 88395, 88415, 5774, 88575, 5746, 5747, 5751, 5770, 34647, 34273, 20142, 82926, 87791], "label": "plant"}, {"objectId": 33, "id": 33, "partId": 33, "index": 32, "dominantNormal": [0.9566469788551331, -0.29124993085861206, -6.46704758319432e-17], "obb": {"axesLengths": [0.3993854897736895, 0.6576206015582248, 0.12192613702288324], "centroid": [-2.66049869346969, -3.3162170413326826, -0.40118974638388005], "normalizedAxes": [0.29124996066093445, 0.9566469788551331, 2.124183004726128e-16, 0, -2.220446049250313e-16, 1, 0.9566469788551331, -0.29124996066093445, -6.46704824493881e-17]}, "segments": [8702, 8698], "label": "kitchen towel"}, {"objectId": 34, "id": 34, "partId": 34, "index": 33, "dominantNormal": [0.871520459651947, -0.4903591275215149, -1.0888159874189782e-16], "obb": {"axesLengths": [0.5610128777854394, 0.7799999688565734, 0.19082855536517632], "centroid": [-2.489150410323299, -2.9608858449760476, -0.5000000257798265], "normalizedAxes": [0.4903591573238373, 0.871520459651947, 1.9351641614749827e-16, 0, -2.220446049250313e-16, 1, 0.871520459651947, -0.4903591573238373, -1.0888160535934272e-16]}, "segments": [77941, 13974, 77640, 7284, 7318, 7322, 76007, 76011, 77895, 78546, 78549, 78552, 78557, 77813, 77628, 11952, 77653, 77658, 77776, 12642, 11797, 7224, 77784, 7220, 10874, 10880, 10896, 12036, 12101, 78015], "label": "kitchen towel"}, {"objectId": 35, "id": 35, "partId": 35, "index": 34, "dominantNormal": [0.6542213559150696, -0.7563031315803528, -1.679330300553234e-16], "obb": {"axesLengths": [0.4832228428417024, 0.42881005043960957, 0.27975573370846735], "centroid": [-2.5870978697043276, -3.142767575279026, -1.0444050343848368], "normalizedAxes": [0.7563031315803528, 0.6542213559150696, 1.4526632250767992e-16, 0, -2.220446049250313e-16, 1, 0.6542213559150696, -0.7563031315803528, -1.679330300553234e-16]}, "segments": [8986, 7580, 9026], "label": "box"}, {"objectId": 36, "id": 36, "partId": 36, "index": 35, "dominantNormal": [-0.33307695388793945, -0.9428996443748474, -2.0936577901916551e-16], "obb": {"axesLengths": [0.5837575463019686, 0.3000000052154059, 0.12669359651259973], "centroid": [1.2394758554056793, -1.7518299023289456, -0.4600000424691264], "normalizedAxes": [0.9428996443748474, -0.33307695388793945, -7.395794063568039e-17, 0, -2.220446049250313e-16, 1, -0.33307695388793945, -0.9428996443748474, -2.0936577901916551e-16]}, "segments": [63616, 89779, 89766, 90141, 90093], "label": "shelf"}, {"objectId": 37, "id": 37, "partId": 37, "index": 36, "dominantNormal": [0.9310027360916138, -0.3650122582912445, -8.104900268507287e-17], "obb": {"axesLengths": [0.13426232788450965, 0.1599999947100878, 0.12156096857041779], "centroid": [1.1947840958419715, -1.702860597379285, -0.11000004042021727], "normalizedAxes": [0.3650122284889221, 0.9310027360916138, 2.0672413471958557e-16, 0, -2.220446049250313e-16, 1, 0.9310027360916138, -0.3650122284889221, -8.104899606762797e-17]}, "segments": [89679, 89665, 89700, 89708], "label": "item"}, {"objectId": 38, "id": 38, "partId": 38, "index": 37, "dominantNormal": [-0.35615262389183044, -0.934427797794342, -2.0748465119221172e-16], "obb": {"axesLengths": [0.3540952644750195, 0.439999972879887, 0.035389810503640214], "centroid": [1.6806738411461928, -1.9304093622014566, 0.42999993078328913], "normalizedAxes": [0.934427797794342, -0.35615262389183044, -7.908176866507476e-17, 0, -2.220446049250313e-16, 1, -0.35615262389183044, -0.934427797794342, -2.0748465119221172e-16]}, "segments": [29617, 29398], "label": "picture"}, {"objectId": 39, "id": 39, "partId": 39, "index": 38, "dominantNormal": [-0.3212634325027466, -0.9469898343086243, -2.1027398362707933e-16], "obb": {"axesLengths": [0.315127716672442, 0.4800000008940697, 0.043585698087435495], "centroid": [1.383421068019944, -1.8179905803695315, 0.3099999547741583], "normalizedAxes": [0.946989893913269, -0.3212634325027466, -7.133481194693183e-17, 0, -2.220446049250313e-16, 1, -0.3212634325027466, -0.946989893913269, -2.1027399686196914e-16]}, "segments": [55975], "label": "picture"}, {"objectId": 40, "id": 40, "partId": 40, "index": 39, "dominantNormal": [-0.3767356872558594, -0.9263207912445068, -2.0568453412572892e-16], "obb": {"axesLengths": [0.619466096095394, 0.37999998673796664, 0.05008269375933896], "centroid": [1.5596910937589161, -1.8950144302346108, -4.4406277766029234e-08], "normalizedAxes": [0.9263207912445068, -0.376735657453537, -8.365212022044255e-17, 0, -2.220446049250313e-16, 1, -0.376735657453537, -0.9263207912445068, -2.0568453412572892e-16]}, "segments": [63707, 89733], "label": "picture"}, {"objectId": 41, "id": 41, "partId": 41, "index": 40, "dominantNormal": [-0.3519288897514343, -0.9360267519950867, -2.0783969034600928e-16], "obb": {"axesLengths": [0.3399089120728515, 0.459999983161688, 0.05341073515243724], "centroid": [1.6696084204119563, -1.9379914464120214, -0.0600000379987784], "normalizedAxes": [0.9360267519950867, -0.3519288897514343, -7.814391128656213e-17, 0, -2.220446049250313e-16, 1, -0.3519288897514343, -0.9360267519950867, -2.0783969034600928e-16]}, "segments": [63695, 89787, 87768], "label": "picture"}, {"objectId": 42, "id": 42, "partId": 42, "index": 41, "dominantNormal": [-0.361337810754776, -0.9324349761009216, -2.0704215588661015e-16], "obb": {"axesLengths": [0.32283819508338185, 0.41999999240040775, 0.03030920465454392], "centroid": [1.97503689635206, -2.0533074451199074, -0.04000004261813839], "normalizedAxes": [0.9324349761009216, -0.361337810754776, -8.023311143351997e-17, 0, -2.220446049250313e-16, 1, -0.361337810754776, -0.9324349761009216, -2.0704215588661015e-16]}, "segments": [72273], "label": "picture"}, {"objectId": 43, "id": 43, "partId": 43, "index": 42, "dominantNormal": [0.9544999003410339, 0.29821130633354187, 6.621621169900879e-17], "obb": {"axesLengths": [0.10393408686406252, 0.14754998354129523, 0.06637440594413556], "centroid": [2.0388769721176723, -0.16167084178733426, 1.3319249007412446], "normalizedAxes": [-0.29821130633354187, 0.9544999003410339, 2.1194155327220664e-16, 0, -2.220446049250313e-16, 1, 0.9544999003410339, 0.29821130633354187, 6.621621169900879e-17]}, "segments": [83631, 40011, 39923], "label": "lamp"}, {"objectId": 44, "id": 44, "partId": 44, "index": 43, "dominantNormal": [0.9165979027748108, 0.3998102843761444, 8.87757166392654e-17], "obb": {"axesLengths": [0.17522747203938266, 0.15832006577432, 0.12690767788420887], "centroid": [1.1044219383478002, -0.499295092646174, 1.250839935894089], "normalizedAxes": [-0.3998102843761444, 0.9165979027748108, 2.0352561919674512e-16, 0, -2.220446049250313e-16, 1, 0.9165979027748108, 0.3998102843761444, 8.87757166392654e-17]}, "segments": [33578, 82828], "label": "lamp"}, {"objectId": 45, "id": 45, "partId": 45, "index": 44, "dominantNormal": [0.9999808073043823, -0.00619187718257308, -1.3748729227487555e-18], "obb": {"axesLengths": [0.09173683820591173, 0.1279699773795162, 0.07264246222338619], "centroid": [1.7119518121340624, -0.013244388790637524, 1.3260149215299286], "normalizedAxes": [0.00619187718257308, 0.9999808073043823, 2.2204034329051543e-16, 0, -2.220446049250313e-16, 1, 0.9999808073043823, -0.00619187718257308, -1.3748729227487555e-18]}, "segments": [74722, 36256, 36257, 74734, 48797], "label": "lamp"}, {"objectId": 46, "id": 46, "partId": 46, "index": 45, "dominantNormal": [0.8651479482650757, 0.5015167593955994, 1.1135909070327784e-16], "obb": {"axesLengths": [0.11972243012381205, 0.13803994347065807, 0.0582741644631079], "centroid": [2.343275721793072, -0.26472925590568847, 1.3234299277484438], "normalizedAxes": [-0.5015167593955994, 0.8651479482650757, 1.9210143437422016e-16, 0, -2.220446049250313e-16, 1, 0.8651479482650757, 0.5015167593955994, 1.1135909070327784e-16]}, "segments": [82497, 82504, 32016, 32034, 31992], "label": "lamp"}, {"objectId": 47, "id": 47, "partId": 47, "index": 46, "dominantNormal": [0.981233537197113, -0.19282303750514984, -4.281531518327549e-17], "obb": {"axesLengths": [0.39404016484142906, 0.4979849942478909, 0.3605582594186346], "centroid": [0.700740615524373, -1.39053812302547, 0.5610074427490512], "normalizedAxes": [0.19282302260398865, 0.981233537197113, 2.1787761310612398e-16, 0, -2.220446049250313e-16, 1, 0.981233537197113, -0.19282302260398865, -4.281531187455304e-17]}, "segments": [79509, 75953, 5462, 5483, 5490, 5533, 5567, 6586, 6599, 6633, 6638, 7092, 21479, 75898, 75980, 75997, 79986, 80091, 80097, 84502, 90018, 79552, 21468, 21542, 21550, 6518, 6528, 6541, 6550, 6595, 6604, 21358, 21377, 21385, 21417, 21439, 21523, 21571, 21573, 22921, 22981, 23001, 23049, 79416, 79450, 79563, 79961, 79963, 79974, 80074], "label": "plant"}, {"objectId": 48, "id": 48, "partId": 48, "index": 47, "dominantNormal": [0.5288780331611633, -0.84869784116745, -1.884487768427534e-16], "obb": {"axesLengths": [0.42017572228300876, 0.6129099738692495, 0.41516352991043665], "centroid": [1.171987323180399, -0.34561730168106153, 0.11468494456883738], "normalizedAxes": [0.84869784116745, 0.5288780331611633, 1.1743451392679812e-16, 0, -2.220446049250313e-16, 1, 0.5288780331611633, -0.84869784116745, -1.884487768427534e-16]}, "segments": [81453, 81634, 28087, 82979, 5859, 26530, 26539, 26559, 26561, 26634, 26650, 26666, 26687, 28095, 28117, 28153, 28201, 28210, 34463, 34499, 81428, 81444, 81612, 81688, 81691, 82959, 82965, 82968, 26628, 26603, 34538, 34542, 81471, 81489, 82975, 83020, 26609, 28134, 26698, 81713, 81703, 21221, 81499, 21194, 21210, 21217, 27795, 79385, 81734, 81738, 81995, 87267], "label": "plant"}, {"objectId": 49, "id": 49, "partId": 49, "index": 48, "dominantNormal": [0, -2.220446049250313e-16, 1], "obb": {"axesLe