{"segGroups": [{"objectId": 1, "id": 1, "partId": 1, "index": 0, "dominantNormal": [0, -2.220446049250313e-16, 1], "obb": {"axesLengths": [5.779624231820765, 0.32286988967202834, 4.761841870919463], "centroid": [0.47942934805060655, 2.36369331316017, -1.3885650603793935], "normalizedAxes": [0.9581841826438904, -0.2861521244049072, -6.353853541194603e-17, 0, -2.220446049250313e-16, 1, -0.2861521244049072, -0.9581841826438904, -2.1275962828057668e-16]}, "segments": [8463, 11806, 13491, 14796, 18912, 32422, 18964, 9052, 328, 345, 357, 370, 418, 461, 467, 620, 722, 727, 737, 781, 818, 868, 890, 891, 897, 900, 909, 925, 948, 950, 964, 966, 981, 987, 993, 1011, 1061, 1268, 1324, 1328, 1447, 1503, 1521, 1571, 1584, 1599, 1717, 1757, 1765, 1805, 1810, 1829, 1844, 1912, 1953, 1986, 1992, 2039, 2102, 2115, 2129, 2146, 2220, 2270, 2386, 2411, 2538, 2571, 2616, 3968, 3971, 4351, 4357, 4368, 4386, 4395, 5953, 5972, 6032, 6038, 6134, 6135, 6583, 6598, 7301, 7302, 7654, 9455, 9463, 9470, 9487, 9496, 9559, 9576, 9602, 9644, 9666, 9751, 9752, 9766, 9830, 9842, 9849, 9860, 9868, 9900, 10153, 10162, 10178, 10207, 10219, 10235, 10244, 10263, 10267, 10296, 10308, 10318, 10326, 10334, 10347, 10349, 10378, 10392, 10397, 10405, 10406, 10425, 10427, 10445, 10475, 10613, 10665, 10678, 10695, 10989, 11000, 11071, 11110, 11159, 11169, 11712, 11720, 11729, 11761, 11782, 11791, 11814, 11864, 12447, 12830, 12849, 12867, 12876, 12911, 12940, 12944, 12953, 12971, 12989, 13021, 13052, 13054, 13095, 13202, 13291, 13297, 13298, 13318, 13697, 13770, 13776, 13825, 13834, 13841, 14951, 15223, 15261, 15294, 15305, 15313, 15333, 15349, 15369, 15375, 15384, 15395, 15413, 15452, 15472, 15477, 15485, 15489, 15492, 15507, 15559, 15590, 15619, 15693, 15729, 15772, 15785, 15947, 15965, 16411, 16426, 16442, 16450, 16461, 16508, 16598, 16631, 16647, 16903, 17041, 17067, 17616, 17623, 17628, 17636, 17643, 17647, 17650, 17653, 17664, 17678, 17679, 17686, 17692, 17716, 17736, 17957, 18015, 18031, 18223, 18259, 18612, 18683, 18771, 18796, 18826, 18842, 18888, 18924, 19281, 19292, 19423, 19431, 19546, 19594, 19607, 19702, 19714, 20090, 20254, 20325, 20384, 20400, 20539, 20572, 20919, 21232, 21268, 21312, 21323, 21730, 21860, 21905, 21950, 22038, 22295, 22302, 22364, 22780, 23439, 24007, 24396, 24399, 24450, 24497, 24499, 24501, 24514, 24516, 24518, 24523, 24528, 24542, 24548, 24553, 24555, 24584, 24585, 24589, 24601, 24606, 24608, 24611, 24615, 24727, 24732, 24742, 24776, 24782, 24784, 24786, 24788, 24792, 24795, 24797, 24801, 24805, 24819, 24821, 24823, 24825, 24827, 24866, 24870, 24911, 25199, 25204, 25273, 25280, 25284, 25453, 25614, 25864, 25865, 25870, 25887, 25890, 25894, 25899, 25904, 25914, 25949, 25954, 25956, 25957, 25960, 25963, 26108, 26114, 26125, 26145, 26149, 26159, 26164, 26170, 26179, 26196, 26350, 26353, 26459, 27080, 27082, 27121, 27381, 27384, 27389, 27471, 27474, 27769, 27966, 27968, 27970, 27974, 27976, 27979, 27982, 27983, 27988, 28104, 28254, 28695, 28746, 28770, 28929, 28959, 28966, 29132, 29137, 29145, 29149, 30156, 30158, 30662, 30680, 30684, 30690, 30772, 30777, 30908, 31818, 31901, 32037, 32614, 32647, 1897, 642, 20253, 19221, 20115, 798, 20121, 1376, 12857, 28077, 11197, 28158, 9589, 27418, 78, 99, 136, 144, 191, 236, 246, 258, 404, 490, 567, 580, 613, 721, 734, 752, 863, 1062, 1067, 1140, 1199, 1552, 1560, 1638, 1654, 1681, 1706, 1713, 1727, 1916, 2126, 2171, 2276, 2314, 2330, 2335, 2366, 4379, 6301, 6305, 9807, 9843, 9948, 9975, 9985, 9991, 10016, 10252, 10322, 10449, 10463, 12856, 12985, 13037, 13066, 13070, 13073, 13075, 13115, 13136, 13155, 13339, 13353, 15579, 15602, 15606, 16873, 18515, 18545, 18547, 18564, 18568, 19318, 19331, 20085, 20222, 20232, 20321, 20365, 20425, 20435, 20439, 21751, 21753, 21851, 22321, 23107, 23109, 23544, 24465, 24471, 24475, 24488, 24590, 24621, 24630, 24816, 25919, 25925, 25930, 25934, 25941, 25943, 25946, 26138, 26154, 27189, 27192, 27196, 27203, 27205, 27206, 27300, 28001, 28008, 28097, 28962, 30671, 30672, 30677, 30725, 30726, 30783, 30816, 30823, 30826, 30923, 32478, 32788, 4194, 32859, 22337, 22672, 8184], "label": "floor"}, {"objectId": 2, "id": 2, "partId": 2, "index": 1, "dominantNormal": [0.9346771240234375, 0.3554978668689728, 7.893638340061244e-17], "obb": {"axesLengths": [0.9820174238295729, 0.9155809376631463, 0.7274043867242361], "centroid": [1.1038645416220914, 1.594735182984377, -0.9149895534294219], "normalizedAxes": [-0.3554978668689728, 0.9346771240234375, 2.0754001273624867e-16, 0, -2.220446049250313e-16, 1, 0.9346771240234375, 0.3554978668689728, 7.893638340061244e-17]}, "segments": [7056, 9376, 13864, 27275, 13208, 13171, 13980, 7058, 5319, 5313, 2988, 6236, 9443, 3271, 27235, 9287], "label": "armchair"}, {"objectId": 3, "id": 3, "partId": 3, "index": 2, "dominantNormal": [-0.6530561447143555, -0.7573094964027405, -1.6815648793472093e-16], "obb": {"axesLengths": [0.9597308184024205, 0.9096160029705758, 0.7237609995889395], "centroid": [0.5931846550642513, 1.115763414547994, -0.9151120707740193], "normalizedAxes": [0.7573094964027405, -0.6530561447143555, -1.4500759364696313e-16, 0, -2.220446049250313e-16, 1, -0.6530561447143555, -0.7573094964027405, -1.6815648793472093e-16]}, "segments": [8518, 27844, 25341, 1969, 5337, 24770, 338, 5263, 1938, 411, 24753, 1937, 5295, 444, 452, 4260, 5291, 8192], "label": "armchair"}, {"objectId": 4, "id": 4, "partId": 4, "index": 3, "dominantNormal": [0, -2.220446049250313e-16, 1], "obb": {"axesLengths": [0.6294001576334868, 0.4468589921252651, 0.61193416159732], "centroid": [1.094153050664977, 3.0117362813329596, -1.1557805559237195], "normalizedAxes": [0.9931277632713318, -0.1170353963971138, -2.5987078355241566e-17, 0, -2.220446049250313e-16, 1, -0.1170353963971138, -0.9931277632713318, -2.2051866183566289e-16]}, "segments": [11956, 6497, 308, 26890, 12377, 4702], "label": "ottoman"}, {"objectId": 5, "id": 5, "partId": 5, "index": 4, "dominantNormal": [0, -2.220446049250313e-16, 1], "obb": {"axesLengths": [0.605692651515636, 0.4706399335569156, 0.590008905589632], "centroid": [-0.6840179716922756, 1.0688233755840857, -1.1746800558713086], "normalizedAxes": [-0.0053670513443648815, 0.9999855756759644, 2.220414020816995e-16, 0, -2.220446049250313e-16, 1, 0.9999855756759644, 0.0053670513443648815, 1.1917247953718583e-18]}, "segments": [3322, 24994, 24873, 2863, 2339, 2116, 2800], "label": "ottoman"}, {"objectId": 6, "id": 6, "partId": 6, "index": 5, "dominantNormal": [0, -2.220446049250313e-16, 1], "obb": {"axesLengths": [2.6802239175097387, 0.6240600208030632, 1.2908473607902848], "centroid": [-0.7718312954722852, 2.7868404108878395, -1.0620300811820478], "normalizedAxes": [0.638666033744812, 0.7694840431213379, 1.7085978035099323e-16, 0, -2.220446049250313e-16, 1, 0.7694840431213379, -0.638666033744812, -1.418123471419035e-16]}, "segments": [3224, 1997, 2005, 4965, 27897, 27954, 20776, 20647, 11010, 7959, 7259, 27902, 3677, 3420, 27586, 2850, 3178, 3187, 3189, 3233, 3266, 3373, 3432, 4752, 4966, 4979, 6538, 6551, 6555, 6563, 6725, 7243, 7264, 7946, 8017, 8024, 8414, 10566, 10603, 10648, 10656, 12416, 12497, 13620, 13937, 14166, 14208, 14218, 14229, 14231, 14284, 14345, 14602, 14636, 15121, 15174, 15202, 19730, 19738, 19773, 21208, 22015, 22017, 25486, 25677, 27524, 27633, 27826, 27827, 27829, 27834, 27858, 27860, 27951, 27959, 27961, 30453, 30457, 30459, 31441, 31635, 31643, 31657, 6545, 3273, 8429, 10643, 22040, 25667, 31445, 31446, 14388, 27812], "label": "sofa"}, {"objectId": 7, "id": 7, "partId": 7, "index": 6, "dominantNormal": [0, -2.220446049250313e-16, 1], "obb": {"axesLengths": [0.3917409226832647, 0.15161794085164493, 0.34429560711388046], "centroid": [-0.12881228486150365, 2.0673821929645313, -1.0604910594860248], "normalizedAxes": [0.7284732460975647, -0.6850742697715759, -1.521170455757339e-16, 0, -2.220446049250313e-16, 1, -0.6850742697715759, -0.7284732460975647, -1.6175355412818886e-16]}, "segments": [10919, 11597, 11502, 11491, 11541, 11549, 26859], "label": "newspaper"}, {"objectId": 8, "id": 8, "partId": 8, "index": 7, "dominantNormal": [0.6346239447593689, -0.7728211283683777, -1.7160076212627333e-16], "obb": {"axesLengths": [1.711045533493881, 3.524160067942139, 0.32300844141107315], "centroid": [-0.40633434972397464, 3.8142465207854555, 0.38791992579579215], "normalizedAxes": [0.7728211283683777, 0.6346239447593689, 1.4091482309005896e-16, 0, -2.220446049250313e-16, 1, 0.6346239447593689, -0.7728211283683777, -1.7160076212627333e-16]}, "segments": [11150, 29429, 11524, 29574, 29262, 29502, 28860, 11495, 28870, 19145, 19092, 28618, 19040, 20369, 29522, 19757, 6261, 10792, 10722, 9608, 16845, 152, 16741, 4616, 4644, 33526, 8942, 29909, 18305, 33608, 23930, 23948, 34153, 33853, 33804, 34018, 23885, 1381, 24091, 12273, 16191, 23702, 24421, 15783, 26940, 26954, 501, 543, 1157, 1172, 1187, 1215, 1382, 1383, 1501, 1567, 1865, 2477, 2595, 2705, 2891, 2948, 4580, 4602, 4628, 4640, 4670, 5604, 5641, 5659, 5822, 7829, 7947, 7967, 7983, 8174, 8176, 8363, 8366, 8396, 8541, 8611, 8614, 8655, 8704, 8715, 8812, 8826, 8939, 9116, 9214, 9382, 9450, 9710, 9742, 9781, 9943, 10009, 10043, 10081, 10098, 10134, 10156, 10195, 10222, 10257, 10273, 10384, 11142, 11161, 11223, 11291, 11341, 11383, 11387, 11405, 11464, 11490, 11571, 11581, 11588, 11675, 11724, 11900, 12015, 12019, 12028, 12064, 12081, 12101, 12107, 12144, 12166, 12195, 12210, 12243, 12259, 12301, 12307, 12335, 12336, 14450, 14470, 14478, 14523, 15254, 15281, 15286, 15542, 15604, 15620, 15651, 15819, 15878, 15888, 15951, 16208, 16223, 16306, 16309, 16332, 16347, 16479, 16618, 16713, 16820, 16842, 17018, 17029, 17055, 17168, 17418, 17505, 17614, 17791, 17795, 17830, 17857, 17956, 18041, 18080, 18090, 18121, 18349, 18425, 18507, 18646, 18690, 18708, 18750, 18816, 18931, 18955, 19059, 19072, 19100, 19144, 19174, 19236, 19261, 19288, 19420, 19444, 19505, 19510, 19523, 19540, 19553, 19559, 19581, 19635, 19691, 19704, 19715, 19784, 19810, 19820, 19874, 19892, 19980, 20347, 20432, 20619, 20670, 20736, 21085, 21659, 21708, 22769, 22826, 22883, 23001, 23162, 23224, 23229, 23233, 23281, 23302, 23479, 23584, 23622, 23850, 23853, 23924, 23979, 24001, 24023, 24062, 24088, 24107, 24137, 24153, 24277, 24326, 24383, 24835, 24837, 24840, 25336, 25370, 25400, 25458, 25461, 25484, 25490, 25494, 25531, 25710, 25717, 25720, 25726, 26784, 26896, 26901, 26928, 26931, 27102, 27112, 27115, 27125, 27167, 27174, 27181, 27770, 27780, 27782, 27784, 27787, 28210, 28225, 28285, 28347, 28442, 28485, 28509, 28548, 28560, 28566, 28568, 28573, 28635, 28789, 28884, 28906, 28924, 28952, 28963, 28985, 29116, 29120, 29231, 29245, 29267, 29336, 29377, 29516, 29596, 29618, 29645, 29650, 29727, 29745, 29824, 29879, 29924, 30086, 30089, 30125, 30385, 30409, 30414, 30417, 30511, 31396, 31415, 31420, 31751, 31763, 32833, 32835, 32873, 32906, 32936, 33212, 33218, 33236, 33243, 33251, 33253, 33257, 33393, 33415, 33439, 33463, 33466, 33488, 33503, 33509, 33598, 33692, 33723, 33735, 33790, 33795, 33814, 33928, 34008, 34058, 29397, 18145, 29064, 16039, 9489, 6257, 29284, 20689, 17364, 8572, 25391, 11411, 7972, 8238, 3012, 6181, 6682, 7987, 8140, 8210, 8241, 8266, 8698, 8716, 8738, 9652, 17116, 25333, 25369, 8258], "label": "curtain"}, {"objectId": 9, "id": 9, "partId": 9, "index": 8, "dominantNormal": [0.7913935780525208, -0.6113069653511047, -1.3573741360930585e-16], "obb": {"axesLengths": [0.4174633235762559, 3.5000000409781906, 0.27551736122883885], "centroid": [0.7089592013303171, 4.712760574230854, 0.3799999587982874], "normalizedAxes": [0.6113069653511047, 0.7913935780525208, 1.757246743788789e-16, 0, -2.220446049250313e-16, 1, 0.7913935780525208, -0.6113069653511047, -1.3573741360930585e-16]}, "segments": [7507, 14740, 26421, 13812, 13814, 26267, 13669, 26408, 30230, 26378, 22177, 30419, 30061, 22349, 26051, 29954, 6490, 20024, 30003, 8607, 207, 23, 41, 132, 249, 251, 2438, 2449, 2474, 2480, 2494, 3463, 3475, 3478, 3482, 3504, 3512, 3536, 3540, 3558, 3564, 3581, 3583, 3589, 3606, 3627, 3757, 3822, 3832, 4041, 4113, 4114, 4117, 4128, 4180, 4192, 4206, 4244, 5936, 6523, 7219, 7408, 7468, 7566, 7570, 8594, 8671, 8870, 12119, 12184, 12230, 12231, 12310, 12340, 12488, 12492, 12616, 13630, 13636, 13729, 13733, 13738, 13906, 14010, 14724, 21115, 21977, 22117, 22361, 22391, 22424, 23203, 24745, 24747, 24858, 25027, 25064, 25066, 25078, 25086, 25149, 25183, 25729, 25737, 25788, 25800, 26006, 26027, 26352, 26356, 26358, 26471, 29828, 29843, 29998, 30017, 30176, 30516, 30599, 30620, 30665, 30668, 30674, 31143, 31194, 31197, 31810, 31812, 3531, 21313, 25421, 7474, 245, 3505, 4177, 7459, 13018], "label": "curtain"}, {"objectId": 10, "id": 10, "partId": 10, "index": 9, "dominantNormal": [0, -2.220446049250313e-16, 1], "obb": {"axesLengths": [1.4683754561257327, 0.05781996120914901, 0.3898261622546849], "centroid": [0.755389371966242, 2.8273754880854405, 1.5973798592229187], "normalizedAxes": [0.6665652990341187, 0.7454466819763184, 1.6552241399210707e-16, 0, -2.220446049250313e-16, 1, 0.7454466819763184, -0.6665652990341187, -1.4800722848076623e-16]}, "segments": [5945], "label": "ceiling"}, {"objectId": 11, "id": 11, "partId": 11, "index": 10, "dominantNormal": [0.645283579826355, -0.7639431357383728, -1.6962945176021655e-16], "obb": {"axesLengths": [0.37811650704834054, 2.936879926840663, 0.3130418659826674], "centroid": [0.6599687352513818, 4.167386748302297, 0.12225994380727268], "normalizedAxes": [0.7639431357383728, 0.645283579826355, 1.432817375471529e-16, 0, -2.220446049250313e-16, 1, 0.645283579826355, -0.7639431357383728, -1.6962945176021655e-16]}, "segments": [10802, 31493, 3970, 6943, 6984, 10710, 10716, 20964, 20999, 31529, 31558, 31625, 3890, 3896, 3938, 3996, 6377, 10750, 17235, 20824, 20840, 20869, 20906, 21626, 21744, 21785, 22948, 23033, 23041, 23075, 23292, 23314, 23328, 23365, 23368, 23506, 29072, 29079, 29103, 30391, 31119, 31120, 31403, 31409, 31429, 31628, 23091, 22711, 22863, 5579, 14158, 14232, 14285, 14297, 14334, 14416, 17311, 21819, 21843, 22652, 22688, 22693, 22704, 22742, 22746, 22750, 22763, 22766, 22781, 22787, 22799, 22815, 22829, 22855, 22861, 22870, 23122, 23516, 23522, 23549, 23557, 24339, 24350, 24398, 26345, 30394, 30968, 30970, 30971, 30973, 30986, 30989, 30998, 31005, 31007, 31606, 31633, 6382, 10974, 4472, 4473, 4501, 4504, 4511, 4513, 4527, 4555, 5071, 6402, 6459, 11225, 11226, 11242, 11265, 11269, 11275, 12738, 25209, 25237, 26618, 26759, 26779, 27001, 27041, 9086, 5112, 5114, 9090, 9134, 9136, 25285, 25288, 25292, 25789, 25791, 7379, 11320, 5163, 5173, 5188, 5202, 5211, 7373, 7421, 7618, 7628, 9128, 9150, 9164, 9188, 9196, 9210, 9212, 9221, 9222, 11207, 25297, 25568, 25817, 26591, 26620, 25628, 10824, 6937, 7645, 7649, 7655, 12756, 25294, 31572, 12686, 20932, 20941, 12628, 14859, 26767, 12718, 14400, 14894, 14905, 14929, 14933, 14957, 14974, 14983, 14993, 22880, 26622, 26628, 26629, 15029, 14990, 15023, 15120, 26636, 26775, 26777, 26339, 26638, 26640, 15080, 15087, 26336, 15090], "label": "pillar"}, {"objectId": 12, "id": 12, "partId": 12, "index": 11, "dominantNormal": [0.7310519218444824, 0.6823218464851379, 1.5150588483451032e-16], "obb": {"axesLengths": [0.8466980475467469, 0.4438239832857849, 0.24697551191330913], "centroid": [1.1380252335190904, 4.217683078286703, -0.8975380439861578], "normalizedAxes": [-0.6823218464851379, 0.7310519218444824, 1.6232613516564296e-16, 0, -2.220446049250313e-16, 1, 0.7310519218444824, 0.6823218464851379, 1.5150588483451032e-16]}, "segments": [7819, 9343, 7071, 7083, 7135, 7153, 25610, 25611, 6164, 25827], "label": "armchair"}], "scan_id": "baf673a8-8e94-22f8-837d-d39420725d90", "annId": "4044", "appId": "stk.v1"}