{"segGroups": [{"objectId": 1, "id": 1, "partId": 1, "index": 0, "dominantNormal": [0, -2.220446049250313e-16, 1], "obb": {"axesLengths": [2.610817349757529, 0.09354007035031753, 1.2223461664382698], "centroid": [1.0851769357283823, 0.7631490606412841, -1.3367699943505982], "normalizedAxes": [0.9374584555625916, -0.34809720516204834, -7.729310639571459e-17, 0, -2.220446049250313e-16, 1, -0.34809720516204834, -0.9374584555625916, -2.0815759239902566e-16]}, "segments": [1643, 1175, 8181, 443, 327, 863, 1102, 1108, 4900, 4902, 6643], "label": "floor"}, {"objectId": 2, "id": 2, "partId": 2, "index": 1, "dominantNormal": [-0.26824072003364563, -0.9633519053459167, -2.1390709322631024e-16], "obb": {"axesLengths": [2.544771113879923, 2.663329899385647, 0.1893818456554344], "centroid": [1.2016117217058302, 1.2514699947423558, -0.02166506235022103], "normalizedAxes": [0.9633519053459167, -0.26824072003364563, -5.956140470467677e-17, 0, -2.220446049250313e-16, 1, -0.26824072003364563, -0.9633519053459167, -2.1390709322631024e-16]}, "segments": [837, 2445, 4776, 2109, 2671, 2688, 2712, 2873, 3491, 3759, 3790, 3895, 4478, 4484, 5162, 5178, 5631, 6020, 6064, 6160, 6187, 6419, 6714, 6724, 6830, 7626, 8583, 9120, 9123, 9459, 9537, 10353, 11186, 11440, 11443, 11450, 11454, 11482, 8411, 11123, 4334], "label": "wall"}, {"objectId": 3, "id": 3, "partId": 3, "index": 2, "dominantNormal": [0.9658239483833313, -0.25919902324676514, -5.755374471378197e-17], "obb": {"axesLengths": [1.0307448138741175, 1.427049910417573, 0.10589137903105884], "centroid": [-0.12396954975581642, 1.1405470183415194, -0.6435249826315436], "normalizedAxes": [0.25919902324676514, 0.9658239483833313, 2.1445599704591063e-16, 0, -2.220446049250313e-16, 1, 0.9658239483833313, -0.25919902324676514, -5.755374471378197e-17]}, "segments": [810, 8104], "label": "wall"}, {"objectId": 4, "id": 4, "partId": 4, "index": 3, "dominantNormal": [0.9824708700180054, -0.1864161193370819, -4.139269356985984e-17], "obb": {"axesLengths": [0.8506599158010797, 1.4799999710917473, 0.8443081083252243], "centroid": [2.105749391134488, 0.5793681417383657, -0.6300000147567698], "normalizedAxes": [0.1864161193370819, 0.9824708700180054, 2.181523561834998e-16, 0, -2.220446049250313e-16, 1, 0.9824708700180054, -0.1864161193370819, -4.139269356985984e-17]}, "segments": [5073, 3406, 8957, 382, 349], "label": "wall"}, {"objectId": 5, "id": 5, "partId": 5, "index": 4, "dominantNormal": [0, -2.220446049250313e-16, 1], "obb": {"axesLengths": [1.3303632110459223, 0.644089922813551, 0.6558824188065436], "centroid": [1.1275593250409095, 1.1007408518340431, -0.692044984061161], "normalizedAxes": [0.9967156052589417, -0.08098132163286209, -1.7981465568275754e-17, 0, -2.220446049250313e-16, 1, -0.08098132163286209, -0.9967156052589417, -2.2131532279233516e-16]}, "segments": [7453, 9361, 5455, 9913, 8537, 5377, 3042, 2980, 3029, 549, 2682, 3056, 3074, 3080, 3102, 3126, 3167, 3190, 3209, 3250, 3543, 3800, 3803, 3818, 7451, 7504, 8068, 8910, 9211, 9243, 9303, 9310, 9383, 9387, 9498, 9817, 9979, 10346, 10350, 10205, 11081, 9481, 10566, 5486, 7898, 7929, 7100, 7498, 10859, 6191, 6769, 10802, 7862, 2230, 2245, 1890, 2212, 2250, 2264, 2268, 2286, 6818, 6839, 6858, 6875, 6987, 7012, 7104, 7118, 7179, 7189, 7210, 7394, 7693, 7694, 7725, 7743, 7807, 7821, 7837, 7839, 7846, 7857, 7904, 7953, 7954, 8784, 8864, 10356, 10446, 10448, 10491, 10495, 10497, 10536, 10560, 10642, 10664, 10674, 10737, 11377, 11380, 11383, 11433, 11437, 1939, 5190, 1971, 2006, 5213, 5217, 9843, 9889, 9891, 9895, 9899, 9902, 9905, 9838], "label": "shelf"}, {"objectId": 6, "id": 6, "partId": 6, "index": 5, "dominantNormal": [0, -2.220446049250313e-16, 1], "obb": {"axesLengths": [0.7135712343870046, 0.707991971641958, 0.7463539907899615], "centroid": [0.7537555607357327, 1.1292707103831934, -0.7500240151624988], "normalizedAxes": [0.9338789582252502, 0.3575892448425293, 7.940076259649971e-17, 0, -2.220446049250313e-16, 1, 0.3575892448425293, -0.9338789582252502, -2.073627843269255e-16]}, "segments": [9936, 5479, 10320, 7767, 8735, 566, 9073, 922, 10308], "label": "refrigerator"}, {"objectId": 7, "id": 7, "partId": 7, "index": 6, "dominantNormal": [0.9350754618644714, -0.35444873571395874, -7.87034294877828e-17], "obb": {"axesLengths": [0.5927608727190705, 0.9889970200733011, 0.528847058305546], "centroid": [0.14494033420731345, 1.309518559616442, -0.8773815399294761], "normalizedAxes": [0.35444873571395874, 0.9350754618644714, 2.0762846150478774e-16, 0, -2.220446049250313e-16, 1, 0.9350754618644714, -0.35444873571395874, -7.87034294877828e-17]}, "segments": [9447, 1736, 9647, 9725, 1001, 2779, 2842, 2852, 1069, 1016, 1025, 1450, 1452, 1461, 1689, 1702, 1705, 1870, 1875, 1884, 2050, 2066, 2925, 3524, 3529, 3594, 3753, 4090, 4109, 4149, 4181, 4197, 4278, 4314, 4692, 4934, 4946, 4988, 5023, 5074, 5574, 5599, 5875, 5984, 5993, 5998, 7019, 7033, 7063, 9050, 9061, 9084, 9087, 9093, 9192, 9406, 9425, 9560, 9566, 9672, 9690, 9707, 9749, 9752, 9757, 9766, 10096, 10100, 10107, 10126, 10129, 10134, 11388, 5933, 5785, 1666, 1688, 4661, 5784, 5789, 5838, 5876, 5945, 5985, 9026, 10030, 10036, 10039, 10041, 10132, 5801, 4223, 1300], "label": "side table"}, {"objectId": 11, "id": 11, "partId": 11, "index": 8, "dominantNormal": [-0.27014419436454773, -0.9628198742866516, -2.1378895859994787e-16], "obb": {"axesLengths": [1.1042174718166509, 0.6199999592453247, 0.1995865071405577], "centroid": [1.1283030907993095, 1.2503160003621274, -0.28000000711992534], "normalizedAxes": [0.9628198742866516, -0.2701442241668701, -5.998406752791177e-17, 0, -2.220446049250313e-16, 1, -0.2701442241668701, -0.9628198742866516, -2.1378895859994787e-16]}, "segments": [3864, 2569, 11106, 1831, 10117, 3879, 1862, 2593, 2709, 2623, 2720, 2642, 10369, 2605, 2695], "label": "rack"}], "scan_id": "352e9c46-69fb-27a7-8b1d-bc83c253c676", "annId": "4238", "appId": "stk.v1"}