{"segGroups": [{"objectId": 1, "id": 1, "partId": 1, "index": 0, "dominantNormal": [0, -2.220446049250313e-16, 1], "obb": {"axesLengths": [5.071735257958338, 0.2746798930761236, 4.811733493426095], "centroid": [-1.0569115714233535, 2.1111526804365925, -1.2127800026094921], "normalizedAxes": [-0.487787663936615, 0.8729622960090637, 1.938365681317808e-16, 0, -2.220446049250313e-16, 1, 0.8729622960090637, 0.487787663936615, 1.0831061912610962e-16]}, "segments": [4890, 11706, 10629, 927, 837, 18967, 208, 805, 828, 850, 914, 961, 986, 1008, 1034, 1036, 1083, 1132, 1248, 1258, 1264, 1266, 1267, 1280, 1285, 1294, 1357, 1375, 2787, 3097, 3553, 4507, 4711, 4761, 5183, 5189, 5196, 5219, 5427, 5662, 5987, 6116, 6137, 6143, 6335, 6499, 6564, 6575, 6720, 6721, 6725, 6781, 6821, 7176, 7400, 7414, 7765, 7786, 7826, 8640, 8954, 9095, 9212, 10100, 10390, 12581, 12608, 12613, 12791, 12794, 12806, 13351, 13354, 14457, 14470, 16550, 16804, 18426, 18917, 18934, 19028, 19966, 19972, 19975, 19978, 19983, 20017, 20697, 20699, 20735, 20895, 20897, 20908, 20911, 20915, 20961, 21467, 21785, 23813, 24208, 24921, 24995, 25081, 25085, 25087, 25090, 9063, 24012, 23803, 7218, 1151, 4929, 5813, 6305, 6943, 6962, 6965, 15200, 20733, 20921, 14069, 14066, 21494, 18883, 17417, 3957, 16226, 16235, 5083, 5824, 5736, 16517, 20676, 3908, 4007, 13304, 14023, 12065], "label": "floor"}, {"objectId": 2, "id": 2, "partId": 2, "index": 1, "dominantNormal": [0, -2.220446049250313e-16, 1], "obb": {"axesLengths": [2.5640800650331412, 1.150130022686793, 2.1414147561575065], "centroid": [-0.8979687465153963, 1.6047112949878752, -0.6850650392265991], "normalizedAxes": [0.48450711369514465, 0.8747873306274414, 1.9424180722259297e-16, 0, -2.220446049250313e-16, 1, 0.8747873306274414, -0.48450711369514465, -1.0758219064380562e-16]}, "segments": [15928, 13778, 2162, 2301, 2372, 2413, 2497, 2560, 2677, 2844, 3303, 3812, 4531, 4539, 4549, 4572, 6254, 6340, 7147, 7505, 7557, 7602, 7911, 7916, 7933, 8417, 8459, 9690, 10180, 10183, 10420, 11803, 11827, 11886, 11942, 11969, 12003, 12081, 12140, 12988, 13027, 13108, 13112, 13185, 13197, 13205, 13243, 13256, 13261, 13326, 13327, 13403, 13491, 14039, 14049, 14062, 15475, 15813, 17458, 17479, 17498, 17542, 17913, 19126, 19145, 20165, 20189, 20246, 20250, 20283, 20363, 20372, 20422, 20430, 20432, 21564, 21565, 21716, 21723, 22006, 22014, 22080, 22088, 22810, 24465, 24477, 4194, 8904, 23642, 12643, 11118, 23100, 15125, 21848, 13877, 1320, 1401, 3041, 8787, 8808, 8818, 8839, 8891, 8927, 8932, 8940, 9156, 9184, 9271, 10467, 10471, 10600, 10606, 11166, 13612, 13678, 13862, 13969, 14087, 14151, 14184, 14313, 14339, 14365, 14367, 14395, 14473, 14759, 14775, 14801, 15135, 15222, 15245, 15248, 15251, 15739, 16175, 16348, 17639, 17649, 19292, 21066, 21215, 21233, 21241, 22545, 23160, 23170, 23204, 23258, 23334, 23427, 23430, 23455, 23488, 23512, 23565, 23624, 23629, 23715, 24358, 24503, 25313, 25318, 26273, 17786, 12894], "label": "bed"}, {"objectId": 3, "id": 3, "partId": 3, "index": 2, "dominantNormal": [0.9936238527297974, -0.11274585127830505, -2.5034608004027582e-17], "obb": {"axesLengths": [1.0407698675188122, 0.9999179616588806, 0.5204281617760621], "centroid": [0.12425490344578871, 1.8434537003386828, -0.7744410174272738], "normalizedAxes": [0.11274585127830505, 0.9936238527297974, 2.2062881582347535e-16, 0, -2.220446049250313e-16, 1, 0.9936238527297974, -0.11274585127830505, -2.5034608004027582e-17]}, "segments": [18101, 18239, 24569, 24799, 25967, 9774, 16893, 17929, 25448, 19920, 19948, 18071, 19089, 395, 100, 11, 22324, 19680, 783, 19615, 5261, 19593, 26158, 23365, 26326, 26294, 23706, 7, 9, 61, 103, 232, 261, 283, 289, 362, 368, 377, 409, 421, 437, 474, 510, 517, 530, 531, 575, 580, 609, 627, 663, 683, 692, 693, 700, 701, 706, 720, 737, 750, 776, 1050, 1053, 1179, 1388, 1453, 1569, 1904, 1906, 1959, 2946, 2947, 3146, 3158, 3399, 3409, 3506, 3587, 3591, 3904, 4446, 4833, 4866, 5044, 5055, 5060, 5125, 5129, 5201, 5247, 5317, 5654, 5677, 5719, 5839, 5904, 5949, 6910, 7411, 7412, 7586, 8175, 8186, 8214, 8239, 8262, 8317, 8360, 8368, 8429, 8432, 8433, 8440, 8442, 8452, 8461, 8485, 8907, 9746, 9756, 9806, 9815, 9847, 9849, 9929, 9940, 9954, 9968, 10028, 10038, 10210, 10434, 10488, 10499, 10574, 12177, 12217, 12234, 12243, 12288, 12306, 12316, 12323, 12331, 12364, 12390, 12438, 12468, 12480, 12486, 12505, 12514, 12531, 12540, 12799, 13696, 13710, 13717, 13725, 13726, 14140, 14143, 14245, 14261, 14267, 14605, 14613, 14679, 14706, 14710, 14737, 14791, 14918, 14962, 14971, 15013, 15270, 15343, 15421, 15470, 15768, 15880, 15889, 15895, 15991, 16007, 16026, 16030, 16084, 16098, 16149, 16153, 16354, 16480, 16481, 16776, 16796, 16811, 16813, 16823, 16828, 16852, 16894, 16897, 16899, 16904, 16907, 16909, 16917, 16937, 16951, 16958, 17024, 17028, 17051, 17082, 17113, 17130, 17154, 17222, 17227, 17250, 17280, 17286, 17292, 17366, 17422, 17450, 17526, 17651, 17676, 17713, 17725, 17742, 17751, 17858, 17861, 17864, 17918, 17921, 17937, 17940, 17958, 18049, 18051, 18093, 18153, 18171, 18176, 18179, 18184, 18186, 18621, 18729, 18831, 19086, 19087, 19090, 19110, 19119, 19248, 19252, 19256, 19265, 19268, 19273, 19281, 19287, 19303, 19381, 19386, 19423, 19431, 19464, 19472, 19474, 19479, 19484, 19486, 19492, 19496, 19527, 19530, 19621, 19655, 19711, 19737, 19769, 19816, 19818, 19824, 19830, 19836, 19839, 19841, 19848, 19862, 19868, 19935, 19950, 19959, 20038, 20098, 20113, 20116, 20120, 20122, 20125, 20130, 20133, 20493, 20700, 20731, 20739, 20826, 21099, 21157, 21171, 21181, 21404, 21407, 21410, 21505, 21507, 21518, 22001, 22003, 22248, 22336, 22339, 22341, 22345, 22364, 22370, 22374, 22422, 22436, 22470, 22473, 22542, 22550, 23283, 23384, 23555, 23560, 23712, 24540, 24543, 24565, 24573, 24583, 24603, 24653, 24656, 24696, 24764, 24804, 24817, 24870, 24875, 24877, 24908, 24911, 24916, 24929, 24985, 24988, 24997, 25000, 25001, 25005, 25024, 25382, 25386, 25554, 25565, 25586, 25590, 25593, 25612, 25622, 25693, 25698, 25710, 25992, 26012, 26046, 26052, 26078, 26084, 26086, 26169, 26262, 26381, 24516, 18588, 24493, 7803, 26418, 8977, 10508, 16409], "label": "plant"}, {"objectId": 4, "id": 4, "partId": 4, "index": 3, "dominantNormal": [0, -2.220446049250313e-16, 1], "obb": {"axesLengths": [0.3485489121749317, 0.32793097955142736, 0.4094585162229761], "centroid": [-1.8215095980599332, 1.9582036232360014, -1.0713644991690414], "normalizedAxes": [-0.26226428151130676, 0.9649960994720459, 2.1427217766146664e-16, 0, -2.220446049250313e-16, 1, 0.9649960994720459, 0.26226428151130676, 5.82343687741253e-17]}, "segments": [11849, 22071, 8020, 9354, 3762, 8270, 8023, 3765, 3776], "label": "objects"}, {"objectId": 5, "id": 5, "partId": 5, "index": 4, "dominantNormal": [0, -2.220446049250313e-16, 1], "obb": {"axesLengths": [0.4737524824725268, 0.3551190416115735, 0.4447798198740766], "centroid": [-1.7366353798933387, 2.4109468380603603, -1.0788905390780308], "normalizedAxes": [-0.4152316153049469, 0.9097157120704651, 2.0199746588077996e-16, 0, -2.220446049250313e-16, 1, 0.9097157120704651, 0.4152316153049469, 9.219993997276952e-17]}, "segments": [11305, 8880, 9028, 9074, 11258, 21869, 23114, 22131, 11354, 11355, 12114, 11387, 23145, 10270, 10280, 10310, 10330, 11126, 11257, 11349, 13865, 13903, 14017, 21856, 23168], "label": "objects"}, {"objectId": 6, "id": 6, "partId": 6, "index": 5, "dominantNormal": [0.4140588641166687, -0.9102501273155212, -2.0211612990273436e-16], "obb": {"axesLengths": [0.8302875770145304, 0.7952299238317472, 0.3740759286208526], "centroid": [-0.9650179694253485, 3.2902584194090863, -0.8676149811564028], "normalizedAxes": [0.9102501273155212, 0.4140588641166687, 9.193953689849292e-17, 0, -2.220446049250313e-16, 1, 0.4140588641166687, -0.9102501273155212, -2.0211612990273436e-16]}, "segments": [21614, 7276, 7290, 7530, 7366, 3353, 3347, 3194, 3177, 10667, 7507, 2980, 3273, 3363, 7283, 7345, 7529, 7560, 7615, 20491, 20924, 20982, 20986], "label": "objects"}, {"objectId": 7, "id": 7, "partId": 7, "index": 6, "dominantNormal": [-0.20557545125484467, -0.9786412715911865, -2.1730201451379528e-16], "obb": {"axesLengths": [0.6148695501884287, 0.6000000104308123, 0.1225267019369437], "centroid": [-1.1971814980908095, 2.7684776116307583, 0.02999996958359996], "normalizedAxes": [0.9786412715911865, -0.20557545125484467, -4.5646919856167015e-17, 0, -2.220446049250313e-16, 1, -0.20557545125484467, -0.9786412715911865, -2.1730201451379528e-16]}, "segments": [10815], "label": "wall"}, {"objectId": 8, "id": 8, "partId": 8, "index": 7, "dominantNormal": [-0.28488340973854065, -0.9585621953010559, -2.1284356395169366e-16], "obb": {"axesLengths": [0.4199921321216451, 0.7252099947956947, 0.12855914177970826], "centroid": [-0.8354564251776463, 2.6782561925263737, 0.06739496920552024], "normalizedAxes": [0.9585621953010559, -0.28488340973854065, -6.325682416509008e-17, 0, -2.220446049250313e-16, 1, -0.28488340973854065, -0.9585621953010559, -2.1284356395169366e-16]}, "segments": [8780, 21337, 1672, 8783], "label": "curtain"}, {"objectId": 9, "id": 9, "partId": 9, "index": 8, "dominantNormal": [-0.37184616923332214, -0.9282943606376648, -2.0612275456192481e-16], "obb": {"axesLengths": [0.7430651874500489, 1.5780399088999641, 0.501140191400965], "centroid": [0.04445491545118352, 2.6262374980327823, -0.47901998993277684], "normalizedAxes": [0.9282943606376648, -0.37184616923332214, -8.256643574029935e-17, 0, -2.220446049250313e-16, 1, -0.37184616923332214, -0.9282943606376648, -2.0612275456192481e-16]}, "segments": [21714, 10899, 23021, 22477, 20604, 7809, 19446, 3446, 2978, 3518, 3090, 19468, 1524, 3395, 11546, 20648, 1852, 1073, 13382, 10883, 22515], "label": "curtain"}, {"objectId": 10, "id": 10, "initialPoint": [0.37049854838099305, 2.79117264961741, -1.0995503414576386], "index": 9, "dominantNormal": [-0.43341681361198425, -0.9011935591697693, -2.0010516780683425e-16], "obb": {"axesLengths": [0.2238473399968818, 1.1822699565678094, 0.19620084763782628], "centroid": [0.32878942436721936, 2.8002009020437435, -0.6611350079552465], "normalizedAxes": [0.9011935591697693, -0.43341681361198425, -9.623786514633898e-17, 0, -2.220446049250313e-16, 1, -0.43341681361198425, -0.9011935591697693, -2.0010516780683425e-16]}, "segments": [26061, 18330, 26226, 3536, 322, 18807, 18376, 26214, 3463, 16102, 278, 2832, 3502, 3658, 3668, 3677, 19853, 19952, 20665, 25713, 26076, 26087], "partId": 10, "label": "wall"}, {"objectId": 12, "id": 12, "initialPoint": [0.002260804444021547, 2.911688691956888, -0.5299177595374225], "index": 11, "dominantNormal": [-0.56031334400177, -0.8282806873321533, -1.8391525798570137e-16], "obb": {"axesLengths": [0.32661968866604046, 0.8348599485711761, 0.15970995015315917], "centroid": [0.052539048640502184, 2.918811101519489, -0.8074299822012349], "normalizedAxes": [0.8282806873321533, -0.56031334400177, -1.2441455510309618e-16, 0, -2.220446049250313e-16, 1, -0.56031334400177, -0.8282806873321533, -1.8391525798570137e-16]}, "segments": [2209, 20657, 15655, 15662], "partId": 12, "label": "wall"}, {"objectId": 15, "id": 15, "initialPoint": [-1.421134078767492, 2.839820156859381, -0.5246331042374329], "index": 14, "dominantNormal": [0.6999470591545105, -0.7141947746276855, -1.585830965717262e-16], "obb": {"axesLengths": [0.25181480413781593, 1.099999954551459, 0.16099076516955524], "centroid": [-1.3227853548588047, 2.8709755357432316, -0.7200000062020132], "normalizedAxes": [0.7141947746276855, 0.6999469995498657, 1.55419454983511e-16, 0, -2.220446049250313e-16, 1, 0.6999469995498657, -0.7141947746276855, -1.585830965717262e-16]}, "segments": [21227, 15144, 9127, 10818, 23610, 10154, 10165], "partId": 15, "label": "wall"}, {"objectId": 16, "id": 16, "initialPoint": [-1.2970541739140962, 1.3043647195342318, -0.599211328890155], "index": 15, "dominantNormal": [0, -2.220446049250313e-16, 1], "obb": {"axesLengths": [0.6213907841314309, 0.22000002369284566, 0.5656854393138906], "centroid": [-1.2468292152194782, 1.384672612057551, -0.6400000023277115], "normalizedAxes": [0.9898975491523743, 0.14178431034088135, 3.148244117420903e-17, 0, -2.220446049250313e-16, 1, 0.14178431034088135, -0.9898975491523743, -2.198014102177957e-16]}, "segments": [24834, 11438, 23730], "partId": 16, "label": "pillow"}, {"objectId": 17, "id": 17, "initialPoint": [-0.8973282351154614, 1.550892663221446, -0.41641927719332095], "index": 16, "dominantNormal": [0.5790387392044067, -0.8153000473976135, -1.810329769197624e-16], "obb": {"axesLengths": [0.6709483429704208, 0.4955899902673809, 0.48056831817905094], "centroid": [-0.9116520815842561, 1.5345669488893598, -0.5177950307654967], "normalizedAxes": [0.8153000473976135, 0.5790387392044067, 1.2857242808293073e-16, 0, -2.220446049250313e-16, 1, 0.5790387392044067, -0.8153000473976135, -1.810329769197624e-16]}, "segments": [20180, 2264, 2081, 15376, 14431, 17464, 20161, 24902, 2122], "partId": 17, "label": "pillow"}, {"objectId": 18, "id": 18, "initialPoint": [-0.4668343462151676, 1.4771225816093916, -0.5697475637543808], "index": 17, "dominantNormal": [0, -2.220446049250313e-16, 1], "obb": {"axesLengths": [0.5201035796738588, 0.23697900242405368, 0.3259868435481949], "centroid": [-0.5518737082689551, 1.5480609927542404, -0.6315105129621075], "normalizedAxes": [0.9392697215080261, -0.34317976236343384, -7.62012147522548e-17, 0, -2.220446049250313e-16, 1, -0.34317976236343384, -0.9392697215080261, -2.0855977423029384e-16]}, "segments": [17597, 17581, 2817, 26243], "partId": 18, "label": "pillow"}, {"objectId": 19, "id": 19, "initialPoint": [-0.35226500882747347, 1.6186839815121992, -0.3041630090347964], "index": 18, "dominantNormal": [-0.377168208360672, -0.9261447787284851, -2.0564545149614702e-16], "obb": {"axesLengths": [0.9297689098454874, 0.5712640008792874, 0.3535743089077637], "centroid": [-0.6042093668245898, 1.8636861228851436, -0.49288502092484443], "normalizedAxes": [0.9261447787284851, -0.377168208360672, -8.37481658157273e-17, 0, -2.220446049250313e-16, 1, -0.377168208360672, -0.9261447787284851, -2.0564545149614702e-16]}, "segments": [1804, 8107, 18514, 1793, 1725, 21531, 2064], "partId": 19, "label": "pillow"}, {"objectId": 20, "id": 20, "initialPoint": [-0.2883637889303057, 1.9902422331477894, -0.2900189889934388], "index": 19, "dominantNormal": [-0.3092025816440582, -0.9509962201118469, -2.1116357997993316e-16], "obb": {"axesLengths": [0.7046538372671589, 0.5807459820640237, 0.41187427987992353], "centroid": [-0.45704051512911215, 2.0745946677619975, -0.4886410138495052], "normalizedAxes": [0.9509962201118469, -0.30920255184173584, -6.865675846550975e-17, 0, -2.220446049250313e-16, 1, -0.30920255184173584, -0.9509962201118469, -2.1116357997993316e-16]}, "segments": [21245, 2557, 1756, 23230, 9495, 8188, 8240, 21961], "partId": 20, "label": "pillow"}, {"objectId": 21, "id": 21, "initialPoint": [-0.3383488595527504, 2.3104502964693103, -0.23033834633805905], "index": 20, "dominantNormal": [-0.3210952877998352, -0.9470468759536743, -2.1028664941661875e-16], "obb": {"axesLengths": [0.8637651957569783, 0.4825439941314458, 0.312491839244596], "centroid": [-0.32058405749199015, 2.324042240409457, -0.4487280160653302], "normalizedAxes": [0.9470468759536743, -0.3210952877998352, -7.129747632280363e-17, 0, -2.220446049250313e-16, 1, -0.3210952877998352, -0.9470468759536743, -2.1028664941661875e-16]}, "segments": [11631, 11638, 14647, 21084, 9509, 8217, 7852, 13035], "partId": 21, "label": "pillow"}, {"objectId": 22, "id": 22, "initialPoint": [-1.5322527160096144, 1.7613779180051936, -0.337587481809801], "index": 21, "dominantNormal": [-0.17062292993068695, -0.985336422920227, -2.1878863674556538e-16], "obb": {"axesLengths": [0.8051523442353248, 0.8726579053850935, 0.5586349390293988], "centroid": [-1.4887314638955957, 1.8118678054058854, -0.5237640781784649], "normalizedAxes": [0.985336422920227, -0.17062292993068695, -3.7885901067610683e-17, 0, -2.220446049250313e-16, 1, -0.17062292993068695, -0.985336422920227, -2.1878863674556538e-16]}, "segments": [21767, 21739, 7946, 21670, 15291, 8688, 8419, 21696, 13315, 2874, 13689, 2444, 2297, 20341, 15435], "partId": 22, "label": "pillow"}, {"objectId": 23, "id": 23, "initialPoint": [-1.596966236486542, 2.185766742695713, -0.36335185761455424], "index": 22, "dominantNormal": [-0.24170081317424774, -0.9703508019447327, -2.1546116045650547e-16], "obb": {"axesLengths": [0.7085088898428491, 0.7148659963563231, 0.4378271587519162], "centroid": [-1.3490860090026926, 2.0543525924469, -0.6325670201682977], "normalizedAxes": [0.9703508019447327, -0.24170082807540894, -5.366836488005709e-17, 0, -2.220446049250313e-16, 1, -0.24170082807540894, -0.9703508019447327, -2.1546116045650547e-16]}, "segments": [13644, 21566, 13195, 22745, 8546, 4133, 3282, 20312], "partId": 23, "label": "pillow"}, {"objectId": 24, "id": 24, "initialPoint": [-1.087951622414483, 1.8184262066222951, -0.42863062402223895], "index": 23, "dominantNormal": [-0.22391481697559357, -0.9746087193489075, -2.1640660804431888e-16], "obb": {"axesLengths": [0.5337151330285064, 0.37719600549647164, 0.3283732341489167], "centroid": [-1.0135479926347175, 1.8001064297169853, -0.4436700256273901], "normalizedAxes": [0.9746087193489075, -0.22391481697559357, -4.971907707220637e-17, 0, -2.220446049250313e-16, 1, -0.22391481697559357, -0.9746087193489075, -2.1640660804431888e-16]}, "segments": [2032, 20380, 20198, 20279], "partId": 24, "label": "pillow"}, {"objectId": 25, "id": 25, "initialPoint": [-1.3415844794837832, 2.5112383036558694, -0.5259683363065281], "index": 24, "dominantNormal": [0, -2.220446049250313e-16, 1], "obb": {"axesLengths": [0.743644234000626, 0.5248909773329424, 0.5473072357331265], "centroid": [-1.2189431957445294, 2.3709733855918724, -0.5475545265507443], "normalizedAxes": [0.960601806640625, -0.27792829275131226, -6.171247796145357e-17, 0, -2.220446049250313e-16, 1, -0.27792829275131226, -0.960601806640625, -2.132964486457889e-16]}, "segments": [21463, 2448, 20438, 21793, 4111, 20689, 4138], "partId": 25, "label": "pillow"}, {"objectId": 26, "id": 26, "initialPoint": [-0.8237016606325214, 0.85680515981126, -0.7005045528886829], "index": 25, "dominantNormal": [0, -2.220446049250313e-16, 1], "obb": {"axesLengths": [1.5349291628721706, 0.21999996408820208, 1.319900902567386], "centroid": [-0.9770595741293396, 1.1442802879189362, -0.7800000146956748], "normalizedAxes": [0.9608795642852783, -0.27696651220321655, -6.149891977962708e-17, 0, -2.220446049250313e-16, 1, -0.27696651220321655, -0.9608795642852783, -2.1335812323226085e-16]}, "segments": [15789, 17524, 18511, 25236, 15676, 12631, 13752, 12666, 21288, 25309, 13766, 18255, 21400], "partId": 26, "label": "blanket"}], "scan_id": "a0905fea-66f7-2272-9d2c-15612116fe96", "annId": "1897", "appId": "stk.v1"}