{"segGroups": [{"objectId": 1, "id": 1, "partId": 1, "index": 0, "dominantNormal": [0, -2.220446049250313e-16, 1], "obb": {"axesLengths": [6.4175018467113745, 0.26162993323139955, 3.9858844288677755], "centroid": [0.922888273925711, 0.17484307465940868, -1.3208149786231274], "normalizedAxes": [0.9700284004211426, -0.24299146234989166, -5.3954943257637314e-17, 0, -2.220446049250313e-16, 1, -0.24299146234989166, -0.9700284004211426, -2.1538957293757268e-16]}, "segments": [54815, 41750, 41630, 47818, 37063, 42839, 45813, 50857, 13363, 22076, 13457, 13481, 13487, 13514, 13667, 13692, 13711, 13716, 13717, 13725, 13754, 13779, 13844, 13890, 13918, 13923, 13954, 13960, 14066, 15015, 15268, 15277, 15293, 15320, 15344, 15346, 15374, 15383, 15385, 15428, 15444, 15477, 15495, 15539, 15576, 15578, 15663, 15888, 15996, 16046, 16451, 16519, 18027, 18126, 18663, 18903, 19756, 19803, 19832, 20017, 20035, 20148, 21022, 21734, 28670, 28744, 33571, 34918, 34927, 39084, 39138, 44152, 48005, 50253, 52015, 52697, 53269, 56129, 56443, 59460, 59490, 59539, 59562, 61416, 61418, 61420, 61421, 61430, 61432, 61442, 61450, 61454, 61456, 61459, 61468, 61702, 61706, 61848, 61982, 61985, 62191, 63896, 72598, 74336, 74385, 21644, 21077, 20073, 18920, 13952, 18660, 19875, 21043, 17267, 50075, 46267, 46239, 46246, 44412, 44394, 46312, 66310, 47790, 66637, 66657, 44194, 47784, 47776, 66642, 47844, 25526], "label": "floor"}, {"objectId": 2, "id": 2, "partId": 2, "index": 1, "dominantNormal": [-0.18315431475639343, -0.9830842018127441, -2.1828854319955052e-16], "obb": {"axesLengths": [4.356387350417905, 2.4748799247694016, 0.26427204099798846], "centroid": [-0.5467157350343892, -1.3694905482454052, -0.14419994554676085], "normalizedAxes": [0.9830842018127441, -0.18315429985523224, -4.066842415167576e-17, 0, -2.220446049250313e-16, 1, -0.18315429985523224, -0.9830842018127441, -2.1828854319955052e-16]}, "segments": [72268, 54225, 10922, 41818, 54912, 72216, 24866, 32968, 33004, 33057, 34006, 35116, 35242, 35271, 35280, 35285, 35306, 38108, 38138, 41481, 41938, 50961, 50979, 51655, 53757, 57740, 59050, 64159, 64165, 64168, 64170, 64257, 65085, 65086, 65121, 67859, 72658, 74392, 74396, 38402], "label": "wall"}, {"objectId": 3, "id": 3, "partId": 3, "index": 2, "dominantNormal": [0.9808074831962585, -0.19497878849506378, -4.329398806014768e-17], "obb": {"axesLengths": [3.937384664392003, 2.49022990859531, 0.2586014460647077], "centroid": [1.911803608505977, 0.0504614279629218, -0.12923494811285208], "normalizedAxes": [0.19497878849506378, 0.9808074831962585, 2.177830101138275e-16, 0, -2.220446049250313e-16, 1, 0.9808074831962585, -0.19497878849506378, -4.329398806014768e-17]}, "segments": [21643, 6204, 13493, 1430, 12527, 14029, 5601, 7701, 53000, 3135, 3440, 2192, 70575, 9829, 33193, 51160, 51186, 1527, 1530, 5918, 5989, 6031, 6048, 12528, 12531, 12571, 12572, 12580, 12591, 51360, 52656, 53849, 53850, 53859, 55079, 55116, 55127, 60185, 60335, 60365, 61375, 70363, 70746], "label": "wall"}, {"objectId": 4, "id": 4, "partId": 4, "index": 3, "dominantNormal": [-0.18382136523723602, -0.9829596877098083, -2.1826089551475655e-16], "obb": {"axesLengths": [4.226326134010747, 2.2399999594688413, 0.26912491291807733], "centroid": [0.2544129385449726, 2.248323767435282, 0.029999989333676202], "normalizedAxes": [0.9829596877098083, -0.18382136523723602, -4.0816542420881957e-17, 0, -2.220446049250313e-16, 1, -0.18382136523723602, -0.9829596877098083, -2.1826089551475655e-16]}, "segments": [3476, 810, 34716, 26583, 65535, 26416, 474, 11825, 10336, 12265, 2691, 50693, 35666, 64560, 26445, 896, 2870, 3032, 3879, 3888, 3903, 24450, 49579, 69025, 69063, 53946, 39979, 6463], "label": "wall"}, {"objectId": 5, "id": 5, "partId": 5, "index": 4, "dominantNormal": [0, -2.220446049250313e-16, 1], "obb": {"axesLengths": [2.5676128922057613, 1.2837200175884353, 2.529996193742341], "centroid": [0.4460378023372498, 1.1257414607754996, -0.7318599917443823], "normalizedAxes": [0.04602986201643944, 0.9989400506019592, 2.2180924887970282e-16, 0, -2.220446049250313e-16, 1, 0.9989400506019592, -0.04602986201643944, -1.0220682526194e-17]}, "segments": [38632, 38643, 16679, 2043, 34055, 40178, 7386, 68560, 61789, 34948, 52135, 16290, 40151, 15234, 14442, 15384, 15437, 15447, 15463, 15574, 15847, 16308, 16419, 16431, 16612, 16908, 16911, 16914, 16962, 16968, 18142, 20420, 21372, 26495, 29209, 32032, 35001, 36447, 39999, 40049, 40291, 53904, 54161, 54502, 54540, 54995, 59169, 60316, 61543, 61548, 61647, 61964, 64280, 65650, 68583, 68661, 68720, 69097, 71357, 73108, 73126, 30902, 32077, 3882, 3883, 14187, 60323, 64603], "label": "bed"}, {"objectId": 6, "id": 6, "partId": 6, "index": 5, "dominantNormal": [0, -2.220446049250313e-16, 1], "obb": {"axesLengths": [0.9120282172176565, 0.49259798617814504, 0.677439426011794], "centroid": [-0.6637363054361347, 2.207104967592987, -1.1345709420583907], "normalizedAxes": [-0.6379115581512451, 0.7701095938682556, 1.7099868051945313e-16, 0, -2.220446049250313e-16, 1, 0.7701095938682556, 0.6379115581512451, 1.4164481990680436e-16]}, "segments": [62483, 61399, 20873, 63981, 20456, 62559, 20963, 25088, 20900, 40030, 3524, 3537, 3548, 6732, 7776, 12947, 12995, 13009, 13051, 13099, 20405, 20462, 21966, 31962, 39945, 40007, 40047, 40091, 60302, 60303, 61407, 62649, 65334, 65368, 65638, 12952, 26903, 20736, 7772, 65323, 65311, 39293, 39311, 20819], "label": "nightstand"}, {"objectId": 7, "id": 7, "partId": 7, "index": 6, "dominantNormal": [0.7104536294937134, -0.7037440538406372, -1.5626257040338425e-16], "obb": {"axesLengths": [1.0740827902548387, 1.045106924062067, 0.9784132747044105], "centroid": [-1.3436570032563244, 2.1858313890087073, -0.8653964318738908], "normalizedAxes": [0.7037440538406372, 0.7104536294937134, 1.5775239547848616e-16, 0, -2.220446049250313e-16, 1, 0.7104536294937134, -0.7037440538406372, -1.5626257040338425e-16]}, "segments": [48091, 22936, 23620, 50269, 25099, 66758, 21138, 21170, 21187, 39312, 39419, 39436, 39440, 62576, 65207, 65235, 65301, 65317, 65320, 13020, 13044, 13076, 21225, 26895, 61391, 68976, 43513, 66782, 66673, 44598, 47721, 67528, 47768, 67713, 50360, 40691, 20754, 20771, 21201, 22720, 22737, 22828, 23223, 24198, 24220, 24258, 24378, 25504, 39286, 39347, 39358, 39386, 39405, 39409, 40549, 40600, 40633, 40651, 40655, 40661, 40668, 44449, 46523, 47750, 47751, 47761, 48196, 48215, 48246, 48252, 48306, 49776, 50339, 50345, 50384, 60907, 61376, 62456, 62460, 62514, 62515, 63195, 65210, 65213, 65215, 65231, 65681, 65686, 65688, 66096, 66876, 67369, 67538, 68981], "label": "chair"}, {"objectId": 8, "id": 8, "partId": 8, "index": 7, "dominantNormal": [0.980779230594635, -0.19512078166007996, -4.332551687637575e-17], "obb": {"axesLengths": [3.8935478618259167, 2.6638699174552416, 0.669686341761973], "centroid": [-1.9796046844877582, 0.7733852510559515, -0.18193498965952415], "normalizedAxes": [0.19512076675891876, 0.980779230594635, 2.177767367760619e-16, 0, -2.220446049250313e-16, 1, 0.980779230594635, -0.19512076675891876, -4.33255135676533e-17]}, "segments": [35557, 33585, 28962, 31131, 69634, 35291, 36557, 36979, 70029, 39442, 39450, 39966, 39830, 70181, 52279, 68471, 53475, 68074, 71293, 52314, 68124, 51702, 28094, 28194, 28132, 71032, 28070, 10756, 66385, 71834, 43278, 61294, 71851, 66968, 58709, 11196, 10131, 32205, 7451, 27862, 27886, 71628, 7514, 4226, 7476, 7491, 7518, 7529, 7548, 7584, 9516, 9538, 9564, 10057, 10087, 10093, 10095, 10169, 10188, 10319, 10369, 10445, 10480, 10696, 10700, 10766, 10831, 10856, 11015, 11022, 11215, 11217, 11243, 11266, 14300, 17120, 18438, 18442, 18460, 18585, 18588, 25275, 27226, 27247, 27248, 27270, 27282, 27306, 27342, 27345, 27347, 27420, 27538, 28864, 29601, 29943, 29947, 29952, 31182, 32383, 32409, 32454, 32843, 33072, 33100, 34778, 36435, 37327, 37342, 37354, 37577, 37674, 39201, 39413, 39944, 40327, 42513, 43191, 43223, 43232, 43475, 43949, 44489, 44756, 45057, 45126, 45132, 45274, 45537, 45601, 46194, 46353, 46939, 48231, 48602, 48613, 48631, 48726, 48777, 49018, 49073, 49371, 49405, 49487, 49563, 49687, 49700, 49723, 49758, 49786, 49812, 51070, 51340, 51764, 51817, 51861, 52033, 52095, 52139, 52288, 52299, 52796, 52843, 53008, 53073, 53337, 55684, 55761, 55796, 55816, 55847, 60898, 61255, 61283, 61285, 63828, 63847, 63862, 64520, 64881, 66021, 66063, 66190, 66299, 66313, 66791, 66947, 66952, 67016, 67309, 67384, 67446, 67465, 67496, 67875, 67995, 68013, 68016, 68020, 68026, 68048, 68051, 68238, 68252, 68299, 68323, 69533, 69560, 69792, 69849, 69981, 70184, 70231, 70999, 71002, 71022, 71138, 71158, 71177, 71189, 71681, 71919, 72018, 72082, 71009, 51031, 36109, 43387, 67573, 46335, 46761, 47021, 51022, 51072, 12416, 52734, 34775, 37339, 32361, 31825, 59638, 60158, 69620, 69643, 38271, 17861, 45219, 56092, 58906, 26698, 27818, 72157, 49133, 26260, 67418, 961, 963, 14278, 14279, 14290, 26209, 31843, 35819, 35848, 36301, 40334, 40340, 42477, 43511, 43953, 44249, 44262, 44344, 44579, 45400, 45438, 45697, 46237, 46355, 46512, 47098, 47121, 47804, 47849, 47858, 47898, 47907, 48299, 48334, 49165, 49345, 49820, 50395, 50400, 63831, 64682, 64686, 64788, 64791, 65063, 65078, 66486, 68287, 69761, 24652, 48390, 47755, 35957, 18514], "label": "curtain"}, {"objectId": 9, "id": 9, "partId": 9, "index": 8, "dominantNormal": [-0.16851060092449188, -0.9856998324394226, -2.1886932986868115e-16], "obb": {"axesLengths": [1.0982578735261184, 2.2503599617549774, 0.244907025792066], "centroid": [-0.029108076177068898, -1.4447825844798212, -0.2551799769406753], "normalizedAxes": [0.9856998324394226, -0.16851060092449188, -3.7416869807958416e-17, 0, -2.220446049250313e-16, 1, -0.16851060092449188, -0.9856998324394226, -2.1886932986868115e-16]}, "segments": [72840, 39113, 58167, 73144, 58101, 72717, 71587, 58822, 44149, 11138, 11841, 9313, 12109, 23374, 23616, 44157, 47048, 48841, 48849, 56150, 57435, 57525, 57574, 57595, 58814, 64685, 67041, 71448, 71451, 72618, 72911, 71486], "label": "wall"}, {"objectId": 11, "id": 11, "partId": 11, "index": 9, "dominantNormal": [0, -2.220446049250313e-16, 1], "obb": {"axesLengths": [5.443710180956234, 0.14340006984621123, 5.297726725978754], "centroid": [-0.08900811875274828, 0.39701079565755926, 1.1017000019050398], "normalizedAxes": [0.9491077661514282, 0.31495144963264465, 6.993327020424648e-17, 0, -2.220446049250313e-16, 1, 0.31495144963264465, -0.9491077661514282, -2.1074425896637288e-16]}, "segments": [42973, 7536, 58448, 45981, 780, 4426, 4852, 10563, 11102, 11355, 13985, 14220, 24000, 31972, 33305, 36816, 40207, 42096, 42171, 43706, 43744, 44441, 44609, 44693, 44709, 45248, 45294, 45454, 50950, 54406, 54635, 55845, 56631, 60181, 61266, 69108, 69233, 69382, 69406, 69465, 10240, 9748, 5600, 52356, 33174, 40093, 40311, 50876, 61281, 65046, 65048, 65056, 69088, 69092, 6741, 26968, 24597], "label": "ceiling"}, {"objectId": 12, "id": 12, "partId": 12, "index": 10, "dominantNormal": [-0.7050601243972778, -0.709147572517395, -1.5746239257316997e-16], "obb": {"axesLengths": [1.1375539380963091, 1.0657309949607174, 0.7032981779420469], "centroid": [-1.874669144010181, -0.1291360881096797, -0.8486444723283968], "normalizedAxes": [0.709147572517395, -0.7050601243972778, -1.5655479677018698e-16, 0, -2.220446049250313e-16, 1, -0.7050601243972778, -0.709147572517395, -1.5746239257316997e-16]}, "segments": [44024, 45916, 37480, 49448, 43422, 46135, 46691, 66228, 48182, 50196, 37512, 41217, 42338, 42357, 42406, 42637, 43463, 43466, 43624, 43687, 43690, 44281, 44293, 44311, 44752, 45025, 45081, 46049, 46101, 46674, 46702, 48144, 49404, 49533, 50184, 53127, 65791, 65796, 65845, 65849, 66169, 66170, 66277, 66283, 66285, 66290, 66293, 66353, 66356, 66361, 66371, 66659, 66662, 66854, 67220, 67222, 68328, 68335, 68337, 68356, 68433, 68436, 46694], "label": "chair"}, {"objectId": 13, "id": 13, "partId": 13, "index": 11, "dominantNormal": [-0.12950657308101654, -0.9915785789489746, -2.2017467381484903e-16], "obb": {"axesLengths": [1.3812241366410232, 0.8210599238933636, 0.6484598048250271], "centroid": [-1.8983218920103502, -0.905613495194842, -0.9729499413278687], "normalizedAxes": [0.9915785789489746, -0.12950657308101654, -2.875623585496901e-17, 0, -2.220446049250313e-16, 1, -0.12950657308101654, -0.9915785789489746, -2.2017467381484903e-16]}, "segments": [38985, 41584, 35308, 37735, 37747, 37754, 37755, 37775, 37806, 37828, 37846, 38992, 64910, 64913, 65816, 49950, 35488, 36026, 36648, 36654, 36659, 49965, 55269, 64931, 33839, 35768, 64255, 67140, 49044, 67052, 35799, 35392, 32979, 35764, 35792, 35851, 49214, 49241, 67541, 35886, 35926, 67043, 64948, 64972, 64627, 35777, 64681, 35805, 49299, 67074, 67078, 35903, 35836, 35868, 64624, 35817, 64893, 64889], "label": "desk"}, {"objectId": 14, "id": 14, "partId": 14, "index": 12, "dominantNormal": [0.769436240196228, -0.638723611831665, -1.4182513204545112e-16], "obb": {"axesLengths": [0.5194449198411539, 2.420000022202728, 0.35427399054079967], "centroid": [-2.4769187227600757, -0.8773765460035694, -0.13999996395118441], "normalizedAxes": [0.638723611831665, 0.769436240196228, 1.7084916596937295e-16, 0, -2.220446049250313e-16, 1, 0.769436240196228, -0.638723611831665, -1.4182513204545112e-16]}, "segments": [30826, 56059, 54724, 56027, 32020, 50926, 49351], "label": "wall"}, {"objectId": 17, "id": 17, "partId": 17, "index": 13, "dominantNormal": [0.40038585662841797, -0.9163466691970825, -2.0346983413623454e-16], "obb": {"axesLengths": [0.3518576083425257, 0.2727000652395171, 0.24707825194758362], "centroid": [-2.08986519983874, -0.8526785796702929, -1.2190199631791545], "normalizedAxes": [0.9163466095924377, 0.40038585662841797, 8.89035193526273e-17, 0, -2.220446049250313e-16, 1, 0.40038585662841797, -0.9163466095924377, -2.0346982090134474e-16]}, "segments": [47391, 50066, 47210, 47211, 47213, 47223, 47230, 47258, 47298, 47343, 47347, 47375, 47390, 47426, 50054, 66432, 66473, 66482, 66485, 67633, 47185, 47203, 66442, 47250, 47255], "label": "trash can"}, {"objectId": 19, "id": 19, "partId": 19, "index": 14, "dominantNormal": [0, -2.220446049250313e-16, 1], "obb": {"axesLengths": [0.6538538227168658, 0.5069799309898925, 0.6118987714621792], "centroid": [1.9618803327928138, 1.7689225707047866, -1.1234899322028449], "normalizedAxes": [0.8637182116508484, -0.5039750337600708, -1.1190493726333424e-16, 0, -2.220446049250313e-16, 1, -0.5039750337600708, -0.8637182116508484, -1.917839690725672e-16]}, "segments": [37112, 26502, 29824, 27581, 37180, 63940, 26482, 26503, 27575, 30157, 30233, 30314, 30326, 30389, 34276, 34311, 34427, 34450, 37236, 64115, 64120, 64332, 64335, 64352, 64359, 64420, 64479, 64482, 64722, 64724, 64730, 64745, 64578, 34346, 34396, 65785, 65787, 64767, 30430, 30353, 34302, 64460, 50722, 52637, 29079, 34489, 64383, 29122, 29173, 30088, 30143, 30293, 30477, 30489, 32614, 32633, 34290, 34376, 34384, 34436, 34441, 51956, 53202, 53206, 53273, 63932, 63955, 64154, 64399, 64404, 64474, 68364, 68403, 68385, 53212], "label": "nightstand"}, {"objectId": 20, "id": 20, "partId": 20, "index": 15, "dominantNormal": [-0.16373389959335327, -0.9865045547485352, -2.190480141158824e-16], "obb": {"axesLengths": [2.514904009969968, 2.2100699049963812, 0.3646897365266114], "centroid": [3.1133148688859453, -0.19597156219199002, -0.27503496912497893], "normalizedAxes": [0.9865045547485352, -0.16373389959335327, -3.635622904804087e-17, 0, -2.220446049250313e-16, 1, -0.16373389959335327, -0.9865045547485352, -2.190480141158824e-16]}, "segments": [3017, 2474, 2963, 36770, 55172, 2899, 2189, 11746, 52928, 58359, 23043, 24018, 73205, 23700, 73241, 17630, 62906, 61664, 17399, 18740, 17200, 17211, 17216, 17286, 17582, 18597, 18677, 18778, 23625, 23825, 23846, 24123, 24235, 24331, 24682, 24781, 24804, 24833, 24885, 24938, 24970, 24972, 25036, 57900, 57968, 61659, 61841, 61845, 62757, 62890, 62896, 62899, 62904, 62977, 72674, 22309, 23490, 24257, 25074, 18054, 17454, 17458, 61699, 61734, 17712, 60239, 11506, 56860, 52945, 2550, 1818], "label": "wall"}, {"objectId": 22, "id": 22, "partId": 22, "index": 16, "dominantNormal": [0, -2.220446049250313e-16, 1], "obb": {"axesLengths": [2.494638075566761, 0.18551200213628966, 1.7459267632397055], "centroid": [2.954931398821759, -1.1313457226051227, 0.7827560018757151], "normalizedAxes": [0.9778591394424438, -0.20926429331302643, -4.6466007333606824e-17, 0, -2.220446049250313e-16, 1, -0.20926429331302643, -0.9778591394424438, -2.1712834628982854e-16]}, "segments": [2502, 26089, 778, 29613, 38893, 46865, 26688, 68887, 51270, 14712, 61866, 53590, 53615, 30250, 30028, 63778, 54124, 54139, 250, 262, 677, 679, 685, 14678, 14683, 14771, 14786, 14797, 14803, 14824, 14830, 15946, 15950, 15966, 17332, 17337, 17421, 17435, 26084, 26394, 26559, 27146, 29166, 29818, 30368, 46835, 51518, 51555, 51613, 53532, 53566, 54004, 60189, 61473, 61852, 61854, 61858, 61860, 61873, 63807, 63810, 63813, 63819, 63823, 63870, 63872, 63875, 66375, 68908], "label": "ceiling"}, {"objectId": 23, "id": 23, "partId": 23, "index": 17, "dominantNormal": [0.015691129490733147, -0.9998769164085388, -2.2201727487759256e-16], "obb": {"axesLengths": [1.3427694203493934, 2.185714017174079, 0.7298757438566543], "centroid": [2.280097066565144, -1.529692340296527, -0.27358300001070446], "normalizedAxes": [0.9998769164085388, 0.015691129490733147, 3.484130648597349e-18, 0, -2.220446049250313e-16, 1, 0.015691129490733147, -0.9998769164085388, -2.2201727487759256e-16]}, "segments": [8684, 8515, 8867, 4516, 4557, 4568, 4638, 4646, 4650, 4668, 4688, 4705, 4726, 4730, 4735, 4750, 4762, 4783, 4789, 4805, 4831, 4833, 5201, 5203, 5433, 5986, 6201, 6969, 6974, 7166, 8107, 8126, 8132, 8135, 8147, 8174, 8219, 8240, 8283, 8296, 8305, 8327, 8468, 8476, 8485, 8512, 8530, 8534, 8555, 8557, 8565, 8566, 8577, 8634, 8652, 8659, 8663, 8667, 8674, 8675, 8679, 8736, 8749, 8768, 8805, 8907, 8931, 8949, 8954, 8957, 8962, 8964, 8974, 8999, 9020, 9030, 9041, 9046, 9058, 9079, 9110, 9136, 9141, 9155, 19289, 19335, 19350, 23280, 23288, 60350, 60353, 60362, 60371, 60373, 60378, 60387, 60409, 60411, 60508, 60724, 60725, 60961, 60971, 60980, 60983, 60986, 60989, 61039, 61040, 61042, 61055, 61064, 61066, 62005, 62980, 62987, 23277, 6357, 6431, 6517, 7200, 7208, 7255, 9102, 19369, 19411, 19422, 19427, 19441, 19450, 19454, 19487, 23314, 23336, 23342, 23358, 23403, 23412, 23416, 23467, 23476, 23488, 23492, 23530, 23557, 23568, 60749, 60756, 60763, 62128, 62136, 62140, 62149, 63000, 63001, 63010, 63115, 23870, 6539, 7116, 19493, 19499, 19502, 19510, 19542, 19555, 20047, 20344, 22342, 22358, 22379, 22391, 22418, 22427, 22429, 22435, 22456, 22585, 22586, 22607, 22626, 22629, 22641, 23840, 23894, 23921, 60653, 60824, 62160, 62211, 62750, 62758, 62762, 62823, 62832, 62836, 62838, 62857, 62861, 63128, 63135, 63172, 40748, 4498, 5959, 6179, 7302, 7807, 7850, 7898, 7941, 19523, 19738, 19843, 19868, 19936, 20027, 20031, 20080, 20102, 20159, 20176, 20212, 20227, 20231, 20253, 20276, 20323, 20330, 20333, 20365, 20371, 21794, 21796, 21812, 21844, 21873, 28491, 31213, 60384, 62181, 62187, 62203, 62218, 62248, 62257, 62259, 62261, 62401, 31045, 62353, 60926, 5941, 3205, 3219, 3227, 3229, 3232, 4404, 4667, 4844, 4931, 4943, 4944, 4956, 4976, 4984, 5011, 5140, 5141, 5150, 5155, 5159, 5187, 5237, 5243, 5288, 5294, 5325, 5341, 5345, 5348, 5352, 5375, 5376, 5549, 5551, 5570, 5592, 5659, 5670, 5680, 5682, 5703, 5720, 5751, 5753, 5833, 5856, 6035, 6202, 6315, 6335, 6338, 6344, 6392, 6404, 6413, 6432, 6458, 6477, 6483, 6488, 6505, 6554, 6558, 6582, 6774, 6805, 6810, 6840, 6861, 6931, 7100, 7107, 7125, 7272, 7295, 7327, 7786, 7827, 7951, 7959, 13244, 13253, 20205, 20304, 20310, 22249, 22524, 27525, 27611, 28384, 28434, 29857, 29861, 30739, 30762, 60395, 60407, 60415, 60453, 60470, 60482, 60487, 60589, 60608, 60633, 60727, 60733, 60741, 60743, 60754, 60760, 60766, 60769, 60770, 60772, 60812, 60818, 60840, 60945, 60949, 62441, 62706, 62734, 63236, 63266, 63417, 63450, 63825, 63967, 6523, 6565, 6568, 28052, 28130, 28200, 62787, 67940], "label": "cabinet"}, {"objectId": 24, "id": 24, "partId": 24, "index": 18, "dominantNormal": [0.4026396572589874, -0.9153585433959961, -2.0325042613311608e-16], "obb": {"axesLengths": [0.6494577251808576, 0.4200000073015686, 0.36452591450771427], "centroid": [2.1598136471852682, -1.0792306429967164, -1.1599999518812434], "normalizedAxes": [0.9153585433959961, 0.4026396870613098, 8.940397024066678e-17, 0, -2.220446049250313e-16, 1, 0.4026396870613098, -0.9153585433959961, -2.0325042613311608e-16]}, "segments": [33344, 33276, 33280, 43087, 63972, 31023, 33289, 43070, 65966, 42286, 43105, 65962, 65943, 43030, 42201, 42795, 65960], "label": "object"}, {"objectId": 25, "id": 25, "partId": 25, "index": 19, "dominantNormal": [0.9945394396781921, 0.10436126589775085, 2.317285605574223e-17], "obb": {"axesLengths": [0.7408002676450812, 0.7054099878949671, 0.5667261929848437], "centroid": [1.051765442594658, -1.428364334642908, -0.9827049564830572], "normalizedAxes": [-0.10436125844717026, 0.9945394396781921, 2.2083211696570618e-16, 0, -2.220446049250313e-16, 1, 0.9945394396781921, 0.10436125844717026, 2.3172854401381006e-17]}, "segments": [48424, 38524, 48417, 50561, 25215, 40909, 40930, 41356, 48443, 67831, 67838, 71557, 41915, 40903, 41337, 41936, 41978, 65718, 65828, 67852, 38491, 65709, 25184, 32098, 41371, 65813, 67684, 67730, 67804, 40941, 38600, 40946, 65738, 65773, 65779], "label": "clothes"}, {"objectId": 26, "id": 26, "partId": 26, "index": 20, "dominantNormal": [0.9785637259483337, -0.20594434440135956, -4.5728830589144466e-17], "obb": {"axesLengths": [1.4280722130195502, 1.499999966472387, 0.20772844256277712], "centroid": [4.136145926982444, -1.2308311857310832, 0.06000001965753854], "normalizedAxes": [0.20594432950019836, 0.9785637259483337, 2.1728479592216437e-16, 0, -2.220446049250313e-16, 1, 0.9785637259483337, -0.20594432950019836, -4.5728827280422016e-17]}, "segments": [25634, 59787, 20396, 20523, 19121, 20349, 20567, 20573, 20615, 21213, 21308, 21855, 25388, 25400, 28601, 28887, 28939, 59659, 62185, 59897, 51290, 14880, 21250, 29517, 16204, 16219, 29525, 29103, 18053, 17513, 17934, 17973, 18004, 18041, 26806, 26973, 27025, 27099, 28594, 28825, 28880, 29008, 29058, 61926, 61934, 61942, 63639, 18095, 27037, 28935, 63629], "label": "wall"}, {"objectId": 33, "id": 33, "partId": 33, "index": 26, "dominantNormal": [-0.22162777185440063, -0.9751313328742981, -2.1652265155809271e-16], "obb": {"axesLengths": [0.7349072013730275, 0.7704599923537669, 0.4072515331322396], "centroid": [-1.9884346576101475, 0.15755581833824517, -0.9952299782329779], "normalizedAxes": [0.9751313328742981, -0.22162777185440063, -4.921125104182536e-17, 0, -2.220446049250313e-16, 1, -0.22162777185440063, -0.9751313328742981, -2.1652265155809271e-16]}, "segments": [45540, 66573, 45445, 66195, 66198, 66202, 66204, 45608, 37454, 45567, 47480, 47499, 47507, 66552, 67225, 49474, 45499, 45552, 47488, 49502, 49522, 49572, 66206, 66173, 45054], "label": "table"}, {"objectId": 34, "id": 34, "partId": 34, "index": 27, "dominantNormal": [0, -2.220446049250313e-16, 1], "obb": {"axesLengths": [0.797013622680857, 0.3476980250843309, 0.5529173607052227], "centroid": [-1.9361622617802992, 0.1116672972311589, -0.5495039809726012], "normalizedAxes": [-0.4713514745235443, 0.8819454312324524, 1.9583122484344626e-16, 0, -2.220446049250313e-16, 1, 0.8819454312324524, 0.4713514745235443, 1.0466105194141136e-16]}, "segments": [42621, 45003, 42363, 41165, 42625, 42634, 66036, 42399, 42367, 41267], "label": "clothes"}, {"objectId": 35, "id": 35, "partId": 35, "index": 28, "dominantNormal": [0.6055923700332642, -0.7957749962806702, -1.7669754465835967e-16], "obb": {"axesLengths": [0.2305053604219079, 0.6097979819074721, 0.12801683368183311], "centroid": [-1.422710465682448, -1.1717782959375147, -0.2647779729759381], "normalizedAxes": [0.7957749962806702, 0.6055923700332642, 1.344685185496495e-16, 0, -2.220446049250313e-16, 1, 0.6055923700332642, -0.7957749962806702, -1.7669754465835967e-16]}, "segments": [38330, 35092, 37955, 37986, 37989, 38041, 38043, 38059, 38310, 55390, 65165, 65167, 65170, 70764, 70880, 35110, 38235, 55394, 55354, 35156, 38053, 38107, 55360, 55404, 55407, 65081, 70873, 70887, 55402, 38214, 38335, 65094, 35209, 35237], "label": "item"}, {"objectId": 36, "id": 36, "partId": 36, "index": 29, "dominantNormal": [-0.20596468448638916, -0.9785594344139099, -2.172838430100987e-16], "obb": {"axesLengths": [0.7116290189048369, 0.5452739772511872, 0.14351779967218986], "centroid": [-0.005264645453809003, -1.4612578043101363, -0.08263697664215286], "normalizedAxes": [0.9785594344139099, -0.20596468448638916, -4.5733346995289006e-17, 0, -2.220446049250313e-16, 1, -0.20596468448638916, -0.9785594344139099, -2.172838430100987e-16]}, "segments": [58713, 57786, 57186, 57277, 57509, 27913, 27933, 57092, 57506, 57511, 57541, 57544, 57550, 57555, 57584, 58507, 58509, 58524, 58525, 58548, 71562, 72743, 72793], "label": "tv"}, {"objectId": 37, "id": 37, "partId": 37, "index": 30, "dominantNormal": [0, -2.220446049250313e-16, 1], "obb": {"axesLengths": [0.31762657951897766, 0.06063008172891848, 0.26267087552156726], "centroid": [0.5045239855749427, -1.1668552128991652, -1.3499749411023023], "normalizedAxes": [0.19476282596588135, 0.980850338935852, 2.1779252599959432e-16, 0, -2.220446049250313e-16, 1, 0.980850338935852, -0.19476282596588135, -4.324603474567675e-17]}, "segments": [18392], "label": "item"}, {"objectId": 38, "id": 38, "partId": 38, "index": 31, "dominantNormal": [-0.1664094626903534, -0.9860567450523376, -2.1894858038880863e-16], "obb": {"axesLengths": [0.7788591762470701, 0.6999999724328521, 0.1934179490109023], "centroid": [-0.01774658869432688, -1.4458973369473906, -0.799999945622756], "normalizedAxes": [0.9860567450523376, -0.1664094775915146, -3.695032670758871e-17, 0, -2.220446049250313e-16, 1, -0.1664094775915146, -0.9860567450523376, -2.1894858038880863e-16]}, "segments": [58622, 35788, 29060, 21027, 20768, 71497, 9263, 28298, 28290, 57798, 37455, 33066], "label": "shelf"}, {"objectId": 39, "id": 39, "partId": 39, "index": 32, "dominantNormal": [-0.040851227939128876, -0.9991652369499207, -2.2185925029337043e-16], "obb": {"axesLengths": [0.8598523432131506, 1.0944300347321467, 0.4148958723278549], "centroid": [-1.3963191081754531, 2.4776607119945395, -0.8372149839249607], "normalizedAxes": [0.9991652369499207, -0.040851227939128876, -9.070794768446272e-18, 0, -2.220446049250313e-16, 1, -0.040851227939128876, -0.9991652369499207, -2.2185925029337043e-16]}, "segments": [54321, 54297, 65528, 40638, 68961, 21276], "label": "heater"}, {"objectId": 40, "id": 40, "partId": 40, "index": 33, "dominantNormal": [0.8901084065437317, -0.45574891567230225, -1.0119658792546776e-16], "obb": {"axesLengths": [0.3521941166820854, 0.3320558946865224, 0.15533305902172348], "centroid": [2.062532899159293, 1.8406594477450313, -0.14397202949742693], "normalizedAxes": [0.45574888586997986, 0.8901084065437317, 1.9764376947145206e-16, 0, -2.220446049250313e-16, 1, 0.8901084065437317, -0.45574888586997986, -1.0119658130802286e-16]}, "segments": [1377, 1391, 1034, 1390, 1485, 2417, 2409], "label": "lamp"}, {"objectId": 41, "id": 41, "partId": 41, "index": 34, "dominantNormal": [0.9710959792137146, 0.23868925869464874, 5.2999662146701874e-17], "obb": {"axesLengths": [0.19730101017952426, 0.31690180524658085, 0.12201676592129447], "centroid": [-0.7556924960577407, 2.2865916201478615, -0.14218208529102427], "normalizedAxes": [-0.23868925869464874, 0.9710959792137146, 2.1562662304879567e-16, 0, -2.220446049250313e-16, 1, 0.9710959792137146, 0.23868925869464874, 5.2999662146701874e-17]}, "segments": [60672, 60691, 60615, 3652, 3688, 60708], "label": "lamp"}, {"objectId": 42, "id": 42, "partId": 42, "index": 35, "dominantNormal": [0, -2.220446049250313e-16, 1], "obb": {"axesLengths": [0.6350056534577937, 0.28238498533401657, 0.46568958153767787], "centroid": [1.1616820742241651, 1.8316564363578782, -0.7511924747231028], "normalizedAxes": [0.9973344802856445, 0.07296556979417801, 1.6201611118078054e-17, 0, -2.220446049250313e-16, 1, 0.07296556979417801, -0.9973344802856445, -2.2145274065313737e-16]}, "segments": [25847, 63462, 24512, 16938, 63504, 25844], "label": "pillow"}, {"objectId": 43, "id": 43, "partId": 43, "index": 36, "dominantNormal": [0, -2.220446049250313e-16, 1], "obb": {"axesLengths": [0.6641272908619243, 0.16073798774023373, 0.4535922440707352], "centroid": [0.08416916284437903, 1.9917184353614852, -0.804551982044829], "normalizedAxes": [0.9897562265396118, -0.14276768267154694, -3.170079369486588e-17, 0, -2.220446049250313e-16, 1, -0.14276768267154694, -0.9897562265396118, -2.197700302940779e-16]}, "segments": [35348, 60853, 64267, 64278, 7407, 60882], "label": "pillow"}, {"objectId": 44, "id": 44, "partId": 44, "index": 37, "dominantNormal": [0, -2.220446049250313e-16, 1], "obb": {"axesLengths": [1.3052245265525009, 0.1800000031292437, 1.2631293671140096], "centroid": [0.005004922757452235, 1.1136920239038446, -0.7999999456227559], "normalizedAxes": [-0.03834192827343941, 0.999264657497406, 2.2188132608955824e-16, 0, -2.220446049250313e-16, 1, 0.999264657497406, 0.03834192827343941, 8.513618315539741e-18]}, "segments": [44851, 21393, 36350, 19617, 46754, 61636, 15362, 64709, 64695, 15701], "label": "blanket"}, {"objectId": 45, "id": 45, "partId": 45, "index": 38, "dominantNormal": [0, -2.220446049250313e-16, 1], "obb": {"axesLengths": [0.9218259278998138, 0.401127985094607, 0.8046471831631291], "centroid": [0.8775478136472861, 0.36512088927138475, -0.7002939537221778], "normalizedAxes": [0.5416787266731262, 0.8405856490135193, 1.8664750834085792e-16, 0, -2.220446049250313e-16, 1, 0.8405856490135193, -0.5416787266731262, -1.2027683886042833e-16]}, "segments": [74574, 61489, 74417, 74487, 58936, 59943, 15042, 71383, 15709, 58914, 59992, 61491, 74527, 74532, 15474, 59389, 15468, 16010, 74401, 15135, 15127, 74442, 60059, 60069, 53687, 53648, 53695, 16039, 61596, 61607, 60040, 72697], "label": "blanket"}], "scan_id": "4e858c81-fd93-2cb4-8469-d9226116b5de", "annId": "5593", "appId": "stk.v1"}