{"segGroups": [{"objectId": 1, "id": 1, "partId": 1, "index": 0, "dominantNormal": [0, -2.220446049250313e-16, 1], "obb": {"axesLengths": [10.639794904713542, 0.2645000160224731, 6.4533619356087195], "centroid": [2.5551958353088953, 1.7549593583918914, -1.4577500997241581], "normalizedAxes": [0.999602735042572, -0.028184683993458748, -6.258257022264401e-18, 0, -2.220446049250313e-16, 1, -0.028184683993458748, -0.999602735042572, -2.2195639438450865e-16]}, "segments": [7062, 247, 2449, 2465, 4796, 5246, 5286, 5308, 5314, 5440, 6535, 6559, 7324, 7338, 7364, 7586, 7837, 7846, 7859, 7861, 7869, 7886, 8032, 9269, 9283, 9295, 9318, 9323, 9355, 9366, 9375, 9379, 9773, 9816, 9850, 9939, 10161, 10317, 10575, 10591, 10634, 10766, 11359, 11430, 11446, 11477, 11516, 11542, 11573, 11582, 11608, 11616, 11628, 11745, 11746, 11747, 11760, 11762, 11768, 11783, 11825, 11832, 11860, 11988, 11996, 12017, 12020, 12041, 12053, 12084, 12131, 12152, 12500, 12618, 12679, 13120, 14118, 14134, 14216, 14903, 15570, 18837, 19708, 19744, 19770, 20202, 20679, 20750, 21342, 22108, 23924, 23941, 25632, 26895, 27020, 28797, 30737, 30916, 31181, 31256, 31274, 31276, 31306, 31323, 31388, 35638, 35666, 35682, 35885, 35967, 36246, 36711, 37507, 37516, 37528, 37578, 37584, 37596, 41069, 41551, 41606, 42287, 43523, 43560, 44534, 44551, 44659, 45545, 47006, 47068, 47454, 47498, 47505, 47509, 47587, 47620, 47655, 48805, 48823, 48847, 48864, 48915, 48984, 48992, 48995, 50041, 50863, 50873, 50879, 50884, 50890, 50897, 52589, 53656, 53728, 54574, 54601, 54637, 54652, 54657, 54659, 55269, 55703, 55940, 56153, 56380, 56852, 57106, 57574, 57612, 57666, 57668, 57678, 57684, 57698, 57712, 57729, 57930, 57943, 57949, 58055, 58168, 58184, 58191, 58198, 58309, 58784, 58918, 59105, 59107, 59221, 59672, 60149, 60153, 60183, 60215, 60218, 60220, 60222, 60234, 60444, 60456, 60472, 60503, 60542, 60553, 60684, 60901, 60920, 60935, 60957, 60958, 60999, 61031, 61062, 61134, 61171, 61529, 61536, 61537, 61552, 61560, 61618, 61640, 61643, 61686, 61721, 61722, 61733, 61738, 61766, 61778, 62005, 62332, 62423, 62433, 62830, 63428, 63441, 63521, 63522, 63540, 63552, 63557, 63559, 63582, 63590, 63644, 63650, 63657, 63660, 63662, 63667, 63714, 63749, 63778, 63831, 63875, 63895, 63918, 63921, 64944, 64957, 64960, 64999, 65063, 65148, 65289, 65295, 65302, 65338, 65412, 65484, 65493, 65498, 65500, 65528, 68240, 68245, 68248, 68573, 68574, 70946, 70953, 71152, 72717, 73882, 73888, 73963, 74162, 74168, 74171, 74172, 74179, 74191, 74224, 74230, 74241, 74317, 74350, 74354, 74500, 74501, 74507, 74776, 74784, 75841, 59697, 61960, 7915, 7995, 7996, 9692, 19778, 19779, 19783, 19788, 31344, 31354, 31375, 44526, 44560, 47109, 47111, 47561, 49008, 56302, 61120, 61128, 61149, 61157, 61677, 61693, 61711, 61742, 61755, 61770, 61783, 61798, 61801, 61823, 65153, 65155, 65818, 70174, 70941, 70966, 71155, 71160, 74513, 57808, 10503, 2317, 2417, 783, 734, 914, 1305, 1991, 2101, 2195, 2307, 4757, 4869, 5122, 11075, 11106, 11137, 11160, 11223, 15963, 58483, 65118, 65120, 65123, 75260, 58000, 50157, 56636, 56657, 56664, 56795, 57840, 72686, 74531, 63398, 32366, 31441, 974, 32332, 53923, 53933, 54296, 54447, 72706, 72709, 74562, 1149], "label": "floor"}, {"objectId": 2, "id": 2, "partId": 2, "index": 1, "dominantNormal": [0.09397847205400467, -0.9955742359161377, -2.210618878875387e-16], "obb": {"axesLengths": [8.77570698664982, 3.506409924334064, 0.2410192806652945], "centroid": [1.8824701216200672, 3.57960542603115, 0.2767948539526386], "normalizedAxes": [0.9955742359161377, 0.09397846460342407, 2.0867411044328337e-17, 0, -2.220446049250313e-16, 1, 0.09397846460342407, -0.9955742359161377, -2.210618878875387e-16]}, "segments": [51094, 46631, 19852, 18545, 18277, 13044, 51775, 45278, 29241, 30461, 30315, 51977, 26400, 26138, 21262, 6041, 8802, 9226, 9227, 10207, 10232, 10257, 11122, 11919, 12757, 12774, 16058, 16061, 17770, 18066, 19992, 20893, 22280, 23045, 23188, 23201, 23893, 24391, 24422, 24784, 24885, 25016, 25035, 26017, 26025, 26897, 27107, 27161, 28665, 28702, 29996, 30236, 30389, 30990, 33685, 36600, 36648, 36691, 39067, 39165, 39190, 39210, 39267, 39379, 39612, 39897, 39972, 40511, 40578, 42275, 42377, 42380, 42463, 42716, 45889, 45891, 47746, 47760, 48606, 49346, 49481, 50012, 50682, 51222, 51241, 51293, 51295, 51337, 51635, 51724, 53458, 55243, 58741, 61326, 61407, 66119, 66121, 66470, 68780, 68972, 69033, 69036, 69038, 70436, 70441, 70458, 70461, 70463, 70484, 71063, 71116, 71632, 71743, 71846, 71962, 74034, 8702, 37135, 39593, 45969, 6273, 54111, 43704, 58453, 24042, 24684, 45928, 28642, 48573], "label": "wall"}, {"objectId": 3, "id": 3, "partId": 3, "index": 2, "dominantNormal": [0.08846791088581085, -0.9960790276527405, -2.211739741692621e-16], "obb": {"axesLengths": [1.6685342078763392, 0.8999999653548005, 0.1925566972257514], "centroid": [0.17766157674443184, 3.447220207395672, 0.4399998732283712], "normalizedAxes": [0.9960790276527405, 0.08846791088581085, 1.9643822321182747e-17, 0, -2.220446049250313e-16, 1, 0.08846791088581085, -0.9960790276527405, -2.211739741692621e-16]}, "segments": [34070, 14012, 34108, 24715, 33360, 33545, 13960, 23105, 24440, 24446, 24461, 24468, 24478, 24582, 24584, 33888, 33926, 33952, 36009, 39578, 39620, 39627, 39781, 42414, 51290, 68396, 69054, 71310, 71828, 71829, 71834, 71843, 72363, 71328, 33901, 21942, 24437, 29973, 33834, 39581, 39582, 39692, 49680, 49712, 49717, 68395, 69062, 69065, 69071, 71249, 71269, 71285, 72256], "label": "tv"}, {"objectId": 4, "id": 4, "partId": 4, "index": 3, "dominantNormal": [0.8015673756599426, 0.5979044437408447, 1.3276145599335648e-16], "obb": {"axesLengths": [0.9832278785271455, 1.0842469986323935, 0.8698899296308107], "centroid": [0.05066713520328969, 1.4094004818573902, -0.8667766015952116], "normalizedAxes": [-0.5979044437408447, 0.8015673756599426, 1.7798371124920612e-16, 0, -2.220446049250313e-16, 1, 0.8015673756599426, 0.5979044437408447, 1.3276145599335648e-16]}, "segments": [41750, 72545, 37277, 35478, 22080, 26447, 26483, 23747, 26636, 67404, 36765, 38370, 38653, 38644, 41726, 68285, 22520, 49524, 49576, 22547, 25787, 26537, 26642, 26664, 32771, 32856, 32903, 49592, 53154, 66554, 68555, 26131, 25786, 36427, 48732, 26443, 67184, 26653, 28766, 38678, 67181, 67188, 67818, 70681], "label": "armchair"}, {"objectId": 5, "id": 5, "partId": 5, "index": 4, "dominantNormal": [-0.22797174751758575, -0.9736677408218384, -2.1619766883903288e-16], "obb": {"axesLengths": [0.9811615795161526, 1.0443619852283148, 0.8397714847569238], "centroid": [1.0179948779302477, 1.9500213137454934, -0.8468590990410974], "normalizedAxes": [0.9736677408218384, -0.22797174751758575, -5.0619896611611316e-17, 0, -2.220446049250313e-16, 1, -0.22797174751758575, -0.9736677408218384, -2.1619766883903288e-16]}, "segments": [68453, 28992, 23601, 28299, 20498, 66213, 16814, 67288, 25081, 22425, 22156, 19619, 20502, 24000, 24087, 28361, 32120, 32129, 32196, 32228, 65813, 68325, 68330, 68333, 69944, 70157, 32264, 34545, 31949, 32030, 32539, 68378, 28516, 22246, 20632, 19661, 69967, 70013, 34586], "label": "armchair"}, {"objectId": 6, "id": 6, "partId": 6, "index": 5, "dominantNormal": [0, -2.220446049250313e-16, 1], "obb": {"axesLengths": [1.0138262488430314, 0.44828998040504775, 0.7922792882615206], "centroid": [3.8979618966266365, 2.3092803945760143, -1.265855095926188], "normalizedAxes": [0.8134041428565979, 0.581699013710022, 1.291631276845222e-16, 0, -2.220446049250313e-16, 1, 0.581699013710022, -0.8134041428565979, -1.80612001544977e-16]}, "segments": [6438, 7611, 6420, 6446, 65258, 7759, 6730, 65217, 6644, 6715, 7997, 55852, 58865, 64962, 65145, 65227, 65281, 65284, 66418, 66422, 75965, 65315, 4977, 7937, 6902], "label": "stool"}, {"objectId": 7, "id": 7, "partId": 7, "index": 6, "dominantNormal": [0, -2.220446049250313e-16, 1], "obb": {"axesLengths": [0.9905773740121329, 0.43552993754603114, 0.7747946217683629], "centroid": [1.973426048783932, 0.9284319557821882, -1.2543151005138082], "normalizedAxes": [0.08612997084856033, 0.9962838888168335, 2.212194624855076e-16, 0, -2.220446049250313e-16, 1, 0.9962838888168335, -0.08612997084856033, -1.9124695349273043e-17]}, "segments": [65677, 20054, 65644, 17730, 18261, 65671, 15469, 16728, 15463, 15481, 16700, 49938, 65556, 50827], "label": "stool"}, {"objectId": 8, "id": 8, "partId": 8, "index": 7, "dominantNormal": [0.9804453253746033, -0.19679176807403564, -4.3696550394497634e-17], "obb": {"axesLengths": [0.8985431024803324, 1.0399999684095387, 0.7999890263166054], "centroid": [3.907240556238092, 0.9550497233273564, -0.8500000998377799], "normalizedAxes": [0.19679176807403564, 0.9804453253746033, 2.1770259492339756e-16, 0, -2.220446049250313e-16, 1, 0.9804453253746033, -0.19679176807403564, -4.3696550394497634e-17]}, "segments": [3422, 5752, 4722, 5381, 64933, 30170, 64731, 5698, 5452, 64714, 5821, 65069, 5267, 5850, 843, 875, 3492, 5627, 5824, 5908, 6171, 6227, 7224, 7292, 7296, 21319, 21326, 21336, 64758, 64916, 65012, 65102, 65110], "label": "armchair"}, {"objectId": 9, "id": 9, "partId": 9, "index": 8, "dominantNormal": [0, -2.220446049250313e-16, 1], "obb": {"axesLengths": [0.4891146074024957, 0.43220006453543736, 0.500243022720551], "centroid": [5.233373961611768, 2.2067769557120562, -1.2356600988136233], "normalizedAxes": [0.6907530426979065, 0.7230907082557678, 1.6055839063961304e-16, 0, -2.220446049250313e-16, 1, 0.7230907082557678, -0.6907530426979065, -1.5337798646661993e-16]}, "segments": [72903, 3051, 2791, 47015, 2116, 56225], "label": "cube"}, {"objectId": 10, "id": 10, "partId": 10, "index": 9, "dominantNormal": [0, -2.220446049250313e-16, 1], "obb": {"axesLengths": [0.46690396832673425, 0.43366991504274477, 0.47512668038858347], "centroid": [5.172350774302814, 0.8534766408091934, -1.236425064807572], "normalizedAxes": [-0.6840030550956726, 0.7294791340827942, 1.6197690612846798e-16, 0, -2.220446049250313e-16, 1, 0.7294791340827942, 0.6840030550956726, 1.5187918813623305e-16]}, "segments": [3204, 3222, 3623, 3667, 3664, 35201, 64408], "label": "cube"}, {"objectId": 11, "id": 11, "partId": 11, "index": 10, "dominantNormal": [0, -2.220446049250313e-16, 1], "obb": {"axesLengths": [0.5410302482296984, 0.43326007351442986, 0.5365576451846324], "centroid": [4.675287408581687, 0.35414866717084736, -1.2382000910893083], "normalizedAxes": [0.9367241263389587, -0.35006844997406006, -7.773081067120825e-17, 0, -2.220446049250313e-16, 1, -0.35006844997406006, -0.9367241263389587, -2.079945385566792e-16]}, "segments": [2227, 64363, 4777, 3590, 3677, 2264], "label": "cube"}, {"objectId": 12, "id": 12, "partId": 12, "index": 11, "dominantNormal": [0, -2.220446049250313e-16, 1], "obb": {"axesLengths": [0.5438499123551351, 0.43290995583884495, 0.5561634471539314], "centroid": [5.923737784745451, 1.3253622991353473, -1.2345751154890279], "normalizedAxes": [0.6765655875205994, 0.7363823652267456, 1.6350973136053284e-16, 0, -2.220446049250313e-16, 1, 0.7363823652267456, -0.6765655875205994, -1.5022773858688318e-16]}, "segments": [64172, 14785, 1138, 10713, 8377], "label": "cube"}, {"objectId": 13, "id": 13, "partId": 13, "index": 12, "dominantNormal": [0, -2.220446049250313e-16, 1], "obb": {"axesLengths": [0.6208439282170457, 0.4513699907503277, 0.597522055936057], "centroid": [0.8113142235355633, 0.012154260637713632, -1.2368551123100144], "normalizedAxes": [0.731948971748352, -0.6813594698905945, -1.5129219430378582e-16, 0, -2.220446049250313e-16, 1, -0.6813594698905945, -0.731948971748352, -1.6252532025714573e-16]}, "segments": [28891, 23963, 67203, 28159, 28229, 66175], "label": "cube"}, {"objectId": 14, "id": 14, "partId": 14, "index": 13, "dominantNormal": [0, -2.220446049250313e-16, 1], "obb": {"axesLengths": [0.5671614903743353, 0.4465100665425492, 0.5616253874699035], "centroid": [0.3825386886887254, 0.4444506016828378, -1.2325350869625435], "normalizedAxes": [0.9939630627632141, 0.10971538722515106, 2.4361709810605495e-17, 0, -2.220446049250313e-16, 1, 0.10971538722515106, -0.9939630627632141, -2.2070413558133198e-16]}, "segments": [33122, 23650, 29164, 69688, 33150, 43893, 30499], "label": "cube"}, {"objectId": 15, "id": 15, "partId": 15, "index": 14, "dominantNormal": [0, -2.220446049250313e-16, 1], "obb": {"axesLengths": [0.72109137011253, 0.4007600456306326, 0.6800310678507476], "centroid": [0.9373886690272848, 1.0945351932881047, -1.2624300939046593], "normalizedAxes": [0.6129376292228699, 0.7901312708854675, 1.7544438588267653e-16, 0, -2.220446049250313e-16, 1, 0.7901312708854675, -0.6129376292228699, -1.3609949372447747e-16]}, "segments": [17789, 17324, 17315, 17355, 17366, 17379, 17637, 17813, 18678, 18705, 24794, 65595, 65618, 65627, 70288, 70348, 69222, 24803, 28470, 40835, 46427, 46448, 66237, 69214, 69228, 66914, 70568, 17602], "label": "table"}, {"objectId": 16, "id": 16, "partId": 16, "index": 15, "dominantNormal": [0, -2.220446049250313e-16, 1], "obb": {"axesLengths": [0.7152844369299097, 0.5861089694624622, 0.708952775235489], "centroid": [4.646050715726608, 1.576731571305634, -1.1686655822694565], "normalizedAxes": [0.6311480402946472, 0.7756624221801758, 1.7223165608818997e-16, 0, -2.220446049250313e-16, 1, 0.7756624221801758, -0.6311480402946472, -1.4014301725643268e-16]}, "segments": [2621, 3994, 3879, 3893, 3913, 3930, 3974, 4066, 9247, 64514, 64088, 64118, 73, 503, 1257, 1366, 1958, 2648, 4172, 4191, 4198, 4201, 4431, 4468, 5507, 6052, 6100, 9766, 64312, 64550, 64562, 64565, 64567, 64605, 64834, 64855, 4389, 2462, 509, 5518, 64205], "label": "table"}, {"objectId": 17, "id": 17, "partId": 17, "index": 16, "dominantNormal": [0.9675779342651367, -0.25257259607315063, -5.608238230995225e-17], "obb": {"axesLengths": [0.4189834860102029, 0.7400000526010978, 0.3928900200966802], "centroid": [5.565788150545071, 3.3034602048241615, -1.0800000988692045], "normalizedAxes": [0.25257259607315063, 0.9675779342651367, 2.148454601480802e-16, 0, -2.220446049250313e-16, 1, 0.9675779342651367, -0.25257259607315063, -5.608238230995225e-17]}, "segments": [57865, 57117, 57152, 57088, 57200, 57305, 57309, 57338, 72966, 72999, 73019, 73026, 73028, 73034, 73916, 56861, 56802, 57108], "label": "stool"}, {"objectId": 18, "id": 18, "partId": 18, "index": 17, "dominantNormal": [0.9413856267929077, -0.3373323976993561, -7.490283897556706e-17], "obb": {"axesLengths": [0.40336261413869623, 0.7470829915907307, 0.3818106375756281], "centroid": [3.452007201839413, 3.110638663784693, -1.083538588131849], "normalizedAxes": [0.3373323976993561, 0.9413856267929077, 2.0902959958333416e-16, 0, -2.220446049250313e-16, 1, 0.9413856267929077, -0.3373323976993561, -7.490283897556706e-17]}, "segments": [55091, 54740, 72720, 72803, 72818, 72783, 55160, 54836, 54997, 55005, 72791, 72870, 72874], "label": "stool"}, {"objectId": 19, "id": 19, "partId": 19, "index": 18, "dominantNormal": [0.9776439666748047, 0.21026712656021118, 4.668868104578365e-17], "obb": {"axesLengths": [0.37007352434329965, 0.5394120095801647, 0.3742941203561609], "centroid": [1.4055176408005001, 2.9277494246357088, -0.9785540984149126], "normalizedAxes": [0.9776439666748047, 0.21026712656021118, 4.668868104578365e-17, 0, -2.220446049250313e-16, 1, 0.21026712656021118, -0.9776439666748047, -2.1708056833764748e-16]}, "segments": [43227, 43488, 43239, 43465, 69877, 44348, 44252, 40902, 43503, 70117, 44285, 70060, 44290, 40936, 43276, 43484, 44239, 70062, 69900], "label": "stool"}, {"objectId": 20, "id": 20, "partId": 20, "index": 19, "dominantNormal": [0.5062336921691895, -0.8623963594436646, -1.914904589214538e-16], "obb": {"axesLengths": [0.4821348004187379, 1.0000000074505802, 0.4250944538565641], "centroid": [2.657021189230627, 3.533321789873306, -0.9700001019239424], "normalizedAxes": [0.8623963594436646, 0.5062336921691895, 1.1240646017744759e-16, 0, -2.220446049250313e-16, 1, 0.5062336921691895, -0.8623963594436646, -1.914904589214538e-16]}, "segments": [16450, 14630, 16488, 72407, 13237, 14653, 14674, 46254, 51519, 71350, 72453, 52891, 50695, 52841, 52878, 52893, 52835], "label": "stool"}, {"objectId": 21, "id": 21, "partId": 21, "index": 20, "dominantNormal": [0.10204369574785233, -0.9947799444198608, -2.208855197460526e-16], "obb": {"axesLengths": [7.13081161041698, 1.1144599963472777, 0.5906910501751711], "centroid": [2.729223900377817, 3.5925351927948155, -0.9072300942861293], "normalizedAxes": [0.9947799444198608, 0.10204369574785233, 2.2658252107421967e-17, 0, -2.220446049250313e-16, 1, 0.10204369574785233, -0.9947799444198608, -2.208855197460526e-16]}, "segments": [21072, 51079, 15957, 14363, 23835, 6972, 14512, 71406, 13507, 71393, 71484, 71026, 17943, 74096, 74085, 18804, 71941, 39387, 13157, 22814, 20070, 47327, 47191, 40184, 45812, 40220, 65465, 10678, 10577, 48194, 47219, 8592, 68678, 15891, 50389, 18102, 18133, 65520, 50499, 71577, 40272, 8788, 47250, 70723, 41697, 45821, 45284, 45866, 71735, 13957, 65547, 7329, 7243, 7251, 74012, 18086, 15146, 21248, 43083, 22871, 5686, 6228, 5925, 6178, 72027, 15881, 51830, 39303, 51675, 15910, 5593], "label": "table"}, {"objectId": 22, "id": 22, "partId": 22, "index": 21, "dominantNormal": [0, -2.220446049250313e-16, 1], "obb": {"axesLengths": [2.465375800129528, 0.9211299809560921, 1.1034677006886102], "centroid": [4.061104875187586, -1.144159627490502, -1.0305650804810607], "normalizedAxes": [0.9447582960128784, -0.32776781916618347, -7.277907591389431e-17, 0, -2.220446049250313e-16, 1, -0.32776781916618347, -0.9447582960128784, -2.0977848258782537e-16]}, "segments": [62646, 62260, 59922, 59923, 59932, 59937, 60178, 60825, 62453, 62717, 62752, 74365, 74418, 74497, 61425, 60823, 61277, 61357, 61379, 61389, 62785, 62948, 62982, 74305, 74358, 74408, 74412, 60022, 62528, 59587, 15069, 15070, 15241, 76430, 76447, 15102, 62394, 63040, 74345, 63146, 63209, 63182, 63028, 63047, 63087, 63102, 63110, 63212, 74297, 74304, 74307, 74322, 74343, 60649], "label": "bar"}, {"objectId": 23, "id": 23, "partId": 23, "index": 22, "dominantNormal": [-0.3530932068824768, -0.9355881214141846, -2.0774229479196484e-16], "obb": {"axesLengths": [0.5129046188472244, 2.3800000016391265, 0.4048031262693454], "centroid": [5.8877826973982925, -0.04549934429482594, -0.2800001048296692], "normalizedAxes": [0.9355881810188293, -0.3530932068824768, -7.840244162393191e-17, 0, -2.220446049250313e-16, 1, -0.3530932068824768, -0.9355881810188293, -2.0774230802685464e-16]}, "segments": [8806, 76377, 8015, 9179, 9221, 9253, 62160, 62175, 12193, 62188, 76343, 72259, 8870, 74292, 8741, 74264, 32958, 50113, 52330, 59543, 36715, 76306], "label": "pillar"}, {"objectId": 24, "id": 24, "partId": 24, "index": 23, "dominantNormal": [0, -2.220446049250313e-16, 1], "obb": {"axesLengths": [6.561623200483568, 0.17889988022521397, 0.9757298890035074], "centroid": [3.477799213866552, 3.4839810498459713, 1.9965198282930245], "normalizedAxes": [0.9866721630096436, 0.16272079944610596, 3.613127562609585e-17, 0, -2.220446049250313e-16, 1, 0.16272079944610596, -0.9866721630096436, -2.190852306260024e-16]}, "segments": [27678, 8247, 8277, 8339, 25060, 27679, 33277, 66977, 33469, 8279, 25068, 25084, 25119, 25155, 25179, 25198, 33312, 33316, 33327, 33343, 33391, 33410, 33426, 33428, 33447, 33562, 33659, 33666, 33793, 66908, 66954, 66955, 67024, 67028, 67150, 66987, 66897, 8355, 8373, 33169, 33178, 33464, 33536, 33831, 66910, 66927, 67179, 67059, 67977, 68017, 36173, 36296, 8364, 32698, 32710, 32820, 32892, 33023, 33027, 33070, 33123, 33198, 33212, 33221, 33228, 33236, 33572, 33642, 33714, 33743, 33781, 33840, 33873, 33877, 33882, 36000, 36090, 36108, 36118, 36119, 36125, 36154, 36280, 36875, 36919, 37199, 64075, 66876, 66878, 66928, 66942, 66979, 67009, 67011, 67072, 67074, 67134, 67155, 67159, 67167, 67173, 67657, 67670, 67691, 67737, 67741, 67808, 67827, 67830, 67833, 67841, 67933, 68043, 68048, 68175, 36138, 68041, 35739, 25214, 25283, 25307, 32609, 32746, 33155, 33488, 35485, 35502, 35836, 66947, 66952, 67041, 67661, 33246, 37013, 36816, 25056, 25142, 25176, 35893, 35917, 35966, 36101, 36653, 36726, 36729, 36730, 36759, 36766, 36789, 36808, 36818, 36829, 36840, 36841, 36873, 36936, 36954, 37010, 37015, 37020, 37056, 37086, 37089, 37169, 37184, 37203, 37246, 37287, 37296, 40586, 66069, 66949, 67040, 67845, 67853, 67859, 67866, 67872, 67881, 67889, 67892, 67896, 67901, 67935, 67938, 67940, 67942, 68012, 68091, 68097, 32620, 32640, 32776, 32981, 32991, 37233, 37254, 37333, 40661, 40663, 40692, 40701, 68045, 67110, 32565, 32351, 32361, 32602, 32625, 32653, 32676, 32738, 35446, 66832, 66836, 66842, 67090, 67594, 68583, 40649, 40691, 66154, 35696, 67413, 35479, 35282, 35323, 35347, 35417, 35810, 66152, 35906, 35757, 31793, 32074, 32269, 32413, 33160, 33234, 35151, 35252, 35886, 36031, 36358, 36606, 66765, 66826, 67545, 67639, 67877, 32313, 31236, 31320, 31540, 31680, 31689, 31691, 31697, 31758, 31823, 32087, 32104, 32132, 32207, 32250, 32280, 32289, 32294, 34263, 34392, 34975, 35006, 35025, 35070, 35131, 35200, 35307, 35356, 66662, 66763, 67331, 67406, 67408, 31610, 31497, 31384, 31587, 31703, 34304, 34318, 34320, 34432, 34438, 66614, 67216, 66683, 29313, 29337, 29451, 29538, 29602, 31397, 34278, 34296, 66287, 66297, 67235, 67280, 73457, 29819, 29446, 29232, 29255, 29360, 29550, 29829, 29876, 66380, 66396, 29496, 29676, 29764, 29867, 34260, 34261, 34287, 34863, 34908, 34996, 35015, 66414, 67653, 67665, 67680, 43972, 43867, 43869, 44113, 44205, 44210, 44903, 69149, 69163, 69165, 69168, 69291, 39222, 39242, 39313, 39349, 39352, 39444, 39492, 39515, 39518, 39629, 39670, 39704, 43710, 43930, 44009, 44032, 44149, 44163, 44202, 44230, 44279, 44284, 44865, 44874, 44934, 68404, 68405, 68421, 68423, 68487, 69171, 69259, 69380, 69384, 39407, 39638, 21680, 39266, 39297, 39325, 39382, 39455, 39479, 39484, 39501, 43759, 43826, 44051, 44973, 68402, 68489, 69143, 69378, 21630, 21508, 21534, 21554, 21588, 21604, 21606, 21627, 21700, 21701, 21712, 66005, 66036, 66044, 69409, 21419, 21435, 21471, 65999, 66008, 69451, 41003, 21454, 21556, 21594, 21596, 21623, 21632, 21705, 21725, 21741, 23798, 41219, 66057, 69397, 69438, 41357, 41006, 41027, 41280, 41297, 69402, 69403, 44231, 69272, 44105, 68482, 41116, 41021, 41321, 69621, 41005, 41096, 41327, 69387, 69400, 40510, 40334, 40364, 40365, 40394, 40398, 40458, 40474, 40481, 40662, 40705, 40783, 40784, 69178, 69181, 40411, 26913, 40326, 40347, 40371, 40468, 40507, 40520, 40521, 40600, 40608, 40729, 40755, 41465, 43831, 43857, 69146, 69156, 69185, 69188, 69189, 69197, 69206, 69212, 27750, 27647, 27500, 27525, 27538, 27540, 27603, 27604, 27618, 27621, 27956, 39918, 39920, 66738, 66743, 66745, 66751, 66797, 66798, 66800, 66821, 69152, 27543, 27579, 27715, 27720, 27749, 27808, 27809, 27863, 66760, 64047, 269, 177, 243, 27977, 64036, 64050, 66816, 222, 163, 200, 64034, 27847, 27938, 66201, 27850, 27911, 28321, 30294, 36131, 36685, 68528, 27643, 44803, 44735, 44766, 45756, 69242, 69251, 44688, 69238, 44706, 27513, 66143, 27575, 27694, 72692, 72699, 55457, 27567, 10691, 27468, 27581, 27586, 27588, 44748, 45304, 45692, 45719, 45758, 45765, 55545, 66132, 69641, 69643, 69646, 69656, 47652, 46781, 47534, 46905, 47626, 46796, 31727, 45653, 46721, 46855, 66708], "label": "ceiling"}, {"objectId": 25, "id": 25, "partId": 25, "index": 24, "dominantNormal": [0, -2.220446049250313e-16, 1], "obb": {"axesLengths": [1.0155180201059046, 0.1830899674499789, 0.37043756736694644], "centroid": [0.6468156041730642, 3.33103995992307, -1.2105650538079822], "normalizedAxes": [0.9976495504379272, 0.06852243840694427, 1.5215037764569733e-17, 0, -2.220446049250313e-16, 1, 0.06852243840694427, -0.9976495504379272, -2.2152270028062465e-16]}, "segments": [70615, 42038, 38929, 38473, 70646, 34838, 42203, 45699, 69030, 38971, 38953, 46540], "label": "shelf"}, {"objectId": 26, "id": 26, "partId": 26, "index": 25, "dominantNormal": [0.150324285030365, -0.9886367321014404, -2.1952145259383836e-16], "obb": {"axesLengths": [1.1341047100935704, 0.44992097206590365, 0.4063147700361737], "centroid": [-0.20753536195797295, 3.2398722822089407, -0.6949605842316045], "normalizedAxes": [0.9886367321014404, 0.150324285030365, 3.337869648020519e-17, 0, -2.220446049250313e-16, 1, 0.150324285030365, -0.9886367321014404, -2.1952145259383836e-16]}, "segments": [8844, 8905, 8635, 8974, 9191, 9201, 9219, 37695, 65402, 68833, 8663, 36964, 68817], "label": "shelf"}, {"objectId": 28, "id": 28, "partId": 28, "index": 27, "dominantNormal": [0.06898251920938492, -0.9976178407669067, -2.215156593192506e-16], "obb": {"axesLengths": [0.5646501528111818, 0.2638849855091052, 0.20841830365456906], "centroid": [5.854473558836326, 3.9286807693068204, -0.28194260525832027], "normalizedAxes": [0.9976178407669067, 0.06898251920938492, 1.5317196224581257e-17, 0, -2.220446049250313e-16, 1, 0.06898251920938492, -0.9976178407669067, -2.215156593192506e-16]}, "segments": [44877, 44790, 44728, 64241, 64258, 4009, 4265, 4291, 4393, 4395, 42657, 44768, 44861, 44979, 64214, 64237, 70228, 70285, 4251, 4139, 7719, 70985, 47725, 6449], "label": "box"}, {"objectId": 29, "id": 29, "partId": 29, "index": 28, "dominantNormal": [0, -2.220446049250313e-16, 1], "obb": {"axesLengths": [0.4355341379503117, 0.17999998822808283, 0.2756324524002977], "centroid": [4.907297457074579, 3.7887015538815616, -0.32000010304153026], "normalizedAxes": [0.9995338320732117, 0.030530914664268494, 6.7792248846273426e-18, 0, -2.220446049250313e-16, 1, 0.030530914664268494, -0.9995338320732117, -2.2194109485189887e-16]}, "segments": [24014, 15993, 23890], "label": "laptop"}, {"objectId": 30, "id": 30, "partId": 30, "index": 29, "dominantNormal": [0.16055543720722198, -0.9870268106460571, -2.1916397822031744e-16], "obb": {"axesLengths": [0.5481540431496603, 0.25999999955296504, 0.18330732365899233], "centroid": [3.2476450584204644, 3.6889517801575007, -0.3000001076608898], "normalizedAxes": [0.9870268106460571, 0.16055545210838318, 3.565047193196573e-17, 0, -2.220446049250313e-16, 1, 0.16055545210838318, -0.9870268106460571, -2.1916397822031744e-16]}, "segments": [12287, 12395, 50752, 12288, 50664], "label": "laptop"}, {"objectId": 31, "id": 31, "partId": 31, "index": 30, "dominantNormal": [0.9988867044448853, 0.047173820436000824, 1.0474692321516171e-17], "obb": {"axesLengths": [0.7349065825802987, 2.4878298680224282, 0.09369080094755536], "centroid": [6.201571060471434, 4.362424819679913, -0.21391509553980192], "normalizedAxes": [-0.047173820436000824, 0.9988867044448853, 2.2179740365333106e-16, 0, -2.220446049250313e-16, 1, 0.9988867044448853, 0.047173820436000824, 1.0474692321516171e-17]}, "segments": [13261, 16877, 14401, 53042, 45177, 3774, 1794, 3402, 3188, 3048, 16198, 27170, 72189, 71907, 50523, 50564, 50616], "label": "wall"}, {"objectId": 33, "id": 33, "partId": 33, "index": 32, "dominantNormal": [0.9470256567001343, 0.3211579918861389, 7.131139942687413e-17], "obb": {"axesLengths": [0.5529485243762452, 0.4828470241387106, 0.3591135823851598], "centroid": [4.401489695587596, 0.2044751799761877, 0.9885763696154246], "normalizedAxes": [-0.3211579918861389, 0.9470256567001343, 2.1028193779584964e-16, 0, -2.220446049250313e-16, 1, 0.9470256567001343, 0.3211579918861389, 7.131139942687413e-17]}, "segments": [25438, 10010, 10039, 25325, 25420, 65415, 25630, 10066, 22637, 25499, 38008, 66346, 66347, 68848, 22638, 22610, 22655, 25572, 66383, 68871, 22680, 22702, 22708, 22725, 22737, 22745, 68912, 38056, 66377, 66351, 69856, 22783, 22646, 22664, 22760, 22762, 42916, 42960, 42995, 66301, 69812, 69816, 25503, 9899, 42921], "label": "lamp"}, {"objectId": 34, "id": 34, "partId": 34, "index": 33, "dominantNormal": [0, -2.220446049250313e-16, 1], "obb": {"axesLengths": [0.5463035399141472, 0.3199999260902425, 0.3860839599056045], "centroid": [5.224360363137308, 1.4595962451907922, 0.8899998559057716], "normalizedAxes": [0.3419091999530792, 0.9397329688072205, 2.0866263579382604e-16, 0, -2.220446049250313e-16, 1, 0.9397329688072205, -0.3419091999530792, -7.591909322381501e-17]}, "segments": [19062, 10888, 10893, 10894, 10917, 10960, 12863, 13391, 13394, 13430, 19058, 19143, 21069, 21099, 65726, 65803, 21065, 13369, 19174, 21021, 21063, 21015, 10884, 11006, 65936, 13400, 21007, 21008, 21060, 21118, 65926, 20953, 19052, 12826, 19031, 19240, 20971, 65780, 19090, 12854, 13531, 19018, 19186, 19196, 19236, 19264, 65797, 65846, 19272], "label": "lamp"}], "scan_id": "baf67395-8e94-22f8-8100-9c9d7ce1c2b7", "annId": "3927", "appId": "stk.v1"}