{"segGroups": [{"objectId": 1, "id": 1, "partId": 1, "index": 0, "dominantNormal": [0, -2.220446049250313e-16, 1], "obb": {"axesLengths": [10.054613686833505, 0.34000002577900756, 9.24990028897305], "centroid": [-2.995977121276766, 0.9930276602548538, -1.2199999808520092], "normalizedAxes": [0.5540429353713989, 0.8324880599975586, 1.8484948238696366e-16, 0, -2.220446049250313e-16, 1, 0.8324880599975586, -0.5540429353713989, -1.2302224469604693e-16]}, "segments": [69808, 79661, 74725, 74783, 81242, 64704, 76331, 74207, 77683, 77655, 57644, 64811, 122154, 54062, 1814, 142922, 25608, 26571, 40507, 16863, 17790, 17888, 15238, 18754, 14267, 178537, 14506, 131283, 137149, 177796, 137646, 4, 26, 132, 156, 202, 385, 421, 463, 504, 556, 564, 594, 633, 646, 648, 796, 1002, 1056, 1064, 1080, 1085, 1116, 1186, 1210, 1367, 1416, 1487, 1622, 1757, 1903, 1946, 2202, 2533, 2709, 2717, 2940, 3195, 3372, 5115, 6809, 6811, 6818, 6994, 9025, 9035, 9079, 9087, 9323, 10915, 12480, 13153, 13168, 13179, 13486, 13577, 13619, 13648, 13806, 13889, 14443, 14512, 14833, 14919, 15710, 15782, 15966, 16071, 16919, 16936, 16958, 17544, 17575, 17671, 17687, 17699, 18524, 19308, 19312, 19329, 19358, 19379, 19390, 19405, 19440, 19452, 19456, 19462, 19599, 19874, 19935, 19959, 20160, 22332, 22335, 23306, 23908, 24516, 24556, 24570, 25702, 26355, 26991, 27560, 28836, 29410, 32006, 32159, 34182, 34709, 34762, 35112, 35959, 36521, 37145, 39627, 40456, 40953, 41215, 41702, 41934, 43269, 43319, 44478, 45369, 46228, 49897, 50239, 50245, 50254, 50270, 50315, 50326, 50334, 52479, 52514, 52575, 58572, 60388, 61151, 61220, 61226, 62369, 62410, 65227, 65243, 67163, 67550, 69651, 70900, 71800, 72922, 74229, 75682, 76175, 76269, 76818, 76945, 77148, 77496, 77529, 77617, 78473, 78602, 78662, 80418, 80770, 81801, 81996, 82090, 82117, 82613, 82973, 83608, 83877, 84321, 84425, 84441, 84737, 84795, 85275, 86602, 86770, 87421, 87437, 87446, 87624, 87751, 88107, 88246, 88632, 88645, 88773, 89319, 89767, 89894, 89975, 89994, 90035, 90040, 90050, 90225, 90389, 90727, 90747, 90762, 90803, 90810, 91516, 92093, 93181, 94304, 94332, 94386, 94387, 94404, 95001, 96450, 97139, 97141, 98292, 99057, 99209, 99864, 100870, 100909, 100934, 101255, 101295, 101298, 101299, 101301, 101446, 101470, 101501, 101585, 101846, 102147, 102793, 102797, 102833, 103023, 103084, 103337, 103766, 103801, 103958, 104262, 105448, 105469, 111579, 111591, 112908, 112914, 112953, 113034, 113035, 113060, 113075, 113327, 113634, 115208, 115420, 115480, 116413, 116620, 116629, 116645, 116654, 116658, 116662, 116683, 116687, 116710, 116713, 116734, 117107, 117515, 118453, 119048, 119062, 119092, 119257, 121935, 122292, 122845, 122976, 124636, 126298, 126319, 126321, 126342, 126354, 126374, 126411, 126418, 128843, 129398, 129483, 129937, 129971, 130855, 130864, 130873, 130880, 131009, 131219, 131220, 131230, 132992, 133070, 133127, 133373, 133476, 133776, 133836, 133980, 134026, 134043, 134054, 134325, 134516, 134586, 134664, 136635, 136827, 137118, 137132, 137279, 137295, 137649, 137690, 137708, 137795, 137801, 137820, 137827, 137828, 137830, 140049, 140095, 140356, 140911, 141628, 142121, 142127, 142129, 142186, 142297, 142301, 142304, 142407, 142949, 143866, 143869, 144569, 144590, 144597, 144606, 145129, 145892, 145894, 145910, 145917, 145919, 145925, 146688, 153658, 155804, 157247, 159786, 159806, 161700, 161972, 162397, 162439, 162546, 162665, 162668, 162704, 162707, 162729, 162794, 162816, 166796, 166804, 168429, 168434, 168440, 168456, 168582, 168670, 169114, 169685, 169688, 169694, 169700, 170018, 171046, 171050, 171071, 171075, 171100, 171386, 171641, 173193, 173838, 173848, 173849, 173851, 174429, 174471, 174680, 175759, 175762, 175807, 177813, 178174, 178695, 178952, 179637, 180411, 180620, 180881, 180965, 181134, 91694, 98925, 106223, 79428, 87749, 90109, 102744, 180110, 90987, 90993, 113903, 102546, 82586, 75203, 88960, 88840, 89625, 89021, 115958, 90795, 180379, 111442, 133185, 111389, 111398, 128917, 107576, 111401, 133510, 136377, 173246, 126463, 133339, 174035, 136329, 90892, 21673, 92329, 115138, 170182, 94559, 90509, 162791, 12548, 90526, 89973, 129524, 162788, 89835, 162660, 87320, 87383, 87304, 162658, 162738, 120362, 120254, 120316, 166758, 110051, 166741, 110177, 166763, 123747, 171674, 88068, 92322, 88096, 89244, 88090, 89271, 109555, 109545, 109252, 89121, 89052, 120240], "label": "floor"}, {"objectId": 2, "id": 2, "partId": 2, "index": 1, "dominantNormal": [0.9246855974197388, 0.3807315528392792, 8.453938723269143e-17], "obb": {"axesLengths": [4.947941007904847, 3.0807899740161724, 0.19016291106300703], "centroid": [0.28538289711217235, 3.313003536899481, 0.20890493782822084], "normalizedAxes": [-0.3807315528392792, 0.9246855974197388, 2.0532144815893244e-16, 0, -2.220446049250313e-16, 1, 0.9246855974197388, 0.3807315528392792, 8.453938723269143e-17]}, "segments": [118233, 133789, 111249, 56837, 129223, 126655, 86431, 101515, 41445, 41568, 41984, 56300, 56377, 56400, 56453, 57137, 82541, 84192, 92435, 94187, 95644, 95646, 100589, 104874, 106594, 107658, 114951, 123362, 124339, 124359, 124497, 125468, 125492, 127371, 163083, 163560, 163598, 172933, 85784, 131379, 80896, 79604, 95618], "label": "wall"}, {"objectId": 3, "id": 3, "partId": 3, "index": 2, "dominantNormal": [0.3799290657043457, -0.9250156283378601, -2.0539472974375974e-16], "obb": {"axesLengths": [7.249884464270778, 3.07865994247809, 0.14307022096572808], "centroid": [-4.052824581891348, 4.16507232420517, 0.20932991893596986], "normalizedAxes": [0.9250156283378601, 0.3799290955066681, 8.43612059113026e-17, 0, -2.220446049250313e-16, 1, 0.3799290955066681, -0.9250156283378601, -2.0539472974375974e-16]}, "segments": [117892, 5421, 28283, 28364, 37261, 39950, 43940, 45964, 81709, 81747, 81884, 82667, 82951, 86300, 88955, 92129, 92495, 101172, 101285, 110958, 122649, 122660, 122671, 132450, 137865, 138408, 141147, 141273, 141806, 171403, 85432, 85208, 132536, 81442], "label": "wall"}, {"objectId": 4, "id": 4, "partId": 4, "index": 3, "dominantNormal": [0.37600356340408325, -0.926618218421936, -2.0575057622583515e-16], "obb": {"axesLengths": [6.401568706362918, 3.0400000131130205, 0.188537495217689], "centroid": [-1.7208723156017465, -2.739937592405193, 0.18999995425343563], "normalizedAxes": [0.926618218421936, 0.37600356340408325, 8.348956268646363e-17, 0, -2.220446049250313e-16, 1, 0.37600356340408325, -0.926618218421936, -2.0575057622583515e-16]}, "segments": [74025, 43524, 48789, 57637, 64104, 64106, 64121, 64195, 64197, 64205, 66049, 78243, 94252, 98578, 110611, 110623, 110628, 110674, 110675, 110704, 110712, 110733, 110755, 111628, 111672, 111685, 111742, 111754, 134668, 135798, 138064, 158268, 158280, 167274, 167281, 167288, 167290, 168047, 168382, 174453, 176755], "label": "wall"}, {"objectId": 5, "id": 5, "partId": 5, "index": 4, "dominantNormal": [0.3819902837276459, -0.9241663217544556, -2.0520614579898745e-16], "obb": {"axesLengths": [1.1595562034082987, 2.148979973443299, 0.4441208684235075], "centroid": [-1.044814550971933, -2.3076046193746813, -0.4444900446871669], "normalizedAxes": [0.9241663217544556, 0.3819902837276459, 8.481888163550574e-17, 0, -2.220446049250313e-16, 1, 0.3819902837276459, -0.9241663217544556, -2.0520614579898745e-16]}, "segments": [85970, 83791, 83434, 170581, 162882, 43381, 155329, 47580, 43192, 83694, 43164, 43201, 43453, 43461, 43465, 45247, 47586, 47606, 47683, 47707, 47708, 47729, 48444, 48481, 56216, 56242, 79374, 83052, 83160, 87481, 87600, 87635, 87649, 88354, 88544, 88594, 97538, 119495, 119536, 151563, 151856, 155358, 155385, 84205, 152117, 156481, 55341, 56293, 55450, 55422, 55146, 55089, 156467, 59102, 53231, 88339, 54990, 58758, 58832, 156147, 58779, 156064, 156067, 47688, 48928, 53080, 53107, 53113, 53121, 53132, 53159, 53179, 53187, 53190, 53196, 53205, 53240, 54929, 54933, 54988, 55006, 55019, 55020, 55028, 55072, 55079, 55095, 55141, 55163, 55172, 55176, 55204, 55231, 55236, 55412, 55527, 56274, 56345, 56389, 56481, 58722, 58729, 58739, 58745, 58763, 58786, 58795, 58821, 89295, 152370, 153801, 153807, 154760, 154763, 154765, 154769, 154790, 155390, 155406, 155445, 156070, 156152, 156177, 156180, 156504, 178995, 179095, 55476, 58634, 59306, 55370, 58641, 58670, 156013], "label": "tv"}, {"objectId": 6, "id": 6, "partId": 6, "index": 5, "dominantNormal": [0, -2.220446049250313e-16, 1], "obb": {"axesLengths": [10.121653139281308, 0.47840999487616, 9.358685633708992], "centroid": [-3.0273495367974808, 0.847458401255024, 1.5417049387461308], "normalizedAxes": [0.19020380079746246, 0.981744647026062, 2.1799110228616625e-16, 0, -2.220446049250313e-16, 1, 0.981744647026062, -0.19020380079746246, -4.223372780331191e-17]}, "segments": [129295, 19879, 141543, 126611, 86501, 181510, 86545, 131355, 45251, 181438, 41458, 38078, 4919, 5291, 5294, 11636, 11734, 11831, 11834, 11849, 11850, 11937, 12721, 13108, 13376, 16289, 16309, 16438, 19589, 19665, 20001, 20056, 28879, 32820, 37907, 41522, 48295, 48473, 51288, 51912, 52198, 64228, 64606, 65572, 72524, 72541, 100118, 100124, 100795, 102582, 104597, 106481, 106482, 117863, 118585, 128089, 128458, 129422, 138760, 138806, 138825, 138827, 138853, 138856, 141960, 142882, 142884, 143467, 143469, 143478, 143550, 143590, 165306, 170145, 170149, 33509, 103513, 9818, 13241, 13243, 13346, 32252, 32273, 32280, 34152, 35017, 35033, 35059, 36699, 41476, 43879, 45576, 74386, 77318, 80835, 82448, 82457, 86983, 104606, 106070, 108174, 114699, 116952, 122924, 124014, 124055, 130384, 138263, 143539, 143543, 170242, 170808, 181835, 118686, 11491, 98487, 69929, 49822, 4815, 7726, 7748, 7752, 7764, 7835, 7984, 18299, 18391, 20867, 26792, 30578, 32085, 32096, 32114, 33894, 33900, 33904, 33933, 33951, 34000, 34006, 45060, 47667, 47948, 48571, 48581, 48622, 48645, 48664, 48673, 48684, 48855, 49683, 53822, 54081, 54189, 55521, 58874, 60922, 66429, 66458, 69184, 69281, 69320, 69427, 69458, 70808, 71180, 71215, 71219, 71228, 71231, 71734, 75018, 75062, 75072, 75075, 75103, 75105, 75131, 75139, 75148, 75172, 75206, 76473, 76515, 76522, 76535, 76550, 76576, 76587, 78142, 78154, 78161, 80593, 90874, 91120, 92261, 92291, 98285, 98593, 103934, 104049, 104638, 105700, 112127, 112151, 114916, 118146, 120553, 122551, 123948, 124425, 124448, 124459, 124563, 127517, 127957, 128221, 129268, 129610, 130073, 130162, 131516, 138572, 138583, 138880, 140486, 141375, 141382, 141397, 141404, 141733, 141762, 141777, 141778, 141840, 141861, 142081, 144157, 144904, 149495, 149499, 149502, 149925, 151870, 152283, 152796, 152797, 157412, 160211, 161401, 161402, 161407, 161418, 161419, 161430, 161436, 161444, 161785, 161789, 161880, 161890, 161925, 161931, 161933, 161962, 162984, 169711, 171317, 171785, 173016, 173238, 173359, 176428, 176448, 177886, 177903, 178010], "label": "ceiling"}, {"objectId": 7, "id": 7, "partId": 7, "index": 6, "dominantNormal": [0, -2.220446049250313e-16, 1], "obb": {"axesLengths": [1.872959923846399, 0.7482299637445067, 1.7924098885617403], "centroid": [-2.22000500803464, 0.2942068494524042, -0.9380949917116395], "normalizedAxes": [-0.2829088568687439, 0.9591467976570129, 2.1297337175086038e-16, 0, -2.220446049250313e-16, 1, 0.9591467976570129, 0.2829088568687439, 6.281838535321247e-17]}, "segments": [125298, 72193, 171427, 85594, 160439, 36033, 36040, 59379, 65999, 67494, 69145, 71001, 71361, 74110, 74129, 74878, 75725, 76068, 76101, 76248, 76293, 76466, 84382, 84463, 84469, 84492, 84538, 84668, 84859, 85133, 86532, 87757, 88920, 88989, 88997, 89012, 90719, 90882, 90942, 90951, 90957, 90971, 91565, 91647, 93173, 93675, 93685, 93836, 93873, 93909, 94564, 94573, 94693, 94703, 95248, 95350, 96389, 96406, 98355, 98390, 99234, 99349, 99403, 104902, 104924, 104925, 104952, 104961, 104967, 104986, 104988, 104992, 105007, 105051, 111381, 111407, 111590, 114401, 114760, 114815, 116215, 116392, 116516, 119209, 119223, 119286, 120051, 120124, 121010, 122261, 126396, 126417, 126448, 126518, 126560, 126741, 126787, 127023, 127512, 127514, 128024, 129348, 129415, 129459, 129480, 133388, 133389, 134274, 134307, 135856, 135861, 136083, 136115, 136126, 136170, 136176, 136177, 136217, 136292, 136335, 136451, 136452, 136454, 160207, 160535, 160600, 160614, 160616, 162308, 162444, 162447, 162450, 162509, 162554, 162557, 162560, 162588, 162591, 162599, 164417, 165097, 165101, 165133, 165174, 166429, 167225, 167227, 168709, 169009, 169127, 169134, 169136, 171042, 171131, 171637, 171656, 171659, 171661, 171663, 171668, 171679, 173187, 173211, 173215, 173235, 173241, 173468, 173485, 173586, 173612, 173856, 173936, 173940, 173943, 173946, 173949, 173955, 173957, 173962, 173981, 174042, 175811, 129440, 173527, 173544], "label": "table"}, {"objectId": 8, "id": 8, "partId": 8, "index": 7, "dominantNormal": [0, -2.220446049250313e-16, 1], "obb": {"axesLengths": [2.0603357945538376, 0.7875600281158076, 2.230947221951534], "centroid": [-3.2964552360731987, 3.008574322834168, -0.9518400311058759], "normalizedAxes": [-0.21431326866149902, 0.976764976978302, 2.1688539341775437e-16, 0, -2.220446049250313e-16, 1, 0.976764976978302, 0.21431326866149902, 4.7587105070134644e-17]}, "segments": [92611, 133903, 133480, 114821, 92188, 107326, 114332, 114664, 114716, 121953, 121968, 123395, 123782, 124697, 164569, 164571, 165951, 166471, 166482, 171367, 171369, 171374, 171375, 171449, 171712, 171749, 106796, 89093, 90246, 90263, 90301, 91065, 102896, 107354, 107385, 110004, 110049, 110061, 110064, 110065, 110094, 112954, 116012, 117629, 117698, 117705, 120093, 124240, 125770, 125812, 127924, 127996, 128795, 129387, 142236, 142244, 142285, 143024, 148090, 162709, 165808, 165815, 165822, 165872, 165956, 166777, 170156, 171128, 166698, 771, 2473, 2474, 2500, 2527, 2558, 2628, 12546, 22012, 22024, 22079, 22090, 52664, 52719, 53423, 53924, 53936, 86827, 87282, 87299, 87319, 87394, 87416, 87432, 88255, 89249, 89286, 89296, 89305, 89448, 89495, 89502, 89613, 89844, 89916, 89920, 89958, 90015, 90017, 90535, 90537, 90552, 90555, 91099, 92321, 98291, 106740, 106760, 106820, 107271, 107408, 109253, 112831, 112873, 113178, 114449, 114894, 114989, 114996, 115130, 115133, 115263, 115393, 115425, 116820, 116833, 117042, 117707, 117735, 119720, 119837, 120209, 120256, 120276, 120302, 120613, 120639, 120867, 120875, 120995, 121740, 122290, 122447, 124852, 124971, 125094, 129361, 142941, 142944, 146662, 153657, 162620, 162651, 162656, 162714, 162780, 162784, 166714, 166767, 167245, 169147, 169160, 169169, 169170, 169185, 170159, 170594, 170623, 170636, 170638, 170643, 171384, 171395, 171943, 172258, 87326, 87408, 122158, 111702, 105751, 124222, 113109], "label": "table"}, {"objectId": 9, "id": 9, "partId": 9, "index": 8, "dominantNormal": [0, -2.220446049250313e-16, 1], "obb": {"axesLengths": [0.6118812103124969, 0.5033620185398602, 0.6161368424597503], "centroid": [-2.5868778536997197, 2.0896200164363936, -0.7091390276147651], "normalizedAxes": [0.9999979138374329, 0.002045741304755211, 4.542458197931889e-19, 0, -2.220446049250313e-16, 1, 0.002045741304755211, -0.9999979138374329, -2.2204414170388828e-16]}, "segments": [109222, 101904, 112403, 100078, 101855, 101887, 101899, 101909, 101910, 102221, 102225, 102234, 102237, 102240, 102251, 102256, 102259, 102267, 109616, 164532, 164577, 170361, 101915, 109126, 100047, 102222, 109009, 109025, 109031, 109411, 111668, 111694, 111993, 112085, 112098, 165025, 165029, 165033, 165589, 165610, 165280, 109046, 111982, 111994, 112011, 112751, 165616, 165698, 165943, 110650, 112122], "label": "chair"}, {"objectId": 10, "id": 10, "partId": 10, "index": 9, "dominantNormal": [0, -2.220446049250313e-16, 1], "obb": {"axesLengths": [0.5811045038160677, 0.5119070296308318, 0.5906557318624248], "centroid": [-2.932246040068077, 1.0381543373282074, -0.7140465312291715], "normalizedAxes": [0.9040309190750122, 0.4274670481681824, 9.491675182897338e-17, 0, -2.220446049250313e-16, 1, 0.4274670481681824, -0.9040309190750122, -2.0073518826602404e-16]}, "segments": [173890, 123680, 121177, 121087, 91693, 52454, 114795, 119070, 105094, 52388, 52458, 52464, 89046, 89066, 93105, 93110, 114769, 114777, 114927, 116280, 116849, 117178, 117184, 117529, 118369, 118373, 118383, 120189, 120206, 123682, 124914, 134351, 134475, 134826, 134958, 134959, 135754, 142879, 142881, 169091, 169412, 173688], "label": "chair"}, {"objectId": 11, "id": 11, "partId": 11, "index": 10, "dominantNormal": [0.942588746547699, 0.3339557349681854, 7.41530692334592e-17], "obb": {"axesLengths": [0.6386490219232781, 0.7597199508610372, 0.5636584237857853], "centroid": [-2.376197189324738, 3.724721743371834, -0.6555699950701759], "normalizedAxes": [-0.3339557349681854, 0.942588746547699, 2.0929674583396429e-16, 0, -2.220446049250313e-16, 1, 0.942588746547699, 0.3339557349681854, 7.41530692334592e-17]}, "segments": [120959, 170961, 120918, 170986, 138183, 118576, 118742, 118763, 118767, 118778, 118799, 118807, 118825, 118854, 118885, 118899, 118902, 118921, 118941, 118951, 119285, 120374, 120388, 120415, 120455, 120469, 120802, 120810, 170246, 170250, 170251, 170254, 170257, 170421, 170651, 170712, 170780, 170805, 170806, 170812, 170883, 170885, 170891, 170893, 170896, 170899, 170902, 170940, 170943, 170946, 170949, 177875, 177879, 120377, 120929, 121379, 138180, 138210, 170647, 171143, 171145, 171147, 171224, 94836, 94842, 120397, 121287, 121414, 171256, 118830, 100424, 120052, 120106, 120165, 121432, 120890, 121338, 170434, 170879, 170921, 171136, 171227, 122002, 170431, 120689, 170444, 171289, 121908, 122030, 120175], "label": "chair"}, {"objectId": 12, "id": 12, "partId": 12, "index": 11, "dominantNormal": [-0.06970726698637009, -0.9975674748420715, -2.2150447583736888e-16], "obb": {"axesLengths": [0.6568211229520696, 0.7493819873918148, 0.6034712626021678], "centroid": [-3.97925682519844, 3.609350284333868, -0.6153090328281596], "normalizedAxes": [0.9975674748420715, -0.06970726698637009, -1.5478122558392224e-17, 0, -2.220446049250313e-16, 1, -0.06970726698637009, -0.9975674748420715, -2.2150447583736888e-16]}, "segments": [123734, 146209, 147052, 146229, 1295, 115994, 107173, 114981, 115509, 115552, 115984, 122178, 122634, 123745, 129529, 147178, 165036, 165038, 172478, 172481, 172483, 172486, 104712, 119253, 90838, 91058, 91320, 91413, 91421, 92268, 92270, 106865, 106873, 107740, 108236, 108306, 108532, 115839, 116030, 116376, 118800, 123070, 126341, 129020, 142222, 142225, 142259, 142896, 145173, 145409, 148101, 148416, 148424, 148449, 150633, 165191, 172490, 103429, 103908, 127467, 125431], "label": "chair"}, {"objectId": 13, "id": 13, "partId": 13, "index": 12, "dominantNormal": [0.9897695183753967, -0.14267531037330627, -3.168028292439701e-17], "obb": {"axesLengths": [0.8149516936585918, 1.7408380119315225, 0.9231570644809047], "centroid": [-2.7974899098676906, -2.8967747045914174, -0.4688810396444576], "normalizedAxes": [0.9897695183753967, -0.14267532527446747, -3.168028623311946e-17, 0, -2.220446049250313e-16, 1, -0.14267532527446747, -0.9897695183753967, -2.1977298167450348e-16]}, "segments": [174051, 130308, 173431, 130296, 107553, 107462, 166363, 113714, 169267, 168572, 113626, 112628, 112424, 113518, 116130, 115600, 166127, 108541, 167349, 163675, 167377, 111787, 94292, 94370, 94430, 96182, 96189, 96194, 96207, 96486, 96509, 96550, 96579, 96932, 96968, 96976, 96996, 97004, 97028, 97114, 97339, 97396, 97408, 97487, 97510, 97613, 97621, 97628, 97650, 97656, 97668, 97713, 97756, 97759, 97762, 97766, 97770, 97793, 97798, 97808, 97831, 97840, 97849, 97852, 97899, 97900, 97923, 97934, 97971, 97995, 98013, 98019, 98042, 98063, 98094, 98095, 98100, 98109, 98153, 98155, 98161, 98186, 98215, 98230, 98255, 98280, 98329, 107009, 107014, 107031, 107037, 107064, 107068, 107093, 107104, 107110, 107115, 107160, 107163, 107194, 107213, 107236, 107258, 107262, 107332, 107366, 107367, 107382, 107390, 107414, 107417, 107424, 107475, 107495, 107504, 107521, 107529, 107534, 107540, 107555, 107701, 108490, 108494, 108511, 108568, 108588, 108616, 108625, 108641, 108650, 108683, 108700, 108702, 108718, 108746, 108795, 108813, 108855, 108879, 108883, 108916, 108943, 108965, 108986, 109003, 109007, 109061, 109074, 109148, 109166, 109179, 109180, 109184, 109233, 109236, 109263, 109502, 109549, 109604, 109605, 109606, 109672, 109693, 109751, 109778, 109807, 109820, 109855, 111358, 111729, 111731, 111765, 111814, 111826, 111865, 111884, 111889, 111902, 111912, 112154, 112174, 112176, 112177, 112223, 112235, 112241, 112255, 112267, 112325, 112334, 112343, 112376, 112385, 112428, 112488, 113453, 113457, 113466, 113467, 113506, 113539, 113550, 113554, 113555, 113581, 113582, 113608, 113610, 113716, 113776, 113792, 113830, 113831, 113886, 113904, 113964, 114127, 114137, 114181, 114201, 114204, 114214, 114283, 114286, 114302, 115580, 115632, 115674, 115701, 116103, 116116, 116134, 116985, 116999, 117031, 117354, 117365, 118051, 126880, 137486, 137584, 137728, 137858, 137882, 137926, 139627, 163101, 163594, 163615, 163623, 163644, 163646, 163648, 163660, 163663, 163691, 163733, 163738, 163754, 163768, 163792, 163845, 163878, 163941, 163945, 165315, 165320, 165370, 165515, 165533, 165845, 165876, 165887, 165892, 165894, 165917, 165938, 165963, 165987, 166023, 166027, 166041, 166060, 166062, 166077, 166084, 166090, 166095, 166096, 166108, 166141, 166168, 166217, 166244, 166263, 166378, 166453, 166476, 166523, 166539, 166564, 167092, 167093, 167097, 167198, 167303, 167306, 167332, 167339, 167359, 167711, 167767, 167768, 167806, 168240, 168459, 168461, 168466, 168472, 168478, 168481, 168489, 168524, 168540, 168544, 168547, 168562, 168668, 168674, 168707, 168710, 168773, 168882, 168904, 169352, 169381, 169447, 169481, 169496, 169511, 169742, 169790, 169806, 170092, 170108, 174490, 174555, 174564, 174579, 174671, 168654, 169392, 168690, 168620, 109543, 112489, 129484, 126117, 169264, 109127, 93327, 93372, 93397, 96113, 96124, 96151, 96500, 96898, 96945, 96964, 97042, 97045, 98130, 98317, 107177, 107679, 109191, 109525, 109540, 109573, 109617, 109643, 109670, 109696, 109791, 111917, 111921, 112266, 112440, 112461, 112512, 112612, 113632, 113738, 113756, 113901, 113908, 114006, 114013, 114036, 114253, 163608, 163938, 165399, 165448, 165480, 166191, 166469, 167787, 168528, 168530, 168560, 168576, 168672, 168856, 168935, 169006, 169330, 169377, 170061, 169364, 167694, 91789, 97090, 98202, 98697, 111713, 112157, 112293, 112295, 112465, 112523, 112634, 112640, 112665, 117357, 163651, 167715, 167747, 167801, 167803, 168795, 170140, 170143, 128609, 94366, 97397, 128991, 96529, 96541, 96558, 96575, 113649, 131087, 166944, 168554, 173205, 112583, 168414, 100691, 110730, 112191, 112228, 112524, 166948, 166950, 167817, 167836, 167841, 110657], "label": "plant"}, {"objectId": 14, "id": 14, "partId": 14, "index": 13, "dominantNormal": [0, -2.220446049250313e-16, 1], "obb": {"axesLengths": [0.6757633770210587, 0.5065829938668831, 0.6753297674415747], "centroid": [-1.2917563774592997, 0.37191045001342565, -0.7222455224637949], "normalizedAxes": [0.917758584022522, -0.39713871479034424, -8.818250902605667e-17, 0, -2.220446049250313e-16, 1, -0.39713871479034424, -0.917758584022522, -2.0378334220583704e-16]}, "segments": [82522, 79711, 79915, 79742, 79744, 79885, 79886, 79894, 79897, 79899, 79904, 79907, 79935, 79937, 79942, 79961, 79962, 79967, 79971, 79975, 79979, 79987, 79997, 83444, 161996, 162006, 162007, 162015, 162017, 162020, 162022, 162027, 162029, 162030, 162098, 162120, 162122, 162126, 162128, 162132, 81921, 162355, 73892, 73954, 79688, 80010, 81853, 82092, 82235, 82407, 82630, 85547, 162137, 162139, 162142, 162145, 162152, 162154, 73576, 81867, 162420, 73943, 85128, 85130, 85234, 162003], "label": "chair"}, {"objectId": 15, "id": 15, "partId": 15, "index": 14, "dominantNormal": [0, -2.220446049250313e-16, 1], "obb": {"axesLengths": [0.6734409999811856, 0.500149030235059, 0.6090717166418904], "centroid": [-1.633746318304362, 0.9993677623594699, -0.7104635321990362], "normalizedAxes": [0.9987651109695435, -0.04968179017305374, -1.1031573470944021e-17, 0, -2.220446049250313e-16, 1, -0.04968179017305374, -0.9987651109695435, -2.2177040447813733e-16]}, "segments": [161894, 100328, 165259, 164353, 100256, 164367, 165264, 165275, 81036, 86435, 79800, 42583, 80512, 80758, 80853, 81115, 81136, 81633, 81669, 161919, 161755, 162380, 86185, 86322], "label": "chair"}, {"objectId": 16, "id": 16, "partId": 16, "index": 15, "dominantNormal": [0, -2.220446049250313e-16, 1], "obb": {"axesLengths": [0.6668538597978109, 0.5068850105952094, 0.6696343282784422], "centroid": [-1.551003505940481, -0.2558906368395675, -0.7267505308221915], "normalizedAxes": [0.37897682189941406, 0.9254061579704285, 2.054814447417349e-16, 0, -2.220446049250313e-16, 1, 0.9254061579704285, -0.37897682189941406, -8.414975869439935e-17]}, "segments": [75307, 75435, 74716, 75409, 161637, 71332, 71339, 71355, 71364, 71367, 71389, 71390, 74433, 74616, 74617, 74666, 160198, 160227, 160603, 160607, 160610, 160613, 161313, 161316, 161320, 161322, 161325, 161328, 161336, 161340, 161468, 161589, 161592, 161595, 161599, 161601, 161605, 161639, 161646, 161649, 161652, 161656, 161658, 161661, 161664, 161668, 161670, 161673, 161676, 161679, 161683, 161685, 161688, 161692, 161695, 164688, 161510, 73995, 74042, 159725, 160477, 161980, 161981, 161985, 161993], "label": "chair"}, {"objectId": 17, "id": 17, "partId": 17, "index": 16, "dominantNormal": [0.9673454165458679, 0.25346171855926514, 5.62798071611115e-17], "obb": {"axesLengths": [0.615522117787883, 0.4999999888241291, 0.3698887085476742], "centroid": [-2.795676698795881, -0.2939868278709745, -0.7000000115484006], "normalizedAxes": [-0.25346171855926514, 0.9673454165458679, 2.1479383084296709e-16, 0, -2.220446049250313e-16, 1, 0.9673454165458679, 0.25346171855926514, 5.62798071611115e-17]}, "segments": [112004, 102388, 94617, 78353, 78359, 94521, 94530, 94590, 94629, 98338, 98339, 98364, 98377, 98385, 98392, 98397, 98402, 98431, 99917, 112001, 112016, 112022, 112023, 112024, 112038, 112048, 112105, 127287, 127501, 163948, 163950, 163958, 166240, 166242, 167539, 167543, 167546, 167551, 167640, 167643, 167646, 167649, 167672, 171316, 171320, 98478, 127170, 171294, 94670, 98341], "label": "chair"}, {"objectId": 18, "id": 18, "partId": 18, "index": 17, "dominantNormal": [0.9986061453819275, 0.05277997627854347, 1.171950898072171e-17], "obb": {"axesLengths": [0.6477441966019302, 0.5346589863004014, 0.5025505538883884], "centroid": [-3.062495284497088, 0.37761592675268113, -0.7322035212322286], "normalizedAxes": [-0.05277997627854347, 0.9986061453819275, 2.2173510702703847e-16, 0, -2.220446049250313e-16, 1, 0.9986061453819275, 0.05277997627854347, 1.171950898072171e-17]}, "segments": [169989, 169565, 109320, 109361, 109376, 109386, 113365, 113384, 115295, 115296, 115297, 115313, 115318, 115323, 116251, 116284, 116304, 116317, 116321, 116352, 117199, 117208, 166419, 166427, 166432, 166433, 166435, 169161, 169167, 169542, 169551, 169554, 169637, 169641, 169646, 169865, 169871, 169875, 169877, 169878, 169882, 116439, 109359, 109370, 166437, 169518, 116479, 107565, 169654], "label": "chair"}, {"objectId": 19, "id": 19, "partId": 19, "index": 18, "dominantNormal": [0.9255746603012085, 0.3785651624202728, 8.405835192798979e-17], "obb": {"axesLengths": [0.9067036946241812, 2.6599999071657665, 0.2616963946863098], "centroid": [-6.410840684558688, -0.06239401860345284, 0.21999992497265408], "normalizedAxes": [-0.3785651624202728, 0.9255746603012085, 2.055188597752019e-16, 0, -2.220446049250313e-16, 1, 0.9255746603012085, 0.3785651624202728, 8.405835192798979e-17]}, "segments": [38993, 39475, 150804, 31146, 39217, 33263, 33086, 35438, 150063, 38772, 35461, 35325, 35205, 35500, 34214, 25215, 26906, 27069, 27082, 27084, 27086, 27099, 27127, 27128, 27132, 27149, 27158, 27177, 27191, 27202, 27204, 27218, 27245, 27259, 27268, 27271, 31475, 31477, 31536, 31540, 31549, 31836, 31840, 31847, 31868, 32843, 32866, 32867, 32888, 32889, 32901, 32947, 32948, 32980, 33012, 33022, 33028, 33093, 33128, 33138, 33159, 33205, 33207, 34224, 34246, 34256, 34323, 34400, 35234, 35252, 35296, 35301, 35309, 35315, 35331, 35335, 35338, 35342, 35353, 35378, 35403, 35406, 35441, 35459, 35488, 35490, 35506, 35509, 35562, 37856, 37875, 37877, 37895, 37904, 37920, 38016, 38092, 38098, 38118, 38126, 38641, 38654, 38686, 38739, 38767, 38769, 39827, 40311, 40366, 40377, 40380, 40381, 40390, 40406, 40454, 40513, 40643, 147933, 147941, 147978, 147983, 149264, 149274, 149315, 149319, 149391, 149394, 149397, 149400, 149403, 149406, 149411, 149437, 149439, 149440, 149442, 149599, 149601, 149602, 149606, 149611, 149614, 149626, 149647, 149692, 149734, 149747, 149750, 149753, 149765, 149768, 149776, 149779, 149781, 150040, 150113, 150117, 150142, 150327, 150332, 150592, 150596, 150645, 150717, 150858, 31372, 149281, 31676, 31677, 31681, 31696, 31714, 31727, 31744, 31765, 31773, 31784, 31786, 31791, 31797, 32676, 32792, 32796, 32802, 35177, 35187, 35373, 36831, 36840, 36869, 36884, 36885, 36890, 36943, 36953, 37653, 37662, 37680, 37683, 37687, 37718, 37728, 37730, 37738, 37744, 37749, 37750, 37790, 37805, 37832, 37836, 38058, 38102, 149297, 149302, 149305, 149309, 149381, 149587, 149590, 149591, 149596, 149934, 149936, 149939, 149942, 149944, 149946, 149993, 150000, 150329, 150349, 39212, 38617, 150289, 36552, 36433, 150186, 31577, 31589, 31598, 31645, 33334, 33381, 33385, 33386, 33400, 33407, 33434, 34123, 34127, 35601, 35606, 35607, 35648, 35651, 36311, 36339, 36342, 36349, 36362, 36369, 36371, 36430, 36488, 36509, 36519, 36522, 36523, 36555, 36775, 36812, 37537, 37935, 38812, 40303, 40318, 40524, 149280, 149445, 149450, 149453, 149456, 149486, 149489, 149503, 149506, 149803, 149919, 149928, 149930, 150156, 34061, 31509, 151438, 35528, 66548, 37813, 40401, 41176, 25352, 37902, 36956], "label": "window"}, {"objectId": 20, "id": 20, "partId": 20, "index": 19, "dominantNormal": [0.9235426783561707, 0.38349559903144836, 8.515312877742617e-17], "obb": {"axesLengths": [0.9222290692570525, 2.6056298627191055, 0.2765099761766734], "centroid": [-6.900520045479212, 1.066038264845476, 0.22718496671650534], "normalizedAxes": [-0.38349559903144836, 0.9235426783561707, 2.0506766914700118e-16, 0, -2.220446049250313e-16, 1, 0.9235426783561707, 0.38349559903144836, 8.515312877742617e-17]}, "segments": [176041, 52383, 154308, 154253, 49807, 49725, 155575, 53337, 50882, 50793, 52673, 155065, 50587, 56205, 51238, 154909, 154563, 45144, 44561, 51917, 156687, 156623, 58940, 44924, 45087, 45126, 45835, 45878, 45896, 45934, 46003, 46007, 46041, 47052, 47071, 47123, 47193, 47392, 47443, 47475, 47499, 47511, 47531, 47971, 47988, 48075, 48147, 48153, 48246, 48261, 48302, 48371, 49538, 49558, 49607, 49628, 49649, 49650, 49686, 49712, 49717, 50635, 50877, 50890, 50904, 50941, 50976, 50990, 50995, 50997, 51037, 51063, 51064, 51250, 51792, 51800, 51820, 51835, 51873, 51891, 51895, 51897, 51931, 51936, 51969, 51987, 51995, 52029, 52041, 52057, 52060, 52064, 52097, 52113, 52119, 52132, 52142, 52143, 52174, 52204, 52251, 52273, 52283, 52301, 52316, 52449, 52531, 52557, 52597, 52607, 52612, 52639, 52698, 52718, 52722, 52725, 52739, 52758, 52781, 52785, 52811, 52848, 52850, 52860, 52899, 52917, 52925, 52945, 52948, 52960, 52973, 52991, 53041, 53050, 53056, 53062, 53608, 53710, 53715, 53728, 53735, 53741, 53783, 53791, 53797, 53806, 53842, 53902, 53928, 53930, 53946, 53954, 53983, 53992, 53998, 54008, 54013, 54034, 54035, 54056, 54130, 54163, 54190, 54200, 54205, 54214, 54252, 54261, 54321, 54343, 54351, 54408, 54413, 54414, 54441, 54444, 54448, 54455, 54466, 54480, 54481, 54498, 54528, 54535, 54541, 54543, 54545, 54548, 54552, 54560, 54561, 54568, 54580, 54621, 54646, 54654, 54686, 54691, 54695, 54703, 54723, 54734, 54741, 54758, 54789, 54799, 54818, 54819, 54825, 54833, 54847, 54853, 54878, 54907, 54921, 55271, 55545, 55571, 55599, 55628, 55665, 55667, 55674, 55704, 55709, 55730, 55746, 55768, 55790, 55830, 55887, 55894, 55946, 55952, 55974, 56006, 56030, 56045, 56049, 56056, 56167, 57695, 57737, 57761, 57843, 57844, 58012, 58024, 58034, 58040, 58142, 58146, 58157, 58163, 58173, 58186, 58476, 58477, 58542, 58560, 58837, 58846, 58901, 58977, 59173, 59183, 59214, 60786, 60795, 60835, 60886, 60888, 132635, 133226, 134956, 134963, 151855, 151898, 152060, 152065, 152193, 152259, 152809, 152816, 152821, 152822, 152830, 153059, 153164, 153172, 153175, 153178, 153182, 153194, 153639, 153641, 153643, 153648, 153650, 153653, 153669, 153679, 153683, 153686, 153690, 153692, 153699, 153740, 153750, 153752, 153886, 153919, 153928, 153931, 154003, 154012, 154017, 154021, 154029, 154036, 154039, 154045, 154048, 154067, 154069, 154093, 154102, 154107, 154124, 154131, 154134, 154136, 154140, 154148, 154187, 154199, 154202, 154205, 154210, 154213, 154216, 154218, 154347, 154350, 154365, 154370, 154670, 154676, 154696, 154704, 154718, 154728, 154729, 154731, 154736, 154741, 154742, 154749, 154750, 154753, 154866, 154870, 154879, 154881, 154894, 154897, 154900, 154943, 154948, 154951, 154956, 154980, 154983, 154987, 154989, 155000, 155001, 155005, 155013, 155014, 155019, 155023, 155032, 155041, 155043, 155053, 155086, 155215, 155321, 155324, 155784, 155786, 155790, 155795, 156008, 156328, 156388, 156508, 156511, 156514, 156538, 174759, 174796, 174797, 174801, 176001, 176006, 48256, 48373, 53746, 154508, 154530, 45692, 48241, 51108, 45656, 45687, 45705, 45706, 45823, 45847, 46009, 46013, 46058, 47869, 47899, 47961, 47982, 47984, 48050, 48058, 48064, 48099, 48105, 48110, 48177, 48178, 48353, 48414, 49495, 49787, 50660, 52495, 52496, 52913, 53622, 54319, 56657, 56665, 56669, 56678, 56831, 56852, 58176, 132638, 132713, 132791, 151905, 151908, 151915, 151920, 151924, 152156, 152172, 152187, 153064, 153188, 153192, 153216, 153733, 154031, 155454, 155459, 155464, 155584, 174514, 174593, 174601, 174647, 153142, 48062, 51005, 52169, 52480, 53016, 53613, 53648, 53662, 53675, 53759, 54357, 54370, 54373, 58475, 59168, 59181, 153905, 153921, 154270, 154356, 154361, 154603, 156350], "label": "window"}, {"objectId": 21, "id": 21, "partId": 21, "index": 20, "dominantNormal": [0.9283312559127808, 0.3717540502548218, 8.254598121811214e-17], "obb": {"axesLengths": [0.9339907092470844, 2.587329925879911, 0.27537394787222086], "centroid": [-5.883386087460032, -1.2043940065618388, 0.23633493513610215], "normalizedAxes": [-0.3717540502548218, 0.9283312559127808, 2.0613094695871154e-16, 0, -2.220446049250313e-16, 1, 0.9283312559127808, 0.3717540502548218, 8.254598121811214e-17]}, "segments": [10662, 10685, 157625, 12844, 29876, 157702, 66226, 30772, 15069, 30857, 29665, 18294, 29386, 18130, 10611, 10651, 10683, 10688, 10746, 10775, 10809, 10812, 15119, 17986, 17998, 18017, 18035, 18041, 18054, 18059, 18092, 18095, 18122, 18142, 18150, 18156, 18167, 18190, 18217, 18227, 18230, 18249, 18258, 18260, 18269, 18280, 18369, 18441, 18448, 18463, 18487, 18502, 18851, 18868, 18899, 18927, 19202, 19229, 19280, 19294, 21383, 26259, 28089, 28115, 28146, 28561, 28562, 29434, 29449, 29461, 29474, 29478, 29491, 29748, 29788, 30691, 61580, 61582, 61587, 61601, 61641, 61680, 61696, 61703, 61711, 61717, 61762, 61779, 61781, 61788, 61805, 61819, 61832, 61834, 61839, 61845, 61852, 61860, 61867, 61894, 61926, 61944, 61947, 61970, 61980, 62040, 62058, 62794, 66070, 66109, 66152, 66154, 66173, 66174, 83845, 144771, 144813, 144837, 144839, 144878, 144880, 144905, 145778, 145785, 145796, 145799, 145811, 145815, 145827, 148421, 148488, 157317, 157323, 157341, 157343, 157347, 157355, 157420, 157424, 157436, 157437, 157454, 157460, 157462, 157594, 157601, 158572, 158575, 158576, 158580, 158765, 158837, 28689, 30145, 66076, 66689, 67074, 59921, 9666, 9668, 9687, 9688, 9734, 9741, 9760, 9763, 9779, 9786, 9807, 9865, 9892, 9896, 9898, 9953, 10007, 10016, 10032, 10050, 10075, 10096, 18432, 21408, 21424, 26173, 26181, 26183, 26210, 28133, 28589, 28652, 30781, 57907, 57921, 58285, 58291, 58301, 59957, 59993, 60024, 60037, 60073, 60092, 60103, 60129, 61590, 61813, 62661, 62673, 62675, 62698, 62734, 64631, 66102, 66132, 66186, 66614, 66633, 66636, 66638, 66677, 66678, 66683, 66733, 66772, 66773, 66783, 66794, 66803, 66821, 66844, 66854, 67010, 67022, 67038, 67040, 144722, 144724, 144727, 144732, 144739, 144744, 144763, 144768, 145820, 145824, 148070, 148071, 148781, 155971, 155974, 156882, 156930, 156939, 156942, 156947, 157318, 157364, 157402, 157744, 157749, 158583, 158601, 158685, 158693, 158694, 158731, 158768, 158911, 158914, 158919, 158922, 158926, 158946, 158949, 158955, 158991, 162475, 166952, 167005, 57913, 9537, 9556, 9583, 9619, 9777, 10572, 13203, 13295, 15130, 15585, 18179, 18338, 26191, 52410, 53445, 54304, 61881, 67089, 148538, 154339, 155935, 155977, 157754, 158791, 162488, 157482, 148729, 18376, 18984, 61621, 61665, 144729, 148687, 157336, 157759, 54291, 53468, 153813, 9522, 144695, 9674, 9696, 9906], "label": "window"}, {"objectId": 22, "id": 22, "partId": 22, "index": 21, "dominantNormal": [0.9210553169250488, 0.38943183422088623, 8.647123777480697e-17], "obb": {"axesLengths": [0.9079055331330537, 2.619999946206808, 0.24297741260114658], "centroid": [-5.440509781623104, -2.3481115871696603, 0.2399999054521329], "normalizedAxes": [-0.38943183422088623, 0.9210553169250488, 2.0451536396072197e-16, 0, -2.220446049250313e-16, 1, 0.9210553169250488, 0.38943183422088623, 8.647123777480697e-17]}, "segments": [8797, 152780, 50025, 153373, 9225, 3387, 153465, 941, 996, 3719, 5174, 5232, 6033, 6436, 6443, 6538, 6691, 7109, 7286, 7328, 8341, 8753, 8804, 8812, 8817, 8850, 8852, 11413, 11414, 11432, 11437, 11478, 11489, 11497, 11531, 11591, 11629, 11683, 11741, 11777, 11812, 11829, 12072, 12079, 12121, 12134, 12177, 12193, 12198, 12200, 12213, 12235, 12236, 22181, 49199, 49228, 49232, 49255, 49918, 49986, 50096, 50165, 50173, 50176, 51495, 142935, 142939, 142992, 142993, 144318, 144323, 144325, 144472, 144474, 144499, 144913, 144924, 144967, 144969, 144970, 144973, 144992, 144994, 145004, 145026, 145031, 145033, 145036, 145046, 145055, 145060, 145062, 145115, 145119, 152448, 152792, 152884, 152922, 152967, 153610, 8908, 6623, 6483, 143806, 6170, 6155, 6157, 6231, 6236, 6250, 6258, 6265, 6289, 6320, 6407, 6418, 6441, 6496, 6523, 6580, 6597, 6609, 6618, 6641, 6649, 6653, 6658, 6660, 6661, 6663, 6669, 6702, 6707, 7048, 7057, 7103, 7119, 7123, 7202, 7249, 7250, 7251, 7269, 7546, 8097, 8132, 8146, 8245, 8248, 8265, 8269, 8270, 8291, 8308, 8314, 8334, 8444, 8487, 8510, 8512, 8515, 8522, 8524, 8526, 8528, 8529, 8535, 8549, 8565, 8575, 8576, 8582, 8583, 8591, 8608, 8610, 8614, 8622, 8642, 8652, 8654, 8657, 8674, 8682, 8698, 8699, 8717, 8740, 8760, 8783, 8840, 10125, 10151, 10194, 10196, 10197, 10216, 10354, 10398, 10414, 10432, 10446, 10486, 10492, 36248, 38363, 38377, 38422, 38424, 38446, 38448, 38460, 38527, 48964, 48977, 48997, 49001, 49008, 49029, 49049, 49077, 49095, 49096, 49135, 49179, 49193, 49222, 142963, 143774, 143777, 143782, 143792, 143794, 143822, 143823, 143826, 143829, 143835, 143844, 143847, 143854, 143855, 143858, 143861, 143907, 143914, 144144, 144301, 144342, 144353, 144358, 144365, 144391, 144396, 144421, 144427, 144430, 144431, 144439, 144443, 144449, 144779, 144781, 144783, 144789, 144792, 144795, 144797, 144801, 144807, 144811, 149879, 150449, 150538, 150540, 150544, 150549, 150579, 150583, 152377, 152378, 152385, 152393, 152417, 152424, 152426, 152450, 152604, 8047, 10150, 10367, 49044, 150488, 152390, 152440, 152696, 38293, 10187, 10211, 10232, 10380, 11423, 11640, 11653, 11669, 11710, 11752, 12150, 12253, 38355, 38379, 38437, 48945, 49065, 49213, 50045, 144774, 144978, 144981, 144984, 144986, 150472, 150590, 152461, 152508, 152749, 152752, 152958, 152635, 6599, 6600, 8427, 143832, 10346, 150551, 50180, 932, 3743, 50401, 12149, 49088], "label": "window"}, {"objectId": 23, "id": 23, "partId": 23, "index": 22, "dominantNormal": [0.9452047944068909, 0.3264780342578888, 7.249268613349375e-17], "obb": {"axesLengths": [0.8826562140