{"segGroups": [{"objectId": 1, "id": 1, "partId": 1, "index": 0, "dominantNormal": [0, -2.220446049250313e-16, 1], "obb": {"axesLengths": [5.026201520885365, 0.3999999672174462, 2.7297956605053084], "centroid": [0.17317308845270296, -0.5496969419816655, -1.289999949007401], "normalizedAxes": [-0.48917490243911743, 0.8721857070922852, 1.9366413075256553e-16, 0, -2.220446049250313e-16, 1, 0.8721857070922852, 0.48917490243911743, 1.0861864795133456e-16]}, "segments": [2972, 15533, 19931, 12782, 765, 8565, 8568, 8578, 8579, 8645, 8698, 8722, 12642, 13199, 13217, 13230, 13245, 13313, 13374, 13481, 13519, 14519, 14801, 16539, 17933, 19763, 19794, 19814, 19817, 19821, 27279, 34133, 34144, 34184, 34407, 34608, 34661, 34700, 34705, 40073, 43405, 43408, 43411, 43646, 43648, 47910, 48215, 4379, 3015, 3827, 4534, 4590, 12873, 18973, 36936, 46632, 46634, 46638, 46644, 47526, 1436, 1576, 3847, 4529, 19772, 19777, 23999, 24019, 31921, 34591, 34593, 34602, 36067, 36898, 37468, 46781, 46786, 46921, 1459, 1592, 1624, 1625, 1669, 3097, 43527, 46265, 36123, 36167, 36192], "label": "floor"}, {"objectId": 2, "id": 2, "partId": 2, "index": 1, "dominantNormal": [0.8214497566223145, 0.5702808499336243, 1.2662778601982267e-16], "obb": {"axesLengths": [5.063710141866305, 2.645629942887351, 0.19550147159074693], "centroid": [-0.4494801543321907, -0.9381015086790472, -0.08718492004524414], "normalizedAxes": [-0.570280909538269, 0.8214497566223145, 1.8239848667496493e-16, 0, -2.220446049250313e-16, 1, 0.8214497566223145, 0.570280909538269, 1.2662779925471247e-16]}, "segments": [26189, 46482, 12411, 12507, 12578, 12586, 12596, 12601, 12603, 12610, 21923, 26915, 39011, 46498, 49197, 39329, 43135, 40184, 39565, 1178, 6946, 6649, 6700, 7125, 21225, 46329, 10298, 42062, 49149, 2289, 38830], "label": "wall"}, {"objectId": 3, "id": 3, "partId": 3, "index": 2, "dominantNormal": [0.5791997313499451, -0.8151856660842896, -1.8100757916623457e-16], "obb": {"axesLengths": [1.92496287439914, 2.6313099273001406, 0.11417980826211195], "centroid": [1.7445254057364057, -2.4681388717520925, -0.08565492845270306], "normalizedAxes": [0.8151856660842896, 0.5791997313499451, 1.2860817552028282e-16, 0, -2.220446049250313e-16, 1, 0.5791997313499451, -0.8151856660842896, -1.8100757916623457e-16]}, "segments": [35882, 13604, 29279, 16374, 10930, 6389, 2611, 11618, 14198, 29635, 39786, 40108, 40797, 40800, 37087, 31483, 38037, 45457], "label": "wall"}, {"objectId": 4, "id": 4, "partId": 4, "index": 3, "dominantNormal": [0.8145399689674377, 0.5801074504852295, 1.2880972965705994e-16], "obb": {"axesLengths": [4.889692877108762, 2.624749959452076, 0.16764736698399765], "centroid": [1.0741221289196714, 0.06375993607398844, -0.07214499957452825], "normalizedAxes": [-0.5801074504852295, 0.8145399689674377, 1.8086420560502198e-16, 0, -2.220446049250313e-16, 1, 0.8145399689674377, 0.5801074504852295, 1.2880972965705994e-16]}, "segments": [49715, 49544, 41805, 939, 959, 993, 1017, 1065, 1102, 1109, 1122, 1128, 1211, 5275, 40670, 42281, 42331, 42358, 42359, 42378, 42402, 43394, 43395, 49206, 49499, 49501, 49507, 49510, 49513, 49516, 49525, 49527, 49530, 49532, 49784, 8269, 20886, 6091, 8002, 8243, 32790, 37366, 47180, 47188, 49640, 9309, 38091, 47238, 29842, 11366, 29845, 32626, 42266, 12030, 12804], "label": "wall"}, {"objectId": 5, "id": 5, "partId": 5, "index": 4, "dominantNormal": [0.5051406621932983, -0.8630369901657104, -1.916327075170333e-16], "obb": {"axesLengths": [1.8570899470807407, 2.5782700200765563, 0.19877236929638012], "centroid": [-1.0697329415918988, 1.5580170194304865, -0.04086495953272484], "normalizedAxes": [0.8630369901657104, 0.5051406621932983, 1.1216375876827963e-16, 0, -2.220446049250313e-16, 1, 0.5051406621932983, -0.8630369901657104, -1.916327075170333e-16]}, "segments": [17676, 10595, 14117, 26992, 35140, 35881, 46254, 35900, 17617], "label": "wall"}, {"objectId": 6, "id": 6, "partId": 6, "index": 5, "dominantNormal": [0, -2.220446049250313e-16, 1], "obb": {"axesLengths": [4.994168982171073, 0.17546999062292346, 1.8974873329309954], "centroid": [0.30631027944385414, -0.4282423791871973, 1.2422650614925885], "normalizedAxes": [-0.5754682421684265, 0.817824125289917, 1.8159343479815892e-16, 0, -2.220446049250313e-16, 1, 0.817824125289917, 0.5754682421684265, 1.277796184791905e-16]}, "segments": [17631, 5534, 953, 1358, 1426, 1464, 1505, 2668, 2674, 2852, 5632, 5833, 7195, 7213, 7388, 9706, 10108, 10119, 10133, 11572, 15793, 18421, 18431, 18485, 27761, 27764, 27766, 27781, 27789, 27812, 27828, 33721, 43498, 43594, 43597, 45072, 45074, 48569, 48848, 10448, 954, 1310, 1744, 1932, 5830, 9052, 10195, 10993, 18764, 18792, 26144, 27083, 34075, 35737, 43413, 945, 1789, 1922, 35925, 48857, 48599, 27897, 36341, 3433, 2115, 43012, 31778, 29154, 1858, 1892, 2174, 3253, 3656, 3686, 3810, 3882, 3911, 5311, 6615, 6625, 6930, 7008, 7009, 28956, 29043, 29700, 30257, 30303, 31087, 31171, 31260, 31262, 42885, 43045, 45302, 48926, 39394, 8024, 11226, 8150, 29998], "label": "ceiling"}, {"objectId": 7, "id": 7, "partId": 7, "index": 6, "dominantNormal": [0, -2.220446049250313e-16, 1], "obb": {"axesLengths": [0.9212061585431861, 0.8379789999579116, 0.9845917865386338], "centroid": [-1.3791079424464674, 1.045697745271695, -0.9338004242218116], "normalizedAxes": [0.34233731031417847, 0.9395771026611328, 2.0862802655699682e-16, 0, -2.220446049250313e-16, 1, 0.9395771026611328, -0.34233731031417847, -7.60141528198096e-17]}, "segments": [46651, 28661, 13864, 15710, 15711, 15986, 16022, 19370, 19382, 19400, 19406, 24655, 24840, 24861, 24862, 24966, 25094, 25202, 28285, 28293, 28328, 28354, 28521, 28540, 28555, 37100, 43755, 43760, 44337, 44371, 45141, 45166, 46705, 46750, 46758, 45295, 28834, 45280, 45222, 30106, 15755, 19412, 24934, 28493, 28519, 30115, 36820, 44323, 45180, 45340, 25765, 16015, 15736, 24760, 36850, 36838], "label": "washing machine"}, {"objectId": 8, "id": 8, "partId": 8, "index": 7, "dominantNormal": [0.7528747916221619, 0.6581637859344482, 1.4614171782377744e-16], "obb": {"axesLengths": [0.9611148559712344, 1.078767990795493, 0.5083070832584276], "centroid": [-0.2809719813694561, 1.6149104583924432, -0.8376359316183719], "normalizedAxes": [-0.6581637859344482, 0.7528747916221619, 1.671717856637582e-16, 0, -2.220446049250313e-16, 1, 0.7528747916221619, 0.6581637859344482, 1.4614171782377744e-16]}, "segments": [21697, 21388, 21597, 21854, 21899, 21900, 22462, 22474, 22643, 22651, 22679, 22712, 22748, 22756, 22762, 22776, 22793, 22797, 22807, 22811, 22821, 22856, 22873, 22891, 22952, 23340, 23577, 23578, 23588, 23662, 23694, 23712, 23724, 23812, 23837, 23897, 23900, 23916, 23929, 23970, 24235, 24281, 24299, 25611, 31729, 31758, 36937, 36960, 37238, 37256, 37327, 37332, 37376, 37379, 37427, 43943, 43945, 43951, 43953, 43961, 44090, 44191, 44193, 44197, 44201, 44203, 44210, 44212, 44216, 44219, 44221, 44224, 44234, 44251, 44253, 44255, 44258, 44424, 44427, 44429, 44434, 44537, 44539, 44546, 44701, 44705, 45529, 46761, 44088, 22878, 20097, 20126, 20157, 20161, 20164, 20384, 23760, 44639, 31043, 31624, 37483, 30920, 22351, 22358, 22364, 22380, 22381, 22382, 22397, 22401, 23308, 23781, 24023, 24037, 24039, 24095, 24115, 24130, 24161, 24457, 25409, 25413, 31574, 44382, 44400, 44415, 44421, 45365, 44441, 24100, 24270, 20106, 20191, 20210, 20279, 20280, 21059, 21220, 22353, 22366, 23265, 24572, 32112, 44305, 45486, 26446, 19676, 20101, 44786, 44908, 26517, 20119, 17237, 23225, 44791, 23285, 26487, 11885, 11988, 11989, 11990, 20261, 20293, 20323, 20368, 20393, 22081, 22104, 23430, 23435, 43813, 43900, 43903, 43906, 43921, 43927, 45613, 45622, 45627, 47251, 21149, 20579, 20583, 20672, 21104, 21139, 44993], "label": "clothes dryer"}, {"objectId": 9, "id": 9, "partId": 9, "index": 8, "dominantNormal": [0.4401831030845642, -0.8979080319404602, -1.9937563421123188e-16], "obb": {"axesLengths": [0.5706135252816588, 0.8399999549984934, 0.265581956479111], "centroid": [-1.0046741054073407, 1.516929408828147, -0.6099999272517067], "normalizedAxes": [0.8979080319404602, 0.4401831030845642, 9.774028321908639e-17, 0, -2.220446049250313e-16, 1, 0.4401831030845642, -0.8979080319404602, -1.9937563421123188e-16]}, "segments": [48305, 25841, 25651, 25874, 25906, 25917, 25920, 25979, 26021, 26704, 44707, 44709, 45006, 26988, 38201, 48296, 27671, 45050, 45057, 45062], "label": "sink"}, {"objectId": 10, "id": 10, "partId": 10, "index": 9, "dominantNormal": [0.8767237663269043, 0.48099425435066223, 1.0680217917850282e-16], "obb": {"axesLengths": [0.9515421675718446, 2.112486970890603, 0.2135254604624666], "centroid": [1.8938766844732697, -1.1898444370806684, -0.32613644873708303], "normalizedAxes": [-0.48099422454833984, 0.8767237663269043, 1.9467178232244293e-16, 0, -2.220446049250313e-16, 1, 0.8767237663269043, 0.48099422454833984, 1.0680217256105792e-16]}, "segments": [42543, 39250, 33856, 33858, 33873, 33928, 35542, 35573, 35586, 35595, 35616, 35666, 35699, 39417, 39461, 46165, 46169, 49094, 49137, 49140, 49067, 33867, 33896, 33929, 34903, 11547, 35515, 42455, 49732, 42787, 49772, 49780, 49741, 49748, 11552, 40043, 34924, 40058], "label": "door"}, {"objectId": 11, "id": 11, "partId": 11, "index": 10, "dominantNormal": [0.48174047470092773, -0.8763139247894287, -1.945807792201723e-16], "obb": {"axesLengths": [0.6801705305066005, 1.2600000219047058, 0.10200469015852558], "centroid": [2.312591315925179, -0.5864192227685775, -0.8199999607048127], "normalizedAxes": [0.8763139247894287, 0.48174047470092773, 1.0696787338136454e-16, 0, -2.220446049250313e-16, 1, 0.48174047470092773, -0.8763139247894287, -1.945807792201723e-16]}, "segments": [33717, 31074, 17962, 17972, 20561, 31363, 32133, 32244, 35327, 35279], "label": "wall /other room"}, {"objectId": 12, "id": 12, "partId": 12, "index": 11, "dominantNormal": [0.45281150937080383, -0.8916062712669373, -1.9797636225214738e-16], "obb": {"axesLengths": [0.8460838831970454, 2.1340799450707437, 0.19980022831552177], "centroid": [0.49449922046583783, -3.085198246676885, -0.3770399467257355], "normalizedAxes": [0.8916062712669373, 0.45281150937080383, 1.0054435270374725e-16, 0, -2.220446049250313e-16, 1, 0.45281150937080383, -0.8916062712669373, -1.9797636225214738e-16]}, "segments": [42134, 3372, 1407, 1495, 1498, 1526, 1548, 1650, 2327, 9091, 9907, 38537, 38594, 43519, 43524, 43567, 43571, 49377, 49422, 49438, 49456, 49330, 40241, 39678, 1174, 27565, 8271, 43521], "label": "door"}, {"objectId": 13, "id": 13, "partId": 13, "index": 12, "dominantNormal": [0.5405030846595764, -0.841342031955719, -1.868154590924307e-16], "obb": {"axesLengths": [1.2998930265794602, 2.339999921470881, 0.222717973813479], "centroid": [-2.272065353582965, 0.163346043430867, -0.21999995027400043], "normalizedAxes": [0.841342031955719, 0.5405030846595764, 1.200157938939964e-16, 0, -2.220446049250313e-16, 1, 0.5405030846595764, -0.841342031955719, -1.868154590924307e-16]}, "segments": [3761, 4259, 16720, 16756, 16846, 31929, 3608, 1680, 23395, 424, 112, 114, 142, 149, 152, 158, 196, 219, 220, 235, 278, 298, 323, 342, 370, 24435, 43465, 43472, 43474, 19887, 25009, 19280, 19977, 20026, 20271, 20385, 20440, 20745, 24985, 20855, 2011, 2014, 20786, 24880, 21639, 21713, 24243, 24685, 19645, 24504, 25164, 13016, 263, 288, 996, 1006, 1030, 1039, 1043, 1053, 1757, 13656, 13691, 20613, 33549, 35091, 43504, 46121, 46125, 13710, 1050, 2150, 2515, 3576, 12966, 13014, 13639, 13647, 13649, 13703, 13718, 14393, 14489, 33523, 35035, 43506, 43700, 43711, 43718, 45609, 4280, 2186, 3747, 13289, 13308, 14344, 14479, 16750, 3722, 3543, 4228, 29942], "label": "wall /other room"}, {"objectId": 15, "id": 15, "initialPoint": [-1.0741168056636035, -0.06224568352369608, 0.6388712257143472], "index": 13, "dominantNormal": [0.7642663717269897, 0.6449006795883179, 1.4319671661507224e-16], "obb": {"axesLengths": [0.8852219362105753, 2.0004999786503608, 0.27776908298013003], "centroid": [-1.1248955801242957, -0.08958570530638649, -0.3302499439950237], "normalizedAxes": [-0.6449006795883179, 0.7642663717269897, 1.6970122456760656e-16, 0, -2.220446049250313e-16, 1, 0.7642663717269897, 0.6449006795883179, 1.4319671661507224e-16]}, "segments": [34769, 34772, 19899, 29556, 9824, 30764, 26918, 20466, 10672, 10680, 10697, 10718], "partId": 15, "label": "doorframe"}, {"objectId": 16, "id": 16, "initialPoint": [0.5282800263386309, -2.4352982508050722, 0.6317147602075743], "index": 14, "dominantNormal": [0.9039482474327087, 0.4276418089866638, 9.495555652586947e-17], "obb": {"axesLengths": [0.8577545349894233, 1.4128509444106152, 0.1920919940265833], "centroid": [0.5455993088340969, -2.5630309182839444, -0.029904440463899284], "normalizedAxes": [-0.4276418387889862, 0.9039482474327087, 2.0071683147387026e-16, 0, -2.220446049250313e-16, 1, 0.9039482474327087, 0.4276418387889862, 9.495556314331437e-17]}, "segments": [49839, 43339, 49881, 49885, 49889, 12153, 49827], "partId": 16, "label": "doorframe"}, {"objectId": 17, "id": 17, "initialPoint": [1.7941087113315446, -0.7419459158799518, -0.7304653419358189], "index": 15, "dominantNormal": [0.7592107653617859, 0.6508448123931885, 1.4451657923535166e-16], "obb": {"axesLengths": [1.096452781840448, 2.0360299489789453, 0.5423920245488796], "centroid": [1.6053850854702745, -0.42880921307291997, -0.34801492915931576], "normalizedAxes": [-0.6508448123931885, 0.7592107653617859, 1.685786544495884e-16, 0, -2.220446049250313e-16, 1, 0.7592107653617859, 0.6508448123931885, 1.4451657923535166e-16]}, "segments": [46148, 15262, 35330, 40882, 41540, 40830, 5197, 6838, 25328, 5867, 6095, 6123, 6148, 35254, 38701, 38719], "partId": 17, "label": "doorframe"}, {"objectId": 20, "id": 20, "initialPoint": [1.7111663267901975, -0.4115155028618708, -1.3602961141347387], "index": 16, "dominantNormal": [0, -2.220446049250313e-16, 1], "obb": {"axesLengths": [2.1016208624399666, 0.24434995105080376, 1.3648116634174432], "centroid": [2.21272368616335, 0.18215003952256403, -1.4078249180496802], "normalizedAxes": [0.5645428895950317, 0.8254037499427795, 1.8327644955968382e-16, 0, -2.220446049250313e-16, 1, 0.8254037499427795, -0.5645428895950317, -1.253537028833644e-16]}, "segments": [4013, 47543, 7486, 31282, 31145, 13936, 16430, 15436, 33176, 18600, 7406, 13917, 15005, 17460, 17490, 17526, 17801, 18556, 18670, 18671, 18702, 21054, 21125, 22193, 27240, 27993, 28108, 29063, 29065, 30558, 30594, 30667, 30688, 31154, 31231, 31252, 31347, 32742, 33199, 34237, 37772, 37839, 43929, 45055, 45129, 45362, 45509, 47355, 28087, 48062, 19163, 22154, 22179, 22226, 22283, 25284, 25315, 25325, 25332, 25361, 25376, 26196, 26256, 26294, 26340, 26346, 26361, 27242, 27254, 37764, 44731, 44733, 21240, 22153, 25397, 37887], "partId": 20, "label": "floor /other room"}, {"objectId": 21, "id": 21, "initialPoint": [-2.0982322724099025, 0.0500138983063626, -1.386223757446703], "index": 17, "dominantNormal": [0, -2.220446049250313e-16, 1], "obb": {"axesLengths": [1.6379865935561457, 0.2939199143517035, 0.8776357791895051], "centroid": [-1.9091412410844701, -0.01540944678646261, -1.3830399363992305], "normalizedAxes": [0.994448184967041, 0.10522721707820892, 2.3365135843491408e-17, 0, -2.220446049250313e-16, 1, 0.10522721707820892, -0.994448184967041, -2.2081185434942108e-16]}, "segments": [25064, 23354, 29703, 22682, 22457, 15206, 15211, 15216, 15241, 15242, 17243, 18107, 22413, 22425, 22440, 22919, 22925, 22929, 23099, 23125, 23128, 23331, 23333, 25222, 25349, 25350, 29882, 29923, 29929, 43741, 43748, 43792, 43799, 43831, 43836, 43842, 43845, 43848, 20846, 20843, 23404, 23406, 23013, 23458, 23637, 47878, 24131, 43939, 25467, 22843, 22868, 23607, 23817, 24180, 25047, 25295, 25392, 25601, 29889], "partId": 21, "label": "floor /other room"}, {"objectId": 22, "id": 22, "initialPoint": [-1.4713589124644229, 0.2650131408663662, -0.5598920103488547], "index": 18, "dominantNormal": [0.7570637464523315, 0.6533409953117371, 1.450708431853214e-16], "obb": {"axesLengths": [0.19745664245155992, 2.0067759303724175, 0.0701263777507155], "centroid": [-1.4589515881898394, 0.23816456860116264, -0.33174193762737003], "normalizedAxes": [-0.6533409953117371, 0.7570637464523315, 1.6810192048407203e-16, 0, -2.220446049250313e-16, 1, 0.7570637464523315, 0.6533409953117371, 1.450708431853214e-16]}, "segments": [45634, 45844, 33266, 19923, 32908, 33223, 33241, 29541], "partId": 22, "label": "wall /other room"}], "scan_id": "d63767c3-3205-226c-98c2-fdccc047d36e", "annId": "6013", "appId": "stk.v1"}