{"segGroups": [{"objectId": 9, "id": 9, "partId": 9, "index": 0, "dominantNormal": [-0.5752848982810974, -0.8179531097412109, -1.8162207509968796e-16], "obb": {"axesLengths": [1.1036064598944368, 1.0952999645031989, 1.0722242816279581], "centroid": [0.0711006941304757, 1.5189290234535004, -0.8776500382799652], "normalizedAxes": [0.8179531097412109, -0.5752848982810974, -1.277389079581631e-16, 0, -2.220446049250313e-16, 1, -0.5752848982810974, -0.8179531097412109, -1.8162207509968796e-16]}, "segments": [17762, 19826, 56484, 50347, 3408, 30964, 23357, 35799, 19844, 9175, 20868, 53607, 18799, 27992, 48239, 36265, 56476, 38943, 8121, 8453, 9320, 9640, 9867, 10045, 17768, 19389, 19661, 19673, 19936, 19943, 19949, 19962, 20114, 20141, 20387, 20474, 20929, 20975, 22247, 22530, 36403, 36641, 37311, 37338, 38767, 51865, 51907, 51912, 51994, 52071, 52248, 53546, 53549, 57403, 57671, 59696, 27182, 61378, 27077], "label": "armchair"}, {"objectId": 10, "id": 10, "partId": 10, "index": 1, "dominantNormal": [0, -2.220446049250313e-16, 1], "obb": {"axesLengths": [0.8152622148910913, 0.4799999487400064, 0.6365726673142887], "centroid": [0.9293070185856864, 1.1768948387884328, -1.1899999915063386], "normalizedAxes": [-0.6836298704147339, 0.7298288941383362, 1.6205456846181936e-16, 0, -2.220446049250313e-16, 1, 0.7298288941383362, 0.6836298704147339, 1.5179632449118993e-16]}, "segments": [41492, 6475, 42040, 55456, 19044, 45911, 62041, 55875], "label": "ottoman"}, {"objectId": 11, "id": 11, "partId": 11, "index": 2, "dominantNormal": [0, -2.220446049250313e-16, 1], "obb": {"axesLengths": [2.4065293633261944, 1.024351991168737, 1.2981900151414836], "centroid": [0.7118397720476952, -1.6049143931227068, -0.9232340453587319], "normalizedAxes": [0.5434455275535583, 0.8394444584846497, 1.8639411314073088e-16, 0, -2.220446049250313e-16, 1, 0.8394444584846497, -0.5434455275535583, -1.2066914746390508e-16]}, "segments": [38484, 11818, 39978, 19243, 18477, 45550, 43839, 37496, 14431, 15918, 18358, 18389, 18393, 18413, 18416, 20699, 20717, 20743, 20751, 25156, 25178, 25197, 26882, 29955, 29994, 30501, 30568, 30625, 32271, 33839, 33876, 36356, 38483, 38595, 41683, 41723, 44007, 45176, 45482, 45491, 45547, 45803, 45851, 47239, 47259, 47294, 48567, 48571, 48584, 48589, 48600, 51812, 51830, 52401, 52484, 52486, 53074, 53085, 53087, 55234, 56439, 59249, 59581, 59585, 59593, 59777, 59797, 60814, 60841, 60878, 61122, 61321, 41441, 45209, 5077, 19202, 19207, 19540, 28747, 29683, 30019, 30094, 32438, 33918, 33952, 33954, 33962, 37771, 40056, 40062, 40120, 43799, 43876, 43883, 47372, 55556, 55605, 55607, 58539, 60551, 60556, 60679, 61216, 18617, 15940, 43779, 47362, 60750, 37818, 37639, 28593, 45025, 44987, 60901, 47749, 45041, 14674, 14679, 14690, 14828, 17936, 17946, 18375, 19257, 20224, 21579, 22230, 22231, 22268, 29390, 29549, 29606, 29644, 29768, 29940, 31213, 32063, 32151, 32547, 32552, 32578, 33393, 33409, 33411, 33428, 36009, 36118, 37590, 37792, 37831, 37842, 38519, 38569, 38580, 38910, 38913, 38922, 38927, 39085, 39090, 39125, 39199, 39377, 39987, 40010, 40011, 40085, 40127, 40136, 40164, 40233, 40258, 40270, 40351, 40820, 40840, 40873, 40880, 41027, 41068, 41465, 41673, 41695, 41715, 41747, 41750, 41793, 42493, 42533, 42579, 43476, 43540, 44630, 44662, 44965, 46228, 46274, 47072, 47412, 47420, 47432, 47892, 47999, 48004, 48029, 48033, 48050, 48058, 48063, 51962, 51964, 51987, 51989, 52373, 52658, 52660, 53852, 54873, 55286, 55453, 55532, 55568, 56262, 56283, 56288, 56382, 56385, 56388, 58619, 59590, 59936, 60046, 60207, 60378, 60404, 60453, 60900, 47890, 18349], "label": "dining table"}, {"objectId": 12, "id": 12, "partId": 12, "index": 3, "dominantNormal": [-0.5958933234214783, -0.8030635714530945, -1.7831593345298701e-16], "obb": {"axesLengths": [1.1790429846078512, 1.1314999208264065, 0.19989697462265638], "centroid": [-1.2417826672223287, 0.010456115666105603, -0.875750006159768], "normalizedAxes": [0.8030635714530945, -0.5958933234214783, -1.3231489757658605e-16, 0, -2.220446049250313e-16, 1, -0.5958933234214783, -0.8030635714530945, -1.7831593345298701e-16]}, "segments": [24048, 17431, 19065, 57556, 4042, 34393, 19134, 17699, 17565, 48340, 4530, 23540, 34127, 38456, 48346, 57342, 57352, 57571, 3999, 18219], "label": "fireplace"}, {"objectId": 13, "id": 13, "partId": 13, "index": 4, "dominantNormal": [0.7624885439872742, -0.6470017433166504, -1.4366324648055215e-16], "obb": {"axesLengths": [1.1608726560425278, 1.525969918236808, 0.5485065153262563], "centroid": [-0.9692140819789345, -1.2015780122958102, -0.672985007845201], "normalizedAxes": [0.6470017433166504, 0.7624885439872742, 1.6930646750951665e-16, 0, -2.220446049250313e-16, 1, 0.7624885439872742, -0.6470017433166504, -1.4366324648055215e-16]}, "segments": [11656, 11953, 5320, 5361, 5627, 5758, 5829, 6918, 7386, 7502, 7715, 7803, 7808, 7885, 7903, 8474, 14819, 18030, 18056, 18076, 18101, 18541, 18593, 18628, 18629, 18671, 18707, 19724, 19725, 19733, 19749, 20330, 20363, 20401, 20496, 20532, 20538, 21460, 21462, 21469, 21493, 21507, 25468, 25490, 25585, 25586, 25598, 25624, 25642, 25678, 25721, 25803, 25823, 25841, 25862, 25871, 26212, 26241, 30815, 32055, 33740, 33747, 34913, 38228, 48945, 48950, 50661, 50667, 50688, 50872, 50990, 52312, 52317, 53096, 53119, 53180, 53187, 53189, 53194, 53197, 53206, 53218, 53248, 53255, 53261, 53262, 53442, 53450, 53454, 54951, 55177, 48960, 49335, 26190, 5949, 6030, 7937, 8580, 8581, 8646, 8697, 17954, 22125, 25478, 16636, 17882, 50882], "label": "wardrobe"}, {"objectId": 14, "id": 14, "partId": 14, "index": 5, "dominantNormal": [0.66814124584198, -0.744034469127655, -1.6520883974805556e-16], "obb": {"axesLengths": [0.3815849486690796, 1.776439954867065, 0.1912147642789375], "centroid": [-1.2453373270333845, 0.9590059798487358, -0.5382200415085254], "normalizedAxes": [0.744034469127655, 0.66814124584198, 1.4835715896710066e-16, 0, -2.220446049250313e-16, 1, 0.66814124584198, -0.744034469127655, -1.6520883974805556e-16]}, "segments": [17197, 17146, 11347, 10797, 16435, 8318, 54613, 15757, 16082], "label": "curtain"}, {"objectId": 15, "id": 15, "partId": 15, "index": 6, "dominantNormal": [0.8441728949546814, -0.5360710024833679, -1.190316739581849e-16], "obb": {"axesLengths": [0.8057981414289828, 1.776679923161567, 0.2999976484634422], "centroid": [-0.9238355941387233, 1.3395186570460496, -0.5583400061352557], "normalizedAxes": [0.5360710024833679, 0.8441728949546814, 1.8744403694863219e-16, 0, -2.220446049250313e-16, 1, 0.8441728949546814, -0.5360710024833679, -1.190316739581849e-16]}, "segments": [54584, 15986, 16014, 15783, 20982, 12678, 29806, 13506, 12661, 56212, 13194, 11580, 35655, 35622, 11668, 56345, 35866, 12623, 26699, 29808, 53050, 14206, 52953, 13561, 14147, 50908, 24780, 14083, 11627, 11113, 29799], "label": "curtain"}, {"objectId": 16, "id": 16, "partId": 16, "index": 7, "dominantNormal": [0.8377564549446106, -0.5460440516471863, -1.2124613571966287e-16], "obb": {"axesLengths": [0.34815017508199686, 2.5068299210035057, 0.21066575095664652], "centroid": [-0.6473195510266669, 1.725644973904652, -0.1858450635706259], "normalizedAxes": [0.5460440516471863, 0.8377564549446106, 1.8601930106157085e-16, 0, -2.220446049250313e-16, 1, 0.8377564549446106, -0.5460440516471863, -1.2124613571966287e-16]}, "segments": [33104, 53517, 34743, 54104, 28477, 27652, 54179, 13597, 13601, 13611, 13695, 13702, 14047, 14075, 14149, 14161, 19305, 19490, 26364, 26365, 28402, 28491, 31621, 31664, 48097, 48100, 50804, 50820, 50829, 50835, 50847, 50856, 50860, 53463, 56056, 35775, 20267, 20276, 51278, 51004, 50910], "label": "curtain"}, {"objectId": 17, "id": 17, "partId": 17, "index": 8, "dominantNormal": [-0.5869749188423157, -0.8096051216125488, -1.7976844937374033e-16], "obb": {"axesLengths": [1.1125442494750541, 2.060117913928972, 0.49289563573958634], "centroid": [1.837344241541179, 0.5225911533531562, -0.40898100676430094], "normalizedAxes": [0.8096051216125488, -0.5869749188423157, -1.303346139552443e-16, 0, -2.220446049250313e-16, 1, -0.5869749188423157, -0.8096051216125488, -1.7976844937374033e-16]}, "segments": [43268, 15221, 14405, 12490, 10874, 10901, 10908, 10911, 11004, 11028, 12422, 12579, 12763, 13154, 13171, 13239, 13325, 14308, 14315, 14961, 14963, 37724, 50505, 50749, 51137, 51140, 54534, 58383, 59901, 60354, 17384, 14385, 12434, 10928, 33157, 54727, 60373, 54645, 14995, 13942, 13292, 14479, 51306, 14334, 10967, 11153, 11190, 11297, 10852, 7884, 10861, 11226, 11280, 11430, 11470, 11526, 11698, 11794, 11805, 11898, 15076, 17250, 31913, 47941, 50562, 50589, 50604, 50652, 50787, 51060, 51119, 54922, 31891, 8896, 11293, 11836, 12909, 17612, 17872, 15564, 15620, 13857, 13869, 13769, 10447, 10477, 10500, 10513, 11745, 11772, 12784, 13747, 13877, 13878, 13914, 13955, 13960, 13984, 13994, 14277, 14524, 15670, 37838, 43258, 51108, 51131], "label": "wardrobe"}, {"objectId": 18, "id": 18, "partId": 18, "index": 9, "dominantNormal": [0.7819385528564453, -0.623355507850647, -1.3841272746853916e-16], "obb": {"axesLengths": [1.6795494349732702, 2.07998890996004, 0.4973671165880159], "centroid": [2.80930906118542, -1.4210426343933018, -0.41950551786634005], "normalizedAxes": [0.623355507850647, 0.7819385528564453, 1.736252370446601e-16, 0, -2.220446049250313e-16, 1, 0.7819385528564453, -0.623355507850647, -1.3841272746853916e-16]}, "segments": [21332, 56770, 29631, 3290, 1840, 49281, 49190, 49535, 2363, 49141, 1927, 1877, 1546, 1360, 1474, 1491, 1508, 1519, 1583, 1591, 1853, 1918, 2053, 2138, 2222, 2228, 2629, 2657, 2716, 2946, 3119, 3129, 9220, 19473, 19569, 21816, 25952, 28057, 28059, 28105, 28117, 28159, 28165, 30256, 30309, 30401, 30989, 31927, 32208, 33942, 34412, 34500, 36123, 37602, 37652, 37702, 37878, 37881, 37884, 37908, 38073, 38184, 43112, 48200, 48254, 48297, 49033, 49075, 49092, 49123, 49162, 49210, 49221, 49264, 49270, 49370, 49747, 49750, 50336, 53787, 54513, 3320, 3373, 3167, 3224, 31091, 39615, 45996, 50284, 33368, 2681, 5127, 9205, 50310], "label": "cabinet"}, {"objectId": 19, "id": 19, "partId": 19, "index": 10, "dominantNormal": [0.734412431716919, -0.6787034273147583, -1.507024343793702e-16], "obb": {"axesLengths": [1.640726955096709, 1.067700004554539, 0.5071051086355164], "centroid": [1.658988251069674, -2.855198893081687, -0.9038500490669155], "normalizedAxes": [0.6787034273147583, 0.734412431716919, 1.630723182526148e-16, 0, -2.220446049250313e-16, 1, 0.734412431716919, -0.6787034273147583, -1.507024343793702e-16]}, "segments": [7367, 8370, 5002, 4198, 3975, 4152, 7452, 8416, 15736, 15758, 15782, 15784, 15786, 15853, 15870, 22839, 22843, 22899, 22920, 22923, 22927, 22965, 22973, 23068, 23171, 45135, 51497, 52411, 52427, 52430, 52452, 52456, 52461, 52465, 54413, 61035, 3787, 3874, 25492, 15831, 39591, 39337, 8800, 49944, 5705, 49877, 8596, 49814], "label": "cabinet"}, {"objectId": 20, "id": 20, "partId": 20, "index": 11, "dominantNormal": [0.949206531047821, -0.31465375423431396, -6.986716854713614e-17], "obb": {"axesLengths": [0.38406782600043854, 0.3200000005960463, 0.2789985406570437], "centroid": [3.2132126303141284, -0.57829983137244, -0.07000004902482027], "normalizedAxes": [0.31465375423431396, 0.949206531047821, 2.107661891787729e-16, 0, -2.220446049250313e-16, 1, 0.949206531047821, -0.31465375423431396, -6.986716854713614e-17]}, "segments": [2518, 5838, 5855, 49611, 5502], "label": "floor lamp"}, {"objectId": 21, "id": 21, "partId": 21, "index": 12, "dominantNormal": [-0.5680999755859375, -0.8229595422744751, -1.8273372643362042e-16], "obb": {"axesLengths": [1.1640308836564954, 0.32359490192841944, 0.2571222137740242], "centroid": [0.6841861867197707, 1.5727914494387716, 0.10820250343823701], "normalizedAxes": [0.8229595422744751, -0.5680999755859375, -1.2614353463689942e-16, 0, -2.220446049250313e-16, 1, -0.5680999755859375, -0.8229595422744751, -1.8273372643362042e-16]}, "segments": [23777, 53678, 27813, 24566, 53670, 19339, 19344, 20775, 22136, 22155, 23533, 23765, 23771, 27759, 52649, 53667], "label": "shelf"}, {"objectId": 22, "id": 22, "partId": 22, "index": 13, "dominantNormal": [0.43729516863822937, -0.8993180394172668, -1.9968871876436075e-16], "obb": {"axesLengths": [0.43321077472431335, 0.7984679162844732, 0.37514706861103153], "centroid": [-0.2918570870489281, -0.8621601654782829, -1.0307660077341052], "normalizedAxes": [0.8993180394172668, 0.43729516863822937, 9.709903295590058e-17, 0, -2.220446049250313e-16, 1, 0.43729516863822937, -0.8993180394172668, -1.9968871876436075e-16]}, "segments": [33622, 31269, 33588, 31160, 31165, 57454, 38158, 55500, 31335, 31350, 31357, 38647, 57441, 57463, 57494, 30789, 21888, 26079, 26075, 57483, 30836, 30847, 30898, 33637, 53432, 54836, 57409], "label": "coffee table"}, {"objectId": 24, "id": 24, "partId": 24, "index": 14, "dominantNormal": [-0.6890515685081482, -0.7247123122215271, -1.6091845905153492e-16], "obb": {"axesLengths": [0.4988279970431544, 0.47987495780270617, 0.24583090976972988], "centroid": [-0.783579341162874, 0.052694271901641665, -1.1700625064955095], "normalizedAxes": [0.7247123122215271, -0.6890515685081482, -1.530001833023649e-16, 0, -2.220446049250313e-16, 1, -0.6890515685081482, -0.7247123122215271, -1.6091845905153492e-16]}, "segments": [3660, 23614, 3670, 3678, 3725, 34376, 34719, 34847, 34859, 35090, 49459, 56545, 48363, 48356, 48332, 12403], "label": "stool"}, {"objectId": 26, "id": 26, "partId": 26, "index": 15, "dominantNormal": [0, -2.220446049250313e-16, 1], "obb": {"axesLengths": [0.47710832601566383, 0.27865993353739515, 0.3433857228070248], "centroid": [-1.2028548921297673, 0.09041669366218175, -1.3139299959556017], "normalizedAxes": [0.8050872683525085, -0.5931563377380371, -1.317071646718209e-16, 0, -2.220446049250313e-16, 1, -0.5931563377380371, -0.8050872683525085, -1.7876528443150542e-16]}, "segments": [4551, 4518, 4262, 31229, 4510, 54408, 54325, 54315, 4327, 29115], "label": "object"}, {"objectId": 27, "id": 27, "partId": 27, "index": 16, "dominantNormal": [-0.05388535559177399, -0.9985471367835999, -2.2172200448613563e-16], "obb": {"axesLengths": [0.7272368689379779, 0.8892850081037351, 0.5845316878574172], "centroid": [0.6475074350314587, -1.0593329725138916, -1.0075375417425292], "normalizedAxes": [0.9985471367835999, -0.05388535186648369, -1.1964951666439669e-17, 0, -2.220446049250313e-16, 1, -0.05388535186648369, -0.9985471367835999, -2.2172200448613563e-16]}, "segments": [40486, 31313, 29572, 30021, 23663, 29761, 39178, 38417, 29455, 40397, 40251, 43538, 54942, 55191, 40103, 40142, 41414, 40349, 43281, 41074, 40632, 59572, 52369], "label": "dining chair"}, {"objectId": 28, "id": 28, "partId": 28, "index": 17, "dominantNormal": [0.8611850142478943, -0.5082916617393494, -1.1286342121760148e-16], "obb": {"axesLengths": [0.47087991363223725, 0.6150209170202703, 0.15501451503914598], "centroid": [-0.09072494307378665, -1.7726303712356852, -0.8719695220447443], "normalizedAxes": [0.5082916617393494, 0.8611850142478943, 1.9122148625603115e-16, 0, -2.220446049250313e-16, 1, 0.8611850142478943, -0.5082916617393494, -1.1286342121760148e-16]}, "segments": [55951, 18362, 36277, 56933, 56429, 36213, 32415, 19234, 51979, 19260, 55276, 32440, 36301, 36304, 55942, 55986, 55982, 36365, 56894, 36262, 56453], "label": "dining chair"}, {"objectId": 29, "id": 29, "partId": 29, "index": 18, "dominantNormal": [0.9865880608558655, -0.16322992742061615, -3.624432474605225e-17], "obb": {"axesLengths": [0.5245974089160458, 0.7261800007630881, 0.37479764499924734], "centroid": [0.6154011398715843, -2.326684942549325, -1.033090052386596], "normalizedAxes": [0.16322994232177734, 0.9865880608558655, 2.190665561964934e-16, 0, -2.220446049250313e-16, 1, 0.9865880608558655, -0.16322994232177734, -3.62443280547747e-17]}, "segments": [21812, 21798, 27151, 27165, 27359, 27365, 44036, 61261, 60186, 27028, 21343, 52752, 31459, 52665, 58644, 40149, 52719, 21335, 21354, 21399, 21410, 21428, 21484, 21499, 21503, 21565, 21594, 21623, 21651, 21653, 21689, 21707, 21777, 26942, 26990, 27000, 27235, 27463, 31359, 31418, 31496, 31503, 31516, 31539, 31557, 31575, 31581, 32913, 32961, 40143, 40144, 42322, 42380, 42397, 42552, 42615, 51348, 52046, 52052, 52054, 52663, 58650, 58653, 59910, 59919, 59922, 59928, 59930, 59953, 59959, 60045, 60130, 60143, 60154, 60156, 60382, 60387, 60390, 60392, 60399, 60460], "label": "dining chair"}, {"objectId": 30, "id": 30, "partId": 30, "index": 19, "dominantNormal": [0.8924990892410278, -0.45104914903640747, -1.0015303009956066e-16], "obb": {"axesLengths": [0.5847109067537122, 0.8572709368779297, 0.48721165669201766], "centroid": [1.3475228829619756, -1.5125768565115265, -0.9976945203312971], "normalizedAxes": [0.45104917883872986, 0.8924990892410278, 1.9817460766647429e-16, 0, -2.220446049250313e-16, 1, 0.8924990892410278, -0.45104917883872986, -1.0015303671700556e-16]}, "segments": [15472, 42634, 15346, 51451, 13826, 13842, 13851, 15320, 15348, 15370, 15433, 18653, 42569, 42624, 47333, 51361, 51376, 51395, 51406, 51416, 51420, 55804, 51479, 47129, 58542, 47195, 15248, 60077, 46787, 46879, 46891, 47096, 47799, 47801, 47804, 60082, 60088, 18206, 17917, 47897, 47871], "label": "dining chair"}, {"objectId": 31, "id": 31, "partId": 31, "index": 20, "dominantNormal": [0.4942284822463989, -0.8693320751190186, -1.9303049716846011e-16], "obb": {"axesLengths": [0.4937038556049778, 0.3626919903749524, 0.3426132674880385], "centroid": [-0.02098639153032389, 1.5921797364694772, -0.8113460266289264], "normalizedAxes": [0.8693320751190186, 0.4942284822463989, 1.097407680830995e-16, 0, -2.220446049250313e-16, 1, 0.4942284822463989, -0.8693320751190186, -1.9303049716846011e-16]}, "segments": [23436, 51874, 18773, 35513], "label": "cushion"}, {"objectId": 32, "id": 32, "partId": 32, "index": 21, "dominantNormal": [0.9052548408508301, -0.4248690605163574, -9.43398826872238e-17], "obb": {"axesLengths": [0.27585862619054186, 0.3807518918644212, 0.23088159986565973], "centroid": [0.08471910342944944, 2.036723692147887, 0.11962399923151623], "normalizedAxes": [0.42486903071403503, 0.9052548408508301, 2.0100695349319466e-16, 0, -2.220446049250313e-16, 1, 0.9052548408508301, -0.42486903071403503, -9.43398760697789e-17]}, "segments": [30591, 29273, 30628, 30672, 30697, 54783, 30738], "label": "lamp"}, {"objectId": 33, "id": 33, "partId": 33, "index": 22, "dominantNormal": [-0.6147530674934387, -0.788719654083252, -1.7513094398752304e-16], "obb": {"axesLengths": [1.0408993797093062, 0.5199999599903825, 0.2209763095226581], "centroid": [0.6525660012742314, 1.6059976284715782, 0.26999992925673744], "normalizedAxes": [0.788719654083252, -0.614753007888794, -1.365025887631419e-16, 0, -2.220446049250313e-16, 1, -0.614753007888794, -0.788719654083252, -1.7513094398752304e-16]}, "segments": [29323, 25984, 25988, 26049, 26014, 26026, 53317, 22098, 53328, 25920, 52336, 22101, 52344, 52618, 23544, 26011, 30578, 23624, 22115, 22171], "label": "pictures"}, {"objectId": 34, "id": 34, "partId": 34, "index": 23, "dominantNormal": [0.9839873313903809, -0.17823834717273712, -3.9576863380460985e-17], "obb": {"axesLengths": [0.2834851087430192, 0.40000000447034806, 0.21659240682014205], "centroid": [1.1534965982088254, 1.2089402042141808, 0.12999995321035396], "normalizedAxes": [0.17823834717273712, 0.9839873313903809, 2.1848907824981298e-16, 0, -2.220446049250313e-16, 1, 0.9839873313903809, -0.17823834717273712, -3.9576863380460985e-17]}, "segments": [37455, 37457, 37429, 41579, 41526, 41520, 23595, 23634, 37447, 37491, 37515, 37527, 37557, 41538, 41547, 59597, 59600, 59604, 23585, 52629], "label": "lamp"}, {"objectId": 35, "id": 35, "partId": 35, "index": 24, "dominantNormal": [-0.2860323190689087, -0.9582199454307556, -2.127675692144572e-16], "obb": {"axesLengths": [0.397497485747279, 0.8067619620242272, 0.2765436171325308], "centroid": [2.3982964476371, -0.0386351660765637, -1.0507890254082755], "normalizedAxes": [0.9582199454307556, -0.2860323190689087, -6.351193328344633e-17, 0, -2.220446049250313e-16, 1, -0.2860323190689087, -0.9582199454307556, -2.127675692144572e-16]}, "segments": [39884, 39300, 56563, 36786, 35433, 35160, 36785, 35155, 58450, 58359, 33159, 35201, 35223, 35401, 35417, 35421, 35440, 39305, 39392, 39420, 39423, 39426, 39743, 39785, 56559, 56561, 56591, 57605, 57678, 57709, 58476], "label": "shelf unit"}, {"objectId": 36, "id": 36, "partId": 36, "index": 25, "dominantNormal": [0.8053894639015198, -0.5927460193634033, -1.3161605569043185e-16], "obb": {"axesLengths": [0.44478062604267493, 0.604530991512589, 0.41699501927313765], "centroid": [2.36133144671632, 0.018221639522830957, -0.447734537771318], "normalizedAxes": [0.5927460193634033, 0.805389404296875, 1.7883237208790592e-16, 0, -2.220446049250313e-16, 1, 0.805389404296875, -0.5927460193634033, -1.3161605569043185e-16]}, "segments": [9533, 9498, 50151, 54689, 9779, 9801, 55369, 50355, 9583, 32909, 39109, 8432, 8660, 8664, 8711, 8743, 8753, 8970, 8985, 9002, 9011, 9013, 9032, 9034, 9052, 9081, 9085, 9098, 9108, 9159, 9183, 9545, 9547, 9555, 9558, 9565, 9629, 9655, 9818, 11499, 11523, 30111, 30129, 32734, 32748, 32765, 32771, 32803, 32826, 32844, 32882, 32892, 32898, 32906, 32907, 32945, 32964, 39100, 39124, 39692, 49775, 49951, 49955, 49977, 50035, 50074, 50080, 50091, 50156, 50225, 50351, 54638, 54695, 54706, 54720, 55294, 55326, 55327, 55347, 55350, 55395, 55432, 55436, 57588], "label": "plant"}, {"objectId": 37, "id": 37, "partId": 37, "index": 26, "dominantNormal": [0, -2.220446049250313e-16, 1], "obb": {"axesLengths": [0.32146571623020187, 0.1105101083850088, 0.22853916968411078], "centroid": [0.9945963364516651, 0.6256498054466464, -1.3874650194317473], "normalizedAxes": [0.15758968889713287, 0.9875046610832214, 2.1927008233185084e-16, 0, -2.220446049250313e-16, 1, 0.9875046610832214, -0.15758968889713287, -3.499194021142246e-17]}, "segments": [19127, 18269, 51916, 18918], "label": "footstool"}, {"objectId": 38, "id": 38, "partId": 38, "index": 27, "dominantNormal": [-0.2985297441482544, -0.954400360584259, -2.1191945100623922e-16], "obb": {"axesLengths": [0.31775188402896726, 0.5036739892436415, 0.21374572367086522], "centroid": [-1.65272081227261, 0.28908597651629864, -0.1618370433486176], "normalizedAxes": [0.954400360584259, -0.2985297441482544, -6.628691909776982e-17, 0, -2.220446049250313e-16, 1, -0.2985297441482544, -0.954400360584259, -2.1191945100623922e-16]}, "segments": [40970, 56617, 42948, 16411, 16469, 32095, 36982, 51564, 51568, 56636, 16342], "label": "lamp"}, {"objectId": 39, "id": 39, "partId": 39, "index": 28, "dominantNormal": [0.7704786062240601, -0.6374658942222595, -1.4154586263576341e-16], "obb": {"axesLengths": [0.3121212134149521, 0.440000002682209, 0.07564067259223523], "centroid": [-1.5575968985969557, 0.6661321333516041, -0.05000005364418003], "normalizedAxes": [0.6374658942222595, 0.7704786062240601, 1.7108061772221018e-16, 0, -2.220446049250313e-16, 1, 0.7704786062240601, -0.6374658942222595, -1.4154586263576341e-16]}, "segments": [16093, 59886, 16161, 40317, 40277], "label": "magazine rack"}, {"objectId": 40, "id": 40, "partId": 40, "index": 29, "dominantNormal": [0, -2.220446049250313e-16, 1], "obb": {"axesLengths": [0.3593727723089638, 0.11245989548132052, 0.1197866063510312], "centroid": [-0.6506582862659867, -0.3268479730109867, -1.3618300159611554], "normalizedAxes": [0.8757551908493042, 0.48275548219680786, 1.0719325031978319e-16, 0, -2.220446049250313e-16, 1, 0.48275548219680786, -0.8757551908493042, -1.9445671536317914e-16]}, "segments": [54301, 26333, 36885, 37038, 54277], "label": "object"}, {"objectId": 41, "id": 41, "partId": 41, "index": 30, "dominantNormal": [0, -2.220446049250313e-16, 1], "obb": {"axesLengths": [0.4900167969709658, 0.06730097381842937, 0.3828747141926138], "centroid": [0.5141626732448832, -1.6444201192709735, -0.6163495250117147], "normalizedAxes": [-0.3665599524974823, 0.9303944110870361, 2.065890594342781e-16, 0, -2.220446049250313e-16, 1, 0.9303944110870361, 0.3665599524974823, 8.13926598336417e-17]}, "segments": [17072], "label": "plate"}, {"objectId": 42, "id": 42, "partId": 42, "index": 31, "dominantNormal": [-0.3649800717830658, -0.9310153126716614, -2.0672692728133354e-16], "obb": {"axesLengths": [0.2648626190558791, 0.3950250060478222, 0.19350259292706914], "centroid": [0.7645638827711851, -1.2961081821882057, -0.4475125477273947], "normalizedAxes": [0.9310153126716614, -0.3649800717830658, -8.104185584458041e-17, 0, -2.220446049250313e-16, 1, -0.3649800717830658, -0.9310153126716614, -2.0672692728133354e-16]}, "segments": [44559, 44418, 41731, 44402, 44411, 44434, 44469, 44484, 44498, 44523, 44584, 60670, 60696, 60735, 44442, 44472, 41694, 44459, 44507, 44526, 60685, 60688, 60692, 60698], "label": "flowers"}, {"objectId": 43, "id": 43, "partId": 43, "index": 32, "dominantNormal": [0, -2.220446049250313e-16, 1], "obb": {"axesLengths": [1.093517368684594, 0.3389390035210771, 0.6676751788586367], "centroid": [1.047353738691483, -1.2105865455266343, -0.5205305307239929], "normalizedAxes": [-0.09565573930740356, 0.9954144954681396, 2.2102641838287244e-16, 0, -2.220446049250313e-16, 1, 0.9954144954681396, 0.09565573930740356, 2.1239840843324212e-17]}, "segments": [20588, 45439, 61139, 45488, 45274, 61207, 20599, 45470, 20737, 61128, 61174, 59774, 20680, 61115, 20638, 45386, 37374], "label": "objects"}, {"objectId": 44, "id": 44, "partId": 44, "index": 33, "dominantNormal": [0.7739107012748718, -0.6332947015762329, -1.4061967181261024e-16], "obb": {"axesLengths": [0.42142414780620163, 0.45999996826052714, 0.13881282703247153], "centroid": [-1.2086227701905146, -1.2534719798828124, 0.4199999272078281], "normalizedAxes": [0.6332947015762329, 0.7739107012748718, 1.7184269591183284e-16, 0, -2.220446049250313e-16, 1, 0.7739107012748718, -0.6332947015762329, -1.4061967181261024e-16]}, "segments": [49071, 3134, 48762, 4666, 7693, 4406, 4445, 48812, 4595, 2998, 3061, 3066, 3074, 3078, 3081, 3096, 3123, 3198, 3432, 4362, 4363, 4392, 4407, 4465, 4706, 48491, 48497, 48498, 48501, 48794, 48851], "label": "storage unit"}, {"objectId": 300, "id": 300, "partId": 300, "index": 34, "dominantNormal": [0, -2.220446049250313e-16, 1], "obb": {"axesLengths": [2.1982541893108887, 0.18640994608976058, 1.2836825804924659], "centroid": [3.610594294314798, -0.9847638263632446, 1.7232048815517507], "normalizedAxes": [-0.4129463732242584, 0.9107553362846375, 2.0222830882868635e-16, 0, -2.220446049250313e-16, 1, 0.9107553362846375, 0.4129463732242584, 9.169251429780499e-17]}, "segments": [29482, 19561, 15817, 15336, 48735, 13992, 14346, 14639, 48755, 6904, 8008, 7998, 48934, 6636, 6917, 6919, 7782, 10730, 10836, 12575, 12581, 12782, 12887, 13248, 15121, 20099, 26448, 26649, 29522, 48895, 44254, 2552, 44274, 44292, 48452, 48740, 48742], "label": "ceiling"}, {"objectId": 1, "id": 1, "partId": 1, "index": 35, "dominantNormal": [0, -2.220446049250313e-16, 1], "obb": {"axesLengths": [5.74653179017992, 0.40000008642673196, 5.346109662957638], "centroid": [0.8697401603510906, -0.6934598911464794, -1.3700000244379043], "normalizedAxes": [0.15854905545711517, 0.98735111951828, 2.1923598925572386e-16, 0, -2.220446049250313e-16, 1, 0.98735111951828, -0.15854905545711517, -3.520496238021202e-17]}, "segments": [26153, 38847, 47647, 16587, 28475, 41894, 39737, 35350, 35207, 63295, 57159, 63230, 34041, 25707, 4648, 6642, 7521, 7838, 9985, 12271, 12272, 12312, 15832, 15897, 16700, 16781, 16797, 16842, 16846, 16883, 16911, 16922, 16935, 16975, 16979, 16981, 16983, 16993, 17019, 17032, 17036, 17046, 17299, 17634, 18062, 18188, 18941, 20000, 21984, 21990, 22276, 22283, 22311, 22320, 22342, 22364, 22409, 22475, 22477, 22486, 22490, 22503, 22553, 22573, 22605, 22616, 22631, 22716, 22730, 22779, 22789, 22811, 22836, 22858, 22886, 22910, 22919, 22949, 22971, 23004, 23005, 23015, 23042, 23052, 23090, 23179, 23194, 23208, 23210, 23216, 23217, 23224, 23230, 23248, 23289, 23301, 23307, 23335, 24076, 24102, 24136, 24644, 24650, 24663, 24707, 24734, 24745, 24758, 24784, 24842, 24879, 24892, 24895, 24916, 24932, 24944, 24956, 25009, 25022, 25029, 25030, 25075, 25119, 25128, 25136, 25148, 25215, 25230, 25310, 25335, 25343, 25439, 25520, 25539, 25543, 25604, 25630, 26189, 27343, 27349, 27380, 27544, 27545, 27561, 27577, 27613, 27625, 27666, 27694, 27791, 27796, 27830, 27881, 27887, 27945, 27956, 27970, 28143, 28167, 28179, 28774, 28797, 28860, 28868, 28896, 28899, 28944, 28950, 28974, 28992, 29001, 29006, 29873, 32190, 32283, 32290, 32316, 32333, 32340, 32404, 32446, 32464, 32521, 32530, 33027, 33037, 33057, 33060, 33095, 33099, 33111, 33124, 33141, 33147, 33153, 33165, 33180, 33215, 33248, 33370, 33469, 33502, 33991, 33994, 34013, 34071, 34072, 34087, 34102, 34119, 34137, 34144, 34157, 34163, 34170, 34174, 34185, 34189, 34193, 34230, 34252, 34263, 34271, 34283, 34286, 34297, 34325, 34335, 34353, 34359, 34386, 34391, 34396, 34403, 34409, 34420, 34423, 34425, 34427, 34437, 34523, 34536, 34557, 34574, 34593, 34594, 34613, 34663, 34680, 34681, 34698, 34724, 34728, 34734, 34736, 34752, 34777, 34782, 34785, 34797, 34806, 34812, 34826, 34868, 34875, 34882, 35913, 35931, 35939, 35953, 35989, 36000, 36114, 37598, 37620, 37887, 37913, 37917, 37935, 37943, 37959, 37965, 37972, 37996, 38012, 38015, 38032, 39540, 39569, 39657, 39683, 39691, 39697, 39741, 39770, 39805, 39817, 39850, 39928, 39935, 39937, 40417, 40511, 40523, 40529, 40533, 40535, 40540, 40547, 40704, 40861, 40907, 40908, 41102, 41103, 41136, 41153, 41172, 41190, 41242, 41270, 41665, 41827, 41869, 41975, 41987, 41992, 41993, 42000, 42026, 42619, 42730, 42761, 42790, 42795, 42827, 42844, 42849, 42868, 42874, 42899, 42905, 42910, 42911, 43050, 43064, 43465, 43529, 43578, 44163, 44166, 44223, 44225, 44710, 44843, 44865, 44883, 44894, 46469, 46521, 46524, 46568, 46584, 46588, 46621, 46632, 46636, 46668, 46670, 46693, 46698, 46707, 46711, 46714, 46741, 46781, 46798, 46825, 46843, 46853, 46857, 46866, 46873, 46949, 47474, 47525, 49677, 50673, 50674, 50677, 50681, 51518, 51520, 51525, 51530, 51540, 51570, 51576, 51709, 51716, 51721, 51724, 51726, 51739, 51749, 51755, 51758, 51770, 51779, 51850, 51856, 51858, 52100, 52101, 52150, 52172, 52214, 52230, 52322, 52367, 52378, 52389, 52422, 52477, 52491, 52494, 52498, 52539, 52543, 52554, 52557, 52560, 52562, 52564, 52566, 52572, 52854, 52872, 52932, 52939, 53095, 53108, 53117, 53121, 53720, 53724, 53725, 54231, 54242, 54461, 54470, 54924, 54934, 55613, 55614, 55618, 55625, 55629, 55630, 55635, 55636, 55639, 55649, 55656, 55659, 55663, 55671, 55678, 55702, 55709, 55711, 55714, 55720, 55754, 55776, 55778, 55782, 55809, 55826, 55838, 55858, 55864, 55882, 55890, 55894, 55896, 55899, 55902, 55905, 56994, 57012, 57014, 57021, 57049, 57052, 57053, 57055, 57065, 57069, 57086, 57089, 57093, 57095, 57097, 57104, 58430, 58434, 58953, 58955, 58973, 58980, 59035, 59108, 59133, 59138, 59144, 59170, 59233, 59246, 59832, 59843, 59858, 59861, 59879, 59881, 60222, 60242, 60245, 60591, 60601, 60609, 60615, 60653, 60659, 60665, 60886, 60899, 61661, 61662, 61664, 61701, 61702, 61714, 61719, 61730, 61739, 61740, 61809, 61930, 61943, 61953, 62021, 62024, 63342, 63611, 63698, 63700, 35851, 21953, 19980, 9880, 63023, 62100, 10250, 43696, 19593, 6419], "label": "floor"}, {"objectId": 2, "id": 2, "partId": 2, "index": 36, "dominantNormal": [-0.6231634020805359, -0.7820916771888733, -1.736592374765585e-16], "obb": {"axesLengths": [5.952764966489751, 3.3343499153625222, 0.452050525590824], "centroid": [2.01647289207796, 0.5069860001080355, 0.24017489350941168], "normalizedAxes": [0.7820916771888733, -0.6231634020805359, -1.3837007141871102e-16, 0, -2.220446049250313e-16, 1, -0.6231634020805359, -0.7820916771888733, -1.736592374765585e-16]}, "segments": [44946, 38367, 31440, 33522, 26795, 26816, 61571, 22690, 21721, 26872, 21782, 27919, 20422, 31734, 46181, 480, 822, 9943, 543, 1187, 1802, 2006, 2125, 2174, 2695, 4864, 4865, 7548, 7699, 7726, 7900, 7993, 8148, 8191, 8846, 8933, 10174, 10196, 10201, 10209, 10243, 10411, 10647, 10668, 10671, 10672, 10713, 12076, 12248, 32971, 33076, 35317, 35328, 35487, 36721, 39301, 39314, 48757, 48936, 49365, 49625, 49679, 49738, 49970, 49984, 50444, 57897, 57900, 12026, 45001, 26994, 39196, 39160, 12091], "label": "wall"}, {"objectId": 3, "id": 3, "partId": 3, "index": 37, "dominantNormal": [0.7817748785018921, -0.6235607862472534, -1.3845830842901328e-16], "obb": {"axesLengths": [3.4412958637231745, 2.544269981735869, 0.3257522288147112], "centroid": [2.5847267957187947, -1.981428451393025, -0.18213503214415194], "normalizedAxes": [0.6235607862472534, 0.7817748785018921, 1.7358889403726698e-16, 0, -2.220446049250313e-16, 1, 0.7817748785018921, -0.6235607862472534, -1.3845830842901328e-16]}, "segments": [1140, 1092, 2597, 748, 2798, 2767, 3105, 32640, 6698, 52831, 52801, 24382, 7789, 8481, 49797, 5632, 49453, 3509, 5684], "label": "wall"}, {"objectId": 4, "id": 4, "partId": 4, "index": 38, "dominantNormal": [0.7955409288406372, -0.6058998107910156, -1.3453678411124229e-16], "obb": {"axesLengths": [2.63164463990522, 3.149619866543562, 0.2466067698755177], "centroid": [-0.981479622689873, 1.3411870725697688, 0.12653995208725344], "normalizedAxes": [0.6058998703956604, 0.7955409288406372, 1.7664557124611173e-16, 0, -2.220446049250313e-16, 1, 0.7955409288406372, -0.6058998703956604, -1.3453679734613209e-16]}, "segments": [21369, 36543, 35911, 26803, 27519, 41586, 58827, 42109, 11309, 53839, 40663, 32785, 21940, 23333, 48169, 945, 948, 1764, 12653, 12659, 12677, 12679, 13382, 13397, 14087, 14088, 16199, 20613, 20635, 24735, 27558, 28292, 28697, 29838, 29858, 30449, 31551, 31587, 31626, 31629, 31633, 32119, 32140, 33474, 36411, 36473, 38841, 39890, 41085, 41264, 44904, 45610, 45615, 45641, 45687, 46073, 46292, 46792, 47122, 47977, 47986, 48023, 48155, 48161, 48165, 48167, 48171, 48177, 48186, 52941, 53850, 53853, 53871, 54881, 54887, 54889, 54900, 56085, 57544, 57547, 8244, 32118, 25350, 16278], "label": "wall"}, {"objectId": 5, "id": 5, "partId": 5, "index": 39, "dominantNormal": [-0.6234943270683289, -0.7818278670310974, -1.7360065985429994e-16], "obb": {"axesLengths": [1.4018298200177908, 1.441939927072675, 0.16094165204118202], "centroid": [-1.2252073833120423, -0.07039199111020522, -0.7109700142747912], "normalizedAxes": [0.7818278670310974, -0.6234943270683289, -1.3844355152688534e-16, 0, -2.220446049250313e-16, 1, -0.6234943270683289, -0.7818278670310974, -1.7360065985429994e-16]}, "segments": [24607, 16526, 37013, 23918], "label": "wall"}, {"objectId": 6, "id": 6, "partId": 6, "index": 40, "dominantNormal": [0.7947269082069397, -0.6069671511650085, -1.3477378128290608e-16], "obb": {"axesLengths": [1.4377783115421203, 2.4458898951286834, 0.2599382729854954], "centroid": [-1.1362698793077417, -1.0852942900222793, -0.20705501831200035], "normalizedAxes": [0.6069671511650085, 0.7947269082069397, 1.7646482235610155e-16, 0, -2.220446049250313e-16, 1, 0.7947269082069397, -0.6069671511650085, -1.3477378128290608e-16]}, "segments": [24266, 16442, 10783, 10359, 8046, 48808, 3340, 4891, 3414, 3621, 1973, 4328, 48606], "label": "wall"}, {"objectId": 101, "id": 101, "initialPoint": [1.7043713840773203, -2.9267964628355787, -0.342155057041166], "index": 41, "dominantNormal": [-0.7051499485969543, -0.7090582251548767, -1.574425534733585e-16], "obb": {"axesLengths": [0.2667558349601502, 0.1599999928474427, 0.1353283309021338], "centroid": [1.7199231034839861, -2.9335968693123746, -0.41000005245208704], "normalizedAxes": [0.7090582251548767, -0.7051499485969543, -1.5657474174911686e-16, 0, -2.220446049250313e-16, 1, -0.7051499485969543, -0.7090582251548767, -1.574425534733585e-16]}, "segments": [3481, 5645, 3524], "partId": 101, "label": "box"}, {"objectId": 301, "id": 301, "initialPoint": [2.8312282857053783, -0.06107019189344265, 0.8074026636602989], "index": 42, "dominantNormal": [-0.5550999045372009, -0.831783652305603, -1.8469307245929723e-16], "obb": {"axesLengths": [1.227078052096974, 2.6129799497206507, 0.2415099454353546], "centroid": [3.010415370660185, -0.26543456656514475, -0.1836700305267427], "normalizedAxes": [0.8317837119102478, -0.5550999045372009, -1.2325693899688537e-16, 0, -2.220446049250313e-16, 1, -0.5550999045372009, -0.8317837119102478, -1.8469308569418703e-16]}, "segments": [57825, 908, 7115, 58240, 58101, 6800, 50106, 50013, 10235, 7719, 611, 6482, 58221, 24461, 39150, 33055, 24515, 23876, 23860, 11631, 22785, 23409, 58063, 58008, 7130, 57859, 6849, 55, 766, 885, 1711, 5324, 5411, 5449, 5457, 5468, 5941, 5971, 5984, 6033, 6062, 6240, 6268, 6272, 6301, 6480, 6609, 6610, 6880, 7006, 7205, 7209, 7215, 8725, 8996, 9063, 22724, 24473, 36712, 39168, 39584, 49729, 55992, 1259, 5958, 6351, 6449, 58092, 23467, 22581, 5108], "partId": 301, "label": "curtain"}], "scan_id": "c7895f3e-339c-2d13-832a-b3636f113063", "annId": "5824", "appId": "stk.v1"}