{"segGroups": [{"objectId": 1, "id": 1, "partId": 1, "index": 0, "dominantNormal": [0, -2.220446049250313e-16, 1], "obb": {"axesLengths": [6.061438804337982, 0.24032997547842605, 4.577349696873774], "centroid": [2.1841165970827525, -0.3729296517069268, -1.5301650121844923], "normalizedAxes": [-0.22195293009281158, 0.9750573635101318, 2.1650622705984986e-16, 0, -2.220446049250313e-16, 1, 0.9750573635101318, 0.22195293009281158, 4.928345067441144e-17]}, "segments": [13884, 22045, 28047, 8018, 5319, 8161, 14258, 14287, 14346, 14350, 14401, 17949, 18569, 18943, 20049, 20064, 20166, 28034, 31397, 33863, 33995, 34449, 34759, 34850, 35051, 35917, 36161, 36240, 39525, 40332, 41507, 46162, 49461, 50529, 34297, 41855, 14115, 15391, 25971, 27369, 34674, 35555, 36778, 40340, 40722, 32847, 33420, 39717, 39733, 40136, 50544, 34964, 242, 551, 955, 965, 1046, 1099, 1101, 1166, 1264, 1297, 1331, 1388, 18174, 18221, 18275, 18287, 18381, 19713, 19784, 19943, 32799, 33686, 33699, 35674, 35675, 37072, 37086, 37105, 37114, 42914, 42916, 42919, 42924, 42941, 45975, 48471, 1655, 1623, 532, 1455, 1459, 1688, 18188, 18190, 18303, 42932, 42937, 42943, 45705, 45708, 46123], "label": "floor"}, {"objectId": 2, "id": 2, "partId": 2, "index": 1, "dominantNormal": [0.5385168790817261, -0.8426147103309631, -1.870980504594584e-16], "obb": {"axesLengths": [3.6367171599763966, 2.4961899557071177, 0.2967138204475194], "centroid": [3.0847480433275574, -0.9297640677345735, -0.33809506130743605], "normalizedAxes": [0.8426147103309631, 0.5385169386863708, 1.1957478089605252e-16, 0, -2.220446049250313e-16, 1, 0.5385169386863708, -0.8426147103309631, -1.870980504594584e-16]}, "segments": [200, 52012, 36520, 28716, 5573, 15127, 15419, 28777, 28833, 35676, 39113, 48577, 52222, 8547, 2486, 32666, 1955, 52279], "label": "wall"}, {"objectId": 3, "id": 3, "partId": 3, "index": 2, "dominantNormal": [0.8391816020011902, 0.5438513159751892, 1.2075925059366926e-16], "obb": {"axesLengths": [6.039600315528846, 3.1799999956786618, 0.25852252802990755], "centroid": [3.6183132305508, 1.5121688877405934, -0.020000069819314792], "normalizedAxes": [-0.5438513159751892, 0.8391816020011902, 1.8633574727670914e-16, 0, -2.220446049250313e-16, 1, 0.8391816020011902, 0.5438513159751892, 1.2075925059366926e-16]}, "segments": [15835, 15900, 16452, 32339, 54392, 15565, 16780, 21074, 17294, 12186, 2814, 1882, 14741, 2832, 24221, 28299, 25014], "label": "wall"}, {"objectId": 4, "id": 4, "partId": 4, "index": 3, "dominantNormal": [0.5519737601280212, -0.8338614702224731, -1.851544407177548e-16], "obb": {"axesLengths": [3.6359918711906634, 2.5599999451637268, 0.2104229983421388], "centroid": [0.9943421675209116, 2.366061931916535, -0.35000007555626134], "normalizedAxes": [0.8338614702224731, 0.5519737601280212, 1.2256279549661047e-16, 0, -2.220446049250313e-16, 1, 0.5519737601280212, -0.8338614702224731, -1.851544407177548e-16]}, "segments": [42684, 40189, 23175, 15183, 15214, 18031, 18040, 18041, 20084, 23262, 23264, 23287, 23303, 24528, 24529, 24546, 24552, 24707, 25763, 25859, 26027, 31410, 31413, 31996, 32425, 32443, 32480, 32707, 32737, 32740, 32835, 33061, 33062, 33083, 33090, 33141, 35522, 40239, 46190, 47288, 47292, 47591, 47787, 47809, 49783, 49942, 49948, 49949, 50160, 50162, 50188, 50199, 50219, 50234, 54239, 17974, 27169, 17423], "label": "wall"}, {"objectId": 5, "id": 5, "partId": 5, "index": 4, "dominantNormal": [0, -2.220446049250313e-16, 1], "obb": {"axesLengths": [0.8562341870271171, 0.18667299628243622, 0.22714771538193515], "centroid": [0.19850874623054793, 1.7303075671564019, -0.2766635876968444], "normalizedAxes": [0.8376157879829407, 0.5462598204612732, 1.2129404602074194e-16, 0, -2.220446049250313e-16, 1, 0.5462598204612732, -0.8376157879829407, -1.8598806672164085e-16]}, "segments": [28399, 50004, 25534, 50012, 21441, 21480, 25240, 25250, 47749, 47751, 47776, 47782, 48458, 50018], "label": "shelf"}, {"objectId": 6, "id": 6, "partId": 6, "index": 5, "dominantNormal": [-0.40916749835014343, -0.9124593138694763, -2.02606667858313e-16], "obb": {"axesLengths": [2.019940953666742, 2.068802966129713, 0.9866313527387679], "centroid": [2.155562036376769, 2.0902852412631128, -0.575598584593789], "normalizedAxes": [0.9124593138694763, -0.40916749835014343, -9.0853435519321e-17, 0, -2.220446049250313e-16, 1, -0.40916749835014343, -0.9124593138694763, -2.02606667858313e-16]}, "segments": [25061, 31029, 19372, 19410, 12356, 18731, 18762, 39827, 39787, 53727, 35253, 35986, 36597, 35371, 50925, 15054, 16384, 16030, 34836, 39457, 38714, 13479, 13414, 13293, 22812, 34493, 45400, 14248, 15777, 14117, 18242, 18236, 12371, 13288, 13399, 13422, 13444, 13471, 13497, 14127, 14866, 14921, 14958, 14964, 15031, 15050, 15280, 16163, 16420, 17739, 18105, 18197, 18535, 18756, 18790, 19013, 19213, 19348, 19363, 19475, 20017, 20034, 20055, 22348, 22661, 22744, 24427, 24534, 24596, 24730, 24784, 24797, 33317, 33355, 33714, 33717, 33761, 34094, 35101, 35346, 35552, 35563, 35994, 36014, 36156, 36566, 36659, 36682, 38754, 39815, 39844, 40392, 41205, 41419, 41552, 41912, 41983, 42062, 42140, 42227, 42315, 42395, 45389, 45873, 46242, 46382, 46461, 46472, 46494, 46508, 48567, 49035, 49129, 49898, 49938, 50755, 50888, 50890, 51018, 51033, 52707, 52718, 53674, 53677, 53679, 53683, 53752, 53757, 53784, 53787, 53794, 54552, 54558, 54561, 46498, 48834, 16386, 26639, 46579, 46563, 21322, 6659], "label": "wardrobe"}, {"objectId": 7, "id": 7, "partId": 7, "index": 6, "dominantNormal": [0.47796913981437683, -0.8783766031265259, -1.9503878581662046e-16], "obb": {"axesLengths": [0.574665646053072, 2.0249069476520942, 0.4098907183358962], "centroid": [1.0284740228409053, 2.1477905673600777, -0.6064065856618448], "normalizedAxes": [0.8783766031265259, 0.47796913981437683, 1.0613046881644036e-16, 0, -2.220446049250313e-16, 1, 0.47796913981437683, -0.8783766031265259, -1.9503878581662046e-16]}, "segments": [7104, 47355, 23342, 22645, 28170, 48670, 31528, 31552, 49470, 29026, 26413, 5908, 6001, 6087, 6171, 6258, 6363, 6954, 7201, 22406, 22992, 23012, 23027, 23039, 23046, 23063, 23069, 23079, 23101, 23123, 23354, 23360, 23384, 26679, 26699, 26730, 26774, 26845, 26892, 26962, 26964, 26979, 27035, 27039, 28137, 28212, 28235, 28243, 28636, 28643, 28651, 28662, 28921, 28955, 28999, 29017, 29061, 29093, 29770, 30000, 43294, 43344, 43391, 47237, 47269, 47274, 47694, 47959, 47975, 47976, 47989, 48376, 48380, 48384, 48655, 48663, 48747, 48748, 48755, 48827, 29746, 25605, 48894, 29790, 6920, 6895, 7070, 7592, 26310, 28227, 29029, 29812, 30034, 48794], "label": "shelf"}, {"objectId": 8, "id": 8, "partId": 8, "index": 7, "dominantNormal": [0, -2.220446049250313e-16, 1], "obb": {"axesLengths": [2.322811409591539, 0.9165599737340216, 1.228015417889864], "centroid": [1.4483957765331392, -0.7438096716451794, -1.1282800779204791], "normalizedAxes": [-0.5143724679946899, 0.8575668931007385, 1.9041810197534004e-16, 0, -2.220446049250313e-16, 1, 0.8575668931007385, 0.5143724679946899, 1.1421363144019424e-16]}, "segments": [18670, 41991, 54846, 38871, 56041, 34962, 34958, 35466, 36101, 14834, 31047, 38664, 32353, 30738, 12994, 209, 404, 749, 844, 5619, 10069, 10826, 12317, 14852, 15266, 21183, 29847, 32199, 32310, 32377, 36231, 38377, 38812, 38922, 39612, 41681, 41760, 43043, 43202, 45865, 48938, 51042, 51046, 53594, 55299, 20220, 54808, 50148, 6567, 6588, 6602, 31624, 40948, 16699, 5627, 5603, 6577, 31265, 31301, 31305, 31306, 39692, 49436, 49438, 49440, 49448, 49449, 49451, 40946], "label": "bed"}, {"objectId": 9, "id": 9, "partId": 9, "index": 8, "dominantNormal": [0, -2.220446049250313e-16, 1], "obb": {"axesLengths": [0.5890916888686234, 0.453739990582913, 0.5448988541702465], "centroid": [2.4420374380305483, -1.0617707333196373, -1.3521200413601826], "normalizedAxes": [0.7095879912376404, 0.7046168446540833, 1.5645636889473807e-16, 0, -2.220446049250313e-16, 1, 0.7046168446540833, -0.7095879912376404, -1.5756018517390844e-16]}, "segments": [37967, 31064, 38536, 37517, 24436, 36441, 13938, 13982, 13994, 14038, 24394, 24455, 24474, 26618, 26632, 26655, 35738, 36344, 36351, 36868, 37439, 38611, 45883, 51263, 51286, 51338, 51554, 52670], "label": "nightstand"}, {"objectId": 10, "id": 10, "partId": 10, "index": 9, "dominantNormal": [0.8313231468200684, 0.5557893514633179, 1.234100269672118e-16], "obb": {"axesLengths": [1.3266369621016818, 2.4613999770268795, 0.23733053327367643], "centroid": [4.084929657460739, 0.7361272069564592, -0.34070011205143924], "normalizedAxes": [-0.5557893514633179, 0.8313231468200684, 1.8459081970069588e-16, 0, -2.220446049250313e-16, 1, 0.8313231468200684, 0.5557893514633179, 1.234100269672118e-16]}, "segments": [7522, 44656, 7837, 54322, 8038, 7865, 8281, 6531, 7052, 44275, 44440, 25896, 6519, 16910, 18108, 18402, 16911, 16893, 3071, 9635, 131, 473, 524, 525, 2689, 2694, 3714, 3739, 3776, 6288, 6302, 6487, 6515, 7528, 7555, 7674, 7691, 7730, 7938, 7967, 8251, 8297, 14744, 25908, 27032, 29312, 29316, 29340, 42950, 42954, 43544, 43802, 43821, 44269, 44585, 44596, 44598, 44601, 44615, 44619, 44622, 44724, 44752, 3704, 43857, 8130, 7839], "label": "curtain"}, {"objectId": 11, "id": 11, "partId": 11, "index": 10, "dominantNormal": [0, -2.220446049250313e-16, 1], "obb": {"axesLengths": [1.4507870934245743, 0.8815499347101904, 1.1100529336511498], "centroid": [3.7839439343847197, 0.39350427381259967, -1.170775059451645], "normalizedAxes": [-0.6845641136169434, 0.7289526462554932, 1.6186000234685708e-16, 0, -2.220446049250313e-16, 1, 0.7289526462554932, 0.6845641136169434, 1.5200376815392843e-16]}, "segments": [6941, 6943, 46824, 45055, 19686, 44165, 13715, 52623, 3380, 3392, 3395, 3533, 3556, 3580, 3600, 4001, 4007, 4100, 4103, 4145, 4467, 4870, 5033, 5042, 5195, 5230, 5269, 5275, 5334, 5680, 5688, 5697, 5714, 5762, 5799, 5802, 5803, 5815, 5821, 5833, 5849, 5855, 5858, 5888, 6004, 6119, 7168, 7370, 13738, 13743, 13748, 13759, 13768, 19576, 19727, 21585, 43592, 43624, 43657, 43884, 43914, 43919, 44134, 44139, 44142, 44149, 44207, 44211, 44224, 44343, 44344, 44347, 45722, 45731, 45733, 45736, 46516, 46528, 46534, 46543, 46546, 46548, 47033, 47036, 3020, 3921, 43769, 43885, 4893, 7266, 3639, 4030, 4309, 4314, 4534, 4890, 5029, 5059, 5096, 7248, 8172, 9127, 9148, 9192, 9193, 9209, 9305, 9310, 9383, 9410, 9421, 9422, 9450, 9478, 9518, 9545, 9610, 9667, 9674, 9680, 9686, 9709, 9726, 9741, 9944, 34646, 34675, 34702, 34705, 36703, 43631, 43649, 43660, 43661, 43664, 43692, 43714, 43756, 43765, 43864, 43870, 43906, 43910, 43939, 43967, 44015, 44018, 44072, 44091, 44106, 44108, 44121, 45102, 45143, 45145, 45181, 50559, 50630, 50635, 50651, 50687, 3031, 3403, 5382, 8559, 9118, 9579, 9636, 9720, 9751, 34779, 43987, 46111, 10851, 10722, 10841, 50737, 67, 3275, 3288, 4582, 4738, 5751, 8793, 8889, 21586, 43444, 44219, 44487, 44581, 55692, 10344, 9690, 9755], "label": "table"}, {"objectId": 12, "id": 12, "partId": 12, "index": 11, "dominantNormal": [0, -2.220446049250313e-16, 1], "obb": {"axesLengths": [0.519973657552203, 0.4419000050000843, 0.5146861352058729], "centroid": [3.438249892973324, -0.04279624057102188, -0.9809600788959091], "normalizedAxes": [0.1816415786743164, 0.9833648204803467, 2.1835085306073291e-16, 0, -2.220446049250313e-16, 1, 0.9833648204803467, -0.1816415786743164, -4.033253257469758e-17]}, "segments": [19425, 50025, 4766, 4598, 3356, 3279, 3281, 3306, 32287, 32292, 32907, 32913, 43447, 47979, 50052], "label": "chair"}, {"objectId": 13, "id": 13, "partId": 13, "index": 12, "dominantNormal": [0.5452879071235657, -0.8382488489151001, -1.8612863448621566e-16], "obb": {"axesLengths": [1.8379683254228787, 2.0168649997517827, 0.4335966552224799], "centroid": [2.635112811123659, -0.9870977682727444, -0.5773676057076986], "normalizedAxes": [0.8382488489151001, 0.5452879071235657, 1.210782379076493e-16, 0, -2.220446049250313e-16, 1, 0.5452879071235657, -0.8382488489151001, -1.8612863448621566e-16]}, "segments": [37418, 47077, 48185, 51708, 33487, 26197, 50274, 26309, 52743, 27571, 37129, 38443, 27533, 51425, 27024, 55180, 42874, 55031, 42506, 53800, 23020, 22988, 22308, 29526, 41052, 29967, 41155, 38787, 12870, 55257, 8424, 46156, 12110, 24039, 12580, 13119, 12450, 45903, 3516, 4441, 11119, 11170, 11372, 11628, 11737, 12016, 12041, 12144, 12203, 12210, 12220, 12242, 12331, 12342, 12352, 12368, 12603, 12635, 12761, 12901, 12939, 20343, 20433, 20569, 20630, 20743, 21748, 21770, 21788, 21790, 21805, 21811, 21813, 21840, 21843, 21889, 21927, 21981, 22092, 22137, 22286, 23692, 23758, 23786, 23862, 23875, 23899, 23915, 23922, 23957, 23967, 23981, 23991, 24025, 24042, 24047, 24095, 24103, 24151, 24201, 24255, 26268, 26273, 26304, 26414, 26435, 26889, 27008, 27123, 27150, 27220, 27472, 27568, 27582, 27595, 27599, 27668, 27708, 27867, 27890, 28370, 28709, 29046, 29116, 29356, 29890, 29910, 29986, 30170, 30196, 30199, 30260, 30270, 30369, 30437, 30453, 30503, 30506, 30509, 30513, 30525, 30554, 30556, 30629, 30656, 30673, 30705, 30720, 30725, 30782, 30836, 30838, 30841, 30847, 30859, 30867, 30956, 30960, 33412, 33529, 33611, 35801, 36889, 37305, 37333, 37373, 37386, 37404, 37991, 38010, 38023, 38319, 38417, 38428, 38429, 38758, 38912, 39282, 39347, 39353, 39398, 41069, 41154, 41185, 41292, 41357, 41372, 41386, 41391, 41398, 41431, 42193, 42247, 42300, 42323, 42355, 42538, 42555, 42561, 42572, 42638, 45546, 45575, 45614, 45623, 45656, 45658, 45660, 45663, 46028, 46076, 46318, 46388, 46730, 47050, 47052, 47054, 47057, 47062, 47118, 47161, 47403, 47455, 47458, 47460, 47463, 47464, 47475, 47516, 47519, 47522, 47574, 47641, 47644, 47647, 47650, 47653, 47684, 47686, 47702, 48033, 48094, 48193, 49007, 49045, 49108, 49135, 49139, 49144, 49147, 49190, 49197, 49199, 49203, 49206, 49209, 49324, 49370, 50345, 50347, 51404, 51436, 51527, 51529, 51557, 51560, 51562, 51576, 51638, 51737, 51971, 52598, 52735, 52958, 52983, 53074, 53085, 53100, 53102, 53116, 53128, 53145, 53323, 53325, 53328, 53329, 53820, 54527, 54533, 54539, 54757, 54887, 54934, 54978, 55010, 55012, 55165, 45513, 15920, 5617, 3033, 15932, 3083, 3112, 12481, 12488, 12493, 15695, 15722, 17105, 29256, 43213, 45526, 46009, 53065, 3072, 21398, 42628, 46625, 27964], "label": "shelf"}, {"objectId": 14, "id": 14, "partId": 14, "index": 13, "dominantNormal": [0.9597106575965881, -0.2809901237487793, -6.239234101563336e-17], "obb": {"axesLengths": [0.6429979172225885, 1.551539915393145, 0.6192170092084055], "centroid": [3.497555893822123, 1.425037631371031, -0.845770045769809], "normalizedAxes": [0.2809901535511017, 0.9597106575965881, 2.130985738083764e-16, 0, -2.220446049250313e-16, 1, 0.9597106575965881, -0.2809901535511017, -6.239234763307826e-17]}, "segments": [54608, 45462, 11266, 11575, 49803, 23714, 27726, 11212, 11284, 11289, 11298, 11300, 11303, 11305, 11313, 11328, 11540, 11548, 24802, 26116, 27657, 27666, 33369, 42088, 42458, 44750, 45410, 45425, 45435, 45441, 46691, 46695, 46697, 46700, 47427, 47438, 51937, 54563, 49828, 8090, 42778, 42814, 54579, 24914, 23782, 24917], "label": "commode"}, {"objectId": 15, "id": 15, "partId": 15, "index": 14, "dominantNormal": [0.4288589060306549, -0.9033715128898621, -2.0058877068015725e-16], "obb": {"axesLengths": [0.9711324793592291, 0.8798399966990944, 0.7027837984867388], "centroid": [0.25133775178020556, 1.5640543049654219, -1.1699200904460967], "normalizedAxes": [0.9033715128898621, 0.4288588762283325, 9.5225799740713e-17, 0, -2.220446049250313e-16, 1, 0.4288588762283325, -0.9033715128898621, -2.0058877068015725e-16]}, "segments": [33751, 22421, 22442, 22502, 22715, 22742, 22751, 22754, 22792, 22814, 23592, 25397, 25431, 25439, 25477, 31740, 31770, 47165, 47169, 47171, 47173, 47741, 50498, 34140, 33987, 34179, 22588, 31375, 31864, 27075, 27078], "label": "tv table"}, {"objectId": 16, "id": 16, "partId": 16, "index": 15, "dominantNormal": [0.5351023077964783, -0.8447872400283813, -1.8758044895780953e-16], "obb": {"axesLengths": [0.6157212831500556, 0.5188139561083772, 0.151207019588955], "centroid": [0.23931794056062428, 1.6597246372233576, -0.9829430657786182], "normalizedAxes": [0.8447872996330261, 0.5351023077964783, 1.1881658052914152e-16, 0, -2.220446049250313e-16, 1, 0.5351023077964783, -0.8447872996330261, -1.8758046219269933e-16]}, "segments": [49662, 20830, 22454, 22942, 49665, 20800, 25339, 22802, 25152, 47746, 49695, 22414], "label": "tv"}, {"objectId": 17, "id": 17, "partId": 17, "index": 16, "dominantNormal": [0.5185079574584961, -0.8550727963447571, -1.8986430124651334e-16], "obb": {"axesLengths": [1.4547314198749683, 1.9537399570553005, 0.2113798457912608], "centroid": [3.883402264377752, -0.2998775449520822, -0.6068700713692585], "normalizedAxes": [0.8550727963447571, 0.5185079574584961, 1.151318945643567e-16, 0, -2.220446049250313e-16, 1, 0.5185079574584961, -0.8550727963447571, -1.8986430124651334e-16]}, "segments": [1460, 324, 1009, 1037, 1053, 1058, 1182, 1199, 1335, 1390, 1407, 1771, 1786, 2152, 2187, 2276, 2525, 2869, 8247, 8249, 8288, 8292, 8350, 8351, 8406, 8447, 8481, 8699, 8719, 8727, 8896, 8909, 8927, 8931, 8940, 8955, 9285, 9459, 12006, 12047, 13833, 21194, 21210, 21284, 21293, 21369, 21552, 23645, 23722, 23787, 23832, 24023, 24129, 27672, 27674, 27725, 27846, 27940, 31016, 42515, 42646, 43280, 44864, 44873, 44883, 44888, 44891, 44894, 44920, 44922, 46032, 46033, 46036, 46042, 48089, 51704, 52967, 52970, 52972, 52981, 21413, 21433, 27491, 27544, 48085, 48143], "label": "shelf"}, {"objectId": 18, "id": 18, "partId": 18, "index": 17, "dominantNormal": [0.7819254994392395, -0.6233718991279602, -1.384163670632344e-16], "obb": {"axesLengths": [0.444189409274028, 0.3965709716848065, 0.27511972860466505], "centroid": [1.5526749652530223, -1.0964455542165559, -0.9317845493229944], "normalizedAxes": [0.6233718991279602, 0.7819254994392395, 1.7362233860379372e-16, 0, -2.220446049250313e-16, 1, 0.7819254994392395, -0.6233718991279602, -1.384163670632344e-16]}, "segments": [32254, 36193, 49705, 41074], "label": "pillow"}, {"objectId": 19, "id": 19, "partId": 19, "index": 18, "dominantNormal": [0.6513331532478333, -0.7587918639183044, -1.6848563964406803e-16], "obb": {"axesLengths": [0.5775222637416482, 0.49412696449174787, 0.4077782310060455], "centroid": [1.7869986137890566, -1.1808132146882924, -0.8947665490708518], "normalizedAxes": [0.7587918639183044, 0.6513331532478333, 1.4462501268749e-16, 0, -2.220446049250313e-16, 1, 0.6513331532478333, -0.7587918639183044, -1.6848563964406803e-16]}, "segments": [30254, 30210, 30121, 25282, 37673, 40972, 50970], "label": "pillow"}, {"objectId": 20, "id": 20, "partId": 20, "index": 19, "dominantNormal": [0.5670684576034546, -0.8236706852912903, -1.8289163190383435e-16], "obb": {"axesLengths": [0.7792267869831597, 0.5437909839200006, 0.4367971018479824], "centroid": [1.9316034519380199, -1.3972157150979412, -0.8775745433439782], "normalizedAxes": [0.8236706852912903, 0.5670684576034546, 1.2591449163400594e-16, 0, -2.220446049250313e-16, 1, 0.5670684576034546, -0.8236706852912903, -1.8289163190383435e-16]}, "segments": [23487, 37682, 53426, 37783, 53404, 48941, 48935, 30290, 31588], "label": "pillow"}, {"objectId": 21, "id": 21, "partId": 21, "index": 20, "dominantNormal": [0.6616079211235046, -0.7498499751091003, -1.6650014147614475e-16], "obb": {"axesLengths": [0.38774494118494507, 0.3599999857693912, 0.15922755907048874], "centroid": [3.102809372544255, -0.5313426603118122, 0.16999990399189513], "normalizedAxes": [0.7498499751091003, 0.6616079211235046, 1.4690646946113986e-16, 0, -2.220446049250313e-16, 1, 0.6616079211235046, -0.7498499751091003, -1.6650014147614475e-16]}, "segments": [12998, 13007, 12625], "label": "storage box"}, {"objectId": 22, "id": 22, "partId": 22, "index": 21, "dominantNormal": [0.3633744418621063, -0.9316431879997253, -2.0686634361049568e-16], "obb": {"axesLengths": [0.4337041091095028, 0.35999998576939146, 0.21133240581558793], "centroid": [2.7407283056531195, -0.7782043006501715, 0.16999990399189513], "normalizedAxes": [0.9316431879997253, 0.3633744418621063, 8.068533438312516e-17, 0, -2.220446049250313e-16, 1, 0.3633744418621063, -0.9316431879997253, -2.0686634361049568e-16]}, "segments": [12808, 11748], "label": "storage box"}, {"objectId": 23, "id": 23, "partId": 23, "index": 22, "dominantNormal": [0.5389138460159302, -0.8423609137535095, -1.870416962986864e-16], "obb": {"axesLengths": [0.39209580077090833, 0.3249729799112755, 0.22492296416830354], "centroid": [3.1277949731832146, -0.5616787371127054, -0.5924865768367811], "normalizedAxes": [0.8423609137535095, 0.5389138460159302, 1.1966291202723637e-16, 0, -2.220446049250313e-16, 1, 0.5389138460159302, -0.8423609137535095, -1.870416962986864e-16]}, "segments": [53387, 30811, 53705, 21386], "label": "storage box"}, {"objectId": 24, "id": 24, "partId": 24, "index": 23, "dominantNormal": [0.28163886070251465, -0.9595204591751099, -2.130563412750219e-16], "obb": {"axesLengths": [0.41888977566564906, 0.37244795920443624, 0.26649749355706503], "centroid": [2.7594999533238815, -0.77650857815986, -0.6162240664833614], "normalizedAxes": [0.9595204591751099, 0.28163889050483704, 6.253639617367069e-17, 0, -2.220446049250313e-16, 1, 0.28163889050483704, -0.9595204591751099, -2.130563412750219e-16]}, "segments": [55043, 30773, 42405, 55097], "label": "storage box"}, {"objectId": 25, "id": 25, "partId": 25, "index": 24, "dominantNormal": [0.5256486535072327, -0.8507018089294434, -1.8889374707274772e-16], "obb": {"axesLengths": [0.3640307927508079, 0.3199999856948854, 0.11112133633682404], "centroid": [2.9509861911187083, -0.5767659472176027, -0.9700000664665528], "normalizedAxes": [0.8507017493247986, 0.5256486535072327, 1.1671744759738815e-16, 0, -2.220446049250313e-16, 1, 0.5256486535072327, -0.8507017493247986, -1.8889373383785792e-16]}, "segments": [33432, 33465, 39663], "label": "storage box"}, {"objectId": 26, "id": 26, "partId": 26, "index": 25, "dominantNormal": [0.517551064491272, -0.8556523323059082, -1.89992984080047e-16], "obb": {"axesLengths": [0.4893944535870283, 0.3887699755556138, 0.12039149878866194], "centroid": [2.7469350334932945, -0.7489197864117483, -1.384385107739527], "normalizedAxes": [0.8556523323059082, 0.517551064491272, 1.1491942164349388e-16, 0, -2.220446049250313e-16, 1, 0.517551064491272, -0.8556523323059082, -1.89992984080047e-16]}, "segments": [35760], "label": "storage box"}, {"objectId": 27, "id": 27, "partId": 27, "index": 26, "dominantNormal": [0.6045629382133484, -0.7965573668479919, -1.768712658218856e-16], "obb": {"axesLengths": [0.6769370688486914, 0.39300989226229727, 0.23443225522016278], "centroid": [3.0490540791434984, -0.5987438005530079, -1.3865050660928688], "normalizedAxes": [0.7965573668479919, 0.6045629382133484, 1.3423993876789906e-16, 0, -2.220446049250313e-16, 1, 0.6045629382133484, -0.7965573668479919, -1.768712658218856e-16]}, "segments": [20327, 20517, 26951], "label": "storage box"}, {"objectId": 28, "id": 28, "partId": 28, "index": 27, "dominantNormal": [-0.3919927477836609, -0.91996830701828, -2.042739992754239e-16], "obb": {"axesLengths": [0.33630869636325944, 0.17399602739521777, 0.1734341964843448], "centroid": [3.797992877233626, 0.9552895471985373, -0.796563071022188], "normalizedAxes": [0.91996830701828, -0.3919927477836609, -8.703987481510042e-17, 0, -2.220446049250313e-16, 1, -0.3919927477836609, -0.91996830701828, -2.042739992754239e-16]}, "segments": [6921, 44492, 44481, 6893], "label": "item"}, {"objectId": 30, "id": 30, "initialPoint": [4.090228989928495, 0.45436785454847417, -1.0724392289091667], "index": 28, "dominantNormal": [0.8655931353569031, 0.5007479190826416, 1.111883738597367e-16], "obb": {"axesLengths": [0.42907483816240366, 0.21404993055649246, 0.17211501663357193], "centroid": [4.084239634623945, 0.3735274776101999, -1.1088150789182234], "normalizedAxes": [-0.5007479190826416, 0.8655931353569031, 1.922002857661427e-16, 0, -2.220446049250313e-16, 1, 0.8655931353569031, 0.5007479190826416, 1.111883738597367e-16]}, "segments": [4077, 4064, 44062, 4293], "partId": 30, "label": "laptop"}, {"objectId": 31, "id": 31, "initialPoint": [3.47954301218794, -0.4259444439805804, -1.1649514092564341], "index": 29, "dominantNormal": [0.8907115459442139, -0.454569011926651, -1.0093459666441507e-16], "obb": {"axesLengths": [0.27406342039146486, 0.6035810574088752, 0.23650995594706423], "centroid": [3.539390082026901, -0.5385628645266868, -1.2682095779952494], "normalizedAxes": [0.454569011926651, 0.8907115459442139, 1.9777769332134684e-16, 0, -2.220446049250313e-16, 1, 0.8907115459442139, -0.454569011926651, -1.0093459666441507e-16]}, "segments": [26347, 27504, 48353, 2055, 2057, 2099, 2148, 2245, 2331, 10335, 10374, 10447, 27555, 27704, 27710, 27735, 27757, 27852, 27875, 27925, 43369, 43381, 48030, 48034, 48041, 27853, 2202, 2219, 10404, 27573, 43360, 43372, 48257, 26483, 10402], "partId": 31, "label": "object"}, {"objectId": 370, "id": 370, "initialPoint": [3.2459578749625937, -1.517551016116757, 1.5367617982417743], "index": 30, "dominantNormal": [0, -2.220446049250313e-16, 1], "obb": {"axesLengths": [2.840270235262736, 0.6600000114738935, 1.246034112313625], "centroid": [2.801133710759474, -1.7842604375532098, 1.2799998832420276], "normalizedAxes": [0.3995177149772644, 0.9167254567146301, 2.0355394186091894e-16, 0, -2.220446049250313e-16, 1, 0.9167254567146301, -0.3995177149772644, -8.871075318267794e-17]}, "segments": [4844, 4946, 2925, 32923, 4053, 4178, 4562, 3875, 4117, 4414, 43045, 43066, 43079, 4189, 2341, 2499, 3960, 26106, 51967], "partId": 370, "label": "ceiling"}], "scan_id": "b05fdda6-fca0-2d4f-8973-9f8a5cdac3ad", "annId": "3730", "appId": "stk.v1"}