{"segGroups": [{"objectId": 1, "id": 1, "partId": 1, "index": 0, "dominantNormal": [0, -2.220446049250313e-16, 1], "obb": {"axesLengths": [4.539310518144432, 0.13551008398435901, 3.486416370531525], "centroid": [0.6030293978019168, -1.0121918333808257, -1.4777550648131572], "normalizedAxes": [0.8293659090995789, -0.5587058067321777, -1.240576101251673e-16, 0, -2.220446049250313e-16, 1, -0.5587058067321777, -0.8293659090995789, -1.8415622562430542e-16]}, "segments": [5113, 4236, 5502, 5330, 2470, 18852, 19317, 17896, 5873, 6261, 5003, 2707, 3758, 3764, 3774, 4085, 4097, 4098, 4185, 4258, 4474, 4716, 4730, 4741, 4780, 4827, 4832, 4850, 4909, 4957, 4964, 4982, 4988, 4993, 4997, 5258, 5477, 5514, 5517, 5520, 5531, 5532, 5535, 5550, 5850, 5930, 6290, 6326, 7936, 11834, 12824, 12896, 12912, 12941, 12967, 12985, 13003, 13004, 16665, 16706, 17616, 17683, 17863, 17901, 17916, 17933, 17953, 17963, 17975, 17981, 17988, 18006, 18021, 18034, 18038, 18068, 18076, 18081, 18821, 18870, 18876, 19273, 20925, 20972, 20984, 21037, 21553, 22788, 22901, 24739, 26429, 26537, 26798, 26844, 27804, 27922, 32153, 32156, 32319, 32379, 32390, 32704, 33690, 33697, 34451, 34472, 34475, 34477, 34486, 34495, 34627, 34653, 36210, 36880, 36907, 36916, 36918, 36925, 36946, 4029, 1979, 10568, 20858, 17702, 14069], "label": "floor"}, {"objectId": 2, "id": 2, "partId": 2, "index": 1, "dominantNormal": [0.7849581241607666, 0.6195487976074219, 1.3756746799651817e-16], "obb": {"axesLengths": [1.159263094504963, 3.366049929722026, 0.16482904312229527], "centroid": [-0.12939277551287887, -2.1668075452928166, 0.17302492043335183], "normalizedAxes": [-0.6195488572120667, 0.7849581241607666, 1.742957165619711e-16, 0, -2.220446049250313e-16, 1, 0.7849581241607666, 0.6195488572120667, 1.3756748123140797e-16]}, "segments": [25256, 39084, 39051, 834, 26146, 26311, 862, 3295, 8691, 8995, 9957, 12525, 25578, 28703, 29220], "label": "wall"}, {"objectId": 3, "id": 3, "partId": 3, "index": 2, "dominantNormal": [0.7711162567138672, 0.6366943717002869, 1.4137455022218123e-16], "obb": {"axesLengths": [2.230615880674985, 1.7323799342130128, 0.29500432518889674], "centroid": [-1.2457895033924262, -0.7434306938856157, 0.15618991671838045], "normalizedAxes": [-0.6366943717002869, 0.7711162567138672, 1.7122220457329966e-16, 0, -2.220446049250313e-16, 1, 0.7711162567138672, 0.6366943717002869, 1.4137455022218123e-16]}, "segments": [3213, 24415, 13051, 23808, 23744, 3199, 7775, 37767, 23982, 24050, 20453, 32037, 23436, 34905, 2367, 14935, 20438], "label": "wall"}, {"objectId": 4, "id": 4, "partId": 4, "index": 3, "dominantNormal": [0.6275870203971863, -0.7785464525222778, -1.7287203946609383e-16], "obb": {"axesLengths": [2.344795983293095, 2.528559985863566, 0.273861435391842], "centroid": [-0.9644047190016365, 0.8031184133407197, -0.25021006928644884], "normalizedAxes": [0.7785464525222778, 0.6275870203971863, 1.393523120001708e-16, 0, -2.220446049250313e-16, 1, 0.6275870203971863, -0.7785464525222778, -1.7287203946609383e-16]}, "segments": [1355, 23027, 35264, 34329, 35414, 18998, 9715, 16179], "label": "wall"}, {"objectId": 5, "id": 5, "partId": 5, "index": 4, "dominantNormal": [0.7762431502342224, 0.6304336786270142, 1.3998439710216951e-16], "obb": {"axesLengths": [3.5740525654061424, 2.5706300160893036, 0.24543864985322306], "centroid": [0.9416028120479691, 0.16322215250757843, -0.24676509970936666], "normalizedAxes": [-0.6304336786270142, 0.7762431502342224, 1.7236060361951964e-16, 0, -2.220446049250313e-16, 1, 0.7762431502342224, 0.6304336786270142, 1.3998439710216951e-16]}, "segments": [9745, 784, 785, 1904, 2313, 9134, 15818, 20499, 20502, 20503, 20622, 20701, 21780, 21782, 24296, 24333, 24372, 29684, 31812, 34600, 34612, 34636, 36017, 36644, 40463, 10346, 10453, 28337, 18659, 9211, 17740, 10305, 10312, 39794, 3503, 30745, 3516, 3573, 3676, 3687, 3717, 3728, 3746, 10192, 10195, 10218, 10230, 10642, 10690, 18020, 18027, 18057, 20606, 30167, 30178, 30185, 30271, 30321, 30481, 30501, 30528, 30537, 30546, 30558, 30607, 30618, 30621, 30641, 30662, 30682, 30712, 30736, 30759, 30771, 30773, 30795, 30841, 30893, 32117, 32118, 32121, 33160, 33170, 33176, 34098, 39701, 39799, 39811, 39849, 39886, 39926, 39952, 39955, 40019, 40024, 40039, 40179, 40832, 25645], "label": "wall"}, {"objectId": 7, "id": 7, "partId": 7, "index": 5, "dominantNormal": [0.7921251654624939, 0.610358715057373, 1.3552685974746416e-16], "obb": {"axesLengths": [1.0070556221351108, 1.7282198877285437, 0.1927007918120103], "centroid": [0.7762781363774688, 0.31344812565096936, 0.154109893476146], "normalizedAxes": [-0.610358715057373, 0.7921251654624939, 1.758871194162945e-16, 0, -2.220446049250313e-16, 1, 0.7921251654624939, 0.610358715057373, 1.3552685974746416e-16]}, "segments": [20112, 16875, 29802, 31490, 30090, 39636, 23797, 23514, 5150, 14368, 16972, 16998, 17024, 17380, 17401, 17760, 18604, 18867, 19402, 30132, 31409, 31512, 33855, 41090, 41105, 14283, 21436, 15754, 14531, 14560, 18388, 23870, 31692, 41059, 17022, 1764], "label": "curtain"}, {"objectId": 8, "id": 8, "partId": 8, "index": 6, "dominantNormal": [0.7749709486961365, 0.6319968700408936, 1.4033149532208656e-16], "obb": {"axesLengths": [1.080676260095815, 0.7202929693394976, 0.30197063398941976], "centroid": [0.5209443546335751, 0.5589621418816759, -0.8452535661847831], "normalizedAxes": [-0.6319968700408936, 0.7749709486961365, 1.7207811813161033e-16, 0, -2.220446049250313e-16, 1, 0.7749709486961365, 0.6319968700408936, 1.4033149532208656e-16]}, "segments": [10718, 1781, 5362, 34884, 18880, 18169, 5969, 17810, 18190, 10101, 34497, 5951, 10165, 1784, 10124, 21092, 19969], "label": "shelf"}, {"objectId": 9, "id": 9, "partId": 9, "index": 7, "dominantNormal": [0.890704870223999, 0.4545820653438568, 1.0093749510528145e-16], "obb": {"axesLengths": [3.121628357416556, 2.140989970989749, 1.5779777679003906], "centroid": [-0.4352907152388852, -0.4442026190652364, -0.4404950920603772], "normalizedAxes": [-0.4545820355415344, 0.890704870223999, 1.9777621101368915e-16, 0, -2.220446049250313e-16, 1, 0.890704870223999, 0.4545820355415344, 1.0093748848783655e-16]}, "segments": [3402, 7479, 29512, 19044, 8042, 12595, 27941, 8706, 12313, 12439, 8791, 13871, 11716, 38251, 17202, 17510, 37116, 8862, 38659, 26821, 26229, 26207, 26167, 37591, 26187, 25646, 24, 60, 75, 77, 81, 93, 7964, 7974, 7984, 7989, 8000, 8008, 8028, 8394, 8429, 8443, 8470, 8540, 8704, 8734, 8743, 8892, 8964, 8972, 11202, 11206, 11771, 11820, 11823, 12382, 12747, 13188, 13193, 13261, 13297, 13315, 13321, 13331, 13334, 13427, 13432, 13437, 13469, 13475, 13488, 13508, 13564, 13572, 13604, 13637, 13680, 13681, 13684, 13700, 13713, 13739, 13787, 13804, 13831, 13836, 13837, 13838, 13856, 13863, 13914, 13931, 14234, 14236, 14260, 14267, 14313, 14329, 14337, 14367, 14376, 14397, 14420, 14427, 14446, 14485, 14491, 14841, 16751, 16773, 16785, 16808, 16834, 16910, 16920, 16929, 16933, 16948, 17039, 17203, 17208, 17217, 17256, 17266, 17302, 17317, 17341, 17394, 17409, 17460, 17471, 17495, 17528, 17536, 18421, 19042, 19074, 19079, 19087, 19104, 19121, 19503, 19590, 19616, 19629, 19633, 19688, 20098, 20099, 20163, 20249, 21284, 21360, 22028, 24943, 24960, 25332, 25347, 25643, 25711, 25742, 25845, 25857, 25868, 25876, 25883, 25896, 25950, 25965, 25970, 25979, 26004, 26123, 26127, 26134, 26174, 26195, 26226, 26233, 26596, 26671, 26693, 26708, 26718, 26730, 26733, 26770, 26772, 26785, 26792, 26889, 27002, 27008, 27066, 27071, 27099, 27112, 27478, 27487, 29046, 29140, 29253, 29265, 29268, 29285, 29343, 32833, 32842, 32843, 32873, 32881, 32884, 33011, 33020, 33028, 33034, 33036, 33528, 33656, 33746, 33747, 33748, 33770, 33796, 33849, 33861, 33863, 33866, 33878, 33879, 33881, 33885, 34290, 34317, 34341, 34365, 34645, 34647, 34650, 34655, 34660, 34662, 34688, 34759, 34765, 35009, 36729, 36732, 36770, 36783, 36805, 36848, 36911, 36934, 36945, 36972, 36982, 36985, 37017, 37115, 37170, 37175, 37192, 37499, 37501, 37532, 37553, 37573, 37605, 37611, 37645, 38118, 38216, 38220, 38255, 38283, 38891, 38894, 38940, 39015, 39018, 39020, 39025, 39029, 39031, 39194, 39197, 39204, 39215, 6388, 28921, 6376, 3365, 3364, 35569, 20248, 21643, 21598, 35140, 21472, 37203, 38401, 16853, 14532, 16666, 11221], "label": "kitchen cabinet"}, {"objectId": 10, "id": 10, "partId": 10, "index": 8, "dominantNormal": [0, -2.220446049250313e-16, 1], "obb": {"axesLengths": [2.4781963593038525, 0.20691298975989994, 1.765267231705195], "centroid": [-0.935951697539829, -0.2688800188956032, -0.5865435750286969], "normalizedAxes": [-0.12248669564723969, 0.9924701452255249, 2.2037264129649012e-16, 0, -2.220446049250313e-16, 1, 0.9924701452255249, 0.12248669564723969, 2.7197509943563888e-17]}, "segments": [15369, 25095, 7924, 9324, 34910, 7252, 9316, 7257, 35846], "label": "kitchen counter"}, {"objectId": 11, "id": 11, "partId": 11, "index": 9, "dominantNormal": [0.7864612340927124, 0.6176396608352661, 1.37143554476197e-16], "obb": {"axesLengths": [2.2419571184054554, 1.1803059612146172, 0.5145416198851266], "centroid": [-1.1019845710372809, -0.6389628030510432, 0.35984689852207374], "normalizedAxes": [-0.6176396608352661, 0.7864612340927124, 1.746294740129689e-16, 0, -2.220446049250313e-16, 1, 0.7864612340927124, 0.6176396608352661, 1.37143554476197e-16]}, "segments": [38358, 12008, 11897, 1435, 28806, 28733, 23621, 1363, 1374, 1405, 1477, 1479, 1492, 1496, 1499, 1519, 2557, 3191, 6442, 6448, 6473, 6497, 6503, 6531, 6619, 6694, 6878, 6893, 11432, 12186, 14946, 20118, 20280, 24673, 24701, 24716, 24746, 31637, 31694, 31698, 31886, 31903, 32040, 33485, 33655, 34039, 36711, 36725, 38372, 9645, 32863], "label": "kitchen cabinet"}, {"objectId": 12, "id": 12, "partId": 12, "index": 10, "dominantNormal": [0.681360125541687, -0.7319483757019043, -1.6252518790824773e-16], "obb": {"axesLengths": [0.43174405785258585, 0.4200000073015686, 0.07082789024036493], "centroid": [-0.7565393474830602, 1.0340717276289748, 0.39999990930423346], "normalizedAxes": [0.7319483757019043, 0.681360125541687, 1.5129233988757363e-16, 0, -2.220446049250313e-16, 1, 0.681360125541687, -0.7319483757019043, -1.6252518790824773e-16]}, "segments": [7168, 7817, 7189], "label": "picture"}, {"objectId": 13, "id": 13, "partId": 13, "index": 11, "dominantNormal": [0.6077705025672913, -0.7941126823425293, -1.763284368167038e-16], "obb": {"axesLengths": [0.27928463185185914, 0.3126150001746042, 0.1429669953011323], "centroid": [-1.497644276980341, 0.3892757366069002, -0.44630757297618096], "normalizedAxes": [0.7941126823425293, 0.6077705025672913, 1.3495216112764191e-16, 0, -2.220446049250313e-16, 1, 0.6077705025672913, -0.7941126823425293, -1.763284368167038e-16]}, "segments": [19818, 19823, 10423], "label": "picture"}, {"objectId": 14, "id": 14, "partId": 14, "index": 12, "dominantNormal": [0.5094453692436218, -0.8605030179023743, -1.9107005264692984e-16], "obb": {"axesLengths": [0.3235374917656206, 0.30677601009362915, 0.12918108210557716], "centroid": [-1.3253526193010796, 0.5553430645483748, -0.44338807793569335], "normalizedAxes": [0.8605030179023743, 0.5094453692436218, 1.131195957445867e-16, 0, -2.220446049250313e-16, 1, 0.5094453692436218, -0.8605030179023743, -1.9107005264692984e-16]}, "segments": [35243, 34743, 9274], "label": "picture"}, {"objectId": 15, "id": 15, "partId": 15, "index": 13, "dominantNormal": [0.9085220694541931, -0.41783687472343445, -9.27784237710748e-17], "obb": {"axesLengths": [0.20490604425978662, 0.8399999848008155, 0.10784270004750422], "centroid": [-0.3248687401089715, 1.3841089525949788, -0.8300000673754493], "normalizedAxes": [0.41783687472343445, 0.9085220694541931, 2.0173242397762816e-16, 0, -2.220446049250313e-16, 1, 0.9085220694541931, -0.41783687472343445, -9.27784237710748e-17]}, "segments": [27149, 38311, 13421, 17143], "label": "towel"}, {"objectId": 16, "id": 16, "partId": 16, "index": 14, "dominantNormal": [0, -2.220446049250313e-16, 1], "obb": {"axesLengths": [1.008697961908175, 0.7484299969279017, 0.9778643111427432], "centroid": [1.242017801220199, -0.716316598024312, -1.1242150694156787], "normalizedAxes": [0.8868448734283447, -0.46206727623939514, -1.025995458013618e-16, 0, -2.220446049250313e-16, 1, -0.46206727623939514, -0.8868448734283447, -1.969191195501862e-16]}, "segments": [975, 31860, 31839, 1015, 1129, 31878, 2965, 7701, 1063, 3855, 1187, 1068, 4336, 12274, 34279, 1189, 1308, 3787, 3844, 3917, 4384, 11990, 12582, 13171, 13205, 21831, 32143, 32147, 32197, 33546, 33793, 33932, 38335, 38412, 38416, 39719, 39727, 39732, 12969, 6364], "label": "table"}, {"objectId": 17, "id": 17, "partId": 17, "index": 15, "dominantNormal": [0.9998173713684082, 0.019109874963760376, 4.24324463649492e-18], "obb": {"axesLengths": [0.7086526729257645, 0.6826940026277151, 0.6665985626493152], "centroid": [0.9069404255067273, -0.28120613849692044, -0.8776630546151905], "normalizedAxes": [-0.019109874963760376, 0.9998173713684082, 2.220040532226815e-16, 0, -2.220446049250313e-16, 1, 0.9998173713684082, 0.019109874963760376, 4.24324463649492e-18]}, "segments": [683, 4109, 645, 678, 703, 717, 719, 733, 736, 739, 749, 1776, 1903, 1965, 1973, 1980, 1982, 4505, 4543, 4544, 4573, 4581, 4585, 4591, 5561, 5603, 5619, 22183, 31797, 31798, 31803, 31806, 31811, 31915, 32258, 32263, 32270, 32273, 32278, 32284, 32289, 32376, 32400, 32404, 32407, 32410, 32413, 32415, 32423, 32426, 32432, 34221, 34811, 34813, 34820, 32354, 34217, 36853, 3893, 4123, 5091, 5666, 32149, 32451, 710, 5708, 5737, 5742, 5764, 32151, 32607, 32622, 32616, 4163, 5054], "label": "chair"}, {"objectId": 18, "id": 18, "partId": 18, "index": 16, "dominantNormal": [0.726893961429596, 0.6867496967315674, 1.5248906509314594e-16], "obb": {"axesLengths": [0.5767409455490695, 0.6715809552763186, 0.5286864997466004], "centroid": [1.5698511382375813, -1.174532804372884, -0.8421195540325437], "normalizedAxes": [-0.6867496967315674, 0.726893961429596, 1.6140288248802558e-16, 0, -2.220446049250313e-16, 1, 0.726893961429596, 0.6867496967315674, 1.5248906509314594e-16]}, "segments": [7237, 7371, 7632, 4132, 35882, 4371, 8665, 8, 67, 3817, 3908, 3953, 4217, 4229, 4452, 4529, 4547, 8518, 8658, 31921, 31926, 31937, 31939, 31942, 31945, 31947, 31966, 31975, 32087, 32090, 32094, 32897, 32903, 32905, 32907, 32909, 32914, 32917, 32923, 33708, 33710, 35885, 35890, 38896, 38959, 6840, 39716], "label": "chair"}, {"objectId": 19, "id": 19, "partId": 19, "index": 17, "dominantNormal": [0, -2.220446049250313e-16, 1], "obb": {"axesLengths": [4.8417937617948015, 1.1567698458559095, 5.357452654410351], "centroid": [-0.23069242925596684, -0.7331867287911096, 1.6483848637481429], "normalizedAxes": [0.9981425404548645, 0.060922011733055115, 1.3527404026504345e-17, 0, -2.220446049250313e-16, 1, 0.060922011733055115, -0.9981425404548645, -2.2163216605416747e-16]}, "segments": [39400, 20784, 35917, 19811, 21768, 31645, 34823, 35592, 29871, 319, 31730, 258, 31745, 265, 69, 31713, 31715, 151, 91, 172, 133, 87, 33509, 33504, 33507, 460, 36450, 36543, 22895, 22360, 22567, 22589, 22592, 36637, 36639, 8275, 22853, 35954, 36409, 22548, 22555, 22481, 22866, 22876, 23354, 24584, 2031, 22531, 20350, 20351, 22577, 22936, 23065, 23528, 23538, 35899, 36681, 36520, 17772, 416, 18248, 23059, 23331, 23552, 566, 36840, 25179, 26662, 2034, 2035, 7638, 18281, 26244, 26616, 31930, 36846, 16169, 33688, 16371, 16269, 16401, 15346, 33730, 15134, 33753, 471, 7606, 12257, 15325, 21744, 21746, 23266, 23281, 25161, 27193, 28516, 30152, 31781, 33845, 35596, 36080, 36418, 38931, 6278, 6249, 279, 324, 359, 401, 403, 11777, 11908, 12392, 14709, 26264, 11857, 14032, 28967, 28897, 6155, 6173, 27327, 22143, 543, 27212, 7424, 7872, 27295, 32802, 38322, 27285, 12993, 13187, 2113, 2352, 6105, 6110, 6167, 7380, 7384, 7418, 12977, 13055, 13107, 13742, 26276, 27288, 28871, 33197, 33236, 33264, 33272, 33340, 38999], "label": "ceiling"}, {"objectId": 22, "id": 22, "partId": 22, "index": 18, "dominantNormal": [0.6449601650238037, -0.7642161846160889, -1.6969008079039424e-16], "obb": {"axesLengths": [0.6485249100320988, 0.18630140230876044, 0.17936832592038704], "centroid": [-0.7013458261368276, 0.9865191758045011, 0.056849213737788507], "normalizedAxes": [0.7642161846160889, 0.6449601650238037, 1.432099250350935e-16, 0, -2.220446049250313e-16, 1, 0.6449601650238037, -0.7642161846160889, -1.6969008079039424e-16]}, "segments": [9725, 7211, 33135], "label": "shelf"}, {"objectId": 23, "id": 23, "partId": 23, "index": 19, "dominantNormal": [0, -2.220446049250313e-16, 1], "obb": {"axesLengths": [1.0039588942085835, 0.4830160033028717, 0.5051162464787577], "centroid": [-0.8115726219654498, 0.7873210492417735, -0.6884920724295358], "normalizedAxes": [0.37262243032455444, 0.9279830455780029, 2.0605362873249498e-16, 0, -2.220446049250313e-16, 1, 0.9279830455780029, -0.37262243032455444, -8.27388003276207e-17]}, "segments": [22064, 33299, 33281, 9276, 10853, 10869, 10952, 11030, 11111, 11146, 11347, 11353, 11379, 11392, 23475, 33188, 33190, 33194, 33255, 33295, 33350, 34990, 35787, 11014, 10931, 10947, 11012, 11107, 11124, 11310, 11322, 11400, 33404, 33442, 33337, 34790, 14581, 15543, 15694, 33891, 34122, 34125, 34128, 34211, 15096, 9928, 15670, 10905, 11298, 36483, 35703, 35647, 9459, 35781, 35757, 35714, 21801, 35617, 9246, 9426, 11290, 11324, 14637, 14650, 14672, 14699, 14755, 14759, 14770, 15413, 15424, 21230, 21633, 21828, 21976, 22101, 33039, 33422, 33964, 33968, 34059, 34076, 34133, 34935, 34937, 35042, 35044, 35598, 35604, 35612, 35615, 35624, 35640, 35681, 35688, 35709, 35712, 35784, 35791, 35801, 33953, 15576, 14603, 33937, 21485, 14679, 19483, 21529, 21616, 21683, 33980, 35034, 35049, 35051, 35054, 35071, 35118, 35530, 35534, 35697, 35803, 35807, 35810, 35815], "label": "sink"}, {"objectId": 24, "id": 24, "partId": 24, "index": 20, "dominantNormal": [0.39021122455596924, -0.9207253456115723, -2.0444209561078447e-16], "obb": {"axesLengths": [0.4114813353467851, 0.7035469702583477, 0.3210231616561242], "centroid": [1.2162704310847376, -0.7075900121324681, 0.2227993947164848], "normalizedAxes": [0.9207253456115723, 0.39021122455596924, 8.664429719384286e-17, 0, -2.220446049250313e-16, 1, 0.39021122455596924, -0.9207253456115723, -2.0444209561078447e-16]}, "segments": [8362, 8750, 8757, 8799, 39499, 34483, 29959, 4211, 39479, 30010, 32768, 39456, 19989, 30017, 39442, 39657, 3998, 4173, 11518, 11471], "label": "lamp"}, {"objectId": 26, "id": 26, "partId": 26, "index": 21, "dominantNormal": [0.9019507169723511, 0.4318389594554901, 9.588751114353092e-17], "obb": {"axesLengths": [0.26408332250667693, 0.5199999842047692, 0.2621895557983211], "centroid": [0.49705972006013577, 0.5699653947884589, -0.3700000767631808], "normalizedAxes": [-0.4318389594554901, 0.9019507169723511, 2.0027329061197442e-16, 0, -2.220446049250313e-16, 1, 0.9019507169723511, 0.4318389594554901, 9.588751114353092e-17]}, "segments": [39852, 31058, 30833, 31264, 31126, 30464, 30483, 30539, 31218, 31297, 31300, 31369, 31388, 31395, 31401, 39695, 39713, 39723, 39947, 39967, 39970, 39981, 31235, 40411, 31125, 31157, 31430, 31441, 40182, 40185, 40188, 30701], "label": "plant"}, {"objectId": 27, "id": 27, "partId": 27, "index": 22, "dominantNormal": [0.7945763468742371, -0.607164204120636, -1.3481753582858768e-16], "obb": {"axesLengths": [0.30795750478501704, 0.6999999724328521, 0.16075492468190677], "centroid": [-0.2663733008910579, 1.4486077499409575, -8.771553416941913e-08], "normalizedAxes": [0.6071642637252808, 0.7945763468742371, 1.764313910244646e-16, 0, -2.220446049250313e-16, 1, 0.7945763468742371, -0.6071642637252808, -1.3481754906347748e-16]}, "segments": [16278, 34523, 15877, 16294, 18370, 18551, 34605, 18618, 32830, 7732, 16160, 18306, 18325, 18342, 18667, 18672, 18673, 18682, 34608, 7751, 18627], "label": "rack"}, {"objectId": 29, "id": 29, "partId": 29, "index": 23, "dominantNormal": [0.9994961619377136, 0.031740352511405945, 7.047774033576358e-18], "obb": {"axesLengths": [0.2935862525776033, 0.3999999672174459, 0.19604612736033833], "centroid": [-1.80386144242566, 0.009816806366255315, -0.33000006365015944], "normalizedAxes": [-0.031740352511405945, 0.9994961619377136, 2.2193273040154474e-16, 0, -2.220446049250313e-16, 1, 0.9994961619377136, 0.031740352511405945, 7.047774033576358e-18]}, "segments": [23224, 23225, 8094, 8122, 36059, 23232, 36028, 36052, 36067, 8145, 23652, 23678, 23687, 23759, 36054, 36061, 36657, 23704, 23706], "label": "item"}, {"objectId": 30, "id": 30, "partId": 30, "index": 24, "dominantNormal": [0, -2.220446049250313e-16, 1], "obb": {"axesLengths": [0.4458194748003817, 0.15886696818023238, 0.2813297335992707], "centroid": [-1.6238637677165193, -0.23234034825726863, -0.5105665642118473], "normalizedAxes": [0.9992099404335022, 0.03974251449108124, 8.824610928899465e-18, 0, -2.220446049250313e-16, 1, 0.03974251449108124, -0.9992099404335022, -2.2186917646072106e-16]}, "segments": [22667, 22702, 22725, 23727, 23799, 23840, 24460, 37762, 22720, 23790, 23837, 36706, 24233, 24443, 24254], "label": "item"}, {"objectId": 31, "id": 31, "partId": 31, "index": 25, "dominantNormal": [0, -2.220446049250313e-16, 1], "obb": {"axesLengths": [0.9499539162453386, 0.3274399564987429, 0.5356491856707207], "centroid": [-0.9612856099613238, -0.7580916483905671, -0.6662800742249171], "normalizedAxes": [0.8215942978858948, -0.570072591304779, -1.265815433148585e-16, 0, -2.220446049250313e-16, 1, -0.570072591304779, -0.8215942978858948, -1.82430581282732e-16]}, "segments": [15969, 16060, 15978, 16034, 16073, 16084, 18448, 18522, 26423, 34224, 34231, 34235, 34240, 34532, 34538, 34560, 34253, 16106, 37951, 38055, 38012, 25521, 25527, 25528, 26492, 26581, 36970, 38000, 38040, 38093, 38086, 16537, 25506, 25509, 25513, 25514, 36959, 36964, 26509, 24829, 24835, 24869, 24897, 25401, 25429, 25462, 25469, 25483, 25498, 26466, 36947, 36950, 37928, 37944, 34553, 9864, 15292, 15295, 34570, 14277, 16428, 16530, 18454, 25342, 25399, 25413, 25664, 34258, 36929, 37493, 18488, 25698, 37032, 37156, 37215, 37897, 14823, 15242, 15250, 15264, 16437, 16546, 25380, 25396, 25653, 25656, 25671, 25690, 34080, 34265, 36892, 36896, 16403, 14377, 33860], "label": "stove"}, {"objectId": 32, "id": 32, "partId": 32, "index": 26, "dominantNormal": [0, -2.220446049250313e-16, 1], "obb": {"axesLengths": [0.42069699864853605, 0.15999996304512099, 0.16552231122299244], "centroid": [-1.1871389088446973, -0.3257846212013811, -0.5700000678224844], "normalizedAxes": [0.9774513840675354, -0.21116065979003906, -4.688708527878817e-17, 0, -2.220446049250313e-16, 1, -0.21116065979003906, -0.9774513840675354, -2.1703780640870094e-16]}, "segments": [22416, 25071, 24994, 24989, 22396, 22701, 22704, 22808, 24456, 24485, 24993, 25086, 35938, 36838, 35942], "label": "pot"}, {"objectId": 33, "id": 33, "partId": 33, "index": 27, "dominantNormal": [0, -2.220446049250313e-16, 1], "obb": {"axesLengths": [0.751472770422479, 0.3075050046852601, 0.5231930470765449], "centroid": [-0.8972843147820122, -0.8381728829454068, 0.33624740852622526], "normalizedAxes": [0.9889046549797058, -0.14855150878429413, -3.298506107902591e-17, 0, -2.220446049250313e-16, 1, -0.14855150878429413, -0.9889046549797058, -2.1958094342349317e-16]}, "segments": [33641, 3117, 27837, 2543, 1470, 2355, 2399, 2540, 2547, 2554, 2605, 2623, 2642, 2744, 2786, 2788, 2812, 2818, 2832, 2855, 2879, 3121, 6596, 6604, 6661, 12139, 12141, 12205, 32067, 32072, 32074, 32080, 32085, 32730, 32731, 32734, 33554, 33558, 38393, 3111], "label": "kitchen hood"}], "scan_id": "0cac75f6-8d6f-2d13-8d7b-dc01a394149c", "annId": "4101", "appId": "stk.v1"}