{"segGroups": [{"objectId": 1, "id": 1, "partId": 1, "index": 0, "dominantNormal": [-0.09750954061746597, -0.9952346086502075, -2.2098647548545348e-16], "obb": {"axesLengths": [3.067502285323055, 2.0792699587508294, 0.45043321014284693], "centroid": [1.2618132218421116, 1.77789483733632, 0.029635017075352543], "normalizedAxes": [0.9952346086502075, -0.09750954061746597, -2.1651467422826525e-17, 0, -2.220446049250313e-16, 1, -0.09750954061746597, -0.9952346086502075, -2.2098647548545348e-16]}, "segments": [8884, 7278, 11763, 11740, 28826, 45294, 45264, 28624, 28636, 34810, 34841, 21868, 38713, 34512, 34793, 34792, 47290, 47260, 34621, 34534], "label": "wall"}, {"objectId": 2, "id": 2, "partId": 2, "index": 1, "dominantNormal": [-0.08203400671482086, -0.996629536151886, -2.2129621161146273e-16], "obb": {"axesLengths": [1.8569246768888918, 2.565869989263936, 1.0208211485838983], "centroid": [0.48559585760283663, 1.4834096854712178, -0.27293502115603485], "normalizedAxes": [0.996629536151886, -0.08203400671482086, -1.8215208611409764e-17, 0, -2.220446049250313e-16, 1, -0.08203400671482086, -0.996629536151886, -2.2129621161146273e-16]}, "segments": [26045, 45733, 29036, 26910, 30444, 45771, 30421, 19499, 20673, 30054, 20614, 47046, 22568, 13562, 24475, 43608, 24534, 20521, 43597, 18076, 22488, 17451, 7782, 25246, 13433, 22287, 43574, 17324, 45413, 15952, 16227, 40198, 15868, 29607, 17480, 17419, 21200, 22315, 25780, 27639, 31334, 31417, 31567, 44006, 26685, 43964, 23458, 42158, 23832, 23815, 45549, 45535, 22373, 23840, 45842, 27557, 25076, 19986, 21421, 29760, 27311, 16191, 7346, 23057, 31423, 27810, 42179, 23320, 27191, 43928, 42217, 27195, 28972, 27386, 27429, 27796, 45310, 15983, 15873, 22370, 42841, 31822, 45837, 27987, 28241, 25184, 25923, 25907], "label": "shower"}, {"objectId": 3, "id": 3, "partId": 3, "index": 2, "dominantNormal": [0.9998481869697571, 0.017425229772925377, 3.869178260657108e-18], "obb": {"axesLengths": [0.47731749632844783, 0.47121400077907716, 0.22592014221756693], "centroid": [0.518717971041578, 1.2897311735026271, 0.43642200857947744], "normalizedAxes": [-0.017425227910280228, 0.9998481869697571, 2.2201089566070855e-16, 0, -2.220446049250313e-16, 1, 0.9998481869697571, 0.017425227910280228, 3.869177847066802e-18]}, "segments": [24273, 23456, 23548, 23600, 23290, 42200, 42225, 43868, 26620], "label": "towel"}, {"objectId": 4, "id": 4, "partId": 4, "index": 3, "dominantNormal": [0.9932084679603577, -0.11634840071201324, -2.5834534669758212e-17], "obb": {"axesLengths": [0.7706918462246948, 0.7789369647442479, 0.17972092956548788], "centroid": [2.6868301164932054, 1.1746903346099478, 0.12053150227968024], "normalizedAxes": [0.11634840071201324, 0.9932084679603577, 2.2053658187645323e-16, 0, -2.220446049250313e-16, 1, 0.9932084679603577, -0.11634840071201324, -2.5834534669758212e-17]}, "segments": [2253, 40010, 582, 39962, 1709, 425, 449, 1608, 1742, 1807, 14229, 38220, 979, 1007, 3097, 416, 418, 3991, 3061, 559, 607, 201, 498, 634, 1030, 1635, 3646, 4616, 14439, 14909, 15414, 38167, 38198, 39470, 40022, 38347, 14317, 14172, 39466], "label": "shelf"}, {"objectId": 5, "id": 5, "partId": 5, "index": 4, "dominantNormal": [0.9958860278129578, -0.09061475098133087, -2.0120516582029706e-17], "obb": {"axesLengths": [3.680366688678473, 2.5090099012327944, 0.3530372324208088], "centroid": [2.6220631017561673, -0.26697031199285176, -0.19790499401304862], "normalizedAxes": [0.09061474353075027, 0.9958860278129578, 2.2113111959608695e-16, 0, -2.220446049250313e-16, 1, 0.9958860278129578, -0.09061474353075027, -2.012051492766848e-17]}, "segments": [18567, 229, 40039, 10583, 2800, 40334, 19337, 14831, 11318, 12441, 6375, 11108, 6598, 14666, 16565, 1128, 1131, 41805, 40257, 6060, 22124, 15739, 6624, 38701], "label": "wall"}, {"objectId": 6, "id": 6, "partId": 6, "index": 5, "dominantNormal": [0.9937995076179504, -0.11118713021278381, -2.4688502400845594e-17], "obb": {"axesLengths": [1.761502597952133, 1.89284999908097, 0.36153808010312477], "centroid": [2.438602138678464, -0.292443587377648, 0.07642501980606431], "normalizedAxes": [0.11118713021278381, 0.9937995076179504, 2.2066781904371845e-16, 0, -2.220446049250313e-16, 1, 0.9937995076179504, -0.11118713021278381, -2.4688502400845594e-17]}, "segments": [39268, 28051, 47656, 26120, 6190, 4188, 44189, 35410, 30357, 21813, 43215, 1274, 11868, 42997, 20589, 26703, 22172, 5447, 24395, 5306, 42966, 5456, 13931, 39433, 6197, 47615, 26447, 13811, 43012, 18927, 28110, 4178, 28279, 10899, 3784, 43034, 1285, 4343, 5318, 38502, 4425, 4374, 1532, 1533, 38382, 38383, 4144, 39743, 15537, 84, 39711, 39061, 5528, 39250, 10641, 39032, 38326, 790, 1503, 39082, 10344, 6028, 39119, 14448, 13983, 13175, 14097, 14054, 5556, 39757, 10379, 10429, 45703], "label": "curtain"}, {"objectId": 7, "id": 7, "partId": 7, "index": 6, "dominantNormal": [0.9925504922866821, -0.12183407694101334, -2.7052599480773173e-17], "obb": {"axesLengths": [1.1696758860022756, 0.8688400193563092, 0.4021805078717744], "centroid": [2.538845664753333, -0.2673853146212414, -1.004419984197169], "normalizedAxes": [0.12183406949043274, 0.9925504922866821, 2.2039048192794167e-16, 0, -2.220446049250313e-16, 1, 0.9925504922866821, -0.12183406949043274, -2.7052597826411948e-17]}, "segments": [7662, 5035, 2703, 39549, 5677, 38661, 16008, 15220, 14992, 14936, 2414, 2514, 4635, 5580, 5705, 5751, 5757, 5851, 14913, 14946, 38372, 38534, 38655, 38660, 39647, 38427, 2501, 3482], "label": "cabinet"}, {"objectId": 8, "id": 8, "partId": 8, "index": 7, "dominantNormal": [-0.11992524564266205, -0.9927829504013062, -2.2044209799816498e-16], "obb": {"axesLengths": [1.045432995111755, 2.5398299126365047, 0.28547595426299827], "centroid": [1.9016418310497718, -1.9451400192154722, -0.19818495702330075], "normalizedAxes": [0.9927829504013062, -0.11992523819208145, -2.6628752134901002e-17, 0, -2.220446049250313e-16, 1, -0.11992523819208145, -0.9927829504013062, -2.2044209799816498e-16]}, "segments": [4835, 4061, 7290, 7892, 36490, 24667, 37407, 19305, 6296, 19287, 35950, 47958, 4567], "label": "wall"}, {"objectId": 9, "id": 9, "partId": 9, "index": 8, "dominantNormal": [0, -2.220446049250313e-16, 1], "obb": {"axesLengths": [3.859767230176161, 0.13315999210268298, 2.818312760509618], "centroid": [1.2036452817845158, -0.020045196452628325, -1.436579964609891], "normalizedAxes": [0.8723944425582886, -0.48880255222320557, -1.0853596959474866e-16, 0, -2.220446049250313e-16, 1, -0.48880255222320557, -0.8723944425582886, -1.937104793366481e-16]}, "segments": [1946, 18467, 27134, 30728, 48286], "label": "floor"}, {"objectId": 10, "id": 10, "partId": 10, "index": 9, "dominantNormal": [0, -2.220446049250313e-16, 1], "obb": {"axesLengths": [2.3147431747207614, 0.7250559167923942, 0.9252531388497015], "centroid": [1.6062457735422104, 1.2424386774101377, -1.3074719557731154], "normalizedAxes": [0.988693356513977, -0.14995162189006805, -3.329594864044784e-17, 0, -2.220446049250313e-16, 1, -0.14995162189006805, -0.988693356513977, -2.1953402573914916e-16]}, "segments": [36415, 32836, 30924, 38128, 32976, 28174, 35219, 44311, 29427, 29247, 36835, 36642, 36609, 36778, 31871, 31886, 28206, 31038, 1966, 48083, 44390, 36395, 36040, 33011, 30571, 36410, 36981, 31031, 31693, 44422, 30983, 45974, 27630, 29069, 35205, 36711, 35214, 31640], "label": "bathtub"}, {"objectId": 11, "id": 11, "partId": 11, "index": 10, "dominantNormal": [0.9933040738105774, -0.11552915722131729, -2.5652626072529226e-17], "obb": {"axesLengths": [2.448321291439434, 2.5186600122155234, 0.2743962949061604], "centroid": [-0.4064583396605408, 0.6629798711970138, -0.1970699925630537], "normalizedAxes": [0.11552916467189789, 0.9933040738105774, 2.205578106396938e-16, 0, -2.220446049250313e-16, 1, 0.9933040738105774, -0.11552916467189789, -2.565262772689045e-17]}, "segments": [25991, 21605, 27100, 30646, 23499, 19080, 19169, 19114, 43307, 15842, 17869], "label": "wall"}, {"objectId": 12, "id": 12, "partId": 12, "index": 11, "dominantNormal": [0, -2.220446049250313e-16, 1], "obb": {"axesLengths": [4.614333935147252, 0.08871996204435963, 3.7605231851732177], "centroid": [1.3884631973719315, 0.2667873954137285, 1.0543599544981128], "normalizedAxes": [0.7357061505317688, -0.6773008704185486, -1.5039100418746644e-16, 0, -2.220446049250313e-16, 1, -0.6773008704185486, -0.7357061505317688, -1.6335958153574222e-16]}, "segments": [3682, 6338, 4224, 24247, 10924, 6664], "label": "ceiling"}, {"objectId": 13, "id": 13, "partId": 13, "index": 12, "dominantNormal": [-0.09007535874843597, -0.9959349632263184, -2.2114198544061344e-16], "obb": {"axesLengths": [2.1781880933220177, 2.5116899644205715, 0.18446816430299867], "centroid": [0.4973780255082392, -0.6053946889519114, -0.2015749711191288], "normalizedAxes": [0.9959349632263184, -0.09007535874843597, -2.0000747446776928e-17, 0, -2.220446049250313e-16, 1, -0.09007535874843597, -0.9959349632263184, -2.2114198544061344e-16]}, "segments": [15240, 6661, 29103, 17882, 36669, 32288, 9367, 26094, 22646, 44807, 45186], "label": "wall"}, {"objectId": 14, "id": 14, "partId": 14, "index": 13, "dominantNormal": [0.9870702028274536, -0.16028842329978943, -3.5591179625657927e-17], "obb": {"axesLengths": [1.2712487352296344, 2.535659971781224, 0.18583367484614968], "centroid": [1.417508428903195, -1.3444765027186902, -0.21005999013647392], "normalizedAxes": [0.16028842329978943, 0.9870702028274536, 2.1917361322009246e-16, 0, -2.220446049250313e-16, 1, 0.9870702028274536, -0.16028842329978943, -3.5591179625657927e-17]}, "segments": [32320, 21261, 24282, 22454, 49307, 9865, 49447, 35401, 34998, 37858, 46805, 20880, 22489, 36649, 49469, 33864, 35942, 37855, 37806, 38142, 37813, 32741, 32584], "label": "wall"}, {"objectId": 15, "id": 15, "partId": 15, "index": 14, "dominantNormal": [0.999988853931427, -0.004715141374617815, -1.0469717036926818e-18], "obb": {"axesLengths": [0.5945404669338626, 0.7599999734759334, 0.4203201045589969], "centroid": [1.9412134277036222, -1.6539477662016608, -1.0099999623000624], "normalizedAxes": [0.004715141840279102, 0.999988853931427, 2.2204213000063855e-16, 0, -2.220446049250313e-16, 1, 0.999988853931427, -0.004715141840279102, -1.0469718070902583e-18]}, "segments": [33830, 16735, 46696, 16710, 31571, 16783, 16824, 16835, 31350, 33937, 38041, 38047, 38051, 45682, 46665, 48758, 48804, 48799, 31587, 16903, 18342, 46602, 16346, 27899, 14110, 46679, 33819, 18415, 18374], "label": "toilet"}, {"objectId": 16, "id": 16, "partId": 16, "index": 15, "dominantNormal": [0.7757198214530945, -0.6310774683952332, -1.4012734714690848e-16], "obb": {"axesLengths": [0.35971534115943765, 0.4064699320539102, 0.31191626031978115], "centroid": [2.2725317618708614, -1.8588358812876238, -1.2684749621493743], "normalizedAxes": [0.6310774683952332, 0.7757198214530945, 1.722444012870682e-16, 0, -2.220446049250313e-16, 1, 0.7757198214530945, -0.6310774683952332, -1.4012734714690848e-16]}, "segments": [17531, 15094, 16885, 16839, 15288, 18418], "label": "garbage"}, {"objectId": 17, "id": 17, "partId": 17, "index": 16, "dominantNormal": [-0.06008405610918999, -0.9981933236122131, -2.216434421802778e-16], "obb": {"axesLengths": [1.0273793169805292, 0.27253998765632526, 0.16362725688481114], "centroid": [1.919116491413952, -1.9534898702576486, -0.1462699877931921], "normalizedAxes": [0.9981933236122131, -0.06008405610918999, -1.3341340501058504e-17, 0, -2.220446049250313e-16, 1, -0.06008405610918999, -0.9981933236122131, -2.216434421802778e-16]}, "segments": [9826, 10090, 5927, 38669, 2040, 46468, 10185], "label": "shelves"}, {"objectId": 18, "id": 18, "partId": 18, "index": 17, "dominantNormal": [0, -2.220446049250313e-16, 1], "obb": {"axesLengths": [0.6582836405929705, 0.3806509588513307, 0.5728731786858627], "centroid": [0.8981028427154355, -0.4625383744994634, -0.6412134716388547], "normalizedAxes": [0.9811186194419861, -0.1934070736169815, -4.2944997250989105e-17, 0, -2.220446049250313e-16, 1, -0.1934070736169815, -0.9811186194419861, -2.1785209623858794e-16]}, "segments": [29946, 43820, 25644, 29401, 45384, 42975, 45629, 42850, 45093, 19690, 29241, 17973, 29976, 43805, 17971, 17985, 17996, 17998, 18005, 25616, 26083, 26373, 28487, 29311, 42227, 43801, 43802, 43848, 45219, 45320, 45396, 45399, 45402, 45575, 45611, 42984, 29428, 25533, 40706, 19756, 28461, 24382, 26321], "label": "sink"}, {"objectId": 19, "id": 19, "partId": 19, "index": 18, "dominantNormal": [0.986012876033783, -0.16666916012763977, -3.7007987813728554e-17], "obb": {"axesLengths": [0.38108786436872627, 0.5288299799972029, 0.18419720551208488], "centroid": [1.312442684794338, -0.530296487643243, -0.834414964517616], "normalizedAxes": [0.16666917502880096, 0.986012876033783, 2.189388395099152e-16, 0, -2.220446049250313e-16, 1, 0.986012876033783, -0.16666917502880096, -3.7007991122451004e-17]}, "segments": [47371, 25680, 33433, 34931, 34953, 47554, 33475, 35273, 35041, 35051, 47465, 47576, 33362, 29434, 45221, 47392], "label": "towel"}, {"objectId": 40, "id": 40, "partId": 40, "index": 19, "dominantNormal": [0, -2.220446049250313e-16, 1], "obb": {"axesLengths": [0.4607387956517389, 0.12211000646404901, 0.376373673252844], "centroid": [2.5130573332295674, 0.45545920329972234, -1.411054991311095], "normalizedAxes": [0.45235100388526917, 0.8918399810791016, 1.980282562550565e-16, 0, -2.220446049250313e-16, 1, 0.8918399810791016, -0.45235100388526917, -1.004420999451459e-16]}, "segments": [7647, 40641, 18544], "label": "scale"}, {"objectId": 21, "id": 21, "partId": 21, "index": 20, "dominantNormal": [-0.2041473537683487, -0.9789401888847351, -2.1736838748614653e-16], "obb": {"axesLengths": [0.690964403246852, 0.45999999806284914, 0.25058988057657733], "centroid": [0.8966483020557896, -0.6458589763629392, -0.10000000111758722], "normalizedAxes": [0.9789401888847351, -0.2041473537683487, -4.532981851398359e-17, 0, -2.220446049250313e-16, 1, -0.2041473537683487, -0.9789401888847351, -2.1736838748614653e-16]}, "segments": [8351, 38773, 8353, 38759, 8263, 8807, 8381, 8725, 8803, 8532, 8356], "label": "shelf"}, {"objectId": 22, "id": 22, "partId": 22, "index": 21, "dominantNormal": [-0.04911555349826813, -0.9987931251525879, -2.2177662487634373e-16], "obb": {"axesLengths": [0.6565845937086211, 1.9577139774475838, 0.13581535214377222], "centroid": [-0.2748129593237487, -0.5218740824415468, -0.3911429798347579], "normalizedAxes": [0.9987931251525879, -0.049115557223558426, -1.0905844499377798e-17, 0, -2.220446049250313e-16, 1, -0.049115557223558426, -0.9987931251525879, -2.2177662487634373e-16]}, "segments": [42672, 12299, 41233, 11124, 41173, 10217, 41182, 41116, 11909, 10022, 38896, 20843, 10722, 9522, 9551, 9637, 7473, 42018, 7511, 41905, 8052, 22734, 8223, 7585, 37440, 7388, 7689, 7735, 7821, 7970, 8125, 8159, 8163, 8698, 8901, 8906, 9196, 9291, 9403, 9411, 9609, 10008, 10161, 10263, 10332, 10353, 10372, 10805, 10944, 11056, 11095, 11257, 11432, 11463, 11765, 11823, 11927, 11995, 12143, 12257, 12323, 12583, 12617, 12628, 12705, 12710, 12764, 12787, 12853, 13037, 13054, 13124, 13174, 13195, 13208, 13225, 13278, 13284, 13474, 13476, 13540, 13544, 13555, 13597, 13602, 13633, 13634, 13645, 13690, 13719, 13746, 13755, 13777, 13835, 13849, 13858, 13909, 13914, 13924, 13933, 13996, 14055, 14063, 14085, 14091, 14128, 14141, 14143, 14144, 14202, 14205, 14218, 14223, 14236, 14255, 19589, 19604, 19610, 19683, 19738, 19755, 19770, 19784, 19800, 19825, 19826, 19887, 19892, 19895, 19897, 19938, 20070, 20115, 20152, 20222, 20240, 20335, 20775, 20872, 20902, 20906, 20976, 21059, 22742, 22890, 24571, 24592, 24606, 24609, 24644, 24690, 24832, 37408, 37412, 37530, 37546, 37551, 38704, 38705, 38919, 39127, 39129, 39143, 39144, 39149, 39153, 39155, 39167, 39172, 39180, 39183, 39193, 39198, 39200, 39206, 39208, 39219, 39221, 39226, 39228, 39232, 39241, 39296, 39299, 40842, 40877, 40882, 40903, 40967, 40980, 40986, 41008, 41012, 41014, 41015, 41027, 41049, 41062, 41066, 41080, 41083, 41087, 41107, 41129, 41142, 41152, 41155, 41215, 41218, 41257, 41273, 41287, 41322, 41331, 41338, 41379, 41396, 41443, 41504, 41514, 41640, 41646, 41847, 41893, 42007, 42025, 42035, 42273, 42286, 42309, 42379, 42433, 42436, 42492, 42514, 42516, 42733, 42740, 42742, 42747, 42750, 42786, 42794, 42799, 42803, 44503, 44853, 45012, 48407, 48426, 48453, 48491, 48511, 48520, 48562, 48568, 48606, 48621, 48635, 48648, 48664, 44852, 19919, 12244, 13960, 13967, 21036, 13999, 48438, 19819, 26942, 26960, 44109, 44835, 19872, 19874, 13625], "label": "heater"}, {"objectId": 23, "id": 23, "partId": 23, "index": 22, "dominantNormal": [0.7593658566474915, -0.6506638526916504, -1.4447639810991628e-16], "obb": {"axesLengths": [0.3123278759414791, 1.0799999889731404, 0.20186315015645412], "centroid": [-0.45176772361522843, -0.0736320258270591, -0.1300000016391274], "normalizedAxes": [0.6506639122962952, 0.7593658566474915, 1.686130916328502e-16, 0, -2.220446049250313e-16, 1, 0.7593658566474915, -0.6506639122962952, -1.4447641134480608e-16]}, "segments": [41734, 41741, 41698, 19186, 21531, 21539, 41275, 41280, 20440, 41760], "label": "clothes"}, {"objectId": 25, "id": 25, "partId": 25, "index": 24, "dominantNormal": [0.8823800086975098, 0.4705375134944916, 1.0448031628629097e-16], "obb": {"axesLengths": [0.23734850295105805, 0.22363996005863043, 0.1557321476199416], "centroid": [1.5012248624959237, -1.7865119852063813, -1.3618199465017025], "normalizedAxes": [-0.4705375134944916, 0.8823800086975098, 1.9592772042498425e-16, 0, -2.220446049250313e-16, 1, 0.8823800086975098, 0.4705375134944916, 1.0448031628629097e-16]}, "segments": [34715, 34813], "label": "toilet brush"}, {"objectId": 26, "id": 26, "partId": 26, "index": 25, "dominantNormal": [0, -2.220446049250313e-16, 1], "obb": {"axesLengths": [0.3299094929083597, 0.09999996200203976, 0.16272021331579548], "centroid": [2.7070682171740055, 1.3892640565019763, -0.9599999812990425], "normalizedAxes": [-0.22500459849834442, 0.9743577241897583, 2.163508759233675e-16, 0, -2.220446049250313e-16, 1, 0.9743577241897583, 0.22500459849834442, 4.996105717988018e-17]}, "segments": [3157], "label": "bowl"}, {"objectId": 27, "id": 27, "partId": 27, "index": 26, "dominantNormal": [0, -2.220446049250313e-16, 1], "obb": {"axesLengths": [0.4863227284757119, 0.09740596791939504, 0.2844730713023034], "centroid": [0.5696163732705795, 1.1686233768643617, -0.961296978340365], "normalizedAxes": [-0.023236121982336044, 0.9997299909591675, 2.2198465087423346e-16, 0, -2.220446049250313e-16, 1, 0.9997299909591675, 0.023236121982336044, 5.159455525557642e-18]}, "segments": [25835], "label": "towel"}, {"objectId": 28, "id": 28, "partId": 28, "index": 27, "dominantNormal": [0.9819685220718384, 0.18904435634613037, 4.1976279418183353e-17], "obb": {"axesLengths": [0.2827331874958804, 1.0999999992549414, 0.15486293000478812], "centroid": [-0.4099821320209345, 0.13396589777904452, -0.17999999754130824], "normalizedAxes": [-0.18904437124729156, 0.9819685220718384, 2.1804081253225824e-16, 0, -2.220446049250313e-16, 1, 0.9819685220718384, 0.18904437124729156, 4.1976282726905804e-17]}, "segments": [19406, 43459, 40736, 19387, 40760, 43453, 17152, 16974, 40725], "label": "clothes"}], "scan_id": "c92fb59e-f771-2064-8431-6a20d3396067", "annId": "6493", "appId": "stk.v1"}