{"segGroups": [{"objectId": 7, "id": 7, "partId": 7, "index": 0, "dominantNormal": [-0.3161618113517761, -0.94870525598526, -2.1065488375554775e-16], "obb": {"axesLengths": [3.181264904347078, 2.5727899691583955, 0.7156590918001402], "centroid": [-1.9378579013854251, -0.7836208444616062, -0.14614511513385842], "normalizedAxes": [0.94870525598526, -0.3161618113517761, -7.020202449398741e-17, 0, -2.220446049250313e-16, 1, -0.3161618113517761, -0.94870525598526, -2.1065488375554775e-16]}, "segments": [24453, 38344, 23481, 4411, 12187, 15043, 23482, 14379, 38826, 26424, 23489, 23746, 11338, 19, 8575, 7841, 13026, 13041, 40711, 10701, 10677, 10674, 12065, 9208, 9585, 33741, 9592, 9560, 7339, 33463, 33469, 33476, 8807, 6300, 33263, 6358, 14889, 34680, 14953, 14942, 6316, 6333, 33262, 33658, 35093, 33661, 6275, 34710, 34705, 34697, 14930, 34688, 34694, 23532], "label": "kitchen cabinet"}, {"objectId": 8, "id": 8, "partId": 8, "index": 1, "dominantNormal": [0.9110881090164185, -0.4122116267681122, -9.152936781122993e-17], "obb": {"axesLengths": [2.1256680953346265, 2.5428000120192755, 0.5335475320859495], "centroid": [-3.0576917529586316, 1.1121435201096035, -0.13768006367206564], "normalizedAxes": [0.4122116267681122, 0.9110881090164185, 2.023021992184445e-16, 0, -2.220446049250313e-16, 1, 0.9110881090164185, -0.4122116267681122, -9.152936781122993e-17]}, "segments": [25018, 198, 17186, 26736, 2439, 11058, 9598, 6988, 942, 1017, 1153, 1155, 1163, 2440, 2534, 2537, 2545, 2558, 2966, 3130, 4451, 4714, 5921, 5929, 6297, 6298, 6715, 6838, 6841, 6878, 7088, 7221, 7235, 7406, 31888, 31890, 31900, 31924, 31959, 32036, 32040, 32044, 32047, 32049, 32077, 32081, 32285, 33056, 33062, 33065, 33096, 33133, 658, 8363, 32091, 34356, 2301, 1670, 3021, 2005, 2170, 9485, 16737, 16393], "label": "kitchen cabinet"}, {"objectId": 9, "id": 9, "partId": 9, "index": 2, "dominantNormal": [0.9905636310577393, 0.1370537281036377, 3.043204091027489e-17], "obb": {"axesLengths": [0.8345333871561613, 2.5451499846916636, 0.4156742559853699], "centroid": [-3.3424575535057, -0.139759064467759, -0.1162150606613983], "normalizedAxes": [-0.1370537132024765, 0.9905636310577393, 2.1994931011132019e-16, 0, -2.220446049250313e-16, 1, 0.9905636310577393, 0.1370537132024765, 3.043203760155244e-17]}, "segments": [29974, 442, 3487, 12694, 3651, 3726, 33707, 36397, 7663], "label": "wall"}, {"objectId": 11, "id": 11, "partId": 11, "index": 3, "dominantNormal": [0, -2.220446049250313e-16, 1], "obb": {"axesLengths": [2.7469388522025557, 0.19353398248104753, 0.7843283518566605], "centroid": [-2.0156076609319995, -0.7417316722903093, -0.4950260688731223], "normalizedAxes": [0.9574807286262512, -0.2884971499443054, -6.405923568138082e-17, 0, -2.220446049250313e-16, 1, -0.2884971499443054, -0.9574807286262512, -2.1260343011114707e-16]}, "segments": [124, 37061, 8154, 8700, 37085, 865, 10229, 14826, 14863, 18766, 34631, 35613, 36910, 36922, 38890, 127, 32152, 837, 8786, 800, 809], "label": "kitchen counter"}, {"objectId": 12, "id": 12, "partId": 12, "index": 4, "dominantNormal": [0, -2.220446049250313e-16, 1], "obb": {"axesLengths": [0.6233888425906693, 0.42558797242668295, 0.4857420941953131], "centroid": [-2.608321477367431, -0.5312651922475204, -0.6772060522316548], "normalizedAxes": [0.8907561898231506, -0.45448148250579834, -1.0091516122874252e-16, 0, -2.220446049250313e-16, 1, -0.45448148250579834, -0.8907561898231506, -1.9778760625380768e-16]}, "segments": [8526, 33564, 9927, 8324, 5001, 5007, 5018, 5036, 8099, 8490, 9917, 31867, 31876, 31879, 33143, 25754, 4939, 7884, 7925, 25750, 38911, 33575], "label": "sink"}, {"objectId": 13, "id": 13, "partId": 13, "index": 5, "dominantNormal": [0, -2.220446049250313e-16, 1], "obb": {"axesLengths": [1.5999367429137406, 0.11981898278402542, 0.4027685392425214], "centroid": [-3.1642827368606006, 0.8769244243615886, -0.4423865409407062], "normalizedAxes": [0.3098505139350891, 0.9507852792739868, 2.1111674170492796e-16, 0, -2.220446049250313e-16, 1, 0.9507852792739868, -0.3098505139350891, -6.880063495253477e-17]}, "segments": [3797, 2326, 1968, 1501], "label": "kitchen counter"}, {"objectId": 15, "id": 15, "partId": 15, "index": 7, "dominantNormal": [0.9911649227142334, -0.13263534009456635, -2.945096169039515e-17], "obb": {"axesLengths": [0.47274475100281704, 0.4126043898030132, 0.3936970470559034], "centroid": [-1.4457089003295964, 1.051329123114288, 0.16825772259553196], "normalizedAxes": [0.13263534009456635, 0.9911649227142334, 2.2008282367963115e-16, 0, -2.220446049250313e-16, 1, 0.9911649227142334, -0.13263534009456635, -2.945096169039515e-17]}, "segments": [15569, 38042, 22580, 15973, 15307, 15330, 15354, 15370, 15394, 15416, 15448, 15460, 15552, 15561, 15598, 15695, 15735, 15737, 15772, 15798, 15824, 15839, 15844, 15893, 15916, 15936, 15994, 15999, 16006, 16027, 22084, 22517, 22564, 22590, 22658, 22675, 22743, 22767, 22805, 22863, 22934, 34800, 34828, 34837, 34846, 34848, 34897, 34912, 34975, 34997, 37673, 37930, 37945, 15107, 15129, 15119, 15138, 15173, 15179, 15184, 15186, 15254, 15278, 15425, 15515, 15574, 15836, 15860, 15997, 16022, 22737, 22794, 22938, 23380, 34724, 34733, 34744, 34781, 34824, 34834, 34918, 37795, 38128, 38159, 37865, 37604, 15422, 15187, 15321, 15385, 15538, 15541, 15639, 15694, 15725, 15753, 15755, 15848, 15978, 16052, 16079, 16086, 22566, 22778, 22911, 34747, 34773, 34776, 34782, 34789, 34832, 34886, 34915, 35028, 37633, 37677, 37679, 37867, 37953, 38031, 37821, 14253, 14272, 22963, 38081, 22797, 34840, 37598, 38210, 38216, 23672, 16046, 15106, 38134, 15165, 38198, 38202], "label": "lamp"}, {"objectId": 16, "id": 16, "partId": 16, "index": 8, "dominantNormal": [0, -2.220446049250313e-16, 1], "obb": {"axesLengths": [3.953944688064312, 0.8635499284368015, 3.726327443578555], "centroid": [-1.7733340915851994, 0.7258731341607121, 1.5417748810699212], "normalizedAxes": [-0.16109918057918549, 0.9869382381439209, 2.1914431117407338e-16, 0, -2.220446049250313e-16, 1, 0.9869382381439209, 0.16109918057918549, 3.577120390545152e-17]}, "segments": [26881, 39028, 13463, 25562, 25596, 25875, 26148, 25623, 25878, 38881, 30800, 30816, 30907, 30921, 40067, 40207, 40686, 40691, 40694, 31251, 31189, 31170, 31234, 40703, 30981, 28327, 29143, 30839, 31010, 30838, 148, 31840, 157, 31844, 26392, 39158, 23986, 16840, 3558, 34511, 9429, 10163, 10204, 10211, 33830, 8402, 9451, 19107, 19026, 19224, 19677, 20088, 20099, 34177, 3648, 11857, 4474, 5491, 3818, 4581, 4591, 4592, 4638, 4658, 4704, 4733, 4791, 4897, 12228, 14990, 22465, 24508, 25535, 32165, 32199, 32200, 32202, 32247, 32257, 32261, 32264, 32278, 37590, 39161, 184, 24482, 38888], "label": "ceiling"}, {"objectId": 29, "id": 29, "partId": 29, "index": 9, "dominantNormal": [0.8585165739059448, 0.5127858519554138, 1.1386133190858545e-16], "obb": {"axesLengths": [0.4560088586127406, 0.7666299767800422, 0.3279597586604472], "centroid": [0.6396268058536179, 0.677437856534872, -0.9733150216196111], "normalizedAxes": [-0.5127858519554138, 0.8585165739059448, 1.9062897347453696e-16, 0, -2.220446049250313e-16, 1, 0.8585165739059448, 0.5127858519554138, 1.1386133190858545e-16]}, "segments": [13875, 557, 548, 13985, 13917, 16138, 14938, 15369, 16120, 3893, 25064, 42384, 13776, 13810, 3880, 14788, 34056, 14359, 14736, 14738, 14915, 19843, 32979, 34127, 34136, 32108, 12265, 12266, 34030, 365], "label": "magazine stand"}, {"objectId": 19, "id": 19, "partId": 19, "index": 10, "dominantNormal": [0.21238896250724792, -0.9771851897239685, -2.1697869939085035e-16], "obb": {"axesLengths": [0.21984548142158167, 0.236418003519967, 0.18836168554736318], "centroid": [-0.9651815533741214, -1.3848776841916246, -0.3865950747595355], "normalizedAxes": [0.9771851897239685, 0.21238896250724792, 4.715982327035915e-17, 0, -2.220446049250313e-16, 1, 0.21238896250724792, -0.9771851897239685, -2.1697869939085035e-16]}, "segments": [7314, 33392, 33411, 7131, 6981, 7006, 7013, 7019, 7031, 7050, 33361, 33383], "label": "item"}, {"objectId": 20, "id": 20, "partId": 20, "index": 11, "dominantNormal": [0.9462050795555115, -0.32356753945350647, -7.184642646451832e-17], "obb": {"axesLengths": [1.5918685279800955, 0.2599999846518042, 0.12908596372415898], "centroid": [-3.298311636457274, 0.9240083993200137, -0.2600000572949652], "normalizedAxes": [0.32356756925582886, 0.9462050795555115, 2.1009973306796136e-16, 0, -2.220446049250313e-16, 1, 0.9462050795555115, -0.32356756925582886, -7.184643308196323e-17]}, "segments": [2039, 2721, 3217, 32545, 1356, 32678, 32625, 2619, 2601, 1407, 2163, 2717, 2760, 2772, 2783, 2797, 3264, 3267, 32184, 32189, 32428, 32434, 32610, 32872, 32897, 32899], "label": "shelf"}, {"objectId": 21, "id": 21, "partId": 21, "index": 12, "dominantNormal": [0, -2.220446049250313e-16, 1], "obb": {"axesLengths": [0.18764901677945267, 0.14949601554506975, 0.18241956080789673], "centroid": [-3.301970029129808, 0.7730924425238046, -0.40412205858255956], "normalizedAxes": [-0.7016246318817139, 0.7125467658042908, 1.5821716510362255e-16, 0, -2.220446049250313e-16, 1, 0.7125467658042908, 0.7016246318817139, 1.5579196419184568e-16]}, "segments": [2776, 2942, 2953, 32486, 32490], "label": "item"}, {"objectId": 22, "id": 22, "partId": 22, "index": 13, "dominantNormal": [0, -2.220446049250313e-16, 1], "obb": {"axesLengths": [0.2628723856492583, 0.10980400197646012, 0.23588328522837634], "centroid": [-3.3463735154012095, 0.5814255934955956, -0.4350980702393201], "normalizedAxes": [0.9825364351272583, -0.18607038259506226, -4.131592459157002e-17, 0, -2.220446049250313e-16, 1, -0.18607038259506226, -0.9825364351272583, -2.1816691456228072e-16]}, "segments": [32867, 3301, 3371, 32779], "label": "item"}, {"objectId": 23, "id": 23, "partId": 23, "index": 14, "dominantNormal": [0, -2.220446049250313e-16, 1], "obb": {"axesLengths": [0.24768728120200828, 0.09244501384098047, 0.30949092705073544], "centroid": [-3.0890007931486836, 1.0810366340736357, -0.42869955646918356], "normalizedAxes": [0.33403661847114563, 0.942560076713562, 2.0929037985197008e-16, 0, -2.220446049250313e-16, 1, 0.942560076713562, -0.33403661847114563, -7.417102897891895e-17]}, "segments": [1776, 32407, 1738, 1853, 1882, 32318, 32320, 32330, 2195], "label": "item"}, {"objectId": 24, "id": 24, "partId": 24, "index": 15, "dominantNormal": [-0.0375560037791729, -0.9992945194244385, -2.2188795676934847e-16], "obb": {"axesLengths": [0.8331017370208117, 0.7989499390359978, 0.5684570538075912], "centroid": [-1.5257486763492885, -0.9008306472074104, -0.8894750407455492], "normalizedAxes": [0.9992945194244385, -0.0375560037791729, -8.339108021709429e-18, 0, -2.220446049250313e-16, 1, -0.0375560037791729, -0.9992945194244385, -2.2188795676934847e-16]}, "segments": [21318, 22049, 18837, 37544, 21767, 37304, 37530, 21345, 21297, 17106, 37383, 21873, 18856, 8119, 8117, 8212, 8244, 8266, 8267, 8276, 8278, 8293, 8306, 8759, 8765, 10841, 13941, 14056, 14184, 14213, 14217, 17103, 17151, 17183, 17190, 17215, 17244, 17245, 18325, 18336, 18340, 18344, 18353, 18371, 18387, 18391, 18398, 18723, 18803, 18854, 21366, 21514, 21752, 21757, 21839, 21846, 21848, 21855, 33601, 34634, 34647, 34652, 35174, 35187, 35190, 35503, 35517, 35521, 35663, 35687, 36859, 36899, 36900, 36903, 37268, 37275, 37278, 37282, 37285, 37325, 37327, 37441, 37444, 37450, 37462, 37555, 37562, 37565, 37575, 37577, 19881, 19895, 20082, 18873, 19914, 19920, 20005, 20028, 20046, 20112, 36447, 36471, 36481, 36485, 36491, 36494, 36497, 18895, 7713, 14121, 20203, 20201, 20114, 20173, 20186, 20193, 21606, 28409, 10452, 8750, 8771, 8773, 10455, 10839, 20105, 33862, 33864, 37099, 7710, 18869], "label": "stove"}, {"objectId": 1, "id": 1, "partId": 1, "index": 16, "dominantNormal": [0, -2.220446049250313e-16, 1], "obb": {"axesLengths": [5.321506227968067, 0.30773996618971305, 2.431677651404692], "centroid": [-0.511603898508205, 0.20694599663662466, -1.363500041212887], "normalizedAxes": [0.9656690359115601, -0.25977545976638794, -5.768173933304598e-17, 0, -2.220446049250313e-16, 1, -0.25977545976638794, -0.9656690359115601, -2.1442159956731822e-16]}, "segments": [25082, 2362, 12776, 12935, 2239, 13360, 1539, 17224, 11309, 325, 395, 1268, 1272, 1742, 1834, 1920, 1930, 1948, 2011, 2025, 2035, 2482, 2650, 3113, 5122, 5325, 5364, 5382, 5433, 5584, 5621, 5804, 5926, 11340, 11347, 11509, 11766, 12166, 12170, 12258, 12474, 13758, 13791, 19058, 23426, 23771, 24711, 25811, 25814, 25840, 26839, 28422, 28424, 28615, 28632, 29964, 31856, 31859, 32369, 32371, 32373, 35706, 23832, 22096, 19973, 21963, 39810, 21699, 38122, 22843, 17686, 25831, 20481, 16616, 30375, 26752, 18470, 23381, 22771, 38125, 35859, 20020, 22063, 21809, 22727, 22751, 21693, 23766, 23783, 35689, 22199, 23166, 14572, 23049, 13389, 21300, 22770, 23758, 24642], "label": "floor"}, {"objectId": 3, "id": 3, "partId": 3, "index": 17, "dominantNormal": [-0.32808917760849, -0.9446467757225037, -2.0975372010900798e-16], "obb": {"axesLengths": [3.119078690670183, 2.619999946206808, 0.22203264768385572], "centroid": [-1.0470826641741022, 1.556220465612302, -0.08000005416572176], "normalizedAxes": [0.9446467757225037, -0.32808917760849, -7.285043182225559e-17, 0, -2.220446049250313e-16, 1, -0.32808917760849, -0.9446467757225037, -2.0975372010900798e-16]}, "segments": [40230, 5224, 9800, 10020, 10025, 11796, 12499, 12503, 34313, 34396, 13474, 27271, 27277, 27299, 36175, 40716, 25663, 24615, 24593, 12990, 10000, 25649], "label": "wall"}, {"objectId": 4, "id": 4, "partId": 4, "index": 18, "dominantNormal": [-0.37125828862190247, -0.9285296201705933, -2.0617499267196876e-16], "obb": {"axesLengths": [1.6321334642446348, 2.365106887405211, 0.3788136039088887], "centroid": [-0.22911626086882736, 1.1095761333776246, -0.22744656404599906], "normalizedAxes": [0.9285296201705933, -0.37125828862190247, -8.243590002219358e-17, 0, -2.220446049250313e-16, 1, -0.37125828862190247, -0.9285296201705933, -2.0617499267196876e-16]}, "segments": [24679, 8868, 8904, 33989, 42233, 42237, 30130, 24850, 7554, 38982, 20260, 31296, 41921, 27439, 27547, 19632, 4161, 4204, 4276, 4301, 4307, 6361, 6364, 6410, 6411, 6500, 7593, 8891, 8913, 9024, 9037, 9064, 9608, 9639, 10591, 10895, 12704, 12722, 12729, 12754, 12851, 12915, 14647, 14687, 17341, 17390, 18637, 24531, 24590, 24685, 24748, 24785, 27248, 27680, 27870, 28189, 28289, 29124, 29820, 30245, 30697, 31056, 31150, 32994, 32998, 33673, 33677, 33680, 33688, 34004, 34051, 34473, 34478, 34479, 34670, 34864, 35569, 38474, 38934, 39232, 39928, 41542, 41547, 41909, 41997, 42165, 42170, 42175, 42182, 42186, 41236, 28681, 41291, 27662, 13684, 19557, 19649, 27480, 27581, 27919, 27938, 28018, 28078, 31212, 36086, 38224, 40843, 40861, 40881, 40891, 40893, 41115, 41199, 41202, 41300, 41371, 41384, 41451, 9661, 7596, 502, 4172, 4354, 9700, 24494, 32984, 33045, 33935, 10889, 10976, 30308, 533, 560, 36054, 5877, 4315, 33907, 40055, 24215, 14085, 40911, 40917, 4168, 4359, 34719, 24173, 32983, 18799, 34875, 4346], "label": "curtain"}, {"objectId": 5, "id": 5, "partId": 5, "index": 19, "dominantNormal": [0, -2.220446049250313e-16, 1], "obb": {"axesLengths": [1.0513925604021837, 0.7706249184021741, 0.8933635663185028], "centroid": [-1.228493041543582, 0.7757425517040982, -0.9948375431112014], "normalizedAxes": [0.994617760181427, -0.10361233353614807, -2.300655966539457e-17, 0, -2.220446049250313e-16, 1, -0.10361233353614807, -0.994617760181427, -2.208495076109045e-16]}, "segments": [29541, 24651, 14174, 35136, 42150, 42087, 29147, 41326, 24190, 35228, 35217, 29898, 20381, 24233, 24721, 26056, 28190, 29419, 30018, 40050, 41883, 42320, 35801], "label": "table"}, {"objectId": 30, "id": 30, "partId": 30, "index": 20, "dominantNormal": [0.9275477528572083, -0.37370458245277405, -8.29790863694e-17], "obb": {"axesLengths": [0.7268959678063357, 0.4898059761567566, 0.1664780169488542], "centroid": [-3.3007374868437718, -0.23374486219608803, -0.2549030602745046], "normalizedAxes": [0.37370458245277405, 0.9275477528572083, 2.0595697433227939e-16, 0, -2.220446049250313e-16, 1, 0.9275477528572083, -0.37370458245277405, -8.29790863694e-17]}, "segments": [4395, 7689], "label": "cutting board"}, {"objectId": 34, "id": 34, "partId": 34, "index": 22, "dominantNormal": [-0.30842745304107666, -0.9512478709220886, -2.1121945768467235e-16], "obb": {"axesLengths": [0.7109786503267669, 0.9599999570846559, 0.1271101240694158], "centroid": [-1.9301299379741967, 1.772992257642521, -0.9100000487267974], "normalizedAxes": [0.9512478709220886, -0.30842745304107666, -6.848465195853951e-17, 0, -2.220446049250313e-16, 1, -0.30842745304107666, -0.9512478709220886, -2.1121945768467235e-16]}, "segments": [9990, 12591, 34436, 12661, 9818, 9962, 11050, 11160, 12487, 12504, 12522, 12536, 12590, 34321, 34421, 11435, 11186, 34143, 34534, 13246, 11173, 40408], "label": "chair"}, {"objectId": 35, "id": 35, "partId": 35, "index": 23, "dominantNormal": [-0.3121887147426605, -0.9500200748443604, -2.1094683218966467e-16], "obb": {"axesLengths": [0.5287158581784073, 0.939999976605177, 0.10673352105631712], "centroid": [-1.5239091530196927, 1.6441189319073117, -0.9200000389665368], "normalizedAxes": [0.9500201344490051, -0.3121887147426605, -6.931981982708735e-17, 0, -2.220446049250313e-16, 1, -0.3121887147426605, -0.9500201344490051, -2.1094684542455447e-16]}, "segments": [18929, 18947, 13105, 11161, 34144, 28332, 9865, 11035, 13070, 35523, 35555, 35722, 35741, 36531, 36561, 11091, 9813, 11187, 34163, 34165, 18459, 18975, 35712, 35725, 36538], "label": "chair"}, {"objectId": 36, "id": 36, "partId": 36, "index": 24, "dominantNormal": [-0.273998886346817, -0.9617300033569336, -2.1354695863993935e-16], "obb": {"axesLengths": [0.49136928564974375, 0.93338004648581, 0.1580051480211935], "centroid": [-1.0937310693976792, 1.4986618213230964, -0.9166900739068533], "normalizedAxes": [0.9617300033569336, -0.273998886346817, -6.083997446877754e-17, 0, -2.220446049250313e-16, 1, -0.273998886346817, -0.9617300033569336, -2.1354695863993935e-16]}, "segments": [28459, 36191, 18283, 18280, 10496, 10525, 10974, 19749, 19758, 19761, 19773, 19798, 19877, 33952, 33955, 33956, 34025, 36098, 36100, 36104, 36173, 36183, 40966, 40985, 41019, 41036, 18512, 36088, 40982, 40988, 28559, 41172, 27465], "label": "chair"}, {"objectId": 38, "id": 38, "partId": 38, "index": 25, "dominantNormal": [-0.33610445261001587, -0.941824734210968, -2.09127101016497e-16], "obb": {"axesLengths": [0.4680620377489519, 0.5599999898672107, 0.035174954677984586], "centroid": [-1.9940445022265056, 1.823631451893921, -0.13000006496906336], "normalizedAxes": [0.941824734210968, -0.33610445261001587, -7.463018039333488e-17, 0, -2.220446049250313e-16, 1, -0.33610445261001587, -0.941824734210968, -2.09127101016497e-16]}, "segments": [7953, 5241, 7959, 5261, 9951], "label": "wall frame"}, {"objectId": 39, "id": 39, "partId": 39, "index": 26, "dominantNormal": [-0.3215959072113037, -0.9468770027160645, -2.1024892998068633e-16], "obb": {"axesLengths": [0.433715351705137, 0.5599999898672103, 0.03679971381324376], "centroid": [-1.5723838959812324, 1.6791068969797214, -0.1300000649690629], "normalizedAxes": [0.9468770027160645, -0.3215959072113037, -7.140863616224096e-17, 0, -2.220446049250313e-16, 1, -0.3215959072113037, -0.9468770027160645, -2.1024892998068633e-16]}, "segments": [9792, 33175, 13165], "label": "wall frame"}, {"objectId": 40, "id": 40, "partId": 40, "index": 27, "dominantNormal": [-0.30547136068344116, -0.952201247215271, -2.1143114974703692e-16], "obb": {"axesLengths": [0.5525763483348191, 0.7799999837577343, 0.07809751968117672], "centroid": [-1.0776636149212646, 1.494256276566754, -0.240000061914325], "normalizedAxes": [0.952201247215271, -0.30547136068344116, -6.782826759886643e-17, 0, -2.220446049250313e-16, 1, -0.30547136068344116, -0.952201247215271, -2.1143114974703692e-16]}, "segments": [8345, 18625, 18926], "label": "wall frame"}, {"objectId": 41, "id": 41, "partId": 41, "index": 28, "dominantNormal": [-0.3244073688983917, -0.9459174871444702, -2.1003587472467227e-16], "obb": {"axesLengths": [0.38156784089936685, 0.4399999877810479, 0.03793180986891569], "centroid": [-2.0319894732176476, 1.8380889445019484, 0.4099999146163462], "normalizedAxes": [0.9459174871444702, -0.3244073688983917, -7.203290606181228e-17, 0, -2.220446049250313e-16, 1, -0.3244073688983917, -0.9459174871444702, -2.1003587472467227e-16]}, "segments": [26400], "label": "wall frame"}, {"objectId": 42, "id": 42, "partId": 42, "index": 29, "dominantNormal": [-0.32482242584228516, -0.945775032043457, -2.1000424333804824e-16], "obb": {"axesLengths": [0.7345104285291736, 0.5399999646842482, 0.03873568904856635], "centroid": [-1.519200426619362, 1.6592578880451776, 0.43999990768730646], "normalizedAxes": [0.945775032043457, -0.32482242584228516, -7.212506721694049e-17, 0, -2.220446049250313e-16, 1, -0.32482242584228516, -0.945775032043457, -2.1000424333804824e-16]}, "segments": [30758, 5236], "label": "wall frame"}, {"objectId": 43, "id": 43, "partId": 43, "index": 30, "dominantNormal": [-0.2887350022792816, -0.9574090242385864, -2.1258750853871665e-16], "obb": {"axesLengths": [0.37124306494161785, 0.4599999831616877, 0.03841062606043433], "centroid": [-0.9720072393393554, 1.47321294653513, 0.399999916926026], "normalizedAxes": [0.9574090242385864, -0.2887350022792816, -6.41120495091311e-17, 0, -2.220446049250313e-16, 1, -0.2887350022792816, -0.9574090242385864, -2.1258750853871665e-16]}, "segments": [26530], "label": "wall frame"}, {"objectId": 44, "id": 44, "partId": 44, "index": 31, "dominantNormal": [-0.33417755365371704, -0.9425101280212402, -2.0927928901431697e-16], "obb": {"axesLengths": [0.7472280706794172, 0.4600000278651706, 0.035290848377938916], "centroid": [-1.862459780612468, 1.7795274151272797, 0.8599999224394557], "normalizedAxes": [0.9425101280212402, -0.33417755365371704, -7.420232287585305e-17, 0, -2.220446049250313e-16, 1, -0.33417755365371704, -0.9425101280212402, -2.0927928901431697e-16]}, "segments": [25928, 26245, 26229], "label": "wall frame"}, {"objectId": 45, "id": 45, "partId": 45, "index": 32, "dominantNormal": [-0.36748796701431274, -0.9300282597541809, -2.065077575062315e-16], "obb": {"axesLengths": [0.3207844564481919, 0.31999998569488597, 0.034304918782540314], "centroid": [-1.4023522079834398, 1.6208869943006317, 0.7899999013543133], "normalizedAxes": [0.9300282597541809, -0.36748799681663513, -8.159872706784091e-17, 0, -2.220446049250313e-16, 1, -0.36748799681663513, -0.9300282597541809, -2.065077575062315e-16]}, "segments": [26049], "label": "wall frame"}, {"objectId": 46, "id": 46, "partId": 46, "index": 33, "dominantNormal": [-0.3016078472137451, -0.9534320831298828, -2.1170445022142444e-16], "obb": {"axesLengths": [0.8276023893166204, 0.6399999713897712, 0.09323483108819736], "centroid": [-1.1169952083057328, 1.5453785307512447, 0.849999872595073], "normalizedAxes": [0.9534320831298828, -0.3016078472137451, -6.697039527686524e-17, 0, -2.220446049250313e-16, 1, -0.3016078472137451, -0.9534320831298828, -2.1170445022142444e-16]}, "segments": [25151, 26492, 25141], "label": "wall frame"}, {"objectId": 50, "id": 50, "partId": 50, "index": 36, "dominantNormal": [-0.34439706802368164, -0.9388240575790405, -2.084608169592529e-16], "obb": {"axesLengths": [0.4106023565320915, 1.9679690159566168, 0.09904315008081285], "centroid": [-0.15842533094036937, 1.172471553572681, -0.1060155736800541], "normalizedAxes": [0.9388240575790405, -0.34439709782600403, -7.647151752410242e-17, 0, -2.220446049250313e-16, 1, -0.34439709782600403, -0.9388240575790405, -2.084608169592529e-16]}, "segments": [17313, 14714], "label": "window"}], "scan_id": "5341b7e1-8a66-2cdd-87a3-02aad508ff86", "annId": "6239", "appId": "stk.v1"}