{"segGroups": [{"objectId": 5, "id": 5, "partId": 5, "index": 0, "dominantNormal": [0.25958719849586487, -0.9657196998596191, -2.1443284922364894e-16], "obb": {"axesLengths": [1.10561454036321, 2.0638179019730254, 0.1562770923494301], "centroid": [0.8799053205702798, 0.3537978782886671, -0.6029710355482032], "normalizedAxes": [0.9657196998596191, 0.25958719849586487, 5.763993693361e-17, 0, -2.220446049250313e-16, 1, 0.25958719849586487, -0.9657196998596191, -2.1443284922364894e-16]}, "segments": [2282, 2419, 18708, 1714, 1395, 2267], "label": "wall"}, {"objectId": 6, "id": 6, "partId": 6, "index": 1, "dominantNormal": [0.976106584072113, 0.21729226410388947, 4.82485749362137e-17], "obb": {"axesLengths": [1.0853186795720653, 2.072507990766137, 0.08466410694740026], "centroid": [1.5043912933772474, 0.0004830334072388198, -0.6149360865741367], "normalizedAxes": [-0.21729226410388947, 0.976106584072113, 2.167392008250142e-16, 0, -2.220446049250313e-16, 1, 0.976106584072113, 0.21729226410388947, 4.82485749362137e-17]}, "segments": [1797], "label": "door"}, {"objectId": 7, "id": 7, "partId": 7, "index": 2, "dominantNormal": [0.9709687232971191, 0.23920641839504242, 5.3114494668058936e-17], "obb": {"axesLengths": [0.14670946314791744, 1.5999999731779098, 0.03174661977064792], "centroid": [1.6251541703339458, -0.4577324384405329, -0.6900000660121439], "normalizedAxes": [-0.23920641839504242, 0.9709687232971191, 2.1559836655907086e-16, 0, -2.220446049250313e-16, 1, 0.9709687232971191, 0.23920641839504242, 5.3114494668058936e-17]}, "segments": [8664, 1211], "label": "wall"}, {"objectId": 8, "id": 8, "partId": 8, "index": 3, "dominantNormal": [0.2185826450586319, -0.9758184552192688, -2.166752233677169e-16], "obb": {"axesLengths": [0.7091368927854632, 1.219659956850261, 0.20205469873458773], "centroid": [1.306372733373846, -0.6695435217325151, -1.03983005233489], "normalizedAxes": [0.9758184552192688, 0.2185826301574707, 4.8535093756789816e-17, 0, -2.220446049250313e-16, 1, 0.2185826301574707, -0.9758184552192688, -2.166752233677169e-16]}, "segments": [1034, 2006, 256, 312, 1196, 252, 264, 1955, 1966], "label": "wall"}, {"objectId": 9, "id": 9, "partId": 9, "index": 4, "dominantNormal": [0, -2.220446049250313e-16, 1], "obb": {"axesLengths": [1.404668405239599, 0.06207901100637736, 0.8973366345461631], "centroid": [1.0739333721804725, 0.14544430439106534, 0.4210394061124436], "normalizedAxes": [0.8763975501060486, -0.48158830404281616, -1.0693408470770297e-16, 0, -2.220446049250313e-16, 1, -0.48158830404281616, -0.8763975501060486, -1.945993477705629e-16]}, "segments": [700, 251], "label": "ceiling"}, {"objectId": 10, "id": 10, "partId": 10, "index": 5, "dominantNormal": [0, -2.220446049250313e-16, 1], "obb": {"axesLengths": [4.404958153059998, 1.4340099967864894, 3.220634752905839], "centroid": [-1.6203874499620574, 0.26484190575928773, -0.21299506434064397], "normalizedAxes": [0.5567380785942078, 0.8306881189346313, 1.8444981518475764e-16, 0, -2.220446049250313e-16, 1, 0.8306881189346313, -0.5567380785942078, -1.236206867081719e-16]}, "segments": [21479, 8906, 2491, 2776, 2777, 2788, 2816, 2826, 2850, 2856, 2887, 2913, 2932, 2952, 2979, 3023, 3056, 3059, 3132, 3199, 3228, 3669, 3823, 3836, 3864, 4544, 4618, 4631, 4649, 4664, 4689, 4690, 4860, 4894, 4930, 5155, 5183, 5266, 5543, 5544, 5554, 5563, 5582, 5592, 5601, 5659, 5683, 5684, 5717, 5786, 5832, 5836, 5852, 5867, 5880, 5898, 5901, 5910, 5930, 5937, 5971, 5992, 6064, 6088, 6091, 6158, 6264, 6270, 6307, 6343, 6360, 6590, 6878, 7050, 7055, 7072, 7469, 7475, 7481, 7483, 7493, 7501, 7502, 7518, 7537, 7559, 7572, 7576, 7596, 7600, 7638, 7651, 7660, 7692, 7695, 7706, 8289, 8382, 8412, 8440, 8466, 8519, 8640, 8665, 8666, 8672, 8713, 8733, 8768, 8779, 8802, 8804, 8814, 8828, 8839, 8850, 9063, 9088, 9099, 9104, 9107, 9122, 9163, 9191, 9225, 9236, 9255, 10574, 12999, 13237, 14658, 15386, 15731, 18425, 18494, 18533, 18565, 18574, 18578, 18616, 18621, 18684, 19128, 19131, 19133, 19159, 19161, 19170, 19174, 20370, 20376, 20432, 20530, 20841, 20847, 20872, 20874, 20880, 20939, 20999, 21040, 21043, 21066, 21111, 21181, 21184, 21186, 21188, 21189, 21198, 21283, 21287, 21321, 21358, 21360, 21394, 21412, 21625, 22053, 22138, 22148, 22153, 22164, 22170, 22174, 22182, 22254, 22277, 22280, 22283, 22289, 22297, 22299, 22304, 22317, 22318, 22322, 22325, 22328, 22332, 22335, 22337, 22339, 22354, 22372, 22374, 22380, 22383, 22385, 22388, 22394, 22397, 22411, 22417, 22420, 22423, 22426, 22428, 22431, 22438, 22443, 22445, 22447, 22454, 22457, 22460, 22463, 22860, 23506, 23517, 23518, 23531, 23552, 23555, 23559, 23865, 23880, 24008, 24049, 24060, 24288, 24450, 25167, 25168, 25173, 25176, 25179, 25185, 25187, 25193, 25194, 25844, 15134, 19668, 9365, 5769, 3881, 3933, 4440, 6435, 6440, 7069, 8800, 9335, 14031, 14170, 15155, 15325, 15352, 15411, 15421, 17542, 17549, 18627, 19632, 19772, 20630, 21079, 22865, 23774, 24502, 15682, 4454, 15696, 14048, 11471, 14589, 15294, 15687, 18437, 19876, 21734, 7835, 4899, 629, 3502, 9642, 24911, 24919, 19458, 6219, 6175, 5045, 11365, 1289, 2364, 2408, 2437, 2454, 3446, 3488, 3617, 10756, 11278, 11293, 11426, 15121, 15527, 15537, 19467, 19471, 19494, 19885, 21981, 23690, 23694], "label": "ceiling"}, {"objectId": 11, "id": 11, "partId": 11, "index": 6, "dominantNormal": [0.18037447333335876, -0.983597993850708, -2.1840262794963383e-16], "obb": {"axesLengths": [1.0000307492685336, 0.9531859542462384, 0.49835617866358467], "centroid": [-0.40444924661457377, 1.4232410973360032, -1.1333770368238467], "normalizedAxes": [0.983597993850708, 0.18037447333335876, 4.005117866986624e-17, 0, -2.220446049250313e-16, 1, 0.18037447333335876, -0.983597993850708, -2.1840262794963383e-16]}, "segments": [777, 605, 4205, 14986, 1503, 1703, 3940, 4236, 6127, 19386, 19389, 20044, 20070, 20092, 20234, 20277, 24019, 1665], "label": "commode"}, {"objectId": 12, "id": 12, "partId": 12, "index": 7, "dominantNormal": [0.4698638617992401, -0.8827388882637024, -1.9600740769647515e-16], "obb": {"axesLengths": [0.6488447106331823, 1.0203969846577121, 0.5107967231087152], "centroid": [-1.2201432601019202, 1.3009566540887805, -1.094901583830233], "normalizedAxes": [0.8827388882637024, 0.4698638617992401, 1.0433073556176178e-16, 0, -2.220446049250313e-16, 1, 0.4698638617992401, -0.8827388882637024, -1.9600740769647515e-16]}, "segments": [10484, 16469, 17954, 12924, 12995, 22664, 11346, 11327, 11047, 11350, 11401, 11454, 11521, 11529, 11846, 11961, 12138, 12338, 12346, 12361, 12756, 12761, 12767, 12820, 12845, 12943, 12959, 12988, 12993, 13020, 13063, 16142, 16172, 16190, 16191, 16220, 16256, 17879, 22578, 22588, 22590, 22594, 22599, 22602, 22606, 22725, 23500, 23503, 11576, 12266, 23200, 17939, 12131], "label": "cabinet"}, {"objectId": 13, "id": 13, "partId": 13, "index": 8, "dominantNormal": [0, -2.220446049250313e-16, 1], "obb": {"axesLengths": [0.6311825363607645, 0.11362004026129746, 0.4413474737559984], "centroid": [-1.7982536051462548, 1.0423040886787673, -1.539150041584298], "normalizedAxes": [0.7255202531814575, 0.688200831413269, 1.528112817202374e-16, 0, -2.220446049250313e-16, 1, 0.688200831413269, -0.7255202531814575, -1.6109785798278542e-16]}, "segments": [16446, 23146, 12591, 23181], "label": "box"}, {"objectId": 14, "id": 14, "partId": 14, "index": 9, "dominantNormal": [0, -2.220446049250313e-16, 1], "obb": {"axesLengths": [0.5042391415328868, 0.2301499792154882, 0.35728476444907853], "centroid": [-1.8951500905516883, 1.062135379298165, -1.4597450932172302], "normalizedAxes": [0.8358951210975647, 0.5488892197608948, 1.2187788994941657e-16, 0, -2.220446049250313e-16, 1, 0.5488892197608948, -0.8358951210975647, -1.8560600192286996e-16]}, "segments": [16430, 22952, 11164, 12655], "label": "box"}, {"objectId": 15, "id": 15, "partId": 15, "index": 10, "dominantNormal": [0.30623477697372437, -0.951956033706665, -2.1137670141039623e-16], "obb": {"axesLengths": [0.4597961669299268, 0.3293800280381731, 0.32033990849781524], "centroid": [-1.9620975271789907, 1.1879279902965714, -1.305310058102533], "normalizedAxes": [0.951956033706665, 0.30623477697372437, 6.79977800674357e-17, 0, -2.220446049250313e-16, 1, 0.30623477697372437, -0.951956033706665, -2.1137670141039623e-16]}, "segments": [11150, 23211, 23252, 11584, 12443, 11705, 11602], "label": "box"}, {"objectId": 1, "id": 1, "partId": 1, "index": 11, "dominantNormal": [0, -2.220446049250313e-16, 1], "obb": {"axesLengths": [4.259479603305599, 0.18000006273388713, 3.096006294621388], "centroid": [-0.7579819345022476, 0.15837292535583353, -1.6000000644475212], "normalizedAxes": [0.9485237002372742, 0.31670621037483215, 7.032290535998346e-17, 0, -2.220446049250313e-16, 1, 0.31670621037483215, -0.9485237002372742, -2.1061457028121437e-16]}, "segments": [19654, 3179, 3163, 4419, 10410, 10639, 13407, 14145, 16885, 16999, 17820, 19086, 19095, 23529, 11076, 18134, 17157, 25757, 1435, 7183, 12393, 12866, 13724, 13731, 13761, 13771, 16307, 17224, 18183, 18282, 25333, 25817], "label": "floor"}, {"objectId": 2, "id": 2, "partId": 2, "index": 12, "dominantNormal": [0.9738268256187439, 0.2272912561893463, 5.046879718347748e-17], "obb": {"axesLengths": [3.1785194028480994, 0.7599999734759336, 0.19991516682706054], "centroid": [-2.6517389155460687, -0.4221551995675733, -1.2700000289082531], "normalizedAxes": [-0.2272912561893463, 0.9738268256187439, 2.1623299275991135e-16, 0, -2.220446049250313e-16, 1, 0.9738268256187439, 0.2272912561893463, 5.046879718347748e-17]}, "segments": [21867, 22196, 21628, 19008, 10264, 10488, 3621, 5464, 6253, 7296, 18332, 22146, 8368, 12968, 9472], "label": "wall"}, {"objectId": 3, "id": 3, "partId": 3, "index": 13, "dominantNormal": [0.21693068742752075, -0.976186990737915, -2.1675705469135554e-16], "obb": {"axesLengths": [3.130500704371457, 2.0199999059736737, 0.17353088246016193], "centroid": [-1.4838867605083719, 1.4038027132356585, -0.5400000410526997], "normalizedAxes": [0.976186990737915, 0.21693068742752075, 4.81682887859593e-17, 0, -2.220446049250313e-16, 1, 0.21693068742752075, -0.976186990737915, -2.1675705469135554e-16]}, "segments": [8612, 7259, 7275, 12261, 13843, 13914, 14880, 15540, 17611, 17645, 17646, 17660, 17675, 17693, 17696, 23260, 17805], "label": "wall"}, {"objectId": 4, "id": 4, "partId": 4, "index": 14, "dominantNormal": [0.9784836769104004, 0.20632413029670715, 4.581315999823302e-17], "obb": {"axesLengths": [1.6346253380480593, 2.1170779589471667, 0.08578368052772009], "centroid": [0.19329268013375744, 1.0280242554733492, -0.5646210652301982], "normalizedAxes": [-0.20632414519786835, 0.9784836769104004, 2.1726702146516183e-16, 0, -2.220446049250313e-16, 1, 0.9784836769104004, 0.20632414519786835, 4.581316330695547e-17]}, "segments": [20013, 15764, 15778, 17663, 14678, 14655, 18938, 23525], "label": "wall"}, {"objectId": 16, "id": 16, "partId": 16, "index": 15, "dominantNormal": [0, -2.220446049250313e-16, 1], "obb": {"axesLengths": [0.8731540031373609, 0.33332001417905044, 0.48642940730693346], "centroid": [-2.489346227599034, 0.8120708327567296, -1.48337004929699], "normalizedAxes": [0.9847038984298706, 0.17423605918884277, 3.8688176926280965e-17, 0, -2.220446049250313e-16, 1, 0.17423605918884277, -0.9847038984298706, -2.1864818809499878e-16]}, "segments": [20829, 12107, 8453, 8243, 15951, 20803, 15950, 7984, 8045, 8098, 8117, 8161, 8270, 11087, 11138, 11644, 11756, 11886, 11974, 15948, 16040, 17713, 17723, 17730, 17732, 17759, 18802, 18882, 19069, 20448, 20473, 20548, 20579, 20582, 20658, 20668, 20717, 20730, 20773, 20852, 21502, 22211, 22477, 22479, 22481, 22483, 22485, 22522, 22524, 23265, 23269, 23792, 23801, 25228, 20367], "label": "suitcase"}, {"objectId": 17, "id": 17, "partId": 17, "index": 16, "dominantNormal": [0, -2.220446049250313e-16, 1], "obb": {"axesLengths": [0.38210756763353515, 0.21138900045926112, 0.28676262767097277], "centroid": [-0.3962737988552989, 1.516156849494811, -0.7156945772686336], "normalizedAxes": [-0.39957061409950256, 0.9167024493217468, 2.035488331934558e-16, 0, -2.220446049250313e-16, 1, 0.9167024493217468, 0.39957061409950256, 8.872249914737619e-17]}, "segments": [12701, 13740, 22830, 8813, 4109, 22092, 10054, 15544], "label": "toiletry"}, {"objectId": 18, "id": 18, "partId": 18, "index": 17, "dominantNormal": [0, -2.220446049250313e-16, 1], "obb": {"axesLengths": [0.49529985272012717, 0.1732159814264779, 0.41647374657814645], "centroid": [-0.11378153253476841, 1.4868058623801252, -0.7433920504139664], "normalizedAxes": [-0.13834618031978607, 0.9903839230537415, 2.1990940691857063e-16, 0, -2.220446049250313e-16, 1, 0.9903839230537415, 0.13834618031978607, 3.071902295199404e-17]}, "segments": [9428, 2638, 2689, 2690, 22051, 21933, 9412, 9443, 7766, 7278, 7796, 2698, 2716, 6949, 7277, 7287, 7786, 9418, 9427, 12169, 15494, 19364, 21887, 21890, 22050], "label": "bag"}, {"objectId": 19, "id": 19, "partId": 19, "index": 18, "dominantNormal": [0, -2.220446049250313e-16, 1], "obb": {"axesLengths": [0.45342787227207826, 0.1278150053065641, 0.2726096888581137], "centroid": [-0.7342794843824192, 1.3651859491719138, -0.7860925785580459], "normalizedAxes": [-0.24302086234092712, 0.9700210690498352, 2.1538794504612717e-16, 0, -2.220446049250313e-16, 1, 0.9700210690498352, 0.24302086234092712, 5.396147136703158e-17]}, "segments": [4062, 10801], "label": "toiletry"}, {"objectId": 21, "id": 21, "initialPoint": [-0.34316719297910303, 0.4096553504793698, -1.5834784587306971], "index": 20, "dominantNormal": [0, -2.220446049250313e-16, 1], "obb": {"axesLengths": [0.21523973712117064, 0.06315004684440684, 0.08330789588925627], "centroid": [-0.37257484361000376, 0.4290858422175836, -1.5734350497252865], "normalizedAxes": [-0.33457061648368835, 0.9423707127571106, 2.0924833260707278e-16, 0, -2.220446049250313e-16, 1, 0.9423707127571106, 0.33457061648368835, 7.428960035664475e-17]}, "segments": [13309], "partId": 21, "label": "shoes"}, {"objectId": 22, "id": 22, "initialPoint": [-0.1610979130828486, 0.5868613501703316, -1.5538399953183077], "index": 21, "dominantNormal": [0, -2.220446049250313e-16, 1], "obb": {"axesLengths": [0.3740772447177323, 0.11541998128399317, 0.2934533551221931], "centroid": [-0.20714769143656775, 0.6633959384174274, -1.5736100489584355], "normalizedAxes": [0.1523139923810959, 0.9883321523666382, 2.1945382230695602e-16, 0, -2.220446049250313e-16, 1, 0.9883321523666382, -0.1523139923810959, -3.3820500262814665e-17]}, "segments": [13346, 10825, 13073, 13443, 13122, 22759], "partId": 22, "label": "shoes"}], "scan_id": "422885bd-192d-25fc-8571-abff2237f383", "annId": "2152", "appId": "stk.v1"}