{"segGroups": [{"objectId": 1, "id": 1, "partId": 1, "index": 0, "dominantNormal": [0, -2.220446049250313e-16, 1], "obb": {"axesLengths": [5.543332031760011, 0.5464380261353097, 5.369238823940094], "centroid": [-1.5359425507462423, 0.4848390250758019, -1.1967810031746104], "normalizedAxes": [0.9902216792106628, -0.1395026594400406, -3.0975812901355e-17, 0, -2.220446049250313e-16, 1, -0.1395026594400406, -0.9902216792106628, -2.1987338154853272e-16]}, "segments": [37430, 18934, 18310, 26042, 20632, 20607, 4962, 4868, 4414, 7966, 9677, 28298, 9937, 10862, 32228, 16347, 531, 480, 27640, 18059, 37297, 23, 251, 254, 295, 463, 466, 486, 505, 761, 773, 930, 1289, 1654, 1791, 1799, 1833, 1987, 1988, 2051, 2067, 2136, 2322, 2355, 2999, 3018, 3102, 3175, 3194, 3324, 3443, 3584, 3696, 3894, 3905, 3919, 3962, 4039, 4073, 4088, 4091, 4100, 4124, 4125, 4407, 4488, 4504, 4512, 4550, 4558, 4580, 4586, 4587, 4613, 4632, 4689, 4696, 4743, 4777, 4795, 4816, 4839, 4865, 4878, 4887, 4903, 4910, 4982, 5024, 5035, 5045, 5055, 5121, 5139, 5142, 5144, 5146, 5245, 5271, 5333, 5357, 5359, 5369, 5749, 5757, 5761, 5867, 5921, 5971, 6011, 6026, 6059, 6064, 6069, 6085, 6094, 6118, 6169, 6179, 6227, 6231, 6297, 6315, 6405, 6432, 6451, 6486, 6584, 6598, 6608, 6611, 6612, 6636, 6648, 6652, 6670, 6693, 6702, 6721, 6746, 6754, 6757, 6764, 6772, 6856, 6889, 6902, 6918, 6932, 6936, 6965, 6978, 6989, 6991, 7005, 7049, 7056, 7103, 7112, 7122, 7161, 7163, 7188, 7205, 7222, 7230, 7251, 7309, 7336, 7392, 7412, 7416, 7426, 7437, 7461, 7467, 7514, 7528, 7542, 7588, 7640, 7751, 7752, 7766, 7768, 7788, 7801, 7821, 7842, 7896, 7903, 8213, 8330, 8331, 8414, 8493, 8519, 8520, 8581, 8597, 8618, 8928, 8955, 8957, 9003, 9004, 9015, 9021, 9025, 9029, 9123, 9129, 9134, 9148, 9151, 9155, 9252, 9272, 9275, 9286, 9300, 9308, 9475, 9647, 9651, 9653, 9664, 9665, 9721, 9730, 9731, 9757, 9764, 9798, 9800, 9814, 9821, 9822, 9830, 10517, 10775, 10782, 10818, 10850, 11144, 11200, 11408, 11449, 11471, 11504, 11518, 11530, 11566, 11616, 11625, 11731, 11733, 11768, 11829, 12144, 12470, 12492, 12536, 12546, 12548, 12559, 12562, 12567, 12581, 12585, 12596, 12608, 13105, 13162, 13165, 13277, 13309, 13344, 13800, 14008, 14034, 14044, 14163, 14642, 14653, 14668, 14820, 14877, 14896, 14906, 14915, 14919, 14924, 14929, 14942, 15062, 15108, 15116, 15152, 15193, 15223, 15283, 15305, 15354, 15433, 15436, 15522, 15547, 15569, 15581, 15798, 15805, 15857, 16091, 16096, 16511, 16596, 16599, 16608, 16611, 16619, 16626, 16633, 16668, 16681, 16709, 16729, 16749, 16799, 16804, 16817, 16835, 16843, 17060, 17413, 17684, 17791, 17961, 18082, 18181, 18294, 18350, 18420, 18424, 18978, 19049, 19122, 19147, 19152, 19189, 19206, 19209, 19214, 19218, 19230, 19239, 19242, 19244, 19253, 19258, 19261, 19267, 19278, 19303, 19304, 19306, 19327, 19332, 19374, 19515, 19518, 19525, 19534, 19537, 19598, 19620, 19880, 19883, 19908, 19920, 19955, 19994, 20030, 20042, 20052, 20057, 20077, 20083, 20122, 20125, 20133, 20275, 20321, 20361, 20399, 20443, 20476, 20478, 20500, 20508, 20526, 20532, 20558, 20622, 20781, 20796, 20814, 20817, 20938, 21014, 21017, 21026, 21065, 21276, 21459, 21469, 21471, 21482, 21489, 22230, 22231, 23569, 23613, 23789, 23863, 24488, 24517, 24976, 25118, 25719, 25728, 25811, 25874, 25894, 25902, 26116, 26202, 26204, 26293, 26442, 26455, 26530, 26531, 26534, 26624, 26628, 26634, 26635, 26674, 26865, 26921, 27062, 27128, 27133, 27165, 27178, 27208, 27303, 27315, 27373, 27389, 27391, 27396, 27401, 27410, 27612, 27621, 27623, 27647, 27648, 27654, 27658, 27665, 27673, 27888, 27890, 27895, 27987, 27990, 28001, 28004, 28007, 28025, 28028, 28102, 28190, 28192, 28193, 28198, 28201, 28271, 28347, 28350, 28382, 28385, 28390, 28394, 28397, 28403, 28613, 28617, 28621, 28631, 28648, 28650, 28652, 28809, 28814, 29207, 29210, 29225, 29658, 29675, 29887, 29891, 29893, 29965, 29969, 29975, 30055, 30071, 30076, 30244, 30260, 30559, 30569, 30572, 30580, 30583, 30649, 30663, 30665, 30667, 30669, 30894, 31184, 31354, 31362, 31365, 31370, 31382, 31386, 31463, 31466, 31467, 31470, 31812, 31815, 31816, 31919, 31921, 31924, 31927, 32004, 32015, 32239, 32447, 32463, 32952, 34642, 34663, 34667, 34669, 34724, 35061, 35063, 35065, 35941, 36082, 36214, 37193, 22134, 23865, 25737, 1261, 31838, 1131, 21326, 35828, 9189, 29957, 19275, 20231, 15881, 6732], "label": "floor"}, {"objectId": 2, "id": 2, "partId": 2, "index": 1, "dominantNormal": [0.9732713103294373, -0.2296583354473114, -5.0994394362138573e-17], "obb": {"axesLengths": [0.7992502747115527, 0.8655090436598123, 0.743282143469237], "centroid": [-1.0867464932586317, -0.021367698678028957, -0.9221855251747626], "normalizedAxes": [0.2296583354473114, 0.9732713103294373, 2.1610964358696744e-16, 0, -2.220446049250313e-16, 1, 0.9732713103294373, -0.2296583354473114, -5.0994394362138573e-17]}, "segments": [29819, 33313, 14248, 14180, 30909, 14967, 14979, 31049, 32124, 646, 14096, 14196, 14201, 14203, 14223, 14243, 14262, 14288, 14309, 14325, 14367, 14370, 14401, 14430, 14467, 14489, 14984, 15600, 15601, 15608, 15618, 16488, 17653, 17947, 18026, 18031, 18231, 18468, 18489, 18577, 18927, 19007, 20748, 20753, 20783, 20787, 22961, 22991, 29767, 29768, 29770, 29778, 29809, 29816, 30203, 30239, 30242, 30682, 30684, 30953, 31008, 31059, 31310, 31336, 32019, 32023, 33299, 33321, 33365, 33400, 32055], "label": "chair"}, {"objectId": 3, "id": 3, "partId": 3, "index": 2, "dominantNormal": [0.8946180939674377, -0.44683152437210083, -9.921652929725263e-17], "obb": {"axesLengths": [0.6257963233252953, 0.8566170143347152, 0.5744800867814581], "centroid": [-1.9702374098711033, 0.4576661399311177, -0.9160715043677798], "normalizedAxes": [0.4468315541744232, 0.8946180939674377, 1.9864512123378425e-16, 0, -2.220446049250313e-16, 1, 0.8946180939674377, -0.4468315541744232, -9.921653591469753e-17]}, "segments": [13890, 30033, 28855, 28570, 28947, 28998, 3280, 10905, 30291, 3232, 3235, 3240, 3271, 3293, 3297, 3304, 7989, 7999, 8071, 8087, 9386, 9393, 9885, 10934, 10936, 10964, 10976, 11018, 11032, 11272, 16173, 16198, 27139, 28578, 28657, 28807, 28838, 28847, 28850, 28945, 28965, 29046, 29048, 29058, 30321, 31037, 11646, 11653, 12121, 16171, 16221, 20905, 28547, 29618, 29677, 30102, 30111, 30387, 32205, 32215], "label": "chair"}, {"objectId": 4, "id": 4, "partId": 4, "index": 3, "dominantNormal": [-0.3083816468715668, -0.9512627124786377, -2.1122275317223276e-16], "obb": {"axesLengths": [0.8973266912785222, 0.8526930022382805, 0.7386532770365857], "centroid": [-0.14454079508653606, 1.509208594587498, -0.9548034957467729], "normalizedAxes": [0.9512627124786377, -0.30838167667388916, -6.847448756317246e-17, 0, -2.220446049250313e-16, 1, -0.30838167667388916, -0.9512627124786377, -2.1122275317223276e-16]}, "segments": [30469, 17501, 32477, 31750, 33600, 17495, 23144, 21501, 21328, 16404, 19887, 30413, 26358, 32407, 390, 17524, 30417, 31609, 16956, 18634, 17555, 308, 337, 369, 372, 490, 503, 514, 2281, 2316, 16319, 16360, 16933, 16961, 16965, 17016, 17045, 17052, 17505, 19898, 19922, 23119, 26095, 26097, 26107, 26346, 30181, 30422, 30424, 30427, 30428, 30431, 30433, 30436, 30533, 30552, 30786, 31586, 31603, 31606, 32376, 32394, 21700, 2121, 2147, 14557, 16307, 16320, 16416, 18632, 18649, 18724, 18727, 18785, 18792, 18793, 21510, 21522, 21524, 21579, 21903, 21972, 22009, 22019, 23217, 23235, 23249, 23285, 23291, 26814, 26874, 31078, 31079, 32511, 32831, 33404, 33438, 33482, 33579, 33687, 33691, 33407, 33670, 30796], "label": "chair"}, {"objectId": 5, "id": 5, "partId": 5, "index": 4, "dominantNormal": [0.8601130247116089, 0.5101035237312317, 1.1326573539776767e-16], "obb": {"axesLengths": [1.5563400894153196, 0.8504659343406716, 0.7595670528717879], "centroid": [-0.4036383950545537, 1.412755274585679, -0.9499069742879204], "normalizedAxes": [-0.5101035237312317, 0.8601130247116089, 1.9098345676296289e-16, 0, -2.220446049250313e-16, 1, 0.8601130247116089, 0.5101035237312317, 1.1326573539776767e-16]}, "segments": [32759, 23412, 29868, 16516, 20861, 20830, 32188, 31444, 19432, 17751, 33462, 684, 1889, 14009, 14556, 14612, 14615, 14620, 14680, 16509, 16838, 16895, 17150, 17192, 17209, 17274, 17290, 17304, 17307, 17310, 17321, 17328, 17333, 17352, 17359, 17363, 17742, 17743, 17834, 18601, 18707, 18752, 19508, 20727, 20736, 20779, 20845, 21872, 21929, 21947, 21971, 21981, 22027, 22032, 22060, 22075, 22094, 22105, 22111, 22122, 22140, 22142, 22147, 22173, 22198, 22199, 23158, 23233, 23268, 23311, 23325, 23345, 25158, 26841, 26843, 29840, 29870, 30838, 30841, 31073, 31105, 31113, 31451, 32175, 32780, 32875, 32937, 32946, 33479, 33564, 33683, 33702, 33731, 33734, 33737, 33741, 33743, 33760, 32819, 31746, 31728, 31800, 19982, 19867, 29733, 31428, 16410], "label": "chair"}, {"objectId": 6, "id": 6, "partId": 6, "index": 5, "dominantNormal": [0, -2.220446049250313e-16, 1], "obb": {"axesLengths": [1.814805149783127, 0.7611519524197585, 1.203650137411894], "centroid": [-0.7223255442303899, 1.0322681658752382, -1.006143955376507], "normalizedAxes": [0.9161723852157593, -0.4007844626903534, -8.899202767817047e-17, 0, -2.220446049250313e-16, 1, -0.4007844626903534, -0.9161723852157593, -2.0343113531845686e-16]}, "segments": [31718, 31655, 31594, 31536, 20899, 19705, 17455, 23994, 10877, 1922, 19761, 31512, 31579, 19840, 31525, 17456, 14565, 19714, 1712], "label": "table"}, {"objectId": 7, "id": 7, "partId": 7, "index": 6, "dominantNormal": [-0.49522364139556885, -0.8687655329704285, -1.9290469954090305e-16], "obb": {"axesLengths": [0.44239440261679236, 0.6320749976022167, 0.43903347500724793], "centroid": [-1.2881581582690755, 1.5441203328249846, -0.8939625327893527], "normalizedAxes": [0.8687655329704285, -0.49522361159324646, -1.0996173118576956e-16, 0, -2.220446049250313e-16, 1, -0.49522361159324646, -0.8687655329704285, -1.9290469954090305e-16]}, "segments": [22876, 34318, 22849, 34229, 22861, 22834, 24079, 35179, 14022, 14634, 14684, 14692, 22364, 22367, 22375, 22835, 22884, 23948, 23966, 23976, 24007, 24060, 24089, 24099, 24122, 25020, 25038, 25040, 25058, 25094, 25096, 25145, 32956, 32958, 32965, 33192, 33200, 33203, 33207, 33249, 33252, 33255, 33258, 33295, 34156, 34162, 34171, 34198, 34219, 34274, 34345, 34348, 34355, 34365, 35090, 35117, 22917, 14676, 14712, 24134], "label": "chair"}, {"objectId": 8, "id": 8, "partId": 8, "index": 7, "dominantNormal": [0.8566740155220032, -0.5158581733703613, -1.1454352430337019e-16], "obb": {"axesLengths": [1.3979081235453235, 1.3925709115139184, 0.6448448239006099], "centroid": [-2.3891007147577206, 1.6425883740136833, -0.9849444761512173], "normalizedAxes": [0.5158581733703613, 0.8566740155220032, 1.9021984332612333e-16, 0, -2.220446049250313e-16, 1, 0.8566740155220032, -0.5158581733703613, -1.1454352430337019e-16]}, "segments": [8897, 2470, 34246, 19117, 30174, 10575, 30187, 4227, 28509, 11087, 11109, 25246, 25263, 33805, 9432, 9422, 9431, 28682, 2394, 2426, 2443, 2503, 2505, 2508, 2509, 2835, 3474, 3483, 3501, 3504, 4147, 4153, 4154, 4179, 4185, 4190, 4201, 4202, 4210, 4215, 4236, 4238, 4242, 4247, 4251, 4254, 4274, 4326, 4329, 4336, 4340, 5667, 5703, 8852, 9060, 9061, 9110, 9121, 9131, 9464, 9920, 9994, 9995, 10015, 10020, 10030, 10045, 10100, 10564, 10598, 10631, 15287, 15323, 15361, 15410, 15671, 15723, 15813, 15823, 15828, 15845, 15859, 15888, 15890, 15909, 15918, 15923, 15924, 15935, 15940, 15977, 16024, 16044, 16077, 16113, 18602, 18637, 18645, 18652, 18694, 18774, 18844, 24955, 25023, 25052, 25211, 25213, 25219, 25287, 25992, 26003, 26022, 26930, 26934, 26936, 26938, 26964, 27182, 27186, 27188, 27423, 27441, 27449, 27451, 27454, 27459, 27483, 27551, 27557, 27564, 28467, 28477, 28480, 28610, 28701, 28708, 28712, 28714, 28796, 28799, 29154, 29313, 29325, 29327, 29328, 29378, 29386, 29390, 29392, 29432, 30081, 30092, 30123, 33574, 33589, 33780, 33791, 34730, 29633, 9425, 9053, 28601, 12805, 12107, 11754, 11750, 12665, 12372, 29578, 12313, 8646, 2638, 25561, 12264, 25613, 2707, 37585, 10357, 35708, 2800, 26974, 35710, 2678, 2684, 2713, 2715, 2720, 2733, 2743, 2762, 2770, 2780, 2783, 2786, 2795, 2798, 2810, 2813, 3537, 3539, 3558, 3560, 3561, 3610, 3615, 3625, 3628, 3635, 3640, 3642, 3679, 3721, 3766, 3781, 6137, 6156, 6157, 6218, 6220, 6233, 6261, 6310, 8201, 8686, 8691, 8727, 8739, 8801, 8810, 8864, 8878, 8894, 8904, 8915, 8922, 8923, 9459, 9479, 9700, 9839, 9840, 10088, 10327, 10344, 10349, 10361, 10382, 10384, 10398, 10441, 10467, 10471, 11659, 11709, 11815, 11851, 11869, 11887, 11893, 11897, 11918, 11943, 11964, 11981, 12011, 12053, 12064, 12066, 12068, 12087, 12091, 12181, 12288, 12294, 12318, 12354, 12403, 12625, 12646, 12701, 12705, 12727, 12776, 12782, 12823, 12858, 12935, 13054, 13055, 13056, 13060, 13092, 13093, 13574, 13576, 13588, 13596, 13625, 13631, 13639, 13646, 13664, 13672, 13706, 13715, 13759, 13773, 13778, 13786, 13806, 13818, 13945, 14764, 14789, 17570, 17586, 17589, 17596, 22412, 22414, 22432, 22439, 22446, 22459, 22462, 22475, 22478, 22519, 22537, 22559, 22611, 22642, 22653, 22773, 24739, 24745, 24750, 24758, 24764, 24775, 24809, 24853, 24901, 24916, 24934, 25418, 25422, 25470, 25499, 25548, 25624, 25631, 25636, 26966, 26978, 27192, 27195, 27205, 27307, 27371, 27374, 27376, 27378, 27876, 28357, 28360, 28363, 28367, 28369, 28371, 28376, 28379, 28607, 28710, 28747, 28751, 28758, 28760, 29072, 29079, 29081, 29088, 29114, 29121, 29122, 29127, 29129, 29147, 29152, 29199, 29316, 29342, 29374, 29442, 29462, 29534, 29641, 29648, 29662, 29664, 29670, 29673, 29681, 30671, 33042, 33175, 33188, 33190, 34771, 34772, 34778, 34783, 34869, 34875, 34972, 34979, 36180, 37091, 37597, 37648, 37651, 37652, 37663, 37665, 37668, 37671, 37678, 37685, 37695, 13958, 13952], "label": "bbq"}, {"objectId": 9, "id": 9, "partId": 9, "index": 8, "dominantNormal": [0.4549568295478821, -0.8905134797096252, -1.9773371378253862e-16], "obb": {"axesLengths": [0.30825881236256486, 0.2901890063988638, 0.268257537621791], "centroid": [-2.6979646130644896, 1.276550532176826, -0.2890375173307025], "normalizedAxes": [0.8905134797096252, 0.4549568295478821, 1.0102070947490429e-16, 0, -2.220446049250313e-16, 1, 0.4549568295478821, -0.8905134797096252, -1.9773371378253862e-16]}, "segments": [27726, 9488, 15713, 9588, 6720, 6748, 6883, 27107, 27109, 27111, 9493, 6838], "label": "box"}, {"objectId": 10, "id": 10, "partId": 10, "index": 9, "dominantNormal": [0.8442838788032532, 0.5358961820602417, 1.1899285602639902e-16], "obb": {"axesLengths": [0.49146864537515156, 1.0036200060631326, 0.3920486706966115], "centroid": [-0.5952640583085151, -0.8829022016065098, -0.8718100200188902], "normalizedAxes": [-0.5358961820602417, 0.8442838788032532, 1.8746868031344137e-16, 0, -2.220446049250313e-16, 1, 0.8442838788032532, 0.5358961820602417, 1.1899285602639902e-16]}, "segments": [32711, 1573, 18853, 21655, 21659, 21672, 21692, 21751, 32538, 32719, 21798, 23111, 31146, 32653, 32577, 23809, 1147, 1149, 1184, 1211, 1250, 1282, 1331, 1432, 1458, 1491, 1502, 1504, 1517, 1524, 1526, 1835, 1983, 2005, 21652, 23673, 23732, 23755, 23760, 23792, 23810, 23813, 23829, 23839, 23919, 23922, 23923, 25408, 26707, 26710, 26712, 26714, 26717, 26722, 26725, 32555, 33954, 33955, 33961, 34000, 34002, 34005, 34009, 34011, 34098, 34105, 34146, 35528, 35540, 35556, 23527, 6, 7, 43, 44, 113, 145, 241, 260, 441, 957, 966, 1036, 1070, 1182, 1787, 1806, 10746, 11057, 11148, 11217, 11231, 11243, 21144, 21158, 21279, 21290, 21310, 21670, 21671, 23463, 23520, 23557, 23584, 23641, 23680, 23704, 23768, 23845, 23905, 24265, 24330, 24349, 24377, 24384, 25175, 25199, 25216, 25225, 25226, 25283, 25310, 26646, 26649, 26652, 26819, 26822, 26834, 31179, 31874, 32282, 32287, 32291, 32298, 32301, 32306, 32361, 32546, 33890, 33891, 33997, 34028, 34089, 34093, 34416, 34434, 34566, 34625, 34630, 35285, 35287, 35324, 35423, 35434, 35549, 24370, 34535, 21175, 21247, 24231, 24287, 34420, 34431, 34432, 35273, 34520, 24290, 34381, 24161, 368, 11171, 21045, 21057, 21090, 21096, 21119, 21132, 24143, 24188, 24242, 24338, 25403, 31825, 31878, 32281, 32333, 32543, 32552, 34371, 34373, 34376, 34383, 34622, 23694, 23796, 21801, 23378, 1553, 1992, 35667, 25347], "label": "plant"}, {"objectId": 11, "id": 11, "partId": 11, "index": 10, "dominantNormal": [0.8280069828033447, -0.5607178211212158, -1.2450436706528474e-16], "obb": {"axesLengths": [0.3938205838723686, 1.0098440421407506, 0.2520958344537998], "centroid": [-0.18216425944249548, -1.0124553078537188, -0.8818780191567983], "normalizedAxes": [0.5607178211212158, 0.8280069828033447, 1.8385448337173587e-16, 0, -2.220446049250313e-16, 1, 0.8280069828033447, -0.5607178211212158, -1.2450436706528474e-16]}, "segments": [179, 26657, 81, 92, 117, 161, 198, 721, 728, 729, 746, 754, 831, 848, 871, 10121, 10131, 26689, 26703, 21548, 5589, 30974, 21419, 285, 31190, 733, 186, 68], "label": "wall"}, {"objectId": 12, "id": 12, "partId": 12, "index": 11, "dominantNormal": [0, -2.220446049250313e-16, 1], "obb": {"axesLengths": [0.698873205377989, 0.5283099890878051, 0.559507915028099], "centroid": [0.8054072480953054, 0.25843387925637595, -1.1741550209189573], "normalizedAxes": [0.6294653415679932, 0.7770285606384277, 1.7253499976242542e-16, 0, -2.220446049250313e-16, 1, 0.7770285606384277, -0.6294653415679932, -1.3976938308246493e-16]}, "segments": [1741, 26997, 18286, 30773, 31126, 30761, 18960, 31346, 845, 866, 943, 945, 947, 979, 1378, 1788, 1802, 1847, 4959, 4984, 6317, 6495, 6499, 6522, 8445, 11416, 12881, 12942, 16852, 17393, 18093, 26123, 26247, 26998, 27045, 28345, 30633, 30646, 30746, 30747, 30751, 30886, 31353, 31359, 31881, 31914, 31917, 32529, 32534], "label": "kids table"}, {"objectId": 13, "id": 13, "partId": 13, "index": 12, "dominantNormal": [0.8344764113426208, -0.551043689250946, -1.2235627827615804e-16], "obb": {"axesLengths": [0.48379025382716323, 0.6799999323487292, 0.4477109989875986], "centroid": [0.9809948598635567, 0.7529952339081507, -1.089999969899655], "normalizedAxes": [0.551043689250946, 0.8344764113426208, 1.8529098507583016e-16, 0, -2.220446049250313e-16, 1, 0.8344764113426208, -0.551043689250946, -1.2235627827615804e-16]}, "segments": [29282, 12978, 22581, 22692, 8292, 15137, 32927, 33179, 8433, 8407, 20086, 95, 910, 1174, 1190, 1292, 4904, 5957, 6464, 8378, 8403, 8517, 9339, 9368, 19322, 19372, 19512, 22170, 22379, 26185, 26190, 26197, 28967, 29874, 31866, 31880, 32536, 32941, 33186, 33767, 33971, 33975, 34151, 4994], "label": "kids chair"}, {"objectId": 14, "id": 14, "partId": 14, "index": 13, "dominantNormal": [0.9734344482421875, 0.22896583378314972, 5.0840628103709866e-17], "obb": {"axesLengths": [0.4301591537042884, 0.7260830240082061, 0.4181668937451829], "centroid": [0.37474245844131593, -0.01734385868267052, -1.0869585237586827], "normalizedAxes": [-0.22896581888198853, 0.9734344482421875, 2.1614586748035236e-16, 0, -2.220446049250313e-16, 1, 0.9734344482421875, 0.22896581888198853, 5.0840624794987416e-17]}, "segments": [27009, 2909, 2958, 18017, 18080, 18521, 18537, 18861, 19001, 19003, 26133, 26165, 27766, 3212, 4633, 5422, 17905, 18060, 20339, 26153, 26568, 27068, 31932, 31934, 20600, 5577, 18172, 27845, 27830, 7912, 7908, 28330, 1415, 1589, 28339, 7926, 7939, 28332, 5475, 3029, 3036, 3041, 3067, 3181, 3914, 4241, 4283, 5459, 5465, 5467, 5474, 5493, 5506, 5510, 5546, 5836, 20356, 27055, 27058, 27812, 27816, 27818, 26558, 4322, 26581], "label": "kids chair"}, {"objectId": 16, "id": 16, "partId": 16, "index": 14, "dominantNormal": [0.2561436891555786, 0.9666387438774109, 2.1463691798948823e-16], "obb": {"axesLengths": [0.49431444241205774, 0.664000019490718, 0.5469765754358717], "centroid": [0.700142200133401, -0.3652021692190145, -1.0820000134706491], "normalizedAxes": [0.2561436891555786, 0.9666387438774109, 2.1463691798948823e-16, 0, -2.220446049250313e-16, 1, 0.9666387438774109, -0.2561436891555786, -5.687532426259048e-17]}, "segments": [12145, 26339, 3151, 26345, 15644, 16167, 15726, 15915, 16158, 25088, 25110, 25126, 25267, 25345, 27408, 27486, 24724, 16209, 25206, 7130, 15777, 15876, 6352, 6491, 6555, 9471, 9856, 9903, 9908, 9913, 9914, 9935, 12167, 12395, 12810, 12989, 15689, 15694, 15702, 15742, 15900, 16012, 26219, 26221, 26395, 26440, 35599, 13028, 13048, 13111, 15683, 16392, 16590, 17096, 26318, 26322, 35622, 6539, 6556, 6572, 6741, 26211, 34012, 34017, 34725, 35159, 7401, 17264, 17472, 17473, 26927, 7413, 17263, 15360, 6223], "label": "kids chair"}, {"objectId": 17, "id": 17, "partId": 17, "index": 15, "dominantNormal": [0, -2.220446049250313e-16, 1], "obb": {"axesLengths": [1.436604880118575, 0.31634008177354733, 0.526070104388598], "centroid": [0.8840482621681929, 1.456893792074197, -1.2802399911677838], "normalizedAxes": [-0.29965755343437195, 0.9540468454360962, 2.1184095487483039e-16, 0, -2.220446049250313e-16, 1, 0.9540468454360962, 0.29965755343437195, 6.653734306513658e-17]}, "segments": [1760, 32202, 853, 24209, 10111, 20304, 26314, 27901, 26793, 27713, 20986, 474, 475, 481, 750, 852, 1041, 1053, 1626, 1748, 13427, 13428, 13512, 13733, 13839, 19679, 20211, 20285, 20326, 20963, 20964, 20971, 23918, 24223, 24244, 24429, 24533, 25355, 26103, 26121, 26167, 26252, 26259, 26281, 26742, 27004, 27048, 27300, 27917, 27919, 28620, 32446, 26758, 11009, 8914, 28037, 8060, 10312, 10413, 10290, 36140, 11060, 36478, 10658, 6123, 6130, 6139, 7066, 7162, 7394, 8536, 8538, 8623, 10261, 10353, 10589, 10829, 10856, 10904, 11035, 11141, 11187, 11193, 26498, 27193, 27243, 27246, 27249, 27927, 27934, 27942, 28021, 28094, 28099, 28179, 28215, 28264, 19430, 25658, 22731], "label": "plant"}], "scan_id": "77361fca-d054-2a22-8974-547ca1fbb90f", "annId": "4196", "appId": "stk.v1"}