{"segGroups": [{"objectId": 1, "id": 1, "partId": 1, "index": 0, "dominantNormal": [0, -2.220446049250313e-16, 1], "obb": {"axesLengths": [6.302019155179449, 0.28215002382956433, 5.046990344198264], "centroid": [1.1189697393126061, 0.9257620889962295, -1.3689250335591685], "normalizedAxes": [0.38651883602142334, 0.9222815036773682, 2.0478763211370502e-16, 0, -2.220446049250313e-16, 1, 0.9222815036773682, -0.38651883602142334, -8.58244222404599e-17]}, "segments": [20940, 62353, 29741, 40037, 33083, 38792, 57664, 38856, 6425, 6427, 6454, 7218, 9851, 9855, 9872, 10315, 11703, 11766, 11793, 11901, 11932, 11973, 11981, 12785, 12804, 13504, 13747, 15930, 15937, 15938, 15944, 15960, 15968, 16207, 16317, 16387, 16397, 16399, 16401, 18549, 19890, 19900, 19949, 19972, 19977, 19989, 19991, 20885, 20898, 20916, 20938, 22515, 22643, 22654, 22723, 22746, 22766, 22781, 22788, 22789, 23125, 23131, 23134, 24664, 24712, 24731, 24732, 24733, 24741, 27073, 27088, 27636, 27650, 29157, 29169, 29757, 30442, 30878, 30897, 30924, 30956, 30959, 31382, 31390, 31391, 34290, 34314, 36024, 36029, 38030, 38331, 38557, 38566, 38776, 38813, 38898, 38942, 38943, 38964, 38970, 39003, 39030, 39040, 39047, 39049, 39058, 39079, 39086, 39096, 39934, 39951, 39956, 39969, 39985, 40011, 40021, 40028, 40040, 40045, 40050, 40089, 40090, 40094, 40100, 40107, 40148, 40180, 41112, 42789, 44381, 44384, 44425, 44519, 49971, 50155, 50158, 50234, 50387, 50431, 50844, 50848, 50927, 50929, 51419, 51425, 52010, 52022, 52031, 53236, 53505, 54549, 55786, 55811, 55812, 55814, 55816, 55818, 55824, 56933, 57692, 57708, 58093, 58109, 58123, 58145, 58210, 58243, 62898, 31346, 61886, 9928, 10065, 10194, 13704, 25998, 30435, 32558, 32633, 32673, 32999, 34351, 38051, 38056, 43002, 53153, 54091, 55126, 57439, 57442, 57470, 62133, 62401, 62707, 38691, 24049, 28573, 38588, 38653, 38670, 38697, 38698, 38760, 38761, 39579, 39592, 39846, 52259, 52284, 57617, 57623, 57636, 57937, 30775, 23531, 33558, 33615, 33624, 16844, 15671, 15733, 15738, 16943, 16954, 21495, 21530, 21534, 23567, 23569, 23580, 23840, 23842, 25096, 25121, 25124, 25152, 25215, 25234, 25248, 25277, 28625, 28650, 33330, 33335, 33356, 33638, 52904, 52906, 55607, 24737, 38770, 53503, 28730], "label": "floor"}, {"objectId": 2, "id": 2, "partId": 2, "index": 1, "dominantNormal": [0, -2.220446049250313e-16, 1], "obb": {"axesLengths": [1.3925510231509062, 0.872732023759215, 1.330949054327464], "centroid": [2.4522592398607044, 0.9868844678993449, -1.0136340921559046], "normalizedAxes": [0.8349008560180664, 0.5504003763198853, 1.2221343411053748e-16, 0, -2.220446049250313e-16, 1, 0.5504003763198853, -0.8349008560180664, -1.85385230726102e-16]}, "segments": [56966, 56881, 44646, 59492, 23460, 41090, 15214, 50999, 41549, 41061, 26807, 9214, 9234, 9251, 9265, 12679, 14085, 29539, 29563, 33837, 33845, 33853, 37100, 37105, 41072, 41219, 49439, 49442, 53210, 55647, 58996, 54224, 56408, 26766, 26814, 56339, 44555, 12666, 12689, 17463, 17471, 17478, 17483, 20437, 20444, 20458, 20483, 20500, 25209, 25210, 26775, 26798, 29486, 29544, 29608, 30432, 33806, 34957, 34965, 35023, 35029, 35067, 35080, 35089, 37045, 37059, 37081, 44538, 44554, 50410, 50413, 51027, 51577, 51646, 51647, 51651, 51656, 53213, 56429, 56433, 56932], "label": "armchair"}, {"objectId": 3, "id": 3, "partId": 3, "index": 2, "dominantNormal": [0.8411832451820374, -0.5407502055168152, -1.2007066574711071e-16], "obb": {"axesLengths": [0.8334280651103546, 0.9528689469500861, 0.9937087475349551], "centroid": [2.0713965047409513, 2.643927385937323, -0.9335655503922238], "normalizedAxes": [0.8411832451820374, -0.5407502055168152, -1.2007066574711071e-16, 0, -2.220446049250313e-16, 1, -0.5407502055168152, -0.8411832451820374, -1.8678020134600123e-16]}, "segments": [8633, 8639, 11399, 41436, 59371, 62906, 9201, 39516, 9192, 1898, 2595, 8876, 8880, 9697, 11431, 11466, 11823, 43125, 59360, 62929, 62989, 9661, 63001, 49803, 39498, 8632, 57881], "label": "armchair"}, {"objectId": 4, "id": 4, "partId": 4, "index": 3, "dominantNormal": [0, -2.220446049250313e-16, 1], "obb": {"axesLengths": [0.6477241328354447, 0.3890000494793043, 0.4917811256183632], "centroid": [1.509278101527327, 1.8210498903568164, -1.25550007929586], "normalizedAxes": [0.7611589431762695, -0.648565411567688, -1.440104505795876e-16, 0, -2.220446049250313e-16, 1, -0.648565411567688, -0.7611589431762695, -1.6901123682272912e-16]}, "segments": [43038, 26990, 38078, 26995, 33525, 12622, 33514, 53234], "label": "ottoman"}, {"objectId": 5, "id": 5, "partId": 5, "index": 4, "dominantNormal": [0.9367632269859314, -0.3499637246131897, -7.770755696982816e-17], "obb": {"axesLengths": [2.4797981951620445, 2.171429943186864, 1.63630210969168], "centroid": [3.009578963156634, 0.22852151717955338, -0.35571505759854105], "normalizedAxes": [0.3499637246131897, 0.9367632269859314, 2.0800322064438856e-16, 0, -2.220446049250313e-16, 1, 0.9367632269859314, -0.3499637246131897, -7.770755696982816e-17]}, "segments": [52973, 46868, 9205, 11849, 48913, 8303, 8315, 49213, 7971, 7489, 7781, 12639, 48397, 7973, 49001, 48698, 13816, 48920, 11519, 11714, 16131, 14226, 16859, 15360, 6714, 48592, 5149, 4824, 50197, 43276, 39502, 47928, 4855, 47748, 48144, 5724, 55729, 33933, 55693, 16977, 56803, 16123, 13334, 50364, 19872, 38444, 45224, 35756, 2607, 4793, 4806, 4828, 4921, 5195, 5215, 5708, 5711, 5763, 5771, 5779, 5793, 5822, 5837, 6176, 6191, 6231, 6246, 6346, 6347, 6370, 6657, 6706, 6903, 6942, 7057, 7296, 7348, 7353, 7364, 7375, 7445, 7459, 7507, 7531, 7546, 7605, 7626, 7640, 7678, 7696, 7767, 7899, 7957, 8049, 8176, 8192, 8220, 8250, 8265, 8363, 8389, 8423, 8454, 8472, 8478, 8479, 8492, 8532, 8727, 8840, 8882, 10185, 10216, 10228, 10294, 10365, 10388, 10443, 10523, 10681, 10797, 10833, 10889, 11037, 11175, 11246, 11273, 11561, 11941, 12187, 12277, 12302, 12313, 12817, 12838, 12944, 13236, 13468, 13519, 13578, 13595, 13645, 14245, 14404, 14525, 15075, 15110, 15270, 15278, 15307, 15314, 15325, 15347, 15357, 15365, 15385, 15387, 15405, 15411, 15528, 15744, 15811, 15844, 15888, 15904, 15972, 15975, 16012, 16014, 16032, 16061, 16426, 16430, 16451, 16466, 16522, 16561, 16578, 16817, 16834, 16842, 16878, 16927, 16953, 16966, 16990, 17081, 17150, 17198, 17263, 17332, 17335, 17380, 17507, 17536, 17590, 17594, 17631, 17659, 17772, 17789, 17819, 17840, 17846, 18104, 18292, 18531, 18759, 18766, 18911, 19624, 19632, 19706, 19738, 19789, 19815, 19839, 19943, 20354, 20364, 20616, 21764, 21765, 21773, 21778, 22058, 22256, 22267, 22309, 22354, 22503, 22510, 22519, 22535, 22539, 23130, 24025, 24310, 24314, 24322, 24380, 24386, 24455, 24468, 24488, 25002, 25407, 26263, 26265, 29487, 29491, 29502, 29531, 31241, 33520, 33864, 33937, 34593, 34648, 34822, 35093, 35164, 35279, 35432, 35489, 35512, 35701, 35704, 35724, 35725, 35799, 35962, 35983, 36064, 36074, 36299, 36322, 36572, 36700, 36796, 38110, 38781, 38803, 38957, 38960, 39530, 39756, 39759, 41571, 43454, 43774, 43867, 43912, 43941, 44000, 44008, 44149, 44332, 45198, 45203, 45211, 45220, 45234, 45253, 45254, 45257, 45314, 45318, 46608, 46951, 46968, 47402, 47417, 47422, 47426, 47428, 47464, 47468, 47760, 47762, 47784, 47839, 47847, 47853, 47875, 47878, 47906, 47909, 48120, 48141, 48167, 48291, 48334, 48356, 48358, 48360, 48368, 48375, 48709, 48741, 48746, 48749, 48754, 48756, 48783, 48796, 48848, 48861, 48931, 48956, 49056, 49091, 49095, 49098, 49100, 49102, 49148, 49254, 49272, 49274, 49285, 49288, 49291, 49295, 49342, 49369, 49622, 49648, 49703, 49885, 49982, 49987, 49988, 50134, 50161, 50222, 50230, 50331, 50372, 50377, 50433, 50437, 50536, 50542, 50551, 50578, 50580, 50590, 50602, 50608, 50614, 50737, 50742, 50744, 50753, 50758, 50766, 50876, 50946, 51059, 51062, 51471, 51479, 51917, 51919, 51925, 51928, 51935, 51941, 52743, 52745, 52860, 53334, 54201, 54558, 54802, 55655, 56776, 47570, 47580, 11017, 8329, 10617, 10646, 50164, 31244, 35750, 34597, 24596, 34138, 30693, 20565, 15414, 16284, 19002, 19061, 19067, 19527, 19541, 19553, 20644, 20649, 20982, 20999, 21054, 24565, 24571, 26217, 30702, 34137, 34377, 34464, 34610, 35810, 50623, 50627, 51659, 51666, 52739, 52750, 52777, 53350, 33116, 33128, 55415, 33203, 33157, 33154, 56261, 53030, 34724, 34734, 40806, 40822, 19063, 7686, 10047, 10067, 10078, 10086, 10102, 10110, 10123, 10135, 10163, 10181, 10183, 10207, 10209, 10230, 10255, 10257, 14356, 16203, 16356, 19054, 19081, 19104, 19163, 19170, 19225, 19264, 19273, 19309, 19358, 19404, 19424, 19427, 21001, 21058, 23152, 24869, 25395, 25471, 25535, 25545, 25562, 25569, 25588, 26227, 28979, 29123, 29177, 30740, 30754, 30763, 30778, 30784, 30794, 30802, 30803, 30848, 30855, 30872, 30890, 30901, 31111, 31315, 32160, 33171, 33184, 33340, 34454, 34777, 34831, 36878, 38254, 40638, 40673, 40918, 41044, 41513, 41516, 45188, 45316, 45330, 45332, 45336, 49831, 49889, 49894, 50480, 50495, 50496, 50504, 50762, 50896, 50898, 50904, 51663, 52858, 52963, 53057, 53122, 54566, 54569, 54572, 54579, 54593, 54618, 54641, 55400, 55403, 55427, 55429, 55586, 56231, 56240, 56276, 25603, 53018, 7069, 8465], "label": "shelf"}, {"objectId": 6, "id": 6, "partId": 6, "index": 5, "dominantNormal": [0.726934015750885, 0.6867073178291321, 1.5247965508649754e-16], "obb": {"axesLengths": [0.3721722131609283, 0.3459092971851832, 0.29192987149587385], "centroid": [2.7257138314679854, 1.5494795498077325, -0.09509944266164427], "normalizedAxes": [-0.6867073178291321, 0.726934015750885, 1.6141177633397175e-16, 0, -2.220446049250313e-16, 1, 0.726934015750885, 0.6867073178291321, 1.5247965508649754e-16]}, "segments": [33852, 50769, 45873, 53002, 25457, 33485, 45328], "label": "lamp"}, {"objectId": 7, "id": 7, "partId": 7, "index": 6, "dominantNormal": [0.9386752247810364, 0.3448026478290558, 7.65615677143074e-17], "obb": {"axesLengths": [2.4859269164064113, 2.4428899934241914, 0.8785445449451942], "centroid": [2.7324620048586428, 2.490844994799048, -0.23144509806540015], "normalizedAxes": [-0.3448026478290558, 0.9386752247810364, 2.0842776943942018e-16, 0, -2.220446049250313e-16, 1, 0.9386752247810364, 0.3448026478290558, 7.65615677143074e-17]}, "segments": [63663, 26119, 26515, 31739, 60615, 14211, 61528, 36288, 42624, 27305, 39343, 8613, 41377, 41175, 298, 27481, 27933, 61667, 56785, 6268, 694, 4677, 4781, 4798, 4802, 4811, 4835, 4844, 4927, 4937, 4972, 4980, 4986, 4989, 5023, 5167, 5271, 5346, 5367, 5371, 5407, 5421, 5436, 5513, 5527, 5555, 5562, 5570, 5738, 5897, 5984, 6031, 6105, 6119, 6125, 6352, 6990, 6993, 7140, 7186, 7224, 7247, 7263, 7328, 7520, 7563, 7718, 7780, 7821, 7864, 8060, 8277, 8643, 8646, 8701, 8796, 8801, 8809, 8971, 9785, 10371, 10781, 10919, 10973, 11036, 11059, 12071, 12075, 12100, 12112, 12115, 12135, 12139, 12141, 12191, 12199, 12200, 12219, 12295, 12546, 13106, 13192, 13239, 13240, 13589, 13677, 13680, 14432, 14475, 14478, 15283, 15338, 15473, 16220, 16279, 16634, 16957, 16973, 17000, 17023, 17024, 17036, 17039, 17285, 17365, 17510, 17600, 18012, 18057, 18264, 18326, 18584, 18610, 18614, 18618, 18621, 18635, 18640, 18649, 18673, 18730, 18732, 18878, 18905, 18926, 19688, 19712, 19720, 19727, 19766, 20366, 20383, 20401, 20587, 20659, 20660, 20731, 21631, 21635, 21638, 21677, 21717, 21732, 21754, 21809, 21963, 21996, 22285, 22335, 22365, 22551, 22755, 23211, 24411, 24943, 24971, 25821, 25884, 25909, 25929, 25942, 25956, 25985, 26005, 26041, 26043, 26050, 26059, 26079, 26083, 26145, 26161, 26179, 26188, 26241, 26391, 26415, 26462, 26851, 27196, 27886, 27934, 28017, 28038, 28142, 28145, 28156, 28157, 28208, 28226, 28244, 28259, 28269, 28271, 28282, 28299, 28304, 28306, 28339, 28362, 28541, 28546, 28663, 28927, 28941, 29467, 29895, 31185, 31261, 31275, 31282, 31459, 31648, 31710, 31719, 31725, 31785, 31799, 31806, 31870, 31872, 32449, 32604, 32678, 32713, 32725, 32752, 32776, 33427, 33746, 33747, 33749, 33752, 33760, 33764, 33779, 35755, 35791, 35848, 36127, 36137, 36523, 36525, 36623, 37884, 38636, 38660, 38673, 38685, 38720, 38724, 39174, 39360, 39490, 39583, 39605, 41132, 41135, 41151, 41367, 41368, 41398, 41399, 41401, 41424, 41484, 41570, 41790, 41939, 41963, 41986, 42028, 42033, 42037, 42051, 42140, 42181, 42185, 42231, 42311, 42319, 42333, 42353, 42427, 42597, 42615, 42622, 42719, 43167, 43224, 43236, 44597, 44612, 45177, 45180, 45184, 45186, 45342, 45352, 45357, 45371, 45387, 45427, 45447, 45605, 45754, 45757, 45761, 45763, 45825, 46060, 46493, 46495, 46634, 46637, 46640, 46642, 49305, 49312, 49321, 49332, 50337, 50344, 50509, 51248, 51800, 51803, 51805, 51816, 51933, 52862, 53109, 53307, 53853, 54023, 54035, 54751, 54760, 54868, 54870, 54946, 55008, 55012, 55023, 55052, 55111, 55119, 55121, 55124, 55612, 55628, 55630, 55639, 55641, 56129, 56144, 56189, 56293, 56540, 56543, 56658, 56742, 56744, 56782, 57535, 57540, 57715, 57718, 57720, 57888, 57905, 58277, 58814, 59191, 59255, 59259, 59262, 59266, 59285, 59288, 59411, 59417, 60090, 60230, 60383, 60576, 60707, 60725, 60730, 61804, 62495, 63116, 63259, 63271, 63274, 63329, 63333, 63335, 63980, 5415, 20574, 8336, 15264, 18639, 18652, 18654, 18664, 20315, 27866, 28232, 28364, 45428, 45432, 50264, 57543], "label": "wall"}, {"objectId": 8, "id": 8, "partId": 8, "index": 7, "dominantNormal": [0, -2.220446049250313e-16, 1], "obb": {"axesLengths": [0.6094641680545101, 0.5778839458998153, 0.7618332443740623], "centroid": [2.873991499663622, 2.508941342623672, -1.1516780291376736], "normalizedAxes": [0.5565394759178162, 0.83082115650177, 1.8447935545879313e-16, 0, -2.220446049250313e-16, 1, 0.83082115650177, -0.5565394759178162, -1.2357658805535547e-16]}, "segments": [57080, 37675, 57386, 36918, 36877, 33726, 38121, 57144, 56299, 57090, 57291, 8855, 31677, 31678, 31699, 31713, 32431, 33664, 33734, 33793, 34886, 36174, 36801, 36872, 36885, 36920, 36939, 36976, 37430, 37558, 37629, 37635, 37651, 37669, 37834, 37842, 37883, 37911, 37923, 37960, 37969, 37975, 55608, 56302, 56915, 56929, 57137, 57166, 57288, 57328, 57349, 57370, 26020], "label": "books"}, {"objectId": 9, "id": 9, "partId": 9, "index": 8, "dominantNormal": [0, -2.220446049250313e-16, 1], "obb": {"axesLengths": [0.7335005626864434, 0.2639529646049521, 0.4779000548347066], "centroid": [2.4871446477693993, 2.0663256499157288, -1.0202335778825709], "normalizedAxes": [0.8747203946113586, 0.484627902507782, 1.0760901114798704e-16, 0, -2.220446049250313e-16, 1, 0.484627902507782, -0.8747203946113586, -1.9422694444134661e-16]}, "segments": [11206, 35521, 9795, 9798, 56671, 11652, 49412, 50151, 9654, 9732, 8947, 9014, 9020, 9047, 9091, 9140, 9153, 9685, 9705, 9707, 9717, 9722, 9826, 11235, 11247, 11270, 11276, 11284, 11292, 11327, 35537, 49374, 49389, 49396, 49401, 49427, 49732, 49754, 49755, 49776, 49785, 49811, 49819, 50002, 50025, 50041, 50071, 50074, 57041, 57044, 57067, 57608, 57611, 11668, 37473, 57020], "label": "side table"}, {"objectId": 10, "id": 10, "partId": 10, "index": 9, "dominantNormal": [0.300286203622818, -0.9538491368293762, -2.1179705474536097e-16], "obb": {"axesLengths": [1.8536346281560834, 2.442079966319799, 0.31128880692706995], "centroid": [-0.1449315395232883, 2.659214948008452, -0.23104008451320412], "normalizedAxes": [0.9538491368293762, 0.300286203622818, 6.667693144786613e-17, 0, -2.220446049250313e-16, 1, 0.300286203622818, -0.9538491368293762, -2.1179705474536097e-16]}, "segments": [10488, 59984, 13790, 19651, 20010, 60740, 2007, 3180, 3181, 3646, 4136, 6299, 9287, 10449, 12284, 12314, 12316, 13923, 14020, 14980, 18615, 18623, 18646, 18699, 18964, 19046, 19048, 19118, 19180, 19186, 19188, 19528, 19533, 19606, 19617, 19633, 19634, 19642, 19662, 23176, 23191, 24069, 24077, 24078, 24112, 24125, 24130, 24142, 24143, 24157, 24179, 24202, 24753, 24763, 27001, 27243, 29031, 29050, 29134, 29212, 29290, 29358, 30047, 30198, 30210, 30507, 30523, 30529, 30555, 30560, 30655, 30661, 30675, 39993, 41593, 45584, 45587, 45590, 45594, 46111, 46116, 46218, 50574, 52289, 52309, 52330, 54070, 54511, 54517, 54552, 59914, 61329, 27231, 52436], "label": "wall"}, {"objectId": 11, "id": 11, "partId": 11, "index": 10, "dominantNormal": [0.9489247798919678, 0.31550243496894836, 7.005561352556552e-17], "obb": {"axesLengths": [2.0598391561077367, 2.4725299520970134, 0.4179874219911776], "centroid": [-0.6221772593383235, 1.4890748216112188, -0.2062651164428524], "normalizedAxes": [-0.31550243496894836, 0.9489247798919678, 2.1070362785468428e-16, 0, -2.220446049250313e-16, 1, 0.9489247798919678, 0.31550243496894836, 7.005561352556552e-17]}, "segments": [41296, 13360, 12477, 23385, 14684, 41306, 39411, 28065, 19585, 19591, 51407, 34632, 55863, 48, 286, 2303, 3315, 3513, 3618, 3690, 3693, 3905, 4083, 4087, 4099, 4155, 4506, 4538, 4545, 4567, 4579, 4583, 4647, 5991, 6131, 6138, 6204, 6219, 6220, 6235, 11584, 12025, 12259, 12604, 13259, 13472, 13482, 13495, 13529, 13563, 13568, 13632, 13648, 13660, 13681, 13695, 13763, 13765, 13769, 13880, 13881, 13946, 13973, 14078, 14093, 14109, 14112, 14125, 14137, 14227, 14853, 14855, 14863, 14959, 14979, 15047, 15296, 15306, 15427, 15436, 15453, 15459, 15471, 15576, 15603, 15637, 15640, 15652, 15855, 15881, 15883, 16002, 16011, 17196, 17290, 19018, 19045, 23283, 23288, 23390, 24802, 24820, 25444, 26114, 26136, 29999, 31029, 31044, 31055, 31148, 31426, 32011, 32046, 32053, 32059, 32068, 32075, 32101, 32106, 32118, 32133, 32147, 32155, 32185, 32189, 32215, 32262, 32280, 32308, 32787, 34482, 34507, 34646, 34682, 35147, 35942, 36019, 36037, 36194, 36229, 36243, 36658, 36661, 36727, 36761, 37269, 37307, 37323, 37379, 37720, 37721, 37722, 37738, 37751, 37760, 37810, 38273, 39136, 39219, 39220, 39619, 39634, 39653, 39654, 41234, 41252, 42440, 42512, 42547, 45614, 45617, 45618, 45627, 45635, 45646, 45654, 45655, 45657, 45675, 45678, 45685, 45712, 45899, 45923, 45978, 45980, 45982, 45986, 45993, 46005, 46012, 46015, 46019, 46032, 46045, 46051, 46114, 46119, 46161, 46168, 46227, 50379, 50834, 50964, 50979, 51392, 51398, 54654, 55056, 55059, 55062, 55064, 55071, 55073, 55074, 55076, 55146, 56315, 56319, 56793, 56794, 56795, 56995, 57182, 57186, 57199, 57234, 57548, 57591, 57988, 57992, 60765, 60838, 61094, 57964, 37376, 37732, 39336, 57738, 37800, 57213, 34586, 50826, 15819, 15790, 50807, 50832], "label": "wall"}, {"objectId": 12, "id": 12, "partId": 12, "index": 11, "dominantNormal": [0.9717057347297668, 0.23619474470615387, 5.2445768773646566e-17], "obb": {"axesLengths": [1.0420407684365518, 1.2090899823064354, 0.4126865312384599], "centroid": [-0.48726336698531325, 1.3873953766652793, -0.8345450789464653], "normalizedAxes": [-0.23619474470615387, 0.9717057347297668, 2.1576201597145835e-16, 0, -2.220446049250313e-16, 1, 0.9717057347297668, 0.23619474470615387, 5.2445768773646566e-17]}, "segments": [36847, 31545, 16552, 55916, 53960, 23614, 23652, 52208, 54394, 23962, 25358, 52935, 21241, 55570, 14337, 14734, 14745, 14747, 14769, 14778, 14783, 14799, 14816, 14821, 14834, 15801, 15833, 15861, 16574, 16597, 16600, 16605, 16620, 16627, 16714, 16741, 16742, 16745, 17279, 18573, 18668, 18757, 18787, 18804, 18807, 18854, 19129, 19146, 20877, 21096, 21099, 21117, 21122, 21133, 21148, 21150, 21156, 21158, 21175, 21189, 21190, 21205, 21208, 21217, 21223, 21224, 21227, 21228, 21254, 21276, 21279, 21285, 21291, 21292, 21348, 21352, 22439, 22445, 22464, 22491, 22505, 22511, 22527, 22546, 22547, 22564, 22581, 22614, 22615, 22663, 22679, 22732, 22739, 22740, 22752, 22758, 22777, 22986, 23014, 23021, 23031, 23036, 23043, 23050, 23055, 23080, 23483, 23509, 23624, 23628, 23664, 23679, 23697, 23701, 23709, 23710, 23882, 23929, 23946, 23995, 24003, 25319, 25322, 25333, 28667, 29640, 29645, 29648, 29655, 29673, 29704, 29711, 29725, 29730, 29734, 31602, 31616, 34385, 34386, 34422, 34491, 34537, 34580, 38296, 39753, 39754, 50647, 50651, 50661, 50696, 50830, 50932, 50935, 50943, 51223, 51224, 51231, 51670, 51673, 51683, 51687, 51704, 51708, 51727, 51739, 51743, 51745, 51749, 51752, 51755, 51757, 51762, 51764, 51765, 51773, 51779, 51782, 51950, 51954, 51970, 51973, 51977, 51980, 52024, 52109, 52111, 52117, 52122, 52129, 52133, 52171, 52257, 54251, 55523, 55583, 55828, 56082, 56095, 56100, 56104, 56108, 58034, 58022, 25428, 42505], "label": "fireplace"}, {"objectId": 13, "id": 13, "partId": 13, "index": 12, "dominantNormal": [0.3582175374031067, -0.9336381554603577, -2.0730931537213008e-16], "obb": {"axesLengths": [1.8978071988384675, 2.5320499569464467, 0.39053002255294433], "centroid": [1.368956323215709, -0.9476497046837609, -0.183975125562289], "normalizedAxes": [0.9336381554603577, 0.3582175374031067, 7.954027156989045e-17, 0, -2.220446049250313e-16, 1, 0.3582175374031067, -0.9336381554603577, -2.0730931537213008e-16]}, "segments": [2184, 5007, 47130, 18758, 117, 213, 271, 302, 341, 344, 1373, 1390, 1832, 2341, 3073, 3524, 3560, 4094, 5325, 25062, 25341, 25349, 27775, 35228, 35298, 35313, 46259, 46261, 47396, 53574, 1948, 16, 114, 2643, 2653, 12180, 12237, 13703, 13712, 13724, 13751, 20977, 21026, 21031, 21050, 27777, 27851, 46235, 46237, 46244, 46932, 46939, 50351, 53584, 25521, 11, 53619, 27713, 53647, 31204, 35242, 25847], "label": "wall"}, {"objectId": 14, "id": 14, "partId": 14, "index": 13, "dominantNormal": [0.833966851234436, 0.5518145561218262, 1.225274451059524e-16], "obb": {"axesLengths": [0.325642606111185, 2.464099948165565, 0.0956147824400756], "centroid": [0.12662600753224473, -1.128385773249374, -0.22205009495660843], "normalizedAxes": [-0.5518145561218262, 0.833966851234436, 1.851778400029227e-16, 0, -2.220446049250313e-16, 1, 0.833966851234436, 0.5518145561218262, 1.225274451059524e-16]}, "segments": [48663, 5992], "label": "wall"}, {"objectId": 15, "id": 15, "partId": 15, "index": 14, "dominantNormal": [0, -2.220446049250313e-16, 1], "obb": {"axesLengths": [1.4372851529703956, 0.2443559711197918, 0.9258635870019335], "centroid": [1.300523800885789, -0.6112149963698448, -0.7678220690037627], "normalizedAxes": [0.9818194508552551, 0.18981705605983734, 4.21478532208391e-17, 0, -2.220446049250313e-16, 1, 0.18981705605983734, -0.9818194508552551, -2.1800771207286632e-16]}, "segments": [10527, 28799, 28903, 842, 45415, 10492, 10609, 845, 963, 985, 996, 1032, 1049, 1068, 1080, 1100, 1115, 1516, 1597, 1610, 1622, 1649, 1653, 1658, 1672, 2775, 6607, 8754, 8791, 9635, 10570, 21895, 21929, 21938, 21952, 21956, 21976, 21998, 22017, 22020, 22022, 22066, 22106, 31127, 31321, 31406, 35392, 40195, 40254, 40264, 40284, 40287, 40322, 45389, 45422, 45457, 45460, 45464, 45469, 45512, 45513, 45515, 45517, 45523, 45726, 45728, 45733, 45750, 45753, 46626, 46631, 46691, 46693, 46703, 46706, 46709, 46726, 46731, 47029, 58267, 58270, 58441, 58495, 1731, 1677, 414, 1639, 1740, 2767, 2816, 2818, 2826, 2830, 2863, 2871, 2873, 2886, 2896, 6321, 6499, 7005, 7030, 8045, 8052, 9950, 27761, 27770, 31041, 35236, 35259, 35362, 35440, 35479, 35506, 45756, 45786, 45813, 45865, 45872, 46957, 53664, 56464, 56558, 56651, 22049, 46298, 7984, 45847, 6925], "label": "table"}, {"objectId": 16, "id": 16, "partId": 16, "index": 15, "dominantNormal": [0.45503124594688416, -0.8904754519462585, -1.9772526992284568e-16], "obb": {"axesLengths": [1.1657968546439315, 1.665932931022354, 0.563189190228417], "centroid": [-0.012545314672773533, 2.49158986831301, -0.6256635564298912], "normalizedAxes": [0.8904754519462585, 0.45503124594688416, 1.0103723323482065e-16, 0, -2.220446049250313e-16, 1, 0.45503124594688416, -0.8904754519462585, -1.9772526992284568e-16]}, "segments": [20181, 21482, 51539, 20020, 24490, 24251, 12842, 12820, 12826, 20028, 20057, 20088, 20136, 24368, 24397, 24421, 51433, 51477, 51785, 52041, 52043, 52353, 52464, 52467, 52608, 52612, 52623, 52632, 1271, 22831, 22921, 12948, 19342, 20029, 22794, 22845, 24231, 24250, 24262, 24286, 24303, 24388, 24392, 24417, 24460, 52361, 52453, 52539, 52628, 54098, 59824, 18214, 15017, 14977, 15073, 15130, 15140, 18185, 18189, 18191, 18220, 18253, 29819, 29881, 29887, 32897, 51151, 51212, 51217, 51847, 51849, 51851, 51866, 18163, 18197, 18201, 29805, 32828, 32829, 51854, 55152, 55158, 55180, 22193, 29867, 16111, 18136, 18139, 51858, 51833, 13104, 13187, 13200, 13204, 13224, 15037, 16067, 16141, 17650, 17657, 17663, 17749, 17759, 17764, 17797, 17818, 17832, 17862, 17931, 17933, 18001, 18035, 18134, 20358, 22169, 29791, 50462, 50468, 50471, 50866, 51043, 51048, 51079, 51082, 51096, 51097, 51813, 51819, 13122, 13124, 16076, 16100, 16102, 17649, 17677, 17782, 17878, 17951, 17977, 18169, 18171, 50860, 51039, 51047, 51073, 51122, 51144, 13163, 13164, 17625, 17731, 17904, 32946, 33001, 33015, 55238, 55286, 59758, 33014, 32942, 55342, 16089, 17944, 29130, 32855, 32926, 32931, 33009, 33027, 33307, 52167, 54042, 54045, 55189, 29072, 20842, 13000, 13030, 13040, 13092, 13100, 13118, 14872, 14933, 17661, 17690, 19463, 19474, 19515, 19550, 20157, 20294, 20349, 20357, 20858, 22904, 22968, 28081, 28097, 28440, 28557, 28574, 29080, 29105, 50445, 50450, 51506, 51525, 52061, 52081, 52085, 52086, 52098, 52105, 54049, 54121, 28368, 26715, 26431, 40790, 40752, 58684, 26425, 21577, 28480, 28517, 53810, 35673, 56704, 35566, 56723, 35663, 21596, 25626, 25637, 25644, 25654, 25673, 25685, 25892, 26714, 26716, 26913, 27105, 27106, 27133, 27139, 28392, 28398, 28399, 28407, 28417, 28425, 28448, 28449, 28452, 28469, 28481, 28524, 28532, 34718, 35573, 35607, 40642, 40647, 40659, 40668, 40701, 40709, 40725, 40734, 40744, 40756, 51793, 53104, 53218, 53311, 53672, 53673, 53677, 53679, 53682, 53736, 53800, 53844, 56203, 56685, 56692, 56713, 56716, 58651, 58655, 58665, 58667, 58673, 58679, 26683, 26723, 26944, 27097, 40629, 56709, 58663, 25028, 53435, 25048, 25705, 25729, 25771, 30071, 33229, 53063, 53071, 53074, 33246, 27555, 29359, 29768, 30358, 12739, 24617, 14606, 12816, 14500, 14510, 14564, 14673, 19390, 19420, 19421, 19445, 19484, 20779, 20790, 20827, 20829, 25713, 26461, 26518, 26607, 26749, 26867, 27527, 27563, 27603, 28052, 28222, 29142, 29167, 29192, 29208, 29243, 29261, 29344, 30105, 30115, 30394, 30486, 30536, 34694, 40780, 40840, 40898, 40901, 40911, 40937, 40972, 40992, 40998, 50616, 50702, 51251, 51279, 52051, 52176, 52201, 52279, 53064, 54518, 58807, 58861, 58948, 58950, 58954, 58958, 58965, 58976, 58980, 58982, 58986, 59869, 29139, 29149, 51616, 52823, 22869, 22977, 29179, 29198, 29254, 29286, 29288, 29299, 29300, 29314, 29315, 29322, 29325, 29863, 30405, 30408], "label": "shelf"}, {"objectId": 21, "id": 21, "partId": 21, "index": 16, "dominantNormal": [0, -2.220446049250313e-16, 1], "obb": {"axesLengths": [0.28259903453361285, 0.2038509800169397, 0.26015859564529803], "centroid": [-0.3677462017091968, 2.3909669412140024, 0.35780840376886913], "normalizedAxes": [0.3521476686000824, 0.9359444379806519, 2.078214129631943e-16, 0, -2.220446049250313e-16, 1, 0.9359444379806519, -0.3521476686000824, -7.819248994957615e-17]}, "segments": [27020, 54145, 29436, 23173, 54160], "label": "lamp"}, {"objectId": 22, "id": 22, "partId": 22, "index": 17, "dominantNormal": [0.18532057106494904, -0.9826781153678894, -2.1819837389533734e-16], "obb": {"axesLengths": [0.44649485118396814, 2.4284899884054796, 0.40941837821232396], "centroid": [0.3998108619222758, -1.3244878193424778, -0.23470511443387854], "normalizedAxes": [0.9826781153678894, 0.18532055616378784, 4.114942967787535e-17, 0, -2.220446049250313e-16, 1, 0.18532055616378784, -0.9826781153678894, -2.1819837389533734e-16]}, "segments": [48184, 48010, 48057, 4875, 47647, 4460, 2239, 3809, 3886, 3956, 3967, 3983, 3998, 4027, 4135, 4281, 4299, 4305, 4327, 4352, 4421, 4447, 4449, 4452, 4464, 4473, 4493, 4873, 4894, 4999, 5000, 5094, 5107, 5370, 5673, 5687, 5912, 5931, 9317, 47588, 47602, 47610, 47620, 47623, 47634, 47789, 47806, 47810, 47813, 47958, 47963, 47999, 48028, 48161, 48163, 48220, 5858, 4061, 4486, 5075, 5385, 5704, 9305, 47823, 48039, 49519, 48065, 1960, 2319, 2357, 2366, 2373, 2378, 2392, 2405, 2420, 3033, 3067, 3273, 3278, 3306, 3313, 3648, 3660, 3787, 3806, 3808, 3828, 3856, 5054, 6087, 6566, 6569, 9388, 9964, 9968, 9970, 46872, 47062, 47063, 47453, 47456, 47799, 48266, 48404, 48426, 49822, 5131, 6590, 9345, 48413, 48487, 48491, 49477, 49553, 3089, 48538, 3201, 2105, 2317, 2440, 2940, 3030, 3053, 3071, 3095, 3213, 5650, 6588, 6608, 47090, 48415, 48420, 48495, 48575, 33796, 46884, 2455], "label": "bookshelf"}, {"objectId": 24, "id": 24, "partId": 24, "index": 18, "dominantNormal": [0.017399119213223457, -0.9998486042022705, -2.2201098830493715e-16], "obb": {"axesLengths": [0.44407571056375794, 0.42581697346679176, 0.40962480343862023], "centroid": [0.8872607174449336, -1.0485141610223745, -0.6472905574108568], "normalizedAxes": [0.9998486042022705, 0.017399119213223457, 3.863380551743724e-18, 0, -2.220446049250313e-16, 1, 0.017399119213223457, -0.9998486042022705, -2.2201098830493715e-16]}, "segments": [2705, 3406, 3459, 46654, 1163, 2532, 3408, 3438, 46675, 47332, 1138, 47266, 3392, 46978, 46257, 3470], "label": "organizer"}, {"objectId": 25, "id": 25, "partId": 25, "index": 19, "dominantNormal": [-0.5564640164375305, -0.8308717012405396, -1.8449057864534425e-16], "obb": {"axesLengths": [0.5903347469701599, 0.3588789621246091, 0.3145857961996875], "centroid": [2.3264869593636357, 1.2877165378330986, -0.870560536546475], "normalizedAxes": [0.8308717012405396, -0.5564640164375305, -1.235598326848676e-16, 0, -2.220446049250313e-16, 1, -0.5564640164375305, -0.8308717012405396, -1.8449057864534425e-16]}, "segments": [59198, 59525, 12644, 59444, 12157, 12425, 59193, 59246], "label": "pillow"}, {"objectId": 26, "id": 26, "partId": 26, "index": 20, "dominantNormal": [0.5681362748146057, -0.8229345083236694, -1.8272816777990407e-16], "obb": {"axesLengths": [0.37539474889188224, 0.37962596760036105, 0.35901986731179786], "centroid": [2.281162433885993, 0.7791871891905457, -0.8039030842609792], "normalizedAxes": [0.8229345083236694, 0.5681362748146057, 1.2615159468478814e-16, 0, -2.220446049250313e-16, 1, 0.5681362748146057, -0.8229345083236694, -1.8272816777990407e-16]}, "segments": [58992, 59006, 29578, 53207], "label": "pillow"}, {"objectId": 27, "id": 27, "partId": 27, "index": 21, "dominantNormal": [-0.2479163110256195, -0.9687814712524414, -2.1511269904293893e-16], "obb": {"axesLengths": [0.6908423314553788, 0.5820410419544341, 0.5401743718921225], "centroid": [2.0863842251760394, 2.7911896641457608, -0.7789795963203285], "normalizedAxes": [0.9687814712524414, -0.2479162961244583, -5.5048476027432417e-17, 0, -2.220446049250313e-16, 1, -0.2479162961244583, -0.9687814712524414, -2.1511269904293893e-16]}, "segments": [41430, 41120], "label": "pillow"}, {"objectId": 33, "id": 33, "partId": 33, "index": 25, "dominantNormal": [0.23090860247612, -0.9729754328727722, -2.1604394559399603e-16], "obb": {"axesLengths": [0.32058349230600897, 0.48151193973022793, 0.13515253597003204], "centroid": [-0.1881015795701484, 0.5620115358318938, -1.2142840644013748], "normalizedAxes": [0.9729754328727722, 0.23090860247612, 5.127200941060117e-17, 0, -2.220446049250313e-16, 1, 0.23090860247612, -0.9729754328727722, -2.1604394559399603e-16]}, "segments": [28915, 53996, 53992, 34638, 11104, 11115, 28822, 28842, 28869, 28888, 28913, 53978, 53980], "label": "bin"}], "scan_id": "4138582f-a238-2435-8332-6902542c2823", "annId": "2169", "appId": "stk.v1"}