{"segGroups": [{"objectId": 16, "id": 16, "partId": 16, "index": 0, "dominantNormal": [0, -2.220446049250313e-16, 1], "obb": {"axesLengths": [0.9154026722166717, 0.4559259908811897, 0.6823467417855169], "centroid": [0.20974873554060935, 1.4612550485102078, -0.5379630793280994], "normalizedAxes": [-0.12517032027244568, 0.9921352863311768, 2.2029828768558896e-16, 0, -2.220446049250313e-16, 1, 0.9921352863311768, 0.12517032027244568, 2.779339431323484e-17]}, "segments": [9090, 9074, 31395, 40616, 33113], "label": "pillow"}, {"objectId": 33, "id": 33, "partId": 33, "index": 1, "dominantNormal": [0, -2.220446049250313e-16, 1], "obb": {"axesLengths": [0.43123774273156784, 0.16343998543679725, 0.23993305659100983], "centroid": [2.6900100953914294, 3.403093119978811, -0.5383510757545926], "normalizedAxes": [0.0032825625967234373, 0.9999946355819702, 2.2204341378494923e-16, 0, -2.220446049250313e-16, 1, 0.9999946355819702, -0.0032825625967234373, -7.288753149311405e-19]}, "segments": [36693, 19886, 42077], "label": "item"}, {"objectId": 34, "id": 34, "partId": 34, "index": 2, "dominantNormal": [0.9808973073959351, 0.19452618062496185, 4.3193488924444934e-17], "obb": {"axesLengths": [0.40761566820923967, 0.17422899214411536, 0.14543741347176914], "centroid": [2.939813411993912, 3.3117904725094736, -0.5284355601957726], "normalizedAxes": [-0.19452618062496185, 0.9808973073959351, 2.178029550927574e-16, 0, -2.220446049250313e-16, 1, 0.9808973073959351, 0.19452618062496185, 4.3193488924444934e-17]}, "segments": [18952, 18973], "label": "item"}, {"objectId": 35, "id": 35, "partId": 35, "index": 3, "dominantNormal": [-0.4928338825702667, -0.8701234459877014, -1.9320621680034598e-16], "obb": {"axesLengths": [1.3339907797477901, 0.7398000194177023, 0.20159820921526947], "centroid": [1.8257798890298567, 4.054431844710663, -1.0399000998548433], "normalizedAxes": [0.8701234459877014, -0.4928338825702667, -1.0943110474898415e-16, 0, -2.220446049250313e-16, 1, -0.4928338825702667, -0.8701234459877014, -1.9320621680034598e-16]}, "segments": [24082, 2900, 13, 1106, 2867, 45, 92, 640, 1174, 1186, 1187, 1336, 2726, 2834, 2998, 20506, 20527, 20589, 20601, 20676, 20695, 20704, 20706, 20720, 21111, 21116, 21135, 22313, 24034, 27694, 27734, 33654, 33657, 33661, 33677, 36994, 36999, 37005, 37068, 37074, 37087, 38915], "label": "wall"}, {"objectId": 36, "id": 36, "partId": 36, "index": 4, "dominantNormal": [0.7873328328132629, 0.6165281534194946, 1.3689675025119077e-16], "obb": {"axesLengths": [0.2764015695173014, 0.4421819349635703, 0.17898218320409606], "centroid": [2.034389249107602, 3.695171492573131, -0.9904190368796393], "normalizedAxes": [-0.6165281534194946, 0.7873328328132629, 1.748230078065267e-16, 0, -2.220446049250313e-16, 1, 0.7873328328132629, 0.6165281534194946, 1.3689675025119077e-16]}, "segments": [2783, 33620, 2738, 4869, 2784, 2903, 4832, 4848, 4887, 33567, 33570, 33829, 33831, 33897, 2921, 33909, 4933, 5036, 2917, 4967, 4969, 4980, 33891, 33940, 33944], "label": "item"}, {"objectId": 17, "id": 17, "partId": 17, "index": 5, "dominantNormal": [0, -2.220446049250313e-16, 1], "obb": {"axesLengths": [0.7864932859713555, 0.26250999579183754, 0.44820944859246353], "centroid": [0.5765056935914603, 1.3564445386769997, -0.6212550849126671], "normalizedAxes": [-0.08925161510705948, 0.996009111404419, 2.211584496435257e-16, 0, -2.220446049250313e-16, 1, 0.996009111404419, 0.08925161510705948, 1.9817839615367978e-17]}, "segments": [32616, 39062, 34707, 34604, 9817], "label": "pillow"}, {"objectId": 18, "id": 18, "partId": 18, "index": 6, "dominantNormal": [0, -2.220446049250313e-16, 1], "obb": {"axesLengths": [0.6830728681228199, 0.22014700874357626, 0.41263528499625834], "centroid": [1.0629669900840188, 0.809546748213066, -0.6516515755223915], "normalizedAxes": [0.9906417727470398, -0.13648784160614014, -3.030638886650564e-17, 0, -2.220446049250313e-16, 1, -0.13648784160614014, -0.9906417727470398, -2.199666610518491e-16]}, "segments": [39660, 22662, 7055, 25601, 38502, 26516, 27895], "label": "pillow"}, {"objectId": 19, "id": 19, "partId": 19, "index": 7, "dominantNormal": [0, -2.220446049250313e-16, 1], "obb": {"axesLengths": [0.5341984882402432, 0.18659096539189735, 0.4520856474692733], "centroid": [1.0550789243577998, 1.1688012082325918, -0.6425425852951614], "normalizedAxes": [0.8634961247444153, -0.5043554306030273, -1.1198940233004325e-16, 0, -2.220446049250313e-16, 1, -0.5043554306030273, -0.8634961247444153, -1.9173465587316924e-16]}, "segments": [27283, 27952, 33276, 39137], "label": "pillow"}, {"objectId": 20, "id": 20, "partId": 20, "index": 8, "dominantNormal": [0, -2.220446049250313e-16, 1], "obb": {"axesLengths": [4.471957866509078, 0.8600899980942167, 2.1736512208529177], "centroid": [0.710555670382144, 2.592705884433557, 1.5600448805889093], "normalizedAxes": [0.6867334842681885, 0.726909339427948, 1.614062970895942e-16, 0, -2.220446049250313e-16, 1, 0.726909339427948, -0.6867334842681885, -1.5248546520312011e-16]}, "segments": [36525, 13161, 11714, 41344, 31275, 41359, 12035, 36597, 12677, 12435, 12448, 12083, 6834, 7211, 7039, 5797, 5896, 33717, 5629, 5495, 2713, 36494, 3065, 36796, 24086, 21559, 11438, 12743, 12745, 21206, 17796, 21469, 21405, 21741, 14778, 35623, 20296, 5235, 5210, 5341, 33741, 5355, 6458, 6426, 6304], "label": "ceiling"}, {"objectId": 22, "id": 22, "partId": 22, "index": 9, "dominantNormal": [0.8922615051269531, -0.45151904225349426, -1.0025736735330565e-16], "obb": {"axesLengths": [3.9942400936560802, 2.25999993994832, 0.2477276196543336], "centroid": [3.009908582843406, 1.2606946099293306, -0.2400000926046837], "normalizedAxes": [0.4515190124511719, 0.8922615051269531, 1.981218533957281e-16, 0, -2.220446049250313e-16, 1, 0.8922615051269531, -0.4515190124511719, -1.0025736073586075e-16]}, "segments": [671, 8669, 9612, 28783, 42571, 42271, 16660, 18685, 25022, 18773, 18590, 42486, 18777, 18819, 30882, 18855, 11685, 19311, 19697, 18404, 16686, 19386, 19492, 19357, 19342, 8446, 9526, 9593, 10926, 10958, 11015, 11325, 11453, 12180, 12517, 14544, 14980, 15052, 15058, 15071, 15088, 15117, 15119, 15135, 15153, 15195, 16633, 16635, 16652, 16674, 16711, 17591, 17668, 17689, 17709, 18427, 18461, 18469, 18606, 18613, 18620, 18624, 18643, 18651, 18663, 18711, 18749, 18783, 18805, 19171, 19176, 19191, 19333, 19369, 19394, 19401, 19405, 19410, 19425, 19737, 19761, 27858, 27862, 30802, 30808, 30814, 30816, 30884, 30901, 30933, 31794, 31814, 32830, 34163, 34167, 34194, 34198, 34410, 34590, 34593, 34595, 35648, 35895, 35897, 36101, 36103, 36261, 36275, 36329, 36436, 36437, 38998, 41364, 41366, 41368, 41371, 41374, 41538, 41563, 41564, 41641, 41961, 42466, 42651], "label": "wall"}, {"objectId": 24, "id": 24, "partId": 24, "index": 10, "dominantNormal": [0.5912028551101685, -0.8065229058265686, -1.7908405998724866e-16], "obb": {"axesLengths": [0.6211464344538367, 0.3740379875740857, 0.3637838709314964], "centroid": [1.2460996182109259, 1.2243365559754553, 0.4288728970601463], "normalizedAxes": [0.8065229058265686, 0.5912027955055237, 1.3127339115859808e-16, 0, -2.220446049250313e-16, 1, 0.5912027955055237, -0.8065229058265686, -1.7908405998724866e-16]}, "segments": [13631, 13442, 13350, 13480, 15280, 15388, 8362, 13623, 13564, 13629, 13460, 15458], "label": "decoration"}, {"objectId": 25, "id": 25, "partId": 25, "index": 11, "dominantNormal": [0.7900303602218628, -0.6130677461624146, -1.3612838548891272e-16], "obb": {"axesLengths": [0.32720835460444003, 0.6896800244671097, 0.21986589444543872], "centroid": [2.4725047801209343, 0.27409103770683485, -1.0148401023795468], "normalizedAxes": [0.6130677461624146, 0.7900303602218628, 1.754219792142437e-16, 0, -2.220446049250313e-16, 1, 0.7900303602218628, -0.6130677461624146, -1.3612838548891272e-16]}, "segments": [42022, 31094, 7407, 6565, 42339, 6235, 156, 42003, 32987, 33010, 12171, 12249, 32197, 32872, 32898, 32906, 32921, 32977, 33012, 33028, 33042, 37486, 37508, 37510, 42002, 42067, 42098, 42202, 42206, 42211, 42216, 42224, 42233, 42244, 42288, 42400], "label": "plant"}, {"objectId": 26, "id": 26, "partId": 26, "index": 12, "dominantNormal": [0.901577889919281, -0.4326168894767761, -9.606024630776669e-17], "obb": {"axesLengths": [0.4701067080380819, 0.5999999955296514, 0.03251951776204793], "centroid": [0.1616271435826655, 2.0155173666095965, 0.1299999113441237], "normalizedAxes": [0.43261685967445374, 0.901577889919281, 2.0019050637627012e-16, 0, -2.220446049250313e-16, 1, 0.901577889919281, -0.43261685967445374, -9.606023969032179e-17]}, "segments": [15259], "label": "picture"}, {"objectId": 27, "id": 27, "partId": 27, "index": 13, "dominantNormal": [0.8996042013168335, -0.43670618534088135, -9.69682523923335e-17], "obb": {"axesLengths": [0.511621240739057, 0.5199999842047692, 0.07125488218849921], "centroid": [0.3924750987999228, 2.4448137067216793, 0.08999990568168248], "normalizedAxes": [0.43670621514320374, 0.8996042013168335, 1.9975225947029462e-16, 0, -2.220446049250313e-16, 1, 0.8996042013168335, -0.43670621514320374, -9.69682590097784e-17]}, "segments": [15435], "label": "picture"}, {"objectId": 28, "id": 28, "partId": 28, "index": 14, "dominantNormal": [0.8887518048286438, -0.4583887457847595, -1.0178274795985754e-16], "obb": {"axesLengths": [0.49425569589194174, 0.6599999816715718, 0.03518494028894957], "centroid": [0.3469342777623221, 2.404422819762302, 0.6199998875767716], "normalizedAxes": [0.45838871598243713, 0.8887518048286438, 1.9734254337958474e-16, 0, -2.220446049250313e-16, 1, 0.8887518048286438, -0.45838871598243713, -1.0178274134241264e-16]}, "segments": [14468], "label": "picture"}, {"objectId": 29, "id": 29, "partId": 29, "index": 15, "dominantNormal": [0.8845311999320984, -0.4664810597896576, -1.0357960262600443e-16], "obb": {"axesLengths": [0.4531637776120304, 0.6199999611079698, 0.044448943551711376], "centroid": [0.14547787683739966, 1.9906588565820247, 0.6399998978585728], "normalizedAxes": [0.4664810597896576, 0.8845311999320984, 1.9640538083278667e-16, 0, -2.220446049250313e-16, 1, 0.8845311999320984, -0.4664810597896576, -1.0357960262600443e-16]}, "segments": [40063], "label": "picture"}, {"objectId": 30, "id": 30, "partId": 30, "index": 16, "dominantNormal": [0.9176359176635742, -0.3974221646785736, -8.824544754450461e-17], "obb": {"axesLengths": [0.41339960463271597, 0.5199999991059304, 0.0688362595906188], "centroid": [-0.020731929286687212, 1.614032483803154, 0.6699998983801132], "normalizedAxes": [0.3974221646785736, 0.9176358580589294, 2.037560915677371e-16, 0, -2.220446049250313e-16, 1, 0.9176358580589294, -0.3974221646785736, -8.824544754450461e-17]}, "segments": [16116], "label": "picture"}, {"objectId": 31, "id": 31, "partId": 31, "index": 17, "dominantNormal": [0.8900455832481384, -0.4558715522289276, -1.0122381871123301e-16], "obb": {"axesLengths": [0.5738663043031461, 0.5999999955296514, 0.07939698842635737], "centroid": [-0.06438052800136851, 1.5451983954651578, 0.1299999113441237], "normalizedAxes": [0.45587158203125, 0.8900455832481384, 1.9762981989760196e-16, 0, -2.220446049250313e-16, 1, 0.8900455832481384, -0.45587158203125, -1.0122382532867791e-16]}, "segments": [17472], "label": "picture"}, {"objectId": 1, "id": 1, "partId": 1, "index": 19, "dominantNormal": [0, -2.220446049250313e-16, 1], "obb": {"axesLengths": [4.94691572801701, 0.6597300024390961, 3.8099175069317144], "centroid": [1.4201107060373612, 1.6642978825972188, -1.2798650564968233], "normalizedAxes": [0.5064771175384521, 0.8622534275054932, 1.9145872165571135e-16, 0, -2.220446049250313e-16, 1, 0.8622534275054932, -0.5064771175384521, -1.1246051146739425e-16]}, "segments": [19840, 20737, 28029, 1641, 2359, 2361, 2421, 2545, 3209, 4116, 4124, 4214, 4216, 4247, 4259, 4314, 5451, 15174, 16358, 16532, 19125, 19135, 19537, 19538, 20853, 21433, 24170, 24242, 25701, 25791, 27209, 29405, 30319, 30446, 33530, 33761, 33762, 33771, 33774, 33779, 33946, 37839, 40687, 42649, 30522, 30357, 27804, 1258, 1386, 1390, 1407, 1425, 1441, 1599, 1604, 1608, 1623, 1637, 3217, 3302, 4487, 4535, 4567, 4568, 5079, 5103, 5133, 5134, 5159, 5172, 5176, 5207, 5267, 5306, 5309, 5310, 5324, 5335, 5356, 5405, 5424, 5768, 5778, 5791, 5812, 5817, 5855, 5858, 5876, 5879, 5904, 5997, 6010, 6023, 6034, 6036, 6055, 14105, 21540, 24181, 27849, 30431, 30437, 30444, 30641, 33670, 33954, 33960, 33966, 33970, 33979, 33984, 33992, 33998, 34008, 34016, 40863, 40913, 40923, 41319, 41944, 31690, 2434, 4241, 4352, 4355, 20804, 20868, 20902, 20903, 20930, 25193, 33667, 33787, 33792, 37013, 39622, 40688, 42554, 14115, 13418, 31717, 21519, 21515, 33178, 41901, 25040], "label": "floor"}, {"objectId": 2, "id": 2, "partId": 2, "index": 20, "dominantNormal": [-0.4259094297885895, -0.904765784740448, -2.008983612223787e-16], "obb": {"axesLengths": [1.8556397087814522, 2.6255499729763705, 0.16997535896457122], "centroid": [3.134992062564738, 3.39462432150902, -0.08277508333970096], "normalizedAxes": [0.904765784740448, -0.42590945959091187, -9.457089768869761e-17, 0, -2.220446049250313e-16, 1, -0.42590945959091187, -0.904765784740448, -2.008983612223787e-16]}, "segments": [18966, 9944, 18535, 6379, 8184, 9211, 10697, 11042, 17009, 18095, 18504, 18904, 23420, 23623, 23847, 33349, 36172, 36354, 37836, 41576, 18357, 31968, 3907], "label": "wall"}, {"objectId": 3, "id": 3, "partId": 3, "index": 21, "dominantNormal": [0.9012674689292908, -0.4332631528377533, -9.620374560043239e-17], "obb": {"axesLengths": [4.0885977825862305, 2.640039981006681, 0.6485453285379112], "centroid": [0.2603883111719001, 2.574577593049958, -0.090020087354856], "normalizedAxes": [0.4332631230354309, 0.9012674689292908, 2.001215790701873e-16, 0, -2.220446049250313e-16, 1, 0.9012674689292908, -0.4332631230354309, -9.620373898298749e-17]}, "segments": [40008, 40121, 31208, 9151, 9910, 13059, 13819, 14296, 14364, 14483, 15004, 15968, 16005, 16054, 16140, 16150, 16151, 16374, 16393, 16409, 16410, 17079, 17103, 17415, 17869, 17898, 18012, 18016, 18099, 18123, 18151, 18274, 18285, 18290, 18314, 19859, 19897, 19991, 20023, 20054, 20059, 20068, 20073, 23461, 23465, 23517, 23781, 24584, 26126, 26128, 27358, 27381, 27403, 27459, 27523, 28548, 28978, 28988, 29000, 29011, 29038, 29047, 29056, 29071, 29160, 29165, 29598, 29635, 31410, 31705, 33230, 35768, 35769, 35887, 36060, 38248, 38762, 39616, 39704, 39706, 39713, 39716, 39721, 40395, 40468, 40665, 23495, 16025, 36044, 11970, 40038, 3324, 3374, 10765, 17405, 18163, 23016, 28675, 28842, 30116, 31696, 31770, 13216, 11802, 11815, 31372, 16903, 26627], "label": "wall"}, {"objectId": 4, "id": 4, "partId": 4, "index": 22, "dominantNormal": [0.8966587781906128, -0.44272226095199585, -9.830408952460253e-17], "obb": {"axesLengths": [1.4578032481087164, 1.7199999305605895, 0.6390520929927741], "centroid": [1.2279894698720124, 3.5546032858470324, 0.28999989674098603], "normalizedAxes": [0.44272226095199585, 0.8966587781906128, 1.990982441558959e-16, 0, -2.220446049250313e-16, 1, 0.8966587781906128, -0.44272226095199585, -9.830408952460253e-17]}, "segments": [8765, 41703, 12119, 40435, 14205, 14681, 38476, 508, 35196, 236, 30053, 39449, 8656, 8660, 8668, 8685, 8888, 8931, 9188, 9229, 9256, 10336, 11861, 14016, 14070, 14134, 14725, 15579, 23553, 30008, 30576, 34400, 35148, 35164, 35231, 35248, 35431, 35509, 35512, 14454, 32241, 29837, 35508, 14631, 9577, 35327, 8941, 10456, 39608, 9574], "label": "curtain"}, {"objectId": 5, "id": 5, "partId": 5, "index": 23, "dominantNormal": [-0.43797922134399414, -0.8989850878715515, -1.996147886699332e-16], "obb": {"axesLengths": [0.6852227076109864, 1.7199999305605893, 0.25428364583375057], "centroid": [2.2682358710434003, 3.6894899813178768, 0.2899998967409856], "normalizedAxes": [0.8989850878715515, -0.43797922134399414, -9.725092316870002e-17, 0, -2.220446049250313e-16, 1, -0.43797922134399414, -0.8989850878715515, -1.996147886699332e-16]}, "segments": [25841, 25775, 6315, 7971, 20330, 37373, 4780, 4710, 7790, 7958, 7758, 6416, 6422, 7816, 7824, 7949, 7968, 8030, 26145, 34239, 42702, 42706, 4518, 34041, 3680], "label": "curtain"}, {"objectId": 6, "id": 6, "partId": 6, "index": 24, "dominantNormal": [-0.5412513613700867, -0.8408608436584473, -1.8670861382706844e-16], "obb": {"axesLengths": [0.7979873944864835, 1.8086319757558698, 0.2625259205985915], "centroid": [1.7533981623148263, 4.084581014443984, 0.3256839152705495], "normalizedAxes": [0.8408608436584473, -0.5412513613700867, -1.2018194470055625e-16, 0, -2.220446049250313e-16, 1, -0.5412513613700867, -0.8408608436584473, -1.8670861382706844e-16]}, "segments": [5137, 37796, 26542, 8185, 7033, 8277, 37616, 6928, 6993, 7012, 7021, 7978, 8226, 8402, 8413, 8641, 9409, 9515, 10419, 10453, 11293, 22575, 22577, 22589, 25399, 25404, 26407, 26423, 26471, 26586, 26596, 26614, 26690, 26691, 26800, 33374, 33377, 34121, 34127, 34398, 37420, 37590, 37591, 37594, 37597, 37602, 37830, 38063, 22561, 22490, 22588, 39524, 39519, 9433, 11287, 11332, 11366, 33367, 33372, 35009, 39509, 19351, 21127, 23598], "label": "window"}, {"objectId": 7, "id": 7, "partId": 7, "index": 25, "dominantNormal": [0, -2.220446049250313e-16, 1], "obb": {"axesLengths": [2.9120707083592303, 1.0544399383416778, 2.7885872123853512], "centroid": [1.1370796707197701, 1.5786197917947016, -0.8372200530583435], "normalizedAxes": [0.9915252327919006, 0.1299143135547638, 2.8846772427374166e-17, 0, -2.220446049250313e-16, 1, 0.1299143135547638, -0.9915252327919006, -2.2016282858847727e-16]}, "segments": [1047, 36741, 1021, 42135, 24587, 36760, 22077, 28888, 217, 32543, 19976, 31520, 42409, 42416, 1675, 37179, 22831, 7673, 22002, 21919, 7604, 34862, 39071, 27137, 11054, 11009, 10999, 10058, 11225, 11179, 9061, 649, 699, 837, 1158, 1703, 1717, 1731, 1751, 3456, 3500, 3552, 3591, 3659, 5618, 5692, 6701, 7096, 7107, 7146, 7287, 7395, 7438, 7695, 7703, 9041, 9056, 9297, 9767, 9782, 9792, 9800, 9831, 10014, 10161, 10640, 10655, 10987, 11153, 11567, 12212, 20175, 20187, 21649, 21667, 22140, 22155, 22403, 22683, 22779, 23264, 23276, 23385, 23932, 24322, 24366, 24376, 24399, 24402, 24427, 24429, 24481, 24485, 24505, 24554, 24563, 24816, 24818, 24823, 25801, 25821, 25838, 25839, 25991, 26034, 26403, 26422, 26949, 26960, 26970, 26973, 26974, 27138, 27549, 27601, 28075, 28078, 29367, 29476, 30914, 31151, 31257, 31265, 32297, 32307, 33355, 33357, 33360, 33485, 33488, 34138, 34141, 34146, 34161, 34176, 34609, 34673, 34758, 34773, 34780, 34813, 35108, 36835, 36952, 37154, 37434, 37444, 37903, 37911, 37916, 37919, 37961, 38355, 38367, 38369, 38389, 38400, 38501, 38698, 38739, 38827, 39090, 39190, 39233, 39626, 39819, 39820, 39834, 41861, 42183, 42616, 42630, 42646, 42671, 5676, 11260, 28182, 42180, 39878, 32804, 29595, 38656, 38648, 40572, 21822], "label": "bed"}, {"objectId": 8, "id": 8, "partId": 8, "index": 26, "dominantNormal": [0.34368428587913513, -0.9390852451324463, -2.0851881224636022e-16], "obb": {"axesLengths": [0.6645768614648615, 0.7648879118661299, 0.6560040201570655], "centroid": [-0.14993553169974105, 0.842704108857107, -1.0290360509014302], "normalizedAxes": [0.9390852451324463, 0.34368428587913513, 7.631324147697408e-17, 0, -2.220446049250313e-16, 1, 0.34368428587913513, -0.9390852451324463, -2.0851881224636022e-16]}, "segments": [27777, 12573, 27787, 13715, 26772, 25004, 27161, 28183, 28624, 38386, 38557, 38596, 38601, 38610, 39294, 38589, 26679, 25920], "label": "nightstand"}, {"objectId": 9, "id": 9, "partId": 9, "index": 27, "dominantNormal": [0, -2.220446049250313e-16, 1], "obb": {"axesLengths": [1.3189079172227136, 0.5902159678142674, 0.6268495509177728], "centroid": [1.0532373659704084, 3.3687304895066927, -1.0991120679069628], "normalizedAxes": [0.5201745629310608, 0.8540599942207336, 1.8963941399901732e-16, 0, -2.220446049250313e-16, 1, 0.8540599942207336, -0.5201745629310608, -1.1550195531807823e-16]}, "segments": [11446, 27325, 24906, 39390, 7317, 10857, 10870, 10880, 10890, 10903, 10912, 12533, 22846, 22986, 28366, 35023, 35027, 35032, 35098, 37443, 37446, 37476], "label": "commode"}, {"objectId": 10, "id": 10, "partId": 10, "index": 28, "dominantNormal": [0, -2.220446049250313e-16, 1], "obb": {"axesLengths": [1.8101614861794169, 0.22250100472939738, 1.21458343152467], "centroid": [1.404291461689433, 3.7441845440464645, -0.580757589093728], "normalizedAxes": [0.9669870138168335, 0.2548256516456604, 5.658266114442432e-17, 0, -2.220446049250313e-16, 1, 0.2548256516456604, -0.9669870138168335, -2.1471424945059458e-16]}, "segments": [38213, 581, 21769, 33406, 34995, 10690, 37629, 339, 364, 1405, 2689, 6078, 6614, 6906, 6935, 6937, 7487, 7944, 8007, 8476, 9449, 9683, 9927, 9949, 10707, 25447, 25471, 25506, 25532, 25533, 33379, 33411, 34364, 34368, 34387, 38035, 38130, 38241, 39335, 39339, 39420, 34329, 36859, 8064, 1460, 39359, 2655, 2684, 2986, 3317, 4628, 4642, 6132, 11877, 33673, 33675, 33818, 34021], "label": "windowsill"}, {"objectId": 11, "id": 11, "partId": 11, "index": 29, "dominantNormal": [-0.41711512207984924, -0.9088536500930786, -2.0180604966959028e-16], "obb": {"axesLengths": [1.3472132900449114, 0.9151299987331772, 0.4838048954947748], "centroid": [2.999623105830115, 3.2492777689579277, -0.9475650863833368], "normalizedAxes": [0.9088536500930786, -0.41711512207984924, -9.261816249047633e-17, 0, -2.220446049250313e-16, 1, -0.41711512207984924, -0.9088536500930786, -2.0180604966959028e-16]}, "segments": [18586, 19940, 19037, 16499, 29218, 11920, 2337, 12078, 13681, 13682, 15867, 19956, 28329, 30646, 33303, 34631, 35791, 35799, 36093, 36664, 38032, 42092, 42103, 19931, 2304, 20402, 19602, 19563, 19603, 42096], "label": "desk"}, {"objectId": 12, "id": 12, "partId": 12, "index": 30, "dominantNormal": [0.9061778783798218, -0.4228968024253845, -9.390195341860353e-17], "obb": {"axesLengths": [0.6645917494935595, 0.72382397821939, 0.5896458565832372], "centroid": [2.613391059676075, 2.9603843096810976, -0.7293780720312616], "normalizedAxes": [0.42289677262306213, 0.9061778783798218, 2.012119089966506e-16, 0, -2.220446049250313e-16, 1, 0.9061778783798218, -0.42289677262306213, -9.390194680115863e-17]}, "segments": [1523, 24630, 17564, 11478, 1314, 2262, 18873, 23891, 24659, 32236, 32257, 32853, 33080, 36337, 33112, 36125, 35513, 32422, 32441], "label": "chair"}, {"objectId": 13, "id": 13, "partId": 13, "index": 31, "dominantNormal": [0, -2.220446049250313e-16, 1], "obb": {"axesLengths": [1.1394963389050043, 0.49968396500459367, 0.7838887033533266], "centroid": [0.6128789920913612, 2.2492511669276256, -0.5598420663898016], "normalizedAxes": [0.23478229343891144, 0.9720479846000671, 2.1583801070869482e-16, 0, -2.220446049250313e-16, 1, 0.9720479846000671, -0.23478229343891144, -5.213214159003586e-17]}, "segments": [29248, 29267, 30737, 21995, 40515], "label": "pillow"}, {"objectId": 14, "id": 14, "partId": 14, "index": 32, "dominantNormal": [0, -2.220446049250313e-16, 1], "obb": {"axesLengths": [0.4698749145306718, 0.29116898124287305, 0.43329178875507623], "centroid": [1.079526276658076, 2.0869346602043635, -0.5565035805082303], "normalizedAxes": [0.4398338794708252, 0.8980791568756104, 1.9941363157985012e-16, 0, -2.220446049250313e-16, 1, 0.8980791568756104, -0.4398338794708252, -9.766273999974322e-17]}, "segments": [37312, 10321, 39740, 10202], "label": "pillow"}, {"objectId": 15, "id": 15, "partId": 15, "index": 33, "dominantNormal": [0, -2.220446049250313e-16, 1], "obb": {"axesLengths": [0.36564665661045154, 0.24000000417232492, 0.30355747098195207], "centroid": [0.83473325198983, 1.9805247064220728, -0.5700000685393087], "normalizedAxes": [0.8784220218658447, -0.47788572311401367, -1.0611194658816407e-16, 0, -2.220446049250313e-16, 1, -0.47788572311401367, -0.8784220218658447, -1.950488708026487e-16]}, "segments": [39755, 30666], "label": "pillow"}], "scan_id": "13124cc0-cec3-27a6-84bd-1f56cb6d11a8", "annId": "6392", "appId": "stk.v1"}