{"segGroups": [{"objectId": 8, "id": 8, "partId": 8, "index": 0, "dominantNormal": [-0.1748584657907486, -0.9845935702323914, -2.186236903139774e-16], "obb": {"axesLengths": [1.0007255743279406, 1.530949983054027, 0.6118220042135316], "centroid": [-0.17713123367390915, -1.903643681224971, -0.6954749983898182], "normalizedAxes": [0.9845935702323914, -0.1748584657907486, -3.8826378954303874e-17, 0, -2.220446049250313e-16, 1, -0.1748584657907486, -0.9845935702323914, -2.186236903139774e-16]}, "segments": [5248, 3855, 10698, 11367, 7244, 7737, 7284, 34306, 34214, 13222, 34256, 7804, 7304, 7322, 7358, 7371, 7376, 7393, 7395, 7663, 7710, 7743, 7768, 7774, 7967, 7994, 9864, 10888, 10920, 10922, 10943, 11491, 11521, 11525, 11558, 13231, 13424, 13482, 13551, 13565, 13567, 13570, 13588, 13595, 13613, 13617, 13626, 13632, 13640, 13662, 13663, 33408, 33755, 33914, 33918, 34025, 34028, 34095, 34102, 34115, 34119, 34121, 34368, 33902, 33267], "label": "wardrobe"}, {"objectId": 9, "id": 9, "partId": 9, "index": 1, "dominantNormal": [0.6662556529045105, -0.7457234263420105, -1.655838635854524e-16], "obb": {"axesLengths": [0.996719479423088, 1.5200000140070908, 0.2120023267856482], "centroid": [0.6157374784677899, -1.779035518400778, -0.6900000138663501], "normalizedAxes": [0.7457234263420105, 0.6662556529045105, 1.4793847322825082e-16, 0, -2.220446049250313e-16, 1, 0.6662556529045105, -0.7457234263420105, -1.655838635854524e-16]}, "segments": [34081, 7703, 12361, 8849, 10514, 35036, 12723, 8045, 8322, 8855, 9308, 13246, 13438, 13439, 16070, 9178, 16142, 13510, 13522], "label": "door"}, {"objectId": 10, "id": 10, "partId": 10, "index": 2, "dominantNormal": [0.713933527469635, 0.7002134919166565, 1.554786281758106e-16], "obb": {"axesLengths": [3.701420184866022, 2.3693399495778977, 0.3517425999698846], "centroid": [0.5715964231580323, 0.9211475187226794, -0.23467001354023886], "normalizedAxes": [-0.7002134919166565, 0.713933527469635, 1.585250880497291e-16, 0, -2.220446049250313e-16, 1, 0.713933527469635, 0.7002134919166565, 1.554786281758106e-16]}, "segments": [2938, 2656, 18112, 42298, 42232, 38006, 7586, 10365, 10374, 10437, 30499, 33728, 3633, 3500, 3510, 3518, 3523, 3542, 3581, 3590, 3602, 10320, 10325, 13814, 14361, 17474, 17544, 17566, 19174, 19267, 19276, 19327, 22438, 22705, 31794, 35916, 35931, 36329, 36571, 37957, 42683, 42685, 13790, 14099, 14391, 12285, 14970, 2862, 5108, 9960, 10214, 10248, 10280, 12205, 14131, 14166, 33225, 34009, 35905, 36990, 18487, 25049, 7936], "label": "wall"}, {"objectId": 11, "id": 11, "partId": 11, "index": 3, "dominantNormal": [-0.4985540509223938, -0.8668586015701294, -1.924812757115045e-16], "obb": {"axesLengths": [1.3024442084281298, 1.1242179619323167, 0.6387877473795943], "centroid": [1.4217104733157193, 0.2973024073315112, -0.012108986934893817], "normalizedAxes": [0.8668586015701294, -0.4985540509223938, -1.1070123727083687e-16, 0, -2.220446049250313e-16, 1, -0.4985540509223938, -0.8668586015701294, -1.924812757115045e-16]}, "segments": [16207, 29477, 42546, 12933, 15188, 8476, 3068, 3277, 3767, 3791, 3888, 3902, 3929, 3949, 4122, 4231, 4474, 4479, 4910, 4936, 4972, 5014, 5105, 6143, 6168, 8463, 8504, 8792, 16317, 16347, 29435, 29598, 29684, 29770, 30804, 30840, 30849, 30895, 30904, 30931, 30947, 31183, 31388, 31512, 31658, 31683, 31701, 32920, 33293, 39176, 41956, 41980, 41988, 41991, 42047, 42498, 42577, 42660, 42761, 29807, 31408, 4192, 9337, 9367, 12527, 12531, 29345, 29368, 29372, 29614, 29788, 31189, 31205, 31446, 31535, 42101, 31417, 28849, 31213, 42109, 31538, 31225, 31283, 29632, 42360, 42512, 28736, 33536, 8690, 31357, 31384, 28983, 28980, 42098, 28908, 28743, 38662, 28890, 28949], "label": "window"}, {"objectId": 12, "id": 12, "partId": 12, "index": 4, "dominantNormal": [-0.657343327999115, -0.7535912394523621, -1.673308690391644e-16], "obb": {"axesLengths": [1.2076135294567047, 1.2199999417364602, 0.6837287487805007], "centroid": [0.1880656262322434, 1.6304430543754898, 0.03999998516507386], "normalizedAxes": [0.7535912394523621, -0.657343327999115, -1.4595953956566876e-16, 0, -2.220446049250313e-16, 1, -0.657343327999115, -0.7535912394523621, -1.673308690391644e-16]}, "segments": [6496, 6944, 37435, 21953, 28095, 18619, 22516, 27840, 5991, 24751, 26275, 38412, 18885, 19720, 27938, 36254, 28550, 28061, 5932, 5939, 5995, 6000, 6042, 6347, 6389, 6438, 6510, 6520, 6547, 6565, 6601, 6604, 6606, 6637, 6640, 6910, 6918, 6967, 7016, 7021, 18601, 18651, 18816, 18843, 18872, 18879, 18972, 18981, 18992, 19710, 21853, 21885, 21898, 21903, 21926, 21941, 22200, 22308, 22310, 22315, 22330, 22339, 22340, 22377, 22400, 22710, 22841, 24468, 24494, 24513, 24523, 24525, 24540, 24544, 24548, 24549, 24556, 24562, 24585, 24588, 24613, 24616, 24626, 24632, 24640, 24707, 24734, 24770, 25281, 25291, 25310, 25346, 25784, 25792, 26278, 26280, 26282, 26335, 26342, 26459, 26557, 26640, 27622, 27648, 27657, 27727, 27736, 27753, 27768, 27773, 27802, 27823, 27834, 27849, 27876, 27930, 27991, 28001, 28154, 28196, 28558, 28603, 28621, 28832, 28838, 28840, 28856, 28886, 33041, 33300, 35811, 35880, 35883, 35886, 36367, 36370, 36376, 36434, 36438, 37339, 37358, 37362, 37365, 37369, 37982, 38399, 38455, 38516, 38528, 38540, 38545, 38556, 38579, 38622, 38632, 39299, 39349, 39379, 39382, 39385, 39387, 39397, 39400, 39437, 39442, 39499, 39504, 39506, 39508, 39515, 39519, 39526, 39611, 39616, 39728, 39732, 39793, 37497, 35890, 5579, 5586, 15231, 18828, 19675, 19779, 22155, 22313, 25209, 25766, 28524, 28577, 28584, 28598, 28615, 28635, 28665, 32971, 38587, 38648, 38654, 39622, 14984, 15066, 22831, 25754, 35879, 38273], "label": "window"}, {"objectId": 13, "id": 13, "partId": 13, "index": 5, "dominantNormal": [0, -2.220446049250313e-16, 1], "obb": {"axesLengths": [2.743027701955341, 0.47500898372361805, 0.9074480644237339], "centroid": [-0.06808643202102327, 0.9637191346699989, -0.6524954795362325], "normalizedAxes": [0.7583351731300354, -0.6518648266792297, -1.4474306790451358e-16, 0, -2.220446049250313e-16, 1, -0.6518648266792297, -0.7583351731300354, -1.6838423391841393e-16]}, "segments": [4108, 38330, 40097, 19134, 5153, 5175, 5469, 5494, 5498, 5522, 5535, 5538, 5541, 5544, 5560, 5564, 5884, 6784, 20392, 20398, 20407, 20425, 20427, 20437, 20456, 20919, 21690, 23666, 24903, 26144, 26180, 28223, 28225, 28248, 33251, 33255, 33258, 36077, 36081, 36083, 37775, 21685, 37753, 28348, 29103, 25564, 40140], "label": "table"}, {"objectId": 14, "id": 14, "partId": 14, "index": 6, "dominantNormal": [0.6005632877349854, -0.7995772361755371, -1.775418115136456e-16], "obb": {"axesLengths": [1.0493351911163786, 2.231749961560592, 0.5833707777156841], "centroid": [-2.3106563477504514, 0.35919642196530466, 0.02587496616888796], "normalizedAxes": [0.7995772361755371, 0.6005632877349854, 1.3335183795759272e-16, 0, -2.220446049250313e-16, 1, 0.6005632877349854, -0.7995772361755371, -1.775418115136456e-16]}, "segments": [20252, 16336, 383, 33, 32469, 12526, 32207, 3, 32201, 40610, 35834, 20574, 41043, 15, 113, 118, 212, 233, 423, 435, 441, 445, 465, 598, 604, 627, 635, 677, 737, 760, 862, 902, 906, 911, 972, 1052, 1179, 1488, 1507, 2954, 2966, 3556, 3575, 3739, 4429, 4546, 4586, 4608, 4784, 5067, 6217, 6483, 9318, 9321, 9348, 10552, 11814, 14574, 14607, 14630, 15405, 15489, 15503, 15527, 15533, 15547, 15548, 15568, 15691, 15837, 15851, 15890, 15896, 15912, 15927, 15934, 15988, 16001, 16055, 16316, 17032, 17038, 18599, 18832, 19050, 19582, 19602, 20438, 20587, 20621, 21047, 21066, 21078, 21080, 21097, 21419, 21656, 21676, 21748, 26771, 29252, 32075, 32120, 32128, 32184, 32244, 32311, 32327, 32393, 32400, 32423, 32430, 32436, 32476, 32582, 32584, 32656, 32660, 32673, 32712, 32721, 32832, 32861, 32865, 34741, 34820, 35250, 35253, 35676, 36255, 36266, 36271, 39651, 40549, 41017, 41034, 41039, 41071, 41074, 41080, 41823, 41932, 924, 32718, 2030], "label": "shelf"}, {"objectId": 15, "id": 15, "partId": 15, "index": 7, "dominantNormal": [0.7129044532775879, -0.7012612223625183, -1.557112710687299e-16], "obb": {"axesLengths": [1.3122212105824953, 0.739999992996454, 0.2649335425563508], "centroid": [-1.6354589651909777, 1.148502338465182, -0.9999999832444645], "normalizedAxes": [0.7012612223625183, 0.7129043936729431, 1.5829657444242764e-16, 0, -2.220446049250313e-16, 1, 0.7129043936729431, -0.7012612223625183, -1.557112710687299e-16]}, "segments": [19478, 23285, 20925, 20892, 22255], "label": "radiator"}, {"objectId": 16, "id": 16, "partId": 16, "index": 8, "dominantNormal": [0.8197774887084961, -0.5726821422576904, -1.2716098002522945e-16], "obb": {"axesLengths": [1.524088942174486, 0.9873999732568861, 0.7159197480322366], "centroid": [1.1629055225005893, -0.7390155698017553, -0.9236999897659574], "normalizedAxes": [0.5726821422576904, 0.8197774887084961, 1.8202716860671233e-16, 0, -2.220446049250313e-16, 1, 0.8197774887084961, -0.5726821422576904, -1.2716098002522945e-16]}, "segments": [17458, 35404, 17621, 20268, 16914, 42697, 16124, 20297, 35210, 29440, 36856, 19811, 14958, 30640, 17631, 30703, 35509, 16654, 16586, 35239, 14365, 34533, 14370, 16576, 35109, 35588, 36863, 35363, 20113, 17069, 25615, 8884, 30681, 30631, 17535, 17499, 16595, 35112, 35143, 30689], "label": "desk"}, {"objectId": 17, "id": 17, "partId": 17, "index": 9, "dominantNormal": [0.5891934037208557, 0.8079920411109924, 1.7941027355105997e-16], "obb": {"axesLengths": [0.4939727729912812, 0.9071199691194298, 0.5049912270383137], "centroid": [1.1620731809037306, -0.03896601560302956, -0.9835599496992691], "normalizedAxes": [0.5891934037208557, 0.8079920411109924, 1.7941027355105997e-16, 0, -2.220446049250313e-16, 1, 0.8079920411109924, -0.5891934037208557, -1.3082721655363188e-16]}, "segments": [27156, 24069, 41198, 10684, 31891, 10812, 27181, 35162, 42081, 24223, 10473, 10385, 31801, 29653, 10327, 16768], "label": "box"}, {"objectId": 18, "id": 18, "partId": 18, "index": 10, "dominantNormal": [0.7599601745605469, 0.6499696373939514, 1.443222513484058e-16], "obb": {"axesLengths": [2.000099963017398, 0.7969159305785009, 0.41104584770524155], "centroid": [0.1467599081390028, 0.7299922703193916, -1.0468119502862854], "normalizedAxes": [-0.6499696373939514, 0.7599601745605469, 1.6874505671905446e-16, 0, -2.220446049250313e-16, 1, 0.7599601745605469, 0.6499696373939514, 1.443222513484058e-16]}, "segments": [41735, 28312, 29333, 39967, 41704, 28987, 20572, 29307, 5957, 27352, 31742, 23526, 12412, 38220, 40129, 39996, 20509, 20544, 27536, 29391, 5821, 39168, 26846, 29403, 5942, 5876, 12493], "label": "curtain"}, {"objectId": 1, "id": 1, "partId": 1, "index": 11, "dominantNormal": [0, -2.220446049250313e-16, 1], "obb": {"axesLengths": [4.1275536231865075, 0.32036995171673704, 2.8986124753346436], "centroid": [-0.2692227609555974, 0.0014787478675036929, -1.3701849925559384], "normalizedAxes": [-0.5580254197120667, 0.8298238515853882, 1.8425790928264533e-16, 0, -2.220446049250313e-16, 1, 0.8298238515853882, 0.5580254197120667, 1.2390653385809062e-16]}, "segments": [24617, 22856, 12997, 9487, 13769, 5661, 33273, 1354, 7046, 9924, 10417, 11050, 13707, 15600, 15610, 15625, 15634, 15675, 16598, 16752, 16801, 16890, 16915, 17272, 17325, 17340, 17367, 17375, 18304, 18376, 19259, 19306, 21265, 21453, 21500, 22284, 24214, 24862, 26074, 27068, 27096, 27185, 27269, 27280, 30580, 33741, 33781, 33784, 33796, 34564, 34765, 35158, 35275, 35276, 35285, 35372, 36206, 39147, 39160, 39788, 39789, 25035, 21491], "label": "floor"}, {"objectId": 2, "id": 2, "partId": 2, "index": 12, "dominantNormal": [0, -2.220446049250313e-16, 1], "obb": {"axesLengths": [2.4109678262292715, 0.784251970404715, 1.2352907935932513], "centroid": [-1.3230554543746134, -0.41303440827227483, -0.8563739819972821], "normalizedAxes": [-0.6512512564659119, 0.7588621973991394, 1.6850125681403303e-16, 0, -2.220446049250313e-16, 1, 0.7588621973991394, 0.6512512564659119, 1.4460682794890364e-16]}, "segments": [20830, 24028, 2274, 1997, 2943, 6035, 36510, 8179, 5787, 4287, 3980, 1655, 1712, 2013, 2045, 4020, 4084, 12882, 20231, 20850, 21407, 21838, 23734, 32933, 33123, 36067, 38174, 25413, 30187, 30184, 1199], "label": "sofa"}, {"objectId": 3, "id": 3, "partId": 3, "index": 13, "dominantNormal": [0.7093714475631714, 0.7048348188400269, 1.5650476888673978e-16], "obb": {"axesLengths": [3.251813243338352, 2.4599998639523997, 0.18427745641223336], "centroid": [-1.679519374181419, -0.9696552269800816, -0.19999998920492912], "normalizedAxes": [-0.7048348188400269, 0.7093714475631714, 1.5751210281926195e-16, 0, -2.220446049250313e-16, 1, 0.7093714475631714, 0.7048348188400269, 1.5650476888673978e-16]}, "segments": [12289, 15586, 10852, 1615, 2459, 28739, 36819, 23115, 39220, 3909, 1673, 1722, 1745, 1764, 1765, 1776, 1781, 1788, 2078, 2083, 2494, 2500, 2530, 2659, 2990, 3010, 4413, 6353, 6380, 6386, 6396, 6476, 9957, 9973, 9985, 10007, 10018, 10031, 10061, 10069, 10103, 10105, 10122, 10151, 10176, 10203, 10218, 11092, 11103, 11140, 11181, 11210, 11221, 11223, 11232, 11284, 11297, 11325, 13339, 13341, 13343, 13359, 13361, 13372, 13390, 13897, 13913, 13921, 13929, 13937, 13956, 13978, 14000, 14068, 14071, 19937, 24144, 24174, 25432, 25444, 27418, 27429, 27508, 32875, 33299, 33672, 33706, 33802, 33806, 33819, 33821, 33822, 34425, 34431, 34434, 34438, 34472, 34474, 34478, 36833, 38727, 38774, 38887, 3440, 15355, 3761, 3879], "label": "wall"}, {"objectId": 4, "id": 4, "partId": 4, "index": 14, "dominantNormal": [0.6960092186927795, -0.7180328965187073, -1.5943533083067225e-16], "obb": {"axesLengths": [2.9583097385949966, 2.6219599853017916, 0.4532878997955525], "centroid": [-1.7420967603407012, 1.1572308112132068, -0.10097998714573819], "normalizedAxes": [0.7180328965187073, 0.6960092186927795, 1.5454509198881795e-16, 0, -2.220446049250313e-16, 1, 0.6960092186927795, -0.7180328965187073, -1.5943533083067225e-16]}, "segments": [14400, 23303, 2785, 30644, 18165, 40673, 2822, 16197, 19293, 19294, 19325, 19392, 22256, 26286, 33473, 40665, 8080, 33246, 29862, 40267, 26550, 10486, 10498, 13711, 12692, 12732, 33698, 9485, 4624, 17174, 29837, 37277, 24343, 37282, 22064, 24307, 24273], "label": "wall"}, {"objectId": 5, "id": 5, "partId": 5, "index": 15, "dominantNormal": [0.6928389668464661, -0.7210923433303833, -1.6011466448926e-16], "obb": {"axesLengths": [1.079721900906492, 1.1599999406933792, 0.30549284492586337], "centroid": [-1.8267800132116094, 1.302943589061999, 0.0699999856866147], "normalizedAxes": [0.7210923433303833, 0.6928389668464661, 1.5384115467009042e-16, 0, -2.220446049250313e-16, 1, 0.6928389668464661, -0.7210923433303833, -1.6011466448926e-16]}, "segments": [34917, 30698, 11144, 36907, 15922, 23462, 37087, 23953, 20723, 2348, 2420, 2428, 2543, 2558, 2565, 2576, 2701, 2702, 2713, 2744, 2750, 2766, 2770, 4953, 4964, 5721, 9600, 10927, 11084, 11117, 15827, 15906, 15948, 15977, 16609, 16627, 16730, 17089, 17094, 17701, 17758, 17824, 17825, 17836, 17871, 17885, 17910, 17979, 18012, 18042, 18208, 18614, 18789, 18799, 19082, 20601, 20605, 20616, 20623, 20653, 20665, 23441, 23519, 23928, 23948, 23989, 24019, 33433, 33570, 34400, 34624, 34724, 34736, 34762, 34813, 34816, 34819, 34835, 34952, 35899, 35902, 35991, 36121, 36175, 36918, 36927, 37093, 16078, 30147, 2317, 2329, 11317, 15606, 23364, 23388, 23410, 32937, 32939, 32941, 34419, 34423, 36881, 36885, 11439], "label": "window"}, {"objectId": 6, "id": 6, "partId": 6, "index": 16, "dominantNormal": [0, -2.220446049250313e-16, 1], "obb": {"axesLengths": [3.0364614169501563, 0.6105400187401461, 1.2014524004709661], "centroid": [-1.4283391706314887, 0.8412215949775511, 0.9152700044444186], "normalizedAxes": [0.7071337103843689, 0.7070798277854919, 1.5700326101108873e-16, 0, -2.220446049250313e-16, 1, 0.7070798277854919, -0.7071337103843689, -1.570152253514687e-16]}, "segments": [29611, 29567, 29479, 7076, 7080, 7590, 7699, 7721, 7848, 7889, 7916, 11078, 11098, 11965, 11987, 12593, 12598, 14308, 14547, 14553, 14554, 16695, 16703, 16713, 16726, 18027, 18061, 18218, 18260, 25369, 25436, 30036, 33200, 33203, 33985, 35681, 35721, 41142, 29723, 30045, 10597, 9736, 7017, 7360, 9032, 9545, 9563, 9763, 9771, 9790, 9797, 9823, 9837, 9838, 10263, 10274, 11088, 11951, 12585, 13070, 13330, 13409, 15002, 15049, 18214, 25453, 29065, 31076, 31155, 31984, 33529, 33578, 33594, 33613, 33645, 33976, 33980, 34031, 34040, 35701, 36654, 42064, 42067, 42070, 42089, 42092, 12859, 33388, 7426, 8737, 9137, 9350, 11888, 15288, 33182], "label": "ceiling"}, {"objectId": 7, "id": 7, "partId": 7, "index": 17, "dominantNormal": [0.7120277881622314, -0.7021512389183044, -1.5590889444323618e-16], "obb": {"axesLengths": [1.3690395634863164, 1.83999990284443, 0.2669939588473075], "centroid": [1.3436590311040124, -0.8613062991979672, -0.5099999697589142], "normalizedAxes": [0.7021512985229492, 0.7120277881622314, 1.5810192891812657e-16, 0, -2.220446049250313e-16, 1, 0.7120277881622314, -0.7021512985229492, -1.5590890767812598e-16]}, "segments": [35452, 12164, 14089, 12121, 14184, 14234, 14239, 14244, 14247, 14250, 14267, 14284, 14286, 16491, 16519, 17645, 17673, 22692, 34489, 36074, 3711, 11727, 11717, 14989, 15074, 19089], "label": "wall"}, {"objectId": 19, "id": 19, "initialPoint": [-0.8957017533392786, 0.914849532888837, -0.8698357840827174], "index": 18, "dominantNormal": [0.8036498427391052, -0.5951024293899536, -1.321392838238186e-16], "obb": {"axesLengths": [0.717814337017721, 0.9758519312176418, 0.5892447280163668], "centroid": [-0.6802591425927048, 1.0821313995585256, -0.9220739750928291], "normalizedAxes": [0.5951024293899536, 0.8036498427391052, 1.7844611182906816e-16, 0, -2.220446049250313e-16, 1, 0.8036498427391052, -0.5951024293899536, -1.321392838238186e-16]}, "segments": [38233, 22923, 33031, 33033, 33034, 33037, 36810, 3403, 3371, 23001, 23003, 23013, 38256, 33025, 32986, 3129, 3150, 3166, 3175, 3193, 3198, 3248, 4376, 4381, 4593, 23579, 32970, 33126, 33142, 36777, 36932, 36935, 36956, 36962, 36965, 3071, 4564, 4569, 4676, 4708, 4716, 22989, 26155, 33049, 3145, 4058, 25868, 25898, 25904, 25919, 38275, 25925, 25959, 25918, 25927, 25957, 38278, 38292, 26879, 4729, 18313, 25981, 25991, 25996, 26900, 26912, 26918, 26942, 26950, 26982, 27006, 27057, 27246, 27325, 28750, 39092, 39111, 39154, 39156, 4542, 4698, 4759, 21547, 27140, 38365], "partId": 19, "label": "chair"}, {"objectId": 21, "id": 21, "initialPoint": [-0.7167672118910472, 1.8799542452502973, -0.42561455811074933], "index": 19, "dominantNormal": [-0.061631932854652405, -0.9980989694595337, -2.2162249134972305e-16], "obb": {"axesLengths": [0.3932688573878201, 0.36484999139197155, 0.341805034816863], "centroid": [-0.6785164333850183, 1.9205188848776953, -0.39709200382109033], "normalizedAxes": [0.9980989694595337, -0.061631929129362106, -1.3685037354296738e-17, 0, -2.220446049250313e-16, 1, -0.061631929129362106, -0.9980989694595337, -2.2162249134972305e-16]}, "segments": [21142, 19337, 21100, 37016, 23780, 22647, 36420, 22678, 19374, 21089], "partId": 21, "label": "item"}, {"objectId": 22, "id": 22, "initialPoint": [-0.8662867483135519, 1.3098943929800964, -0.3817172221256888], "index": 20, "dominantNormal": [0.5944387316703796, -0.8041409254074097, -1.7855515408613735e-16], "obb": {"axesLengths": [0.15695334358525556, 0.2703829943303093, 0.09580349289186917], "centroid": [-0.8460364498239126, 1.3629299091403462, -0.4523825004247022], "normalizedAxes": [0.8041409254074097, 0.5944387316703796, 1.3199191332588614e-16, 0, -2.220446049250313e-16, 1, 0.5944387316703796, -0.8041409254074097, -1.7855515408613735e-16]}, "segments": [36050, 36043, 20120, 20124], "partId": 22, "label": "box"}, {"objectId": 23, "id": 23, "initialPoint": [-0.5665569895383732, 1.746089910408193, -0.5212479236514416], "index": 21, "dominantNormal": [0.966794490814209, -0.25555506348609924, -5.67446231083622e-17], "obb": {"axesLengths": [0.0848168151481316, 0.16052400707027306, 0.07734354431188875], "centroid": [-0.5509548942868472, 1.7663873483455517, -0.49750500365044936], "normalizedAxes": [0.25555506348609924, 0.966794490814209, 2.1467150075653784e-16, 0, -2.220446049250313e-16, 1, 0.966794490814209, -0.25555506348609924, -5.67446231083622e-17]}, "segments": [22685, 22665], "partId": 23, "label": "candle"}, {"objectId": 24, "id": 24, "initialPoint": [-0.35191773069697296, 1.2964169675910022, -0.5303346502338202], "index": 22, "dominantNormal": [0, -2.220446049250313e-16, 1], "obb": {"axesLengths": [0.36087169625149434, 0.14158999603413047, 0.203911057587483], "centroid": [-0.26244867593753274, 1.3709502436251453, -0.5207949816340589], "normalizedAxes": [0.9846735596656799, -0.17440742254257202, -3.8726227234458404e-17, 0, -2.220446049250313e-16, 1, -0.17440742254257202, -0.9846735596656799, -2.1864145153609014e-16]}, "segments": [6764, 33341, 33361, 6789], "partId": 24, "label": "box"}, {"objectId": 25, "id": 25, "initialPoint": [-0.26789280412057637, 1.3077021037675907, -0.23361710001489278], "index": 23, "dominantNormal": [0.9987183809280396, -0.05061277747154236, -1.1238294177827148e-17], "obb": {"axesLengths": [0.11984621091693708, 0.28880199144478147, 0.08060351674911805], "centroid": [-0.27131229484915975, 1.3510799937460385, -0.3333659898565122], "normalizedAxes": [0.05061277747154236, 0.9987183809280396, 2.2176002832453346e-16, 0, -2.220446049250313e-16, 1, 0.9987183809280396, -0.05061277747154236, -1.1238294177827148e-17]}, "segments": [33328, 6653, 21623, 6664], "partId": 25, "label": "item"}, {"objectId": 26, "id": 26, "initialPoint": [-0.6086626031666669, 1.4068269090516838, -0.44101490637890883], "index": 24, "dominantNormal": [0.9821439385414124, -0.18813088536262512, -4.177344811454045e-17], "obb": {"axesLengths": [0.08632159738185267, 0.1764409800669331, 0.07604249594399297], "centroid": [-0.6112630487952898, 1.450127455674328, -0.50321147770789], "normalizedAxes": [0.18813090026378632, 0.9821439385414124, 2.1807976281294214e-16, 0, -2.220446049250313e-16, 1, 0.9821439385414124, -0.18813090026378632, -4.17734514232629e-17]}, "segments": [36232, 21679], "partId": 26, "label": "candle"}, {"objectId": 27, "id": 27, "initialPoint": [0.046417982660216434, 0.9205685656546354, -0.46636886627567], "index": 25, "dominantNormal": [0, -2.220446049250313e-16, 1], "obb": {"axesLengths": [0.46076954741458337, 0.1799449880433457, 0.4149355858038772], "centroid": [0.11314108685594015, 1.0458117257447381, -0.4976904933008446], "normalizedAxes": [-0.6077849864959717, 0.7941016554832458, 1.7632598836209065e-16, 0, -2.220446049250313e-16, 1, 0.7941016554832458, 0.6077849864959717, 1.3495537720586352e-16]}, "segments": [5126, 5132, 24910, 37841, 37556, 19868, 5166, 19886, 19827, 19882, 24880], "partId": 27, "label": "box"}, {"objectId": 28, "id": 28, "initialPoint": [0.5782541391408957, 0.6233252145333515, -0.39694990146531306], "index": 26, "dominantNormal": [0.712726891040802, 0.7014416456222534, 1.5575133308015708e-16], "obb": {"axesLengths": [0.7292888933793898, 0.2619549871544169, 0.21824916193603688], "centroid": [0.5533983053827383, 0.7372922417949284, -0.46097750491036127], "normalizedAxes": [-0.7014416456222534, 0.712726891040802, 1.5825716094060072e-16, 0, -2.220446049250313e-16, 1, 0.712726891040802, 0.7014416456222534, 1.5575133308015708e-16]}, "segments": [8475, 23182, 8434, 37889, 23211, 37780], "partId": 28, "label": "books"}, {"objectId": 29, "id": 29, "initialPoint": [1.2554896612748527, 0.30989357905062737, -0.5080419814906347], "index": 27, "dominantNormal": [0, -2.220446049250313e-16, 1], "obb": {"axesLengths": [1.0036431515062518, 0.1405099896972628, 0.24663450902323908], "centroid": [1.3079498636971938, 0.27999738160163734, -0.46878300119013394], "normalizedAxes": [0.7169872522354126, -0.6970862746238708, -1.5478424644751928e-16, 0, -2.220446049250313e-16, 1, -0.6970862746238708, -0.7169872522354126, -1.5920315115889596e-16]}, "segments": [7522, 33542, 29978, 29987], "partId": 29, "label": "windowsill"}, {"objectId": 30, "id": 30, "initialPoint": [-0.06719496590091317, 1.6198556255026457, -0.5028515625628771], "index": 28, "dominantNormal": [0, -2.220446049250313e-16, 1], "obb": {"axesLengths": [1.1338513097204987, 0.12000000208616246, 0.33981389775321125], "centroid": [0.02005702041708568, 1.556314138710596, -0.5099999846600747], "normalizedAxes": [0.8126202821731567, -0.5827935338020325, -1.2940615996593518e-16, 0, -2.220446049250313e-16, 1, -0.5827935338020325, -0.8126202821731567, -1.8043794950920605e-16]}, "segments": [6770, 23084], "partId": 30, "label": "windowsill"}, {"objectId": 31, "id": 31, "initialPoint": [1.1048648258343763, 0.42542730745198754, -0.3883362462510853], "index": 29, "dominantNormal": [0, -2.220446049250313e-16, 1], "obb": {"axesLengths": [0.44464876776371626, 0.1800000031292437, 0.370521049672238], "centroid": [1.256153405207978, 0.4639687868589135, -0.400000002615974], "normalizedAxes": [0.579513669013977, 0.8149625062942505, 1.809580277388202e-16, 0, -2.220446049250313e-16, 1, 0.8149625062942505, -0.579513669013977, -1.286778836848639e-16]}, "segments": [7511, 6209, 8762, 8775, 9063, 33530, 33522, 33502, 8808], "partId": 31, "label": "bowl"}, {"objectId": 36, "id": 36, "initialPoint": [0.6254747329936344, -0.9843232255687884, -0.8830918259594353], "index": 32, "dominantNormal": [0.9138239026069641, -0.40611061453819275, -9.017467096099468e-17], "obb": {"axesLengths": [0.6600199052460747, 0.8647499487232424, 0.45083734709734335], "centroid": [0.7969631671732618, -1.06936914679009, -1.0223749405442564], "normalizedAxes": [0.40611064434051514, 0.9138239026069641, 2.0290966742541363e-16, 0, -2.220446049250313e-16, 1, 0.9138239026069641, -0.40611064434051514, -9.017467757843959e-17]}, "segments": [14825, 11737, 8921, 12273, 12277, 11735, 8984, 11801, 33964, 9900, 11805, 14748, 34631, 34634, 14784, 15646, 10797, 33655, 9884, 33774, 33789, 11045, 15120, 17242, 14938], "partId": 36, "label": "barrel"}, {"objectId": 37, "id": 37, "initialPoint": [1.5371826887015696, -0.5937110358013283, -0.73890288850282], "index": 33, "dominantNormal": [0.6551052927970886, -0.7555375695228577, -1.677630411307213e-16], "obb": {"axesLengths": [0.6352020644485791, 0.4505919713394646, 0.2412723668184603], "centroid": [1.5494311308634534, -0.5853156182304999, -0.7847039878144717], "normalizedAxes": [0.7555375695228577, 0.6551052927970886, 1.454625959234265e-16, 0, -2.220446049250313e-16, 1, 0.6551052927970886, -0.7555375695228577, -1.677630411307213e-16]}, "segments": [17784, 17773, 17695, 35652, 16608, 35132, 41856, 41867, 10368, 35124, 16638, 35119, 10389, 35621], "partId": 37, "label": "sink"}, {"objectId": 38, "id": 38, "initialPoint": [-1.6457302812554544, 1.4697691808918973, -0.4820801815036093], "index": 34, "dominantNormal": [0, -2.220446049250313e-16, 1], "obb": {"axesLengths": [1.0080767545784595, 0.12000000208616246, 0.2365166496602395], "centroid": [-1.8149845692629234, 1.306168487194204, -0.44999998361699367], "normalizedAxes": [0.7232785224914551, 0.6905564665794373, 1.5333433780005673e-16, 0, -2.220446049250313e-16, 1, 0.6905564665794373, -0.7232785224914551, -1.6060009377737551e-16]}, "segments": [20793, 18229], "partId": 38, "label": "windowsill"}, {"objectId": 39, "id": 39, "initialPoint": [-1.8706800411308273, 1.1845319554205307, -0.3759240447417549], "index": 35, "dominantNormal": [-0.07273676991462708, -0.9973511695861816, -2.214564464222816e-16], "obb": {"axesLengths": [0.2068129331715228, 0.2799999800324443, 0.1921499110650087], "centroid": [-1.9285759533981723, 1.2133106818889834, -0.3699999946438528], "normalizedAxes": [0.9973511695861816, -0.07273677736520767, -1.6150808993577497e-17, 0, -2.220446049250313e-16, 1, -0.07273677736520767, -0.9973511695861816, -2.214564464222816e-16]}, "segments": [18777, 34873, 35987], "partId": 39, "label": "plant"}, {"objectId": 40, "id": 40, "initialPoint": [-1.9602557624619439, 0.7291668235590051, -1.0110958802236087], "index": 36, "dominantNormal": [0.21072998642921448, -0.9775443077087402, -2.1705843960190046e-16], "obb": {"axesLengths": [0.7071824747488994, 0.5489969726876099, 0.254573971745538], "centroid": [-1.957169955308447, 0.6931565801804823, -1.0955014933988865], "normalizedAxes": [0.9775443077087402, 0.21072998642921448, 4.679145658253214e-17, 0, -2.220446049250313e-16, 1, 0.21072998642921448, -0.9775443077087402, -2.1705843960190046e-16]}, "segments": [29024, 22342, 792], "partId": 40, "label": "roll"}, {"objectId": 41, "id": 41, "initialPoint": [-1.922683094270352, 0.559442801115343, -0.9155733747517867], "index": 37, "dominantNormal": [0.6122181415557861, -0.7906889319419861, -1.7556821151165327e-16], "obb": {"axesLengths": [0.3927630699072017, 0.643846974286877, 0.2611802418449984], "centroid": [-1.9860967861929861, 0.5736682706372601, -0.9680764514720491], "normalizedAxes": [0.7906889319419861, 0.6122180819511414, 1.3593972213480162e-16, 0, -2.220446049250313e-16, 1, 0.6122180819511414, -0.7906889319419861, -1.7556821151165327e-16]}, "segments": [1213, 32617, 1089], "partId": 41, "label": "roll"}, {"objectId": 42, "id": 42, "initialPoint": [-1.7998923429077487, 0.820769392728649, -1.1628428614299617], "index": 38, "dominantNormal": [0.15610767900943756, -0.9877400398254395, -2.193223469116744e-16], "obb": {"axesLengths": [0.3409104916808453, 0.22000002369284566, 0.10559223220777783], "centroid": [-1.8502279933764743, 0.8328980639460978, -1.1599999462895854], "normalizedAxes": [0.9877400398254395, 0.15610767900943756, 3.4662867911414166e-17, 0, -2.220446049250313e-16, 1, 0.15610767900943756, -0.9877400398254395, -2.193223469116744e-16]}, "segments": [32033], "partId": 42, "label": "roll"}, {"objectId": 43, "id": 43, "initialPoint": [-1.6396511503822429, 0.7924413343326656, -1.302329868979369], "index": 39, "dominantNormal": [0.9501780271530151, 0.3117077350616455, 6.921302088383941e-17], "obb": {"axesLengths": [0.5493009626423542, 0.353759996136427, 0.3051896819369791], "centroid": [-1.7607997281939531, 0.8020697217332605, -1.2537100090830027], "normalizedAxes": [-0.3117077350616455, 0.9501780271530151, 2.1098190464763692e-16, 0, -2.220446049250313e-16, 1, 0.9501780271530151, 0.3117077350616455, 6.921302088383941e-17]}, "segments": [30311, 30359, 1308], "partId": 43, "label": "box"}], "scan_id": "ad408cb3-84db-2095-8930-d8244e349008", "annId": "1739", "appId": "stk.v1"}