{"segGroups": [{"objectId": 17, "id": 17, "partId": 17, "index": 0, "dominantNormal": [0.9956414103507996, -0.09326417744159698, -2.070880743367742e-17], "obb": {"axesLengths": [1.004918279891594, 0.619999981597066, 0.08355516496669596], "centroid": [-0.4328559199443387, -0.05027454639230633, -0.3200000480934977], "normalizedAxes": [0.09326417744159698, 0.9956414103507996, 2.2107680360834427e-16, 0, -2.220446049250313e-16, 1, 0.9956414103507996, -0.09326417744159698, -2.070880743367742e-17]}, "segments": [8940, 8719, 7123, 18342], "label": "window"}, {"objectId": 18, "id": 18, "partId": 18, "index": 1, "dominantNormal": [0.9933730363845825, -0.11493505537509918, -2.5520708962800494e-17], "obb": {"axesLengths": [1.011670950618943, 0.9276922659346696, 0.07302580065199768], "centroid": [-0.42398740438548543, -0.07023657433781383, 0.4261537750925011], "normalizedAxes": [0.11493504792451859, 0.9933730363845825, 2.2057312340719338e-16, 0, -2.220446049250313e-16, 1, 0.9933730363845825, -0.11493504792451859, -2.552070730843927e-17]}, "segments": [15485, 20882], "label": "blinds"}, {"objectId": 21, "id": 21, "partId": 21, "index": 4, "dominantNormal": [0.5565804243087769, -0.8307937383651733, -1.8447326740948474e-16], "obb": {"axesLengths": [1.3230877111458328, 2.679999947249889, 0.75725711391646], "centroid": [0.701622224134484, 0.9343144718916156, -0.3900000645220272], "normalizedAxes": [0.8307937383651733, 0.5565804243087769, 1.2358568042464865e-16, 0, -2.220446049250313e-16, 1, 0.5565804243087769, -0.8307937383651733, -1.8447326740948474e-16]}, "segments": [13071, 26702, 11167, 12126, 30257, 14572, 14582, 14596, 15431, 19615, 19628, 20084, 20115, 20998, 24014, 24041, 25976, 27539, 29964, 30127, 30732, 15364, 9184, 10511, 13665, 14393, 14432, 14553, 14943, 14946, 15040, 15046, 18540, 18545, 18590, 18651, 18681, 18700, 18704, 18929, 20230, 27284, 27285, 27418, 27447, 27464, 27467, 28105, 28142, 29253, 29270, 29271, 29274, 29279, 29341, 29342, 29362, 29379, 29382, 29385, 31010, 9807, 220, 86, 4356, 4381, 5521, 5582, 7086, 7366, 7370, 8067, 9792, 11097, 13020, 14515, 14536, 14563, 14919, 15155, 15161, 15402, 15406, 15774, 15783, 15846, 16108, 16464, 18506, 18620, 18853, 18913, 18940, 18955, 19094, 19201, 19470, 19687, 19822, 20259, 20531, 24163, 24166, 24181, 24196, 24860, 24862, 24864, 25634, 27402, 28133, 29468, 29486, 29961, 29978, 30063, 30280, 19629, 29225], "label": "shower wall"}, {"objectId": 23, "id": 23, "partId": 23, "index": 5, "dominantNormal": [0.9800010323524475, -0.19899247586727142, -4.418520568700211e-17], "obb": {"axesLengths": [0.5436679006192132, 0.5895499455284336, 0.23101720921711288], "centroid": [-0.39089433673857354, -0.25938290286491217, -1.0847750343060119], "normalizedAxes": [0.19899247586727142, 0.9800010323524475, 2.1760394205482203e-16, 0, -2.220446049250313e-16, 1, 0.9800010323524475, -0.19899247586727142, -4.418520568700211e-17]}, "segments": [22405, 19807, 2947, 2955, 22420], "label": "towel"}, {"objectId": 24, "id": 24, "partId": 24, "index": 6, "dominantNormal": [0.9859524369239807, 0.16702644526958466, 3.708732105191729e-17], "obb": {"axesLengths": [0.42892291852762254, 0.5399999497830876, 0.20770217336377736], "centroid": [-0.3596278090642273, 0.08588602440537041, -1.0399999963492161], "normalizedAxes": [-0.16702644526958466, 0.9859524369239807, 2.1892541933165715e-16, 0, -2.220446049250313e-16, 1, 0.9859524369239807, 0.16702644526958466, 3.708732105191729e-17]}, "segments": [9325, 20543, 9353, 9355, 20711, 20688, 32277, 30391], "label": "towel"}, {"objectId": 25, "id": 25, "partId": 25, "index": 7, "dominantNormal": [0.9649852514266968, -0.2623042166233063, -5.824323615029187e-17], "obb": {"axesLengths": [0.2532173072924142, 0.7064900240341565, 0.18755877276066366], "centroid": [1.2363191717139335, -1.1435410435916755, -1.243245035560913], "normalizedAxes": [0.2623042166233063, 0.9649852514266968, 2.142697689115229e-16, 0, -2.220446049250313e-16, 1, 0.9649852514266968, -0.2623042166233063, -5.824323615029187e-17]}, "segments": [27218, 3303, 5500, 24492, 24509, 24516, 24520, 24856], "label": "towel"}, {"objectId": 26, "id": 26, "partId": 26, "index": 8, "dominantNormal": [0.038738835602998734, -0.9992493987083435, -2.2187793795776922e-16], "obb": {"axesLengths": [2.5695324812038423, 1.9796699439062926, 0.4184174002382317], "centroid": [0.7041458212327039, -1.1014622080969834, -0.6798350342399999], "normalizedAxes": [0.9992493987083435, 0.038738835602998734, 8.60174944672359e-18, 0, -2.220446049250313e-16, 1, 0.038738835602998734, -0.9992493987083435, -2.2187793795776922e-16]}, "segments": [9111, 23624, 23633, 15138, 21034, 18715, 29015, 3560, 521, 2619, 2128, 799, 21066, 1751, 31936, 17938, 16087, 23212], "label": "wall"}, {"objectId": 27, "id": 27, "partId": 27, "index": 9, "dominantNormal": [0, -2.220446049250313e-16, 1], "obb": {"axesLengths": [2.247347412395633, 0.469949950204418, 1.1142775369406674], "centroid": [0.6981416464351068, 0.39879272884310946, 0.864974898510241], "normalizedAxes": [0.589164674282074, 0.8080130219459534, 1.7941493223226987e-16, 0, -2.220446049250313e-16, 1, 0.8080130219459534, -0.589164674282074, -1.3082083733674787e-16]}, "segments": [11027, 10242, 1750, 1639, 9162, 9189, 31556, 17563, 17603, 17649, 600, 1464, 2239, 9144, 10432, 11334, 12958, 12962, 12980, 14528, 15199, 27478, 31931, 31534, 3208, 457, 22905, 22617, 2191, 164, 165, 412, 432, 446, 6136, 22283, 22293, 22296, 22576, 23877, 23886, 30891, 5965, 6247, 17536], "label": "ceiling"}, {"objectId": 28, "id": 28, "partId": 28, "index": 10, "dominantNormal": [0.9783029556274414, 0.20717935264110565, 4.6003057505818046e-17], "obb": {"axesLengths": [0.18875427176327714, 0.32665991053000276, 0.11325277649561183], "centroid": [-0.2597693163807022, 0.9261308149769012, -1.5039500239353625], "normalizedAxes": [-0.20717935264110565, 0.9783029556274414, 2.1722689327928566e-16, 0, -2.220446049250313e-16, 1, 0.9783029556274414, 0.20717935264110565, 4.6003057505818046e-17]}, "segments": [30411, 23509, 30154, 30166, 22644, 22702, 30146, 30149], "label": "toilet brush"}, {"objectId": 1, "id": 1, "partId": 1, "index": 11, "dominantNormal": [0.9999564290046692, -0.009332570247352123, -2.072246873508404e-18], "obb": {"axesLengths": [0.5178708258466397, 0.49208008143126775, 0.3873188188439361], "centroid": [0.04338351755331371, 0.9688217317193222, -1.4324600357757504], "normalizedAxes": [0.009332571178674698, 0.9999564290046692, 2.220349302205869e-16, 0, -2.220446049250313e-16, 1, 0.9999564290046692, -0.009332571178674698, -2.072247080303557e-18]}, "segments": [17828, 17725, 16962, 29423, 17761, 18431, 16575, 17698, 18446, 18900, 18454, 23632], "label": "toilet"}, {"objectId": 3, "id": 3, "partId": 3, "index": 12, "dominantNormal": [0, -2.220446049250313e-16, 1], "obb": {"axesLengths": [3.7856048006922505, 0.3595700183606884, 2.206376801316624], "centroid": [1.195421724349889, -0.29017898110199425, -1.549785041068829], "normalizedAxes": [0.9365971088409424, -0.3504081070423126, -7.780622969073839e-17, 0, -2.220446049250313e-16, 1, -0.3504081070423126, -0.9365971088409424, -2.079663350065136e-16]}, "segments": [21289, 22251, 2206, 2469, 3302, 3524, 3527, 24140, 16591, 1055, 1393, 2118, 2181, 2839, 2841, 6666, 18855, 18948, 20561, 16985, 16990, 23561, 7784, 31202, 1114, 1101, 2157, 6106, 7544, 8778, 16954, 18033, 1585, 1957, 20669, 1340, 6555], "label": "floor"}, {"objectId": 4, "id": 4, "partId": 4, "index": 13, "dominantNormal": [-0.1287873089313507, -0.9916722178459167, -2.2019546582672617e-16], "obb": {"axesLengths": [1.6789579629202305, 0.9141380582569968, 0.5667830334014429], "centroid": [0.40808880516320756, -0.9207476316527495, -1.1268910495141664], "normalizedAxes": [0.9916722178459167, -0.1287873089313507, -2.8596527131019724e-17, 0, -2.220446049250313e-16, 1, -0.1287873089313507, -0.9916722178459167, -2.2019546582672617e-16]}, "segments": [11250, 22001, 22012, 24640, 24647, 30763, 30767, 6662, 24839, 473, 484, 2551, 2564, 4086, 22003, 23811, 24360, 24670, 27213, 2507, 5434, 1862, 2535, 5410, 24317, 21968, 9057, 20889, 23286, 22812], "label": "bath cabinet"}, {"objectId": 5, "id": 5, "partId": 5, "index": 14, "dominantNormal": [0.8214163780212402, -0.570328950881958, -1.2663846657589195e-16], "obb": {"axesLengths": [0.6071284125119547, 0.4200000073015686, 0.3870446452612631], "centroid": [-0.11866812074081934, -0.9088272663162212, -0.7600000610202543], "normalizedAxes": [0.570328950881958, 0.8214163780212402, 1.8239107513667646e-16, 0, -2.220446049250313e-16, 1, 0.8214163780212402, -0.570328950881958, -1.2663846657589195e-16]}, "segments": [30884, 24067, 24664, 24666, 3919, 3873, 3940, 24639, 21869, 31684, 3861, 23814, 31672, 30715, 23819, 23683, 23739, 23804, 23824, 23834, 23835], "label": "sink"}, {"objectId": 6, "id": 6, "partId": 6, "index": 15, "dominantNormal": [0, -2.220446049250313e-16, 1], "obb": {"axesLengths": [0.5054315833310767, 0.1901569919998125, 0.4555081360927311], "centroid": [0.9063522065040561, -0.9610858286075147, -0.7649005163855743], "normalizedAxes": [-0.03845425695180893, 0.9992603659629822, 2.2188037317749258e-16, 0, -2.220446049250313e-16, 1, 0.9992603659629822, 0.03845425695180893, 8.538560292550052e-18]}, "segments": [27241, 13493, 25093, 6574, 13481, 25089, 25091, 8179, 8114, 8174, 13501, 13503, 6637, 25080], "label": "sink"}, {"objectId": 7, "id": 7, "partId": 7, "index": 16, "dominantNormal": [0.9963682889938354, -0.08514828234910965, -1.890671671425307e-17], "obb": {"axesLengths": [2.5170682265074973, 2.6427800064657614, 1.6717841867691607], "centroid": [0.28706444196088077, -0.039365716431480124, -0.3513900540458408], "normalizedAxes": [0.08514828234910965, 0.9963682889938354, 2.2123820308946561e-16, 0, -2.220446049250313e-16, 1, 0.9963682889938354, -0.08514828234910965, -1.890671671425307e-17]}, "segments": [8148, 5382, 32262, 10941, 17928, 10646, 22148, 9242, 13300, 2961, 17437, 18987, 10062, 28210, 28215, 13271, 21814, 23087, 5224, 7474, 10073, 11588, 26330, 26336], "label": "wall"}, {"objectId": 8, "id": 8, "partId": 8, "index": 17, "dominantNormal": [-0.23989982903003693, -0.9707976579666138, -2.1556038242534243e-16], "obb": {"axesLengths": [0.8826418634758069, 1.3599999541044239, 0.2545217974282341], "centroid": [1.4822769301282253, 0.13874726486877753, 0.20999993100762393], "normalizedAxes": [0.9707976579666138, -0.23989982903003693, -5.3268462758557106e-17, 0, -2.220446049250313e-16, 1, -0.23989982903003693, -0.9707976579666138, -2.1556038242534243e-16]}, "segments": [11782, 11804, 11805, 11821, 11832, 12395, 12664, 26413, 26657, 11896, 2459], "label": "bath cabinet"}, {"objectId": 9, "id": 9, "partId": 9, "index": 18, "dominantNormal": [-0.2161441296339035, -0.9763614535331726, -2.1679579321380263e-16], "obb": {"axesLengths": [0.9613408455789524, 1.4777209726485385, 0.3044340786973844], "centroid": [1.5412658378899704, 0.16460575111809872, -0.8922895422066112], "normalizedAxes": [0.9763614535331726, -0.2161441296339035, -4.7993637871424855e-17, 0, -2.220446049250313e-16, 1, -0.2161441296339035, -0.9763614535331726, -2.1679579321380263e-16]}, "segments": [1651, 2980, 26682, 26495, 1676, 1687, 1675, 1512], "label": "bath cabinet"}, {"objectId": 10, "id": 10, "partId": 10, "index": 19, "dominantNormal": [-0.045453671365976334, -0.9989664554595947, -2.218151119358846e-16], "obb": {"axesLengths": [0.8524291064238049, 0.19999998360872295, 0.07489528816938743], "centroid": [1.5140719318964346, 0.20159201922351389, -0.35000004395842543], "normalizedAxes": [0.9989664554595947, -0.045453671365976334, -1.0092742500850423e-17, 0, -2.220446049250313e-16, 1, -0.045453671365976334, -0.9989664554595947, -2.218151119358846e-16]}, "segments": [26590, 2656, 3773], "label": "wall"}, {"objectId": 11, "id": 11, "partId": 11, "index": 20, "dominantNormal": [-0.0910649225115776, -0.9958449602127075, -2.2112200075701416e-16], "obb": {"axesLengths": [0.7248513111379907, 2.1938899861151717, 0.3023612972999462], "centroid": [0.7631543137001702, 0.3120765148395601, -0.5469450511721146], "normalizedAxes": [0.9958449602127075, -0.09106491506099701, -2.0220473087250614e-17, 0, -2.220446049250313e-16, 1, -0.09106491506099701, -0.9958449602127075, -2.2112200075701416e-16]}, "segments": [4531, 31740, 19898, 24723, 30538, 30545, 30555, 30654, 30674, 31855, 4452, 13759, 13676, 471, 9501, 12489, 13752, 24141, 26086, 30543, 9497, 25, 26, 610, 4426, 10359, 10409, 10515, 10520, 10735, 10758, 21699, 24726, 26259, 26271, 26280, 26293, 26600, 30656, 8527, 8445, 9628, 24135, 9626, 30635, 30614, 22665, 23002, 12000, 2670, 22689, 19921, 22981, 31468, 23939, 22084, 30776, 20358, 31707, 1261, 2659, 3013, 3033, 11980, 12497, 13513, 18093, 19549, 19561, 19570, 19573, 21142, 21448, 21453, 22069, 22129, 22153, 22514, 22520, 22528, 22531, 22547, 26422, 26423, 30712, 30812, 30814, 30837, 30875, 31120, 31128, 31412, 31844, 31852, 21486, 522, 611, 2662, 21368, 29125, 30709, 21652, 21581, 11963, 8333, 11872, 527], "label": "shower curtain"}, {"objectId": 13, "id": 13, "partId": 13, "index": 21, "dominantNormal": [0, -2.220446049250313e-16, 1], "obb": {"axesLengths": [0.028143153513794116, 0.011384404941251758, 0.01421338244958206], "centroid": [1.3750004847046209, 1.1150497205822538, -0.0843078568359954], "normalizedAxes": [0.7106698751449585, -0.7035256624221802, -1.5621407776715394e-16, 0, -2.220446049250313e-16, 1, -0.7035256624221802, -0.7106698751449585, -1.5780041165868364e-16]}, "segments": [14636], "label": "wall"}, {"objectId": 14, "id": 14, "partId": 14, "index": 22, "dominantNormal": [0, -2.220446049250313e-16, 1], "obb": {"axesLengths": [1.1123351795537515, 0.15999996304512126, 0.6032709561480072], "centroid": [0.6725348932599762, 0.8612888094439486, -1.6500000566244115], "normalizedAxes": [0.677798867225647, 0.7352473735809326, 1.6325771258894508e-16, 0, -2.220446049250313e-16, 1, 0.7352473735809326, -0.677798867225647, -1.5050158169175253e-16]}, "segments": [20493, 22559], "label": "shower floor"}, {"objectId": 15, "id": 15, "partId": 15, "index": 23, "dominantNormal": [-0.06015068292617798, -0.9981893301010132, -2.2164255544266113e-16], "obb": {"axesLengths": [0.8220584196932182, 1.2599999623000624, 0.252181209530093], "centroid": [0.05944228095907511, 1.0994636401835156, -0.04000007830560137], "normalizedAxes": [0.9981893301010132, -0.06015067920088768, -1.3356133799133403e-17, 0, -2.220446049250313e-16, 1, -0.06015067920088768, -0.9981893301010132, -2.2164255544266113e-16]}, "segments": [23380, 23376, 32610, 32405, 17866, 23434, 32470, 14330, 32505, 14263, 16084, 16413, 17776, 28096, 28100, 28527, 32503, 16174, 23485, 27398, 27760, 32497, 17309, 32225, 28452, 7143, 11045, 11064, 11065, 11092, 14174, 14188, 14230, 16152, 16385, 16411, 17166, 17167, 17231, 17241, 17247, 17249, 17321, 17803, 17816, 28217, 28322, 28347, 28350, 28419, 28557, 28708, 32240, 10833, 28220, 28277, 10850, 28696, 23546, 17259, 10701], "label": "shelf"}, {"objectId": 16, "id": 16, "partId": 16, "index": 24, "dominantNormal": [-0.08229739964008331, -0.9966078400611877, -2.2129139411157522e-16], "obb": {"axesLengths": [0.790371080038587, 2.6050739302097115, 0.13968794246853056], "centroid": [0.06173353694046302, 1.1900779278462408, -0.3474630319149121], "normalizedAxes": [0.9966078400611877, -0.08229739218950272, -1.8273691935078488e-17, 0, -2.220446049250313e-16, 1, -0.08229739218950272, -0.9966078400611877, -2.2129139411157522e-16]}, "segments": [10803, 10808, 10859, 26284, 28232, 28235, 10794, 14657, 14522, 21296], "label": "wall"}, {"objectId": 29, "id": 29, "partId": 29, "index": 25, "dominantNormal": [-0.44723445177078247, -0.8944167494773865, -1.9860041377603698e-16], "obb": {"axesLengths": [0.3064181223287974, 0.34108600748138096, 0.19580984889275035], "centroid": [-0.18724895238154793, 1.1580855444674056, -0.3805430502323135], "normalizedAxes": [0.8944167494773865, -0.44723445177078247, -9.930599715230636e-17, 0, -2.220446049250313e-16, 1, -0.44723445177078247, -0.8944167494773865, -1.9860041377603698e-16]}, "segments": [23354, 32451, 23337, 23461], "label": "books"}, {"objectId": 30, "id": 30, "partId": 30, "index": 26, "dominantNormal": [0.4124138057231903, -0.9109966158866882, -2.022818836626002e-16], "obb": {"axesLengths": [0.2296109004294512, 0.24802699130713202, 0.1743850355056906], "centroid": [0.2600788909616757, 1.089395667775942, -0.4540135591325123], "normalizedAxes": [0.9109966158866882, 0.4124138355255127, 9.157426717487931e-17, 0, -2.220446049250313e-16, 1, 0.4124138355255127, -0.9109966158866882, -2.022818836626002e-16]}, "segments": [16124, 16079, 27765], "label": "plant"}, {"objectId": 32, "id": 32, "partId": 32, "index": 27, "dominantNormal": [-0.129717618227005, -0.9915509819984436, -2.2016854606087124e-16], "obb": {"axesLengths": [0.40227214788322097, 0.5400000093877314, 0.1148129095097453], "centroid": [-0.010215546939197573, 1.194857281167458, 0.5799999424070124], "normalizedAxes": [0.9915509819984436, -0.129717618227005, -2.8803097291031366e-17, 0, -2.220446049250313e-16, 1, -0.129717618227005, -0.9915509819984436, -2.2016854606087124e-16]}, "segments": [8109], "label": "clock"}, {"objectId": 34, "id": 34, "partId": 34, "index": 28, "dominantNormal": [0, -2.220446049250313e-16, 1], "obb": {"axesLengths": [0.22183137726379362, 0.11207750189131116, 0.16718055603242313], "centroid": [0.14972677861966366, 1.078921305338698, -0.09396130940404701], "normalizedAxes": [-0.30224084854125977, 0.9532315731048584, 2.1165992805213438e-16, 0, -2.220446049250313e-16, 1, 0.9532315731048584, 0.30224084854125977, 6.711094980655025e-17]}, "segments": [14167, 14197, 14264], "label": "object"}, {"objectId": 100, "id": 100, "partId": 100, "index": 29, "dominantNormal": [-0.49136725068092346, -0.8709524869918823, -1.9339030088258598e-16], "obb": {"axesLengths": [0.35525329900506053, 0.19999998360872295, 0.1802905030073242], "centroid": [0.22865537100767797, 1.0547029843620848, 0.3699999387562274], "normalizedAxes": [0.8709524869918823, -0.49136725068092346, -1.0910544705054447e-16, 0, -2.220446049250313e-16, 1, -0.49136725068092346, -0.8709524869918823, -1.9339030088258598e-16]}, "segments": [7355, 7792], "label": "object"}, {"objectId": 36, "id": 36, "partId": 36, "index": 30, "dominantNormal": [0, -2.220446049250313e-16, 1], "obb": {"axesLengths": [0.16790229252854708, 0.0599999935925008, 0.11339256689589916], "centroid": [-0.06214052442467932, 1.1453837540460152, -0.10000005327165118], "normalizedAxes": [-0.5843732953071594, 0.8114849925041199, 1.801858645631693e-16, 0, -2.220446049250313e-16, 1, 0.8114849925041199, 0.5843732953071594, 1.2975693748521687e-16]}, "segments": [17693], "label": "object"}, {"objectId": 33, "id": 33, "initialPoint": [2.8704404227643137, -0.4929957851896132, -1.53958922801935], "index": 31, "dominantNormal": [0.9953199028968811, -0.09663465619087219, -2.1457204055968447e-17], "obb": {"axesLengths": [1.3651153123913258, 0.3199999260902417, 0.10233024458066708], "centroid": [2.865580492897193, -0.6496292006155477, -1.490000033974647], "normalizedAxes": [0.09663465619087219, 0.9953199028968811, 2.210054146127585e-16, 0, -2.220446049250313e-16, 1, 0.9953199028968811, -0.09663465619087219, -2.1457204055968447e-17]}, "segments": [15526, 29927, 22038], "partId": 33, "label": "wall"}], "scan_id": "8eabc451-5af7-2f32-87b5-026aa18e3190", "annId": "3664", "appId": "stk.v1"}