{"segGroups": [{"objectId": 1, "id": 1, "partId": 1, "index": 0, "dominantNormal": [0, -2.220446049250313e-16, 1], "obb": {"axesLengths": [4.938814460684394, 0.30111991686105943, 3.6293381577374464], "centroid": [-1.2878320099361038, 0.7336640540617194, -1.3794399606638377], "normalizedAxes": [-0.039124079048633575, 0.9992343783378601, 2.218746027655394e-16, 0, -2.220446049250313e-16, 1, 0.9992343783378601, 0.039124079048633575, 8.687290675409537e-18]}, "segments": [15803, 16088, 59832, 60137, 48182, 29030, 43549, 44437, 43813, 17297, 52178, 18353, 2864, 16286, 16520, 16757, 17135, 17441, 18608, 18644, 20120, 20135, 20166, 20172, 20208, 20212, 20216, 20223, 20241, 20253, 21338, 21931, 21944, 21946, 21949, 21961, 21981, 21995, 22002, 22060, 22273, 22511, 22545, 23785, 23799, 23995, 24001, 24107, 24111, 24138, 24148, 24152, 24154, 24217, 24248, 24253, 24415, 24904, 25156, 25181, 25216, 25433, 25452, 25596, 26071, 26705, 27502, 28916, 28983, 29007, 29040, 31241, 31756, 31905, 31911, 31946, 31993, 32018, 32019, 32239, 32269, 32292, 33926, 34029, 34045, 37639, 39209, 39294, 39306, 39413, 39910, 39912, 39917, 39923, 39936, 39954, 40711, 40786, 41214, 41250, 41283, 41344, 41368, 41381, 41429, 42081, 42086, 42129, 42137, 42160, 42611, 42864, 42991, 43002, 43025, 43038, 43076, 43078, 43081, 43085, 43103, 43111, 43112, 43247, 43251, 43266, 43354, 43377, 43429, 43571, 43620, 43827, 43844, 43867, 43902, 44672, 44787, 45463, 45471, 46049, 46359, 46375, 46386, 46409, 46468, 46495, 46537, 46598, 46614, 46752, 46858, 48689, 48765, 49345, 49347, 49355, 49366, 50035, 50949, 51027, 51066, 51125, 51155, 51160, 51166, 51170, 51172, 51182, 51183, 51212, 51308, 51316, 54734, 58666, 59035, 63914, 63917, 63925, 63941, 63955, 64062, 64066, 64158, 64159, 64165, 64167, 64190, 64288, 64880, 64883, 65076, 65090, 66687, 66756, 66831, 66834, 66839, 67320, 67354, 67366, 67368, 67403, 67415, 67423, 67541, 67544, 67574, 67580, 67610, 67640, 67653, 68046, 68049, 68050, 68818, 68820, 68822, 68824, 68826, 68828, 68831, 68833, 68838, 68841, 69996, 70004, 70006, 70032, 70100, 70101, 70123, 70126, 70130, 70132, 70135, 70143, 70186, 70189, 70195, 70204, 70223, 70229, 70231, 71483, 72122, 73479, 73483, 73485, 27539, 19060, 42156, 16958, 33229, 33237, 60041, 44640, 36010, 41347, 41362, 41386, 51360, 59940, 66764, 70010, 70013, 70016, 70112, 70185, 70227, 70237, 54551, 61000, 32040, 31842, 31892, 64890, 64854, 34048], "label": "floor"}, {"objectId": 2, "id": 2, "partId": 2, "index": 1, "dominantNormal": [0.9998923540115356, 0.01467054057866335, 3.2575143868259436e-18], "obb": {"axesLengths": [4.487236964546584, 3.3042899823719996, 0.20314684383308526], "centroid": [-3.035733210033089, 0.4188691372438811, 0.25976504124459066], "normalizedAxes": [-0.01467054057866335, 0.9998923540115356, 2.2202070271405098e-16, 0, -2.220446049250313e-16, 1, 0.9998923540115356, 0.01467054057866335, 3.2575143868259436e-18]}, "segments": [4783, 11475, 37925, 37269, 36763, 8247, 10127, 11312, 10839, 8049, 7778, 7948, 9101, 4312, 7879, 65373, 14318, 14943, 71250, 14504, 14372, 53630, 14666, 53628, 71199, 53004, 17995, 52365, 50365, 53742, 53750, 56028, 48518, 40082, 39823, 32696, 31536, 31173, 72418, 51842, 29628, 39257, 36313, 29108, 55020, 48614, 35641, 26789, 42059, 15724, 67229, 6140, 8125, 65303, 18322, 36733, 34885, 65894, 64315, 25986, 67285], "label": "wall"}, {"objectId": 3, "id": 3, "partId": 3, "index": 2, "dominantNormal": [0.9991669654846191, 0.04080844298005104, 9.0612945991111e-18], "obb": {"axesLengths": [2.1619716231571653, 1.5199999469518666, 0.06799720486318903], "centroid": [-3.0568585512800874, 0.6708730528182001, 0.2500000125093038], "normalizedAxes": [-0.04080844670534134, 0.9991669654846191, 2.2185963410517465e-16, 0, -2.220446049250313e-16, 1, 0.9991669654846191, 0.04080844670534134, 9.061295426291713e-18]}, "segments": [14635, 25938, 31711, 32725, 37332, 65573, 65977, 47393, 53454, 31521, 31531, 32697, 65950, 65980, 71188], "label": "whiteboard"}, {"objectId": 4, "id": 4, "partId": 4, "index": 3, "dominantNormal": [0.062222179025411606, -0.9980623126029968, -2.2161435189249553e-16], "obb": {"axesLengths": [2.8491672480047803, 2.9828700352563686, 0.18646634920915695], "centroid": [-1.6294783343184278, -1.6155073394617112, 0.07320501066263985], "normalizedAxes": [0.9980623126029968, 0.062222182750701904, 1.3816099986452702e-17, 0, -2.220446049250313e-16, 1, 0.062222182750701904, -0.9980623126029968, -2.2161435189249553e-16]}, "segments": [33887, 35965, 52808, 11691, 9078, 13226, 17488, 18213, 19295, 19349, 19400, 19420, 19443, 26318, 26344, 40202, 42350, 43334, 63097, 9014, 9082, 70499, 13011, 13381, 31568], "label": "jalousie"}, {"objectId": 5, "id": 5, "partId": 5, "index": 4, "dominantNormal": [0.056003883481025696, -0.9984305500984192, -2.2169611704168517e-16], "obb": {"axesLengths": [2.826872057721611, 0.35940992028840046, 0.10342221708175876], "centroid": [-1.6110407617608544, -1.7520808449723777, 1.7497049956012907], "normalizedAxes": [0.9984305500984192, 0.056003887206315994, 1.243536100899245e-17, 0, -2.220446049250313e-16, 1, 0.056003887206315994, -0.9984305500984192, -2.2169611704168517e-16]}, "segments": [24014, 36998, 13504, 12968, 13084, 29189, 29747], "label": "wall"}, {"objectId": 6, "id": 6, "partId": 6, "index": 5, "dominantNormal": [0.6640505194664001, -0.7476876974105835, -1.6602001937883937e-16], "obb": {"axesLengths": [2.088037653845933, 2.8867798398409805, 1.1474311041487666], "centroid": [-0.3918752765193404, -2.0637035559113044, 0.013390022432805848], "normalizedAxes": [0.7476876974105835, 0.6640505194664001, 1.4744883524517863e-16, 0, -2.220446049250313e-16, 1, 0.6640505194664001, -0.7476876974105835, -1.6602001937883937e-16]}, "segments": [36384, 33476, 74187, 27340, 55729, 37728, 54926, 55285, 55352, 10330, 15283, 15352, 23063, 74179, 74167, 74141, 43988, 74299, 53983, 70791, 53428, 31710, 31980, 34455, 34219, 34777, 35295, 73505, 73508, 29467, 34519, 27148, 27184, 27218, 27233, 27236, 27248, 27253, 27262, 27289, 29386, 29390, 29452, 29469, 29482, 29542, 30740, 30803, 31136, 32194, 35028, 35071, 35160, 35165, 35193, 35380, 40356, 40385, 40407, 40428, 40432, 41575, 41598, 41614, 45321, 45337, 45348, 51795, 51984, 52004, 52006, 53969, 54121, 54125, 54128, 54343, 54377, 54378, 54383, 54391, 54782, 55033, 55037, 55047, 55091, 55101, 55123, 55128, 55137, 55151, 55156, 55159, 55169, 55214, 55228, 55342, 55802, 55804, 55815, 56921, 56928, 56935, 56937, 56940, 56950, 56970, 56999, 60258, 60894, 61114, 61125, 61139, 61162, 61327, 61351, 61400, 64355, 64361, 64374, 64377, 64639, 64984, 65023, 67758, 67760, 67763, 70371, 70390, 71351, 71408, 71419, 71431, 71434, 71446, 71453, 72589, 72594, 72597, 72600, 72626, 72628, 74050, 74058, 74060], "label": "window"}, {"objectId": 7, "id": 7, "partId": 7, "index": 6, "dominantNormal": [0.9993125200271606, 0.03707367926836014, 8.23201046626035e-18], "obb": {"axesLengths": [4.941052527055498, 3.3428999630458645, 0.2188514244121604], "centroid": [0.5086311854168646, 0.7821751245895487, 0.23892999971047324], "normalizedAxes": [-0.03707367926836014, 0.9993125200271606, 2.2189195370606832e-16, 0, -2.220446049250313e-16, 1, 0.9993125200271606, 0.03707367926836014, 8.23201046626035e-18]}, "segments": [10639, 5403, 10203, 10218, 10332, 10384, 18652, 22489, 23559, 24408, 24737, 31611, 32195, 32198, 32205, 32272, 32276, 37423, 44203, 56261, 56285, 56308, 56395, 56486, 57023, 59302, 59305, 59487, 59705, 59924, 60562, 60655, 62473, 64874, 66201, 72584, 73466, 73468, 73471, 73472, 73475, 73476, 73547, 73730, 73868, 74039, 10193, 1478, 6767, 9865, 10687, 57343, 59908], "label": "wall"}, {"objectId": 8, "id": 8, "partId": 8, "index": 7, "dominantNormal": [0.02076779492199421, -0.9997843503952026, -2.2199672109373184e-16], "obb": {"axesLengths": [3.6558947775179997, 2.9283599198976162, 0.4313703340699537], "centroid": [-1.365528085502122, 3.0220837627573394, 0.06402005431734192], "normalizedAxes": [0.9997843503952026, 0.02076779492199421, 4.6113768186182756e-18, 0, -2.220446049250313e-16, 1, 0.02076779492199421, -0.9997843503952026, -2.2199672109373184e-16]}, "segments": [9302, 3608, 3677, 27637, 742, 3133, 24365, 41864, 41943, 41838, 18723, 15719, 12110, 27079, 18875, 69616, 12697, 51554, 51528, 18704, 69642, 19722, 40530, 40567, 33676, 33712, 19612, 19669, 19720, 19725, 28745, 31115, 33683, 33695, 33702, 33707, 33758, 33769, 40525, 40955, 40976, 46656, 46694, 46714, 46717, 46727, 46748, 46755, 46758, 46761, 46765, 47159, 47166, 63901, 64751, 66592, 66594, 66596, 66642, 68174, 68226, 19767, 22209, 33669, 69439, 33382, 41093, 33418], "label": "wall"}, {"objectId": 9, "id": 9, "partId": 9, "index": 8, "dominantNormal": [-0.17548727989196777, -0.984481692314148, -2.1859884842582121e-16], "obb": {"axesLengths": [0.46570933797115843, 2.1779199351835254, 0.1825090058570076], "centroid": [0.22621616694954438, 2.9886766088954406, 0.4389600240594915], "normalizedAxes": [0.984481692314148, -0.17548727989196777, -3.8966003732980375e-17, 0, -2.220446049250313e-16, 1, -0.17548727989196777, -0.984481692314148, -2.1859884842582121e-16]}, "segments": [25243, 23974, 20671, 39887, 23005, 21937, 23618, 20740, 27208, 23576], "label": "curtain"}, {"objectId": 10, "id": 10, "partId": 10, "index": 9, "dominantNormal": [0.04604966193437576, -0.9989391565322876, -2.218090503563558e-16], "obb": {"axesLengths": [1.5742558898921089, 0.6012800201487533, 0.21992643997336445], "centroid": [-0.3729347029816027, 3.1120536976652584, -1.1106399762564123], "normalizedAxes": [0.9989391565322876, 0.04604966193437576, 1.022507899114972e-17, 0, -2.220446049250313e-16, 1, 0.04604966193437576, -0.9989391565322876, -2.218090503563558e-16]}, "segments": [49323, 47202, 19865, 47192, 68489, 40654, 40668, 19809, 19812, 19813, 19803, 31676, 33836, 66755, 35461], "label": "heater"}, {"objectId": 12, "id": 12, "partId": 12, "index": 10, "dominantNormal": [0.030373267829418182, -0.9995386004447937, -2.2194215364308294e-16], "obb": {"axesLengths": [3.714454383907212, 2.727699934072047, 0.7087865232404598], "centroid": [-1.3370768729729101, 3.259852527799903, -0.05002997384175445], "normalizedAxes": [0.9995386004447937, 0.030373267829418182, 6.7442202554653235e-18, 0, -2.220446049250313e-16, 1, 0.030373267829418182, -0.9995386004447937, -2.2194215364308294e-16]}, "segments": [69019, 19246, 22126, 22111, 679, 1246, 2305, 3117, 3234, 3239, 3249, 3265, 3284, 3797, 22790, 22852, 33362, 33794, 33806, 35368, 40651, 40675, 62901, 62904, 62922, 62923, 65698, 68211, 68868, 31087, 2604, 62484, 1323, 6071, 12881, 3076, 9592, 63108, 69058, 27729, 10978, 69503, 65762, 34454, 14185, 17919, 64491, 37490, 64327, 64472, 63270, 12128, 12793, 51715, 29785, 30290, 235, 245, 249, 279, 280, 627, 632, 638, 1013, 1155, 1245, 1321, 1719, 1743, 1763, 1769, 1791, 1959, 2173, 2190, 2212, 3887, 3889, 7284, 9601, 9630, 10996, 11089, 11214, 11775, 11788, 11804, 11817, 11841, 11855, 11858, 11861, 11932, 12156, 12188, 12221, 12238, 12359, 12361, 12395, 12443, 12456, 12478, 12503, 12584, 12586, 12736, 12850, 12856, 12897, 12899, 12909, 12915, 14818, 14878, 14963, 14989, 15009, 15023, 15024, 15093, 15134, 15163, 16428, 16433, 16476, 17837, 17897, 17904, 18056, 18060, 18572, 18772, 18842, 18872, 18890, 19659, 20025, 20425, 20438, 20478, 20491, 21016, 21212, 21224, 21785, 22785, 22807, 22967, 23869, 24594, 24798, 26441, 26442, 26449, 26451, 26879, 26972, 26998, 27756, 27868, 27870, 28030, 28033, 28045, 28047, 28054, 28055, 28069, 28073, 28084, 28095, 28116, 28117, 28167, 28170, 28180, 28210, 28224, 28227, 28263, 28602, 28616, 28634, 28639, 28644, 28646, 28665, 29265, 29286, 29299, 29311, 29760, 29864, 30087, 30216, 30239, 30255, 30470, 30474, 30475, 30488, 30498, 30508, 30515, 30517, 30539, 30555, 30575, 30577, 30580, 30585, 30906, 31623, 32911, 32963, 35446, 35528, 35961, 36323, 36332, 36341, 36345, 36367, 36369, 36427, 36476, 36480, 36529, 37499, 37546, 39163, 41015, 41064, 41069, 41073, 41106, 41157, 41197, 41198, 41923, 42525, 42530, 49077, 49079, 49340, 49515, 49717, 50166, 50189, 50268, 50470, 50508, 50604, 50619, 50631, 50662, 50693, 50934, 50937, 50942, 50964, 51000, 51022, 51034, 51037, 51100, 51721, 53299, 53313, 53427, 53799, 53831, 54526, 62477, 62481, 62514, 62517, 62719, 62721, 63127, 63129, 63138, 63193, 63196, 63244, 63263, 63298, 63463, 63531, 63535, 63695, 64028, 64059, 64393, 64399, 64402, 64404, 64407, 64416, 64427, 64429, 64506, 64512, 64517, 64523, 64545, 64551, 64568, 64573, 64576, 64588, 64591, 64611, 64701, 64711, 64721, 64730, 64737, 64742, 65161, 65178, 65180, 65219, 65236, 65242, 65247, 65267, 65275, 65662, 66185, 66656, 66659, 66704, 66706, 66709, 66712, 68320, 69705, 69896, 69904, 69907, 70356, 70816, 70949, 71044, 71064, 71343, 20066, 64343, 66278, 40268, 39453, 38984, 40339, 66380, 38547, 65986, 215, 983, 399, 65993, 38534, 417, 484, 1033], "label": "window"}, {"objectId": 13, "id": 13, "partId": 13, "index": 11, "dominantNormal": [0, -2.220446049250313e-16, 1], "obb": {"axesLengths": [5.423524420734514, 0.5489300366730238, 4.4841689835523315], "centroid": [-1.2378634160741564, 0.6542824101433038, 1.7044649520186739], "normalizedAxes": [0.15964895486831665, 0.987173855304718, 2.1919662869345613e-16, 0, -2.220446049250313e-16, 1, 0.987173855304718, -0.15964895486831665, -3.5449189110429524e-17]}, "segments": [61665, 57863, 1151, 1256, 2047, 2060, 2139, 2257, 4541, 4554, 4561, 4725, 4735, 5198, 5231, 5252, 5470, 5701, 6084, 6417, 6701, 8636, 9702, 9827, 13491, 13774, 13782, 13784, 13816, 14916, 16256, 16281, 16393, 16553, 17678, 23626, 23802, 26997, 28867, 36965, 52189, 52239, 52245, 57309, 57397, 57547, 57845, 57855, 57880, 57889, 58262, 60221, 60585, 61249, 62911, 63080, 63082, 72946, 73327, 11175, 14437, 15377, 36921, 7571, 15164, 8940, 16329, 4037, 11621, 5196, 4523, 72800, 72860, 57792, 57751, 72849, 57930, 57915, 51350, 57371, 1069, 5055, 58331, 57800, 29100, 27176, 3640, 37714, 10070, 3628, 727, 7438, 67047, 38861, 38878, 58467, 3462, 4083, 4692, 4707, 4747, 4982, 4994, 5001, 5051, 5114, 5127, 5153, 5157, 5169, 5190, 5208, 5238, 5245, 5704, 5718, 6516, 6557, 6558, 6636, 6828, 6988, 7187, 7298, 7339, 7411, 8596, 8607, 8660, 8671, 8684, 24883, 26286, 38721, 38740, 39687, 46084, 47731, 47750, 49167, 55947, 58076, 58281, 62942, 62956, 63036, 63038, 63039, 63042, 63046, 63085, 63087, 63089, 63090, 63093, 63213, 64201, 73346, 6718, 45123], "label": "ceiling"}, {"objectId": 14, "id": 14, "partId": 14, "index": 12, "dominantNormal": [0.999319314956665, 0.036890365183353424, 8.191306562677841e-18], "obb": {"axesLengths": [1.7011801265017434, 1.2799999427795419, 0.0683261194868746], "centroid": [0.5392745034349218, -0.30070304753935306, 0.11000002994366209], "normalizedAxes": [-0.036890365183353424, 0.999319314956665, 2.2189346248350562e-16, 0, -2.220446049250313e-16, 1, 0.999319314956665, 0.036890365183353424, 8.191306562677841e-18]}, "segments": [55580, 14284, 15261, 21876], "label": "whiteboard"}, {"objectId": 15, "id": 15, "partId": 15, "index": 13, "dominantNormal": [0.04318409040570259, -0.9990671277046204, -2.2183746566475823e-16], "obb": {"axesLengths": [3.264491112847838, 0.32046996830843444, 0.2904019277575369], "centroid": [-1.2734592977800283, -0.271572042952541, 1.642105024327749], "normalizedAxes": [0.9990671277046204, 0.04318409040570259, 9.588794293181067e-18, 0, -2.220446049250313e-16, 1, 0.04318409040570259, -0.9990671277046204, -2.2183746566475823e-16]}, "segments": [58115, 57604, 74698, 74509, 58221, 55931, 21390, 74401, 10396, 61886, 58338, 21236, 56209, 57974, 58296, 58637, 58650, 58703, 58712, 58726, 58760, 60457, 60923, 61758, 61864, 61957, 61987, 62030, 62139, 62414, 73456, 73457, 73458, 73462, 74339, 74426, 74429, 74604, 74651, 74757, 9276, 16557, 9172, 18364, 15628, 9860, 15495, 18774, 63354, 63557, 63619, 63632, 63660, 63671, 63673, 63059, 9375, 9259, 9371, 18876, 18932, 15780, 4955, 4470, 4511, 4514, 5550, 5630, 5643, 5896, 5909, 5926, 5927, 5952, 5955, 5983, 6041, 13113, 15550, 16863, 16911, 62975, 62998, 63009, 63025, 63331, 63665, 63373, 5608, 16950, 63387, 5629, 5505, 5327, 5528], "label": "light"}, {"objectId": 17, "id": 17, "partId": 17, "index": 14, "dominantNormal": [0, -2.220446049250313e-16, 1], "obb": {"axesLengths": [1.3588845375386513, 0.27188002455502625, 0.46466952377718496], "centroid": [-0.3289296268026003, 2.0109324026058895, 1.6140599667041782], "normalizedAxes": [0.9989139437675476, 0.04659304395318031, 1.0345734036838542e-17, 0, -2.220446049250313e-16, 1, 0.04659304395318031, -0.9989139437675476, -2.2180345199797005e-16]}, "segments": [67463, 60379, 13606, 13988, 13571, 68099, 61310, 61376, 2543, 2482, 2491, 2495, 2545, 2553, 2616, 2639, 13564, 13582, 13602, 13603, 44985, 48771, 57314, 58008, 61019, 61372, 61707, 63053, 63099, 67707, 68212, 68215, 72636, 72638, 72736, 57986, 57682, 58865, 64869, 72740, 72746, 73369, 58831, 60248, 60468, 60471, 60506, 65764, 60315, 50490, 50494, 50553, 59801, 64848, 58113, 49721], "label": "light"}, {"objectId": 18, "id": 18, "partId": 18, "index": 15, "dominantNormal": [0, -2.220446049250313e-16, 1], "obb": {"axesLengths": [0.920894481791204, 0.19289004371560947, 0.40965231481390246], "centroid": [-2.4424833838483115, 1.9385703681367457, 1.5828149741927193], "normalizedAxes": [0.9966859221458435, -0.08134622126817703, -1.8062489563636548e-17, 0, -2.220446049250313e-16, 1, -0.08134622126817703, -0.9966859221458435, -2.2130873181721433e-16]}, "segments": [6599, 66098, 7208, 4687, 4746, 38837, 6671, 5008, 67060, 7176, 6531, 66957, 62961, 6632, 4073], "label": "light"}, {"objectId": 19, "id": 19, "partId": 19, "index": 16, "dominantNormal": [0, -2.220446049250313e-16, 1], "obb": {"axesLengths": [2.694582136828613, 0.21053897863911916, 1.8864596507199205], "centroid": [-1.416882976694859, 0.47733503591948684, -0.6688754824131963], "normalizedAxes": [0.013610749505460262, 0.999907374382019, 2.220240379062808e-16, 0, -2.220446049250313e-16, 1, 0.999907374382019, -0.013610749505460262, -3.0221934966734892e-18]}, "segments": [40442, 48924, 69748, 69888, 69857, 52656, 68848, 49585, 45542, 23327, 40453, 17696, 40474, 56697, 1093, 48843, 54443], "label": "table"}, {"objectId": 20, "id": 20, "partId": 20, "index": 17, "dominantNormal": [0.3984869718551636, -0.9171739816665649, -2.0365353440667032e-16], "obb": {"axesLengths": [0.6136445230645923, 0.44892000148624156, 0.43658904691280515], "centroid": [-2.385056368237759, -0.3864979936561852, -0.8344599833164336], "normalizedAxes": [0.9171739816665649, 0.3984869718551636, 8.848188223335187e-17, 0, -2.220446049250313e-16, 1, 0.3984869718551636, -0.9171739816665649, -2.0365353440667032e-16]}, "segments": [71374, 52696, 69890, 71371, 71379, 71390, 71367, 23148, 23146, 23203, 64139, 64142, 64132, 23237, 64107, 23281, 23224, 45147, 45165, 64120, 70397, 67711, 42578, 54464], "label": "chair"}, {"objectId": 22, "id": 22, "partId": 22, "index": 18, "dominantNormal": [-0.07937769591808319, -0.9968445897102356, -2.213439630938642e-16], "obb": {"axesLengths": [0.6024512685499387, 0.6377339816599936, 0.5671069678802082], "centroid": [-2.617367930915697, 0.8777033953262071, -0.7009629567574016], "normalizedAxes": [0.9968445897102356, -0.07937769591808319, -1.7625389129990052e-17, 0, -2.220446049250313e-16, 1, -0.07937769591808319, -0.9968445897102356, -2.213439630938642e-16]}, "segments": [18199, 50745, 18249, 18253, 63689, 63691, 63727, 50740, 18162, 17944, 18137, 18173, 18196, 18280, 19133, 19490, 50300, 50412, 53179, 53491, 63677, 63681, 63686, 69647, 69650, 69654, 69657, 69659, 69662, 70362, 70692, 70699, 70703, 70727, 70731, 70736, 70739, 70742, 70745, 70748, 70752, 71168, 71172, 71176, 71179, 71184, 50592, 63693, 70708, 50372, 18126, 64008, 18408], "label": "chair"}, {"objectId": 23, "id": 23, "partId": 23, "index": 19, "dominantNormal": [0.044448066502809525, -0.9990116953849792, -2.2182515721724344e-16], "obb": {"axesLengths": [0.528152489573945, 0.5734009614571711, 0.44731546104631537], "centroid": [-1.049967437943971, 1.774602198153744, -0.8528394327499812], "normalizedAxes": [0.9990116953849792, 0.044448066502809525, 9.869453366297859e-18, 0, -2.220446049250313e-16, 1, 0.044448066502809525, -0.9990116953849792, -2.2182515721724344e-16]}, "segments": [45554, 40134, 40155, 40156, 44890, 45585, 66492, 66495, 66496, 67765, 67797, 67800, 67803, 67806, 67750, 40179, 67692, 67754, 69894, 40483, 40181, 67899, 40512, 40150, 45606, 44771, 67902, 44747], "label": "chair"}, {"objectId": 24, "id": 24, "partId": 24, "index": 20, "dominantNormal": [0.988203763961792, 0.15314462780952454, 3.400493837835684e-17], "obb": {"axesLengths": [0.5723422010275937, 0.5714569858135954, 0.3455437003476837], "centroid": [-0.5840147950007994, 0.5582409551671558, -0.775711456268245], "normalizedAxes": [-0.15314462780952454, 0.988203763961792, 2.19425314354325e-16, 0, -2.220446049250313e-16, 1, 0.988203763961792, 0.15314462780952454, 3.400493837835684e-17]}, "segments": [7, 1131, 1141, 1109, 62522, 127, 120, 25008, 64204, 62679, 1138, 64254, 25300, 1501, 25293, 62690, 64273, 47008, 118, 19414, 33, 42, 66, 1485, 1516, 62469, 62470, 46852, 64285, 64283], "label": "chair"}, {"objectId": 25, "id": 25, "partId": 25, "index": 21, "dominantNormal": [0.9898117780685425, -0.14238221943378448, -3.161520366252379e-17], "obb": {"axesLengths": [0.5463645766376694, 0.46686803251054787, 0.4565433721868171], "centroid": [-0.6498969155746448, 1.2137536173657026, -0.8288359871843578], "normalizedAxes": [0.1423822045326233, 0.9898117780685425, 2.1978236521137228e-16, 0, -2.220446049250313e-16, 1, 0.9898117780685425, -0.1423822045326233, -3.161520035380134e-17]}, "segments": [45960, 67969, 2773, 45664, 45673, 2423, 62834, 62644, 1649, 1652, 1658, 1672, 62641, 62653, 62879, 62769, 1910, 2152, 2159, 2162, 2319, 2338, 2341, 62736, 62781, 62789, 62890], "label": "chair"}, {"objectId": 26, "id": 26, "partId": 26, "index": 22, "dominantNormal": [0, -2.220446049250313e-16, 1], "obb": {"axesLengths": [0.551556275103078, 0.10864794011455903, 0.5707062024832098], "centroid": [-1.832459081912822, 1.878901035879607, -1.0055159520691759], "normalizedAxes": [0.8164891004562378, -0.5773608088493347, -1.2819985270014705e-16, 0, -2.220446049250313e-16, 1, -0.5773608088493347, -0.8164891004562378, -1.8129699973639952e-16]}, "segments": [67433, 42941, 43510, 42933, 67505, 64094, 67347, 22386, 67485], "label": "chair"}, {"objectId": 29, "id": 29, "partId": 29, "index": 23, "dominantNormal": [0, -2.220446049250313e-16, 1], "obb": {"axesLengths": [0.5204426689129644, 0.17810600597919501, 0.4715444683220145], "centroid": [-1.6114294956033037, -0.7006414969794204, -1.031666982740377], "normalizedAxes": [0.9287295937538147, 0.3707577884197235, 8.232476665253585e-17, 0, -2.220446049250313e-16, 1, 0.3707577884197235, -0.9287295937538147, -2.062193957272506e-16]}, "segments": [68912, 49779, 42063, 42365, 49835, 49840, 39350, 49861, 68898], "label": "chair"}, {"objectId": 30, "id": 30, "partId": 30, "index": 24, "dominantNormal": [0, -2.220446049250313e-16, 1], "obb": {"axesLengths": [0.3751023688512295, 0.29976999089635914, 0.32000522843599666], "centroid": [-1.0354194690162513, -1.4272958238453846, -1.2435449498921238], "normalizedAxes": [0.9985164999961853, 0.05444972589612007, 1.2090267874880228e-17, 0, -2.220446049250313e-16, 1, 0.05444972589612007, -0.9985164999961853, -2.21715201752778e-16]}, "segments": [53104, 71295, 47124, 68030, 47046, 47401, 70655, 70661, 47450, 46939, 47053, 47496, 47525, 47770, 47856, 47948, 48099, 48115, 48118, 53209, 53297, 53298, 53360, 53415, 53416, 53422, 53474, 53505, 53506, 53520, 67767, 68037, 68144, 70403, 47931], "label": "trash can"}, {"objectId": 31, "id": 31, "partId": 31, "index": 25, "dominantNormal": [0, -2.220446049250313e-16, 1], "obb": {"axesLengths": [1.792262444259158, 0.2632330001168026, 0.7940056352131997], "centroid": [-0.466231598471915, 3.15129374235652, -0.558383464037472], "normalizedAxes": [0.9809669852256775, 0.19417445361614227, 4.311538983973013e-17, 0, -2.220446049250313e-16, 1, 0.19417445361614227, -0.9809669852256775, -2.1781842667893458e-16]}, "segments": [40864, 31020, 40877, 46296, 48984, 68805, 33497, 65029, 47801, 21672, 28681, 28710, 28717, 30941, 31000, 31003, 31298, 31349, 31354, 31358, 31380, 31411, 31428, 31469, 41756, 41822, 45841, 45868, 45896, 46161, 46168, 46182, 46224, 46251, 46267, 46962, 47296, 48939, 64744, 64798, 64801, 64841, 65059, 65153, 65155, 66793, 66804, 68000, 68019, 68291, 68296, 68523, 68526, 68784, 68787, 66794, 68593, 47240, 24726, 41671, 45726, 45732, 45750, 45762, 45778, 45807, 45830, 45844, 45856, 47273, 31121], "label": "windowsill"}, {"objectId": 33, "id": 33, "partId": 33, "index": 26, "dominantNormal": [0, -2.220446049250313e-16, 1], "obb": {"axesLengths": [0.6389607661523038, 0.16371601454058263, 0.317086270344632], "centroid": [-2.8513587879756086, 2.924976783732984, -0.5281419753030216], "normalizedAxes": [0.9719797968864441, 0.23506437242031097, 5.2194775706018376e-17, 0, -2.220446049250313e-16, 1, 0.23506437242031097, -0.9719797968864441, -2.1582286999476265e-16]}, "segments": [68957, 50226, 50237, 12827, 12824, 12817, 12625, 12645, 12821, 12613, 12603, 12616, 12747, 12830, 12860, 50139, 50162, 51502, 51504, 63200, 63219, 63303, 68943, 68946, 68950, 70242, 70248], "label": "windowsill"}], "scan_id": "5555108d-36f1-29c0-8b37-5efa2bef59d4", "annId": "5135", "appId": "stk.v1"}