{"segGroups": [{"objectId": 28, "id": 28, "partId": 28, "index": 0, "dominantNormal": [0, -2.220446049250313e-16, 1], "obb": {"axesLengths": [0.5525619583346906, 0.42630194664816656, 0.4379189864268487], "centroid": [1.5299166117932814, 2.659196149497604, -0.8168490103996029], "normalizedAxes": [0.8215634226799011, -0.5701171159744263, -1.2659142977753974e-16, 0, -2.220446049250313e-16, 1, -0.5701171159744263, -0.8215634226799011, -1.8242372560981515e-16]}, "segments": [19119, 41247, 19151, 13911, 19081, 19188, 19190, 50371, 19047, 19053], "label": "side table"}, {"objectId": 30, "id": 30, "partId": 30, "index": 2, "dominantNormal": [0.6114656329154968, -0.7912709712982178, -1.7569745021055855e-16], "obb": {"axesLengths": [0.6776746361037045, 0.708147927191527, 0.6116727716642907], "centroid": [1.0988464478925992, 2.1385103775115124, -0.9614559848685723], "normalizedAxes": [0.7912709712982178, 0.6114656329154968, 1.3577264488595571e-16, 0, -2.220446049250313e-16, 1, 0.6114656329154968, -0.7912709712982178, -1.7569745021055855e-16]}, "segments": [9214, 45148, 44627, 46096, 35958, 32517, 40826, 46421, 2970, 42112, 46205, 46215, 13887, 13883, 13892, 45650, 46180, 46285, 48324, 48326, 30814, 46414, 13613, 37715, 41630, 42504, 42549, 42550, 42553, 42555, 42563, 45592, 45858, 46031, 56796, 48334, 9253, 42743, 42816, 43003, 43008, 43033, 43157, 43166], "label": "cabinet"}, {"objectId": 31, "id": 31, "partId": 31, "index": 3, "dominantNormal": [0, -2.220446049250313e-16, 1], "obb": {"axesLengths": [0.7746428394103902, 0.685030027813538, 0.7344804172558064], "centroid": [-1.1193520146049831, 1.9555288597255698, 0.7925149565713472], "normalizedAxes": [0.8928070068359375, 0.45043936371803284, 1.0001763055945308e-16, 0, -2.220446049250313e-16, 1, 0.45043936371803284, -0.8928070068359375, -1.9824297910718547e-16]}, "segments": [3562, 47479, 53622, 3477, 3479, 3483, 45129, 47105, 53626, 53629, 53636, 59690, 59716, 59676, 6363, 45144, 45280, 47127, 53490, 41105, 29796, 51014, 32813, 6278, 6289, 6381, 32569, 45121, 45684, 47458, 50984, 50991, 51047, 59701, 6108, 47461, 45239, 40894, 6923, 6943, 6448, 47544, 6915], "label": "lamp"}, {"objectId": 32, "id": 32, "partId": 32, "index": 4, "dominantNormal": [0.6078572869300842, -0.7940462827682495, -1.7631369314946566e-16], "obb": {"axesLengths": [2.214913579873473, 2.299589880565034, 0.32292709044179524], "centroid": [-0.03474347953594836, -0.37725029777479246, -0.19979500879380963], "normalizedAxes": [0.7940462827682495, 0.6078572869300842, 1.3497143112719195e-16, 0, -2.220446049250313e-16, 1, 0.6078572869300842, -0.7940462827682495, -1.7631369314946566e-16]}, "segments": [24392, 17146, 9136, 20966, 48916, 17153, 17122, 13672, 783, 51518, 9620, 40485, 6607, 6622, 7740, 7813, 12535, 12543, 12573, 12576, 12618, 47699, 48211, 2657, 7805, 7850, 7864, 13097, 13100, 17087, 17105, 17125, 17127, 17129, 17131, 17164, 17169, 17172, 17183, 17243, 18384, 24352, 24355, 24402, 40886, 41188, 48222, 48854, 48858, 48861, 48889, 48891, 50570], "label": "wall"}, {"objectId": 37, "id": 37, "partId": 37, "index": 5, "dominantNormal": [0.750818133354187, 0.6605089902877808, 1.4666245779788162e-16], "obb": {"axesLengths": [0.4276815947031352, 0.1895729857033568, 0.10827995478017441], "centroid": [0.41042146667040713, 1.5663154414866092, 0.584786456079859], "normalizedAxes": [-0.6605089902877808, 0.750818133354187, 1.6671511579117993e-16, 0, -2.220446049250313e-16, 1, 0.750818133354187, 0.6605089902877808, 1.4666245779788162e-16]}, "segments": [48142, 11583, 55073], "label": "box"}, {"objectId": 38, "id": 38, "partId": 38, "index": 6, "dominantNormal": [0, -2.220446049250313e-16, 1], "obb": {"axesLengths": [0.5291163816510505, 0.2278299876787515, 0.31489583958107753], "centroid": [0.15104977539294062, 1.9785827455899625, 0.5960849334770066], "normalizedAxes": [0.778728187084198, -0.6273614764213562, -1.3930223117716438e-16, 0, -2.220446049250313e-16, 1, -0.6273614764213562, -0.778728187084198, -1.7291239264509661e-16]}, "segments": [49690, 7631, 11978], "label": "box"}, {"objectId": 39, "id": 39, "partId": 39, "index": 7, "dominantNormal": [0.83420330286026, 0.5514570474624634, 1.2244806223692692e-16], "obb": {"axesLengths": [0.5260946719278631, 0.5599999898672103, 0.140884749440084], "centroid": [-0.19527583523029635, 2.3368140317711266, 0.4699999529463792], "normalizedAxes": [-0.5514570474624634, 0.83420330286026, 1.8523034281076267e-16, 0, -2.220446049250313e-16, 1, 0.83420330286026, 0.5514570474624634, 1.2244806223692692e-16]}, "segments": [8013, 8000], "label": "box"}, {"objectId": 51, "id": 51, "partId": 51, "index": 14, "dominantNormal": [-0.6525818109512329, -0.7577182650566101, -1.6824725280897515e-16], "obb": {"axesLengths": [0.14994852139619924, 0.20501899819778646, 0.13128680831429274], "centroid": [-2.43424702890377, 3.331580701795975, -0.11250953400806774], "normalizedAxes": [0.7577182650566101, -0.6525818109512329, -1.4490227039392798e-16, 0, -2.220446049250313e-16, 1, -0.6525818109512329, -0.7577182650566101, -1.6824725280897515e-16]}, "segments": [12873, 12904, 12836, 12853, 12958], "label": "plant"}, {"objectId": 52, "id": 52, "partId": 52, "index": 15, "dominantNormal": [0.3644857704639435, -0.9312089681625366, -2.067699274382965e-16], "obb": {"axesLengths": [0.15397197149014238, 0.15999999657273292, 0.10063739857659855], "centroid": [-2.6345419095033926, 3.206573255609532, 0.029999963302686616], "normalizedAxes": [0.9312089681625366, 0.3644857704639435, 8.093209890346198e-17, 0, -2.220446049250313e-16, 1, 0.3644857704639435, -0.9312089681625366, -2.067699274382965e-16]}, "segments": [9309, 9384], "label": "plant"}, {"objectId": 1, "id": 1, "partId": 1, "index": 16, "dominantNormal": [0, -2.220446049250313e-16, 1], "obb": {"axesLengths": [6.33688976995257, 0.4686000242397186, 5.317195986376779], "centroid": [-0.9179693561381463, 2.6621412883700435, -1.3475099854387347], "normalizedAxes": [-0.6440565586090088, 0.7649778723716736, 1.6985920944715928e-16, 0, -2.220446049250313e-16, 1, 0.7649778723716736, 0.6440565586090088, 1.4300928410571263e-16]}, "segments": [7450, 1807, 350, 6909, 665, 20241, 9053, 7733, 11458, 15793, 3759, 11107, 1, 26, 65, 68, 177, 298, 327, 343, 385, 424, 449, 453, 491, 496, 666, 827, 1078, 1180, 2032, 2033, 2509, 2799, 2929, 3018, 3044, 3057, 3065, 3069, 3072, 3076, 3085, 3090, 3093, 3113, 3243, 3259, 3302, 3339, 3343, 3347, 3351, 3592, 3648, 3687, 3701, 3726, 3738, 3747, 3767, 3775, 3777, 3796, 3858, 3860, 3904, 4068, 4087, 4249, 4260, 4296, 4371, 4372, 4428, 4519, 4770, 4796, 4843, 4849, 4853, 5644, 5689, 5710, 6084, 6101, 6119, 6143, 6144, 6150, 6164, 6180, 6191, 6206, 7246, 7698, 7794, 7838, 8363, 8532, 8544, 8623, 8626, 8961, 8969, 9101, 9586, 9596, 9700, 9989, 10106, 10110, 10118, 10293, 10537, 10882, 12501, 13051, 13079, 13115, 13309, 13667, 13729, 18301, 18354, 18377, 18418, 18430, 19416, 19557, 19874, 19889, 20054, 20146, 20371, 20403, 20464, 20504, 22103, 22361, 22383, 22863, 22888, 23041, 23060, 23067, 23068, 23076, 23079, 23150, 23199, 23223, 24917, 24973, 25491, 25528, 26368, 26384, 26393, 26412, 26547, 26951, 26966, 26984, 27003, 27019, 27054, 27056, 27063, 27087, 27108, 27129, 27146, 27290, 27298, 27319, 27320, 27343, 27344, 27356, 27470, 27631, 27634, 27639, 27642, 27686, 27692, 28737, 29138, 29382, 29514, 29635, 29754, 29805, 29808, 29903, 29951, 30209, 30229, 30301, 30303, 30306, 30431, 30485, 30491, 30500, 30523, 30588, 30692, 32292, 32323, 32365, 32379, 32443, 32447, 32451, 32861, 32867, 33971, 34049, 34676, 34840, 35389, 35442, 35464, 36084, 36161, 36165, 38107, 38115, 38122, 38128, 41359, 41362, 41491, 41524, 41619, 41629, 41678, 41707, 41743, 41804, 41827, 41838, 41847, 41866, 41883, 41884, 41893, 41900, 41919, 42212, 42256, 42341, 42361, 42377, 42412, 42432, 42435, 42436, 42825, 42843, 43126, 43179, 43208, 43211, 43213, 43301, 43325, 43340, 43397, 43471, 43489, 43515, 43523, 43535, 43967, 43990, 44006, 44029, 44044, 44075, 44098, 44167, 44228, 44237, 44414, 44432, 44514, 46023, 46039, 46055, 46066, 46084, 46086, 46093, 46100, 46104, 46112, 46114, 46116, 46125, 46127, 46136, 46138, 46143, 46148, 46150, 46159, 46167, 46208, 46212, 46246, 46251, 46296, 46357, 46360, 46363, 46365, 46369, 46427, 46431, 46433, 46438, 46450, 46454, 46458, 46460, 46464, 46467, 46473, 46474, 46479, 46483, 46486, 46488, 46489, 46494, 46499, 46528, 46529, 46537, 46560, 46562, 46584, 46600, 46603, 46607, 46610, 46612, 46614, 46621, 46625, 46632, 46646, 46721, 46728, 46892, 47076, 47089, 47743, 47782, 47783, 47785, 47809, 48404, 48715, 49384, 49387, 49401, 50387, 50390, 50410, 50411, 51038, 51799, 52349, 52350, 53176, 53201, 54738, 56466, 56536, 56542, 56558, 56560, 56568, 56574, 56698, 56723, 56727, 56730, 56734, 56739, 56749, 56771, 56896, 56899, 56904, 56905, 56956, 56972, 56973, 56977, 56982, 57412, 57421, 57489, 57492, 57507, 57510, 57512, 57519, 57535, 57967, 58033, 472, 52355, 32529, 30555, 30526, 41931, 34750, 32631, 32589, 8699, 59235, 13240, 7871], "label": "floor"}, {"objectId": 2, "id": 2, "partId": 2, "index": 17, "dominantNormal": [0.822503924369812, 0.5687593817710876, 1.262899522227662e-16], "obb": {"axesLengths": [3.564414685182689, 2.415669864065873, 0.6009329292044289], "centroid": [-1.9113231317573254, 0.9059858570675445, -0.08725503447402305], "normalizedAxes": [-0.5687593817710876, 0.822503924369812, 1.8263255893598274e-16, 0, -2.220446049250313e-16, 1, 0.822503924369812, 0.5687593817710876, 1.262899522227662e-16]}, "segments": [44839, 4884, 10917, 41426, 35886, 5781, 29674, 45691, 18341, 5069, 5135, 21341, 37921, 38226, 50107, 51719, 54531, 54586, 54594, 54809, 54814, 45559, 45605, 3424, 15715, 56829, 38214, 24855, 47102, 24037], "label": "wardrobe"}, {"objectId": 3, "id": 3, "partId": 3, "index": 18, "dominantNormal": [0, -2.220446049250313e-16, 1], "obb": {"axesLengths": [0.9312265091869888, 0.6672749966247005, 0.8072279570531724], "centroid": [-0.6063311006822442, 1.1681197379295147, -0.938832506007944], "normalizedAxes": [0.8059143424034119, -0.5920321941375732, -1.3145755465017689e-16, 0, -2.220446049250313e-16, 1, -0.5920321941375732, -0.8059143424034119, -1.78948931762382e-16]}, "segments": [27576, 31617, 28623, 14052, 28659, 51451, 51557, 51622, 14009, 9524, 9532, 13948, 13963, 14141, 28556, 28631, 28670, 28913, 29273, 29931, 29932, 30277, 30882, 30937, 30943, 30984, 30991, 31085, 31122, 31137, 31302, 31421, 31523, 31547, 31550, 31566, 31587, 31664, 34573, 35824, 51432, 51433, 51537, 51588, 51590, 51593, 51599, 51601, 51655, 51681, 51684, 51713, 51763, 51766, 51849, 51865, 51871, 51874, 51877, 51879, 51883, 51922, 51926, 51928, 51931, 52040, 52059, 52131, 52208, 52232], "label": "commode"}, {"objectId": 4, "id": 4, "partId": 4, "index": 19, "dominantNormal": [0, -2.220446049250313e-16, 1], "obb": {"axesLengths": [0.801488507751802, 0.2126910042906327, 0.5605120848884474], "centroid": [-1.2778508213661468, 2.0655827435332723, -0.5363455350428337], "normalizedAxes": [-0.5853046774864197, 0.8108134269714355, 1.8003674705978313e-16, 0, -2.220446049250313e-16, 1, 0.8108134269714355, 0.5853046774864197, 1.2996374587324492e-16]}, "segments": [40402, 49807, 20004, 20086, 15600, 49793, 49852, 11010, 15594, 15675, 20116, 20162, 32112, 48627, 48631, 48644, 48761, 48801, 55149, 56058, 55168, 56072, 16735, 10987, 49754, 15658, 38797, 49844, 49849], "label": "suitcase"}, {"objectId": 5, "id": 5, "partId": 5, "index": 20, "dominantNormal": [0, -2.220446049250313e-16, 1], "obb": {"axesLengths": [0.9544107470702772, 0.6923979366034727, 0.7648527214233929], "centroid": [-1.2510936231879821, 2.011239925834807, -0.9294110086351417], "normalizedAxes": [0.7837711572647095, -0.621049702167511, -1.3790073575659334e-16, 0, -2.220446049250313e-16, 1, -0.621049702167511, -0.7837711572647095, -1.74032156966477e-16]}, "segments": [32160, 55969, 55981, 55925, 32126, 55940, 37309, 35954, 16092, 16115, 16163, 16450, 17568, 18922, 18931, 24619, 33393, 34061, 34105, 34587, 34589, 37267, 37276, 37278, 38434, 40067, 40113, 48986, 49459, 53117, 53134, 53753, 54307, 54312, 54925, 54950, 55203, 55948], "label": "commode"}, {"objectId": 6, "id": 6, "partId": 6, "index": 21, "dominantNormal": [0.9670445322990417, -0.25460729002952576, -5.653417512563891e-17], "obb": {"axesLengths": [0.9715926720909689, 2.439109986146315, 0.49223183473727466], "centroid": [-2.6651028588808936, 2.625296371721457, -0.07847503207627748], "normalizedAxes": [0.25460731983184814, 0.9670445322990417, 2.147270211192524e-16, 0, -2.220446049250313e-16, 1, 0.9670445322990417, -0.25460731983184814, -5.653418174308381e-17]}, "segments": [43256, 14572, 21517, 21542, 10190, 43631, 14528, 56873, 48092], "label": "wall"}, {"objectId": 8, "id": 8, "partId": 8, "index": 22, "dominantNormal": [0.6602011322975159, -0.7510888576507568, -1.6677522866065538e-16], "obb": {"axesLengths": [0.8606703868637609, 2.636609972195103, 0.2382011516116544], "centroid": [-2.6137766789928807, 3.2978909657662108, 0.031694972213245354], "normalizedAxes": [0.7510888576507568, 0.6602011322975159, 1.4659409959206024e-16, 0, -2.220446049250313e-16, 1, 0.6602011322975159, -0.7510888576507568, -1.6677522866065538e-16]}, "segments": [15807, 13137, 1020, 18250, 57839, 54332], "label": "wall"}, {"objectId": 9, "id": 9, "partId": 9, "index": 23, "dominantNormal": [0.8428643941879272, 0.5381259918212891, 1.1948797325384876e-16], "obb": {"axesLengths": [2.1953606982619256, 2.139999997466801, 0.7368067718474296], "centroid": [0.19126931700869854, 2.0477133698197365, -0.2600000498103352], "normalizedAxes": [-0.5381259918212891, 0.8428643941879272, 1.8715349141283416e-16, 0, -2.220446049250313e-16, 1, 0.8428643941879272, 0.5381259918212891, 1.1948797325384876e-16]}, "segments": [57687, 2353, 27816, 54251, 37225, 34901, 2826, 33090, 50724, 51732, 25189, 25871, 1400, 1561, 8452, 28015, 2104, 21813, 28245, 28336, 43739, 40965, 56409, 208, 225, 285, 674, 713, 824, 853, 964, 1412, 1464, 1465, 1487, 1496, 1511, 1514, 1559, 1569, 2134, 2136, 2386, 2742, 4401, 5434, 5438, 5492, 5577, 5586, 5867, 7302, 7342, 7365, 7370, 7374, 7385, 7408, 7597, 7919, 8077, 8455, 11705, 11926, 11952, 11959, 11972, 12080, 12111, 12680, 12700, 12719, 14433, 14468, 16560, 16619, 19537, 21774, 21785, 21801, 21839, 22057, 22058, 22060, 22093, 22896, 24124, 24167, 24238, 24265, 24290, 24702, 25192, 25199, 25205, 25238, 25278, 25282, 25325, 25701, 25710, 25729, 25847, 25860, 25892, 25904, 27868, 27878, 27891, 28010, 28045, 28113, 28226, 28292, 28325, 28841, 29373, 29396, 29471, 30082, 30111, 31227, 31768, 32859, 32938, 32949, 32983, 33000, 33010, 33094, 33601, 34365, 34958, 34966, 35013, 35014, 35657, 37119, 37180, 38628, 38700, 38701, 38708, 38723, 38740, 41031, 41046, 41127, 42217, 42322, 42334, 42387, 42398, 42399, 42401, 43723, 43911, 44286, 46299, 46690, 46692, 46922, 46936, 46946, 47613, 47616, 47619, 47697, 47708, 47710, 47758, 47788, 47794, 48181, 48400, 49649, 50177, 50178, 50482, 50489, 50688, 50734, 50759, 50761, 50852, 51232, 51249, 51256, 51287, 51309, 51360, 51986, 52476, 52480, 52520, 52584, 52643, 52905, 53033, 53039, 53272, 53276, 53426, 53427, 53448, 53460, 53505, 53532, 53569, 54282, 54751, 55020, 55124, 55139, 56039, 56173, 56175, 56238, 56247, 56702, 56754, 56760, 56997, 57546, 26939, 26874, 2520, 46313, 8180, 12076, 11662, 38634, 4486, 48071, 829, 38661, 48041, 4902, 29409, 29379, 42183, 56714, 7323, 7360, 11495, 53641, 56130, 7332, 7944, 40713, 2547, 3310, 32870, 50744, 31261, 12061, 43905, 33758], "label": "wardrobe"}, {"objectId": 10, "id": 10, "partId": 10, "index": 24, "dominantNormal": [0.9388871192932129, 0.3442251682281494, 7.643334148447188e-17], "obb": {"axesLengths": [0.6342778270279069, 0.9166119787854254, 0.31708954481469936], "centroid": [0.43008611686825393, 1.616484976316519, -0.1805780396140817], "normalizedAxes": [-0.3442251682281494, 0.9388871192932129, 2.084748194726622e-16, 0, -2.220446049250313e-16, 1, 0.9388871192932129, 0.3442251682281494, 7.643334148447188e-17]}, "segments": [4195, 21622, 21600, 21690, 5919, 47424, 4554, 47441, 48427, 48410, 4193, 4203, 4213, 4275, 4440, 4441, 4443, 4504, 4541, 4777, 5875, 5887, 5914, 5923, 5944, 5961, 5993, 6049, 21642, 47151, 47168, 47337, 47433, 48432, 50129, 50136, 50139], "label": "clothes"}, {"objectId": 11, "id": 11, "partId": 11, "index": 25, "dominantNormal": [0, -2.220446049250313e-16, 1], "obb": {"axesLengths": [6.052233032101839, 1.6399998894333863, 4.400482056385201], "centroid": [-1.3696252362529608, 1.5185581265592356, 1.7499998957259217], "normalizedAxes": [0.9258667826652527, -0.37785014510154724, -8.389958618993881e-17, 0, -2.220446049250313e-16, 1, -0.37785014510154724, -0.9258667826652527, -2.0558372397011586e-16]}, "segments": [30571, 26787, 32498, 20675, 16818, 22299, 22301, 22352, 22985, 24754, 24774, 24799, 24808, 26240, 26730, 26736, 26739, 26753, 29502, 29505, 29557, 30699, 32420, 34852, 50216, 50638, 51689, 53672, 36568, 41488, 27897, 49463, 55022, 39377, 45424, 55065, 25178, 25327, 26733, 27899, 34678, 35044, 35099, 35133, 35135, 39638, 42020, 42978, 44351, 51657, 51672, 34515, 53213, 45840, 45984, 53788, 27388, 42524, 35723, 35936, 31610, 57038, 43843, 16962, 17011, 17706, 17840, 18666, 18721, 21058, 23126, 26014, 26037, 27198, 27582, 27651, 27667, 27668, 30742, 30749, 30784, 30799, 30851, 30857, 30902, 31038, 31040, 31045, 31116, 31256, 31399, 31508, 31519, 31529, 31820, 33049, 33400, 33589, 33651, 33679, 33705, 33751, 33759, 33771, 33781, 33955, 34074, 35516, 35621, 35693, 35707, 36160, 36221, 36267, 36310, 36374, 36447, 36451, 36633, 37466, 37471, 38968, 41687, 43486, 43534, 43758, 43772, 45281, 45335, 45912, 50095, 50641, 50646, 50648, 50786, 50789, 50790, 51184, 51691, 52242, 54576, 54578, 54580, 56093, 56166, 57014, 57057, 43887, 30850, 31868, 39728, 39739, 39767, 43296, 43697, 44504, 44508, 44536, 44590, 54676, 54944, 55107, 55128, 55085, 39867, 40118, 55548, 55552, 55589, 55594, 55596, 55605, 39936, 40226, 40254, 40563, 30932, 30905, 57064, 43797, 9316, 9337, 22928, 23470, 24410, 9320, 9835, 15752, 9832, 15726, 16361, 48672, 23300, 30164, 30146, 30181, 25466, 25454, 35126, 36864, 25555, 30441, 48262, 19075, 19123, 25397, 19992, 35483, 16626, 7216, 47584, 7190, 47592, 7215, 7132, 7088, 7087, 7536, 7276, 47627, 7457, 47675, 47679, 7534, 47640, 47637, 47689, 47692, 7477, 47663, 47651, 7471, 47632, 7439, 7259, 7446, 47644, 47678, 7454, 7280, 7452], "label": "ceiling"}, {"objectId": 13, "id": 13, "partId": 13, "index": 26, "dominantNormal": [0.8093849420547485, 0.5872784852981567, 1.3040201924900002e-16], "obb": {"axesLengths": [0.42395482929702644, 2.079999936819077, 0.1574608934880293], "centroid": [0.5707664873783505, 0.5121919467960858, -0.23000001948647264], "normalizedAxes": [-0.5872784852981567, 0.8093849420547485, 1.79719559690816e-16, 0, -2.220446049250313e-16, 1, 0.8093849420547485, 0.5872784852981567, 1.3040201924900002e-16]}, "segments": [23420, 23412, 21363, 25958], "label": "wall"}, {"objectId": 14, "id": 14, "partId": 14, "index": 27, "dominantNormal": [0.7316597104072571, 0.6816700100898743, 1.5136114807964824e-16], "obb": {"axesLengths": [0.8194740369054739, 0.8546299147316083, 0.5278479633621606], "centroid": [0.296643384772181, 2.680096680190568, -0.8573149902633215], "normalizedAxes": [-0.681670069694519, 0.7316597104072571, 1.6246109133694222e-16, 0, -2.220446049250313e-16, 1, 0.7316597104072571, 0.681670069694519, 1.5136116131453804e-16]}, "segments": [1267, 4265, 4311, 1705, 3394, 52487, 1300, 4112], "label": "table"}, {"objectId": 15, "id": 15, "partId": 15, "index": 28, "dominantNormal": [0.8103488683700562, -0.5859476923942566, -1.3010652386441648e-16], "obb": {"axesLengths": [0.5819831282841876, 0.7376230194205856, 0.4745889178512239], "centroid": [-2.4557230003138466, 3.152001143065182, -0.9479185186451267], "normalizedAxes": [0.5859476923942566, 0.8103488683700562, 1.7993359432867532e-16, 0, -2.220446049250313e-16, 1, 0.8103488683700562, -0.5859476923942566, -1.3010652386441648e-16]}, "segments": [13255, 21057, 50285, 22572, 55632, 20888, 1643, 20790, 55701, 47014, 1636, 1666, 2455, 2465, 2469, 2475, 20781, 22555, 22568, 22621, 22629, 22634, 22644, 39622, 47019, 47030, 47035, 48435, 50077, 50092, 50236, 50238, 50268, 50320, 50326, 50329, 55726, 2495, 2188, 14823, 48493], "label": "nightstand"}, {"objectId": 16, "id": 16, "partId": 16, "index": 29, "dominantNormal": [0.9295105934143066, 0.3687954246997833, 8.188903437562252e-17], "obb": {"axesLengths": [0.2706466935413757, 0.2902859980549066, 0.2743672799094838], "centroid": [-2.492804769117159, 3.223898824725887, -0.48485701747878696], "normalizedAxes": [0.9295105934143066, 0.3687954246997833, 8.188903437562252e-17, 0, -2.220446049250313e-16, 1, 0.3687954246997833, -0.9295105934143066, -2.0639281248831113e-16]}, "segments": [13215, 48442, 13141, 48481, 1002, 13166, 48293, 14753, 12781, 12750], "label": "lamp"}, {"objectId": 20, "id": 20, "partId": 20, "index": 31, "dominantNormal": [0.7785664200782776, 0.6275622248649597, 1.3934680628601364e-16], "obb": {"axesLengths": [0.33370080185705886, 2.161369990675821, 0.07819235676164807], "centroid": [-1.0445445514836407, -0.8319028696766053, -0.19068506489228443], "normalizedAxes": [-0.6275622248649597, 0.7785664200782776, 1.728764731541771e-16, 0, -2.220446049250313e-16, 1, 0.7785664200782776, 0.6275622248649597, 1.3934680628601364e-16]}, "segments": [34480], "label": "wall"}, {"objectId": 22, "id": 22, "partId": 22, "index": 33, "dominantNormal": [0.7409310340881348, 0.6715811491012573, 1.4912097092728723e-16], "obb": {"axesLengths": [1.495466891585896, 2.779999909251929, 0.26851975623838165], "centroid": [-2.8170316870784182, 4.017734424649756, -0.08000007648341323], "normalizedAxes": [-0.6715811491012573, 0.7409310340881348, 1.645197387407948e-16, 0, -2.220446049250313e-16, 1, 0.7409310340881348, 0.6715811491012573, 1.4912097092728723e-16]}, "segments": [38884, 15809, 11793, 11946, 12599, 14261, 37422, 1069, 10825, 15258, 15328, 15775, 15527, 15539, 57882, 15644, 12975, 12971, 12953, 47741, 47746, 13223, 13064, 47702], "label": "wall"}, {"objectId": 26, "id": 26, "partId": 26, "index": 35, "dominantNormal": [0.6710609793663025, -0.7414022088050842, -1.646243605446705e-16], "obb": {"axesLengths": [0.399501258744576, 0.8040959357299815, 0.3002395445176205], "centroid": [-0.025395634215113816, 2.9541911119389304, -0.8879520005104996], "normalizedAxes": [0.7414022088050842, 0.6710609197616577, 1.4900545680910542e-16, 0, -2.220446049250313e-16, 1, 0.6710609197616577, -0.7414022088050842, -1.646243605446705e-16]}, "segments": [6165, 6342, 33735, 52709, 52714, 52717, 52721, 52883, 52901, 52907, 6163, 3843, 5164, 5319, 5358, 5921, 31732, 34328, 34407, 46637, 51933, 52482, 52645, 53065, 5550, 31812], "label": "shelf"}, {"objectId": 27, "id": 27, "partId": 27, "index": 36, "dominantNormal": [-0.36522790789604187, 0.9309181571006775, 2.0670535441095816e-16], "obb": {"axesLengths": [0.41616097139850167, 0.6089239580424732, 0.4400751405656955], "centroid": [-0.3396450231221759, 2.6618911124240596, -0.9894280268039257], "normalizedAxes": [-0.36522790789604187, 0.9309181571006775, 2.0670535441095816e-16, 0, -2.220446049250313e-16, 1, 0.9309181571006775, 0.36522790789604187, 8.109688651637234e-17]}, "segments": [22954, 22961, 32817, 52389, 32818, 33509, 52891, 32807, 32703, 32730, 32764, 34776, 52386, 33721, 52881, 34802, 34353, 26440, 53404], "label": "laundry basket"}], "scan_id": "a0905fe1-66f7-2272-9d4a-a6f6579f6751", "annId": "6478", "appId": "stk.v1"}