{"segGroups": [{"objectId": 1, "id": 1, "partId": 1, "index": 0, "dominantNormal": [0, -2.220446049250313e-16, 1], "obb": {"axesLengths": [2.916528479428044, 0.15343999519705775, 1.331756651126229], "centroid": [-0.06822105291041647, 1.0667636151352964, -1.6067199552792315], "normalizedAxes": [0.1978883594274521, 0.9802245497703552, 2.1765357289157521e-16, 0, -2.220446049250313e-16, 1, 0.9802245497703552, -0.1978883594274521, -4.3940042588331193e-17]}, "segments": [19192, 25745, 37207, 35091, 35103, 18976, 24962], "label": "floor"}, {"objectId": 2, "id": 2, "partId": 2, "index": 1, "dominantNormal": [0.9796091318130493, -0.20091286301612854, -4.4611617292773196e-17], "obb": {"axesLengths": [1.7902736187637198, 0.5655979685724232, 0.11256212676113479], "centroid": [-1.1732451077188943, 1.1092089014528161, -0.43279900738301147], "normalizedAxes": [0.20091286301612854, 0.9796091318130493, 2.1751692265438145e-16, 0, -2.220446049250313e-16, 1, 0.9796091318130493, -0.20091286301612854, -4.4611617292773196e-17]}, "segments": [22445, 32096], "label": "wall"}, {"objectId": 3, "id": 3, "partId": 3, "index": 2, "dominantNormal": [0.9886585474014282, -0.1501806527376175, -3.33468037045076e-17], "obb": {"axesLengths": [2.949692412624224, 2.4826139252793644, 0.7104154795264347], "centroid": [-0.8826725486260492, 1.2109058625570546, -0.3886930166477036], "normalizedAxes": [0.1501806676387787, 0.9886585474014282, 2.1952629656350547e-16, 0, -2.220446049250313e-16, 1, 0.9886585474014282, -0.1501806676387787, -3.334680701323005e-17]}, "segments": [7942, 4248, 13371, 7357, 7989, 30378, 6806, 6438, 9610, 9450, 10900, 12539, 30878, 5878, 31292, 30909, 12940, 19890, 12767, 14354, 25562, 33900, 5603, 5623, 5640, 5646, 6769, 6785, 7250, 8169, 8187, 8213, 8257, 8286, 8305, 8336, 8339, 8343, 9500, 9515, 9549, 9554, 9558, 10062, 10066, 10068, 10083, 10129, 10536, 10547, 11074, 11927, 12820, 13384, 13390, 13415, 13417, 13451, 13637, 13659, 13684, 13702, 13710, 13714, 13742, 13743, 13753, 14182, 14395, 14409, 14498, 14588, 14631, 14702, 14781, 14821, 14872, 14910, 14922, 14952, 14991, 15024, 15069, 15082, 15126, 15186, 15739, 15798, 15831, 15851, 15869, 15903, 15943, 16164, 16186, 16216, 16353, 16424, 16461, 16520, 16615, 16624, 16751, 16769, 16813, 16828, 17033, 17148, 17241, 17244, 17263, 17265, 18000, 18326, 18332, 18334, 18363, 19500, 19784, 19808, 19812, 19864, 20154, 20241, 20321, 20658, 21200, 21255, 21328, 21429, 21489, 21499, 21668, 21772, 21793, 22386, 22633, 22673, 26376, 26397, 29363, 29365, 29380, 29573, 29657, 29662, 29665, 29667, 29673, 30570, 30574, 30577, 30596, 30599, 30611, 30613, 30686, 30717, 30723, 30725, 30918, 30932, 30934, 30967, 30974, 30986, 30991, 31020, 31121, 31157, 31168, 31191, 31239, 31307, 31324, 31381, 31395, 31415, 32150, 32159, 32167, 32171, 32185, 33043, 33076, 33166, 33184, 33188, 33197, 33208, 33602, 33612, 33613, 33615, 33755, 33908, 33911, 33942, 33964, 33976, 33982, 33991, 34047, 34052, 34058, 34065, 35440, 35456, 35513, 35521, 35670, 35948, 35953, 35955, 36042], "label": "kitchen cabinet"}, {"objectId": 4, "id": 4, "partId": 4, "index": 3, "dominantNormal": [0, -2.220446049250313e-16, 1], "obb": {"axesLengths": [1.8358216730835082, 0.18000000312924383, 0.6390511972535976], "centroid": [-0.9217677570086944, 1.0748383011655946, -0.6600000021606682], "normalizedAxes": [0.23488858342170715, 0.972022294998169, 2.1583230647119066e-16, 0, -2.220446049250313e-16, 1, 0.972022294998169, -0.23488858342170715, -5.2155742707273223e-17]}, "segments": [24801, 8223, 18238], "label": "kitchen counter"}, {"objectId": 5, "id": 5, "partId": 5, "index": 4, "dominantNormal": [-0.182358518242836, -0.9832320809364319, -2.1832137896114643e-16], "obb": {"axesLengths": [1.1713690065518283, 2.4685449644503366, 0.05844257941380563], "centroid": [-0.36318990579357197, -0.37995546353564935, -0.3757275165827385], "normalizedAxes": [0.9832320809364319, -0.182358518242836, -4.0491725137944634e-17, 0, -2.220446049250313e-16, 1, -0.182358518242836, -0.9832320809364319, -2.1832137896114643e-16]}, "segments": [18307, 28576, 11, 677], "label": "wall"}, {"objectId": 6, "id": 6, "partId": 6, "index": 5, "dominantNormal": [-0.19897009432315826, -0.9800055623054504, -2.176049479064469e-16], "obb": {"axesLengths": [1.1768345426559879, 2.0577699976167816, 0.3120608382182009], "centroid": [-0.44324766081794564, -0.4568235897037194, -0.6188850320379806], "normalizedAxes": [0.9800055623054504, -0.19897009432315826, -4.418023598588189e-17, 0, -2.220446049250313e-16, 1, -0.19897009432315826, -0.9800055623054504, -2.176049479064469e-16]}, "segments": [6793, 2796, 3714, 5338, 1817, 2372, 2409, 2432, 2451, 2491, 2520, 3060, 3089, 3530, 3571, 3932, 4940, 28520, 28531, 28543, 5965], "label": "door"}, {"objectId": 7, "id": 7, "partId": 7, "index": 6, "dominantNormal": [0.8855494856834412, -0.46454501152038574, -1.0314971355293817e-16], "obb": {"axesLengths": [2.9761223392716034, 2.514986995272628, 0.7550057109879779], "centroid": [0.8890183578602329, 0.8122129115368527, -0.39221654514484383], "normalizedAxes": [0.46454501152038574, 0.8855494856834412, 1.9663148569014436e-16, 0, -2.220446049250313e-16, 1, 0.8855494856834412, -0.46454501152038574, -1.0314971355293817e-16]}, "segments": [21983, 21980, 15987, 1693, 30160, 11806, 26932, 37085, 6616, 21130, 7877, 7046, 37065, 27455, 25318, 21965], "label": "wall"}, {"objectId": 8, "id": 8, "partId": 8, "index": 7, "dominantNormal": [0.9803836941719055, -0.19709855318069458, -4.37646703723026e-17], "obb": {"axesLengths": [2.2495493394034005, 1.0200000028312204, 0.46832165462859604], "centroid": [0.9200780703318848, 1.2187895308552248, 0.3399999829381706], "normalizedAxes": [0.1970985382795334, 0.9803836941719055, 2.1768891004734348e-16, 0, -2.220446049250313e-16, 1, 0.9803836941719055, -0.1970985382795334, -4.376466706358015e-17]}, "segments": [14609, 1270, 2362, 8926, 22254, 24845, 24915, 28059, 26864, 25173, 25147, 30345, 27998, 12743, 35271, 33710, 33687], "label": "kitchen cabinet"}, {"objectId": 9, "id": 9, "partId": 9, "index": 8, "dominantNormal": [0.9787003993988037, -0.205293670296669, -4.5584351914633504e-17], "obb": {"axesLengths": [2.2323585116254256, 0.923749962663278, 0.14280005639669519], "centroid": [0.6129739468808079, 1.2730723511677515, -1.1718749644933277], "normalizedAxes": [0.2052936851978302, 0.9787003993988037, 2.1731514352447772e-16, 0, -2.220446049250313e-16, 1, 0.9787003993988037, -0.2052936851978302, -4.5584355223355955e-17]}, "segments": [12129, 2260, 1702, 37211, 28403, 25483, 8890], "label": "kitchen cabinet"}, {"objectId": 10, "id": 10, "partId": 10, "index": 9, "dominantNormal": [-0.21454383432865143, -0.9767143726348877, -2.1687415699631345e-16], "obb": {"axesLengths": [1.7838789394520116, 2.4400000026822077, 0.2164334208393325], "centroid": [0.5003917655769947, 2.4927065851968613, -0.3700000169873239], "normalizedAxes": [0.9767143726348877, -0.21454383432865143, -4.7638300932606776e-17, 0, -2.220446049250313e-16, 1, -0.21454383432865143, -0.9767143726348877, -2.1687415699631345e-16]}, "segments": [25431, 11744, 32296, 32341, 15334], "label": "wall"}, {"objectId": 11, "id": 11, "partId": 11, "index": 10, "dominantNormal": [-0.21747665107250214, -0.9760655164718628, -2.1673008198594141e-16], "obb": {"axesLengths": [1.2575301590485586, 0.814961951636628, 0.16915574250405857], "centroid": [0.2540831462603306, 2.4191048961691433, -1.222519003469072], "normalizedAxes": [0.9760655164718628, -0.21747666597366333, -4.8289520376535073e-17, 0, -2.220446049250313e-16, 1, -0.21747666597366333, -0.9760655164718628, -2.1673008198594141e-16]}, "segments": [18451, 20594, 22093, 33679, 2048, 6026], "label": "heater"}, {"objectId": 12, "id": 12, "partId": 12, "index": 11, "dominantNormal": [-0.22742286324501038, -0.9737960696220398, -2.162261635567741e-16], "obb": {"axesLengths": [1.1800652029920604, 1.2999999828636644, 0.4446221890476536], "centroid": [0.2730212253121659, 2.6275840794011818, -0.020000030770897625], "normalizedAxes": [0.9737960696220398, -0.22742286324501038, -5.049801982015775e-17, 0, -2.220446049250313e-16, 1, -0.22742286324501038, -0.9737960696220398, -2.162261635567741e-16]}, "segments": [34349, 21821, 15414, 34661, 23762, 5068, 2733, 34686, 23112, 26109, 35745, 26034, 26073, 34222, 23394, 34137, 34125, 34093, 34077, 23239, 23274, 34193, 2714, 6273, 6355, 8385, 8542, 8550, 8564, 8600, 8616, 8623, 8633, 8643, 8664, 8673, 8674, 8714, 8735, 8744, 8809, 8819, 8825, 8893, 8934, 14015, 14021, 14034, 14039, 14040, 14048, 14052, 14088, 14098, 14125, 14159, 14169, 14171, 14172, 14180, 14209, 14254, 14265, 14266, 14284, 16250, 16265, 16284, 16453, 16468, 16495, 16505, 16532, 16544, 16549, 16605, 16617, 16623, 16652, 16656, 16660, 16701, 16706, 19026, 19757, 20700, 20723, 20767, 20771, 20808, 20944, 21192, 22837, 22848, 22853, 22856, 22862, 22884, 22888, 22947, 22992, 23002, 23017, 23050, 23052, 23067, 23073, 23091, 23095, 23096, 23128, 23193, 23327, 23389, 23410, 23413, 23418, 23444, 23448, 23456, 23482, 23520, 23537, 23549, 23602, 23617, 23635, 23648, 23686, 23692, 23693, 23703, 23704, 23721, 23724, 23755, 23845, 23850, 23876, 23889, 23916, 23930, 23972, 23991, 24053, 24082, 24133, 24155, 24773, 26063, 26128, 26137, 26157, 29388, 29408, 29414, 29431, 29463, 30642, 30644, 30652, 30655, 30665, 30674, 30676, 31231, 31249, 31266, 31272, 31280, 31282, 31285, 31286, 33199, 33289, 33301, 33368, 34066, 34107, 34170, 34174, 34214, 34234, 34278, 34286, 34307, 34688, 34726, 34730, 35758, 35775, 16263, 23332, 23337], "label": "window"}, {"objectId": 13, "id": 13, "partId": 13, "index": 12, "dominantNormal": [0.9855533242225647, -0.16936534643173218, -3.760666143642503e-17], "obb": {"axesLengths": [0.2603052153000291, 0.3399999661743647, 0.2741406698322174], "centroid": [0.15426600768363463, 2.6033133437952825, -0.41999999798834353], "normalizedAxes": [0.9855533242225647, -0.16936534643173218, -3.760666143642503e-17, 0, -2.220446049250313e-16, 1, -0.16936534643173218, -0.9855533242225647, -2.1883679850955067e-16]}, "segments": [24168, 22332, 20776, 24171, 22333], "label": "plant"}, {"objectId": 14, "id": 14, "partId": 14, "index": 13, "dominantNormal": [0.9411094188690186, 0.33810216188430786, 7.507376095990012e-17], "obb": {"axesLengths": [0.17062746990737462, 0.18802097019506303, 0.08309207875330317], "centroid": [-0.08807873058494767, 2.431352012914476, -0.4410625057430009], "normalizedAxes": [-0.33810216188430786, 0.9411094188690186, 2.0896826910399703e-16, 0, -2.220446049250313e-16, 1, 0.9411094188690186, 0.33810216188430786, 7.507376095990012e-17]}, "segments": [6337, 6341, 6287, 28920], "label": "plant"}, {"objectId": 15, "id": 15, "partId": 15, "index": 14, "dominantNormal": [0.52797931432724, -0.849257230758667, -1.8857298628353436e-16], "obb": {"axesLengths": [0.2551465560321949, 0.22882601107300782, 0.15741985403114733], "centroid": [-0.16356994859051882, 2.691052219384682, -0.46441301224202647], "normalizedAxes": [0.849257230758667, 0.52797931432724, 1.1723495825838093e-16, 0, -2.220446049250313e-16, 1, 0.52797931432724, -0.849257230758667, -1.8857298628353436e-16]}, "segments": [8747, 8614, 29420], "label": "plant"}, {"objectId": 16, "id": 16, "partId": 16, "index": 15, "dominantNormal": [0, -2.220446049250313e-16, 1], "obb": {"axesLengths": [1.1756920681772567, 0.14000004217028517, 0.23504580328561706], "centroid": [0.2494779338318867, 2.535987329130701, -0.6000000011175874], "normalizedAxes": [0.9803058505058289, -0.19748538732528687, -4.385056480711011e-17, 0, -2.220446049250313e-16, 1, -0.19748538732528687, -0.9803058505058289, -2.1767162528126357e-16]}, "segments": [20143, 1966, 33221], "label": "windowsill"}, {"objectId": 17, "id": 17, "partId": 17, "index": 16, "dominantNormal": [0, -2.220446049250313e-16, 1], "obb": {"axesLengths": [3.021746826620976, 0.14000004217028544, 1.6977349614753616], "centroid": [-0.05817177725623151, 1.0569955775316546, 0.8399999643117191], "normalizedAxes": [0.27276015281677246, 0.9620820879936218, 2.1362513713399297e-16, 0, -2.220446049250313e-16, 1, 0.9620820879936218, -0.27276015281677246, -6.056492037149141e-17]}, "segments": [10746, 18614, 3789, 16378, 1949], "label": "ceiling"}, {"objectId": 18, "id": 18, "partId": 18, "index": 17, "dominantNormal": [0, -2.220446049250313e-16, 1], "obb": {"axesLengths": [2.3054066667092736, 0.24671697065121748, 0.7311205485375966], "centroid": [0.8445760557095144, 1.1995211530836152, -0.7466415204858441], "normalizedAxes": [0.12637484073638916, 0.9919825792312622, 2.2026437989791918e-16, 0, -2.220446049250313e-16, 1, 0.9919825792312622, -0.12637484073638916, -2.8060851583775284e-17]}, "segments": [1288, 1303, 36583, 13055, 18588], "label": "kitchen counter"}, {"objectId": 19, "id": 19, "partId": 19, "index": 18, "dominantNormal": [0, -2.220446049250313e-16, 1], "obb": {"axesLengths": [0.6104748805850286, 0.35683899320276824, 0.4563479873531348], "centroid": [0.8455958369802907, 1.0473976223497248, -0.7568474745710014], "normalizedAxes": [-0.5087138414382935, 0.8609356880187988, 1.911661247119942e-16, 0, -2.220446049250313e-16, 1, 0.8609356880187988, 0.5087138414382935, 1.129571639420609e-16]}, "segments": [27957, 27953, 13115, 27933, 36616, 27900, 36640, 27223, 27220, 36743, 12924, 12925, 27217, 27479, 27481, 27490, 27896, 36627, 36659], "label": "sink"}, {"objectId": 20, "id": 20, "partId": 20, "index": 19, "dominantNormal": [0.9850507974624634, -0.17226403951644897, -3.8250300597219894e-17], "obb": {"axesLengths": [0.8614466531437295, 0.8036099492696681, 0.48236407193615805], "centroid": [0.9103670208346162, 1.9036982629140307, -1.1718049588396036], "normalizedAxes": [0.17226403951644897, 0.9850507974624634, 2.1872521515363971e-16, 0, -2.220446049250313e-16, 1, 0.9850507974624634, -0.17226403951644897, -3.8250300597219894e-17]}, "segments": [21553, 1460, 2313, 17538, 21594, 21657, 31546, 33452, 33583, 33586, 18718, 43, 3886, 4221, 8420, 8684, 8785, 17467, 17580, 17604, 17610, 17635, 17645, 21150, 21533, 21536, 21670, 28170, 28175, 31479, 31485, 31537, 33364, 33592, 8024, 21351, 21890, 2328, 28334, 30268, 6161, 8350], "label": "oven"}, {"objectId": 21, "id": 21, "partId": 21, "index": 20, "dominantNormal": [0, -2.220446049250313e-16, 1], "obb": {"axesLengths": [0.8533862591055614, 0.40654795453217724, 0.5886974353437253], "centroid": [1.0541428395213024, 1.9185607037833883, -0.8467259720699646], "normalizedAxes": [-0.0841229110956192, 0.9964553713798523, 2.2125753926346465e-16, 0, -2.220446049250313e-16, 1, 0.9964553713798523, 0.0841229110956192, 1.8679038559370298e-17]}, "segments": [24173, 23967, 18563, 11910, 32432, 11041, 12112, 12191, 12704, 18714, 24282, 24325, 24358, 24363, 24393, 34759, 34774, 18722, 24406, 8560, 36393, 18615, 32512, 10263, 33477, 24498, 34888, 34887, 21373, 24317, 8058, 34921, 32500, 24726, 9916, 10218, 10223, 10236, 10672, 10842, 10953, 11119, 11911, 12348, 13117, 13203, 18760, 18893, 19044, 20185, 20756, 20834, 21009, 21015, 21035, 21039, 21049, 21054, 21093, 21096, 21101, 21113, 21139, 21154, 21219, 21246, 21265, 21274, 21346, 21372, 21378, 21420, 21439, 21446, 21456, 21498, 21503, 21508, 24345, 24437, 24446, 24491, 24507, 24515, 24594, 24599, 24612, 24629, 24647, 24648, 24699, 24713, 28115, 28119, 28156, 28248, 28713, 28934, 30340, 32507, 32547, 33309, 33312, 33317, 33327, 33334, 33350, 33361, 33371, 33374, 33376, 33377, 33389, 33414, 33421, 33444, 34761, 34789, 34851, 34862, 34865, 34884, 34898, 34958, 34976, 34978], "label": "stove"}, {"objectId": 22, "id": 22, "partId": 22, "index": 21, "dominantNormal": [0, -2.220446049250313e-16, 1], "obb": {"axesLengths": [1.2818658569809382, 0.39999998211860677, 0.5087394357841826], "centroid": [0.9012000501890568, 0.679831016989825, -0.37000000953674306], "normalizedAxes": [0.4079172611236572, 0.9130188822746277, 2.0273091700376337e-16, 0, -2.220446049250313e-16, 1, 0.9130188822746277, -0.4079172611236572, -9.05758270883033e-17]}, "segments": [36859, 28056, 37145, 28012, 27418, 36798, 27880, 36716, 22276, 36730, 20508, 20496, 11500, 26936, 36139, 2563, 31032, 2587, 11450, 36169, 11478, 11626, 16030, 20505, 27739, 30099, 36108, 36182, 36815], "label": "shelf"}, {"objectId": 23, "id": 23, "partId": 23, "index": 22, "dominantNormal": [0, -2.220446049250313e-16, 1], "obb": {"axesLengths": [0.29380386472335024, 0.18187594007232938, 0.3397557203533405], "centroid": [-0.15291924298899237, 1.1408410681395438, 0.7525179609093522], "normalizedAxes": [0.8995526432991028, -0.43681231141090393, -9.699181711362391e-17, 0, -2.220446049250313e-16, 1, -0.43681231141090393, -0.8995526432991028, -1.997408112906169e-16]}, "segments": [12529, 12212, 32684, 30127, 30112, 12190, 10422, 30110, 30225, 12288, 12433, 12440, 30122], "label": "light"}, {"objectId": 25, "id": 25, "partId": 25, "index": 24, "dominantNormal": [0, -2.220446049250313e-16, 1], "obb": {"axesLengths": [0.5794748414571373, 0.3399999959766864, 0.38517348212629554], "centroid": [-0.8369748122285636, 1.6854867073192632, 0.0799999759346246], "normalizedAxes": [0.38596299290657043, 0.9225142598152161, 2.0483931435837734e-16, 0, -2.220446049250313e-16, 1, 0.9225142598152161, -0.38596299290657043, -8.570100027562209e-17]}, "segments": [25837, 19442, 19850, 19884, 15598, 15665, 17859, 17873, 17882, 19296, 19307, 19321, 19347, 19359, 19413, 19490, 19504, 19525, 19533, 19585, 19591, 19595, 19613, 19655, 19668, 19676, 19686, 19700, 19702, 19706, 19712, 19725, 19728, 19917, 19972, 19998, 20048, 20049, 20076, 20082, 20107, 22675, 25716, 25728, 25729, 25739, 25796, 25843, 32551, 32554, 32600, 32789, 32796, 32835, 32843, 32850, 32868, 32931, 32987, 33006, 33024, 34063, 35646, 35653, 35682, 35686, 22656, 15701, 20232, 15695, 15720, 15765, 15772, 15773, 15783, 17895, 22392, 22394, 30924, 31766, 31772, 31826, 19582, 32582, 15593, 15653, 19278, 19291, 32787, 32561, 19451, 17967, 32802], "label": "kitchen appliance"}, {"objectId": 26, "id": 26, "partId": 26, "index": 25, "dominantNormal": [0, -2.220446049250313e-16, 1], "obb": {"axesLengths": [0.6450616905615938, 0.3399999661743645, 0.45220877285491995], "centroid": [-0.9300352189801675, 1.6699436137519208, -0.5400000000745062], "normalizedAxes": [-0.024002354592084885, 0.9997119307518005, 2.219806407026238e-16, 0, -2.220446049250313e-16, 1, 0.9997119307518005, 0.024002354592084885, 5.329593342669999e-18]}, "segments": [18104, 17256, 17192, 17089, 17064, 18034, 17325, 8261, 11316, 17130, 17159, 17382, 17401, 18186, 18208, 31459, 31856, 32133, 32145, 31427, 18092], "label": "microwave"}, {"objectId": 27, "id": 27, "partId": 27, "index": 26, "dominantNormal": [-0.4323592782020569, -0.9017014503479004, -2.0021794230282728e-16], "obb": {"axesLengths": [0.33210912680720656, 0.22965996944174227, 0.2243158662899288], "centroid": [-1.0087608757227415, 1.337071760881384, -0.5982230078826174], "normalizedAxes": [0.9017013907432556, -0.4323593080043793, -9.600305173149232e-17, 0, -2.220446049250313e-16, 1, -0.4323593080043793, -0.9017013907432556, -2.0021792906793748e-16]}, "segments": [32244, 18428, 32115, 18090, 31864, 32002, 36088, 17398, 32081, 18143, 31914, 31917, 32139], "label": "kitchen appliance"}, {"objectId": 28, "id": 28, "partId": 28, "index": 27, "dominantNormal": [-0.36767107248306274, -0.9299558997154236, -2.0649169035001326e-16], "obb": {"axesLengths": [0.3290431578945037, 0.30396296894633096, 0.21648249100646402], "centroid": [-1.2215140848224912, 0.2934809770100996, -0.5619814922217694], "normalizedAxes": [0.9299558997154236, -0.36767107248306274, -8.163937803186422e-17, 0, -2.220446049250313e-16, 1, -0.36767107248306274, -0.9299558997154236, -2.0649169035001326e-16]}, "segments": [12102, 26174, 36060, 35940, 35944, 26480], "label": "box"}, {"objectId": 29, "id": 29, "partId": 29, "index": 28, "dominantNormal": [0.884082019329071, -0.46733179688453674, -1.0376850420813194e-16], "obb": {"axesLengths": [0.19521145436409326, 0.2008359983376562, 0.15127520563859329], "centroid": [-1.1983578050936543, 0.8425329128977547, -0.6236510044265315], "normalizedAxes": [0.46733179688453674, 0.884082019329071, 1.9630564270324747e-16, 0, -2.220446049250313e-16, 1, 0.884082019329071, -0.46733179688453674, -1.0376850420813194e-16]}, "segments": [30759, 12044, 15524, 26566], "label": "kettle"}, {"objectId": 30, "id": 30, "partId": 30, "index": 29, "dominantNormal": [-0.3344528377056122, -0.9424124956130981, -2.0925761026482318e-16], "obb": {"axesLengths": [0.2927597160233977, 0.23990299761512124, 0.22819538709985687], "centroid": [-1.0540909862727952, 0.9184532666651112, 0.4203174858469323], "normalizedAxes": [0.9424124956130981, -0.3344528377056122, -7.426344821439827e-17, 0, -2.220446049250313e-16, 1, -0.3344528377056122, -0.9424124956130981, -2.0925761026482318e-16]}, "segments": [30681, 33727, 30704, 21604], "label": "jar"}, {"objectId": 31, "id": 31, "partId": 31, "index": 30, "dominantNormal": [0, -2.220446049250313e-16, 1], "obb": {"axesLengths": [0.21963981948239958, 0.07369297578126988, 0.17522354058600575], "centroid": [0.8320801298914595, 0.19287567611442474, -0.7000375140449961], "normalizedAxes": [-0.13652484118938446, 0.9906366467475891, 2.1996552285132623e-16, 0, -2.220446049250313e-16, 1, 0.9906366467475891, 0.13652484118938446, 3.0314604424349514e-17]}, "segments": [11795], "label": "bowl"}], "scan_id": "8eabc435-5af7-2f32-85c3-163c1fa6e280", "annId": "5086", "appId": "stk.v1"}