{"segGroups": [{"objectId": 31, "id": 31, "partId": 31, "index": 0, "dominantNormal": [0.11541268974542618, -0.9933176040649414, -2.2056081495967859e-16], "obb": {"axesLengths": [0.7639667969553141, 2.019999965578317, 0.1711196174292181], "centroid": [-2.5635086973329093, -0.6810491065548883, -0.6000000905245542], "normalizedAxes": [0.9933176040649414, 0.11541268974542618, 2.5626765097858368e-17, 0, -2.220446049250313e-16, 1, 0.11541268974542618, -0.9933176040649414, -2.2056081495967859e-16]}, "segments": [37635, 49886, 5559, 8501, 4325], "label": "doorframe"}, {"objectId": 1, "id": 1, "partId": 1, "index": 1, "dominantNormal": [0, -2.220446049250313e-16, 1], "obb": {"axesLengths": [4.454383428546964, 0.32367002240560855, 2.471518901654214], "centroid": [-0.9025281185584643, 0.46866455767244175, -1.511835099864713], "normalizedAxes": [0.9934943318367004, 0.11388148367404938, 2.5286769050680697e-17, 0, -2.220446049250313e-16, 1, 0.11388148367404938, -0.9934943318367004, -2.206000564079381e-16]}, "segments": [26807, 31199, 34373, 33261, 35475, 23740, 3059, 38682, 13648, 47857, 13689, 24673], "label": "floor"}, {"objectId": 2, "id": 2, "partId": 2, "index": 2, "dominantNormal": [-0.03614502027630806, -0.9993465542793274, -2.218995108281446e-16], "obb": {"axesLengths": [2.3127686827918357, 2.5795009155683, 0.9568352711650289], "centroid": [-1.9592429256751074, 1.1683525712832565, -0.3333695512256887], "normalizedAxes": [0.9993465542793274, -0.03614502027630806, -8.025806747260069e-18, 0, -2.220446049250313e-16, 1, -0.03614502027630806, -0.9993465542793274, -2.218995108281446e-16]}, "segments": [19237, 20210, 18702, 18709, 20977, 797, 48914, 39430, 49151, 34309, 26236, 21630, 755, 1726, 1761, 1830, 1935, 7486, 8504, 8829, 8859, 10845, 11690, 12209, 14062, 14083, 14393, 14434, 14440, 15219, 20235, 21067, 21069, 21244, 21277, 21596, 21658, 21664, 21680, 21767, 21793, 21885, 21895, 21900, 21911, 26201, 35095, 35128, 35156, 35290, 38020, 40395, 40519, 41120, 41125, 41130, 41135, 41142, 41425, 41609, 42638, 42675, 42704, 42801, 42807, 42832, 43488, 44382, 44391, 47034, 47084, 47112, 47491, 47495, 47497, 47502, 47545, 48470, 49084, 49179, 49207, 21519, 27565, 25616, 26896, 30937, 22887, 34286, 25692, 17342, 48760, 19036, 42224, 14996, 1953, 302, 337, 636, 658, 820, 897, 1411, 1521, 1793, 2156, 2526, 4559, 4566, 4604, 4605, 4627, 4630, 4638, 4642, 4674, 4754, 4756, 4773, 4785, 4791, 5335, 7084, 7093, 7101, 7105, 7130, 7133, 7146, 7220, 7223, 7232, 7274, 7277, 7289, 7336, 7377, 7402, 7427, 7441, 7461, 7468, 7484, 7693, 7697, 7723, 7765, 7806, 7809, 7835, 7846, 7853, 7866, 7874, 7879, 7882, 7888, 8478, 10879, 10881, 10886, 10929, 10965, 10971, 11029, 11032, 11076, 11082, 11086, 11145, 13729, 13747, 13759, 13762, 13766, 13780, 13902, 13981, 14003, 14045, 14119, 14123, 14243, 14299, 14344, 14564, 14755, 14955, 14987, 14990, 15061, 15125, 15873, 17202, 18895, 18935, 18992, 19044, 19550, 21164, 21193, 21213, 21220, 22468, 22554, 22559, 22562, 22565, 25595, 25853, 25884, 25906, 26226, 34771, 35184, 36611, 40758, 40761, 40784, 40786, 40801, 40907, 40911, 40914, 40918, 40926, 40928, 40954, 40995, 40997, 41035, 41039, 41048, 41066, 41231, 41238, 41240, 41264, 42097, 42099, 42101, 42116, 42317, 42524, 42533, 42535, 42537, 42548, 42559, 42607, 42626, 42632, 42636, 42651, 42722, 42761, 42766, 42770, 42784, 42815, 42824, 42844, 42845, 42850, 43697, 43726, 43738, 44332, 44565, 45039, 45041, 45043, 45098, 45103, 46388, 47104, 49222, 49224, 49240, 33, 2687, 557, 564, 569, 609, 615, 739, 833, 946, 1044, 1222, 1357, 1679, 2527, 4341, 4385, 4417, 5344, 14529, 14777, 17364, 21033, 25786, 36658, 37087, 40210, 40222, 40234, 40237, 40302, 40344, 40360, 40744, 40840, 49455, 14773], "label": "wardrobe"}, {"objectId": 3, "id": 3, "partId": 3, "index": 3, "dominantNormal": [0.9993313550949097, 0.03656255081295967, 8.118517150315012e-18], "obb": {"axesLengths": [1.581845563254843, 2.5693689606479775, 0.1841193633195228], "centroid": [-3.0163933119101425, 0.12022938112395276, -0.35173558961446183], "normalizedAxes": [-0.03656255453824997, 0.9993313550949097, 2.218961359312454e-16, 0, -2.220446049250313e-16, 1, 0.9993313550949097, 0.03656255453824997, 8.118517977495625e-18]}, "segments": [13492, 17267, 9524, 5465, 15242, 36313, 6255, 12185], "label": "wall"}, {"objectId": 4, "id": 4, "partId": 4, "index": 4, "dominantNormal": [0.9974764585494995, -0.0709981843829155, -1.5764763801699e-17], "obb": {"axesLengths": [0.8793490243868135, 2.0399999460577964, 0.1722199432348425], "centroid": [-3.0411916925927054, 0.08716258708093827, -0.6100000807642936], "normalizedAxes": [0.0709981843829155, 0.9974764585494995, 2.2148426616064299e-16, 0, -2.220446049250313e-16, 1, 0.9974764585494995, -0.0709981843829155, -1.5764763801699e-17]}, "segments": [18087, 12645, 15428, 12541, 15490, 15280, 364, 10547], "label": "door"}, {"objectId": 5, "id": 5, "partId": 5, "index": 5, "dominantNormal": [0.9990797638893127, -0.04289070516824722, -9.523649684039453e-18], "obb": {"axesLengths": [0.7415664485436981, 0.9812299985908712, 0.3099446975962906], "centroid": [-2.873747037483341, -0.16505173513878824, -0.18061509883519244], "normalizedAxes": [0.04289070516824722, 0.9990797638893127, 2.21840271461396e-16, 0, -2.220446049250313e-16, 1, 0.9990797638893127, -0.04289070516824722, -9.523649684039453e-18]}, "segments": [9029, 12345, 10672, 11755, 5453, 5679, 11240, 5748, 11283, 12132, 41204, 41688, 41698, 12581], "label": "clothes"}, {"objectId": 6, "id": 6, "partId": 6, "index": 6, "dominantNormal": [0.03525475412607193, -0.9993783831596375, -2.2190657825929826e-16], "obb": {"axesLengths": [4.135097613918992, 2.5478899505461006, 0.1872431775099175], "centroid": [-0.9589874106647049, -0.5552557765468285, -0.3388550857710466], "normalizedAxes": [0.9993783831596375, 0.03525475412607193, 7.828127951652759e-18, 0, -2.220446049250313e-16, 1, 0.03525475412607193, -0.9993783831596375, -2.2190657825929826e-16]}, "segments": [541, 2096, 4268, 22973, 2048, 2533, 25716, 17525, 9748, 30078, 30480, 45434, 5965, 9236, 25953], "label": "wall"}, {"objectId": 7, "id": 7, "partId": 7, "index": 7, "dominantNormal": [0.048744071274995804, -0.9988113045692444, -2.2178066151773299e-16], "obb": {"axesLengths": [0.5470223304044126, 0.719999982714653, 0.04832622407251792], "centroid": [-1.0968128169239955, -0.5410020910175533, 0.069999911189079], "normalizedAxes": [0.9988113045692444, 0.0487440750002861, 1.0823358875874623e-17, 0, -2.220446049250313e-16, 1, 0.0487440750002861, -0.9988113045692444, -2.2178066151773299e-16]}, "segments": [1324, 6724, 1523], "label": "picture"}, {"objectId": 8, "id": 8, "partId": 8, "index": 8, "dominantNormal": [0.10338157415390015, -0.9946417808532715, -2.2085484127149424e-16], "obb": {"axesLengths": [0.7157230709279446, 2.042599930407107, 0.21264082024839048], "centroid": [-2.5680999796946136, -0.721888738148459, -0.5913000626571479], "normalizedAxes": [0.9946417808532715, 0.10338156670331955, 2.295531913516936e-17, 0, -2.220446049250313e-16, 1, 0.10338156670331955, -0.9946417808532715, -2.2085484127149424e-16]}, "segments": [170, 3812, 2707, 2716, 2765, 2776, 3904, 40553, 32429, 57, 1954, 2796], "label": "door"}, {"objectId": 9, "id": 9, "partId": 9, "index": 9, "dominantNormal": [0.004136338829994202, -0.9999914169311523, -2.2204269910089999e-16], "obb": {"axesLengths": [0.867883781943963, 1.9847479615044292, 0.377513179661896], "centroid": [-0.07561270213718618, -0.7942920118424253, -0.6176260925614978], "normalizedAxes": [0.9999914169311523, 0.004136338829994202, 9.184517213421287e-19, 0, -2.220446049250313e-16, 1, 0.004136338829994202, -0.9999914169311523, -2.2204269910089999e-16]}, "segments": [32237, 20529, 12004, 13564, 45237, 46628, 14087, 21354, 46635, 20092, 41521, 32253, 31948, 4434, 15357, 15724, 2706, 2840, 2843, 4258, 4291, 11824, 13165, 14010, 14165, 14167, 14198, 14206, 14226, 14250, 14286, 15583, 16288, 16332, 16420, 16852, 16915, 16947, 17011, 17025, 17056, 17130, 17131, 17139, 17193, 17237, 17279, 17292, 41572, 41603, 41857, 41923, 41932, 41961, 41975, 41995, 42054, 42056, 42072, 42087, 42162, 42204, 42244, 42248, 42251, 42259, 42344, 42387, 42391, 42426, 42438, 45688, 45691], "label": "door"}, {"objectId": 10, "id": 10, "partId": 10, "index": 10, "dominantNormal": [0.9995904564857483, 0.028616823256015778, 6.3542112140914714e-18], "obb": {"axesLengths": [2.169101809383207, 2.574449898873643, 0.12982412104223906], "centroid": [1.0459040784624039, 0.5858903743928652, -0.3372250775868073], "normalizedAxes": [-0.02861682139337063, 0.9995904564857483, 2.2195366799720968e-16, 0, -2.220446049250313e-16, 1, 0.9995904564857483, 0.02861682139337063, 6.354210800501165e-18]}, "segments": [51481, 39435, 51472, 51485, 51582, 51516, 1199, 28888, 24528, 28863, 17449, 36889, 31631], "label": "wall"}, {"objectId": 11, "id": 11, "partId": 11, "index": 11, "dominantNormal": [0.9999998807907104, -0.0005303132929839194, -1.1775320562710676e-19], "obb": {"axesLengths": [0.9126623276844933, 2.0329398952512454, 0.17130891935738166], "centroid": [1.195427788656196, 1.1462964660476618, -0.6064700553610181], "normalizedAxes": [0.0005303132347762585, 0.9999998807907104, 2.220445784552517e-16, 0, -2.220446049250313e-16, 1, 0.9999998807907104, -0.0005303132347762585, -1.1775319270240969e-19]}, "segments": [10313, 29443, 41808, 11392, 6135], "label": "door"}, {"objectId": 12, "id": 12, "partId": 12, "index": 12, "dominantNormal": [0.9997946619987488, 0.020263900980353355, 4.4994898874225154e-18], "obb": {"axesLengths": [0.8966736521620398, 2.01191498312544, 0.3212463376478242], "centroid": [1.1819293855267614, 0.020563918665850944, -0.6145026006288261], "normalizedAxes": [-0.020263900980353355, 0.9997946619987488, 2.2199901072966739e-16, 0, -2.220446049250313e-16, 1, 0.9997946619987488, 0.020263900980353355, 4.4994898874225154e-18]}, "segments": [37354, 5282, 22072, 22220, 38944, 44481, 44485, 44530, 21432, 21430, 17112, 1209, 913], "label": "door"}, {"objectId": 13, "id": 13, "partId": 13, "index": 13, "dominantNormal": [0.03896893560886383, -0.9992403984069824, -2.218759394894093e-16], "obb": {"axesLengths": [1.9334422966106872, 2.5545498753812184, 0.1818949633852737], "centroid": [0.06524693233951462, 1.5840290086081241, -0.3243350668027625], "normalizedAxes": [0.9992403984069824, 0.03896893560886383, 8.652841911619154e-18, 0, -2.220446049250313e-16, 1, 0.03896893560886383, -0.9992403984069824, -2.218759394894093e-16]}, "segments": [46520, 1574, 1544, 10159, 23149, 30241, 23230], "label": "wall"}, {"objectId": 14, "id": 14, "partId": 14, "index": 14, "dominantNormal": [0.12224862724542618, -0.9924995303153992, -2.2037916609716194e-16], "obb": {"axesLengths": [0.5845322769611218, 0.6599999816715718, 0.07098604168538403], "centroid": [0.5222027468105153, 1.6462762340040742, 0.07999990142881885], "normalizedAxes": [0.9924995303153992, 0.12224862724542618, 2.7144648139338074e-17, 0, -2.220446049250313e-16, 1, 0.12224862724542618, -0.9924995303153992, -2.2037916609716194e-16]}, "segments": [13638, 29864], "label": "picture"}, {"objectId": 15, "id": 15, "partId": 15, "index": 15, "dominantNormal": [0.02191246673464775, -0.9997599124908447, -2.219912947889135e-16], "obb": {"axesLengths": [0.8564827336218636, 1.9804799114060412, 0.11755276225393073], "centroid": [-0.42221450236089186, 1.7381298963843075, -0.6002400737202167], "normalizedAxes": [0.9997599124908447, 0.02191246673464775, 4.865545019027751e-18, 0, -2.220446049250313e-16, 1, 0.02191246673464775, -0.9997599124908447, -2.219912947889135e-16]}, "segments": [48529, 24941, 24840], "label": "door"}, {"objectId": 16, "id": 16, "partId": 16, "index": 16, "dominantNormal": [0, -2.220446049250313e-16, 1], "obb": {"axesLengths": [4.388438234788654, 0.20589202182236255, 2.431931484884474], "centroid": [-0.9633008716748424, 0.32086902542326623, 0.8729458796319518], "normalizedAxes": [0.9777452349662781, 0.20979584753513336, 4.658403608085079e-17, 0, -2.220446049250313e-16, 1, 0.20979584753513336, -0.9777452349662781, -2.1710305441541912e-16]}, "segments": [22869, 24183, 10557, 34136, 35540, 33548, 46854, 46923, 28314, 23020, 30354, 22611, 46812, 26399, 26400, 25779, 28360, 23034, 46703, 8617, 7638, 17636, 17191, 20915, 46900, 35527, 13260, 27641, 31692, 31691, 31698, 28349], "label": "ceiling"}, {"objectId": 17, "id": 17, "partId": 17, "index": 17, "dominantNormal": [0.032672181725502014, -0.9994661211967468, -2.219260600170851e-16], "obb": {"axesLengths": [0.9208616136185522, 0.7616399356356275, 0.3648862051314814], "centroid": [-1.3948758469731635, -0.4070833924019357, -1.2308200676555932], "normalizedAxes": [0.9994661211967468, 0.032672181725502014, 7.254681683277922e-18, 0, -2.220446049250313e-16, 1, 0.032672181725502014, -0.9994661211967468, -2.219260600170851e-16]}, "segments": [23518, 45033, 26302, 40159, 44663, 23669, 24069, 24058, 47263, 33058, 47324], "label": "commode"}, {"objectId": 18, "id": 18, "partId": 18, "index": 18, "dominantNormal": [-0.00639185169711709, -0.999979555606842, -2.2204006535782962e-16], "obb": {"axesLengths": [0.5436550107776615, 0.9024150169846035, 0.3674534736570809], "centroid": [-0.8010056953676529, -0.40456693902458124, -1.158792564821411], "normalizedAxes": [0.999979555606842, -0.0063918521627783775, -1.4192762882233317e-18, 0, -2.220446049250313e-16, 1, -0.0063918521627783775, -0.999979555606842, -2.2204006535782962e-16]}, "segments": [33245, 45683, 47608, 27207, 23938, 25872, 26232, 28678, 32934, 32945, 44752, 44898, 26139, 45657, 21765, 23952, 23963, 23991, 24015, 25834, 26031, 26327, 26334, 28625, 32952, 44671, 47499, 47582, 47527, 24031, 24044, 24070, 28603, 28626, 33157, 33166, 33202, 33208, 33318, 33391, 44722, 45594, 45618, 47474, 47561, 47445, 50074, 25973, 47174, 47164, 26508, 28071, 28528, 26544, 28527, 28196, 27048, 24310, 24308, 24075, 32784, 32754, 26647, 26667, 27099, 28131, 28483, 28484, 28523, 32712, 32719, 32728, 32762, 32978, 33045, 44730, 45240, 45262, 45264, 45299, 45548, 45550, 45592, 45638, 47373, 49968], "label": "chair"}, {"objectId": 19, "id": 19, "partId": 19, "index": 19, "dominantNormal": [-0.037801433354616165, -0.9992852807044983, -2.2188590536142933e-16], "obb": {"axesLengths": [0.8901285900088532, 0.82162992309861, 0.4648209027775141], "centroid": [0.6262571015097502, 1.4468302693924318, -1.2208150408234824], "normalizedAxes": [0.9992852807044983, -0.03780142962932587, -8.393603507645035e-18, 0, -2.220446049250313e-16, 1, -0.03780142962932587, -0.9992852807044983, -2.2188590536142933e-16]}, "segments": [29797, 48143, 10289, 11872, 12367, 12403, 12416, 12496, 41629, 41665, 12833, 29698, 10273, 12809, 12863, 13586, 45755, 43663, 13613, 13612, 29721, 29753, 29780, 41830, 42064, 43643, 43675, 45742, 45769, 45953, 45992, 33711, 34272, 48413, 48159, 11855, 11508, 11926, 11444, 11574, 11464, 48455], "label": "stand"}, {"objectId": 22, "id": 22, "partId": 22, "index": 22, "dominantNormal": [0, -2.220446049250313e-16, 1], "obb": {"axesLengths": [0.7223756171253295, 0.12987994857400764, 0.6043305039441835], "centroid": [0.700181472705244, -0.250390597126508, -1.5697800520111622], "normalizedAxes": [0.9827517867088318, 0.1849295049905777, 4.106259887461443e-17, 0, -2.220446049250313e-16, 1, 0.1849295049905777, -0.9827517867088318, -2.182147322191312e-16]}, "segments": [47750, 20318, 20328, 43876, 43882, 43890, 18592, 20269, 15393, 47837, 18419, 18503], "label": "shoes"}, {"objectId": 23, "id": 23, "partId": 23, "index": 23, "dominantNormal": [0.9928819537162781, -0.11910262703895569, -2.6446095766398267e-17], "obb": {"axesLengths": [0.10624434166237955, 0.11365002139694935, 0.09457880645445492], "centroid": [0.45007570633950156, 0.5822997523217959, 0.7647148739982774], "normalizedAxes": [0.11910262703895569, 0.9928819537162781, 2.2046408115012419e-16, 0, -2.220446049250313e-16, 1, 0.9928819537162781, -0.11910262703895569, -2.6446095766398267e-17]}, "segments": [27735, 45211, 45227], "label": "light"}, {"objectId": 24, "id": 24, "partId": 24, "index": 24, "dominantNormal": [0.30798017978668213, -0.9513927698135376, -2.112516317017782e-16], "obb": {"axesLengths": [0.07243559116449577, 0.10746896026725405, 0.05294500323568348], "centroid": [0.20436343743214325, 0.5577133410325641, 0.776265389630225], "normalizedAxes": [0.9513927698135376, 0.30798017978668213, 6.838533734547395e-17, 0, -2.220446049250313e-16, 1, 0.30798017978668213, -0.9513927698135376, -2.112516317017782e-16]}, "segments": [47007, 47013, 46998, 47029, 31843], "label": "light"}, {"objectId": 25, "id": 25, "partId": 25, "index": 25, "dominantNormal": [0.9967066049575806, -0.08109229058027267, -1.8006105624362484e-17], "obb": {"axesLengths": [0.08340620463217993, 0.10364895827362774, 0.05435183982967506], "centroid": [-0.016436303043718015, 0.5095465212893502, 0.7781753906270379], "normalizedAxes": [0.08109229058027267, 0.9967066049575806, 2.2131332432397523e-16, 0, -2.220446049250313e-16, 1, 0.9967066049575806, -0.08109229058027267, -1.8006105624362484e-17]}, "segments": [44819, 44829, 24592, 44814, 44811], "label": "light"}, {"objectId": 27, "id": 27, "partId": 27, "index": 27, "dominantNormal": [0.9999783039093018, -0.006583694834262133, -1.4618739184207047e-18], "obb": {"axesLengths": [0.9197490403901908, 2.017509981598481, 0.22537005735076476], "centroid": [1.1143469022352448, 1.1433652093100375, -0.6097650894575191], "normalizedAxes": [0.006583694834262133, 0.9999783039093018, 2.220397874251438e-16, 0, -2.220446049250313e-16, 1, 0.9999783039093018, -0.006583694834262133, -1.4618739184207047e-18]}, "segments": [25296, 9361, 44627, 41388, 11594, 13328, 9401, 34534], "label": "doorframe"}, {"objectId": 28, "id": 28, "partId": 28, "index": 28, "dominantNormal": [0.9991525411605835, 0.041161369532346725, 9.13966003598315e-18], "obb": {"axesLengths": [0.9134486351979294, 1.9901270123542758, 0.22374021480739456], "centroid": [1.154402422698006, 0.030121602717229523, -0.5980165970023752], "normalizedAxes": [-0.041161373257637024, 0.9991525411605835, 2.2185643126184284e-16, 0, -2.220446049250313e-16, 1, 0.9991525411605835, 0.041161373257637024, 9.139660863163762e-18]}, "segments": [39504, 36805, 6384, 20877, 36206], "label": "doorframe"}, {"objectId": 29, "id": 29, "partId": 29, "index": 29, "dominantNormal": [0.03407275304198265, -0.9994193315505981, -2.2191567062859144e-16], "obb": {"axesLengths": [0.9023807102932179, 2.0196999456055464, 0.18920262917643516], "centroid": [-0.42229494970689435, 1.663809615648923, -0.6141700663230569], "normalizedAxes": [0.9994193315505981, 0.03407275676727295, 7.565671815095809e-18, 0, -2.220446049250313e-16, 1, 0.03407275676727295, -0.9994193315505981, -2.2191567062859144e-16]}, "segments": [14852, 28383, 34440, 47054, 28450, 32876], "label": "doorframe"}, {"objectId": 30, "id": 30, "partId": 30, "index": 30, "dominantNormal": [0.029919596388936043, -0.999552309513092, -2.2194519766773714e-16], "obb": {"axesLengths": [0.890205353633513, 2.0017699747882034, 0.1774295374397055], "centroid": [-0.08414125105926362, -0.5860072784096291, -0.610885105411298], "normalizedAxes": [0.999552309513092, 0.029919596388936043, 6.643484959697697e-18, 0, -2.220446049250313e-16, 1, 0.029919596388936043, -0.999552309513092, -2.2194519766773714e-16]}, "segments": [11324, 16878, 17887], "label": "doorframe"}], "scan_id": "8eabc42c-5af7-2f32-87c4-bf646779aa62", "annId": "4549", "appId": "stk.v1"}