{"segGroups": [{"objectId": 1, "id": 1, "partId": 1, "index": 0, "dominantNormal": [0, -2.220446049250313e-16, 1], "obb": {"axesLengths": [5.210028537965207, 1.0999998800456547, 4.905555439762075], "centroid": [-1.2745937665312488, 0.6574412933469911, -1.7600000101094702], "normalizedAxes": [0.8544362187385559, -0.5195563435554504, -1.1536468304106383e-16, 0, -2.220446049250313e-16, 1, -0.5195563435554504, -0.8544362187385559, -1.8972295262344028e-16]}, "segments": [41356, 52525, 51193, 8200, 8440, 8449, 9337, 13351, 13374, 14001, 15011, 15034, 15391, 16235, 18557, 18584, 18660, 18674, 18695, 18701, 18723, 18747, 19055, 20829, 20847, 20853, 20888, 20903, 20913, 20917, 20919, 20954, 20972, 25273, 30797, 30836, 35251, 35730, 36720, 36732, 41750, 41756, 41837, 41854, 41898, 41902, 41911, 42221, 42236, 42251, 42272, 42286, 42300, 42325, 42353, 42389, 42392, 42458, 43377, 43478, 43490, 43491, 43521, 48772, 48779, 48784, 49131, 49136, 49149, 49159, 49176, 49217, 49273, 49279, 49287, 49833, 49840, 49991, 50028, 50031, 50039, 50054, 50091, 50101, 50156, 50167, 50202, 50214, 50222, 50227, 50251, 50260, 50265, 50278, 51040, 51067, 51079, 51262, 51467, 52382, 52407, 52409, 52416, 52435, 52457, 52479, 53036, 55833, 55844, 55870, 55871, 55881, 55893, 55902, 55915, 55949, 56405, 56407, 56455, 56468, 56512, 56522, 56563, 56608, 56627, 56634, 56640, 56688, 56701, 56706, 57650, 57675, 57704, 57707, 57714, 57734, 57737, 57756, 57763, 57767, 57781, 60652, 60657, 60659, 60670, 60677, 60819, 62322, 62825, 62827, 62833, 62860, 62864, 62866, 62870, 62874, 62910, 62913, 62917, 62981, 63753, 63756, 63759, 63792, 64025, 64032, 65042, 65050, 65052, 65055, 65059, 65064, 65068, 65071, 65089, 65099, 65155, 65156, 65162, 65215, 65970, 66145, 56564, 52767, 3289, 4442, 8462, 20844, 55866, 63941, 35235, 6411, 21381, 27987, 33931, 37761, 39290, 53634, 56499, 62077, 62079, 62081, 62085, 62251, 65469, 56500, 34389, 44625, 62885, 34982, 50170, 61107, 65924, 20825, 65061, 65103, 28009, 58492, 66238, 58892, 67433, 6258, 58621, 58608, 36504, 50594, 39440, 26896, 6290, 55322, 275, 53730, 56452, 28130, 60974, 27641, 33028, 30427, 30528, 30444, 65328, 28735], "label": "floor"}, {"objectId": 2, "id": 2, "partId": 2, "index": 1, "dominantNormal": [0, -2.220446049250313e-16, 1], "obb": {"axesLengths": [2.4946413289858156, 1.1082899322742972, 2.0935027472345205], "centroid": [-2.9971181916166967, -1.4780905920776093, -1.755854983995149], "normalizedAxes": [-0.09139145165681839, 0.9958150386810303, 2.2111535684233414e-16, 0, -2.220446049250313e-16, 1, 0.9958150386810303, 0.09139145165681839, 2.0292978776663337e-17]}, "segments": [8165, 60343, 58150, 67133, 1517, 1713, 58218, 60083, 67102, 67125, 16371, 12658, 14649, 67617, 1807, 1317, 2446, 16138, 59494, 59510, 59523, 61337, 67613, 67698, 18563, 59655, 34145, 608, 25961, 58115, 59776, 67247, 2357, 2279, 2282, 2300, 8549, 18684, 60619, 18908, 60617, 8581, 8645, 15067, 8979, 8907, 2618, 2610, 5297, 5259, 694, 761, 786, 788, 791, 1477, 2156, 17233, 60489, 60562, 60635, 17208, 22532, 34754, 60719, 61462, 61467, 61470, 1046, 60569, 1154, 5360, 60512, 58780, 58786], "label": "stairs"}, {"objectId": 4, "id": 4, "partId": 4, "index": 2, "dominantNormal": [0.6271467804908752, -0.7789011001586914, -1.7295078706040887e-16], "obb": {"axesLengths": [5.425537440461687, 4.299999975413082, 0.6509621485151879], "centroid": [-3.1213113024712906, 1.6133577874353655, -0.26000010324172607], "normalizedAxes": [0.7789011001586914, 0.6271467804908752, 1.3925455910410173e-16, 0, -2.220446049250313e-16, 1, 0.6271467804908752, -0.7789011001586914, -1.7295078706040887e-16]}, "segments": [53446, 22090, 50480, 45928, 47530, 46904, 46824, 20459, 20334, 56758, 35436, 20254, 16058, 57537, 55544, 6954, 7096, 7210, 11081, 11580, 14507, 17366, 19614, 31842, 31873, 32546, 37317, 45423, 45960, 47406, 47492, 47860, 50948, 50956, 54112, 54171, 54419, 55628, 55633, 57863, 58067, 58071, 59667, 64867, 64871, 67071, 24243, 49843, 12085, 23184, 14419, 17508, 19801, 14509, 44704, 23343, 7516, 24746, 22857, 22882, 33891, 13519, 21813, 23663, 24013, 25139, 25141, 41523, 43225, 49268, 60706, 60800, 12408, 13859, 57069, 56801, 10121, 11561, 12353, 13254, 13283, 13308, 13449, 13468, 13470, 13481, 13798, 13802, 13833, 13835, 24011, 24135, 24726, 40698, 54209, 57415, 57471, 57543, 57731, 58263, 60602, 60608, 60612, 60803, 57676, 58970, 7743, 12330, 12839, 13252, 14295, 14301, 22562, 24081, 37517, 52620, 58241, 60723, 61875, 67078, 67080, 55090, 55188, 17573, 19399, 19420, 19519, 26079, 19504], "label": "wall"}, {"objectId": 5, "id": 5, "partId": 5, "index": 3, "dominantNormal": [0.6239491701126099, -0.7814649343490601, -1.7352007261030257e-16], "obb": {"axesLengths": [1.7327707720855638, 1.4199999104440226, 0.1323349195483399], "centroid": [-2.477348899028628, 2.3682503673898605, 0.599999899291471], "normalizedAxes": [0.7814649343490601, 0.6239491701126099, 1.385445469709556e-16, 0, -2.220446049250313e-16, 1, 0.6239491701126099, -0.7814649343490601, -1.7352007261030257e-16]}, "segments": [57073, 56324, 20764, 53231, 57980, 53483, 50822, 49097, 66911, 35548, 47764, 55660, 55680, 56056, 67021, 20598, 57503, 35642, 53500, 49924, 55456], "label": "picture"}, {"objectId": 6, "id": 6, "partId": 6, "index": 4, "dominantNormal": [0, -2.220446049250313e-16, 1], "obb": {"axesLengths": [2.0058887075089884, 0.9469139662329703, 1.0296509301590802], "centroid": [-2.3137781184647532, 1.9505974663358172, -0.9005630255876569], "normalizedAxes": [0.8133346438407898, 0.5817961096763611, 1.2918468732000778e-16, 0, -2.220446049250313e-16, 1, 0.5817961096763611, -0.8133346438407898, -1.8059656966346922e-16]}, "segments": [48230, 48706, 25792, 25394, 25102, 24597, 24631, 25199, 25212, 25218, 25477, 25715, 25721, 25726, 27197, 40204, 40213, 46795, 60829, 63127, 63330, 63476, 44905, 21031, 45104, 45790, 63247, 45005, 45149, 63187, 45898, 63341, 63409, 43907, 48628, 45278, 26261, 34043, 28577, 28524, 63087, 25110, 25221, 25291, 25294, 28546, 33951, 40277, 44072, 44074, 44511, 45740, 45743, 60815, 63155, 63453], "label": "sofa"}, {"objectId": 7, "id": 7, "partId": 7, "index": 5, "dominantNormal": [0.787003755569458, 0.6169481873512268, 1.3699001651961735e-16], "obb": {"axesLengths": [3.8167544775730162, 3.388049884407596, 0.24517513791120615], "centroid": [-0.029830006499964146, 1.9733548436323436, 0.1640249460269132], "normalizedAxes": [-0.6169481873512268, 0.787003755569458, 1.747499379799362e-16, 0, -2.220446049250313e-16, 1, 0.787003755569458, 0.6169481873512268, 1.3699001651961735e-16]}, "segments": [15680, 8467, 8652, 9170, 9530, 3904, 3581, 64363, 1840, 3390, 1422, 1557, 3287, 4159, 4792, 5532, 5661, 6476, 8612, 8920, 11252, 11257, 11390, 11449, 11455, 11481, 11714, 11738, 11748, 11835, 11883, 24257, 24487, 24871, 25795, 26392, 28447, 30357, 30408, 30414, 38029, 44811, 51819, 54999, 55112, 60548, 60559, 61098, 64378, 64399, 65002, 65031, 1902, 11706, 64322, 10904, 9705, 11011, 11139, 11184, 11188, 11215, 11254, 11272, 11287, 11288, 11305, 11320, 11321, 11368, 11498, 11499, 11650, 11662, 11689, 11722, 11970, 11974, 60540, 60564, 60567, 60596, 64447, 12041, 13656, 13148, 11168, 13140, 56164, 30383, 38240, 27969, 43174], "label": "wall"}, {"objectId": 8, "id": 8, "partId": 8, "index": 6, "dominantNormal": [0.66306072473526, -0.7485656142234802, -1.6621495607071606e-16], "obb": {"axesLengths": [0.7648281887462103, 1.1622200348477052, 0.17000554447435584], "centroid": [0.9039102254880169, 0.3067132027468871, 1.2911099211111656], "normalizedAxes": [0.7485656142234802, 0.66306072473526, 1.4722905666514574e-16, 0, -2.220446049250313e-16, 1, 0.66306072473526, -0.7485656142234802, -1.6621495607071606e-16]}, "segments": [1102, 1485, 856, 60407, 41554, 38667, 1044], "label": "wall"}, {"objectId": 9, "id": 9, "partId": 9, "index": 7, "dominantNormal": [0, -2.220446049250313e-16, 1], "obb": {"axesLengths": [6.14336518314832, 0.12452006061702825, 4.0547075120708], "centroid": [-2.2765090620091493, 0.12126109820935486, 1.8522598931666456], "normalizedAxes": [0.7411074638366699, 0.6713864207267761, 1.4907773254230786e-16, 0, -2.220446049250313e-16, 1, 0.6713864207267761, -0.7411074638366699, -1.645589140146053e-16]}, "segments": [2646, 453, 18966, 10498, 14775, 12628, 10316, 8017, 10882, 3674, 64065, 229, 505, 47322, 48642, 39754, 26769, 38914, 42566, 36389, 19955, 42596, 17479, 50696, 33640, 48692, 18187, 48451, 48405, 47753, 35592, 35521, 54826, 54796, 53080, 15871, 56861, 52126, 56505, 15797, 53409, 15859, 37866, 37816, 19250], "label": "ceiling"}, {"objectId": 10, "id": 10, "partId": 10, "index": 8, "dominantNormal": [0.6229296922683716, -0.7822778224945068, -1.7370057003740654e-16], "obb": {"axesLengths": [4.455464250178861, 4.053369908332004, 0.11952769887327248], "centroid": [-1.8645381753150063, -1.8679771478912157, -0.19173508392024852], "normalizedAxes": [0.7822778224945068, 0.6229296922683716, 1.383181774158019e-16, 0, -2.220446049250313e-16, 1, 0.6229296922683716, -0.7822778224945068, -1.7370057003740654e-16]}, "segments": [38988, 28324, 31650, 45352, 26345, 31128, 9074, 4819, 26317, 2944, 2978, 3510, 9854, 9893, 9926, 10353, 10382, 10887, 12135, 21686, 21687, 23103, 23122, 23141, 23143, 24946, 28372, 30964, 31648, 33473, 33517, 36355, 39535, 39915, 40627, 42806, 44073, 44075, 60529, 60532, 60738, 61332, 61334, 62819, 23200, 2916, 3888, 2830, 3032, 6547, 7494, 9274, 40747, 41831, 43942, 44326, 13042, 12960, 32490, 15434, 62799, 34064, 38663, 37511, 40930, 25017, 41641, 33350, 21027, 20839, 19036, 21896, 4246, 2756], "label": "wall"}, {"objectId": 11, "id": 11, "partId": 11, "index": 9, "dominantNormal": [0.5014625191688538, -0.8651793599128723, -1.921084091611452e-16], "obb": {"axesLengths": [1.132561226404048, 2.105639947079718, 0.3714456004862289], "centroid": [-0.5883600851800823, -0.8462275326420096, -0.34282006985254654], "normalizedAxes": [0.8651793599128723, 0.5014625191688538, 1.1134704695355907e-16, 0, -2.220446049250313e-16, 1, 0.5014625191688538, -0.8651793599128723, -1.921084091611452e-16]}, "segments": [23568, 24602, 4500, 5760, 5779, 6212, 6251, 20293, 60521, 60702, 24309, 30764, 17126, 66285, 1423, 5919, 22140, 32774, 27752], "label": "door"}, {"objectId": 12, "id": 12, "partId": 12, "index": 10, "dominantNormal": [0.9479736685752869, 0.3183487355709076, 7.068761921822544e-17], "obb": {"axesLengths": [1.0924707602132306, 2.146409940427319, 0.4828634791338997], "centroid": [0.6954750687262434, 0.5892070621430309, -0.32320504596274446], "normalizedAxes": [-0.3183487355709076, 0.9479736685752869, 2.1049243871813214e-16, 0, -2.220446049250313e-16, 1, 0.9479736685752869, 0.3183487355709076, 7.068761921822544e-17]}, "segments": [20489, 16364, 58775, 18753, 48356, 48361, 56210, 54651, 41201, 49442, 18030, 18039, 18062, 18067, 18729, 41278, 46510, 47197, 47557, 48352, 51349, 54637, 60654, 64020, 5025, 21836, 24171, 3452, 63919, 17815, 47567], "label": "door"}, {"objectId": 13, "id": 13, "partId": 13, "index": 11, "dominantNormal": [0, -2.220446049250313e-16, 1], "obb": {"axesLengths": [1.04345816231761, 0.9026119507265392, 1.039609213617528], "centroid": [-0.12127194337544012, 1.4894658440108217, -1.0786940208136153], "normalizedAxes": [0.22486717998981476, 0.9743894338607788, 2.1635791688474155e-16, 0, -2.220446049250313e-16, 1, 0.9743894338607788, -0.22486717998981476, -4.9930544141444324e-17]}, "segments": [35232, 32306, 27320, 27331, 27356, 27445, 27448, 27493, 27503, 27558, 29087, 30568, 30603, 30620, 30735, 31043, 31067, 31090, 31097, 31124, 31164, 31167, 31168, 31175, 31178, 32196, 32230, 32236, 32341, 32415, 32418, 32439, 32453, 32464, 32491, 32509, 32554, 32677, 35064, 35084, 35102, 35128, 35129, 35150, 35151, 35179, 35919, 35921, 35947, 35963, 35983, 36009, 36013, 36097, 36121, 36201, 48855, 50408, 60899, 61184, 61191, 61201, 61206, 61256, 61284, 61506, 61511, 61569, 61574, 61583, 61588, 61707, 61715, 61746, 62837, 63845, 63849, 28234, 21939, 22486, 22500, 27433, 27465, 29067, 29095, 29100, 30879, 32342, 38098, 48839, 48920, 50384, 61138, 61148, 61193, 61561, 63589, 63822, 63852, 50295, 52074, 28232, 31317, 31146, 63657, 27530, 27532, 27533, 27555, 27583, 27584, 27608, 27614, 27617, 27619, 27621, 27632, 28023, 28066, 30704, 30718, 31316, 31352, 31371, 31383, 31390, 32244, 36209, 48938, 48952, 48985, 49013, 60905, 60914, 60937, 61104, 61207, 61208, 63607, 63694, 63709, 31286], "label": "armchair"}, {"objectId": 14, "id": 14, "partId": 14, "index": 12, "dominantNormal": [0.8621326088905334, -0.5066826939582825, -1.1250615860231738e-16], "obb": {"axesLengths": [1.0220867960870124, 1.5721500164534885, 0.8881613214800059], "centroid": [-0.6397939326318238, 2.1357109194538966, -1.4239250395081573], "normalizedAxes": [0.5066826939582825, 0.8621326088905334, 1.9143189453408503e-16, 0, -2.220446049250313e-16, 1, 0.8621326088905334, -0.5066826939582825, -1.1250615860231738e-16]}, "segments": [21587, 39381, 39625, 40452, 62263, 61999, 22456, 32128, 36904, 61643, 62591, 30649, 21620, 21624, 21632, 22205, 22269, 22286, 22299, 27890, 29616, 29624, 29861, 29881, 29893, 30554, 30579, 35979, 36040, 36043, 36082, 36846, 36886, 36899, 36932, 37566, 38126, 38186, 38194, 38224, 38230, 38250, 38709, 38737, 38790, 38826, 38838, 38870, 39645, 40488, 40543, 40553, 40565, 40587, 40732, 40803, 40824, 40827, 40857, 40862, 40868, 61863, 61893, 61895, 61899, 61939, 61948, 62127, 62128, 62134, 62248, 62526, 62529, 62531, 62533, 62535, 62544, 62586, 62640, 43734, 40507, 29936, 62577, 39478, 28262, 28289, 29977, 30049, 40546], "label": "armchair"}, {"objectId": 15, "id": 15, "partId": 15, "index": 13, "dominantNormal": [0.7317080497741699, 0.6816182136535645, 1.513496469604113e-16], "obb": {"axesLengths": [0.9649874895480456, 0.7215479451071927, 0.2225378270299526], "centroid": [-3.0756907787285837, -0.01387641150510141, -0.8979060442980535], "normalizedAxes": [-0.6816182136535645, 0.7317080497741699, 1.624718248325707e-16, 0, -2.220446049250313e-16, 1, 0.7317080497741699, 0.6816182136535645, 1.513496469604113e-16]}, "segments": [58714, 58700, 67606, 58962, 58963, 58971, 58991, 59012, 67338, 67374, 67569, 59340, 67361, 67552, 67554, 67560, 59425, 59223, 21233, 59241, 65139, 65143, 65145, 59330, 59335, 59933, 65132, 59852, 59321, 59858, 59899, 59909, 59937, 21209, 60263, 59120, 59180, 59211, 59884, 59964, 60281, 60289, 67515, 67520, 59112, 60138, 60236, 60258, 67537, 21104, 21095, 21093, 59837, 59822, 21099], "label": "railing"}, {"objectId": 18, "id": 18, "partId": 18, "index": 15, "dominantNormal": [0.35889187455177307, 0.9333791136741638, 2.072517965410556e-16], "obb": {"axesLengths": [0.6312643022019399, 1.0068959368714103, 0.6436120883877651], "centroid": [-1.1609122564522205, 2.882025270445885, -1.2964720132012233], "normalizedAxes": [0.35889187455177307, 0.9333791732788086, 2.072518097759454e-16, 0, -2.220446049250313e-16, 1, 0.9333791732788086, -0.35889187455177307, -7.969000449565235e-17]}, "segments": [46100, 37461, 26062, 61846, 61877, 46116, 63398, 26033, 42959, 28923, 26833, 28793, 28905, 42907, 42910, 62933, 61027, 23686, 23721, 23729, 23734, 23751, 23758, 24809, 26382, 26564, 27018, 27034, 27730, 27761, 28783, 28785, 28787, 28813, 28829, 28898, 28903, 28941, 28952, 42939, 60747, 60889, 60892, 60931, 60992, 61005, 61318, 62954, 28912, 33075, 23891, 20109, 23677, 23720, 23815, 23823, 23841, 23886, 24173, 24179, 60761, 60768, 60778, 60779, 61018, 23924, 24160, 24185, 24191, 60785], "label": "table"}], "scan_id": "6bde60d8-9162-246f-8f11-834bec23f91e", "annId": "4590", "appId": "stk.v1"}