{"segGroups": [{"objectId": 3, "id": 3, "partId": 3, "index": 0, "dominantNormal": [0.6175484657287598, -0.7865328192710876, -1.746453691156197e-16], "obb": {"axesLengths": [2.0193898131123325, 2.431689923293367, 0.37584662989216727], "centroid": [-0.9167043983591712, 1.4617792185830123, -0.3458450154398762], "normalizedAxes": [0.7865328192710876, 0.6175484657287598, 1.371233050948017e-16, 0, -2.220446049250313e-16, 1, 0.6175484657287598, -0.7865328192710876, -1.746453691156197e-16]}, "segments": [13093, 18396, 15735, 9365, 7592, 28524, 19493, 19542, 28733, 16050, 20077, 16029], "label": "wall"}, {"objectId": 4, "id": 4, "partId": 4, "index": 1, "dominantNormal": [0, -2.220446049250313e-16, 1], "obb": {"axesLengths": [2.1579055326139374, 0.07071202835339241, 1.8556687041405229], "centroid": [-0.39207314427011575, 0.7671602177173501, 0.865355939819902], "normalizedAxes": [0.859264612197876, 0.5115313529968262, 1.13582777182947e-16, 0, -2.220446049250313e-16, 1, 0.5115313529968262, -0.859264612197876, -1.907950713415376e-16]}, "segments": [21222, 9746], "label": "ceiling"}, {"objectId": 5, "id": 5, "partId": 5, "index": 2, "dominantNormal": [0.7982539534568787, 0.6023210287094116, 1.3374213485781974e-16], "obb": {"axesLengths": [1.713062998437265, 2.440976922788241, 0.18266999845331863], "centroid": [0.38795555376993707, 1.3451659898042365, -0.331541510338899], "normalizedAxes": [-0.6023210287094116, 0.7982539534568787, 1.7724798372517695e-16, 0, -2.220446049250313e-16, 1, 0.7982539534568787, 0.6023210287094116, 1.3374213485781974e-16]}, "segments": [8482, 19650, 16253, 17954, 20206, 9463, 8780, 8762], "label": "wall"}, {"objectId": 6, "id": 6, "partId": 6, "index": 3, "dominantNormal": [0.7846055030822754, 0.6199953556060791, 1.3766662379090613e-16], "obb": {"axesLengths": [0.5753987910287132, 0.9642319463737613, 0.12137848100923998], "centroid": [0.5167182243859134, 1.1157210802542235, -0.35211601997652675], "normalizedAxes": [-0.6199953556060791, 0.7846054434776306, 1.7421740571901947e-16, 0, -2.220446049250313e-16, 1, 0.7846054434776306, 0.6199953556060791, 1.3766662379090613e-16]}, "segments": [14007, 4736, 23066, 23100, 4869, 5077, 5062, 23037, 4483, 22774, 501, 558, 1266, 22345, 333, 378, 420, 423, 460, 590, 648, 4739, 4768, 4781, 4841, 4894, 5042, 5046, 13796, 13955, 22270, 22274, 22282, 22285, 22300, 22304, 22317, 22323, 22326, 22330, 22756, 22968, 22969, 23040, 23044, 23057, 23077, 23124, 11157, 24774, 16246, 22896, 22910, 22924], "label": "clothes dryer"}, {"objectId": 7, "id": 7, "partId": 7, "index": 4, "dominantNormal": [0, -2.220446049250313e-16, 1], "obb": {"axesLengths": [0.7458877442234264, 0.3247369753255627, 0.34264282147973185], "centroid": [0.055961702071752883, 1.6937130018842774, 0.4323684532410983], "normalizedAxes": [-0.469169020652771, 0.883108377456665, 1.9608945077835061e-16, 0, -2.220446049250313e-16, 1, 0.883108377456665, 0.469169020652771, 1.0417644983390839e-16]}, "segments": [17126, 15887, 14096, 11009, 14130, 15820, 25335, 26594, 26655, 17150, 17114, 12042, 11044, 11052, 11068, 12038, 12043, 12047, 24646, 25121, 14330, 14317, 14392, 14410, 14447, 14521, 14662, 14666, 14679, 25033, 25072, 25076, 25080, 25090, 25096, 27095, 14434], "label": "shelf"}, {"objectId": 8, "id": 8, "partId": 8, "index": 5, "dominantNormal": [0.5310438275337219, -0.8473443388938904, -1.8814823896515573e-16], "obb": {"axesLengths": [0.5368379018425525, 0.8254700118570767, 0.44132207857799266], "centroid": [-0.022989700786781864, 1.5143150041072593, -1.1027350272371992], "normalizedAxes": [0.8473443388938904, 0.5310438275337219, 1.1791541688260175e-16, 0, -2.220446049250313e-16, 1, 0.5310438275337219, -0.8473443388938904, -1.8814823896515573e-16]}, "segments": [17888, 17916, 16392, 20470, 27221, 27124, 15527, 27238, 17456, 16329, 17532, 8955, 16377, 16391, 17686, 26283, 26733, 17860], "label": "toilet"}, {"objectId": 9, "id": 9, "partId": 9, "index": 6, "dominantNormal": [0, -2.220446049250313e-16, 1], "obb": {"axesLengths": [0.5546713117483419, 0.4599999086558837, 0.46745349136065034], "centroid": [0.358184479038514, 1.035236134906508, -1.3200000024586918], "normalizedAxes": [0.9527902603149414, 0.30362918972969055, 6.741922347723651e-17, 0, -2.220446049250313e-16, 1, 0.30362918972969055, -0.9527902603149414, -2.115619369280489e-16]}, "segments": [28952, 18094, 1547, 29030, 5261, 22125, 23301, 29046, 17246, 20653, 5824, 5832, 5850, 5891, 23280, 23304, 26684, 26687, 26690, 18126, 17986, 29008, 17955, 27380, 18170], "label": "bidet"}, {"objectId": 10, "id": 10, "partId": 10, "index": 7, "dominantNormal": [0.8829917907714844, -0.469388484954834, -1.0422518069815511e-16], "obb": {"axesLengths": [2.052154614378565, 2.4102299866773924, 1.4766150993147917], "centroid": [-0.9084946653527957, 0.7392656066895427, -0.4551150492180509], "normalizedAxes": [0.469388484954834, 0.8829917907714844, 1.9606356333390015e-16, 0, -2.220446049250313e-16, 1, 0.8829917907714844, -0.469388484954834, -1.0422518069815511e-16]}, "segments": [19868, 19922, 19943, 19788, 28270, 28287, 19368, 28350, 16747, 26399, 16785, 16823, 16858, 14095, 12975, 16455, 16466, 16514, 12204, 19625, 12273, 24847, 13609, 13605, 10979, 18439, 28082, 28059, 30157, 22000, 28788, 12900, 13015, 13501, 21943, 24779, 13754, 8699, 8649, 23996, 8526, 23937, 8437, 8155, 24388, 24349, 9788, 5913, 7319, 7354, 7380, 7485, 7494, 7525, 7529, 8113, 8466, 8467, 8483, 8586, 8637, 8662, 8683, 9590, 9617, 9629, 9770, 9781, 9805, 9854, 9878, 9898, 9931, 9947, 10017, 10119, 10163, 10421, 10776, 10796, 10802, 10807, 10815, 10834, 10837, 10847, 10896, 10961, 10983, 11741, 12121, 12124, 12265, 12313, 12505, 12556, 12575, 12596, 12607, 12609, 12611, 12629, 12651, 12661, 12670, 12673, 12675, 12676, 12756, 12802, 12820, 12854, 12878, 12886, 12910, 12930, 13009, 13036, 13390, 13396, 13411, 13418, 13428, 13444, 13458, 13504, 13557, 13570, 13583, 13600, 13686, 13862, 13900, 13933, 14000, 14042, 14048, 14175, 14187, 14222, 14261, 14293, 14302, 14404, 14415, 14480, 14481, 14484, 14529, 14532, 14646, 14649, 14652, 14655, 14667, 14676, 14686, 14687, 14692, 14704, 14720, 14726, 14728, 14740, 14748, 14751, 14754, 14761, 14762, 14763, 14774, 14777, 14781, 14786, 14920, 14990, 15054, 15058, 15076, 15078, 15091, 15097, 15127, 15143, 15162, 15170, 15171, 15179, 15203, 15206, 15220, 15223, 15383, 15429, 15467, 15493, 15496, 15506, 15515, 15638, 15797, 15807, 15875, 15884, 16165, 16399, 16428, 16438, 16465, 16477, 16526, 16527, 16535, 16563, 16605, 16613, 16619, 16632, 16667, 16680, 16704, 16705, 16924, 17275, 17473, 17643, 17701, 17731, 17737, 17744, 17759, 17802, 17974, 17992, 18022, 18165, 18169, 18219, 18222, 18277, 18297, 18298, 18315, 18373, 18391, 18411, 18557, 18595, 18613, 18616, 18620, 18643, 18648, 18709, 18714, 18777, 18806, 18813, 18838, 18842, 18844, 18867, 18944, 19057, 19061, 19074, 19081, 19088, 19102, 19114, 19123, 19126, 19133, 19148, 19164, 19170, 19228, 19241, 19276, 19283, 19375, 19376, 19397, 19442, 19514, 19599, 19630, 19657, 19724, 19760, 19768, 19776, 19889, 20133, 20156, 20333, 20553, 20732, 20739, 20740, 20759, 20774, 20867, 20910, 20931, 20933, 20959, 20963, 20966, 20992, 21014, 21015, 21019, 21046, 21051, 21133, 21191, 21226, 21362, 21411, 21416, 21417, 21598, 21610, 21686, 21687, 21701, 21704, 21723, 21733, 21765, 21778, 21819, 21829, 21834, 21846, 21857, 21874, 21875, 21888, 21903, 22017, 22039, 22055, 22057, 23666, 23671, 23674, 23870, 23905, 23918, 24025, 24342, 24346, 24367, 24380, 24425, 24515, 24517, 24524, 24529, 24533, 24538, 24547, 24548, 24551, 24612, 24614, 24621, 24629, 24692, 24694, 24724, 24726, 24729, 24760, 24785, 24861, 24864, 24894, 24952, 25026, 25029, 25031, 25034, 25068, 25070, 25197, 25199, 25200, 25209, 25215, 25217, 25221, 25252, 25277, 25305, 25313, 25321, 25349, 25359, 25423, 25463, 25472, 25491, 25507, 25521, 25522, 25527, 25533, 25534, 25537, 25641, 25644, 25646, 25649, 25652, 25656, 25659, 25661, 25663, 25665, 25668, 25691, 25700, 25851, 25855, 25859, 25921, 25958, 25963, 25964, 25966, 25977, 25985, 25989, 25996, 26070, 26094, 26289, 26343, 26363, 26366, 26369, 26371, 26372, 26378, 26382, 26463, 26487, 26550, 26564, 26598, 26601, 26605, 26664, 26669, 26716, 26719, 27170, 27173, 27224, 27226, 27475, 27555, 27651, 27803, 27850, 27859, 27867, 27870, 27874, 27877, 27881, 27886, 27888, 27892, 27946, 27978, 27983, 28099, 28101, 28228, 28711, 28720, 28851, 28887, 28889, 28897, 29528, 29534, 29537, 29547, 29556, 29559, 29579, 29589, 29597, 29598, 29650, 29660, 29695, 29742, 29852, 29855, 29859, 29997, 30000, 30003, 30061, 30064, 30066, 30072, 30077, 30087, 30168, 30181, 30185, 30187, 30191, 30568, 30595, 30610, 20129, 26211, 28148], "label": "shower"}, {"objectId": 11, "id": 11, "partId": 11, "index": 8, "dominantNormal": [0.8082181215286255, 0.5888832211494446, 1.3075834218710826e-16], "obb": {"axesLengths": [0.6968281640189214, 0.5051500684361887, 0.23170295411739], "centroid": [-0.7754147257993715, 0.11140821289666436, -1.3025750021805989], "normalizedAxes": [-0.5888832211494446, 0.8082181215286255, 1.7946047348807459e-16, 0, -2.220446049250313e-16, 1, 0.8082181215286255, 0.5888832211494446, 1.3075834218710826e-16]}, "segments": [14871, 10734, 26254, 27400, 9476, 9484, 18290, 11600], "label": "bath cabinet"}, {"objectId": 12, "id": 12, "partId": 12, "index": 9, "dominantNormal": [0.7999961376190186, 0.6000051498413086, 1.3322790644949758e-16], "obb": {"axesLengths": [1.688478612310266, 2.3986700237094594, 0.6052286630537979], "centroid": [-1.1144863508596878, 0.22624600818740503, -0.34933504612740096], "normalizedAxes": [-0.6000051498413086, 0.7999961376190186, 1.7763482631916595e-16, 0, -2.220446049250313e-16, 1, 0.7999961376190186, 0.6000051498413086, 1.3322790644949758e-16]}, "segments": [16038, 7752, 9693, 9650, 9233, 19474, 16267, 21921, 8366, 7763, 25598], "label": "wall"}, {"objectId": 13, "id": 13, "partId": 13, "index": 10, "dominantNormal": [0.6019067764282227, -0.7985663414001465, -1.773173477826232e-16], "obb": {"axesLengths": [0.7298203087459244, 2.450123970580309, 0.2029338412358725], "centroid": [0.66384009759006, 0.4374935979810087, -0.34113803674717236], "normalizedAxes": [0.7985664010047913, 0.6019067764282227, 1.3365015237370385e-16, 0, -2.220446049250313e-16, 1, 0.6019067764282227, -0.7985664010047913, -1.77317361017513e-16]}, "segments": [15974, 11096, 4245, 4673, 6309, 6341, 15992, 16007, 22131], "label": "wall"}, {"objectId": 15, "id": 15, "partId": 15, "index": 12, "dominantNormal": [0, -2.220446049250313e-16, 1], "obb": {"axesLengths": [1.814741339770817, 0.12531500774662918, 1.391009354476147], "centroid": [-2.2987533249116847, -0.6425999357167411, 0.8326574284734387], "normalizedAxes": [-0.668320894241333, 0.743873119354248, 1.6517301290136467e-16, 0, -2.220446049250313e-16, 1, 0.743873119354248, 0.668320894241333, 1.4839704892496042e-16]}, "segments": [14978, 5048, 21736, 4796, 36, 764, 7066], "label": "ceiling"}, {"objectId": 16, "id": 16, "partId": 16, "index": 13, "dominantNormal": [0.5044314861297607, -0.8634517192840576, -1.917247958802676e-16], "obb": {"axesLengths": [0.6620739193873381, 2.182409952974096, 0.16334217129084347], "centroid": [-0.6036383819420074, -0.4178138241182092, -0.4812050149320444], "normalizedAxes": [0.8634517192840576, 0.5044314861297607, 1.1200629004942913e-16, 0, -2.220446049250313e-16, 1, 0.5044314861297607, -0.8634517192840576, -1.917247958802676e-16]}, "segments": [15609, 15532, 8890, 20031, 13200, 13251, 15635, 15623, 15540, 25318, 18572, 26066], "label": "wall"}, {"objectId": 17, "id": 17, "partId": 17, "index": 14, "dominantNormal": [0.537568211555481, -0.8432202935218811, -1.8723251693983503e-16], "obb": {"axesLengths": [0.9277714517816402, 1.1399999602139002, 0.2578627545548278], "centroid": [-0.8951855880164998, 0.6172883614648337, -0.08000002063810863], "normalizedAxes": [0.8432202935218811, 0.537568211555481, 1.1936412115509242e-16, 0, -2.220446049250313e-16, 1, 0.537568211555481, -0.8432202935218811, -1.8723251693983503e-16]}, "segments": [12074, 7467, 9552, 27522, 27654, 21607, 8089, 8416, 28905, 28980, 22012, 8098, 24789, 21666, 30588, 20390], "label": "towel"}, {"objectId": 18, "id": 18, "partId": 18, "index": 15, "dominantNormal": [0.9293200373649597, -0.36927536129951477, -8.199560170829895e-17], "obb": {"axesLengths": [0.21845936714769174, 0.19999998360872295, 0.15293623282001348], "centroid": [-0.3516627054455521, 1.795137847738205, -1.010000036805868], "normalizedAxes": [0.36927536129951477, 0.9293200373649597, 2.0635050054561781e-16, 0, -2.220446049250313e-16, 1, 0.9293200373649597, -0.36927536129951477, -8.199560170829895e-17]}, "segments": [8929, 8937, 9324, 9313], "label": "toilet paper"}, {"objectId": 19, "id": 19, "partId": 19, "index": 16, "dominantNormal": [0.811726987361908, 0.5840370655059814, 1.2968227947185028e-16], "obb": {"axesLengths": [0.3753570612177217, 0.21999999389052394, 0.20091050359826176], "centroid": [0.2177464620309797, 1.70960882051734, -0.2600000386685133], "normalizedAxes": [-0.5840370655059814, 0.811726987361908, 1.8023959821576073e-16, 0, -2.220446049250313e-16, 1, 0.811726987361908, 0.5840370655059814, 1.2968227947185028e-16]}, "segments": [29882, 9138, 9244, 8208, 9142, 9144, 9868, 21144, 23834, 23838, 21091], "label": "flush"}, {"objectId": 20, "id": 20, "partId": 20, "index": 17, "dominantNormal": [0.6385471820831299, -0.7695826888084412, -1.7088168409361363e-16], "obb": {"axesLengths": [0.25624765531158866, 0.27788006638258533, 0.208595084372393], "centroid": [0.7534618523036485, 0.713510057442831, -1.4289400053261223], "normalizedAxes": [0.7695826888084412, 0.6385471820831299, 1.417859567716406e-16, 0, -2.220446049250313e-16, 1, 0.6385471820831299, -0.7695826888084412, -1.7088168409361363e-16]}, "segments": [3038, 22801, 3034, 3068, 22798, 22813, 3408], "label": "trash can"}, {"objectId": 21, "id": 21, "partId": 21, "index": 18, "dominantNormal": [0, -2.220446049250313e-16, 1], "obb": {"axesLengths": [0.20851075637183877, 0.05877101289992748, 0.1631178960873818], "centroid": [-0.38381362821663445, 0.7452639540838231, 0.8707234273689206], "normalizedAxes": [-0.5866922736167908, 0.8098099827766418, 1.7981393768998585e-16, 0, -2.220446049250313e-16, 1, 0.8098099827766418, 0.5866922736167908, 1.3027185410780868e-16]}, "segments": [9014, 8985, 9012], "label": "lamp"}, {"objectId": 1, "id": 1, "partId": 1, "index": 20, "dominantNormal": [0, -2.220446049250313e-16, 1], "obb": {"axesLengths": [2.5092841408666566, 0.20000004321336667, 1.8007544325352633], "centroid": [-0.11432992005702602, 0.7058386102404393, -1.590000036954879], "normalizedAxes": [0.23714569211006165, 0.9714741110801697, 2.1571058518969226e-16, 0, -2.220446049250313e-16, 1, 0.9714741110801697, -0.23714569211006165, -5.265692151425175e-17]}, "segments": [11722, 8799, 20145, 25054], "label": "floor"}, {"objectId": 2, "id": 2, "partId": 2, "index": 21, "dominantNormal": [0, -2.220446049250313e-16, 1], "obb": {"axesLengths": [0.9439683140838209, 0.23388200475539245, 0.5971886642567714], "centroid": [-0.8303396351023902, 0.04727904025565499, -0.7830549992683163], "normalizedAxes": [-0.3278639018535614, 0.944724977016449, 2.097710842844267e-16, 0, -2.220446049250313e-16, 1, 0.944724977016449, 0.3278639018535614, 7.280041055625328e-17]}, "segments": [20236, 9513, 28108, 21148, 25620, 24749, 25616, 25818, 16503, 15478, 25852, 15480, 25693, 26014, 25862, 25304, 13138], "label": "sink"}, {"objectId": 26, "id": 26, "partId": 26, "index": 22, "dominantNormal": [0.9715399146080017, -0.23687586188316345, -5.259700716812331e-17], "obb": {"axesLengths": [0.12514169126117825, 0.24725007458217263, 0.05580283071280629], "centroid": [0.4689154117551533, 0.1297919332069056, -1.4136250094259157], "normalizedAxes": [0.23687587678432465, 0.9715399146080017, 2.157251965080324e-16, 0, -2.220446049250313e-16, 1, 0.9715399146080017, -0.23687587678432465, -5.259701047684576e-17]}, "segments": [4983], "label": "wall"}, {"objectId": 24, "id": 24, "partId": 24, "index": 23, "dominantNormal": [0.8889261484146118, 0.45805057883262634, 1.0170765981257242e-16], "obb": {"axesLengths": [0.20563016103520904, 0.892160038080214, 0.0937821560916037], "centroid": [0.4428231652203851, 0.2615568945993853, -1.0960800197851657], "normalizedAxes": [-0.45805054903030396, 0.8889261484146118, 1.9738125543225223e-16, 0, -2.220446049250313e-16, 1, 0.8889261484146118, 0.45805054903030396, 1.0170765319512752e-16]}, "segments": [4944, 4958], "label": "doorframe"}], "scan_id": "1d234006-e280-2b1a-8e34-b2f670259e8d", "annId": "4986", "appId": "stk.v1"}