{"segGroups": [{"objectId": 47, "id": 47, "partId": 47, "index": 0, "dominantNormal": [-0.6352055668830872, -0.772343099117279, -1.7149461831007052e-16], "obb": {"axesLengths": [0.28653386898890815, 0.7604500481385723, 0.24292538497678282], "centroid": [2.027803162116753, -2.71967804408144, -0.9702250192480908], "normalizedAxes": [0.772343099117279, -0.6352055668830872, -1.4104396914473564e-16, 0, -2.220446049250313e-16, 1, -0.6352055668830872, -0.772343099117279, -1.7149461831007052e-16]}, "segments": [114838, 97913, 111185, 110665, 110175, 12919, 12636, 150016, 101506, 113877, 13253], "label": "plank"}, {"objectId": 48, "id": 48, "partId": 48, "index": 1, "dominantNormal": [0.9609021544456482, 0.27688825130462646, 6.148154236931857e-17], "obb": {"axesLengths": [0.3741443377857057, 0.879999945759774, 0.21999630472055087], "centroid": [2.146819483244408, -2.5997846509498737, -0.8499999947317697], "normalizedAxes": [-0.27688825130462646, 0.9609021544456482, 2.1336313925549537e-16, 0, -2.220446049250313e-16, 1, 0.9609021544456482, 0.27688825130462646, 6.148154236931857e-17]}, "segments": [101508, 101192, 99873, 97916, 13459, 150160, 113767, 81913, 100656, 131728], "label": "plank"}, {"objectId": 49, "id": 49, "partId": 49, "index": 2, "dominantNormal": [0.8980373740196228, 0.43991923332214355, 9.768169236193803e-17], "obb": {"axesLengths": [0.5935365735689797, 0.5268100382355589, 0.3817055905260014], "centroid": [1.6729295460424223, -2.590851845191097, -1.3065950328344476], "normalizedAxes": [-0.43991920351982117, 0.8980373740196228, 1.9940435392209972e-16, 0, -2.220446049250313e-16, 1, 0.8980373740196228, 0.43991920351982117, 9.768168574449313e-17]}, "segments": [19424, 112377, 786, 563, 860, 8159, 8263, 8478, 8627, 9629, 12015, 18114, 18189, 19296, 19341, 19344, 19359, 19364, 19419, 19423, 108202, 109432, 109501, 112358, 112361, 112419, 855, 110022, 11955, 248, 373, 489, 734, 8000, 8021, 8072, 8120, 8136, 8231, 8239, 8441, 8595, 8607, 8619, 8729, 8886, 11212, 11293, 19338, 108188, 108198, 109409, 109416, 109430, 109434, 109437, 109443, 109445, 109471], "label": "bucket"}, {"objectId": 50, "id": 50, "partId": 50, "index": 3, "dominantNormal": [0.9894117712974548, 0.14513559639453888, 3.2226576161984184e-17], "obb": {"axesLengths": [0.6721814115587212, 0.53372900485108, 0.4647255661567742], "centroid": [3.148264472381755, -0.7764347553935349, -1.2431354888789623], "normalizedAxes": [-0.14513559639453888, 0.9894117712974548, 2.196935458659188e-16, 0, -2.220446049250313e-16, 1, 0.9894117712974548, 0.14513559639453888, 3.2226576161984184e-17]}, "segments": [21826, 113599, 23980, 114161, 3863, 113374, 21574, 21687, 21691, 21714, 21722, 21773, 45042, 113361, 113366, 113370, 113402, 113404, 23922, 23933, 21627, 21656, 113535, 113483, 24010, 1135, 1164, 21657, 29043, 29289, 29532, 29536, 29560, 29844, 32971, 36153, 36163, 36244, 36246, 108437, 109346, 113428], "label": "bucket"}, {"objectId": 51, "id": 51, "partId": 51, "index": 4, "dominantNormal": [0, -2.220446049250313e-16, 1], "obb": {"axesLengths": [0.6219153300072797, 0.33219992371946727, 0.5516072494527633], "centroid": [3.2300654648586433, -0.7693055669438142, -1.5160999901191148], "normalizedAxes": [0.24680204689502716, 0.9690659046173096, 2.1517585593706858e-16, 0, -2.220446049250313e-16, 1, 0.9690659046173096, -0.24680204689502716, -5.4801062997495356e-17]}, "segments": [115, 108866, 194, 111848, 50805, 51, 84, 183, 42193, 42196, 42410, 42428, 42546, 43195, 43199, 43207, 108377, 108379, 108396, 108400, 108406, 108408, 108412, 108422, 108424, 108973, 42401, 108565, 108610, 27647, 17129, 1546, 20415, 27844, 27869, 43430, 51517, 51568, 51570, 108584, 108588, 108851, 108903, 1539], "label": "box"}, {"objectId": 52, "id": 52, "partId": 52, "index": 5, "dominantNormal": [0.9790523648262024, 0.20360849797725677, 4.5210168492739017e-17], "obb": {"axesLengths": [0.7367396155350753, 0.4816360365978765, 0.19520566910971232], "centroid": [3.0672029395596265, -0.9826488674948872, -1.2091820315671262], "normalizedAxes": [-0.20360851287841797, 0.9790523648262024, 2.1739329554875173e-16, 0, -2.220446049250313e-16, 1, 0.9790523648262024, 0.20360851287841797, 4.521017180146147e-17]}, "segments": [108446, 113398], "label": "plank"}, {"objectId": 53, "id": 53, "partId": 53, "index": 6, "dominantNormal": [0.9976035356521606, -0.06918928772211075, -1.53631080573004e-17], "obb": {"axesLengths": [0.7448371621677319, 0.6857510055806258, 0.3444844887170386], "centroid": [3.3006421484834476, -1.0306662139661174, -1.1085245409409437], "normalizedAxes": [0.06918928772211075, 0.9976035356521606, 2.215124829456984e-16, 0, -2.220446049250313e-16, 1, 0.9976035356521606, -0.06918928772211075, -1.53631080573004e-17]}, "segments": [13717, 13669, 111291, 111385, 13658, 36160, 29782, 1172, 33359, 28228, 109341, 113981, 1104, 29841, 1329, 29798, 109233, 1174, 1107], "label": "plank"}, {"objectId": 54, "id": 54, "partId": 54, "index": 7, "dominantNormal": [0.9999990463256836, -0.0013942999066784978, -3.0959677192543506e-19], "obb": {"axesLengths": [0.200043630403798, 1.2800999295689175, 0.08354203783938342], "centroid": [3.149320957136925, -1.430020981601186, -0.7900500019845372], "normalizedAxes": [0.001394299790263176, 0.9999990463256836, 2.220443931667945e-16, 0, -2.220446049250313e-16, 1, 0.9999990463256836, -0.001394299790263176, -3.095967460760409e-19]}, "segments": [124305, 108484, 38602, 36032], "label": "plank"}, {"objectId": 55, "id": 55, "partId": 55, "index": 8, "dominantNormal": [0.9769436120986938, 0.2134973704814911, 4.740593928109573e-17], "obb": {"axesLengths": [0.5581270264557174, 0.5258799673792723, 0.277435237665514], "centroid": [3.12097767535186, -1.1480838913166491, -1.4129399687356512], "normalizedAxes": [-0.2134973704814911, 0.9769436120986938, 2.169250583824875e-16, 0, -2.220446049250313e-16, 1, 0.9769436120986938, 0.2134973704814911, 4.740593928109573e-17]}, "segments": [33965, 17135, 27228, 28576, 28709, 108557, 108560, 108562, 108576, 31796], "label": "bucket"}, {"objectId": 57, "id": 57, "partId": 57, "index": 9, "dominantNormal": [-0.66932213306427, -0.7429723143577576, -1.6497299401180445e-16], "obb": {"axesLengths": [0.6953048528226109, 0.9438890007759105, 0.4429667890608379], "centroid": [2.437038577034472, -0.2241840351242852, -1.1987854916345593], "normalizedAxes": [0.7429723143577576, -0.66932213306427, -1.4861936860383507e-16, 0, -2.220446049250313e-16, 1, -0.66932213306427, -0.7429723143577576, -1.6497299401180445e-16]}, "segments": [62773, 62818, 108278, 62794, 795, 108282, 972, 1005, 65697, 66322, 66144, 85750, 835, 954, 79011, 79570, 109216, 86338, 59516, 108995, 59527, 58628, 113642, 58631, 329, 109139, 649, 109166, 336, 354, 454, 457, 459, 609, 618, 624, 664, 22096, 22130, 22176, 22187, 58599, 59510, 108369, 108990, 108996, 109175, 113603, 113626, 113639, 113699, 109000, 262, 316, 109074, 483, 259, 108982, 476, 109028, 113720], "label": "rolling cart"}, {"objectId": 58, "id": 58, "partId": 58, "index": 10, "dominantNormal": [0, -2.220446049250313e-16, 1], "obb": {"axesLengths": [2.0788083778901587, 0.7246489660892866, 0.78567176065461], "centroid": [3.4029526101076577, 0.4688411613136816, -0.8038355129316713], "normalizedAxes": [0.8045185804367065, -0.5939275026321411, -1.3187839767606427e-16, 0, -2.220446049250313e-16, 1, -0.5939275026321411, -0.8045185804367065, -1.7863901034791553e-16]}, "segments": [60096, 6846, 3732, 123390, 3741, 127100, 60650, 60003, 59682, 57700, 52670, 122980, 46632, 46665, 121415, 54122, 54200, 56900, 59612, 56749, 123599, 59913, 123214, 60500, 123242, 52693, 52246, 120782, 3696, 7687, 7745, 46637, 52263, 52697, 52728, 52803, 52898, 52920, 52949, 52989, 53004, 54140, 54141, 54156, 54235, 54259, 55007, 55102, 55126, 55139, 55888, 56751, 56771, 56793, 56804, 56944, 57236, 57240, 57264, 57273, 57612, 57644, 59669, 59894, 59914, 59916, 60014, 61284, 120966, 120990, 120996, 121009, 121024, 121033, 121037, 121426, 121461, 122088, 122111, 122125, 122175, 122429, 122462, 122481, 123207, 123209, 123238, 123361, 123580, 123629, 123679, 123688, 123898, 57262, 54519, 57585, 54144, 7735, 7746, 54036, 54483, 121450, 53522, 53971, 53998, 54008, 54463, 121245, 121530, 54532, 3780, 6668, 6919, 54022, 57298, 60121, 60138, 60162, 60220, 60253, 121085, 123256, 123960, 60263, 60268, 60288, 123439, 123470, 123907, 15727, 15730, 11994, 12239, 11991, 123446, 119280], "label": "table"}, {"objectId": 59, "id": 59, "partId": 59, "index": 11, "dominantNormal": [0.7831675410270691, -0.6218107342720032, -1.3806971882957057e-16], "obb": {"axesLengths": [0.4828314632648975, 0.29849796820063945, 0.287534479351305], "centroid": [4.095195286512676, -0.12276509143227154, -0.5792490162340034], "normalizedAxes": [0.6218107342720032, 0.7831675410270691, 1.738981272374638e-16, 0, -2.220446049250313e-16, 1, 0.7831675410270691, -0.6218107342720032, -1.3806971882957057e-16]}, "segments": [15080, 51899, 51987, 51852, 52012, 52124, 121467, 52160, 52148, 52118, 121469, 52237, 120770, 52167, 52241], "label": "object"}, {"objectId": 63, "id": 63, "partId": 63, "index": 12, "dominantNormal": [0, -2.220446049250313e-16, 1], "obb": {"axesLengths": [0.13854036019124863, 0.08000004112720394, 0.08546191539071697], "centroid": [3.7381908873902896, 0.6662065898004733, -0.6900000167854878], "normalizedAxes": [0.9993284344673157, -0.03664302080869675, -8.13638507872677e-18, 0, -2.220446049250313e-16, 1, -0.03664302080869675, -0.9993284344673157, -2.2189548742164515e-16]}, "segments": [55719, 55735], "label": "object"}, {"objectId": 64, "id": 64, "partId": 64, "index": 13, "dominantNormal": [0.745434045791626, 0.6665793657302856, 1.4801035191475923e-16], "obb": {"axesLengths": [0.6237881100612976, 0.9269799978961047, 0.2668061184465685], "centroid": [3.878458948795954, -0.13142019266252514, -1.2134900167766212], "normalizedAxes": [-0.6665793657302856, 0.745434045791626, 1.6551960819546929e-16, 0, -2.220446049250313e-16, 1, 0.745434045791626, 0.6665793657302856, 1.4801035191475923e-16]}, "segments": [24632, 3522, 25323, 25331, 46797, 8281, 8314, 8325, 15305, 15319, 46825, 52282, 52398, 110323, 110326, 111633, 120861, 120914], "label": "file cabinet"}, {"objectId": 65, "id": 65, "partId": 65, "index": 14, "dominantNormal": [0.7918543219566345, 0.6107100248336792, 1.3560486618795036e-16], "obb": {"axesLengths": [1.5144501699332589, 0.8679929777683394, 0.582457836642551], "centroid": [3.1795632161185194, 0.5894117067944109, -1.2369834850129457], "normalizedAxes": [-0.6107100248336792, 0.7918543219566345, 1.7582698007703946e-16, 0, -2.220446049250313e-16, 1, 0.7918543219566345, 0.6107100248336792, 1.3560486618795036e-16]}, "segments": [3122, 3836, 3139, 15867, 8391, 12961, 15895, 25515, 25562, 114526, 2626, 2627, 2666, 3027, 3028, 11758, 12000, 59722, 61209, 61725, 80134, 108755, 122944, 59708, 123323, 53078, 25570, 25477], "label": "cabinet"}, {"objectId": 66, "id": 66, "partId": 66, "index": 15, "dominantNormal": [0.9933788180351257, -0.11488475650548935, -2.5509540370169803e-17], "obb": {"axesLengths": [0.21161259504390154, 0.1799700219935918, 0.12380096898384164], "centroid": [2.8692569119307634, 1.4035743523745299, -1.5785549872163316], "normalizedAxes": [0.11488474905490875, 0.9933788180351257, 2.2057440719150406e-16, 0, -2.220446049250313e-16, 1, 0.9933788180351257, -0.11488474905490875, -2.5509538715808578e-17]}, "segments": [16116, 16113, 26591], "label": "object"}, {"objectId": 67, "id": 67, "partId": 67, "index": 16, "dominantNormal": [0.2727324366569519, -0.9620898962020874, -2.1362687090455688e-16], "obb": {"axesLengths": [0.17029840359826087, 0.23588698575153236, 0.151056559090527], "centroid": [3.6159917203263117, 0.43886371244559963, -0.6257455257004017], "normalizedAxes": [0.9620898962020874, 0.2727324664592743, 6.055877276517891e-17, 0, -2.220446049250313e-16, 1, 0.2727324664592743, -0.9620898962020874, -2.1362687090455688e-16]}, "segments": [57710, 57180, 57210, 57266, 57573, 57580], "label": "bottle"}, {"objectId": 68, "id": 68, "partId": 68, "index": 17, "dominantNormal": [0, -2.220446049250313e-16, 1], "obb": {"axesLengths": [0.2801419111975406, 0.16167002554975385, 0.19993096952512585], "centroid": [3.456067628329999, 0.7726841496115148, -0.6691650050536921], "normalizedAxes": [0.8485037684440613, -0.5291892886161804, -1.1750362652133815e-16, 0, -2.220446049250313e-16, 1, -0.5291892886161804, -0.8485037684440613, -1.8840568404156183e-16]}, "segments": [56149, 122234, 56168, 56174, 56175, 56710, 56770, 56785, 121896, 126601, 56154, 56612], "label": "object"}, {"objectId": 69, "id": 69, "partId": 69, "index": 18, "dominantNormal": [0.9381536841392517, 0.34621909260749817, 7.687608163553476e-17], "obb": {"axesLengths": [0.827998271551387, 0.8773289722801225, 0.575761217090209], "centroid": [2.2711504380597445, 2.5558413385012555, -1.215555496485856], "normalizedAxes": [-0.34621909260749817, 0.9381536841392517, 2.0831196415366276e-16, 0, -2.220446049250313e-16, 1, 0.9381536841392517, 0.34621909260749817, 7.687608163553476e-17]}, "segments": [16841, 16771, 111868, 15542, 15566, 16746, 16763, 16789, 16792, 39673, 81515, 81519, 81525, 81533, 111855, 115474, 132354, 132382, 132403, 85253, 133926, 133878, 85229, 24297, 85272, 114181, 133844, 133901, 16882, 60735, 3870, 7956, 16846, 17002, 17483, 26667, 26710, 26740, 58360, 60737, 60738, 108310, 108313, 110314, 114881, 114886, 133781, 85160, 85233, 85286, 85333, 24258, 24248, 133774, 133908, 132317, 81494, 85182, 133738, 133794, 133859], "label": "chair"}, {"objectId": 70, "id": 70, "partId": 70, "index": 19, "dominantNormal": [0, -2.220446049250313e-16, 1], "obb": {"axesLengths": [0.43527207374231613, 0.3088500430691976, 0.4509633687873866], "centroid": [3.4501173121998576, 2.2532823519785494, -1.521224976176285], "normalizedAxes": [-0.10342192649841309, 0.9946375489234924, 2.2085390159431838e-16, 0, -2.220446049250313e-16, 1, 0.9946375489234924, 0.10342192649841309, 2.296428080992576e-17]}, "segments": [23763, 111631, 15149, 15174, 84902, 114108, 24038, 6194], "label": "box"}, {"objectId": 71, "id": 71, "partId": 71, "index": 20, "dominantNormal": [0, -2.220446049250313e-16, 1], "obb": {"axesLengths": [0.7510021683132041, 0.47383998765409013, 0.768088316349393], "centroid": [1.183262184052983, 2.9746019042100875, -1.4531400224826485], "normalizedAxes": [0.7976347208023071, -0.6031408309936523, -1.3392416753214061e-16, 0, -2.220446049250313e-16, 1, -0.6031408309936523, -0.7976347208023071, -1.7711048645503594e-16]}, "segments": [135936, 139093, 28142, 28161, 28278, 88671, 88724, 88764, 94237, 94358, 135852, 135861, 136007, 139163, 28087, 85477, 58285, 28322, 28347, 28355, 28450, 28517, 37201, 37234, 37506, 88639, 88658, 88718, 88786, 88790, 88853, 89822, 89823, 121835, 121844, 135822, 135826, 135827, 135829, 135954, 135974, 37308, 139049, 37215, 36928, 37369, 45544, 94224, 115056, 135842, 106692, 139053, 139117, 35622, 88870, 94315, 94385, 94383, 94297, 138951, 35482, 62000, 62046, 62049, 62097, 77716, 88777, 88833, 88863, 94239, 94266, 94269, 94273, 94296, 94300, 96746, 136012, 136017, 136020, 136022, 136027, 138913, 138916, 138969, 139001, 139058, 139062, 139065, 31395, 122137, 31480, 61945, 61955, 88992, 89052, 94405, 121775, 63184, 77791, 78238], "label": "vacuum cleaner"}, {"objectId": 72, "id": 72, "partId": 72, "index": 21, "dominantNormal": [-0.3906458914279938, -0.9205410480499268, -2.0440117333152025e-16], "obb": {"axesLengths": [0.8092007133426828, 0.727172954518207, 0.6296348442334171], "centroid": [1.178156514981864, 1.5291023158777415, -1.1670934642972772], "normalizedAxes": [0.9205410480499268, -0.3906458616256714, -8.674080601027065e-17, 0, -2.220446049250313e-16, 1, -0.3906458616256714, -0.9205410480499268, -2.0440117333152025e-16]}, "segments": [20521, 82897, 19560, 112452, 82286, 19738, 112586, 19550, 19619, 19629, 19651, 19664, 19690, 19714, 19718, 19737, 19781, 19783, 19784, 19796, 19812, 19833, 19849, 19936, 19937, 20000, 20010, 20025, 20034, 20047, 20058, 20532, 20607, 20675, 20676, 20699, 20727, 20750, 20758, 20790, 20794, 20811, 20832, 20963, 20984, 21049, 21080, 82313, 82395, 82405, 82450, 82669, 82672, 82679, 82796, 84485, 88973, 89049, 89898, 89949, 104532, 112449, 112450, 112469, 112510, 112514, 112517, 112519, 112521, 112528, 112622, 112718, 112999, 113007, 113010, 113082, 113170, 113212, 113232, 130937, 130940, 132741, 132744, 132746, 132752, 132796, 133372, 136036, 136063, 136065, 136232, 141702, 132774, 19910, 20865, 21092, 26919, 89172, 104411, 113083, 113086, 130904, 141610, 20585, 113242, 113265, 113268, 113286], "label": "object"}, {"objectId": 73, "id": 73, "partId": 73, "index": 22, "dominantNormal": [0.8136276006698608, -0.581386387348175, -1.2909371068751675e-16], "obb": {"axesLengths": [0.7485620690538587, 2.2109798890878274, 0.7104436318593524], "centroid": [0.6632900877734902, 2.5074553408562172, -0.5754900195929411], "normalizedAxes": [0.581386387348175, 0.8136276006698608, 1.806616191468404e-16, 0, -2.220446049250313e-16, 1, 0.8136276006698608, -0.581386387348175, -1.2909371068751675e-16]}, "segments": [74645, 141950, 24051, 24071, 61777, 61782, 67163, 68188, 74664, 128615, 128653, 145513, 24131, 26468, 31210, 31399, 75057, 81258, 81293, 81304, 122146, 132300, 132302, 143271, 28674, 85074, 53958, 56735, 150357, 150391, 150273, 51118, 26664, 145454, 103338, 21161, 21207, 21246, 21270, 24492, 25601, 25615, 28772, 28817, 28838, 30052, 30067, 38810, 42434, 42443, 42456, 48772, 48920, 50145, 50332, 50337, 50442, 51232, 51328, 51453, 51919, 52098, 52115, 52305, 52375, 52388, 52436, 52549, 52592, 52613, 53414, 53562, 53744, 56458, 57076, 57290, 66270, 66365, 66372, 66378, 66443, 66582, 66659, 72393, 72543, 73354, 73358, 73375, 83209, 84690, 84693, 84962, 89566, 94861, 96254, 96439, 97175, 97213, 97310, 105870, 113299, 113781, 118422, 118466, 118565, 118579, 118647, 118665, 118764, 119066, 119219, 119224, 119235, 119241, 119246, 119248, 119251, 119254, 119257, 119260, 119267, 119270, 120419, 120450, 120452, 120541, 123575, 123640, 126843, 128688, 130219, 130817, 136661, 136707, 141432, 141435, 141582, 141613, 141659, 143032, 70919, 107365, 125952, 97776, 119770, 52806, 118806, 28924, 52892, 28897, 28904, 28898, 52873, 52876], "label": "cabinet"}, {"objectId": 75, "id": 75, "partId": 75, "index": 23, "dominantNormal": [0, -2.220446049250313e-16, 1], "obb": {"axesLengths": [0.7823099171769434, 0.459999983161688, 0.5621212773366037], "centroid": [0.7156879048285851, 2.473980965766773, -0.3400000231184812], "normalizedAxes": [0.9565904140472412, 0.2914356589317322, 6.471171574856264e-17, 0, -2.220446049250313e-16, 1, 0.2914356589317322, -0.9565904140472412, -2.124057405621918e-16]}, "segments": [141628, 97963, 25290, 25389, 136555, 66036, 66383, 123545, 133482, 133485, 53300, 53009, 53020, 53082, 97156, 97159, 120411, 120413, 120422, 141454, 150220, 150224, 150226, 150229, 150232, 150430, 150433, 48482, 53088, 141484], "label": "box"}, {"objectId": 76, "id": 76, "partId": 76, "index": 24, "dominantNormal": [0, -2.220446049250313e-16, 1], "obb": {"axesLengths": [0.5967547031410488, 0.20481800575216091, 0.30193474420286964], "centroid": [0.5968521319684936, 2.3968834148054325, -0.9611610305266602], "normalizedAxes": [0.8354544043540955, -0.5495597720146179, -1.2202678245967611e-16, 0, -2.220446049250313e-16, 1, -0.5495597720146179, -0.8354544043540955, -1.8550814314768248e-16]}, "segments": [97876, 107013, 103138, 145544, 97686, 96328, 96868, 103146, 103240, 145437, 145447, 145585, 98164, 103192], "label": "box"}, {"objectId": 77, "id": 77, "partId": 77, "index": 25, "dominantNormal": [0, -2.220446049250313e-16, 1], "obb": {"axesLengths": [0.34263853887095364, 0.20000004321336626, 0.27137133247968365], "centroid": [0.22004627029969548, 2.2181505508184474, -1.1100000240870564], "normalizedAxes": [0.1878841370344162, 0.9821912050247192, 2.180902580805542e-16, 0, -2.220446049250313e-16, 1, 0.9821912050247192, -0.1878841370344162, -4.171865897948739e-17]}, "segments": [87333, 87282, 96331, 135056, 87308, 87358, 87360, 143730], "label": "bucket"}, {"objectId": 78, "id": 78, "partId": 78, "index": 26, "dominantNormal": [0, -2.220446049250313e-16, 1], "obb": {"axesLengths": [0.7635981685922372, 0.5011299736545239, 0.7225897009589], "centroid": [0.33244877657197014, 2.033572303581223, -1.4205649523527561], "normalizedAxes": [0.9738483428955078, 0.227198988199234, 5.0448309574065766e-17, 0, -2.220446049250313e-16, 1, 0.227198988199234, -0.9738483428955078, -2.1623777055512945e-16]}, "segments": [144301, 77244, 83030, 73922, 79080, 86198, 131661, 103329, 72547, 74490, 128724], "label": "stool"}, {"objectId": 79, "id": 79, "partId": 79, "index": 27, "dominantNormal": [-0.39465877413749695, -0.9188277721405029, -2.0402074965908466e-16], "obb": {"axesLengths": [0.5990856256690374, 0.5977600679302199, 0.3869821174564224], "centroid": [0.5269059796984701, 1.9559436195910078, -1.4007499846865243], "normalizedAxes": [0.9188277721405029, -0.39465874433517456, -8.763184496611277e-17, 0, -2.220446049250313e-16, 1, -0.39465874433517456, -0.9188277721405029, -2.0402074965908466e-16]}, "segments": [132881, 74824, 82509, 82502, 132917, 84258, 84352, 84397, 84411, 84414, 131185, 131602, 132967, 99139, 68847, 73897, 73940, 73951, 80701, 85171, 85175, 86217, 99175, 99207, 132945, 142698, 72025], "label": "object"}, {"objectId": 80, "id": 80, "partId": 80, "index": 28, "dominantNormal": [0, -2.220446049250313e-16, 1], "obb": {"axesLengths": [0.3310156441183758, 0.16641097888921985, 0.22310305870997885], "centroid": [-0.4589531223654979, 1.115116244716522, -0.806794510949601], "normalizedAxes": [0.9359825253486633, -0.3520464599132538, -7.817001710669431e-17, 0, -2.220446049250313e-16, 1, -0.3520464599132538, -0.9359825253486633, -2.0782987005777705e-16]}, "segments": [81043, 132243, 80943, 81131], "label": "box"}, {"objectId": 81, "id": 81, "partId": 81, "index": 29, "dominantNormal": [0, -2.220446049250313e-16, 1], "obb": {"axesLengths": [0.5020694900974313, 0.1564779842687103, 0.45543102850720435], "centroid": [-0.23948607764437968, 1.2573927834738392, -0.8517610288234576], "normalizedAxes": [0.7506604194641113, -0.6606882214546204, -1.4670225511151277e-16, 0, -2.220446049250313e-16, 1, -0.6606882214546204, -0.7506604194641113, -1.6668009627276688e-16]}, "segments": [81076, 74212], "label": "book"}, {"objectId": 82, "id": 82, "partId": 82, "index": 30, "dominantNormal": [0, -2.220446049250313e-16, 1], "obb": {"axesLengths": [0.5806683587025622, 0.3198249864617364, 0.33803078429104666], "centroid": [0.08071276747773437, 1.729440904919371, -0.850087509249505], "normalizedAxes": [0.8227515816688538, -0.5684010982513428, -1.262103973001733e-16, 0, -2.220446049250313e-16, 1, -0.5684010982513428, -0.8227515816688538, -1.8268754990310526e-16]}, "segments": [94945, 149313, 104790, 104577, 104730, 104464, 104477, 149228, 149022, 95045, 75258, 75268, 75371, 75373, 75454, 104566, 104622, 104667, 104675, 130566, 139511, 149083, 149194, 149199, 149204, 149246, 149249, 149424, 104485], "label": "object"}, {"objectId": 83, "id": 83, "partId": 83, "index": 31, "dominantNormal": [0.7954211831092834, -0.6060570478439331, -1.3457169775053692e-16], "obb": {"axesLengths": [1.7909253797264009, 0.9199999961256977, 0.7863012871238183], "centroid": [-0.2293008833890502, 1.1809319288113898, -1.25000003645502], "normalizedAxes": [0.6060570478439331, 0.7954211831092834, 1.7661898235250183e-16, 0, -2.220446049250313e-16, 1, 0.7954211831092834, -0.6060570478439331, -1.3457169775053692e-16]}, "segments": [139659, 75748, 135163, 102886, 139556, 79819, 79782, 93406, 106586, 94700, 75407, 74154, 139701, 149338, 104803, 99639, 83343, 99621, 142748, 42458, 69486, 43076, 94423, 114377, 137449, 90676, 139295, 131997, 80297, 43736, 135359, 135343, 79502, 93156, 135901, 93856, 74568, 137102, 71074, 129041, 69579, 128946, 42774, 146769, 74712, 70827, 74646, 135241], "label": "table"}, {"objectId": 84, "id": 84, "partId": 84, "index": 32, "dominantNormal": [-0.5792163014411926, -0.8151739239692688, -1.810049718929438e-16], "obb": {"axesLengths": [0.5219920788108746, 0.6112550062405687, 0.2598618660959397], "centroid": [-0.770610374865806, 0.6363084862032238, -0.6043725373580489], "normalizedAxes": [0.8151739239692688, -0.5792163014411926, -1.2861185481964746e-16, 0, -2.220446049250313e-16, 1, -0.5792163014411926, -0.8151739239692688, -1.810049718929438e-16]}, "segments": [92818, 93722, 138659, 92395, 93913, 80107, 139208, 139312, 80038, 41220, 80076, 80097, 92419, 92431, 92456, 92473, 92478, 92533, 92537, 92545, 92554, 92561, 92563, 92567, 92578, 92589, 93748, 93759, 93775, 93779, 93810, 93850, 93859, 93865, 93941, 94506, 94510, 137807, 138632, 138652, 138712, 139238, 138800, 94646], "label": "object"}, {"objectId": 85, "id": 85, "partId": 85, "index": 33, "dominantNormal": [0, -2.220446049250313e-16, 1], "obb": {"axesLengths": [0.9910219910665378, 0.29999997541308443, 0.31711873485888703], "centroid": [-0.7275339548039539, 1.157140925015319, -0.560000009558425], "normalizedAxes": [0.5773431658744812, 0.8165016174316406, 1.812997790632577e-16, 0, -2.220446049250313e-16, 1, 0.8165016174316406, -0.5773431658744812, -1.28195935172766e-16]}, "segments": [80249, 137136, 88551, 80239, 88496, 91316, 88528, 135662, 87600, 88457], "label": "windowsill"}, {"objectId": 86, "id": 86, "partId": 86, "index": 34, "dominantNormal": [0.9988704323768616, -0.04751678928732872, -1.0550846704610866e-17], "obb": {"axesLengths": [0.4047264097672809, 0.27277698503188047, 0.18053355452031924], "centroid": [-0.9766743542407199, 0.9521544993304158, -0.50437552578586], "normalizedAxes": [0.04751678928732872, 0.9988704323768616, 2.2179379052841543e-16, 0, -2.220446049250313e-16, 1, 0.9988704323768616, -0.04751678928732872, -1.0550846704610866e-17]}, "segments": [92592, 149548, 149486, 41250], "label": "object"}, {"objectId": 87, "id": 87, "partId": 87, "index": 35, "dominantNormal": [0.9800440669059753, 0.198780357837677, 4.413810602292334e-17], "obb": {"axesLengths": [0.3932482538752669, 1.069627149336923, 0.3272616493414213], "centroid": [-1.150153192895289, 0.3749309712486377, -0.49518640829139104], "normalizedAxes": [-0.1987803429365158, 0.9800440669059753, 2.1761349764525825e-16, 0, -2.220446049250313e-16, 1, 0.9800440669059753, 0.1987803429365158, 4.413810271420089e-17]}, "segments": [92957, 93030, 102704, 73085], "label": "coat"}, {"objectId": 88, "id": 88, "partId": 88, "index": 36, "dominantNormal": [0, -2.220446049250313e-16, 1], "obb": {"axesLengths": [2.8596352174559794, 0.9309089869802664, 1.437388530778089], "centroid": [-0.9200288729043185, 0.31636572174605704, 0.2045454736311243], "normalizedAxes": [0.048523202538490295, 0.998822033405304, 2.2178304379789714e-16, 0, -2.220446049250313e-16, 1, 0.998822033405304, -0.048523202538490295, -1.0774315337356354e-17]}, "segments": [90912, 90971, 79788, 91618, 137489, 91611, 92891, 92962, 101578, 103706, 137486, 138631, 82720, 90252, 135521, 76146, 94026, 94070, 97518, 94061, 97514, 27013, 136538, 93236, 134351, 90986, 138876, 138907, 141569, 78553, 91658, 92124, 82651, 137697, 92335, 88378, 89972, 97080, 101387, 89988, 90003, 83380, 76282], "label": "cabinet"}, {"objectId": 89, "id": 89, "partId": 89, "index": 37, "dominantNormal": [0.7443017959594727, -0.6678434014320374, -1.4829102422276582e-16], "obb": {"axesLengths": [0.2635435007976804, 0.2477219794454727, 0.17029494938414452], "centroid": [-1.4669290133809056, -0.16547021897980763, -0.293861022303455], "normalizedAxes": [0.6678434014320374, 0.7443017959594727, 1.6526819822881237e-16, 0, -2.220446049250313e-16, 1, 0.7443017959594727, -0.6678434014320374, -1.4829102422276582e-16]}, "segments": [83564, 133185, 82834], "label": "paper towel"}, {"objectId": 90, "id": 90, "partId": 90, "index": 38, "dominantNormal": [0.9972464442253113, 0.07415842264890671, 1.6466477658939984e-17], "obb": {"axesLengths": [0.26600757468306147, 0.25999999955296504, 0.21031094142516887], "centroid": [-0.5451665240275525, -1.0379537322757293, -0.04000003280423603], "normalizedAxes": [-0.07415842264890671, 0.9972464442253113, 2.2143319272090151e-16, 0, -2.220446049250313e-16, 1, 0.9972464442253113, 0.07415842264890671, 1.6466477658939984e-17]}, "segments": [27063, 135551, 88161, 27097, 27042], "label": "object"}, {"objectId": 91, "id": 91, "partId": 91, "index": 39, "dominantNormal": [0.9927982687950134, -0.1197982206940651, -2.6600548584735394e-17], "obb": {"axesLengths": [0.25128986695299543, 0.19999998360872295, 0.19861953863167864], "centroid": [-1.1401680849045785, 0.3537176374067539, 0.589999955796376], "normalizedAxes": [0.11979822814464569, 0.9927982687950134, 2.204454993648438e-16, 0, -2.220446049250313e-16, 1, 0.9927982687950134, -0.11979822814464569, -2.660055023909662e-17]}, "segments": [141465, 103918, 101697, 101807, 103726, 103727], "label": "pipe"}, {"objectId": 92, "id": 92, "partId": 92, "index": 40, "dominantNormal": [0, -2.220446049250313e-16, 1], "obb": {"axesLengths": [0.21294314265188163, 0.1800000031292437, 0.2275932948282724], "centroid": [-0.7190937261118919, -0.7868250239973884, 0.6199999265155944], "normalizedAxes": [-0.24979174137115479, 0.9682995676994324, 2.1500569495889907e-16, 0, -2.220446049250313e-16, 1, 0.9682995676994324, 0.24979174137115479, 5.546490852629366e-17]}, "segments": [83423, 133146], "label": "pipe"}, {"objectId": 93, "id": 93, "partId": 93, "index": 41, "dominantNormal": [0.3198792636394501, -0.9474583268165588, -2.10378009860914e-16], "obb": {"axesLengths": [0.3286723097979609, 1.6004199102427077, 0.2858409001039028], "centroid": [-1.3131165958697713, 0.22578575132874912, -0.7302099909803279], "normalizedAxes": [0.9474583268165588, 0.3198792636394501, 7.102746471853162e-17, 0, -2.220446049250313e-16, 1, 0.3198792636394501, -0.9474583268165588, -2.10378009860914e-16]}, "segments": [91240, 101215, 91127, 137259, 102742, 73094, 72934, 105377, 144915], "label": "coat"}, {"objectId": 94, "id": 94, "partId": 94, "index": 42, "dominantNormal": [0.7152373790740967, 0.6988816261291504, 1.5518289456321064e-16], "obb": {"axesLengths": [0.3103080935806447, 1.1040299362533548, 0.18204871396373576], "centroid": [-1.2166555465679791, 0.2861181873785119, -0.48201500398565145], "normalizedAxes": [-0.6988816261291504, 0.7152373790740967, 1.5881460126412265e-16, 0, -2.220446049250313e-16, 1, 0.7152373790740967, 0.6988816261291504, 1.5518289456321064e-16]}, "segments": [137520, 137358], "label": "coat"}, {"objectId": 95, "id": 95, "partId": 95, "index": 43, "dominantNormal": [0.9461870789527893, 0.32362014055252075, 7.185810625476757e-17], "obb": {"axesLengths": [0.1985563947832146, 0.5234907972032398, 0.13014950114491908], "centroid": [-1.0844940594762744, 0.5995605793144941, -0.22825463457514483], "normalizedAxes": [-0.32362014055252075, 0.9461870789527893, 2.100957361312415e-16, 0, -2.220446049250313e-16, 1, 0.9461870789527893, 0.32362014055252075, 7.185810625476757e-17]}, "segments": [41289, 93171, 138062], "label": "towel"}, {"objectId": 96, "id": 96, "partId": 96, "index": 44, "dominantNormal": [0.6754886507987976, -0.7373703718185425, -1.637291128938717e-16], "obb": {"axesLengths": [0.18928167159860682, 0.5399999982118606, 0.09115681431329503], "centroid": [-1.146881910196619, 0.5519857271190269, -0.22000003407083435], "normalizedAxes": [0.7373703718185425, 0.6754886507987976, 1.4998861059796145e-16, 0, -2.220446049250313e-16, 1, 0.6754886507987976, -0.7373703718185425, -1.637291128938717e-16]}, "segments": [93007, 138033, 93160], "label": "towel"}, {"objectId": 97, "id": 97, "partId": 97, "index": 45, "dominantNormal": [0.6459770202636719, -0.7633568644523621, -1.694992733841354e-16], "obb": {"axesLengths": [0.7628386300840605, 1.850324947007187, 0.38230160618393016], "centroid": [-0.7637009857195287, -0.2251740930908528, -0.39346751170238536], "normalizedAxes": [0.7633568644523621, 0.6459770202636719, 1.4343571225509597e-16, 0, -2.220446049250313e-16, 1, 0.6459770202636719, -0.7633568644523621, -1.694992733841354e-16]}, "segments": [100587, 144217, 144153, 103487, 85582, 43787, 76130, 76149, 76167, 76440, 85586, 85606, 87902, 90052, 90226, 90245, 90280, 95859, 97392, 100601, 100650, 101627, 101654, 101714, 102229, 102230, 102276, 102303, 102400, 102425, 130759, 130763, 130764, 130766, 135392, 136652, 136655, 136657, 136696, 136977, 136981, 136984, 137041, 144263, 144336, 144377, 144697, 144729, 144731, 144853, 144873, 101617, 100589, 76465, 76471, 101620, 101720, 102284, 132975, 144349, 90217, 76166, 130664, 141232, 100774, 130735], "label": "umbrella"}, {"objectId": 98, "id": 98, "partId": 98, "index": 46, "dominantNormal": [0.8245661854743958, 0.5657655596733093, 1.256251901778492e-16], "obb": {"axesLengths": [1.0674030491435527, 1.059999919086696, 0.6706148221372487], "centroid": [-0.6792105774217503, -0.5522449294561411, -1.1399999948062756], "normalizedAxes": [-0.5657655596733093, 0.8245661854743958, 1.830904728882023e-16, 0, -2.220446049250313e-16, 1, 0.8245661854743958, 0.5657655596733093, 1.256251901778492e-16]}, "segments": [100270, 72174, 103767, 54364, 38448, 5146, 24837, 24861, 24869, 29646, 32043, 32047, 40670, 40684, 40718, 41702, 41742, 83686, 83688, 83703, 83744, 83755, 84110, 85993, 89080, 89099, 89113, 95452, 95585, 95725, 95835, 95962, 96059, 114311, 115008, 136270, 136273, 136276, 136531, 136562, 136575, 136642, 139807, 144791, 144896, 149570, 150928, 95813, 95454], "label": "cabinet"}, {"objectId": 99, "id": 99, "partId": 99, "index": 47, "dominantNormal": [-0.5856446027755737, -0.8105679750442505, -1.7998224578358324e-16], "obb": {"axesLengths": [0.5908147216032991, 0.2470079605205068, 0.23591773125111584], "centroid": [-0.7466884557747346, -0.8557196000070924, -0.6889050198807942], "normalizedAxes": [0.8105679750442505, -0.5856446027755737, -1.3003922444977916e-16, 0, -2.220446049250313e-16, 1, -0.5856446027755737, -0.8105679750442505, -1.7998224578358324e-16]}, "segments": [24662, 25383, 25428, 107141, 149256, 24187, 24809, 24872, 114322, 25592, 24696, 84173, 107123, 107160, 107186, 107192, 107211, 114239, 131583, 149198, 149286, 149364, 149367, 149437, 149483, 149380], "label": "object"}, {"objectId": 100, "id": 100, "partId": 100, "index": 48, "dominantNormal": [0.18657253682613373, -0.9824411869049072, -2.1814576520837897e-16], "obb": {"axesLengths": [0.3994478023156349, 0.3361659868918508, 0.2874186839872117], "centroid": [-0.9624225972560283, -0.6072425354699227, -0.6419170254257249], "normalizedAxes": [0.9824411869049072, 0.18657253682613373, 4.142742522941972e-17, 0, -2.220446049250313e-16, 1, 0.18657253682613373, -0.9824411869049072, -2.1814576520837897e-16]}, "segments": [102890, 24196, 96596, 84179, 84181, 91746, 96633, 96638, 96644, 96706, 140391, 140395, 140411, 150808, 150815, 150817], "label": "box"}, {"objectId": 101, "id": 101, "partId": 101, "index": 49, "dominantNormal": [0.8635913133621216, -0.5041924715042114, -1.1195321814132773e-16], "obb": {"axesLengths": [0.2561986268898092, 0.35173501778241206, 0.29257221562503133], "centroid": [-1.1002118686349043, -0.4647050438378102, -0.6741325305440464], "normalizedAxes": [0.8635913133621216, -0.5041924715042114, -1.1195321814132773e-16, 0, -2.220446049250313e-16, 1, -0.5041924715042114, -0.8635913133621216, -1.917557919921812e-16]}, "segments": [84184, 84150], "label": "object"}, {"objectId": 102, "id": 102, "partId": 102, "index": 50, "dominantNormal": [-0.5547162890434265, -0.8320395946502686, -1.8474990307610207e-16], "obb": {"axesLengths": [0.46230945644484295, 0.47903000237725646, 0.300447491289643], "centroid": [-1.098876365963577, 0.3109381978184733, -1.435205044875256], "normalizedAxes": [0.8320395946502686, -0.5547162890434265, -1.2317175924612711e-16, 0, -2.220446049250313e-16, 1, -0.5547162890434265, -0.8320395946502686, -1.8474990307610207e-16]}, "segments": [42266, 130108, 130187, 72875, 72784, 72867, 72849, 130100, 130162, 72943, 106860, 23306, 23351, 135440, 93623], "label": "bottle"}, {"objectId": 103, "id": 103, "partId": 103, "index": 51, "dominantNormal": [0.9333832263946533, 0.35888123512268066, 7.96876420678229e-17], "obb": {"axesLengths": [0.5681985305870679, 1.1922899516160046, 0.1720091742763863], "centroid": [-0.9669342287385798, 0.5017252009681414, -1.066144998702966], "normalizedAxes": [-0.35888123512268066, 0.9333832263946533, 2.0725270974845185e-16, 0, -2.220446049250313e-16, 1, 0.9333832263946533, 0.35888123512268066, 7.96876420678229e-17]}, "segments": [42953, 43004, 23398, 23400, 23422, 23423, 23442, 23456, 23465, 24326, 25817, 25849, 25853, 25868, 25945, 29221, 42968, 94233, 114724, 117957, 135704, 135889, 41398, 139395], "label": "plank"}, {"objectId": 104, "id": 104, "partId": 104, "index": 52, "dominantNormal": [0, -2.220446049250313e-16, 1], "obb": {"axesLengths": [0.2980878031228889, 0.13520002062916703, 0.2756060510423014], "centroid": [-0.7623225644883651, 0.4101377019474396, -1.597599982098565], "normalizedAxes": [0.9934148192405701, -0.1145729050040245, -2.5440295426731764e-17, 0, -2.220446049250313e-16, 1, -0.1145729050040245, -0.9934148192405701, -2.2058240106494377e-16]}, "segments": [118601, 43137], "label": "object"}, {"objectId": 105, "id": 105, "partId": 105, "index": 53, "dominantNormal": [0, -2.220446049250313e-16, 1], "obb": {"axesLengths": [0.33882377056127816, 0.18000006273388713, 0.23512131211356385], "centroid": [-0.9124957083837599, 0.5549857844472241, -1.5000000010647625], "normalizedAxes": [0.8379405736923218, 0.5457614660263062, 1.2118338910711705e-16, 0, -2.220446049250313e-16, 1, 0.5457614660263062, -0.8379405736923218, -1.8606018363616567e-16]}, "segments": [43012, 42962], "label": "object"}, {"objectId": 106, "id": 106, "partId": 106, "index": 54, "dominantNormal": [-0.0193423293530941, -0.99981290102005, -2.2200306060594644e-16], "obb": {"axesLengths": [0.1882278646560421, 0.8371700457371011, 0.18390871212502052], "centroid": [-1.1146219177588903, 0.5744298105717398, -1.2485850222196802], "normalizedAxes": [0.99981290102005, -0.0193423293530941, -4.294859879537616e-18, 0, -2.220446049250313e-16, 1, -0.0193423293530941, -0.99981290102005, -2.2200306060594644e-16]}, "segments": [23528], "label": "object"}, {"objectId": 107, "id": 107, "partId": 107, "index": 55, "dominantNormal": [0.761581540107727, -0.6480691432952881, -1.4390025688710575e-16], "obb": {"axesLengths": [0.5526681595808071, 0.2921999627605089, 0.24992886846905754], "centroid": [-0.4230225085488928, 0.6390343168940249, -1.1361000033811486], "normalizedAxes": [0.6480691432952881, 0.761581540107727, 1.6910507219141714e-16, 0, -2.220446049250313e-16, 1, 0.761581540107727, -0.6480691432952881, -1.4390025688710575e-16]}, "segments": [93083, 135178, 75943, 92896, 139888, 95700, 139973, 92786], "label": "object"}, {"objectId": 108, "id": 108, "partId": 108, "index": 56, "dominantNormal": [0, -2.220446049250313e-16, 1], "obb": {"axesLengths": [0.33192645166196993, 0.2744699655219174, 0.2901478828795798], "centroid": [-0.4069568896460165, 0.732152765687472, -1.536024987957143], "normalizedAxes": [0.5564843416213989, 0.8308581113815308, 1.8448756109046966e-16, 0, -2.220446049250313e-16, 1, 0.8308581113815308, -0.5564843416213989, -1.2356434578228968e-16]}, "segments": [128978, 118621, 45407, 43706, 43532, 128963, 42669, 118055, 42568, 43733, 42745, 42620, 42558, 42596, 42597, 42682, 42725, 42808, 43521, 43564, 43705, 45119, 45130, 45341, 70724, 117928, 118054, 118061, 128998], "label": "bucket"}, {"objectId": 109, "id": 109, "partId": 109, "index": 57, "dominantNormal": [0, -2.220446049250313e-16, 1], "obb": {"axesLengths": [0.6029636033276892, 0.2599999846518042, 0.31145259318500096], "centroid": [-0.18946427170493663, 1.1298035135421842, -1.1200000143267959], "normalizedAxes": [0.5194897055625916, 0.8544766902923584, 1.8973193911361506e-16, 0, -2.220446049250313e-16, 1, 0.8544766902923584, -0.5194897055625916, -1.1534988643426648e-16]}, "segments": [73978, 139911, 22888, 70329, 73872, 22879, 73902, 73986, 74021, 95843, 73904, 73919, 130340, 130294], "label": "object"}, {"o