{"segGroups": [{"objectId": 4, "id": 4, "partId": 4, "index": 0, "dominantNormal": [0.934203028678894, -0.3567417562007904, -7.921258231586634e-17], "obb": {"axesLengths": [3.604007811845561, 2.480050031541658, 0.11138507339746226], "centroid": [-0.0185360795984435, 2.3348736038246365, -0.17002507198725225], "normalizedAxes": [0.3567417562007904, 0.934203028678894, 2.0743474242277272e-16, 0, -2.220446049250313e-16, 1, 0.934203028678894, -0.3567417562007904, -7.921258231586634e-17]}, "segments": [25131, 22894, 21036, 19153, 2768, 2816, 2817, 2855, 2862, 13986, 14037, 14062, 16021, 16032, 16726, 16754, 19178, 19244, 21075, 25342, 25514, 25526, 25541, 27183, 27199, 27220, 35442, 39056, 39746, 39785, 39789, 14078, 20120, 35843, 17724, 19197, 3566, 3899, 6413, 3894, 5281], "label": "wall"}, {"objectId": 6, "id": 6, "partId": 6, "index": 1, "dominantNormal": [0.9304736852645874, -0.3663586676120758, -8.134796561078424e-17], "obb": {"axesLengths": [1.43617410445765, 2.4496299672954525, 0.3168346016384478], "centroid": [0.2974964497057828, 2.876221536628136, -0.19481512003239443], "normalizedAxes": [0.3663586676120758, 0.9304736852645874, 2.0660666183771324e-16, 0, -2.220446049250313e-16, 1, 0.9304736852645874, -0.3663586676120758, -8.134796561078424e-17]}, "segments": [4700, 36976, 12761, 13360, 37081, 13790, 37846, 37833, 16274, 12571, 37248, 4524, 12854, 11828, 17282, 12951, 21265, 16079, 4813, 39514, 17233, 4330, 13035, 13224, 4339, 13157, 4124, 4410, 4442, 4483, 4511, 4539, 4777, 11536, 11774, 11801, 11841, 12036, 12081, 12089, 12186, 12192, 12193, 12522, 12535, 12584, 12591, 12726, 12754, 12780, 12805, 12866, 12880, 12901, 12929, 12931, 12948, 12962, 12976, 13154, 13353, 13414, 13829, 13853, 15771, 16180, 16311, 16329, 16331, 17230, 17344, 17372, 17878, 18612, 18686, 18688, 19020, 20283, 20311, 20315, 20329, 20535, 20647, 20693, 21164, 21182, 22300, 34062, 35138, 35254, 35258, 35262, 35287, 35308, 35396, 35399, 35717, 36009, 36014, 36017, 36053, 36075, 36249, 36355, 36360, 36397, 36416, 36451, 37170, 37699, 37707, 37709, 37712, 37716, 37740, 37749, 37754, 37893, 39434, 39436, 18808, 14888, 29166, 20438, 35366, 3755, 21262, 25858], "label": "curtain"}, {"objectId": 7, "id": 7, "partId": 7, "index": 2, "dominantNormal": [0.9999880194664001, 0.004896955098956823, 1.0873424602834854e-18], "obb": {"axesLengths": [2.968448810612142, 0.9576299572520705, 0.8432998227376249], "centroid": [2.171230416847638, 2.033619014423187, -0.9288150413989684], "normalizedAxes": [-0.004896955098956823, 0.9999880194664001, 2.2204194471218134e-16, 0, -2.220446049250313e-16, 1, 0.9999880194664001, 0.004896955098956823, 1.0873424602834854e-18]}, "segments": [24492, 31747, 31568, 30790, 30915, 19804, 30231, 28247, 27355, 10855, 29835, 29350, 29783, 41006, 40954, 29368, 40853, 29751, 40828, 29395, 40845, 29361, 29356, 40824, 29352, 29742, 29799, 28497, 40803, 40307, 40849, 29820, 32915, 41650, 32993, 32951, 32944, 28462, 40818, 32904, 32892, 10881, 34994, 41644, 34999, 31478, 10979, 41675, 28461, 10959, 9695, 34382, 29664, 42448, 29447, 41621], "label": "kitchen cabinet"}, {"objectId": 9, "id": 9, "partId": 9, "index": 3, "dominantNormal": [0, -2.220446049250313e-16, 1], "obb": {"axesLengths": [2.8582126539309476, 0.26339101202657034, 1.4199250587261396], "centroid": [2.3707506200849013, 2.014056408076278, -0.5616955883067386], "normalizedAxes": [0.09364617615938187, 0.9956055283546448, 2.2106883620468415e-16, 0, -2.220446049250313e-16, 1, 0.9956055283546448, -0.09364617615938187, -2.0793628188049832e-17]}, "segments": [24790, 37449, 14343, 8459, 23258, 536, 856, 41732, 24817, 21370], "label": "kitchen counter"}, {"objectId": 10, "id": 10, "partId": 10, "index": 4, "dominantNormal": [-0.42911583185195923, -0.9032495021820068, -2.0056167886073491e-16], "obb": {"axesLengths": [1.0365488824606408, 0.9040409720530884, 0.5087098136945568], "centroid": [1.2296820155165475, 3.563521176023721, -0.9579795338310448], "normalizedAxes": [0.9032494425773621, -0.42911583185195923, -9.528285535064445e-17, 0, -2.220446049250313e-16, 1, -0.42911583185195923, -0.9032494425773621, -2.005616656258451e-16]}, "segments": [39946, 36564, 18915, 7811, 18299, 25796, 18286, 39211, 7801, 7962, 8048, 18374, 18394, 18414, 18457, 21560, 21616, 21620, 21625, 21636, 21638, 21681, 21694, 21716, 21747, 21767, 21768, 21772, 21788, 21822, 21854, 21886, 22397, 22499, 22538, 22550, 22560, 22564, 22568, 22574, 22587, 22588, 22639, 22644, 22653, 22723, 22754, 22758, 22777, 22788, 22792, 22795, 22796, 22803, 22807, 23192, 23217, 23974, 24062, 24075, 24076, 24096, 24103, 24107, 24115, 24135, 24140, 24143, 24157, 24179, 24295, 24315, 24326, 24423, 25993, 26040, 26047, 26064, 26075, 26087, 26148, 26167, 26361, 26367, 26390, 26428, 26437, 26539, 26578, 26666, 26776, 26778, 26827, 26860, 27340, 27510, 27516, 27530, 28520, 28528, 28540, 28567, 28647, 28679, 28720, 28721, 28742, 28752, 28924, 28930, 28948, 28958, 28983, 30196, 36242, 37600, 37633, 37640, 37642, 37928, 37966, 37970, 38052, 38061, 38063, 38066, 38069, 38606, 38627, 38643, 38767, 38821, 38823, 38824, 39152, 39161, 39187, 39203, 39251, 39280, 39283, 39326, 39330, 39837, 39885, 39915, 39922, 40110, 40114, 40392, 40402, 40434, 40509, 40513, 40543, 29930, 39912, 26195, 26887, 28912, 39920, 42816, 23069, 40373, 28553], "label": "commode"}, {"objectId": 11, "id": 11, "partId": 11, "index": 5, "dominantNormal": [-0.6083461046218872, -0.7936718463897705, -1.7623055157173673e-16], "obb": {"axesLengths": [1.5952516944963475, 0.8196205410213274, 0.5201167536453961], "centroid": [2.4244940068059133, 2.8944733159724745, 0.4115666057290288], "normalizedAxes": [0.7936718463897705, -0.6083461046218872, -1.350799704584487e-16, 0, -2.220446049250313e-16, 1, -0.6083461046218872, -0.7936718463897705, -1.7623055157173673e-16]}, "segments": [31061, 744, 29069, 38331, 23639, 40133, 40175, 40200, 26133, 37895, 38302, 19688, 16390, 40122, 23720, 15290, 15333, 15516, 15554, 15567, 15917, 18013, 18021, 18039, 23658, 23680, 25234, 25956, 31470, 38501, 15507, 8919, 36091, 9024, 26211, 35808, 23788, 1163], "label": "kitchen cabinet"}, {"objectId": 12, "id": 12, "partId": 12, "index": 6, "dominantNormal": [0.9144951701164246, -0.40459680557250977, -8.983853784727764e-17], "obb": {"axesLengths": [2.181759720210078, 0.8382080103112453, 0.4079838732872122], "centroid": [2.531062331985925, 1.59822987860901, 0.40910392085051206], "normalizedAxes": [0.40459680557250977, 0.9144951701164246, 2.030587187543508e-16, 0, -2.220446049250313e-16, 1, 0.9144951701164246, -0.40459680557250977, -8.983853784727764e-17]}, "segments": [36340, 20803, 20937, 37306, 24652, 29521, 37138, 37593, 39370, 30307, 39870, 17835, 14531, 21929, 21977, 21980, 22470, 24772, 35404, 35405, 35866, 36081, 38243, 35400, 197, 5430, 6085, 6106, 7004, 7012, 7035, 7071, 7119, 12134, 12291, 13523, 16025, 16089, 16092, 16126, 16137, 16156, 16171, 16179, 16206, 21868, 21885, 26865, 26986, 33838, 33915, 33981, 34013, 34061, 35024, 35025, 786, 26863, 38375, 7137, 153, 233, 26395, 27014, 27027, 27061, 27085, 31663, 32840, 33643, 38153, 40569, 17786, 264, 820, 27097, 6147, 40259, 39858, 5066, 6242, 4619, 5086, 27203, 24952, 1630], "label": "kitchen cabinet"}, {"objectId": 13, "id": 13, "partId": 13, "index": 7, "dominantNormal": [0, -2.220446049250313e-16, 1], "obb": {"axesLengths": [0.5447277511996053, 0.4448299904578179, 0.46867004350173824], "centroid": [2.5905604878877684, 2.077354918203209, -0.5875850738025112], "normalizedAxes": [0.30557915568351746, 0.9521666765213013, 2.1142347351095242e-16, 0, -2.220446049250313e-16, 1, 0.9521666765213013, -0.30557915568351746, -6.785220289707127e-17]}, "segments": [10105, 5163, 6818, 4639, 887, 20237, 19462, 8335, 8313, 33541, 5779, 33568, 21378], "label": "sink"}, {"objectId": 14, "id": 14, "partId": 14, "index": 8, "dominantNormal": [0.9775266051292419, 0.21081215143203735, 4.680970087812261e-17], "obb": {"axesLengths": [0.8910801724977173, 1.8857899482744191, 0.885516232602462], "centroid": [1.8346615624536529, 0.30384860180159845, -0.4528950603049654], "normalizedAxes": [-0.21081215143203735, 0.9775266051292419, 2.170545088396296e-16, 0, -2.220446049250313e-16, 1, 0.9775266051292419, 0.21081215143203735, 4.680970087812261e-17]}, "segments": [28812, 30143, 5812, 5844, 25646, 25732, 5766, 5768, 5795, 5804, 5860, 5868, 7358, 7372, 7449, 7452, 7469, 9405, 9409, 16557, 19716, 23553, 23590, 25670, 25683, 25702, 28879, 28922, 30125, 38925, 39008, 39061, 39143, 38862, 19708, 19847, 40688, 28187, 20030, 541, 624, 344, 370, 386, 409, 432, 444, 469, 472, 492, 508, 558, 561, 575, 616, 658, 663, 679, 691, 7039, 7047, 7056, 7063, 7072, 7101, 7115, 7117, 7139, 7141, 7207, 7214, 7247, 7406, 9693, 16818, 16852, 16887, 16900, 16949, 16956, 19560, 19664, 19739, 19781, 19826, 23003, 28205, 28551, 32291, 33708, 33712, 33715, 33720, 33722, 33724, 33746, 33748, 34396, 34397, 34400, 34404, 34408, 34435, 34438, 35802, 35888, 35889, 38978, 40738, 40788, 40791, 41927, 7308, 7415, 7442, 7470, 9426, 16942, 16947, 16958, 16963, 16999, 17016, 23393, 23410, 30595, 30609, 30613, 32307, 40838, 42049, 41907, 41940, 27932, 27872, 30455, 43208, 30866, 31774, 42181, 30863, 42366, 1208], "label": "refrigerator"}, {"objectId": 150, "id": 150, "partId": 150, "index": 9, "dominantNormal": [0, -2.220446049250313e-16, 1], "obb": {"axesLengths": [0.9954224379157859, 0.3066160014283061, 0.918742652872883], "centroid": [0.02781181167595337, 1.3196039986016461, -0.6766920487967466], "normalizedAxes": [0.8338350057601929, -0.5520137548446655, -1.2257167610766684e-16, 0, -2.220446049250313e-16, 1, -0.5520137548446655, -0.8338350057601929, -1.8514856442668323e-16]}, "segments": [19366, 7999, 8026, 5928, 8163, 12325, 14914, 21495, 34283, 35140, 35143, 35145, 36467, 36474, 38034, 38028, 12307, 19382, 36461, 14909, 17153, 12320, 12241], "label": "table"}, {"objectId": 16, "id": 16, "partId": 16, "index": 10, "dominantNormal": [-0.3748165965080261, -0.9270989894866943, -2.058573288469688e-16], "obb": {"axesLengths": [1.0768562907614905, 0.3199999856948857, 0.2878151091829718], "centroid": [1.4329444531643567, 3.5501273989740385, 0.5299999045935244], "normalizedAxes": [0.9270989894866943, -0.3748165965080261, -8.322600309096953e-17, 0, -2.220446049250313e-16, 1, -0.3748165965080261, -0.9270989894866943, -2.058573288469688e-16]}, "segments": [6707, 6714, 6700, 35742], "label": "shelf"}, {"objectId": 17, "id": 17, "partId": 17, "index": 11, "dominantNormal": [0, -2.220446049250313e-16, 1], "obb": {"axesLengths": [1.0223888580693226, 0.1999999891966583, 0.30879229974550554], "centroid": [1.4366453585793397, 3.601288314066937, 0.10999990939914883], "normalizedAxes": [0.9427903890609741, -0.3333861529827118, -7.402659662652229e-17, 0, -2.220446049250313e-16, 1, -0.3333861529827118, -0.9427903890609741, -2.0934151946616056e-16]}, "segments": [14672, 35108, 35551, 9076, 11352, 14376, 11330, 14396, 14492, 14526, 35086, 41394, 35092, 35565, 9097, 11322, 35506, 41370, 5316, 4954, 34230, 5016], "label": "shelf"}, {"objectId": 18, "id": 18, "partId": 18, "index": 12, "dominantNormal": [0, -2.220446049250313e-16, 1], "obb": {"axesLengths": [5.90436877894792, 1.1199999797344207, 3.8335931865349395], "centroid": [2.9711268733683993, 2.3543653472604418, 1.8899999183025917], "normalizedAxes": [-0.17619475722312927, 0.9843553304672241, 2.1857079045944341e-16, 0, -2.220446049250313e-16, 1, 0.9843553304672241, 0.17619475722312927, 3.9123095257471546e-17]}, "segments": [18631, 35733, 7860, 19422, 9436, 9483, 9864, 9873, 9966, 10035, 10040, 12416, 34261, 12434, 8022, 3985, 3987, 4057, 4120, 4123, 4127, 8192, 8263, 8296, 10387, 10851, 33573, 33576, 33595, 12009, 3614, 5111, 10074, 10352, 11094, 11242, 12115, 12452, 18419, 34480, 34483, 34494, 5121, 5180, 5195, 12436, 17433, 17459, 17463, 17485, 11370, 5175, 17243, 5102, 4858, 4838, 4824, 19227, 35597, 5221, 6498, 6515, 6522, 6539, 6560, 6592, 6619, 18704, 18886, 18999, 19055, 19181, 19240, 34206, 34330, 34334, 34366, 14633, 14861, 15339, 14394, 42465, 13368, 3413, 13311, 15425, 15345, 15444, 15480, 25784, 42499, 15674, 15699, 25894, 34927, 34974, 29092, 42516, 4593, 3281, 13435, 13810, 2705, 2931, 4625, 4642, 12363, 13520, 13527, 13558, 2597, 2559, 2564, 12409, 35160, 3105, 6324, 6649, 8456, 12268, 34518, 12230, 11648, 10918, 13127, 1705, 1710, 1722, 2050, 2767, 2960, 8338, 8750, 10917, 11050, 11705, 34559, 10745, 1950, 7650, 10785, 34038, 7564, 3487, 3573, 7572, 7622, 8958, 8981, 33365, 34102, 8967, 8584, 990, 1002, 1009, 1033, 1034, 1631, 8988, 1284, 1361, 1484, 34132, 1173], "label": "ceiling"}, {"objectId": 1, "id": 1, "partId": 1, "index": 13, "dominantNormal": [0, -2.220446049250313e-16, 1], "obb": {"axesLengths": [4.856776790650406, 0.32067000149182984, 3.3577995190988386], "centroid": [0.941400199705211, 1.594246642057243, -1.2847450935915503], "normalizedAxes": [-0.03058972768485546, 0.9995320439338684, 2.2194069780520485e-16, 0, -2.220446049250313e-16, 1, 0.9995320439338684, 0.03058972768485546, 6.7922839985480235e-18]}, "segments": [8877, 30260, 43231, 6215, 9274, 10916, 11472, 29439, 29634, 29793, 30178, 32126, 32942, 33001, 37662, 40115, 41570, 41664, 42818, 42823, 43186, 31087, 6236, 16454, 32329, 32350, 8781, 119, 129, 130, 132, 297, 393, 11617, 27346, 29377, 29378, 29385, 30629, 33049, 40819, 92, 33054, 6244], "label": "floor"}, {"objectId": 2, "id": 2, "partId": 2, "index": 14, "dominantNormal": [-0.3714078366756439, -0.9284698367118835, -2.061617180774985e-16], "obb": {"axesLengths": [2.824819919380643, 2.496800009232758, 0.26738573084821043], "centroid": [1.9051070566846569, 3.4559498294243127, -0.14867009914838047], "normalizedAxes": [0.9284698367118835, -0.3714078366756439, -8.246910636070391e-17, 0, -2.220446049250313e-16, 1, -0.3714078366756439, -0.9284698367118835, -2.061617180774985e-16]}, "segments": [2996, 22598, 24837, 6369, 1965, 2098, 2178, 3287, 3307, 3311, 3359, 3552, 3635, 3942, 3953, 4019, 4962, 4983, 4992, 5072, 15055, 15501, 19963, 19974, 30198, 34040, 34193, 34199, 38521, 41617, 5027, 2183, 4961, 11250, 11255, 34049, 35029, 35034, 35049, 35084, 7770, 13689, 34317, 3263], "label": "wall"}, {"objectId": 3, "id": 3, "partId": 3, "index": 15, "dominantNormal": [0.9336904287338257, -0.35808128118515015, -7.951001661180571e-17], "obb": {"axesLengths": [3.5868407093280363, 2.472729985280408, 0.28532771801772233], "centroid": [2.5204732052294028, 1.342822648519062, -0.1536350467379055], "normalizedAxes": [0.35808131098747253, 0.9336904287338257, 2.0732092237048542e-16, 0, -2.220446049250313e-16, 1, 0.9336904287338257, -0.35808131098747253, -7.951002322925061e-17]}, "segments": [1051, 1332, 1746, 1214, 8528, 832, 948, 1256, 1809, 2204, 13854, 34779, 27361, 1253, 36425, 30972, 605, 23068, 31772, 14137, 7292, 2038, 20240], "label": "wall"}, {"objectId": 19, "id": 19, "partId": 19, "index": 16, "dominantNormal": [0.8562864661216736, 0.5165011882781982, 1.1468630229454174e-16], "obb": {"axesLengths": [0.23833448458064252, 0.2794872012849031, 0.15920136181909936], "centroid": [0.06072879657475716, 1.323883997473478, 0.09978031609519111], "normalizedAxes": [-0.5165011882781982, 0.8562864661216736, 1.9013379007263822e-16, 0, -2.220446049250313e-16, 1, 0.8562864661216736, 0.5165011882781982, 1.1468630229454174e-16]}, "segments": [35294, 34043, 18171, 25330, 13081, 13102, 5506], "label": "lamp"}, {"objectId": 200, "id": 200, "partId": 200, "index": 17, "dominantNormal": [0.9460065364837646, 0.3241475522518158, 7.197521517717038e-17], "obb": {"axesLengths": [0.17818096912874354, 0.1576829815428782, 0.12965284232962396], "centroid": [-0.1487097721132793, 1.4075785672405714, 0.3209194068759762], "normalizedAxes": [-0.3241475522518158, 0.9460065364837646, 2.1005564765003474e-16, 0, -2.220446049250313e-16, 1, 0.9460065364837646, 0.3241475522518158, 7.197521517717038e-17]}, "segments": [14219, 14209, 20079, 20095], "label": "lamp"}, {"objectId": 22, "id": 22, "partId": 22, "index": 18, "dominantNormal": [-0.3542232811450958, -0.9351608753204346, -2.0764742710187236e-16], "obb": {"axesLengths": [0.47409880740826116, 0.6772500125188373, 0.4307400898808715], "centroid": [-0.24385275673997242, 0.783428198358266, -1.0686250937682784], "normalizedAxes": [0.9351608753204346, -0.3542232811450958, -7.86533685171111e-17, 0, -2.220446049250313e-16, 1, -0.3542232811450958, -0.9351608753204346, -2.0764742710187236e-16]}, "segments": [20783, 28859, 31906, 22021, 20928, 21463, 31926, 20900, 20915, 20938, 21445, 21472, 21475, 21481, 21917, 21955, 21966, 22002, 28848, 28860, 28890, 37099, 37102, 37514, 37532, 37576, 37648, 37650, 37652, 37655, 42528, 42554], "label": "chair"}, {"objectId": 23, "id": 23, "partId": 23, "index": 19, "dominantNormal": [0.9458606243133545, 0.32457301020622253, 7.206968582056884e-17], "obb": {"axesLengths": [0.5932384523399234, 0.7663759417896876, 0.32226553183455336], "centroid": [0.4314298961978045, 2.035654571561279, -1.0068120684832662], "normalizedAxes": [-0.32457301020622253, 0.9458606243133545, 2.1002324863980226e-16, 0, -2.220446049250313e-16, 1, 0.9458606243133545, 0.32457301020622253, 7.206968582056884e-17]}, "segments": [25357, 36882, 20562, 36624, 20126, 36599, 6761, 6773, 14127, 14149, 14150, 14154, 14156, 14171, 14173, 14175, 14230, 20135, 20143, 20151, 20166, 20167, 20558, 25368, 25373, 35462, 35467, 35472, 36595, 36603, 36611, 20178, 6780, 34656, 5632, 34675, 5618, 5662, 9253, 34375, 34658, 34666, 39032], "label": "chair"}, {"objectId": 24, "id": 24, "partId": 24, "index": 20, "dominantNormal": [0, -2.220446049250313e-16, 1], "obb": {"axesLengths": [0.566735158726598, 0.3306769654748522, 0.5418816737549519], "centroid": [2.432544746387114, 1.651851778163643, -0.5953385650308796], "normalizedAxes": [0.6135002970695496, 0.7896944880485535, 1.7534740061021591e-16, 0, -2.220446049250313e-16, 1, 0.7896944880485535, -0.6135002970695496, -1.3622443108419747e-16]}, "segments": [20815, 12154, 22987, 19526, 10651, 13995, 34704, 33194, 33203, 33272, 19492, 20380, 22955, 22960, 22964, 24393, 24621, 30018, 30080, 30179, 33095, 33106, 33115, 33168, 33170, 33172, 37377, 10634, 9463, 33230], "label": "stove"}, {"objectId": 25, "id": 25, "partId": 25, "index": 21, "dominantNormal": [0, -2.220446049250313e-16, 1], "obb": {"axesLengths": [0.4215755270805235, 0.2592169584508919, 0.37797579918379415], "centroid": [2.334064947799068, 1.3860414230349165, -0.580391568199291], "normalizedAxes": [0.8297784328460693, 0.5580929517745972, 1.2392152898823498e-16, 0, -2.220446049250313e-16, 1, 0.5580929517745972, -0.8297784328460693, -1.842478242966171e-16]}, "segments": [26246, 37680, 26788, 24254, 26929, 1411, 2079, 23008, 24799, 25378, 37695, 41723, 26051, 23850], "label": "pan"}, {"objectId": 26, "id": 26, "partId": 26, "index": 22, "dominantNormal": [0.9999757409095764, -0.006964595057070255, -1.5464507579099907e-18], "obb": {"axesLengths": [0.3859176898267146, 0.4029100000207869, 0.2820825633251818], "centroid": [2.229981094457144, 0.9973046679795055, -0.3485450843692226], "normalizedAxes": [0.006964594591408968, 0.9999757409095764, 2.2203921832488236e-16, 0, -2.220446049250313e-16, 1, 0.9999757409095764, -0.006964594591408968, -1.5464506545124141e-18]}, "segments": [42858, 38540, 23866, 1694, 2391, 337, 6927, 24698, 24703, 33843, 33850, 33853, 33856, 41623, 24716, 41589], "label": "cutting board"}, {"objectId": 27, "id": 27, "partId": 27, "index": 23, "dominantNormal": [0, -2.220446049250313e-16, 1], "obb": {"axesLengths": [0.24035019104780794, 0.16765500416632723, 0.1907167748754574], "centroid": [2.795530214544696, 2.1897158660231426, 0.11382741598991375], "normalizedAxes": [-0.011140495538711548, 0.9999379515647888, 2.2203082740474862e-16, 0, -2.220446049250313e-16, 1, 0.9999379515647888, 0.011140495538711548, 2.4736869305622795e-18]}, "segments": [54, 737, 175], "label": "storage container"}, {"objectId": 28, "id": 28, "partId": 28, "index": 24, "dominantNormal": [0, -2.220446049250313e-16, 1], "obb": {"axesLengths": [0.24357745973100708, 0.17456699703856554, 0.17996825204476818], "centroid": [2.687783615002554, 2.004333278734633, 0.11728341242603291], "normalizedAxes": [-0.2831229567527771, 0.959083616733551, 2.1295934276767148e-16, 0, -2.220446049250313e-16, 1, 0.959083616733551, 0.2831229567527771, 6.286592507737712e-17]}, "segments": [193, 46, 241, 81], "label": "container"}, {"objectId": 29, "id": 29, "partId": 29, "index": 25, "dominantNormal": [0, -2.220446049250313e-16, 1], "obb": {"axesLengths": [0.1768166511961839, 0.1719119976033568, 0.20144760779473492], "centroid": [2.6648926078486137, 1.872970055633234, 0.11595591270842842], "normalizedAxes": [0.17088808119297028, 0.9852904677391052, 2.1877843264552893e-16, 0, -2.220446049250313e-16, 1, 0.9852904677391052, -0.17088808119297028, -3.794477647488976e-17]}, "segments": [30641, 21, 7412, 150, 33688], "label": "container"}, {"objectId": 30, "id": 30, "partId": 30, "index": 26, "dominantNormal": [0, -2.220446049250313e-16, 1], "obb": {"axesLengths": [0.49755722947959224, 0.16000002264976443, 0.2248156053427272], "centroid": [2.7162249040761965, 2.0756637593798883, 0.46999990355044297], "normalizedAxes": [0.20942746102809906, 0.9778242111206055, 2.1712059064440525e-16, 0, -2.220446049250313e-16, 1, 0.9778242111206055, -0.20942746102809906, -4.6502237844436647e-17]}, "segments": [40298, 32943, 31897, 5494], "label": "container"}, {"objectId": 31, "id": 31, "partId": 31, "index": 27, "dominantNormal": [0.9399536848068237, -0.3413020670413971, -7.578428263630357e-17], "obb": {"axesLengths": [0.6456789364168585, 0.4735179940569847, 0.47008176995727335], "centroid": [2.391651138070179, 1.4600451434476778, 0.2467589118293121], "normalizedAxes": [0.3413020670413971, 0.9399536848068237, 2.0871164459075858e-16, 0, -2.220446049250313e-16, 1, 0.9399536848068237, -0.3413020670413971, -7.578428263630357e-17]}, "segments": [4542, 4248, 31312, 33615, 6534, 37268, 4178, 4186, 4188, 4211, 4476, 4529, 6488, 6528, 6809, 21313, 31102, 31139, 31223, 31287, 31321, 32033, 33960, 33966, 33968, 33971, 36444, 33092, 4336, 6600, 33498, 10218, 30642, 30889, 30935, 30939, 31118, 25101, 37205, 9939, 10841, 12263, 14045, 32163, 32365, 33098, 34077], "label": "extractor fan"}, {"objectId": 32, "id": 32, "partId": 32, "index": 28, "dominantNormal": [-0.46879905462265015, -0.8833048343658447, -1.961330729751342e-16], "obb": {"axesLengths": [0.2369578774169166, 0.17999997332692197, 0.1345473834054815], "centroid": [1.3980293909644441, 3.6323951751337797, 0.5599998902139043], "normalizedAxes": [0.8833048343658447, -0.46879908442497253, -1.0409430749035942e-16, 0, -2.220446049250313e-16, 1, -0.46879908442497253, -0.8833048343658447, -1.961330729751342e-16]}, "segments": [5971, 6014, 6035, 6109], "label": "container"}, {"objectId": 33, "id": 33, "partId": 33, "index": 29, "dominantNormal": [0.7372525930404663, 0.6756172180175781, 1.5001715825526188e-16], "obb": {"axesLengths": [0.24805284197883087, 0.27999999493360517, 0.15934935869868386], "centroid": [1.5626601256555956, 3.527149772115817, 0.6099999010172459], "normalizedAxes": [-0.6756172180175781, 0.7372525930404663, 1.6370296075162523e-16, 0, -2.220446049250313e-16, 1, 0.7372525930404663, 0.6756172180175781, 1.5001715825526188e-16]}, "segments": [5982, 19445, 17073, 36184], "label": "container"}, {"objectId": 34, "id": 34, "partId": 34, "index": 30, "dominantNormal": [-0.6101173758506775, -0.7923110127449036, -1.7592838580269356e-16], "obb": {"axesLengths": [0.4162180177651485, 0.25194098982346813, 0.17356300398967883], "centroid": [1.7016683879804693, 3.4984700185161888, 0.5959703984621774], "normalizedAxes": [0.7923110127449036, -0.6101173758506775, -1.3547327167866052e-16, 0, -2.220446049250313e-16, 1, -0.6101173758506775, -0.7923110127449036, -1.7592838580269356e-16]}, "segments": [17672, 17639, 15168, 15121, 15163, 34310, 36152], "label": "container"}, {"objectId": 201, "id": 201, "partId": 201, "index": 31, "dominantNormal": [0.8540249466896057, -0.520232081413269, -1.1551472698673605e-16], "obb": {"axesLengths": [0.6954711437046723, 0.820000034123658, 0.4065018987126004], "centroid": [2.2080922559354064, 1.5901862917492986, -0.920000080877843], "normalizedAxes": [0.520232081413269, 0.8540249466896057, 1.8963163188381443e-16, 0, -2.220446049250313e-16, 1, 0.8540249466896057, -0.520232081413269, -1.1551472698673605e-16]}, "segments": [10395, 33072, 10275, 10335, 20899, 10018, 42597, 17397, 9957, 9997, 10239, 10295, 10330, 17452, 20414, 21971, 22019, 27320, 29907, 29979, 30019, 33065, 33066, 33069, 34811, 34815, 34883, 34909, 34912, 34917, 10317, 10316, 10254, 32499, 32530, 42346, 10475, 32589, 8671, 8665, 11039, 32707, 42289, 8562, 8616, 8619, 8652, 8659, 8668, 9520, 10251, 10371, 10414, 10428, 10473, 10477, 10506, 10507, 10548, 10688, 10825, 10835, 11028, 11033, 11062, 11074, 11116, 30012, 30067, 31466, 31471, 32500, 32513, 32534, 32551, 32624, 32672, 32854, 34556, 34583, 34920, 34922, 38981, 42239, 42286, 42343, 42360, 42376, 42437, 42442, 9491, 9537, 9543, 9544, 11120, 12345, 12394, 13433, 13456, 14007, 14268, 19506, 19520, 20200, 32612, 32789, 32806, 33334, 33416, 33435, 33447, 33459, 33462, 33465, 33468], "label": "oven"}, {"objectId": 202, "id": 202, "partId": 202, "index": 32, "dominantNormal": [0, -2.220446049250313e-16, 1], "obb": {"axesLengths": [0.46426535317042045, 0.12630200103740385, 0.21804622549091002], "centroid": [1.1487380159908578, 3.66614060147476, 0.5131508937873441], "normalizedAxes": [0.8652626872062683, -0.5013188123703003, -1.1131513763424923e-16, 0, -2.220446049250313e-16, 1, -0.5013188123703003, -0.8652626872062683, -1.921269115370868e-16]}, "segments": [3096, 3118, 3020, 3127, 6043, 6073, 3121, 3150, 3277], "label": "plate"}, {"objectId": 204, "id": 204, "partId": 204, "index": 33, "dominantNormal": [-0.3450582027435303, -0.9385812878608704, -2.0840691125309404e-16], "obb": {"axesLengths": [0.38987928288832474, 0.4999999795109037, 0.12204742799256615], "centroid": [2.776576151256907, 3.1074265515253243, -0.26000007406056214], "normalizedAxes": [0.9385812878608704, -0.3450582027435303, -7.661831230432853e-17, 0, -2.220446049250313e-16, 1, -0.3450582027435303, -0.9385812878608704, -2.0840691125309404e-16]}, "segments": [41274, 7721], "label": "cutting board"}, {"objectId": 205, "id": 205, "initialPoint": [2.0033596919292007, 3.3616787809202977, -0.3650698195327542], "index": 34, "dominantNormal": [-0.36648279428482056, -0.9304248094558716, -2.0659580922807654e-16], "obb": {"axesLengths": [0.36089095257479553, 0.23608597585366708, 0.15493796245946775], "centroid": [2.154976858858929, 3.327247295134084, -0.3880430773728445], "normalizedAxes": [0.9304248094558716, -0.36648279428482056, -8.13755272687945e-17, 0, -2.220446049250313e-16, 1, -0.36648279428482056, -0.9304248094558716, -2.0659580922807654e-16]}, "segments": [19983, 19993, 20004, 9878, 27713, 27711], "partId": 205, "label": "container"}], "scan_id": "b05fdd8a-fca0-2d4f-8ac5-f6ae697787f5", "annId": "5982", "appId": "stk.v1"}