{"segGroups": [{"objectId": 1, "id": 1, "partId": 1, "index": 0, "dominantNormal": [0, -2.220446049250313e-16, 1], "obb": {"axesLengths": [5.519935037243623, 0.7025100431775297, 4.6298121213336065], "centroid": [1.8477149039426475, 0.07545363698751895, -1.1812550684180467], "normalizedAxes": [0.9836292862892151, -0.18020372092723846, -4.001326401930926e-17, 0, -2.220446049250313e-16, 1, -0.18020372092723846, -0.9836292862892151, -2.1840957626677928e-16]}, "segments": [26902, 38214, 21050, 37421, 37703, 1895, 32967, 18146, 13860, 22334, 27157, 33441, 9143, 1410, 1467, 3981, 4245, 5703, 5704, 5715, 5725, 5967, 7612, 8734, 12303, 12306, 13955, 13972, 14132, 14188, 14199, 14215, 14295, 17249, 18106, 18108, 18168, 18170, 18214, 18219, 18231, 18411, 18862, 18877, 18926, 19029, 19036, 20740, 20957, 20965, 21173, 21210, 22310, 23287, 23473, 23485, 23803, 25472, 25781, 28026, 28060, 28117, 28172, 28186, 28732, 28895, 29271, 30033, 30036, 30676, 31785, 31888, 32244, 32258, 33576, 33590, 33630, 33636, 33647, 33651, 33658, 33727, 33733, 34666, 34701, 34718, 36701, 36723, 36743, 36757, 36926, 37388, 39065, 41446, 41641, 42852, 42853, 43239, 43272, 43282, 43287, 43297, 43360, 43363, 43368, 45203, 45504, 46702, 47258, 47439, 49075, 49077, 49233, 49242, 49283, 49742, 8465], "label": "floor"}, {"objectId": 2, "id": 2, "partId": 2, "index": 1, "dominantNormal": [0, -2.220446049250313e-16, 1], "obb": {"axesLengths": [2.54537640783315, 1.0065000428296613, 2.460507664462664], "centroid": [1.0127080234822743, -0.6060790319627123, -0.9532500815061461], "normalizedAxes": [0.3736647963523865, 0.9275637865066528, 2.0596053451763581e-16, 0, -2.220446049250313e-16, 1, 0.9275637865066528, -0.3736647963523865, -8.297025208045793e-17]}, "segments": [40753, 38834, 8022, 13800, 37113, 41725, 45225, 38587, 41853, 3886, 42843, 8376, 2328, 2836, 4996, 7767, 8116, 8150, 8177, 8260, 8296, 8300, 8441, 26874, 31239, 31450, 33368, 36868, 37263, 37270, 37272, 40734, 49891, 49992, 50015, 51499, 4016, 3430, 32287, 50026], "label": "bed"}, {"objectId": 3, "id": 3, "partId": 3, "index": 2, "dominantNormal": [-0.14535869657993317, -0.9893790483474731, -2.1968627991141812e-16], "obb": {"axesLengths": [3.6519146462537524, 2.4999999441206455, 0.6745803802419377], "centroid": [0.6282776098401566, -1.8393702108707188, -0.24000008624285285], "normalizedAxes": [0.9893790483474731, -0.14535869657993317, -3.227611435450876e-17, 0, -2.220446049250313e-16, 1, -0.14535869657993317, -0.9893790483474731, -2.1968627991141812e-16]}, "segments": [536, 7131, 29089, 38078, 47923, 23924, 23571, 357, 2876, 2879, 2891, 2894, 2937, 2982, 2995, 3000, 3007, 3026, 3033, 3064, 3358, 12761, 22775, 23888, 23910, 24785, 24794, 24834, 24837, 24863, 24868, 24893, 25617, 28451, 29406, 33439, 33838, 34249, 41467, 41568, 41736, 41744, 41747, 41752, 41763, 41777, 44032, 44037, 44305, 47787, 14526, 30327, 19940, 16746, 46902, 1698, 325, 220, 1210, 1145, 12810, 11717, 43389, 17074, 14416, 11714, 11388, 30285, 11806, 18390, 30277, 31980, 30198, 23573, 33018, 50143, 41493, 46372, 29109, 1743, 46911, 16717, 46877, 30375, 14560], "label": "wall"}, {"objectId": 4, "id": 4, "partId": 4, "index": 3, "dominantNormal": [0.9860172867774963, -0.16664303839206696, -3.700218762327333e-17], "obb": {"axesLengths": [4.507236305691442, 3.4107898903461558, 0.44012971897574477], "centroid": [-0.660444896537248, 1.01874050635882, 0.2456949073642134], "normalizedAxes": [0.16664303839206696, 0.9860172867774963, 2.1893981889176047e-16, 0, -2.220446049250313e-16, 1, 0.9860172867774963, -0.16664303839206696, -3.700218762327333e-17]}, "segments": [32586, 27732, 14080, 32046, 50408, 22888, 5615, 2850, 19003, 30480, 2556, 2744, 2751, 2888, 2957, 5516, 5537, 5547, 5556, 5567, 6424, 6438, 9465, 9471, 9476, 9508, 9793, 9832, 9892, 9916, 10364, 10367, 10391, 10425, 10434, 13143, 13178, 13179, 13232, 13234, 13261, 13264, 13292, 13299, 13335, 14537, 14618, 15187, 15232, 15255, 15313, 15326, 15329, 15533, 15744, 15949, 16030, 16217, 16985, 17532, 18949, 19320, 19552, 19589, 19624, 19636, 19637, 19713, 19791, 19795, 20032, 21852, 23301, 23307, 23469, 25136, 25637, 26701, 26770, 27205, 27262, 27314, 27459, 27518, 27550, 29470, 29479, 29494, 29552, 30453, 30537, 31156, 31158, 31233, 31243, 31247, 31327, 31335, 31336, 31338, 31346, 31370, 31383, 31449, 31486, 31936, 33333, 33343, 33375, 33425, 39363, 39364, 39377, 39378, 39409, 41495, 41499, 41501, 41503, 41903, 41906, 42352, 42395, 42404, 42434, 42508, 42685, 42690, 42955, 43254, 43518, 45163, 46033, 46036, 46101, 46105, 46107, 46135, 46205, 46271, 46338, 46349, 46679, 46683, 47096, 49845, 49865, 49869, 50227, 50307, 51334, 9597, 31012, 11963, 51027], "label": "wall"}, {"objectId": 5, "id": 5, "partId": 5, "index": 4, "dominantNormal": [0.9661661386489868, -0.25792041420936584, -5.726983647521907e-17], "obb": {"axesLengths": [0.6689541231779428, 0.6599999965727327, 0.2827802276362768], "centroid": [-0.7268026872038402, 1.1033022054389923, 0.15999991822749493], "normalizedAxes": [0.25792041420936584, 0.9661661386489868, 2.145319785482573e-16, 0, -2.220446049250313e-16, 1, 0.9661661386489868, -0.25792041420936584, -5.726983647521907e-17]}, "segments": [18676, 19611, 51308, 13211, 19727, 46212, 46126, 31398], "label": "clock"}, {"objectId": 6, "id": 6, "partId": 6, "index": 5, "dominantNormal": [0.9809905886650085, -0.19405527412891388, -4.308892667757333e-17], "obb": {"axesLengths": [0.8785436700434928, 0.7799999539554126, 0.2517283246782452], "centroid": [-0.7761453565741494, 0.37465381823462357, 0.1999999015381948], "normalizedAxes": [0.19405527412891388, 0.9809905886650085, 2.1782366769529572e-16, 0, -2.220446049250313e-16, 1, 0.9809905886650085, -0.19405527412891388, -4.308892667757333e-17]}, "segments": [16594, 43160, 18979, 19220, 43680, 43994, 33175, 21733, 23092, 47032, 50756, 43236, 16912, 16843, 43117, 16485, 16838, 47067, 20062, 20005, 20025, 46957, 46974, 16619, 33273, 12573, 12594, 12610, 12634, 12671, 12747, 16491, 16931, 16966, 19681, 19733, 19744, 19748, 20707, 20714, 20758, 21598, 21707, 21713, 21717, 21791, 23001, 23086, 29444, 29505, 29506, 29514, 29534, 29597, 29620, 32067, 33186, 33277, 43110, 43150, 43204, 43470, 43520, 43706, 43931, 45533, 45595, 45611, 45645, 46990, 47033, 47056, 47059, 23177], "label": "shelf"}, {"objectId": 7, "id": 7, "partId": 7, "index": 6, "dominantNormal": [0.9974564909934998, -0.07127822935581207, -1.582694627706706e-17], "obb": {"axesLengths": [1.6287007316353317, 1.160467032481721, 0.5530814093865425], "centroid": [-0.5403191347236573, 0.685735198350032, -0.8923265810187182], "normalizedAxes": [0.07127822935581207, 0.9974564909934998, 2.214798324725597e-16, 0, -2.220446049250313e-16, 1, 0.9974564909934998, -0.07127822935581207, -1.582694627706706e-17]}, "segments": [28588, 36591, 9640, 11873, 11903, 20301, 6743, 7060, 45028, 10953, 10964, 10982, 48787], "label": "commode"}, {"objectId": 8, "id": 8, "partId": 8, "index": 7, "dominantNormal": [0.9994525909423828, -0.03308340534567833, -7.345991669555814e-18], "obb": {"axesLengths": [0.4564802629586362, 0.6025799378176045, 0.2793856224591381], "centroid": [-0.45222307227094705, 1.998438679398555, -1.1512900558222074], "normalizedAxes": [0.03308340534567833, 0.9994525909423828, 2.2192305569710032e-16, 0, -2.220446049250313e-16, 1, 0.9994525909423828, -0.03308340534567833, -7.345991669555814e-18]}, "segments": [11013, 11096, 5653, 5485, 6374], "label": "bin"}, {"objectId": 9, "id": 9, "partId": 9, "index": 8, "dominantNormal": [-0.1777210831642151, -0.9840809106826782, -2.185098570268003e-16], "obb": {"axesLengths": [2.670706859940296, 2.2965349637746435, 0.16125030850443783], "centroid": [1.711030498210195, 1.8203336060044686, -0.3253925594623568], "normalizedAxes": [0.9840809106826782, -0.1777210831642151, -3.946200769804677e-17, 0, -2.220446049250313e-16, 1, -0.1777210831642151, -0.9840809106826782, -2.185098570268003e-16]}, "segments": [29524, 37585, 22313, 25853, 31840, 35539, 17640, 49145, 5193, 27975, 49147, 22156, 16387, 16440, 16441, 22227, 22635, 23247, 24162, 24180, 27419, 31773, 31863, 31898, 35395, 36047, 36340, 36349, 36358, 36384, 37616, 37622, 37624, 43094, 45411, 45413, 48646, 48649, 48650, 48776, 48778, 49165, 49175], "label": "wardrobe"}, {"objectId": 10, "id": 10, "partId": 10, "index": 9, "dominantNormal": [-0.20574086904525757, -0.9786065220832825, -2.1729429857304138e-16], "obb": {"axesLengths": [1.2492421117707926, 2.5180899534056334, 0.49514125412461363], "centroid": [0.1960739697442926, 2.8049402038560998, -0.22021504010762993], "normalizedAxes": [0.9786065220832825, -0.20574086904525757, -4.568364998408682e-17, 0, -2.220446049250313e-16, 1, -0.20574086904525757, -0.9786065220832825, -2.1729429857304138e-16]}, "segments": [32333, 41028, 25092, 18021, 24955, 48949, 17925, 17975, 18325, 32007, 25442, 25396, 7346, 4917, 27021, 32779, 36116, 36117, 30432, 26459, 36141, 26830, 15309, 14641, 43539, 3550, 3633, 4999, 7252, 7403, 9021, 9039, 9047, 9082, 9084, 9086, 9107, 17843, 17870, 17884, 17891, 17896, 17926, 17931, 17943, 17986, 19331, 20244, 20269, 22897, 24015, 24052, 25004, 25428, 26482, 26534, 26547, 26570, 26629, 26647, 28304, 29126, 32002, 32866, 32930, 34496, 34539, 34547, 34549, 34568, 34572, 34591, 34597, 34601, 34634, 34637, 34641, 34658, 36088, 36123, 36186, 36448, 36469, 36487, 36517, 38434, 40970, 41440, 42184, 42187, 43258, 43262, 43268, 43271, 43857, 44049, 44972, 44975, 47216, 47227, 48791, 48846], "label": "mirror"}, {"objectId": 11, "id": 11, "partId": 11, "index": 10, "dominantNormal": [0.9848034977912903, -0.17367219924926758, -3.856297486876494e-17], "obb": {"axesLengths": [0.5875765195182701, 0.6687679141290205, 0.5027399237009623], "centroid": [1.9635164328908585, -1.6471159757783824, -1.1204660509073872], "normalizedAxes": [0.17367219924926758, 0.9848034977912903, 2.18670303595856e-16, 0, -2.220446049250313e-16, 1, 0.9848034977912903, -0.17367219924926758, -3.856297486876494e-17]}, "segments": [42888, 14755, 21666, 13686, 13628, 13578, 3124, 3158, 3176, 3189, 3212, 3277, 3281, 6266, 13580, 13611, 13651, 13658, 14971, 41963, 42088], "label": "nightstand"}, {"objectId": 12, "id": 12, "partId": 12, "index": 11, "dominantNormal": [-0.04835491627454758, -0.9988301992416382, -2.2178485697779986e-16], "obb": {"axesLengths": [0.567131223429102, 0.5246299984016267, 0.4555850098688677], "centroid": [-0.4391653195659271, -1.2388108229762211, -1.2123150481162583], "normalizedAxes": [0.9988301992416382, -0.04835491627454758, -1.0736948280364883e-17, 0, -2.220446049250313e-16, 1, -0.04835491627454758, -0.9988301992416382, -2.2178485697779986e-16]}, "segments": [15380, 15461, 4513, 4604, 4130, 4618, 11795, 11801, 11842, 11850, 15418, 15422, 28852, 42543, 42960, 44426, 14680, 45472], "label": "nightstand"}, {"objectId": 14, "id": 14, "partId": 14, "index": 13, "dominantNormal": [0.005521967075765133, -0.9999847412109375, -2.220412167932423e-16], "obb": {"axesLengths": [0.7601678593557085, 2.0311550044010196, 0.5883149539695821], "centroid": [-0.7294666137340524, -1.614029930934647, -0.43442259514370773], "normalizedAxes": [0.9999847412109375, 0.005521967075765133, 1.2261229977472994e-18, 0, -2.220446049250313e-16, 1, 0.005521967075765133, -0.9999847412109375, -2.220412167932423e-16]}, "segments": [32691, 43414, 18764, 32593, 9247, 19284, 45754, 47930, 35544, 29945, 29792, 29872, 29887, 9264, 17747, 28409, 45204, 2174, 9285, 9334, 17102, 17134, 17706, 18756, 18768, 19175, 19200, 19231, 19267, 19273, 20201, 20530, 20586, 20590, 21547, 24097, 24184, 24240, 24320, 24444, 24513, 24529, 24535, 24539, 24596, 24599, 24602, 24604, 24607, 24648, 24653, 24756, 24772, 26353, 26382, 28317, 28332, 28336, 28338, 28352, 28392, 28394, 28402, 28430, 29733, 29864, 29926, 29955, 29977, 32589, 32656, 32658, 32707, 34394, 34433, 34802, 35599, 35931, 35961, 35963, 36004, 38032, 38048, 43441, 44078, 44093, 44162, 44211, 44215, 44216, 44222, 44237, 44296, 44298, 44301, 45240, 45242, 45304, 45308, 45314, 45317, 45325, 45329, 45343, 45708, 45710, 45722, 45743, 46704, 46709, 46718, 46727, 46736, 46815, 46830, 48019, 48023, 48026, 48034, 48035, 48464, 48479, 48501, 49797, 49828, 49837, 49841, 2142, 35751, 24921, 25328, 32755, 17692, 25331], "label": "shelf"}, {"objectId": 17, "id": 17, "partId": 17, "index": 14, "dominantNormal": [0, -2.220446049250313e-16, 1], "obb": {"axesLengths": [5.763638320316077, 0.6399999713897714, 3.7078194355784766], "centroid": [0.6096456530805194, 0.7757075225662245, 1.4499998735985176], "normalizedAxes": [0.4298335909843445, 0.9029081463813782, 2.0048588264684545e-16, 0, -2.220446049250313e-16, 1, 0.9029081463813782, -0.4298335909843445, -9.544222989362627e-17]}, "segments": [7866, 8073, 9113, 6442, 4772, 42251, 4800, 8748, 9244, 42282, 11481, 8924, 9325, 9398, 11168, 10922, 2416, 42258, 1577, 2342, 10112, 10255, 10311, 11596, 38711, 40605, 51674, 51675, 10433, 9880, 9514, 5814, 5824, 39097, 34355, 34362, 38445, 38453, 38459, 38463, 39159, 23742, 22840, 23710, 38174, 38173, 13492, 13494, 39146, 39867, 39900, 51376, 39789, 40131, 30664, 34285, 39776, 46041, 34052, 40250, 51581, 17597, 38124, 40832, 51706, 22876, 46400, 31590, 37003, 36994, 49085, 36645, 8678, 8579, 32563, 33772, 8667, 13506, 10902, 42047, 10970, 10756, 10743, 10878, 10008, 42042, 11012, 40208, 40803, 39797], "label": "ceiling"}, {"objectId": 19, "id": 19, "partId": 19, "index": 15, "dominantNormal": [0, -2.220446049250313e-16, 1], "obb": {"axesLengths": [0.6527431995464708, 0.28448896964291537, 0.5638416773649293], "centroid": [0.6352186036536747, 0.4004845543515595, 1.1077554051683371], "normalizedAxes": [0.16262340545654297, 0.9866881966590881, 2.1908879081135882e-16, 0, -2.220446049250313e-16, 1, 0.9866881966590881, -0.16262340545654297, -3.6109649816161264e-17]}, "segments": [11904, 10726, 12231, 12234, 12298, 12366, 42120, 42121, 42220, 42199, 10657, 12020, 12495, 12132, 12081, 12171, 42109, 42214, 42218, 42189, 11996, 12880], "label": "light"}, {"objectId": 20, "id": 20, "partId": 20, "index": 16, "dominantNormal": [0.4691055715084076, -0.8831421136856079, -1.960969417259779e-16], "obb": {"axesLengths": [0.3434762023475191, 0.3705189741286863, 0.24609286341179065], "centroid": [-0.38803862492822727, -1.373876193733798, -0.7922285544770536], "normalizedAxes": [0.8831421136856079, 0.4691055715084076, 1.0416236129371539e-16, 0, -2.220446049250313e-16, 1, 0.4691055715084076, -0.8831421136856079, -1.960969417259779e-16]}, "segments": [42527, 11522, 3833, 3883, 24274, 24277, 24291, 24481, 24627, 41859, 44262, 44281, 44282, 24124, 24202, 44082, 44086, 24221, 24641, 28509, 44105, 24192, 44130, 4008, 42537], "label": "lamp"}, {"objectId": 21, "id": 21, "partId": 21, "index": 17, "dominantNormal": [0.946862518787384, -0.3216385245323181, -7.141809910844857e-17], "obb": {"axesLengths": [0.32635857784819144, 0.3984820157628799, 0.2795022086581086], "centroid": [1.895123799053923, -1.7336835544121567, -0.7892410505383973], "normalizedAxes": [0.3216385245323181, 0.946862518787384, 2.1024571390246472e-16, 0, -2.220446049250313e-16, 1, 0.946862518787384, -0.3216385245323181, -7.141809910844857e-17]}, "segments": [2711, 2704, 41810, 6330, 42706, 13545, 6152], "label": "lamp"}, {"objectId": 27, "id": 27, "partId": 27, "index": 20, "dominantNormal": [0.9969120025634766, -0.07852714508771896, -1.743652890689317e-17], "obb": {"axesLengths": [0.6107380948850858, 2.560800018292664, 0.47518610694945435], "centroid": [-0.8217507408783433, -0.38423145446611295, -0.1904000822016585], "normalizedAxes": [0.07852713763713837, 0.9969120025634766, 2.2135893175422895e-16, 0, -2.220446049250313e-16, 1, 0.9969120025634766, -0.07852713763713837, -1.7436527252531945e-17]}, "segments": [13935, 43761, 43796, 14309, 13943, 25116, 19305, 19441, 20721, 20751, 21215, 21384, 32098, 32650, 43609, 43636, 45040, 45655, 46698, 45153, 27235, 16068, 25101, 44553, 19957, 16098, 16102, 16149, 16209, 16212, 16253, 16321, 20042, 20113, 21020, 21147, 21162, 21228, 21239, 21261, 21307, 21348, 21970, 21984, 22037, 22062, 22105, 22127, 22200, 22238, 22255, 25939, 26023, 26038, 26144, 26158, 27182, 43002, 43007, 43009, 43080, 43081, 43617, 43723, 43826, 43838, 43843, 44443, 44491, 44497, 44654, 44694, 44790, 44794, 44821, 44947, 21078, 43739, 22074, 16307, 44621, 16324, 7609, 16047, 7561, 5430], "label": "curtain"}, {"objectId": 28, "id": 28, "partId": 28, "index": 21, "dominantNormal": [0.9999359846115112, -0.011316892690956593, -2.512854966542431e-18], "obb": {"axesLengths": [0.5731978889380571, 2.567139925797135, 0.23446265922452886], "centroid": [-1.0040222188501509, -0.8445498451441804, -0.1935700359538941], "normalizedAxes": [0.011316892690956593, 0.9999359846115112, 2.220303906533852e-16, 0, -2.220446049250313e-16, 1, 0.9999359846115112, -0.011316892690956593, -2.512854966542431e-18]}, "segments": [14740, 37798, 16428, 12973, 50705, 33908, 30899, 22569, 13692, 15295, 17531, 18427, 18436, 18449, 18474, 18484, 18503, 18504, 18600, 18609, 22546, 22579, 22593, 30917, 30933, 30949, 31041, 31082, 31091, 31115, 31120, 33913, 33959, 35212, 35306, 35331, 42816, 43330, 43332, 43335, 43336, 43349, 43849, 46046, 46088, 46542, 47137, 47141, 47417, 51168, 50334, 5037, 5835, 5846, 5848, 5952, 5960, 5961, 35312, 35342, 35361, 35381, 41921, 41928, 41930, 41933, 50353, 6008, 6015, 6974, 5947, 16091, 1474, 1481, 1509, 7490, 22648, 30978, 31006, 33947, 35199, 7139, 5031, 6946], "label": "curtain"}, {"objectId": 29, "id": 29, "partId": 29, "index": 22, "dominantNormal": [0, -2.220446049250313e-16, 1], "obb": {"axesLengths": [0.5439205353192987, 0.28592299775951363, 0.4018783268578323], "centroid": [0.5992399374289992, -0.9086057279471806, -0.6898795436745986], "normalizedAxes": [0.9993693828582764, 0.03550899028778076, 7.884579719737053e-18, 0, -2.220446049250313e-16, 1, 0.03550899028778076, -0.9993693828582764, -2.2190457979093833e-16]}, "segments": [37512, 37471, 49128, 37487, 37478, 37238, 51403], "label": "pillow"}, {"objectId": 30, "id": 30, "partId": 30, "index": 23, "dominantNormal": [0, -2.220446049250313e-16, 1], "obb": {"axesLengths": [0.8224064817792566, 0.260335022352598, 0.7250467009048729], "centroid": [0.4605906197749565, -1.1402011079571277, -0.7601675743968583], "normalizedAxes": [0.9918041229248047, -0.12776756286621094, -2.837009801886191e-17, 0, -2.220446049250313e-16, 1, -0.12776756286621094, -0.9918041229248047, -2.2022475463785544e-16]}, "segments": [38213, 3737, 4370, 38536, 39991, 51460], "label": "pillow"}, {"objectId": 31, "id": 31, "partId": 31, "index": 24, "dominantNormal": [0, -2.220446049250313e-16, 1], "obb": {"axesLengths": [0.8310827415354917, 0.26788097021249735, 0.7630115492712676], "centroid": [1.2734276848953525, -1.2812332915488922, -0.7560595627661149], "normalizedAxes": [0.9957181811332703, -0.09244070202112198, -2.0525959159272573e-17, 0, -2.220446049250313e-16, 1, -0.09244070202112198, -0.9957181811332703, -2.2109385014640776e-16]}, "segments": [36787, 47192, 51587, 51452, 40579, 8326, 51826, 7996], "label": "pillow"}, {"objectId": 32, "id": 32, "partId": 32, "index": 25, "dominantNormal": [0, -2.220446049250313e-16, 1], "obb": {"axesLengths": [0.5571880947782353, 0.2426649873853104, 0.49769199554993676], "centroid": [1.4010325024058674, -1.2170424325764606, -0.7038385637387956], "normalizedAxes": [-0.4088735580444336, 0.9125910401344299, 2.0263591696477288e-16, 0, -2.220446049250313e-16, 1, 0.9125910401344299, 0.4088735580444336, 9.078816766026811e-17]}, "segments": [3523, 40439, 8266], "label": "pillow"}, {"objectId": 33, "id": 33, "partId": 33, "index": 26, "dominantNormal": [0, -2.220446049250313e-16, 1], "obb": {"axesLengths": [0.39338085043604637, 0.1618400179928535, 0.24116143183317815], "centroid": [1.4211398297461688, -0.8796697417962349, -0.7542840596472311], "normalizedAxes": [0.9865267872810364, -0.1635999232530594, -3.6326480324491014e-17, 0, -2.220446049250313e-16, 1, -0.1635999232530594, -0.9865267872810364, -2.1905295072977812e-16]}, "segments": [40391, 51665, 40518, 40410, 40432], "label": "pillow"}, {"objectId": 34, "id": 34, "partId": 34, "index": 27, "dominantNormal": [0, -2.220446049250313e-16, 1], "obb": {"axesLengths": [1.473372542819518, 0.17483597603061868, 1.15209108236805], "centroid": [0.5993716241909344, -0.15951975419088116, -0.8625820609001357], "normalizedAxes": [0.2309805303812027, 0.9729583859443665, 2.1604016041551298e-16, 0, -2.220446049250313e-16, 1, 0.9729583859443665, -0.2309805303812027, -5.1287980613868344e-17]}, "segments": [37366, 4171, 12096, 38887], "label": "blanket"}, {"objectId": 35, "id": 35, "partId": 35, "index": 28, "dominantNormal": [0, -2.220446049250313e-16, 1], "obb": {"axesLengths": [1.4604686324731184, 0.20212995554216337, 0.9967979363883657], "centroid": [1.4768163340921192, -0.3342274875714121, -0.8489350711443635], "normalizedAxes": [0.1359252631664276, 0.9907190799713135, 2.199838267039208e-16, 0, -2.220446049250313e-16, 1, 0.9907190799713135, -0.1359252631664276, -3.018147135912033e-17]}, "segments": [8028, 40462, 38681, 41206, 7848], "label": "blanket"}, {"objectId": 36, "id": 36, "partId": 36, "index": 29, "dominantNormal": [0.9360833168029785, -0.3517783582210541, -7.811048657237009e-17], "obb": {"axesLengths": [0.2977062975778955, 0.21254699947207398, 0.19052694971422263], "centroid": [2.0727121534567967, -1.5474881878141393, -0.8848675814324415], "normalizedAxes": [0.3517783582210541, 0.9360833168029785, 2.0785225025643029e-16, 0, -2.220446049250313e-16, 1, 0.9360833168029785, -0.3517783582210541, -7.811048657237009e-17]}, "segments": [42728, 16013, 6484, 6487], "label": "napkins"}, {"objectId": 38, "id": 38, "partId": 38, "index": 31, "dominantNormal": [0.9298126101493835, -0.3680332601070404, -8.171979983973907e-17], "obb": {"axesLengths": [0.27344041021419624, 0.6860569562154194, 0.1886906139377146], "centroid": [-0.3780171569791939, 1.7260385146081667, -0.9669715174615789], "normalizedAxes": [0.3680332601070404, 0.9298126101493835, 2.0645987367493203e-16, 0, -2.220446049250313e-16, 1, 0.9298126101493835, -0.3680332601070404, -8.171979983973907e-17]}, "segments": [42984, 7074, 9934, 7488, 9582, 6349], "label": "towel"}, {"objectId": 39, "id": 39, "partId": 39, "index": 32, "dominantNormal": [0, -2.220446049250313e-16, 1], "obb": {"axesLengths": [0.2603659406113349, 0.16215198869663494, 0.21046568298057666], "centroid": [-0.6477782533339949, 0.8272848363965357, -0.48892406782916087], "normalizedAxes": [0.9707370400428772, -0.24014484882354736, -5.3322868081805944e-17, 0, -2.220446049250313e-16, 1, -0.24014484882354736, -0.9707370400428772, -2.1554692254241496e-16]}, "segments": [49184, 51341, 6954, 20466], "label": "item"}, {"objectId": 40, "id": 40, "partId": 40, "index": 33, "dominantNormal": [0, -2.220446049250313e-16, 1], "obb": {"axesLengths": [0.46470145395188317, 0.151193973022834, 0.2684363457909051], "centroid": [-0.725664981759043, 0.21146411444693597, -0.5144030561455404], "normalizedAxes": [-0.13536913692951202, 0.9907952547073364, 2.2000074089308628e-16, 0, -2.220446049250313e-16, 1, 0.9907952547073364, 0.13536913692951202, 3.005798652855596e-17]}, "segments": [28566, 27596, 27808, 30514, 45818, 27713, 27747, 25193, 27770, 27779, 30549, 30557, 45194, 45896, 45963, 45975, 46020, 46024, 46029], "label": "item"}, {"objectId": 41, "id": 41, "partId": 41, "index": 34, "dominantNormal": [0.18330426514148712, -0.9830562472343445, -2.1828233603623392e-16], "obb": {"axesLengths": [0.1519564896042242, 0.19452195924843943, 0.055953330033662166], "centroid": [-0.5060127086142545, 1.7121322810736064, -0.6020250708553555], "normalizedAxes": [0.9830562472343445, 0.18330425024032593, 4.0701719825692246e-17, 0, -2.220446049250313e-16, 1, 0.18330425024032593, -0.9830562472343445, -2.1828233603623392e-16]}, "segments": [9917], "label": "rack"}, {"objectId": 42, "id": 42, "partId": 42, "index": 35, "dominantNormal": [0.9650977253913879, -0.2618899345397949, -5.815124704873107e-17], "obb": {"axesLengths": [0.43643156866722305, 0.8199999745190145, 0.1306277783516576], "centroid": [-0.46353728296298735, 2.558957703242269, -8.207052837327922e-08], "normalizedAxes": [0.2618899345397949, 0.9650977253913879, 2.142947431485771e-16, 0, -2.220446049250313e-16, 1, 0.9650977253913879, -0.2618899345397949, -5.815124704873107e-17]}, "segments": [9810, 27509, 27519, 15257], "label": "rack"}, {"objectId": 43, "id": 43, "initialPoint": [-0.9903597749286206, -1.2535837742545495, 0.8419660296837796], "index": 36, "dominantNormal": [0.998981773853302, 0.04511556774377823, 1.0017668415635723e-17], "obb": {"axesLengths": [0.5606258377185213, 2.5823799986605334, 0.41124927350471147], "centroid": [-0.9128266926220094, -1.2565916407989055, -0.18119009190611424], "normalizedAxes": [-0.04511556774377823, 0.998981773853302, 2.2181851330256341e-16, 0, -2.220446049250313e-16, 1, 0.998981773853302, 0.04511556774377823, 1.0017668415635723e-17]}, "segments": [1843, 48310, 35583, 35788, 48063, 2215, 2252, 12479, 12482, 12499, 12554, 19048, 19178, 19440, 20396, 22485, 26787, 26804, 26837, 28819, 29355, 29688, 29761, 34861, 34884, 34952, 34953, 34972, 35065, 35080, 35584, 35609, 35662, 35770, 37989, 42605, 42608, 42610, 42620, 45017, 45021, 45691, 45768, 45770, 47299, 47322, 47323, 47326, 47349, 47383, 47388, 47390, 48010, 48016, 48031, 48139, 48169, 48330, 48448, 1844, 2164, 2177, 2257, 6591, 12409, 12426, 12476, 12489, 12511, 18277, 19411, 19427, 19517, 20359, 22514, 28841, 29308, 41656, 48253, 6667, 22730, 2027, 37961, 12975, 6535, 12937, 13077, 14795, 17112, 18393, 19247, 22461, 22708, 29914, 41660, 47274, 47762, 47928, 22748, 6664], "partId": 43, "label": "curtain"}], "scan_id": "0cac7648-8d6f-2d13-8e30-76663c19baa4", "annId": "4151", "appId": "stk.v1"}