{"segGroups": [{"objectId": 34, "id": 34, "partId": 34, "index": 0, "dominantNormal": [0, -2.220446049250313e-16, 1], "obb": {"axesLengths": [0.6427415876759153, 0.28513800460536753, 0.3621140361804619], "centroid": [2.5797461211819095, -3.0319877184774184, -0.7886560103597641], "normalizedAxes": [0.36785149574279785, 0.9298845529556274, 2.0647584818692165e-16, 0, -2.220446049250313e-16, 1, 0.9298845529556274, -0.36785149574279785, -8.167944004329139e-17]}, "segments": [90383, 88725, 85081, 85011, 90401, 90417, 62811, 65869], "label": "pillow"}, {"objectId": 35, "id": 35, "partId": 35, "index": 1, "dominantNormal": [0, -2.220446049250313e-16, 1], "obb": {"axesLengths": [0.45587034701454454, 0.38688998549677445, 0.48335594923643904], "centroid": [3.239518985432695, -3.6674510947703043, -0.7365550252820174], "normalizedAxes": [0.6370285749435425, 0.7708401679992676, 1.7116090056374213e-16, 0, -2.220446049250313e-16, 1, 0.7708401679992676, -0.6370285749435425, -1.414487582492946e-16]}, "segments": [52805, 84882, 42676], "label": "pillow"}, {"objectId": 360, "id": 360, "partId": 360, "index": 2, "dominantNormal": [0, -2.220446049250313e-16, 1], "obb": {"axesLengths": [0.5247499943833661, 0.28008496135283334, 0.35670022010243135], "centroid": [3.047987773922354, -3.603225563317405, -0.7880835077594928], "normalizedAxes": [0.8571785688400269, 0.5150192975997925, 1.1435725646431305e-16, 0, -2.220446049250313e-16, 1, 0.5150192975997925, -0.8571785688400269, -1.9033187666828752e-16]}, "segments": [51410, 51449, 59149, 51467], "label": "pillow"}, {"objectId": 37, "id": 37, "partId": 37, "index": 3, "dominantNormal": [0, -2.220446049250313e-16, 1], "obb": {"axesLengths": [0.6633934491494499, 0.24492799688291558, 0.5345972428708834], "centroid": [4.036160059671783, -3.459826944463961, -0.8275360000684262], "normalizedAxes": [0.7692142128944397, 0.6389910578727722, 1.4188451699598752e-16, 0, -2.220446049250313e-16, 1, 0.6389910578727722, -0.7692142128944397, -1.7079986600486479e-16]}, "segments": [81972, 48009, 43950, 48189, 81780, 46556, 81749], "label": "pillow"}, {"objectId": 38, "id": 38, "partId": 38, "index": 4, "dominantNormal": [0, -2.220446049250313e-16, 1], "obb": {"axesLengths": [1.0100685309371238, 0.2695690035171283, 0.6026156387152785], "centroid": [3.3526902647858248, -4.188577812196607, -0.5552155120995159], "normalizedAxes": [0.5050813555717468, 0.8630717396736145, 1.916404234577872e-16, 0, -2.220446049250313e-16, 1, 0.8630717396736145, -0.5050813555717468, -1.1215059005292778e-16]}, "segments": [42827, 40634, 4100, 2680, 40685, 76804, 4294], "label": "pillow"}, {"objectId": 39, "id": 39, "partId": 39, "index": 5, "dominantNormal": [0, -2.220446049250313e-16, 1], "obb": {"axesLengths": [0.6186661232534849, 0.36067297248528196, 0.5096981626974209], "centroid": [2.957264165259353, -3.886287548651999, -0.44966352657235764], "normalizedAxes": [-0.7036798596382141, 0.710517168045044, 1.5776650387101386e-16, 0, -2.220446049250313e-16, 1, 0.710517168045044, 0.7036798596382141, 1.5624831642706874e-16]}, "segments": [83278, 46110, 81872, 41365, 46166, 47460, 78417, 24571, 41340], "label": "pillow"}, {"objectId": 40, "id": 40, "partId": 40, "index": 6, "dominantNormal": [0.9455314874649048, 0.32553061842918396, 7.228231756010927e-17], "obb": {"axesLengths": [0.5907056478678282, 0.48000000834464984, 0.4235180515517261], "centroid": [3.6329596945383567, -3.866302547746019, -0.6900000138580799], "normalizedAxes": [-0.32553061842918396, 0.9455314874649048, 2.0995016557832198e-16, 0, -2.220446049250313e-16, 1, 0.9455314874649048, 0.32553061842918396, 7.228231756010927e-17]}, "segments": [51289, 50973, 84870], "label": "pillow"}, {"objectId": 41, "id": 41, "partId": 41, "index": 7, "dominantNormal": [0.9884585738182068, 0.15149126946926117, 3.3637819078893554e-17], "obb": {"axesLengths": [0.4934514475569996, 0.3714040136768515, 0.2947601860613636], "centroid": [3.511160001332491, -3.835541746462507, -0.6642980296694184], "normalizedAxes": [-0.15149126946926117, 0.9884585738182068, 2.1948189350822362e-16, 0, -2.220446049250313e-16, 1, 0.9884585738182068, 0.15149126946926117, 3.3637819078893554e-17]}, "segments": [52735, 81268, 42949, 82324, 50978, 52810, 42901, 40665], "label": "pillow"}, {"objectId": 43, "id": 43, "partId": 43, "index": 9, "dominantNormal": [0.7932799458503723, 0.6088570952415466, 1.3519343316871138e-16], "obb": {"axesLengths": [3.8933764623227467, 2.8907399723513416, 0.24352433297126583], "centroid": [2.002339030161614, -3.2703872475525637, 0.14462997999869254], "normalizedAxes": [-0.6088570952415466, 0.7932799458503723, 1.7614353217129615e-16, 0, -2.220446049250313e-16, 1, 0.7932799458503723, 0.6088570952415466, 1.3519343316871138e-16]}, "segments": [613, 1005, 44453, 74318, 39262, 49562, 2269, 2230, 2790, 2514, 60268, 60275, 81513, 81566, 84429, 2888, 5053, 5163, 81634, 44354, 2616, 72648, 2746, 72670, 31118, 80302, 35624, 80326, 29603, 29677, 35253, 35137, 32253, 24807, 7952, 7960, 7965, 7968, 21578, 24764, 24820, 24885, 27012, 27031, 27037, 29500, 29511, 29540, 29671, 29681, 29693, 30501, 30537, 30539, 30545, 30596, 30605, 30826, 31203, 32248, 32319, 33535, 33541, 35348, 35390, 35696, 35718, 77120, 77125, 78025, 78804, 78806, 79047, 79129, 79139, 79150, 79168, 79169, 79193, 80493, 80509, 31128, 31195, 31213, 79172, 78013, 78022, 21522], "label": "wall"}, {"objectId": 44, "id": 44, "partId": 44, "index": 10, "dominantNormal": [0.2868402302265167, -0.9579784274101257, -2.1271394144098415e-16], "obb": {"axesLengths": [0.30335864251445854, 0.2768059087513555, 0.23983948921135756], "centroid": [1.8633910737063073, 3.2658357012228745, -0.17036808460128183], "normalizedAxes": [0.9579784274101257, 0.2868402302265167, 6.369132559725193e-17, 0, -2.220446049250313e-16, 1, 0.2868402302265167, -0.9579784274101257, -2.1271394144098415e-16]}, "segments": [79899, 23206, 78173, 79896, 79892, 78176, 23227, 22841, 22850, 23044, 78150, 34911, 22995, 23020, 78221], "label": "lamp"}, {"objectId": 45, "id": 45, "partId": 45, "index": 11, "dominantNormal": [0.6016577482223511, -0.7987539768218994, -1.7735901121571627e-16], "obb": {"axesLengths": [0.2723594442866535, 0.5199999842047692, 0.1764242611374512], "centroid": [2.2143879502292148, 3.5912228561979536, -0.05000003501772876], "normalizedAxes": [0.7987539768218994, 0.6016577482223511, 1.335948570041159e-16, 0, -2.220446049250313e-16, 1, 0.6016577482223511, -0.7987539768218994, -1.7735901121571627e-16]}, "segments": [34294, 81354, 16647, 81329, 14818, 43255, 34858, 81344], "label": "item"}, {"objectId": 46, "id": 46, "partId": 46, "index": 12, "dominantNormal": [0.2888718545436859, -0.9573677778244019, -2.1257834999497446e-16], "obb": {"axesLengths": [0.33130040232170893, 0.2456269954377338, 0.1654075846567431], "centroid": [1.4761324124651372, 3.000738439916665, -0.2871865212056075], "normalizedAxes": [0.9573677778244019, 0.2888718545436859, 6.414243681611385e-17, 0, -2.220446049250313e-16, 1, 0.2888718545436859, -0.9573677778244019, -2.1257834999497446e-16]}, "segments": [80654, 37099, 26410, 37211, 26412, 37181, 26358, 15856, 23248, 26301, 26317, 26362, 26366, 26371, 26393, 26401, 26437, 37158, 37208, 78667, 78672, 78686, 78703, 78711, 80639, 80663, 80668, 37048, 26467, 26332, 37212, 26354, 78676], "label": "candle"}, {"objectId": 47, "id": 47, "partId": 47, "index": 13, "dominantNormal": [0.6431781053543091, -0.7657166123390198, -1.70023242671351e-16], "obb": {"axesLengths": [0.6830121054612851, 1.1970979601793443, 0.465757659069846], "centroid": [2.531568020470575, 1.5657539766962434, 0.12783894960942166], "normalizedAxes": [0.7657166123390198, 0.6431781053543091, 1.4281422829982772e-16, 0, -2.220446049250313e-16, 1, 0.6431781053543091, -0.7657166123390198, -1.70023242671351e-16]}, "segments": [14422, 14089, 14122, 14098, 14099, 14364, 14420, 14435, 77437, 77450, 77482, 77523, 14359, 14225, 17059, 14117, 14366, 14391, 14397, 17037, 23397, 77431, 77442, 77445, 77447, 78223, 78242, 78244, 17097, 14392, 23431, 17150, 68826, 68828, 68841, 68846, 89509, 89513, 52919, 48343, 48345, 48375, 52982, 52920, 17454, 16730, 16975, 16982, 16992, 17005, 17515, 52968, 77320, 77360, 77369, 77635, 17417, 16899, 17333, 17341, 17375, 17494, 77313, 77330, 17319, 17353, 15814, 76366, 83885, 58017, 82759, 83888, 58951, 59007, 58965, 59011, 83893], "label": "light"}, {"objectId": 1, "id": 1, "partId": 1, "index": 15, "dominantNormal": [0, -2.220446049250313e-16, 1], "obb": {"axesLengths": [8.429807056955969, 0.49999998882412855, 5.80656398546714], "centroid": [3.0501624101311515, -0.18724180572431065, -1.379999996051192], "normalizedAxes": [0.8169900178909302, -0.5766518115997314, -1.2804242368596595e-16, 0, -2.220446049250313e-16, 1, -0.5766518115997314, -0.8169900178909302, -1.8140822575028585e-16]}, "segments": [6370, 41768, 146, 5806, 13141, 13155, 13170, 13181, 13843, 13925, 15101, 15112, 15120, 15122, 15128, 15152, 15167, 15243, 15247, 15252, 15254, 15263, 15276, 15310, 15317, 15386, 15400, 15426, 15427, 15477, 15480, 15523, 15534, 15573, 15583, 15596, 15633, 15643, 15647, 15650, 15655, 15663, 15676, 15754, 15767, 15771, 16345, 16358, 16485, 16495, 16503, 16524, 16833, 16861, 16923, 16938, 18013, 18743, 19877, 19898, 20187, 22350, 22536, 22540, 23508, 23511, 23514, 23524, 23657, 23663, 23674, 23849, 26777, 26799, 26803, 26824, 26829, 26848, 26856, 33183, 33205, 33209, 33232, 33251, 33309, 33310, 33319, 34324, 34335, 34354, 34363, 34379, 34383, 34390, 34394, 34416, 34459, 34474, 34476, 34508, 34515, 34538, 34540, 34546, 34557, 34577, 34589, 34597, 34609, 34622, 34632, 49482, 49504, 49507, 54192, 54977, 62562, 62567, 62590, 66932, 67035, 69324, 69535, 71886, 71913, 73628, 75855, 77532, 77539, 77550, 77554, 77559, 77561, 77571, 77574, 77584, 77590, 77594, 77603, 77607, 77611, 77622, 77625, 77677, 77682, 77684, 77686, 77702, 77721, 78267, 78286, 78728, 79452, 79832, 79835, 79837, 79840, 79843, 79844, 79848, 79857, 79886, 82442, 83009, 85001, 85697, 86117, 87638, 58289, 58306, 56393, 67317, 3957, 20748, 20759, 21539, 23730, 23737, 23748, 23752, 23777, 23784, 23796, 23803, 23821, 23858, 23901, 23907, 23910, 24418, 24473, 33149, 33173, 33316, 33317, 35059, 35068, 35078, 35083, 35091, 35114, 63913, 78273, 78275, 78279, 78302, 78397, 78400, 79454, 80010, 80020, 90577, 90581, 86099, 64256, 64231, 76008, 27940, 47128, 81785, 47055, 46998, 47109], "label": "floor"}, {"objectId": 2, "id": 2, "partId": 2, "index": 16, "dominantNormal": [0, -2.220446049250313e-16, 1], "obb": {"axesLengths": [3.983589079508164, 1.2951050111255415, 2.386476091854429], "centroid": [3.2199111502045588, -3.293233118859499, -0.9424475239415276], "normalizedAxes": [0.9587100148200989, -0.2843855321407318, -6.314627313058359e-17, 0, -2.220446049250313e-16, 1, -0.2843855321407318, -0.9587100148200989, -2.1287638647839977e-16]}, "segments": [63347, 90656, 71820, 62814, 62809, 84968, 51348, 54021, 38775, 56988, 54533, 15344, 20734, 20765, 21431, 21689, 21698, 21781, 26865, 26895, 26916, 26927, 26975, 33944, 35003, 39924, 42967, 45340, 47093, 47121, 47126, 48208, 50979, 51253, 53459, 61688, 61974, 61975, 62003, 62010, 62226, 62886, 64634, 65389, 71662, 71786, 75143, 76233, 78791, 78794, 78797, 79300, 81725, 81782, 82338, 82342, 84690, 84748, 84770, 86574, 86577, 90543, 90545, 92218, 92256, 92275, 19671, 79207, 67407, 2858, 4239, 21418, 21460, 23445, 33048, 38761, 39899, 39918, 40695, 40741, 40759, 40795, 40813, 41385, 41441, 46155, 46980, 47509, 47525, 47539, 52315, 53251, 62863, 67368, 69029, 73160, 79326, 81167, 81171, 81210, 81645, 81721, 90017, 92085, 24546, 24587, 46898, 78402, 21844, 82804], "label": "sofa"}, {"objectId": 3, "id": 3, "partId": 3, "index": 17, "dominantNormal": [0, -2.220446049250313e-16, 1], "obb": {"axesLengths": [1.8134755070278321, 0.4270639324099436, 0.5891601114379669], "centroid": [3.3527677703238963, -2.154844542302344, -1.0942779851493691], "normalizedAxes": [-0.6289490461349487, 0.7774465084075928, 1.7262780280970897e-16, 0, -2.220446049250313e-16, 1, 0.7774465084075928, 0.6289490461349487, 1.3965474246700998e-16]}, "segments": [55244, 42411, 19967, 81124, 40328, 2576, 55663, 49537, 81092, 40283, 2449, 2468, 2537, 2594, 3081, 3091, 3128, 3150, 3178, 3183, 3255, 3266, 3357, 3376, 20080, 40158, 40303, 55239, 55283, 56365, 59597, 60518, 60524, 63391, 76705, 76706, 76709, 76711, 76718, 76722, 76729, 76748, 76754, 83048, 83062, 84503, 2456, 55258, 2213, 2452, 81146, 84519, 2470, 20636, 20696, 56401, 56447, 57326, 57353, 58325, 74716, 76785], "label": "couch table"}, {"objectId": 4, "id": 4, "partId": 4, "index": 18, "dominantNormal": [0, -2.220446049250313e-16, 1], "obb": {"axesLengths": [2.209030668641452, 0.8868940274366574, 1.1524923268249514], "centroid": [2.014023503131834, 1.1015380934683332, -0.8517130441580778], "normalizedAxes": [0.8102571964263916, 0.5860744714736938, 1.3013467447502288e-16, 0, -2.220446049250313e-16, 1, 0.5860744714736938, -0.8102571964263916, -1.7991323906816161e-16]}, "segments": [82879, 59085, 54315, 75393, 8851, 8853, 8866, 20103, 25635, 25697, 31333, 32431, 39526, 39547, 39593, 40892, 41919, 44036, 44071, 44099, 44140, 44156, 44165, 44172, 44190, 45039, 45042, 45046, 45073, 45083, 45094, 45103, 45108, 45112, 45495, 45496, 47586, 50664, 52197, 52220, 53664, 54361, 54401, 54435, 54476, 54477, 54492, 54498, 56800, 56808, 57782, 57798, 57799, 57824, 57865, 57903, 58039, 59064, 59084, 59144, 59281, 60344, 61412, 61742, 63622, 63757, 70064, 70764, 70804, 80511, 80831, 81195, 81483, 81486, 81488, 81623, 81839, 81841, 82966, 82975, 83351, 83458, 83602, 83606, 83630, 83955, 84358, 84501, 84526, 84529, 84553, 89137, 70953, 70367, 88373, 59402, 24914, 40863, 53021, 35461, 61789, 70806, 24639, 21349, 77161, 85281, 85271, 20453, 24655, 56702, 59056, 84334, 56733], "label": "table"}, {"objectId": 5, "id": 5, "partId": 5, "index": 19, "dominantNormal": [0, -2.220446049250313e-16, 1], "obb": {"axesLengths": [0.523343346384728, 0.42778598306061344, 0.531814825637978], "centroid": [1.8010813204703773, 0.36616965552559344, -0.7256350075684115], "normalizedAxes": [0.6437012553215027, 0.7652768492698669, 1.6992559565440034e-16, 0, -2.220446049250313e-16, 1, 0.7652768492698669, -0.6437012553215027, -1.4293039092760977e-16]}, "segments": [71720, 70089, 70149, 52082, 52119, 52176, 52193, 57394, 57411, 57447, 69781, 76295, 82600, 82602, 82604, 83575, 83582, 83585, 83591, 87995, 88036, 89273, 91984, 91991, 69479, 55002, 52128], "label": "chair"}, {"objectId": 6, "id": 6, "partId": 6, "index": 20, "dominantNormal": [0, -2.220446049250313e-16, 1], "obb": {"axesLengths": [0.5668193314632038, 0.41238801749673426, 0.5833626635307589], "centroid": [2.2764938232473195, 0.7598987643245239, -0.7212250090116634], "normalizedAxes": [0.563513994216919, 0.8261064887046814, 1.8343248891043582e-16, 0, -2.220446049250313e-16, 1, 0.8261064887046814, -0.563513994216919, -1.2512524221562214e-16]}, "segments": [45903, 51643, 47168, 44224, 50680, 51700, 82597, 82556, 50750], "label": "chair"}, {"objectId": 7, "id": 7, "partId": 7, "index": 21, "dominantNormal": [0, -2.220446049250313e-16, 1], "obb": {"axesLengths": [0.6006102969165047, 0.4293659829490036, 0.6489053026842071], "centroid": [1.064431877439292, 1.527328606787362, -0.7282300149299948], "normalizedAxes": [0.9983422756195068, 0.05755656957626343, 1.278012575240149e-17, 0, -2.220446049250313e-16, 1, 0.05755656957626343, -0.9983422756195068, -2.216765161698901e-16]}, "segments": [63342, 37863, 8204, 80814, 37882, 8026, 83480, 57304, 63352], "label": "chair"}, {"objectId": 8, "id": 8, "partId": 8, "index": 22, "dominantNormal": [0.5957441329956055, -0.8031742572784424, -1.783405106433472e-16], "obb": {"axesLengths": [4.591721093967537, 2.657059848523291, 0.2815903147184834], "centroid": [0.5844463152853452, 2.474671389616041, 0.018529979097917426], "normalizedAxes": [0.8031742572784424, 0.5957441329956055, 1.3228177064741452e-16, 0, -2.220446049250313e-16, 1, 0.5957441329956055, -0.8031742572784424, -1.783405106433472e-16]}, "segments": [44975, 29819, 19291, 19775, 19805, 22691, 22738, 22771, 22857, 22868, 29927, 36697, 43098, 78187, 78325, 78327, 32032, 9734, 49706, 49244, 31752, 13887, 22761, 22837, 29873, 29891, 29907, 29920, 29950, 30954, 31506, 32116, 34860, 36161, 36212, 45621, 49219, 72703, 72740, 72742, 72764, 72791, 72807, 73963, 74446, 74460, 74486, 74496, 74502, 74533, 78160, 79057, 80551, 80553, 90596, 92030, 72287, 51217, 54305, 55160, 55187, 66531, 66550, 66727, 66730, 69087, 71095, 71101, 71103, 72391, 72392, 73528, 83016, 83018, 87865, 87880, 87883, 87917, 87932, 87936, 89515, 89526, 91963, 91966, 91969, 91976, 67096, 56491, 33365, 62131, 36876, 43079, 53937, 87868, 47209, 80581, 28919, 39805, 91185, 32097, 31714, 90169, 26523, 63285, 26420, 37016, 78716, 78725, 33346], "label": "wall"}, {"objectId": 9, "id": 9, "partId": 9, "index": 23, "dominantNormal": [0.8073272109031677, 0.5901039838790894, 1.3102940596511944e-16], "obb": {"axesLengths": [7.500346840985809, 2.675329983040764, 0.18629923478953253], "centroid": [4.622050187991905, 0.813692647323613, 0.00626495280269479], "normalizedAxes": [-0.5901039838790894, 0.8073272705078125, 1.792626648251111e-16, 0, -2.220446049250313e-16, 1, 0.8073272705078125, 0.5901039838790894, 1.3102940596511944e-16]}, "segments": [26129, 17104, 14029, 13928, 10271, 12385, 12908, 12994, 13062, 13324, 13336, 13395, 30441, 30487, 34053, 34064, 34115, 34178, 34245, 34305, 35943, 35977, 36222, 36233, 37520, 37854, 38408, 38438, 40084, 40086, 48558, 63093, 79126, 36043, 24741, 34535, 36344, 41173, 43189, 43340, 86983, 42798, 41472, 37653, 39519, 39669, 39717, 39728, 68419, 68373, 39833, 33826, 39819, 43383, 48264, 51033, 51822, 68294, 68307, 74904, 55381, 55384, 55429, 55431, 55457, 55501, 55541, 58562, 58659, 59659, 60810, 60860, 60892, 68319, 83112, 83865, 54133, 25698, 53858, 54081, 54087, 54107, 54120, 54132, 87271, 87295, 87315, 5507, 29867, 30004, 66757, 66838, 66886, 72321, 87439, 8524, 15379, 86896, 77293, 10837, 16331, 86781, 38920, 25510, 67701, 67520, 41740, 13550, 11322, 22056, 42445, 18519, 59712, 58506, 59687, 58491, 55342, 50369, 68845, 5841, 4659, 69446, 41558, 66896, 43375, 43573, 40207, 87515], "label": "wall"}, {"objectId": 10, "id": 10, "partId": 10, "index": 24, "dominantNormal": [0.8277379870414734, 0.5611147880554199, 1.245925114313584e-16], "obb": {"axesLengths": [4.286644353254017, 2.575139941830784, 0.48066465124019764], "centroid": [5.447046819188351, -0.30759997243202947, -0.01757005004055756], "normalizedAxes": [-0.5611147880554199, 0.8277379870414734, 1.8379475431406464e-16, 0, -2.220446049250313e-16, 1, 0.8277379870414734, 0.5611147880554199, 1.245925114313584e-16]}, "segments": [57967, 83173, 55956, 24336, 977, 11656, 23544, 15999, 54915, 36438, 12653, 11598, 53233, 44835, 1782, 55768, 11565, 12649, 15785, 24348, 36009, 44717, 44728, 45782, 45926, 46888, 53892, 53908, 55730, 55829, 55887, 55903, 55948, 55959, 55973, 56012, 56019, 56024, 56056, 59730, 59763, 59810, 74676, 83138, 90528, 55581, 22646, 60048, 55083, 64372, 57567, 59801, 22602, 56815, 10958, 10988, 36092, 5346, 17886, 34684, 32604, 11742, 43027, 18804, 79801, 11906, 34080, 34016, 77809, 53678, 18827, 77818, 18764, 18731, 53132, 64677, 53124, 12171], "label": "cabinet"}, {"objectId": 11, "id": 11, "partId": 11, "index": 25, "dominantNormal": [0.7830905914306641, 0.6219075918197632, 1.3809122552549695e-16], "obb": {"axesLengths": [1.1935497910750081, 0.899999987706542, 0.15798761496878985], "centroid": [5.223233663442587, 0.29668475478535206, -0.48000002417713383], "normalizedAxes": [-0.621907651424408, 0.7830905914306641, 1.738810409947309e-16, 0, -2.220446049250313e-16, 1, 0.7830905914306641, 0.621907651424408, 1.3809123876038675e-16]}, "segments": [11932, 11941, 10497, 11397, 10209, 10278, 10292, 10294, 10317, 10359, 10365, 10374, 10377, 10398, 10432, 10483, 10505, 10519, 10542, 10557, 11259, 11261, 11267, 11270, 11287, 11343, 11356, 11362, 11424, 11428, 11456, 11491, 11519, 11543, 11544, 11548, 11876, 12106, 12162, 12168, 12186, 12201, 16217, 17986, 18001, 18083, 18148, 18152, 18159, 18165, 18670, 18758, 18828, 18843, 18854, 21210, 21254, 21276, 21336, 34004, 34045, 34231, 51965, 52365, 52378, 52391, 52419, 52540, 52544, 52596, 52986, 53122, 53157, 53203, 53311, 54045, 54054, 54130, 54290, 54294, 54298, 54655, 54800, 54950, 55052, 55054, 55079, 55087, 55098, 55125, 55289, 55441, 55535, 55561, 55645, 55649, 59453, 64876, 76371, 76378, 76380, 76386, 76395, 76410, 76443, 76449, 76451, 76456, 76488, 76522, 77234, 77235, 77238, 77256, 77266, 77267, 77269, 77713, 77718, 77799, 77840, 79537, 79658, 16214, 51794, 53231], "label": "tv"}, {"objectId": 12, "id": 12, "partId": 12, "index": 26, "dominantNormal": [0.5804508924484253, -0.81429523229599, -1.808098631474997e-16], "obb": {"axesLengths": [4.578280282479599, 2.739999829083684, 0.22111073906378784], "centroid": [4.995518191993399, -3.517795667843054, 0.059999969378113915], "normalizedAxes": [0.81429523229599, 0.5804509520530701, 1.2888600232698223e-16, 0, -2.220446049250313e-16, 1, 0.5804509520530701, -0.81429523229599, -1.808098631474997e-16]}, "segments": [38305, 65083, 11057, 4939, 1979, 2112, 4424, 4668, 10684, 10732, 19507, 19699, 21824, 23097, 38514, 47872, 65323, 67535, 76783, 76822, 77912, 82038, 86497, 86500, 20019, 3037, 3525, 40418, 81935, 47840, 67566, 3435, 9521, 12564, 14730, 62335, 1173, 3316, 3317, 3551, 3627, 8273, 76567, 76799, 76802, 90097, 77975, 76823, 7099, 9818, 77979, 3660, 7000, 25628, 3878, 3006, 3806, 60090, 92579, 72367, 71944, 60410, 56882, 47737, 47817], "label": "wall"}, {"objectId": 14, "id": 14, "partId": 14, "index": 27, "dominantNormal": [0.8420628309249878, 0.5393794775009155, 1.197663029863606e-16], "obb": {"axesLengths": [0.8724493008958398, 2.651050031534208, 0.351582653103579], "centroid": [0.8251077296778193, -1.669712622479942, 0.017464963328875482], "normalizedAxes": [-0.5393794775009155, 0.8420628309249878, 1.8697550861479235e-16, 0, -2.220446049250313e-16, 1, 0.8420628309249878, 0.5393794775009155, 1.197663029863606e-16]}, "segments": [7422, 1035, 8216, 8068, 78530, 7718, 78597, 12778, 24369, 23294, 30051, 25765, 7125, 7215, 7371, 7697, 7839, 7941, 8288, 8571, 25157, 25171, 25778, 30736, 31402, 35264, 76938, 77118, 80059, 80099, 25145, 21117, 12792, 25235, 25251, 24217, 21317, 78005, 12475, 8448, 8185, 77116, 7778, 7768, 8152, 30386, 78334, 24178, 78348, 78335, 24159, 24123, 7058, 7142, 7418, 7749, 7788, 7819, 7827, 8126, 12485, 12519, 12544, 24153, 24219, 24235, 24250, 24252, 24277, 24279, 24287, 24290, 24767, 29586, 29675, 30373, 30527, 30583, 30585, 30642, 30703, 30720, 30765, 30806, 30819, 30841, 30843, 35280, 35328, 35658, 35692, 77095, 77098, 77100, 77134, 77283, 78007, 78319, 78321, 78339, 78342, 78351, 78356, 78358, 78389, 78433, 79132, 79154, 80288, 80293], "label": "curtain"}, {"objectId": 15, "id": 15, "partId": 15, "index": 28, "dominantNormal": [0, -2.220446049250313e-16, 1], "obb": {"axesLengths": [0.510647144008576, 0.4016729503496075, 0.5098570477343376], "centroid": [3.3305662775644254, -1.050550684866566, -1.0979334783270922], "normalizedAxes": [0.6971632242202759, 0.7169124484062195, 1.591865413721959e-16, 0, -2.220446049250313e-16, 1, 0.7169124484062195, -0.6971632242202759, -1.5480133269025218e-16]}, "segments": [19210, 20347, 24619, 24615, 77853, 81030, 40014, 58427], "label": "ottoman"}, {"objectId": 17, "id": 17, "partId": 17, "index": 29, "dominantNormal": [0.825610339641571, 0.5642407536506653, 1.252866152269639e-16], "obb": {"axesLengths": [1.2701153339998985, 0.4207899476411203, 0.2634507541959281], "centroid": [4.989115663914404, 0.1198983489642661, -1.100394971287363], "normalizedAxes": [-0.5642407536506653, 0.8256102800369263, 1.8332230845284376e-16, 0, -2.220446049250313e-16, 1, 0.8256102800369263, 0.5642407536506653, 1.252866152269639e-16]}, "segments": [18537, 67420, 10875, 69461, 11014, 11019, 35028, 35035, 35041, 36395], "label": "tv stand"}, {"objectId": 18, "id": 18, "partId": 18, "index": 30, "dominantNormal": [0, -2.220446049250313e-16, 1], "obb": {"axesLengths": [0.701367580880924, 0.38377802706260883, 0.4837816321609685], "centroid": [1.6505875430975578, -1.9186858376565685, -1.1178110010666176], "normalizedAxes": [0.8896841406822205, 0.45657649636268616, 1.0138034775290764e-16, 0, -2.220446049250313e-16, 1, 0.45657649636268616, -0.8896841406822205, -1.9754956352584962e-16]}, "segments": [34955, 32953, 79319, 32744, 79239, 32859, 32739, 79988, 79269, 80003, 80023, 79406], "label": "couch table"}, {"objectId": 19, "id": 19, "partId": 19, "index": 31, "dominantNormal": [0, -2.220446049250313e-16, 1], "obb": {"axesLengths": [0.6611304131873252, 0.29236006083279714, 0.5043983264374969], "centroid": [1.5064545369049007, -1.5590206782453593, -1.1561800299693639], "normalizedAxes": [-0.6719843745231628, 0.740565299987793, 1.6443852945697678e-16, 0, -2.220446049250313e-16, 1, 0.740565299987793, 0.6719843745231628, 1.4921050495678997e-16]}, "segments": [54851, 46043, 33064, 32997, 33021, 33095, 33118, 54882, 79388, 79392, 79439, 79442, 79446, 79448, 83772, 79386, 83003, 36634, 54945], "label": "couch table"}, {"objectId": 21, "id": 21, "partId": 21, "index": 32, "dominantNormal": [0, -2.220446049250313e-16, 1], "obb": {"axesLengths": [7.784169252554553, 0.4199999476969257, 5.096921180303034], "centroid": [2.9175051935659075, -0.40611770568927485, 1.4106099569661166], "normalizedAxes": [-0.5779708027839661, 0.8160574436187744, 1.8120115266446178e-16, 0, -2.220446049250313e-16, 1, 0.8160574436187744, 0.5779708027839661, 1.2833529856236893e-16]}, "segments": [6033, 2417, 68047, 50355, 89411, 25555, 88234, 53499, 58814, 20875, 26011, 14014, 14277, 60194, 60082, 60043, 1480, 1795, 1797, 1850, 2291, 4759, 5262, 12816, 12834, 13439, 13487, 19809, 19810, 20197, 20208, 20235, 20966, 20967, 25333, 25441, 25545, 25647, 25661, 25692, 25694, 33872, 33969, 37718, 45871, 50320, 50855, 50857, 50884, 50893, 52683, 52708, 60099, 60124, 68592, 76562, 79496, 80811, 89311, 92027, 68954, 2106, 3977, 76552, 4857, 3181, 4744, 67275, 67276, 5026, 4860, 12553, 88277, 41726, 14551, 14716, 14912, 22278, 75171, 20848, 72869, 72900, 73286, 41739, 37166, 14643, 14672, 14874, 14969, 15006, 16125, 22008, 22244, 22294, 23560, 34442, 36310, 36331, 37033, 37070, 37108, 37127, 37137, 38791, 39868, 40349, 40402, 40404, 40578, 41054, 41667, 43384, 43540, 43569, 44119, 58529, 59681, 62801, 66902, 66946, 73278, 73287, 73291, 78139, 79465, 80592, 88358, 92373, 69437, 554, 660, 69409, 26747, 40823, 25707, 37798, 26519, 31477, 37812, 80813, 35892, 21955, 31984, 32003, 35785, 44491, 44904, 44938, 44943, 72396, 72432, 72597, 72629, 73674, 73697, 73783, 81615, 81674, 81676, 81689, 31495, 65586, 81604, 20728, 36000, 37789, 55293, 56500, 57143, 57817, 58033, 70705, 62951, 32498, 31600, 31603, 31621, 30646, 30522, 80872, 30507, 30569, 34743, 33416, 33461, 33465, 39051, 39701, 39731, 39806, 57191, 39818, 39751, 28748, 28717, 24075, 24105, 28768, 28823, 28908, 28949, 39832, 46405, 57541, 58032, 70521, 81732, 81734, 92443, 71083, 92501, 53357, 75343, 56942, 211, 433, 976, 1279, 3396, 4110, 6089, 6480, 6520, 9487, 26583, 29038, 29081, 29249, 29393, 29416, 46376, 46398, 46410, 48431, 48630, 51752, 51779, 53091, 53092, 53147, 53300, 53348, 57131, 57211, 57922, 58133, 58533, 59324, 66944, 70461, 75402, 78940, 78953, 78993, 79027, 83396, 83467, 92460, 56836, 81666], "label": "ceiling"}, {"objectId": 22, "id": 22, "partId": 22, "index": 33, "dominantNormal": [0.6360360980033875, -0.7716593146324158, -1.713427876542752e-16], "obb": {"axesLengths": [0.8990541370695599, 1.1510599296303103, 0.5209406607996225], "centroid": [-0.4876005661781515, 1.475765729296198, -0.7255299990878257], "normalizedAxes": [0.7716593146324158, 0.6360360980033875, 1.4122838409922066e-16, 0, -2.220446049250313e-16, 1, 0.6360360980033875, -0.7716593146324158, -1.713427876542752e-16]}, "segments": [74906, 72549, 73053, 73091, 90999, 74970, 90054, 72507, 64602, 64604, 64605, 64646, 64797, 71171, 71278, 71316, 71367, 72491, 72516, 72533, 72563, 72599, 73144, 73322, 73863, 73929, 74014, 74015, 86365, 86379, 90972, 71244, 71317, 71591, 65661, 63762, 63815, 63823, 64916, 64950, 65627, 69612, 71239, 71454, 71455, 73353, 73402, 86368, 86425, 86468, 87540, 87546, 89556, 89563, 90373, 90758, 90763, 90766, 90879, 91071, 64770, 90046, 65749, 65784, 65849, 65873, 65880, 65906, 65935, 69714, 69723, 87588, 87600, 87607, 87643, 88389, 89583, 90768, 92731, 50054, 50459, 50481, 64623, 64721, 64836, 64861, 64965, 64982, 64999, 71564, 73956, 86363, 86431, 86460, 90360, 90366, 49985, 50048, 50232, 50405, 50454, 71534, 71542, 81212, 86370, 72527, 50041, 50106, 73131, 82160, 86438, 86452, 87620, 50007, 50031, 50251, 82171, 86427, 90324, 50184, 50217, 64786, 68194, 42003, 49900, 50088, 50431, 61764, 65193, 65265, 65631, 65781, 65915, 65958, 66001, 66020, 67440, 68140, 68154, 68158, 68276, 68636, 68957, 68963, 69225, 69737, 69771, 87645, 87728, 87731, 87754, 87840, 89219, 89239, 89275, 89474, 89479, 89483, 89487, 89489, 89495, 89518, 89520, 89588, 90261, 91026, 86480, 67056, 25715, 25907, 25912, 25936, 25981, 25985, 26031, 26063, 26100, 26120, 26126, 26146, 26197, 50069, 61120, 61253, 61290, 61326, 61364, 61407, 61464, 61514, 61530, 61541, 61613, 63502, 63512, 63576, 63600, 63616, 63621, 63627, 63634, 63660, 63674, 63681, 63687, 63698, 63699, 64219, 66180, 66217, 75609, 75902, 75905, 75926, 75934, 75948, 75957, 75962, 75969, 75975, 75977, 78029, 78034, 78075, 83595, 83619, 83622, 83627, 83704, 85255, 86280, 88347, 92616, 92630, 92683, 62138, 67142, 71298, 50152, 50199, 90293], "label": "showcase"}, {"objectId": 23, "id": 23, "partId": 23, "index": 34, "dominantNormal": [0.9954172968864441, 0.09562645107507706, 2.123333754934832e-17], "obb": {"axesLengths": [0.6383697048823227, 2.6365498907145124, 0.32586712322866007], "centroid": [-1.0627969740104048, 0.8778969135673123, 0.008275000193528337], "normalizedAxes": [-0.09562645107507706, 0.9954172968864441, 2.2102704042269308e-16, 0, -2.220446049250313e-16, 1, 0.9954172968864441, 0.09562645107507706, 2.123333754934832e-17]}, "segments": [70431, 27300, 27414, 33791, 79492, 28912, 29294, 29020, 80276, 33771, 35494, 88803, 70140, 31068, 35533, 35557, 80278, 80281, 31049, 31836, 73460, 80284, 82411, 33860, 33668, 33683, 33713, 51596, 51601, 51609, 51637, 79485], "label": "curtain"}, {"objectId": 25, "id": 25, "partId": 25, "index": 35, "dominantNormal": [0.5575750470161438, -0.8301265239715576, -1.8432511605305404e-16], "obb": {"axesLengths": [2.4058030629645253, 1.029529965753928, 0.5236959471630794], "centroid": [1.010122926239164, 2.6110453907218285, -0.8247650099970772], "normalizedAxes": [0.8301265239715576, 0.5575751066207886, 1.238065442656452e-16, 0, -2.220446049250313e-16, 1, 0.5575751066207886, -0.8301265239715576, -1.8432511605305404e-16]}, "segments": [54665, 14314, 15998, 16010, 16023, 16037, 42563, 54712, 54745, 69798, 69862, 69885, 77636, 77743, 89747, 89830, 89832, 89870, 89992, 89995, 90002, 90011, 56541, 37343, 15866, 15948, 17440, 37438, 54719, 57059, 66288, 69778, 70011, 77756, 89600, 89627, 89802, 89827, 90005, 89815, 37526, 43401, 43445, 43468, 43484, 43507, 43589, 43600, 43616, 43638, 43649, 43657, 43669, 43688, 43697, 61835, 66338, 67694, 69810, 70094, 81367, 81369, 81371, 81382, 81384, 81388, 81406, 84987, 87863, 88898, 88900, 67728, 43728, 66365, 81413, 88930, 66481, 42629, 14288, 14292, 18310, 18324, 37380, 37416, 37486, 37491, 46228, 46253, 61807, 61838, 61843, 66446, 89655, 37331, 80802, 37417, 56471, 62446, 62451, 66461, 83342, 84628, 75531, 18343, 21015, 21019, 46236, 46239, 46245, 46272, 46293, 50934, 50937, 50952, 51166, 51176, 51196, 77926, 82288, 83418, 62206, 21037, 53580, 62096, 70899, 70946, 77928, 71019, 72207, 90234, 21058, 21060, 21917, 21934, 54246, 64491, 68374, 69318, 69339, 69360, 70566, 70650, 70683, 70684, 72177, 72223, 72245, 72266, 72283, 72291, 72302, 73678, 73744, 77932, 90091, 90093, 90156, 90468, 90469, 90510, 90511, 90897, 90899, 92193, 92293, 74103, 53579, 53612, 55112, 55113, 64032, 91940, 69366, 74183, 92302, 59420, 53576, 74169, 88124, 88008, 66510, 66376, 62474, 51185], "label": "table"}, {"objectId": 26, "id": 26, "partId": 26, "index": 36, "dominantNormal": [0.7028099894523621, -0.7113776206970215, -1.579575627401789e-16], "obb": {"axesLengths": [0.4083699837198867, 0.4200000073015686, 0.10086311660209306], "centroid": [0.4040803318130497, 2.304811783072945, -0.34000002764165393], "normalizedAxes": [0.7113776206970215, 0.7028099894523621, 1.5605516644531515e-16, 0, -2.220446049250313e-16, 1, 0.7028099894523621, -0.7113776206970215, -1.579575627401789e-16]}, "segments": [72816, 70559, 70854, 70874, 70967, 90100, 90101, 90103, 90109, 92608, 70876, 92614, 72081, 90442, 71024, 90155], "label": "frame"}, {"objectId": 27, "id": 27, "partId": 27, "index": 37, "dominantNormal": [0.6297813653945923, -0.7767724394798279, -1.7247812944095117e-16], "obb": {"axesLengths": [0.5055790042673479, 0.3757859980511813, 0.12496369806543976], "centroid": [2.1025766801968744, 1.8784812500126553, -0.7135770180021895], "normalizedAxes": [0.7767724394798279, 0.6297813653945923, 1.3983955446818903e-16, 0, -2.220446049250313e-16, 1, 0.6297813653945923, -0.7767724394798279, -1.7247812944095117e-16]}, "segments": [61280, 41641, 61294, 6778, 8349, 41592, 61449], "label": "chair"}, {"objectId": 28, "id": 28, "partId": 28, "index": 38, "dominantNormal": [0.6484004855155945, -0.7612994313240051, -1.6904243145798972e-16], "obb": {"axesLengths": [0.5322299867731095, 0.428772022677093, 0.2983256932129312], "centroid": [1.6914528809260982, 1.5553054693974255, -0.7243860220673827], "normalizedAxes": [0.7612994313240051, 0.6484004855155945, 1.4397382963950866e-16, 0, -2.220446049250313e-16, 1, 0.6484004855155945, -0.7612994313240051, -1.6904243145798972e-16]}, "segments": [82151, 41533, 41545, 49918, 49863, 49734, 49894, 82101, 49739, 41910, 49737, 82084, 7632, 49602, 7576, 49848, 7654], "label": "chair"}, {"objectId": 29, "id": 29, "partId": 29, "index": 39, "dominantNormal": [0.27824971079826355, -0.9605087637901306, -2.1327578898280977e-16], "obb": {"axesLengths": [0.5665825622146275, 0.40604095743504987, 0.372147678269438], "centroid": [2.7085439705282437, 1.1111733232396597, -0.7252445077468941], "normalizedAxes": [0.9605087637901306, 0.27824971079826355, 6.178384710470465e-17, 0, -2.220446049250313e-16, 1, 0.27824971079826355, -0.9605087637901306, -2.1327578898280977e-16]}, "segments": [50564, 47706, 53640, 45491, 45521, 44220, 44214, 47667], "label": "chair"}, {"objectId": 100, "id": 100, "initialPoint": [3.7740156721449445, 1.967313899827507, 0.3766290318220351], "index": 42, "dominantNormal": [0.8055561780929565, 0.5925194025039673, 1.3156573663940902e-16], "obb": {"axesLengths": [1.1274458441148025, 1.1400000272691238, 0.03075804296983074], "centroid": [3.7325059447722966, 2.0423227368151107, 0.49999998323619277], "normalizedAxes": [-0.5925194025039673, 0.8055561780929565, 1.788694033095687e-16, 0, -2.220446049250313e-16, 1, 0.8055561780929565, 0.5925194025039673, 1.3156573663940902e-16]}, "segments": [47080, 18899], "partId": 100, "label": "wall frame"}, {"objectId": 101, "id": 101, "initialPoint": [-0.0626879513698202, 1.956361919595711, 0.5698433071221776], "index": 43, "dominantNormal": [0.595725417137146, -0.803188145160675, -1.783435943726708e-16], "obb": {"axesLengths": [0.6791782650100523, 0.9599999496340759, 0.06308423926846557], "centroid": [0.06361305308433751, 2.0736336149933186, 0.5499999418854715], "normalizedAxes": [0.803188145160675, 0.595725417137146, 1.3227761489201706e-16, 0, -2.220446049250313e-16, 1, 0.595725417137146, -0.803188145160675, -1.783435943726708e-16]}, "segments": [40082, 5246, 49722, 40110], "partId": 101, "label": "wall frame"}, {"objectId": 102, "id": 102, "initialPoint": [-0.7145320348980699, 1.493520557148512, 0.6628470416501364], "index": 44, "dominantNormal": [0.5911159515380859, -0.8065865635871887, -1.7909819484955596e-16], "obb": {"axesLengths": [0.6282586985945039, 0.8999999858438971, 0.029583745217967312], "centroid": [-0.714628818068757, 1.5005121650810143, 0.5399999628216032], "normalizedAxes": [0.8065865635871887, 0.5911159515380859, 1.3125410792415824e-16, 0, -2.220446049250313e-16, 1, 0.5911159515380859, -0.8065865635871887, -1.7909819484955596e-16]}, "segments": [51883], "partId": 102, "label": "wall frame"}, {"objectId": 103, "id": 103, "initialPoint": [0.2986702217259323, 2.0326792223541914, -0.4525269170898689], "index": 45, "dominantNormal": [0.666752815246582, -0.7452788949012756, -1.6548515777731768e-16], "obb": {"axesLengths": [0.3870604958811552, 0.36339502714436406, 0.2388232267596482], "centroid": [0.31186663305664686, 2.1076793625331898, -0.5142025255217588], "normalizedAxes": [0.7452788949012756, 0.666752815246582, 1.480488654440797e-16, 0, -2.220446049250313e-16, 1, 0.666752815246582, -0.7452788949012756, -1.6548515777731768e-16]}, "segments": [72112, 72088, 72156, 70647], "partId": 103, "label": "frame"}, {"objectId": 106, "id": 106, "initialPoint": [6.6568838453329295, -2.0919040618691023, 0.15532051045249617], "index": 46, "dominantNormal": [0.9051089286804199, 0.42517971992492676, 9.440886293286582e-17], "obb": {"axesLengths": [0.31957180457765333, 0.8399999698996548, 0.17408387760749147], "centroid": [6.719493659734625, -2.103743424826127, -0.21000002786517102], "normalizedAxes": [-0.42517971992492676, 0.9051089286804199, 2.0097455448296218e-16, 0, -2.220446049250313e-16, 1, 0.9051089286804199, 0.42517971992492676, 9.440886293286582e-17]}, "segments": [12925, 77226, 15293, 77168, 15326, 51129, 15408], "partId": 106, "label": "item"}, {"objectId": 107, "id": 107, "initialPoint": [2.846450003098072, -3.7201114174778946, -0.633014672290332], "index": 47, "dominantNormal": [-0.44329625368118286, -0.8963751792907715, -1.9903527255022346e-16], "obb": {"axesLengths": [0.4917346522134039, 0.25367497830819374, 0.13604328568737914], "centroid": [2.9715039503697707, -3.8167380973556733, -0.6368374998829329], "normalizedAxes": [0.8963751792907715, -0.4432962238788605, -9.84315348959398e-17, 0, -2.220446049250313e-16, 1, -0.4432962238788605, -0.8963751792907715, -1.9903527255022346e-16]}, "segments": [59282, 82788], "partId": 107, "label": "pillow"}, {"objectId": 108, "id": 108, "initialPoint": [4.311658858573607, -4.014988426913421, 0.05475054666112733], "index": 48, "dominantNormal": [0.5922935009002686, -0.8057222962379456, -1.7890628894744366e-16], "obb": {"axesLengths": [2.5137348148309577, 2.155302953229033, 0.08266124894574234], "centroid": [4.3341240533777325, -3.980208411431615, 0.1923484442603185], "normalizedAxes": [0.8057222962379456, 0.5922935009002686, 1.315155764070638e-16, 0, -2.220446049250313e-16, 1, 0.5922935009002686, -0.8057222962379456, -1.7890628894744366e-16]}, "segments": [41797, 4400], "partId": 108, "label": "wall frame"}], "scan_id": "352e9c30-69fb-27a7-8b19-c703f0e190da", "annId": "6127", "appId": "stk.v1"}