{"segGroups": [{"objectId": 14, "id": 14, "partId": 14, "index": 0, "dominantNormal": [0.9872869849205017, -0.1589478850364685, -3.5293520336591945e-17], "obb": {"axesLengths": [0.44589670980297913, 0.7337880566614552, 0.4164252227607624], "centroid": [0.5677007378604861, 0.3074600973350673, -1.1502660735082768], "normalizedAxes": [0.1589478850364685, 0.9872869849205017, 2.1922174851429814e-16, 0, -2.220446049250313e-16, 1, 0.9872869849205017, -0.1589478850364685, -3.5293520336591945e-17]}, "segments": [6369, 20834, 15624, 15724, 11743, 20941, 8311, 8318, 8325, 8340, 8346, 8350, 8376, 8393, 8440, 15612, 15665, 15741, 15762, 15800, 17923, 17927, 17928, 20889, 5274, 16046, 8234, 15682, 15695, 15865, 15961, 11772, 6390, 12049, 18634, 6522, 5258, 5237], "label": "trash can"}, {"objectId": 15, "id": 15, "partId": 15, "index": 1, "dominantNormal": [0, -2.220446049250313e-16, 1], "obb": {"axesLengths": [0.40084154069413114, 0.18186699937581263, 0.2975249150478722], "centroid": [-1.1602331520137728, -0.40975541319571074, -0.7724775680536586], "normalizedAxes": [0.023893680423498154, 0.9997144937515259, 2.2198120980288524e-16, 0, -2.220446049250313e-16, 1, 0.9997144937515259, -0.023893680423498154, -5.305462829840602e-18]}, "segments": [5438, 5488, 21247, 5460], "label": "box"}, {"objectId": 16, "id": 16, "partId": 16, "index": 2, "dominantNormal": [0.9438913464546204, -0.33025622367858887, -7.333161271074503e-17], "obb": {"axesLengths": [0.13070705369947597, 0.21999999389052394, 0.06157129997010552], "centroid": [0.1438642312415115, -0.9835740215367597, -0.02000007310926888], "normalizedAxes": [0.3302561938762665, 0.9438913464546204, 2.0958598111567203e-16, 0, -2.220446049250313e-16, 1, 0.9438913464546204, -0.3302561938762665, -7.333160609330013e-17]}, "segments": [4967, 5079], "label": "telephone"}, {"objectId": 17, "id": 17, "partId": 17, "index": 3, "dominantNormal": [0, -2.220446049250313e-16, 1], "obb": {"axesLengths": [0.4109304766871873, 0.220483000118665, 0.3490436301169701], "centroid": [0.0073438599254973536, 0.9548879354493689, 0.7907544314501918], "normalizedAxes": [0.8402624130249023, -0.5421799421310425, -1.2038813104876366e-16, 0, -2.220446049250313e-16, 1, -0.5421799421310425, -0.8402624130249023, -1.8657573553346792e-16]}, "segments": [17596, 2622, 1106, 2671, 17563, 2882, 1220, 2907], "label": "ventilation"}, {"objectId": 18, "id": 18, "partId": 18, "index": 4, "dominantNormal": [0, -2.220446049250313e-16, 1], "obb": {"axesLengths": [0.4688181307786815, 0.33310496062550765, 0.3671885569151601], "centroid": [-0.33436366143055485, 0.7670213455549286, -0.9634475673900353], "normalizedAxes": [-0.4090779423713684, 0.9124994277954102, 2.0261557493914898e-16, 0, -2.220446049250313e-16, 1, 0.9124994277954102, 0.4090779423713684, 9.083355009739522e-17]}, "segments": [9803, 18271, 9783, 524, 18287, 9152, 9243, 635, 2845, 9236, 9281, 18228, 18306], "label": "bag"}, {"objectId": 19, "id": 19, "partId": 19, "index": 5, "dominantNormal": [0.9034420847892761, -0.4287101924419403, -9.519278530810478e-17], "obb": {"axesLengths": [1.0127275656006824, 2.0018900185400983, 0.2440704525970907], "centroid": [-1.0444773396549674, 0.2841708192284477, -0.5109450884142885], "normalizedAxes": [0.4287101924419403, 0.9034420847892761, 2.0060444078968145e-16, 0, -2.220446049250313e-16, 1, 0.9034420847892761, -0.4287101924419403, -9.519278530810478e-17]}, "segments": [1791, 12541, 4677, 11405], "label": "doorframe"}, {"objectId": 20, "id": 20, "partId": 20, "index": 6, "dominantNormal": [0, -2.220446049250313e-16, 1], "obb": {"axesLengths": [0.30340033136460104, 0.11397498591300126, 0.2630852084510613], "centroid": [-0.5422488666229429, -0.6780765071352857, 0.88404541399556], "normalizedAxes": [0.05895783752202988, 0.998260498046875, 2.2165835790108335e-16, 0, -2.220446049250313e-16, 1, 0.998260498046875, -0.05895783752202988, -1.3091269739813311e-17]}, "segments": [9959, 15039, 9380], "label": "light"}, {"objectId": 1, "id": 1, "partId": 1, "index": 9, "dominantNormal": [0, -2.220446049250313e-16, 1], "obb": {"axesLengths": [1.7534531282358659, 0.1980299905382843, 1.7500356390114995], "centroid": [-0.29473414808939324, -0.017827426771020505, -1.449015066664777], "normalizedAxes": [0.5243932604789734, 0.8514761924743652, 1.8906569476104034e-16, 0, -2.220446049250313e-16, 1, 0.8514761924743652, -0.5243932604789734, -1.1643869434840268e-16]}, "segments": [11303, 10512, 4099, 8550, 14125, 19279, 8858, 16970], "label": "floor"}, {"objectId": 2, "id": 2, "partId": 2, "index": 10, "dominantNormal": [-0.42668065428733826, -0.9044023752212524, -2.0081766809926292e-16], "obb": {"axesLengths": [1.5883614558360988, 2.479767863159599, 0.253389213725218], "centroid": [0.11621672246263492, 0.7364161097596719, -0.29799605562219056], "normalizedAxes": [0.9044023752212524, -0.42668065428733826, -9.474213731038589e-17, 0, -2.220446049250313e-16, 1, -0.42668065428733826, -0.9044023752212524, -2.0081766809926292e-16]}, "segments": [12468, 9514, 8996, 17921, 2728, 12411, 11271, 18532, 832, 11255, 18560, 6648, 8514, 8498], "label": "wall"}, {"objectId": 3, "id": 3, "partId": 3, "index": 11, "dominantNormal": [0.9084094166755676, -0.41808173060417175, -9.283279269837669e-17], "obb": {"axesLengths": [1.759679813595258, 2.456014935910367, 0.09965248198257409], "centroid": [-0.9435718063172163, 0.2577061086621341, -0.2943725701379962], "normalizedAxes": [0.41808173060417175, 0.9084094166755676, 2.0170741003590456e-16, 0, -2.220446049250313e-16, 1, 0.9084094166755676, -0.41808173060417175, -9.283279269837669e-17]}, "segments": [2059, 12583, 20656, 8059, 20091, 3068], "label": "wall"}, {"objectId": 4, "id": 4, "partId": 4, "index": 12, "dominantNormal": [-0.43085065484046936, -0.9024232625961304, -2.0037821681831555e-16], "obb": {"axesLengths": [1.579751735765996, 2.4639229223745396, 0.13262581292824524], "centroid": [-0.6184678495325892, -0.8331227542165256, -0.2989985461202602], "normalizedAxes": [0.9024232625961304, -0.430850625038147, -9.566805681829815e-17, 0, -2.220446049250313e-16, 1, -0.430850625038147, -0.9024232625961304, -2.0037821681831555e-16]}, "segments": [10156, 6443, 13142, 275, 90, 16857, 21330], "label": "wall"}, {"objectId": 5, "id": 5, "partId": 5, "index": 13, "dominantNormal": [0, -2.220446049250313e-16, 1], "obb": {"axesLengths": [1.9785973349469368, 0.1307160229075846, 1.825153418740532], "centroid": [-0.25819877716300355, -0.05159266991778716, 0.8953578984839172], "normalizedAxes": [0.26423996686935425, 0.9644569754600525, 2.1415246808321797e-16, 0, -2.220446049250313e-16, 1, 0.9644569754600525, -0.26423996686935425, -5.867305904890913e-17]}, "segments": [5661, 4394, 4382, 9914, 6873, 7357, 7353, 8947, 2025, 2629], "label": "ceiling"}, {"objectId": 6, "id": 6, "partId": 6, "index": 14, "dominantNormal": [0.9072304368019104, -0.420634001493454, -9.339951067964902e-17], "obb": {"axesLengths": [1.7485331165956133, 2.459999923557043, 0.24080770057975678], "centroid": [0.37148771172850803, -0.35104820801025505, -0.3000000531417133], "normalizedAxes": [0.420634001493454, 0.9072304368019104, 2.0144562391564378e-16, 0, -2.220446049250313e-16, 1, 0.9072304368019104, -0.420634001493454, -9.339951067964902e-17]}, "segments": [10922, 6986], "label": "wall"}, {"objectId": 7, "id": 7, "partId": 7, "index": 15, "dominantNormal": [0.9104546308517456, -0.4136089086532593, -9.183962671538632e-17], "obb": {"axesLengths": [1.3150203617732523, 2.0404299041532736, 0.10426033304600778], "centroid": [0.41852032407823136, -0.4210577060522398, -0.510215050741397], "normalizedAxes": [0.4136089086532593, 0.9104546308517456, 2.0216153880964107e-16, 0, -2.220446049250313e-16, 1, 0.9104546308517456, -0.4136089086532593, -9.183962671538632e-17]}, "segments": [4557, 7799, 16647, 7678, 19718], "label": "door"}, {"objectId": 8, "id": 8, "partId": 8, "index": 16, "dominantNormal": [0.9162027835845947, -0.4007149636745453, -8.897659579666268e-17], "obb": {"axesLengths": [0.9593534201909975, 1.9835499975781878, 0.4628903624843975], "centroid": [-1.1477492224788268, 0.32398609282253044, -0.5217750882151342], "normalizedAxes": [0.4007149636745453, 0.9162027835845947, 2.034378851122553e-16, 0, -2.220446049250313e-16, 1, 0.9162027835845947, -0.4007149636745453, -8.897659579666268e-17]}, "segments": [4547, 4144, 1691, 1705, 1883, 1934, 2081, 2113, 3368, 3373, 3388, 3518, 3671, 5744, 5762, 5806, 5814, 5820, 5913, 5920, 5962, 6018, 6053, 6059, 6117, 6164, 6177, 6268, 6296, 6396, 6407, 8024, 15141, 17195, 17209, 17623, 17626, 17631, 17725, 17771, 17794, 4532, 1600, 1672, 15143, 17237, 2037, 3685, 6188, 6269, 17201, 13989, 13953, 13140, 1717, 1809, 1815, 1899, 1952, 1977, 2045, 2047, 2052, 2098, 3317, 3329, 3343, 3491, 3608, 3613, 3641, 5865, 5973, 6011, 6155, 7695, 12505, 15196, 15201, 15228, 15239, 15247, 17196, 17202, 17205, 17211, 17248, 17482, 17640, 17764, 17776, 17778, 17781, 20786, 12862, 3347, 3650, 4195, 4253, 4384, 5807, 5889, 5966, 6451, 6516, 17608, 17612, 17646, 17733, 3625, 5803, 6489, 13070, 17802, 20763, 1785, 15275, 11364, 13018, 18445, 3581, 7867, 3797, 1721], "label": "door"}, {"objectId": 9, "id": 9, "partId": 9, "index": 17, "dominantNormal": [-0.6369858384132385, -0.7708755135536194, -1.7116874885339403e-16], "obb": {"axesLengths": [0.6137354512196679, 0.8767820400718885, 0.41348777608083204], "centroid": [-0.9744421139714596, -0.4703461780315912, -1.0865690646533142], "normalizedAxes": [0.7708755135536194, -0.6369858384132385, -1.4143926883330738e-16, 0, -2.220446049250313e-16, 1, -0.6369858384132385, -0.7708755135536194, -1.7116874885339403e-16]}, "segments": [15806, 19952, 5512, 19772, 12762, 5502, 12652, 12709, 16097, 16260, 16270, 16362, 16430, 16471, 16710, 16754, 17833, 19843, 19846, 20117, 21404, 16725, 5529, 20064, 12976, 6137, 6178, 6181, 12929, 12945, 16307, 16385, 16516, 16529, 16599, 16785, 16877, 16902, 20051, 20167, 16227, 16375, 4972, 17846, 19925, 19945, 16207, 15841, 18651, 6072, 21495, 12125], "label": "table"}, {"objectId": 10, "id": 10, "partId": 10, "index": 18, "dominantNormal": [-0.4147969186306, -0.9099140167236328, -2.0204149835914738e-16], "obb": {"axesLengths": [1.1232616456338287, 0.650099978221208, 0.3681212989691364], "centroid": [-0.3464719051991618, -0.7815337610260749, -1.2150500326410683], "normalizedAxes": [0.9099140167236328, -0.4147969186306, -9.210341792145193e-17, 0, -2.220446049250313e-16, 1, -0.4147969186306, -0.9099140167236328, -2.0204149835914738e-16]}, "segments": [16485, 12139, 6708, 7019, 19829, 14347, 6767, 7049, 7087, 7126, 11996, 12012, 12027, 12131, 13490, 13641, 13722, 13752, 13781, 13803, 13827, 13830, 13852, 13862, 13999, 14007, 14348, 14464, 14600, 14702, 14718, 14742, 14748, 14780, 15461, 15507, 16234, 16315, 16374, 16412, 16703, 16840, 16912, 19044, 19141, 19168, 19175, 19456, 19833, 19992, 20821, 21380, 21416, 21506, 21558, 11986, 13467, 13436, 13612, 7076, 12285, 12336, 12367, 12464, 12503, 12704, 12801, 13186, 13511, 13620, 13623, 13651, 13686, 13839, 18435, 18438, 18440, 19014, 19042, 19075, 19129, 19138, 19144, 19148, 19159, 19163, 20814, 19070, 13316, 13484, 13572, 12490, 13103, 12263, 15566, 21581, 14048], "label": "shoe shelf"}, {"objectId": 11, "id": 11, "partId": 11, "index": 19, "dominantNormal": [-0.22798539698123932, -0.9736645221710205, -2.1619695415498364e-16], "obb": {"axesLengths": [0.47241232895473084, 0.4980300553583337, 0.4609473697010657], "centroid": [-0.40511133952693446, 0.7689779615508734, -1.2990150342547522], "normalizedAxes": [0.9736645221710205, -0.22798539698123932, -5.062292740137571e-17, 0, -2.220446049250313e-16, 1, -0.22798539698123932, -0.9736645221710205, -2.1619695415498364e-16]}, "segments": [9845, 18394, 18382, 3946, 9635, 7192, 687, 3858, 3878, 3904, 3914, 3922, 3947, 3989, 4061, 6827, 10418, 17032, 17308, 17653, 17654, 17709, 17711, 17719, 17723, 17894, 4057, 14967], "label": "table"}, {"objectId": 13, "id": 13, "partId": 13, "index": 21, "dominantNormal": [0, -2.220446049250313e-16, 1], "obb": {"axesLengths": [0.3775040008069923, 0.11177992570892137, 0.33306897696960097], "centroid": [0.12464759366565925, 0.267284511859199, -1.4839400498624142], "normalizedAxes": [0.9392267465591431, 0.34329745173454285, 7.622734704216657e-17, 0, -2.220446049250313e-16, 1, 0.34329745173454285, -0.9392267465591431, -2.0855023187474743e-16]}, "segments": [8664, 14577, 14251, 14305], "label": "shoes"}], "scan_id": "ebc42044-82a4-2113-8789-1c8c8bb7cbcd", "annId": "6517", "appId": "stk.v1"}