{"segGroups": [{"objectId": 16, "id": 16, "partId": 16, "index": 0, "dominantNormal": [0, -2.220446049250313e-16, 1], "obb": {"axesLengths": [0.9439713423809232, 0.23140990216858892, 0.49727964412073633], "centroid": [1.892584826725274, 1.004016433077411, -1.305705014418402], "normalizedAxes": [0.20355890691280365, 0.9790626764297485, 2.1739558518468728e-16, 0, -2.220446049250313e-16, 1, 0.9790626764297485, -0.20355890691280365, -4.519915706442471e-17]}, "segments": [38025, 20157, 20344, 10819], "label": "rug"}, {"objectId": 17, "id": 17, "partId": 17, "index": 1, "dominantNormal": [0, -2.220446049250313e-16, 1], "obb": {"axesLengths": [1.581322886578234, 1.0199999581277377, 1.2506105952673294], "centroid": [1.496933065092147, -0.08550948185145213, -0.8999999887537973], "normalizedAxes": [0.3993218243122101, 0.9168108105659485, 2.0357289422311375e-16, 0, -2.220446049250313e-16, 1, 0.9168108105659485, -0.3993218243122101, -8.866725671734745e-17]}, "segments": [9387, 9702, 9651, 9760, 9184, 10363, 37536, 23035, 9594, 10030, 9973, 10541, 7619, 8161, 7880, 32878, 1655, 1002, 870, 1244, 32732, 7518, 33113, 7731, 9051, 37045, 1006, 1026, 1218, 4362, 4992, 5045, 5195, 5776, 7416, 7859, 8135, 8163, 8377, 9741, 9943, 9971, 9997, 10012, 10237, 10381, 10418, 10430, 10444, 10464, 10485, 10571, 10631, 10826, 15639, 17361, 20369, 32253, 32258, 32749, 32752, 32800, 32802, 32821, 33131, 33138, 33141, 33262, 33284, 33613, 33655, 33657, 33659, 33720, 33857, 33879, 33927, 33935, 36488, 36492, 36531, 36547, 36558, 36998, 37000, 37115, 37513, 17820], "label": "bed"}, {"objectId": 18, "id": 18, "partId": 18, "index": 2, "dominantNormal": [0, -2.220446049250313e-16, 1], "obb": {"axesLengths": [0.6499474422319884, 0.47906999709300696, 0.5021499103368229], "centroid": [0.7713549823991029, -0.4538541684986086, -1.1695350176241632], "normalizedAxes": [0.9817109107971191, 0.1903778463602066, 4.2272373681530385e-17, 0, -2.220446049250313e-16, 1, 0.1903778463602066, -0.9817109107971191, -2.1798361133853897e-16]}, "segments": [469, 32828, 5766, 33416, 4901, 5572], "label": "nightstand"}, {"objectId": 20, "id": 20, "partId": 20, "index": 4, "dominantNormal": [0, -2.220446049250313e-16, 1], "obb": {"axesLengths": [4.3683080910952325, 1.4799998667836212, 2.8261769820547884], "centroid": [0.8386067552005783, 0.5770746833764144, 1.82999990969479], "normalizedAxes": [0.986886739730835, -0.16141442954540253, -3.5841203237608205e-17, 0, -2.220446049250313e-16, 1, -0.16141442954540253, -0.986886739730835, -2.1913287622928545e-16]}, "segments": [28537, 22153, 22214, 7795, 33508, 8841, 8568, 33252, 9128, 37814, 7811, 7814, 8080, 8090, 8797, 8814, 8845, 8855, 17212, 21700, 21715, 21728, 22178, 22740, 22748, 22761, 22772, 22803, 33431, 33434, 33440, 33463, 33491, 33507, 37425, 5675, 15962, 16825, 19498, 6060, 1972, 2009, 11695, 15226, 19513, 28835, 29784, 29817, 37946, 37952, 4379, 29652, 7033, 31418, 8640, 38865, 6542, 6500, 19590, 18668, 3528, 3531, 18638, 19670, 29627, 41038, 7165, 8974, 33488, 8651, 25133, 33455, 33018, 140, 3596, 3601, 4036, 6466, 6481, 6491, 6538, 6549, 6557, 6559, 6946, 7024, 7148, 7200, 7221, 7364, 7365, 8629, 8688, 9823, 9829, 9866, 17174, 17203, 18551, 18636, 18640, 19613, 19615, 19664, 26307, 26332, 26333, 29523, 29603, 29778, 29947, 33015, 33027, 33066, 33091, 33094, 33460, 36478, 36693, 36915, 38851], "label": "ceiling"}, {"objectId": 22, "id": 22, "partId": 22, "index": 6, "dominantNormal": [0.9869263172149658, -0.16117213666439056, -3.5787403410567756e-17], "obb": {"axesLengths": [0.5742422697909496, 0.4668829858254714, 0.3638044007127977], "centroid": [-0.6453262328796472, 0.9099598005593408, 0.11655846059146824], "normalizedAxes": [0.16117213666439056, 0.9869263172149658, 2.191416641961132e-16, 0, -2.220446049250313e-16, 1, 0.9869263172149658, -0.16117213666439056, -3.5787403410567756e-17]}, "segments": [36225, 30912, 6691, 7505, 7694, 7709, 9502, 9549, 9576, 9578, 9634, 9640, 10141, 10183, 10227, 10255, 10346, 10376, 10428, 10450, 13993, 13996, 14002, 14064, 14200, 14217, 14365, 15750, 15788, 15795, 19246, 19346, 19445, 19497, 30947, 30993, 33060, 33068, 33860, 33921, 33942, 34423, 34565, 34572, 36016, 36137, 36175, 36177, 36186, 41664, 41696, 41710, 41723, 41854, 41889, 41894, 33916, 7436, 14464, 30865, 32747, 41833, 34399, 30853, 7766, 14611, 14641, 34009, 41754, 41758, 6663, 41592, 30709, 30716, 36151, 14684, 34608, 33038, 36030, 9511, 15777, 6683, 10343, 20225, 14549, 8543, 14825], "label": "aquarium"}, {"objectId": 23, "id": 23, "partId": 23, "index": 7, "dominantNormal": [0.9045971632003784, -0.42626750469207764, -9.465039967173131e-17], "obb": {"axesLengths": [0.41625457309691377, 0.479999993443489, 0.15803497328326943], "centroid": [-0.897182064076439, 0.4899885240582842, 0.1299999670642602], "normalizedAxes": [0.42626750469207764, 0.9045971632003784, 2.008609197191321e-16, 0, -2.220446049250313e-16, 1, 0.9045971632003784, -0.42626750469207764, -9.465039967173131e-17]}, "segments": [16960, 13901, 34732], "label": "bulletin board"}, {"objectId": 24, "id": 24, "partId": 24, "index": 8, "dominantNormal": [-0.15790396928787231, -0.9874544739723206, -2.1925893855463853e-16], "obb": {"axesLengths": [0.26929812345164705, 0.24788698745026455, 0.13432557837914813], "centroid": [-0.7595873384176515, 0.43392241850666846, -0.00977752999385939], "normalizedAxes": [0.9874544739723206, -0.15790396928787231, -3.5061724476619885e-17, 0, -2.220446049250313e-16, 1, -0.15790396928787231, -0.9874544739723206, -2.1925893855463853e-16]}, "segments": [16782, 15899, 15934, 34801, 16050, 16087], "label": "lamp"}, {"objectId": 25, "id": 25, "partId": 25, "index": 9, "dominantNormal": [0.9363985657691956, 0.35093826055526733, 7.792394741807203e-17], "obb": {"axesLengths": [0.45707210713155355, 0.37656699769421653, 0.2889663753452937], "centroid": [0.1421895350244894, 0.7912652868454095, 0.7932994457300109], "normalizedAxes": [-0.35093826055526733, 0.9363986253738403, 2.0792226282347677e-16, 0, -2.220446049250313e-16, 1, 0.9363986253738403, 0.35093826055526733, 7.792394741807203e-17]}, "segments": [4877, 32316, 4816, 4115, 5052, 28003, 39925, 29474], "label": "lamp"}, {"objectId": 27, "id": 27, "partId": 27, "index": 10, "dominantNormal": [-0.32501015067100525, -0.9457105398178101, -2.0998992318728372e-16], "obb": {"axesLengths": [0.6996706287838379, 0.24376201084788107, 0.18621007001271112], "centroid": [1.1378564779229108, 1.6676099453889202, -0.8318810008087546], "normalizedAxes": [0.9457105398178101, -0.32501015067100525, -7.216675050236826e-17, 0, -2.220446049250313e-16, 1, -0.32501015067100525, -0.9457105398178101, -2.0998992318728372e-16]}, "segments": [5460, 4193, 30828, 31163, 640, 5451, 31148, 32167, 4144, 603, 5304, 32947, 31026, 30825], "label": "device"}, {"objectId": 28, "id": 28, "partId": 28, "index": 11, "dominantNormal": [0.9733151197433472, -0.22947250306606293, -5.095313128446198e-17], "obb": {"axesLengths": [0.2677068824906979, 0.13790797879007513, 0.12519056311840288], "centroid": [0.7521187895109056, 1.5814078066799848, -0.8670669927400293], "normalizedAxes": [0.22947251796722412, 0.9733151197433472, 2.1611937123097106e-16, 0, -2.220446049250313e-16, 1, 0.9733151197433472, -0.22947251796722412, -5.095313459318443e-17]}, "segments": [21272, 21284, 31223, 30875], "label": "lamp"}, {"objectId": 30, "id": 30, "partId": 30, "index": 13, "dominantNormal": [-0.39335694909095764, -0.9193858504295349, -2.0414466793229e-16], "obb": {"axesLengths": [0.639047972616271, 0.2799999930709602, 0.13261476051274249], "centroid": [1.243619367480234, -0.7437055916627617, -0.1100000305888067], "normalizedAxes": [0.9193858504295349, -0.39335694909095764, -8.734278835541734e-17, 0, -2.220446049250313e-16, 1, -0.39335694909095764, -0.9193858504295349, -2.0414466793229e-16]}, "segments": [690, 2190, 2300, 22447, 21429, 685, 21737], "label": "shelf"}, {"objectId": 31, "id": 31, "partId": 31, "index": 14, "dominantNormal": [0.9966257810592651, -0.08207966387271881, -1.8225346536997214e-17], "obb": {"axesLengths": [0.2774955547238967, 0.14383699795968083, 0.12785741940478845], "centroid": [1.6015221631530787, -0.8300842510011246, -0.09808153172072509], "normalizedAxes": [0.08207966387271881, 0.9966257810592651, 2.2129537781340528e-16, 0, -2.220446049250313e-16, 1, 0.9966257810592651, -0.08207966387271881, -1.8225346536997214e-17]}, "segments": [3620, 3655, 32394, 32396, 32566, 3692, 2167, 3689, 32399, 32577], "label": "lamp"}, {"objectId": 32, "id": 32, "partId": 32, "index": 15, "dominantNormal": [-0.3178907334804535, -0.9481273293495178, -2.1052655826403873e-16], "obb": {"axesLengths": [0.8083641485930413, 0.5400000093877311, 0.3472230017293798], "centroid": [1.4610390106464295, -0.5969280318409813, -0.8400000175130379], "normalizedAxes": [0.9481273293495178, -0.3178907632827759, -7.058592894244062e-17, 0, -2.220446049250313e-16, 1, -0.3178907632827759, -0.9481273293495178, -2.1052655826403873e-16]}, "segments": [33152, 4342, 7999, 32811, 33201, 33208], "label": "pillow"}, {"objectId": 33, "id": 33, "partId": 33, "index": 16, "dominantNormal": [0, -2.220446049250313e-16, 1], "obb": {"axesLengths": [0.5591906173631616, 0.275534027616664, 0.3390209176789928], "centroid": [1.4960788842836996, -0.3518251324603737, -0.9167730334419093], "normalizedAxes": [0.8986928462982178, -0.4385785162448883, -9.738399336820265e-17, 0, -2.220446049250313e-16, 1, -0.4385785162448883, -0.8986928462982178, -1.9954989800523965e-16]}, "segments": [8879, 7928, 8870, 8116, 7979, 8043], "label": "pillow"}, {"objectId": 44, "id": 44, "partId": 44, "index": 18, "dominantNormal": [0, -2.220446049250313e-16, 1], "obb": {"axesLengths": [0.8855082009127212, 0.46515004787258674, 0.5987985682455285], "centroid": [0.6621176868030668, 1.5510361566884252, -1.1825750234934322], "normalizedAxes": [0.8793355822563171, 0.4762025773525238, 1.0573821315252281e-16, 0, -2.220446049250313e-16, 1, 0.4762025773525238, -0.8793355822563171, -1.952517219586263e-16]}, "segments": [22039, 25861, 22086, 21919, 21917, 21949, 21962, 21965, 21967, 22008, 22044, 22329, 22334, 22355, 22364, 22374, 22408, 27761, 37268, 37275, 37277, 37290, 37324, 37335, 37337, 37342, 37344, 37354, 37359, 39817, 22591, 22073], "label": "box"}, {"objectId": 34, "id": 34, "partId": 34, "index": 19, "dominantNormal": [0, -2.220446049250313e-16, 1], "obb": {"axesLengths": [0.5764917810126513, 0.32343994848191837, 0.32837144136038676], "centroid": [1.9336049188521578, 0.8965682324738243, -1.131720013882221], "normalizedAxes": [-0.06053733453154564, 0.9981659054756165, 2.216373541309694e-16, 0, -2.220446049250313e-16, 1, 0.9981659054756165, 0.06053733453154564, 1.3441988529271507e-17]}, "segments": [37131, 24304, 20693, 20641], "label": "pillow"}, {"objectId": 35, "id": 35, "partId": 35, "index": 20, "dominantNormal": [0.9999680519104004, 0.007992598228156567, 1.77471331589553e-18], "obb": {"axesLengths": [0.6212589720393559, 0.417950024799629, 0.36062779482303775], "centroid": [2.1491220546173446, 0.7198331147448418, -1.078975030434393], "normalizedAxes": [-0.007992598228156567, 0.9999680519104004, 2.2203751102409805e-16, 0, -2.220446049250313e-16, 1, 0.9999680519104004, 0.007992598228156567, 1.77471331589553e-18]}, "segments": [10100, 10262, 28409, 28375], "label": "pillow"}, {"objectId": 36, "id": 36, "partId": 36, "index": 21, "dominantNormal": [0, -2.220446049250313e-16, 1], "obb": {"axesLengths": [0.3995318618764634, 0.13054001039549679, 0.15057735861211935], "centroid": [2.325925214468983, 0.6465097067700398, -0.955270003711806], "normalizedAxes": [0.18235379457473755, 0.9832329750061035, 2.1832157748449344e-16, 0, -2.220446049250313e-16, 1, 0.9832329750061035, -0.18235379457473755, -4.0490676272927917e-17]}, "segments": [40929], "label": "pillow"}, {"objectId": 37, "id": 37, "partId": 37, "index": 22, "dominantNormal": [0.793165385723114, 0.6090062856674194, 1.352265600978829e-16], "obb": {"axesLengths": [0.6920584579532496, 0.5926599370093655, 0.41660161440241983], "centroid": [2.2585839188841006, 1.1330733975463532, -1.0263300039736194], "normalizedAxes": [-0.6090062856674194, 0.793165385723114, 1.7611809471309892e-16, 0, -2.220446049250313e-16, 1, 0.793165385723114, 0.6090062856674194, 1.352265600978829e-16]}, "segments": [9457, 19898, 28288, 36957, 19887, 20020], "label": "pillow"}, {"objectId": 38, "id": 38, "partId": 38, "index": 23, "dominantNormal": [0.8581076860427856, -0.5134698152542114, -1.140132022690502e-16], "obb": {"axesLengths": [0.37027451160620883, 0.4696500196386122, 0.21630336267698025], "centroid": [1.9662580179798659, 1.1878829312284642, -1.0848250473744052], "normalizedAxes": [0.5134698152542114, 0.8581076860427856, 1.9053818213050314e-16, 0, -2.220446049250313e-16, 1, 0.8581076860427856, -0.5134698152542114, -1.140132022690502e-16]}, "segments": [38047, 40460], "label": "pillow"}, {"objectId": 1, "id": 1, "partId": 1, "index": 24, "dominantNormal": [0, -2.220446049250313e-16, 1], "obb": {"axesLengths": [4.793077547711761, 0.19352006479680356, 2.4091750843328605], "centroid": [0.007015716552135398, -0.04821260171370634, -1.3667600176504264], "normalizedAxes": [0.7287293672561646, 0.6848018169403076, 1.5205654889445422e-16, 0, -2.220446049250313e-16, 1, 0.6848018169403076, -0.7287293672561646, -1.618104244496631e-16]}, "segments": [21062, 23238, 17958, 19244, 21587, 21690, 26081, 26107, 27658, 27663, 28132, 30319, 26609, 13320, 12137, 12100, 19144, 20219, 24908, 40827, 29279], "label": "floor"}, {"objectId": 2, "id": 2, "partId": 2, "index": 25, "dominantNormal": [0.9400983452796936, -0.3409033417701721, -7.569574784098079e-17], "obb": {"axesLengths": [2.3611300863223152, 1.346178941141539, 0.26695197740687393], "centroid": [-0.6822913643657791, 1.1216809294701702, 0.5502904389691978], "normalizedAxes": [0.3409033417701721, 0.9400983452796936, 2.0874376566830524e-16, 0, -2.220446049250313e-16, 1, 0.9400983452796936, -0.3409033417701721, -7.569574784098079e-17]}, "segments": [15340, 1590], "label": "wall"}, {"objectId": 3, "id": 3, "partId": 3, "index": 26, "dominantNormal": [0.9316281676292419, -0.3634129762649536, -8.06938907393814e-17], "obb": {"axesLengths": [2.406921714198185, 2.0327799461905656, 0.6687172696542161], "centroid": [-0.41698888483226626, 1.0213490914422874, -0.42639004522107604], "normalizedAxes": [0.3634129762649536, 0.9316281676292419, 2.0686300841826587e-16, 0, -2.220446049250313e-16, 1, 0.9316281676292419, -0.3634129762649536, -8.06938907393814e-17]}, "segments": [30423, 11297, 17346, 20470, 30830, 8812, 30582, 24164, 29242, 31187, 30572, 41902, 30666], "label": "cabinet"}, {"objectId": 4, "id": 4, "partId": 4, "index": 27, "dominantNormal": [-0.32272055745124817, -0.9464942812919617, -2.1016394875327508e-16], "obb": {"axesLengths": [3.1650865918126176, 2.641789973338171, 0.5142566110817882], "centroid": [0.3299337475979304, -0.39600390653170603, -0.11089500827994381], "normalizedAxes": [0.9464942812919617, -0.32272055745124817, -7.165835868044827e-17, 0, -2.220446049250313e-16, 1, -0.32272055745124817, -0.9464942812919617, -2.1016394875327508e-16]}, "segments": [6191, 26885, 28354, 26872, 41995, 41994, 18000, 42016, 38734, 41980, 9280, 15366, 17989, 18773, 27590, 30551, 30946, 30952, 31329, 31494, 40829, 40867, 25407, 16210, 3328, 25426, 38549, 12065, 27505, 40975, 36861, 20821], "label": "wall"}, {"objectId": 6, "id": 6, "partId": 6, "index": 28, "dominantNormal": [0.9448419809341431, -0.3275265693664551, -7.272550769742538e-17], "obb": {"axesLengths": [2.362068457463989, 2.1894599902005485, 0.1664167294053855], "centroid": [2.1479436777740846, 0.13796767873696278, 0.03526994216166379], "normalizedAxes": [0.3275265693664551, 0.9448419809341431, 2.0979706437310576e-16, 0, -2.220446049250313e-16, 1, 0.9448419809341431, -0.3275265693664551, -7.272550769742538e-17]}, "segments": [7318, 9136, 10903, 3765, 4759, 6873, 17650, 18022, 19969, 28270, 36965, 8338, 17627, 26195], "label": "wall"}, {"objectId": 7, "id": 7, "partId": 7, "index": 29, "dominantNormal": [0.950598418712616, -0.310423344373703, -6.892782886096582e-17], "obb": {"axesLengths": [1.9210604668677775, 0.7259399430616209, 0.593676161173593], "centroid": [1.8582945358514316, -0.010873959289427526, 0.7729699260780953], "normalizedAxes": [0.310423344373703, 0.950598418712616, 2.110752503254023e-16, 0, -2.220446049250313e-16, 1, 0.950598418712616, -0.310423344373703, -6.892782886096582e-17]}, "segments": [6044, 22815, 21688, 6364, 23705, 23741, 19732, 37789, 17781, 22293, 22832, 37433, 22990, 6380, 19701, 15280, 18802, 22986, 23007], "label": "cabinet"}, {"objectId": 8, "id": 8, "partId": 8, "index": 30, "dominantNormal": [-0.32659780979156494, -0.9451634287834167, -2.0986844013380174e-16], "obb": {"axesLengths": [3.1443508528707036, 2.619999946206808, 0.28737595275972266], "centroid": [1.107005887980023, 1.7127309450341148, -0.11999997519374173], "normalizedAxes": [0.9451634287834167, -0.32659780979156494, -7.251928164454856e-17, 0, -2.220446049250313e-16, 1, -0.32659780979156494, -0.9451634287834167, -2.0986844013380174e-16]}, "segments": [14870, 12426, 40193, 2730, 1450, 18077, 7044, 6690, 33565, 32652, 32657, 12651, 12404], "label": "wall"}, {"objectId": 9, "id": 9, "partId": 9, "index": 31, "dominantNormal": [-0.17869803309440613, -0.9839039444923401, -2.184705626389816e-16], "obb": {"axesLengths": [0.7270456969458691, 2.039679958529472, 0.6274604691043544], "centroid": [0.28244662340237303, 1.7706712380353635, -0.3898400308269274], "normalizedAxes": [0.9839039444923401, -0.17869803309440613, -3.967893415932758e-17, 0, -2.220446049250313e-16, 1, -0.17869803309440613, -0.9839039444923401, -2.184705626389816e-16]}, "segments": [14568, 14534, 35505, 8914, 35488, 3914, 8928, 11105, 11137, 14500, 34158, 35530, 35556, 14670, 1371, 2667, 2686, 2740, 2877, 3035, 3184, 3192, 3250, 11080, 13163, 13811, 13854, 13888, 13891, 14770, 14771, 14777, 32221, 32223, 32229, 32250, 35220, 35227, 35252, 35291, 35297, 35492, 15045, 455, 2423, 2502, 2642, 3271, 3273, 13227, 13230, 13873, 13915, 13932, 14070, 14483, 15059, 34808, 35384, 2624, 35355, 40277, 12271, 2043, 2051, 2232, 2291, 11312, 12083, 12088, 12123, 12144, 12146, 12157, 12160, 12190, 12193, 12217, 12222, 12242, 12255, 12277, 12300, 12327, 12386, 12418, 12419, 12464, 12468, 13266, 14175, 14202, 14243, 14274, 16879, 16894, 32034, 32042, 34617, 34618, 34623, 34634, 34638, 34642, 34659, 34817, 35330, 35437, 35451, 36281, 40237, 12621, 26416, 11394, 11416, 11458, 12351, 12463, 12492, 12501, 12519, 12548, 12559, 12604, 12610, 12620, 12635, 12659, 12679, 12688, 12706, 12733, 12746, 12774, 12930, 12943, 13085, 13086, 13090, 13689, 15926, 15949, 16377, 16417, 16454, 16489, 16929, 16932, 16935, 16955, 17005, 17035, 24405, 24433, 24436, 24439, 24447, 24457, 24496, 24514, 24524, 24535, 24546, 24609, 24630, 24644, 24663, 24722, 26490, 26495, 26503, 27065, 27077, 27100, 27184, 27216, 34667, 34678, 34706, 34707, 34714, 34717, 36240, 36242, 36279, 36297, 36313, 36373, 36380, 38085, 38102, 38130, 38149, 38156, 38163, 38195, 38228, 38231, 38234, 38242, 38322, 38428, 38877, 38880, 38885, 38905, 39042, 39124, 39153, 39156, 39200, 282, 26565, 26584, 26604, 38918, 38919, 39418, 27110, 26736, 3585, 15321, 15335, 17754, 21176, 21177, 21182, 26702, 26706, 26727, 26752, 26784, 26946, 27145, 27152, 38976, 38996, 39012, 39014, 39019, 39028, 27889, 3829, 27901, 27920, 39875, 27768, 21156, 21188, 21230, 21258, 25837, 26961, 27848, 37185, 37189, 38803, 38810, 38813, 39031, 39729, 39748, 39854, 39857], "label": "rack"}, {"objectId": 10, "id": 10, "partId": 10, "index": 32, "dominantNormal": [0, -2.220446049250313e-16, 1], "obb": {"axesLengths": [1.099952736426589, 0.6424500202585004, 0.7028381913168406], "centroid": [1.0664554706731364, 1.4788219171273684, -1.1312250271207474], "normalizedAxes": [0.9940956234931946, -0.10850759595632553, -2.4093526275487227e-17, 0, -2.220446049250313e-16, 1, -0.10850759595632553, -0.9940956234931946, -2.2073356997624906e-16]}, "segments": [21353, 39540, 31149, 39494, 18282, 27592, 17940, 17997, 19081, 25648, 23971, 24012, 21916, 19181, 36576, 17990, 19055, 37879], "label": "desk"}, {"objectId": 12, "id": 12, "partId": 12, "index": 33, "dominantNormal": [0.9666862487792969, -0.25596415996551514, -5.683546077451032e-17], "obb": {"axesLengths": [0.38039785979167173, 0.2976800136786695, 0.2926020545234717], "centroid": [1.116967444018968, 1.272628698983423, -1.2689300222975768], "normalizedAxes": [0.2559641897678375, 0.9666862487792969, 2.146474661966595e-16, 0, -2.220446049250313e-16, 1, 0.9666862487792969, -0.2559641897678375, -5.683546739195522e-17]}, "segments": [18304, 36650, 24851, 17951, 18368, 18393, 19241, 24834, 24852, 24856, 32966, 38467, 19269], "label": "stool"}, {"objectId": 13, "id": 13, "partId": 13, "index": 34, "dominantNormal": [-0.4315958619117737, -0.9020670652389526, -2.0029912511686568e-16], "obb": {"axesLengths": [0.7944138169685001, 1.6400000086426725, 0.29013475195839084], "centroid": [1.0008772210057784, 1.6944462708091237, 0.369999993588326], "normalizedAxes": [0.9020670652389526, -0.4315958619117737, -9.583353264547815e-17, 0, -2.220446049250313e-16, 1, -0.4315958619117737, -0.9020670652389526, -2.0029912511686568e-16]}, "segments": [35184, 14957, 35467, 34922, 14389, 29275, 11215, 2111, 13276, 13548, 34300, 34342, 31954, 326, 34180, 31943, 31917, 293, 32123, 3906, 29973, 11970, 12005, 10, 14838, 2455, 31976, 215, 11468, 18942, 11245, 11537, 31891, 11165, 2696, 32105, 32154, 1426, 32092, 28, 52, 103, 117, 138, 338, 362, 8647, 11171, 11182, 11260, 11489, 13272, 13391, 13501, 13649, 14096, 14458, 14537, 17219, 17928, 31907, 31908, 32007, 32010, 32013, 32090, 32096, 32114, 33420, 34161, 34280, 34577, 34586, 34610, 35093, 35097, 35099, 35102, 35106, 35454, 35458, 35472, 35475, 35606, 35610, 37417, 38515, 38523, 25250, 25323], "label": "curtain"}, {"objectId": 14, "id": 14, "partId": 14, "index": 35, "dominantNormal": [-0.38869228959083557, -0.9213676452636719, -2.0458471478327842e-16], "obb": {"axesLengths": [0.6240148762327574, 1.5574399480795866, 0.2693655193028752], "centroid": [2.176604840255672, 1.276184614973404, 0.32871996330678366], "normalizedAxes": [0.9213676452636719, -0.3886922597885132, -8.630701926215804e-17, 0, -2.220446049250313e-16, 1, -0.3886922597885132, -0.9213676452636719, -2.0458471478327842e-16]}, "segments": [35834, 2847, 3926, 2888, 3191, 4286, 4537, 1934, 10727, 15815, 15802, 10973, 10773, 35889, 15727, 36519, 36757, 18135, 3370, 36686, 36768, 3165, 17637, 33950, 35849, 1910, 18187, 1731, 2557, 4239, 37985, 2896, 17666, 17609, 1714, 1760, 2066, 2483, 2508, 3127, 3201, 3397, 3415, 3433, 3879, 3985, 4452, 4466, 10798, 10816, 11018, 15694, 15739, 15746, 15782, 15970, 15982, 16037, 17277, 17281, 18035, 18096, 18149, 24187, 32301, 32356, 32626, 32663, 32692, 32719, 33980, 33983, 35628, 35630, 35925, 35931, 35935, 35992, 36484, 36580], "label": "curtain"}, {"objectId": 15, "id": 15, "partId": 15, "index": 36, "dominantNormal": [-0.2346668392419815, -0.972075879573822, -2.1584420463712162e-16], "obb": {"axesLengths": [0.8403277188706068, 1.5599999675154688, 0.17850714562012338], "centroid": [1.7032816010935636, 1.471494060978777, 0.349999953504204], "normalizedAxes": [0.972075879573822, -0.2346668392419815, -5.210650560849162e-17, 0, -2.220446049250313e-16, 1, -0.2346668392419815, -0.972075879573822, -2.1584420463712162e-16]}, "segments": [16075, 13372, 35004, 11779, 34967, 11493, 34027, 3045, 2372, 1062, 2415, 1142], "label": "window"}, {"objectId": 70, "id": 70, "initialPoint": [2.1224006486158675, 0.1309049140068589, 0.007649990305690579], "index": 38, "dominantNormal": [0.9740350842475891, -0.22639720141887665, -5.02702771451872e-17], "obb": {"axesLengths": [0.28934063872993543, 0.19999999850988381, 0.0650577723489095], "centroid": [2.140820933412938, 0.09217884701464193, -0.01000003040254227], "normalizedAxes": [0.22639720141887665, 0.9740350842475891, 2.162792354648755e-16, 0, -2.220446049250313e-16, 1, 0.9740350842475891, -0.22639720141887665, -5.02702771451872e-17]}, "segments": [6890, 33056], "partId": 70, "label": "lamp"}], "scan_id": "8eabc44b-5af7-2f32-8553-18fd693ab49f", "annId": "5994", "appId": "stk.v1"}