{"segGroups": [{"objectId": 1, "id": 1, "partId": 1, "index": 0, "dominantNormal": [0, -2.220446049250313e-16, 1], "obb": {"axesLengths": [5.029594248739896, 0.41999994769692545, 4.459484955897333], "centroid": [-0.38896392182994277, 0.7999082058215434, -1.400000043585896], "normalizedAxes": [0.9894320964813232, 0.14499688148498535, 3.219577526469516e-17, 0, -2.220446049250313e-16, 1, 0.14499688148498535, -0.9894320964813232, -2.1969805896334088e-16]}, "segments": [369, 1758, 1844, 1933, 2394, 2447, 2461, 2467, 2474, 2507, 2567, 2591, 2600, 2606, 2749, 3291, 3294, 3312, 5800, 8500, 11583, 11919, 12218, 18325, 18354, 18529, 19272, 19677, 20755, 20759, 20810, 20814, 24392, 30953, 31553, 31556, 31738, 36100, 36124, 36603, 36617, 39828, 40304, 40306, 40307, 40362, 40384, 40386, 41456, 41796, 42696, 42709, 43465, 47540, 55712, 55720, 55724, 55726, 55730, 55737, 55745, 55792, 55805, 59546, 62056, 627, 818, 20670, 20716, 21489, 22262, 22264, 22269, 22285, 22303, 43469, 45611, 45612, 45637, 45706, 45811, 56223, 60103, 68070, 68076, 69273, 45685, 17601, 44050, 42661, 11229, 11608, 11753, 11575, 55694, 2193, 2672, 2251], "label": "floor"}, {"objectId": 2, "id": 2, "partId": 2, "index": 1, "dominantNormal": [0, -2.220446049250313e-16, 1], "obb": {"axesLengths": [2.0441275384359643, 1.0267370113714702, 2.0143550293226182], "centroid": [0.36256509614029253, 1.7311874672126102, -0.8006515417102387], "normalizedAxes": [0.6054866313934326, 0.7958554625511169, 1.767154117595908e-16, 0, -2.220446049250313e-16, 1, 0.7958554625511169, -0.6054866313934326, -1.344450398551428e-16]}, "segments": [23794, 47479, 31569, 34620, 11992, 12089, 25360, 25379, 25381, 25389, 25414, 25442, 26505, 26520, 26533, 26542, 26557, 27235, 27241, 27246, 27263, 30899, 30902, 31050, 31799, 32436, 34115, 34161, 34659, 38254, 38286, 38289, 38334, 38355, 39012, 39043, 39046, 39182, 41390, 41417, 42544, 42560, 42930, 46270, 46281, 46289, 46321, 46353, 47517, 48393, 48448, 48469, 48730, 48761, 49439, 49696, 49701, 49763, 49777, 49999, 50009, 50060, 50083, 54267, 54332, 60842, 61007, 62058, 62381, 63425, 63426, 63429, 64311, 66748, 66753, 66878, 66895, 66912, 68232, 68238, 68245, 68247, 68249, 68252, 69938, 69946, 69951, 69959, 70267, 70444, 70547, 70557, 70609, 72698, 73508, 73662, 42926, 42504, 36458, 35775, 54986], "label": "table"}, {"objectId": 3, "id": 3, "partId": 3, "index": 2, "dominantNormal": [0.9620959758758545, 0.2727110981941223, 6.055402805718531e-17], "obb": {"axesLengths": [0.5115510128694267, 0.9126229976276379, 0.4745058606326695], "centroid": [-0.05232168303756876, 2.167913602968314, -0.8583085289230534], "normalizedAxes": [-0.2727110981941223, 0.9620959758758545, 2.1362822086331656e-16, 0, -2.220446049250313e-16, 1, 0.9620959758758545, 0.2727110981941223, 6.055402805718531e-17]}, "segments": [47471, 48041, 47511, 47397, 33655, 39097, 64695, 64601, 24926, 44017, 44005, 24873, 24886, 24902, 24916, 30208, 30215, 31269, 32665, 32678, 33582, 33588, 33589, 33618, 33622, 33631, 33644, 33686, 38400, 38424, 38447, 38462, 38494, 38518, 39064, 39087, 39099, 39101, 42871, 43968, 44030, 48018, 48076, 60812, 64313, 64325, 64371, 64380, 64578, 64598, 64651, 64683, 64688, 66970, 66973, 67127, 69509, 69513, 69844, 30199, 33604, 32612, 39072, 47438, 64558], "label": "chair"}, {"objectId": 4, "id": 4, "partId": 4, "index": 3, "dominantNormal": [0.9995390176773071, -0.030359432101249695, -6.7411481066703016e-18], "obb": {"axesLengths": [0.6458437196677529, 0.9159040246329301, 0.525520247525358], "centroid": [0.061162182705730206, 0.9896274016429223, -0.8516780338806359], "normalizedAxes": [0.030359433963894844, 0.9995390176773071, 2.2194224628731155e-16, 0, -2.220446049250313e-16, 1, 0.9995390176773071, -0.030359433963894844, -6.741148520260608e-18]}, "segments": [46711, 61715, 28842, 28878, 38084, 9230, 24070, 25082, 26087, 27828, 27857, 27883, 27921, 27935, 27950, 28898, 28907, 28957, 28962, 28964, 28996, 29023, 29038, 38067, 38111, 38130, 40474, 40490, 40795, 40797, 40818, 40830, 40835, 40842, 40843, 40863, 41057, 41065, 46672, 46700, 46718, 60593, 61223, 61226, 61250, 61259, 61284, 61711, 64297, 64306, 65285, 65297, 65313, 65476, 65485, 69062, 69066, 69070, 46748, 27954, 28877, 28892, 46781, 26093, 42104], "label": "chair"}, {"objectId": 5, "id": 5, "partId": 5, "index": 4, "dominantNormal": [-0.49549877643585205, -0.8686086535453796, -1.9286986531094722e-16], "obb": {"axesLengths": [0.6112271358538087, 0.6247339705064746, 0.6019460592325218], "centroid": [-2.2554414948382746, 1.0255709955553343, -0.608721013544776], "normalizedAxes": [0.8686086535453796, -0.49549877643585205, -1.1002283005453518e-16, 0, -2.220446049250313e-16, 1, -0.49549877643585205, -0.8686086535453796, -1.9286986531094722e-16]}, "segments": [58127, 49626, 21763, 21996, 47942, 57341, 11289, 57473, 57530, 11313, 47252, 14070, 47204, 43946], "label": "chair"}, {"objectId": 6, "id": 6, "partId": 6, "index": 5, "dominantNormal": [0.9937086701393127, 0.11199574172496796, 2.4868050224606354e-17], "obb": {"axesLengths": [1.5360987606260965, 0.8732799692463874, 0.7183465860280166], "centroid": [-1.5186116416673385, 0.9684768674584494, -0.8866400017595296], "normalizedAxes": [-0.11199574917554855, 0.9937086701393127, 2.2064764907166195e-16, 0, -2.220446049250313e-16, 1, 0.9937086701393127, 0.11199574917554855, 2.486805187896758e-17]}, "segments": [24275, 71855, 18263, 13783, 71814, 53176, 39536, 21999, 17867, 19659, 15443, 14410, 15637, 13321, 13370, 13773, 14860, 17886, 17896, 17918, 17929, 18175, 18261, 18323, 18328, 18864, 19060, 19600, 19608, 19696, 19804, 19828, 19854, 19868, 19871, 19908, 19939, 21585, 21619, 21766, 21800, 21815, 21909, 21910, 21927, 21930, 21932, 21942, 22010, 24195, 24198, 24204, 24308, 24717, 33845, 34022, 34034, 34152, 34153, 34170, 34185, 36497, 36888, 36904, 37074, 37105, 40332, 44090, 44092, 44096, 50491, 50965, 50968, 51037, 52974, 53162, 55270, 55273, 55283, 55308, 55522, 58346, 58361, 58788, 59229, 59302, 59311, 59963, 59966, 59969, 59972, 59978, 59985, 63020, 63022, 64972, 70740, 70908, 74352, 13789, 1787, 14556, 37068], "label": "desk"}, {"objectId": 7, "id": 7, "partId": 7, "index": 6, "dominantNormal": [0.3841116726398468, -0.9232866764068604, -2.0501082529530653e-16], "obb": {"axesLengths": [2.35914636785394, 2.480889980177059, 0.8722327247086145], "centroid": [-2.16261422984918, 2.704963672136521, -0.09044507875043828], "normalizedAxes": [0.9232866764068604, 0.3841116428375244, 8.528991798096284e-17, 0, -2.220446049250313e-16, 1, 0.3841116428375244, -0.9232866764068604, -2.0501082529530653e-16]}, "segments": [19578, 60216, 18661, 15741, 15794, 15891, 19727, 53284, 53321, 10330, 69880, 14431, 9883, 10294, 4209, 4860, 6160, 57269, 12865, 7111, 10012, 9857, 9120, 9551, 9477, 57356, 51709, 51636, 55386, 4572, 57454, 7023, 7005, 50663, 23553, 426, 408, 63384, 70818, 10877, 8311, 11627, 54968, 70650, 70756, 25407, 58898, 26767, 26256, 71312, 71253, 13933, 12787, 13961, 15971, 15982, 17974, 490, 494, 515, 1303, 1337, 1343, 1353, 4200, 4248, 4277, 4285, 4341, 4364, 4382, 4413, 4713, 4771, 4778, 4784, 4847, 4902, 4904, 5543, 5579, 5588, 5607, 5790, 5825, 6032, 6134, 6142, 6145, 6209, 6271, 6377, 6456, 6534, 6580, 6583, 6589, 6595, 6610, 6625, 6628, 6634, 6654, 6674, 6692, 6715, 6736, 6835, 6851, 6967, 6997, 7037, 7096, 7141, 7687, 8867, 8875, 8886, 8893, 8910, 8923, 8926, 8986, 9053, 9066, 9178, 9405, 9471, 9529, 9559, 9563, 9610, 10452, 10621, 10622, 10623, 10697, 10944, 10952, 10953, 11066, 11143, 11161, 11184, 11189, 11216, 11256, 11790, 11862, 12826, 12835, 12871, 12948, 12997, 13012, 13167, 13271, 13597, 13717, 13848, 13874, 13916, 13931, 14117, 14129, 14133, 14190, 14208, 14297, 14401, 14471, 14587, 15933, 16006, 16037, 16583, 16585, 16884, 17553, 17556, 17675, 17684, 17746, 17807, 18395, 18410, 18414, 18436, 18463, 18483, 18490, 18497, 18514, 18517, 18566, 18575, 18737, 19065, 19073, 19105, 19177, 19551, 19748, 19765, 22109, 22142, 22144, 23122, 23525, 23599, 23613, 23616, 23643, 23650, 23667, 23737, 23742, 24096, 24336, 24819, 24913, 24977, 26314, 26491, 26721, 27465, 27472, 27561, 27675, 27804, 27859, 28046, 28188, 28206, 28310, 28329, 28348, 28356, 29146, 30678, 31184, 31668, 31704, 31726, 31730, 31904, 31948, 31998, 32017, 34571, 34692, 34702, 34811, 34814, 34842, 34848, 34877, 35037, 35045, 35129, 43658, 48197, 48212, 48266, 48271, 48272, 48361, 48374, 48386, 49086, 49104, 49111, 49250, 49309, 49321, 49348, 49351, 49389, 49396, 49663, 49961, 49979, 50138, 50141, 50161, 50163, 50249, 50380, 50398, 50664, 50695, 50696, 51111, 51118, 51192, 51219, 51546, 51560, 51562, 51583, 51649, 51652, 51665, 51672, 51685, 51723, 53198, 53204, 53207, 53225, 53315, 53348, 54975, 55298, 55397, 55426, 56015, 56094, 56100, 56101, 56138, 56152, 56186, 56277, 56332, 56335, 56361, 56376, 56390, 56393, 56398, 56401, 56420, 56426, 56428, 56455, 56458, 56464, 56671, 56765, 56767, 56797, 56808, 56850, 56854, 56870, 56895, 56914, 56951, 56974, 56977, 56988, 57100, 57414, 57425, 57464, 57467, 57483, 57795, 57799, 57957, 57973, 58030, 58077, 58157, 58159, 58168, 58173, 58185, 58460, 58505, 58540, 58686, 58758, 58766, 58833, 58870, 58878, 58886, 58967, 59257, 59527, 59537, 59541, 59621, 59632, 59636, 59638, 59876, 59904, 60063, 60148, 60478, 60479, 60483, 60487, 60544, 60570, 60631, 60983, 62003, 62379, 62408, 62418, 62464, 62472, 63292, 63296, 63404, 63483, 63486, 64464, 66698, 68370, 69537, 69853, 69888, 70235, 70637, 71278, 71376, 71384, 71578, 71659, 71664, 71668, 71679, 71694, 74664, 74687, 74690, 74707, 74708, 16664, 18597, 60174, 27443, 65087, 27557, 25906, 61962, 6330, 63632, 4063, 3755, 55925, 3972, 3771, 26057, 27407, 69614, 47673, 69553, 67109, 34559, 61552, 61514, 61634, 61927, 35419, 62021, 5973, 5476, 56249, 3833, 3943, 4095, 4106, 4120, 5851, 17859, 18866, 18964, 22127, 22150, 22165, 22194, 22195, 22548, 23908, 24098, 24161, 25859, 25876, 25877, 25955, 25960, 25962, 26010, 27408, 27421, 27547, 27592, 27648, 27687, 28216, 28341, 28397, 28439, 30724, 30777, 30805, 31427, 31430, 31625, 34639, 35150, 35396, 35733, 35756, 35759, 43797, 49546, 49887, 49906, 49941, 58657, 58695, 58712, 58739, 58839, 60869, 60902, 60922, 60924, 61162, 61623, 61827, 62348, 62354, 62362, 63797, 63841, 63845, 67074, 67094, 69576, 69585, 69628, 70588, 3721, 27492, 65115], "label": "shelf"}, {"objectId": 8, "id": 8, "partId": 8, "index": 7, "dominantNormal": [0.12056279182434082, -0.9927057027816772, -2.2042494558098308e-16], "obb": {"axesLengths": [2.328478776689413, 1.3246499916616823, 0.36620964179248955], "centroid": [-0.052661384277516876, 3.1867276006436716, -0.6923250336052849], "normalizedAxes": [0.9927057027816772, 0.12056279927492142, 2.6770319133655777e-17, 0, -2.220446049250313e-16, 1, 0.12056279927492142, -0.9927057027816772, -2.2042494558098308e-16]}, "segments": [69665, 31449, 31469, 42195, 27755, 33965, 37987, 64272, 37941, 64210, 38032, 44432, 68158, 45900, 22431, 22481, 67739, 29723, 37692, 68837, 68839, 33333, 63702, 46542, 20513, 68968, 61865, 61858, 16410, 16437, 16495, 18873, 18974, 19019, 19178, 20029, 20044, 20047, 20112, 20123, 20149, 20487, 20568, 20603, 22430, 22466, 22470, 22532, 22621, 22764, 22793, 22823, 22827, 22934, 22938, 22969, 23987, 24004, 24011, 27742, 27767, 29546, 29563, 29600, 29611, 29639, 29651, 29653, 29656, 29660, 29696, 29720, 29737, 29865, 30020, 30083, 30100, 30108, 30134, 30193, 31470, 31502, 31523, 31530, 33942, 33945, 33981, 34013, 35909, 35992, 37172, 37543, 37560, 37573, 37615, 37873, 37894, 37965, 39968, 40030, 40046, 40086, 40573, 40931, 40959, 42169, 42219, 43483, 44365, 44411, 45024, 45111, 45119, 45172, 45209, 45225, 45236, 45315, 45388, 45462, 45822, 45950, 45965, 45968, 45997, 46061, 46069, 46551, 46604, 46609, 46815, 58475, 59111, 59189, 59361, 59362, 59519, 60326, 60435, 61793, 61796, 61817, 61820, 61844, 61847, 61884, 62104, 64079, 64108, 64198, 64911, 67507, 67511, 67537, 67541, 67705, 67762, 67875, 67884, 68094, 68097, 68173, 68176, 68885, 69002, 22872, 14744, 20492, 67689], "label": "shelf"}, {"objectId": 9, "id": 9, "partId": 9, "index": 8, "dominantNormal": [0.9913378357887268, 0.1313367635011673, 2.9162619763748964e-17], "obb": {"axesLengths": [1.0104055235063363, 2.2013699516347796, 0.42300827189553164], "centroid": [1.3120366470561096, 0.34252637272470077, -0.23068502961058202], "normalizedAxes": [-0.1313367635011673, 0.9913378357887268, 2.201212180949434e-16, 0, -2.220446049250313e-16, 1, 0.9913378357887268, 0.1313367635011673, 2.9162619763748964e-17]}, "segments": [45065, 41659, 53508, 19187, 67988, 19358, 925, 41412, 11676, 11655, 13598, 13557, 58940, 54676, 11569, 38631, 38847, 7201, 7220, 11526, 11598, 11604, 11629, 11836, 13574, 13578, 13613, 15224, 15482, 15581, 18767, 19169, 19341, 20387, 20890, 20974, 27092, 27158, 27178, 38013, 38781, 38835, 38978, 39013, 39128, 39891, 40079, 40118, 41519, 41756, 51899, 57859, 57871, 58332, 58453, 58929, 59609, 60307, 62621, 62813, 63049, 63279, 70183, 70215, 70217, 19231, 12832, 10492, 10505, 11502, 11621, 13413, 13436, 13455, 13459, 13470, 13482, 13584, 13635, 14895, 14923, 14973, 15025, 15032, 15073, 15093, 15163, 15243, 15246, 15359, 15361, 15390, 15407, 19360, 20229, 20874, 20895, 20923, 20928, 20945, 20966, 21001, 21058, 21148, 21154, 21158, 21216, 21222, 21339, 21509, 22654, 37893, 37949, 37963, 38087, 38151, 38312, 38387, 39201, 39352, 39463, 39465, 39644, 39677, 39683, 39815, 39841, 40076, 40768, 40769, 41042, 41227, 41233, 41444, 41549, 41582, 41594, 45387, 45445, 45482, 45554, 45562, 45566, 45599, 53734, 53761, 53956, 53960, 57815, 57862, 57926, 57944, 57950, 57994, 58248, 58292, 58294, 59117, 59128, 59139, 59147, 59156, 59548, 59586, 59588, 62064, 62101, 62106, 62109, 62114, 62165, 62257, 62262, 62317, 62455, 62488, 62568, 62739, 62793, 64472, 64474, 64495, 64505, 64555, 64704, 70208, 70211, 70230, 13476, 30159], "label": "showcase"}, {"objectId": 10, "id": 10, "partId": 10, "index": 9, "dominantNormal": [0.9875679612159729, 0.1571926325559616, 3.490377599301411e-17], "obb": {"axesLengths": [4.053288650911176, 2.8300698363020294, 0.9133198906888225], "centroid": [1.496263505938418, 1.516141770329387, 0.0149649583183602], "normalizedAxes": [-0.1571926325559616, 0.9875679612159729, 2.1928413778481934e-16, 0, -2.220446049250313e-16, 1, 0.9875679612159729, 0.1571926325559616, 3.490377599301411e-17]}, "segments": [32701, 13077, 72302, 463, 11977, 12291, 25614, 44858, 45544, 46046, 46079, 46165, 48684, 48685, 49596, 49686, 51784, 52320, 52809, 52915, 53029, 53050, 54240, 54574, 54905, 54906, 59337, 60860, 72862, 72866, 74711, 45563, 72053, 40, 85, 785, 839, 978, 1107, 12021, 12055, 12074, 12080, 12415, 12431, 12572, 12577, 16814, 19957, 22673, 26543, 26567, 31480, 32936, 32975, 32993, 32997, 33053, 33081, 34378, 35662, 35663, 35698, 35941, 35945, 36665, 36673, 36718, 36719, 36740, 36761, 36796, 36825, 38669, 38737, 48800, 49506, 49524, 49531, 51080, 54303, 54513, 55032, 55192, 55243, 55405, 55456, 59324, 61695, 62586, 63095, 63720, 63856, 63863, 63864, 63904, 70277, 70280, 70413, 70416, 70420, 71572, 72566, 72855, 73014, 73318, 73728, 8784, 7809, 48835, 44769], "label": "wall"}, {"objectId": 11, "id": 11, "partId": 11, "index": 10, "dominantNormal": [0.1528819352388382, -0.9882444739341736, -2.1943435378405897e-16], "obb": {"axesLengths": [2.3432878860041897, 1.5871950033188973, 0.21189902972437397], "centroid": [-0.021956960979231888, 3.29264995722474, 0.5359524573545333], "normalizedAxes": [0.9882444739341736, 0.1528819352388382, 3.394660891028205e-17, 0, -2.220446049250313e-16, 1, 0.1528819352388382, -0.9882444739341736, -2.1943435378405897e-16]}, "segments": [18819, 14801, 43349, 31823, 8744, 26787, 12345, 24815, 44789, 22443, 24787, 24828, 24855, 26169, 32214, 32259, 32335, 32968, 35336, 36192, 36265, 36778, 36785, 37072, 43005, 43124, 43127, 44088, 44097, 44119, 44126, 44215, 44274, 44709, 44737, 47777, 54624, 58764, 60635, 60948, 61650, 67391, 67420, 67443, 17067], "label": "wall"}, {"objectId": 12, "id": 12, "partId": 12, "index": 11, "dominantNormal": [0.12436673045158386, -0.992236316204071, -2.203207208238014e-16], "obb": {"axesLengths": [0.564433863519228, 0.8799999681115154, 0.012134040486863855], "centroid": [-0.6694502941527067, 3.2047393984131056, 0.5099999436736109], "normalizedAxes": [0.992236316204071, 0.12436673790216446, 2.7614963183301024e-17, 0, -2.220446049250313e-16, 1, 0.12436673790216446, -0.992236316204071, -2.203207208238014e-16]}, "segments": [23328], "label": "picture"}, {"objectId": 13, "id": 13, "partId": 13, "index": 12, "dominantNormal": [0.22411632537841797, -0.974562406539917, -2.1639632453494362e-16], "obb": {"axesLengths": [0.7777349127310661, 0.5200000009685752, 0.1322779282519604], "centroid": [0.5826480798501116, 3.364502560025706, 0.2899999600276346], "normalizedAxes": [0.974562406539917, 0.22411632537841797, 4.9763820925900586e-17, 0, -2.220446049250313e-16, 1, 0.22411632537841797, -0.974562406539917, -2.1639632453494362e-16]}, "segments": [42988, 43175], "label": "picture"}, {"objectId": 15, "id": 15, "partId": 15, "index": 13, "dominantNormal": [0.9848189353942871, 0.1735847294330597, 3.8543552667982193e-17], "obb": {"axesLengths": [2.173183457902561, 2.706029950692579, 0.405299994666899], "centroid": [-2.858132675348303, 0.8971456855174782, -0.08301506192203556], "normalizedAxes": [-0.1735847145318985, 0.9848189353942871, 2.1867373143231441e-16, 0, -2.220446049250313e-16, 1, 0.9848189353942871, 0.1735847145318985, 3.854354935925974e-17]}, "segments": [72386, 3964, 72895, 48381, 61416, 46216, 65951, 38879, 34674, 66029, 42333, 27204, 32521, 39243, 39220, 27193, 66524, 65644, 41894, 64982, 64765, 46439, 344, 367, 2969, 4383, 4493, 4525, 4543, 5243, 5245, 5264, 7283, 8823, 8844, 8854, 9266, 9739, 10140, 10893, 10895, 10909, 20216, 20251, 20277, 20280, 20284, 20308, 23465, 26639, 26645, 26681, 26699, 28589, 29203, 29207, 29256, 29307, 29317, 29327, 30300, 30316, 30319, 30365, 31842, 32747, 32809, 34894, 37342, 37348, 37366, 37407, 37410, 37542, 38245, 39661, 41153, 41207, 41217, 41223, 42290, 42360, 42366, 42853, 46131, 48409, 48540, 51463, 51487, 52430, 52473, 52576, 52594, 52691, 52695, 53744, 53749, 53781, 53791, 53813, 54022, 54026, 54055, 54066, 55448, 55450, 56117, 59388, 60469, 60476, 61092, 61095, 61386, 61528, 61745, 61752, 61757, 61758, 61763, 61910, 61913, 61916, 63755, 63996, 63998, 64004, 64009, 64780, 65617, 65928, 65974, 66024, 66420, 66682, 66687, 66690, 66692, 68198, 71475, 71478, 71494, 71498, 72869, 72956, 74612, 75068, 75097, 75235, 75245, 75287, 75310, 75315, 75508, 1011, 1244, 1246, 55467, 35601, 35883, 35946, 48123, 66195, 65922, 51431, 5294, 5201, 62506, 1087, 1232, 1340, 1381, 2155, 4197, 4569, 5397, 7289, 7772, 10245, 10925, 35829, 36299, 53595, 56003, 56112, 56133, 57161, 57683, 73739, 74577, 74586, 74983, 74998, 2939, 55624, 62867, 37203, 46465, 65267, 33360, 46450, 33502, 3926, 65009, 62920, 1970, 2958, 1420, 1429, 1447, 1461, 2184, 2218, 2219, 2247, 3303, 4102, 4140, 4145, 4554, 4570, 4585, 4618, 4620, 4623, 4644, 4652, 4672, 5097, 5126, 5393, 5530, 7480, 7668, 9773, 20204, 25816, 25993, 27482, 27522, 27526, 28683, 28714, 28722, 28732, 28733, 28780, 33387, 33465, 33472, 35083, 35085, 39586, 40660, 40698, 40699, 44309, 44310, 53122, 55486, 55487, 55501, 55665, 55899, 55902, 55969, 56041, 60887, 60895, 60936, 61189, 61538, 61655, 62838, 62858, 62972, 65000, 65101, 65172, 65182, 65201, 65217, 67482, 68254, 68259, 68261, 73979, 74600, 33483, 33481], "label": "curtain"}, {"objectId": 16, "id": 16, "partId": 16, "index": 14, "dominantNormal": [0.7293330430984497, 0.6841588020324707, 1.5191377090328266e-16], "obb": {"axesLengths": [0.35727442373121565, 0.3672970004238857, 0.3491342425336371], "centroid": [-2.7802213366440003, 1.726807977768312, 0.04556946168312037], "normalizedAxes": [-0.6841588020324707, 0.7293330430984497, 1.619444674135661e-16, 0, -2.220446049250313e-16, 1, 0.7293330430984497, 0.6841588020324707, 1.5191377090328266e-16]}, "segments": [33247, 33266, 33192, 33153, 33237, 63205, 33252, 34469, 39742, 63187, 63189, 64892], "label": "lamp"}, {"objectId": 17, "id": 17, "partId": 17, "index": 15, "dominantNormal": [0.9324173331260681, 0.3613832890987396, 8.024320965443801e-17], "obb": {"axesLengths": [1.0046204715408504, 2.6388699418558925, 0.701097436789129], "centroid": [-2.5284064363162, -0.49143412843125134, -0.049435057503692814], "normalizedAxes": [-0.3613832890987396, 0.9324173331260681, 2.070382383592291e-16, 0, -2.220446049250313e-16, 1, 0.9324173331260681, 0.3613832890987396, 8.024320965443801e-17]}, "segments": [52966, 55563, 3745, 3814, 3326, 5793, 3728, 55362, 55458, 55507, 73310, 73200, 3267, 3490, 4819, 4878, 5072, 5533, 5633, 5831, 6004, 6936, 55364, 55367, 55379, 55460, 55464, 55483, 55484, 55504, 6434, 71434, 1598, 3519, 6539, 6545, 6555, 6816, 6848, 6895, 6979, 7138, 51916, 51929, 51959, 55587, 55599, 55778, 72778, 73223, 73228, 3170, 32120, 39396, 51293, 51928, 52019, 55604, 72633, 72720, 6697, 72587, 1627, 1695, 3052, 4956, 4985, 5007, 7361, 7446, 7447, 7467, 7477, 7577, 32783, 52084, 52163, 52899, 53531, 53624, 55818, 56499, 56504, 71071, 71185, 72636, 72673, 72766, 72771, 74876, 74912, 74934, 74972, 74975, 50600, 3039, 4319, 36288, 36291, 50577, 50617, 50785, 52258, 62575, 63723, 71064, 71067, 71075, 71188, 74909, 73271, 3568, 32750, 3587, 72663, 53600, 52129, 74835, 1597, 1623, 1646, 3243, 3258, 3447, 3476, 3538, 3688, 4636, 7278, 7306, 7312, 7313, 7319, 7352, 7374, 7411, 7486, 7554, 7566, 7571, 7642, 31246, 32718, 32810, 32840, 36351, 36382, 36388, 51831, 51895, 51934, 52132, 52950, 53489, 53490, 53509, 55514, 56468, 56496, 63771, 63792, 72630, 72744, 72759, 73475, 74723, 74823, 74883, 75015, 5164, 36423, 51342], "label": "showcase"}, {"objectId": 18, "id": 18, "partId": 18, "index": 16, "dominantNormal": [0.11788076162338257, -0.9930277466773987, -2.2049645369057706e-16], "obb": {"axesLengths": [0.7383905891129524, 0.5886570083650122, 0.3519542420293461], "centroid": [-1.418543550072556, 0.01799809898337701, -0.9210915154719765], "normalizedAxes": [0.9930277466773987, 0.11788076162338257, 2.6174787142925775e-17, 0, -2.220446049250313e-16, 1, 0.11788076162338257, -0.9930277466773987, -2.2049645369057706e-16]}, "segments": [21092, 21097, 71174, 18008, 17124, 17153, 24520, 58649, 60676, 60707, 21849, 21130, 18009, 60722, 50414, 60708, 41328, 17248, 21686, 24578, 24597, 40137, 40155, 50553, 59910, 64921, 65678, 65704, 65740, 71023, 71035, 71049, 24467, 21702, 64924, 17120, 60733, 21123, 71006, 21825, 71136], "label": "shelf"}, {"objectId": 19, "id": 19, "partId": 19, "index": 17, "dominantNormal": [0.9908784627914429, 0.13475851714611053, 2.992240169999117e-17], "obb": {"axesLengths": [2.4231027530833615, 2.6861599083358056, 0.29776782993703793], "centroid": [-2.9265475247520443, 1.0070756471053381, 0.026919980863034265], "normalizedAxes": [-0.13475851714611053, 0.9908784627914429, 2.2001921679924827e-16, 0, -2.220446049250313e-16, 1, 0.9908784627914429, 0.13475851714611053, 2.992240169999117e-17]}, "segments": [8852, 20223, 29155, 29151, 30285, 75366, 75332, 47618, 47607], "label": "wall"}, {"objectId": 21, "id": 21, "partId": 21, "index": 18, "dominantNormal": [0.25416630506515503, -0.9671605229377747, -2.1475277621480485e-16], "obb": {"axesLengths": [0.29035545464863105, 0.2600000442564476, 0.057760465317823785], "centroid": [0.7325227692437524, 3.451630102350238, 0.9399999672919503], "normalizedAxes": [0.9671605229377747, 0.25416630506515503, 5.643625679344733e-17, 0, -2.220446049250313e-16, 1, 0.25416630506515503, -0.9671605229377747, -2.1475277621480485e-16]}, "segments": [23035], "label": "clock"}, {"objectId": 22, "id": 22, "partId": 22, "index": 19, "dominantNormal": [0, -2.220446049250313e-16, 1], "obb": {"axesLengths": [0.5876328168577593, 0.31583598481485237, 0.3185793631943709], "centroid": [0.736096769617403, 3.3569395271368365, -0.14791803197000952], "normalizedAxes": [0.9720868468284607, 0.23462127149105072, 5.209638753523887e-17, 0, -2.220446049250313e-16, 1, 0.23462127149105072, -0.9720868468284607, -2.1584663985684498e-16]}, "segments": [71520, 69638, 35921, 71556, 47778], "label": "printer"}, {"objectId": 23, "id": 23, "partId": 23, "index": 20, "dominantNormal": [0.9915515184402466, 0.12971355020999908, 2.880219400980246e-17], "obb": {"axesLengths": [0.40073908892752924, 0.32597004638679206, 0.30350149786225167], "centroid": [1.020104536512582, 2.732467528620559, -1.1929850106764215], "normalizedAxes": [-0.12971355020999908, 0.9915515184402466, 2.2016866517487945e-16, 0, -2.220446049250313e-16, 1, 0.9915515184402466, 0.12971355020999908, 2.880219400980246e-17]}, "segments": [12590, 12669, 12624, 12637, 12650, 34356, 57724, 12667, 57728], "label": "trash can"}, {"objectId": 24, "id": 24, "partId": 24, "index": 21, "dominantNormal": [0.98880535364151, 0.14921124279499054, 3.31315514567866e-17], "obb": {"axesLengths": [0.8724333187350958, 0.7212309955530385, 0.06748982037051911], "centroid": [1.2639824913492268, 1.9384195669489275, 0.330615460002075], "normalizedAxes": [-0.14921124279499054, 0.98880535364151, 2.1955889409708496e-16, 0, -2.220446049250313e-16, 1, 0.98880535364151, 0.14921124279499054, 3.31315514567866e-17]}, "segments": [50579], "label": "board"}, {"objectId": 25, "id": 25, "partId": 25, "index": 22, "dominantNormal": [0.7458130717277527, 0.6661552786827087, 1.479161856738262e-16], "obb": {"axesLengths": [0.3513972476820183, 0.26609199644419546, 0.1692954487623265], "centroid": [1.1146472119728938, 1.55512513921432, -0.27695402815295767], "normalizedAxes": [-0.6661552786827087, 0.7458130717277527, 1.6560376885971288e-16, 0, -2.220446049250313e-16, 1, 0.7458130717277527, 0.6661552786827087, 1.479161856738262e-16]}, "segments": [54133, 54173, 55086, 54247, 54378, 54413, 55095, 55099, 55161, 55191, 55208, 55260, 70434, 70435, 70571, 70576, 73150, 73706, 55252, 73153, 55257, 54357, 55114, 55150, 55155, 70437, 73084, 74954, 54321, 54382, 70432, 55159, 55148], "label": "organizer"}, {"objectId": 26, "id": 26, "partId": 26, "index": 23, "dominantNormal": [0.9666579961776733, 0.2560710310935974, 5.685919093192325e-17], "obb": {"axesLengths": [0.18027246819357712, 0.11397298915744591, 0.08729618723161084], "centroid": [0.9146272913688438, 1.8685766923774876, -0.3330135215145318], "normalizedAxes": [-0.2560710310935974, 0.9666579961776733, 2.146411928588939e-16, 0, -2.220446049250313e-16, 1, 0.9666579961776733, 0.2560710310935974, 5.685919093192325e-17]}, "segments": [75027], "label": "napkins"}, {"objectId": 27, "id": 27, "partId": 27, "index": 24, "dominantNormal": [-0.11393285542726517, -0.9934884309768677, -2.2059874615384782e-16], "obb": {"axesLengths": [1.4383025952948716, 0.5379079776724878, 0.23704081386703899], "centroid": [0.44038844897396445, 1.412487261808649, 0.2989539483795909], "normalizedAxes": [0.9934884309768677, -0.11393285542726517, -2.5298175871327803e-17, 0, -2.220446049250313e-16, 1, -0.11393285542726517, -0.9934884309768677, -2.2059874615384782e-16]}, "segments": [7676, 7746, 55817, 55821, 55824, 7887, 7895, 7620, 7473, 7490, 12463, 12483, 57715, 69393, 69368, 7322, 42299, 47241, 55893, 7378, 47310, 55895, 8325, 42108, 47344, 55890, 69438], "label": "decoration"}, {"objectId": 29, "id": 29, "partId": 29, "index": 25, "dominantNormal": [0, -2.220446049250313e-16, 1], "obb": {"axesLengths": [0.326141605986408, 0.26151498567651976, 0.31176165402753925], "centroid": [0.7247008489038792, 1.598940825526162, 0.42876246171975474], "normalizedAxes": [0.9830558896064758, 0.18330614268779755, 4.070214003344342e-17, 0, -2.220446049250313e-16, 1, 0.18330614268779755, -0.9830558896064758, -2.1828225662689512e-16]}, "segments": [69351, 42223, 33102, 35529, 35542, 47301, 47206, 65755, 69357, 69433], "label": "light"}, {"objectId": 31, "id": 31, "partId": 31, "index": 26, "dominantNormal": [0.8426757454872131, -0.5384213924407959, -1.1955356536770176e-16], "obb": {"axesLengths": [0.14839444111603786, 0.1482080188049073, 0.13810973032430343], "centroid": [-1.4977656062355216, 0.49219515393641033, -0.4819420263482186], "normalizedAxes": [0.5384213924407959, 0.8426757454872131, 1.8711160298661447e-16, 0, -2.220446049250313e-16, 1, 0.8426757454872131, -0.5384213924407959, -1.1955356536770176e-16]}, "segments": [50890, 50959, 71219, 50906, 50962], "label": "teapot"}, {"objectId": 32, "id": 32, "partId": 32, "index": 27, "dominantNormal": [0.9992197751998901, 0.03949415683746338, 8.76946445182178e-18], "obb": {"axesLengths": [0.361730553950865, 0.3424400014629958, 0.19475684518480993], "centroid": [-1.380746138219248, 1.0651587149033241, -0.39487603355476275], "normalizedAxes": [-0.03949416056275368, 0.9992197751998901, 2.218713602175382e-16, 0, -2.220446049250313e-16, 1, 0.9992197751998901, 0.03949416056275368, 8.769465279002392e-18]}, "segments": [16189, 13377, 29644, 13348, 60784, 13119, 13189, 13195, 13197, 13235, 13244, 57821, 57883, 57885, 60413, 60811], "label": "monitor"}, {"objectId": 33, "id": 33, "partId": 33, "index": 28, "dominantNormal": [0, -2.220446049250313e-16, 1], "obb": {"axesLengths": [5.723823500040991, 0.9889499920096245, 3.9247176112131408], "centroid": [-0.5567113863989652, 2.072174480430968, 1.740794938263409], "normalizedAxes": [0.9660352468490601, -0.2584104537963867, -5.737864712171675e-17, 0, -2.220446049250313e-16, 1, -0.2584104537963867, -0.9660352468490601, -2.1450291473025464e-16]}, "segments": [16960, 64735, 27293, 21221, 17033, 3397, 17270, 23097, 24655, 17040, 17046, 17059, 23089, 58638, 58642, 60815, 60822, 59687, 18135, 57511, 18928, 18129, 23849, 70052, 44301, 447, 466, 512, 545, 619, 848, 851, 905, 1592, 1595, 1771, 2127, 5130, 8027, 8504, 8507, 8518, 8540, 8602, 10349, 13670, 15274, 15608, 16327, 16429, 16449, 16466, 16477, 16574, 16629, 16721, 16759, 16883, 16895, 16920, 16932, 16950, 17103, 17285, 17354, 17373, 17400, 17586, 17636, 17655, 18078, 18233, 18241, 18255, 18259, 18265, 18781, 18812, 18898, 19005, 19008, 19016, 20340, 20435, 21303, 21346, 21349, 21354, 21393, 21400, 21413, 21428, 22927, 23045, 23066, 23242, 23278, 23280, 23290, 23306, 23327, 23331, 23409, 23416, 23433, 23545, 23619, 23692, 24126, 25449, 25469, 25478, 25502, 25532, 25568, 25753, 26191, 26239, 26260, 26261, 26272, 26374, 26872, 26879, 26904, 26920, 26951, 26958, 26966, 27054, 27094, 27102, 27140, 27168, 27179, 28059, 28103, 28116, 28124, 28141, 28166, 28172, 28178, 28483, 28488, 28506, 28540, 28543, 30959, 30982, 31032, 31157, 32289, 32299, 32302, 32315, 32322, 32344, 32363, 33313, 35162, 35181, 35211, 35262, 42755, 44187, 44246, 44463, 44869, 44898, 44905, 44927, 46505, 46579, 46598, 46669, 46675, 47025, 48593, 48604, 48620, 48622, 48690, 48712, 48911, 48930, 48932, 48933, 48935, 48969, 48985, 49003, 49018, 49038, 49083, 49144, 49171, 49206, 49238, 55357, 55358, 56555, 56557, 56582, 56590, 56802, 57062, 57589, 57616, 58759, 58762, 59492, 59699, 59773, 59805, 59825, 59856, 60416, 60855, 60858, 61114, 61118, 61134, 61140, 61151, 61289, 61294, 61296, 61300, 61306, 61645, 63510, 63546, 64101, 64188, 64897, 64903, 65771, 66715, 66757, 66794, 66847, 66875, 66892, 66900, 66902, 66917, 66920, 66968, 66981, 67622, 67633, 67667, 67672, 67676, 70029, 70074, 70117, 70133, 70135, 70138, 70145, 70148, 70152, 75022, 8068, 7962, 7862, 7906, 7931, 8546, 8556, 8558, 8639, 8646, 8651, 8657, 8689, 8826, 8863, 9241, 9284, 9331, 9351, 9361, 9454, 9509, 9920, 10203, 17358, 17361, 17420, 41592, 47125, 55920, 55939, 55945, 56523, 58755, 59488, 61160, 65765, 10088, 7920, 8043, 8049, 9287, 9338, 9696, 9720, 9875, 10032, 10147, 10172, 55981, 56000, 9793, 8093, 8406, 8378, 8422, 8476, 8677, 8729, 10386, 10401, 10415, 10425, 10433, 15315, 15377, 15379, 15420, 15462, 15663, 15667, 15774, 15781, 15819, 15823, 15826, 15835, 15875, 15913, 15967, 15973, 15986, 16009, 16014, 16141, 16142, 16148, 16160, 16185, 16205, 16221, 16227, 16232, 16254, 16280, 16768, 16807, 16824, 16888, 17299, 17345, 17384, 17410, 17535, 17562, 17576, 17594, 17596, 17610, 17613, 18303, 19054, 19058, 41940, 41944, 41953, 41971, 41977, 41996, 42040, 42055, 48753, 56806, 56819, 56830, 56832, 56931, 56946, 56954, 56994, 56999, 57029, 57031, 57036, 57150, 57182, 57184, 57193, 57194, 57323, 65796, 65799, 65828, 65840, 65844, 65846, 65862, 65866, 65867, 65874, 75020, 8375, 8696, 8125, 8137, 8193, 8286, 8296, 8351, 8661, 16040, 56526, 56980, 22985, 30604, 75154, 30417, 30409, 54123, 53864, 52501, 622, 30389, 53881, 53904, 53906, 53916, 54774, 54806, 54832, 17035, 17007, 21539, 17492, 30496, 2266, 53194, 2137, 3080, 46847, 46905, 46910, 69234, 2108, 13038, 13062, 21247, 28637, 30242, 30246, 30256, 31171, 31219, 46862, 46865, 46949, 75144], "label": "ceiling"}, {"objectId": 34, "id": 34, "partId": 34, "index": 29, "dominantNormal": [0.9890674352645874, -0.1474640667438507, -3.274360044077678e-17], "obb": {"axesLengths": [0.34656698167101285, 0.45800699760004115, 0.21471407369418014], "centroid": [1.1395667985930686, 2.2918404446606617, 0.5209964453206246], "normalizedAxes": [0.1474640816450119, 0.9890674352645874, 2.196170879075393e-16, 0, -2.220446049250313e-16, 1, 0.9890674352645874, -0.1474640816450119, -3.274360374949923e-17]}, "segments": [51631, 29941, 29977, 30000, 30008, 37716, 37761, 37814, 37850, 37853, 38742, 64170, 37830], "label": "picture"}, {"objectId": 35, "id": 35, "partId": 35, "index": 30, "dominantNormal": [0.6749981641769409, -0.7378194332122803, -1.638288245536313e-16], "obb": {"axesLengths": [0.3112352942889533, 0.44849397729723184, 0.07814926113370596], "centroid": [1.1521842250355452, 2.0247158006925723, 0.5142469347064118], "normalizedAxes": [0.7378194332122803, 0.6749981641769409, 1.4987970068979027e-16, 0, -2.220446049250313e-16, 1, 0.6749981641769409, -0.7378194332122803, -1.638288245536313e-16]}, "segments": [38628, 51098, 25697, 50767], "label": "picture"}, {"objectId": 38, "id": 38, "initialPoint": [-1.3325877071301202, 0.360878811319441, -0.2804283916785384], "index": 31, "dominantNormal": [0.24686825275421143, -0.9690490365028381, -2.1517211046325494e-16], "obb": {"axesLengths": [0.22541550554749007, 0.2867269898937569, 0.11712216502299591], "centroid": [-1.4298650088428138, 0.3344259908989269, -0.2692845273177813], "normalizedAxes": [0.9690490365028381, 0.24686823785305023, 5.48157603426192e-17, 0, -2.220446049250313e-16, 1, 0.24686823785305023, -0.9690490365028381, -2.1517211046325494e-16]}, "segments": [29184, 71210, 29217, 71197, 60268, 60272, 29263, 60255, 7240, 29250, 60260], "partId": 38, "label": "lamp"}], "scan_id": "20c993c1-698f-29c5-86b8-50a2a0907e2b", "annId": "4491", "appId": "stk.v1"}