{"segGroups": [{"objectId": 12, "id": 12, "partId": 12, "index": 0, "dominantNormal": [0, -2.220446049250313e-16, 1], "obb": {"axesLengths": [0.4526093444295856, 0.2728289900832846, 0.49852634910626226], "centroid": [-0.902629671101639, -1.0248415897174536, -1.123435511288743], "normalizedAxes": [-0.27891477942466736, 0.9603158831596375, 2.1323296087941422e-16, 0, -2.220446049250313e-16, 1, 0.9603158831596375, 0.27891477942466736, 6.193152200510251e-17]}, "segments": [75265, 23076, 75337, 2773, 23976, 75301, 23113, 75350, 26112, 2865, 2819, 2829, 75368, 75374, 75316], "label": "coffee table"}, {"objectId": 13, "id": 13, "partId": 13, "index": 1, "dominantNormal": [0, -2.220446049250313e-16, 1], "obb": {"axesLengths": [0.4389326100812058, 0.1428949800976742, 0.42753740997270556], "centroid": [-2.864065020443511, 0.07964161641130563, -1.0475524522911208], "normalizedAxes": [-0.4915441870689392, 0.8708526492118835, 1.9336813244216956e-16, 0, -2.220446049250313e-16, 1, 0.8708526492118835, 0.4915441870689392, 1.0914473482091829e-16]}, "segments": [18956, 85659, 85662, 19026, 62457, 85690, 62355, 85685, 85649], "label": "coffee table"}, {"objectId": 14, "id": 14, "partId": 14, "index": 2, "dominantNormal": [0, -2.220446049250313e-16, 1], "obb": {"axesLengths": [0.5589040439236758, 0.2778589663388063, 0.4559913594894406], "centroid": [-3.9634162438280063, 0.35944244871895625, -1.1177104554837092], "normalizedAxes": [0.4128512740135193, 0.9107984304428101, 2.0223787765401237e-16, 0, -2.220446049250313e-16, 1, 0.9107984304428101, -0.4128512740135193, -9.167139803112773e-17]}, "segments": [70385, 62320, 62402, 69610, 87062, 87065, 87072, 87776, 68015, 68064, 68068, 68073, 68105, 68186, 68220, 68463, 70147, 86944, 86962, 87015, 87027, 87003, 67964, 87184, 21875, 62241, 87937, 21868, 87945], "label": "coffee table"}, {"objectId": 15, "id": 15, "partId": 15, "index": 3, "dominantNormal": [0, -2.220446049250313e-16, 1], "obb": {"axesLengths": [0.9877565637642635, 0.39453994345948207, 1.016462643931788], "centroid": [-3.260289767942244, 1.2942486093853978, -1.2083499850701542], "normalizedAxes": [0.38164061307907104, 0.9243108034133911, 2.052382271718647e-16, 0, -2.220446049250313e-16, 1, 0.9243108034133911, -0.38164061307907104, -8.474123915448907e-17]}, "segments": [62072, 85629, 61726, 61352, 61605, 61729, 61945, 62478, 61441, 57105, 60384, 58257, 61476, 61481, 61499, 61518, 61749, 61751, 61755, 61811, 61827, 85455, 85459, 85462, 85599, 85617, 61768, 61679], "label": "puf"}, {"objectId": 16, "id": 16, "partId": 16, "index": 4, "dominantNormal": [0, -2.220446049250313e-16, 1], "obb": {"axesLengths": [1.027189528405605, 0.3911099346479041, 1.0426094648653061], "centroid": [-1.1385612648083467, 0.10680751732106086, -1.220394951021784], "normalizedAxes": [0.5708093047142029, 0.8210826516151428, 1.823169729886815e-16, 0, -2.220446049250313e-16, 1, 0.8210826516151428, -0.5708093047142029, -1.26745126552797e-16]}, "segments": [10971, 34444, 45838, 73554, 34483, 5099, 5120, 5131, 7560, 33532, 39034, 73416, 76102, 39048, 39560], "label": "puf"}, {"objectId": 17, "id": 17, "partId": 17, "index": 5, "dominantNormal": [0, -2.220446049250313e-16, 1], "obb": {"axesLengths": [7.294036914665462, 1.6852499167937793, 1.8326564088067285], "centroid": [-3.9499507559054376, 3.490069536273169, -0.5726249630162499], "normalizedAxes": [0.9684692621231079, -0.24913311004638672, -5.531866299399429e-17, 0, -2.220446049250313e-16, 1, -0.24913311004638672, -0.9684692621231079, -2.1504337469016208e-16]}, "segments": [65923, 86064, 65324, 66341, 56816, 42586, 8311, 23711, 23781, 23819, 63922, 64835, 86029, 24154, 2246, 3771, 3777, 7072, 23721, 23783, 23804, 32128, 32221, 44613, 44620, 59689, 59943, 72513, 7035, 32514, 29625, 39426, 2343, 3755, 5142, 5161, 7053, 9704, 9771, 13332, 29480, 29925, 30460, 30473, 30589, 31253, 31741, 32048, 32198, 32388, 32417, 35076, 35098, 35361, 35619, 35681, 35717, 35750, 35759, 36082, 36195, 36699, 36754, 36837, 36861, 36894, 36900, 36918, 36924, 36940, 36976, 36996, 36999, 37064, 37095, 37128, 37658, 37696, 37704, 38088, 38218, 38238, 38258, 38320, 38633, 38706, 39015, 39146, 39176, 39242, 39839, 40151, 42265, 42473, 42510, 42966, 43001, 43034, 43071, 43105, 43114, 43148, 43168, 43182, 43197, 43252, 43273, 43281, 43283, 43325, 43424, 43434, 43452, 43475, 43520, 44514, 60177, 60717, 60726, 60741, 60746, 60749, 63882, 63900, 63903, 73060, 75754, 75757, 75760, 75763, 75767, 76313, 76317, 76319, 76322, 76325, 76328, 76330, 76334, 76343, 76347, 76355, 76372, 76508, 76515, 76519, 76532, 76608, 76762, 76793, 77040, 77145, 77148, 77258, 77340, 77343, 77350, 77436, 77449, 77487, 77498, 77507, 77537, 77540, 78989, 78999, 79043, 79047, 79074, 79076, 79078, 79080, 79086, 79090, 79099, 79117, 80839, 85766, 41283, 61150, 79822, 48708, 8019, 8133, 8165, 20820, 20831, 20836, 20921, 20930, 20953, 20998, 21043, 21055, 21071, 21899, 21934, 21947, 21949, 33853, 34322, 43535, 43578, 43990, 44048, 44074, 44082, 44091, 44104, 44105, 44520, 44555, 45625, 45652, 51883, 51972, 53103, 53731, 53794, 54584, 55538, 56356, 59753, 60492, 60495, 60506, 60539, 60543, 60559, 64633, 74335, 74358, 74629, 74632, 74674, 75588, 79015, 79326, 79328, 79388, 79560, 81315, 82014, 82141, 84836, 85189, 87440, 8513, 3149, 7280, 7859, 8056, 8082, 8083, 8099, 8120, 8191, 25764, 47252, 48229, 48740, 51482, 51502, 51634, 51637, 51667, 51679, 73048, 80279, 82143, 82154, 82160, 82170, 82172, 82245, 82453, 85057, 85227, 85342, 51701, 8823, 2881, 2896, 2926, 2953, 3035, 4248, 4320, 4350, 4351, 4359, 4368, 4413, 4416, 7777, 72666, 2883, 2913, 3005, 3220, 3264, 4847, 4882, 43106, 59800, 195, 222, 474, 952, 1483, 1532, 1863, 3712, 5965, 7221, 7228, 7247, 7257, 7281, 7293, 7584, 7922, 8017, 10048, 10087, 10103, 10121, 10722, 10733, 11460, 11496, 11497, 11535, 11536, 11568, 11580, 11591, 11649, 11669, 11691, 11700, 11715, 11723, 14911, 14977, 14996, 21903, 21952, 21956, 26690, 26703, 26746, 26784, 28193, 29751, 31124, 31130, 31155, 31187, 31214, 31218, 32841, 32867, 33091, 33162, 33241, 35885, 35923, 36188, 36243, 36290, 36315, 36339, 36345, 38831, 40010, 40064, 40077, 40166, 40214, 40232, 40292, 40314, 40333, 40356, 40378, 40421, 41502, 41510, 42776, 42901, 43685, 43696, 44498, 45718, 45767, 45811, 45909, 45923, 45935, 45944, 45960, 45969, 45975, 46298, 46330, 46336, 47571, 47585, 49831, 51371, 51378, 52937, 52945, 55652, 57422, 58158, 58171, 58180, 58183, 58223, 58231, 58239, 58255, 60046, 60757, 60882, 60889, 60917, 60961, 60974, 60978, 61014, 61105, 61113, 61243, 61268, 61282, 63038, 63452, 63463, 63937, 64085, 64227, 64404, 64592, 65521, 66933, 66958, 66966, 67034, 67048, 67431, 67441, 67558, 67743, 67769, 67771, 67795, 69115, 69121, 69134, 69254, 71439, 71479, 72188, 72521, 72829, 73051, 73290, 73292, 73294, 73430, 73435, 73443, 73445, 73448, 73450, 75673, 75868, 76662, 77931, 77945, 79400, 79442, 79543, 79545, 79579, 79582, 79584, 79585, 79590, 79592, 79685, 79688, 79937, 79961, 80143, 80224, 80289, 80318, 80319, 80779, 80812, 80857, 80985, 80988, 80991, 81444, 84189, 84198, 84209, 84214, 84220, 84222, 84229, 84236, 85015, 85016, 85018, 85022, 85037, 85166, 85194, 85284, 85310, 85327, 86543, 86547, 86639, 86918, 86931, 87560, 87562, 87565, 87567, 87585, 87589, 50846, 10062, 1554, 1812, 1876, 1938, 4446, 10015, 10023, 10032, 10035, 10039, 10194, 10197, 10495, 10496, 10516, 10526, 32823, 33341, 33837, 36077, 36083, 36116, 36170, 38892, 39964, 40243, 41628, 41658, 41667, 42499, 44626, 45464, 45485, 45486, 45502, 45513, 45908, 46226, 46281, 46447, 47472, 47475, 47618, 51992, 58101, 58102, 61049, 61060, 61211, 65492, 65507, 65514, 65646, 65678, 65681, 67362, 67398, 67415, 67910, 72163, 75897, 77914, 79397, 79399, 79423, 79471, 79614, 79666, 79959, 81127, 81280, 81441, 83757, 84176, 84180, 86167, 86909, 39920, 36055, 36217, 11952, 39888, 60862, 1508, 1519, 1714, 1994, 2007, 4588, 10167, 10182, 10362, 10393, 10431, 33778, 33798, 33805, 33847, 35190, 40029, 41992, 46630, 50894, 51773, 72168, 73300, 73303, 73308, 73341, 77029, 80140, 81193, 81515, 58931, 52375, 10420, 42069, 80133, 39700, 42075, 42084, 64786, 66982, 79181, 11326, 5019, 5309, 4931, 4224, 4401, 73397], "label": "bench"}, {"objectId": 18, "id": 18, "partId": 18, "index": 6, "dominantNormal": [0.7620657682418823, 0.6474996209144592, 1.4377379751505864e-16], "obb": {"axesLengths": [3.419972080210686, 1.2600000219047056, 0.8440953604573815], "centroid": [0.5881480863950435, 1.376280303709609, -0.8200000136345622], "normalizedAxes": [-0.6474996209144592, 0.7620657682418823, 1.6921259243615923e-16, 0, -2.220446049250313e-16, 1, 0.7620657682418823, 0.6474996209144592, 1.4377379751505864e-16]}, "segments": [35298, 32909, 76675, 981, 55707, 74364, 59665, 57983, 48784, 30742, 28569, 28780, 47390, 48669, 5721, 31969, 12462, 84704, 58019, 49007, 30646, 12656, 1002, 31998, 28803, 59262, 83239, 48583, 15862, 58478, 74964, 59223, 34103, 12652, 12376, 75446, 57630, 71982, 72017, 674, 680, 694, 4247, 4273, 4290, 4336, 4449, 4695, 4734, 11328, 12436, 12475, 12589, 12660, 12679, 13233, 15513, 15605, 15624, 15879, 19943, 20032, 20655, 20743, 20766, 23163, 23169, 26649, 28852, 28887, 29457, 30552, 31862, 34139, 37392, 42443, 42742, 44942, 44948, 44972, 44973, 44978, 44980, 44990, 45062, 45064, 45073, 45077, 45088, 45101, 45104, 45126, 46842, 53663, 53730, 56924, 57997, 58413, 58892, 59140, 59189, 59253, 59575, 59577, 71957, 72003, 72020, 72022, 72025, 72028, 72032, 72037, 72041, 72046, 72049, 72053, 72628, 72629, 72691, 73131, 73135, 73474, 73477, 73481, 73488, 73492, 73499, 73500, 73503, 73510, 73589, 73749, 74298, 74328, 74774, 74776, 74804, 74806, 75532, 76290, 76295, 76303, 76537, 77542, 77544, 77549, 77554, 79142, 80207, 80461, 80649, 80654, 80655, 80658, 80734, 80737, 82958, 82960, 82964, 82967, 82971, 82977, 82979, 84239, 84553, 84560, 84562, 84566, 84569], "label": "bar"}, {"objectId": 19, "id": 19, "partId": 19, "index": 7, "dominantNormal": [0, -2.220446049250313e-16, 1], "obb": {"axesLengths": [0.38554965779164607, 0.07848602357910517, 0.37424169899111215], "centroid": [0.9757699862035132, 0.30334250786823613, -0.6207509889285792], "normalizedAxes": [0.5742297172546387, 0.8186942338943481, 1.817866377194717e-16, 0, -2.220446049250313e-16, 1, 0.8186942338943481, -0.5742297172546387, -1.2750461070401868e-16]}, "segments": [76009, 19701, 84727, 27396, 28742], "label": "stool"}, {"objectId": 20, "id": 20, "partId": 20, "index": 8, "dominantNormal": [0, -2.220446049250313e-16, 1], "obb": {"axesLengths": [0.3937383488499877, 0.08287900501015022, 0.3839489302192465], "centroid": [0.5931798818569494, 0.8969456729885343, -0.6185555114919952], "normalizedAxes": [0.01754477247595787, 0.9998461008071899, 2.2201043243956552e-16, 0, -2.220446049250313e-16, 1, 0.9998461008071899, -0.01754477247595787, -3.895722072923629e-18]}, "segments": [22991, 30848, 45234, 80746, 24582], "label": "stool"}, {"objectId": 21, "id": 21, "partId": 21, "index": 9, "dominantNormal": [0, -2.220446049250313e-16, 1], "obb": {"axesLengths": [0.3845569563935346, 0.09688603661464068, 0.3894886157052925], "centroid": [0.111419894946577, 1.5129495938632305, -0.6114889935816303], "normalizedAxes": [0.7958153486251831, -0.6055393815040588, -1.3445675273261656e-16, 0, -2.220446049250313e-16, 1, -0.6055393815040588, -0.7958153486251831, -1.7670650467875484e-16]}, "segments": [57380, 27226, 52873, 74883, 75737], "label": "stool"}, {"objectId": 22, "id": 22, "partId": 22, "index": 10, "dominantNormal": [0, -2.220446049250313e-16, 1], "obb": {"axesLengths": [0.3835664312573481, 0.11034500352267149, 0.3824241635225935], "centroid": [-0.45986850684032365, 1.9837167749701587, -0.6244324995331656], "normalizedAxes": [0.667297899723053, 0.7447909116744995, 1.6537680373451813e-16, 0, -2.220446049250313e-16, 1, 0.7447909116744995, -0.667297899723053, -1.4816989851130846e-16]}, "segments": [74759, 13189, 22851, 2144, 13174, 13181, 1254], "label": "stool"}, {"objectId": 1, "id": 1, "partId": 1, "index": 12, "dominantNormal": [0, -2.220446049250313e-16, 1], "obb": {"axesLengths": [13.573999006841024, 0.6846999969027935, 6.555644195333207], "centroid": [-2.343426810695817, 0.8046658312375481, -1.4276499522257604], "normalizedAxes": [0.9855034351348877, -0.16965554654598236, -3.7671098806142913e-17, 0, -2.220446049250313e-16, 1, -0.16965554654598236, -0.9855034351348877, -2.1882572090678736e-16]}, "segments": [16194, 88669, 5214, 5228, 5231, 6415, 6619, 6650, 6916, 7325, 7581, 7614, 7677, 7856, 7993, 8792, 9716, 11405, 12109, 12123, 12168, 14937, 15213, 15635, 27825, 46532, 46563, 46710, 46713, 46739, 46747, 46817, 46833, 46877, 46880, 48969, 50377, 50606, 54406, 57825, 59735, 60257, 61416, 63278, 65057, 65086, 65109, 65151, 65155, 65159, 65214, 65854, 65900, 65910, 65925, 69138, 72072, 72078, 72135, 72223, 72626, 72976, 72992, 81199, 81201, 81476, 86030, 86033, 86035, 86201, 6495, 6642, 6720, 8029, 72323, 72487, 54231, 396, 454, 510, 548, 1099, 1104, 1115, 1125, 1142, 2167, 2364, 2393, 2396, 2445, 2451, 2465, 2468, 2493, 2513, 2525, 2532, 2567, 2572, 2575, 2593, 2596, 2610, 2617, 2645, 2714, 2736, 2830, 2853, 3039, 3076, 3116, 3132, 3164, 3179, 3180, 3186, 3189, 3199, 3225, 3228, 3360, 3370, 3477, 3672, 6252, 6340, 6397, 6403, 6431, 6445, 6637, 6694, 6743, 6748, 6777, 6969, 6993, 7155, 7164, 7202, 7299, 7356, 7371, 7380, 7438, 7466, 7508, 7550, 7552, 7564, 7591, 7678, 7742, 7807, 7837, 8076, 8090, 8178, 8179, 8201, 8239, 8267, 8282, 8346, 8359, 8394, 8484, 8524, 8564, 8587, 8674, 8684, 8694, 8702, 8709, 8754, 8759, 9024, 9184, 9229, 9269, 9328, 9331, 9365, 9376, 9395, 9399, 9462, 9464, 9481, 9623, 10405, 10789, 11085, 12347, 12860, 12873, 13239, 13246, 13283, 14776, 15647, 15821, 16009, 16337, 16392, 16593, 17079, 17424, 17438, 18578, 18600, 19973, 20043, 20106, 20114, 20166, 20187, 20194, 20230, 20271, 20279, 20315, 20335, 20341, 20345, 20365, 20389, 20408, 20409, 20419, 20424, 20436, 20446, 20452, 20492, 20508, 21339, 21367, 21372, 21373, 21392, 21436, 21447, 21510, 21520, 21535, 21622, 21691, 21701, 21711, 22286, 23254, 23271, 23275, 23309, 23312, 23335, 23337, 23574, 24235, 24267, 24294, 24312, 24325, 24342, 24402, 24422, 24424, 24430, 24447, 24453, 24456, 24523, 25935, 26447, 26458, 26464, 27435, 27519, 27525, 27531, 27570, 27598, 27603, 27613, 27633, 28215, 28253, 28263, 28270, 28702, 29503, 29507, 30240, 30751, 30985, 31451, 33932, 34226, 34304, 37374, 37388, 37395, 37426, 37443, 37466, 37505, 37539, 37544, 37555, 37597, 37619, 37646, 37656, 38113, 38145, 38273, 38670, 38768, 38798, 38812, 38827, 39336, 39353, 39448, 39639, 39641, 39873, 40185, 40186, 40226, 40415, 40453, 40476, 40570, 40592, 40728, 40736, 40807, 41260, 41266, 41284, 41292, 41404, 41410, 41414, 41462, 42055, 42064, 42087, 42181, 42201, 42332, 42346, 42433, 42435, 42741, 42916, 43372, 44415, 44439, 44442, 44717, 44720, 44771, 44786, 45018, 45208, 45432, 45870, 46374, 46553, 46642, 46811, 47072, 47169, 47187, 48796, 50925, 50931, 50936, 50953, 50967, 52317, 52345, 52712, 52713, 52786, 52834, 52849, 52860, 52861, 53591, 53832, 54111, 54367, 55011, 55232, 55347, 55351, 55372, 55383, 55414, 55422, 55426, 55443, 55451, 55704, 55709, 55733, 55752, 56136, 57177, 57911, 59622, 59635, 59660, 60636, 62851, 62864, 62866, 63171, 63177, 63178, 63748, 63757, 65186, 65265, 65596, 65749, 68907, 68908, 68980, 69050, 69058, 69063, 69070, 69087, 70983, 71037, 71042, 71051, 71056, 71063, 71089, 71466, 71478, 71492, 71497, 71498, 71500, 71523, 71540, 71545, 71547, 71549, 71672, 71678, 71686, 71695, 71701, 71705, 71712, 71734, 71735, 71739, 71757, 71784, 71937, 72058, 72061, 72075, 72081, 72105, 72108, 72125, 72130, 72131, 72142, 72155, 72196, 72225, 72302, 72304, 72310, 72311, 72313, 72318, 72321, 72332, 72349, 72442, 72444, 72471, 72473, 72484, 72490, 72492, 72493, 72797, 72873, 72896, 72966, 73080, 73137, 73153, 73215, 73225, 73229, 73544, 73613, 73617, 73751, 73804, 74153, 74155, 74161, 74162, 74170, 74182, 74198, 74201, 74207, 74218, 74236, 74257, 74263, 74272, 74426, 74429, 74432, 74435, 74442, 74446, 74450, 74453, 74460, 74475, 74492, 74497, 74563, 74813, 74917, 74925, 74926, 74933, 75821, 75827, 75833, 76106, 77331, 77334, 78379, 78396, 78405, 78408, 78467, 78471, 78477, 78613, 78618, 78644, 78654, 78666, 79095, 79365, 79698, 79709, 80389, 80554, 80556, 80564, 80565, 81545, 82051, 82609, 82612, 82616, 82625, 82627, 82630, 82634, 82665, 82671, 83260, 83265, 85732, 85823, 86185, 86197, 87542, 87552, 87553, 87557, 88830, 89350, 89981, 89995, 90370, 91982, 92113, 92139, 92148, 92162, 8803, 3058, 183, 2554, 2673, 3170, 3445, 3639, 3656, 3669, 3688, 3983, 4631, 4822, 4906, 4952, 4965, 6018, 6033, 6043, 6132, 6155, 6166, 6168, 9309, 13219, 15406, 15410, 15411, 15434, 17389, 18438, 18520, 18524, 18526, 18555, 18574, 18580, 18702, 18720, 18724, 18744, 18767, 18768, 18791, 18792, 18805, 18806, 18847, 19509, 19524, 19547, 25076, 25134, 25249, 25250, 25258, 28357, 35419, 43405, 44079, 44296, 44308, 44312, 44691, 44697, 44702, 44755, 44762, 48404, 65055, 65728, 65795, 65828, 67196, 67662, 67699, 67709, 71714, 71788, 71793, 71801, 71803, 71809, 71815, 71938, 72831, 72837, 72841, 73959, 73963, 73977, 73983, 73987, 73991, 73994, 75121, 75900, 77997, 86187, 86207, 86234, 86245, 86263, 86967, 88966, 89691, 91129, 3869, 55, 70, 291, 347, 3521, 9171, 16349, 16538, 16736, 16808, 18498, 18858, 19410, 19417, 25099, 25121, 25208, 25210, 25221, 25243, 25264, 25266, 25274, 36970, 36991, 37054, 44128, 57312, 67228, 67643, 67646, 71433, 74071, 74072, 75115, 75130, 75138, 77992, 78024, 86949, 16461, 6278, 6328, 6330, 6352, 6472, 6529, 14966, 16007, 16292, 16323, 16330, 16447, 16459, 16499, 16502, 16529, 16541, 16625, 16706, 16708, 16724, 16733, 16778, 16782, 17329, 18449, 19484, 19909, 25057, 25100, 25230, 35424, 35473, 35523, 35526, 35554, 36717, 36741, 36898, 37142, 37187, 44246, 73775, 73782, 77602, 78190, 78222, 78230, 78302, 19395, 14079, 14081, 14118, 14122, 14799, 14812, 14821, 14831, 14839, 14865, 14908, 14967, 14987, 15257, 16099, 16124, 16180, 16203, 16243, 16271, 16274, 16275, 16285, 16305, 16310, 16365, 16366, 16373, 16398, 16406, 16411, 16486, 16493, 16515, 16644, 16684, 16786, 16788, 16814, 17248, 17260, 17263, 17272, 17296, 17299, 17778, 17862, 17865, 17866, 17871, 19815, 19888, 19896, 19898, 27858, 35421, 35494, 35504, 35508, 35519, 35564, 35583, 36505, 36532, 36544, 36570, 36580, 36583, 36647, 36695, 36702, 36710, 36712, 36776, 36846, 37011, 37014, 37030, 37041, 37046, 37183, 38545, 48353, 50055, 50216, 50221, 73755, 73756, 73757, 73772, 73796, 73826, 73892, 73898, 73904, 73906, 73908, 73911, 73916, 74146, 74151, 77574, 77599, 77605, 77624, 77628, 77634, 77640, 77648, 77968, 77971, 77988, 78006, 78047, 78228, 81721, 81724, 81729, 90864, 15120, 15180, 15194, 15198, 15228, 15248, 17125, 17143, 17165, 17196, 17203, 17267, 17281, 17822, 17835, 19784, 32432, 32512, 32515, 32574, 32582, 50037, 50048, 50202, 50375, 50472, 50480, 50483, 50575, 73697, 73807, 73883, 73886, 73896, 76614, 76643, 77998, 81785, 29083, 24195, 6919, 12028, 12043, 12068, 12072, 12198, 12224, 15006, 15020, 15022, 15067, 15083, 15111, 15126, 15142, 15150, 15219, 15261, 17253, 17801, 17831, 17909, 17926, 17942, 18008, 18028, 18037, 18051, 18054, 18057, 18062, 18145, 18159, 18164, 18167, 18178, 18190, 19769, 24086, 24613, 24673, 24700, 24708, 24751, 24773, 24775, 24776, 24783, 24795, 24827, 25326, 25378, 25389, 25400, 25424, 25449, 25462, 25465, 25468, 25472, 25480, 25489, 25536, 25547, 25550, 25554, 25571, 25575, 25578, 25593, 25607, 25627, 25646, 25653, 25657, 25660, 25870, 25872, 27267, 27309, 29791, 29798, 29804, 29828, 29901, 29908, 29943, 29944, 29964, 29970, 29976, 29994, 30005, 30008, 30023, 30030, 30035, 30037, 30051, 30072, 30088, 30089, 30100, 30113, 30128, 30132, 30134, 30146, 30309, 30330, 30345, 30359, 30374, 30413, 30435, 30437, 30441, 30507, 31278, 31293, 31299, 31398, 31402, 32236, 32301, 32327, 32449, 32450, 32472, 32482, 32507, 32529, 32537, 32554, 32589, 32594, 32598, 32669, 32679, 32697, 32716, 33094, 33095, 33112, 33142, 33164, 33185, 33187, 33200, 33207, 33208, 33213, 33220, 33228, 33262, 33282, 33287, 33320, 33358, 34562, 34564, 34581, 34586, 35739, 35848, 35856, 35859, 35866, 35904, 36441, 36649, 37805, 38360, 38414, 38477, 38492, 38506, 38531, 38547, 39237, 41279, 48837, 48858, 48881, 48913, 48970, 48973, 48990, 48994, 49002, 49028, 49056, 49083, 49118, 49124, 49208, 49211, 49224, 49233, 49250, 49253, 49255, 49436, 49461, 49470, 49480, 49491, 49497, 49505, 49520, 49538, 49548, 49551, 49558, 49578, 49616, 49651, 49655, 49659, 49660, 49667, 49707, 49737, 49757, 49760, 49797, 49804, 49806, 49890, 49914, 49921, 49942, 49968, 49970, 49993, 50006, 50020, 50073, 50078, 50102, 50125, 50136, 50146, 50162, 50166, 50176, 50299, 50319, 50327, 50329, 50346, 50349, 50467, 50489, 50501, 50512, 50521, 50548, 50550, 50997, 51145, 56715, 56719, 56728, 56732, 56834, 56906, 56911, 56914, 56918, 56943, 56945, 56988, 57015, 57038, 57049, 57488, 57501, 57506, 57507, 57521, 57530, 57538, 57577, 57590, 57615, 57624, 57635, 57666, 57669, 57673, 57677, 57710, 57712, 57729, 57755, 57758, 73004, 73007, 73469, 73472, 73688, 73694, 73818, 73934, 73943, 73946, 73952, 74971, 74972, 74975, 74977, 75013, 75016, 75018, 75142, 75148, 75154, 75160, 75194, 76145, 76151, 76172, 76175, 76181, 76193, 76197, 76198, 76202, 76207, 76212, 76216, 76267, 76404, 76427, 76429, 76434, 76441, 76589, 76592, 76596, 76645, 76653, 76659, 76748, 76749, 76778, 76787, 77347, 77351, 77352, 77661, 77787, 79038, 79059, 81550, 81552, 81554, 81557, 81573, 81578, 81619, 81622, 81647, 81655, 81660, 81663, 81664, 81669, 81690, 81696, 81701, 81703, 81709, 81713, 81716, 81737, 81743, 81756, 81767, 81770, 81775, 81776, 81802, 81814, 81862, 82108, 82114, 83697, 83698, 83709, 83714, 83864, 83868, 83942, 83952, 83999, 84094, 84120, 84134, 84138, 84140, 89158, 90380, 90633, 91260, 91344, 2271, 62143, 63377, 62400, 26921, 69804, 44635, 51294, 15764, 59092, 20716, 9062, 1055, 53959, 74833, 13307, 71592, 78935, 76386, 39399, 78980, 45455, 71671, 45467, 78915, 21407, 21208, 78945, 20530, 45468, 49303, 37277, 37655, 24238, 78588, 37766, 24540, 78803, 26272, 24575, 20560, 78907, 76027, 28919, 43180, 72069, 24556, 57166, 57210, 82658, 82073, 57204, 57201, 31053, 40607, 32113, 14691, 39669, 67519, 62777, 62770, 64013, 26660, 63164, 64007, 69261, 74578, 21409, 63825, 40839, 24360, 23548], "label": "floor"}, {"objectId": 2, "id": 2, "partId": 2, "index": 13, "dominantNormal": [0, -2.220446049250313e-16, 1], "obb": {"axesLengths": [10.557018860049956, 2.0324598692552764, 2.433091843977551], "centroid": [-1.6890841714843017, -1.3912000570976528, -0.4262299833544345], "normalizedAxes": [0.9407462477684021, -0.3391113579273224, -7.529784749656318e-17, 0, -2.220446049250313e-16, 1, -0.3391113579273224, -0.9407462477684021, -2.0888762892044046e-16]}, "segments": [23350, 21636, 71722, 171, 6723, 83276, 6605, 350, 47360, 39484, 48139, 39500, 71949, 76456, 14037, 22592, 76071, 4475, 5643, 32766, 13003, 75087, 56348, 6179, 5035, 5606, 5739, 9696, 12998, 14538, 18209, 19152, 24901, 24982, 25500, 25734, 26186, 27412, 27543, 27632, 27651, 27668, 28940, 29125, 29497, 29521, 33451, 71762, 71772, 71773, 71838, 75031, 76139, 83360, 83364, 83370, 41559, 19369, 7836, 11016, 11024, 11044, 13010, 13082, 13090, 13419, 14693, 17017, 18295, 18310, 18330, 24911, 24989, 28580, 28937, 33573, 39852, 40958, 43830, 43848, 43876, 43889, 43900, 43915, 45382, 46021, 46022, 46026, 46049, 46059, 46086, 46112, 46113, 46342, 46409, 51285, 55116, 55119, 55169, 55942, 55965, 55978, 55998, 56011, 56013, 56033, 56041, 56047, 56048, 56070, 56073, 56087, 56193, 56211, 56235, 56267, 56283, 56320, 56331, 56414, 56420, 56436, 56465, 56480, 65971, 65998, 66020, 66049, 66099, 75037, 75046, 79723, 80463, 80467, 80468, 80537, 81050, 81167, 82225, 83245, 83379, 83381, 83489, 83503, 83506, 83512, 83519, 83615, 83673, 84812, 86300, 86322, 86541, 67891, 12708, 12724, 12809, 14757, 14764, 27047, 31087, 40618, 40629, 40650, 40694, 52895, 65412, 65606, 66232, 66237, 66376, 66392, 67084, 67091, 67147, 67331, 67965, 68009, 73512, 73660, 86147, 86903, 86907, 41141, 13894, 23810, 56602, 23744, 8352, 14254, 15914, 18277, 23834, 23844, 24175, 25821, 32846, 41830, 41891, 53101, 53210, 53216, 53229, 53240, 63666, 65966, 65977, 66003, 66250, 66259, 66542, 66562, 66571, 66582, 66636, 67809, 67858, 67936, 68072, 73996, 75261, 75264, 82692, 82705, 82709, 85763, 86308, 86354, 86428, 86472, 86487, 87318, 41886, 48431, 52061, 3426, 3472, 3489, 3494, 3508, 15883, 15926, 15931, 16602, 22255, 22265, 23420, 23464, 27713, 27720, 30957, 48453, 48466, 51160, 51223, 51259, 52203, 62748, 62799, 63161, 68434, 68470, 70505, 70576, 73754, 73966, 74707, 75861, 82129, 82232, 85736, 87219, 16404, 64019, 70477, 70821, 23332, 70258, 70893, 70926, 18815, 18464, 21717, 21867, 17936, 70372, 21932, 86724, 17145, 17208, 17227, 21081, 21361, 21732, 22115, 22162, 22186, 22193, 22200, 22220, 22230, 22234, 22249, 22692, 23652, 26891, 26914, 26987, 26993, 28438, 28440, 28451, 33495, 46872, 64301, 64305, 67627, 67836, 69247, 73746, 74682, 74684, 75704, 75903, 75904, 86836, 92168, 19933, 7106, 73532], "label": "wall"}, {"objectId": 3, "id": 3, "partId": 3, "index": 14, "dominantNormal": [-0.5474322438240051, -0.8368499875068665, -1.8581802485747955e-16], "obb": {"axesLengths": [1.8824968684902148, 1.1999999165534985, 1.000572244264801], "centroid": [-3.6506402388076484, -0.6310100648056927, -0.8299999666213995], "normalizedAxes": [0.8368499875068665, -0.5474322438240051, -1.2155437630312463e-16, 0, -2.220446049250313e-16, 1, -0.5474322438240051, -0.8368499875068665, -1.8581802485747955e-16]}, "segments": [62879, 70700, 52252, 62873, 69393, 87407, 69758, 70766, 69402, 68491, 68712, 87595, 87598, 87669, 87716, 69710, 70540, 70873, 70001, 68557, 87741, 70123, 62935, 22389, 47741, 52267, 63022, 63035, 63067, 63251, 63257, 63266, 63267, 63268, 63280, 63321, 63326, 63337, 64323, 64381, 69400, 69786, 69792, 69801, 69882, 69965, 70084, 70143, 70236, 70557, 70568, 85986, 88133, 40898, 87654, 87663, 40916, 53008, 69497, 87624, 87689, 23586, 16849, 70595, 70313, 88024, 52484, 52312, 13700, 53060, 52291, 52495, 53024, 53043, 82686, 64375, 63580, 70652, 70337, 69271, 48021, 68102, 69525, 87313, 87317, 70388, 21158, 17547, 23103, 70904, 13932, 13948, 13967, 19579, 19593, 19602, 41403, 41413, 73650, 74084, 13924, 87213, 69259, 87239, 13625, 52189, 87842], "label": "couch"}, {"objectId": 5, "id": 5, "partId": 5, "index": 15, "dominantNormal": [0, -2.220446049250313e-16, 1], "obb": {"axesLengths": [0.6927541839659159, 0.5412400243899218, 0.6815577053181454], "centroid": [-5.113077849802499, 0.80230175333403, -0.9842400125956531], "normalizedAxes": [0.9999942183494568, -0.0033924125600606203, -7.532669066413745e-19, 0, -2.220446049250313e-16, 1, -0.0033924125600606203, -0.9999942183494568, -2.2204332114072063e-16]}, "segments": [71354, 86418, 26549, 32034, 32054, 32061, 66921, 71254, 85801, 86409, 92275, 65448, 64684, 65255, 67023, 71320, 86357, 92181, 92186, 92252, 92267, 65547, 26573, 66460, 66710, 63623], "label": "armchair"}, {"objectId": 6, "id": 6, "partId": 6, "index": 16, "dominantNormal": [0, -2.220446049250313e-16, 1], "obb": {"axesLengths": [0.8156301156265479, 0.5243139745820913, 0.7209685197884165], "centroid": [-1.7933209964276422, -1.5907381881960743, -0.977832990262665], "normalizedAxes": [-0.04555797576904297, 0.9989616870880127, 2.2181405314470053e-16, 0, -2.220446049250313e-16, 1, 0.9989616870880127, 0.04555797576904297, 1.0115902730821295e-17]}, "segments": [41932, 70223, 13765, 13784, 41434, 41478, 53448, 53474, 53486, 53506, 53527, 71710, 80340, 82851, 41980, 42153, 63690, 63907, 70796, 71272, 71276, 79975, 80200, 63549, 53371, 79981, 82844, 42984, 79967, 80165, 80349, 41919, 41928, 79987, 79989, 80148, 82859, 53365, 82890, 43066, 82759, 13851, 42177, 42211, 81064, 42734, 46390], "label": "armchair"}, {"objectId": 7, "id": 7, "partId": 7, "index": 17, "dominantNormal": [0, -2.220446049250313e-16, 1], "obb": {"axesLengths": [0.7586059429023961, 0.5377819417912821, 0.692438432657872], "centroid": [-0.9631195131561157, -1.7737084061447916, -1.0011089909573867], "normalizedAxes": [0.7960338592529297, 0.6052520871162415, 1.3439296056377647e-16, 0, -2.220446049250313e-16, 1, 0.6052520871162415, -0.7960338592529297, -1.7675502378476475e-16]}, "segments": [35100, 35131, 35135, 35139, 35949, 35959, 35972, 77561, 77830, 77836, 77886, 42117, 11794, 77887, 79102, 80392, 43763, 80443, 80606, 3965, 12294, 44903, 77892, 44866, 44892, 44918, 80402, 35031, 11776, 11826, 11863, 42129, 27033, 27049, 80611, 77866, 27063, 77385, 35941, 27087], "label": "armchair"}, {"objectId": 8, "id": 8, "partId": 8, "index": 18, "dominantNormal": [0, -2.220446049250313e-16, 1], "obb": {"axesLengths": [0.6745698730354885, 0.5106109862638042, 0.6915254356780678], "centroid": [0.5996157596177527, -1.9440788473831585, -0.9746945077621674], "normalizedAxes": [-0.13893060386180878, 0.9903021454811096, 2.1989124864976386e-16, 0, -2.220446049250313e-16, 1, 0.9903021454811096, 0.13893060386180878, 3.084879104649136e-17]}, "segments": [84758, 19645, 19647, 28632, 28667, 75961, 75990, 75995, 75997, 76001, 84713, 73651, 14432, 14461, 14469, 73657, 73659, 27348, 19128, 81496, 59554, 14022, 27351], "label": "armchair"}, {"objectId": 9, "id": 9, "partId": 9, "index": 19, "dominantNormal": [0, -2.220446049250313e-16, 1], "obb": {"axesLengths": [0.6668392027084303, 0.6033399566261476, 0.7031462871778531], "centroid": [1.515247438399315, -1.950920530780385, -1.0227299495176236], "normalizedAxes": [0.9918006062507629, -0.12779496610164642, -2.837618275944785e-17, 0, -2.220446049250313e-16, 1, -0.12779496610164642, -0.9918006062507629, -2.202239737793572e-16]}, "segments": [54513, 5906, 5833, 5841, 5848, 5886, 5902, 54466, 72791, 82995, 83014, 83025, 5897, 50613, 50628, 54478, 54794, 54814, 5809, 54842, 83120, 50624, 22371, 5781, 83123, 40503], "label": "armchair"}, {"objectId": 10, "id": 10, "partId": 10, "index": 20, "dominantNormal": [0, -2.220446049250313e-16, 1], "obb": {"axesLengths": [0.4798890372234058, 0.16432195534582528, 0.4570671482591496], "centroid": [1.1909423170421678, -1.2788973572075903, -1.067838982093953], "normalizedAxes": [-0.2051888406276703, 0.9787223935127258, 2.1732002719881423e-16, 0, -2.220446049250313e-16, 1, 0.9787223935127258, 0.2051888406276703, 4.556107505219626e-17]}, "segments": [58694, 58567, 58277, 58284, 20625, 20647, 74293, 84321, 58760, 84365, 58573, 58715, 58774], "label": "coffee table"}, {"objectId": 11, "id": 11, "partId": 11, "index": 21, "dominantNormal": [0, -2.220446049250313e-16, 1], "obb": {"axesLengths": [0.5011287512560698, 0.13666200332353995, 0.43743210652217623], "centroid": [-0.08200683731598746, -1.240330445108131, -1.056398973470949], "normalizedAxes": [0.5719940066337585, 0.820257842540741, 1.8213382858361737e-16, 0, -2.220446049250313e-16, 1, 0.820257842540741, -0.5719940066337585, -1.2700818322247865e-16]}, "segments": [3981, 72605, 9631, 9659, 73256, 4018, 3849, 73267, 9982], "label": "coffee table"}], "scan_id": "6bde604b-9162-246f-8fb2-2dea80e7fb4c", "annId": "4909", "appId": "stk.v1"}