{"segGroups": [{"objectId": 1, "id": 1, "partId": 1, "index": 0, "dominantNormal": [0, -2.220446049250313e-16, 1], "obb": {"axesLengths": [9.04098754436332, 0.3923799903903899, 3.5217545170855127], "centroid": [-0.07683658491690337, 2.186595968367413, -1.4261899753553435], "normalizedAxes": [0.9875602126121521, 0.1572413295507431, 3.49145888979814e-17, 0, -2.220446049250313e-16, 1, 0.1572413295507431, -0.9875602126121521, -2.1928241724914523e-16]}, "segments": [38626, 16009, 14164, 18733, 31406, 20482, 9344, 415, 2813, 47236, 49244, 5673, 37104, 28796, 38625, 60369, 1570, 64179, 40836, 10445, 52479, 9555, 40092, 41418, 12980, 14538, 14688, 41432, 15087, 41190, 51348, 51559, 48672, 1042, 1053, 1131, 1147, 1153, 1167, 1195, 1245, 1269, 1312, 1331, 1333, 1398, 1416, 1434, 1439, 1508, 1526, 1555, 1566, 1574, 2880, 4683, 7784, 7797, 7824, 7896, 8497, 8617, 8886, 8920, 8946, 9146, 9350, 9469, 9651, 9668, 9670, 9687, 9705, 9712, 9739, 9748, 9768, 9786, 9809, 9812, 9908, 9930, 9931, 9964, 9976, 10017, 10109, 10185, 10191, 10471, 10721, 10728, 10844, 10926, 10940, 10981, 11039, 11051, 11136, 11332, 11333, 11683, 14224, 14239, 14240, 14244, 14273, 14345, 14381, 14426, 14476, 14481, 14535, 14582, 14586, 14593, 14599, 14672, 14986, 14997, 15008, 15196, 15204, 15224, 15231, 15236, 15260, 15272, 15295, 15299, 15330, 15332, 15372, 15555, 15659, 15696, 15698, 15864, 16709, 16728, 16774, 16775, 17254, 17256, 17306, 17325, 17337, 17344, 17507, 17533, 17555, 17558, 17569, 17594, 17660, 17670, 17672, 18879, 18958, 19160, 19162, 19170, 19183, 19192, 19335, 19443, 19474, 19656, 20306, 20334, 20352, 20553, 20558, 20582, 20594, 20613, 20720, 20722, 22072, 22104, 22110, 22188, 22932, 23721, 23790, 23807, 23811, 23854, 23882, 23894, 23928, 23962, 23967, 23971, 23979, 23980, 24040, 24044, 24046, 24068, 24087, 25723, 26301, 26404, 26405, 26412, 26531, 26689, 27022, 27095, 27164, 27201, 27209, 27213, 27221, 27222, 28206, 28290, 28321, 28325, 28752, 28765, 28774, 28785, 29266, 29273, 29280, 29282, 29291, 29295, 29402, 29433, 29521, 29668, 29669, 29715, 29778, 30016, 30099, 30102, 30171, 30184, 30193, 30200, 30218, 30305, 30314, 30452, 30467, 30521, 30536, 30547, 30737, 30768, 30780, 30817, 30853, 30904, 30920, 30936, 30943, 30953, 30969, 30971, 30991, 31043, 31057, 31079, 31157, 31223, 31247, 31332, 31361, 31363, 31449, 31777, 31793, 31809, 31842, 32984, 33027, 33029, 33055, 33099, 33114, 33139, 33159, 33166, 33443, 33518, 33536, 34210, 34564, 34638, 34698, 34763, 34791, 34810, 34832, 34834, 35037, 35230, 35243, 35297, 35300, 35323, 35341, 35361, 35372, 35387, 35392, 35468, 35484, 35493, 35497, 35518, 35520, 35527, 35558, 35559, 35565, 35566, 35737, 36100, 36245, 36321, 36361, 36363, 36570, 36846, 36867, 36907, 37252, 37265, 37325, 37432, 37459, 37516, 37553, 37570, 37605, 37662, 37715, 37933, 38027, 38028, 38043, 38075, 38089, 38135, 38137, 38143, 38151, 38176, 38185, 38194, 38196, 38208, 38210, 38257, 38278, 38615, 38642, 38658, 38687, 38691, 38702, 38730, 38748, 38754, 38776, 38778, 38797, 38828, 38829, 38834, 38837, 38844, 38860, 38889, 38891, 38924, 38972, 38977, 38995, 39002, 39254, 39267, 39340, 39360, 40532, 40818, 40913, 40979, 40986, 41602, 41731, 43224, 43235, 43274, 43440, 43668, 43841, 43896, 43907, 43925, 44241, 44280, 44285, 44292, 44298, 44308, 44332, 44340, 44355, 44509, 45160, 45463, 45469, 45487, 45558, 45756, 45853, 45866, 45890, 45911, 45926, 45949, 46255, 46276, 46288, 46295, 46343, 46353, 46387, 46393, 46395, 46433, 46453, 48327, 48951, 49034, 49122, 49234, 49306, 49358, 49393, 49459, 49539, 49577, 49651, 50059, 50093, 50109, 50112, 50205, 50238, 50254, 50276, 50342, 50376, 51252, 51288, 51318, 51367, 51869, 51872, 51875, 51888, 51889, 51907, 51916, 52407, 52422, 52445, 52452, 52464, 52854, 52937, 52992, 52996, 53091, 53097, 53100, 53106, 53126, 53127, 53167, 53298, 53405, 53407, 53516, 53521, 53658, 53746, 53813, 55935, 55943, 55946, 55969, 56118, 56132, 56134, 56138, 56143, 56150, 56156, 56161, 56217, 56222, 56225, 56435, 56568, 56570, 56573, 56577, 56580, 56582, 56592, 56595, 56599, 56601, 56608, 56818, 56906, 56921, 57218, 57225, 57240, 57250, 57783, 57792, 57842, 57848, 57853, 57873, 57971, 58128, 58152, 58154, 58285, 58786, 58863, 58970, 58974, 58993, 59019, 59288, 59417, 59788, 59839, 59850, 59966, 59968, 59983, 59991, 60034, 60048, 60137, 60150, 60220, 60227, 60344, 60380, 60474, 60480, 60536, 61391, 61412, 61417, 61444, 61445, 61447, 61449, 61454, 61508, 61510, 61589, 61602, 61638, 61661, 61678, 61687, 61994, 62001, 62016, 62122, 62128, 62138, 62173, 62204, 62255, 62268, 62274, 62277, 62291, 62294, 63598, 63600, 63605, 5629, 372, 34880, 35668, 34869, 45394, 62103, 62096, 2819], "label": "floor"}, {"objectId": 2, "id": 2, "partId": 2, "index": 1, "dominantNormal": [0.2225111424922943, -0.9749301671981812, -2.1647798380501485e-16], "obb": {"axesLengths": [6.821375079876694, 1.9542499939892433, 0.7004967694260114], "centroid": [1.187273769653924, 4.241107054797791, -0.42712498594645587], "normalizedAxes": [0.9749301671981812, 0.2225111424922943, 4.9407398726118837e-17, 0, -2.220446049250313e-16, 1, 0.2225111424922943, -0.9749301671981812, -2.1647798380501485e-16]}, "segments": [41875, 31328, 51199, 60594, 39720, 34386, 28665, 44955, 18236, 2447, 8535, 8541, 8599, 8668, 15164, 15169, 15178, 15181, 15186, 15192, 19023, 19492, 19500, 19524, 19526, 20010, 20230, 20339, 20376, 20421, 24469, 24495, 26872, 26954, 27571, 27589, 27590, 27595, 27603, 27651, 27685, 27691, 28374, 28375, 35714, 35753, 35766, 35837, 39767, 42422, 42425, 42436, 42446, 42483, 42709, 44690, 45660, 45675, 45681, 46031, 46087, 46120, 46135, 46173, 46176, 46227, 46310, 46328, 46363, 46412, 46450, 46482, 46557, 46559, 47022, 47081, 47093, 47123, 47132, 47174, 47181, 50844, 50937, 51271, 51625, 52385, 52388, 55799, 55813, 56122, 56706, 57367, 57370, 57412, 57429, 57434, 60047, 60053, 60055, 60108, 60222, 60852, 60859, 62023, 62301, 62523, 62527, 42043, 2506, 44224, 576, 48168, 31229, 34958, 50537, 26083, 4071, 1250, 753, 880, 822, 3511, 972, 988, 51892, 4288, 60752, 60763, 39942, 39961, 39361, 27560, 60837, 60776, 39668, 62806], "label": "counter"}, {"objectId": 3, "id": 3, "partId": 3, "index": 2, "dominantNormal": [0.22194278240203857, -0.9750596880912781, -2.165067432205521e-16], "obb": {"axesLengths": [6.3389522757213825, 1.0876099820224192, 0.7223427454682693], "centroid": [1.4160538737549422, 4.32009412761252, -0.014361012161204334], "normalizedAxes": [0.9750596880912781, 0.22194279730319977, 4.9281200743145297e-17, 0, -2.220446049250313e-16, 1, 0.22194279730319977, -0.9750596880912781, -2.165067432205521e-16]}, "segments": [62557, 551, 62591, 26006, 15495, 47345, 62612, 4694, 5950, 49065, 28100, 50408, 663, 2263, 2306, 2527, 2579, 2655, 2731, 2736, 2741, 2756, 3217, 11052, 11229, 11292, 11311, 11558, 11599, 11674, 12136, 12576, 13143, 26131, 26141, 26155, 26163, 27496, 27516, 28980, 29005, 31259, 31559, 37567, 37679, 39646, 42162, 42392, 43332, 44943, 47450, 49703, 49732, 49733, 49754, 49919, 49950, 49999, 50099, 50279, 50301, 50304, 50399, 50503, 50639, 50865, 52564, 52617, 52657, 52672, 57096, 57272, 57273, 59941, 60732, 60745, 60747, 61439, 61920, 62764, 62796, 63043, 65187, 65500, 66141, 66145, 66153, 62639], "label": "wall"}, {"objectId": 4, "id": 4, "partId": 4, "index": 3, "dominantNormal": [0.9796210527420044, 0.2008545696735382, 4.4598673570547966e-17], "obb": {"axesLengths": [3.4912674127422436, 1.0632419944574985, 0.1970555086665766], "centroid": [4.720311653123233, 3.5438476675548114, -0.018378990978026977], "normalizedAxes": [-0.2008545696735382, 0.9796210527420044, 2.1751956963234162e-16, 0, -2.220446049250313e-16, 1, 0.9796210527420044, 0.2008545696735382, 4.4598673570547966e-17]}, "segments": [746, 10437, 63033, 148, 13744, 12651, 62890, 47423, 11952], "label": "wall"}, {"objectId": 5, "id": 5, "partId": 5, "index": 4, "dominantNormal": [0, -2.220446049250313e-16, 1], "obb": {"axesLengths": [4.994768473765924, 1.1640099473891414, 2.210907181717633], "centroid": [0.9307576608437991, 2.015292332509446, -0.792004951023499], "normalizedAxes": [0.94553142786026, 0.3255307972431183, 7.228235726477867e-17, 0, -2.220446049250313e-16, 1, 0.3255307972431183, -0.94553142786026, -2.0995015234343217e-16]}, "segments": [45092, 21834, 28918, 25516, 21606, 62042, 62085, 48510, 43251, 22714, 25476, 25526, 25546, 28569, 32664, 36710, 36720, 37434, 37629, 39790, 43240, 61394, 61911, 61992, 45379, 60044, 23406, 40620, 21895, 4641, 59582, 59680, 33733, 57916, 6184, 6385, 23197, 56295, 23162, 57199, 6101, 4962, 5205, 5323, 5344, 5362, 5363, 5373, 5379, 5386, 5398, 5411, 5430, 5437, 5454, 5476, 5480, 5497, 6097, 6104, 6115, 6189, 6231, 6278, 6318, 6342, 6400, 6438, 6521, 6533, 6534, 6536, 6541, 6581, 6633, 6657, 6660, 6856, 6890, 6896, 6902, 6920, 6923, 6936, 6947, 6954, 6968, 7203, 7209, 7221, 7222, 9760, 9777, 9842, 10074, 10091, 10161, 10165, 10908, 10918, 10970, 11117, 23001, 23004, 23027, 23078, 23086, 23096, 23099, 23116, 23160, 23188, 23194, 24126, 24922, 24926, 24927, 24942, 26244, 26252, 26263, 26639, 26653, 26665, 26666, 26674, 26776, 26798, 29106, 30647, 30703, 30751, 30761, 30793, 30794, 30827, 33552, 33563, 33567, 33795, 33802, 36888, 36894, 36912, 36913, 36996, 52258, 52392, 52394, 52396, 52492, 52546, 52548, 53046, 53068, 56226, 56237, 56266, 56364, 56926, 56928, 56934, 57130, 57158, 57892, 57897, 57900, 57958, 57960, 57963, 57965, 58867, 59468, 59502, 59689, 59672, 6389, 20644, 20641, 36823, 20657, 36834, 36800, 18876, 18891, 18269, 18274, 18287, 18320, 18336, 18343, 18798, 18865, 16585, 18357, 18695, 18703, 18719, 18722, 18822, 18854, 18983, 19019, 19047, 19786, 19790, 19798, 19809, 19897, 53850, 55148, 55629, 55633, 55726, 19997, 16487, 18042, 19958, 20027, 20035, 20077, 25203, 53827, 55752, 20108, 19950, 55637, 18365, 16789, 17987, 16581, 16612, 16691, 17720, 17761, 17806, 17939, 53859, 53869, 53872, 54769, 55317, 25248, 16579, 16654, 17703, 17749, 17756, 17760, 18047, 18311, 18996, 20059, 53858, 54603, 54629, 55198, 55255, 55787, 57028, 16672, 16708, 19081, 16604, 16515, 16634, 16705, 16715, 16793, 16800, 17784, 17786, 17829, 17914, 17930, 53896, 54622, 54634, 54797, 17933, 15814, 15820, 15900, 16493, 16509, 16746, 16868, 16882, 16936, 16963, 17157, 17424, 17733, 17734, 17885, 17886, 53914, 54039, 54040, 54213, 54244, 54351, 54431, 54476, 54775, 54908, 54258, 17884, 15816, 15718, 747, 15593, 15719, 15728, 15739, 15782, 15842, 15862, 15863, 15870, 16812, 16813, 16836, 16840, 16849, 16915, 16976, 16982, 17051, 17090, 17091, 17094, 17190, 17205, 17209, 17231, 17242, 17276, 17282, 17313, 17349, 17374, 17386, 17627, 37148, 53687, 54064, 54158, 54191, 54201, 54378, 54586, 59803, 16969, 17128, 37205, 36587, 37214, 37226, 37227, 59298, 54408, 15560, 17668, 54429, 54491, 24904, 24656, 25053], "label": "table"}, {"objectId": 6, "id": 6, "partId": 6, "index": 5, "dominantNormal": [0, -2.220446049250313e-16, 1], "obb": {"axesLengths": [0.5274255909516381, 0.16776001078426805, 0.4202548528638763], "centroid": [2.048017369338225, 1.634553381560258, -0.6738799545578683], "normalizedAxes": [0.8625039458274841, -0.5060502886772156, -1.1236573642153038e-16, 0, -2.220446049250313e-16, 1, -0.5060502886772156, -0.8625039458274841, -1.9151434789754432e-16]}, "segments": [27972, 22727, 22874, 56898, 22900, 22903, 22914, 22938, 24620, 24678, 24760, 24763, 24771, 24772, 24787, 24833, 24843, 56838, 56840, 56844], "label": "stool"}, {"objectId": 7, "id": 7, "partId": 7, "index": 6, "dominantNormal": [0, -2.220446049250313e-16, 1], "obb": {"axesLengths": [0.4803872154973637, 0.3187720108306702, 0.4160957253483378], "centroid": [0.9072463312592982, 1.2349460757630513, -0.7056019928331243], "normalizedAxes": [0.03210579231381416, 0.9994844794273376, 2.2193013636314377e-16, 0, -2.220446049250313e-16, 1, 0.9994844794273376, -0.03210579231381416, -7.128917970125973e-18]}, "segments": [41482, 29492, 4865, 4899, 5020, 5025, 29122, 4915, 5068, 5036, 29009], "label": "stool"}, {"objectId": 8, "id": 8, "partId": 8, "index": 7, "dominantNormal": [0.9843831062316895, 0.17603936791419983, 3.9088591899760734e-17], "obb": {"axesLengths": [3.5174209680444273, 1.380350015006586, 0.7707459385109672], "centroid": [4.546373445016791, 3.000499723674178, -0.7601749948159989], "normalizedAxes": [-0.17603936791419983, 0.9843831062316895, 2.185769579180906e-16, 0, -2.220446049250313e-16, 1, 0.9843831062316895, 0.17603936791419983, 3.9088591899760734e-17]}, "segments": [46014, 13057, 13840, 48398, 21719, 13916, 59105, 13151, 53247, 12295, 5540, 2695, 53175, 7628, 10618, 52779, 52756, 13512, 29333, 21019, 7574, 7596, 7603, 7615, 11819, 11882, 12172, 12237, 12285, 12348, 12356, 12364, 13208, 13341, 13389, 13408, 13868, 13894, 13895, 13907, 13913, 13937, 14161, 14199, 21061, 29309, 31995, 32018, 32026, 35729, 47195, 47218, 48397, 53188, 53291, 53309, 53330, 53333, 53647, 55933, 58158, 61952, 62529, 62551, 63417, 13583, 5946, 14639], "label": "counter"}, {"objectId": 9, "id": 9, "partId": 9, "index": 8, "dominantNormal": [0, -2.220446049250313e-16, 1], "obb": {"axesLengths": [6.1005229753525265, 1.7842050093962611, 3.4959532512397846], "centroid": [2.039742108475706, 3.456987635292045, 1.297897514992707], "normalizedAxes": [0.9998594522476196, 0.016764910891652107, 3.7225580155402465e-18, 0, -2.220446049250313e-16, 1, 0.016764910891652107, -0.9998594522476196, -2.220133970548809e-16]}, "segments": [28819, 1597, 13657, 28781, 5349, 1525, 4495, 6333, 9299, 13773, 13876, 28793, 51858, 51864, 52414, 53079, 53196, 53203, 61910, 4382, 10929, 13854, 898, 2905, 28889, 39142, 1480, 16196, 27278, 28824, 28825, 28836, 28837, 28861, 28888, 28898, 35913, 35963, 35965, 43947, 44108, 57261, 57742, 61299, 61331, 61965, 61973, 50386, 50231, 66103, 49964, 12738, 65915, 31781, 30331, 3265, 8986, 65904, 49646, 49665, 49593, 42107, 680, 2973, 44603, 28022, 3123, 7750, 31089, 28028, 31664, 1598, 20638, 20278, 4935, 59142, 1981, 39470, 4846, 1951, 6824, 59229, 5587, 20212, 7300, 7010, 6494, 6075, 5735, 6033, 24953, 3249, 8320, 44056, 44071, 44042, 44041], "label": "cabinet"}, {"objectId": 10, "id": 10, "partId": 10, "index": 9, "dominantNormal": [0, -2.220446049250313e-16, 1], "obb": {"axesLengths": [0.6545068667547271, 0.26264595398353147, 0.4578367393504536], "centroid": [1.5998084567216493, 1.4808933606087924, -0.6410469751357978], "normalizedAxes": [0.6759651899337769, 0.7369335889816284, 1.6363212762141109e-16, 0, -2.220446049250313e-16, 1, 0.7369335889816284, -0.6759651899337769, -1.5009442354191923e-16]}, "segments": [39878, 24877, 56929, 27786, 27784, 29237, 26179], "label": "stool"}, {"objectId": 11, "id": 11, "partId": 11, "index": 10, "dominantNormal": [0.8364734053611755, -0.5480074882507324, -1.2168210622459262e-16], "obb": {"axesLengths": [0.40916860353209245, 0.805586975688033, 0.3982720249299889], "centroid": [0.2300430269476483, 2.5109063511568013, -0.9672064748817738], "normalizedAxes": [0.5480074882507324, 0.8364734053611755, 1.8573440682371779e-16, 0, -2.220446049250313e-16, 1, 0.8364734053611755, -0.5480074882507324, -1.2168210622459262e-16]}, "segments": [41054, 4526, 1929, 41236, 41651, 41671, 37836, 19712, 4368, 36781, 41654, 51645, 51691, 52091, 52136, 20751, 4311, 4243, 4256, 52145, 36214, 37935, 35816, 51726, 36201, 51756], "label": "stool"}, {"objectId": 12, "id": 12, "partId": 12, "index": 11, "dominantNormal": [0.29381853342056274, -0.9558612108230591, -2.1224382492036821e-16], "obb": {"axesLengths": [0.4489284944292269, 0.8483159352470349, 0.44098529104608813], "centroid": [1.3328057277435579, 2.210926812538546, -0.9883019589054161], "normalizedAxes": [0.9558612108230591, 0.29381856322288513, 6.524082679046586e-17, 0, -2.220446049250313e-16, 1, 0.29381856322288513, -0.9558612108230591, -2.1224382492036821e-16]}, "segments": [57077, 7031, 58165, 32694, 58175, 2271, 25812, 25813, 25821, 25832, 25840, 31474, 33892, 52566, 57079, 57081, 57083, 58001, 58897, 58968, 7052, 2311, 6751, 8027, 52588, 52529, 6716, 6788, 6735, 7056], "label": "stool"}, {"objectId": 13, "id": 13, "partId": 13, "index": 12, "dominantNormal": [-0.09466999769210815, 0.9955087304115295, 2.2104734274364758e-16], "obb": {"axesLengths": [0.43802387370827045, 0.8138549741986023, 0.49610563224145876], "centroid": [2.0328972204006193, 2.7159813793215846, -0.9679024783032592], "normalizedAxes": [-0.09466999769210815, 0.9955087304115295, 2.2104734274364758e-16, 0, -2.220446049250313e-16, 1, 0.9955087304115295, 0.09466999769210815, 2.102096223579778e-17]}, "segments": [22642, 48350, 15963, 15967, 15985, 22604, 22637, 22645, 22653, 23408, 47703, 47758, 47779, 47822, 47876, 47877, 47896, 48075, 56218, 56557, 56560, 61048, 61057, 61061, 61064, 61127, 61137, 61149, 61154, 61164, 61276, 61284, 61297, 48242, 22577, 48357, 18216, 42574, 42578, 42616, 47722, 61055, 61757, 16854, 17549, 61729, 42669, 41828, 42608, 41887], "label": "stool"}, {"objectId": 15, "id": 15, "partId": 15, "index": 13, "dominantNormal": [0.8059508800506592, 0.5919824242591858, 1.3144650351719318e-16], "obb": {"axesLengths": [0.6026946141982628, 0.4793330323845213, 0.47703701219818734], "centroid": [0.143068641554485, 1.4485283159009883, -0.7747634957943089], "normalizedAxes": [-0.5919824242591858, 0.8059508800506592, 1.7895704474982991e-16, 0, -2.220446049250313e-16, 1, 0.8059508800506592, 0.5919824242591858, 1.3144650351719318e-16]}, "segments": [32591, 44306, 32381, 44364, 32586, 32592, 52231, 4629, 3508, 3526, 3633, 3643, 3658, 3666, 3687, 3690, 4065, 51970, 3953, 4013, 4066, 52010, 59423, 3742, 3702, 3709, 3744, 3888, 3935, 4041, 4058, 4068, 4072, 4099, 4146, 5278, 5286, 21324, 51995, 51999, 52328, 52363, 59432, 3537, 3623, 3637, 3940, 4059], "label": "stool"}, {"objectId": 16, "id": 16, "partId": 16, "index": 14, "dominantNormal": [0.9228981137275696, -0.38504424691200256, -8.549699768423182e-17], "obb": {"axesLengths": [0.46293161814608863, 0.8639369413866779, 0.4857920045086873], "centroid": [0.06709304205135966, 1.9980899997754422, -0.998031433470889], "normalizedAxes": [0.9228981137275696, -0.38504424691200256, -8.549699768423182e-17, 0, -2.220446049250313e-16, 1, -0.38504424691200256, -0.9228981137275696, -2.049245470486948e-16]}, "segments": [4703, 3281, 3292, 4668, 4685, 4732, 4746, 4759, 4765, 4788, 4793, 9065, 9066, 9096, 9118, 31536, 32476, 52238, 52907, 58082, 20941, 52055, 52061, 58037, 56061, 20910, 3749, 3771, 3798, 3849, 3850, 3874, 4081, 4111, 4133, 4201, 4208, 20868, 20880, 20906, 21387, 21402, 51978, 51979, 51984, 52011, 52031, 56043, 56046, 61166, 61171, 61262, 61267, 61270, 61273, 40660, 3967, 55950, 55881, 4754, 9074, 9140, 9171, 52923, 52926, 52931, 52933], "label": "stool"}, {"objectId": 17, "id": 17, "partId": 17, "index": 15, "dominantNormal": [0, -2.220446049250313e-16, 1], "obb": {"axesLengths": [0.2672025795888562, 0.14021200373294934, 0.14732153261227882], "centroid": [2.502213430253875, 2.4429201218983034, 0.17184500781688627], "normalizedAxes": [0.9954423904418945, 0.09536484628915787, 2.1175249618012397e-17, 0, -2.220446049250313e-16, 1, 0.09536484628915787, -0.9954423904418945, -2.2103261231129923e-16]}, "segments": [49857, 49861, 49818, 49747, 49846, 49851], "label": "lamp"}, {"objectId": 18, "id": 18, "partId": 18, "index": 16, "dominantNormal": [0, -2.220446049250313e-16, 1], "obb": {"axesLengths": [0.2385195377397346, 0.07046229979852658, 0.1261861987521756], "centroid": [1.1670684158288873, 1.6227720369696887, 0.1347688595097749], "normalizedAxes": [0.9766775965690613, 0.21471120417118073, 4.767546450316756e-17, 0, -2.220446049250313e-16, 1, 0.21471120417118073, -0.9766775965690613, -2.1686599106930633e-16]}, "segments": [43984, 43914], "label": "lamp"}, {"objectId": 19, "id": 19, "partId": 19, "index": 17, "dominantNormal": [0.5161314606666565, -0.8565093874931335, -1.901832885604934e-16], "obb": {"axesLengths": [0.2269242758930441, 0.11033498994257318, 0.10964904777322947], "centroid": [0.2816922708591636, 1.7044808569849175, 0.1548325051990318], "normalizedAxes": [0.8565093874931335, 0.5161314606666565, 1.1460420627310708e-16, 0, -2.220446049250313e-16, 1, 0.5161314606666565, -0.8565093874931335, -1.901832885604934e-16]}, "segments": [44202, 43769, 61939], "label": "lamp"}, {"objectId": 21, "id": 21, "partId": 21, "index": 19, "dominantNormal": [-0.4158070385456085, -0.9094528555870056, -2.0193910001675821e-16], "obb": {"axesLengths": [1.3779168597538407, 1.3091307362363314, 1.2386999728160761], "centroid": [-2.2654380390843367, 1.85530432228828, -0.7177745536999146], "normalizedAxes": [0.9094528555870056, -0.4158070683479309, -9.232771621635181e-17, 0, -2.220446049250313e-16, 1, -0.4158070683479309, -0.9094528555870056, -2.0193910001675821e-16]}, "segments": [26372, 33379, 58858, 18474, 18503, 33233, 33235, 33289, 33330, 33631, 33816, 33822, 33838, 33939, 33953, 34255, 34271, 34351, 34414, 34620, 57084, 58462, 58660, 58663, 58666, 58669, 58861, 32991, 31804, 57720, 35944, 18381, 18970, 21147, 21148, 21157, 21239, 21249, 21257, 21270, 21380, 21563, 21590, 21607, 21623, 21684, 21693, 21709, 21800, 24331, 24412, 24442, 24446, 24468, 24519, 26172, 26345, 31681, 31690, 31696, 31701, 31715, 31723, 31823, 31903, 31955, 32050, 32072, 32131, 32190, 32233, 32237, 32451, 32966, 33065, 33069, 33078, 33081, 33085, 33109, 33119, 33140, 33189, 33193, 33205, 34027, 34057, 34076, 34081, 34091, 34121, 34497, 34515, 34569, 34604, 34646, 35168, 35180, 35202, 35221, 35223, 35269, 35663, 35669, 35678, 35679, 35686, 35847, 35881, 36073, 36222, 36226, 36249, 36268, 36327, 36339, 36368, 36410, 36434, 53676, 54478, 54481, 55122, 56249, 56253, 56555, 57089, 57093, 57104, 57440, 57493, 57497, 57500, 57549, 57579, 57637, 57639, 57647, 57661, 57676, 57735, 58290, 58303, 58446, 58464, 58495, 58549, 58612, 58673, 32541, 19719, 21541, 21545, 21687, 21750, 21779, 21790, 21870, 21894, 21899, 21903, 21916, 21923, 21930, 21963, 22051, 22112, 22172, 22197, 22255, 24532, 24570, 24695, 24714, 24808, 24816, 24828, 24832, 24854, 24951, 25102, 25818, 25853, 25860, 25921, 25933, 25975, 27345, 27394, 27459, 27558, 27624, 32656, 32742, 32787, 32817, 33729, 33750, 35270, 53681, 53693, 53737, 53739, 53744, 53987, 54653, 54935, 55064, 55101, 55126, 55138, 55400, 55412, 55511, 57459, 57631, 58320, 21729, 24784, 25796, 25864, 25903, 53680, 58385, 23094, 19614, 19797, 19908, 19961, 20000, 20106, 20199, 20226, 20231, 20238, 20246, 20428, 21337, 21657, 21807, 22266, 22326, 22377, 22382, 22405, 22437, 22449, 22469, 22472, 22531, 22563, 22600, 22708, 22800, 22804, 22883, 22897, 22958, 23010, 23282, 23290, 23298, 23359, 23360, 23361, 25149, 25216, 25232, 25303, 25304, 25306, 25409, 25418, 25462, 26041, 27730, 32825, 32900, 32921, 32927, 32955, 33467, 53447, 53460, 53490, 53513, 53734, 53783, 53803, 53808, 53816, 53818, 53856, 53878, 54685, 54931, 54939, 54948, 54950, 55008, 55010, 55012, 55494, 55535, 55583, 55585, 55590, 56704, 56711, 56804, 10677, 19875, 23209, 27699, 53901, 53923, 56802, 19611, 19695, 19749, 20091, 23504, 27323, 27739, 53456, 19690, 19735, 19737, 24084, 24606, 27658, 53448, 23895, 24100, 24671, 30064, 31605, 37990, 54596, 23558, 19633, 19731, 23323, 23507, 24049, 24061, 24826, 29981, 34144, 54037, 54042, 54139, 54153, 54155, 55577, 23787, 23994, 54240, 55533, 57057, 53918, 23442, 23201, 32288, 53905, 54075, 54161, 24000, 54184, 54188, 27883, 26139, 984, 10680, 26073, 26104, 26128, 27833, 27919, 29975, 30074, 52519, 52521, 52524, 55427, 55591, 56099, 57455, 57457, 18537, 1038, 23718, 23831, 23832, 23853, 23978, 24045, 24064, 24188, 24199, 25011, 26100, 26383, 27232, 27860, 27864, 30006, 30053, 54072, 54192, 54195, 54764, 57480, 57489, 26654, 55337, 55348, 10739, 10775, 22930, 23050, 23063, 23152, 25255, 25498, 25568, 25576, 25594, 26349, 26351, 26505, 26638, 26712, 26739, 26765, 27064, 27806, 27857, 55090, 55174, 55184, 55192, 55194, 55200, 55202, 55235, 55288, 55613, 55634, 23340, 27217, 27910, 26447, 26462, 26364, 55099, 29157, 26906, 21068, 20981, 42218, 18884, 18956, 20586, 20681, 20693, 20713, 20789, 20858, 20903, 20904, 20927, 21002, 23218, 23380, 23427, 25661, 25693, 26805, 26819, 26900, 26930, 29092, 29136, 33161, 42226, 42234, 53295, 53306, 55333, 55383, 55892, 55922, 61457, 61470, 61500, 61503, 61516, 61581], "label": "plant"}, {"objectId": 23, "id": 23, "partId": 23, "index": 20, "dominantNormal": [0.9743967652320862, 0.22483530640602112, 4.992346678412332e-17], "obb": {"axesLengths": [0.27485554638124254, 0.347986988395743, 0.1545688325693609], "centroid": [5.0336156820396685, 2.0265329003386783, -0.3639934761461603], "normalizedAxes": [-0.2248353213071823, 0.9743967652320862, 2.1635954477618706e-16, 0, -2.220446049250313e-16, 1, 0.9743967652320862, 0.2248353213071823, 4.992347009284577e-17]}, "segments": [10341, 10441, 10460], "label": "item"}, {"objectId": 24, "id": 24, "partId": 24, "index": 21, "dominantNormal": [0.27898842096328735, 0.9602944850921631, 2.1322820955397572e-16], "obb": {"axesLengths": [0.4890383087609994, 0.5902729945568813, 0.6121735582446863], "centroid": [4.322161333178432, 3.965641868702223, -0.19486348988525393], "normalizedAxes": [0.27898842096328735, 0.9602944850921631, 2.1322820955397572e-16, 0, -2.220446049250313e-16, 1, 0.9602944850921631, -0.27898842096328735, -6.194787371145146e-17]}, "segments": [14437, 12103, 14020, 12521, 53386, 12074, 12076, 12090, 12549, 12556, 12580, 12833, 13668, 14013, 14019, 14032, 14037, 14100, 14319, 14364, 53083, 53140, 53143, 53223, 53392, 53400, 53415, 53433, 56101, 12550, 9920, 10247, 10624, 10571, 7554, 10576, 11986, 12006, 12462, 12484, 13966, 13980, 16763, 16906, 20980, 53122, 53361, 10238, 51808, 11931, 51806], "label": "printer"}, {"objectId": 27, "id": 27, "partId": 27, "index": 24, "dominantNormal": [0.2235809713602066, -0.9746853709220886, -2.1642362811260277e-16], "obb": {"axesLengths": [5.680562414674362, 0.4200000073015686, 0.3609136518033294], "centroid": [1.6545419025728874, 4.531973070383107, 0.1200000135068573], "normalizedAxes": [0.9746853709220886, 0.2235809713602066, 4.9644948454431815e-17, 0, -2.220446049250313e-16, 1, 0.2235809713602066, -0.9746853709220886, -2.1642362811260277e-16]}, "segments": [32269, 14859, 1699, 44232, 40152, 49253, 1765, 11781, 11783, 11877, 11886, 11903, 12426, 25335, 25336, 40102, 40780, 52748, 52817, 52941, 61086, 61294, 63161, 49195, 60924, 65326, 12312, 12544, 12359, 40885, 32743, 43160, 58246, 47914, 58258, 43105, 21230, 48150, 63081, 47742, 47385, 46538, 63348, 46550, 48114, 63305, 48963, 63521, 48922, 43519, 43651, 61840, 42687, 41961, 50760, 37811, 65400, 59962, 1786, 11438, 11587, 11638, 15419, 15430, 16221, 16233, 16236, 16246, 18076, 21201, 21210, 25358, 25379, 25882, 25901, 25902, 25922, 32260, 32776, 37352, 37692, 37695, 37701, 37704, 37751, 37766, 37773, 40590, 40833, 40857, 40861, 41889, 41993, 41999, 42738, 42765, 43084, 43474, 43484, 43530, 43545, 43547, 43639, 48737, 48915, 49087, 49163, 50682, 50709, 50735, 50746, 50787, 52574, 52584, 52661, 52675, 53664, 58265, 59958, 61356, 61427, 61823, 61906, 61929, 63156, 63325, 63356, 63362, 63365, 63512, 63554, 63563, 37330], "label": "shelf"}], "scan_id": "1d234004-e280-2b1a-8ec8-560046b9fc96", "annId": "4989", "appId": "stk.v1"}