{"segGroups": [{"objectId": 1, "id": 1, "partId": 1, "index": 0, "dominantNormal": [0, -2.220446049250313e-16, 1], "obb": {"axesLengths": [3.8683099801604577, 0.20468997497804509, 3.393429614611697], "centroid": [-1.261354820490731, 1.4538034115647638, -1.38765503521133], "normalizedAxes": [0.9165506958961487, -0.39991846680641174, -8.879973796425394e-17, 0, -2.220446049250313e-16, 1, -0.39991846680641174, -0.9165506958961487, -2.0351513716402285e-16]}, "segments": [16945, 26807, 11951, 8440, 13716, 13733, 13747, 13750, 13792, 18647, 20698, 21494, 22115, 22162, 22169, 22326, 22786, 23676, 24311, 24321, 24325, 24350, 24355, 24365, 24369, 24891, 25378, 25457, 25478, 25483, 25584, 26367, 28377, 28803, 28831, 28835, 29290, 29336, 29392, 29408, 30667, 30696, 30788, 30831, 30841, 34249, 35759, 37646, 38742, 39370, 39930, 39932, 39933, 40656, 40657, 41803, 31200, 38937], "label": "floor"}, {"objectId": 2, "id": 2, "partId": 2, "index": 1, "dominantNormal": [0.7278055548667908, -0.6857835650444031, -1.52274540764364e-16], "obb": {"axesLengths": [3.6155363366082933, 2.245669970385655, 0.16068274569721383], "centroid": [-2.670261438611027, 3.07709919684849, 0.5328349781386934], "normalizedAxes": [0.6857835650444031, 0.7278055548667908, 1.6160529689263975e-16, 0, -2.220446049250313e-16, 1, 0.7278055548667908, -0.6857835650444031, -1.52274540764364e-16]}, "segments": [6391, 27192, 3018, 9410, 9439, 3653, 3656, 3663, 4282, 4621, 4676, 7606, 7837, 7859, 7889, 7905, 8222, 10213, 10602, 10633, 10639, 11405, 19371, 19745, 19780, 19797, 20723, 33422, 33488, 33491, 33966, 38461, 6275, 33924, 11723, 33938, 3098, 3672, 7881, 7910, 36383], "label": "wall"}, {"objectId": 3, "id": 3, "partId": 3, "index": 2, "dominantNormal": [-0.6797236800193787, -0.733468234539032, -1.6286266436327956e-16], "obb": {"axesLengths": [1.6763735539056948, 2.779999909251929, 0.23171260584549014], "centroid": [-0.08745735700222634, 1.9622174085367727, -0.04000000742666332], "normalizedAxes": [0.733468234539032, -0.6797237396240234, -1.5092898922298113e-16, 0, -2.220446049250313e-16, 1, -0.6797237396240234, -0.733468234539032, -1.6286266436327956e-16]}, "segments": [3086, 10592, 3140, 7916, 9010, 9571, 9603, 9728, 9797, 9896, 9905, 9941, 10439, 18235, 18237, 19246, 19261, 20134, 20810, 21910, 24851, 25889, 25988, 27257, 28683, 28702, 29101, 29258, 29478, 30213, 30374, 31484, 31991, 33407, 34622, 34664, 35268, 36128, 39428, 39725, 39726, 39731, 39788, 29526, 25958, 1455, 1767, 1787, 2060, 5460, 7891, 18217, 19115, 20553, 21959, 21974, 21999, 22027, 22470, 22474, 23647, 25530, 26451, 28146, 28176, 28192, 28195, 29019, 29102, 30190, 31992, 32880, 34316, 36132, 36988, 38443, 38445, 39163, 39565, 39747, 41280, 41303, 41847, 1456, 32875, 10026], "label": "wall"}, {"objectId": 4, "id": 4, "partId": 4, "index": 3, "dominantNormal": [0.7189366817474365, -0.6950755715370178, -1.5433778067497746e-16], "obb": {"axesLengths": [2.235273650498774, 2.164874982128851, 0.6209879040815851], "centroid": [-2.5478992408086456, 2.802986842821948, -0.36456254976318947], "normalizedAxes": [0.6950755715370178, 0.7189366817474365, 1.596360114647225e-16, 0, -2.220446049250313e-16, 1, 0.7189366817474365, -0.6950755715370178, -1.5433778067497746e-16]}, "segments": [22739, 10660, 38787, 1123, 3216, 34270, 18685, 32299, 38879, 29476], "label": "cabinet"}, {"objectId": 5, "id": 5, "partId": 5, "index": 4, "dominantNormal": [-0.669750452041626, -0.7425862550735474, -1.6488727163056435e-16], "obb": {"axesLengths": [2.4443939584660574, 1.7001999534621834, 0.5132165027881544], "centroid": [-3.037486848115457, 0.9265025805673504, -0.5601000380254517], "normalizedAxes": [0.7425862550735474, -0.669750452041626, -1.4871447452194397e-16, 0, -2.220446049250313e-16, 1, -0.669750452041626, -0.7425862550735474, -1.6488727163056435e-16]}, "segments": [11630, 10265, 30855, 6920, 10260, 10274, 10293, 10916, 10938, 10959, 12514, 12784, 13892, 20955, 24802, 5530, 6801, 12377, 20870, 20908, 20931, 20945, 26618, 26749, 26878, 33648, 36662, 36663, 36666, 37115, 37119, 37124, 37903, 37907, 37962, 5688, 9293, 10329, 14440, 16530, 16533, 33032, 33035, 34058, 34061, 34064, 34182, 34480, 37913, 38431, 10778], "label": "wall"}, {"objectId": 6, "id": 6, "partId": 6, "index": 5, "dominantNormal": [-0.6828420162200928, -0.7305660843849182, -1.6221825757887625e-16], "obb": {"axesLengths": [1.3293804793048434, 2.50844997521229, 0.2245017628378262], "centroid": [-1.0910581891437627, 2.9055421751154835, -0.18422500553812737], "normalizedAxes": [0.7305660843849182, -0.6828420162200928, -1.5162138571780232e-16, 0, -2.220446049250313e-16, 1, -0.6828420162200928, -0.7305660843849182, -1.6221825757887625e-16]}, "segments": [282, 9627, 40863, 32281, 690, 30775, 3944, 798, 32147, 31030, 25544, 9852, 35471, 24222, 38011, 25548, 25635, 26108, 17256, 31358, 9898, 17525, 38049, 17539, 17527, 7421, 19555, 337, 358, 682, 760, 4257, 4822, 4863, 6016, 6449, 6751, 6980, 7174, 7265, 7271, 8968, 9716, 9719, 10498, 10508, 12802, 13247, 16644, 16713, 16804, 17241, 17251, 19712, 21304, 21350, 21351, 22489, 22548, 23818, 24053, 24081, 24245, 25690, 25866, 28057, 30483, 30787, 31051, 31310, 31345, 31361, 31969, 32505, 32548, 32838, 35492, 36778, 36826, 37148, 37541, 37583, 38029, 38136, 38279, 38316, 38392, 39041, 39143, 39145, 39148, 39210, 39918, 40258, 40648, 40734, 40798, 40800, 40802, 40805, 40900, 6455, 931, 25574, 3805], "label": "curtain"}, {"objectId": 7, "id": 7, "partId": 7, "index": 6, "dominantNormal": [-0.6533288359642029, -0.757074236869812, -1.6810424982467698e-16], "obb": {"axesLengths": [0.7978138020314246, 2.5181699428371336, 0.19712764779595193], "centroid": [-1.6922807711377061, 3.56941549774184, -0.16908500887107025], "normalizedAxes": [0.757074236869812, -0.6533288359642029, -1.4506814326780201e-16, 0, -2.220446049250313e-16, 1, -0.6533288359642029, -0.757074236869812, -1.6810424982467698e-16]}, "segments": [41032, 11503, 8505, 32294, 31268, 40972, 10054, 12867, 12882, 12884, 12912, 15125, 15171, 15189, 18370, 18375, 18667, 31296, 31486, 31506, 31531, 31543, 31580, 32120, 32184, 32335, 34680, 9384], "label": "wall"}, {"objectId": 8, "id": 8, "partId": 8, "index": 7, "dominantNormal": [0.8475210070610046, -0.5307618975639343, -1.1785281585384373e-16], "obb": {"axesLengths": [0.9918910290405798, 1.120000039339064, 0.9371427078104545], "centroid": [-0.3873472278681962, 1.7373256518669113, -1.1500000267236659], "normalizedAxes": [0.5307618975639343, 0.8475209474563599, 1.8818745394363564e-16, 0, -2.220446049250313e-16, 1, 0.8475209474563599, -0.5307618975639343, -1.1785281585384373e-16]}, "segments": [21539, 18808, 23024, 23045, 21153, 29937, 24659, 23133, 21017, 27572, 17647, 17666, 17696, 17700, 17727, 17732, 17743, 17765, 17782, 17818, 17851, 18548, 18831, 20747, 20755, 20771, 20834, 20849, 21071, 21080, 21084, 21143, 21147, 21168, 21169, 21246, 21686, 21808, 22080, 22085, 22209, 22256, 22268, 22285, 23016, 27313, 27531, 27535, 28471, 28504, 28509, 28531, 28560, 28570, 28583, 28605, 29576, 29578, 29587, 29631, 29641, 29645, 29674, 29709, 29738, 29819, 29823, 29834, 29861, 29927, 29975, 29977, 30007, 30014, 30051, 30306, 35743, 35745, 36774, 38572, 39294, 39305, 39318, 39322, 39329, 39403, 39996, 40001, 40228, 40249, 40253, 40363, 40410, 40413, 40416], "label": "table"}, {"objectId": 9, "id": 9, "partId": 9, "index": 8, "dominantNormal": [-0.1411309391260147, -0.9899909496307373, -2.1982214929011363e-16], "obb": {"axesLengths": [0.773297858281179, 1.0306450196211403, 0.7654738374157776], "centroid": [0.04473532091743282, 1.2067506823379641, -0.8903375384641976], "normalizedAxes": [0.9899909496307373, -0.1411309391260147, -3.133736362093458e-17, 0, -2.220446049250313e-16, 1, -0.1411309391260147, -0.9899909496307373, -2.1982214929011363e-16]}, "segments": [27102, 26932, 4224, 4326, 4313, 6131, 33560, 18889, 4149, 4181, 6168, 7991, 26936, 33185, 33189, 33576, 40435, 40547, 40528, 2001, 6030], "label": "chair"}, {"objectId": 10, "id": 10, "partId": 10, "index": 9, "dominantNormal": [0.979228675365448, 0.20275910198688507, 4.5021564695632026e-17], "obb": {"axesLengths": [0.7794476979211218, 0.8141649481468282, 0.7650104301500756], "centroid": [-1.000292543418532, 2.167410742731528, -0.7920675118311293], "normalizedAxes": [-0.20275908708572388, 0.979228675365448, 2.1743244435278264e-16, 0, -2.220446049250313e-16, 1, 0.979228675365448, 0.20275908708572388, 4.5021561386909576e-17]}, "segments": [20382, 19906, 19929, 19859, 37849, 17501, 19020, 20418, 24730, 24749, 35927, 35929, 37705, 40556, 30380, 23268, 20256, 20388, 37086, 37724], "label": "chair"}, {"objectId": 11, "id": 11, "partId": 11, "index": 10, "dominantNormal": [0.864486575126648, 0.5026559233665466, 1.1161203591715166e-16], "obb": {"axesLengths": [1.2873544431349178, 1.1179849441799903, 0.5492377817539351], "centroid": [-3.345607874126224, 1.4794382079406807, 0.5207774262940723], "normalizedAxes": [-0.5026559233665466, 0.864486575126648, 1.9195458003698994e-16, 0, -2.220446049250313e-16, 1, 0.864486575126648, 0.5026559233665466, 1.1161203591715166e-16]}, "segments": [6534, 9212, 3042, 3721, 8697, 2866, 3757, 4430, 8794, 8821, 8937, 29623, 33654, 34153, 2748], "label": "kitchen cabinet"}, {"objectId": 12, "id": 12, "partId": 12, "index": 11, "dominantNormal": [0.717212975025177, 0.6968540549278259, 1.5473268331685517e-16], "obb": {"axesLengths": [1.7124951189966242, 0.9421000270076082, 0.6224708688985103], "centroid": [-2.7335385599948934, 1.1152682238427574, -0.9610500585558983], "normalizedAxes": [-0.6968540549278259, 0.717212975025177, 1.5925327168657177e-16, 0, -2.220446049250313e-16, 1, 0.717212975025177, 0.6968540549278259, 1.5473268331685517e-16]}, "segments": [12334, 14211, 20042, 13988, 21335, 34346, 31376, 13921, 14288, 13298, 13305, 13334, 13346, 13348, 13355, 13356, 13371, 13398, 13401, 13411, 13414, 13426, 13428, 13433, 13453, 13459, 13467, 13485, 13922, 13958, 13977, 14062, 14070, 14082, 14096, 14114, 14185, 14212, 14279, 14320, 14325, 14333, 14346, 14354, 14359, 14364, 14375, 14382, 14488, 14966, 14976, 14987, 14990, 15008, 15209, 15518, 15528, 15538, 16108, 16422, 16423, 16451, 16480, 16481, 16517, 16524, 16551, 16621, 16636, 16694, 16697, 17667, 17852, 18015, 18037, 18056, 18078, 20220, 34223, 34224, 34228, 34233, 34242, 34258, 34262, 34274, 34275, 34285, 34300, 34345, 34366, 34408, 34440, 34447, 34449, 34458, 34479, 34483, 34669, 34781, 35296, 35306, 35825, 35991, 35992, 35996, 36581, 36583, 36589, 13589], "label": "kitchen cabinet"}, {"objectId": 13, "id": 13, "partId": 13, "index": 12, "dominantNormal": [0, -2.220446049250313e-16, 1], "obb": {"axesLengths": [2.6675634504238745, 0.4399999877810483, 1.7967076975420433], "centroid": [-2.8052609380835394, 1.706910728288495, -0.6500000378995368], "normalizedAxes": [0.04568472504615784, 0.9989559054374695, 2.2181276936038985e-16, 0, -2.220446049250313e-16, 1, 0.9989559054374695, -0.04568472504615784, -1.01440467239828e-17]}, "segments": [15387, 14537, 15563, 22168, 36040, 14032, 8084, 11101, 12286, 12525, 12643, 12653, 12692, 12843, 12876, 12935, 12952, 13082, 14870, 14915, 14920, 14927, 15089, 15286, 15476, 15486, 15499, 16103, 16265, 16808, 16852, 16876, 16883, 19178, 19217, 19224, 19230, 19235, 19236, 19351, 20182, 20211, 20265, 21644, 21657, 21815, 21819, 21821, 21834, 21850, 21868, 21891, 22624, 22661, 23616, 23633, 23645, 23687, 23715, 23720, 23735, 23748, 23767, 23777, 23795, 23819, 23821, 30171, 30218, 30244, 30357, 30385, 33777, 33791, 33792, 33799, 33808, 33810, 34330, 34333, 34339, 34343, 34765, 35406, 35409, 35413, 35484, 35486, 35490, 35650, 35698, 35702, 35709, 35716, 35718, 35721, 35726, 35749, 35754, 36007, 36013, 36018, 36020, 36059, 36601, 36603, 36614, 36617, 36626, 36630, 36632, 36638, 36651, 36669, 36675, 36681, 36684, 36695, 36739, 36762, 38155, 38636, 38671, 38683, 38687, 38975, 39004, 39025, 39034, 39039, 10323, 10417], "label": "counter"}, {"objectId": 14, "id": 14, "partId": 14, "index": 13, "dominantNormal": [-0.6825252175331116, -0.730862021446228, -1.6228396880673746e-16], "obb": {"axesLengths": [1.420023517705208, 0.9200000110268589, 0.24927415743090378], "centroid": [-2.355031846692881, 0.3813604639319088, 0.6299999570340677], "normalizedAxes": [0.730862021446228, -0.6825252175331116, -1.515510422785108e-16, 0, -2.220446049250313e-16, 1, -0.6825252175331116, -0.730862021446228, -1.6228396880673746e-16]}, "segments": [301, 2213, 725, 1701, 2276, 20814, 33110], "label": "wall"}, {"objectId": 15, "id": 15, "partId": 15, "index": 14, "dominantNormal": [0.854003369808197, 0.5202674865722656, 1.1552258851127775e-16], "obb": {"axesLengths": [0.5769415326194235, 0.7101730042657326, 0.3135988831567631], "centroid": [-2.360728569700081, 0.6489932736563974, 0.3450864561121967], "normalizedAxes": [-0.5202674865722656, 0.854003369808197, 1.8962684085370652e-16, 0, -2.220446049250313e-16, 1, 0.854003369808197, 0.5202674865722656, 1.1552258851127775e-16]}, "segments": [32696, 1345, 3210, 32611, 32843, 3255, 3386, 33055, 33068], "label": "kitchen cabinet"}, {"objectId": 16, "id": 16, "partId": 16, "index": 15, "dominantNormal": [0.7586031556129456, 0.6515529155731201, 1.4467380972618574e-16], "obb": {"axesLengths": [0.6675224528940404, 1.8424299841576064, 0.5015445464264614], "centroid": [-1.9522916615985786, 0.18498529012163667, -0.5112150512870006], "normalizedAxes": [-0.6515529155731201, 0.7586031556129456, 1.6844373798295854e-16, 0, -2.220446049250313e-16, 1, 0.7586031556129456, 0.6515529155731201, 1.4467380972618574e-16]}, "segments": [4992, 32812, 1067, 2301, 2306, 4938, 28954, 40774, 982, 1034, 232, 1044, 1623, 1624, 2279, 2627, 2634, 2721, 2767, 2815, 5003, 5239, 13032, 13073, 13148, 25230, 27650, 28614, 30421, 31669, 31684, 31713, 31720, 32561, 32575, 32602, 32701, 32727, 32752, 34025, 34206, 37700, 37901, 38263, 38294, 41174, 2666, 13057, 33893, 11846, 11873, 12319, 23507, 23709, 25208, 26735, 30466, 30534, 31601, 33282, 34035, 34048, 37571, 41160, 41165, 11868, 41214, 31702, 19940], "label": "kitchen cabinet"}, {"objectId": 17, "id": 17, "partId": 17, "index": 16, "dominantNormal": [-0.47546812891960144, -0.8797329664230347, -1.9533995896892857e-16], "obb": {"axesLengths": [0.1313517443386657, 1.8999999336898332, 0.07179789760322741], "centroid": [-1.5408884220957213, 0.01280835867775032, -0.20000003007642753], "normalizedAxes": [0.8797329664230347, -0.47546809911727905, -1.0557512622295185e-16, 0, -2.220446049250313e-16, 1, -0.47546809911727905, -0.8797329664230347, -1.9533995896892857e-16]}, "segments": [7340, 976, 32491], "label": "wall"}, {"objectId": 18, "id": 18, "partId": 18, "index": 17, "dominantNormal": [0.7219681739807129, -0.6919263005256653, -1.5363850203745983e-16], "obb": {"axesLengths": [0.5266785648795834, 0.35999997645616566, 0.1322654826427187], "centroid": [-3.6954735847790214, 1.9398095529475334, -0.3300000373034908], "normalizedAxes": [0.6919263005256653, 0.7219681739807129, 1.6030913795999366e-16, 0, -2.220446049250313e-16, 1, 0.7219681739807129, -0.6919263005256653, -1.5363850203745983e-16]}, "segments": [10734, 10721], "label": "cutting board"}, {"objectId": 19, "id": 19, "partId": 19, "index": 18, "dominantNormal": [0.7369751930236816, -0.6759198307991028, -1.5008435179078079e-16], "obb": {"axesLengths": [0.4526373175775637, 0.5800000001490113, 0.2132666120561274], "centroid": [-2.9384619328519026, 2.7146213012831932, 0.4399999562145043], "normalizedAxes": [0.6759198307991028, 0.7369751334190369, 1.6364135233960228e-16, 0, -2.220446049250313e-16, 1, 0.7369751334190369, -0.6759198307991028, -1.5008435179078079e-16]}, "segments": [38578, 5978, 26738, 3953, 5746, 7588, 27752, 27764, 27859, 33144, 33409, 33434, 33441, 38663, 38982, 7760, 5776, 27677, 3773, 5778, 7680, 7688, 8110, 27709, 27720, 27749, 27751, 27836, 27899, 33432, 33445, 33465, 38658, 38689, 39134], "label": "shelf"}, {"objectId": 20, "id": 20, "partId": 20, "index": 19, "dominantNormal": [0.9911365509033203, 0.13284723460674286, 2.9498011723637165e-17], "obb": {"axesLengths": [0.3520313895002331, 0.2617449850944062, 0.25066045661906344], "centroid": [-3.6536451297373365, 1.70532523414162, -0.37912753298437063], "normalizedAxes": [-0.13284723460674286, 0.9911365509033203, 2.2007652387208594e-16, 0, -2.220446049250313e-16, 1, 0.9911365509033203, 0.13284723460674286, 2.9498011723637165e-17]}, "segments": [35380, 16410, 16398, 16432, 16391, 10794, 16370, 10837, 35314], "label": "item"}, {"objectId": 21, "id": 21, "partId": 21, "index": 20, "dominantNormal": [0, -2.220446049250313e-16, 1], "obb": {"axesLengths": [0.9176606502250411, 0.32017099141692373, 0.7144206805652342], "centroid": [-2.8394393423261377, 1.118801930612003, -0.5500855191538727], "normalizedAxes": [0.9135227799415588, -0.40678754448890686, -9.032497960446292e-17, 0, -2.220446049250313e-16, 1, -0.40678754448890686, -0.9135227799415588, -2.0284280476213975e-16]}, "segments": [15716, 15843, 15739, 15752, 52, 11146, 34996, 12598, 11651, 11153, 32519, 44, 15103, 84, 15707, 15298, 15633, 16015, 35220, 15978, 12708, 15866, 45, 133, 11229, 11235, 11268, 11275, 11288, 11308, 11309, 11684, 12427, 12444, 12458, 12564, 12626, 12661, 14666, 14840, 15066, 15077, 15246, 15248, 15626, 15669, 15674, 15779, 15803, 15815, 15863, 15869, 15887, 15939, 15942, 15949, 15956, 15974, 15980, 15991, 16010, 16041, 16061, 20506, 22613, 32523, 34069, 34086, 34803, 34857, 34892, 34896, 35176, 35186, 35275, 35922, 36249], "label": "stove"}, {"objectId": 22, "id": 22, "partId": 22, "index": 21, "dominantNormal": [0, -2.220446049250313e-16, 1], "obb": {"axesLengths": [0.43760769729745774, 0.0727519972752333, 0.1717227536141101], "centroid": [-2.4627130236134156, 0.6483619161204051, -0.46637604264662946], "normalizedAxes": [0.9375909566879272, -0.347740113735199, -7.721381617091771e-17, 0, -2.220446049250313e-16, 1, -0.347740113735199, -0.9375909566879272, -2.0818701355905295e-16]}, "segments": [12390, 11163], "label": "rolling pin"}, {"objectId": 23, "id": 23, "partId": 23, "index": 22, "dominantNormal": [0.7188746333122253, -0.6951397657394409, -1.5435203465129297e-16], "obb": {"axesLengths": [1.2563894667061484, 0.4588110046354456, 0.4214038893402558], "centroid": [-3.2002507477405175, 2.5115265133730142, -0.6405945294723381], "normalizedAxes": [0.6951397657394409, 0.7188746333122253, 1.5962223394443983e-16, 0, -2.220446049250313e-16, 1, 0.7188746333122253, -0.6951397657394409, -1.5435203465129297e-16]}, "segments": [1378, 1415, 7465, 33382, 7446, 11897, 11896, 1776, 12023, 5357, 1791, 33320, 1548, 33536, 1365, 33851, 33731, 13421, 1496, 1798, 5331, 7466, 11946, 11974, 12029, 12044, 12111, 12123, 12167, 12183, 12203, 12232, 12263, 13139, 13293, 13447, 13468, 13504, 14617, 14628, 14665, 14693, 15254, 15611, 33344, 33348, 33370, 33749, 33753, 34498, 34501, 34513, 34515, 34518, 34522, 34526, 34528, 34531, 34534, 34552, 34556, 34558, 34563, 34566, 34588, 34626, 34632], "label": "sink"}, {"objectId": 25, "id": 25, "partId": 25, "index": 23, "dominantNormal": [-0.651329517364502, -0.7587949633598328, -1.6848632785833767e-16], "obb": {"axesLengths": [0.5579320531337614, 0.22832399096360811, 0.10629940205546996], "centroid": [-2.5591881170451343, 1.2905920258210972, -0.6641620415769793], "normalizedAxes": [0.7587949633598328, -0.6513295769691467, -1.4462421859410196e-16, 0, -2.220446049250313e-16, 1, -0.6513295769691467, -0.7587949633598328, -1.6848632785833767e-16]}, "segments": [19505, 19270, 35665], "label": "oven"}, {"objectId": 26, "id": 26, "partId": 26, "index": 24, "dominantNormal": [0.9913992285728455, 0.13087214529514313, 2.905945379775135e-17], "obb": {"axesLengths": [0.48132455186465617, 0.8892349551044041, 0.542649489999314], "centroid": [-2.725969558867246, 1.0302944436237398, 0.5853824243475709], "normalizedAxes": [0.9913992285728455, 0.13087214529514313, 2.905945379775135e-17, 0, -2.220446049250313e-16, 1, 0.13087214529514313, -0.9913992285728455, -2.2013485003143828e-16]}, "segments": [3692, 3536, 3479, 3040, 9015, 9017, 5647, 5536], "label": "extractor fan"}, {"objectId": 29, "id": 29, "partId": 29, "index": 25, "dominantNormal": [0.8085103034973145, -0.5884820222854614, -1.3066925814385875e-16], "obb": {"axesLengths": [0.3369520334230777, 0.7425063868796882, 0.22320611047625274], "centroid": [-0.5090519722298248, 1.719160455302216, 0.3363787494903341], "normalizedAxes": [0.5884820222854614, 0.8085103034973145, 1.7952535091787835e-16, 0, -2.220446049250313e-16, 1, 0.8085103034973145, -0.5884820222854614, -1.3066925814385875e-16]}, "segments": [9052, 6722, 6205, 28328, 41904, 28327, 37797, 24960, 36174, 32448, 5564, 9061, 39944, 39344, 39336, 9153, 5561, 5579, 6128, 6717, 6975, 9091, 9187, 9197, 10779, 12261, 12684, 13107, 19474, 24814, 24819, 28752, 28864, 28958, 29482, 32451, 32454, 32457, 41164, 41835], "label": "lamp"}, {"objectId": 32, "id": 32, "partId": 32, "index": 26, "dominantNormal": [0, -2.220446049250313e-16, 1], "obb": {"axesLengths": [0.42710541657313644, 0.34940098935214436, 0.36459569430331074], "centroid": [-0.4190410658242476, 1.7233729571714125, -0.5152995339847453], "normalizedAxes": [0.8557071685791016, -0.5174603462219238, -1.14899278141217e-16, 0, -2.220446049250313e-16, 1, -0.5174603462219238, -0.8557071685791016, -1.9000516017866377e-16]}, "segments": [18434, 24469, 17793, 24553, 35948, 35944, 18268, 18307, 18368, 18421, 21554, 24581, 24585, 35938, 36843, 37652, 37682], "label": "items"}, {"objectId": 33, "id": 33, "partId": 33, "index": 27, "dominantNormal": [0, -2.220446049250313e-16, 1], "obb": {"axesLengths": [0.2067140932977654, 0.15011202953505443, 0.1725358196762674], "centroid": [-0.2557721568648166, 1.9717562182300807, -0.5794490314904062], "normalizedAxes": [0.8898047804832458, 0.45634132623672485, 1.013281294951984e-16, 0, -2.220446049250313e-16, 1, 0.45634132623672485, -0.8898047804832458, -1.9757635094280653e-16]}, "segments": [19205, 24433, 24428, 19221], "label": "item"}, {"objectId": 35, "id": 35, "initialPoint": [-2.568231929866126, -1.264584368493706, 1.762802307442291], "index": 28, "dominantNormal": [0, -2.220446049250313e-16, 1], "obb": {"axesLengths": [3.613544876648001, 0.859999995082617, 1.311106784355493], "centroid": [-3.3995323323905597, 0.06065130774814853, 1.4399999189616013], "normalizedAxes": [-0.5036293268203735, 0.8639198541641235, 1.9182874270476347e-16, 0, -2.220446049250313e-16, 1, 0.8639198541641235, 0.5036293268203735, 1.1182817490248932e-16]}, "segments": [6805, 11704, 6649, 6582, 6642, 6757, 2133, 1346, 2052, 1892, 26039, 22399, 2488, 24514, 17634, 19612, 37803, 17870], "partId": 35, "label": "ceiling"}], "scan_id": "dbeb4d09-faf9-2324-9b85-dabd70dba4d0", "annId": "3733", "appId": "stk.v1"}