{"segGroups": [{"objectId": 1, "id": 1, "partId": 1, "index": 0, "dominantNormal": [0, -2.220446049250313e-16, 1], "obb": {"axesLengths": [5.18101991725684, 0.3307199404227737, 3.226842650410345], "centroid": [-0.23472100865467854, 1.8150375422644316, -1.5353600252872694], "normalizedAxes": [0.7074819207191467, -0.7067314386367798, -1.5692590308020277e-16, 0, -2.220446049250313e-16, 1, -0.7067314386367798, -0.7074819207191467, -1.5709254357768526e-16]}, "segments": [9770, 24126, 19817, 24121, 24323, 24332, 38166, 41516, 48821, 66167, 66183, 66218, 66877, 1877, 66836, 36782, 17477, 12452, 23095, 29625, 48153, 25120, 53105, 39023, 22333, 48790], "label": "floor"}, {"objectId": 2, "id": 2, "partId": 2, "index": 1, "dominantNormal": [0.7939262986183167, 0.6080139875411987, 1.3500622565247838e-16], "obb": {"axesLengths": [5.026850330052467, 2.61976593837665, 0.18785763733390298], "centroid": [0.9707121908934091, 2.783246299441854, -0.34371705227351845], "normalizedAxes": [-0.6080139875411987, 0.7939262986183167, 1.7628705131629655e-16, 0, -2.220446049250313e-16, 1, 0.7939262986183167, 0.6080139875411987, 1.3500622565247838e-16]}, "segments": [48203, 46280, 1757, 7754, 40239, 41268, 41714, 41742, 48645, 51934, 67586, 41003, 40920, 10503, 52022, 31555], "label": "wall"}, {"objectId": 4, "id": 4, "partId": 4, "index": 2, "dominantNormal": [0.6075170636177063, -0.7943066358566284, -1.7637150314811576e-16], "obb": {"axesLengths": [2.9678328962942646, 2.5399999646842475, 0.1546833339028755], "centroid": [1.3648171682585843, -0.05771337610799132, -0.34000007690608336], "normalizedAxes": [0.7943066358566284, 0.6075170636177063, 1.348958863762087e-16, 0, -2.220446049250313e-16, 1, 0.6075170636177063, -0.7943066358566284, -1.7637150314811576e-16]}, "segments": [6399, 6533, 28607, 29501, 35385, 35511], "label": "wall"}, {"objectId": 5, "id": 5, "partId": 5, "index": 3, "dominantNormal": [0.5644983053207397, -0.8254342079162598, -1.8328321258837205e-16], "obb": {"axesLengths": [1.1119196248118361, 2.019999965578317, 0.20055815259882642], "centroid": [1.3291119132540918, -0.03796956275082919, -0.6000000764590485], "normalizedAxes": [0.8254342079162598, 0.5644983053207397, 1.2534380318579336e-16, 0, -2.220446049250313e-16, 1, 0.5644983053207397, -0.8254342079162598, -1.8328321258837205e-16]}, "segments": [6709, 6952, 5314, 20900, 51459, 35205, 59912], "label": "door"}, {"objectId": 6, "id": 6, "partId": 6, "index": 4, "dominantNormal": [0.9173427224159241, 0.3980983793735504, 8.839559736929523e-17], "obb": {"axesLengths": [1.4671839397362747, 2.3745899861770114, 1.053161719889524], "centroid": [1.861775455849347, 0.984097191195034, -0.43729509078170903], "normalizedAxes": [-0.3980983793735504, 0.9173427224159241, 2.0369100237969652e-16, 0, -2.220446049250313e-16, 1, 0.9173427224159241, 0.3980983793735504, 8.839559736929523e-17]}, "segments": [52830, 17355, 53351, 53352, 4476, 2399, 1040, 674, 705, 1566, 63074, 630, 679, 728, 1550, 1615, 4527, 17423, 47522, 47656, 53332, 53384, 53451, 53490, 53497, 53544, 55128, 63090, 63103, 63270, 66984, 16272, 28451, 3571, 3609, 3621, 3632, 46518, 52292, 52349, 54530, 54537, 55148, 55176, 55363, 55372, 63293, 63454, 67969, 68122, 44249, 68103, 57257, 3388, 487, 477, 57213, 18358, 19, 51130, 12690, 1240, 14007, 22615, 26750, 33625, 48649, 40350, 47883, 46490, 8024], "label": "wardrobe"}, {"objectId": 7, "id": 7, "partId": 7, "index": 5, "dominantNormal": [0.7899686098098755, 0.6131473183631897, 1.3614605406679685e-16], "obb": {"axesLengths": [5.042673704391226, 2.5862000006541597, 0.16674948182877913], "centroid": [-1.3168840470627419, 0.9844344006763925, -0.3631000948910392], "normalizedAxes": [-0.6131473183631897, 0.7899686098098755, 1.7540826786841001e-16, 0, -2.220446049250313e-16, 1, 0.7899686098098755, 0.6131473183631897, 1.3614605406679685e-16]}, "segments": [18206, 14963, 13738, 58586, 13763, 14676, 14778, 14920, 35537, 20306, 54814, 61704, 60614, 21581, 30429], "label": "wall"}, {"objectId": 8, "id": 8, "partId": 8, "index": 6, "dominantNormal": [0.6167346239089966, -0.7871711254119873, -1.74787101550497e-16], "obb": {"axesLengths": [3.034598979458987, 2.500000003725289, 0.19141443630368257], "centroid": [-1.691315523306225, 3.846001042282742, -0.3200000964266039], "normalizedAxes": [0.7871711254119873, 0.6167346239089966, 1.3694259590946091e-16, 0, -2.220446049250313e-16, 1, 0.6167346239089966, -0.7871711254119873, -1.74787101550497e-16]}, "segments": [29943, 27717, 28143, 2208, 28124, 28276, 35237, 40106, 49845, 40247, 45593, 20645, 56951, 56763], "label": "wall"}, {"objectId": 9, "id": 9, "partId": 9, "index": 7, "dominantNormal": [0.6148443818092346, -0.7886484265327454, -1.7511512829421102e-16], "obb": {"axesLengths": [1.2821369702258698, 1.2799999427795419, 0.3097305940796412], "centroid": [-2.1252105255007927, 3.6521371849888826, 0.009999909310342892], "normalizedAxes": [0.7886484861373901, 0.6148443818092346, 1.365228778492066e-16, 0, -2.220446049250313e-16, 1, 0.6148443818092346, -0.7886484861373901, -1.7511514152910082e-16]}, "segments": [13227, 50067, 13070, 14507, 63217, 11565, 46049, 63229, 6654, 6833, 64555, 64905, 39646, 6900, 46015, 10114, 10091, 10257, 14313, 16569, 33867, 46221, 45525, 49020, 48952, 49097, 64595, 64621, 45199, 50003, 64614, 63154, 49148, 45979, 33631, 5769, 34180], "label": "window"}, {"objectId": 10, "id": 10, "partId": 10, "index": 8, "dominantNormal": [0, -2.220446049250313e-16, 1], "obb": {"axesLengths": [5.4223017405563905, 0.14482503805700542, 3.753123174445787], "centroid": [-0.16402685002463516, 1.8882674712769782, 0.9156083940790194], "normalizedAxes": [-0.4821520745754242, 0.8760875463485718, 1.9453051310870868e-16, 0, -2.220446049250313e-16, 1, 0.8760875463485718, 0.4821520745754242, 1.070592669128843e-16]}, "segments": [47128, 49010, 54418, 6299, 6346, 7558, 10960, 11011, 11410, 12059, 12814, 15341, 15868, 18175, 36332, 37316, 37544, 42549, 42551, 42558, 49189, 51681, 53557, 53598, 54210, 54233, 54414, 54682, 54698, 66019, 66021, 67152, 67406, 67454, 67463, 67474, 67928, 67932, 67343, 16207, 12388, 67174, 67416], "label": "ceiling"}, {"objectId": 11, "id": 11, "partId": 11, "index": 9, "dominantNormal": [0, -2.220446049250313e-16, 1], "obb": {"axesLengths": [1.5745883644205776, 0.8999999560415749, 1.0164300009507912], "centroid": [-2.0180628112674164, 3.097377724411573, -1.2000000421863781], "normalizedAxes": [0.7587989568710327, 0.6513249278068542, 1.446231862726975e-16, 0, -2.220446049250313e-16, 1, 0.6513249278068542, -0.7587989568710327, -1.6848721459595433e-16]}, "segments": [28047, 28931, 58402, 26515, 37831, 21010, 8504, 2194, 20165, 20168, 21003, 21017, 21042, 21044, 21091, 21106, 21127, 21162, 21220, 26225, 26352, 36568, 36613, 37884, 43299, 56827, 56831, 56851, 56855, 56861, 56864, 61350, 61356, 61523, 61640, 61648, 61678, 61682, 63317, 7054, 7819, 21071, 21150, 28104, 35410, 54472, 55748, 61159, 11031, 21103, 36639, 20186, 21225, 23714, 26263, 26339, 34920, 35308, 36649, 9815, 58925, 27239, 59349, 20750, 20981, 30252, 30034, 20816, 19922, 20056, 20100, 20126, 20238, 20243, 20253, 20336, 20347, 20378, 20386, 20405, 20470, 20525, 20568, 20571, 20636, 20648, 20842, 20843, 20874, 20967, 20975, 20978, 21210, 21304, 21334, 21336, 21340, 21354, 21356, 21381, 21595, 21617, 21621, 21625, 21643, 21644, 21657, 21711, 21714, 21741, 21765, 23020, 23108, 23190, 23458, 23663, 23696, 23722, 23769, 23784, 23791, 23816, 23817, 23820, 23827, 23831, 23876, 23886, 23909, 23921, 23960, 23999, 25038, 26237, 26255, 26278, 26292, 26319, 26328, 26329, 27134, 27148, 27152, 27196, 27199, 27200, 27611, 27624, 27646, 29525, 29586, 29671, 29697, 29700, 29710, 29722, 29728, 29788, 29793, 29821, 29827, 29854, 29869, 29910, 29935, 30010, 30088, 30122, 30202, 30208, 30322, 30357, 30364, 30513, 30605, 34857, 34866, 34894, 35045, 35174, 35639, 36100, 36101, 36149, 36647, 45078, 45118, 45316, 45626, 50847, 50870, 50954, 50974, 51122, 52773, 52976, 53058, 53162, 56545, 56576, 56664, 56695, 56708, 56728, 56741, 56743, 56794, 56908, 56911, 56912, 56927, 56940, 56941, 56942, 56996, 56999, 57000, 57004, 57006, 57008, 57345, 57393, 57396, 57781, 57817, 57872, 58716, 58719, 58815, 58821, 58823, 58838, 58910, 58912, 58950, 58971, 58973, 58977, 58984, 58987, 58994, 58996, 59003, 59024, 59028, 59031, 59033, 59038, 59062, 59065, 59069, 59075, 59079, 59087, 59109, 59115, 59168, 59170, 59174, 59178, 59232, 59238, 59259, 59271, 59274, 59278, 59281, 59286, 59288, 59290, 59309, 59532, 61076, 61131, 62252, 62276, 62279, 62281, 62284, 62286, 62290, 62295, 62297, 64943, 65784, 65947, 66013, 66152, 20313, 21790, 22764, 23302, 61335, 61214, 40034, 38446, 65974, 23281, 66640, 23092, 56561, 52893, 45472, 45611, 62300, 66070, 23563, 65883, 45585, 45230, 61546, 48103, 67087, 67092, 67095, 61042, 23502, 23758, 23955, 23901, 57451, 7824, 7987, 8081], "label": "desk"}, {"objectId": 12, "id": 12, "partId": 12, "index": 10, "dominantNormal": [0, -2.220446049250313e-16, 1], "obb": {"axesLengths": [0.2763699501699696, 0.19229006337471155, 0.31913763464603995], "centroid": [-2.2699974685191484, 2.416729377169011, -1.5255550614408757], "normalizedAxes": [0.8697918057441711, 0.49341893196105957, 1.0956101180982438e-16, 0, -2.220446049250313e-16, 1, 0.49341893196105957, -0.8697918057441711, -1.9313257787349406e-16]}, "segments": [58410, 30574, 29027, 30489, 30603, 30587], "label": "trash can"}, {"objectId": 13, "id": 13, "partId": 13, "index": 11, "dominantNormal": [0.9363106489181519, -0.3511728346347809, -7.797603332688327e-17], "obb": {"axesLengths": [0.87966230656855, 0.8994220294187505, 0.7515123027031944], "centroid": [-1.6017903705014684, 2.9082967151508647, -0.9526290893873027], "normalizedAxes": [0.3511728346347809, 0.9363106489181519, 2.0790272812613072e-16, 0, -2.220446049250313e-16, 1, 0.9363106489181519, -0.3511728346347809, -7.797603332688327e-17]}, "segments": [6568, 19713, 7155, 8394, 55912, 25737, 19737, 8441, 56024, 6590, 6995, 7436, 7456, 7470, 7477, 7499, 7514, 7525, 7526, 7575, 8847, 8855, 8870, 8871, 9450, 9461, 37861, 55605, 55607, 55798, 55819, 55887, 55953, 55980, 56000, 56005, 56034, 56037, 56047, 56057, 56059, 61689, 61698, 6448, 57154, 57073, 27103, 6463, 7577, 55631, 7469], "label": "chair"}, {"objectId": 14, "id": 14, "partId": 14, "index": 12, "dominantNormal": [0, -2.220446049250313e-16, 1], "obb": {"axesLengths": [2.5463435515790853, 0.7847480002474478, 2.1593686589860117], "centroid": [-0.5439559868864079, 3.453650461409645, -1.2376260396039622], "normalizedAxes": [0.9447145462036133, -0.3278939127922058, -7.280707432326801e-17, 0, -2.220446049250313e-16, 1, -0.3278939127922058, -0.9447145462036133, -2.0976876817871155e-16]}, "segments": [5536, 7888, 55704, 55712, 63582, 61008, 61010, 61013, 39102, 33219, 38387, 33064, 33470, 33355, 8150, 18014, 22871, 22911, 22929, 23046, 23146, 23708, 38100, 38419, 38461, 38497, 38502, 38527, 38559, 38570, 38633, 38909, 38945, 38947, 38992, 38999, 39015, 39018, 39032, 39101, 40025, 41281, 44914, 47290, 48389, 48398, 52736, 52885, 52898, 53001, 53089, 53093, 61461, 61465, 61467, 61471, 61487, 61491, 61718, 61724, 63817, 65738, 66025, 5582, 5584, 47755, 4904, 48319, 7122, 7892, 7988, 22806, 22853, 22884, 22984, 23010, 23031, 23069, 23115, 23225, 23229, 35053, 45500, 45600, 45618, 52917, 55695, 55697, 55702, 55801, 55804, 56537, 56553, 61052, 61553, 64165, 65731, 65734, 65735, 65863, 66018], "label": "bed"}, {"objectId": 15, "id": 15, "partId": 15, "index": 13, "dominantNormal": [0.6829643845558167, -0.7304516434669495, -1.6219284659045862e-16], "obb": {"axesLengths": [0.49955466802889875, 0.45641993456140284, 0.32153626489454035], "centroid": [0.1621560946616153, 2.50796096275803, -1.4182100788319834], "normalizedAxes": [0.7304516434669495, 0.6829643845558167, 1.5164855694656346e-16, 0, -2.220446049250313e-16, 1, 0.6829643845558167, -0.7304516434669495, -1.6219284659045862e-16]}, "segments": [34588, 32515, 33476, 34348, 34357, 34385, 34498, 34513, 38823, 60987, 63654, 38901], "label": "backpack"}, {"objectId": 16, "id": 16, "partId": 16, "index": 14, "dominantNormal": [0.6470115780830383, -0.7624801993370056, -1.6930461462494453e-16], "obb": {"axesLengths": [0.9720934202526047, 2.030099942607433, 0.4438552450265936], "centroid": [0.4638597502535188, -0.5850691386256828, -0.6250500752554071], "normalizedAxes": [0.7624801993370056, 0.6470115780830383, 1.436654302373693e-16, 0, -2.220446049250313e-16, 1, 0.6470115780830383, -0.7624801993370056, -1.6930461462494453e-16]}, "segments": [9628, 28249, 57668, 8897, 9229, 9250, 9727, 15961, 25582, 25941, 25945, 25966, 25969, 28223, 28318, 30685, 30736, 55896, 56067, 57652, 57720, 57989, 57991, 57995, 58020, 58065, 58150, 58268, 59561, 59564, 59566, 59580, 59603, 59682, 59685, 58113, 13389, 13309, 9557, 9631, 13301, 13330, 13444, 13510, 25614, 56150, 56261, 56486, 57614, 58098, 58216, 11199, 11233, 11243, 11297, 11364, 12294, 12301, 12326, 12327, 12329, 12371, 13094, 13159, 13177, 13196, 13242, 13244, 13611, 56089, 56143, 56224, 56227, 56256, 60157, 52286, 11831, 11856, 13605, 13682, 16003, 16022, 20218, 20226, 20228, 21836, 22103, 26178, 27289, 27329, 29051, 29101, 29110, 29120, 29133, 30854, 56392, 56406, 56414, 56423, 57010, 58446, 58451, 59771, 59775, 21904, 8640, 8662, 11929, 11982, 12023, 12208, 21819, 21937, 22188, 22785, 25491, 27366, 27499, 27513, 27547, 27555, 27705, 27721, 27723, 27726, 27751, 27789, 27800, 29261, 29264, 29286, 29312, 29314, 29324, 29377, 31194, 31302, 36081, 52312, 52334, 56092, 56188, 56193, 56309, 57890, 57894, 57896, 57900, 57931, 57938, 57942, 57987, 58490, 58518, 60451, 61607, 11214, 9033, 11175, 11194, 11205, 11256, 13053, 13054, 13058, 13061, 9729, 8643, 8700, 21863, 21920, 22772, 30876, 56993, 57745, 60962, 11994, 12048, 22725, 31354, 34168, 34191, 37506, 56213, 60486, 31394, 60532, 4042, 4141, 4222, 25177, 25315, 27940, 31736, 31758, 35762, 35838, 35856, 35945, 35946, 35952, 35983, 36357, 55250, 60500, 60514, 60603, 61409, 61482, 63429, 46968, 31820, 4005, 4301, 45419, 46973, 46958, 25341, 22284, 25168, 4260, 11091, 11122, 11159, 13046, 12934, 13008, 22905, 22156, 39831, 25675, 30798, 36346, 56281], "label": "shelf"}, {"objectId": 17, "id": 17, "partId": 17, "index": 15, "dominantNormal": [0, -2.220446049250313e-16, 1], "obb": {"axesLengths": [0.27916821302700934, 0.1553780401786109, 0.2821323068049848], "centroid": [-0.20531832043010376, 2.0213645119498307, 0.8323109048672555], "normalizedAxes": [-0.18940140306949615, 0.9818997383117676, 2.1802553946942806e-16, 0, -2.220446049250313e-16, 1, 0.9818997383117676, 0.18940140306949615, 4.2055559716812886e-17]}, "segments": [54102, 42750, 42648, 42656, 54086, 62196, 42428, 42667, 42573, 42620, 62218, 42785, 42764, 62214], "label": "light"}, {"objectId": 18, "id": 18, "partId": 18, "index": 16, "dominantNormal": [0.7153246402740479, -0.6987922787666321, -1.5516305546339916e-16], "obb": {"axesLengths": [0.5196749601168659, 0.6309399463771291, 0.2677851217940586], "centroid": [1.5309860606963777, 1.730518688815816, -1.3254700220059594], "normalizedAxes": [0.6987922787666321, 0.7153246402740479, 1.588339771427911e-16, 0, -2.220446049250313e-16, 1, 0.7153246402740479, -0.6987922787666321, -1.5516305546339916e-16]}, "segments": [27027, 28452, 27038, 28561, 26631, 26622], "label": "box"}, {"objectId": 19, "id": 19, "partId": 19, "index": 17, "dominantNormal": [0.4745613932609558, -0.8802223801612854, -1.9544863064908333e-16], "obb": {"axesLengths": [0.5486895110311568, 0.3600000658631308, 0.3136562495885582], "centroid": [1.5529459983200393, 1.6615760919515945, -0.890000076533554], "normalizedAxes": [0.8802223801612854, 0.4745613932609558, 1.0537379707930135e-16, 0, -2.220446049250313e-16, 1, 0.4745613932609558, -0.8802223801612854, -1.9544863064908333e-16]}, "segments": [54882, 51165, 57110, 54912, 54947, 24750, 57297, 57303, 57499, 54944, 51309, 24756, 21837, 24788, 57178], "label": "bag"}, {"objectId": 20, "id": 20, "partId": 20, "index": 18, "dominantNormal": [0, -2.220446049250313e-16, 1], "obb": {"axesLengths": [0.45884361168088816, 0.2599999846518042, 0.33576094127611233], "centroid": [1.5818022422515499, 1.3943043670288153, 0.5199998883742114], "normalizedAxes": [0.49914538860321045, 0.8665182590484619, 1.9240570449074166e-16, 0, -2.220446049250313e-16, 1, 0.8665182590484619, -0.49914538860321045, -1.1083254061255109e-16]}, "segments": [4110, 3231], "label": "box"}, {"objectId": 21, "id": 21, "partId": 21, "index": 19, "dominantNormal": [0.24230656027793884, -0.9701997637748718, -2.1542762324575012e-16], "obb": {"axesLengths": [0.5531349249783394, 0.32980798937809475, 0.201728883285444], "centroid": [1.6360645589047047, 1.3854471256146472, 0.5949039113009587], "normalizedAxes": [0.9701997637748718, 0.24230656027793884, 5.3802864447658215e-17, 0, -2.220446049250313e-16, 1, 0.24230656027793884, -0.9701997637748718, -2.1542762324575012e-16]}, "segments": [56637, 14334, 50079, 55000, 55005, 56472, 56732, 3226, 3214], "label": "sack"}, {"objectId": 22, "id": 22, "partId": 22, "index": 20, "dominantNormal": [0, -2.220446049250313e-16, 1], "obb": {"axesLengths": [0.3067280543079827, 0.1800000031292437, 0.21065001750036635], "centroid": [1.8486880431934916, 1.564833758041189, 0.5199999181765333], "normalizedAxes": [0.939213752746582, -0.3433329164981842, -7.623522180159808e-17, 0, -2.220446049250313e-16, 1, -0.3433329164981842, -0.939213752746582, -2.0854734666877085e-16]}, "segments": [83, 14205, 14276, 70, 14229, 88], "label": "item"}, {"objectId": 23, "id": 23, "partId": 23, "index": 21, "dominantNormal": [0.8074491620063782, 0.5899372100830078, 1.3099237474345667e-16], "obb": {"axesLengths": [0.517747452881148, 0.3966349870718644, 0.23478832645168504], "centroid": [1.7218168881627052, 1.0369539768217138, 0.55744540293145], "normalizedAxes": [-0.5899372100830078, 0.8074491024017334, 1.7928971693986404e-16, 0, -2.220446049250313e-16, 1, 0.8074491024017334, 0.5899372100830078, 1.3099237474345667e-16]}, "segments": [2746, 61944, 211, 2791, 253, 55336, 61965, 2898], "label": "bag"}, {"objectId": 24, "id": 24, "partId": 24, "index": 22, "dominantNormal": [0, -2.220446049250313e-16, 1], "obb": {"axesLengths": [0.37891116408448844, 0.2227619836607131, 0.245597219461653], "centroid": [1.5424649033459081, 1.1657143406266455, 0.6213808899648283], "normalizedAxes": [0.9240374565124512, 0.3823019862174988, 8.488809349171928e-17, 0, -2.220446049250313e-16, 1, 0.3823019862174988, -0.9240374565124512, -2.0517753196723802e-16]}, "segments": [3934, 61980, 2058, 2093, 3983, 3997], "label": "bag"}, {"objectId": 25, "id": 25, "partId": 25, "index": 23, "dominantNormal": [0, -2.220446049250313e-16, 1], "obb": {"axesLengths": [0.5959900414637207, 0.3027719787633723, 0.3956385047743228], "centroid": [2.0010594163302224, 0.7604328734582111, 0.5105138987772038], "normalizedAxes": [0.7222976088523865, -0.6915823817253113, -1.5356213672330894e-16, 0, -2.220446049250313e-16, 1, -0.6915823817253113, -0.7222976088523865, -1.6038228719592295e-16]}, "segments": [2271, 55303, 790, 2277, 2283, 2327, 2340, 2739, 2772, 2775, 2829, 55264, 2968], "label": "bag"}, {"objectId": 26, "id": 26, "partId": 26, "index": 24, "dominantNormal": [0.6696394085884094, -0.74268639087677, -1.6490950624542978e-16], "obb": {"axesLengths": [0.37859958932729637, 0.25999999955296504, 0.12018448338710741], "centroid": [1.2075937166529822, -0.07372827158262463, -0.02000008376061757], "normalizedAxes": [0.74268639087677, 0.6696394085884094, 1.4868981792224499e-16, 0, -2.220446049250313e-16, 1, 0.6696394085884094, -0.74268639087677, -1.6490950624542978e-16]}, "segments": [6856, 6873, 6908], "label": "bag"}, {"objectId": 27, "id": 27, "partId": 27, "index": 25, "dominantNormal": [0.6997694373130798, -0.7143687605857849, -1.586217292150549e-16], "obb": {"axesLengths": [0.302595532190123, 0.27999996513128345, 0.10956732229691911], "centroid": [1.1159516078652176, -0.17151928746387268, -0.39000005790710324], "normalizedAxes": [0.7143687605857849, 0.6997694373130798, 1.5538002824679427e-16, 0, -2.220446049250313e-16, 1, 0.6997694373130798, -0.7143687605857849, -1.586217292150549e-16]}, "segments": [55578, 7271, 7288, 7336, 7240], "label": "bag"}, {"objectId": 28, "id": 28, "partId": 28, "index": 26, "dominantNormal": [0.701704204082489, -0.7124683856964111, -1.5819976122353444e-16], "obb": {"axesLengths": [0.4467265224133561, 0.5599999582022435, 0.1256507318188668], "centroid": [1.3505508906510704, 0.0044082468204136305, -0.2500000613716231], "normalizedAxes": [0.7124683856964111, 0.701704204082489, 1.5580963276972981e-16, 0, -2.220446049250313e-16, 1, 0.701704204082489, -0.7124683856964111, -1.5819976122353444e-16]}, "segments": [59895, 55532, 5180], "label": "bag"}, {"objectId": 29, "id": 29, "partId": 29, "index": 27, "dominantNormal": [0, -2.220446049250313e-16, 1], "obb": {"axesLengths": [0.45982626272242316, 0.2001590087974292, 0.420259113853547], "centroid": [-2.5437845754894535, 2.938539943959208, -0.7653025728929956], "normalizedAxes": [0.6571347117424011, 0.7537731528282166, 1.673712619228366e-16, 0, -2.220446049250313e-16, 1, 0.7537731528282166, -0.6571347117424011, -1.459132174513658e-16]}, "segments": [58391, 28821, 28836, 28850, 28860, 28884, 58326, 58347, 58354, 28848, 28713, 2567, 28720, 2878, 2614, 28908, 2461], "label": "printer"}, {"objectId": 32, "id": 32, "partId": 32, "index": 30, "dominantNormal": [-0.10116748511791229, -0.9948694109916687, -2.2090538531564368e-16], "obb": {"axesLengths": [0.7189019688723807, 0.5999999508261689, 0.5506963782382833], "centroid": [-0.6011029727702872, 4.476032390801956, -0.8700000364494314], "normalizedAxes": [0.9948694109916687, -0.10116748511791229, -2.246369426426582e-17, 0, -2.220446049250313e-16, 1, -0.10116748511791229, -0.9948694109916687, -2.2090538531564368e-16]}, "segments": [47504, 47531, 63554, 46571, 63461, 46887, 1943, 47176], "label": "pillow"}, {"objectId": 33, "id": 33, "partId": 33, "index": 31, "dominantNormal": [-0.031646598130464554, -0.9994991421699524, -2.2193339214603478e-16], "obb": {"axesLengths": [0.64157821160245, 0.3217189836117849, 0.28391900823196115], "centroid": [-0.8288065407364382, 4.237692229646771, -0.9712505634755512], "normalizedAxes": [0.9994991421699524, -0.031646598130464554, -7.026956379100236e-18, 0, -2.220446049250313e-16, 1, -0.031646598130464554, -0.9994991421699524, -2.2193339214603478e-16]}, "segments": [1932, 16717, 63569, 3723], "label": "pillow"}, {"objectId": 34, "id": 34, "partId": 34, "index": 32, "dominantNormal": [0, -2.220446049250313e-16, 1], "obb": {"axesLengths": [0.3619515348966554, 0.1741999348804367, 0.32633152222111067], "centroid": [-0.8421414744563525, 4.085108832306805, -0.9629000423361349], "normalizedAxes": [0.9931738972663879, -0.11664328724145889, -2.5900012632686685e-17, 0, -2.220446049250313e-16, 1, -0.11664328724145889, -0.9931738972663879, -2.2052890564036874e-16]}, "segments": [16899, 16913], "label": "pillow"}, {"objectId": 35, "id": 35, "partId": 35, "index": 33, "dominantNormal": [0, -2.220446049250313e-16, 1], "obb": {"axesLengths": [2.179198117794059, 0.18795293149457312, 1.473328042744348], "centroid": [-0.4216878403532352, 3.4976758203981713, -1.0721635494058528], "normalizedAxes": [-0.7045900225639343, 0.709614634513855, 1.5756610116964942e-16, 0, -2.220446049250313e-16, 1, 0.709614634513855, 0.7045900225639343, 1.564504131943277e-16]}, "segments": [18109, 5890, 5931, 17150, 17121, 16477, 16396, 16405, 16509, 17463, 16726, 16735, 31488, 33899, 45233, 33947, 34643, 37962, 41153, 34663, 64052, 33186, 47682, 47184, 64952], "label": "blanket"}, {"objectId": 36, "id": 36, "partId": 36, "index": 34, "dominantNormal": [0, -2.220446049250313e-16, 1], "obb": {"axesLengths": [0.22240660571604493, 0.06324100353030104, 0.08367863783145811], "centroid": [-1.7018422008890057, 3.4356000208420285, -0.3217605791753402], "normalizedAxes": [-0.6885613203048706, 0.7251781225204468, 1.6102188971532855e-16, 0, -2.220446049250313e-16, 1, 0.7251781225204468, 0.6885613203048706, 1.5289132633375293e-16]}, "segments": [10780, 10781, 55863, 56083, 8589, 55856, 55861], "label": "lamp"}], "scan_id": "8eabc426-5af7-2f32-87bb-a16609b099e3", "annId": "4457", "appId": "stk.v1"}