{"segGroups": [{"objectId": 49, "id": 49, "partId": 49, "index": 0, "dominantNormal": [0.8345012664794922, -0.551006019115448, -1.223479138258039e-16], "obb": {"axesLengths": [0.3426989309666435, 0.8866199950884278, 0.24755355656150466], "centroid": [3.404614357447011, 0.8730441916561413, -0.3533100797986244], "normalizedAxes": [0.551006019115448, 0.8345012664794922, 1.8529650402487712e-16, 0, -2.220446049250313e-16, 1, 0.8345012664794922, -0.551006019115448, -1.223479138258039e-16]}, "segments": [39964, 18198, 18231, 17985, 50914, 15571, 15670], "label": "plant"}, {"objectId": 50, "id": 50, "partId": 50, "index": 1, "dominantNormal": [0.3023321032524109, -0.9532026648521423, -2.1165350913058097e-16], "obb": {"axesLengths": [0.2523800036718074, 0.3238489853475468, 0.14910924391190583], "centroid": [3.3678791485935626, 1.052224697122824, -0.6319245647953942], "normalizedAxes": [0.9532026648521423, 0.3023321330547333, 6.713121904028025e-17, 0, -2.220446049250313e-16, 1, 0.3023321330547333, -0.9532026648521423, -2.1165350913058097e-16]}, "segments": [40196, 19699], "label": "plant"}, {"objectId": 51, "id": 51, "partId": 51, "index": 2, "dominantNormal": [0.4545208513736725, -0.8907361030578613, -1.977831460959448e-16], "obb": {"axesLengths": [0.5424382443573692, 0.40825300496251105, 0.3717589889169673], "centroid": [3.578254444092468, 1.0676243556148273, -0.5923595836231226], "normalizedAxes": [0.8907361030578613, 0.4545208513736725, 1.0092390287345598e-16, 0, -2.220446049250313e-16, 1, 0.4545208513736725, -0.8907361030578613, -1.977831460959448e-16]}, "segments": [55862, 19761, 19633, 18786, 51934, 51034, 51971, 19590, 51039, 18671, 19268, 51655, 51059, 18917], "label": "plant"}, {"objectId": 52, "id": 52, "partId": 52, "index": 3, "dominantNormal": [0, -2.220446049250313e-16, 1], "obb": {"axesLengths": [0.26760167705766835, 0.14249002615012163, 0.24572349866038523], "centroid": [0.5620516472781025, 0.9191383287362027, -0.8387550766299293], "normalizedAxes": [0.7717128396034241, 0.6359711289405823, 1.4121395806933774e-16, 0, -2.220446049250313e-16, 1, 0.6359711289405823, -0.7717128396034241, -1.7135467258531635e-16]}, "segments": [57506, 57541, 57523], "label": "tablet"}, {"objectId": 53, "id": 53, "partId": 53, "index": 4, "dominantNormal": [0, -2.220446049250313e-16, 1], "obb": {"axesLengths": [0.5385860476571852, 0.35590200820784235, 0.4502518204803771], "centroid": [-0.2108972960168254, 1.3264541271246928, -0.6972820547085559], "normalizedAxes": [0.6889539361000061, 0.7248051166534424, 1.6093906577495484e-16, 0, -2.220446049250313e-16, 1, 0.7248051166534424, -0.6889539361000061, -1.5297850455287112e-16]}, "segments": [28199, 28308, 53136, 24321, 23554], "label": "pillow"}, {"objectId": 54, "id": 54, "partId": 54, "index": 5, "dominantNormal": [0, -2.220446049250313e-16, 1], "obb": {"axesLengths": [0.6876188066150137, 0.48876001338452046, 0.6445230123408375], "centroid": [-0.42429720951616723, 1.4097276256179807, -0.6543800777707995], "normalizedAxes": [0.5706115961074829, 0.8212200999259949, 1.8234749264456226e-16, 0, -2.220446049250313e-16, 1, 0.8212200999259949, -0.5706115961074829, -1.2670122642332758e-16]}, "segments": [28213, 28288, 40786, 29244], "label": "pillow"}, {"objectId": 55, "id": 55, "partId": 55, "index": 6, "dominantNormal": [0, -2.220446049250313e-16, 1], "obb": {"axesLengths": [0.5037589972365131, 0.3328169509883905, 0.40570162561587697], "centroid": [0.7287812217317955, 2.475038211207825, -0.7291215737360384], "normalizedAxes": [0.9967315196990967, 0.08078549057245255, 1.7937982337835067e-17, 0, -2.220446049250313e-16, 1, 0.08078549057245255, -0.9967315196990967, -2.2131885650791198e-16]}, "segments": [32914, 25652, 26410, 32639, 33323], "label": "pillow"}, {"objectId": 56, "id": 56, "partId": 56, "index": 7, "dominantNormal": [0.7040150761604309, -0.7101850509643555, -1.5769275906504353e-16], "obb": {"axesLengths": [0.5264087725497952, 0.3548260251844071, 0.32002577067235854], "centroid": [0.5059563453783098, 2.6268892480704658, -0.7097740554860092], "normalizedAxes": [0.7101850509643555, 0.7040150761604309, 1.563227494473087e-16, 0, -2.220446049250313e-16, 1, 0.7040150761604309, -0.7101850509643555, -1.5769275906504353e-16]}, "segments": [25659, 34852, 25606, 33322, 54331], "label": "pillow"}, {"objectId": 57, "id": 57, "partId": 57, "index": 8, "dominantNormal": [0.7353397607803345, 0.6776986718177795, 1.504793338419973e-16], "obb": {"axesLengths": [0.22214640662207014, 0.23877900305139255, 0.13484628176010294], "centroid": [2.851947582932694, 3.8544738057100663, -0.2732765855652879], "normalizedAxes": [-0.6776986718177795, 0.7353397607803345, 1.632782266681364e-16, 0, -2.220446049250313e-16, 1, 0.7353397607803345, 0.6776986718177795, 1.504793338419973e-16]}, "segments": [60109, 54922], "label": "plant"}, {"objectId": 1, "id": 1, "partId": 1, "index": 9, "dominantNormal": [0, -2.220446049250313e-16, 1], "obb": {"axesLengths": [6.708684063054493, 0.7323399618490042, 5.217715108470608], "centroid": [2.1758991300465746, 1.464419562489988, -1.4533100045477614], "normalizedAxes": [0.7206547260284424, -0.6932941675186157, -1.539422295234995e-16, 0, -2.220446049250313e-16, 1, -0.6932941675186157, -0.7206547260284424, -1.6001749392834217e-16]}, "segments": [22348, 35437, 9188, 5402, 1565, 6780, 923, 955, 981, 987, 1035, 1094, 1142, 1235, 1239, 1268, 1269, 3516, 3533, 4239, 4287, 5368, 5377, 5381, 5384, 5395, 6886, 7523, 9025, 9065, 9452, 16164, 16625, 17401, 17460, 17469, 17593, 17609, 17612, 18397, 18399, 21125, 22038, 22269, 22289, 22936, 22937, 23448, 23463, 23473, 23841, 23996, 23997, 24025, 24089, 24094, 24096, 24124, 24461, 24464, 24480, 24493, 26295, 27024, 27025, 27072, 27089, 27170, 27177, 27540, 27543, 28100, 28906, 29200, 29258, 29262, 29810, 29827, 29845, 29902, 29913, 29950, 29955, 29965, 29968, 30042, 30049, 30821, 30822, 30831, 30850, 30942, 33461, 35521, 35724, 35730, 35995, 36177, 36185, 36231, 36353, 37377, 37409, 37418, 37422, 37446, 38623, 38743, 38745, 38747, 39666, 39816, 39842, 39929, 41734, 41788, 41793, 41812, 41824, 41846, 41853, 41994, 42005, 42011, 42028, 42158, 42160, 42605, 43022, 43039, 43077, 43107, 43110, 43116, 43141, 43962, 44002, 45439, 47383, 47385, 47752, 47768, 47774, 52195, 52435, 52448, 52976, 52984, 53001, 53010, 53034, 53467, 53471, 53472, 54035, 54756, 55244, 55247, 55251, 55291, 56234, 56318, 56323, 56954, 57473, 57480, 57488, 57491, 57805, 58179, 136, 91, 114, 183, 1423, 9391, 23402, 24238, 31546, 47739, 47741, 47815, 47820, 52241, 1397, 7565, 1516, 1554, 1577, 2494, 6851, 8294, 23097, 23338, 48982, 47808, 11390, 20877, 22769, 28965, 36816, 44534, 31317, 45567, 29065, 44884, 45626, 58981, 54478, 35266, 35360, 54843, 29571, 29707, 29654, 54505, 35699, 4990, 43608, 27971, 37495, 21356, 9408, 36778, 21308], "label": "floor"}, {"objectId": 2, "id": 2, "partId": 2, "index": 10, "dominantNormal": [0, -2.220446049250313e-16, 1], "obb": {"axesLengths": [2.6524900380333, 0.8619000123016529, 1.8538611639568419], "centroid": [0.24532048740413326, 1.8596319892777493, -0.880950067990646], "normalizedAxes": [0.7811061143875122, 0.6243982911109924, 1.38644271865605e-16, 0, -2.220446049250313e-16, 1, 0.6243982911109924, -0.7811061143875122, -1.7344039857370146e-16]}, "segments": [27688, 58856, 26204, 22407, 22406, 44920, 42170, 40887, 11756, 29457, 42811, 13204, 23602, 27053, 27196, 27221, 27224, 30145, 30154, 30160, 30534, 32773, 32850, 32903, 34718, 34723, 34727, 34749, 34762, 34787, 34923, 41881, 41930, 41944, 41953, 42037, 42095, 42375, 42392, 42467, 43474, 43507, 43536, 43550, 43554, 43637, 43708, 52400, 53531, 53843, 54235, 54280, 54318, 54347, 56280, 56286, 56295, 56307, 56379, 56400, 56402, 57590, 57593, 57596, 57599, 57634, 57636, 58928, 54241, 30341, 33377, 57540, 45966, 42335, 56334, 10161, 10168, 40838, 49704, 42079, 41780, 43493, 45967, 42310], "label": "sofa"}, {"objectId": 3, "id": 3, "partId": 3, "index": 11, "dominantNormal": [0.8254815340042114, -0.5644291043281555, -1.2532843747873457e-16], "obb": {"axesLengths": [2.4476376598986165, 2.53843993235141, 0.17447242434673912], "centroid": [-0.38184721121389975, 1.9868290553366794, -0.1392200800205774], "normalizedAxes": [0.5644291043281555, 0.8254815340042114, 1.8329372109087392e-16, 0, -2.220446049250313e-16, 1, 0.8254815340042114, -0.5644291043281555, -1.2532843747873457e-16]}, "segments": [45832, 46715, 43861, 9881, 34950, 10892, 32710, 32745, 53663, 31888, 32014, 31754, 47128], "label": "wall"}, {"objectId": 4, "id": 4, "partId": 4, "index": 12, "dominantNormal": [0.8153268694877625, -0.5790009498596191, -1.28564037162797e-16], "obb": {"axesLengths": [0.685361867499574, 0.959999986886978, 0.04997904173925269], "centroid": [-0.08086178672373978, 2.490037212222227, 0.38999990805983487], "normalizedAxes": [0.5790009498596191, 0.8153268694877625, 1.8103893262017278e-16, 0, -2.220446049250313e-16, 1, 0.8153268694877625, -0.5790009498596191, -1.28564037162797e-16]}, "segments": [41286, 59227, 41263, 26935], "label": "picture"}, {"objectId": 5, "id": 5, "partId": 5, "index": 13, "dominantNormal": [0.7963129281997681, -0.604884922504425, -1.3431143364260324e-16], "obb": {"axesLengths": [1.222761677562374, 2.6443099384536595, 0.233151191446208], "centroid": [1.1560558527927371, 4.419778127190081, 0.004764949796384865], "normalizedAxes": [0.604884922504425, 0.7963129281997681, 1.7681698953881232e-16, 0, -2.220446049250313e-16, 1, 0.7963129281997681, -0.604884922504425, -1.3431143364260324e-16]}, "segments": [17962, 52371, 25631, 17758, 17759, 21253, 22432, 25746, 52031, 52035, 52365, 31530, 21399, 21518, 19100, 23585], "label": "wall"}, {"objectId": 6, "id": 6, "partId": 6, "index": 14, "dominantNormal": [-0.5819340348243713, -0.8132359981536865, -1.8057466592084881e-16], "obb": {"axesLengths": [4.326287424360293, 2.744909940401241, 0.3203083276583668], "centroid": [3.2705628127540027, 3.582873138231245, 0.03993490807857358], "normalizedAxes": [0.8132359981536865, -0.5819340348243713, -1.2921531285500694e-16, 0, -2.220446049250313e-16, 1, -0.5819340348243713, -0.8132359981536865, -1.8057466592084881e-16]}, "segments": [12316, 59445, 59788, 7475, 3787, 3864, 4658, 5488, 6286, 7119, 8019, 8621, 9855, 10058, 10321, 10336, 11309, 12575, 16558, 17251, 17896, 20127, 20831, 20895, 20925, 20930, 20934, 20956, 20964, 21467, 29721, 30188, 30251, 30270, 35850, 37552, 37619, 37623, 37630, 37667, 37681, 37712, 37720, 37737, 37776, 37801, 37828, 37915, 37927, 37968, 45992, 46002, 46006, 46039, 46063, 46074, 46076, 46079, 46568, 46571, 47417, 47759, 47885, 54602, 54961, 54965, 55016, 55020, 55022, 55406, 55505, 55517, 59070, 59079, 59370, 59747, 28608, 3585, 3892, 3994, 17880, 20479, 30214, 37958, 54600, 55144, 32411, 163, 557, 5879, 6333, 6435, 6969, 7892, 19358, 43803, 43809, 47438, 47619, 47706, 47724, 50682, 52711, 52713, 43832, 20887, 42973, 35439, 37738, 37847, 38248, 44738, 52081, 54758, 60533, 60184, 12820, 14009, 16179, 16790, 24727, 26793, 28190, 28357, 31874, 31960, 31961, 31976, 32461, 35167, 47569, 53772, 60145, 60316, 26337, 33787, 26095, 13492, 31514, 47525, 47555, 4701, 47590, 12457, 47671, 16196, 15813, 15391, 14208, 12899, 47562, 60150, 15044, 14390, 13064, 15078, 14937, 14954], "label": "wall"}, {"objectId": 7, "id": 7, "partId": 7, "index": 15, "dominantNormal": [0.8833880424499512, -0.46864232420921326, -1.0405949973018319e-16], "obb": {"axesLengths": [2.4344283774219777, 2.642619908393473, 0.8418813804837992], "centroid": [3.9361531128385723, 1.4757152408507257, -0.03131010499648701], "normalizedAxes": [0.46864229440689087, 0.8833880424499512, 1.961515488812962e-16, 0, -2.220446049250313e-16, 1, 0.8833880424499512, -0.46864229440689087, -1.0405949311273829e-16]}, "segments": [51610, 50418, 41477, 9631, 17, 33, 38, 52, 53, 54, 158, 331, 352, 366, 450, 470, 992, 5016, 5051, 5061, 5064, 5307, 8392, 8396, 8573, 8585, 8620, 8642, 8821, 8888, 8907, 8995, 12939, 15586, 17929, 17942, 17972, 17994, 18005, 18435, 18441, 18461, 19446, 19464, 19475, 19524, 19657, 27323, 28036, 28040, 31219, 41671, 42548, 47732, 49505, 51009, 51810, 53105, 54288, 51470, 3612, 8314, 8728, 14522, 18111, 18130, 26492, 31277, 42550, 17208, 5282, 5290, 12975, 16930, 17105, 17132, 29010, 51995, 50436, 413, 8427, 51179, 4392, 8458, 8840, 5730, 5675, 49557, 14525, 12906, 50788, 17246, 55801, 55779, 39396, 15745, 15881, 5645, 49531, 5934, 5884, 8701, 8745, 8863, 8977, 6539, 8697, 8743, 8735, 8622, 48514, 8853, 5917, 8748, 8429, 8400, 5860, 8422], "label": "wall"}, {"objectId": 8, "id": 8, "partId": 8, "index": 16, "dominantNormal": [0, -2.220446049250313e-16, 1], "obb": {"axesLengths": [0.8241241750077172, 0.5222769262877792, 0.8364304419545618], "centroid": [0.5613852418452034, 1.0063000834136775, -1.029381544603822], "normalizedAxes": [0.9853606224060059, -0.1704830378293991, -3.785483878124809e-17, 0, -2.220446049250313e-16, 1, -0.1704830378293991, -0.9853606224060059, -2.1879401011082452e-16]}, "segments": [56355, 43732, 57763, 42426, 42754, 27363, 30967, 31299, 27845, 27376, 27839, 33178, 27486, 57317, 30357, 43380, 57678, 42746, 57624, 43559, 30353, 27926, 43538, 43531, 27945, 27198, 43364, 57555], "label": "coffee table"}, {"objectId": 9, "id": 9, "partId": 9, "index": 17, "dominantNormal": [0.8248085379600525, -0.5654121041297913, -1.2554670728133016e-16], "obb": {"axesLengths": [1.8388237532543552, 2.4400000026822073, 0.22567457050375825], "centroid": [2.5117144661145288, -0.5902748716963937, 0.029999886900186734], "normalizedAxes": [0.5654121041297913, 0.8248085379600525, 1.8314428595013254e-16, 0, -2.220446049250313e-16, 1, 0.8248085379600525, -0.5654121041297913, -1.2554670728133016e-16]}, "segments": [11695, 34126, 14026, 15373, 10976, 11023, 11149, 11194, 11214, 11223, 11242, 12110, 12119, 12472, 12685, 14991, 15304, 15320, 15412, 24698, 49746, 49748, 50358, 50360, 52452, 11279], "label": "wall"}, {"objectId": 10, "id": 10, "partId": 10, "index": 18, "dominantNormal": [0.8969138264656067, -0.44220536947250366, -9.818931656024958e-17], "obb": {"axesLengths": [1.1804600012991333, 0.7334100440127386, 0.72053186687829], "centroid": [2.3706590262043945, -0.46922891136549216, -0.9567050664118308], "normalizedAxes": [0.44220536947250366, 0.8969138264656067, 1.9915487624935373e-16, 0, -2.220446049250313e-16, 1, 0.8969138264656067, -0.44220536947250366, -9.818931656024958e-17]}, "segments": [38705, 39588, 30096, 20550, 20553, 20555, 20669, 33806, 52822, 53989, 25161, 52805, 52789, 54456, 30082, 38430], "label": "commode"}, {"objectId": 11, "id": 11, "partId": 11, "index": 19, "dominantNormal": [0.8906901478767395, -0.4546109139919281, -1.0094390079194506e-16], "obb": {"axesLengths": [1.939365503643324, 0.9151600096711513, 0.7225672338409695], "centroid": [3.669518303925635, 1.5858119330826397, -0.8675800759141149], "normalizedAxes": [0.4546109437942505, 0.8906901478767395, 1.9777294199590834e-16, 0, -2.220446049250313e-16, 1, 0.8906901478767395, -0.4546109437942505, -1.0094390740938996e-16]}, "segments": [38270, 40075, 19908, 19061, 5349, 3849, 3856, 3859, 5087, 5140, 5208, 15770, 17564, 18060, 18192, 18245, 18285, 18488, 18526, 18584, 18592, 18595, 18598, 18633, 18660, 18678, 18679, 18687, 18707, 18759, 18763, 18766, 18815, 18838, 18840, 18863, 18873, 18883, 18890, 18948, 18998, 19155, 19517, 19555, 19611, 19620, 19685, 19796, 19874, 19879, 19961, 19964, 19987, 19993, 20007, 20012, 20789, 20801, 38608, 38977, 38981, 39083, 39456, 39463, 39497, 39983, 40004, 40161, 40208, 40394, 40395, 44217, 44251, 44324, 44701, 44708, 47377, 48413, 48438, 50906, 51014, 51016, 51048, 51079, 51682, 51710, 51715, 51771, 51781, 51827, 51886, 51891, 51965, 51992, 51993, 52005, 52052, 52136, 55661, 55753, 55759, 55859, 55881, 55889, 55932, 55935, 55972, 55975, 55995, 56045, 58344, 58348, 58351, 58355, 58359, 58361, 58439, 58460], "label": "commode"}, {"objectId": 12, "id": 12, "partId": 12, "index": 20, "dominantNormal": [0, -2.220446049250313e-16, 1], "obb": {"axesLengths": [1.2620473669318162, 0.34049200250598766, 0.7671785284964548], "centroid": [2.9404486041300597, 1.863525669414581, -0.6786450834130122], "normalizedAxes": [0.422892302274704, 0.9061799645423889, 2.0121237221779363e-16, 0, -2.220446049250313e-16, 1, 0.9061799645423889, -0.422892302274704, -9.390095418442356e-17]}, "segments": [60882, 20692, 43787, 55442, 44177, 46651, 20196, 21640, 25211, 37130, 38082, 38911, 43791, 58198, 60887, 35930, 52059, 37706, 25241, 15459], "label": "table"}, {"objectId": 13, "id": 13, "partId": 13, "index": 21, "dominantNormal": [-0.46226438879966736, -0.8867421746253967, -1.9689631583505934e-16], "obb": {"axesLengths": [1.9077784533917845, 1.0479299489871419, 0.7107722355092345], "centroid": [2.077151018534284, 4.001709469072296, -0.7939650630064685], "normalizedAxes": [0.886742115020752, -0.46226438879966736, -1.0264331358193321e-16, 0, -2.220446049250313e-16, 1, -0.46226438879966736, -0.886742115020752, -1.9689630260016954e-16]}, "segments": [35783, 36955, 24524, 54657, 239, 447, 608, 638, 6987, 8249, 16358, 16376, 16392, 16393, 16412, 16421, 16441, 16473, 20519, 21971, 22184, 22220, 22232, 22237, 22244, 22245, 22266, 22281, 22336, 22344, 22481, 22488, 22492, 22507, 24176, 24843, 25341, 25349, 25357, 26590, 31077, 31155, 32163, 34081, 34108, 35053, 35057, 35081, 35738, 35756, 35768, 35802, 35848, 35857, 37146, 37988, 38010, 38024, 40725, 40782, 47614, 47703, 47728, 47730, 50491, 50497, 50529, 50670, 50702, 50722, 52174, 52180, 54057, 54063, 54124, 54537, 54591, 54594, 54608, 55149, 55155, 55158, 55221, 55230, 36314], "label": "commode"}, {"objectId": 14, "id": 14, "partId": 14, "index": 22, "dominantNormal": [-0.5381657481193542, -0.8428390622138977, -1.871478665846688e-16], "obb": {"axesLengths": [0.6279786205902783, 0.8430969377659938, 0.26257827546485785], "centroid": [2.6442040306910073, 3.7328634016821867, 0.6169513754482976], "normalizedAxes": [0.8428390622138977, -0.5381657481193542, -1.1949680092534592e-16, 0, -2.220446049250313e-16, 1, -0.5381657481193542, -0.8428390622138977, -1.871478665846688e-16]}, "segments": [8580, 9598, 11121, 28533, 30491, 12084, 7598], "label": "cabinet"}, {"objectId": 15, "id": 15, "partId": 15, "index": 23, "dominantNormal": [-0.2925298810005188, -0.9562563896179199, -2.1233157223974784e-16], "obb": {"axesLengths": [0.707343104539095, 0.880999962665141, 0.41065826127345884], "centroid": [1.6625335152998837, 4.428003472631527, 0.6304998908825215], "normalizedAxes": [0.9562563896179199, -0.2925298511981964, -6.495467523808172e-17, 0, -2.220446049250313e-16, 1, -0.2925298511981964, -0.9562563896179199, -2.1233157223974784e-16]}, "segments": [17807, 20288, 16340, 20489, 22364, 50072, 26053, 27423, 25879, 16946], "label": "cabinet"}, {"objectId": 17, "id": 17, "partId": 17, "index": 25, "dominantNormal": [0.378158301115036, -0.9257409572601318, -2.0555578511774627e-16], "obb": {"axesLengths": [0.4712198331893113, 0.48760299784832445, 0.3687592960401827], "centroid": [3.0829040964943193, 3.551850994487449, -1.1005585487807141], "normalizedAxes": [0.9257409572601318, 0.3781582713127136, 8.39680039527643e-17, 0, -2.220446049250313e-16, 1, 0.3781582713127136, -0.9257409572601318, -2.0555578511774627e-16]}, "segments": [44590, 36685, 36760, 38458, 44562, 54772, 55256, 57406, 36471, 36475, 54773, 42954, 57399, 36650, 35586, 36575, 38494, 43019, 43089, 44620, 44787, 44833, 55259, 55260, 57462, 58556, 58559, 58564, 58567, 58574, 58584, 57409, 44641, 57424, 38187], "label": "stool"}, {"objectId": 18, "id": 18, "partId": 18, "index": 26, "dominantNormal": [0, -2.220446049250313e-16, 1], "obb": {"axesLengths": [0.4661966218519219, 0.41575901771130336, 0.5268354465262427], "centroid": [4.030066843717064, 1.801271069809486, -0.606808583658744], "normalizedAxes": [-0.2788771688938141, 0.9603267908096313, 2.1323538286424778e-16, 0, -2.220446049250313e-16, 1, 0.9603267908096313, 0.2788771688938141, 6.192317078963818e-17]}, "segments": [19043, 3725, 3628, 3632, 3710], "label": "pillow"}, {"objectId": 19, "id": 19, "partId": 19, "index": 27, "dominantNormal": [-0.04637417942285538, -0.9989241361618042, -2.21805715164126e-16], "obb": {"axesLengths": [0.6949988115884839, 0.41822596449644905, 0.31875749259722097], "centroid": [4.043909675354436, 2.0400172301625084, -0.6208870663295618], "normalizedAxes": [0.9989241361618042, -0.04637417942285538, -1.0297136348670439e-17, 0, -2.220446049250313e-16, 1, -0.04637417942285538, -0.9989241361618042, -2.21805715164126e-16]}, "segments": [9268, 49655, 5553, 9549], "label": "pillow"}, {"objectId": 20, "id": 20, "partId": 20, "index": 28, "dominantNormal": [-0.2486843466758728, -0.9685845971107483, -2.1506898420192673e-16], "obb": {"axesLengths": [0.5290049636182308, 0.4399999877810477, 0.30623680438848544], "centroid": [4.225343522179605, 2.229280201039858, -0.5900000742077833], "normalizedAxes": [0.9685845971107483, -0.2486843317747116, -5.521901419996125e-17, 0, -2.220446049250313e-16, 1, -0.2486843317747116, -0.9685845971107483, -2.1506898420192673e-16]}, "segments": [5510, 5225, 50389], "label": "pillow"}, {"objectId": 21, "id": 21, "partId": 21, "index": 29, "dominantNormal": [0, -2.220446049250313e-16, 1], "obb": {"axesLengths": [4.493130167720156, 0.4992099888799334, 1.9609159227479118], "centroid": [2.9805843611643525, 3.336587503091211, 1.3603949000598106], "normalizedAxes": [0.711169958114624, -0.7030200958251953, -1.5610181943186315e-16, 0, -2.220446049250313e-16, 1, -0.7030200958251953, -0.711169958114624, -1.5791145238411275e-16]}, "segments": [45449, 58087, 26537, 58129, 53736, 25693, 26566, 30698, 31704, 31719, 31734, 31737, 45413, 45478, 57863, 2277, 2670, 25476, 26342, 28471, 28519, 31760, 44082, 44113, 44136, 45107, 45417, 53765, 58164, 58818, 58830, 2414, 1568, 2353, 10240, 10529, 28889, 49253, 57836, 11884, 11997, 15276, 14650, 15292, 15473, 15631, 13582, 10475, 13208, 13006, 14274, 14474, 15142, 57906, 3275, 25446, 28791, 49833, 2756, 342, 362, 832, 47359, 265, 376, 47100, 654, 10246, 13084, 13763, 14850, 14953, 15111, 25715, 26761, 26763, 28920, 28928, 31922, 31929, 31937, 44152, 45313, 45487, 46508, 46722, 46998, 47067, 47124, 52922, 53169, 53579, 53592, 58821, 58901, 60889], "label": "ceiling"}, {"objectId": 23, "id": 23, "partId": 23, "index": 30, "dominantNormal": [-0.5446913242340088, -0.838636577129364, -1.8621472744437018e-16], "obb": {"axesLengths": [1.6243747328309381, 2.255818972234003, 0.31726256787232604], "centroid": [-0.4160305020807944, 3.38539019910851, -0.22699056989720878], "normalizedAxes": [0.838636577129364, -0.5446913838386536, -1.2094578313052241e-16, 0, -2.220446049250313e-16, 1, -0.5446913838386536, -0.838636577129364, -1.8621472744437018e-16]}, "segments": [14684, 14683, 55736, 31466, 44472, 29398, 11113, 26364, 26371, 26372, 26381, 29392, 31453, 53657, 49956, 11435, 14094, 52097, 12830, 14266, 11430, 16747, 16772, 16894, 49800, 49807, 14158, 50116, 11412, 29154, 11866, 39733, 43919, 44892, 11959, 29792, 29823, 29833, 43990, 44962, 46476, 47329, 53459, 58815, 47065, 45867, 45906, 46263, 58624, 58813, 58816, 59058, 32972, 35620, 45055, 47159, 52248, 59288, 33024, 46275, 59322, 11073, 46377, 50088, 12822, 26359, 46219, 37083, 47139, 25973], "label": "shelf"}, {"objectId": 24, "id": 24, "partId": 24, "index": 31, "dominantNormal": [-0.6818212866783142, -0.7315188050270081, -1.62429804057453e-16], "obb": {"axesLengths": [0.5053167510147261, 0.47999997854232784, 0.24063136188195838], "centroid": [3.190000506470991, 3.5342632452887166, 0.5699999111890786], "normalizedAxes": [0.7315188050270081, -0.6818212866783142, -1.513947382299628e-16, 0, -2.220446049250313e-16, 1, -0.6818212866783142, -0.7315188050270081, -1.62429804057453e-16]}, "segments": [4309, 7137, 48255, 48120, 6730, 4426, 5969, 4382, 4959, 4865, 4880, 7277, 59824], "label": "backpack"}, {"objectId": 26, "id": 26, "partId": 26, "index": 32, "dominantNormal": [0.9693220853805542, 0.2457938939332962, 5.4577208071403805e-17], "obb": {"axesLengths": [0.19914726680272804, 0.3711289680496832, 0.16961958986379566], "centroid": [2.9895970425860443, 3.754885610734851, -0.31556456016977585], "normalizedAxes": [-0.2457939088344574, 0.9693220853805542, 2.1523273949343262e-16, 0, -2.220446049250313e-16, 1, 0.9693220853805542, 0.2457939088344574, 5.4577211380126255e-17]}, "segments": [21432, 37223], "label": "plant"}, {"objectId": 27, "id": 27, "partId": 27, "index": 33, "dominantNormal": [0.7686980366706848, -0.6396118998527527, -1.4202237160815316e-16], "obb": {"axesLengths": [0.37010723091996406, 0.37315740533566294, 0.225184967867451], "centroid": [2.6633211073189713, 3.8179037827466784, -0.21236938601651878], "normalizedAxes": [0.6396118998527527, 0.76869797706604, 1.7068523862429964e-16, 0, -2.220446049250313e-16, 1, 0.76869797706604, -0.6396118998527527, -1.4202237160815316e-16]}, "segments": [25260, 20423, 20247, 20490, 55194, 20410, 20383, 20361, 33770, 55118, 55100, 20415, 60014, 20501], "label": "kitchen appliance"}, {"objectId": 28, "id": 28, "partId": 28, "index": 34, "dominantNormal": [0.9663981199264526, -0.2570498585700989, -5.707653429223278e-17], "obb": {"axesLengths": [0.30657862641952793, 0.31056299856536823, 0.14043660242821385], "centroid": [2.4687739353705602, 3.9329860469673568, -0.2747185820776563], "normalizedAxes": [0.2570498585700989, 0.9663981199264526, 2.145834887393622e-16, 0, -2.220446049250313e-16, 1, 0.9663981199264526, -0.2570498585700989, -5.707653429223278e-17]}, "segments": [54083, 34415, 34328, 54066, 34003], "label": "object"}, {"objectId": 29, "id": 29, "partId": 29, "index": 35, "dominantNormal": [-0.4791888892650604, -0.877711832523346, -1.948911770906716e-16], "obb": {"axesLengths": [0.5391259958305176, 0.3842019948914201, 0.362292920342469], "centroid": [2.279022651218837, 4.316851261423546, -0.47789908808695536], "normalizedAxes": [0.877711832523346, -0.4791888892650604, -1.0640130760132492e-16, 0, -2.220446049250313e-16, 1, -0.4791888892650604, -0.877711832523346, -1.948911770906716e-16]}, "segments": [5821, 24699, 40335, 7891, 8179, 10330, 50631, 53048, 50560, 40528, 8172, 47622, 10251, 50608], "label": "sink"}, {"objectId": 31, "id": 31, "partId": 31, "index": 37, "dominantNormal": [0, -2.220446049250313e-16, 1], "obb": {"axesLengths": [0.5581816380374015, 0.12616899327556053, 0.37177651400743256], "centroid": [1.4853298947770595, 4.515177159549035, -0.44691556624512074], "normalizedAxes": [0.40932685136795044, 0.9123877882957458, 2.02590785990552e-16, 0, -2.220446049250313e-16, 1, 0.9123877882957458, -0.40932685136795044, -9.088881899720357e-17]}, "segments": [25105, 23802], "label": "scale"}, {"objectId": 32, "id": 32, "partId": 32, "index": 38, "dominantNormal": [0.9718866944313049, 0.23544912040233612, 5.228020691968285e-17], "obb": {"axesLengths": [0.30274094379639843, 0.4914719855456353, 0.4060583197085203], "centroid": [1.6428564030291022, 4.672648207170061, -0.2557360761448151], "normalizedAxes": [0.9718866944313049, 0.23544910550117493, 5.22802036109604e-17, 0, -2.220446049250313e-16, 1, 0.23544910550117493, -0.9718866944313049, -2.1580219709689373e-16]}, "segments": [52779, 17786, 23733, 20905, 26867, 17768], "label": "coffee machine"}, {"objectId": 33, "id": 33, "partId": 33, "index": 39, "dominantNormal": [0, -2.220446049250313e-16, 1], "obb": {"axesLengths": [0.4818716525758671, 0.4212529863137084, 0.4399787504626913], "centroid": [1.8249772320309905, 4.432209311000652, -0.47937357285529014], "normalizedAxes": [0.9730862379074097, 0.23044133186340332, 5.116825449200742e-17, 0, -2.220446049250313e-16, 1, 0.23044133186340332, -0.9730862379074097, -2.160685492541358e-16]}, "segments": [16518, 16398, 50622, 10339], "label": "clutter"}, {"objectId": 36, "id": 36, "partId": 36, "index": 42, "dominantNormal": [0.8214667439460754, -0.5702564716339111, -1.2662237294989412e-16], "obb": {"axesLengths": [0.7933187513625233, 0.6600000412762153, 0.04493376121264569], "centroid": [-0.4879361214729223, 1.8789356257240033, 0.7399999240785826], "normalizedAxes": [0.5702564120292664, 0.8214667439460754, 1.8240225861855818e-16, 0, -2.220446049250313e-16, 1, 0.8214667439460754, -0.5702564120292664, -1.2662235971500432e-16]}, "segments": [44409, 38951], "label": "picture"}, {"objectId": 39, "id": 39, "partId": 39, "index": 44, "dominantNormal": [-0.4550894796848297, -0.8904457092285156, -1.9771866571283506e-16], "obb": {"axesLengths": [0.2765469036264917, 0.7399999631941322, 0.10567767669108769], "centroid": [3.445173468800249, 3.473454917451413, -0.660000050589443], "normalizedAxes": [0.8904457092285156, -0.4550894796848297, -1.0105016372215607e-16, 0, -2.220446049250313e-16, 1, -0.4550894796848297, -0.8904457092285156, -1.9771866571283506e-16]}, "segments": [44361, 55316, 38692, 38671], "label": "kitchen towel"}, {"objectId": 40, "id": 40, "partId": 40, "index": 45, "dominantNormal": [-0.6693982481956482, -0.7429037094116211, -1.6495776065364367e-16], "obb": {"axesLengths": [0.3364027544699276, 1.1931899221273523, 0.20650431102466202], "centroid": [3.2564176173221497, 3.60122309859649, -0.7465950474904113], "normalizedAxes": [0.7429037094116211, -0.669398307800293, -1.4863628279300056e-16, 0, -2.220446049250313e-16, 1, -0.669398307800293, -0.7429037094116211, -1.6495776065364367e-16]}, "segments": [38780, 38763, 43797, 38794], "label": "kitchen towel"}, {"objectId": 41, "id": 41, "partId": 41, "index": 46, "dominantNormal": [-0.6202518343925476, -0.7844027280807495, -1.7417239385880679e-16], "obb": {"axesLengths": [0.29173330489164356, 0.3000000052154063, 0.11895241200210009], "centroid": [3.6158105660073785, 3.338670346652979, -0.5400000634044413], "normalizedAxes": [0.7844027280807495, -0.6202518343925476, -1.3772357352171918e-16, 0, -2.220446049250313e-16, 1, -0.6202518343925476, -0.7844027280807495, -1.7417239385880679e-16]}, "segments": [56062, 40433, 40469, 44365, 39532], "label": "bag"}, {"objectId": 42, "id": 42, "partId": 42, "index": 47, "dominantNormal": [-0.6157124042510986, -0.7879709601402283, -1.7496470053673458e-16], "obb": {"axesLengths": [0.2946828501807807, 0.32000000432133646, 0.10425757581600424], "centroid": [3.593521852593156, 3.323921465508427, -0.11000008635222946], "normalizedAxes": [0.7879709601402283, -0.6157124042510986, -1.3671561754937636e-16, 0, -2.220446049250313e-16, 1, -0.6157124042510986, -0.7879709601402283, -1.7496470053673458e-16]}, "segments": [19402, 45999, 51701, 19430, 46100], "label": "bag"}, {"objectId": 44, "id": 44, "partId": 44, "index": 49, "dominantNormal": [0.8398481607437134, -0.5428214073181152, -1.205305649328004e-16], "obb": {"axesLengths": [0.796126159498534, 0.5799999591708193, 0.17144610837620436], "centroid": [2.526176878173245, -0.5526623345849191, -0.24000006377697058], "normalizedAxes": [0.5428214073181152, 0.8398481607437134, 1.8648375304935203e-16, 0, -2.220446049250313e-16, 1, 0.8398481607437134, -0.5428214073181152, -1.205305649328004e-16]}, "segments": [13388, 13835, 13837, 15173, 14040, 13821, 13087, 13260, 13376, 13411, 13412, 13436, 13450, 13455, 14754, 14872, 14924, 14990, 15022, 15049, 15340, 50347, 50349, 50352, 50369, 50373, 13513, 50279, 15031, 13539, 14764, 15042, 15357, 50273, 13639, 52629, 13643, 50044, 50039, 50023, 50158, 13540, 13614, 13646, 13710, 13717, 13718, 14750, 15059, 15069, 15123, 50011, 50026, 50048, 50049, 50155, 12260], "label": "tv"}, {"objectId": 45, "id": 45, "partId": 45, "index": 50, "dominantNormal": [0, -2.220446049250313e-16, 1], "obb": {"axesLengths": [0.36589180321069165, 0.0888389925173147, 0.3135152869882622], "centroid": [2.265767088663364, -0.7496256605515539, 0.3855804174636188], "normalizedAxes": [0.7638921141624451, 0.6453440189361572, 1.4329515772541095e-16, 0, -2.220446049250313e-16, 1, 0.6453440189361572, -0.7638921141624451, -1.6961812269454703e-16]}, "segments": [11564, 49884, 11585, 12195, 49823, 12154], "label": "shelf"}, {"objectId": 46, "id": 46, "partId": 46, "index": 51, "dominantNormal": [0, -2.220446049250313e-16, 1], "obb": {"axesLengths": [0.4498254900190143, 0.150303986289263, 0.2989378864742229], "centroid": [2.6173914833874274, -0.2563220166014957, 0.3500709064288956], "normalizedAxes": [0.698188066482544, 0.7159143686294556, 1.589649231424807e-16, 0, -2.220446049250313e-16, 1, 0.7159143686294556, -0.698188066482544, -1.5502889338548796e-16]}, "segments": [49927, 12579, 12749, 49935, 13980], "label": "shelf"}, {"objectId": 47, "id": 47, "partId": 47, "index": 52, "dominantNormal": [0.2284393459558487, -0.9735581278800964, -2.1617332987668912e-16], "obb": {"axesLengths": [0.4193672804582151, 0.4999999888241291, 0.2764950221890009], "centroid": [2.330312077538842, -0.8124919009782423, 0.6799999081343406], "normalizedAxes": [0.9735581278800964, 0.2284393459558487, 5.072372432209897e-17, 0, -2.220446049250313e-16, 1, 0.2284393459558487, -0.9735581278800964, -2.1617332987668912e-16]}, "segments": [52503, 10693, 12073, 10619, 11516], "label": "picture"}, {"objectId": 48, "id": 48, "partId": 48, "index": 53, "dominantNormal": [0.5625946521759033, -0.826732873916626, -1.8357157436735294e-16], "obb": {"axesLengths": [0.41046560879254623, 0.5000000186264508, 0.25121218835539144], "centroid": [2.6741870686492373, -0.28751961148171423, 0.6599999127537006], "normalizedAxes": [0.826732873916626, 0.5625946521759033, 1.2492110727533386e-16, 0, -2.220446049250313e-16, 1, 0.5625946521759033, -0.826732873916626, -1.8357157436735294e-16]}, "segments": [52457, 49858, 49835, 49894, 11029, 12725], "label": "picture"}], "scan_id": "bcb0fe0a-4f39-2c70-9d5f-a7263a0180ca", "annId": "6444", "appId": "stk.v1"}