{"segGroups": [{"objectId": 25, "id": 25, "partId": 25, "index": 0, "dominantNormal": [-0.37472647428512573, -0.9271354079246521, -2.0586541536463712e-16], "obb": {"axesLengths": [0.3037705767006818, 0.3800000016391275, 0.047629186929832215], "centroid": [1.9350033467210883, -2.1356307657350158, -0.36000004020020415], "normalizedAxes": [0.9271354079246521, -0.37472647428512573, -8.320599193759065e-17, 0, -2.220446049250313e-16, 1, -0.37472647428512573, -0.9271354079246521, -2.0586541536463712e-16]}, "segments": [37095, 51941], "label": "towel"}, {"objectId": 26, "id": 26, "partId": 26, "index": 1, "dominantNormal": [0.5449858903884888, -0.8384451866149902, -1.8617223021321965e-16], "obb": {"axesLengths": [0.2572122451142245, 0.31999998569488525, 0.14246063122245944], "centroid": [1.0348614680612298, -1.6399356156918912, -0.6100000122605278], "normalizedAxes": [0.8384451866149902, 0.5449859499931335, 1.210111899559182e-16, 0, -2.220446049250313e-16, 1, 0.5449859499931335, -0.8384451866149902, -1.8617223021321965e-16]}, "segments": [4958, 54399, 5273, 5279, 40887], "label": "dish"}, {"objectId": 27, "id": 27, "partId": 27, "index": 2, "dominantNormal": [0, -2.220446049250313e-16, 1], "obb": {"axesLengths": [0.16128543076269822, 0.12167602505513964, 0.13077605803588843], "centroid": [1.0803785925868974, -1.3431691603576748, -0.5860000237642238], "normalizedAxes": [0.3633742928504944, 0.9316432476043701, 2.0686635684538548e-16, 0, -2.220446049250313e-16, 1, 0.9316432476043701, -0.3633742928504944, -8.068530129590065e-17]}, "segments": [40695, 4856], "label": "dish"}, {"objectId": 29, "id": 29, "partId": 29, "index": 3, "dominantNormal": [0, -2.220446049250313e-16, 1], "obb": {"axesLengths": [0.693917581069846, 0.24680202647741067, 0.47923892307047794], "centroid": [0.3061549033484341, -1.1974881372168142, -0.8220050267097734], "normalizedAxes": [0.9143207669258118, -0.4049907624721527, -8.992601385141634e-17, 0, -2.220446049250313e-16, 1, -0.4049907624721527, -0.9143207669258118, -2.030199934667935e-16]}, "segments": [49309, 34361, 49584, 48763, 48908, 34017, 34757, 30749, 30796, 30805, 30810, 30816, 30837, 30847, 30906, 30930, 30965, 30990, 32300, 33492, 33540, 33549, 33578, 33585, 33646, 33690, 33707, 33758, 33759, 33760, 33807, 33881, 33892, 33955, 33961, 34032, 34041, 34042, 34049, 34050, 34942, 34951, 34952, 34959, 34964, 34970, 34980, 34998, 35061, 35073, 35108, 35187, 48702, 48716, 48724, 48725, 48733, 48735, 48770, 48777, 48785, 48868, 48944, 48996, 49079, 49154, 49179, 49196, 49210, 49261, 49301, 49347, 49350, 49370, 49376, 49395, 49461], "label": "stove"}, {"objectId": 32, "id": 32, "initialPoint": [0.4602507078299284, -0.8694264026127355, -0.9433544874834372], "index": 4, "dominantNormal": [-0.31170061230659485, -0.9501803517341614, -2.1098242080833915e-16], "obb": {"axesLengths": [0.7259176617181252, 0.8504370260886017, 0.35335520175108104], "centroid": [0.5159290599415757, -1.0253690686920518, -1.1560215509497782], "normalizedAxes": [0.9501803517341614, -0.31170061230659485, -6.92114393145082e-17, 0, -2.220446049250313e-16, 1, -0.31170061230659485, -0.9501803517341614, -2.1098242080833915e-16]}, "segments": [51551, 51574, 22492, 53383, 39098, 53875, 54022, 54099, 28656], "partId": 32, "label": "oven"}, {"objectId": 1, "id": 1, "partId": 1, "index": 5, "dominantNormal": [0, -2.220446049250313e-16, 1], "obb": {"axesLengths": [5.926327673773463, 0.317319982111752, 3.4862003744562604], "centroid": [1.8360116967607176, -0.8793840847357065, -1.6486600086808212], "normalizedAxes": [-0.5784886479377747, 0.8156903982162476, 1.8111965221306815e-16, 0, -2.220446049250313e-16, 1, 0.8156903982162476, 0.5784886479377747, 1.284502832849587e-16]}, "segments": [6477, 12300, 11624, 7688, 32264, 2711, 23699, 7466, 72, 89, 113, 137, 141, 147, 648, 666, 719, 800, 802, 814, 935, 944, 1014, 1621, 2276, 3410, 3432, 3434, 3492, 3548, 3577, 3684, 3730, 4000, 4012, 4021, 4085, 4105, 4136, 4266, 4268, 4357, 4368, 4387, 4617, 5946, 5967, 5976, 5981, 6371, 7549, 7651, 7678, 7731, 7941, 7958, 7967, 7987, 7996, 8013, 8051, 8070, 8307, 8389, 8396, 8443, 8448, 8469, 8481, 8497, 8540, 8554, 8573, 8601, 8606, 9251, 9252, 9284, 9288, 9300, 9310, 9406, 9432, 9523, 9742, 9765, 9881, 9898, 9920, 9948, 9954, 10011, 10131, 10327, 10444, 10451, 11463, 11488, 11548, 11570, 11577, 12270, 12309, 12348, 12351, 12369, 12439, 12450, 12463, 12469, 12483, 12487, 12513, 12524, 12527, 12541, 12543, 12549, 12553, 12556, 12576, 12596, 12601, 12610, 12646, 12652, 12671, 12689, 12760, 12778, 12850, 12916, 12955, 13246, 13283, 13292, 13294, 13312, 13365, 15225, 16320, 16347, 16367, 16389, 16396, 21080, 21084, 21104, 21122, 21142, 21171, 23313, 23349, 23358, 23421, 23442, 23467, 23513, 23666, 25913, 25933, 26672, 26786, 30147, 30159, 31248, 31257, 31262, 31279, 31317, 36184, 36192, 36193, 36209, 36211, 36243, 36296, 36320, 36324, 36489, 36637, 37233, 37266, 37275, 37303, 37489, 37565, 37579, 37746, 37880, 37921, 37933, 39929, 39949, 39961, 40237, 40560, 40920, 40923, 40925, 41060, 41109, 41117, 41121, 41175, 41222, 41233, 41747, 41749, 41772, 42139, 42742, 42745, 42749, 42769, 42772, 42777, 42812, 42816, 42821, 42885, 42887, 42894, 42919, 42932, 42934, 43453, 43683, 44539, 45337, 46401, 46406, 46411, 46416, 47138, 48709, 52804, 53007, 53013, 53053, 12984, 52241, 16880, 43768, 277, 52248, 16779, 40196, 283, 2163, 43784, 16862, 16852, 29052, 3443, 13, 75, 85, 212, 214, 220, 221, 226, 245, 255, 260, 264, 279, 295, 298, 302, 309, 405, 577, 578, 609, 869, 892, 2129, 2160, 2197, 2199, 3336, 3940, 3979, 4019, 4020, 4078, 4214, 7603, 7606, 8609, 8712, 8960, 10397, 10410, 10873, 11666, 11688, 11700, 12264, 12292, 12360, 12451, 12502, 12593, 12607, 13058, 13061, 15693, 15804, 15808, 16760, 16787, 16807, 16811, 16818, 16824, 16868, 16903, 16906, 16928, 18915, 19114, 19130, 19141, 19158, 19172, 23152, 23187, 23189, 23427, 23552, 23560, 23642, 25904, 25991, 26270, 27335, 28425, 28740, 28751, 28808, 28810, 29184, 29213, 29446, 30232, 33077, 37196, 37464, 37798, 39146, 39312, 39317, 40136, 40188, 40194, 40209, 40212, 40216, 40230, 40263, 42774, 42782, 43503, 43737, 43743, 43796, 43799, 43805, 43810, 43817, 43824, 43840, 43843, 43844, 44491, 44494, 46339, 46341, 46344, 46346, 46396, 46429, 46430, 47529, 48159, 48180, 52010, 52012, 53885, 54141, 26322, 26298, 26211], "label": "floor"}, {"objectId": 2, "id": 2, "partId": 2, "index": 6, "dominantNormal": [-0.381201833486557, -0.924491822719574, -2.0527842153218989e-16], "obb": {"axesLengths": [3.680002478010594, 2.0600000159442406, 0.24579914313332266], "centroid": [0.6582567623859596, -1.560368143294698, 0.05999995965078386], "normalizedAxes": [0.924491822719574, -0.3812018632888794, -8.464381713066502e-17, 0, -2.220446049250313e-16, 1, -0.3812018632888794, -0.924491822719574, -2.0527842153218989e-16]}, "segments": [35674, 36051, 38971, 22169, 3086, 3651, 4005, 4283, 4874, 4946, 4972, 5461, 6993, 7002, 7325, 7335, 13699, 22143, 22164, 25897, 26078, 31197, 31653, 31683, 32951, 32952, 33160, 36103, 36910, 37033, 37046, 37054, 37075, 37077, 37084, 39477, 39500, 39501, 39518, 40496, 40684, 40704, 40974, 41548, 47207, 51565, 51935, 51948, 54369, 54701, 54818, 54891, 13719], "label": "wall"}, {"objectId": 3, "id": 3, "partId": 3, "index": 7, "dominantNormal": [0.9214869141578674, -0.3884093463420868, -8.624419985771832e-17], "obb": {"axesLengths": [1.3242036767265464, 0.4399999877810479, 0.3471387629405559], "centroid": [-0.7284140325999355, 0.4233973274276943, 0.08999996017232448], "normalizedAxes": [0.3884093463420868, 0.9214869141578674, 2.0461119779776991e-16, 0, -2.220446049250313e-16, 1, 0.9214869141578674, -0.3884093463420868, -8.624419985771832e-17]}, "segments": [17251, 14759, 14846, 17509, 47116, 1413, 10856, 40279, 1418, 43136, 25207, 25159, 44431, 18381], "label": "wall"}, {"objectId": 4, "id": 4, "partId": 4, "index": 8, "dominantNormal": [0.9195345044136047, -0.3930093050003052, -8.72655958606539e-17], "obb": {"axesLengths": [2.055288700008796, 2.6260229954267356, 0.5196657983702999], "centroid": [-0.7503182319952675, 0.07804581013974232, -0.35275856030959285], "normalizedAxes": [0.3930093050003052, 0.9195345044136047, 2.0417767574745332e-16, 0, -2.220446049250313e-16, 1, 0.9195345044136047, -0.3930093050003052, -8.72655958606539e-17]}, "segments": [29757, 34549, 25792, 18395, 21302, 22550, 22584, 22586, 22600, 22629, 22636, 22637, 22641, 22642, 22658, 22660, 22683, 22711, 22746, 22785, 22798, 22803, 24800, 24828, 24873, 24900, 24947, 24981, 25047, 26125, 26130, 26134, 26719, 26756, 32417, 39658, 46102, 46173, 46972, 46980, 46990, 47420, 47455, 47918, 49905, 21244, 17378, 22553, 22663, 22705, 22744, 22773, 46047, 46124, 46158, 50101, 33193, 18397, 22617, 22708, 22759, 22769, 24515, 24566, 24592, 24599, 24602, 24621, 24654, 24716, 24797, 24810, 24839, 24853, 24952, 24963, 24984, 25005, 25026, 25042, 25719, 26877, 26916, 28336, 28348, 28380, 28394, 28405, 28417, 28423, 28456, 28503, 28517, 28538, 28570, 28586, 28587, 28614, 28636, 28637, 28657, 28699, 32551, 33106, 33118, 33141, 33171, 33182, 45346, 46118, 46543, 46559, 46703, 46717, 46719, 46734, 46737, 46739, 46744, 46926, 46936, 46985, 47476, 47831, 47916, 48043, 48046, 48055, 48079, 48150, 49509, 49908, 50024, 50046, 55037, 27442, 15138, 35792, 17461, 1856], "label": "cabinet"}, {"objectId": 5, "id": 5, "partId": 5, "index": 9, "dominantNormal": [-0.39626821875572205, -0.9181348085403442, -2.0386688083026e-16], "obb": {"axesLengths": [3.44979780954029, 1.0367699629790341, 0.6766153492972954], "centroid": [0.8375011587334424, -1.2984444643850874, -1.1283850235523665], "normalizedAxes": [0.9181348085403442, -0.39626821875572205, -8.798922007796018e-17, 0, -2.220446049250313e-16, 1, -0.39626821875572205, -0.9181348085403442, -2.0386688083026e-16]}, "segments": [15848, 39043, 29985, 26301, 26113, 53355, 36495, 27314, 33045, 37456, 39408, 53958, 27692, 2596, 2598, 2621, 2629, 2666, 2674, 2682, 2696, 2716, 2748, 2750, 2758, 2759, 2775, 2813, 2843, 2850, 2864, 2868, 2902, 2925, 2926, 6611, 7605, 7609, 7706, 7722, 7753, 7916, 8243, 8776, 8829, 8846, 8861, 8874, 8890, 8894, 8924, 8925, 8966, 8969, 8977, 8980, 8984, 9040, 9071, 9077, 9083, 15914, 15939, 15949, 15956, 15961, 15974, 15992, 15998, 16002, 19009, 19014, 19024, 19036, 19038, 19074, 19418, 19447, 19480, 19518, 19543, 22473, 22499, 22955, 23687, 24136, 24557, 24737, 24855, 24898, 25220, 25258, 25270, 25274, 25282, 25304, 25315, 25317, 25376, 25392, 25436, 25441, 25454, 25470, 25490, 25554, 25598, 25799, 26632, 26714, 26814, 26945, 27012, 27321, 28515, 28555, 28610, 29485, 29555, 29576, 29733, 29922, 29932, 29945, 30037, 30065, 30378, 30447, 30451, 30565, 30626, 30664, 30721, 30953, 31432, 31463, 31626, 31646, 31661, 31669, 31804, 31858, 31868, 31927, 31948, 31980, 32016, 32032, 32063, 32125, 32133, 32164, 32177, 32197, 32205, 32207, 32906, 33292, 33323, 33329, 33330, 33335, 33338, 36506, 36582, 36608, 36616, 36619, 36632, 36657, 36674, 36696, 36703, 37317, 37324, 37335, 37374, 37375, 37387, 37409, 37428, 38660, 38674, 38681, 38702, 38705, 38716, 38717, 38722, 38726, 38727, 38765, 38781, 38789, 38803, 38882, 38889, 38903, 38938, 38946, 39008, 39027, 39080, 39083, 39117, 39219, 39951, 39956, 40393, 40398, 40401, 41585, 41604, 41701, 41703, 41705, 41706, 41708, 41713, 42006, 42009, 42038, 42041, 42047, 42051, 42057, 42119, 43549, 43550, 43563, 43576, 43584, 43586, 43612, 44582, 45434, 45833, 46016, 46046, 46099, 46109, 46125, 47135, 47209, 47526, 48239, 48265, 48473, 48505, 48509, 48520, 48527, 48533, 49008, 49093, 51442, 51452, 51543, 51568, 51604, 51613, 51776, 51778, 51793, 51794, 51802, 51811, 51988, 52006, 53208, 53764, 53777, 53785, 53811, 53813, 53816, 53822, 53858, 53862, 53864, 53849, 54016, 27371, 10002, 8198, 5231, 23638, 41768, 54020], "label": "kitchen cabinet"}, {"objectId": 6, "id": 6, "partId": 6, "index": 10, "dominantNormal": [0.9991652965545654, 0.040850378572940826, 9.07060617126661e-18], "obb": {"axesLengths": [0.9595188561679936, 0.8803620141663693, 0.549249830336672], "centroid": [-0.5723558933431916, -0.0581404852964178, -1.2026490118178212], "normalizedAxes": [-0.040850378572940826, 0.9991652965545654, 2.2185926352826023e-16, 0, -2.220446049250313e-16, 1, 0.9991652965545654, 0.040850378572940826, 9.07060617126661e-18]}, "segments": [49917, 45460, 49450, 43517, 12836, 46263, 12830, 42599, 11426, 48566, 11421, 11520, 23129, 46297, 25631, 26433, 42504, 47637, 20944, 20877, 11830, 10021, 10034, 11020, 11033, 11068, 11103, 11108, 11111, 11117, 11133, 11147, 11168, 11171, 11190, 11198, 11221, 11235, 11244, 11328, 11331, 11369, 11414, 11461, 11566, 11660, 11871, 11914, 11943, 11984, 11989, 12856, 12901, 12947, 12993, 20837, 20885, 20897, 20910, 20952, 20967, 21355, 21389, 23049, 25583, 26162, 26351, 26368, 26387, 27775, 27785, 27786, 31880, 31922, 31933, 31949, 31962, 31999, 32003, 32020, 32036, 32098, 32633, 32634, 32643, 32644, 32878, 32880, 32884, 42147, 42250, 42271, 42284, 42309, 42352, 42496, 42498, 42531, 42574, 42845, 42847, 42870, 42881, 45120, 45123, 45144, 45483, 45489, 46240, 46242, 46317, 47243, 47305, 47361, 47582, 47624, 49162, 49163, 49168, 49217, 49362, 49364, 49457, 49993, 50002, 43506, 11211, 20818], "label": "shelf"}, {"objectId": 7, "id": 7, "partId": 7, "index": 11, "dominantNormal": [0, -2.220446049250313e-16, 1], "obb": {"axesLengths": [3.599449931989985, 0.288155966516823, 1.2619444021831199], "centroid": [0.8610569770608397, -1.0383027504567075, -0.7847410380941411], "normalizedAxes": [0.9118245244026184, -0.4105801582336426, -9.116710902504601e-17, 0, -2.220446049250313e-16, 1, -0.4105801582336426, -0.9118245244026184, -2.0246571628193397e-16]}, "segments": [49666, 33268, 22362, 35761, 19981, 4397, 4456, 4483, 4638, 6951, 6997, 7617, 7621, 7628, 7643, 7694, 7698, 7713, 20694, 20732, 20861, 20921, 20929, 21335, 21366, 22415, 22784, 22807, 22828, 22832, 23098, 23478, 23540, 23563, 23583, 26345, 26396, 27501, 29641, 29682, 29745, 29848, 29965, 30053, 30729, 30733, 30754, 30991, 32456, 32489, 32508, 32573, 32711, 32723, 32735, 32742, 32763, 32824, 32842, 32859, 32861, 32863, 32871, 32963, 33172, 33884, 34986, 39248, 39295, 39595, 39632, 41578, 41581, 44588, 44625, 44648, 44875, 45072, 45074, 45878, 48376, 48463, 48468, 48536, 48718, 48737, 48750, 48753, 48864, 48913, 49157, 49245, 49968, 49971, 49981, 49987, 50138, 50139, 51781, 51808, 20621, 51961, 20586], "label": "counter"}, {"objectId": 8, "id": 8, "partId": 8, "index": 12, "dominantNormal": [0, -2.220446049250313e-16, 1], "obb": {"axesLengths": [1.4456215619478965, 0.6658249944636597, 0.8165278636060695], "centroid": [1.2689000894087208, -1.6777863360810215, -1.002437550934162], "normalizedAxes": [0.853336751461029, -0.5213601589202881, -1.157652105111069e-16, 0, -2.220446049250313e-16, 1, -0.5213601589202881, -0.853336751461029, -1.8947882184617383e-16]}, "segments": [6510, 6044, 41013, 45708, 5652, 44965, 6065, 5724, 41010, 41283, 5841, 5409, 45718, 6969, 6647, 6255, 6351, 4833, 5287, 5314, 5348, 5378, 5383, 5497, 5502, 5514, 5517, 5518, 5556, 5582, 5605, 5611, 5632, 5645, 5660, 5696, 5717, 5722, 5723, 5739, 5740, 5749, 5772, 5798, 6089, 6099, 6100, 6159, 6240, 6295, 6304, 6313, 6324, 6336, 6354, 6363, 6370, 6392, 6403, 6422, 6434, 6437, 6438, 6454, 6459, 6485, 6488, 6539, 6543, 6548, 6550, 6560, 6567, 6679, 6690, 6699, 6734, 6737, 6749, 6762, 6830, 6835, 6855, 6865, 6868, 6880, 6891, 6894, 6895, 6897, 6907, 6918, 6931, 6932, 6933, 7019, 7110, 7119, 7319, 7341, 7372, 7406, 7792, 7795, 7818, 7827, 7828, 7866, 7867, 7878, 7907, 8018, 8034, 8044, 8091, 8114, 8118, 8150, 8177, 8186, 8197, 8242, 8269, 8285, 8347, 8367, 8400, 8402, 8413, 8430, 8454, 8482, 8525, 8530, 8579, 9029, 19026, 19391, 22129, 22156, 22299, 22346, 22417, 22525, 22536, 22540, 22548, 22881, 22970, 23024, 23064, 23146, 23448, 23675, 23736, 23752, 23916, 23964, 24005, 24090, 24167, 24276, 24293, 24319, 24350, 24362, 24418, 24445, 24448, 24479, 24502, 24531, 24616, 24759, 24789, 24823, 24906, 25001, 25050, 25294, 25337, 25396, 25460, 25510, 25538, 25569, 25699, 25816, 25906, 26020, 40915, 40934, 40946, 40967, 40982, 40984, 40987, 41067, 41070, 41083, 41097, 41113, 41122, 41124, 41137, 41138, 41144, 41147, 41155, 41164, 41202, 41240, 41292, 41298, 41324, 41330, 41345, 41380, 41390, 41406, 41450, 41464, 41468, 41470, 41473, 41544, 41552, 41586, 41607, 41609, 41619, 41625, 41628, 41631, 41738, 41808, 41813, 41862, 41942, 41958, 41961, 41967, 41976, 41978, 41985, 42020, 42104, 44453, 44470, 44557, 44608, 44743, 44745, 44793, 44795, 44894, 45066, 45070, 45086, 45088, 45146, 45148, 45151, 45185, 45189, 45332, 45340, 45497, 45531, 45534, 45590, 45600, 45602, 45613, 45623, 45625, 45795, 45798, 45802, 45814, 45818, 54424, 54568, 46212, 23526, 46635, 27296, 26000, 46622, 27073, 46316, 8109, 54514, 8173, 54550, 41316, 7411, 27240, 46679, 46578], "label": "sink"}, {"objectId": 9, "id": 9, "partId": 9, "index": 13, "dominantNormal": [-0.40925535559654236, -0.9124199151992798, -2.0259791959615465e-16], "obb": {"axesLengths": [2.152346304558018, 1.2445900162028514, 0.42420710874472767], "centroid": [1.411491290820822, -1.7776216333392538, 0.49229497438322634], "normalizedAxes": [0.9124199151992798, -0.40925535559654236, -9.087294374688745e-17, 0, -2.220446049250313e-16, 1, -0.40925535559654236, -0.9124199151992798, -2.0259791959615465e-16]}, "segments": [36885, 36761, 51834, 3755, 3756, 3845, 3238, 33554, 33722, 50752, 34798, 50764, 35340, 50648, 34575, 50623, 34576, 3240, 3256, 3279, 3699, 3781, 4048, 4061, 4079, 9226, 10664, 10768, 10777, 10825, 22005, 22078, 22091, 23753, 23759, 23806, 23809, 23914, 23937, 29059, 33545, 33580, 33621, 33650, 33668, 33704, 33720, 33784, 33983, 34028, 34055, 34196, 34236, 34253, 34301, 34602, 34622, 34628, 34657, 34675, 34722, 34724, 34755, 34786, 34809, 34830, 34877, 34881, 34924, 35837, 35950, 36046, 36816, 36844, 36920, 40283, 45849, 45867, 45881, 45908, 46466, 46495, 46497, 50228, 50270, 50274, 50277, 50286, 50315, 50437, 50542, 50561, 50600, 50715, 50730, 50750, 50758, 50790, 50841, 50874, 50879, 50887, 51315, 51322, 51434, 51812, 51840, 51861, 51882, 51893, 51897, 51907, 1830, 1844, 2420, 43898, 2423, 2436, 2457, 10659, 10669, 10723, 16584, 16589, 16607, 16641, 16667, 16677, 16708, 16726, 17337, 17558, 17602, 22134, 23793, 23841, 23954, 24021, 26932, 29032, 29033, 29051, 29060, 35894, 36037, 36074, 40644, 43714, 43719, 43721, 43729, 43862, 43884, 46434, 46494, 46500, 48191, 48205, 51354, 35919, 33346, 33662, 1776, 1718, 2333, 3643, 1693, 47493, 20233, 34095, 33378, 34109, 35936, 32995], "label": "shelf"}, {"objectId": 10, "id": 10, "partId": 10, "index": 14, "dominantNormal": [0, -2.220446049250313e-16, 1], "obb": {"axesLengths": [5.2147877642700795, 1.7999999716877935, 4.533795109611012], "centroid": [0.42531623659961904, -0.48954367684328626, 1.5899999266447122], "normalizedAxes": [0.9691739082336426, 0.24637772142887115, 5.4706843817003116e-17, 0, -2.220446049250313e-16, 1, 0.24637772142887115, -0.9691739082336426, -2.1519983755738771e-16]}, "segments": [25070, 14246, 3551, 3456, 27772, 3340, 3358, 3472, 3482, 3541, 3554, 3568, 10294, 13616, 13676, 18176, 18179, 20304, 20309, 20312, 20334, 21555, 21827, 21853, 21860, 21862, 21865, 21941, 25676, 27735, 27769, 27845, 30326, 30387, 30408, 30461, 30543, 30548, 30569, 42995, 44414, 44419, 45835, 46527, 47673, 47678, 48609, 48619, 48621, 48623, 48625, 48633, 48635, 48644, 48651, 53199, 53202, 25118, 3037, 2489, 2089, 659, 743, 747, 785, 793, 809, 820, 842, 843, 851, 859, 1005, 1036, 1048, 1053, 1089, 1118, 1123, 1180, 1185, 1221, 1235, 1236, 1899, 2059, 2511, 2519, 2953, 2967, 3001, 3005, 3010, 3175, 3190, 11817, 18185, 21564, 21581, 21932, 25092, 25122, 27821, 27876, 27949, 27957, 27986, 28015, 28027, 28035, 28048, 28059, 28107, 30508, 30603, 33468, 34436, 35717, 40313, 40316, 40323, 40327, 40444, 40457, 40545, 44425, 44910, 45540, 47694, 47703, 47705, 47707, 47758, 50200, 51273, 20282, 39368, 18524, 9730, 9748, 10876, 14135, 15009, 15029, 15039, 15431, 15438, 15460, 15478, 15513, 15530, 15550, 15552, 15569, 15574, 15649, 15664, 15674, 18246, 18286, 18342, 18510, 20322, 20343, 24328, 24336, 24361, 24415, 24429, 28962, 30309, 34418, 35256, 35450, 37209, 37558, 37971, 37980, 38010, 38026, 38098, 38351, 38352, 38402, 42133, 42135, 42353, 42355, 42364, 42476, 43122, 43124, 53102, 53119, 53186, 54146, 54191, 54236, 54241, 9711, 35433, 9563, 9282, 9296, 9473, 12098, 12120, 13118, 13960, 13996, 14184, 14318, 14472, 14642, 14688, 14776, 15339, 15563, 16965, 17379, 17467, 18240, 18633, 19203, 30244, 30252, 30282, 35089, 35118, 35140, 35403, 35408, 35435, 36513, 36806, 36817, 36891, 36954, 36961, 36981, 37155, 38442, 38768, 38809, 38818, 42123, 43038, 43069, 44550, 44554, 47849, 47854, 48038, 48602, 48607, 50458, 50972, 51214, 53152, 53180, 50395, 16108, 50329, 18102, 44704, 44680, 559, 708, 954, 1294, 1318, 1321, 1337, 1563, 1608, 1639, 1744, 1977, 2006, 2136, 2205, 2319, 2540, 10316, 12103, 13174, 13225, 13357, 14269, 14425, 14450, 14462, 14506, 14582, 14590, 14656, 14709, 15160, 15280, 15797, 15947, 15976, 16015, 16034, 16205, 16217, 16226, 16322, 16360, 16369, 16403, 16487, 16531, 18067, 18215, 18232, 18334, 18517, 18620, 18647, 18652, 18665, 18673, 18692, 18772, 19064, 19153, 19430, 19452, 19457, 19458, 19467, 19571, 19588, 19595, 19635, 19653, 19658, 19663, 19689, 19697, 19709, 19771, 19775, 19781, 20339, 21609, 21635, 21653, 21654, 21661, 21693, 21756, 25686, 28146, 28224, 29141, 30269, 31064, 31071, 34162, 34223, 34277, 34475, 34478, 35290, 35320, 36706, 37983, 37985, 38269, 38404, 40250, 40299, 40375, 40539, 42169, 43021, 43022, 43043, 43045, 43349, 43656, 43659, 43661, 43662, 43666, 44443, 44579, 45576, 45583, 46097, 47170, 47204, 47788, 47969, 48171, 48213, 49031, 50455, 50460, 50521, 50988, 51000, 53115, 53164, 27690, 19183, 30274, 19323, 18988, 19259, 19274, 19291, 27602, 27618, 27630, 27636, 29821, 29826, 29859, 37069, 44532, 44534, 44538, 47559, 48474, 48478, 48479, 34521, 51129, 28174, 28197, 31383, 31562, 35962, 36153, 36167, 36199, 36249, 36290, 47817, 50495, 51428, 51431, 51937], "label": "ceiling"}, {"objectId": 11, "id": 11, "partId": 11, "index": 15, "dominantNormal": [-0.40830132365226746, -0.9128472208976746, -2.0269280052113693e-16], "obb": {"axesLengths": [2.365917588455554, 2.776159939702749, 0.3696261291768425], "centroid": [2.042022737986047, -0.05020141808194856, -0.2504099965419637], "normalizedAxes": [0.9128472208976746, -0.40830132365226746, -9.066110610073507e-17, 0, -2.220446049250313e-16, 1, -0.40830132365226746, -0.9128472208976746, -2.0269280052113693e-16]}, "segments": [9131, 17536, 14195, 44371, 9178, 38470, 44317, 44182, 10243, 340, 402, 443, 875, 1655, 1825, 2239, 2241, 2280, 3292, 3316, 3903, 4520, 4532, 4549, 4577, 4723, 4995, 5092, 6787, 7052, 7284, 7295, 7778, 7782, 9333, 10076, 10484, 10492, 13872, 13927, 14115, 14155, 14602, 14607, 16196, 18116, 18627, 20020, 20153, 20417, 20445, 20449, 20478, 20487, 20533, 20643, 20650, 20779, 21265, 21451, 21624, 21648, 21655, 21683, 21686, 32074, 35567, 38103, 39603, 40859, 40950, 43846, 44017, 44396, 44437, 51172, 51177, 51200, 51209, 53128, 53189, 32218], "label": "wall"}, {"objectId": 13, "id": 13, "partId": 13, "index": 16, "dominantNormal": [-0.33345234394073486, -0.9427669644355774, -2.0933631815446882e-16], "obb": {"axesLengths": [1.068327033741224, 2.660910904536151, 0.45161814083895746], "centroid": [-0.06639874203067953, 0.8919087404276547, -0.3395445088814695], "normalizedAxes": [0.9427669644355774, -0.33345234394073486, -7.404129397164613e-17, 0, -2.220446049250313e-16, 1, -0.33345234394073486, -0.9427669644355774, -2.0933631815446882e-16]}, "segments": [39664, 1883, 17651, 15625, 28275, 15348, 39699, 12209, 1251, 1380, 10117, 10415, 12070, 12133, 12149, 12210, 13418, 13421, 13684, 13764, 13774, 14013, 14279, 14283, 14295, 14323, 14337, 14441, 14467, 15314, 15329, 15334, 15351, 15361, 15371, 15408, 15409, 15466, 15486, 15500, 15578, 15601, 15607, 15645, 15676, 17038, 17055, 17093, 17157, 17173, 17222, 17234, 17246, 17625, 17674, 17691, 17700, 17716, 17731, 17756, 17768, 17769, 17810, 25301, 25822, 26975, 28281, 39751, 39756, 39765, 42646, 42676, 42794, 42904, 43087, 43462, 43488, 43490, 43492, 43495, 43922, 43924, 43940, 47498, 47504, 55032, 55033, 55361, 55465, 55477, 55524, 55579, 55590, 55592, 55594, 55605, 10388, 13087, 1151], "label": "wall"}, {"objectId": 15, "id": 15, "partId": 15, "index": 17, "dominantNormal": [0.7584331035614014, 0.6517508625984192, 1.4471776279521435e-16], "obb": {"axesLengths": [0.19638229413016406, 0.27999999493360517, 0.16034058941673204], "centroid": [-0.831049087623003, 0.3127145527868862, 0.009999963748603014], "normalizedAxes": [-0.6517508625984192, 0.7584331035614014, 1.6840597884235672e-16, 0, -2.220446049250313e-16, 1, 0.7584331035614014, 0.6517508625984192, 1.4471776279521435e-16]}, "segments": [26866, 17511], "label": "plant"}, {"objectId": 16, "id": 16, "partId": 16, "index": 18, "dominantNormal": [-0.13669221103191376, -0.990613579750061, -2.199604009489733e-16], "obb": {"axesLengths": [0.24368742799321952, 0.15733069202309782, 0.10215065440313402], "centroid": [-0.6386608452582072, 0.3930262769463331, -0.051334687706650506], "normalizedAxes": [0.990613579750061, -0.13669221103191376, -3.0351767994910296e-17, 0, -2.220446049250313e-16, 1, -0.13669221103191376, -0.990613579750061, -2.199604009489733e-16]}, "segments": [16514, 16474], "label": "candle"}, {"objectId": 17, "id": 17, "partId": 17, "index": 19, "dominantNormal": [0, -2.220446049250313e-16, 1], "obb": {"axesLengths": [0.3498418277083005, 0.19999999105930338, 0.23738830765688793], "centroid": [-0.6356373835036626, 0.6073924581394543, -0.030000038188547462], "normalizedAxes": [0.9628844857215881, 0.26991385221481323, 5.993291467883149e-17, 0, -2.220446049250313e-16, 1, 0.26991385221481323, -0.9628844857215881, -2.1380330522049199e-16]}, "segments": [43678, 14851, 14850, 16158, 16160, 16165, 16492, 25148, 16538], "label": "item"}, {"objectId": 18, "id": 18, "partId": 18, "index": 20, "dominantNormal": [0.39148369431495667, -0.9201850295066833, -2.0432212133473978e-16], "obb": {"axesLengths": [0.45681951464635734, 1.0000000074505797, 0.27164124542966367], "centroid": [0.3929512348963552, -1.3401618107273723, 0.3499999597252894], "normalizedAxes": [0.9201850295066833, 0.39148369431495667, 8.692684223875628e-17, 0, -2.220446049250313e-16, 1, 0.39148369431495667, -0.9201850295066833, -2.0432212133473978e-16]}, "segments": [37437, 51405, 49145, 31178, 31172, 20785, 31794, 37819, 51386, 49118, 22183, 22246, 22253, 22269, 31164, 31708, 31771, 32958, 37635, 37653, 37661, 37693, 37862, 37910, 37959, 38496, 45975, 45977, 49039, 49110, 49114, 49143, 50852, 50965, 50986, 51052, 51426, 21765, 22140, 51217], "label": "kitchen hood"}, {"objectId": 20, "id": 20, "partId": 20, "index": 21, "dominantNormal": [-0.3881208300590515, -0.9216085076332092, -2.0463819697296364e-16], "obb": {"axesLengths": [0.5145316859228624, 0.9509089972620677, 0.35694548306890905], "centroid": [1.9160271918147795, -0.1897072276405306, -1.1610655342965093], "normalizedAxes": [0.9216085076332092, -0.3881208002567291, -8.618012975619241e-17, 0, -2.220446049250313e-16, 1, -0.3881208002567291, -0.9216085076332092, -2.0463819697296364e-16]}, "segments": [28745, 4261, 5508, 19615, 19617, 28760, 28812, 28823, 28979, 39977, 40102, 40112, 19637, 40164, 1964, 5161, 15151, 40030, 5137, 19632, 19725, 28422, 28826, 28980, 38183, 38520, 38562, 39971, 39973, 40064, 40067, 40203, 40825, 40861, 40868, 43234, 28076, 43258, 906, 934, 1700, 1719, 1739, 1766, 5101, 5143, 15176, 15220, 15240, 15246, 15272, 21895, 27067, 27099, 27185, 27192, 27209, 27414, 27919, 27981, 39970, 40181, 43324, 43330, 43375, 43385, 43419, 43318, 5172, 39283, 15276, 19810, 20810, 38800, 39529, 40784, 52717, 38621, 40828, 5033, 5130, 5035, 401, 40107, 40121, 39824, 432], "label": "shelf"}, {"objectId": 21, "id": 21, "partId": 21, "index": 22, "dominantNormal": [-0.12850190699100494, -0.9917092323303223, -2.202036846932925e-16], "obb": {"axesLengths": [0.49440851714788125, 1.2481699902973322, 0.239559515560904], "centroid": [0.17145443185629317, 0.6902145928072998, -1.0140850135186694], "normalizedAxes": [0.9917092323303223, -0.12850190699100494, -2.853315516993081e-17, 0, -2.220446049250313e-16, 1, -0.12850190699100494, -0.9917092323303223, -2.202036846932925e-16]}, "segments": [43878, 12222, 27013, 25866, 20273, 12203, 10412, 10457, 12143, 12228, 12965, 13304, 13810, 14867, 42171, 42693, 42896, 43019, 47179, 47192, 47197, 47199, 47509, 24189, 42632], "label": "apron"}, {"objectId": 22, "id": 22, "partId": 22, "index": 23, "dominantNormal": [0.658368706703186, -0.752695620059967, -1.6713200158501685e-16], "obb": {"axesLengths": [0.18477535722329944, 0.2348039991824924, 0.12650322574327558], "centroid": [1.9416949608165375, -0.11018536038599969, -0.24740203330944577], "normalizedAxes": [0.752695620059967, 0.658368706703186, 1.4618721937491275e-16, 0, -2.220446049250313e-16, 1, 0.658368706703186, -0.752695620059967, -1.6713200158501685e-16]}, "segments": [38176, 7289], "label": "item"}, {"objectId": 23, "id": 23, "partId": 23, "index": 24, "dominantNormal": [-0.3728726804256439, -0.9278824925422668, -2.0603130147340095e-16], "obb": {"axesLengths": [0.5001789602484893, 0.6799999770522119, 0.06518713535840659], "centroid": [2.3899004874020786, -0.2613605753949987, -0.11000003088697885], "normalizedAxes": [0.9278824925422668, -0.3728726804256439, -8.279436701244956e-17, 0, -2.220446049250313e-16, 1, -0.3728726804256439, -0.9278824925422668, -2.0603130147340095e-16]}, "segments": [38118, 14188, 33622], "label": "picture"}, {"objectId": 24, "id": 24, "partId": 24, "index": 25, "dominantNormal": [-0.45175978541374207, -0.8921396136283875, -1.9809478804608537e-16], "obb": {"axesLengths": [0.7074766011116934, 0.6999999724328521, 0.09689220464328474], "centroid": [1.5249641348306655, 0.13113892633709057, -0.10000003319665884], "normalizedAxes": [0.8921396136283875, -0.45175978541374207, -1.0031082307321128e-16, 0, -2.220446049250313e-16, 1, -0.45175978541374207, -0.8921396136283875, -1.9809478804608537e-16]}, "segments": [35826, 40962, 1083], "label": "picture"}], "scan_id": "352e9c40-69fb-27a7-8a6d-d2ca32644e09", "annId": "4287", "appId": "stk.v1"}