{"segGroups": [{"objectId": 1, "id": 1, "partId": 1, "index": 0, "dominantNormal": [0, -2.220446049250313e-16, 1], "obb": {"axesLengths": [8.052361300723074, 1.0483000044159585, 5.436702530392415], "centroid": [-1.9575535091863834, -1.6271633330936015, -1.1741500221841046], "normalizedAxes": [0.6743878722190857, 0.7383772730827332, 1.6395268988727744e-16, 0, -2.220446049250313e-16, 1, 0.7383772730827332, -0.6743878722190857, -1.4974418865311938e-16]}, "segments": [51509, 29457, 20446, 96976, 129403, 129181, 91094, 50736, 6091, 129006, 5143, 5161, 6072, 6070, 7800, 66205, 128620, 97586, 53990, 2004, 46871, 3168, 2981, 3508, 88191, 49196, 40370, 44157, 68452, 10064, 67119, 128694, 89061, 83994, 76164, 92020, 66605, 98951, 90220, 90171, 96403, 93063, 71918, 71699, 50266, 64849, 24860, 64876, 24818, 40583, 64859, 24081, 23556, 74317, 67341, 74450, 6711, 52826, 124106, 92364, 40196, 54522, 71012, 34568, 34282, 128246, 127619, 96101, 98022, 129572, 98035, 128170, 96074], "label": "floor"}, {"objectId": 2, "id": 2, "partId": 2, "index": 1, "dominantNormal": [0.5915951132774353, -0.8062352538108826, -1.7902018840906976e-16], "obb": {"axesLengths": [6.472755968292344, 2.5846509951803602, 0.28103973649327324], "centroid": [-0.42330854973077403, -3.0368912541357713, -0.34069456762869965], "normalizedAxes": [0.8062352538108826, 0.5915951132774353, 1.3136050320326727e-16, 0, -2.220446049250313e-16, 1, 0.5915951132774353, -0.8062352538108826, -1.7902018840906976e-16]}, "segments": [95987, 125419, 27723, 87974, 121619, 69466, 69220, 47781, 45329, 125857, 125883, 110071, 38796, 62985, 92641, 60671, 77178, 78194, 77056, 77084, 77185, 90736, 90740, 77108, 52758, 85198, 113846, 52605, 52688, 102418, 133418, 102375, 85351, 102297, 47584, 47496, 13771, 111758, 4721, 111779, 39744], "label": "wall"}, {"objectId": 3, "id": 3, "partId": 3, "index": 2, "dominantNormal": [0.5400437116622925, -0.8416369557380676, -1.868809453271653e-16], "obb": {"axesLengths": [0.5634214446321869, 0.5199999991059301, 0.05424854090975535], "centroid": [-0.3738105157451028, -2.96260507139143, 0.3499999427709728], "normalizedAxes": [0.8416369557380676, 0.5400437116622925, 1.1991379259830126e-16, 0, -2.220446049250313e-16, 1, 0.5400437116622925, -0.8416369557380676, -1.868809453271653e-16]}, "segments": [73436, 72958], "label": "frame"}, {"objectId": 4, "id": 4, "partId": 4, "index": 3, "dominantNormal": [0.5442776679992676, -0.8389051556587219, -1.862743638578128e-16], "obb": {"axesLengths": [0.6837071343220745, 1.4028199597562852, 0.44430172578839566], "centroid": [1.4497149725708125, -1.6362056006630654, -0.33141004172653], "normalizedAxes": [0.8389050960540771, 0.5442776679992676, 1.2085391976041472e-16, 0, -2.220446049250313e-16, 1, 0.5442776679992676, -0.8389050960540771, -1.86274350622923e-16]}, "segments": [83660, 83616, 82508, 123392, 16679, 86791, 84556, 90469, 31272, 107763, 109763, 42610, 109769, 1146, 109778, 568, 2370, 104431, 2150, 90488, 82511, 125271, 2046, 104481, 2455, 558, 123404, 867, 1929], "label": "clothes"}, {"objectId": 5, "id": 5, "partId": 5, "index": 4, "dominantNormal": [0.528221607208252, -0.8491065502166748, -1.8853952848211781e-16], "obb": {"axesLengths": [1.073214732852092, 2.105829907078372, 0.20946145635634156], "centroid": [1.5044293683026386, -1.6456320413724843, -0.5629150133014105], "normalizedAxes": [0.8491065502166748, 0.528221607208252, 1.1728875808542137e-16, 0, -2.220446049250313e-16, 1, 0.528221607208252, -0.8491065502166748, -1.8853952848211781e-16]}, "segments": [93067, 86788, 125470, 88129, 43701, 57562, 90261, 57307, 97142, 1900], "label": "door"}, {"objectId": 6, "id": 6, "partId": 6, "index": 5, "dominantNormal": [0.8739774823188782, 0.48596644401550293, 1.0790622706824469e-16], "obb": {"axesLengths": [2.1200179014214946, 2.4295519047330623, 0.7236691157257669], "centroid": [1.5806939118240106, -0.42269281943559367, -0.38253401729127834], "normalizedAxes": [-0.48596644401550293, 0.8739774823188782, 1.9406198477486884e-16, 0, -2.220446049250313e-16, 1, 0.8739774823188782, 0.48596644401550293, 1.0790622706824469e-16]}, "segments": [35806, 82645, 81232, 100589, 42903, 95398, 748, 960, 93005, 38185, 77409, 83040, 102474, 86291, 84228, 133615, 83007, 123515, 82871, 133541, 124751, 99273, 88353, 124493, 88557, 94760, 94816, 94790, 95558, 127094, 86290, 99204, 84214, 123564, 94954, 44224, 100034, 9135, 9158, 9177, 9218, 9283, 9292, 9309, 9315, 13943, 16482, 16535, 16573, 16646, 16655, 18198, 18244, 18284, 18293, 18301, 38945, 38950, 38981, 39064, 39107, 39116, 39126, 39134, 39168, 39190, 39622, 44201, 44888, 44942, 44944, 45022, 45118, 73929, 76471, 76482, 76485, 78236, 78254, 78438, 78463, 78508, 78542, 78639, 78707, 78715, 78732, 78736, 81040, 81073, 81163, 81942, 82697, 82853, 83218, 83285, 83907, 84200, 85592, 86313, 87399, 87417, 87451, 87456, 87507, 87542, 87730, 88255, 88274, 88299, 88550, 93008, 94253, 94268, 94287, 94297, 94309, 94326, 94347, 94789, 94828, 94829, 94849, 95181, 95183, 95197, 95207, 95296, 95318, 95326, 95338, 95356, 95388, 95399, 95406, 95411, 95415, 95439, 95488, 95710, 95714, 95727, 95743, 95754, 95766, 96884, 97662, 99205, 99222, 99282, 100414, 104563, 105572, 110073, 110123, 111034, 111055, 121750, 123113, 123114, 123436, 123454, 123571, 123624, 124508, 124808, 124821, 126877, 126928, 126931, 127100, 127104, 127106, 127180, 127185, 127191, 127370, 127389, 127466, 129921, 39454], "label": "wardrobe"}, {"objectId": 7, "id": 7, "partId": 7, "index": 6, "dominantNormal": [0.7892521619796753, 0.6140692234039307, 1.3635075810734657e-16], "obb": {"axesLengths": [0.6943767461593492, 1.2400000116229049, 0.4996402573239686], "centroid": [0.9836559155827578, 0.7697021291170203, -0.9700000503744928], "normalizedAxes": [-0.6140692234039307, 0.7892521619796753, 1.7524918449300382e-16, 0, -2.220446049250313e-16, 1, 0.7892521619796753, 0.6140692234039307, 1.3635075810734657e-16]}, "segments": [82963, 89696, 85635, 85429, 124618, 124463, 85584, 86930, 86936, 86984, 87022, 87056, 87061, 87066, 87320, 87345, 87355, 87409, 87416, 87940, 87989, 88038, 88753, 88760, 88788, 88791, 98066, 123920, 123937, 124470, 124472, 124483, 124486, 124522, 124539, 124546, 124563, 124689, 124707, 124719, 124836, 124900, 127775, 127779, 124436, 124428, 125114, 87966, 86912, 85493, 86646, 86657, 86925, 87079, 98032, 124591, 127782, 129614, 129617, 132256, 132385, 86591], "label": "bedside table"}, {"objectId": 8, "id": 8, "partId": 8, "index": 7, "dominantNormal": [0.83710116147995, 0.5470480918884277, 1.2146907743835816e-16], "obb": {"axesLengths": [2.746432781856251, 2.556181969727977, 0.2633936107557126], "centroid": [0.7060635955059684, 1.468577200375908, -0.2856790943005152], "normalizedAxes": [-0.5470480918884277, 0.83710116147995, 1.8587379668310032e-16, 0, -2.220446049250313e-16, 1, 0.83710116147995, 0.5470480918884277, 1.2146907743835816e-16]}, "segments": [44604, 85127, 132057, 92077, 54306, 76602, 57300, 86582, 86866, 90139, 1161, 90043], "label": "wall"}, {"objectId": 9, "id": 9, "partId": 9, "index": 8, "dominantNormal": [-0.3990817666053772, -0.9169153571128845, -2.0359610821982444e-16], "obb": {"axesLengths": [0.7168122235964979, 0.4911659995205847, 0.41255130517164335], "centroid": [1.331425612677228, 0.8923275132457955, -0.13558306116164465], "normalizedAxes": [0.9169153571128845, -0.3990817666053772, -8.861395319867453e-17, 0, -2.220446049250313e-16, 1, -0.3990817666053772, -0.9169153571128845, -2.0359610821982444e-16]}, "segments": [84922, 124032, 124044, 85891, 84830, 82130, 87889, 84820, 82010, 82013, 82015, 82039, 82070, 82087, 82219, 83572, 84848, 84926, 85050, 85094, 85909, 86025, 86145, 86810, 87854, 87881, 123293, 123298, 123574, 123586, 124039, 124075, 124077, 132223, 86102, 84663, 83573, 84699, 92193], "label": "mirror"}, {"objectId": 10, "id": 10, "partId": 10, "index": 9, "dominantNormal": [0, -2.220446049250313e-16, 1], "obb": {"axesLengths": [2.547246256428481, 1.1085369935213694, 2.168199992021111], "centroid": [-0.5198037551005069, 1.2315248093892057, -1.0557315399047393], "normalizedAxes": [0.9382218718528748, 0.34603431820869446, 7.683505347715213e-17, 0, -2.220446049250313e-16, 1, 0.34603431820869446, -0.9382218718528748, -2.0832710486759493e-16]}, "segments": [42000, 99104, 17618, 97284, 131436, 101560, 74276, 77854, 78836, 75426, 82337, 101570, 95254, 95290, 95255, 131904, 95273], "label": "bed"}, {"objectId": 11, "id": 11, "partId": 11, "index": 10, "dominantNormal": [0, -2.220446049250313e-16, 1], "obb": {"axesLengths": [0.6666707450997884, 0.16000002264976443, 0.41310070363691725], "centroid": [0.2671843808707255, 1.4129770837886872, -0.9900000755574545], "normalizedAxes": [-0.5891010761260986, 0.8080593347549438, 1.7942521574164513e-16, 0, -2.220446049250313e-16, 1, 0.8080593347549438, 0.5891010761260986, 1.3080671570933036e-16]}, "segments": [131628, 131714, 101490, 84461, 84384], "label": "pillow"}, {"objectId": 12, "id": 12, "partId": 12, "index": 11, "dominantNormal": [0, -2.220446049250313e-16, 1], "obb": {"axesLengths": [0.8163423288047226, 0.39285998658403765, 0.6521571636324063], "centroid": [0.0010368741984554397, 1.8571026212624258, -0.8664300533522662], "normalizedAxes": [0.12658607959747314, 0.9919556379318237, 2.202583977277292e-16, 0, -2.220446049250313e-16, 1, 0.9919556379318237, -0.12658607959747314, -2.810775603322949e-17]}, "segments": [95078, 8703, 8776, 94384, 24044, 95137, 123763], "label": "pillow"}, {"objectId": 13, "id": 13, "partId": 13, "index": 12, "dominantNormal": [0, -2.220446049250313e-16, 1], "obb": {"axesLengths": [0.8190622923351867, 0.42464702372296825, 0.617458414468105], "centroid": [-0.38551877631676934, 2.0772546599339528, -0.8776765555003319], "normalizedAxes": [0.5224012732505798, 0.8526997566223145, 1.8933738057887216e-16, 0, -2.220446049250313e-16, 1, 0.8526997566223145, -0.5224012732505798, -1.1599638433125833e-16]}, "segments": [47314, 127552, 95032, 24399, 95066], "label": "pillow"}, {"objectId": 14, "id": 14, "partId": 14, "index": 13, "dominantNormal": [0.5577665567398071, -0.8299978971481323, -1.842965551608638e-16], "obb": {"axesLengths": [6.221965170511573, 2.6076799048256882, 0.5518096639362798], "centroid": [-2.4499686054136887, 0.7414517532684619, -0.30172001515321556], "normalizedAxes": [0.8299978971481323, 0.5577665567398071, 1.2384905473168553e-16, 0, -2.220446049250313e-16, 1, 0.5577665567398071, -0.8299978971481323, -1.842965551608638e-16]}, "segments": [23475, 47253, 83628, 28034, 62783, 11259, 43140, 45994, 83770, 53475, 83252, 29101, 131160, 23104, 22292, 22801, 59803, 12788], "label": "wall"}, {"objectId": 15, "id": 15, "partId": 15, "index": 14, "dominantNormal": [0, -2.220446049250313e-16, 1], "obb": {"axesLengths": [1.8495201344635845, 0.3691500342827281, 1.1021694546296714], "centroid": [-0.7469508528651754, 1.1253540807668139, -1.0454250327860937], "normalizedAxes": [-0.2038198709487915, 0.9790084362030029, 2.173835414349685e-16, 0, -2.220446049250313e-16, 1, 0.9790084362030029, 0.2038198709487915, 4.5257102720695276e-17]}, "segments": [72944, 69842, 118395, 43064, 44596, 43055, 126594, 100156, 68460, 74653, 81009, 82085, 91154, 102785, 118278, 118403, 120969, 123796, 126268, 132592, 132659, 132708, 69864, 75367, 68557, 74250, 89905, 118471, 75953, 47631, 17254, 17782, 68197, 68465, 74394, 17738], "label": "blanket"}, {"objectId": 16, "id": 16, "partId": 16, "index": 15, "dominantNormal": [0.8447651267051697, 0.5351372361183167, 1.1882433617456482e-16], "obb": {"axesLengths": [1.7428454757908223, 0.37178599003435703, 0.31644159562409785], "centroid": [0.3873185006819353, 1.854009816202987, -0.3730650448199737], "normalizedAxes": [-0.5351372361183167, 0.8447651267051697, 1.8757553881369342e-16, 0, -2.220446049250313e-16, 1, 0.8447651267051697, 0.5351372361183167, 1.1882433617456482e-16]}, "segments": [132508, 40496, 40542, 93468, 93529, 71218, 71427, 71958, 72044, 72991, 73615, 89324, 93411, 93462, 93539, 93672, 101791, 103167, 103177, 103496, 126766, 126768, 126770, 40480, 132457, 103442, 77243, 37224, 77286, 101765, 40475, 89238, 101718, 101772, 132499, 89247, 89134, 40453, 101927], "label": "shelf"}, {"objectId": 17, "id": 17, "partId": 17, "index": 16, "dominantNormal": [0.8393389582633972, 0.5436084270477295, 1.207053184177308e-16], "obb": {"axesLengths": [1.8595730555377492, 2.5292679698183833, 0.2347182348943915], "centroid": [-1.4058973039698126, 0.5519314808004414, -0.32536607127675343], "normalizedAxes": [-0.5436084270477295, 0.8393389582633972, 1.8637068738578338e-16, 0, -2.220446049250313e-16, 1, 0.8393389582633972, 0.5436084270477295, 1.207053184177308e-16]}, "segments": [46152, 47648, 56778, 56343, 63181, 63816, 63947, 11037, 11089, 11128, 11239, 11760, 11774, 11890, 11892, 11955, 11959, 12080, 12321, 23449, 34718, 34777, 34778, 34779, 34813, 40103, 41751, 45358, 45412, 45476, 46245, 46253, 46289, 46873, 46875, 46892, 46897, 46913, 46947, 49015, 49046, 49082, 49684, 53541, 53679, 53744, 53751, 55106, 56905, 56918, 56923, 56939, 56952, 56962, 56991, 57018, 57039, 59985, 60016, 60055, 60058, 60071, 60072, 61257, 61272, 61285, 61301, 61304, 62689, 62690, 62696, 62728, 62743, 62750, 62758, 62770, 63153, 63191, 63192, 63218, 63232, 63238, 63336, 63730, 63822, 63829, 63833, 63896, 63904, 63926, 64390, 64522, 64531, 64534, 64549, 64551, 64553, 79109, 79245, 79924, 79935, 104707, 104711, 104722, 104725, 107989, 110113, 110116, 111443, 111444, 113916, 113925, 114200, 114205, 114208, 114210, 115315, 116009, 116084, 116085, 116087, 116090, 116094, 116098, 116100, 116105, 116417, 116420, 116422, 116429, 116431, 116437, 121848, 121850, 121854, 121863, 121874, 121880, 122701, 122703, 122710, 122724, 122728, 122731, 122735, 122739, 122743, 12508, 11279, 11318, 11488, 11490, 11536, 11576, 11619, 12198, 12319, 12489, 12544, 12597, 12605, 34877, 41340, 41348, 41404, 41516, 41599, 41613, 41616, 41717, 41730, 41731, 41737, 41773, 42942, 42944, 43071, 43232, 55255, 104701, 104723, 104728, 104732, 104797, 104801, 109690, 109692, 109733, 109735, 109742, 109744, 109745, 109747, 109880, 120530, 121903, 43038, 11501, 11807, 41571, 41872, 45327, 12617, 79043, 41910, 34861, 41621, 41631, 41710, 42805, 42848, 43067, 79076, 107992, 109740, 63377, 63913, 34594, 34616, 63265, 63391, 63787, 63907, 63968, 64489, 64737, 64740, 64751, 64800, 70244, 74096, 74099, 109549, 116007, 116095, 116516, 116556, 116557, 118317, 120832, 75409, 121428, 41953, 25978, 122152, 100643, 47080], "label": "wall"}, {"objectId": 18, "id": 18, "partId": 18, "index": 17, "dominantNormal": [0, -2.220446049250313e-16, 1], "obb": {"axesLengths": [3.2475793888507347, 0.8599999950826165, 2.2371875250370468], "centroid": [-1.2042121713984477, -1.057288140097035, -1.160000058644637], "normalizedAxes": [-0.09975390881299973, 0.9950121641159058, 2.209370828767167e-16, 0, -2.220446049250313e-16, 1, 0.9950121641159058, 0.09975390881299973, 2.2149817272110123e-17]}, "segments": [91627, 103221, 120169, 120143, 91590, 75709, 61986, 100609, 75806, 75028, 75799, 99835, 55656, 121066, 54233, 48991, 61885, 48993, 53653, 54322, 25919, 100982, 100965, 130233, 100225, 103361, 72666, 77655, 100450, 103371, 77597, 74556, 74617, 102914, 99126, 38663, 71630, 62169, 25191, 73664, 67207, 100283, 130286], "label": "sofa"}, {"objectId": 19, "id": 19, "partId": 19, "index": 18, "dominantNormal": [0.9990720152854919, -0.04307160899043083, -9.56381840176564e-18], "obb": {"axesLengths": [0.287359686209998, 0.23277103380625622, 0.2087173853812527], "centroid": [-1.5334967840470166, -2.2277601812067642, -1.0519945373771078], "normalizedAxes": [0.04307160899043083, 0.9990720152854919, 2.218385509257219e-16, 0, -2.220446049250313e-16, 1, 0.9990720152854919, -0.04307160899043083, -9.56381840176564e-18]}, "segments": [103348, 126992], "label": "bag"}, {"objectId": 20, "id": 20, "partId": 20, "index": 19, "dominantNormal": [0, -2.220446049250313e-16, 1], "obb": {"axesLengths": [0.4913117052913495, 0.2638649285465866, 0.4043423802867232], "centroid": [-0.9951955967332639, -1.696582365151902, -1.0380675250064395], "normalizedAxes": [0.8439299464225769, 0.536453366279602, 1.1911657577625735e-16, 0, -2.220446049250313e-16, 1, 0.536453366279602, -0.8439299464225769, -1.8739009153780393e-16]}, "segments": [100091, 99774, 99326], "label": "cushion"}, {"objectId": 21, "id": 21, "partId": 21, "index": 20, "dominantNormal": [0, -2.220446049250313e-16, 1], "obb": {"axesLengths": [0.36154344787644604, 0.22640996665336255, 0.26643210939313927], "centroid": [-1.636738328042001, 0.009748194277571454, -1.0432050280387328], "normalizedAxes": [0.9107964634895325, 0.41285568475723267, 9.1672377412973e-17, 0, -2.220446049250313e-16, 1, 0.41285568475723267, -0.9107964634895325, -2.0223744090264894e-16]}, "segments": [67327, 75606, 67338, 55585], "label": "cushion"}, {"objectId": 22, "id": 22, "partId": 22, "index": 21, "dominantNormal": [-0.13613204658031464, -0.9906907081604004, -2.199775268963756e-16], "obb": {"axesLengths": [0.4712863902722417, 0.6767899838807435, 0.36392210220117555], "centroid": [-0.928275917689445, -0.3814714012436857, -1.051605021032207], "normalizedAxes": [0.9906907081604004, -0.13613204658031464, -3.022738650056192e-17, 0, -2.220446049250313e-16, 1, -0.13613204658031464, -0.9906907081604004, -2.199775268963756e-16]}, "segments": [120201, 120148, 114777, 74775, 117300, 114792, 58803, 121463, 58814, 74769, 120091, 121529], "label": "clothes"}, {"objectId": 23, "id": 23, "partId": 23, "index": 22, "dominantNormal": [0.9311940670013428, 0.36452385783195496, 8.094055599804472e-17], "obb": {"axesLengths": [0.5321740389448291, 0.7647780605082645, 0.36802595292605905], "centroid": [-1.67073812011779, 0.6441426217470472, -1.2193910492433382], "normalizedAxes": [-0.36452385783195496, 0.9311940670013428, 2.067666187158463e-16, 0, -2.220446049250313e-16, 1, 0.9311940670013428, 0.36452385783195496, 8.094055599804472e-17]}, "segments": [101246, 101308, 101390, 101417, 53867, 53771, 53581, 38525, 38562, 53804, 53974, 113974], "label": "bag"}, {"objectId": 24, "id": 24, "partId": 24, "index": 23, "dominantNormal": [-0.6656666994094849, -0.7462491989135742, -1.657006085483857e-16], "obb": {"axesLengths": [0.21565599278656314, 0.2939600282767407, 0.12580284067814107], "centroid": [-1.8135769834337048, 0.902225494885279, -0.9769800372437386], "normalizedAxes": [0.7462491989135742, -0.6656666994094849, -1.4780769928212864e-16, 0, -2.220446049250313e-16, 1, -0.6656666994094849, -0.7462491989135742, -1.657006085483857e-16]}, "segments": [113137, 49907, 49650, 49952, 49756, 49690], "label": "frame"}, {"objectId": 25, "id": 25, "partId": 25, "index": 24, "dominantNormal": [0.559071958065033, -0.8291191458702087, -1.841014331805299e-16], "obb": {"axesLengths": [0.33198635040322094, 0.519999961853028, 0.054478529084251964], "centroid": [-3.703617982484835, 0.09880843423519403, 0.32999992131330114], "normalizedAxes": [0.8291191458702087, 0.559071958065033, 1.2413891205321391e-16, 0, -2.220446049250313e-16, 1, 0.559071958065033, -0.8291191458702087, -1.841014331805299e-16]}, "segments": [28140, 27827], "label": "frame"}, {"objectId": 26, "id": 26, "partId": 26, "index": 25, "dominantNormal": [0.6041945219039917, -0.7968368530273438, -1.7693332422016178e-16], "obb": {"axesLengths": [1.0640790073704853, 0.7247060077330613, 0.2193969136572881], "centroid": [-3.4221542546361725, 0.21887814090214075, -0.8476470655814476], "normalizedAxes": [0.7968368530273438, 0.6041945219039917, 1.3415813391404e-16, 0, -2.220446049250313e-16, 1, 0.6041945219039917, -0.7968368530273438, -1.7693332422016178e-16]}, "segments": [15846, 37951, 45873, 41315, 38226, 130832, 47129, 38000, 38037, 38139, 38163, 38164, 38180, 38217, 41228, 41439, 46113, 46416, 46422, 47992, 48004, 48010, 48056, 48081, 48142, 48180, 48195, 48309, 64588, 103632, 112757, 112810, 112965, 38129, 132602, 9800, 15414, 132770, 105356, 48040, 113222, 48368, 110029, 37987, 37956], "label": "tv"}, {"objectId": 27, "id": 27, "partId": 27, "index": 26, "dominantNormal": [0.5645877122879028, -0.8253730535507202, -1.8326963359143638e-16], "obb": {"axesLengths": [0.9582392904370653, 0.5491899129184351, 0.34569704916246297], "centroid": [-3.370065936721222, 0.16471554091509155, -1.3445950433415543], "normalizedAxes": [0.8253730535507202, 0.5645877718925476, 1.2536366875538443e-16, 0, -2.220446049250313e-16, 1, 0.5645877718925476, -0.8253730535507202, -1.8326963359143638e-16]}, "segments": [41251, 45747, 71824, 41718, 43318, 43272, 6747, 9743, 9758, 10715, 37709, 37824, 41382, 41389, 41390, 41517, 41592, 41604, 41666, 43135, 43421, 43446, 43459, 48326, 48476, 50082, 50198, 50224, 50226, 50415, 50499, 71500, 71519, 71563, 71663, 71680, 71683, 71790, 71791, 105361, 105364, 105365, 110614, 110664, 110669, 110672, 110882, 113187, 113261, 113325, 113338, 113461, 119082, 119100, 119103, 119115, 119151, 119166, 119169, 119175, 119217, 71794, 50400, 50055, 113252, 48392, 72328], "label": "tv table"}, {"objectId": 28, "id": 28, "partId": 28, "index": 27, "dominantNormal": [0.8908219337463379, 0.45435255765914917, 1.0088653416210329e-16], "obb": {"axesLengths": [0.44791474783100543, 0.5647599570879347, 0.41132649289247186], "centroid": [-4.417669418450151, -1.0139116088924955, -1.3123799852580587], "normalizedAxes": [-0.45435258746147156, 0.8908219337463379, 1.97802204337258e-16, 0, -2.220446049250313e-16, 1, 0.8908219337463379, 0.45435258746147156, 1.0088654077954819e-16]}, "segments": [25471, 25422, 25369, 25352, 64178, 107714, 109541, 95003], "label": "bag"}, {"objectId": 29, "id": 29, "partId": 29, "index": 28, "dominantNormal": [0, -2.220446049250313e-16, 1], "obb": {"axesLengths": [0.4291538971595158, 0.13210999670378865, 0.3738980767232252], "centroid": [-4.648310163667718, -0.7147055294772222, -1.1239450906166049], "normalizedAxes": [0.69371098279953, 0.7202534675598145, 1.5992839665020285e-16, 0, -2.220446049250313e-16, 1, 0.7202534675598145, -0.69371098279953, -1.5403478110787683e-16]}, "segments": [8271, 12682, 105631, 8272], "label": "bag"}, {"objectId": 30, "id": 30, "partId": 30, "index": 29, "dominantNormal": [0.9781457185745239, -0.20792056620121002, -4.61676399779365e-17], "obb": {"axesLengths": [0.39336694707395486, 0.4587200777518731, 0.24487083584688035], "centroid": [-4.548033876994683, -0.7272444255293917, -1.347120015247092], "normalizedAxes": [0.20792056620121002, 0.9781457185745239, 2.1719197963999102e-16, 0, -2.220446049250313e-16, 1, 0.9781457185745239, -0.20792056620121002, -4.61676399779365e-17]}, "segments": [64338, 59797, 8446, 115300], "label": "barrel"}, {"objectId": 31, "id": 31, "partId": 31, "index": 30, "dominantNormal": [-0.2540358006954193, -0.9671947956085205, -2.1476038627644034e-16], "obb": {"axesLengths": [0.35686124655694895, 0.5672700278326116, 0.17238284421672603], "centroid": [-4.428081679948879, -0.505629755141918, -1.3186250021701684], "normalizedAxes": [0.9671947956085205, -0.2540358006954193, -5.640727900222837e-17, 0, -2.220446049250313e-16, 1, -0.2540358006954193, -0.9671947956085205, -2.1476038627644034e-16]}, "segments": [12328, 59257, 12296, 12661, 59230, 59317, 59793, 59865, 65472, 115288], "label": "tube"}, {"objectId": 32, "id": 32, "partId": 32, "index": 31, "dominantNormal": [0.8420305252075195, 0.5394298434257507, 1.1977748646824232e-16], "obb": {"axesLengths": [0.7004700575477414, 2.321869977074786, 0.26770657426817596], "centroid": [-4.7394737168766765, -0.9545694033780181, -0.33093508212525347], "normalizedAxes": [-0.5394298434257507, 0.8420305848121643, 1.869683485394101e-16, 0, -2.220446049250313e-16, 1, 0.8420305848121643, 0.5394298434257507, 1.1977748646824232e-16]}, "segments": [17881, 98526, 98884, 20025, 98244, 20776, 98803, 64138, 30765, 20848, 20939, 98229, 20211], "label": "wall"}, {"objectId": 33, "id": 33, "partId": 33, "index": 32, "dominantNormal": [0.8491483926773071, 0.5281543135643005, 1.1727381589483622e-16], "obb": {"axesLengths": [1.4430429601536847, 0.8721160097692303, 0.8653492369776034], "centroid": [-3.6667088687659652, -2.4070552231563282, -1.162002029606283], "normalizedAxes": [-0.5281543135643005, 0.8491483926773071, 1.88548819374758e-16, 0, -2.220446049250313e-16, 1, 0.8491483926773071, 0.5281543135643005, 1.1727381589483622e-16]}, "segments": [98646, 98403, 33092, 66511, 46573, 58204, 32788, 45502, 45826, 46524, 46525, 46654, 58226, 58239, 61743, 98655, 111428, 129505, 37601, 72245, 66555, 61548, 33757, 37499, 42614, 29936, 70546, 70535, 109894, 4065, 30649, 6612, 37542, 70547, 110818, 42648, 110809, 70645], "label": "dining table"}, {"objectId": 34, "id": 34, "partId": 34, "index": 33, "dominantNormal": [0.4666993319988251, -0.8844160437583923, -1.9637981102569143e-16], "obb": {"axesLengths": [0.5932986296706333, 0.6298400022870299, 0.49753379786602697], "centroid": [-3.145250480694417, -2.45955163188456, -1.1149400210852178], "normalizedAxes": [0.8844160437583923, 0.4666993319988251, 1.0362806879245514e-16, 0, -2.220446049250313e-16, 1, 0.4666993319988251, -0.8844160437583923, -1.9637981102569143e-16]}, "segments": [4020, 3891, 104088, 3742, 26071, 5063, 4547, 4612, 5287, 119622, 4388, 4464, 4434, 5332, 103858, 109964, 5376, 37596, 109977, 37575, 37606, 37673, 109932, 109973, 37584], "label": "chair"}, {"objectId": 35, "id": 35, "partId": 35, "index": 34, "dominantNormal": [0, -2.220446049250313e-16, 1], "obb": {"axesLengths": [0.6038478158564665, 0.42266892442102116, 0.4797166713277856], "centroid": [-3.682680501101059, -1.97150754788108, -1.0786655291553848], "normalizedAxes": [0.9128972887992859, 0.4081893265247345, 9.063623774279927e-17, 0, -2.220446049250313e-16, 1, 0.4081893265247345, -0.9128972887992859, -2.0270391782856964e-16]}, "segments": [37761, 37081, 28942, 44646, 103680, 103993, 33672, 37079, 39796, 42305, 44805, 44810, 57410, 57411, 58311, 58406, 58853, 58915, 103563, 103581, 103586, 103702, 103705, 103708, 103791, 103805, 103808, 103814, 103817, 103821, 103824, 103875, 103877, 103881, 103889, 103991, 104022, 123341, 123582, 123584, 39029, 57539, 48913], "label": "chair"}, {"objectId": 36, "id": 36, "partId": 36, "index": 35, "dominantNormal": [0.8019914031028748, -0.5973355770111084, -1.3263514220509718e-16], "obb": {"axesLengths": [0.5500506054105077, 0.6940459453900317, 0.5486328704994979], "centroid": [-3.8102657217431948, -2.754771710937754, -1.1375070245461836], "normalizedAxes": [0.5973355770111084, 0.8019914031028748, 1.7807786425524935e-16, 0, -2.220446049250313e-16, 1, 0.8019914031028748, -0.5973355770111084, -1.3263514220509718e-16]}, "segments": [70577, 70640, 118656, 118533, 65175, 65114, 65051, 54778, 61085, 118626, 61017, 116965, 61029, 54690, 54707, 54777, 70665, 114012, 54653, 54700, 54658, 54639, 115436, 61089, 61063, 116968, 118529, 113071, 116622, 116626, 54854, 114022, 48761, 113050], "label": "chair"}, {"objectId": 37, "id": 37, "partId": 37, "index": 36, "dominantNormal": [0, -2.220446049250313e-16, 1], "obb": {"axesLengths": [0.5760190982185031, 0.4433820148546541, 0.49329339792123356], "centroid": [-3.992754114043298, -2.3370394351642285, -1.0182490704685665], "normalizedAxes": [0.6884716153144836, 0.7252632975578308, 1.6104080237285397e-16, 0, -2.220446049250313e-16, 1, 0.7252632975578308, -0.6884716153144836, -1.5287140782460265e-16]}, "segments": [110865, 42721, 111133, 42813, 42831, 43751, 45875, 45877, 110874, 110974, 110977, 42037, 110681, 43792, 42014, 42020, 53654, 48879, 43805, 52837, 53859, 53726, 53709, 118344], "label": "chair"}, {"objectId": 38, "id": 38, "partId": 38, "index": 37, "dominantNormal": [0.8646959066390991, 0.502295732498169, 1.1153205747808513e-16], "obb": {"axesLengths": [5.346564414555668, 2.619999946206808, 1.6320755286154445], "centroid": [-4.127720645828722, -2.479965118318271, -0.3400000245209793], "normalizedAxes": [-0.502295732498169, 0.8646959066390991, 1.9200106096997052e-16, 0, -2.220446049250313e-16, 1, 0.8646959066390991, 0.502295732498169, 1.1153205747808513e-16]}, "segments": [21048, 90826, 90816, 19883, 107785, 107822, 26242, 26132, 115155, 26635, 27207, 26904, 3366, 21827, 107036, 27309, 106905, 20685, 9763, 117074, 19195, 106634, 14268, 19340, 19257, 14982, 14257, 43655, 14012, 45641, 13940, 13816, 45169, 40964, 111527, 4596, 111526, 2998, 5862, 104632, 104972, 105979, 45731, 106719, 107855, 18618, 3099, 105170, 67015, 9615, 105958, 72589, 119024, 10666, 119973, 66111, 66259, 66021, 116910, 116906, 59013, 58843, 114991, 13679, 114448, 58083, 41849, 13543, 110424, 13138, 14609, 110238, 13032, 14612, 10300, 106135, 126499, 10598, 1584, 15275, 15461, 2626, 108869, 17418, 17238, 17227, 17415, 16386, 108976, 17328, 17413, 16991, 64861, 18637, 9736, 18585, 18182, 18156, 16274, 108790, 1259, 108508, 104373, 106148, 2769, 108851, 104351, 1442, 1478, 2751, 110322, 13124, 20588, 20581, 9187, 56026, 119628, 40837, 40854, 14039, 40616, 126462, 126435, 23761, 15592, 15771, 40611, 14766, 41762, 57635, 57607, 57693, 65245, 62581, 62406, 65214, 65251, 70692, 118841, 65830, 66864, 66428, 117196, 30, 10975, 105899, 7181, 23755, 20384, 25600, 23382, 174, 179, 9171, 26408, 9703, 10381, 106210, 10353, 22283, 51728, 46031, 14122, 113755, 53162, 53138, 52968, 52915, 114376, 118190, 69891, 119833, 73208, 128997, 119794, 73358, 65858, 120002, 120023, 72647, 73338, 416, 117230, 26938, 26934, 9044, 90403, 26181, 22290, 1376, 1698, 16952, 108948, 16958, 108941, 106386, 16977, 106313, 106287, 30476, 18731, 108123, 18839, 133076, 17284, 24454, 24706, 33921, 18943, 43656, 110917, 45062, 111699, 111710, 5723, 5879, 5881, 5838, 25613, 6925, 104983, 6962, 104880, 7476, 5644, 7501, 8770, 105080, 8777, 72658, 105022, 9006, 105012, 7545, 8965, 73681, 74831, 67058, 117023, 9600, 118998, 110704, 28446, 119496, 9439, 25552, 116987, 119955, 73271, 120084, 70951, 120847, 73172, 119923, 71084, 70858, 118968, 70959, 65929, 116787, 118779, 7940, 104649, 104183, 116880, 11685, 22479, 106883, 20663, 20425, 118164, 69874, 56607, 115694, 41838, 114406, 114510, 9100, 26349, 27979, 112749, 110514, 41066, 115584, 56561, 115613, 65726, 9416, 14555, 110387, 14650, 14065, 14881, 14572, 111171, 13291, 1511, 126565, 107400, 15689, 17406, 24494, 24568, 112739, 31663, 31133, 108404, 32629, 32542, 32745, 29891, 64971, 30446, 133021, 132943, 18567, 9419, 9928, 18270, 106918, 17882, 80767, 80730, 18521, 16493, 15145, 14747, 109421, 33911, 32545, 109284, 31969, 32039, 15956, 133270, 102153, 59479, 132920, 85116, 113914, 102076, 132928, 59167, 17658, 31597, 31589, 34661, 33053, 109584, 84295, 34168, 109456, 84500, 121296, 84495, 35286, 108577, 108553, 35606, 72129, 33012, 31987, 108223, 17626, 67731, 67968, 85084, 17888, 9446, 133053, 59514, 15419, 15328, 23782, 23936, 16968, 15860, 18021, 62634, 115801, 115755, 65939, 69887, 119685, 73126, 12534, 58089, 110566, 110319, 19093, 20576, 21243, 25478, 14210, 106537, 70718, 118943, 62098, 59086, 9489, 22016, 107974, 31320, 107927, 17860, 80638, 123027, 17833, 80640, 80700, 123096, 80751, 123094, 123106, 123052, 85534, 18613, 18607, 16412, 14722, 23292, 23214, 23646, 23549, 23213, 46012, 51691, 56198, 110310, 56171, 7273, 33588, 103941, 103932, 106697, 109312, 30912, 114285, 35441, 105305, 31096, 15834, 116466, 116049, 100705, 35062, 35243, 30364, 108196, 37173, 33443, 33617, 34905, 35138, 35139, 33585, 33560, 72075, 35679, 34898, 61499, 61426, 30731, 35180, 32975, 32952, 33683, 34989, 109671, 88469, 3294, 6870, 35452, 34516, 14306, 15057, 21212, 103910, 103948, 104890, 104851, 31206, 15044, 66244, 57840, 57910, 114545, 62058, 54880, 57716, 115861, 115682, 62167, 63413, 105842, 114522, 105817, 13229, 105801, 13251, 13379, 13304, 105869, 13185, 105724, 105884, 13398, 105746, 41807, 13357, 13538, 12012, 237, 107777, 10062, 9455, 116684, 59663, 12616, 59483, 58859, 12609, 12559, 12522, 116729, 65534, 65608], "label": "curtain"}, {"objectId": 39, "id": 39, "partId": 39, "index": 38, "dominantNormal": [0.8838791251182556, 0.46771544218063354, 1.038536905763351e-16], "obb": {"axesLengths": [0.5798171929730715, 0.5722200742612759, 0.2019308767212213], "centroid": [-4.8590052733427775, -1.9249115999883208, -1.3161100438447293], "normalizedAxes": [-0.46771541237831116, 0.8838791251182556, 1.9626059113836538e-16, 0, -2.220446049250313e-16, 1, 0.8838791251182556, 0.46771541237831116, 1.038536839588902e-16]}, "segments": [23524, 107535, 107144, 107424, 24296, 24685, 107446], "label": "box"}, {"objectId": 40, "id": 40, "partId": 40, "index": 39, "dominantNormal": [-0.5716180801391602, -0.8205198049545288, -1.821919959242921e-16], "obb": {"axesLengths": [0.40838240522672414, 0.654982969425999, 0.394006668110705], "centroid": [-1.6773665738175356, -3.5892813229092626, -1.035108512087349], "normalizedAxes": [0.8205198049545288, -0.5716180801391602, -1.269247107725047e-16, 0, -2.220446049250313e-16, 1, -0.5716180801391602, -0.8205198049545288, -1.821919959242921e-16]}, "segments": [80590, 81651, 80462, 125049, 93570, 93490, 83367, 124206, 124157, 80626, 125008, 93175, 83402, 95886, 93235, 124155, 93215, 120177, 79969, 80007, 120880, 84349, 80382, 79713, 80586, 80771, 83382, 84251, 84256, 84324, 93380, 93446, 93496, 124194, 131257, 131261], "label": "plant"}, {"objectId": 41, "id": 41, "partId": 41, "index": 40, "dominantNormal": [0.8158000111579895, -0.5783340930938721, -1.284159652157051e-16], "obb": {"axesLengths": [0.6495057642404477, 0.5839890111091206, 0.4904835555657941], "centroid": [-1.9918686378808328, -4.01636918778473, -0.8584855590439844], "normalizedAxes": [0.5783340930938721, 0.8158000111579895, 1.811439911754119e-16, 0, -2.220446049250313e-16, 1, 0.8158000111579895, -0.5783340930938721, -1.284159652157051e-16]}, "segments": [52357, 102316, 78192, 117460, 60891, 117503, 60850, 117714, 117715, 52347, 52435, 68241, 68445, 117566, 68063, 67935, 67714, 77619, 68321, 77606, 124416, 93535, 78118, 67991, 124376, 67727, 124305, 117749, 77991, 77598, 124297, 60721, 60807, 68367, 117724, 68028, 52477, 117417, 67863, 77937, 77983, 77591, 121651, 78049, 121572, 68398, 67747, 52268, 121712, 117456, 60779, 60750, 121581, 68005, 60778, 121563, 78001, 102329, 60876, 60827, 115371, 60710, 93596, 77976, 67524], "label": "plant"}, {"objectId": 42, "id": 42, "partId": 42, "index": 41, "dominantNormal": [0, -2.220446049250313e-16, 1], "obb": {"axesLengths": [0.2556216221898407, 0.23621999689444895, 0.26689783444246384], "centroid": [-2.137569608095778, -3.8281344820403933, -1.4880600822491186], "normalizedAxes": [0.013183253817260265, 0.9999130964279175, 2.2202530845570167e-16, 0, -2.220446049250313e-16, 1, 0.9999130964279175, -0.013183253817260265, -2.9272703854799665e-18]}, "segments": [52270, 51680, 51569, 122842, 86638, 51633, 86640, 122760, 122811, 86838], "label": "garbage"}, {"objectId": 43, "id": 43, "partId": 43, "index": 42, "dominantNormal": [0.4191964566707611, -0.907895565032959, -2.0159331205093145e-16], "obb": {"axesLengths": [1.0424148600705843, 2.004739984764009, 0.5660144355314487], "centroid": [-2.4526662130468435, -4.815342372646541, -0.5923700634691114], "normalizedAxes": [0.907895565032959, 0.4191964566707611, 9.308031160743216e-17, 0, -2.220446049250313e-16, 1, 0.4191964566707611, -0.907895565032959, -2.0159331205093145e-16]}, "segments": [111906, 56662, 56513, 103597, 4385, 51470, 4135, 53243, 4469, 4959, 126735, 111846, 57243, 78330, 60484], "label": "door"}, {"objectId": 44, "id": 44, "partId": 44, "index": 43, "dominantNormal": [0, -2.220446049250313e-16, 1], "obb": {"axesLengths": [0.6260247328687513, 0.3991299778417501, 0.4878933400173693], "centroid": [0.10991885833469639, -2.377341127318999, -1.415695038319118], "normalizedAxes": [-0.30180203914642334, 0.9533706307411194, 2.1169080505003976e-16, 0, -2.220446049250313e-16, 1, 0.9533706307411194, 0.30180203914642334, 6.70135145478364e-17]}, "segments": [124907, 76691, 76499, 76509, 76556, 76714, 76720, 118445, 118447, 123954, 126674, 81508, 71326, 81623, 81615, 81495, 76337, 123939, 71388, 71338, 123915, 71268, 71283, 71291], "label": "box"}, {"objectId": 45, "id": 45, "partId": 45, "index": 44, "dominantNormal": [0, -2.220446049250313e-16, 1], "obb": {"axesLengths": [1.1157934518790926, 0.5696799627763042, 0.6350201585598663], "centroid": [-2.291068050181729, -0.9224748569118622, -1.3325200366496293], "normalizedAxes": [-0.5353954434394836, 0.8446015119552612, 1.8753920904119009e-16, 0, -2.220446049250313e-16, 1, 0.8446015119552612, 0.5353954434394836, 1.188816697171821e-16]}, "segments": [68775, 69064, 55914, 117921, 60398, 118010, 89841, 69397, 69272, 69259, 117964, 92926, 60569, 67590, 55225, 55296, 55343, 55841, 55959, 60291, 60299, 60451, 60590, 66855, 67280, 67517, 68797, 68801, 68814, 68836, 68938, 68977, 69243, 69380, 74013, 76835, 76868, 77263, 89842, 92996, 115320, 117366, 117398, 117795, 117796, 117836, 118031, 118069, 125152, 69142, 90557, 55381, 55413, 55824, 68949, 68967, 68990, 74067, 74069, 76892, 114045, 117367, 117813, 117817, 117821, 117823, 121209, 121233, 67281, 55404, 55409, 91723, 49466, 49468, 49482, 49518, 55527, 55529, 55541, 68997, 77015, 77306, 77313, 77682, 77693, 77694, 77709, 77714, 77773, 78320, 81766, 91288, 114049, 114052, 121271], "label": "table"}, {"objectId": 46, "id": 46, "partId": 46, "index": 45, "dominantNormal": [0.7890973091125488, 0.6142681837081909, 1.363949361695018e-16], "obb": {"axesLengths": [0.4605680026186328, 0.529527950371922, 0.34891004641803297], "centroid": [-4.028166212255824, -0.3714224147216474, -1.045235996659414], "normalizedAxes": [-0.6142681837081909, 0.7890973091125488, 1.752148002493012e-16, 0, -2.220446049250313e-16, 1, 0.7890973091125488, 0.6142681837081909, 1.363949361695018e-16]}, "segments": [11558, 11219, 11117, 10857, 10875, 11053, 11267, 11282, 11351, 11365, 11391, 11426, 11500, 12248, 105497, 105536, 105539, 105543, 105546, 105614, 104300, 5211, 5066, 5082, 12831, 104302, 105711, 104272, 6695, 11389, 58589], "label": "plant"}, {"objectId": 47, "id": 47, "partId": 47, "index": 46, "dominantNormal": [0, -2.220446049250313e-16, 1], "obb": {"axesLengths": [6.7767400924653955, 0.2599999846518031, 4.770567474844346], "centroid": [-1.5238619748463695, -1.1947846550883128, 0.8799999172154811], "normalizedAxes": [0.8422533869743347, 0.539081871509552, 1.1970022118158497e-16, 0, -2.220446049250313e-16, 1, 0.539081871509552, -0.8422533869743347, -1.8701782055748566e-16]}, "segments": [28782, 95455, 984, 29282, 23025, 22869, 112190, 29642, 98746, 97840, 597, 16130, 28914, 53451, 36169, 28053, 28458, 36292, 35912, 57813, 56680, 34923, 112679, 29212, 90904, 29775, 101513, 8912, 39694, 30318, 24605, 33193, 112564, 99612, 112209, 21536, 16330, 27449, 27041, 13763, 26723, 112392, 64707, 64946, 23120, 20098, 22701, 29099, 33213], "label": "ceiling"}, {"objectId": 52, "id": 52, "partId": 52, "index": 50, "dominantNormal": [0, -2.220446049250313e-16, 1], "obb": {"axesLengths": [0.423703624779724, 0.08772003454595723, 0.3307030473030592], "centroid": [0.31073519619258216, 0.5803667340640097, -1.589860044878497], "normalizedAxes": [0.8052213788032532, 0.5929743051528931, 1.316667453183691e-16, 0, -2.220446049250313e-16, 1, 0.5929743051528931, -0.8052213788032532, -1.7879506293355733e-16]}, "segments": [97070, 96689], "label": "shoes"}], "scan_id": "751a55a1-fe61-2c3b-8df5-925bfeac2496", "annId": "6434", "appId": "stk.v1"}