{"segGroups": [{"objectId": 1, "id": 1, "partId": 1, "index": 0, "dominantNormal": [0, -2.220446049250313e-16, 1], "obb": {"axesLengths": [5.637648457898128, 0.44776998949565067, 3.8418453494954306], "centroid": [0.845475407291286, 0.768171121118257, -1.3938849344005824], "normalizedAxes": [0.9996007084846497, -0.02825614996254444, -6.274125655135619e-18, 0, -2.220446049250313e-16, 1, -0.02825614996254444, -0.9996007084846497, -2.2195594439825542e-16]}, "segments": [20753, 35195, 15233, 38533, 27449, 21047, 6705, 6712, 6750, 7379, 7425, 8373, 9256, 9302, 13031, 13042, 13328, 13434, 14202, 14691, 14804, 14864, 14887, 14892, 15107, 15114, 15122, 15131, 15135, 15166, 15167, 15170, 15174, 15198, 15228, 15241, 15250, 15271, 15276, 15285, 15376, 15388, 15390, 15411, 15415, 15425, 16020, 16052, 16079, 16102, 16148, 16155, 16159, 16169, 16182, 16318, 16445, 16577, 16791, 16966, 18162, 18290, 18491, 18523, 18600, 18608, 18615, 18723, 18725, 18726, 18733, 18739, 18757, 18758, 18779, 18784, 18797, 18805, 18828, 18831, 18839, 18860, 19027, 19042, 19722, 19731, 19755, 19786, 19905, 20770, 20995, 21077, 21311, 22165, 22167, 22193, 22713, 23052, 23584, 23634, 23682, 23781, 23827, 24149, 25570, 25876, 25895, 25953, 26012, 26042, 26048, 26064, 26436, 27434, 28198, 28898, 28989, 29034, 29053, 29065, 29915, 30595, 30713, 31544, 31565, 34330, 34336, 34349, 34484, 34525, 34528, 34533, 34536, 34541, 34544, 34548, 34549, 34552, 34553, 34564, 34584, 34601, 34603, 34609, 34611, 34615, 34623, 34626, 34635, 34645, 34685, 34764, 35087, 35089, 35091, 35095, 35100, 35106, 35115, 35122, 35130, 35207, 35218, 35221, 36040, 36044, 36051, 36057, 38454, 24205, 28064, 11929, 17111, 12027, 27980, 24580, 25750, 29595, 260, 296, 333, 375, 993, 1019, 1038, 1092, 1119, 1152, 1153, 1167, 3007, 3037, 3131, 3156, 3178, 3209, 3388, 3450, 3561, 10411, 10466, 10467, 10583, 12065, 12066, 13334, 13335, 14280, 14325, 15489, 15560, 15592, 15625, 15652, 15676, 15711, 15720, 15805, 15806, 15927, 16129, 16153, 18916, 18934, 18953, 18957, 18979, 19045, 19057, 19080, 19112, 19124, 19131, 19274, 19455, 19514, 19862, 20081, 21152, 21290, 21421, 21482, 21597, 24806, 24845, 24854, 24870, 24877, 24914, 24916, 24932, 24937, 24942, 24961, 24968, 24994, 24999, 25000, 25007, 25018, 25023, 25057, 25072, 26736, 26746, 26748, 26749, 26751, 26799, 26931, 27096, 27097, 27623, 27639, 27721, 27930, 28036, 28496, 28747, 28865, 28880, 28904, 28922, 28941, 29597, 29732, 29927, 29941, 29961, 29999, 30011, 30019, 30085, 30113, 30133, 30135, 30138, 30175, 30184, 30189, 30214, 30242, 30259, 30263, 30273, 30293, 30315, 30404, 30407, 30410, 30425, 30437, 30449, 30466, 30510, 30535, 30555, 30568, 30570, 31406, 31443, 31497, 31640, 31642, 31655, 31656, 31870, 31875, 31887, 34699, 34714, 34720, 34724, 34734, 34761, 34787, 34806, 34807, 34907, 34914, 35140, 35142, 35761, 35771, 35778, 35780, 35923, 36062, 36260, 36263, 36284, 36286, 36562, 36573, 36577, 36615, 36617, 36621, 36635, 36639, 36646, 37234, 37238, 37496, 37501, 37502, 37507, 37514, 37641, 37645, 37648, 38396, 38829, 838, 3338, 3431, 983, 24917, 30234, 36256, 29008, 28650, 1137, 1170, 1172, 1183, 2984, 3097, 3249, 3250, 3259, 3280, 3413, 3442, 3638, 3665, 8657, 8672, 8727, 8751, 13300, 17951, 19805, 21689, 23861, 23870, 28233, 28660, 28821, 29386, 29875, 30166, 30800, 31136, 31137, 31143, 31171, 31638, 31664, 31798, 31862, 31890, 31892, 31895, 35722, 35731, 36549, 36552, 36951, 18333, 18764, 34690, 3331, 14592, 16775, 17690, 17722, 19724, 19757, 22465, 22485, 23457, 23459, 23495, 23511, 23542, 23572, 24545, 25700, 25702, 25719, 25722, 25741, 26524, 27124, 27147, 27333, 28226, 28805, 28843, 28926, 29019, 29481, 29509, 29557, 29588, 29589, 29624, 29710, 35077, 35693, 35707, 35928, 35934, 36624, 36625, 36627, 37009, 37084, 19468, 20705, 21954, 20990, 16915], "label": "floor"}, {"objectId": 2, "id": 2, "partId": 2, "index": 1, "dominantNormal": [-0.03103064000606537, -0.9995184540748596, -2.2193768025033025e-16], "obb": {"axesLengths": [5.326356758211257, 0.8399999549984938, 0.2298150467490723], "centroid": [0.8509621652671002, 2.623298758579393, -1.1299999488914771], "normalizedAxes": [0.9995184540748596, -0.03103064000606537, -6.890186200717656e-18, 0, -2.220446049250313e-16, 1, -0.03103064000606537, -0.9995184540748596, -2.2193768025033025e-16]}, "segments": [27782, 12117, 11745, 15514, 21464, 21483, 20832, 3461, 20896, 3044, 899, 909, 936, 948, 2461, 2474, 2476, 2492, 2549, 2552, 2983, 3042, 3077, 3091, 3130, 3193, 3350, 3354, 3368, 3441, 6949, 6996, 10233, 16850, 16854, 19591, 24381, 24489, 24512, 24514, 31636, 32093, 32700, 33672, 35745, 36075, 36076, 26312, 39238, 35307], "label": "wall"}, {"objectId": 3, "id": 3, "partId": 3, "index": 2, "dominantNormal": [0.9995899200439453, 0.028636226430535316, 6.358519584311954e-18], "obb": {"axesLengths": [3.359069962522926, 1.9423899216415748, 1.4234400330083836], "centroid": [-1.285056012660019, 1.092978670542837, -0.4411950099970776], "normalizedAxes": [-0.028636224567890167, 0.9995899200439453, 2.2195354888320147e-16, 0, -2.220446049250313e-16, 1, 0.9995899200439453, 0.028636224567890167, 6.3585191707216476e-18]}, "segments": [19771, 9442, 37148, 6214, 6215, 6257, 6259, 6505, 6561, 10336, 12539, 12541, 12767, 12769, 12770, 17860, 17872, 21958, 24972, 25110, 25141, 25142, 25183, 25184, 25224, 25274, 25302, 25303, 25320, 25337, 25352, 25381, 25388, 32652, 32893, 32895, 35698, 35708, 35713, 35716, 35719, 20685, 23928, 918, 2778, 2807, 2837, 14009, 17789, 23758, 23760, 24582, 25578, 27547, 28395, 31027, 31104, 32079, 35246, 39503], "label": "wall"}, {"objectId": 4, "id": 4, "partId": 4, "index": 3, "dominantNormal": [0.965376615524292, 0.26086005568504333, 5.792256800530711e-17], "obb": {"axesLengths": [0.8186109875518259, 0.48994003631308586, 0.4565591905615589], "centroid": [-1.0795671659867856, 1.1704511094975547, -1.2463699983896317], "normalizedAxes": [-0.26086005568504333, 0.965376615524292, 2.1435666919795526e-16, 0, -2.220446049250313e-16, 1, 0.965376615524292, 0.26086005568504333, 5.792256800530711e-17]}, "segments": [17112, 36845, 36683, 29350, 36837, 34859, 36802, 35595, 34826, 34839, 17265, 17164, 14348, 14363, 14401, 14404, 14480, 14567, 14648, 14652, 16456, 16457, 16461, 16485, 16523, 16983, 16993, 17012, 17028, 17051, 17088, 17122, 17157, 17188, 17215, 17219, 17226, 17230, 17314, 17332, 22943, 22960, 26598, 26618, 26688, 26689, 26773, 26816, 26820, 29080, 29138, 29140, 29162, 29165, 29212, 29225, 29257, 29268, 29269, 29303, 29324, 29352, 29362, 34649, 34810, 34814, 34847, 34880, 35643, 36108, 36112, 36126, 36136, 36722, 36723, 36726, 36734, 36738, 36789, 36854], "label": "object"}, {"objectId": 5, "id": 5, "partId": 5, "index": 4, "dominantNormal": [0.9995822310447693, 0.028901830315589905, 6.417495494035453e-18], "obb": {"axesLengths": [1.077872177337982, 1.9653949894295253, 0.5953847172563685], "centroid": [-2.192221462175024, 0.01063237175089371, -0.4673025292785651], "normalizedAxes": [-0.028901832178235054, 0.9995822310447693, 2.2195184158241716e-16, 0, -2.220446049250313e-16, 1, 0.9995822310447693, 0.028901832178235054, 6.4174959076257596e-18]}, "segments": [29388, 8828, 9818, 24087, 1425, 1518, 1755, 5814, 8016, 8649, 11615, 13354, 13372, 13405, 13789, 13813, 13842, 13855, 14020, 14803, 21171, 21216, 21429, 31549, 31550, 32068, 32070, 32071, 35299, 35305, 35684, 14433, 23329, 35450, 36873, 36901, 31903, 5034, 32029, 5005, 32057, 5638, 37531, 5004, 36472, 3528, 1357, 39399, 5756, 29112, 39483, 31788, 7479, 36071, 22, 63, 1429, 3298, 3469, 3567, 3576, 3651, 3717, 3742, 4298, 4366, 4399, 4401, 4409, 4498, 4558, 4583, 4588, 4598, 4615, 4618, 4704, 4741, 4767, 4771, 4776, 4788, 4815, 4838, 4852, 4896, 5046, 5095, 5114, 5145, 5204, 5214, 5220, 5229, 5230, 5242, 5274, 5279, 5316, 5357, 5365, 5399, 5419, 5463, 5464, 5485, 5490, 5496, 5514, 5623, 5645, 5661, 5720, 5751, 7781, 13457, 13820, 22004, 22814, 22936, 23003, 23011, 23075, 23108, 23128, 23139, 23878, 31509, 31726, 31732, 31737, 31740, 31748, 31751, 31756, 31765, 31768, 31772, 31777, 31942, 31948, 31960, 32061, 32065, 34476, 34654, 34739, 35264, 35266, 35277, 35290, 35294, 35455, 35682, 36053, 36238, 36293, 36419, 36430, 36432, 36940, 36966, 39446], "label": "window"}, {"objectId": 6, "id": 6, "partId": 6, "index": 5, "dominantNormal": [0.9995389580726624, -0.030362671241164207, -6.7418673402129164e-18], "obb": {"axesLengths": [1.184921279693393, 1.0199999879300592, 0.1453236274475367], "centroid": [-1.7404452398583277, 1.1770590811466093, -0.8400000084216149], "normalizedAxes": [0.030362669378519058, 0.9995389580726624, 2.2194223305242175e-16, 0, -2.220446049250313e-16, 1, 0.9995389580726624, -0.030362669378519058, -6.74186692662261e-18]}, "segments": [13235, 17701, 39955, 28149, 29425, 36962, 28745], "label": "heater"}, {"objectId": 7, "id": 7, "partId": 7, "index": 6, "dominantNormal": [-0.40055131912231445, -0.9162743091583252, -2.0345376698001631e-16], "obb": {"axesLengths": [0.8518776665878218, 1.9999999552965164, 0.4031170848892553], "centroid": [-1.5632294171890768, -0.8469991245063015, -0.4700000268245488], "normalizedAxes": [0.9162743091583252, -0.40055134892463684, -8.894026602415935e-17, 0, -2.220446049250313e-16, 1, -0.40055134892463684, -0.9162743091583252, -2.0345376698001631e-16]}, "segments": [37440, 7040, 25564, 26283, 1982, 3599, 6344, 6393, 6402, 6415, 6801, 18108, 18128, 32657, 35032, 39634, 17504, 26554, 6447, 29892, 6869], "label": "wall"}, {"objectId": 8, "id": 8, "partId": 8, "index": 7, "dominantNormal": [0.05446144938468933, -0.9985158443450928, -2.2171505616899018e-16], "obb": {"axesLengths": [0.8593443634202437, 1.1613605656915769, 0.6340306362521595], "centroid": [1.2202836072816021, 0.706421718782721, -0.6584296911585406], "normalizedAxes": [0.9985158443450928, 0.05446145310997963, 1.2092871839448544e-17, 0, -2.220446049250313e-16, 1, 0.05446145310997963, -0.9985158443450928, -2.2171505616899018e-16]}, "segments": [34236, 12724, 9018, 9082, 5315, 7785, 7686, 32811, 32855, 34221, 7880, 10599, 16897, 7647, 7804, 10538, 10923, 10962, 11037, 11067, 11131, 16944, 32753, 32834, 33809, 33989, 32502, 11300, 5848, 32415, 771, 32755, 2934, 8952, 9135, 9102, 9661, 10975, 9045, 675, 2401, 2412, 2417, 2512, 2565, 2571, 2580, 2596, 2745, 2804, 2838, 5254, 5296, 5334, 5396, 5548, 5574, 5583, 5613, 7652, 7672, 7679, 7712, 7713, 7815, 7887, 8966, 9034, 9095, 9112, 9142, 9158, 9605, 9647, 9673, 9676, 10750, 10793, 10852, 10859, 10933, 10952, 11035, 11074, 11104, 11115, 11134, 11145, 11147, 11187, 11232, 11255, 12683, 12852, 12903, 31610, 32313, 32319, 32346, 32355, 32391, 32404, 32449, 32483, 32487, 32489, 32510, 32514, 32518, 32713, 32717, 32750, 32786, 32788, 32790, 32830, 32845, 32889, 33273, 33324, 33328, 33330, 33605, 33708, 33722, 33748, 33781, 33785, 33848, 33937, 33969, 34190, 34203, 34224, 34313, 6109], "label": "clothes"}, {"objectId": 9, "id": 9, "partId": 9, "index": 8, "dominantNormal": [0, -2.220446049250313e-16, 1], "obb": {"axesLengths": [5.779963798017156, 1.3199999633431445, 3.7398401791096876], "centroid": [0.702880781869656, 1.1905687746840694, -0.13000003084786216], "normalizedAxes": [0.9932354092597961, 0.11611831188201904, 2.5783444686404487e-17, 0, -2.220446049250313e-16, 1, 0.11611831188201904, -0.9932354092597961, -2.2054256404664322e-16]}, "segments": [17338, 27572, 24314, 28209, 25344, 17614, 18884, 29850, 29825, 25623, 19534, 16822, 27689, 27704, 24334, 36372, 13937, 10137, 10562, 10178, 10211, 27259, 28526, 28028, 27965, 15635, 13875, 13716, 7590, 7566, 10325, 7385, 1810, 7249, 7014, 1542, 35966, 14238, 31139, 7978, 4804, 4794, 20661, 14, 360, 1387, 17, 1794, 18240, 14068, 15028, 19642, 18428, 7224, 965, 2087, 39577, 7563, 13766, 36214, 27231, 36235, 36231, 23883, 20216], "label": "ceiling"}, {"objectId": 10, "id": 10, "partId": 10, "index": 9, "dominantNormal": [0, -2.220446049250313e-16, 1], "obb": {"axesLengths": [1.9544129007205333, 0.7599999734759336, 1.2419767934059287], "centroid": [2.524521857965082, 1.3811516687765377, -0.00999999895937842], "normalizedAxes": [-0.6248177886009216, 0.7807705998420715, 1.7336589937901249e-16, 0, -2.220446049250313e-16, 1, 0.7807705998420715, 0.6248177886009216, 1.3873741902002337e-16]}, "segments": [5088, 8508, 8366, 8169, 33171, 8377, 8381, 1720, 1684, 29672, 32207, 32134, 4602, 4606, 4991, 4143, 24671, 4696, 4654, 4550, 32279, 32227, 8837], "label": "window"}, {"objectId": 11, "id": 11, "partId": 11, "index": 10, "dominantNormal": [-0.04607026278972626, -0.9989382028579712, -2.21808838598119e-16], "obb": {"axesLengths": [1.2412573252554218, 1.4430496749624673, 0.5441821177726275], "centroid": [1.4291008118398283, 0.6784397812973687, -0.7207051251928484], "normalizedAxes": [0.9989382028579712, -0.04607026278972626, -1.0229653299937138e-17, 0, -2.220446049250313e-16, 1, -0.04607026278972626, -0.9989382028579712, -2.21808838598119e-16]}, "segments": [5894, 32572, 6282, 26280, 11623, 11569, 6046, 6080, 6100, 6102, 6136, 6453, 7102, 7104, 7119, 8583, 8897, 8915, 11582, 11601, 11621, 11628, 12373, 12395, 13130, 13138, 18829, 20393, 20515, 20924, 20959, 25101, 25362, 25917, 26094, 26103, 30232, 31619, 31698, 31916, 32608, 32616, 32622, 32625, 32627, 32644, 32704, 32706, 33535, 34038, 34062, 34068, 34073, 34121, 34160, 34163, 34407, 34417, 35498, 33568, 8459, 35544, 12562, 26223, 5931, 8363, 8412, 8421, 12602, 19511, 20511, 24559, 25522, 25824, 26284, 26286, 26294, 30637, 31684, 31923, 32555, 32557, 32596, 34127, 34378, 25738, 8521, 12604], "label": "rack"}, {"objectId": 12, "id": 12, "partId": 12, "index": 11, "dominantNormal": [0, -2.220446049250313e-16, 1], "obb": {"axesLengths": [0.9257393956911463, 0.1656200848753729, 0.34127481864732784], "centroid": [1.416945064768905, 0.7316772674563854, -1.3521699690358346], "normalizedAxes": [0.9992771148681641, 0.0380159355700016, 8.44123339449645e-18, 0, -2.220446049250313e-16, 1, 0.0380159355700016, -0.9992771148681641, -2.2188409218152662e-16]}, "segments": [34143, 13091, 13086, 13182, 13197], "label": "clothes"}, {"objectId": 13, "id": 13, "partId": 13, "index": 12, "dominantNormal": [0, -2.220446049250313e-16, 1], "obb": {"axesLengths": [1.3206513816690741, 0.18331002779357064, 0.7235864710077056], "centroid": [2.3217245854505366, 1.5364249895190345, -1.41834495153498], "normalizedAxes": [0.9514968395233154, 0.3076585829257965, 6.831392849755347e-17, 0, -2.220446049250313e-16, 1, 0.3076585829257965, -0.9514968395233154, -2.112747398193705e-16]}, "segments": [37286, 15638, 14904, 31043, 4945, 10745, 37294, 3867, 31530, 34962, 15709, 31526, 3858, 3893, 3898, 3902, 3920, 3923, 3924, 3929, 3938, 3974, 3981, 3991, 3993, 3994, 3997, 4036, 4040, 4920, 9395, 14267, 15689, 15695, 15696, 16303, 20000, 20059, 20069, 20155, 25139, 25226, 25235, 25246, 25263, 25294, 25331, 28672, 28696, 31414, 31523, 31528, 31541, 31569, 32111, 35917, 36560, 36566, 36719, 36742, 37522, 37525, 37528, 10539], "label": "mattress"}, {"objectId": 14, "id": 14, "partId": 14, "index": 13, "dominantNormal": [-0.3129543364048004, -0.9497681856155396, -2.1089090154536628e-16], "obb": {"axesLengths": [0.45795976284440176, 0.4008400350621333, 0.27774404640364664], "centroid": [2.4630539983775908, 1.0569023024499224, -1.2917599476505084], "normalizedAxes": [0.9497681856155396, -0.3129543364048004, -6.948982198657925e-17, 0, -2.220446049250313e-16, 1, -0.3129543364048004, -0.9497681856155396, -2.1089090154536628e-16]}, "segments": [4675, 6859, 6088, 9579, 9792, 31554, 31556, 31561, 31583, 4676], "label": "box"}, {"objectId": 16, "id": 16, "partId": 16, "index": 15, "dominantNormal": [0.0970853939652443, -0.9952760338783264, -2.2099567373386506e-16], "obb": {"axesLengths": [0.93364219836027, 0.8437499811407179, 0.3400676888412213], "centroid": [-1.1004638095577568, -0.9604013836432455, -1.0518749804400285], "normalizedAxes": [0.9952760338783264, 0.0970853939652443, 2.1557287947003688e-17, 0, -2.220446049250313e-16, 1, 0.0970853939652443, -0.9952760338783264, -2.2099567373386506e-16]}, "segments": [22551, 36186, 26947, 27072, 16390, 17375, 17491, 22574, 22666, 22669, 22693, 22796, 22831, 22849, 22883, 26388, 26408, 26926, 27002, 27006, 35477, 35561, 35572, 35590, 36087, 36101, 16235, 16253, 27034, 36079, 22850], "label": "table"}, {"objectId": 18, "id": 18, "partId": 18, "index": 16, "dominantNormal": [0, -2.220446049250313e-16, 1], "obb": {"axesLengths": [0.38597571399766717, 0.20000004321336667, 0.3283206238402777], "centroid": [-1.8003222232972411, -0.5576062037714244, -1.389999963345603], "normalizedAxes": [0.8908061385154724, -0.45438358187675476, -1.0089342292224463e-16, 0, -2.220446049250313e-16, 1, -0.45438358187675476, -0.8908061385154724, -1.9779869709146079e-16]}, "segments": [18086, 40003, 18191, 17536], "label": "bucket"}, {"objectId": 19, "id": 19, "partId": 19, "index": 17, "dominantNormal": [0, -2.220446049250313e-16, 1], "obb": {"axesLengths": [0.2512679165156028, 0.17544996346272615, 0.2420263392808275], "centroid": [-0.713981883003411, -0.6865020119125707, -1.354564943214023], "normalizedAxes": [0.9980561137199402, 0.06232148036360741, 1.3838148485680303e-17, 0, -2.220446049250313e-16, 1, 0.06232148036360741, -0.9980561137199402, -2.2161297546395624e-16]}, "segments": [35370, 22033, 26998, 38536, 19803, 19817, 21810], "label": "item"}, {"objectId": 20, "id": 20, "partId": 20, "index": 18, "dominantNormal": [0.9988542199134827, -0.04785703495144844, -1.0626396418677784e-17], "obb": {"axesLengths": [1.1407917960575105, 1.9684729732169282, 0.20238675568061956], "centroid": [-1.9164292537523533, 0.004233026408198781, -0.4687335175583476], "normalizedAxes": [0.04785703495144844, 0.9988542199134827, 2.217901906383896e-16, 0, -2.220446049250313e-16, 1, 0.9988542199134827, -0.04785703495144844, -1.0626396418677784e-17]}, "segments": [20416, 2218, 18634], "label": "doorframe"}, {"objectId": 21, "id": 21, "initialPoint": [2.5231899460364264, 0.7043268794271514, -1.3181648944163848], "index": 19, "dominantNormal": [0, -2.220446049250313e-16, 1], "obb": {"axesLengths": [0.41506171440269923, 0.16886996845446617, 0.34579727957405476], "centroid": [2.483976488287373, 0.6647451573674421, -1.3721350211942565], "normalizedAxes": [-0.09338758140802383, 0.9956298470497131, 2.210742360397229e-16, 0, -2.220446049250313e-16, 1, 0.9956298470497131, 0.09338758140802383, 2.073620861864885e-17]}, "segments": [2286, 32085, 2301, 29050, 2303], "partId": 21, "label": "item"}], "scan_id": "422885bf-192d-25fc-8509-1fd7def9cc19", "annId": "2153", "appId": "stk.v1"}