{"segGroups": [{"objectId": 1, "id": 1, "partId": 1, "index": 0, "dominantNormal": [0, -2.220446049250313e-16, 1], "obb": {"axesLengths": [5.2964302475055, 0.1294100255651015, 2.1864922385949543], "centroid": [0.15121252342447994, 2.1070286032104018, -1.3945850339093433], "normalizedAxes": [0.015221485868096352, 0.9998841285705566, 2.2201887629925846e-16, 0, -2.220446049250313e-16, 1, 0.9998841285705566, -0.015221485868096352, -3.3798488159534016e-18]}, "segments": [12983, 16144, 24287, 25226, 15460, 35504, 16707, 13989, 28356, 27162, 28844, 35564, 38043, 26824, 27369, 27195, 25747, 19898, 13955, 367, 14972], "label": "floor"}, {"objectId": 2, "id": 2, "partId": 2, "index": 1, "dominantNormal": [0.9995875358581543, -0.028719592839479446, -6.377030645649972e-18], "obb": {"axesLengths": [2.6111603712206897, 2.5277399451790745, 0.2670196554054647], "centroid": [0.8313600176406412, 3.365565914664318, -0.14777998994685948], "normalizedAxes": [0.028719592839479446, 0.9995875358581543, 2.2195301948760944e-16, 0, -2.220446049250313e-16, 1, 0.9995875358581543, -0.028719592839479446, -6.377030645649972e-18]}, "segments": [26468, 19775, 16929, 3238, 10392, 8861, 36350, 7482, 10682, 36355, 19416, 17739, 17030, 26867, 29914, 25993, 38001, 17820], "label": "wall"}, {"objectId": 3, "id": 3, "partId": 3, "index": 2, "dominantNormal": [0.9992799162864685, -0.03794225677847862, -8.424873416341377e-18], "obb": {"axesLengths": [1.100633603696186, 2.0672309532635436, 0.09537494555461831], "centroid": [0.7434522686120523, 3.800922377488628, -0.3570945401980474], "normalizedAxes": [0.03794225677847862, 0.9992799162864685, 2.2188471422134726e-16, 0, -2.220446049250313e-16, 1, 0.9992799162864685, -0.03794225677847862, -8.424873416341377e-18]}, "segments": [24156, 15261, 15218, 28919, 1995, 2029, 28928, 2049, 3373, 11707, 14092, 14094, 20748], "label": "door"}, {"objectId": 4, "id": 4, "partId": 4, "index": 3, "dominantNormal": [0.9993951916694641, -0.0347747877240181, -7.721554001531427e-18], "obb": {"axesLengths": [5.171595980981607, 2.526869955803378, 0.15912730662855445], "centroid": [-0.6125380052847398, 2.047341751846237, -0.1682750465947771], "normalizedAxes": [0.0347747877240181, 0.9993951916694641, 2.219103104982221e-16, 0, -2.220446049250313e-16, 1, 0.9993951916694641, -0.0347747877240181, -7.721554001531427e-18]}, "segments": [14722, 605, 26169, 15668, 13195, 14930, 10836, 2188, 6539, 33991, 10877, 879, 35054, 12978], "label": "wall"}, {"objectId": 5, "id": 5, "partId": 5, "index": 4, "dominantNormal": [0.9974178075790405, -0.07181692868471146, -1.5946561556725904e-17], "obb": {"axesLengths": [1.0003069057452425, 2.0298699878930293, 0.301210947701873], "centroid": [-0.8287664126642624, 1.3220732902848136, -0.38202504658546355], "normalizedAxes": [0.07181692868471146, 0.9974178075790405, 2.2147124302907895e-16, 0, -2.220446049250313e-16, 1, 0.9974178075790405, -0.07181692868471146, -1.5946561556725904e-17]}, "segments": [17988, 2991, 3030, 2097, 29611, 38954, 11061, 10213, 11023, 35085], "label": "door"}, {"objectId": 6, "id": 6, "partId": 6, "index": 5, "dominantNormal": [0.0007395974826067686, -0.9999997019767761, -2.220445387505823e-16], "obb": {"axesLengths": [1.2330017917144878, 2.1116799240183837, 0.09050637916348848], "centroid": [-0.09350384501991049, -0.52627129615141, -0.36584003150723987], "normalizedAxes": [0.9999997019767761, 0.0007395974826067686, 1.6422363082896765e-19, 0, -2.220446049250313e-16, 1, 0.0007395974826067686, -0.9999997019767761, -2.220445387505823e-16]}, "segments": [5584, 19186, 20273, 16887, 162], "label": "door"}, {"objectId": 7, "id": 7, "partId": 7, "index": 6, "dominantNormal": [-0.03154411539435387, -0.9995023608207703, -2.2193410683008402e-16], "obb": {"axesLengths": [1.9744608993431902, 2.529659929953665, 0.17088928802625056], "centroid": [0.24860445159356453, -0.5245592513230979, -0.15483002717331185], "normalizedAxes": [0.9995023608207703, -0.03154411166906357, -7.00419981326829e-18, 0, -2.220446049250313e-16, 1, -0.03154411166906357, -0.9995023608207703, -2.2193410683008402e-16]}, "segments": [24075, 27298, 30934, 9546, 40085, 31934, 39965], "label": "wall"}, {"objectId": 8, "id": 8, "partId": 8, "index": 7, "dominantNormal": [0, -2.220446049250313e-16, 1], "obb": {"axesLengths": [5.219398457660024, 0.09338998585812831, 1.9875331791701714], "centroid": [0.24219174056095266, 1.9952884831841684, 1.0929549171273778], "normalizedAxes": [-0.004893230739980936, 0.9999880194664001, 2.2204194471218134e-16, 0, -2.220446049250313e-16, 1, 0.9999880194664001, 0.004893230739980936, 1.0865154864660855e-18]}, "segments": [28745, 3814, 9798, 13192, 22336, 7777, 27130, 4172, 4676, 7170, 38871, 38893], "label": "ceiling"}, {"objectId": 9, "id": 9, "partId": 9, "index": 8, "dominantNormal": [0.16567550599575043, -0.986180305480957, -2.189760163153658e-16], "obb": {"axesLengths": [1.3287415842362291, 2.2114799124416717, 0.5189373728709931], "centroid": [0.16188800580039686, 4.88865171046989, -0.2957400236327212], "normalizedAxes": [0.986180305480957, 0.16567550599575043, 3.678735227458106e-17, 0, -2.220446049250313e-16, 1, 0.16567550599575043, -0.986180305480957, -2.189760163153658e-16]}, "segments": [9370, 27642, 34751, 3665, 581, 10350, 38306, 14372, 14359, 1445, 1462, 1469, 1470, 1471, 5389, 5396, 6888, 6918, 6928, 6935, 6939, 6953, 7801, 7823, 7831, 7852, 7918, 7939, 7945, 7972, 7979, 8911, 8939, 8974, 9180, 9187, 9209, 9212, 9226, 9231, 9603, 9625, 9649, 9669, 9685, 9715, 9750, 9806, 14342, 14357, 14430, 14438, 14457, 14478, 14487, 14514, 23455, 23478, 23780, 23797, 23809, 23817, 23835, 23845, 23853, 23868, 23881, 23919, 23924, 23952, 23953, 28072, 28500, 28519, 28522, 28565, 28651, 29009, 29368, 33583, 34461, 34466, 34481, 34492, 34575, 34578, 34741, 35157, 35162, 37537, 38086, 38242, 38352, 38380, 38435, 38492, 23916, 38340, 19995, 17489, 9734, 36777, 35699, 36599, 10426, 4594, 9375, 34730, 3090, 3191, 7061, 7874, 8533, 8897, 8946, 9771, 10385, 10394, 10413, 10504, 10515, 10549, 11199, 17317, 17320, 17366, 17407, 17477, 19990, 20099, 20113, 34611, 35681, 35704, 36579, 36581, 36764, 38318], "label": "door"}, {"objectId": 10, "id": 10, "partId": 10, "index": 9, "dominantNormal": [-2.2538019038620405e-05, -1, -2.220446049250313e-16], "obb": {"axesLengths": [1.3720154638891415, 2.4999999441206455, 0.09330924548231999], "centroid": [0.12399258835551069, 4.5833591996875, -0.14000003425680219], "normalizedAxes": [1, -2.2538019038620405e-05, -5.004445533223302e-21, 0, -2.220446049250313e-16, 1, -2.2538019038620405e-05, -1, -2.220446049250313e-16]}, "segments": [5258, 27076, 4166, 2945, 4553, 4039], "label": "wall"}, {"objectId": 11, "id": 11, "partId": 11, "index": 10, "dominantNormal": [0.9997438788414001, 0.022630540654063225, 5.024989458771328e-18], "obb": {"axesLengths": [1.2386990897546317, 1.5691699034906192, 0.22805429229217108], "centroid": [1.1558269199236866, -0.011269993646474852, 0.3345849220333619], "normalizedAxes": [-0.022630540654063225, 0.9997438788414001, 2.2198773460355706e-16, 0, -2.220446049250313e-16, 1, 0.9997438788414001, 0.022630540654063225, 5.024989458771328e-18]}, "segments": [12015, 26177, 32222, 38764, 39491, 11571, 11215], "label": "wall"}, {"objectId": 12, "id": 12, "partId": 12, "index": 11, "dominantNormal": [0.9992009401321411, -0.03996849060058594, -8.874787704856932e-18], "obb": {"axesLengths": [1.1206997240158545, 2.030021920129166, 0.6799703155793432], "centroid": [0.9410891662113025, 0.00965158607624339, -0.3616390366327249], "normalizedAxes": [0.03996849060058594, 0.9992009401321411, 2.2186717799236113e-16, 0, -2.220446049250313e-16, 1, 0.9992009401321411, -0.03996849060058594, -8.874787704856932e-18]}, "segments": [15221, 14121, 32290, 14660, 35844, 39243, 23757, 13618, 20043, 16082, 36873, 35270, 22679, 12264, 12343, 12473, 12518, 12605, 12619, 12808, 12814, 12908, 13900, 13926, 14232, 14473, 16526, 16692, 17446, 17650, 18859, 20354, 22509, 22737, 22778, 35073, 36852, 36983, 37000, 39125, 39207, 39270, 39631, 39634, 39861, 15365, 35643, 20250, 19196, 19928, 18319, 15400, 19545, 19363, 35729, 19581, 35766, 15958, 39625, 33282, 39612, 33313, 32272, 30438], "label": "clothes"}, {"objectId": 13, "id": 13, "partId": 13, "index": 12, "dominantNormal": [0.983327329158783, 0.18184442818164825, 4.0377574213412316e-17], "obb": {"axesLengths": [1.884345761682103, 2.3504899810890105, 0.7579659165998142], "centroid": [0.8636252390890367, 1.2426218049871511, -0.22524507539074867], "normalizedAxes": [-0.18184441328048706, 0.983327329158783, 2.1834252831504818e-16, 0, -2.220446049250313e-16, 1, 0.983327329158783, 0.18184441328048706, 4.0377570904689866e-17]}, "segments": [16457, 19950, 15558, 13095, 13331, 21050, 23232, 38203, 25520, 21967, 25632, 21218, 21298, 36512, 16588, 11540, 11650, 11674, 11695, 11718, 12019, 12039, 17836, 17895, 18720, 19354, 19357, 19597, 19599, 21069, 21119, 21214, 21351, 22648, 22651, 22671, 22722, 25357, 25506, 31606, 35042, 35047, 35666, 35777, 36975, 37854, 37937, 38014, 38231, 38325, 39051, 25857, 25795, 11841, 11875, 19614, 25798, 25810, 22556, 22709, 25652, 31602, 15921, 16043, 19046, 19537, 21445, 21659, 22596, 22676, 35683, 35721, 35780, 35781, 35785, 22797, 34780], "label": "wardrobe"}, {"objectId": 14, "id": 14, "partId": 14, "index": 13, "dominantNormal": [0, -2.220446049250313e-16, 1], "obb": {"axesLengths": [1.0762801835167983, 0.31704007870614337, 0.866997048964132], "centroid": [-0.22724579381131493, 2.4084805877874524, -1.2602200147301712], "normalizedAxes": [0.13512329757213593, 0.990828812122345, 2.2000819213604416e-16, 0, -2.220446049250313e-16, 1, 0.990828812122345, -0.13512329757213593, -3.0003399225572364e-17]}, "segments": [18183, 1059, 1072, 1207, 1222, 23610, 33560, 8229, 12650, 12664, 13774, 37317, 35318, 37388, 15314, 8061, 37497, 37521, 21586, 5798, 14999, 19490, 37469, 21573, 423, 110, 444, 985, 1045, 15490, 37144, 37168, 12623, 13773, 23396, 15532, 1188], "label": "pet bed"}, {"objectId": 16, "id": 16, "partId": 16, "index": 15, "dominantNormal": [0.9991586804389954, -0.041011787950992584, -9.106446252847308e-18], "obb": {"axesLengths": [0.9975481640664701, 1.8572349729261917, 0.21321315386307205], "centroid": [-0.4992091264410856, 2.8431102835104234, -0.4516525386490866], "normalizedAxes": [0.041011787950992584, 0.9991586804389954, 2.2185779445549233e-16, 0, -2.220446049250313e-16, 1, 0.9991586804389954, -0.041011787950992584, -9.106446252847308e-18]}, "segments": [6048, 37761, 24996, 25043, 6034, 34381, 35894, 35827, 37707, 18555, 1736, 18408, 2371, 2355, 2721, 6168, 6295, 6390, 6246, 34310, 34307, 37666, 37711, 6053, 1835, 33610, 1545, 1984, 1536, 5844, 1668, 839, 24464, 37572, 22882, 22855, 37136, 6703, 34450, 33645, 6312, 6252, 1535, 34403, 34429, 37780, 37559, 37127, 37125, 1690, 1792, 1818, 5913, 5936, 6005, 6062, 6070, 6265, 6355, 6409, 6412, 6429, 6708, 6751, 8160, 8164, 14194, 18439, 18452, 18466, 18480, 18490, 18532, 18559, 18613, 18625, 18640, 22848, 22888, 24910, 33625, 33688, 34289, 34393, 34434, 34455, 35362, 35908, 35909, 35913, 35925, 37142, 37547], "label": "rack"}, {"objectId": 17, "id": 17, "partId": 17, "index": 16, "dominantNormal": [0.9984313249588013, -0.05599016696214676, -1.2432314502796417e-17], "obb": {"axesLengths": [1.0532435957639938, 2.045530988748423, 0.3460522582768976], "centroid": [-0.7846946316749668, 1.3114418545890212, -0.37690453087655174], "normalizedAxes": [0.05599016696214676, 0.9984313249588013, 2.2169628909525258e-16, 0, -2.220446049250313e-16, 1, 0.9984313249588013, -0.05599016696214676, -1.2432314502796417e-17]}, "segments": [11002, 34650, 217, 15116, 13365, 33995, 6477, 2174, 24811, 24817, 24291], "label": "doorframe"}, {"objectId": 18, "id": 18, "partId": 18, "index": 17, "dominantNormal": [0, -2.220446049250313e-16, 1], "obb": {"axesLengths": [0.7115801896732394, 0.10466199879358706, 0.10618494613225966], "centroid": [0.05760988479895829, 2.4020332078018636, 0.7990859349434962], "normalizedAxes": [0.042043060064315796, 0.9991158246994019, 2.2184827856972552e-16, 0, -2.220446049250313e-16, 1, 0.9991158246994019, -0.042043060064315796, -9.335434661820362e-18]}, "segments": [29831, 29796, 29799, 4321, 33789, 2579, 2561, 33694, 21705, 4341, 2571, 4273, 29793, 33698], "label": "light"}, {"objectId": 20, "id": 20, "partId": 20, "index": 18, "dominantNormal": [-0.059714898467063904, -0.9982154965400696, -2.216483655592837e-16], "obb": {"axesLengths": [0.6129402294602045, 1.1799999807775017, 0.32192235321831425], "centroid": [0.7431743276302122, -0.4237041768187484, -0.28000004662476563], "normalizedAxes": [0.9982154965400696, -0.059714894741773605, -1.325937021107695e-17, 0, -2.220446049250313e-16, 1, -0.059714894741773605, -0.9982154965400696, -2.216483655592837e-16]}, "segments": [32844, 31115, 30805, 18852, 33450, 36138, 31464, 32230, 31247, 31135, 32528, 39672, 39680, 39870, 28833, 36092, 32829], "label": "clothes"}, {"objectId": 21, "id": 21, "partId": 21, "index": 19, "dominantNormal": [0.999040961265564, -0.04378511384129524, -9.722248304487922e-18], "obb": {"axesLengths": [0.9467008956909578, 0.6017100080465522, 0.5119221122726001], "centroid": [0.9692945311994343, -0.09588499423599428, -1.1108550399937112], "normalizedAxes": [0.04378511384129524, 0.999040961265564, 2.2183165554813566e-16, 0, -2.220446049250313e-16, 1, 0.999040961265564, -0.04378511384129524, -9.722248304487922e-18]}, "segments": [24088, 24120, 30911, 30796, 37032, 12046, 12111, 20470, 20472, 20518, 20636, 20640, 20645, 20650, 20655, 20720, 20724, 20756, 20770, 20866, 20931, 22212, 22224, 22262, 23140, 30452, 30504, 30721, 30795, 31150, 31236, 31259, 31272, 31288, 31307, 31338, 31446, 35996, 36021, 36576, 36655, 39314, 39346, 39350, 39352, 39356, 39361, 39371, 39406, 39414, 39416, 39420, 30782, 30492, 30611], "label": "shelf"}, {"objectId": 22, "id": 22, "partId": 22, "index": 20, "dominantNormal": [0, -2.220446049250313e-16, 1], "obb": {"axesLengths": [0.32957225796031386, 0.20616298453145498, 0.23438845129511535], "centroid": [1.0485062211252507, 0.26844016639225377, -1.1021485301213307], "normalizedAxes": [0.9937459826469421, -0.11166419833898544, -2.479443280445036e-17, 0, -2.220446049250313e-16, 1, -0.11166419833898544, -0.9937459826469421, -2.2065593411267729e-16]}, "segments": [11943, 20810, 11971, 21618, 21349, 21262, 11394, 20697, 20843, 20962, 21048, 21067, 21319, 35991, 36013, 36016, 36039, 36213], "label": "shoes"}, {"objectId": 23, "id": 23, "partId": 23, "index": 21, "dominantNormal": [0, -2.220446049250313e-16, 1], "obb": {"axesLengths": [0.35532881559431856, 0.2000000432133664, 0.26711506813076896], "centroid": [1.0693078882932707, 0.06212278936117466, -1.090000060706362], "normalizedAxes": [0.8020390868186951, 0.5972715020179749, 1.3262091469856127e-16, 0, -2.220446049250313e-16, 1, 0.5972715020179749, -0.8020390868186951, -1.7808845216709003e-16]}, "segments": [21078, 39335, 23339], "label": "shoes"}, {"objectId": 24, "id": 24, "partId": 24, "index": 22, "dominantNormal": [0, -2.220446049250313e-16, 1], "obb": {"axesLengths": [0.29744076410545817, 0.13002001948609898, 0.24126873354721295], "centroid": [0.8879641824534805, -0.004185599225945413, -1.2674600715599205], "normalizedAxes": [0.7584189772605896, -0.6517673134803772, -1.4472141562479939e-16, 0, -2.220446049250313e-16, 1, -0.6517673134803772, -0.7584189772605896, -1.6840284217347392e-16]}, "segments": [23160, 24108, 23220], "label": "shoes"}, {"objectId": 25, "id": 25, "partId": 25, "index": 23, "dominantNormal": [0, -2.220446049250313e-16, 1], "obb": {"axesLengths": [0.3007981810274235, 0.1936799244505183, 0.2622926278815096], "centroid": [0.885954771610753, 0.21546816370757993, -1.2868400445383044], "normalizedAxes": [0.9975830912590027, 0.06948386132717133, 1.542851653705742e-17, 0, -2.220446049250313e-16, 1, 0.06948386132717133, -0.9975830912590027, -2.215079433784967e-16]}, "segments": [11504, 12047], "label": "shoes"}, {"objectId": 26, "id": 26, "partId": 26, "index": 24, "dominantNormal": [-0.02404181659221649, -0.9997109770774841, -2.21980428944387e-16], "obb": {"axesLengths": [1.3982687305006418, 2.239999899864198, 0.23177342369556], "centroid": [0.1707359130503951, 4.65866079078814, -0.29000003686450526], "normalizedAxes": [0.9997109770774841, -0.024041814729571342, -5.338355253308467e-18, 0, -2.220446049250313e-16, 1, -0.024041814729571342, -0.9997109770774841, -2.21980428944387e-16]}, "segments": [7641, 10677, 5290, 759, 790, 13291, 4590, 27575, 7545], "label": "doorframe"}], "scan_id": "bf9a3df5-45a5-2e80-82c1-b108dc9a3fbe", "annId": "3374", "appId": "stk.v1"}