{"segGroups": [{"objectId": 1, "id": 1, "partId": 1, "index": 0, "dominantNormal": [0, -2.220446049250313e-16, 1], "obb": {"axesLengths": [2.655370339308487, 0.1839100081344694, 1.23779968997397], "centroid": [-0.16346330956306232, 0.38195309449209397, -1.3819550060043864], "normalizedAxes": [-0.48031798005104065, 0.8770944476127625, 1.947540901021144e-16, 0, -2.220446049250313e-16, 1, 0.8770944476127625, 0.48031798005104065, 1.0665201611882239e-16]}, "segments": [26893, 3782, 42732, 25102, 26207, 42834, 42846, 42719, 42781], "label": "floor"}, {"objectId": 2, "id": 2, "partId": 2, "index": 1, "dominantNormal": [0.568825900554657, -0.8224579691886902, -1.8262235483594628e-16], "obb": {"axesLengths": [2.3441359937863098, 2.5748198648954945, 0.18279567357847035], "centroid": [0.5434736816297848, -0.728111185249233, -0.12259007157556723], "normalizedAxes": [0.8224579691886902, 0.568825900554657, 1.2630472235978396e-16, 0, -2.220446049250313e-16, 1, 0.568825900554657, -0.8224579691886902, -1.8262235483594628e-16]}, "segments": [32455, 32133, 32746, 2590, 11545, 16098, 16464, 16628, 16632, 16664, 16687, 18357, 19721, 19846, 19930, 19958, 31636, 33588, 36173, 37652, 37694, 37695, 38082, 44419, 45291], "label": "wall"}, {"objectId": 3, "id": 3, "partId": 3, "index": 2, "dominantNormal": [0.8209277987480164, 0.5710319876670837, 1.2679457210109296e-16], "obb": {"axesLengths": [2.559102390798607, 1.7494620289773777, 0.3172567407365618], "centroid": [-1.0440605109112457, -0.3038554390663447, 0.3055189388501862], "normalizedAxes": [-0.5710319876670837, 0.8209277987480164, 1.822825887449789e-16, 0, -2.220446049250313e-16, 1, 0.8209277987480164, 0.5710319876670837, 1.2679457210109296e-16]}, "segments": [38569, 38455, 38390, 3535, 3334, 15201, 19598, 1016, 1019, 1546, 1626, 1670, 1773, 1798, 2174, 2256, 2287, 2290, 2312, 2336, 2426, 2451, 2464, 2476, 2630, 2637, 2709, 2724, 2857, 3207, 3223, 3231, 3359, 3495, 3562, 3570, 3946, 3966, 3971, 4431, 4482, 6033, 6046, 6240, 6548, 7134, 7224, 7756, 7770, 7940, 7954, 8020, 8045, 8054, 15096, 15630, 19754, 20233, 20775, 33412, 33427, 33434, 33542, 33762, 33854, 33864, 34087, 34964, 34997, 35001, 35003, 35007, 35028, 38571, 16991, 2146, 2007, 6950, 38854, 38807, 1064], "label": "wall"}, {"objectId": 4, "id": 4, "partId": 4, "index": 3, "dominantNormal": [0.5659240484237671, -0.8244574069976807, -1.8306631921431575e-16], "obb": {"axesLengths": [2.0679411345884633, 2.597289861799257, 0.20483224035524303], "centroid": [-0.9960268588857276, 1.3260357940998522, -0.1313550536031649], "normalizedAxes": [0.8244574069976807, 0.5659240484237671, 1.2566038174982965e-16, 0, -2.220446049250313e-16, 1, 0.5659240484237671, -0.8244574069976807, -1.8306631921431575e-16]}, "segments": [20696, 10527, 10587, 10591, 10601, 13657, 15125, 14620, 27444, 26027, 15693, 17494, 2975], "label": "wall"}, {"objectId": 5, "id": 5, "partId": 5, "index": 4, "dominantNormal": [0.8083754181861877, 0.5886672735214233, 1.307103921813598e-16], "obb": {"axesLengths": [2.528680746885781, 2.014649942189828, 0.292184358104978], "centroid": [0.7071854310039467, 0.8933218419738252, 0.13732491685468684], "normalizedAxes": [-0.5886672735214233, 0.8083754181861877, 1.7949540036225903e-16, 0, -2.220446049250313e-16, 1, 0.8083754181861877, 0.5886672735214233, 1.307103921813598e-16]}, "segments": [24245, 28830, 43154, 43168, 23758, 9628, 13509, 14876, 14964, 17007, 22411, 23533, 23567, 23705, 29282, 29325, 30068, 30359, 30368, 30639, 30705, 30877, 30898, 30932, 31045, 39992, 42842, 43057, 43059, 43069, 43194, 43196, 43202, 43207, 22412, 9199, 16073, 23577, 30830, 43652, 25210], "label": "wall"}, {"objectId": 6, "id": 6, "partId": 6, "index": 5, "dominantNormal": [0.8637009859085083, 0.5040045976638794, 1.1191150176867546e-16], "obb": {"axesLengths": [0.7227086348196775, 0.681584939027169, 0.13150797590959729], "centroid": [0.15378967143277325, 0.7705406531105813, -1.0579675292677995], "normalizedAxes": [-0.5040045976638794, 0.8637009859085083, 1.9178014418941476e-16, 0, -2.220446049250313e-16, 1, 0.8637009859085083, 0.5040045976638794, 1.1191150176867546e-16]}, "segments": [18914, 40081, 40093, 24166, 23893, 23886, 18916, 23833], "label": "washing machine"}, {"objectId": 7, "id": 7, "partId": 7, "index": 6, "dominantNormal": [0.818211555480957, 0.5749172568321228, 1.2765727515787146e-16], "obb": {"axesLengths": [2.3434973031987565, 0.890910009497925, 0.1719236274009755], "centroid": [0.28167184628344716, 0.5349350588472157, -0.9754550332101809], "normalizedAxes": [-0.5749172568321228, 0.818211555480957, 1.8167946158186444e-16, 0, -2.220446049250313e-16, 1, 0.818211555480957, 0.5749172568321228, 1.2765727515787146e-16]}, "segments": [13651, 20413, 19021, 19049, 19077, 19334, 19341, 19361, 26751, 29099, 29208, 30451, 30462, 30463, 30469, 30511, 37534, 37539, 37541, 41533, 42523], "label": "kitchen cabinet"}, {"objectId": 8, "id": 8, "partId": 8, "index": 7, "dominantNormal": [0.8681841492652893, 0.4962421655654907, 1.1018789560013136e-16], "obb": {"axesLengths": [2.280366176070752, 0.7400000023096799, 0.5146236076022211], "centroid": [0.592940052006924, 0.6807392697025829, 0.359999932684004], "normalizedAxes": [-0.4962421655654907, 0.8681841492652893, 1.9277560642578557e-16, 0, -2.220446049250313e-16, 1, 0.8681841492652893, 0.4962421655654907, 1.1018789560013136e-16]}, "segments": [45092, 31945, 23069, 19907, 27738, 23439, 29533, 29697, 25040, 22719, 24263, 24720, 24760, 25019, 25590, 26968, 28663, 29830, 30247, 31956, 31962, 40143, 40600, 41179, 41202, 41224, 44911, 45113, 24971, 22680, 28610, 39984, 3278, 4386, 25570, 40570, 23492, 23391, 30435], "label": "kitchen cabinet"}, {"objectId": 9, "id": 9, "partId": 9, "index": 8, "dominantNormal": [0.8297133445739746, 0.5581896901130676, 1.2394300921438176e-16], "obb": {"axesLengths": [1.1185506619323504, 0.7643359654172663, 0.3970062074349575], "centroid": [-1.0068864730973155, -0.1243969045056128, 0.452167912524164], "normalizedAxes": [-0.5581896901130676, 0.8297133445739746, 1.8423337179695456e-16, 0, -2.220446049250313e-16, 1, 0.8297133445739746, 0.5581896901130676, 1.2394300921438176e-16]}, "segments": [9233, 39581, 15610, 15658, 22055, 22057, 22060, 22575, 22960, 38974, 38976, 39548, 39552, 39625, 39629, 8197, 8459, 38968, 4025, 4033, 8836, 8888, 15058, 15256, 21477, 21491, 21550, 21586, 21701, 21714, 21716, 21815, 21971, 22072, 38361, 8990, 4534], "label": "kitchen cabinet"}, {"objectId": 10, "id": 10, "partId": 10, "index": 9, "dominantNormal": [0, -2.220446049250313e-16, 1], "obb": {"axesLengths": [1.8318570118120663, 0.22460302208506228, 0.6584892194214367], "centroid": [-0.5814688175647271, -0.4033476624038489, -0.5223015672199092], "normalizedAxes": [-0.6310720443725586, 0.7757242321968079, 1.7224538066891345e-16, 0, -2.220446049250313e-16, 1, 0.7757242321968079, 0.6310720443725586, 1.401261427719366e-16]}, "segments": [5656, 19470, 37866, 14160, 6440, 1829, 19485, 19238], "label": "kitchen counter"}, {"objectId": 11, "id": 11, "partId": 11, "index": 10, "dominantNormal": [0.801506757736206, 0.5979856848716736, 1.3277949514815503e-16], "obb": {"axesLengths": [1.7241695734487403, 1.6157400097905086, 0.6081919509148758], "centroid": [-0.9759175680860569, 0.184120954056597, -0.5778700747817007], "normalizedAxes": [-0.5979857444763184, 0.801506757736206, 1.7797025136627865e-16, 0, -2.220446049250313e-16, 1, 0.801506757736206, 0.5979857444763184, 1.3277950838304483e-16]}, "segments": [17006, 17637, 14657, 16914, 13696, 14275, 14673, 15986, 16024, 16028, 16120, 16414, 16418, 17657, 18824, 36075, 36254, 36949, 37051, 37147, 37151, 12316, 12318, 13754, 14237, 14242, 15928, 16006, 16014, 16041, 16085, 16091, 16103, 16112, 16118, 16128, 36849, 36854, 36857, 36870, 36955, 36979, 36990, 37005, 37016, 37027, 35054], "label": "kitchen cabinet"}, {"objectId": 12, "id": 12, "partId": 12, "index": 11, "dominantNormal": [0, -2.220446049250313e-16, 1], "obb": {"axesLengths": [0.5952507453328004, 0.4837549928481505, 0.5458607396252979], "centroid": [-0.4914673498015577, -0.7612756708819981, -0.2918775649694165], "normalizedAxes": [-0.6917188167572021, 0.7221669554710388, 1.603532763174795e-16, 0, -2.220446049250313e-16, 1, 0.7221669554710388, 0.6917188167572021, 1.5359243138606308e-16]}, "segments": [1203, 37618, 1255, 37582, 1235, 1345, 1370, 1929, 1931, 2169, 2455, 3246, 19451, 33400, 33507, 2719, 2406, 2487, 3394, 3087, 33963, 2705, 2738, 3130, 3251], "label": "microwave"}, {"objectId": 13, "id": 13, "partId": 13, "index": 12, "dominantNormal": [0.8284533023834229, 0.5600581765174866, 1.2435789653985875e-16], "obb": {"axesLengths": [2.4293213494595918, 0.7807639662750666, 0.7666564090698404], "centroid": [0.4950968557640779, 0.7193633108712519, -0.8796180383201392], "normalizedAxes": [-0.5600581765174866, 0.8284533023834229, 1.8395358622656463e-16, 0, -2.220446049250313e-16, 1, 0.8284533023834229, 0.5600581765174866, 1.2435789653985875e-16]}, "segments": [32356, 45391, 45475, 45355, 12974, 12942, 30321, 44200, 27096, 24369, 24566, 40012, 42226, 28745, 474, 656, 815, 827, 937, 1488, 4765, 4965, 7078, 8441, 9504, 9739, 14206, 14264, 14358, 14364, 14650, 15517, 15974, 15978, 20368, 21689, 21703, 21735, 21837, 23624, 23678, 23786, 23808, 23987, 24268, 24509, 24524, 24537, 24564, 24573, 24592, 24608, 24620, 24660, 24670, 24688, 24743, 24746, 24748, 24786, 24977, 25022, 25037, 25205, 25252, 25260, 25288, 25437, 25537, 25543, 25577, 25615, 25672, 25675, 25795, 25799, 25842, 25888, 25905, 25946, 25955, 25965, 26053, 26087, 26156, 27135, 28237, 28255, 28271, 28277, 28306, 28365, 28380, 28383, 28387, 28428, 28456, 28459, 28461, 28480, 28495, 28511, 28526, 28532, 28557, 28559, 28567, 28571, 28591, 28597, 28657, 28690, 28782, 29070, 29106, 29193, 29524, 29920, 29921, 29928, 29958, 29966, 30132, 30272, 30552, 30684, 30864, 30930, 30931, 30934, 30958, 31001, 31281, 31299, 31307, 32147, 32243, 32251, 32318, 32323, 32362, 32368, 33281, 33392, 33394, 33657, 34069, 34074, 35536, 35540, 35686, 35987, 35994, 39636, 40037, 40176, 40191, 40194, 40197, 40199, 40529, 40543, 40561, 40888, 41168, 41171, 41173, 41205, 41236, 41239, 41256, 41798, 41812, 41819, 41830, 41833, 41839, 41907, 41909, 41964, 41966, 41992, 41995, 42009, 42015, 42061, 42109, 42152, 42238, 42308, 42311, 42600, 43110, 43849, 44010, 44093, 44103, 44274, 44285, 44329, 45297, 45313, 45319, 45395, 45412, 45422, 45430, 37415, 35960, 32329, 36080], "label": "kitchen counter"}, {"objectId": 16, "id": 16, "partId": 16, "index": 15, "dominantNormal": [0.6723683476448059, -0.7402167320251465, -1.6436113182142142e-16], "obb": {"axesLengths": [1.4302469776750013, 1.6799999696016312, 0.7139451822058173], "centroid": [-0.7397763972058681, 1.6620362956194366, 0.16999991416931204], "normalizedAxes": [0.7402167320251465, 0.6723683476448059, 1.4929576411688703e-16, 0, -2.220446049250313e-16, 1, 0.6723683476448059, -0.7402167320251465, -1.6436113182142142e-16]}, "segments": [10908, 39162, 13028, 40482, 12402, 41729, 5127, 5111, 2094, 39149, 27827, 27374, 13107, 25409, 14497, 246, 374, 385, 441, 1187, 1197, 1463, 2350, 5140, 5214, 5241, 5294, 5312, 5329, 5354, 5714, 5722, 5790, 5804, 7623, 7635, 7662, 8265, 8327, 8343, 9278, 10358, 10386, 10398, 10403, 10411, 10425, 10967, 10973, 11946, 12600, 12616, 12759, 12806, 12809, 12811, 12821, 12871, 12902, 12904, 12958, 12989, 13058, 13060, 13095, 13106, 13117, 13156, 13184, 13200, 13235, 13266, 13269, 13273, 13278, 13307, 13482, 13500, 13508, 13515, 13518, 13551, 13576, 14703, 14757, 15883, 16287, 16306, 21450, 22028, 27791, 33225, 33279, 33395, 34274, 34282, 34363, 34901, 34902, 34927, 35060, 35318, 35323, 35355, 35853, 35856, 35862, 35874, 35913, 36000, 39547, 40472, 10936, 10387, 34638], "label": "window"}, {"objectId": 17, "id": 17, "partId": 17, "index": 16, "dominantNormal": [0.4847355782985687, -0.8746607303619385, -1.9421369631665597e-16], "obb": {"axesLengths": [0.9414005175636624, 0.7312300041788067, 0.2784948127429443], "centroid": [-0.6853245227343597, 1.4522813427621521, -0.9956150521573052], "normalizedAxes": [0.8746607303619385, 0.4847355782985687, 1.0763291997641227e-16, 0, -2.220446049250313e-16, 1, 0.4847355782985687, -0.8746607303619385, -1.9421369631665597e-16]}, "segments": [15505, 14028, 36722, 36772, 14047, 15467, 15464, 40845, 42856, 41633, 27726, 41597, 24148, 23665, 26684, 42906, 28121, 27725, 41441, 27457, 13940, 13958, 13961, 13976, 14023, 14070, 14099, 15484, 15525, 15589, 23555, 23620, 23722, 23935, 24034, 24144, 25817, 25854, 26107, 26301, 26306, 26310, 26320, 26343, 26357, 26359, 26370, 26379, 26390, 26429, 26430, 26501, 26507, 26519, 26672, 26680, 26718, 26767, 26777, 26794, 26829, 27519, 27522, 27526, 27630, 27707, 27712, 27717, 27745, 27751, 27958, 28039, 28063, 28164, 36198, 36204, 36208, 40331, 40722, 40763, 40766, 40768, 40769, 40773, 40785, 40789, 40799, 40854, 40867, 40872, 40909, 41048, 41339, 41349, 41350, 41358, 41377, 41379, 41427, 41523, 41538, 41579, 41584, 41588, 41648, 41652, 41690, 40301, 40121, 26868, 26753, 26793, 40049], "label": "heater"}, {"objectId": 18, "id": 18, "partId": 18, "index": 17, "dominantNormal": [0, -2.220446049250313e-16, 1], "obb": {"axesLengths": [2.767091671544511, 0.09820008058398777, 2.531160922325082], "centroid": [-0.16475695391759565, 0.29807715233486465, 1.137389923168942], "normalizedAxes": [-0.6585689187049866, 0.7525203824043274, 1.6709309100900236e-16, 0, -2.220446049250313e-16, 1, 0.7525203824043274, 0.6585689187049866, 1.462316753697538e-16]}, "segments": [29337, 29875, 13833, 14468, 17461, 27045, 9934], "label": "ceiling"}, {"objectId": 19, "id": 19, "partId": 19, "index": 18, "dominantNormal": [0.8059162497520447, 0.5920295715332031, 1.3145697231502565e-16], "obb": {"axesLengths": [0.7749215561864269, 1.0401039971387975, 0.5214639512032893], "centroid": [-0.4422544459567878, -0.9562678822838915, 0.4700519300240571], "normalizedAxes": [-0.5920295715332031, 0.8059162497520447, 1.7894935527885562e-16, 0, -2.220446049250313e-16, 1, 0.8059162497520447, 0.5920295715332031, 1.3145697231502565e-16]}, "segments": [4134, 34158, 4189, 4124, 3703, 45549, 32398, 32417, 45523, 45522, 17757, 1141, 3577, 3638, 3644, 3654, 3684, 3708, 3729, 3780, 3806, 3821, 4129, 17127, 17165, 17259, 17271, 17394, 33808, 34017, 34039, 34063, 34164, 34201, 34204, 34213, 34226, 34228, 36319, 36321, 36323, 36326, 36328, 36503, 36516, 36555, 36709, 45535, 45537, 45565, 45567, 17182, 3837, 3629, 17613, 1108, 17139, 39413, 18440, 18476, 18521, 18623, 22465, 22484, 37245, 18526, 37294, 18505, 18494, 17062, 17096, 18179, 18246, 18431, 18448, 18558, 18588, 18594, 18757, 45231, 18748, 18264, 18178, 18274, 38775, 38865, 18143, 18185, 18311, 32765, 18247, 32793, 32829, 32715, 32614, 32536, 31853, 31829, 32624, 17071, 18052, 18055, 18067, 18103, 22314, 22397, 31826, 31893, 37131, 37132, 39360, 44929, 45190, 45585, 17129, 22264, 39264, 39267, 39290, 39397, 39418, 45601, 22205, 22253, 22285, 17984, 22209, 22219, 22240, 37201, 44977, 29389, 22228, 22336, 42979, 21935, 39300, 17333, 22178, 17921, 17830, 17781, 17936, 17957, 17958, 37228, 34173, 3030, 3976, 20504], "label": "shelf"}, {"objectId": 21, "id": 21, "partId": 21, "index": 19, "dominantNormal": [0, -2.220446049250313e-16, 1], "obb": {"axesLengths": [0.7186324722991239, 0.3622100272280715, 0.6700643302552208], "centroid": [-1.3659474727757384, 0.6017561100447916, 0.5711049216738715], "normalizedAxes": [0.8120246529579163, 0.5836231708526611, 1.295903763970732e-16, 0, -2.220446049250313e-16, 1, 0.5836231708526611, -0.8120246529579163, -1.8030569325542617e-16]}, "segments": [11683, 11140, 5022, 4953, 4962, 5007, 11149, 11282, 11347, 11348, 11671, 11674, 11708, 11717, 11848, 12031, 35610, 35624, 35724, 35746, 35818, 11662, 35352, 4871, 8722, 8735, 34236, 34239, 34261, 35100, 35105, 35130, 35600, 35845, 9890, 20771, 35849], "label": "food"}, {"objectId": 22, "id": 22, "partId": 22, "index": 20, "dominantNormal": [0, -2.220446049250313e-16, 1], "obb": {"axesLengths": [0.5970621317248636, 0.5126919631803339, 0.560863019661421], "centroid": [0.4224552378013826, 1.079616135478156, -0.45365405000029524], "normalizedAxes": [-0.08091581612825394, 0.9967209100723267, 2.2131650069752743e-16, 0, -2.220446049250313e-16, 1, 0.9967209100723267, 0.08091581612825394, 1.7966920424384622e-17]}, "segments": [31930, 43984, 31482, 30760, 31222, 31357, 32205, 43980, 31084, 32216, 43266, 43267, 31190, 44050, 30566, 30834, 30914, 31269, 43349, 43855, 44266, 24422, 24434, 24480, 30909, 40145, 42168, 44101, 44226, 44346, 31453, 43971, 31123, 30575, 30602, 30605, 30615, 30626, 30659, 30665, 30711, 30715, 30720, 30776, 30936, 41765, 43233, 43236, 43337, 43885, 31125, 42157, 31215, 21863, 31815, 41768, 41962, 31461, 43869, 43218, 30670, 30891, 30691, 31328, 30532], "label": "dishes"}, {"objectId": 23, "id": 23, "partId": 23, "index": 21, "dominantNormal": [0.7743358612060547, 0.632774829864502, 1.4050423710376724e-16], "obb": {"axesLengths": [1.152127062500889, 0.6000000104308123, 0.5596738535752921], "centroid": [0.8099515878698281, 0.42337582639056914, -0.7900000727176661], "normalizedAxes": [-0.632774829864502, 0.7743358612060547, 1.719371003807823e-16, 0, -2.220446049250313e-16, 1, 0.7743358612060547, 0.632774829864502, 1.4050423710376724e-16]}, "segments": [9207, 6476, 6716, 6807, 7094, 7147, 7148, 7172, 8660, 8707, 11737, 11740, 11852, 11910, 33997, 33999, 36930, 9789, 7022, 5794, 5877, 9180, 9239, 9247, 9575, 9667, 9673, 9718, 9772, 12661, 12673, 12683, 12685, 12757, 12769, 34552, 34613, 35141, 35145, 35148, 5893, 33995, 5768, 4635, 5572, 5680, 5725, 6405, 6600, 8292, 9368, 9540, 9541, 9569, 12642, 33884, 34299, 34353, 34358, 34545, 35150, 34337, 6667, 1590, 1605, 6537, 34598, 8879, 7763, 6275, 6712, 8872, 11732, 11914, 34003, 34768, 6287, 7009, 7401, 7766, 7778, 12796, 12797, 21548, 21600, 22376, 31131, 35161, 35222, 23921, 29150, 30210, 29983, 29990, 41310, 11767, 29159, 29122, 29096, 29194, 35098, 35641, 40285, 14531, 35543, 14479, 14537, 40269], "label": "stove"}, {"objectId": 24, "id": 24, "partId": 24, "index": 22, "dominantNormal": [0.3586677312850952, -0.933465301990509, -2.0727093419170762e-16], "obb": {"axesLengths": [0.3217565655107016, 0.37013699777118103, 0.3174808237231581], "centroid": [-0.9274163498098068, -0.20832363980890095, -0.3695815663133226], "normalizedAxes": [0.933465301990509, 0.3586677312850952, 7.964023469255626e-17, 0, -2.220446049250313e-16, 1, 0.3586677312850952, -0.933465301990509, -2.0727093419170762e-16]}, "segments": [1942, 6364, 34520, 34807, 7287, 7268, 7395, 7422, 7445, 34494, 34532, 34537, 7462, 34842, 34884, 6159, 1859], "label": "coffee machine"}, {"objectId": 25, "id": 25, "partId": 25, "index": 23, "dominantNormal": [0.8614338636398315, 0.5078697800636292, 1.1276974466759108e-16], "obb": {"axesLengths": [0.6483767179400893, 0.41045998423263447, 0.21300778499599804], "centroid": [-1.113878324231, -0.13475708164571515, -0.17523006237529226], "normalizedAxes": [-0.5078697800636292, 0.8614338636398315, 1.9127674192094969e-16, 0, -2.220446049250313e-16, 1, 0.8614338636398315, 0.5078697800636292, 1.1276974466759108e-16]}, "segments": [7806, 7186, 7204, 6000, 7218, 38657, 1024, 38439, 7062], "label": "kitchen rack"}, {"objectId": 26, "id": 26, "partId": 26, "index": 24, "dominantNormal": [0.16376864910125732, -0.9864987730979919, -2.1904673033157172e-16], "obb": {"axesLengths": [0.19013701793844429, 0.2653249740900476, 0.13853352974329566], "centroid": [-1.0584553548710836, 0.3283421693922427, -0.3973375414161948], "normalizedAxes": [0.9864987730979919, 0.16376864910125732, 3.6363944988794766e-17, 0, -2.220446049250313e-16, 1, 0.16376864910125732, -0.9864987730979919, -2.1904673033157172e-16]}, "segments": [34675, 11427, 35695, 11419], "label": "paper towel"}, {"objectId": 27, "id": 27, "partId": 27, "index": 25, "dominantNormal": [0, -2.220446049250313e-16, 1], "obb": {"axesLengths": [0.2738526030659768, 0.13736799052280202, 0.2123904856305652], "centroid": [-1.1550043665327139, 0.19670769042482306, -0.4706820684518962], "normalizedAxes": [-0.14296704530715942, 0.9897274374961853, 2.1976363784230408e-16, 0, -2.220446049250313e-16, 1, 0.9897274374961853, 0.14296704530715942, 3.1745061092527266e-17]}, "segments": [6655, 6616], "label": "basket"}, {"objectId": 28, "id": 28, "partId": 28, "index": 26, "dominantNormal": [0, -2.220446049250313e-16, 1], "obb": {"axesLengths": [0.27204964649437513, 0.15515395652158648, 0.21172037387316425], "centroid": [-1.0551908985456593, -0.08441760086128691, -0.45242305020042517], "normalizedAxes": [0.8907777667045593, 0.4544392228126526, 1.0090577769187372e-16, 0, -2.220446049250313e-16, 1, 0.4544392228126526, -0.8907777667045593, -1.9779239728391558e-16]}, "segments": [34501, 34601, 6352, 34590], "label": "kitchen appliance"}, {"objectId": 29, "id": 29, "partId": 29, "index": 27, "dominantNormal": [0.971724808216095, -0.2361161857843399, -5.242832518888905e-17], "obb": {"axesLengths": [0.3492757077796411, 0.3227490114551257, 0.31458386495432267], "centroid": [-0.6779338288126875, -0.45265136770426473, -0.41137456905749814], "normalizedAxes": [0.2361162006855011, 0.971724808216095, 2.1576625113619462e-16, 0, -2.220446049250313e-16, 1, 0.971724808216095, -0.2361162006855011, -5.24283284976115e-17]}, "segments": [1375, 34372, 33447, 1896, 1820, 33802, 2927, 1500, 33709, 2853, 1740, 1760, 1612], "label": "squeezer"}, {"objectId": 31, "id": 31, "partId": 31, "index": 28, "dominantNormal": [0, -2.220446049250313e-16, 1], "obb": {"axesLengths": [0.37718035687926055, 0.22417801117499137, 0.3925317012206769], "centroid": [-0.3371092179631273, -1.1405845879714205, -0.4323490556549505], "normalizedAxes": [0.47064709663391113, 0.8823215365409851, 1.9591473699808961e-16, 0, -2.220446049250313e-16, 1, 0.8823215365409851, -0.47064709663391113, -1.0450464863118983e-16]}, "segments": [38040, 2403, 19853, 19801, 38042, 19838, 37702, 37984], "label": "kitchen appliance"}, {"objectId": 32, "id": 32, "partId": 32, "index": 29, "dominantNormal": [0.7364196181297302, -0.6765250563621521, -1.502187388618186e-16], "obb": {"axesLengths": [0.2989948400038319, 1.0199999879300592, 0.1558877613641893], "centroid": [0.1726801180760327, -0.9127697403716382, -0.04000007458031152], "normalizedAxes": [0.6765250563621521, 0.7364196181297302, 1.6351800316665837e-16, 0, -2.220446049250313e-16, 1, 0.7364196181297302, -0.6765250563621521, -1.502187388618186e-16]}, "segments": [15653, 10252, 10381, 4260, 10495, 35884], "label": "apron"}, {"objectId": 33, "id": 33, "partId": 33, "index": 30, "dominantNormal": [0.9623520374298096, 0.27180618047714233, 6.035309596022883e-17], "obb": {"axesLengths": [0.9308127103760544, 0.834790032324417, 0.4669456080112889], "centroid": [-0.2708608197966681, -0.7005223770065342, -0.9873950651870292], "normalizedAxes": [-0.27180618047714233, 0.9623520374298096, 2.13685077949901e-16, 0, -2.220446049250313e-16, 1, 0.9623520374298096, 0.27180618047714233, 6.035309596022883e-17]}, "segments": [16633, 32871, 16865, 7615, 14429, 670, 703, 3903, 4286, 4479, 4625, 4987, 4990, 5066, 5135, 5679, 5741, 5858, 5862, 6517, 7016, 7359, 7570, 7645, 9068, 9220, 9403, 12102, 12110, 12216, 12235, 12340, 12652, 12938, 13005, 13454, 14443, 14445, 14773, 15413, 16022, 18702, 25289, 27030, 29047, 30654, 32436, 32847, 32951, 32953, 32966, 32968, 33015, 33090, 33106, 33114, 33173, 33175, 41160, 41165, 8780, 27, 75, 137, 9039, 9050, 14901, 14910, 15405, 32892, 32922, 32975, 19680, 33296, 97, 12636, 160, 14883, 184, 16434, 17598, 33222], "label": "clutter"}, {"objectId": 35, "id": 35, "partId": 35, "index": 31, "dominantNormal": [0.5687602162361145, -0.822503387928009, -1.8263243982197453e-16], "obb": {"axesLengths": [1.0733482850635099, 2.119999897778036, 0.2124195837310876], "centroid": [0.38843448184107804, -0.8293716639753834, -0.35000005513429655], "normalizedAxes": [0.822503387928009, 0.5687602162361145, 1.2629013751122342e-16, 0, -2.220446049250313e-16, 1, 0.5687602162361145, -0.822503387928009, -1.8263243982197453e-16]}, "segments": [25320, 32768, 20263, 18716, 22502, 20272, 21238, 985, 20553, 25933, 25109, 36880], "label": "door"}, {"objectId": 36, "id": 36, "partId": 36, "index": 32, "dominantNormal": [0.9296283721923828, 0.36849847435951233, 8.18230981546347e-17], "obb": {"axesLengths": [0.37192116666419694, 0.784118992445193, 0.23650469294452794], "centroid": [-0.31558098388523426, 1.4986909915518165, -0.9979405273212386], "normalizedAxes": [-0.36849847435951233, 0.9296283721923828, 2.064189646305576e-16, 0, -2.220446049250313e-16, 1, 0.9296283721923828, 0.36849847435951233, 8.18230981546347e-17]}, "segments": [26735, 41085, 23534, 26803, 23701], "label": "clutter"}, {"objectId": 37, "id": 37, "partId": 37, "index": 33, "dominantNormal": [0.8651084303855896, 0.5015848278999329, 1.1137420494743041e-16], "obb": {"axesLengths": [0.6459134964959018, 0.6884579504625954, 0.21858556914858246], "centroid": [0.5565804168417922, 0.29907732171853396, -1.0457710483125373], "normalizedAxes": [-0.5015848278999329, 0.8651084899902344, 1.92092672877172e-16, 0, -2.220446049250313e-16, 1, 0.8651084899902344, 0.5015848278999329, 1.1137420494743041e-16]}, "segments": [19075, 19158, 19386, 19136, 18884, 42594], "label": "oven"}, {"objectId": 38, "id": 38, "partId": 38, "index": 34, "dominantNormal": [0, -2.220446049250313e-16, 1], "obb": {"axesLengths": [0.597845548080879, 0.2599999846518042, 0.388338331611986], "centroid": [1.1486834591482662, -0.182200616344734, -0.5000000577419996], "normalizedAxes": [0.8770937323570251, 0.4803192913532257, 1.0665230728639801e-16, 0, -2.220446049250313e-16, 1, 0.4803192913532257, -0.8770937323570251, -1.947539312834368e-16]}, "segments": [16578, 15926, 16094, 16331, 36007, 32315, 11402, 11520], "label": "clutter"}, {"objectId": 39, "id": 39, "partId": 39, "index": 35, "dominantNormal": [0, -2.220446049250313e-16, 1], "obb": {"axesLengths": [0.50848774095482, 0.2800000247359269, 0.3182247052456024], "centroid": [1.2647102147468783, 0.021038187105028, 0.7699999246001239], "normalizedAxes": [-0.6875277161598206, 0.7261581420898438, 1.612394977734341e-16, 0, -2.220446049250313e-16, 1, 0.7261581420898438, 0.6875277161598206, 1.5266182010971642e-16]}, "segments": [31675, 31611, 29691, 30085, 29484, 42987, 31731, 31733], "label": "package"}, {"objectId": 40, "id": 40, "partId": 40, "index": 36, "dominantNormal": [0.9963808655738831, 0.08500117063522339, 1.887405135186335e-17], "obb": {"axesLengths": [0.830549178492463, 2.045969917342738, 0.6444422463209017], "centroid": [-1.1745947293693273, 0.6589631409469682, -0.37298506595972913], "normalizedAxes": [-0.08500117063522339, 0.9963808655738831, 2.212409956512136e-16, 0, -2.220446049250313e-16, 1, 0.9963808655738831, 0.08500117063522339, 1.887405135186335e-17]}, "segments": [13359, 12424, 11571, 11585, 36417, 7879, 35011, 11554, 16002, 13392, 35833, 12526, 14514, 36626, 13745, 16694], "label": "refrigerator"}], "scan_id": "def7fbc1-48c2-2895-91d9-cb5e6f3e3589", "annId": "4428", "appId": "stk.v1"}