{"segGroups": [{"objectId": 24, "id": 24, "partId": 24, "index": 0, "dominantNormal": [0.5946623086929321, -0.8039755821228027, -1.785184405018298e-16], "obb": {"axesLengths": [0.656154026204868, 0.22844799842429167, 0.11720683325721208], "centroid": [-1.2984661992803535, -0.5387401967113563, -0.5242240386487391], "normalizedAxes": [0.8039755821228027, 0.5946623086929321, 1.3204155739752913e-16, 0, -2.220446049250313e-16, 1, 0.5946623086929321, -0.8039755821228027, -1.785184405018298e-16]}, "segments": [3122, 14980], "label": "picture"}, {"objectId": 25, "id": 25, "partId": 25, "index": 1, "dominantNormal": [0, -2.220446049250313e-16, 1], "obb": {"axesLengths": [0.21907521770891508, 0.1005039788669948, 0.19147057822678692], "centroid": [-0.8829285083236768, -0.20531617668609448, -0.6002520412380541], "normalizedAxes": [0.49977102875709534, 0.866157591342926, 1.9232562017255673e-16, 0, -2.220446049250313e-16, 1, 0.866157591342926, -0.49977102875709534, -1.109714606333457e-16]}, "segments": [4135, 4018, 4150], "label": "telephone"}, {"objectId": 26, "id": 26, "partId": 26, "index": 2, "dominantNormal": [0, -2.220446049250313e-16, 1], "obb": {"axesLengths": [0.3122044004507608, 0.17999997332692197, 0.2282872291389302], "centroid": [-1.3820395946269162, -0.4813017592800448, -0.5600000271431355], "normalizedAxes": [0.7459869384765625, 0.6659606099128723, 1.4787296052373662e-16, 0, -2.220446049250313e-16, 1, 0.6659606099128723, -0.7459869384765625, -1.6564237503326196e-16]}, "segments": [15139, 12405, 26710, 26758], "label": "item"}, {"objectId": 27, "id": 27, "partId": 27, "index": 3, "dominantNormal": [0, -2.220446049250313e-16, 1], "obb": {"axesLengths": [0.419332176691853, 0.1084379529557089, 0.3440660871354733], "centroid": [-1.299825094077036, -0.24387408486722717, -0.5978820414054686], "normalizedAxes": [-0.5913841128349304, 0.8063899874687195, 1.7905454618299276e-16, 0, -2.220446049250313e-16, 1, 0.8063899874687195, 0.5913841128349304, 1.3131365169337226e-16]}, "segments": [17877, 27906, 17909, 3500, 12395, 26166, 17896], "label": "item"}, {"objectId": 28, "id": 28, "partId": 28, "index": 4, "dominantNormal": [0.6407235264778137, -0.7677716612815857, -1.7047955520190465e-16], "obb": {"axesLengths": [0.43744944712393175, 0.2999999959021806, 0.05245851541880747], "centroid": [-1.2310596412622767, -0.5421936537390926, 0.1599999453269696], "normalizedAxes": [0.7677716612815857, 0.6407235264778137, 1.4226920230293898e-16, 0, -2.220446049250313e-16, 1, 0.6407235264778137, -0.7677716612815857, -1.7047955520190465e-16]}, "segments": [2681], "label": "picture"}, {"objectId": 29, "id": 29, "partId": 29, "index": 5, "dominantNormal": [-0.2574309706687927, -0.9662966728210449, -2.1456096295692116e-16], "obb": {"axesLengths": [0.22300467456811554, 0.2307169683862409, 0.15705042390272017], "centroid": [-2.136263395515274, 1.2019044821621534, -0.534641529613476], "normalizedAxes": [0.9662966728210449, -0.2574310004711151, -5.71611647950643e-17, 0, -2.220446049250313e-16, 1, -0.2574310004711151, -0.9662966728210449, -2.1456096295692116e-16]}, "segments": [8418, 8412, 25537, 25613], "label": "vase"}, {"objectId": 32, "id": 32, "partId": 32, "index": 7, "dominantNormal": [0.5296945571899414, -0.8481884598731995, -1.8833567147451535e-16], "obb": {"axesLengths": [0.9059165639461786, 2.035160972882188, 0.24362436475697516], "centroid": [-1.4967139540272654, 1.8948422736162105, -0.4211495350274552], "normalizedAxes": [0.8481884598731995, 0.5296945571899414, 1.1761581868217994e-16, 0, -2.220446049250313e-16, 1, 0.5296945571899414, -0.8481884598731995, -1.8833567147451535e-16]}, "segments": [9883, 9051, 11189, 17990, 11340, 15463], "label": "doorframe"}, {"objectId": 33, "id": 33, "partId": 33, "index": 8, "dominantNormal": [0.932807981967926, 0.36037376523017883, 8.001905032588104e-17], "obb": {"axesLengths": [0.13925849821891997, 0.08862304489412054, 0.07038341527276731], "centroid": [-0.8059413015112206, 1.1136097848919744, 1.025688453911576], "normalizedAxes": [-0.36037376523017883, 0.932807981967926, 2.0712497982698386e-16, 0, -2.220446049250313e-16, 1, 0.932807981967926, 0.36037376523017883, 8.001905032588104e-17]}, "segments": [852, 905], "label": "light"}, {"objectId": 1, "id": 1, "partId": 1, "index": 9, "dominantNormal": [0, -2.220446049250313e-16, 1], "obb": {"axesLengths": [2.8304634782759988, 0.2110300016918032, 2.3110561855672813], "centroid": [-1.1877439715936091, 0.8853917882261101, -1.3755150055627896], "normalizedAxes": [0.8792296648025513, 0.47639816999435425, 1.0578164344340429e-16, 0, -2.220446049250313e-16, 1, 0.47639816999435425, -0.8792296648025513, -1.952282035594502e-16]}, "segments": [6790, 7543, 20155, 6180, 5316, 6663, 12019, 21624], "label": "floor"}, {"objectId": 2, "id": 2, "partId": 2, "index": 10, "dominantNormal": [0.5413808822631836, -0.8407774567604065, -1.8669009821623705e-16], "obb": {"axesLengths": [2.663245200234468, 2.5264199407453836, 0.3628302014467046], "centroid": [-1.6934788669743885, 1.799712704000867, -0.18679009707808314], "normalizedAxes": [0.8407774567604065, 0.5413808822631836, 1.202107041160935e-16, 0, -2.220446049250313e-16, 1, 0.5413808822631836, -0.8407774567604065, -1.8669009821623705e-16]}, "segments": [10367, 7142, 25516, 208, 25480, 783, 597, 665, 2546, 5881, 15484, 25190, 25191, 25725, 25865, 5947, 538, 850, 14728, 16182, 26689, 14802], "label": "wall"}, {"objectId": 3, "id": 3, "partId": 3, "index": 11, "dominantNormal": [0.8182292580604553, 0.5748920440673828, 1.276516767994857e-16], "obb": {"axesLengths": [2.155028140721716, 2.5212900075028073, 0.1775430843483024], "centroid": [-2.131629842330675, 0.12821704771750586, -0.18178503556352088], "normalizedAxes": [-0.5748920440673828, 0.8182292580604553, 1.816833923441353e-16, 0, -2.220446049250313e-16, 1, 0.8182292580604553, 0.5748920440673828, 1.276516767994857e-16]}, "segments": [1435, 1941, 980, 28609, 7471, 20353, 1011, 1046, 1060, 1083, 1102, 1105, 1133, 1150, 1240, 1392, 1583, 1640, 1729, 1743, 1747, 1825, 2142, 2155, 2156, 6937, 25141, 25194, 25217, 25220, 25229, 25234, 28587, 28613, 25221, 1612, 982, 440, 5833, 5578, 1807, 6030], "label": "wall"}, {"objectId": 4, "id": 4, "partId": 4, "index": 12, "dominantNormal": [0.5773459672927856, -0.8164995908737183, -1.8129932907700447e-16], "obb": {"axesLengths": [1.325595726256797, 2.303749927049503, 0.22423497027530512], "centroid": [-0.9943836951022202, -0.396272577991474, -0.2418750098158795], "normalizedAxes": [0.8164995908737183, 0.5773460268974304, 1.2819657044747644e-16, 0, -2.220446049250313e-16, 1, 0.5773460268974304, -0.8164995908737183, -1.8129932907700447e-16]}, "segments": [11569, 3164, 3758, 14223, 14224, 22678, 26602, 11756, 2936, 30298], "label": "wall"}, {"objectId": 5, "id": 5, "partId": 5, "index": 13, "dominantNormal": [0.84340500831604, 0.5372782945632935, 1.192997466511011e-16], "obb": {"axesLengths": [2.01090276659033, 2.4597999499782914, 0.43496682155039307], "centroid": [0.007100566051872814, 1.6193387355248154, -0.14940004464156909], "normalizedAxes": [-0.5372782945632935, 0.84340500831604, 1.8727353186332786e-16, 0, -2.220446049250313e-16, 1, 0.84340500831604, 0.5372782945632935, 1.192997466511011e-16]}, "segments": [17053, 27511, 30524, 30539, 2623, 4971, 11593, 11708, 11719, 11881, 13303, 13311, 13414, 13497, 13498, 13625, 13728, 13814, 14287, 14293, 14310, 14363, 15272, 15955, 16080, 16085, 16200, 16271, 16290, 16306, 16384, 16408, 16492, 17042, 17291, 17456, 17486, 20461, 20487, 20506, 20517, 20538, 20547, 21101, 21207, 21349, 21353, 21792, 21798, 21809, 21825, 22008, 22504, 23253, 23320, 24399, 24949, 24970, 25052, 25063, 25095, 25309, 25311, 25332, 26122, 26488, 26502, 26508, 26533, 26688, 26825, 27617, 27716, 28001, 28021, 28829, 28833, 29504, 29507, 29521, 29525, 29580, 29870, 30034, 30119, 30440, 30458, 30978, 30980, 30485, 26137, 23867, 29513, 22577], "label": "wall"}, {"objectId": 6, "id": 6, "partId": 6, "index": 14, "dominantNormal": [0.9298225045204163, 0.36800825595855713, 8.171424780346762e-17], "obb": {"axesLengths": [0.8705323670408321, 1.6199999685585498, 0.38695736460453106], "centroid": [0.03300285163022232, 2.1796352355332207, -0.20000003578580916], "normalizedAxes": [-0.36800825595855713, 0.9298225045204163, 2.0646207066663897e-16, 0, -2.220446049250313e-16, 1, 0.9298225045204163, 0.36800825595855713, 8.171424780346762e-17]}, "segments": [19295, 18851, 11586, 16654, 14783, 15320, 15339, 2980, 14642, 2810, 9251, 9540, 9550, 11201, 11309, 11337, 11352, 13626, 14373, 14402, 14441, 14444, 14545, 14602, 14641, 14651, 14654, 14700, 14771, 14809, 14813, 14881, 16663, 16783, 18111, 18169, 18235, 18664, 19337, 19386, 19479, 19480, 19492, 19493, 19822, 24611, 25730, 25734, 25738, 26222, 26224, 26227, 26309, 26330, 26333, 26337, 26338, 26341, 26386, 26391, 26398, 27360, 27409, 27483, 27486, 28118, 28145, 28202, 28715, 18772, 27977, 18178, 12212, 28211, 3346, 25713, 28273], "label": "door"}, {"objectId": 7, "id": 7, "partId": 7, "index": 15, "dominantNormal": [0.5288686752319336, -0.8487036824226379, -1.8845007386195388e-16], "obb": {"axesLengths": [0.8924430260664455, 2.039999916255475, 0.09627263123881248], "centroid": [-1.5596860796038394, 1.9829963869774312, -0.41000000963427174], "normalizedAxes": [0.8487036824226379, 0.5288686752319336, 1.1743243604909939e-16, 0, -2.220446049250313e-16, 1, 0.5288686752319336, -0.8487036824226379, -1.8845007386195388e-16]}, "segments": [13091, 10014, 28733, 14473, 10266, 13008, 28717, 10172, 20264, 7101, 9847, 28747], "label": "door"}, {"objectId": 8, "id": 8, "partId": 8, "index": 16, "dominantNormal": [0.8202678561210632, 0.5719795823097229, 1.2700498037914685e-16], "obb": {"axesLengths": [0.7509535899041986, 2.0493199367228154, 0.2344902508667721], "centroid": [-2.31551286730431, 0.18638653177632192, -0.41466001986794176], "normalizedAxes": [-0.5719795823097229, 0.8202678561210632, 1.821360520451039e-16, 0, -2.220446049250313e-16, 1, 0.8202678561210632, 0.5719795823097229, 1.2700498037914685e-16]}, "segments": [2311, 11426, 5793, 4227, 3380, 4866, 2254, 17726, 7283], "label": "door"}, {"objectId": 9, "id": 9, "partId": 9, "index": 17, "dominantNormal": [0.3932768702507019, -0.9194201231002808, -2.041522779939255e-16], "obb": {"axesLengths": [1.0448764398263242, 0.8249700481078759, 0.5297849117069865], "centroid": [-1.3339394648431773, -0.17426882404251032, -0.9824850563379739], "normalizedAxes": [0.9194201231002808, 0.3932768404483795, 8.7325000663525e-17, 0, -2.220446049250313e-16, 1, 0.3932768404483795, -0.9194201231002808, -2.041522779939255e-16]}, "segments": [4497, 17764, 12921, 5512, 25341, 5528, 14146, 30264, 5527, 12085, 14658, 14959, 15537, 20392, 28825, 30127, 30273, 3515, 26244, 4138, 4161, 4181, 17773, 4043], "label": "commode"}, {"objectId": 10, "id": 10, "partId": 10, "index": 18, "dominantNormal": [0, -2.220446049250313e-16, 1], "obb": {"axesLengths": [2.7737839519560086, 0.08687996670127013, 1.7449629159515962], "centroid": [-1.2534513523643827, 1.096784364887921, 1.0665599539669604], "normalizedAxes": [0.8882890343666077, 0.45928484201431274, 1.0198172129312349e-16, 0, -2.220446049250313e-16, 1, 0.45928484201431274, -0.8882890343666077, -1.9723978769517096e-16]}, "segments": [2295, 12131, 4335, 26025, 10292, 17787, 19744, 6600, 10752, 3941, 883, 889, 906, 908, 912, 916, 1016, 2027, 2090, 19915, 25184, 25201, 25203, 25206, 25209, 26050, 26673, 26674], "label": "ceiling"}, {"objectId": 11, "id": 11, "partId": 11, "index": 19, "dominantNormal": [0.6129172444343567, -0.790147066116333, -1.7544789312847375e-16], "obb": {"axesLengths": [0.6395514438643002, 0.8629399941204485, 0.4532726732964552], "centroid": [-2.1484098519861616, 1.1698374215081304, -1.0014700293442602], "normalizedAxes": [0.790147066116333, 0.6129172444343567, 1.3609496739216558e-16, 0, -2.220446049250313e-16, 1, 0.6129172444343567, -0.790147066116333, -1.7544789312847375e-16]}, "segments": [6379, 6318, 25650, 7692, 7496, 6392, 7545, 8474, 8485, 8533, 8543, 8589, 9521, 25364, 25541, 25599, 25707, 7708, 6468, 6960], "label": "commode"}, {"objectId": 12, "id": 12, "partId": 12, "index": 20, "dominantNormal": [0, -2.220446049250313e-16, 1], "obb": {"axesLengths": [1.3138598202112433, 0.7961410106090975, 0.828828788113639], "centroid": [-0.48116987385756704, 1.708608926501249, -1.0152395662469516], "normalizedAxes": [-0.6075170636177063, 0.7943066358566284, 1.7637150314811576e-16, 0, -2.220446049250313e-16, 1, 0.7943066358566284, 0.6075170636177063, 1.348958863762087e-16]}, "segments": [22286, 23674, 24730, 12450, 31929, 15978, 3666, 3591, 3609, 3614, 3836, 3921, 3926, 12491, 12571, 12572, 12619, 17741, 18133, 18286, 18368, 18429, 22272, 22449, 25262, 26176, 26400, 29941, 29945, 29954, 29963, 29989, 29994, 30008, 31046, 26834, 18308, 3946, 3972, 3990, 5059, 5081, 25264, 25268, 25270, 26431, 26434, 12662, 16547, 15472, 23783, 24880, 23767, 22294, 30961, 23857, 23642, 23578, 8897], "label": "table"}, {"objectId": 13, "id": 13, "partId": 13, "index": 21, "dominantNormal": [0, -2.220446049250313e-16, 1], "obb": {"axesLengths": [0.5381142220649409, 0.28000002473592706, 0.4109151340038942], "centroid": [-1.558712879952414, -0.3979374898281347, -0.590000042565837], "normalizedAxes": [-0.5324758291244507, 0.8464452028274536, 1.8794859065250993e-16, 0, -2.220446049250313e-16, 1, 0.8464452028274536, 0.5324758291244507, 1.1823338511006713e-16]}, "segments": [28690, 17841, 20070, 20004, 20619, 20585, 20331], "label": "papers"}, {"objectId": 14, "id": 14, "partId": 14, "index": 22, "dominantNormal": [0.8457686901092529, 0.5335497856140137, 1.1847185135449882e-16], "obb": {"axesLengths": [0.4639208962996137, 0.35099094321598967, 0.10332864006960714], "centroid": [-0.5296010092677973, 1.2427569718539906, -0.9849445227403675], "normalizedAxes": [-0.5335497856140137, 0.8457686901092529, 1.877983746532703e-16, 0, -2.220446049250313e-16, 1, 0.8457686901092529, 0.5335497856140137, 1.1847185135449882e-16]}, "segments": [23613, 16114, 16501, 23564], "label": "box"}, {"objectId": 15, "id": 15, "partId": 15, "index": 23, "dominantNormal": [0.7252029776573181, 0.6885351538658142, 1.5288551621713036e-16], "obb": {"axesLengths": [0.4584597206626535, 0.41320001155435976, 0.29223078385761425], "centroid": [-0.6975179620501702, 1.8690651600436285, -1.1966000453627843], "normalizedAxes": [-0.6885351538658142, 0.7252029776573181, 1.610274086643755e-16, 0, -2.220446049250313e-16, 1, 0.7252029776573181, 0.6885351538658142, 1.5288551621713036e-16]}, "segments": [16934, 26143, 9145, 16562, 11983, 18764, 18807], "label": "backpack"}, {"objectId": 16, "id": 16, "partId": 16, "index": 24, "dominantNormal": [0, -2.220446049250313e-16, 1], "obb": {"axesLengths": [0.5492042159062424, 0.2559649589069568, 0.4007382684824238], "centroid": [-0.5274854458119098, 1.5934522553408794, -0.5832695309317221], "normalizedAxes": [0.5482366681098938, 0.8363232016563416, 1.8570105490141965e-16, 0, -2.220446049250313e-16, 1, 0.8363232016563416, -0.5482366681098938, -1.2173299437587688e-16]}, "segments": [15633, 17897, 26922, 26942, 15864, 17830, 15745, 27222, 15897, 16400, 27089, 18152], "label": "basket"}, {"objectId": 17, "id": 17, "partId": 17, "index": 25, "dominantNormal": [0.5668933391571045, -0.8237912058830261, -1.8291839285101166e-16], "obb": {"axesLengths": [0.6474092277533616, 2.1368199109251806, 0.3292215039326839], "centroid": [0.19462430393447416, 0.27289263275539033, -0.31841002440348265], "normalizedAxes": [0.8237912058830261, 0.5668932795524597, 1.2587559429288125e-16, 0, -2.220446049250313e-16, 1, 0.5668932795524597, -0.8237912058830261, -1.8291839285101166e-16]}, "segments": [3057, 3142, 24008, 21649, 2968, 2613, 2556], "label": "wall"}, {"objectId": 19, "id": 19, "partId": 19, "index": 26, "dominantNormal": [0, -2.220446049250313e-16, 1], "obb": {"axesLengths": [0.7323058646142491, 0.35841797981222, 0.49802315354851034], "centroid": [-0.2427720394751628, 2.1011619050228614, -0.7953350291929018], "normalizedAxes": [-0.3295021653175354, 0.9441547989845276, 2.0964447932859178e-16, 0, -2.220446049250313e-16, 1, 0.9441547989845276, 0.3295021653175354, 7.31641781198745e-17]}, "segments": [3026, 11501, 5008, 22425, 11717, 18441], "label": "item"}, {"objectId": 20, "id": 20, "partId": 20, "index": 27, "dominantNormal": [0.7283025979995728, 0.6852556467056274, 1.5215731934539788e-16], "obb": {"axesLengths": [0.7911353813519578, 1.5999999880790705, 0.3271399354348126], "centroid": [-0.1337706629897394, 2.1590455141120675, -0.11000006402350904], "normalizedAxes": [-0.6852556467056274, 0.7283025979995728, 1.6171566263868903e-16, 0, -2.220446049250313e-16, 1, 0.7283025979995728, 0.6852556467056274, 1.5215731934539788e-16]}, "segments": [27955, 18032, 30453, 18018, 30430, 2562, 4523], "label": "doorframe"}, {"objectId": 21, "id": 21, "partId": 21, "index": 28, "dominantNormal": [0, -2.220446049250313e-16, 1], "obb": {"axesLengths": [0.28362768234068786, 0.20730399622088683, 0.26756097430210013], "centroid": [-0.6791389001068319, 1.7487337641436729, -0.6263480568233569], "normalizedAxes": [0.9755541682243347, 0.21975915133953094, 4.8796333937846313e-17, 0, -2.220446049250313e-16, 1, 0.21975915133953094, -0.9755541682243347, -2.1661653986633993e-16]}, "segments": [27257, 12377, 16361, 12265, 12271, 12292, 12327, 16382, 16403, 18554, 27058, 27166, 27169, 27252, 27278, 27282], "label": "basket"}, {"objectId": 22, "id": 22, "partId": 22, "index": 29, "dominantNormal": [0, -2.220446049250313e-16, 1], "obb": {"axesLengths": [0.2573437554766159, 0.14951699637956173, 0.19003287334641386], "centroid": [-0.42805852069919637, 1.223987645711282, -0.6428105315168087], "normalizedAxes": [-0.5788743495941162, 0.8154167532920837, 1.8105889083399246e-16, 0, -2.220446049250313e-16, 1, 0.8154167532920837, 0.5788743495941162, 1.2853592625686e-16]}, "segments": [23153, 24687, 24672, 18009], "label": "item"}, {"objectId": 23, "id": 23, "partId": 23, "index": 30, "dominantNormal": [0.8738386631011963, 0.4862159788608551, 1.0796163493439595e-16], "obb": {"axesLengths": [0.8421691521822934, 1.3840221173907337, 0.5935363265454514], "centroid": [0.3331057178036694, 1.0277808475639685, -0.7095489110756168], "normalizedAxes": [-0.4862159788608551, 0.8738386631011963, 1.9403116071652266e-16, 0, -2.220446049250313e-16, 1, 0.8738386631011963, 0.4862159788608551, 1.0796163493439595e-16]}, "segments": [13845, 27852, 13748, 13787, 13870, 17336, 17361, 17375, 17392, 17413, 17418, 17423, 17429, 17570, 21296, 21316, 21405, 22034, 22087, 27627, 27631, 27632, 27696, 27701, 27710, 27712, 27731, 29194, 29727, 29729, 29731, 29811, 29827, 29873, 29739, 29789, 19010, 18963, 13990, 16515, 21552, 13813, 13828, 13860, 13913, 14014, 14031, 17566, 21510, 23939, 26561, 29198, 24073, 30588, 20855, 20744, 20798, 20816, 20827, 20879, 22838, 22862, 28989, 29012, 30586, 30623, 30913, 20792, 22941, 17441, 18281, 18419, 18433, 18444, 18445, 18451, 18463, 20756, 20807, 20898, 20934, 20939, 20949, 20973, 20993, 21006, 21069, 21306, 21410, 23037, 23044, 23058, 23064, 23086, 23992, 27703, 27704, 28023, 29018, 29020, 29038, 29189, 30371, 30672, 30925, 30928, 30937, 30939, 30941, 28291, 28318, 19602, 31728, 19571, 19583, 19593, 19605, 19607, 19616, 19621, 19623, 19628, 19629, 19671, 19674, 19754, 19756, 19765, 19810, 20977, 21033, 21142, 21143, 21188, 21199, 21706, 23107, 24055, 24065, 24092, 24102, 24111, 24113, 24125, 24180, 24184, 24232, 24286, 24412, 24483, 28035, 28278, 28279, 28282, 28330, 28337, 28341, 28343, 28921, 28972, 30654, 30683, 30766, 30947, 31185, 31192, 31195, 31201, 31204, 31207, 31209, 31222, 31256, 31277, 31313, 31330, 31474, 31749, 31836, 31846, 31820, 18940, 15369, 15378, 15405, 18895, 18918, 18947, 18972, 18981, 19013, 19041, 19111, 19117, 19908, 23899, 23934, 23953, 24193, 24309, 24440, 24594, 28115, 31267, 31269, 31272, 31275, 31507, 31875, 31877, 31880, 31883, 31892, 31894, 31697, 24523, 19006, 31069, 23444, 19099, 19130, 23974, 24487, 21445, 29695, 13599, 29678, 17305, 17311, 13403, 20637, 13398, 26493, 17206, 21866, 13385, 21791, 21846, 21867, 31579, 24421, 23185, 13234, 16233, 17169, 17261, 21855, 24999, 31563], "label": "clothes dryer"}, {"objectId": 36, "id": 36, "initialPoint": [-2.492672143311297, 0.29714924179100943, 0.5891341137909762], "index": 31, "dominantNormal": [0.8241505026817322, 0.5663709044456482, 1.257596037186666e-16], "obb": {"axesLengths": [0.7842449372466528, 2.112516892421612, 0.20974308369541433], "centroid": [-2.2998254641261733, 0.19985334992378756, -0.373741521551203], "normalizedAxes": [-0.5663709044456482, 0.8241505026817322, 1.8299817276673118e-16, 0, -2.220446049250313e-16, 1, 0.8241505026817322, 0.5663709044456482, 1.257596037186666e-16]}, "segments": [2164, 1986, 2109, 5685, 5778, 2221, 2228, 9612, 9777], "partId": 36, "label": "doorframe"}], "scan_id": "bf9a3db6-45a5-2e80-825a-e599db74ba26", "annId": "3627", "appId": "stk.v1"}