{"segGroups": [{"objectId": 20, "id": 20, "partId": 20, "index": 0, "dominantNormal": [-0.4343630075454712, -0.9007378816604614, -2.0000398707430676e-16], "obb": {"axesLengths": [4.174052880668861, 2.079999996423721, 0.2499685128945613], "centroid": [-0.4407533482003312, -1.1185445159862297, -0.29000007644295644], "normalizedAxes": [0.9007378816604614, -0.4343630075454712, -9.644796240448254e-17, 0, -2.220446049250313e-16, 1, -0.4343630075454712, -0.9007378816604614, -2.0000398707430676e-16]}, "segments": [56637, 22690, 80598, 73707, 38605, 58460, 23532, 8032, 17355, 23388, 27492, 28636, 29114, 42449, 47459, 56565, 56589, 56642, 58392, 58456, 72335, 79596, 79600, 80482, 80707, 80402, 5369, 5413, 3610, 3421, 287, 3061, 5112, 527, 418, 68041], "label": "wall"}, {"objectId": 21, "id": 21, "partId": 21, "index": 1, "dominantNormal": [-0.4597751498222351, -0.8880353569984436, -1.9718346000417855e-16], "obb": {"axesLengths": [2.190883976724997, 1.0593120218967191, 0.44858411273270693], "centroid": [-0.9221496876284552, -0.6730229498425084, -0.8003440637064574], "normalizedAxes": [0.8880353569984436, -0.4597751498222351, -1.0209059149662527e-16, 0, -2.220446049250313e-16, 1, -0.4597751498222351, -0.8880353569984436, -1.9718346000417855e-16]}, "segments": [7267, 6190, 41820, 2058, 55414, 54996, 612, 613, 2192, 2286, 2304, 2415, 2475, 2496, 2535, 3674, 3804, 5733, 5769, 5879, 19893, 20863, 20887, 33695, 33706, 33738, 37391, 37463, 43304, 47847, 47862, 47867, 47885, 47924, 48027, 48092, 48105, 48125, 48126, 48964, 49149, 49151, 49159, 49188, 49195, 49252, 49254, 49262, 49267, 49309, 54948, 54951, 54970, 54987, 55285, 55290, 55319, 55324, 55408, 55441, 73089, 73101, 73740, 76630, 76635, 76795, 76816, 76817, 76818, 76826, 76831, 78735, 78738, 78824, 78896, 55294, 1619, 55020, 78743, 68865, 6051, 2776, 2784, 2829, 68195, 2833, 2867, 4969, 68562, 2934, 2657, 3067, 5146, 5239, 849, 681, 875, 1305, 1589, 3074, 1208, 1150, 833, 1219, 1226, 1253, 1263, 1318, 1336, 1342, 1503, 1529, 68073, 68092, 68095, 68099, 1104], "label": "cabinet"}, {"objectId": 22, "id": 22, "partId": 22, "index": 2, "dominantNormal": [-0.3679967522621155, -0.929827094078064, -2.0646308975315363e-16], "obb": {"axesLengths": [1.2994089988155137, 0.9710945605241973, 0.35389662070741484], "centroid": [0.6887927907841987, 3.754483115645804, 0.5119196173864671], "normalizedAxes": [0.929827094078064, -0.3679967522621155, -8.171169346973605e-17, 0, -2.220446049250313e-16, 1, -0.3679967522621155, -0.929827094078064, -2.0646308975315363e-16]}, "segments": [58122, 82069, 32902, 32918, 32921, 58092, 62750, 63265, 63267, 72255, 82039, 82041, 82043, 82051, 82941, 28189, 31240, 31310, 45010, 72821, 82081, 44996, 32368, 32343, 44229, 44256, 44969, 72819, 72846, 76144, 76147, 76151, 76154, 82091, 82951, 31286, 31261, 31317, 31342, 32908, 63295, 63302, 72568, 83019, 83616, 25042, 25036, 25123, 25128, 25129, 25171, 25254, 25290, 35013, 35052, 35079, 72031, 72644, 72660, 73343, 25289, 25175, 25199, 25209, 25317, 26544, 31381, 73329, 82872, 63206, 63235, 25304, 25085, 25153, 25423, 25427, 25432, 26141, 26183, 26216, 26252, 26271, 26326, 26327, 26375, 26474, 26540, 26923, 26959, 26982, 27019, 27043, 32878, 35024, 35078, 63542, 63659, 63783, 72111, 72114, 72134, 72232, 72234, 82867, 82886, 82988, 83640, 83750, 62618, 83736, 25410, 26463, 27058, 24999, 55100, 63540, 44909, 44954, 63223, 63573, 73322, 76131], "label": "shelf"}, {"objectId": 23, "id": 23, "partId": 23, "index": 3, "dominantNormal": [0.9073925018310547, -0.42028430104255676, -9.332186158118744e-17], "obb": {"axesLengths": [0.8457546114541812, 1.8540139975991687, 0.14390054268994554], "centroid": [-0.30474382337226147, 3.905132646172645, -0.40781306495190406], "normalizedAxes": [0.4202842712402344, 0.9073925018310547, 2.0148160958101229e-16, 0, -2.220446049250313e-16, 1, 0.9073925018310547, -0.4202842712402344, -9.332185496374254e-17]}, "segments": [38123, 48757, 32590, 35233, 33472, 33580, 48458, 33607, 33599, 33480, 33570, 80877], "label": "wall"}, {"objectId": 25, "id": 25, "partId": 25, "index": 4, "dominantNormal": [0.7771375179290771, 0.6293308138847351, 1.3973951193618441e-16], "obb": {"axesLengths": [0.4768524468571447, 0.5821339953958837, 0.21450395520690096], "centroid": [1.1957398930827545, 0.18272890235446393, -0.5969420556662529], "normalizedAxes": [-0.6293308138847351, 0.7771375179290771, 1.7255919314098137e-16, 0, -2.220446049250313e-16, 1, 0.7771375179290771, 0.6293308138847351, 1.3973951193618441e-16]}, "segments": [78002, 52824, 53024, 78040, 77982, 77989, 78075, 78304, 53208, 53596, 53597, 78065, 78069, 78071, 78268, 78307, 53210], "label": "plant"}, {"objectId": 27, "id": 27, "partId": 27, "index": 5, "dominantNormal": [0.6343488693237305, -0.7730469107627869, -1.7165089588883894e-16], "obb": {"axesLengths": [0.6596643424160901, 0.4077719954899252, 0.38325343807398193], "centroid": [2.7282038204157963, -1.937300691775378, -0.7338860187556004], "normalizedAxes": [0.7730469107627869, 0.6343488693237305, 1.4085374407362804e-16, 0, -2.220446049250313e-16, 1, 0.6343488693237305, -0.7730469107627869, -1.7165089588883894e-16]}, "segments": [73822, 24839, 62661, 73880], "label": "pillow"}, {"objectId": 28, "id": 28, "partId": 28, "index": 6, "dominantNormal": [0, -2.220446049250313e-16, 1], "obb": {"axesLengths": [0.5301800607462379, 0.1916199879731241, 0.3352129717887347], "centroid": [2.072797686366552, -1.782453614167634, -1.2448399999400983], "normalizedAxes": [0.2820512354373932, 0.9593993425369263, 2.1302944797894658e-16, 0, -2.220446049250313e-16, 1, 0.9593993425369263, -0.2820512354373932, -6.262795514131296e-17]}, "segments": [62333, 81839, 81925, 62110, 81861, 81813, 81891, 29806, 61551, 61554, 61607, 61616, 62301, 81469, 81470, 81500, 81510, 81512, 81845, 81894, 62207], "label": "basket"}, {"objectId": 29, "id": 29, "partId": 29, "index": 7, "dominantNormal": [0, -2.220446049250313e-16, 1], "obb": {"axesLengths": [0.4216323255778149, 0.20448594828353928, 0.24110425034417696], "centroid": [2.1494771148209306, -2.016008151265531, -1.0677570182586393], "normalizedAxes": [-0.0679238960146904, 0.9976904988288879, 2.2153179264991783e-16, 0, -2.220446049250313e-16, 1, 0.9976904988288879, 0.0679238960146904, 1.5082134655550838e-17]}, "segments": [61217, 61321, 61330, 62024, 62034, 81783, 61301, 81789], "label": "item"}, {"objectId": 30, "id": 30, "partId": 30, "index": 8, "dominantNormal": [0.8728191256523132, -0.48804378509521484, -1.0836748944758386e-16], "obb": {"axesLengths": [1.5146656888667218, 0.5782383867746946, 0.4322631736383888], "centroid": [3.403611899644449, -1.6651751831615589, 0.3129167309869052], "normalizedAxes": [0.48804378509521484, 0.8728191256523132, 1.9380477792647915e-16, 0, -2.220446049250313e-16, 1, 0.8728191256523132, -0.48804378509521484, -1.0836748944758386e-16]}, "segments": [46432, 76391, 50555, 76388, 76531, 76548, 76569, 52238, 52237, 46918, 48135, 50513, 52046, 50828, 50909, 76463, 76371, 47009, 47027, 75796, 47112, 46906, 27886, 41571, 41586, 46788, 46803, 51132, 73724, 75509, 75674, 75688, 75697, 25961, 75946, 47759, 48084, 47596, 47476, 75818, 47665, 71925, 24263, 71976, 72028, 75964, 14056, 47318, 47353, 47363, 47406, 47408, 47432, 47481, 47551, 47557, 47611, 47890, 47900, 47901, 47957, 47994, 50734, 51218, 71934, 75802, 75808, 75815, 75823, 75838, 75842, 75845, 76405, 41466, 51633, 76425], "label": "shelf"}, {"objectId": 31, "id": 31, "partId": 31, "index": 9, "dominantNormal": [-0.4783274829387665, -0.878181517124176, -1.9499546802230228e-16], "obb": {"axesLengths": [0.7907607109518353, 0.6862279731133285, 0.30648443261542874], "centroid": [4.844894069163917, 1.789408665132048, 0.3931139247168449], "normalizedAxes": [0.878181517124176, -0.4783274829387665, -1.0621003697392306e-16, 0, -2.220446049250313e-16, 1, -0.4783274829387665, -0.878181517124176, -1.9499546802230228e-16]}, "segments": [7064, 69420, 78807, 69433, 4928, 7104, 54454, 4660, 4627, 54672, 54699, 78588, 25581, 25575, 4915, 25594, 6469, 6607, 54648, 4786, 54028], "label": "cabinet"}, {"objectId": 32, "id": 32, "partId": 32, "index": 10, "dominantNormal": [0.8462666273117065, -0.5327596068382263, -1.1829639642040897e-16], "obb": {"axesLengths": [0.21144929727286763, 0.5069289988220704, 0.18438938102894464], "centroid": [2.8058639646063788, 2.802047175359277, 0.40346444055144826], "normalizedAxes": [0.5327596068382263, 0.8462666273117065, 1.879089389226666e-16, 0, -2.220446049250313e-16, 1, 0.8462666273117065, -0.5327596068382263, -1.1829639642040897e-16]}, "segments": [18750, 71184, 19286, 18905, 19376], "label": "vase"}, {"objectId": 33, "id": 33, "partId": 33, "index": 11, "dominantNormal": [0.9094552993774414, -0.4158017635345459, -9.232653831115953e-17], "obb": {"axesLengths": [0.21281177742031254, 0.5112420206239365, 0.1992090019731968], "centroid": [2.5601352557559034, 2.9061378690128254, 0.3899299396590139], "normalizedAxes": [0.4158017635345459, 0.9094552993774414, 2.0193964264724005e-16, 0, -2.220446049250313e-16, 1, 0.9094552993774414, -0.4158017635345459, -9.232653831115953e-17]}, "segments": [18688, 71862, 71134, 71727, 18762, 19769], "label": "vase"}, {"objectId": 34, "id": 34, "partId": 34, "index": 12, "dominantNormal": [0, -2.220446049250313e-16, 1], "obb": {"axesLengths": [0.21760345465040093, 0.1552810038190855, 0.17336366621435612], "centroid": [2.623923344289169, 2.7144442083142226, 0.2265134384517331], "normalizedAxes": [0.7400392293930054, 0.6725637316703796, 1.4933914808565421e-16, 0, -2.220446049250313e-16, 1, 0.6725637316703796, -0.7400392293930054, -1.643217183195945e-16]}, "segments": [19292, 19369, 19467, 71226], "label": "item"}, {"objectId": 53, "id": 53, "partId": 53, "index": 13, "dominantNormal": [0.9244797229766846, -0.3812311589717865, -8.465032207900214e-17], "obb": {"axesLengths": [0.449278530301043, 0.3800000165402882, 0.3465092048824011], "centroid": [0.7928067593138893, 3.4588425521437127, -0.5400000559538604], "normalizedAxes": [0.3812311589717865, 0.9244797229766846, 2.0527573484956031e-16, 0, -2.220446049250313e-16, 1, 0.9244797229766846, -0.3812311589717865, -8.465032207900214e-17]}, "segments": [51198, 50695, 56050, 50782, 77177, 77346, 77327], "label": "laptop"}, {"objectId": 36, "id": 36, "partId": 36, "index": 14, "dominantNormal": [0.931780219078064, -0.36302289366722107, -8.060727500307975e-17], "obb": {"axesLengths": [0.36033971647124646, 0.4200000073015686, 0.3138209092045583], "centroid": [-0.6685372064741135, 1.2941812225958875, -0.40000005848705755], "normalizedAxes": [0.36302289366722107, 0.931780219078064, 2.0689677062214783e-16, 0, -2.220446049250313e-16, 1, 0.931780219078064, -0.36302289366722107, -8.060727500307975e-17]}, "segments": [42566, 42580, 75328, 75415, 39642, 39700, 34269, 73992, 74418, 42595, 38941, 75313, 38947, 38970, 73978, 81951, 39601, 38943, 73988, 38951, 62397, 62381, 81957, 38632, 38940], "label": "plant"}, {"objectId": 39, "id": 39, "partId": 39, "index": 16, "dominantNormal": [-0.1571221798658371, -0.9875791668891907, -2.192866259441019e-16], "obb": {"axesLengths": [0.3522578144347664, 0.3779999827295544, 0.1898083498495086], "centroid": [-0.17442069959477058, -1.235848504847764, -0.304271052309774], "normalizedAxes": [0.9875791668891907, -0.1571221798658371, -3.488813235326951e-17, 0, -2.220446049250313e-16, 1, -0.1571221798658371, -0.9875791668891907, -2.192866259441019e-16]}, "segments": [7016, 7125, 6888, 7088, 7159, 76551, 46072, 76550, 6338, 69214, 6631], "label": "lamp"}, {"objectId": 41, "id": 41, "partId": 41, "index": 17, "dominantNormal": [0, -2.220446049250313e-16, 1], "obb": {"axesLengths": [0.4166533003113487, 0.16569298135430413, 0.24029781766428132], "centroid": [-0.815555424330781, -0.8675889332973448, -0.4128465578813887], "normalizedAxes": [0.8801046013832092, -0.47477987408638, -1.0542230956786636e-16, 0, -2.220446049250313e-16, 1, -0.47477987408638, -0.8801046013832092, -1.9542247850683686e-16]}, "segments": [4318, 34204, 34228, 4684], "label": "box"}, {"objectId": 420, "id": 420, "partId": 420, "index": 18, "dominantNormal": [-0.429559588432312, -0.903038501739502, -2.005148273508399e-16], "obb": {"axesLengths": [0.9767806868556597, 1.119999951794744, 0.22876793343696944], "centroid": [0.7304509544883869, -1.742552484521755, -0.5900000360235578], "normalizedAxes": [0.903038501739502, -0.429559588432312, -9.538138910521177e-17, 0, -2.220446049250313e-16, 1, -0.429559588432312, -0.903038501739502, -2.005148273508399e-16]}, "segments": [78103, 37334, 28936, 80783, 17267, 17043, 28736, 36964, 73629, 31026, 17153, 17168, 17214, 17260, 17273, 17321, 21884, 21996, 22043, 22048, 22971, 23091, 28563, 28564, 28612, 28616, 28630, 28635, 28638, 28658, 28694, 28942, 28995, 31044, 31045, 31617, 31619, 31636, 31638, 32473, 32489, 32501, 32515, 32532, 32553, 32559, 56422, 56459, 56510, 56866, 56869, 56871, 56987, 56991, 61450, 70243, 70244, 70249, 70253, 72286, 72316, 72318, 72321, 72325, 72331, 72856, 72857, 73728, 78165, 79609, 37341, 79588, 80727, 80558, 21905, 32523, 19257], "label": "mirror"}, {"objectId": 44, "id": 44, "partId": 44, "index": 20, "dominantNormal": [0, -2.220446049250313e-16, 1], "obb": {"axesLengths": [1.143263639364621, 0.38629000515587614, 0.8710828794268609], "centroid": [2.299305728182709, 1.1715996342346617, -1.0168550699907164], "normalizedAxes": [0.7193601727485657, 0.6946372985839844, 1.5424046453027182e-16, 0, -2.220446049250313e-16, 1, 0.6946372985839844, -0.7193601727485657, -1.5973004535675754e-16]}, "segments": [11947, 23194, 57250, 12782], "label": "blanket"}, {"objectId": 45, "id": 45, "partId": 45, "index": 21, "dominantNormal": [0.645750880241394, -0.7635481953620911, -1.6954175738039613e-16], "obb": {"axesLengths": [0.5438389026511106, 0.4071989862501846, 0.21193750531354122], "centroid": [0.6212555701712208, 1.8729646647145866, -0.6664005536645539], "normalizedAxes": [0.7635481953620911, 0.645750880241394, 1.4338549908319155e-16, 0, -2.220446049250313e-16, 1, 0.645750880241394, -0.7635481953620911, -1.6954175738039613e-16]}, "segments": [29650, 79712, 79750, 42074], "label": "pillow"}, {"objectId": 46, "id": 46, "partId": 46, "index": 22, "dominantNormal": [0.8863576650619507, -0.46300119161605835, -1.028069166722064e-16], "obb": {"axesLengths": [0.6298369220249432, 0.43587600210586164, 0.3815427135491869], "centroid": [0.32283930158769203, 1.9620237120943478, -0.6520620457367153], "normalizedAxes": [0.46300119161605835, 0.8863576650619507, 1.9681093756095407e-16, 0, -2.220446049250313e-16, 1, 0.8863576650619507, -0.46300119161605835, -1.028069166722064e-16]}, "segments": [17008, 79100, 17009, 16112, 24459], "label": "pillow"}, {"objectId": 47, "id": 47, "partId": 47, "index": 23, "dominantNormal": [0, -2.220446049250313e-16, 1], "obb": {"axesLengths": [0.6062574274012839, 0.3342429920827672, 0.40527555266214094], "centroid": [-0.1729089858486459, 0.7612396751127896, -0.6828785702687833], "normalizedAxes": [-0.14575068652629852, 0.9893213510513306, 2.196734685380909e-16, 0, -2.220446049250313e-16, 1, 0.9893213510513306, 0.14575068652629852, 3.236315360728404e-17]}, "segments": [44514, 40700, 31117, 34891, 72553, 46517], "label": "pillow"}, {"objectId": 48, "id": 48, "partId": 48, "index": 24, "dominantNormal": [0, -2.220446049250313e-16, 1], "obb": {"axesLengths": [0.5407753567707102, 0.31074100038243085, 0.4362162852023992], "centroid": [-0.19041772337913132, 0.36974166734475766, -0.6746295260348287], "normalizedAxes": [0.999197244644165, -0.040060073137283325, -8.895123113035935e-18, 0, -2.220446049250313e-16, 1, -0.040060073137283325, -0.999197244644165, -2.2186635742919348e-16]}, "segments": [36768, 22542, 73504, 72933, 27854], "label": "pillow"}, {"objectId": 49, "id": 49, "partId": 49, "index": 25, "dominantNormal": [0.9925224781036377, -0.12206221371889114, -2.710325602148592e-17], "obb": {"axesLengths": [0.31240564281288496, 0.238859886552545, 0.22300802079239196], "centroid": [3.4260210092706136, -1.7682399296852642, -1.208220039496869], "normalizedAxes": [0.12206220626831055, 0.9925224781036377, 2.2038426152973527e-16, 0, -2.220446049250313e-16, 1, 0.9925224781036377, -0.12206220626831055, -2.7103254367124695e-17]}, "segments": [73004, 37923, 72997, 72977, 35675, 37727, 37873, 37964, 73021, 73026], "label": "plant"}, {"objectId": 50, "id": 50, "partId": 50, "index": 26, "dominantNormal": [0.09833907335996628, -0.9951529502868652, -2.2096834368642631e-16], "obb": {"axesLengths": [0.5349535305798045, 0.3869689616493366, 0.15322269904100375], "centroid": [3.6930600790675148, -1.0121203231082927, -0.5765155443582946], "normalizedAxes": [0.9951529502868652, 0.09833908081054688, 2.1835662347268608e-17, 0, -2.220446049250313e-16, 1, 0.09833908081054688, -0.9951529502868652, -2.2096834368642631e-16]}, "segments": [77051, 54288, 54055, 54064, 54120, 54303, 76890, 53901, 53986, 54024, 54053, 54176, 76988, 55300, 53825, 35394, 35428, 49914, 54093, 54346, 55250, 55288, 62077, 62084, 62129, 67348, 76963, 81037], "label": "lamp"}, {"objectId": 51, "id": 51, "partId": 51, "index": 27, "dominantNormal": [0.9210827350616455, -0.3893669545650482, -8.645683159725875e-17], "obb": {"axesLengths": [0.690135779465898, 0.29849600124740583, 0.1665534446116267], "centroid": [4.0171973120117475, -0.537591493448268, -0.6058210613767577], "normalizedAxes": [0.3893669545650482, 0.9210827350616455, 2.0452145201003036e-16, 0, -2.220446049250313e-16, 1, 0.9210827350616455, -0.3893669545650482, -8.645683159725875e-17]}, "segments": [67730, 67699, 61113, 66530, 66377, 66417, 66509, 66517, 83797, 85728, 61054, 61079, 61100, 66317, 66336, 66348, 66362, 67968, 85633, 85673], "label": "tv"}, {"objectId": 52, "id": 52, "partId": 52, "index": 28, "dominantNormal": [0, -2.220446049250313e-16, 1], "obb": {"axesLengths": [0.4257045810205859, 0.13793903280930886, 0.3069080310160609], "centroid": [4.2505276524952205, 0.12068219791924362, -0.7079645553686208], "normalizedAxes": [0.9047865867614746, -0.4258652627468109, -9.456108401791028e-17, 0, -2.220446049250313e-16, 1, -0.4258652627468109, -0.9047865867614746, -2.009029801989192e-16]}, "segments": [67904, 4231, 67537, 67083, 5541, 6945, 7005, 7138, 65040, 66302, 67183, 76836, 80362], "label": "plate"}, {"objectId": 54, "id": 54, "partId": 54, "index": 29, "dominantNormal": [0, -2.220446049250313e-16, 1], "obb": {"axesLengths": [2.6358078889989915, 0.15325998917385952, 0.638575656849767], "centroid": [3.3243611057016524, 2.0863894708217225, 1.8333698678753532], "normalizedAxes": [0.9289178848266602, -0.3702857196331024, -8.221994632531314e-17, 0, -2.220446049250313e-16, 1, -0.3702857196331024, -0.9289178848266602, -2.062612047441315e-16]}, "segments": [20765, 14542, 15044, 17432, 14523, 14984, 70453, 71694, 17732, 71117, 14903, 14864, 3685, 17720, 71067, 23225, 19878, 23212, 19896, 19929, 19898, 19910], "label": "ceiling"}, {"objectId": 1, "id": 1, "partId": 1, "index": 31, "dominantNormal": [0, -2.220446049250313e-16, 1], "obb": {"axesLengths": [7.292883937947421, 0.2640399873843789, 6.609762086542564], "centroid": [1.5252541333345346, 0.8234569330374449, -1.337980063528269], "normalizedAxes": [0.9978314638137817, -0.0658210963010788, -1.461521932390548e-17, 0, -2.220446049250313e-16, 1, -0.0658210963010788, -0.9978314638137817, -2.2156309316429684e-16]}, "segments": [24597, 54570, 58986, 570, 573, 592, 1276, 1280, 1396, 1471, 6240, 6836, 12459, 13244, 15980, 16480, 17674, 20156, 24152, 24880, 30850, 35057, 36880, 37125, 37149, 37219, 37225, 37229, 37252, 38698, 38709, 38733, 38784, 38787, 38789, 39985, 40066, 41190, 42228, 42240, 42242, 42277, 42310, 42349, 43055, 43302, 43303, 43459, 44146, 48120, 48991, 49273, 49321, 50518, 50531, 50664, 52887, 52901, 52930, 52941, 52948, 52955, 52989, 53018, 54541, 60083, 60088, 60135, 60168, 60173, 60235, 64281, 68087, 68090, 73835, 73837, 73840, 74562, 75199, 81153, 83895, 84148, 85020, 85235, 86752, 36952, 28317, 46984, 59281, 55942, 74015, 10615, 69165, 1678, 69014, 68965, 69027, 68989, 68107, 1701, 58882, 56447, 57336, 69274, 58772, 55640, 57577, 1934, 68888, 38564, 68877, 1925, 2469, 1755, 69196, 1570, 69055, 1963, 1805, 69064, 69062, 1888, 1653, 68938, 68110, 37825], "label": "floor"}, {"objectId": 2, "id": 2, "partId": 2, "index": 32, "dominantNormal": [0, -2.220446049250313e-16, 1], "obb": {"axesLengths": [3.829174995003521, 0.941107013647846, 2.7074951446234023], "centroid": [0.80182865892256, 1.3624467385776162, -0.8619865601065789], "normalizedAxes": [0.9354860782623291, 0.3533635139465332, 7.846246184917876e-17, 0, -2.220446049250313e-16, 1, 0.3533635139465332, -0.9354860782623291, -2.0771963666062578e-16]}, "segments": [33276, 79964, 21886, 22560, 22588, 39313, 30858, 50319, 50281, 46973, 73198, 27347, 49047, 23038, 80046, 80050, 25375, 57519, 57457, 6523, 7367, 12766, 12806, 12835, 12870, 12882, 12893, 12894, 16185, 21727, 21819, 21847, 22597, 23086, 23123, 23204, 26643, 27834, 27904, 28357, 28370, 28371, 28386, 28459, 28486, 31105, 31139, 31193, 32663, 33154, 33222, 34281, 34863, 34874, 34940, 36787, 39026, 39127, 39659, 39671, 42057, 44137, 44164, 45557, 46490, 47042, 47093, 49435, 51608, 55519, 55603, 57133, 57282, 57608, 60300, 60306, 60317, 69985, 72253, 72259, 72954, 74167, 74205, 74219, 74232, 74380, 74383, 74585, 74599, 75390, 75867, 76527, 76533, 76535, 78643, 79157, 79808, 80072, 80074, 80076, 80077, 80079, 80087, 81225, 81262, 83560, 83563, 6569, 37841, 33134, 14187, 57387, 57835, 45450, 23393, 4560, 4673, 12494, 12763, 19815, 21785, 22149, 22853, 22860, 23071, 33216, 36096, 37622, 53019, 54497, 55930, 58647, 64243, 74228, 80873, 24035, 35213, 13203, 19785, 60612, 69974], "label": "sofa"}, {"objectId": 3, "id": 3, "partId": 3, "index": 33, "dominantNormal": [0.9229637384414673, -0.38488686084747314, -8.546205095771268e-17], "obb": {"axesLengths": [1.4415616102322777, 0.8773600262993567, 0.46535610693118146], "centroid": [-0.5944011516816476, 1.4459559028588713, -0.8886800526377558], "normalizedAxes": [0.38488686084747314, 0.9229637384414673, 2.0493911866236553e-16, 0, -2.220446049250313e-16, 1, 0.9229637384414673, -0.38488686084747314, -8.546205095771268e-17]}, "segments": [59743, 81112, 80903, 42377, 51574, 74506, 37351, 43382, 39414, 35782, 33336, 34056, 34396, 36002, 36022, 36072, 38080, 39023, 39394, 39685, 39836, 39842, 42406, 43368, 44151, 44445, 56838, 58925, 58932, 58955, 73444, 73446, 73449, 73468, 73993, 74243, 74407, 74426, 74575, 75442, 75446, 75459, 76001, 76005, 76813, 77439, 80910, 76019], "label": "table"}, {"objectId": 4, "id": 4, "partId": 4, "index": 34, "dominantNormal": [0, -2.220446049250313e-16, 1], "obb": {"axesLengths": [1.3062992745515987, 0.605782972146951, 0.7845376227531198], "centroid": [1.2867585519191647, 0.0883156040795558, -1.034098544327203], "normalizedAxes": [0.9598022699356079, -0.28067702054977417, -6.23228181395095e-17, 0, -2.220446049250313e-16, 1, -0.28067702054977417, -0.9598022699356079, -2.1311891583400031e-16]}, "segments": [52531, 53041, 69806, 69816, 57712, 57745, 77553, 13816, 54619, 29376, 48645, 43783, 76722, 12008, 52699, 11999, 12971, 51, 88, 7741, 7760, 11202, 11430, 11438, 11485, 11516, 11841, 11880, 11890, 11970, 11980, 12038, 12067, 12081, 12098, 12126, 12131, 12134, 12139, 12142, 12148, 12162, 12163, 12180, 12217, 12233, 12961, 12977, 13007, 13097, 13102, 13126, 13366, 13460, 20070, 23315, 23327, 23332, 23518, 23527, 23559, 23628, 23771, 27142, 27168, 27178, 27191, 27197, 27407, 27577, 27581, 27585, 27603, 27608, 27703, 27843, 27844, 27936, 27937, 27942, 27964, 27968, 52170, 52255, 52728, 59984, 59995, 60067, 60074, 60093, 68151, 68154, 68156, 68187, 68257, 68316, 68326, 68331, 68335, 68342, 68346, 68474, 69825, 69827, 69842, 69852, 69856, 69913, 70111, 70131, 70141, 70143, 70168, 70216, 70224, 70233, 70235, 70256, 70263, 70266, 70270, 70279, 77718, 77720, 78440, 78497, 78505, 81140, 81141, 81145, 11855, 60146, 68501, 7651], "label": "couch table"}, {"objectId": 5, "id": 5, "partId": 5, "index": 35, "dominantNormal": [-0.4205092787742615, -0.9072882533073425, -2.014584617587506e-16], "obb": {"axesLengths": [5.928641013379894, 3.841199908229709, 0.18638233298776322], "centroid": [2.5950550397140617, 3.00650979260413, 0.5693999382987616], "normalizedAxes": [0.9072882533073425, -0.4205092787742615, -9.337181667274074e-17, 0, -2.220446049250313e-16, 1, -0.4205092787742615, -0.9072882533073425, -2.014584617587506e-16]}, "segments": [21645, 15771, 17610, 21521, 66503, 66070, 15452, 15500, 16755, 16029, 86653, 86794, 3563, 3769, 5674, 8666, 15472, 16627, 17845, 18662, 18879, 19955, 19956, 19960, 19981, 20097, 20101, 20411, 20551, 20559, 20627, 20663, 20920, 20959, 21342, 22522, 25531, 25551, 36256, 36665, 42200, 43525, 43536, 43549, 43561, 43582, 43614, 43638, 43645, 56243, 56286, 56304, 56322, 56500, 66471, 71126, 71291, 71687, 71689, 71710, 71712, 71737, 71746, 71754, 75828, 75832, 75836, 86627, 30544, 82792, 11411, 43035, 44285, 45017, 61129, 61155, 75726, 75741, 4145, 4385, 82273, 6667, 65191, 9757, 2693, 44961, 5384, 20004, 54742], "label": "wall"}, {"objectId": 6, "id": 6, "partId": 6, "index": 36, "dominantNormal": [-0.3793236017227173, -0.9252640604972839, -2.0544989276444968e-16], "obb": {"axesLengths": [1.153158200327146, 0.9012880123863809, 0.6382147543576855], "centroid": [0.47137933641409324, 3.682544133289589, -0.8793560684616264], "normalizedAxes": [0.9252640604972839, -0.3793236017227173, -8.422675928326068e-17, 0, -2.220446049250313e-16, 1, -0.3793236017227173, -0.9252640604972839, -2.0544989276444968e-16]}, "segments": [61743, 72488, 26048, 25715, 41470, 31914, 51269, 30719, 30743, 77316, 61825, 26033, 29322, 29442, 29461, 29471, 29509, 30603, 30620, 30631, 30687, 31926, 31928, 31938, 31967, 31971, 31992, 32000, 32004, 35624, 41512, 41517, 48871, 50882, 51211, 55976, 56002, 56041, 56095, 56129, 72391, 72483, 72744, 72746, 72750, 72757, 75082, 75093, 77075, 77326, 77360, 77399, 79355, 79359, 79385, 79412, 79419, 79483, 79485, 79502, 81533, 81540, 81560, 81574, 49416, 79231, 29557, 79450, 11533, 14097, 14154, 29779, 31991, 32634, 36631, 41287, 41294, 41305, 44706, 44714, 45969, 45975, 46151, 47703, 47756, 47758, 47776, 47778, 47781, 47792, 47798, 47801, 47818, 51931, 55692, 55723, 55724, 55726, 55764, 55805, 55806, 55822, 55825, 55890, 56144, 56147, 58853, 70355, 75083, 76366, 76607, 76612, 77483, 77485, 77517, 77542, 79170, 79247, 79290, 80881, 50874, 41454, 23888, 41472, 41480, 42220, 43050, 44694, 46231, 47699, 50457, 58825, 75124, 75156, 76915, 76919, 76926, 76931, 77390, 79503, 56236, 56194, 79407], "label": "table"}, {"objectId": 7, "id": 7, "partId": 7, "index": 37, "dominantNormal": [0.7804056406021118, 0.625273585319519, 1.3883862622233046e-16], "obb": {"axesLengths": [0.45605494902608673, 0.46289603867614176, 0.4424043097552304], "centroid": [0.45743233950259476, 3.4999097805260284, -1.1039020489029139], "normalizedAxes": [-0.625273585319519, 0.7804056406021118, 1.732848621487619e-16, 0, -2.220446049250313e-16, 1, 0.7804056406021118, 0.625273585319519, 1.3883862622233046e-16]}, "segments": [29554, 51035, 46867, 23929, 77209, 23814, 46872, 76943, 75143, 47820], "label": "chair"}, {"objectId": 8, "id": 8, "partId": 8, "index": 38, "dominantNormal": [0.8631150722503662, 0.505007266998291, 1.1213413908490533e-16], "obb": {"axesLengths": [0.4905993499340591, 1.534962023758246, 0.36285331936910353], "centroid": [1.3688524220807792, 3.359915551225713, -0.5706890712524424], "normalizedAxes": [-0.505007266998291, 0.8631150722503662, 1.9165004522267242e-16, 0, -2.220446049250313e-16, 1, 0.8631150722503662, 0.505007266998291, 1.1213413908490533e-16]}, "segments": [76861, 45395, 76229, 22409, 22417, 22368, 22194, 36584, 36585, 39232, 39244, 45290, 53304, 74146, 74149, 76212, 45394, 49523, 51113, 77269, 76363, 40463, 40422, 74130, 30381, 30424, 36597, 36615, 39269, 40501, 40520, 40531, 40572, 40584, 40593, 45852, 74612, 74631, 74667, 74675, 74679, 74683, 76336, 40477], "label": "puppet"}, {"objectId": 9, "id": 9, "partId": 9, "index": 39, "dominantNormal": [-0.41538169980049133, -0.9096472263336182, -2.0198225899239878e-16], "obb": {"axesLengths": [1.5304704213000442, 1.52000000655651, 0.4640904529271163], "centroid": [2.2106372869919095, 2.9358992095777436, -0.5700000713765616], "normalizedAxes": [0.9096472263336182, -0.41538166999816895, -9.223325880784315e-17, 0, -2.220446049250313e-16, 1, -0.41538166999816895, -0.9096472263336182, -2.0198225899239878e-16]}, "segments": [59534, 19001, 19541, 19583, 19589, 20936, 20996, 21033, 21083, 21089, 21094, 21137, 54151, 54255, 59398, 59400, 59424, 59432, 59435, 59479, 59480, 60956, 60991, 61055, 71275, 71278, 71750, 71774, 71793, 71797, 71799, 71802, 71839, 78353, 81072, 81391, 81399, 81410, 81416, 45298, 14275, 19809, 71220, 59125], "label": "commode"}, {"objectId": 10, "id": 10, "partId": 10, "index": 40, "dominantNormal": [-0.4634636640548706, -0.8861159086227417, -1.9675725684792182e-16], "obb": {"axesLengths": [1.276070357608043, 2.556279959761798, 0.4123889759560275], "centroid": [3.783194128408393, 2.242241775667707, -0.06480002444684607], "normalizedAxes": [0.8861159086227417, -0.4634636640548706, -1.0290960618217118e-16, 0, -2.220446049250313e-16, 1, -0.4634636640548706, -0.8861159086227417, -1.9675725684792182e-16]}, "segments": [16326, 15324, 15158, 70738, 14474, 14661, 10369, 15325, 71000, 8917, 10789, 15287, 8486, 10453, 9684, 8982, 6794, 71461, 5899, 5863, 9658, 71518, 10445, 7296, 9587, 71630, 9756, 9018, 3872, 5773, 5775, 6168, 6874, 7206, 7216, 7223, 7234, 7300, 8890, 9372, 9481, 9529, 9890, 10028, 10029, 10073, 10356, 10759, 10767, 10840, 13662, 14484, 14706, 14734, 14741, 14745, 14761, 15275, 15393, 15717, 15722, 15997, 16077, 16257, 16311, 16317, 16366, 16422, 16466, 16468, 16779, 16836, 20168, 20216, 66234, 69342, 69345, 69350, 69353, 69659, 69662, 69663, 69668, 69674, 69723, 69771, 69780, 69801, 70332, 70463, 70470, 70523, 70588, 70608, 70666, 70810, 70874, 70981, 71050, 71351, 86670, 86768, 10947, 69775, 10299, 69749, 10287, 13666, 16892, 8470, 5725, 8717, 8793, 10852, 16242, 16488, 69736, 6016, 6204, 3846, 15151, 5782, 66251, 8311, 7899], "label": "curtain"}, {"objectId": 11, "id": 11, "partId": 11, "index": 41, "dominantNormal": [0.9031777381896973, -0.4292667508125305, -9.53163660916202e-17], "obb": {"axesLengths": [5.381204364160002, 3.3399999587237823, 0.5267645038673177], "centroid": [3.934919312288276, -0.5724854183977826, 0.27999996326863696], "normalizedAxes": [0.4292667508125305, 0.9031777381896973, 2.005457440534147e-16, 0, -2.220446049250313e-16, 1, 0.9031777381896973, -0.4292667508125305, -9.53163660916202e-17]}, "segments": [15514, 14622, 11720, 38843, 57510, 28839, 28524, 63279, 67830, 67221, 53776, 65299, 4067, 4092, 7813, 7851, 12831, 16204, 16288, 16934, 17004, 17489, 28338, 28852, 28865, 29839, 29853, 34492, 34606, 34748, 35713, 35720, 35776, 35822, 35846, 35879, 35915, 35943, 35952, 36016, 36019, 36035, 36044, 36056, 36353, 36399, 36475, 38057, 38155, 38580, 38661, 38670, 38695, 41061, 41100, 41103, 41126, 45834, 48280, 48501, 50238, 50239, 50268, 50916, 50978, 53149, 53692, 53726, 53739, 58107, 61196, 61669, 63841, 63878, 66800, 66807, 67949, 67991, 69289, 69295, 69560, 69564, 72753, 73034, 73044, 73060, 73065, 73103, 73546, 73563, 73587, 73600, 75038, 76856, 86539, 86597, 86662, 86719, 86726, 86731, 86743, 86953, 86314, 8442, 15831, 16947, 22402, 50274, 49621, 50255, 41582, 62023], "label": "wall"}, {"objectId": 12, "id": 12, "partId": 12, "index": 42, "dominantNormal": [0.8860612511634827, -0.46356818079948425, -1.0293281356143697e-16], "obb": {"axesLengths": [0.6132011727679151, 2.170655917287112, 0.481532559301033], "centroid": [4.558931397381755, 0.7753272366430244, -0.24866205084334325], "normalizedAxes": [0.46356818079948425, 0.8860612511634827, 1.9674512045397445e-16, 0, -2.220446049250313e-16, 1, 0.8860612511634827, -0.46356818079948425, -1.0293281356143697e-16]}, "segments": [678, 63112, 65474, 87282, 8005, 22849, 4113, 1086, 834, 1106, 3387, 10175, 339, 378, 405, 433, 447, 479, 557, 599, 628, 633, 634, 662, 664, 668, 775, 786, 1031, 1032, 1035, 1057, 1066, 1199, 1242, 2041, 2442, 2446, 2870, 3113, 3709, 4194, 4351, 4682, 4702, 4750, 4856, 10098, 29112, 29156, 33446, 33461, 33609, 33657, 34236, 34270, 35238, 35560, 41041, 46108, 46943, 62942, 64572, 64584, 64804, 67326, 67429, 67625, 67637, 68130, 68135, 68405, 68415, 68418, 68420, 68423, 68442, 68445, 68452, 68469, 68518, 68589, 68592, 68602, 68682, 68729, 68789, 68807, 68821, 81158, 81946, 85644, 85648, 85666, 87299, 87344, 87384, 87401, 87464, 87477, 87536, 87596, 63085, 75171, 2262, 52545, 72034, 11983, 60258, 2089, 87149], "label": "showcase"}, {"objectId": 13, "id": 13, "partId": 13, "index": 43, "dominantNormal": [-0.3735513985157013, -0.9276095032691956, -2.0597068567811306e-16], "obb": {"axesLengths": [0.78673410159884, 0.7600000051409003, 0.3022233328556242], "centroid": [4.862319515110931, 1.7990416242646317, -0.4100000626966356], "normalizedAxes": [0.9276095032691956, -0.3735513985157013, -8.294507270261182e-17, 0, -2.220446049250313e-16, 1, -0.3735513985157013, -0.9276095032691956, -2.0597068567811306e-16]}, "segments": [5139, 82239, 8061, 8234, 7737, 8239, 4047, 65928, 4028, 5168, 5193, 5201, 5205, 5211, 5291, 5310, 5326, 7548, 7585, 7604, 7613, 7631, 7634, 7768, 8171, 54785, 65833, 65837, 66843, 66901, 66976, 69318, 69335, 69466, 69479, 69481, 69485, 69489, 69497, 69501, 86028, 86031, 86037, 86941, 65256, 7840, 87072, 69285], "label": "cabinet"}, {"objectId": 14, "id": 14, "partId": 14, "index": 44, "dominantNormal": [0.9272916913032532, 0.37433958053588867, 8.312008426789334e-17], "obb": {"axesLengths": [1.0979376060218728, 1.0773320106268223, 0.8143673083996541], "centroid": [2.716408595146003, -1.7744651115180834, -0.7868540651309338], "normalizedAxes": [-0.37433958053588867, 0.9272916913032532, 2.0590011724569494e-16, 0, -2.220446049250313e-16, 1, 0.9272916913032532, 0.37433958053588867, 8.312008426789334e-17]}, "segments": [83674, 37017, 32832, 36652, 11248, 24383, 33012, 62695, 24796, 26419, 42969, 40305, 73856, 73922, 29198, 32764, 36493, 36501, 36510, 36518, 36618, 36636, 36649, 36867, 39641, 41069, 43287, 43762, 73234, 74977, 82000, 43415, 42167, 24382, 73226], "label": "armchair"}, {"objectId": 15, "id": 15, "partId": 15, "index": 45, "dominantNormal": [0, -2.220446049250313e-16, 1], "obb": {"axesLengths": [0.3431340344169961, 0.2668884895692357, 0.3568787546400714], "centroid": [2.5025511360147688, -1.9646390641132125, 0.18730768142697762], "normalizedAxes": [0.7133960127830505, 0.700761079788208, 1.55600217108411e-16, 0, -2.220446049250313e-16, 1, 0.700761079788208, -0.7133960127830505, -1.5840573581350504e-16]}, "segments": [27395, 31828, 31839, 27382, 63626, 31896, 72721, 27458, 83704], "label": "lamp"}, {"objectId": 16, "id": 16, "partId": 16, "index": 46, "dominantNormal": [0.89850914478302, -0.4389548599720001, -9.746755846240521e-17], "obb": {"axesLengths": [1.926816834412933, 0.7308399513921146, 0.5705837542198609], "centroid": [3.871823445594042, -0.5479333435728269, -0.9754200378338993], "normalizedAxes": [0.4389548599720001, 0.8985090851783752, 1.9950909483998363e-16, 0, -2.220446049250313e-16, 1, 0.8985090851783752, -0.4389548599720001, -9.746755846240521e-17]}, "segments": [85425, 85360, 64443, 85822, 85962, 66595, 5724, 7433, 9710, 9722, 9742, 10101, 10122, 10127, 10130, 44399, 44864, 45253, 45311, 45524, 45533, 46075, 46141, 46174, 46188, 48434, 49085, 49216, 49401, 49413, 49453, 49470, 49507, 50514, 50639, 53277, 53291, 53619, 53641, 64103, 64463, 64493, 64504, 64574, 64579, 64645, 64661, 64686, 64735, 64740, 66030, 66134, 66951, 67231, 67380, 67450, 67499, 69688, 75051, 75053, 75057, 75121, 76099, 76164, 76167, 76204, 76209, 76266, 83763, 83764, 83768, 83772, 83774, 83784, 85246, 85272, 85374, 85582, 85622, 86015, 86025, 86551, 85714, 49607, 49770, 49741, 49838, 49982], "label": "tv stand"}, {"objectId": 17, "id": 17, "partId": 17, "index": 47, "dominantNormal": [0.8981380462646484, -0.43971362709999084, -9.763603860957001e-17], "obb": {"axesLengths": [1.5145724846178472, 0.4599999794363978, 0.21978357270959265], "centroid": [4.107401148047069, -0.46153157473355133, 0.27999992787838], "normalizedAxes": [0.43971359729766846, 0.8981380462646484, 1.9942670765097335e-16, 0, -2.220446049250313e-16, 1, 0.8981380462646484, -0.43971359729766846, -9.763603199212511e-17]}, "segments": [26709, 86477, 86500, 59123, 86439, 59558, 63857, 26737, 63467, 51549, 51612, 57175, 57194, 57285, 58055, 58075, 59042, 59077, 59145, 59295, 59306, 59668, 59697, 59869, 63441, 63551, 79335, 79547, 79624, 86129], "label": "shelf"}, {"objectId": 18, "id": 18, "partId": 18, "index": 48, "dominantNormal": [-0.4458169639110565, -0.8951241374015808, -1.9875748544819345e-16], "obb": {"axesLengths": [0.6518079995747617, 2.1676779500914067, 0.09891739627629852], "centroid": [2.7964977383320226, -2.688255526937629, 0.08630096533221687], "normalizedAxes": [0.8951241374015808, -0.4458169639110565, -9.899125162050749e-17, 0, -2.220446049250313e-16, 1, -0.4458169639110565, -0.8951241374015808, -1.9875748544819345e-16]}, "segments": [26736, 27096], "label": "curtain"}, {"objectId": 19, "id": 19, "partId": 19, "index": 49, "dominantNormal": [-0.4151195287704468, -0.9097668528556824, -2.0200882141622908e-16], "obb": {"axesLengths": [1.5026440598036046, 2.4544299292319276, 0.31580645968448195], "centroid": [1.9632893517881715, -2.1500125427746166, -0.11721503658857246], "normalizedAxes": [0.9097668528556824, -0.41511955857276917, -9.217505837994392e-17, 0, -2.220446049250313e-16, 1, -0.41511955857276917, -0.9097668528556824, -2.0200882141622908e-16]}, "segments": [80191, 80252, 38481, 58242, 58310, 73770, 75565, 73124, 29971, 56768, 75657, 81684, 56737, 58136, 28244, 58141, 46703, 51678, 83260, 23743, 24067, 76044, 74831, 30070, 24468, 23526, 23604, 23781, 23848, 24169, 24265, 24507, 24574, 28256, 29940, 29954, 29981, 30062, 30073, 30095, 30160, 30164, 30171, 30202, 30224, 31416, 31490, 34073, 34091, 34182, 34185, 34664, 36445, 38234, 38244, 38488, 40763, 40801, 40818, 40867, 41008, 42451, 42827, 44643, 46752, 52416, 52471, 52494, 58198, 58323, 59552, 59561, 61390, 62864, 69304, 72417, 72420, 72424, 72426, 72430, 72685, 73148, 73745, 73747, 73751, 74758, 74764, 74771, 74812, 74894, 74906, 74928, 75479, 75645, 75666, 76095, 78761, 81650, 83021, 83067, 83343, 63427, 63347, 41990, 83163, 38389, 30292, 60465, 29862, 29755, 29691, 81709, 24711, 26819, 30119, 61398, 61530, 61855, 61881, 63006, 72481, 78751, 78769, 81514, 81578, 81583, 83387, 60417, 80343, 23414], "label": "curtain"}], "scan_id": "0cac7580-8d6f-2d13-8c9d-d45247b5244b", "annId": "6233", "appId": "stk.v1"}