{"segGroups": [{"objectId": 1, "id": 1, "partId": 1, "index": 0, "dominantNormal": [0, -2.220446049250313e-16, 1], "obb": {"axesLengths": [3.1052602824254905, 0.28462004025384696, 1.7662075939670467], "centroid": [-1.098451972675074, 0.44198214155199395, -1.1923100327340503], "normalizedAxes": [0.9074134230613708, -0.42023906111717224, -9.33118162998286e-17, 0, -2.220446049250313e-16, 1, -0.42023906111717224, -0.9074134230613708, -2.0148625502733238e-16]}, "segments": [6755, 13474, 11038, 13254, 9937, 11282, 26199, 13331, 9583, 18466, 18523, 9109, 19839, 16172, 17095, 9785], "label": "floor"}, {"objectId": 2, "id": 2, "partId": 2, "index": 1, "dominantNormal": [0.9345176219940186, -0.355916827917099, -7.90294114410226e-17], "obb": {"axesLengths": [2.5156430063163926, 3.2128398892393717, 0.1925860616090755], "centroid": [-2.3622156184001106, 1.2658025366720391, 0.2835799150702376], "normalizedAxes": [0.355916827917099, 0.9345176219940186, 2.075045961711416e-16, 0, -2.220446049250313e-16, 1, 0.9345176219940186, -0.355916827917099, -7.90294114410226e-17]}, "segments": [21612, 10302, 11013, 25105, 11194, 674, 342, 12758, 16325, 21272, 12770, 20372], "label": "wall"}, {"objectId": 3, "id": 3, "partId": 3, "index": 2, "dominantNormal": [-0.3570690453052521, -0.9340779781341553, -2.0740697562397054e-16], "obb": {"axesLengths": [2.8337784237079156, 2.484879915009141, 0.15348726036469962], "centroid": [-0.895932041304067, 1.1925480771890609, -0.048350059219076424], "normalizedAxes": [0.9340779781341553, -0.3570690453052521, -7.92852550957628e-17, 0, -2.220446049250313e-16, 1, -0.3570690453052521, -0.9340779781341553, -2.0740697562397054e-16]}, "segments": [11942, 20762, 12154, 14020, 9468, 9483, 9489, 9507, 11734, 11785, 11812, 11816, 12192, 12703, 13807, 14364, 14421, 14481, 14490, 14527, 14683, 16935, 18748, 18753, 18767, 19060, 19071, 20557, 21530, 24058, 25913, 25969, 25973, 25975, 26078, 21781, 17676], "label": "wall"}, {"objectId": 4, "id": 4, "partId": 4, "index": 3, "dominantNormal": [-0.20961886644363403, -0.9777831435203552, -2.1711147180533246e-16], "obb": {"axesLengths": [0.8716200186955396, 0.9840199429388351, 0.5036846839190331], "centroid": [-0.7049237947663031, 0.9070326109719181, -0.7820100404029329], "normalizedAxes": [0.9777831435203552, -0.20961888134479523, -4.654474169303207e-17, 0, -2.220446049250313e-16, 1, -0.20961888134479523, -0.9777831435203552, -2.1711147180533246e-16]}, "segments": [11839, 19565, 14140, 16566], "label": "commode"}, {"objectId": 6, "id": 6, "partId": 6, "index": 4, "dominantNormal": [-0.3224821984767914, -0.9465755224227905, -2.1018198790807364e-16], "obb": {"axesLengths": [0.8577465138328082, 1.1318200275640178, 0.11756504308672809], "centroid": [-1.9423807770016186, -0.089248119122045, -0.7159101001498824], "normalizedAxes": [0.9465755224227905, -0.3224821984767914, -7.160543235613468e-17, 0, -2.220446049250313e-16, 1, -0.3224821984767914, -0.9465755224227905, -2.1018198790807364e-16]}, "segments": [10, 10698], "label": "wall"}, {"objectId": 7, "id": 7, "partId": 7, "index": 5, "dominantNormal": [-0.3655516505241394, -0.9307910799980164, -2.0667713762590275e-16], "obb": {"axesLengths": [2.6144732119297065, 2.3237999158248313, 0.5123240598587671], "centroid": [-1.5198483987949674, -0.06545348881926438, -0.12168004272177724], "normalizedAxes": [0.9307910799980164, -0.365551620721817, -8.116876520288075e-17, 0, -2.220446049250313e-16, 1, -0.365551620721817, -0.9307910799980164, -2.0667713762590275e-16]}, "segments": [25470, 8295, 545, 16242, 433, 1358, 1362, 1578, 7045, 10153, 14416, 14463, 14555, 14672, 14739, 14992, 15013, 15159, 15291, 15335, 16028, 16664, 17047, 17417, 17449, 19324, 19336, 19343, 19400, 19582, 20164, 22486, 22676, 22966, 23792, 24046, 24249, 24429, 24821, 25251, 25316, 25479, 25662, 25667, 25680, 26695, 26712, 26659, 24300, 10687, 10608, 26564, 77, 1227, 1468, 1472, 1827, 2114, 2806, 2819, 2984, 2987, 2989, 3007, 4385, 5038, 5669, 5965, 7244, 8334, 8346, 10410, 10639, 10719, 10785, 10893, 11127, 11128, 11265, 11609, 11685, 13933, 14048, 16026, 17035, 19614, 19723, 19991, 21877, 23039, 23045, 23069, 23637, 23697, 23707, 23716, 23719, 24167, 24183, 24195, 24226, 24279, 24393, 24934, 25207, 25362, 25595, 25677, 9359, 10572, 1194, 15155, 17378, 2285, 15759, 25769, 2492, 22837, 1368, 2016, 22702, 1948, 2092, 1604, 2938, 22940, 3021, 3133, 4236, 23057, 2950, 3197, 23660, 2912, 3963, 23521, 4105, 5862, 23744, 23576, 5052, 24120, 5114, 6285, 5036, 6310, 5590, 20502, 15812, 24093, 25723, 2408, 15186, 2266, 22858, 2560, 2422, 25741, 1961], "label": "wardrobe"}, {"objectId": 8, "id": 8, "partId": 8, "index": 6, "dominantNormal": [-0.6305139064788818, 0.7761779427528381, 1.723461246500775e-16], "obb": {"axesLengths": [0.39246643338505693, 0.5688219539339401, 0.4610856922339899], "centroid": [-2.068531786482753, 0.1451274015067092, -0.9920690377495649], "normalizedAxes": [-0.6305139064788818, 0.7761779427528381, 1.723461246500775e-16, 0, -2.220446049250313e-16, 1, 0.7761779427528381, 0.6305139064788818, 1.4000221126384146e-16]}, "segments": [7318, 7175, 7447, 23821, 23883, 7327, 7079, 45, 7103, 7463, 7497, 7595, 7605, 7624, 7673, 7694, 7726, 23809, 23813, 23828, 23936, 23938, 23943, 23971, 24000, 24002, 24035, 7729], "label": "bin"}, {"objectId": 9, "id": 9, "partId": 9, "index": 7, "dominantNormal": [-0.19118399918079376, -0.9815542101860046, -2.1794881681325254e-16], "obb": {"axesLengths": [0.5919436359613579, 0.32474502195242755, 0.2651223683082299], "centroid": [-0.4965150314081337, 0.8734795960184656, 0.5676274080203305], "normalizedAxes": [0.9815542101860046, -0.19118399918079376, -4.245137556608686e-17, 0, -2.220446049250313e-16, 1, -0.19118399918079376, -0.9815542101860046, -2.1794881681325254e-16]}, "segments": [12928, 11342, 14682, 12952, 11534], "label": "box"}, {"objectId": 10, "id": 10, "partId": 10, "index": 8, "dominantNormal": [-0.1380707025527954, -0.9904223680496216, -2.1991794342249218e-16], "obb": {"axesLengths": [0.4493817813126349, 0.32000001549720714, 0.25507702518157965], "centroid": [-0.029407092222953013, 0.7050178840376984, 0.5699999112479404], "normalizedAxes": [0.9904223680496216, -0.1380707025527954, -3.065785460005697e-17, 0, -2.220446049250313e-16, 1, -0.1380707025527954, -0.9904223680496216, -2.1991794342249218e-16]}, "segments": [15080, 13776, 14669, 24599, 15626], "label": "box"}, {"objectId": 11, "id": 11, "partId": 11, "index": 9, "dominantNormal": [-0.5258323550224304, -0.8505882620811462, -1.888685346076771e-16], "obb": {"axesLengths": [0.5442949909984883, 0.977651991449624, 0.49047909373515924], "centroid": [-0.0009044462382623575, 0.6634520946883832, -0.778304076993374], "normalizedAxes": [0.8505882620811462, -0.5258323550224304, -1.1675823752775436e-16, 0, -2.220446049250313e-16, 1, -0.5258323550224304, -0.8505882620811462, -1.888685346076771e-16]}, "segments": [20198, 19542, 20059, 16080, 17681, 25903, 17464, 15830], "label": "commode"}, {"objectId": 12, "id": 12, "partId": 12, "index": 10, "dominantNormal": [-0.3609566390514374, -0.9325826168060303, -2.0707493870864685e-16], "obb": {"axesLengths": [0.7473615640252906, 2.448239987010359, 0.14147569219823722], "centroid": [-0.5136135291505435, -0.6274369462566999, -0.03412004664346502], "normalizedAxes": [0.9325826168060303, -0.3609566390514374, -8.014847431324354e-17, 0, -2.220446049250313e-16, 1, -0.3609566390514374, -0.9325826168060303, -2.0707493870864685e-16]}, "segments": [5154, 18144, 19804, 3677, 3028, 1869, 1900], "label": "wall"}, {"objectId": 13, "id": 13, "partId": 13, "index": 11, "dominantNormal": [-0.3609413504600525, -0.932588517665863, -2.0707624896273714e-16], "obb": {"axesLengths": [0.28840491765962506, 1.1284629599348532, 0.10983671624584014], "centroid": [-0.363012850286379, -0.6633760445397958, -0.35423157497797386], "normalizedAxes": [0.932588517665863, -0.3609413504600525, -8.014507956400962e-17, 0, -2.220446049250313e-16, 1, -0.3609413504600525, -0.932588517665863, -2.0707624896273714e-16]}, "segments": [3428, 23293, 3687, 2699, 2750], "label": "clothes"}, {"objectId": 15, "id": 15, "partId": 15, "index": 13, "dominantNormal": [0.9170180559158325, -0.3988456726074219, -8.856152980017337e-17], "obb": {"axesLengths": [0.4412993456578349, 2.4886600414963045, 0.1528667576392908], "centroid": [-0.07648457142042675, -0.5871535895392225, -0.034330093406958584], "normalizedAxes": [0.3988456726074219, 0.9170180559158325, 2.036189119349513e-16, 0, -2.220446049250313e-16, 1, 0.9170180559158325, -0.3988456726074219, -8.856152980017337e-17]}, "segments": [18906, 3164, 3568, 4705, 11995], "label": "wall"}, {"objectId": 16, "id": 16, "partId": 16, "index": 14, "dominantNormal": [0.9562233686447144, -0.2926378548145294, -6.497865685840086e-17], "obb": {"axesLengths": [0.4476138655332295, 2.3660199113334723, 0.16853275772383675], "centroid": [0.35997791497073317, 0.5198545105247938, -0.07301004993222548], "normalizedAxes": [0.2926378548145294, 0.9562233686447144, 2.1232424011079817e-16, 0, -2.220446049250313e-16, 1, 0.9562233686447144, -0.2926378548145294, -6.497865685840086e-17]}, "segments": [14286, 14939, 16447, 25351], "label": "wall"}, {"objectId": 17, "id": 17, "partId": 17, "index": 15, "dominantNormal": [0, -2.220446049250313e-16, 1], "obb": {"axesLengths": [4.308519603454379, 0.28935002633891926, 2.7102567919106293], "centroid": [-1.0537952742923595, 0.09212296295985417, 1.9146748707732204], "normalizedAxes": [0.7364901304244995, -0.6764482855796814, -1.502016923237551e-16, 0, -2.220446049250313e-16, 1, -0.6764482855796814, -0.7364901304244995, -1.6353366004129277e-16]}, "segments": [6851, 23774, 25999, 5955, 18865, 26003, 6630, 13356, 1181, 24552, 24544, 248, 24506, 1064, 5757, 17733, 15921, 15907, 17559, 17565, 16208, 16232, 5547, 5307, 5332, 5350, 5467, 23230, 23280, 5417, 3534, 3323, 3324, 3337, 3364, 3371, 3418, 3442, 3467, 3489, 3494, 3599, 3601, 22726, 22730, 22732, 22734, 22741, 22763, 3772, 3732, 3754, 3776, 3801, 3875, 3879, 5055, 5058, 5130, 5149, 5220, 22786, 22804, 23095, 23236, 23255, 3795, 3884, 3886, 3923, 5102, 5165, 5527, 22771, 22790, 3850, 22785, 4461, 275, 969, 975, 3898, 4426, 5393, 11137, 20600], "label": "ceiling"}, {"objectId": 18, "id": 18, "partId": 18, "index": 16, "dominantNormal": [0, -2.220446049250313e-16, 1], "obb": {"axesLengths": [1.0364416773446379, 0.048791973692358104, 0.29529903686221143], "centroid": [-0.26456739019568976, 0.8371555077897548, 0.425603907414438], "normalizedAxes": [0.9586251378059387, -0.28467151522636414, -6.320977413184806e-17, 0, -2.220446049250313e-16, 1, -0.28467151522636414, -0.9586251378059387, -2.1285753999532336e-16]}, "segments": [14729, 15536, 11798], "label": "shelf"}, {"objectId": 19, "id": 19, "partId": 19, "index": 17, "dominantNormal": [0.13053257763385773, -0.9914439916610718, -2.2014478943367872e-16], "obb": {"axesLengths": [0.29458001720104116, 0.27366529538485507, 0.1919151660801158], "centroid": [0.2314717112067961, 0.5937968135057881, 0.06272026203378434], "normalizedAxes": [0.9914439916610718, 0.13053257763385773, 2.898405463055592e-17, 0, -2.220446049250313e-16, 1, 0.13053257763385773, -0.9914439916610718, -2.2014478943367872e-16]}, "segments": [15014, 24869, 15446, 15265, 15131, 15229, 25691, 25911], "label": "basket"}, {"objectId": 20, "id": 20, "partId": 20, "index": 18, "dominantNormal": [0.9924063086509705, 0.12300295382738113, 2.731214228721271e-17], "obb": {"axesLengths": [0.1443137800736436, 0.20345749251266962, 0.09972769934074839], "centroid": [-0.0852340429682934, 0.6603538265309896, -0.18775133176778258], "normalizedAxes": [-0.12300295382738113, 0.9924063086509705, 2.2035846672951342e-16, 0, -2.220446049250313e-16, 1, 0.9924063086509705, 0.12300295382738113, 2.731214228721271e-17]}, "segments": [25855, 17885, 25829, 17912], "label": "object"}, {"objectId": 21, "id": 21, "partId": 21, "index": 19, "dominantNormal": [0.7903565168380737, -0.6126471757888794, -1.3603500010647793e-16], "obb": {"axesLengths": [0.16880984028498122, 0.16197479899283954, 0.10688244957352891], "centroid": [0.09913134071614649, 0.6710624241046906, -0.16665167914438972], "normalizedAxes": [0.6126471757888794, 0.7903565168380737, 1.7549440053123394e-16, 0, -2.220446049250313e-16, 1, 0.7903565168380737, -0.6126471757888794, -1.3603500010647793e-16]}, "segments": [26055, 21770, 21680, 21757, 21759, 26065], "label": "object"}, {"objectId": 22, "id": 22, "partId": 22, "index": 20, "dominantNormal": [-0.6415814161300659, -0.7670549750328064, -1.7032041888693925e-16], "obb": {"axesLengths": [1.1583967040980894, 0.9137270246358131, 0.6700894939178358], "centroid": [-1.7915511894712872, 1.2196950361172905, -0.8060665788047033], "normalizedAxes": [0.7670549750328064, -0.6415814161300659, -1.424596920718426e-16, 0, -2.220446049250313e-16, 1, -0.6415814161300659, -0.7670549750328064, -1.7032041888693925e-16]}, "segments": [24358, 11696, 27297, 27637, 12510, 27275, 20641, 26394, 24580, 13201, 13210, 13200, 9429, 10333, 10344, 11672, 11676, 12269, 12333, 12490, 12528, 12530, 13226, 13233, 14192, 14212, 14219, 14263, 18599, 18618, 18619, 18620, 19122, 19136, 19144, 19163, 19175, 19185, 19189, 19203, 19208, 19216, 19243, 19267, 19285, 19287, 20284, 20287, 20291, 20305, 20318, 20321, 21540, 24050, 24304, 24312, 24315, 24318, 24325, 24434, 24455, 24495, 24504, 24588, 24593, 25950, 25954, 26088, 26092, 26698, 26699, 26702, 26703, 26709, 26713, 27223, 27270, 27651, 27658, 27661, 27663, 27666, 27669, 27673, 27692, 9437, 24053, 10312, 24083, 27643, 27649, 24450], "label": "clothes dryer"}, {"objectId": 26, "id": 26, "partId": 26, "index": 21, "dominantNormal": [0.9584668278694153, -0.2852040231227875, -6.332801463732884e-17], "obb": {"axesLengths": [0.2953081971311451, 0.15070199629585446, 0.11120029132605944], "centroid": [-2.5199399681400996, 0.9032051360227756, -0.8253510651442912], "normalizedAxes": [0.2852040231227875, 0.9584668278694153, 2.128223881280123e-16, 0, -2.220446049250313e-16, 1, 0.9584668278694153, -0.2852040231227875, -6.332801463732884e-17]}, "segments": [10219, 10478, 10196, 10190, 10232, 10244, 16992, 10247, 10469], "label": "mop"}], "scan_id": "ddc737ad-765b-241a-9d9f-1f19fab18318", "annId": "6401", "appId": "stk.v1"}