{"segGroups": [{"objectId": 4, "id": 4, "partId": 4, "index": 0, "dominantNormal": [0.7323501706123352, -0.6809282302856445, -1.5119643987607668e-16], "obb": {"axesLengths": [0.7312552925967334, 1.242406996136747, 0.26269780659378245], "centroid": [-1.4125555761687727, 0.5465551921398164, -0.16879648524232538], "normalizedAxes": [0.6809282302856445, 0.7323501706123352, 1.6261440430039524e-16, 0, -2.220446049250313e-16, 1, 0.7323501706123352, -0.6809282302856445, -1.5119643987607668e-16]}, "segments": [35844, 25425, 10209, 23555, 35862, 33991, 34593], "label": "mirror"}, {"objectId": 5, "id": 5, "partId": 5, "index": 1, "dominantNormal": [0.716229259967804, -0.6978650689125061, -1.5495717351765717e-16], "obb": {"axesLengths": [2.2584798906406403, 2.460169975604787, 0.42519544726089187], "centroid": [0.38465800341583667, -0.09643776336539167, -0.4744850086163346], "normalizedAxes": [0.6978650689125061, 0.716229259967804, 1.5903484306529857e-16, 0, -2.220446049250313e-16, 1, 0.716229259967804, -0.6978650689125061, -1.5495717351765717e-16]}, "segments": [29413, 15384, 20765, 36457, 21267, 20097, 20049, 37253, 19896, 15445, 32118, 29376, 29379, 28284, 37336, 28163, 19952, 37225, 37217, 27350, 28146, 28173, 37322, 28227, 28137, 19951, 28783, 28197, 28177, 37238], "label": "wall"}, {"objectId": 6, "id": 6, "partId": 6, "index": 2, "dominantNormal": [-0.6898592114448547, -0.7239435315132141, -1.6074775544288358e-16], "obb": {"axesLengths": [1.7089244085674722, 2.0889589915657254, 0.2380291792119871], "centroid": [0.49614888648930644, 1.2833935671209324, -0.28552049691556736], "normalizedAxes": [0.7239435911178589, -0.6898592114448547, -1.531795160591664e-16, 0, -2.220446049250313e-16, 1, -0.6898592114448547, -0.7239435911178589, -1.6074776867777338e-16]}, "segments": [324, 20943, 10982, 11003, 11030, 11131, 11395, 11864, 20136, 20447, 20468, 20488, 20501, 23741, 23742, 23747, 23817, 23835, 23890, 24584, 25342, 33721, 33998, 34254, 34257, 34260, 25920, 37677, 29530], "label": "wall"}, {"objectId": 7, "id": 7, "partId": 7, "index": 3, "dominantNormal": [0, -2.220446049250313e-16, 1], "obb": {"axesLengths": [2.5746255976480623, 0.09404200105275207, 2.021488787671395], "centroid": [-0.17363739357577535, 0.43498055103759814, 0.7370210032085853], "normalizedAxes": [0.44334733486175537, 0.8963499069213867, 1.990296609569479e-16, 0, -2.220446049250313e-16, 1, 0.8963499069213867, -0.44334733486175537, -9.844288381394403e-17]}, "segments": [18449], "label": "ceiling"}, {"objectId": 8, "id": 8, "partId": 8, "index": 4, "dominantNormal": [0, -2.220446049250313e-16, 1], "obb": {"axesLengths": [1.7402827000592311, 0.680299982123822, 0.9540481832836374], "centroid": [0.25792305624805234, 1.0243215139228905, -1.3901498994197707], "normalizedAxes": [-0.649619996547699, 0.7602590918540955, 1.6881142969140571e-16, 0, -2.220446049250313e-16, 1, 0.7602590918540955, 0.649619996547699, 1.4424461548483402e-16]}, "segments": [27131, 20780, 27778, 29256, 37049, 3710, 468, 423, 14373, 36792, 2787, 3138, 16699, 12666, 23754, 20671, 21187, 27909, 28316, 28319, 27888, 21371, 33362, 12503, 20782, 438, 27858, 36715, 36737, 34247, 20595, 33426, 33412, 33407, 20294, 20325, 29211, 27605, 37651, 37639, 37422, 32972, 18974, 27587, 29196, 37696, 27445, 27414, 472, 34438, 37701, 29180, 34228], "label": "bathtub"}, {"objectId": 9, "id": 9, "partId": 9, "index": 5, "dominantNormal": [0.7880439758300781, 0.6156189441680908, 1.3669486524216863e-16], "obb": {"axesLengths": [0.8265221193502872, 2.1079609816977154, 0.16533051435193266], "centroid": [-0.4344317051773765, -0.6243509911097087, -0.656019488587539], "normalizedAxes": [-0.6156189441680908, 0.7880439758300781, 1.7498091327674062e-16, 0, -2.220446049250313e-16, 1, 0.7880439758300781, 0.6156189441680908, 1.3669486524216863e-16]}, "segments": [17891, 18093, 35796, 15538, 18193, 18202, 18627, 20190, 20191, 20206, 23291, 23392, 33166, 33799, 33838, 18725, 33737, 2129, 18519, 33844, 14345, 3426, 3602, 4732, 22258, 6758, 6695, 23500], "label": "door"}, {"objectId": 10, "id": 10, "partId": 10, "index": 6, "dominantNormal": [0.7752546072006226, -0.63164883852005, -1.402542168005394e-16], "obb": {"axesLengths": [0.39286483095497826, 0.3730849987323953, 0.21208320247372847], "centroid": [0.8403143561362816, 0.5246959328071836, 0.026640517041672584], "normalizedAxes": [0.63164883852005, 0.7752546072006226, 1.7214110297217257e-16, 0, -2.220446049250313e-16, 1, 0.7752546072006226, -0.63164883852005, -1.402542168005394e-16]}, "segments": [37160, 19350, 20897, 28088, 37185, 28023], "label": "towel"}, {"objectId": 12, "id": 12, "partId": 12, "index": 8, "dominantNormal": [0, -2.220446049250313e-16, 1], "obb": {"axesLengths": [0.9268618947738562, 0.40000002682208935, 0.8974832133216623], "centroid": [-1.1536576317986276, 0.3199186270367129, -0.9899999967217434], "normalizedAxes": [0.9645949602127075, 0.26373589038848877, 5.856113158586335e-17, 0, -2.220446049250313e-16, 1, 0.26373589038848877, -0.9645949602127075, -2.1418310685310693e-16]}, "segments": [4159, 7293, 7222, 4321, 30857, 7708, 4747, 7036, 7998], "label": "sink"}, {"objectId": 13, "id": 13, "partId": 13, "index": 9, "dominantNormal": [0, -2.220446049250313e-16, 1], "obb": {"axesLengths": [0.37769270840864394, 0.2404100841192136, 0.2615794172601461], "centroid": [-0.7667268154005935, 0.3744581109953036, -1.1702049504174663], "normalizedAxes": [-0.22791288793087006, 0.9736815094947815, 2.1620072609857688e-16, 0, -2.220446049250313e-16, 1, 0.9736815094947815, 0.22791288793087006, 5.060682715793298e-17]}, "segments": [30583, 30679, 5438, 5479, 5502, 5506, 5544, 5583, 6025, 6813, 30564, 30571, 30576, 30580, 30597, 30599, 30605], "label": "towel"}, {"objectId": 14, "id": 14, "partId": 14, "index": 10, "dominantNormal": [0.8295894265174866, -0.5583739280700684, -1.2398391825875618e-16], "obb": {"axesLengths": [0.22856412853594213, 0.321030013538226, 0.1740776461663201], "centroid": [-1.0915256155042992, -0.09620697143378398, -1.2105149151269727], "normalizedAxes": [0.5583739280700684, 0.8295893669128418, 1.842058432261688e-16, 0, -2.220446049250313e-16, 1, 0.8295893669128418, -0.5583739280700684, -1.2398391825875618e-16]}, "segments": [3968, 4517, 30224, 3829, 3922, 3952, 3992, 4445, 30179, 30262, 30264, 30269, 30341], "label": "towel"}, {"objectId": 15, "id": 15, "partId": 15, "index": 11, "dominantNormal": [0.9108294248580933, 0.4127829074859619, 9.165621761252616e-17], "obb": {"axesLengths": [0.890785982490972, 1.4907399231775114, 0.582945555065482], "centroid": [-0.6836129158730901, 0.9669704241306201, -0.9753699401310834], "normalizedAxes": [-0.4127829074859619, 0.9108294248580933, 2.022447597967088e-16, 0, -2.220446049250313e-16, 1, 0.9108294248580933, 0.4127829074859619, 9.165621761252616e-17]}, "segments": [36051, 15108, 36111, 26888, 26923, 36054, 15180, 15187, 33132, 36058, 36179, 17291, 16065, 33079, 16876, 17200, 18898, 15128, 18973, 18946, 36857, 36616, 36135, 17170, 16383, 36593, 27038, 36701, 27448, 27010, 15257, 15253, 19868, 36149, 36577, 36202], "label": "toilet"}, {"objectId": 18, "id": 18, "partId": 18, "index": 14, "dominantNormal": [-0.6538822054862976, -0.7565963268280029, -1.6799813247825378e-16], "obb": {"axesLengths": [0.5796791560817249, 0.5129899863975496, 0.207166209707801], "centroid": [-1.4040536890315236, 0.12077382601275932, -1.473504966717101], "normalizedAxes": [0.7565963268280029, -0.6538822054862976, -1.451910159847131e-16, 0, -2.220446049250313e-16, 1, -0.6538822054862976, -0.7565963268280029, -1.6799813247825378e-16]}, "segments": [24273, 24302, 34334, 24423, 5202, 4453, 24312, 24535, 30552, 34375, 34452, 4680, 34366, 34382, 24780], "label": "heater"}, {"objectId": 19, "id": 19, "partId": 19, "index": 15, "dominantNormal": [0.6915156245231628, -0.7223615050315857, -1.6039647499778946e-16], "obb": {"axesLengths": [0.1641998506694664, 0.1599999928474427, 0.09471116007290055], "centroid": [-0.9072105456499948, 0.9631343159904282, -0.48999996319413186], "normalizedAxes": [0.7223615050315857, 0.6915156245231628, 1.5354731364673198e-16, 0, -2.220446049250313e-16, 1, 0.6915156245231628, -0.7223615050315857, -1.6039647499778946e-16]}, "segments": [23930, 23947], "label": "shelf"}, {"objectId": 20, "id": 20, "partId": 20, "index": 16, "dominantNormal": [-0.6865798234939575, -0.7270544171333313, -1.6143851081136946e-16], "obb": {"axesLengths": [0.2810715609509084, 0.16902005294665567, 0.11948406587519171], "centroid": [0.37039311907649, 1.3618918225873786, -1.145489944618419], "normalizedAxes": [0.7270544171333313, -0.6865798234939575, -1.5245134565721353e-16, 0, -2.220446049250313e-16, 1, -0.6865798234939575, -0.7270544171333313, -1.6143851081136946e-16]}, "segments": [34016, 16097, 20421, 34029, 34032, 34037], "label": "item"}, {"objectId": 30, "id": 30, "partId": 30, "index": 25, "dominantNormal": [0.9703434109687805, -0.24173054099082947, -5.3674962472622815e-17], "obb": {"axesLengths": [0.13258495568443857, 0.20417999764874573, 0.10209314577306507], "centroid": [-0.6528908216855942, 1.3147186849270425, -1.4679099980463821], "normalizedAxes": [0.24173052608966827, 0.9703434109687805, 2.1545951933017016e-16, 0, -2.220446049250313e-16, 1, 0.9703434109687805, -0.24173052608966827, -5.3674959163900365e-17]}, "segments": [19772, 33459], "label": "toilet brush"}, {"objectId": 32, "id": 32, "initialPoint": [-0.511005176004094, -0.6501137591502228, -0.36841565083291283], "index": 27, "dominantNormal": [0.9125932455062866, -0.40886861085891724, -9.078706916441464e-17], "obb": {"axesLengths": [0.19837618981687058, 1.517206932964765, 0.16899817136209153], "centroid": [-0.5024877485929965, -0.6646774981515192, -0.9427364350988756], "normalizedAxes": [0.40886861085891724, 0.9125932455062866, 2.0263640665569552e-16, 0, -2.220446049250313e-16, 1, 0.9125932455062866, -0.40886861085891724, -9.078706916441464e-17]}, "segments": [18598, 22327, 20716, 33961, 23238, 16189, 24196, 33500, 33515, 33586, 27928], "partId": 32, "label": "bath robe"}, {"objectId": 33, "id": 33, "initialPoint": [-1.160235433138697, 0.1478616063499677, -1.2774768312027673], "index": 28, "dominantNormal": [0, -2.220446049250313e-16, 1], "obb": {"axesLengths": [0.3769185873519245, 0.1361299722761665, 0.3104158560559757], "centroid": [-1.2696376460237142, 0.24952241664981334, -1.3318749759672202], "normalizedAxes": [0.7845184206962585, -0.620105504989624, -1.376910818672581e-16, 0, -2.220446049250313e-16, 1, -0.620105504989624, -0.7845184206962585, -1.7419808277991023e-16]}, "segments": [24280, 34343, 4852, 34359], "partId": 33, "label": "stool"}, {"objectId": 1, "id": 1, "partId": 1, "index": 29, "dominantNormal": [0, -2.220446049250313e-16, 1], "obb": {"axesLengths": [4.036734465084269, 0.5898100005877769, 2.0861718283821427], "centroid": [-0.16919101994696673, -0.6080687540889427, -1.6649049539512764], "normalizedAxes": [-0.3439301550388336, 0.9389952421188354, 2.0849882756276094e-16, 0, -2.220446049250313e-16, 1, 0.9389952421188354, 0.3439301550388336, 7.636783539740258e-17]}, "segments": [21765, 10225, 1721, 1764, 1801, 1830, 1850, 1871, 1892, 1901, 1902, 1906, 1934, 1959, 1976, 2236, 2246, 3790, 3791, 3914, 3936, 5897, 5940, 6224, 6257, 6292, 6331, 6336, 6337, 6502, 6539, 6581, 6584, 6595, 8495, 8506, 8508, 8513, 8654, 9266, 10695, 11285, 22256, 22934, 27407, 29623, 30538, 30566, 30614, 30760, 30763, 30823, 34436, 34540, 34549, 34558, 35142, 35539, 37694, 5988, 5880, 7126, 7132, 7133, 7138, 7169, 7209, 7257, 7282, 7286, 7326, 7375, 7411, 7469, 7488, 7522, 7573, 7587, 7652, 7974, 8000, 11300, 11340, 11342, 19416, 19455, 19487, 19507, 19527, 19550, 21673, 21691, 21720, 21744, 21754, 21781, 21791, 21989, 22020, 22090, 22092, 22236, 22284, 23612, 30194, 30197, 30202, 30208, 30212, 30216, 32154, 32160, 32177, 33054, 33618, 33630, 35069, 35091, 35478, 25757, 22362, 27882, 5343, 6364, 5943, 24868, 21689, 23159, 19555, 25699, 19565, 21399, 21413, 4597, 4615, 5980, 5997, 6012, 6043, 6053, 6064, 6078, 6099, 6153, 6193, 6413, 6439, 6449, 7799, 7838, 8300, 9688, 9942, 15197, 15203, 16536, 16709, 18889, 18891, 18903, 18909, 18949, 19558, 21381, 21451, 21687, 22115, 22790, 24796, 24797, 25711, 25743, 25752, 26934, 26936, 27399, 27427, 27566, 30647, 30709, 30726, 30742, 30743, 30750, 30751, 30819, 31569, 32087, 33140, 33169, 33551, 33772, 34408, 35071, 35100, 36542, 36557, 36581, 36597, 36743, 36752, 36757], "label": "floor"}, {"objectId": 2, "id": 2, "partId": 2, "index": 30, "dominantNormal": [-0.6750860810279846, -0.7377389669418335, -1.6381095745240015e-16], "obb": {"axesLengths": [1.7423070339876834, 2.4634779737112367, 0.2929977929905702], "centroid": [-1.0486751685101763, -0.3582818237995838, -0.4824609741763546], "normalizedAxes": [0.7377389669418335, -0.6750860810279846, -1.4989922215224652e-16, 0, -2.220446049250313e-16, 1, -0.6750860810279846, -0.7377389669418335, -1.6381095745240015e-16]}, "segments": [10778, 30451, 30015, 1490, 5264, 29899, 2009, 2003, 29903, 2021, 2561, 2299, 2309, 2427, 3817, 30255, 5188, 30180, 34445, 24840, 28970], "label": "wall"}, {"objectId": 3, "id": 3, "partId": 3, "index": 31, "dominantNormal": [0.7938509583473206, -0.6081123948097229, -1.3502807645553958e-16], "obb": {"axesLengths": [2.3539603316349327, 2.8204308713876247, 0.758738521078326], "centroid": [-0.7420767161021309, 0.8984082287098867, -0.6597844307917844], "normalizedAxes": [0.6081123948097229, 0.7938509583473206, 1.7627032241558828e-16, 0, -2.220446049250313e-16, 1, 0.7938509583473206, -0.6081123948097229, -1.3502807645553958e-16]}, "segments": [24718, 25869, 26158, 26151, 17779, 12684, 12754, 15357, 15358, 15399, 15409, 15593, 15597, 15616, 15629, 15844, 15871, 15882, 15980, 15992, 15995, 16001, 16021, 16048, 16272, 16279, 16313, 16781, 16784, 16789, 16797, 16805, 16807, 16912, 16929, 16933, 16957, 16968, 17003, 17032, 19132, 19138, 19233, 21001, 21006, 21029, 21032, 21036, 21085, 21091, 21157, 21822, 21842, 21874, 21976, 22026, 22584, 23559, 23589, 24662, 24669, 25065, 25113, 25565, 25738, 25833, 25996, 26040, 26238, 28925, 32125, 32127, 32149, 32150, 32180, 32181, 32639, 32670, 32674, 32679, 32702, 32712, 32718, 32721, 32724, 32736, 32741, 33486, 33491, 33496, 33505, 33506, 33510, 33649, 33653, 33655, 33710, 35011, 35040, 35043, 35046, 35714, 35719, 35721, 35725, 35765, 35780, 37523, 37586, 17225, 23571, 14521, 14789, 18038, 17817, 2327, 2341, 2362, 2368, 2371, 2405, 2611, 3894, 4186, 4198, 4688, 5154, 5744, 6645, 6656, 6869, 7025, 7425, 7746, 7781, 7785, 7808, 12638, 12652, 12669, 12922, 14542, 15791, 16367, 16384, 16857, 17357, 17366, 17393, 18402, 19066, 19152, 19177, 19193, 19246, 19599, 19615, 19763, 20164, 20301, 20364, 20786, 21344, 21826, 21859, 21911, 21930, 21941, 21942, 21957, 21981, 22040, 22524, 22877, 25271, 25276, 28906, 29945, 30511, 30545, 30547, 30568, 31013, 31020, 32236, 32241, 32265, 32268, 32701, 32985, 32987, 32990, 32992, 32996, 33002, 33051, 33107, 33602, 33663, 34877, 36745, 36748, 36812, 37570, 6686, 28614, 24996, 24932, 31572, 31548, 16115, 34812], "label": "wall"}], "scan_id": "6bde605b-9162-246f-8f73-3a0e3627db01", "annId": "5227", "appId": "stk.v1"}