{"segGroups": [{"objectId": 18, "id": 18, "partId": 18, "index": 0, "dominantNormal": [0.9440651535987854, 0.3297589123249054, 7.322118740769166e-17], "obb": {"axesLengths": [0.265076350446359, 0.45999999806284886, 0.26015287055733666], "centroid": [-2.1814671874551763, 3.4261057354923663, 0.3800000182317209], "normalizedAxes": [-0.3297589123249054, 0.9440651535987854, 2.096245740543313e-16, 0, -2.220446049250313e-16, 1, 0.9440651535987854, 0.3297589123249054, 7.322118740769166e-17]}, "segments": [10124, 10142, 10121, 9971, 35988, 35317, 6340, 35306], "label": "lamp"}, {"objectId": 19, "id": 19, "partId": 19, "index": 1, "dominantNormal": [0, -2.220446049250313e-16, 1], "obb": {"axesLengths": [0.9257128675099967, 0.355514995257966, 0.3727302357905545], "centroid": [0.6507492018056421, 2.187457251132321, -0.8230224497907783], "normalizedAxes": [-0.545896589756012, 0.8378525376319885, 1.8604063570392982e-16, 0, -2.220446049250313e-16, 1, 0.8378525376319885, 0.545896589756012, 1.2121339260229557e-16]}, "segments": [39220, 19415, 38021, 38013, 25282], "label": "pillow"}, {"objectId": 20, "id": 20, "partId": 20, "index": 2, "dominantNormal": [0.8920168876647949, 0.4520021080970764, 1.0036462951769663e-16], "obb": {"axesLengths": [0.5551177907539181, 0.30997895501601036, 0.26379497994057044], "centroid": [0.729362459678491, 1.9605669185434607, -0.8457904699117562], "normalizedAxes": [-0.4520021080970764, 0.8920168876647949, 1.9806753740798542e-16, 0, -2.220446049250313e-16, 1, 0.8920168876647949, 0.4520021080970764, 1.0036462951769663e-16]}, "segments": [39190, 19440, 23865, 17593, 38037, 19638], "label": "pillow"}, {"objectId": 21, "id": 21, "partId": 21, "index": 3, "dominantNormal": [0, -2.220446049250313e-16, 1], "obb": {"axesLengths": [0.5852243949783104, 0.20469599504703284, 0.27073159198752267], "centroid": [0.13127458584928373, 2.72290693179719, -0.8876519732924085], "normalizedAxes": [0.9515847563743591, -0.3073865473270416, -6.82535244605024e-17, 0, -2.220446049250313e-16, 1, -0.3073865473270416, -0.9515847563743591, -2.1129426128182674e-16]}, "segments": [39294, 25991, 21973], "label": "pillow"}, {"objectId": 22, "id": 22, "partId": 22, "index": 4, "dominantNormal": [-0.28175511956214905, -0.9594863653182983, -2.1304877091805582e-16], "obb": {"axesLengths": [0.5293927848804749, 0.42444204335416735, 0.25237026626119663], "centroid": [0.26231863577171366, 2.857895783241098, -0.7887689725061713], "normalizedAxes": [0.9594863653182983, -0.28175511956214905, -6.256220420878235e-17, 0, -2.220446049250313e-16, 1, -0.28175511956214905, -0.9594863653182983, -2.1304877091805582e-16]}, "segments": [23960, 39272, 39307, 40578], "label": "pillow"}, {"objectId": 23, "id": 23, "partId": 23, "index": 5, "dominantNormal": [-0.08607304096221924, -0.9962888360023499, -2.2122056098136108e-16], "obb": {"axesLengths": [0.6485544209828537, 0.3906250508734943, 0.31761755996727326], "centroid": [0.1563155958841753, 3.0596124713799884, -0.8070974897718968], "normalizedAxes": [0.9962888360023499, -0.08607304096221924, -1.9112054375152007e-17, 0, -2.220446049250313e-16, 1, -0.08607304096221924, -0.9962888360023499, -2.2122056098136108e-16]}, "segments": [12411, 13945, 20513, 20520], "label": "pillow"}, {"objectId": 25, "id": 25, "partId": 25, "index": 6, "dominantNormal": [0.9962863326072693, 0.08610165119171143, 1.9118407122256415e-17], "obb": {"axesLengths": [0.42797618739386717, 0.3972170264150865, 0.2633372088161035], "centroid": [0.919353430363729, 1.5655940801821218, -0.7919404759791362], "normalizedAxes": [-0.08610165119171143, 0.9962863326072693, 2.2122000511598945e-16, 0, -2.220446049250313e-16, 1, 0.9962863326072693, 0.08610165119171143, 1.9118407122256415e-17]}, "segments": [38098, 16884, 17560, 16822], "label": "pillow"}, {"objectId": 26, "id": 26, "partId": 26, "index": 7, "dominantNormal": [0.4931473135948181, -0.8699458241462708, -1.9316677682873945e-16], "obb": {"axesLengths": [0.6628133294366767, 0.45999996826052714, 0.2225307395764841], "centroid": [-0.07394830619767592, 3.223599316763088, -0.8999999692513031], "normalizedAxes": [0.8699458241462708, 0.4931473135948181, 1.0950070041700191e-16, 0, -2.220446049250313e-16, 1, 0.4931473135948181, -0.8699458241462708, -1.9316677682873945e-16]}, "segments": [41793, 10228, 6235], "label": "blanket"}, {"objectId": 27, "id": 27, "partId": 27, "index": 8, "dominantNormal": [0.9059831500053406, 0.4233137369155884, 9.399453147276046e-17], "obb": {"axesLengths": [0.9523678202629585, 1.2799999427795414, 0.15725427325489538], "centroid": [0.9932459391256068, 2.1619824839899615, -0.0499999942107483], "normalizedAxes": [-0.4233137369155884, 0.9059831500053406, 2.0116867061167122e-16, 0, -2.220446049250313e-16, 1, 0.9059831500053406, 0.4233137369155884, 9.399453147276046e-17]}, "segments": [16385, 16533], "label": "window"}, {"objectId": 28, "id": 28, "partId": 28, "index": 9, "dominantNormal": [0.9045202136039734, 0.42643073201179504, 9.468664341745093e-17], "obb": {"axesLengths": [1.1453678361424464, 0.39999998211860677, 0.10118554295331511], "centroid": [0.8770074913188743, 2.4139855643598374, 0.43000000668332117], "normalizedAxes": [-0.42643073201179504, 0.9045202136039734, 2.008438334763992e-16, 0, -2.220446049250313e-16, 1, 0.9045202136039734, 0.42643073201179504, 9.468664341745093e-17]}, "segments": [38344, 34679, 8045, 2538], "label": "curtain"}, {"objectId": 29, "id": 29, "partId": 29, "index": 10, "dominantNormal": [0, -2.220446049250313e-16, 1], "obb": {"axesLengths": [0.3692305378255412, 0.2799999651312836, 0.3097058260963626], "centroid": [-1.0147641949884325, 3.4470136782769205, -0.6299999645574375], "normalizedAxes": [0.8667024374008179, -0.4988255202770233, -1.1076151557643484e-16, 0, -2.220446049250313e-16, 1, -0.4988255202770233, -0.8667024374008179, -1.9244660030022628e-16]}, "segments": [28511, 41097, 41127, 41106, 31543, 20393, 28047, 28049, 28510, 28538, 31569, 31571, 39949, 41153], "label": "light"}, {"objectId": 30, "id": 30, "partId": 30, "index": 11, "dominantNormal": [0.994440495967865, -0.10530031472444534, -2.3381366781470923e-17], "obb": {"axesLengths": [0.6306245569855852, 0.4116449860115721, 0.363978888819399], "centroid": [-1.4431193646325942, 3.615491937535041, -0.705040452315348], "normalizedAxes": [0.10530031472444534, 0.994440495967865, 2.2081014704863677e-16, 0, -2.220446049250313e-16, 1, 0.994440495967865, -0.10530031472444534, -2.3381366781470923e-17]}, "segments": [34730, 31901, 6406, 6546, 6564, 6692, 6723, 31625, 31628, 31912, 34755, 37570, 41243, 41309, 41350, 6534, 6562, 34684, 41836], "label": "light"}, {"objectId": 31, "id": 31, "partId": 31, "index": 12, "dominantNormal": [0.25568076968193054, -0.9667612910270691, -2.1466412892291877e-16], "obb": {"axesLengths": [0.3467882739739519, 0.3024060062526314, 0.09855918703660604], "centroid": [-2.0023139569662836, 3.4033742987900464, -0.5187969819947238], "normalizedAxes": [0.9667612910270691, 0.25568076968193054, 5.677253549095219e-17, 0, -2.220446049250313e-16, 1, 0.25568076968193054, -0.9667612910270691, -2.1466412892291877e-16]}, "segments": [363, 2274], "label": "box"}, {"objectId": 4, "id": 4, "partId": 4, "index": 13, "dominantNormal": [0.8881953954696655, -0.459465891122818, -1.0202192227089357e-16], "obb": {"axesLengths": [0.684191497028063, 1.8885339523434492, 0.3817518967467797], "centroid": [0.0684722159283859, 3.5331800582875745, -0.8057329681201337], "normalizedAxes": [0.4594659209251404, 0.8881953954696655, 1.9721899568329382e-16, 0, -2.220446049250313e-16, 1, 0.8881953954696655, -0.4594659209251404, -1.0202192888833847e-16]}, "segments": [3435, 4353, 4389, 3324, 26409, 43980, 26367, 4162, 33836, 3441, 3255, 3295, 3403, 3496, 3623, 3992, 4118, 4271, 4314, 33648, 33849, 39412, 28447, 36834, 28446, 28450, 39760, 9057, 23784, 9055, 9102, 9005, 9028, 9040, 17011], "label": "lamp"}, {"objectId": 35, "id": 35, "partId": 35, "index": 15, "dominantNormal": [0, -2.220446049250313e-16, 1], "obb": {"axesLengths": [0.39174357006073396, 0.23999998554587385, 0.2501511882314163], "centroid": [-0.46706496458246194, 4.2807288168822755, 0.17000000899300138], "normalizedAxes": [0.9523105621337891, 0.3051304817199707, 6.775257726409538e-17, 0, -2.220446049250313e-16, 1, 0.3051304817199707, -0.9523105621337891, -2.1145542253493167e-16]}, "segments": [29233, 29229, 29248, 13242], "label": "box"}, {"objectId": 36, "id": 36, "partId": 36, "index": 16, "dominantNormal": [-0.5735976099967957, -0.8191372156143188, -1.8188499942047162e-16], "obb": {"axesLengths": [0.29153654542564367, 0.289382998882614, 0.1738389154958178], "centroid": [-2.374471364974399, 3.1826701371202164, 0.194691515661372], "normalizedAxes": [0.8191372156143188, -0.5735976099967957, -1.2736425469768068e-16, 0, -2.220446049250313e-16, 1, -0.5735976099967957, -0.8191372156143188, -1.8188499942047162e-16]}, "segments": [230, 33541, 35137], "label": "lamp"}, {"objectId": 37, "id": 37, "partId": 37, "index": 17, "dominantNormal": [0, -2.220446049250313e-16, 1], "obb": {"axesLengths": [0.20094769419421452, 0.10080995930411007, 0.11545165455436221], "centroid": [-0.850543636021737, 0.17731524685139366, -0.5405059617121655], "normalizedAxes": [0.5049058198928833, 0.8631744384765625, 1.9166322717291406e-16, 0, -2.220446049250313e-16, 1, 0.8631744384765625, -0.5049058198928833, -1.1211161330246429e-16]}, "segments": [37095, 37090], "label": "item"}, {"objectId": 38, "id": 38, "partId": 38, "index": 18, "dominantNormal": [0.8344449996948242, -0.551091194152832, -1.223668264833293e-16], "obb": {"axesLengths": [0.23016823686600865, 0.15999996304512099, 0.10311213254010922], "centroid": [-0.9662494044708719, 0.30923173592863407, -0.509999962471275], "normalizedAxes": [0.551091194152832, 0.8344449996948242, 1.8528401028890511e-16, 0, -2.220446049250313e-16, 1, 0.8344449996948242, -0.551091194152832, -1.223668264833293e-16]}, "segments": [6773, 6933], "label": "item"}, {"objectId": 1, "id": 1, "partId": 1, "index": 19, "dominantNormal": [0, -2.220446049250313e-16, 1], "obb": {"axesLengths": [5.515816463389665, 0.5522899504239122, 4.421143533645705], "centroid": [-0.11154344660265708, 1.3384712771423632, -1.5415149416657896], "normalizedAxes": [0.7831891775131226, -0.6217834949493408, -1.3806367048493158e-16, 0, -2.220446049250313e-16, 1, -0.6217834949493408, -0.7831891775131226, -1.7390293150246151e-16]}, "segments": [10379, 11139, 33453, 43040, 10720, 23576, 19138, 21591, 29662, 18362, 28552, 44005, 26073, 18113, 44077, 29603, 32328, 32368, 32858, 20088, 32932, 23529, 4856, 6303, 4455, 2663, 25499, 8243, 43680, 730, 916, 918, 998, 1095, 1108, 1146, 1160, 1174, 1205, 1213, 1255, 1266, 1271, 1281, 1299, 1311, 1480, 1503, 1553, 2131, 2238, 2410, 2425, 2445, 2446, 2462, 2473, 2474, 2477, 2486, 2525, 2567, 2578, 2582, 2585, 2604, 2645, 2658, 2666, 2668, 2729, 2803, 2814, 2865, 2918, 2939, 2948, 2963, 2982, 3007, 3016, 3044, 3067, 3070, 3102, 3145, 3162, 3376, 3379, 4517, 4534, 4542, 4580, 4582, 4596, 4616, 4619, 4621, 4671, 4685, 4699, 4718, 4723, 4960, 5009, 5027, 5028, 5033, 5095, 5111, 5122, 5181, 5204, 5210, 5826, 7292, 7293, 7337, 7348, 7363, 7375, 7403, 7524, 7543, 7548, 7557, 7798, 7811, 7813, 7854, 7868, 7872, 7876, 7891, 7912, 7920, 7921, 7922, 7923, 7929, 7945, 7961, 7966, 7972, 7980, 7984, 7991, 7995, 8006, 8035, 8037, 8041, 8049, 8183, 8192, 8204, 8209, 8211, 8212, 8237, 8239, 8726, 8756, 8783, 8949, 8951, 8988, 10904, 11084, 11101, 11118, 11124, 11134, 11154, 11172, 11174, 11187, 11194, 11226, 11236, 11270, 11281, 11288, 11300, 11304, 11323, 11331, 11343, 11359, 11376, 11393, 11395, 11412, 11416, 11418, 11437, 11444, 11453, 11454, 11455, 11458, 11469, 11528, 11536, 11542, 11555, 11572, 11581, 11590, 11591, 11599, 11607, 11657, 11661, 11674, 11725, 11760, 11761, 11780, 11792, 11823, 11879, 11900, 11901, 11908, 11909, 11922, 11932, 11933, 12005, 12013, 12014, 12034, 12065, 12075, 12108, 12147, 12182, 12204, 12296, 12349, 12368, 12383, 12391, 12393, 12395, 12414, 12420, 12428, 12430, 12440, 12447, 12449, 12457, 12458, 12496, 12501, 12502, 12524, 12560, 12591, 12595, 12643, 12661, 12693, 12752, 12755, 12808, 12886, 12912, 12930, 13055, 13061, 13136, 13153, 13156, 13178, 13203, 13219, 13225, 13258, 13295, 13346, 13415, 13425, 13427, 13569, 13607, 13615, 13620, 13626, 13642, 13721, 13760, 13789, 13822, 13841, 13859, 13862, 13864, 13871, 13890, 13919, 13926, 13957, 13973, 13975, 14003, 14004, 14006, 14038, 14067, 14075, 14099, 14104, 14125, 14128, 14136, 14145, 14168, 14172, 14176, 14183, 14189, 14192, 14201, 14219, 14235, 14291, 14317, 14327, 14339, 14355, 14357, 14359, 14393, 14450, 14482, 14484, 14494, 14504, 14511, 14529, 14592, 14642, 15312, 15330, 15384, 15402, 15417, 15421, 15483, 15796, 15876, 16607, 16617, 16633, 16659, 16980, 16985, 16988, 16999, 17006, 17016, 17024, 17028, 17035, 17044, 17045, 17051, 17092, 17120, 17204, 17217, 17225, 17238, 17268, 17319, 17320, 17405, 17409, 17416, 17443, 17445, 17453, 17465, 17631, 17659, 17690, 17691, 17696, 17770, 17794, 17828, 17850, 17890, 18008, 18101, 18224, 18228, 18337, 18460, 18483, 18487, 18507, 18769, 18775, 18822, 18847, 18853, 18854, 18870, 18877, 18963, 19046, 19091, 19115, 19122, 19133, 19171, 19360, 19383, 19462, 19529, 19695, 20103, 20150, 20210, 20225, 20320, 20784, 20841, 20894, 21542, 21577, 21642, 21657, 21671, 22617, 22770, 22781, 22834, 22867, 22871, 23067, 23155, 23222, 23306, 23331, 23684, 24276, 24285, 24349, 24866, 25261, 25614, 26111, 26584, 26616, 26668, 26703, 26835, 27002, 27081, 27101, 27182, 27212, 27231, 27335, 27349, 27419, 27502, 27653, 27664, 27826, 28385, 29145, 29149, 29163, 29168, 29179, 29182, 29186, 29286, 29291, 29533, 29848, 29909, 29931, 30105, 30144, 30352, 30380, 30391, 30569, 30599, 30721, 32022, 32023, 32024, 32278, 32287, 32503, 32640, 32890, 32893, 32930, 32933, 32937, 32943, 32955, 32978, 33399, 33601, 33602, 33610, 33613, 33624, 33627, 33632, 33772, 33812, 33815, 33851, 33877, 33903, 33906, 33909, 33914, 34396, 34415, 34427, 34453, 34455, 34567, 34569, 34957, 34964, 34978, 34983, 34985, 34990, 34992, 34997, 35008, 35012, 35022, 35023, 35067, 35070, 35076, 35081, 35092, 35144, 35151, 35184, 35193, 35233, 35321, 35323, 35349, 35350, 35368, 35371, 35391, 35395, 35396, 35408, 35414, 35500, 35514, 35554, 35595, 35601, 35640, 35641, 35643, 35646, 35651, 35670, 35673, 35799, 35804, 35811, 35812, 35826, 35829, 35830, 35835, 35836, 35848, 35856, 35861, 35875, 35876, 35880, 35886, 35898, 35914, 35924, 36119, 36121, 36124, 36129, 36134, 36136, 36138, 36146, 36162, 36169, 36177, 36178, 36181, 36193, 36197, 36202, 36206, 36210, 36218, 36222, 36225, 36498, 36507, 36511, 36537, 36687, 36695, 36720, 36724, 36750, 36773, 36775, 36778, 36830, 36855, 36858, 36864, 36867, 36871, 37137, 37308, 37644, 37752, 37775, 37781, 37785, 37791, 37795, 37798, 38863, 38900, 38911, 38959, 38961, 38971, 38977, 39164, 39535, 39979, 40131, 40173, 40607, 40727, 40950, 41082, 41155, 41750, 41759, 42188, 42261, 42375, 42473, 43104, 43244, 43284, 43789, 43900, 44096, 44271, 31022, 26700, 11198, 12316, 12211, 695, 889, 2209, 33875, 3097, 31432, 11530, 11592, 11350, 11679, 11645, 35808, 26673, 11503, 33462, 27087, 35230, 11728, 11566, 35381, 11338], "label": "floor"}, {"objectId": 2, "id": 2, "partId": 2, "index": 20, "dominantNormal": [0, -2.220446049250313e-16, 1], "obb": {"axesLengths": [2.3567129294936238, 0.8191220577257408, 0.9696021453466082], "centroid": [0.4835322796437088, 2.298645126119172, -0.986108979691958], "normalizedAxes": [-0.5145787000656128, 0.8574431538581848, 1.9039062634411348e-16, 0, -2.220446049250313e-16, 1, 0.8574431538581848, 0.5145787000656128, 1.1425942415890517e-16]}, "segments": [28479, 39111, 23933, 20533, 11991, 13506, 29283, 18592, 38085, 15614, 16039, 16852, 39849, 30197, 39826, 27316, 3682, 15607, 15661, 15688, 16035, 16317, 16461, 16481, 16626, 17176, 17599, 17637, 19369, 20928, 21954, 23965, 23984, 24022, 24052, 24057, 24085, 25307, 25313, 25857, 26152, 26160, 26823, 27768, 27781, 36358, 36396, 36400, 36426, 36434, 36562, 36780, 36806, 37024, 37027, 38144, 39128, 39162, 39597, 39601, 39603, 39837, 39521, 16321], "label": "couch"}, {"objectId": 3, "id": 3, "partId": 3, "index": 21, "dominantNormal": [0.8808683156967163, 0.47336137294769287, 1.0510733904294087e-16], "obb": {"axesLengths": [3.9350128172406857, 2.1958099708897625, 0.4449505736042249], "centroid": [0.6526330160615614, 2.6661381371600577, -0.30790496505249165], "normalizedAxes": [-0.47336140275001526, 0.8808683156967163, 1.9559205714985513e-16, 0, -2.220446049250313e-16, 1, 0.8808683156967163, 0.47336140275001526, 1.0510734566038577e-16]}, "segments": [555, 15170, 38565, 16568, 24131, 30515, 21611, 22854, 16287, 10303, 33640, 2893, 2773, 16096, 9982, 8629, 22158, 22726, 32725, 9389, 25820, 17293, 23762, 39924, 39920, 4474, 38508, 36382, 8573, 23178, 33859, 1186, 320, 1452, 1478, 337, 314, 311, 1498, 2142, 16064, 36496, 16056, 9778, 9757, 35048, 664, 179, 539, 1139, 937, 14400, 15250, 965, 14552, 14519, 6800, 23733, 9156, 9231], "label": "wall"}, {"objectId": 5, "id": 5, "partId": 5, "index": 22, "dominantNormal": [0.8843035101890564, 0.46691247820854187, 1.0367539675838297e-16], "obb": {"axesLengths": [1.9814054872808455, 2.3440929127314765, 0.4825844973463415], "centroid": [-2.127283028189154, 2.464794735421925, -0.2907234795451856], "normalizedAxes": [-0.46691250801086426, 0.8843035101890564, 1.9635482355374743e-16, 0, -2.220446049250313e-16, 1, 0.8843035101890564, 0.46691250801086426, 1.0367540337582787e-16]}, "segments": [480, 42110, 34761, 7004, 6909, 31235, 17482, 23920, 13450, 13379, 15928, 15958, 15841, 6681, 31420, 40491, 40694, 32284, 13086, 32330, 13289, 16708, 16709, 15907, 29481, 29466, 29440, 31413, 41077, 40490, 31427, 29508, 31421, 6640, 6373, 6379, 22136, 13360, 36113, 13026, 32291, 10234, 10241, 35374, 19613, 15013, 15020, 15975, 15147], "label": "wall"}, {"objectId": 6, "id": 6, "partId": 6, "index": 23, "dominantNormal": [0, -2.220446049250313e-16, 1], "obb": {"axesLengths": [0.8422862835601368, 0.7039720258719017, 0.7921118362619164], "centroid": [-1.4425555038257685, 2.043926553531554, -0.8823339873997698], "normalizedAxes": [0.9512701630592346, 0.308358758687973, 6.846939874804404e-17, 0, -2.220446049250313e-16, 1, 0.308358758687973, -0.9512701630592346, -2.1122440753345786e-16]}, "segments": [7786, 37124, 41701, 18948, 20735, 20013, 40498, 31978, 40974, 22144, 22152, 24628, 31246, 31254, 29136, 6468], "label": "armchair"}, {"objectId": 7, "id": 7, "partId": 7, "index": 24, "dominantNormal": [0.8531899452209473, 0.5216003060340881, 1.1581853388211452e-16], "obb": {"axesLengths": [1.234405311653808, 1.310769938436822, 0.33163331537770413], "centroid": [-1.0361595859078294, 0.2584613900195345, -0.7253849513592188], "normalizedAxes": [-0.5216003060340881, 0.8531899452209473, 1.8944622431259434e-16, 0, -2.220446049250313e-16, 1, 0.8531899452209473, 0.5216003060340881, 1.1581853388211452e-16]}, "segments": [36899, 23911, 32397, 32767, 32815, 19810, 31465, 31471], "label": "wall"}, {"objectId": 8, "id": 8, "partId": 8, "index": 25, "dominantNormal": [0.8773849010467529, 0.4797871708869934, 1.0653415280770093e-16], "obb": {"axesLengths": [0.7318566677221615, 0.2999999977648257, 0.07282854403445688], "centroid": [-0.9915515631996634, 0.2514688605282611, -0.21999998102322071], "normalizedAxes": [-0.4797872006893158, 0.8773849010467529, 1.9481858372011394e-16, 0, -2.220446049250313e-16, 1, 0.8773849010467529, 0.4797872006893158, 1.0653415942514583e-16]}, "segments": [32471, 19785, 24135, 25809, 14422], "label": "tv"}, {"objectId": 9, "id": 9, "partId": 9, "index": 26, "dominantNormal": [0.8280134797096252, 0.5607081651687622, 1.24502223013137e-16], "obb": {"axesLengths": [0.8384605982582137, 0.9241199584874515, 0.4147269094969385], "centroid": [-0.8610738809228353, 0.2931488302837124, -0.9320599509537206], "normalizedAxes": [-0.5607081651687622, 0.8280134797096252, 1.8385592597472416e-16, 0, -2.220446049250313e-16, 1, 0.8280134797096252, 0.5607081651687622, 1.24502223013137e-16]}, "segments": [27919, 8442, 37011, 19941, 23195, 27992, 39649, 28014, 22664, 8523, 19881, 19921, 21940, 22622, 22657, 22672, 23358, 23383, 27297, 37108, 37969, 37979, 37983, 39326, 39537, 39543, 39605, 39609, 39626], "label": "tv stand"}, {"objectId": 10, "id": 10, "partId": 10, "index": 27, "dominantNormal": [0.4865497350692749, -0.8736528754234314, -1.9398990756501342e-16], "obb": {"axesLengths": [0.9072510203322055, 1.780000021010636, 0.545366992988583], "centroid": [-2.152836066139651, 3.285092495578397, -0.5599999881757776], "normalizedAxes": [0.8736528754234314, 0.4865497350692749, 1.080357436998358e-16, 0, -2.220446049250313e-16, 1, 0.4865497350692749, -0.8736528754234314, -1.9398990756501342e-16]}, "segments": [32091, 3198, 3603, 3564, 34944, 34833, 20238, 38164, 37174, 26316, 7666, 4208, 34104, 4281, 3852, 34268, 34081, 3772, 34458, 35453, 256, 305, 319, 350, 1924, 2023, 2044, 2196, 2290, 2331, 2337, 2351, 2781, 3183, 3202, 3244, 3265, 3291, 3297, 3341, 3345, 3571, 3581, 3598, 3657, 3691, 3707, 3759, 3822, 3828, 3836, 3880, 3951, 4148, 4209, 4273, 4510, 4703, 4756, 4767, 5738, 6071, 6106, 6395, 13495, 20250, 20283, 20309, 20311, 20337, 20351, 26417, 26438, 26498, 26796, 32084, 32087, 32939, 32975, 33488, 33546, 33551, 33554, 33559, 33730, 33757, 33775, 33934, 33935, 33943, 33964, 34005, 34024, 34029, 34031, 34034, 34036, 34049, 34116, 34120, 34138, 34148, 34153, 34211, 34391, 34518, 34878, 34896, 34902, 37216, 38081, 38744, 40941, 41975, 472, 4988, 3637, 2844, 10553, 32079, 34514, 41055, 41015, 5563, 33220], "label": "shelf"}, {"objectId": 11, "id": 11, "partId": 11, "index": 28, "dominantNormal": [0.46319329738616943, -0.8862572908401489, -1.9678865000652944e-16], "obb": {"axesLengths": [2.795368963273787, 1.698502979461036, 0.2981776700781115], "centroid": [-1.3773116625590645, 3.857878313164748, 0.0207485121844313], "normalizedAxes": [0.8862572908401489, 0.46319329738616943, 1.0284957272203453e-16, 0, -2.220446049250313e-16, 1, 0.46319329738616943, -0.8862572908401489, -1.9678865000652944e-16]}, "segments": [177, 9680, 1582, 1596, 4310, 6947, 7024, 9616, 9676, 9681, 12564, 12872, 12876, 13293, 31320, 10499, 38850, 9948, 1669, 1676, 1755, 1766, 1780, 1802, 1817, 1824, 1883, 1886, 2540, 2542, 3394, 3438, 3987, 3990, 4020, 4036, 4056, 4127, 4158, 4172, 4728, 4783, 4819, 5285, 5580, 6153, 6158, 6174, 6278, 6294, 6324, 6329, 6360, 6390, 6423, 9508, 9524, 9791, 9809, 9917, 9925, 10085, 10158, 10162, 10164, 10183, 10467, 10523, 10542, 10558, 10566, 12186, 12237, 12251, 12272, 12384, 33490, 33528, 33682, 33718, 33721, 33889, 33892, 33918, 34040, 34133, 34134, 34149, 34408, 34412, 34422, 34438, 34439, 35273, 35383, 35418, 35479, 35492, 35498, 35947, 12473, 22901, 7175, 7063, 36233, 14333, 14328, 36256, 19968, 4381, 4398, 4298, 58, 31354, 6962, 1986], "label": "wall"}, {"objectId": 12, "id": 12, "partId": 12, "index": 29, "dominantNormal": [0.44844362139701843, -0.8938111066818237, -1.9846593406077056e-16], "obb": {"axesLengths": [0.946971425985817, 1.6275199138927472, 0.47448479317188436], "centroid": [-0.5666585129599053, 4.202337813564478, -0.5837599413223555], "normalizedAxes": [0.8938111066818237, 0.44844362139701843, 9.957448674425127e-17, 0, -2.220446049250313e-16, 1, 0.44844362139701843, -0.8938111066818237, -1.9846593406077056e-16]}, "segments": [37257, 1361, 10915, 17492, 22693, 16415, 8476, 18299, 21796, 21808, 21260, 1412, 19984, 39372, 37734, 30898, 39410, 26296, 22496, 37722, 38656, 21478, 24681, 26259, 1365, 1382, 1389, 1401, 4346, 4397, 10335, 18090, 18287, 20756, 20865, 21239, 21307, 21324, 21335, 21457, 21458, 21463, 21483, 21720, 21742, 21761, 21790, 21825, 22329, 22339, 22362, 22505, 24717, 24737, 26213, 26257, 29084, 29129, 30831, 30838, 30878, 31076, 32215, 32273, 36845, 36852, 37237, 37260, 37291, 37380, 37405, 37410, 37435, 37438, 37452, 37622, 37625, 37629, 37640, 38898, 38902, 38985, 39388, 40853, 40904, 41548], "label": "shelf"}, {"objectId": 13, "id": 13, "partId": 13, "index": 30, "dominantNormal": [0.6189829111099243, -0.7854044437408447, -1.7439481941679985e-16], "obb": {"axesLengths": [1.1926039165612308, 1.4750799095240248, 0.9372179478637964], "centroid": [-1.2673413248850558, 3.6033950677253515, -0.6875399385419478], "normalizedAxes": [0.7854044437408447, 0.6189829111099243, 1.3744181595274892e-16, 0, -2.220446049250313e-16, 1, 0.6189829111099243, -0.7854044437408447, -1.7439481941679985e-16]}, "segments": [41820, 32110, 9319, 28139, 41289, 6398, 28116, 41212, 31756, 12, 66, 404, 1289, 5900, 5947, 5995, 6012, 9282, 9310, 9328, 9351, 12127, 12143, 20399, 22255, 28110, 28122, 28126, 28154, 28155, 28160, 28162, 28183, 28185, 28211, 28241, 29749, 29787, 31340, 31701, 31761, 31791, 31834, 32171, 32197, 32198, 32207, 33534, 33539, 34647, 34653, 35122, 35127, 35935, 37547, 37560, 37566, 39666, 39674, 39707, 40507, 41172, 41177, 41246, 41298, 41767, 41769, 41840, 41848, 41849, 41851, 41855, 22291, 39743, 28143, 22286, 22209, 12161, 23668, 23670, 24718, 24761, 24785, 24791, 28548, 41343, 5712, 34801, 1303, 1370, 1464, 2021, 5232, 5251, 5259, 5492, 5541, 5716, 5744, 5758, 5763, 6497, 6939, 6956, 6968, 7103, 7137, 7146, 7461, 7480, 7497, 20637, 20762, 20825, 21240, 21283, 21300, 21344, 21360, 22952, 22996, 23860, 23941, 23974, 24478, 24502, 24605, 25050, 25052, 25068, 25080, 25111, 25130, 25173, 25174, 25190, 25212, 25236, 25244, 25311, 25317, 26260, 26345, 26503, 26515, 26522, 26642, 32391, 32433, 32456, 32473, 32475, 32477, 32526, 33304, 33357, 33359, 33375, 33532, 34441, 34466, 34468, 34471, 34473, 34475, 34552, 34555, 34558, 34615, 34617, 34618, 34626, 37287, 37456, 37649, 37662, 37737, 37780, 37828, 37835, 37838, 37854, 38079, 39026, 39031, 40881, 41745, 42081, 42082, 42084, 42087, 42092, 42124, 32431, 5479, 23019, 37764, 7076, 1678, 5055, 5063, 5521, 5551, 5576, 7108, 7151, 7179, 7203, 7213, 7225, 7240, 7247, 10608, 20750, 22315, 23720, 23818, 24951, 24961, 25013, 25030, 25079, 25612, 25617, 25767, 25778, 29068, 32486, 32494, 32504, 32560, 32574, 33161, 33163, 33193, 34445, 34449, 34575, 34580, 34583, 34628, 34775, 34781, 34787, 35504, 37441, 37646, 37859, 41013, 42095, 42099, 43819, 37385, 5590, 5605, 34610, 54], "label": "table"}, {"objectId": 41, "id": 41, "partId": 41, "index": 33, "dominantNormal": [0.9169392585754395, 0.3990268111228943, 8.860175063027815e-17], "obb": {"axesLengths": [0.09905404114629651, 0.23949992121383712, 0.08787112479076144], "centroid": [0.8766449571122047, 1.0988782515742794, -1.30974997463621], "normalizedAxes": [-0.3990268111228943, 0.9169392585754395, 2.0360141541063458e-16, 0, -2.220446049250313e-16, 1, 0.9169392585754395, 0.3990268111228943, 8.860175063027815e-17]}, "segments": [36739], "label": "item"}, {"objectId": 49, "id": 49, "partId": 49, "index": 34, "dominantNormal": [0.9301833510398865, 0.3670952618122101, 8.151152237894312e-17], "obb": {"axesLengths": [0.6929679296467082, 0.18304800578099467, 0.14787696412386112], "centroid": [-2.0315862198439394, 2.5993318490830353, 0.8615239831987638], "normalizedAxes": [-0.3670952618122101, 0.9301833510398865, 2.065421946894933e-16, 0, -2.220446049250313e-16, 1, 0.9301833510398865, 0.3670952618122101, 8.151152237894312e-17]}, "segments": [36566, 15885, 16781, 36599, 16749, 16799, 16651, 16689, 16773, 36626, 36587, 16738], "label": "shelf"}, {"objectId": 44, "id": 44, "partId": 44, "index": 35, "dominantNormal": [0.5477416515350342, -0.8366475105285645, -1.8577306593682607e-16], "obb": {"axesLengths": [0.5251985656502751, 0.7240279602104133, 0.20128577231301029], "centroid": [-1.181604239308105, 3.878200885516636, 0.1417280048268752], "normalizedAxes": [0.8366475105285645, 0.5477416515350342, 1.2162307861608083e-16, 0, -2.220446049250313e-16, 1, 0.5477416515350342, -0.8366475105285645, -1.8577306593682607e-16]}, "segments": [7633, 36101, 31129, 617, 12933], "label": "picture"}, {"objectId": 57, "id": 57, "partId": 57, "index": 36, "dominantNormal": [0.487754225730896, -0.8729810118675232, -1.9384072388717826e-16], "obb": {"axesLengths": [1.0774661056357913, 0.7400000078976146, 0.19501004777142317], "centroid": [-1.353989973623522, 3.9001343733237155, 0.48000001748666277], "normalizedAxes": [0.8729810118675232, 0.487754225730896, 1.0830319435293134e-16, 0, -2.220446049250313e-16, 1, 0.487754225730896, -0.8729810118675232, -1.9384072388717826e-16]}, "segments": [10394, 13312, 41433, 600, 12675, 783, 10395], "label": "window"}, {"objectId": 15, "id": 15, "partId": 15, "index": 37, "dominantNormal": [0.3088565468788147, -0.9511086344718933, -2.1118854098209756e-16], "obb": {"axesLengths": [0.6562569798256962, 0.8369499853935092, 0.42744720253283663], "centroid": [1.176617296810193, 1.2558268372516999, -0.988474956211111], "normalizedAxes": [0.9511086344718933, 0.3088565468788147, 6.857992993021582e-17, 0, -2.220446049250313e-16, 1, 0.3088565468788147, -0.9511086344718933, -2.1118854098209756e-16]}, "segments": [36552, 36658, 36278, 14932, 14820, 36455, 15452, 14884, 36314, 14610, 14976, 15085, 15087, 15093, 15132, 15134, 15266, 15426, 15440, 15769, 16331, 17078, 36281, 36346, 36710, 15741, 15540, 36366, 36350], "label": "boxes"}, {"objectId": 16, "id": 16, "partId": 16, "index": 38, "dominantNormal": [-0.001190805691294372, -0.9999992847442627, -2.220444461063537e-16], "obb": {"axesLengths": [0.5710805742343036, 0.626135990929544, 0.5080854462942893], "centroid": [0.6154142366835049, 0.9639649860506777, -1.0874619372978351], "normalizedAxes": [0.9999992847442627, -0.001190805807709694, -2.644120051153318e-19, 0, -2.220446049250313e-16, 1, -0.001190805807709694, -0.9999992847442627, -2.220444461063537e-16]}, "segments": [27511, 28806, 29965, 39984, 28832, 29900, 28895, 14448, 16027, 16172, 16207, 16251, 27533, 27602, 27626, 27628, 27666, 27686, 27698, 27704, 27725, 28772, 28816, 28868, 28908, 28910, 28916, 39544, 39545, 39585, 39593, 39776, 39778, 39782, 40059, 40117, 40557, 40565, 40568, 40096, 16137, 28319, 36534, 16214, 30657, 30642, 44139, 30649, 30679, 40740], "label": "side table"}, {"objectId": 17, "id": 17, "partId": 17, "index": 39, "dominantNormal": [-0.6171036958694458, -0.7868818044662476, -1.7472285939540368e-16], "obb": {"axesLengths": [0.44978352583394987, 0.3778190230320608, 0.173207601132829], "centroid": [-1.3315519160175489, 3.5028409570978862, 0.6010905088763585], "normalizedAxes": [0.7868818044662476, -0.6171036958694458, -1.3702454634710777e-16, 0, -2.220446049250313e-16, 1, -0.6171036958694458, -0.7868818044662476, -1.7472285939540368e-16]}, "segments": [10805, 10945, 35696, 10768, 10769, 12855, 36067, 35634], "label": "lamp"}], "scan_id": "7272e161-a01b-20f6-8b5a-0b97efeb6545", "annId": "5661", "appId": "stk.v1"}