{"segGroups": [{"objectId": 1, "id": 1, "partId": 1, "index": 1, "dominantNormal": [0, -2.220446049250313e-16, 1], "obb": {"axesLengths": [6.191204257795797, 0.24598001883968684, 4.895488691917153], "centroid": [0.36124834383956694, -0.5063647080325293, -1.5870100482476497], "normalizedAxes": [0.9999958276748657, 0.002880815416574478, 6.396695210352195e-19, 0, -2.220446049250313e-16, 1, 0.002880815416574478, -0.9999958276748657, -2.2204367848274525e-16]}, "segments": [15217, 50332, 17317, 25700, 55407, 35538, 39493, 39416, 14595, 11003, 45319, 43671, 44207, 41622, 41183, 40483, 40736, 45231, 41390, 42607, 39995, 62914, 56265, 15800, 16768, 14441, 51895, 13595, 11206, 64666, 54076, 20949, 62200, 2859, 3247, 2695, 2703, 2707, 2722, 2725, 2914, 2915, 3657, 3666, 3673, 3683, 3721, 3729, 3819, 11981, 14438, 14768, 15526, 15758, 15803, 15815, 15827, 15845, 15854, 15855, 15866, 16613, 16618, 16837, 16870, 16882, 16911, 16929, 16956, 16971, 16983, 16986, 17010, 17013, 20839, 20844, 21175, 25813, 25827, 37887, 37951, 37963, 39006, 39033, 39039, 39136, 39146, 39161, 39168, 39220, 39248, 39252, 39259, 39947, 39997, 40092, 40211, 40226, 40259, 40263, 40313, 40328, 40440, 40444, 40464, 40528, 40532, 40592, 40610, 40633, 40645, 40673, 40685, 40696, 40772, 40827, 40846, 40870, 40871, 40963, 41067, 41076, 41091, 41102, 41107, 41131, 41140, 41166, 41227, 41249, 41395, 41639, 41706, 41842, 41989, 44068, 44085, 44096, 44098, 44256, 44259, 44294, 45884, 46230, 46431, 46434, 47622, 48068, 48105, 48272, 48493, 48495, 49771, 51839, 51892, 52071, 54316, 57342, 57345, 57376, 57760, 57843, 57847, 57849, 58009, 58011, 58015, 58020, 60010, 60170, 60221, 60653, 60663, 60712, 62765, 62872, 63059, 63134, 63468, 63473, 64674, 64676, 64867, 47543, 14422, 14339, 11832, 11910, 14332, 14254, 57700, 11908, 14280, 57748, 14378, 46995, 27533, 55951, 19016, 54784, 48338, 48318, 48344, 60699, 2886, 48283, 2842, 2949, 48294, 25731, 48604, 48596, 48497, 2570, 61404, 61402, 48475, 48298], "label": "floor"}, {"objectId": 2, "id": 2, "partId": 2, "index": 2, "dominantNormal": [-0.04392010718584061, -0.9990350604057312, -2.2183034529404537e-16], "obb": {"axesLengths": [4.797969183340761, 2.8188199366892874, 0.1398234553057132], "centroid": [0.006496922052050935, -1.241282035921416, -0.2459800765816862], "normalizedAxes": [0.9990350604057312, -0.04392010718584061, -9.752222848345006e-18, 0, -2.220446049250313e-16, 1, -0.04392010718584061, -0.9990350604057312, -2.2183034529404537e-16]}, "segments": [6958, 47245, 6874, 8263, 23095, 4928, 7477, 38669, 63857, 44299, 49258, 49693], "label": "wall"}, {"objectId": 3, "id": 3, "partId": 3, "index": 3, "dominantNormal": [0, -2.220446049250313e-16, 1], "obb": {"axesLengths": [1.6311270147141728, 0.8451779295836848, 0.9668080078911382], "centroid": [0.14537175174918868, -0.7950458673418588, -1.247411012707405], "normalizedAxes": [0.9957347512245178, -0.09226246923208237, -2.0486383530045586e-17, 0, -2.220446049250313e-16, 1, -0.09226246923208237, -0.9957347512245178, -2.210975294457724e-16]}, "segments": [36035, 35971, 60557, 10088, 10388, 59681, 3977, 15378, 33786, 59702, 59435, 36316, 36910, 36777, 60426, 32722, 27957, 23519, 31832, 10437, 15177, 15336, 21341, 21380, 27925, 27933, 29176, 34807, 34825, 34900, 34959, 34967, 45156, 59323, 60482, 15205, 64921], "label": "couch"}, {"objectId": 4, "id": 4, "partId": 4, "index": 4, "dominantNormal": [0, -2.220446049250313e-16, 1], "obb": {"axesLengths": [0.5697906570995424, 0.20126997974656557, 0.38650595298578116], "centroid": [0.18099463706961827, 0.23364479612082878, -1.3816049963622172], "normalizedAxes": [0.998821496963501, 0.04853477701544762, 1.0776885387519556e-17, 0, -2.220446049250313e-16, 1, 0.04853477701544762, -0.998821496963501, -2.2178292468388893e-16]}, "segments": [3836, 48712, 49838, 18462, 61390, 3894, 18479, 18512, 18514, 3870, 3886, 3467], "label": "coffee table"}, {"objectId": 5, "id": 5, "partId": 5, "index": 5, "dominantNormal": [0, -2.220446049250313e-16, 1], "obb": {"axesLengths": [1.0423603175365466, 0.8865870039182822, 1.1228008171476105], "centroid": [0.8387137020258566, 1.2769235396685237, -1.204976529889334], "normalizedAxes": [0.9993937611579895, 0.034816134721040726, 7.730734879150153e-18, 0, -2.220446049250313e-16, 1, 0.034816134721040726, -0.9993937611579895, -2.2190999286086688e-16]}, "segments": [36724, 35425, 34179, 17145, 60096, 32713, 35014, 35013, 28741, 32175, 59256, 32887, 59910, 60186, 14715, 37140, 35953, 36502, 24300, 24301, 24303, 24317, 24342, 32915, 32929, 32970], "label": "armchair"}, {"objectId": 6, "id": 6, "partId": 6, "index": 6, "dominantNormal": [0, -2.220446049250313e-16, 1], "obb": {"axesLengths": [0.8674355933704403, 0.5743499865900725, 0.8673793615475925], "centroid": [-1.7413117330336108, 0.2837297558004115, -1.422485079486257], "normalizedAxes": [-0.553240180015564, 0.8330217599868774, 1.8496798759024045e-16, 0, -2.220446049250313e-16, 1, 0.8330217599868774, 0.553240180015564, 1.228439972002091e-16]}, "segments": [21463, 58589, 24903, 24880, 51548, 22635, 22476, 22469, 22603, 22038, 59215, 22063, 22091, 47012, 53514, 65040, 53386, 21766, 21813, 21842, 21905, 22134, 22225, 22230, 22626, 22649, 25544, 25547, 25566, 26763, 26775, 29500, 29514, 29566, 29597, 46378, 46450, 46970, 47026, 53163, 53338, 53362, 53418, 53427, 53443, 53448, 53461, 53479, 53485, 53517, 53529, 53583, 54156, 54208, 54231, 58254, 58306, 58334, 58342, 58373, 58387, 59175, 62014, 63099, 64312, 64314, 64822, 64875, 65073, 65081, 65086, 65089, 25520, 25513, 65926, 53565, 53599, 64908, 46482, 46508, 46523, 46538, 46544, 47025, 47179, 47934, 63126], "label": "table"}, {"objectId": 7, "id": 7, "partId": 7, "index": 7, "dominantNormal": [0, -2.220446049250313e-16, 1], "obb": {"axesLengths": [0.9304372484214345, 0.7575920054854745, 0.8502410720132532], "centroid": [-1.6330202163397862, -0.6869029807839174, -1.283514022078052], "normalizedAxes": [-0.21717619895935059, 0.9761323928833008, 2.1674493153229796e-16, 0, -2.220446049250313e-16, 1, 0.9761323928833008, 0.21717619895935059, 4.8222803297048996e-17]}, "segments": [66273, 66170, 57084, 38093, 56145, 27624, 44408, 42662, 25471, 28294, 28303, 37647, 38770, 38830, 38873, 38881, 38927, 38945, 38968, 38995, 39028, 39036, 39100, 40784, 41010, 41311, 42147, 42163, 42205, 42213, 42631, 43138, 43146, 43199, 43265, 43281, 43881, 43954, 43992, 56649, 56684, 56699, 56759, 56886, 56978, 56994, 57014, 57104, 57123, 58750, 58760, 60657, 60671, 60673, 60677, 60679, 60807, 60846, 60851, 60964, 60966, 60970, 61005, 65581, 65841, 65844, 65847, 65918, 65933, 66217, 66248, 66347, 66355, 66854, 41005, 37920, 38028, 60665], "label": "table"}, {"objectId": 8, "id": 8, "partId": 8, "index": 8, "dominantNormal": [0.999988853931427, 0.004726289305835962, 1.0494470416757467e-18], "obb": {"axesLengths": [0.3599780398448707, 0.27821300301969776, 0.21496921132101754], "centroid": [2.3160770647686473, -0.5104707118902676, 0.3585604442232735], "normalizedAxes": [-0.004726289305835962, 0.999988853931427, 2.2204213000063855e-16, 0, -2.220446049250313e-16, 1, 0.999988853931427, 0.004726289305835962, 1.0494470416757467e-18]}, "segments": [59401, 36540, 35310, 25333, 24611, 58256, 59778, 24362], "label": "lamp"}, {"objectId": 9, "id": 9, "partId": 9, "index": 9, "dominantNormal": [0.9991577863693237, -0.04103313386440277, -9.111185997757236e-18], "obb": {"axesLengths": [3.328543792850096, 2.815879997256099, 0.14638826826327445], "centroid": [2.417627913191514, 0.2728974038726484, -0.2501700445971644], "normalizedAxes": [0.04103313386440277, 0.9991577863693237, 2.2185759593214532e-16, 0, -2.220446049250313e-16, 1, 0.9991577863693237, -0.04103313386440277, -9.111185997757236e-18]}, "segments": [25989, 23977, 63237, 15926, 49024, 63302, 33345, 26686, 24624, 30552, 63165], "label": "wall"}, {"objectId": 10, "id": 10, "partId": 10, "index": 10, "dominantNormal": [0.993091881275177, -0.1173391193151474, -2.6054518390583015e-17], "obb": {"axesLengths": [1.284939952522016, 2.159849923256413, 0.5799924040194705], "centroid": [2.385247036543127, 0.9788290231770029, -0.6099250310676172], "normalizedAxes": [0.1173391118645668, 0.993091881275177, 2.2051069443200277e-16, 0, -2.220446049250313e-16, 1, 0.993091881275177, -0.1173391118645668, -2.605451673622179e-17]}, "segments": [9904, 12890, 58561, 58538, 58530, 4349, 27868, 48091, 49017, 48539, 47879, 46745, 12212, 28375, 23397, 66601, 53686, 53629, 28482, 39394, 23484, 66638, 12809, 884, 3806, 3809, 4240, 4542, 4875, 5027, 7808, 9066, 9355, 10049, 10057, 10283, 11313, 12692, 13506, 13513, 13756, 14116, 14472, 17703, 17794, 18417, 20141, 20220, 28377, 28417, 29270, 34536, 34541, 35676, 39389, 45905, 45967, 48129, 48248, 53566, 57447, 58892, 64662, 64671, 64687, 64792, 53920], "label": "door"}, {"objectId": 11, "id": 11, "partId": 11, "index": 11, "dominantNormal": [0.06792774051427841, -0.9976902604103088, -2.2153173971035863e-16], "obb": {"axesLengths": [3.710870486367262, 2.820139941122979, 0.281665300586595], "centroid": [0.6468597799274132, 1.6936681780942178, -0.2502100393129145], "normalizedAxes": [0.9976902604103088, 0.06792774051427841, 1.5082988305942993e-17, 0, -2.220446049250313e-16, 1, 0.06792774051427841, -0.9976902604103088, -2.2153173971035863e-16]}, "segments": [20736, 18879, 10979, 65442, 56536, 47644, 22285, 65247, 50070, 47526, 31941, 46113], "label": "wall"}, {"objectId": 12, "id": 12, "partId": 12, "index": 12, "dominantNormal": [0.8495576977729797, -0.5274957418441772, -1.1712758359742664e-16], "obb": {"axesLengths": [1.0377117741183737, 1.470071998162448, 0.24058503802780698], "centroid": [-2.7788697080301143, 0.6526557107693085, 0.054963946976572364], "normalizedAxes": [0.5274957418441772, 0.8495576977729797, 1.8863970336302044e-16, 0, -2.220446049250313e-16, 1, 0.8495576977729797, -0.5274957418441772, -1.1712758359742664e-16]}, "segments": [11364, 11521, 31974, 576, 25113, 35107, 35161, 30022, 54908, 54113, 52985, 52977, 65647, 53021, 53074, 65636, 52694, 65726, 51426, 304, 11469, 23103, 25141, 30036, 30054, 30065, 31000, 31007, 31009, 31048, 31049, 31051, 31079, 31085, 31103, 31907, 31912, 31919, 52703, 52951, 52956, 52971, 52984, 53814, 53827, 53871, 53876, 54209, 54820, 54863, 57186, 59238, 59357, 65799, 65969, 65985, 65988, 65612], "label": "window"}, {"objectId": 13, "id": 13, "partId": 13, "index": 13, "dominantNormal": [0.9650490880012512, -0.2620692849159241, -5.819107083214183e-17], "obb": {"axesLengths": [2.440416146872568, 2.8194499577704812, 1.5775695456389336], "centroid": [-2.245936796384735, 0.037781921726971146, -0.23555504562955343], "normalizedAxes": [0.2620692849159241, 0.9650490880012512, 2.142839434784996e-16, 0, -2.220446049250313e-16, 1, 0.9650490880012512, -0.2620692849159241, -5.819107083214183e-17]}, "segments": [56124, 51805, 64248, 56054, 24142, 25008, 24094, 779, 619, 51036, 53115, 55615, 66527, 52624, 45300, 14803, 66783, 50943, 19257, 49005, 51659, 50211, 50049, 64455, 17631, 50465, 52405, 51160, 55557], "label": "wall"}, {"objectId": 15, "id": 15, "partId": 15, "index": 14, "dominantNormal": [0.9999483823776245, -0.010160630568861961, -2.2561132004521503e-18], "obb": {"axesLengths": [0.708998056656908, 2.786930021935774, 0.12352619429698393], "centroid": [-1.211309008739409, 1.3349955625419896, -0.24070506563696936], "normalizedAxes": [0.010160630568861961, 0.9999483823776245, 2.2203314351046377e-16, 0, -2.220446049250313e-16, 1, 0.9999483823776245, -0.010160630568861961, -2.2561132004521503e-18]}, "segments": [41515, 19420, 5452], "label": "wall"}, {"objectId": 16, "id": 16, "partId": 16, "index": 15, "dominantNormal": [0.982362687587738, 0.18698552250862122, 4.151912647212735e-17], "obb": {"axesLengths": [0.4823210085466988, 0.2886750037519259, 0.16027662333083134], "centroid": [-1.12126791880206, 1.4178622777877878, 0.4567934489221832], "normalizedAxes": [-0.18698552250862122, 0.982362687587738, 2.1812833485851125e-16, 0, -2.220446049250313e-16, 1, 0.982362687587738, 0.18698552250862122, 4.151912647212735e-17]}, "segments": [19414, 58162, 19380, 19430, 5425, 5439, 19185, 19798, 19807, 19830, 19851, 19876, 58164, 58214, 58229, 58239], "label": "lamp"}, {"objectId": 17, "id": 17, "partId": 17, "index": 16, "dominantNormal": [0, -2.220446049250313e-16, 1], "obb": {"axesLengths": [5.291756479401272, 0.32463001479290376, 3.5448667003076175], "centroid": [0.09569236245459406, 0.08895456506494703, 1.0323149349768084], "normalizedAxes": [0.9870402216911316, 0.16047312319278717, 3.5632191240428306e-17, 0, -2.220446049250313e-16, 1, 0.16047312319278717, -0.9870402216911316, -2.1916695607052263e-16]}, "segments": [35120, 59072, 58954, 1956, 4883, 59036, 31099, 37188, 25897, 610, 563, 57254, 1942, 8523, 2269, 8805, 1541, 14185, 40234, 12047, 13001, 35653, 25446, 32485, 46869, 426, 13766, 39350, 59, 228, 288, 527, 1548, 2362, 2461, 2655, 5312, 5553, 7677, 8329, 8412, 8851, 9113, 9399, 10531, 10881, 10884, 10926, 13911, 18252, 21680, 23748, 26447, 27099, 27387, 27483, 29354, 29901, 30420, 32577, 35599, 35673, 35715, 46150, 46924, 48796, 48802, 57330, 57395, 57431, 57587, 57645, 59077, 59096, 59543, 63349, 63397, 30425, 33305, 6242, 46152, 13789], "label": "ceiling"}, {"objectId": 18, "id": 18, "partId": 18, "index": 17, "dominantNormal": [0, -2.220446049250313e-16, 1], "obb": {"axesLengths": [0.576774368092674, 0.31654918976390667, 0.45161183699928187], "centroid": [-2.147537205844113, -0.9709018250820041, -0.09971045293561187], "normalizedAxes": [0.8868127465248108, 0.46212896704673767, 1.0261324391230568e-16, 0, -2.220446049250313e-16, 1, 0.46212896704673767, -0.8868127465248108, -1.9691198594458354e-16]}, "segments": [14986, 49375, 61839, 61826, 63498, 14985, 48644, 49345, 63338, 49759, 14828, 57772], "label": "lamp"}, {"objectId": 19, "id": 19, "partId": 19, "index": 18, "dominantNormal": [0.8762421011924744, -0.4818711578845978, -1.069968908772529e-16], "obb": {"axesLengths": [0.8288517986676411, 0.5469299432576458, 0.2290011125447335], "centroid": [-2.4429000316113534, 0.46507353861818634, -1.363465038386024], "normalizedAxes": [0.4818711280822754, 0.8762421011924744, 1.9456483117796228e-16, 0, -2.220446049250313e-16, 1, 0.8762421011924744, -0.4818711280822754, -1.06996884259808e-16]}, "segments": [55632, 65888, 54588, 51291, 55672, 55663, 55532], "label": "heater"}, {"objectId": 20, "id": 20, "partId": 20, "index": 19, "dominantNormal": [0.05951295420527458, -0.9982275366783142, -2.2165103900702348e-16], "obb": {"axesLengths": [1.4621731742963844, 1.1096489777494445, 0.7076405863341917], "centroid": [-0.416834363173449, 1.3723680256779711, -1.0855555571118995], "normalizedAxes": [0.9982275366783142, 0.05951295420527458, 1.3214530404431675e-17, 0, -2.220446049250313e-16, 1, 0.05951295420527458, -0.9982275366783142, -2.2165103900702348e-16]}, "segments": [28744, 23056, 26147, 40418, 24761, 34025, 43728, 39833, 42406, 39840, 40449, 28608, 26601, 60598, 33040, 41537, 36252, 45118, 26582, 43783, 26609, 7237, 61812, 13985, 12658, 44970, 61237, 25251, 25307, 28156], "label": "commode"}, {"objectId": 21, "id": 21, "partId": 21, "index": 20, "dominantNormal": [0.8841622471809387, 0.46717992424964905, 1.0373478170891938e-16], "obb": {"axesLengths": [0.2964986271344543, 0.8641649589501699, 0.25048181535712927], "centroid": [-0.32481195318893263, 1.4675746055476124, -0.21791753989642504], "normalizedAxes": [-0.46717992424964905, 0.8841622471809387, 1.9632345686491941e-16, 0, -2.220446049250313e-16, 1, 0.8841622471809387, 0.46717992424964905, 1.0373478170891938e-16]}, "segments": [61212, 42976, 42885, 61052, 61015, 61028, 42792, 43533, 43621, 61412, 28145, 41781, 41797, 41912, 42855, 42971, 42998, 43358, 43598, 44480, 59797, 59800, 60930, 60931, 60940, 60961, 61228, 61396, 61515, 34386, 42811, 42902, 42893], "label": "vase"}, {"objectId": 22, "id": 22, "partId": 22, "index": 21, "dominantNormal": [0.9551920294761658, 0.2959868907928467, 6.572229222908603e-17], "obb": {"axesLengths": [0.7569468891139671, 2.079999936819077, 0.2636926880683272], "centroid": [2.3241997619206067, -1.0445930907473193, -0.6100000286102296], "normalizedAxes": [-0.2959868907928467, 0.9551920294761658, 2.120952368125741e-16, 0, -2.220446049250313e-16, 1, 0.9551920294761658, 0.2959868907928467, 6.572229222908603e-17]}, "segments": [42842, 43003, 18195, 11740, 17651, 19434, 44006, 39382, 44627, 37028, 61731, 37206, 28690, 43115, 43095, 18337, 17503, 17712, 19277, 44651, 59616, 39698, 59739, 17729, 17732, 17742, 17745, 18384, 18523, 42852, 57776, 57838], "label": "door"}, {"objectId": 23, "id": 23, "partId": 23, "index": 22, "dominantNormal": [-0.15028050541877747, -0.9886434078216553, -2.1952293490149605e-16], "obb": {"axesLengths": [0.8430552603215082, 2.0616499022770687, 0.6870581206378438], "centroid": [2.0570052631866282, -1.5988647217972685, -0.6208250216210265], "normalizedAxes": [0.9886434078216553, -0.15028050541877747, -3.336897545364647e-17, 0, -2.220446049250313e-16, 1, -0.15028050541877747, -0.9886434078216553, -2.1952293490149605e-16]}, "segments": [6772, 12902, 45563, 45553, 51481, 63960, 45902, 34196, 42460, 53952, 42094, 41970, 6783, 28221, 61776, 46646, 18988, 29726, 44841, 45572, 45586, 62029, 64048], "label": "doorframe"}, {"objectId": 28, "id": 28, "partId": 28, "index": 25, "dominantNormal": [0.9755731821060181, 0.21967479586601257, 4.877760326005566e-17], "obb": {"axesLengths": [0.28379196308887916, 0.6209856309893955, 0.22480787093799903], "centroid": [-0.21505130269728134, 1.3055078008148366, -0.31950722339733284], "normalizedAxes": [-0.21967478096485138, 0.9755731821060181, 2.166207617961864e-16, 0, -2.220446049250313e-16, 1, 0.9755731821060181, 0.21967478096485138, 4.877759995133321e-17]}, "segments": [32336, 40421, 43461, 61163, 59360, 44520, 44567, 44739, 43518, 61530, 61596, 32289, 32237, 32240, 61121, 32278, 43432, 32273, 32291, 32305, 32306, 41784, 43409, 44631, 59374, 59376, 61054, 61080, 61511, 61536], "label": "vase"}, {"objectId": 30, "id": 30, "partId": 30, "index": 26, "dominantNormal": [0.40563297271728516, -0.9140360355377197, -2.0295677039821485e-16], "obb": {"axesLengths": [0.410863034099614, 1.9704969382920046, 0.3341396597434777], "centroid": [2.79000281158133, 1.3260376220610355, -0.6647515278737659], "normalizedAxes": [0.9140360355377197, 0.40563300251960754, 9.006861978902049e-17, 0, -2.220446049250313e-16, 1, 0.40563300251960754, -0.9140360355377197, -2.0295677039821485e-16]}, "segments": [56348, 50254, 9847, 57940, 16119, 57968, 16180, 49424], "label": "doorframe"}, {"objectId": 32, "id": 32, "partId": 32, "index": 28, "dominantNormal": [0, -2.220446049250313e-16, 1], "obb": {"axesLengths": [0.1886791451463571, 0.09183496031534011, 0.17040249712720307], "centroid": [-0.5252163605773218, 1.3123855264205804, -0.5766485483948474], "normalizedAxes": [0.8467661142349243, 0.5319653153419495, 1.1812002827892286e-16, 0, -2.220446049250313e-16, 1, 0.5319653153419495, -0.8467661142349243, -1.880198472991977e-16]}, "segments": [43063, 40392], "label": "item"}, {"objectId": 33, "id": 33, "partId": 33, "index": 29, "dominantNormal": [0, -2.220446049250313e-16, 1], "obb": {"axesLengths": [0.19863268707730009, 0.1291800708506985, 0.15441095921838224], "centroid": [-0.683032035257338, 0.1590050725215153, -1.3476600327120718], "normalizedAxes": [0.7186973094940186, -0.6953230500221252, -1.5439273193743058e-16, 0, -2.220446049250313e-16, 1, -0.6953230500221252, -0.7186973094940186, -1.595828601472823e-16]}, "segments": [26021, 26076, 58490, 26051], "label": "item"}, {"objectId": 36, "id": 36, "partId": 36, "index": 30, "dominantNormal": [-0.17811976373195648, -0.9840087890625, -2.1849384281014128e-16], "obb": {"axesLengths": [0.8436304900172685, 0.3832039747416083, 0.28603565444344736], "centroid": [-0.08370784794442965, -0.9273418443698962, -1.0703080038657493], "normalizedAxes": [0.9840087890625, -0.17811976373195648, -3.95505325672022e-17, 0, -2.220446049250313e-16, 1, -0.17811976373195648, -0.9840087890625, -2.1849384281014128e-16]}, "segments": [10358, 21392, 10369, 27931], "label": "pillow"}, {"objectId": 37, "id": 37, "partId": 37, "index": 31, "dominantNormal": [0, -2.220446049250313e-16, 1], "obb": {"axesLengths": [0.45787322828084853, 0.3117349674164884, 0.3188777910872262], "centroid": [0.18087093901424245, -0.8671062636549794, -1.1141325265735573], "normalizedAxes": [0.99309241771698, -0.11733490228652954, -2.6053582022129605e-17, 0, -2.220446049250313e-16, 1, -0.11733490228652954, -0.99309241771698, -2.2051081354601098e-16]}, "segments": [32582, 32845, 10328], "label": "pillow"}, {"objectId": 38, "id": 38, "partId": 38, "index": 32, "dominantNormal": [0.5988643169403076, -0.800850510597229, -1.7782453522957131e-16], "obb": {"axesLengths": [0.5033694033979116, 0.34326594300718716, 0.3295777712298423], "centroid": [0.7231325679816029, -0.8612570354772692, -1.0778170266490354], "normalizedAxes": [0.800850510597229, 0.5988643169403076, 1.3297459065870934e-16, 0, -2.220446049250313e-16, 1, 0.5988643169403076, -0.800850510597229, -1.7782453522957131e-16]}, "segments": [34800, 32589, 32525, 59891, 34875, 34774], "label": "pillow"}], "scan_id": "1d23402c-e280-2b1a-8e31-9a88c9c1fb91", "annId": "6138", "appId": "stk.v1"}