{"segGroups": [{"objectId": 2, "id": 2, "partId": 2, "index": 0, "dominantNormal": [0.013688359409570694, -0.9999063014984131, -2.2202379967826437e-16], "obb": {"axesLengths": [0.6801915557896487, 0.4722000254943959, 0.42827676752026067], "centroid": [0.11279137560434238, 2.1194204422809597, -1.2860999918855733], "normalizedAxes": [0.9999063014984131, 0.013688359409570694, 3.0394263571699596e-18, 0, -2.220446049250313e-16, 1, 0.013688359409570694, -0.9999063014984131, -2.2202379967826437e-16]}, "segments": [26822, 21660, 23654, 23765, 25710], "label": "nightstand"}, {"objectId": 3, "id": 3, "partId": 3, "index": 1, "dominantNormal": [0.010857143439352512, -0.9999410510063171, -2.2203151561901827e-16], "obb": {"axesLengths": [0.6362706934225189, 0.5568649644360323, 0.4116654411484998], "centroid": [-2.469811443275271, 2.0426370581948934, -1.2351474988800106], "normalizedAxes": [0.9999410510063171, 0.010857143439352512, 2.4107701256054242e-18, 0, -2.220446049250313e-16, 1, 0.010857143439352512, -0.9999410510063171, -2.2203151561901827e-16]}, "segments": [17747, 33744, 17999, 34941, 35071, 35076, 35089, 35100, 41919, 41934, 27603], "label": "nightstand"}, {"objectId": 4, "id": 4, "partId": 4, "index": 2, "dominantNormal": [0.031090544536709785, -0.9995165467262268, -2.2193725673385663e-16], "obb": {"axesLengths": [3.729823377309982, 3.026669911444113, 0.24753123345749425], "centroid": [-1.2290724512579079, 2.2545175628378655, 0.016664931178130393], "normalizedAxes": [0.9995165467262268, 0.031090546399354935, 6.903488092148121e-18, 0, -2.220446049250313e-16, 1, 0.031090546399354935, -0.9995165467262268, -2.2193725673385663e-16]}, "segments": [45354, 17253, 18317, 17192, 24026, 23394, 24099, 15819, 16679, 18511, 18552, 19196, 20173, 20194, 20682, 21842, 21910, 22612, 22626, 22689, 22727, 22734, 22794, 23077, 23462, 23933, 23937, 24012, 24045, 24858, 27296, 27827, 27905, 29293, 29297, 29304, 29313, 29351, 29355, 29456, 30049, 30055, 30454, 30463, 30504, 31509, 36257, 39666, 41938, 41992, 42576, 42778, 45991, 8251, 30757, 45534, 8143, 21712, 39662, 21282, 18675, 1890], "label": "wall"}, {"objectId": 5, "id": 5, "partId": 5, "index": 3, "dominantNormal": [0.030077651143074036, -0.99954754114151, -2.2194413887655307e-16], "obb": {"axesLengths": [0.7611672836807679, 0.9999999776482582, 0.10141298008431103], "centroid": [-1.188911193282966, 2.2486966202560454, 0.10999996155500358], "normalizedAxes": [0.99954754114151, 0.030077651143074036, 6.6785801651367906e-18, 0, -2.220446049250313e-16, 1, 0.030077651143074036, -0.99954754114151, -2.2194413887655307e-16]}, "segments": [13608, 34338, 45959], "label": "picture"}, {"objectId": 6, "id": 6, "partId": 6, "index": 4, "dominantNormal": [0, -2.220446049250313e-16, 1], "obb": {"axesLengths": [2.922015044916111, 1.1847199234801542, 2.6500034965356374], "centroid": [-1.1871737264654703, 1.2731081757736908, -0.9423599982479225], "normalizedAxes": [0.466393381357193, 0.8845773935317993, 1.9641563787238232e-16, 0, -2.220446049250313e-16, 1, 0.8845773935317993, -0.466393381357193, -1.0356013410310738e-16]}, "segments": [36206, 38874, 43632, 34548, 24555, 20489, 24900, 40470, 28814, 18808, 24215, 27475, 36318, 12404, 13891, 18875, 18964, 19398, 19498, 19523, 19685, 20254, 21100, 21273, 21453, 21568, 21679, 21681, 21688, 21696, 21724, 21728, 22063, 22066, 23782, 23783, 23819, 23854, 24219, 24237, 24416, 24429, 24449, 24461, 24789, 24798, 24799, 24934, 24947, 24955, 25640, 25765, 25788, 25792, 25808, 25839, 26540, 26736, 28989, 29859, 30061, 30096, 30115, 30120, 30125, 30133, 30147, 30155, 30871, 30955, 31360, 31369, 31680, 31683, 31685, 31718, 31741, 31919, 34439, 35273, 35279, 35528, 35548, 35550, 35660, 35739, 35740, 35827, 38832, 39919, 40115, 40149, 40202, 40427, 40432, 40469, 40510, 40667, 40687, 40690, 40693, 40698, 40728, 41450, 41901, 42475, 42529, 42584, 42595, 42602, 42853, 42932, 42938, 43110, 43753, 43800, 43817, 43921, 44015, 44023, 44195, 44728, 44735, 14661, 33372, 22361, 25796], "label": "bed"}, {"objectId": 7, "id": 7, "partId": 7, "index": 5, "dominantNormal": [0.9990273118019104, 0.044096317142248154, 9.791349318499377e-18], "obb": {"axesLengths": [4.8511107944845, 3.157579947466105, 0.35787323152134953], "centroid": [0.6714383627182934, -0.04799971623447566, 0.06087995370745647], "normalizedAxes": [-0.044096317142248154, 0.9990273118019104, 2.2182862475837126e-16, 0, -2.220446049250313e-16, 1, 0.9990273118019104, 0.044096317142248154, 9.791349318499377e-18]}, "segments": [1230, 168, 13275, 11123, 13670, 12486, 5104, 299, 1688, 1781, 5467, 8107, 8167, 8533, 8711, 8717, 8772, 8851, 8861, 8864, 8934, 8949, 8961, 9109, 9119, 9523, 9624, 9652, 9926, 10004, 10065, 10073, 10109, 10329, 10335, 10361, 10429, 10430, 10591, 10600, 10713, 10773, 10802, 11103, 11174, 11402, 11479, 11481, 11840, 11868, 11872, 12217, 12257, 12260, 12304, 12306, 12311, 12685, 12713, 12918, 12962, 13070, 13162, 13302, 13320, 13341, 13371, 13416, 13460, 13462, 13474, 13533, 13545, 13567, 13594, 13612, 13627, 13896, 13933, 13941, 14021, 14024, 15052, 15591, 15608, 16284, 22432, 22469, 28273, 32499, 32503, 32543, 38077, 38236, 38263, 38313, 38328, 38385, 38386, 38388, 38442, 38547, 38564, 38683, 38724, 38988, 39135, 39190, 40255, 40320, 40325, 40540, 40867, 42753, 43168, 43381, 16879, 6411, 15797, 6661, 6796, 18384, 42046, 42795, 29602, 6405, 6506, 8076, 15637, 15827, 18358, 18400, 18478, 23348, 29429, 30662, 30673, 23483, 29669, 19765, 6562, 6809, 6840, 6881, 6907, 7821, 7824, 7839, 7857, 7868, 7940, 7987, 15703, 18406, 19732, 19735, 19752, 19754, 19776, 19789, 19806, 19827, 25071, 26954, 26966, 27003, 27022, 27058, 27068, 29578, 29581, 29597, 29615, 30664, 30701, 30722, 37537, 37543, 37545, 37771, 37779, 37887, 37889, 37892, 38062, 39929, 39935, 39938, 39940, 41543, 41547, 41554, 41557, 41559, 41605, 42243, 42255, 42812, 22216, 15568, 39126, 9024], "label": "wall"}, {"objectId": 8, "id": 8, "partId": 8, "index": 6, "dominantNormal": [0.9993308782577515, 0.03657625988125801, 8.121561174969208e-18], "obb": {"axesLengths": [1.6073169620837882, 2.599999846518042, 0.35140789006191925], "centroid": [0.5981293805304164, 1.5512248939222677, -0.25000004470348336], "normalizedAxes": [-0.03657625988125801, 0.9993308782577515, 2.2189603005212698e-16, 0, -2.220446049250313e-16, 1, 0.9993308782577515, 0.03657625988125801, 8.121561174969208e-18]}, "segments": [29569, 29675, 28590, 25110, 22207, 28466, 41391, 6708, 6463, 19339, 5723, 6574, 7037, 7059, 7174, 7214, 7229, 7234, 7248, 7258, 7347, 7358, 7385, 7393, 7399, 7406, 7413, 7442, 7464, 7481, 7482, 7489, 7518, 7525, 7548, 7553, 7559, 7565, 7572, 7581, 7591, 7626, 7629, 7630, 7644, 7646, 7667, 7721, 7723, 7736, 7930, 7931, 7947, 9778, 9927, 15629, 19344, 19348, 19481, 19581, 19793, 23566, 25076, 25155, 25345, 25348, 25405, 25423, 25427, 26599, 26605, 26725, 27522, 28403, 28471, 28492, 37247, 37562, 37570, 37607, 37609, 37623, 37649, 39310, 39312, 40549, 40551, 40990, 41000, 41004, 41022, 41048, 41355, 41856, 41862, 41869, 41872, 41876, 42238, 41069, 37240, 1808, 41119, 41189, 6109, 10531, 41243, 10685, 6190, 6228, 6236, 6248, 6270, 6273, 6418, 10921, 14478, 14480, 16206, 19269, 21403, 26380, 26622, 29771, 36924, 36936, 37487, 38095, 38182, 40643, 41411, 42641, 42608, 496, 37867, 29621, 37731, 32905, 12516, 28267, 39819, 261, 438, 451, 455, 500, 650, 2027, 5553, 5581, 5592, 6006, 6264, 6280, 6295, 9672, 10412, 10634, 10720, 10762, 10982, 13605, 14228, 14509, 15642, 15689, 15723, 15739, 16174, 19030, 19833, 25372, 29120, 29130, 29132, 29163, 29655, 29725, 30006, 30216, 30221, 30679, 30817, 30930, 31881, 32323, 32567, 33349, 36560, 36562, 36564, 36567, 36598, 36606, 36638, 36741, 36746, 36910, 36915, 37492, 37533, 38074, 38394, 38396, 39148, 39720, 39854, 40561, 40597, 40638, 37523, 6983, 42161, 7841, 37773, 28260, 19942, 9388, 16343], "label": "curtain"}, {"objectId": 9, "id": 9, "partId": 9, "index": 7, "dominantNormal": [0.9999003410339355, -0.014116195961833, -3.134425155389531e-18], "obb": {"axesLengths": [1.5344078467011557, 1.1638100185138722, 0.49713673741780406], "centroid": [0.49818825362771424, 0.18048677565102528, -0.9319050457647812], "normalizedAxes": [0.014116196893155575, 0.9999003410339355, 2.220224761892843e-16, 0, -2.220446049250313e-16, 1, 0.9999003410339355, -0.014116196893155575, -3.134425362184684e-18]}, "segments": [26199, 22162, 28331, 30228, 40907, 8391, 8904, 10730, 10865, 10871, 12345, 15293, 16050, 16092, 16176, 16200, 16217, 16304, 16312, 16319, 16340, 16374, 16388, 16405, 16505, 17370, 17377, 19970, 20027, 20038, 20163, 26223, 26307, 28337, 28376, 30317, 31815, 31840, 31859, 38780, 39185, 39188, 39250, 39952, 40749, 40831, 40982, 41840, 41843, 41846, 41853, 41985, 42756, 42950, 42957, 41959, 16260], "label": "commode"}, {"objectId": 10, "id": 10, "partId": 10, "index": 8, "dominantNormal": [-0.06798050552606583, -0.9976866245269775, -2.2153093238208078e-16], "obb": {"axesLengths": [2.575384446966166, 2.286519953164756, 0.6206028651834717], "centroid": [-1.3755120806109757, -1.220662107236773, -0.3732600631581242], "normalizedAxes": [0.9976866245269775, -0.06798051297664642, -1.509470614650042e-17, 0, -2.220446049250313e-16, 1, -0.06798051297664642, -0.9976866245269775, -2.2153093238208078e-16]}, "segments": [25328, 33924, 4059, 10917, 14421, 34986, 4707, 4283, 7077, 3083, 4725, 615, 36969, 16921, 25775], "label": "wardrobe"}, {"objectId": 11, "id": 11, "partId": 11, "index": 9, "dominantNormal": [-0.32466164231300354, -0.945830225944519, -2.1001649884600383e-16], "obb": {"axesLengths": [1.0533850642894063, 2.5198599728973208, 0.49329038119388047], "centroid": [0.27346295112097674, -1.49426977967003, -0.25313000373996863], "normalizedAxes": [0.945830225944519, -0.32466164231300354, -7.20893661017027e-17, 0, -2.220446049250313e-16, 1, -0.32466164231300354, -0.945830225944519, -2.1001649884600383e-16]}, "segments": [1160, 3451, 3162, 2947, 1021, 99, 103, 145, 321, 383, 1018, 1454, 2839, 2886, 2912, 2975, 2989, 3089, 3323, 3778, 3842, 3938, 4374, 4575, 4588, 5063, 6184, 6713, 10499, 10532, 11574, 15945, 23834, 35843, 35845, 36644, 36648, 36660, 36662, 36721, 36732, 36920, 36926, 36977, 36989, 37025, 37028, 37031, 37034, 37037, 37040, 37043, 37049, 37104, 37236, 38474, 38478, 44010, 44014, 12594, 35425, 36676], "label": "wall"}, {"objectId": 12, "id": 12, "partId": 12, "index": 10, "dominantNormal": [0, -2.220446049250313e-16, 1], "obb": {"axesLengths": [6.03725677317137, 0.7731699770725514, 3.392864548283865], "centroid": [-1.0903222332874558, 0.24184130950909444, 1.3565849451738963], "normalizedAxes": [-0.09938781708478928, 0.9950487613677979, 2.2094520909905443e-16, 0, -2.220446049250313e-16, 1, 0.9950487613677979, 0.09938781708478928, 2.2068528578953312e-17]}, "segments": [2304, 2108, 2141, 2163, 2180, 36858, 1915, 996, 998, 1647, 2222, 2246, 2282, 2330, 36854, 36859, 672, 2543, 585, 2319, 39563, 2005, 2388, 3115, 3013, 2416, 2653, 2673, 39624, 39524, 3020, 1101, 2228, 2230, 2356, 2606, 2756, 2768, 2777, 3036, 3061, 3066, 36878, 2592, 9706, 3242, 39598, 3285, 3290, 3345, 3361, 3001, 36908, 2401, 3368, 36884, 17145, 15274, 39303, 16979, 4097, 16991, 16997, 43913, 34800, 34744, 35179, 34118, 33613, 17969, 33842, 33844, 34088, 34636, 32604, 7051, 43572, 17952, 30632, 30675, 27481, 35000, 35201, 18107, 34620, 17112, 15271, 15282, 17146, 38913], "label": "ceiling"}, {"objectId": 14, "id": 14, "partId": 14, "index": 11, "dominantNormal": [-0.1844821572303772, -0.9828358888626099, -2.1823340664864019e-16], "obb": {"axesLengths": [0.5986051834493727, 0.2377210206302771, 0.2093549281983412], "centroid": [0.10103838594997616, 2.2465250059947257, -0.7227325482800787], "normalizedAxes": [0.9828358888626099, -0.184482142329216, -4.096326440921416e-17, 0, -2.220446049250313e-16, 1, -0.184482142329216, -0.9828358888626099, -2.1823340664864019e-16]}, "segments": [21558, 27339, 27288, 29921, 41622, 40144], "label": "shelf"}, {"objectId": 15, "id": 15, "partId": 15, "index": 12, "dominantNormal": [0.06441246718168259, -0.9979233741760254, -2.2158350136436975e-16], "obb": {"axesLengths": [0.5181110909148139, 0.19863795790140415, 0.1426015664406954], "centroid": [-2.547109396991825, 2.1714984206585974, -0.7026270377793834], "normalizedAxes": [0.9979233741760254, 0.06441246718168259, 1.4302440827603255e-17, 0, -2.220446049250313e-16, 1, 0.06441246718168259, -0.9979233741760254, -2.2158350136436975e-16]}, "segments": [42038, 42079, 28531, 28653, 28705, 42082, 28551, 41412, 31422], "label": "shelf"}, {"objectId": 16, "id": 16, "partId": 16, "index": 13, "dominantNormal": [0.20009011030197144, -0.9797775149345398, -2.1755431121806885e-16], "obb": {"axesLengths": [0.35466326461613573, 2.4199999625980855, 0.16557124845100302], "centroid": [-2.8271809618013224, -1.7010137140443773, -0.30000002570450324], "normalizedAxes": [0.9797775149345398, 0.20009011030197144, 4.4428929491407184e-17, 0, -2.220446049250313e-16, 1, 0.20009011030197144, -0.9797775149345398, -2.1755431121806885e-16]}, "segments": [32671, 36134, 34304, 3951, 3831, 3602, 3567, 10494], "label": "wall"}, {"objectId": 18, "id": 18, "partId": 18, "index": 15, "dominantNormal": [0.09356749802827835, -0.9956129193305969, -2.2107047733101946e-16], "obb": {"axesLengths": [0.5695459966417493, 0.3593050012147797, 0.16659870760167433], "centroid": [-2.4480809871610627, 2.158810764724377, -0.029652548291105862], "normalizedAxes": [0.9956129193305969, 0.09356749802827835, 2.0776158133512712e-17, 0, -2.220446049250313e-16, 1, 0.09356749802827835, -0.9956129193305969, -2.2107047733101946e-16]}, "segments": [20056, 21579, 40033, 40047, 14194, 14199, 14216, 19996, 20003, 20055, 20111, 20805, 21563, 39625, 39628, 39658, 39927, 40036, 39985], "label": "shelf"}, {"objectId": 19, "id": 19, "partId": 19, "index": 16, "dominantNormal": [0.04237379506230354, -0.9991018176078796, -2.2184516837062232e-16], "obb": {"axesLengths": [0.5639741152646541, 0.5450599816800655, 0.12042820007199265], "centroid": [0.09120134418131398, 2.275773209305208, -0.13747004671089358], "normalizedAxes": [0.9991018176078796, 0.04237379506230354, 9.408872583783433e-18, 0, -2.220446049250313e-16, 1, 0.04237379506230354, -0.9991018176078796, -2.2184516837062232e-16]}, "segments": [40766, 20526, 20518, 20535, 21818, 21829, 21886, 26018, 27962, 27969, 27979, 28002, 28014, 40179, 41733, 41750, 41759, 41771, 40338, 19249, 19252, 21772, 25979, 27811, 27822, 27850, 39699, 39706, 39895, 40312, 40316, 41722, 41728, 45617, 40364, 30406, 26035, 45565, 45547, 25994, 19241, 18419, 18459, 18471, 18484, 18530, 19210, 22742, 22761, 22800, 28952, 39644, 40309], "label": "shelf"}, {"objectId": 21, "id": 21, "partId": 21, "index": 17, "dominantNormal": [0.989134669303894, 0.14701209962368011, 3.2643243580139395e-17], "obb": {"axesLengths": [0.6440645519889167, 0.35999997645616566, 0.11317099985960602], "centroid": [0.6576212026354862, 0.3642662232910332, 0.5299999241530897], "normalizedAxes": [-0.1470121145248413, 0.989134669303894, 2.1963201686323465e-16, 0, -2.220446049250313e-16, 1, 0.989134669303894, 0.1470121145248413, 3.2643246888861845e-17]}, "segments": [11230, 11286], "label": "shelf"}, {"objectId": 22, "id": 22, "partId": 22, "index": 18, "dominantNormal": [0.9994217157363892, 0.034003183245658875, 7.550223389975769e-18], "obb": {"axesLengths": [0.7514860172908893, 0.3298334778137471, 0.18290859522122524], "centroid": [0.6880249848598461, -0.27017123216870226, 0.22508318777941372], "normalizedAxes": [-0.034003183245658875, 0.9994217157363892, 2.2191620002418348e-16, 0, -2.220446049250313e-16, 1, 0.9994217157363892, 0.034003183245658875, 7.550223389975769e-18]}, "segments": [15497, 39067, 9545, 39104, 9789, 15049, 9891, 15481, 9007, 9554, 9745, 9845, 9848, 9853, 9859, 9904, 11810, 11859, 15516, 38235, 38294, 38907, 39101, 39107, 39109], "label": "shelf"}, {"objectId": 23, "id": 23, "partId": 23, "index": 19, "dominantNormal": [0.9952516555786133, 0.0973353236913681, 2.161278349429987e-17], "obb": {"axesLengths": [0.42447625210472284, 0.3399999959766864, 0.12788982699279333], "centroid": [0.6433393520245931, 0.218053876720263, -0.06000005133450026], "normalizedAxes": [-0.0973353236913681, 0.9952516555786133, 2.2099026066393652e-16, 0, -2.220446049250313e-16, 1, 0.9952516555786133, 0.0973353236913681, 2.161278349429987e-17]}, "segments": [12175, 39000, 15339, 38995, 11930], "label": "shelf"}, {"objectId": 24, "id": 24, "partId": 24, "index": 20, "dominantNormal": [0.9831849336624146, 0.18261274695396423, 4.05481752516677e-17], "obb": {"axesLengths": [0.4286209930337282, 0.5863059702596221, 0.26482623134009337], "centroid": [0.5630257492035506, 0.5298490286283357, -0.2231530366878287], "normalizedAxes": [-0.18261273205280304, 0.9831849336624146, 2.1831091016331395e-16, 0, -2.220446049250313e-16, 1, 0.9831849336624146, 0.18261273205280304, 4.054817194294525e-17]}, "segments": [26114, 26159, 22555, 19932, 11977, 40272, 11958, 40819], "label": "plant"}, {"objectId": 25, "id": 25, "partId": 25, "index": 21, "dominantNormal": [0.7752531170845032, -0.6316506862640381, -1.4025462708212324e-16], "obb": {"axesLengths": [0.7107124184178135, 1.1469509941275935, 0.3852055555255804], "centroid": [0.1782517887833115, -1.2849682759439391, -0.3146905437553562], "normalizedAxes": [0.6316506862640381, 0.7752531170845032, 1.7214077209992755e-16, 0, -2.220446049250313e-16, 1, 0.7752531170845032, -0.6316506862640381, -1.4025462708212324e-16]}, "segments": [38787, 14376, 6094, 5327, 4932, 5148, 37316, 3993, 4788, 4916, 5207, 5212, 5252, 5267, 5384, 5422, 5747, 5804, 5806, 5834, 5867, 5976, 5983, 6018, 6050, 6069, 6087, 6137, 32841, 37053, 37063, 37087, 37096, 37274, 37288, 38803, 44617, 44627, 44700, 37473, 44718, 6011], "label": "clothes"}, {"objectId": 26, "id": 26, "partId": 26, "index": 22, "dominantNormal": [0.9804797768592834, -0.196619912981987, -4.365839089847934e-17], "obb": {"axesLengths": [0.45597641376338766, 1.4999999664723873, 0.2730750294501545], "centroid": [0.6536545752492064, -1.328331364588616, -0.3800000370293857], "normalizedAxes": [0.1966199278831482, 0.9804797768592834, 2.1771024468970245e-16, 0, -2.220446049250313e-16, 1, 0.9804797768592834, -0.1966199278831482, -4.365839420720179e-17]}, "segments": [14512, 1605, 14594, 38771, 892, 929, 935, 963, 1581, 14380, 38740, 38795, 38799, 43126, 43142, 43145, 43147, 35698, 35920, 44688, 32004, 32021, 32047, 35606, 35640, 35930, 35933, 44603, 44608, 44657, 7953, 35490, 1438], "label": "organizer"}, {"objectId": 27, "id": 27, "partId": 27, "index": 23, "dominantNormal": [0.15988466143608093, -0.9871357083320618, -2.191881583639836e-16], "obb": {"axesLengths": [0.4764489434761701, 0.424030979930662, 0.30569857828440683], "centroid": [-0.665065827944612, 1.5649622306868773, -0.7104015247434045], "normalizedAxes": [0.9871357083320618, 0.15988466143608093, 3.550152648214698e-17, 0, -2.220446049250313e-16, 1, 0.15988466143608093, -0.9871357083320618, -2.191881583639836e-16]}, "segments": [41417, 23170, 21506, 26776, 41693, 22085], "label": "pillow"}, {"objectId": 28, "id": 28, "partId": 28, "index": 24, "dominantNormal": [-0.016790667548775673, -0.9998590350151062, -2.220133044106523e-16], "obb": {"axesLengths": [0.47146277171285805, 0.4099249748157341, 0.23812513372688948], "centroid": [-0.7539234376301102, 1.7285739653560566, -0.6949625362836757], "normalizedAxes": [0.9998590350151062, -0.016790669411420822, -3.7282775558857444e-18, 0, -2.220446049250313e-16, 1, -0.016790669411420822, -0.9998590350151062, -2.220133044106523e-16]}, "segments": [27750, 27717, 21482, 41646, 27768], "label": "pillow"}, {"objectId": 29, "id": 29, "partId": 29, "index": 25, "dominantNormal": [-0.13151492178440094, -0.991314172744751, -2.2011596384369247e-16], "obb": {"axesLengths": [0.7829036667758894, 0.6153399508742996, 0.40704695993752765], "centroid": [-0.7470900166550591, 1.9841074428013303, -0.6507590323516951], "normalizedAxes": [0.991314172744751, -0.13151492178440094, -2.92021788493637e-17, 0, -2.220446049250313e-16, 1, -0.13151492178440094, -0.991314172744751, -2.2011596384369247e-16]}, "segments": [43688, 27662, 21452, 20470, 43617, 20421, 20661, 40220, 35723, 35134], "label": "pillow"}, {"objectId": 30, "id": 30, "partId": 30, "index": 26, "dominantNormal": [0, -2.220446049250313e-16, 1], "obb": {"axesLengths": [0.7979135875266476, 0.4453939993963983, 0.5217486486742626], "centroid": [-1.7005432120167192, 1.895968383226222, -0.6926970382922069], "normalizedAxes": [0.9989398121833801, -0.04603539779782295, -1.0221911716584254e-17, 0, -2.220446049250313e-16, 1, -0.04603539779782295, -0.9989398121833801, -2.2180919594014362e-16]}, "segments": [1538, 1639, 30579, 12895, 43792, 13017, 14755, 38819, 27204], "label": "pillow"}, {"objectId": 31, "id": 31, "partId": 31, "index": 27, "dominantNormal": [0, -2.220446049250313e-16, 1], "obb": {"axesLengths": [0.49542986857493077, 0.3026360205716781, 0.3808993188703786], "centroid": [-1.6859900219211732, 1.6215504951309947, -0.758682045891538], "normalizedAxes": [0.9999675750732422, -0.008049879223108292, -1.7874322517892986e-18, 0, -2.220446049250313e-16, 1, -0.008049879223108292, -0.9999675750732422, -2.2203740514497965e-16]}, "segments": [36390, 36498, 43975, 35943], "label": "pillow"}, {"objectId": 32, "id": 32, "partId": 32, "index": 28, "dominantNormal": [0, -2.220446049250313e-16, 1], "obb": {"axesLengths": [2.1759282711281607, 0.4219969416708434, 1.6521419019480874], "centroid": [-1.2273095857291136, 0.7840397340254126, -0.9390015299096367], "normalizedAxes": [0.9734095335006714, -0.22907176613807678, -5.0864149811608424e-17, 0, -2.220446049250313e-16, 1, -0.22907176613807678, -0.9734095335006714, -2.161403352964156e-16]}, "segments": [19559, 31171, 19304, 44938, 17505, 39651, 36253, 28902, 30987, 25566, 31176], "label": "blanket"}, {"objectId": 1, "id": 1, "partId": 1, "index": 29, "dominantNormal": [0, -2.220446049250313e-16, 1], "obb": {"axesLengths": [6.907594641011004, 0.1945700601956979, 5.243177337932266], "centroid": [-1.8736501556037153, 0.67377443485941, -1.4872850350152327], "normalizedAxes": [0.7112374305725098, -0.7029518485069275, -1.5608666548304117e-16, 0, -2.220446049250313e-16, 1, -0.7029518485069275, -0.7112374305725098, -1.5792643427936731e-16]}, "segments": [33016, 33831, 33659, 24057, 29891, 8461, 8488, 9272, 9289, 9292, 9351, 9381, 9383, 9440, 9446, 15661, 18027, 18029, 18034, 18276, 18868, 20333, 22666, 22678, 22962, 22975, 22984, 23039, 23355, 23362, 23380, 24628, 24634, 24787, 24972, 24981, 25873, 25876, 26359, 29524, 31853, 32068, 32089, 32091, 32103, 32811, 32837, 33261, 33288, 33295, 33305, 33421, 33501, 33502, 33503, 33527, 33545, 33559, 33560, 33562, 33563, 33577, 33931, 34908, 34920, 34957, 35121, 40067, 43113, 43116, 43118, 43520, 43524, 43526, 43534, 43541, 43925, 44072, 34690, 32722, 32415, 9339, 9444, 8496, 8506, 32371, 32378, 32395, 32396, 32435, 32436, 33067, 38065, 43149, 43151, 43155, 43165, 31209, 28672, 21705, 22290, 23515, 23781, 23794, 23816, 23869, 25270, 28076, 31432, 22449, 23503, 23453], "label": "floor"}], "scan_id": "0cac763b-8d6f-2d13-8c67-de3d97b48d39", "annId": "4115", "appId": "stk.v1"}