{"segGroups": [{"objectId": 1, "id": 1, "partId": 1, "index": 0, "dominantNormal": [0, -2.220446049250313e-16, 1], "obb": {"axesLengths": [4.457832106457458, 0.34000002577900756, 3.4475415137474603], "centroid": [-0.4801313358082967, 0.38446242870771874, -1.3400000090152029], "normalizedAxes": [0.4895380139350891, 0.8719819784164429, 1.9361889389922623e-16, 0, -2.220446049250313e-16, 1, 0.8719819784164429, -0.4895380139350891, -1.0869927490000133e-16]}, "segments": [14971, 19489, 19117, 26314, 28723, 16503, 17511, 17500, 13129, 13532, 24742, 26197, 26078, 16478, 16468, 20739, 22316, 20645, 33432, 19453, 27084, 21518, 21849, 21476, 35524, 27590, 35553, 28572, 13730, 32790, 13767, 18473, 17822, 15043, 16799, 19390, 11606, 19025, 18312, 23118, 25555, 15706, 14838, 27227, 32251, 30350, 873, 31041, 32216, 29465, 29263, 29373, 7400, 36117, 36114, 21504, 36107, 7473, 7427, 7457, 17242, 35668, 35785], "label": "floor"}, {"objectId": 2, "id": 2, "partId": 2, "index": 1, "dominantNormal": [-0.07857522368431091, -0.9969081878662109, -2.213580847212817e-16], "obb": {"axesLengths": [1.8950734319594036, 2.499999944120645, 0.5828239171849229], "centroid": [-0.9642726924846361, -1.6686773945074398, -0.20000010840594706], "normalizedAxes": [0.9969081878662109, -0.07857522368431091, -1.744720449987878e-17, 0, -2.220446049250313e-16, 1, -0.07857522368431091, -0.9969081878662109, -2.213580847212817e-16]}, "segments": [16273, 33606, 23663, 5532, 5789, 22906, 10192, 22922, 22462, 27216, 26392, 27155, 12621, 16296, 8004, 17182, 6653, 6748, 28789, 15977, 19056, 34804, 20158, 30616, 8672, 22407, 12656, 27214, 21684, 21791, 21852, 22160], "label": "wall"}, {"objectId": 3, "id": 3, "partId": 3, "index": 2, "dominantNormal": [0.9979873895645142, -0.06341230869293213, -1.4080361031106243e-17], "obb": {"axesLengths": [0.8650041899706065, 2.5368198781426265, 0.245076028324957], "centroid": [-1.904831424631034, -0.9555250442432413, -0.12256008671462482], "normalizedAxes": [0.06341230869293213, 0.9979873895645142, 2.2159771563601586e-16, 0, -2.220446049250313e-16, 1, 0.9979873895645142, -0.06341230869293213, -1.4080361031106243e-17]}, "segments": [4884, 3931, 4514, 1395, 720, 31099, 1312, 2109, 733, 1281, 910], "label": "wall"}, {"objectId": 4, "id": 4, "partId": 4, "index": 3, "dominantNormal": [0.9990963935852051, 0.042502351105213165, 9.437417759542025e-18], "obb": {"axesLengths": [0.8069573711649879, 2.437769954552427, 0.2503541692635195], "centroid": [-1.8320722842381838, 1.4295012958136983, -0.16888511362183678], "normalizedAxes": [-0.04250234737992287, 0.9990963935852051, 2.2184396399565045e-16, 0, -2.220446049250313e-16, 1, 0.9990963935852051, 0.04250234737992287, 9.437416932361413e-18]}, "segments": [4531, 3524, 31641, 27998, 28119], "label": "wall"}, {"objectId": 5, "id": 5, "partId": 5, "index": 4, "dominantNormal": [-0.28468289971351624, -0.9586217403411865, -2.128567856066047e-16], "obb": {"axesLengths": [2.7856962322708925, 2.4747298402772118, 0.7765714550473916], "centroid": [-0.4899057120914514, 1.7401099541360683, -0.18491506722014384], "normalizedAxes": [0.9586217403411865, -0.28468289971351624, -6.321230199580002e-17, 0, -2.220446049250313e-16, 1, -0.28468289971351624, -0.9586217403411865, -2.128567856066047e-16]}, "segments": [5913, 31734, 6137, 7329, 21208, 25919, 18043, 29359, 29351, 15577, 15337, 18746, 22092, 19880, 18736, 29581, 24266, 24880, 24874, 22282, 36377, 15311, 25963, 2370, 2378, 11107, 15279, 15270, 15285, 29799, 24137, 23557, 23628, 23676, 24171, 24177, 35409, 26866, 22614, 35381, 22542, 22664, 35399, 22623, 34285, 22743, 21328, 21364, 35407, 24210], "label": "wall"}, {"objectId": 6, "id": 6, "partId": 6, "index": 5, "dominantNormal": [0.755250871181488, 0.6554358601570129, 1.45535996622262e-16], "obb": {"axesLengths": [1.2150794914064298, 1.7100499486166985, 0.6640375311846919], "centroid": [0.12804774617504192, 1.5286468563104791, -0.6050250450888652], "normalizedAxes": [-0.6554358601570129, 0.755250871181488, 1.6769938131077922e-16, 0, -2.220446049250313e-16, 1, 0.755250871181488, 0.6554358601570129, 1.45535996622262e-16]}, "segments": [23369, 20484, 33417, 19687, 19747, 19947, 17600, 20343, 20346, 20366, 20403, 23585, 33326, 34063, 34068, 23379, 34052, 20357, 23454, 23570, 23583, 34268, 23516, 34090, 34213, 34216, 24157, 24394, 23686, 25903, 23253, 36466, 15375, 26194, 17939, 37115, 17879, 28894, 25989, 26015, 33445, 17858, 37054, 24573, 33228, 18587, 19873, 19867, 19831, 33332], "label": "plant"}, {"objectId": 9, "id": 9, "partId": 9, "index": 6, "dominantNormal": [0, -2.220446049250313e-16, 1], "obb": {"axesLengths": [3.8813244700371463, 0.3183000016592441, 2.722919536120644], "centroid": [-0.9121716969010631, 0.20335594821263248, 1.1691499035250397], "normalizedAxes": [0.26049497723579407, 0.9654752016067505, 2.1437855970568586e-16, 0, -2.220446049250313e-16, 1, 0.9654752016067505, -0.26049497723579407, -5.784150430527692e-17]}, "segments": [3801, 4311, 36643, 28926, 32676, 5021, 36613, 17539, 15850, 4783, 3937, 11147, 31015, 33029, 7516, 10370, 22536, 22586, 29843, 28765, 31504, 9626, 17894, 17969, 28518], "label": "ceiling"}, {"objectId": 10, "id": 10, "partId": 10, "index": 7, "dominantNormal": [0.9996094703674316, -0.027945542708039284, -6.205156990022172e-18], "obb": {"axesLengths": [1.9080127405475416, 2.43584985056855, 0.2921635710071013], "centroid": [-1.8364699891751328, 0.2335533123588096, -0.07207507292758653], "normalizedAxes": [0.027945540845394135, 0.9996094703674316, 2.2195788992705615e-16, 0, -2.220446049250313e-16, 1, 0.9996094703674316, -0.027945540845394135, -6.205156576431866e-18]}, "segments": [16284, 8434, 32155, 9247, 3671, 3688, 3692, 6394, 6691, 6733, 8201, 8426, 16983, 32059, 32140, 32142, 32202, 8455, 8524, 8015, 29005, 2093, 2924, 3378, 7265, 7514, 7985, 28945, 31213, 37238, 37145, 7039, 28983, 2695, 31349, 6947, 28686, 3284, 6728, 7255, 12049, 12052, 12822, 22463, 22473, 26975, 28476, 28662, 28672, 30835, 30842, 32496, 32511, 36791, 36882, 37205, 11979, 28677, 11872, 11976, 15138, 24920, 26963, 32534, 36921, 36972, 12617, 12646, 24982, 12599, 12628, 12739, 12698, 12688, 11753, 4634, 31484, 1673, 4303, 4330, 4843, 30872, 31492, 31536, 32273, 32538, 33979, 34001, 34127, 34149, 31565, 31708, 5229, 31587, 5666, 5663, 3903, 2379, 2951, 711, 31664, 31696, 3895], "label": "blinds"}, {"objectId": 11, "id": 11, "partId": 11, "index": 8, "dominantNormal": [0, -2.220446049250313e-16, 1], "obb": {"axesLengths": [1.7204984277966369, 0.8737169308874693, 1.0392665486812869], "centroid": [-1.306133225723061, 0.2536513769760125, -0.9626915295565539], "normalizedAxes": [-0.06952975690364838, 0.9975798726081848, 2.2150722869444746e-16, 0, -2.220446049250313e-16, 1, 0.9975798726081848, 0.06952975690364838, 1.5438707402204072e-17]}, "segments": [15545, 25787, 29678, 37420, 14476, 17052, 18845, 18857, 28410, 29395, 37428, 37471, 37485, 21676, 16339, 18237, 15861, 33279, 33887, 26115, 2056, 34697, 14505, 977], "label": "sofa"}, {"objectId": 12, "id": 12, "partId": 12, "index": 9, "dominantNormal": [0, -2.220446049250313e-16, 1], "obb": {"axesLengths": [0.8752988659291302, 0.7579099366536002, 0.9266982568483759], "centroid": [-1.408280470224519, -1.0026515753061191, -1.188955017798655], "normalizedAxes": [-0.5981988310813904, 0.8013477325439453, 1.7793494068029e-16, 0, -2.220446049250313e-16, 1, 0.8013477325439453, 0.5981988310813904, 1.3282682311408287e-16]}, "segments": [328, 3627, 16370, 25418, 14025, 14296, 15749, 16718, 16764, 18263, 18279, 18984, 23042, 23079, 23093, 23125, 23271, 25392, 25421, 25484, 25561, 25599, 30862, 30995, 31070, 32840, 33075, 33203, 33211, 33922, 34608, 15904, 25482, 25483, 33069, 34647], "label": "side table"}, {"objectId": 13, "id": 13, "partId": 13, "index": 10, "dominantNormal": [0, -2.220446049250313e-16, 1], "obb": {"axesLengths": [0.8916183585207084, 0.4814929854536129, 0.8999128433210453], "centroid": [-1.2717265599069845, 1.538661944613061, -1.1601635610275676], "normalizedAxes": [0.8998990654945374, 0.43609821796417236, 9.683325651636484e-17, 0, -2.220446049250313e-16, 1, 0.43609821796417236, -0.8998990654945374, -1.9981773247013942e-16]}, "segments": [14002, 14758, 1086, 16835, 33858, 15679, 14900, 16871, 16904, 18128, 18565, 23010, 32302, 32964, 22960, 22977, 28317, 33045, 15662, 33054], "label": "side table"}, {"objectId": 14, "id": 14, "partId": 14, "index": 11, "dominantNormal": [0.735770046710968, 0.67723149061203, 1.5037559877573826e-16], "obb": {"axesLengths": [0.5013467385888583, 0.8149279769898657, 0.5058549695421322], "centroid": [-1.331612992785062, 1.6428029307291534, -0.5522770516065436], "normalizedAxes": [0.735770046710968, 0.67723149061203, 1.5037559877573826e-16, 0, -2.220446049250313e-16, 1, 0.67723149061203, -0.735770046710968, -1.6337376933760872e-16]}, "segments": [32886, 1716, 3108, 31284, 31365, 2834, 14420, 1979, 265, 9782, 1997, 10022, 10182, 10189, 30882, 9958, 14229, 8917, 270, 30887, 8835], "label": "table lamp"}, {"objectId": 16, "id": 16, "partId": 16, "index": 12, "dominantNormal": [0.77071213722229, 0.6371834874153137, 1.41483155727887e-16], "obb": {"axesLengths": [0.483201976766288, 0.8076409666022438, 0.4757676101146696], "centroid": [-1.4460122289817732, -1.0825524877681865, -0.5468975462712906], "normalizedAxes": [-0.6371834874153137, 0.77071213722229, 1.711324720204499e-16, 0, -2.220446049250313e-16, 1, 0.77071213722229, 0.6371834874153137, 1.41483155727887e-16]}, "segments": [7908, 3147, 31390, 31890, 3609, 4075, 4086, 7837, 7885, 3186, 31850, 6485, 10297, 31867, 30933, 2876, 5980, 2819], "label": "table lamp"}, {"objectId": 18, "id": 18, "partId": 18, "index": 13, "dominantNormal": [0.8758479952812195, -0.482587069272995, -1.0715585513865089e-16], "obb": {"axesLengths": [0.6330054568328801, 1.0007360055878156, 0.7167935569867435], "centroid": [-0.6244296281286089, -1.1687785219441298, -0.8921220606091167], "normalizedAxes": [0.8758479952812195, -0.482587069272995, -1.0715585513865089e-16, 0, -2.220446049250313e-16, 1, -0.482587069272995, -0.8758479952812195, -1.9447732208659907e-16]}, "segments": [21675, 19632, 23999, 24081, 26738, 26711, 18399, 13689, 14249, 16674, 23968, 23986, 24033, 24083, 24790, 24820, 25245, 25281, 26552, 34323, 34377, 34389, 34411, 34479, 34868, 34931, 34880, 34467, 14317, 24803, 33928, 26627, 21887, 27520, 26575, 14694, 19193, 19200, 19389, 20563, 35500], "label": "chair"}, {"objectId": 21, "id": 21, "partId": 21, "index": 16, "dominantNormal": [0.8269047737121582, 0.5623419880867004, 1.2486500457746806e-16], "obb": {"axesLengths": [0.232301455816219, 0.5199999842047692, 0.17769774856053283], "centroid": [-0.7446305498658077, 1.946113685549757, 0.08999992892146125], "normalizedAxes": [-0.5623419880867004, 0.8269047737121582, 1.8360974378953858e-16, 0, -2.220446049250313e-16, 1, 0.8269047737121582, 0.5623419880867004, 1.2486500457746806e-16]}, "segments": [11698, 32944, 14565, 14578, 11732, 14569, 26665, 26721, 26772, 34111], "label": "fire extinguisher"}, {"objectId": 22, "id": 22, "partId": 22, "index": 17, "dominantNormal": [0.9002649188041687, -0.4353424310684204, -9.666543811369009e-17], "obb": {"axesLengths": [0.16528730302992836, 0.2800000247359269, 0.15578796768808792], "centroid": [-0.7521725115256471, 1.9654383313750095, 0.709999927282333], "normalizedAxes": [0.4353424310684204, 0.9002649784088135, 1.9989898145862683e-16, 0, -2.220446049250313e-16, 1, 0.9002649784088135, -0.4353424310684204, -9.666543811369009e-17]}, "segments": [11576, 32957, 14670], "label": "box"}, {"objectId": 23, "id": 23, "partId": 23, "index": 18, "dominantNormal": [0, -2.220446049250313e-16, 1], "obb": {"axesLengths": [0.5481417702729762, 0.3197299170554446, 0.4124354414084093], "centroid": [0.26871485035254083, 1.2167832687486422, -1.2788350352160258], "normalizedAxes": [-0.39473864436149597, 0.9187934398651123, 2.0401312636255937e-16, 0, -2.220446049250313e-16, 1, 0.9187934398651123, 0.39473864436149597, 8.764958633589081e-17]}, "segments": [21131, 33644, 33647, 22337, 33692, 22576, 22643, 33708, 33738, 22496, 33561, 22553, 21875], "label": "basket"}], "scan_id": "6bde6079-9162-246f-8fad-d8f2358bd413", "annId": "5193", "appId": "stk.v1"}