{"segGroups": [{"objectId": 1, "id": 1, "partId": 1, "index": 0, "dominantNormal": [0, -2.220446049250313e-16, 1], "obb": {"axesLengths": [5.20915876202136, 0.22464000676631887, 3.2774482209100886], "centroid": [0.5495441000933223, 1.276143931453872, -1.2423200083049386], "normalizedAxes": [-0.0906781330704689, 0.9958802461624146, 2.2112983581177627e-16, 0, -2.220446049250313e-16, 1, 0.9958802461624146, 0.0906781330704689, 2.0134590232971684e-17]}, "segments": [15951, 6893, 22027, 6943, 23089, 19011, 26217, 6812, 15706, 37154, 27669, 9996], "label": "floor"}, {"objectId": 2, "id": 2, "partId": 2, "index": 1, "dominantNormal": [0.9045565128326416, 0.42635378241539, 9.466955717471804e-17], "obb": {"axesLengths": [4.222771069134687, 2.8141899671959125, 0.3358561103558394], "centroid": [2.090999116896331, 2.1240712503453594, 0.06290497720759314], "normalizedAxes": [-0.4263538122177124, 0.9045565128326416, 2.0085189352428792e-16, 0, -2.220446049250313e-16, 1, 0.9045565128326416, 0.4263538122177124, 9.466956379216294e-17]}, "segments": [32857, 33982, 31326, 33631, 839, 21346, 17221, 194, 199, 253, 273, 1090, 12457, 16021, 16391, 16675, 16720, 18594, 18602, 18966, 19212, 23690, 23795, 24063, 24172, 24187, 24190, 24210, 24233, 24235, 25292, 26057, 26643, 26645, 26659, 26667, 27531, 27540, 27985, 31003, 31051, 31579, 32889, 33667, 33677, 33714, 33742, 33767, 33784, 34464, 34465, 34473, 37615, 37616, 37618, 37621, 37623, 38427, 39290, 43780, 43782, 43799, 43962, 44159, 31640, 10957, 16768, 35083, 35085, 43397, 33710, 43425, 33709, 18978], "label": "wall"}, {"objectId": 3, "id": 3, "partId": 3, "index": 2, "dominantNormal": [0.4091833829879761, -0.9124521613121033, -2.026050796715369e-16], "obb": {"axesLengths": [2.320969976413048, 2.339999921470881, 0.20764646908363138], "centroid": [2.008215276539362, -0.2272699815194419, 0.3599999415085473], "normalizedAxes": [0.9124521613121033, 0.4091833829879761, 9.085696261745292e-17, 0, -2.220446049250313e-16, 1, 0.4091833829879761, -0.9124521613121033, -2.026050796715369e-16]}, "segments": [32939, 30075, 33502, 33564, 32327, 5199, 465, 473, 507, 1024, 1130, 1144, 1198, 1372, 1435, 1462, 1989, 7392, 11900, 11980, 12048, 12116, 26518, 26545, 26555, 29433, 29442, 30378, 31332, 32512, 32575, 32716, 32936, 33053, 33120, 33139, 33153, 33176, 33188, 33242, 33370, 33393, 35237, 36231, 39223, 42739, 42988, 42999, 43003, 43005, 43373, 43400, 6820, 33897, 5934, 29209, 42740, 1829, 43316, 499, 7186, 7932, 31083, 33056, 42557, 42558, 42996, 11933, 718, 755, 957, 1498, 1509, 1586, 35254, 2045, 35259, 33032, 33034, 42986], "label": "wall"}, {"objectId": 4, "id": 4, "partId": 4, "index": 3, "dominantNormal": [0, -2.220446049250313e-16, 1], "obb": {"axesLengths": [2.3093820780013568, 1.1033550254250681, 1.5000763307098668], "centroid": [1.9538875529650175, 0.9250411901846863, -0.778322535422611], "normalizedAxes": [-0.47107604146003723, 0.8820925951004028, 1.9586390178636455e-16, 0, -2.220446049250313e-16, 1, 0.8820925951004028, 0.47107604146003723, 1.0459989351564164e-16]}, "segments": [18927, 19266, 39660, 27093, 28664, 8612, 7141, 7558, 10697, 11355, 12751, 12849, 12853, 19290, 19313, 23584, 27613, 27623, 3182, 6365, 7452, 7355, 659, 30775, 592, 2319, 2321, 3122, 10710, 10865, 13115, 16529, 16569, 18424, 19334, 27712, 30430, 30504, 42388, 42391, 42398, 3386, 42399, 10876, 10905, 42408], "label": "bed"}, {"objectId": 5, "id": 5, "partId": 5, "index": 4, "dominantNormal": [0.4317849278450012, -0.9019765853881836, -2.00279034554148e-16], "obb": {"axesLengths": [2.150548715224184, 2.2667479008418034, 0.1437852773047929], "centroid": [0.3286969866197393, 2.947811908704963, -0.19822600555354364], "normalizedAxes": [0.9019765853881836, 0.4317849278450012, 9.587551371592645e-17, 0, -2.220446049250313e-16, 1, 0.4317849278450012, -0.9019765853881836, -2.00279034554148e-16]}, "segments": [37740, 20616, 10301, 37389, 37206, 17139, 37227, 12285, 20604], "label": "wardrobe"}, {"objectId": 6, "id": 6, "partId": 6, "index": 5, "dominantNormal": [0.7508102059364319, -0.6605180501937866, -1.4666446950113135e-16], "obb": {"axesLengths": [0.7273956729701415, 2.4822599333019553, 0.6188871299903239], "centroid": [-0.6947272820963136, 1.9026179180467353, -0.09113005114495687], "normalizedAxes": [0.6605180501937866, 0.7508102059364319, 1.6671335555083641e-16, 0, -2.220446049250313e-16, 1, 0.7508102059364319, -0.6605180501937866, -1.4666446950113135e-16]}, "segments": [10319, 1841, 4151, 11806, 4415, 25739, 6441, 22766, 36741, 2611, 2757, 2865, 4241, 4246, 4248, 4527, 4547, 6548, 8839, 10365, 10380, 11689, 11749, 11781, 11797, 11798, 11857, 11890, 11958, 11983, 11984, 11989, 12029, 12046, 12086, 12112, 12115, 14475, 25634, 25647, 25665, 25669, 35765, 36015, 36312, 36803, 36860, 36896, 36941, 36944, 36986, 40017, 40020, 40025, 40108, 40111, 4283, 14474, 18042, 36729, 10367, 4414, 4155, 3252, 3043, 37147, 6648, 6517, 3463], "label": "wardrobe"}, {"objectId": 7, "id": 7, "partId": 7, "index": 6, "dominantNormal": [0.9063187837600708, 0.42259469628334045, 9.383487237964793e-17], "obb": {"axesLengths": [1.6947591308800838, 0.8494199324528884, 0.6776331543736859], "centroid": [-0.23178049792218658, 1.0295341709038224, -0.9147099997584521], "normalizedAxes": [-0.42259469628334045, 0.9063187837600708, 2.012431962761398e-16, 0, -2.220446049250313e-16, 1, 0.9063187837600708, 0.42259469628334045, 9.383487237964793e-17]}, "segments": [13222, 37834, 20687, 26609, 17489, 26144, 5501, 5687, 6495, 15900, 17350, 17839, 17846, 17867, 17878, 17892, 26154, 36274, 36294, 36304, 37470, 37607, 38041, 38071, 38074, 38078, 38084, 38511, 38516, 38793, 40200, 40207, 13496, 20893, 20943, 22664, 5503, 5680, 6403, 6522, 13144, 13368, 16445, 24931, 38529, 38993, 15121, 15064, 5713, 6573, 36308], "label": "table"}, {"objectId": 8, "id": 8, "partId": 8, "index": 7, "dominantNormal": [0.931887149810791, -0.36274826526641846, -8.054629524832234e-17], "obb": {"axesLengths": [0.5840526508311854, 0.9073350226729725, 0.45701644413797343], "centroid": [0.47238093301472805, 1.9068736215995086, -0.8492925326728252], "normalizedAxes": [0.36274826526641846, 0.931887149810791, 2.0692051401445056e-16, 0, -2.220446049250313e-16, 1, 0.931887149810791, -0.36274826526641846, -8.054629524832234e-17]}, "segments": [40124, 25852, 40149, 22823, 16200, 26752, 17628, 25478, 17659, 17690, 21965, 21972, 23777, 23894, 25449, 25466, 26688, 26701, 26725, 26734, 39874, 41018, 41039, 24258, 39302, 23806, 24266, 24296, 40735, 20575, 23827, 23850, 24303], "label": "chair"}, {"objectId": 9, "id": 9, "partId": 9, "index": 8, "dominantNormal": [0.4164254367351532, -0.9091698527336121, -2.0187626075998379e-16], "obb": {"axesLengths": [0.9715628184542108, 1.1331799373064944, 0.5843868866543671], "centroid": [1.3116421291633371, -0.3541582935202072, -0.756589996969849], "normalizedAxes": [0.9091698527336121, 0.4164254367351532, 9.246502158059071e-17, 0, -2.220446049250313e-16, 1, 0.4164254367351532, -0.9091698527336121, -2.0187626075998379e-16]}, "segments": [6501, 31655, 41056, 24068, 11319], "label": "commode"}, {"objectId": 10, "id": 10, "partId": 10, "index": 9, "dominantNormal": [0.8833985924720764, 0.4686223566532135, 1.0405506604209991e-16], "obb": {"axesLengths": [1.0123710451703, 1.9227280186997042, 0.4637354180600307], "centroid": [1.6434219026328991, 2.6970702726117013, -0.3632860451991251], "normalizedAxes": [-0.4686223566532135, 0.8833985924720764, 1.9615389145679094e-16, 0, -2.220446049250313e-16, 1, 0.8833985924720764, 0.4686223566532135, 1.0405506604209991e-16]}, "segments": [42803, 28094, 25168, 31963, 29406, 24737, 28603, 42179, 28575, 28579, 31533, 23170, 34430, 39113, 42426, 10414, 27756, 41115, 22585, 25143, 21299, 21324, 21349, 22465, 22935, 23066, 23106, 23127, 23172, 23178, 24279, 24305, 24452, 24654, 24923, 25160, 25286, 25290, 25366, 25966, 25994, 26301, 26329, 26427, 27119, 27123, 27744, 28442, 28476, 28499, 28503, 28526, 28622, 29089, 29142, 29172, 29207, 29238, 30410, 30847, 31523, 31537, 31558, 39012, 39016, 39030, 39033, 39035, 41686, 41698, 41782, 41804, 41818, 41870, 41893, 42196, 42413, 42431, 42560, 42585, 42591, 26295, 26415, 25433, 21377, 28171, 30009], "label": "shelf"}, {"objectId": 11, "id": 11, "partId": 11, "index": 10, "dominantNormal": [0.8395196199417114, 0.5433293581008911, 1.2064335266368323e-16], "obb": {"axesLengths": [0.4808162326247755, 0.3017820052404252, 0.2603982386319678], "centroid": [2.0346210487849277, 2.0205471860600577, 0.34089096104157735], "normalizedAxes": [-0.5433293581008911, 0.8395196199417114, 1.8641080233676975e-16, 0, -2.220446049250313e-16, 1, 0.8395196199417114, 0.5433293581008911, 1.2064335266368323e-16]}, "segments": [32444, 27928, 29882, 32449], "label": "box"}, {"objectId": 12, "id": 12, "partId": 12, "index": 11, "dominantNormal": [0.98079514503479, 0.19504067301750183, 4.330772918448341e-17], "obb": {"axesLengths": [0.5346259016115092, 0.31999998569488514, 0.27680166535975004], "centroid": [2.205510476373452, 1.6020356242092437, 0.34999995126880745], "normalizedAxes": [-0.19504068791866302, 0.98079514503479, 2.1778027049163874e-16, 0, -2.220446049250313e-16, 1, 0.98079514503479, 0.19504068791866302, 4.330773249320586e-17]}, "segments": [32200, 43474, 34984, 32306, 33371, 43442, 43448], "label": "box"}, {"objectId": 13, "id": 13, "partId": 13, "index": 12, "dominantNormal": [0, -2.220446049250313e-16, 1], "obb": {"axesLengths": [0.5996108513092067, 0.20328638993308557, 0.26685568673787824], "centroid": [2.488447714684021, 1.1448474556021944, -0.02835683230697783], "normalizedAxes": [-0.3764016330242157, 0.9264565706253052, 2.0571468320469525e-16, 0, -2.220446049250313e-16, 1, 0.9264565706253052, 0.3764016330242157, 8.357795189799859e-17]}, "segments": [14553, 34617, 44392, 10446, 44377, 14564, 44445, 34690, 34759, 44411, 10424, 14600, 19924, 19926, 34633, 35111], "label": "shelf"}, {"objectId": 14, "id": 14, "partId": 14, "index": 13, "dominantNormal": [0.8854182958602905, 0.4647950530052185, 1.0320523391565273e-16], "obb": {"axesLengths": [0.4239875855180418, 0.3894499900314957, 0.13331646851893644], "centroid": [-0.5168350618656767, 1.1419663170801124, -0.35588002669028906], "normalizedAxes": [-0.4647950828075409, 0.8854182958602905, 1.966023556976927e-16, 0, -2.220446049250313e-16, 1, 0.8854182958602905, 0.4647950828075409, 1.0320524053309763e-16]}, "segments": [5011, 24657, 24650, 39389, 24426, 24467, 39414, 5099, 13379, 24437, 24438, 24516, 24530, 24538, 24541, 24596, 24621, 24629, 24631, 24632, 24635, 24641, 24671, 37126, 39544, 5059, 39561], "label": "monitor"}, {"objectId": 18, "id": 18, "partId": 18, "index": 15, "dominantNormal": [0.913941502571106, 0.40584596991539, 9.011590805027892e-17], "obb": {"axesLengths": [0.42014094409837316, 0.47959600807139235, 0.3444085172408065], "centroid": [1.2727813576789764, 1.3798089033175949, 0.6401229604262189], "normalizedAxes": [-0.40584596991539, 0.913941502571106, 2.029357798629907e-16, 0, -2.220446049250313e-16, 1, 0.913941502571106, 0.40584596991539, 9.011590805027892e-17]}, "segments": [848, 247, 895, 1506, 35400, 1563, 1280, 1318, 1422, 1562, 1615, 35615, 1313, 35416, 901, 1210, 1303, 1376, 1387, 1485, 1549, 1604, 1612, 35404, 35456, 35493, 35496, 1236, 35559, 827, 951, 1324, 1357, 1358, 1361, 1369, 1374, 1583, 1649, 35446, 35552, 1328, 41337, 42115, 415, 627, 679, 738, 860, 904, 1039, 1628, 1716, 1725, 28010, 28051, 28059, 28092, 28096, 28115, 28121, 28132, 28195, 28206, 28228, 28978, 29008, 29822, 29865, 29881, 35383, 35547, 35587, 35618, 35619, 41289, 41323, 41620, 41675, 42076, 42084, 42086, 42149, 1671, 1718, 28082, 41540, 914, 28148, 28972, 35371, 35375, 29016, 29022, 42168, 29900, 29910, 29913, 28004, 459], "label": "lamp"}, {"objectId": 19, "id": 19, "partId": 19, "index": 16, "dominantNormal": [0, -2.220446049250313e-16, 1], "obb": {"axesLengths": [0.47594481528845956, 0.31519799720053365, 0.4185294575728491], "centroid": [-0.07216485259298672, 0.6002668282409618, -0.7397110348303384], "normalizedAxes": [0.6056628823280334, 0.7957213521003723, 1.766856332575389e-16, 0, -2.220446049250313e-16, 1, 0.7957213521003723, -0.6056628823280334, -1.3448417542428391e-16]}, "segments": [18802, 14911, 37783, 37505, 37900, 37090, 14949, 12736, 13486, 37287, 37520, 12763, 37318, 12821, 12866, 12873, 12912, 12925, 12948, 12963, 12976, 12987, 12992, 13036, 13156, 14840, 14869, 16269, 16308, 17353, 17354, 17365, 17375, 17380, 17398, 18824, 37054, 37248, 37252, 37256, 37260, 37297, 37454, 37458, 37461, 37558, 37814, 37868, 37871, 37874, 37877, 12885, 14917, 37032], "label": "item"}, {"objectId": 20, "id": 20, "partId": 20, "index": 17, "dominantNormal": [0, -2.220446049250313e-16, 1], "obb": {"axesLengths": [0.5766046076451687, 0.3401809854765016, 0.39236665734283876], "centroid": [2.1797137589950424, 0.360840323699406, -0.6000905252271772], "normalizedAxes": [0.9106929302215576, 0.4130839407444, 9.172306042346535e-17, 0, -2.220446049250313e-16, 1, 0.4130839407444, -0.9106929302215576, -2.0221445189906487e-16]}, "segments": [11143, 36687, 9943, 8081, 9894, 36425, 36671, 36677, 36683, 9842], "label": "pillow"}, {"objectId": 21, "id": 21, "partId": 21, "index": 18, "dominantNormal": [0, -2.220446049250313e-16, 1], "obb": {"axesLengths": [0.6993177380070933, 0.21243899585815518, 0.35351149997942594], "centroid": [1.7474283648875688, 1.2091413127013482, -0.6437805202547344], "normalizedAxes": [0.8458523750305176, -0.5334171056747437, -1.1844239048980213e-16, 0, -2.220446049250313e-16, 1, -0.5334171056747437, -0.8458523750305176, -1.878169564385507e-16]}, "segments": [37422, 18147, 15277, 38094, 14651, 38664, 11022, 20095, 15443, 11030, 18226, 36770, 38654, 38680, 38684, 38687], "label": "stuffed animal"}, {"objectId": 22, "id": 22, "partId": 22, "index": 19, "dominantNormal": [0, -2.220446049250313e-16, 1], "obb": {"axesLengths": [0.9279630091872539, 0.3127405052019541, 0.5668515053145392], "centroid": [2.7664175897148042, 0.46510949261692086, -0.11362978704050652], "normalizedAxes": [0.04293406009674072, 0.9990779161453247, 2.2183986117981218e-16, 0, -2.220446049250313e-16, 1, 0.9990779161453247, -0.04293406009674072, -9.533276412008345e-18]}, "segments": [10498, 8285, 10499, 30314, 30177, 30047, 42371, 30257, 32051, 9540, 9527, 42694, 30160, 32056, 42262, 42698, 10560, 30094, 30266, 10428, 10550], "label": "shelf"}, {"objectId": 23, "id": 23, "partId": 23, "index": 20, "dominantNormal": [0, -2.220446049250313e-16, 1], "obb": {"axesLengths": [0.348681058670566, 0.16634699330448366, 0.2250182827855526], "centroid": [1.4654210251425324, -0.3228347911682772, -0.375121515730213], "normalizedAxes": [-0.6803976893424988, 0.7328431010246277, 1.6272385683904826e-16, 0, -2.220446049250313e-16, 1, 0.7328431010246277, 0.6803976893424988, 1.5107863612195933e-16]}, "segments": [4256, 4302, 36201, 6113, 4664, 6115], "label": "item"}, {"objectId": 24, "id": 24, "partId": 24, "index": 21, "dominantNormal": [0, -2.220446049250313e-16, 1], "obb": {"axesLengths": [0.7974027484337081, 0.565551983590007, 0.6702686054727969], "centroid": [2.2852381925001586, 0.23107578787438154, -0.532943033365614], "normalizedAxes": [0.8857982158660889, 0.46407055854797363, 1.0304436383012342e-16, 0, -2.220446049250313e-16, 1, 0.46407055854797363, -0.8857982158660889, -1.966867148852833e-16]}, "segments": [31074, 42481, 7757, 7753, 7821, 36390, 42532, 31245, 8380, 31109, 31267, 42445, 7513, 9902, 9879, 7263, 30356, 42497], "label": "pillow"}, {"objectId": 100, "id": 100, "partId": 100, "index": 22, "dominantNormal": [0.7860578894615173, 0.618152916431427, 1.372575201122721e-16], "obb": {"axesLengths": [0.16087262140442832, 0.14645599991554015, 0.11474379312018004], "centroid": [-0.47084625870052277, 1.5576594433104116, -0.3403820370841315], "normalizedAxes": [-0.618152916431427, 0.7860578894615173, 1.7453991351368655e-16, 0, -2.220446049250313e-16, 1, 0.7860578894615173, 0.618152916431427, 1.372575201122721e-16]}, "segments": [40089, 13587, 13561, 25685], "label": "table lamp"}, {"objectId": 241, "id": 241, "partId": 241, "index": 23, "dominantNormal": [0.9476245045661926, 0.3193866014480591, 7.091807173688271e-17], "obb": {"axesLengths": [0.9431608553147353, 1.2543413507713066, 0.24682418991790847], "centroid": [0.8903432875716141, -0.8857388495855278, -0.6858393075546032], "normalizedAxes": [-0.31938663125038147, 0.9476245045661926, 2.1041490873367877e-16, 0, -2.220446049250313e-16, 1, 0.9476245045661926, 0.31938663125038147, 7.091807835432761e-17]}, "segments": [38447, 38564, 22275, 22165, 38523, 16855, 18496, 18500, 18522, 38347, 38351, 39232, 17143, 18264, 14158, 14171, 14173, 14192, 15464, 16857, 16895, 16907, 16919, 16944, 16954, 16955, 16975, 16986, 16992, 17005, 17011, 17060, 17093, 17141, 37167, 37625, 37631, 37633, 37642, 37653, 37657, 37669, 37692, 37713, 37722, 37726, 14206, 17162, 40592, 15373, 15481, 20203, 20207, 20234, 27670, 38689], "label": "wall"}, {"objectId": 242, "id": 242, "initialPoint": [0.6420082536206959, 1.8719071980111928, 1.5561661587247686], "index": 24, "dominantNormal": [0, -2.220446049250313e-16, 1], "obb": {"axesLengths": [4.35587485515044, 0.40029989778325115, 0.8098763709656915], "centroid": [-0.38736263870052934, 2.2549946367486666, 1.7298499205698086], "normalizedAxes": [0.99372798204422, -0.11182426661252975, -2.4829975101010538e-17, 0, -2.220446049250313e-16, 1, -0.11182426661252975, -0.99372798204422, -2.2065193717595743e-16]}, "segments": [23336, 1740, 3595, 2850, 5421, 5472, 7614, 22382, 40113, 44470, 15386, 40177, 44345, 18901, 38457, 19148, 22000, 30912, 18025, 19073, 37383, 38501], "partId": 242, "label": "ceiling"}, {"objectId": 244, "id": 244, "initialPoint": [0.6410603600879143, 2.125383918014137, 1.433574101935303], "index": 25, "dominantNormal": [0.33990609645843506, -0.9404593706130981, -2.0882392939582898e-16], "obb": {"axesLengths": [0.5822074520383431, 0.17999994352460025, 0.1467633006339644], "centroid": [0.641644965846704, 2.1314028293126746, 1.4599999109611672], "normalizedAxes": [0.9404593706130981, 0.33990609645843506, 7.54743148997228e-17, 0, -2.220446049250313e-16, 1, 0.33990609645843506, -0.9404593706130981, -2.0882392939582898e-16]}, "segments": [12010, 39617, 15755, 15785, 12040, 11884, 39322, 12139, 16524, 15774, 17315], "partId": 244, "label": "light"}, {"objectId": 247, "id": 247, "initialPoint": [1.9713988180874595, 2.0115109506717115, 0.18450338703564206], "index": 27, "dominantNormal": [0, -2.220446049250313e-16, 1], "obb": {"axesLengths": [1.0481556621806536, 0.11999998718500188, 0.2729562187614392], "centroid": [2.136611659954053, 1.8511402648776247, 0.2299999566332256], "normalizedAxes": [-0.3997066617012024, 0.9166430830955505, 2.0353565124321416e-16, 0, -2.220446049250313e-16, 1, 0.9166430830955505, 0.3997066617012024, 8.875270778334663e-17]}, "segments": [43414, 28825, 33051, 35021, 35023], "partId": 247, "label": "shelf"}, {"objectId": 249, "id": 249, "initialPoint": [0.7288527164998819, 2.7837823030629796, -1.2980519312423424], "index": 28, "dominantNormal": [0, -2.220446049250313e-16, 1], "obb": {"axesLengths": [1.6499057612484118, 0.18468999449856596, 0.9954674290801055], "centroid": [0.7019568827323448, 2.5239047049503345, -1.3376549532832585], "normalizedAxes": [0.9091100692749023, 0.4165560007095337, 9.249401260669947e-17, 0, -2.220446049250313e-16, 1, 0.4165560007095337, -0.9091100692749023, -2.0186298616551353e-16]}, "segments": [23186, 25548, 40533, 22224, 27316, 19811, 28881, 13741, 37139, 13759, 13776, 37133], "partId": 249, "label": "rug"}, {"objectId": 250, "id": 250, "initialPoint": [0.926077991482971, 0.07621586086770349, -1.298954276420593], "index": 29, "dominantNormal": [0, -2.220446049250313e-16, 1], "obb": {"axesLengths": [0.756427968837186, 0.08382999709628525, 0.7460122164745608], "centroid": [0.9184986200393187, 0.09333760348625741, -1.311914986035563], "normalizedAxes": [0.7354472875595093, 0.6775819659233093, 1.5045341992776725e-16, 0, -2.220446049250313e-16, 1, 0.6775819659233093, -0.7354472875595093, -1.6330210240933713e-16]}, "segments": [27326, 25322], "partId": 250, "label": "rug"}, {"objectId": 260, "id": 260, "initialPoint": [1.5149843698067995, 0.7973400430163454, -0.7454533539616197], "index": 33, "dominantNormal": [0, -2.220446049250313e-16, 1], "obb": {"axesLengths": [1.747872112863087, 0.6172389846167192, 1.7557372030693728], "centroid": [1.8292021682452495, 1.2864269752298756, -0.8765005026838815], "normalizedAxes": [0.9988657236099243, -0.04761572182178497, -1.0572814140138436e-17, 0, -2.220446049250313e-16, 1, -0.04761572182178497, -0.9988657236099243, -2.2179274497212116e-16]}, "segments": [24998, 38219, 21408, 17261, 18367, 18399, 21077, 41459, 41482, 38152, 9138, 11302, 12346, 11248, 9163, 9296, 10196, 8918], "partId": 260, "label": "blanket"}], "scan_id": "dbeb4d1b-faf9-2324-9ac8-cbad7aa51d12", "annId": "6209", "appId": "stk.v1"}