{"segGroups": [{"objectId": 7, "id": 7, "partId": 7, "index": 0, "dominantNormal": [0.14840711653232574, -0.988926351070404, -2.1958576092338068e-16], "obb": {"axesLengths": [3.24694111796019, 2.5976129189667185, 0.17687950308998418], "centroid": [-1.2069151124430246, 0.5469804602764696, -0.42712356126777484], "normalizedAxes": [0.988926351070404, 0.14840711653232574, 3.295299955848335e-17, 0, -2.220446049250313e-16, 1, 0.14840711653232574, -0.988926351070404, -2.1958576092338068e-16]}, "segments": [11603, 21063, 12591, 8474, 29369, 24516, 28926, 12219, 1455, 1188, 34581, 12736], "label": "wall"}, {"objectId": 8, "id": 8, "partId": 8, "index": 1, "dominantNormal": [-0.6748095750808716, -0.7379919290542603, -1.6386712632471495e-16], "obb": {"axesLengths": [0.8247204412932538, 2.578999998144804, 0.6219809100895113], "centroid": [0.6958221960291531, 0.5649121651240661, -0.4795000986121587], "normalizedAxes": [0.7379919290542603, -0.6748095750808716, -1.4983782549846038e-16, 0, -2.220446049250313e-16, 1, -0.6748095750808716, -0.7379919290542603, -1.6386712632471495e-16]}, "segments": [33957, 21935, 15705, 34022, 18881, 18946, 16179, 25036], "label": "wardrobe"}, {"objectId": 9, "id": 9, "partId": 9, "index": 2, "dominantNormal": [0.2689805030822754, -0.9631456136703491, -2.138612872727095e-16], "obb": {"axesLengths": [0.5393051591083887, 1.4199999849498268, 0.1397807957284892], "centroid": [0.14589080358634043, 0.7397050988664617, 0.01999992646276949], "normalizedAxes": [0.9631456136703491, 0.2689805030822754, 5.972566953944e-17, 0, -2.220446049250313e-16, 1, 0.2689805030822754, -0.9631456136703491, -2.138612872727095e-16]}, "segments": [7670, 7645, 22016, 34687, 21430, 8750, 12208, 12254, 13948, 19859, 21493, 21379, 13962, 22018, 21355, 31284], "label": "shelf"}, {"objectId": 10, "id": 10, "partId": 10, "index": 3, "dominantNormal": [0.16660410165786743, -0.9860238432884216, -2.1894127472963856e-16], "obb": {"axesLengths": [0.9959518532345566, 2.184919993916451, 0.1156823133357849], "centroid": [-0.7730393066241543, 0.5738542731243742, -0.6224600924746684], "normalizedAxes": [0.9860238432884216, 0.16660410165786743, 3.699354193151093e-17, 0, -2.220446049250313e-16, 1, 0.16660410165786743, -0.9860238432884216, -2.1894127472963856e-16]}, "segments": [10770, 21910, 14052, 13859, 13221, 5101, 21889, 17274, 16735, 17838, 15085, 17058, 8459, 10469, 10498, 10516, 10518, 10523, 10527, 10560, 15146, 17079, 17097, 17145, 17152, 17161, 17174, 18786, 18817, 19451, 19463, 31588, 31593, 31597, 33222, 15488, 17793, 10620, 10621, 17636, 17640, 17650, 17725, 17778, 17779, 18128, 18130, 18656, 18692, 21920, 31604, 32944], "label": "door"}, {"objectId": 11, "id": 11, "partId": 11, "index": 4, "dominantNormal": [0.1311546117067337, -0.9913619160652161, -2.2012656499042295e-16], "obb": {"axesLengths": [1.3813975638070357, 0.9286315643348187, 0.45930092238884335], "centroid": [0.9166595378524978, -1.257623088139023, 0.4256840998153941], "normalizedAxes": [0.9913619160652161, 0.1311546117067337, 2.912217394051757e-17, 0, -2.220446049250313e-16, 1, 0.1311546117067337, -0.9913619160652161, -2.2012656499042295e-16]}, "segments": [27233, 26810, 26663, 7126, 7236, 7354, 11006, 11008, 11119, 23593, 23626, 23644, 26032, 26062, 26092, 26616, 26720, 26730, 27058, 35674, 35920, 35968, 36033, 26617, 23140, 7159, 23041, 23124, 23125, 23129, 23159, 23179, 23198, 23211, 24009, 24255, 24300, 26023, 26592, 26624, 32426, 34492, 34500, 35659, 35660, 35677, 35874, 35901, 36584, 37511, 24109, 24143, 23149, 23963, 24142, 8232, 23510, 7149, 7203, 7283, 7318, 8013, 8247, 9739, 23416, 24007, 24200, 24208, 24353, 24848, 28643, 28724, 28730, 31073, 31157, 31209, 31241, 31292, 31305, 31312, 34443, 24821, 34517, 34519, 34528, 8772, 8259, 24715, 34525, 37208, 8069, 8280, 8364, 8976, 8981, 9237, 9533, 9705, 9731, 9872, 28585, 28597, 28734, 31385, 31422, 9909, 24770, 9889, 9935, 8649, 27011, 26928], "label": "shelf"}, {"objectId": 12, "id": 12, "partId": 12, "index": 5, "dominantNormal": [0.08795144408941269, -0.9961247444152832, -2.2118412532973935e-16], "obb": {"axesLengths": [0.6553415097001734, 1.0482819591101558, 0.3801558691350815], "centroid": [-0.6902951938373723, -1.4434498061863015, 0.3141409069864225], "normalizedAxes": [0.9961247444152832, 0.08795144408941269, 1.952914365541962e-17, 0, -2.220446049250313e-16, 1, 0.08795144408941269, -0.9961247444152832, -2.2118412532973935e-16]}, "segments": [17961, 6401, 6051, 8389, 10802, 4079, 5655, 5813, 16991, 17972, 30831], "label": "exhaust hood"}, {"objectId": 14, "id": 14, "partId": 14, "index": 6, "dominantNormal": [0, -2.220446049250313e-16, 1], "obb": {"axesLengths": [7.117755420843065, 2.3713378376214678, 5.085415322439083], "centroid": [-0.3464515232648076, -0.5600545894299487, 1.8841408423898898], "normalizedAxes": [0.9721248745918274, -0.23446381092071533, -5.206142426510748e-17, 0, -2.220446049250313e-16, 1, -0.23446381092071533, -0.9721248745918274, -2.1585508371653792e-16]}, "segments": [2991, 30022, 30097, 990, 3182, 3209, 30067, 22662, 1211, 3224, 5343, 34288, 5079, 9410, 16904, 16944, 32865, 32871, 9348, 9167, 1563, 2180, 2639, 3115, 5397, 9294, 16856, 16875, 16891, 16913, 30012, 34275, 35518, 3202, 6246, 6266, 6285, 6834, 7070, 9100, 22986, 24406, 25930, 26923, 26955, 32873, 35454, 35655, 6231, 6846, 6819, 7069, 24511, 24670, 30337, 36571, 19598, 19537, 19914, 20496, 14684, 14640, 14710, 32380, 23331, 23321, 12082, 1515, 1554, 8742, 14627, 14679, 14698, 14701, 16364, 16370, 31779, 32377, 4589, 14676, 16339, 16360, 16379, 36244, 6940, 10320, 10334, 20816, 21047, 22322, 33854, 34251, 3701, 4043, 5940, 5958, 5969, 5987, 6011, 6130, 6351, 6357, 6361, 6557, 6649, 6650, 6720, 6741, 6893, 22908, 29815, 29990, 30994, 36265, 29, 49, 52, 121, 147, 155, 221, 1949, 3448, 3511, 3559, 4996, 5838, 5914, 6037, 6075, 6077, 6117, 6185, 6434, 6576, 6773, 6789, 7089, 7099, 7119, 7125, 7228, 7244, 7266, 7314, 7329, 7913, 7955, 7976, 8031, 8043, 8049, 8418, 8757, 8817, 8908, 8917, 8973, 11071, 11434, 16375, 22923, 27853, 30131, 30547, 30549, 30579, 30582, 30782, 30823, 30876, 30915, 30918, 31026, 31244, 31701, 34397, 420, 461, 471, 475, 580, 590, 635, 664, 685, 737, 744, 757, 764, 772, 776, 778, 784, 1903, 1938, 1973, 2019, 2020, 3307, 3464, 3470, 3514, 3523, 3525, 3597, 3599, 3610, 3628, 3633, 3654, 4628, 4668, 7160, 7372, 7384, 7475, 7495, 7525, 7538, 7559, 7569, 7628, 7655, 7710, 7733, 7749, 7769, 7772, 7776, 7778, 7785, 7794, 11218, 11230, 12338, 12365, 12373, 12382, 12388, 12409, 12431, 12437, 12443, 12458, 12459, 29841, 29845, 29851, 29873, 29881, 29886, 29890, 30003, 30192, 30193, 30666, 30695, 30697, 31717, 31811, 31815, 31825, 31830, 31869, 31935, 31945, 22315, 10031, 8099, 10076, 22371, 22386, 4613, 27624, 604, 27635, 29858, 29861, 20639, 27687, 19099, 20606, 20649, 20650, 21239, 23805, 27671, 27688, 33874, 33935, 36299, 8078, 8084, 8126, 23868, 20464, 11043, 20497, 20502, 20603, 21226, 33876, 33911, 33914, 7833, 23820, 9670, 8080, 211, 8132, 33836, 12400, 6700, 21184, 2243, 30258, 2097, 4458, 4695, 4977, 5518, 5555, 8536, 8575, 24080, 25990, 27028, 35966, 36388, 5504, 5506, 5200, 5192, 5214, 5218, 20771, 20815, 34200, 7570, 7611, 7031, 6970, 7008, 7062, 30630, 5439, 5431, 30691, 7353, 8551, 7420, 7504, 8623, 31270, 8516, 8568, 31263, 34202, 22497, 18009, 22517, 34254, 34295, 22524, 22485, 11197, 22549, 32864, 31568, 31573, 2234, 2657, 2863, 3221, 3231, 5864, 5906, 5923, 5949, 6982, 7036, 7042, 7053, 7453, 7597, 8498, 8544, 8561, 10395, 10398, 10448, 10843, 10846, 10870, 10871, 10916, 10925, 10950, 11207, 12168, 12176, 12179, 12205, 14604, 16836, 22240, 22247, 22268, 22269, 22424, 22650, 23241, 24023, 24027, 24033, 24050, 24385, 29994, 30354, 30357, 30585, 31067, 31077, 31260, 31625, 31634, 31799, 31806, 34225, 34477], "label": "ceiling"}, {"objectId": 16, "id": 16, "partId": 16, "index": 7, "dominantNormal": [0, -2.220446049250313e-16, 1], "obb": {"axesLengths": [0.5919917037365267, 0.21999996408820222, 0.364307390507062], "centroid": [0.5226635528158263, -1.1326160258964624, -0.9200000501424077], "normalizedAxes": [0.9897566437721252, 0.14276471734046936, 3.1700135259098286e-17, 0, -2.220446049250313e-16, 1, 0.14276471734046936, -0.9897566437721252, -2.197701229383065e-16]}, "segments": [10399, 10453, 35838, 10468, 19221, 19187, 19341], "label": "sink"}, {"objectId": 17, "id": 17, "partId": 17, "index": 8, "dominantNormal": [0.3978317975997925, -0.9174583554267883, -2.0371667806591017e-16], "obb": {"axesLengths": [0.5827773609404907, 1.015718020147427, 0.4451961752018816], "centroid": [0.17568194349506183, 0.6219862822059513, -1.2127610714116464], "normalizedAxes": [0.9174583554267883, 0.39783182740211487, 8.833641094210584e-17, 0, -2.220446049250313e-16, 1, 0.39783182740211487, -0.9174583554267883, -2.0371667806591017e-16]}, "segments": [18446, 12038, 33037, 33101, 33207, 18380, 33161, 18383, 18391, 18418, 33031, 33106, 33179, 4844, 18425, 18386, 12292, 14050, 18453, 15722, 15754, 14220, 16808, 13273, 14075, 14193, 14196, 18516, 32047, 33005, 33021, 32481, 13422, 14349, 15180, 15200, 15224, 15241, 15321, 15341, 15558, 15602, 15686, 15894, 16187, 16427, 16456, 17895, 20951, 32052, 32324, 32351, 32367, 32369, 32418, 32436, 32439, 32512, 32534, 32594, 32744, 32853, 33027, 18301, 32522, 13282, 13302, 18308, 33263, 15611, 15652, 15881, 16176, 32688], "label": "shelf"}, {"objectId": 19, "id": 19, "partId": 19, "index": 9, "dominantNormal": [0.8237742781639099, 0.5669179558753967, 1.258810735372588e-16], "obb": {"axesLengths": [0.5033868424901661, 0.5876699554695941, 0.3752380804503562], "centroid": [-1.4695129297346854, 0.14199115598513418, -1.5161650084071243], "normalizedAxes": [-0.5669179558753967, 0.8237742781639099, 1.8291463414230822e-16, 0, -2.220446049250313e-16, 1, 0.8237742781639099, 0.5669179558753967, 1.258810735372588e-16]}, "segments": [13645, 13607, 13618, 32093, 32131, 17415, 12786, 13877, 13880, 32164, 32169, 32171, 13387, 32225, 13572, 13583, 13896, 13932, 32100, 32114, 32139, 32279, 13850, 13906, 32228, 32914, 29017, 29039, 33240, 13818, 16586, 32148, 12773, 32938, 17479, 36687, 29014, 16580, 16625, 32180, 13549, 12910, 29023], "label": "ladder"}, {"objectId": 20, "id": 20, "partId": 20, "index": 10, "dominantNormal": [-0.11574295908212662, -0.993279218673706, -2.2055229169064684e-16], "obb": {"axesLengths": [0.4834803424592763, 0.33074899768645305, 0.273200250636292], "centroid": [-2.1620229366859967, 0.17430654922755134, -0.3666305851199363], "normalizedAxes": [0.993279218673706, -0.11574295908212662, -2.570009962224487e-17, 0, -2.220446049250313e-16, 1, -0.11574295908212662, -0.993279218673706, -2.2055229169064684e-16]}, "segments": [31655, 11304, 28856, 11390, 28803, 36596, 36682, 11353, 1038, 31667, 1005, 31660, 11260, 935, 981, 28821, 36638, 31678, 993, 1014, 30051, 30069, 30086, 30090, 1062], "label": "plant"}, {"objectId": 21, "id": 21, "partId": 21, "index": 11, "dominantNormal": [0, -2.220446049250313e-16, 1], "obb": {"axesLengths": [0.38663907977616985, 0.2644689620032392, 0.31405547123812194], "centroid": [-2.1081995279919017, 0.17792625659366218, -0.785070574989829], "normalizedAxes": [0.938688337802887, -0.34476688504219055, -7.655362678042689e-17, 0, -2.220446049250313e-16, 1, -0.34476688504219055, -0.938688337802887, -2.0843068111517637e-16]}, "segments": [12574, 32003, 12585, 1750, 1741, 1743, 1773, 30156, 30165, 31955, 31958, 31969, 30170, 12672, 32007], "label": "plant"}, {"objectId": 22, "id": 22, "partId": 22, "index": 12, "dominantNormal": [0, -2.220446049250313e-16, 1], "obb": {"axesLengths": [0.7593957473370767, 0.4000000268220896, 0.49129050821288206], "centroid": [-2.2152353229141237, -1.5323108289533691, -0.5900000742077822], "normalizedAxes": [0.30695024132728577, 0.9517255425453186, 2.1132552209153634e-16, 0, -2.220446049250313e-16, 1, 0.9517255425453186, -0.30695024132728577, -6.815664506716019e-17]}, "segments": [21011, 21156, 23726, 11496, 11516, 12992, 13007, 23512, 23515, 23539, 23702, 23733, 23751, 23776, 23801, 23809, 23857, 23443, 23460, 34049, 23819, 36516, 11490, 22116, 24834, 31742, 28311, 28297, 22560, 22579, 22597, 22750, 22914, 22915, 22937, 23095, 23102, 23246, 23280, 23401, 23995, 24626, 24633, 27930, 28202, 28203, 28236, 28258, 29842, 29844, 29856, 29864, 29912, 29925, 29927, 29932, 29938, 29946, 29968, 29971, 36416, 36419, 36474, 36564, 36478, 28290, 25015, 36369, 36376, 36381, 36465, 36481, 28234, 28300, 27948, 26315, 36408], "label": "oven"}, {"objectId": 23, "id": 23, "partId": 23, "index": 13, "dominantNormal": [0.9910508394241333, 0.13348488509655, 2.963959857472664e-17], "obb": {"axesLengths": [0.31306498233713337, 0.33372499792892446, 0.1812684701992858], "centroid": [-2.4458370383112653, -1.0259360412156666, -0.01686258017579112], "normalizedAxes": [-0.13348488509655, 0.9910508394241333, 2.2005749210055232e-16, 0, -2.220446049250313e-16, 1, 0.9910508394241333, 0.13348488509655, 2.963959857472664e-17]}, "segments": [34979, 12467, 25340, 5796], "label": "book"}, {"objectId": 24, "id": 24, "partId": 24, "index": 14, "dominantNormal": [0.9117565155029297, 0.41073110699653625, 9.120062638346666e-17], "obb": {"axesLengths": [0.23537045949692567, 0.30463898991110183, 0.18975103090144887], "centroid": [-2.501662364831854, -0.7263097056054814, -0.06231957720996073], "normalizedAxes": [-0.41073110699653625, 0.9117565155029297, 2.024506152726712e-16, 0, -2.220446049250313e-16, 1, 0.9117565155029297, 0.41073110699653625, 9.120062638346666e-17]}, "segments": [5257, 5301, 15798], "label": "frame"}, {"objectId": 25, "id": 25, "partId": 25, "index": 15, "dominantNormal": [0, -2.220446049250313e-16, 1], "obb": {"axesLengths": [0.2430051163363845, 0.14884519989389472, 0.1998036199169242], "centroid": [-2.2719606248556605, -0.9492001556262332, -0.13271548116098186], "normalizedAxes": [0.9990184903144836, 0.044294584542512894, 9.835373525060674e-18, 0, -2.220446049250313e-16, 1, 0.044294584542512894, -0.9990184903144836, -2.2182666599468074e-16]}, "segments": [35760, 26151, 25605], "label": "bowl"}, {"objectId": 26, "id": 26, "partId": 26, "index": 16, "dominantNormal": [-0.3119785189628601, -0.950089156627655, -2.1096217142694385e-16], "obb": {"axesLengths": [0.35323785925320844, 0.3193659860037415, 0.280410223463587], "centroid": [-2.334423275662788, -0.8498486154884282, -0.030317084186143983], "normalizedAxes": [0.950089156627655, -0.3119785189628601, -6.927314698820466e-17, 0, -2.220446049250313e-16, 1, -0.3119785189628601, -0.950089156627655, -2.1096217142694385e-16]}, "segments": [25729, 5750, 25581, 35017, 25552, 25553], "label": "bottle"}, {"objectId": 27, "id": 27, "partId": 27, "index": 17, "dominantNormal": [0, -2.220446049250313e-16, 1], "obb": {"axesLengths": [0.3716952192561218, 0.19770496641758895, 0.3184893349085242], "centroid": [-1.386559522382258, -1.3508718522872865, -0.7110485815767531], "normalizedAxes": [0.9975568056106567, -0.06985984742641449, -1.551200222192117e-17, 0, -2.220446049250313e-16, 1, -0.06985984742641449, -0.9975568056106567, -2.2150210679209453e-16]}, "segments": [17902, 14898, 17907, 17917], "label": "book"}, {"objectId": 28, "id": 28, "partId": 28, "index": 18, "dominantNormal": [-0.01329379715025425, -0.9999116063117981, -2.2202497758345665e-16], "obb": {"axesLengths": [0.21164317041016797, 0.229566986197971, 0.134361798588175], "centroid": [-1.215274383219941, -1.669958956340287, -0.4247835723731632], "normalizedAxes": [0.9999116063117981, -0.013293798081576824, -2.951816142976865e-18, 0, -2.220446049250313e-16, 1, -0.013293798081576824, -0.9999116063117981, -2.2202497758345665e-16]}, "segments": [13510, 13623, 13359, 13436, 13778, 31735, 32087, 32090, 32083, 15592, 32108, 32128], "label": "shelf"}, {"objectId": 29, "id": 29, "partId": 29, "index": 19, "dominantNormal": [-0.24689005315303802, -0.969043493270874, -2.1517087961850346e-16], "obb": {"axesLengths": [0.2607850327626716, 0.24922498503569535, 0.2046985459535278], "centroid": [1.215872988775413, -1.3025885411261746, -0.2746125789445828], "normalizedAxes": [0.969043493270874, -0.24689005315303802, -5.482060431228631e-17, 0, -2.220446049250313e-16, 1, -0.24689005315303802, -0.969043493270874, -2.1517087961850346e-16]}, "segments": [9615, 31556, 10341, 9645, 9856, 10230, 10244, 10254, 10273, 10312, 10331, 31530], "label": "rack"}, {"objectId": 31, "id": 31, "partId": 31, "index": 20, "dominantNormal": [0.9999954104423523, -0.003029938554391265, -6.727815092569289e-19], "obb": {"axesLengths": [0.2588243558028692, 0.2274459922139499, 0.15282352429171514], "centroid": [0.3533781796470027, 0.6407873279950488, -0.008732085852354743], "normalizedAxes": [0.003029938554391265, 0.9999954104423523, 2.2204358583851664e-16, 0, -2.220446049250313e-16, 1, 0.9999954104423523, -0.003029938554391265, -6.727815092569289e-19]}, "segments": [22081, 21542, 34004, 34193, 19925, 21427, 34025, 34031], "label": "lamp"}, {"objectId": 32, "id": 32, "partId": 32, "index": 21, "dominantNormal": [0, -2.220446049250313e-16, 1], "obb": {"axesLengths": [0.3405385421885581, 0.14000001236796344, 0.14106787099758378], "centroid": [0.3404734525493347, -1.4773230795905286, -0.36000007517635835], "normalizedAxes": [0.011873510666191578, 0.9999294877052307, 2.220289480503969e-16, 0, -2.220446049250313e-16, 1, 0.9999294877052307, -0.011873510666191578, -2.6364489849476542e-18]}, "segments": [4729, 27283, 9364, 36198, 27332, 30474, 4678, 4699, 4764, 10985, 30480], "label": "kitchen appliance"}, {"objectId": 1, "id": 1, "partId": 1, "index": 22, "dominantNormal": [0, -2.220446049250313e-16, 1], "obb": {"axesLengths": [4.789398338667505, 0.26639997363686635, 1.9060172624367815], "centroid": [-0.31236551063894236, -0.23168606073276424, -1.6394200200717157], "normalizedAxes": [0.9996219277381897, 0.027495816349983215, 6.1052976785232394e-18, 0, -2.220446049250313e-16, 1, 0.027495816349983215, -0.9996219277381897, -2.2196065601902453e-16]}, "segments": [18263, 1862, 2746, 12791, 12838, 12901, 12907, 19044, 19975, 21117, 25184, 25186, 29122, 29146, 29298, 32034, 32862, 32933, 36697, 37069, 27568, 20377, 15968, 21305, 24986, 25091, 25122, 25138, 25152, 25172, 25223, 25306, 25317, 28005, 28084, 28086, 34556, 36384, 28450, 28794, 28067, 5646, 5711, 5661, 3883, 3891, 5551, 5552, 5601, 5602, 5662, 5732, 5747, 5791, 11859, 11890, 11891, 11906, 11912, 11932, 11941, 11973, 11995, 11998, 15951, 16547, 18246, 18279, 20476, 21001, 25891, 26349, 26360, 26425, 26427, 26448, 26467, 26493, 26503, 26504, 26531, 26554, 26572, 26599, 26639, 26775, 26791, 26802, 26821, 26832, 26869, 26888, 26902, 27101, 27108, 27131, 27144, 28433, 30712, 30787, 31758, 32373, 35033, 35854, 35857, 35923, 36567, 2741, 3754], "label": "floor"}, {"objectId": 2, "id": 2, "partId": 2, "index": 23, "dominantNormal": [0.9816089868545532, 0.19090266525745392, 4.2388906886226856e-17], "obb": {"axesLengths": [1.944734643304257, 2.1107500319760275, 0.531153511410281], "centroid": [-2.370958841462013, -0.8906847106159264, -0.20537509496416861], "normalizedAxes": [-0.19090266525745392, 0.9816089868545532, 2.1796097967697952e-16, 0, -2.220446049250313e-16, 1, 0.9816089868545532, 0.19090266525745392, 4.2388906886226856e-17]}, "segments": [25450, 431, 156, 32793, 26185, 26234, 844, 35219, 1125, 1955, 2214, 30059, 16980, 35394, 35395, 35728, 35333, 35419, 25790, 25717, 25512, 25418, 357, 1264, 998, 19113, 36279, 31780], "label": "kitchen cabinet"}, {"objectId": 3, "id": 3, "partId": 3, "index": 24, "dominantNormal": [-0.00825508963316679, -0.9999659061431885, -2.2203703456806522e-16], "obb": {"axesLengths": [4.189268298145509, 0.9319809466902699, 0.8775501802638386], "centroid": [-0.545471970814732, -0.8028295286038689, -1.2572995385386165], "normalizedAxes": [0.9999659061431885, -0.00825508963316679, -1.8329981162172415e-18, 0, -2.220446049250313e-16, 1, -0.00825508963316679, -0.9999659061431885, -2.2203703456806522e-16]}, "segments": [2649, 2502, 2513, 30373, 2966, 3447, 30425, 3095, 3246, 11630, 4304, 4099, 2984, 2818, 3461, 3856, 3488, 2287, 2586, 17066, 17204], "label": "kitchen cabinet"}, {"objectId": 4, "id": 4, "partId": 4, "index": 25, "dominantNormal": [0, -2.220446049250313e-16, 1], "obb": {"axesLengths": [3.825446195260619, 0.24000000417232492, 1.5081014994082986], "centroid": [-0.3647505488552114, -0.9484154527639322, -0.8500000886619086], "normalizedAxes": [0.9964812994003296, 0.08381561934947968, 1.8610806085002024e-17, 0, -2.220446049250313e-16, 1, 0.08381561934947968, -0.9964812994003296, -2.2126329644052802e-16]}, "segments": [10317, 10094, 27338, 9627, 4334, 19670, 33673, 19654, 16666, 33370, 13153, 16661, 33462, 21932, 27204, 10161, 33648, 33569, 11778, 10164, 10114, 4366, 19723, 27257, 33768, 11797, 11760, 11763, 14883, 14488, 33718, 33742, 35826, 30452, 4041, 19741], "label": "kitchen counter"}, {"objectId": 5, "id": 5, "partId": 5, "index": 26, "dominantNormal": [0.18498128652572632, -0.9827420711517334, -2.1821257493209365e-16], "obb": {"axesLengths": [3.7594829752770855, 1.8399999326467522, 0.632668799141494], "centroid": [-0.2015740240463293, -1.7004151217122563, -0.03000008434057211], "normalizedAxes": [0.9827420711517334, 0.18498128652572632, 4.107409668512892e-17, 0, -2.220446049250313e-16, 1, 0.18498128652572632, -0.9827420711517334, -2.1821257493209365e-16]}, "segments": [4386, 16153, 3812, 37273, 12158, 21090, 11662, 9295, 10309, 23396, 9953, 9433, 15536, 17569, 14990, 33808, 17464, 9958, 30024, 1441, 24486, 2961, 13080, 25992, 25943], "label": "wall"}, {"objectId": 6, "id": 6, "partId": 6, "index": 27, "dominantNormal": [0.9854247570037842, 0.17011195421218872, 3.777244166607046e-17], "obb": {"axesLengths": [1.5844074960080825, 2.5434799817916742, 0.19438748818538903], "centroid": [-2.5979852011665505, -0.44680730008226305, -0.4506200693409146], "normalizedAxes": [-0.17011193931102753, 0.9854247570037842, 2.1880825085225024e-16, 0, -2.220446049250313e-16, 1, 0.9854247570037842, 0.17011193931102753, 3.777243835734801e-17]}, "segments": [24340, 20067, 219, 35089, 14439, 1346], "label": "wall"}], "scan_id": "5341b7d9-8a66-2cdd-844b-cfdadb69ed63", "annId": "4173", "appId": "stk.v1"}