{"segGroups": [{"objectId": 1, "id": 1, "partId": 1, "index": 0, "dominantNormal": [0, -2.220446049250313e-16, 1], "obb": {"axesLengths": [5.960560889729333, 0.20862996111892296, 7.11293524531017], "centroid": [-1.3963995146953287, -1.9479372209438057, -1.3543149954606224], "normalizedAxes": [-0.5010734796524048, 0.8654047250747681, 1.921584502794822e-16, 0, -2.220446049250313e-16, 1, 0.8654047250747681, 0.5010734796524048, 1.1126066282782893e-16]}, "segments": [7319, 23143, 11032, 27438, 8537, 8734, 8813, 40005, 40040, 23909, 46950, 9839, 22180, 35392, 5369, 95, 101, 146, 5412, 5442, 8222, 8282, 8325, 8349, 8520, 8557, 8587, 8600, 8609, 8617, 8628, 8630, 8632, 8700, 8705, 8709, 8736, 8738, 8744, 8745, 8748, 8779, 8782, 8807, 8809, 8871, 8889, 8919, 8921, 8982, 9103, 9106, 9111, 9113, 9117, 10233, 10281, 10304, 10353, 10440, 10491, 10733, 10772, 11096, 11207, 11458, 11510, 11899, 12042, 12068, 12112, 12121, 12130, 12170, 12197, 12223, 12246, 13241, 13285, 18309, 18331, 18343, 18396, 18419, 18485, 18493, 18519, 18543, 18596, 18636, 18639, 18712, 18756, 20098, 20106, 20127, 20341, 20352, 20361, 20375, 20487, 20541, 20549, 20561, 20670, 20873, 20888, 21058, 21094, 21668, 21684, 21876, 21933, 21934, 22070, 22670, 23199, 23216, 23237, 23248, 23838, 23904, 24059, 24064, 24110, 24120, 24127, 24131, 24144, 24146, 24160, 24194, 24259, 26038, 26111, 26184, 26188, 26200, 26286, 26310, 27329, 27435, 27444, 27451, 27546, 27564, 27578, 27853, 27924, 27958, 28065, 28945, 29571, 30264, 30307, 32108, 32389, 34184, 36811, 38597, 38636, 38651, 38679, 38684, 38687, 38688, 38690, 38691, 38698, 38715, 39980, 39983, 39986, 39987, 39997, 40020, 40026, 40221, 40227, 40486, 41613, 41789, 42468, 42523, 42755, 42970, 43234, 44101, 45943, 47285, 47415, 14762, 7787, 15077, 4527, 4859, 8, 784, 4474, 4535, 4646, 4707, 4710, 4825, 24150, 39129, 5310], "label": "floor"}, {"objectId": 2, "id": 2, "partId": 2, "index": 1, "dominantNormal": [0, -2.220446049250313e-16, 1], "obb": {"axesLengths": [2.7681100251645896, 1.266520941260734, 2.4484045041390843], "centroid": [-1.998339577182915, -1.4794025592674818, -0.7420695127829279], "normalizedAxes": [0.24224281311035156, 0.9702156782150269, 2.1543115696132694e-16, 0, -2.220446049250313e-16, 1, 0.9702156782150269, -0.24224281311035156, -5.378870973301621e-17]}, "segments": [6966, 4502, 40992, 3741, 39526, 33262, 7814, 23822, 7440, 38155, 7202, 38566, 2524, 2612, 23930, 2112, 2485, 2723, 2779, 2953, 2957, 2962, 2976, 3046, 3057, 3405, 3544, 3555, 3562, 3570, 3576, 3592, 3672, 3710, 5486, 6957, 7694, 7820, 7936, 18977, 21406, 22316, 22477, 22595, 22630, 25162, 33383, 33431, 33442, 33569, 36842, 36857, 36865, 38275, 38277, 39173, 39336, 39371, 39395, 39441, 39778, 39829, 39832, 39836, 39848, 39943, 39956, 39958, 39960, 40569, 41071, 43072, 43596, 43600, 44818, 44823, 44829, 44881, 45077, 45966, 37771, 37799, 1947, 38390, 1907, 2043, 2055, 2147, 2148, 2155, 2156, 2224, 4187, 4196, 4295, 5488, 5505, 5506, 25066, 25552, 25595, 25757, 30800, 30802, 30808, 30820, 30840, 30847, 30880, 32039, 33087, 35740, 38374, 38412, 38417, 38457, 39109, 39170, 39175, 42287, 43318, 43424, 43444, 43454, 43543, 43546, 43792, 43796, 43800, 43802, 43807, 43828, 43849, 43851, 43869, 44423, 47630, 49338, 49359], "label": "bed"}, {"objectId": 3, "id": 3, "partId": 3, "index": 2, "dominantNormal": [0.9410051107406616, 0.3383922874927521, 7.513818178600575e-17], "obb": {"axesLengths": [0.6524602897037131, 1.1799999956786626, 0.49046257202470245], "centroid": [-2.912821452605316, -0.20238833964776465, -0.760000038668513], "normalizedAxes": [-0.33839231729507446, 0.9410051107406616, 2.0894510804684554e-16, 0, -2.220446049250313e-16, 1, 0.9410051107406616, 0.33839231729507446, 7.513818840345065e-17]}, "segments": [4326, 25895, 4557, 36800, 45937, 45942, 49405, 49410, 37734, 27305, 26010, 27302], "label": "nightstand"}, {"objectId": 4, "id": 4, "partId": 4, "index": 3, "dominantNormal": [0.9985971450805664, 0.052950698882341385, 1.175741701383379e-17], "obb": {"axesLengths": [3.9986245705337335, 3.0799998548626917, 0.29231557321753465], "centroid": [-3.0896880118129797, -0.9899834714668421, 0.12999994948506366], "normalizedAxes": [-0.052950698882341385, 0.9985971450805664, 2.2173310855867854e-16, 0, -2.220446049250313e-16, 1, 0.9985971450805664, 0.052950698882341385, 1.175741701383379e-17]}, "segments": [36422, 34734, 48043, 17107, 18442, 26492, 14153, 48352, 20253, 18088, 15177, 24571, 1737, 20756, 34160, 28905, 2278, 4111, 14175, 14185, 14526, 14932, 14941, 14942, 14947, 14962, 15007, 15010, 15030, 15286, 15288, 15308, 15312, 15341, 15361, 15376, 15409, 15443, 15471, 15830, 15856, 16145, 16155, 16158, 16164, 16214, 16235, 16274, 16283, 16842, 16902, 16934, 16950, 16969, 16988, 16999, 17045, 17054, 17067, 17117, 17129, 17135, 18262, 18297, 18369, 18374, 18456, 18473, 18478, 18502, 18516, 18625, 18656, 18661, 21361, 21379, 21404, 21415, 21422, 21441, 21469, 21494, 21495, 21505, 21523, 25639, 25932, 25936, 26506, 26521, 26525, 26549, 26560, 26573, 27229, 27238, 28489, 28491, 28520, 28539, 28540, 28631, 28649, 28666, 29424, 29813, 29830, 29835, 29837, 29852, 29859, 29881, 29904, 31382, 32225, 32576, 32610, 33233, 33234, 33252, 34239, 34285, 34339, 34356, 34381, 34411, 34730, 35244, 36472, 36494, 36496, 36560, 36568, 37242, 37303, 40492, 40495, 40497, 40506, 40508, 40571, 40572, 40575, 40580, 40733, 40734, 40857, 40886, 40909, 40913, 41216, 41221, 41226, 41231, 41329, 42296, 42298, 42309, 42351, 42353, 42966, 43160, 44472, 44913, 44920, 44959, 44962, 47892, 48191, 23084, 41672, 41671, 41664, 22667, 23044, 12650, 12530], "label": "wall"}, {"objectId": 5, "id": 5, "partId": 5, "index": 4, "dominantNormal": [0.9968802332878113, 0.07892920076847076, 1.7525803201683568e-17], "obb": {"axesLengths": [0.6615479908299784, 0.619999959245325, 0.056116040405854044], "centroid": [-2.964703764495061, -1.718122990816292, 0.2799999381229288], "normalizedAxes": [-0.07892920076847076, 0.9968802332878113, 2.213518775579651e-16, 0, -2.220446049250313e-16, 1, 0.9968802332878113, 0.07892920076847076, 1.7525803201683568e-17]}, "segments": [34359, 29934, 3843], "label": "picture"}, {"objectId": 6, "id": 6, "partId": 6, "index": 5, "dominantNormal": [-0.01469300128519535, -0.9998920559883118, -2.2202063653960197e-16], "obb": {"axesLengths": [3.049226814000951, 2.407329982355311, 0.6414177353032788], "centroid": [-1.7288081640519735, 0.7306931078808523, -0.2136650466099752], "normalizedAxes": [0.9998920559883118, -0.014693000353872776, -3.2625014587390258e-18, 0, -2.220446049250313e-16, 1, -0.014693000353872776, -0.9998920559883118, -2.2202063653960197e-16]}, "segments": [17941, 35773, 31820, 10130, 31752, 22376, 46374, 9739, 8393, 26207, 45757, 8439, 9950, 10008, 1421, 43664, 44090, 43679, 4960, 5220, 24826, 41365, 19201, 19047, 12656, 17828, 45750, 621, 673, 1311, 1464, 1468, 1484, 1495, 1532, 2863, 3015, 3101, 3168, 3178, 3229, 3299, 3372, 3869, 3870, 3920, 3928, 3942, 4045, 4680, 4693, 4793, 4796, 4804, 4864, 5146, 5154, 5185, 6227, 6252, 6278, 6306, 6316, 6340, 6347, 6354, 6405, 6476, 6548, 6676, 6723, 8053, 8424, 8428, 9687, 9799, 9864, 9900, 9908, 9912, 10022, 10093, 10134, 12639, 12643, 14019, 14109, 16248, 16723, 17102, 17506, 17524, 17541, 17562, 17589, 17640, 17686, 17693, 17707, 17715, 17773, 17790, 17793, 17837, 17840, 17897, 17927, 17958, 18035, 18067, 18072, 18098, 18108, 18215, 18832, 18847, 18856, 18874, 18885, 18936, 19018, 19102, 19177, 19224, 19233, 19769, 19788, 19956, 20024, 20041, 20391, 20393, 20396, 20411, 20413, 20419, 20596, 20627, 20737, 20744, 20956, 20975, 20997, 21028, 21065, 21068, 21070, 21093, 21125, 21140, 21141, 21145, 21151, 21161, 21170, 21174, 21186, 21188, 21214, 21884, 21888, 21928, 21947, 21949, 22035, 22038, 22220, 22229, 22235, 22263, 22267, 22286, 22358, 22495, 22935, 22960, 22980, 23282, 23353, 23358, 23392, 23395, 23462, 23463, 23549, 24731, 24769, 24811, 24847, 24892, 25042, 25043, 27695, 27698, 31511, 31515, 31516, 31530, 31542, 31644, 31647, 31668, 31683, 31735, 31770, 31795, 31823, 31840, 31875, 31886, 31896, 31898, 33005, 33712, 33717, 33812, 33857, 34050, 34324, 34416, 34449, 34459, 34501, 34668, 34697, 34716, 34750, 34787, 34867, 34871, 35032, 35491, 35753, 35843, 35852, 35889, 35893, 35908, 35911, 35930, 35940, 35969, 36031, 36033, 36065, 36095, 37019, 37026, 37093, 38747, 38750, 38753, 38786, 38791, 38793, 39046, 39475, 39500, 39569, 39814, 39816, 39818, 39822, 39902, 39973, 39976, 40165, 40175, 40193, 40198, 40430, 40435, 40819, 40822, 40824, 40825, 40827, 40830, 40834, 40919, 40942, 40944, 40946, 40952, 40954, 40957, 41081, 41096, 41101, 41104, 41107, 41109, 41114, 41126, 41143, 41161, 41168, 41180, 41183, 41206, 41234, 41252, 41253, 41272, 41657, 41658, 41661, 41692, 41709, 41710, 41714, 41720, 41727, 41730, 41733, 42207, 42212, 42246, 42249, 43645, 43646, 43650, 43655, 43659, 43683, 43709, 43728, 43730, 43813, 43884, 43939, 43955, 44093, 45575, 45577, 45586, 45606, 45611, 45613, 45946, 45951, 45962, 45981, 46714, 46810, 46814, 46831, 47017, 39459, 510, 43135, 29804, 17895, 18207, 19885, 29635, 16405, 365, 385, 427, 430, 460, 515, 518, 532, 558, 560, 593, 622, 781, 5168, 5649, 6143, 6163, 7482, 7497, 10249, 13894, 14015, 15083, 15770, 17441, 17498, 17505, 18182, 20212, 21350, 24612, 24630, 24632, 27805, 27815, 27816, 27822, 28106, 28146, 29752, 29810, 32295, 35120, 35187, 38787, 39042, 39048, 39840, 39842, 40414, 41247, 42199, 42513, 43132, 45235, 24777, 21997, 4033, 40641, 16775, 22029, 14049, 18931], "label": "wardrobe"}, {"objectId": 7, "id": 7, "partId": 7, "index": 6, "dominantNormal": [0.95875084400177, -0.2842477262020111, -6.311567406536403e-17], "obb": {"axesLengths": [0.6689349169524077, 0.9600000166892997, 0.5410409152678513], "centroid": [-2.752315042901329, -2.515396163320296, -0.8500000476837152], "normalizedAxes": [0.2842477262020111, 0.95875084400177, 2.1288545237791335e-16, 0, -2.220446049250313e-16, 1, 0.95875084400177, -0.2842477262020111, -6.311567406536403e-17]}, "segments": [38590, 37394, 36195, 4264, 35626, 1871, 39157, 37866, 1954, 1784, 45199, 44400, 42270, 44522, 1868, 39585, 26072], "label": "nightstand"}, {"objectId": 8, "id": 8, "partId": 8, "index": 7, "dominantNormal": [0.9773902297019958, -0.21144354343414307, -4.6949898065782995e-17], "obb": {"axesLengths": [0.29804543441368336, 0.4078252857664534, 0.2646480065229928], "centroid": [-2.73252049381379, -2.652768148540477, 0.15447230291800929], "normalizedAxes": [0.21144355833530426, 0.9773902297019958, 2.1702422741176527e-16, 0, -2.220446049250313e-16, 1, 0.9773902297019958, -0.21144355833530426, -4.6949901374505445e-17]}, "segments": [23742, 24027, 23798, 42129, 41842, 41932, 24045, 38279, 49492, 49451, 23670, 23706, 23712, 23746, 23760, 23761, 23816, 23821, 23831, 23843, 23846, 23858, 23872, 23900, 23916, 23918, 23925, 23933, 23934, 23937, 24012, 24021, 24034, 24052, 38288, 38294, 38349, 41788, 41792, 41793, 41797, 41811, 41818, 41825, 41837, 41896, 41934, 41936, 41947, 49425, 49442, 49444, 49449, 49472, 49474, 49477, 38346, 38304, 24009, 24075, 38353], "label": "lamp"}, {"objectId": 9, "id": 9, "partId": 9, "index": 8, "dominantNormal": [0.9995288252830505, 0.03069336526095867, 6.815296163189249e-18], "obb": {"axesLengths": [2.6189896360379117, 3.574279824474158, 0.29388349219705096], "centroid": [0.8583334482877105, -0.01883451313439599, 0.39519990283548956], "normalizedAxes": [-0.03069336526095867, 0.9995288252830505, 2.219399831211556e-16, 0, -2.220446049250313e-16, 1, 0.9995288252830505, 0.03069336526095867, 6.815296163189249e-18]}, "segments": [48841, 14141, 27955, 11842, 37587, 35630, 17265, 14354, 41648, 32110, 26986, 27655, 30076], "label": "wall"}, {"objectId": 10, "id": 10, "partId": 10, "index": 9, "dominantNormal": [0.9996217489242554, 0.02750130370259285, 6.10651611556553e-18], "obb": {"axesLengths": [2.4648577953776294, 2.8199999894201744, 0.28736229580306777], "centroid": [0.8004216389935537, -0.10425923295127854, 0.43999994494020944], "normalizedAxes": [-0.02750130370259285, 0.9996217489242554, 2.2196061631435512e-16, 0, -2.220446049250313e-16, 1, 0.9996217489242554, 0.02750130370259285, 6.10651611556553e-18]}, "segments": [27069, 27110, 29321, 29332, 29368, 29356, 19275, 27632, 40982, 30939, 43483, 9646, 13481, 13483, 43463, 19354, 41053, 27613, 9595, 9663, 11051, 11122, 11158, 11332, 11484, 12345, 13312, 13348, 13464, 14412, 14429, 14436, 14447, 14451, 14556, 14690, 17270, 17415, 17449, 17482, 17488, 19329, 19372, 20522, 20540, 21616, 21626, 21727, 21741, 22738, 22759, 22767, 25303, 25313, 25383, 25430, 27133, 27190, 27603, 29252, 29293, 30610, 30634, 30666, 30668, 30672, 30689, 31022, 31031, 31036, 31101, 32651, 35443, 37541, 37578, 39970, 40228, 40232, 40236, 40960, 41232, 42259, 42418, 42422, 42427, 42439, 42487, 42494, 42526, 42725, 42923, 43251, 43522, 43526, 43531, 43559, 45374, 49299, 49302, 49330, 43492], "label": "shelf"}, {"objectId": 11, "id": 11, "partId": 11, "index": 10, "dominantNormal": [0.9995433688163757, -0.030216073617339134, -6.70931612874773e-18], "obb": {"axesLengths": [0.28230960952652057, 1.540000016838311, 0.1514312316689366], "centroid": [0.843338139661562, 0.7702114341794484, -0.42000006504356757], "normalizedAxes": [0.030216075479984283, 0.9995433688163757, 2.21943212434267e-16, 0, -2.220446049250313e-16, 1, 0.9995433688163757, -0.030216075479984283, -6.709316542338036e-18]}, "segments": [40113, 9410, 42779, 6183, 8293, 8264, 6204, 42135], "label": "clothes"}, {"objectId": 12, "id": 12, "partId": 12, "index": 11, "dominantNormal": [0.9993688464164734, -0.035522546619176865, -7.887589829986133e-18], "obb": {"axesLengths": [1.1545699880525158, 0.9179399404390168, 0.5554177776363439], "centroid": [0.6898374798711893, -0.7977162380522222, -0.9089699910811341], "normalizedAxes": [0.035522546619176865, 0.9993688464164734, 2.2190446067693012e-16, 0, -2.220446049250313e-16, 1, 0.9993688464164734, -0.035522546619176865, -7.887589829986133e-18]}, "segments": [36592, 25812, 45870, 45551, 45869, 36630, 27772], "label": "commode"}, {"objectId": 13, "id": 13, "partId": 13, "index": 12, "dominantNormal": [-0.17073273658752441, -0.9853173494338989, -2.187844015808291e-16], "obb": {"axesLengths": [0.4933889229665684, 0.48263095730622946, 0.38886078789627637], "centroid": [0.6487004008092585, 0.7294319111405254, -1.1609444787142174], "normalizedAxes": [0.9853173494338989, -0.1707327514886856, -3.7910286352068747e-17, 0, -2.220446049250313e-16, 1, -0.1707327514886856, -0.9853173494338989, -2.187844015808291e-16]}, "segments": [34990, 28695, 31399, 26148, 29101, 29546, 34863, 42713, 42872, 45107, 45165, 26186, 26164, 26177, 26185, 29085, 29087, 29144, 30929, 31461, 35065, 42842, 42867, 42877, 45158, 45182, 29003], "label": "stool"}, {"objectId": 14, "id": 14, "partId": 14, "index": 13, "dominantNormal": [0.06229608878493309, -0.9980577230453491, -2.2161333280598086e-16], "obb": {"axesLengths": [1.5593645102031077, 3.2141700264624484, 0.22882982740623375], "centroid": [0.10921017197659921, 1.2856845588906203, 0.2229149459395936], "normalizedAxes": [0.9980577230453491, 0.06229608505964279, 1.3832509595444529e-17, 0, -2.220446049250313e-16, 1, 0.06229608505964279, -0.9980577230453491, -2.2161333280598086e-16]}, "segments": [14839, 33691, 13988, 18979, 9218, 9233, 10639, 11672, 13712, 13972, 14302, 16339, 16480, 22538, 40103, 40108, 40111, 40217, 20836, 15521, 28356, 42364, 37981, 42619], "label": "wall"}, {"objectId": 15, "id": 15, "partId": 15, "index": 14, "dominantNormal": [-0.03699975088238716, -0.9993152618408203, -2.2189256251099916e-16], "obb": {"axesLengths": [0.9177573634367763, 0.8139199432599553, 0.4144265613376027], "centroid": [0.26182544010944886, 1.0282998546762572, -0.9569600140982868], "normalizedAxes": [0.9993152618408203, -0.03699975088238716, -8.215595067004236e-18, 0, -2.220446049250313e-16, 1, -0.03699975088238716, -0.9993152618408203, -2.2189256251099916e-16]}, "segments": [24686, 18739, 35135, 35183, 20877, 6213, 6222, 7971, 8444, 17226, 20821, 28699, 29052, 29496, 35128, 42797, 42817, 42821, 41684, 20875], "label": "table"}, {"objectId": 17, "id": 17, "partId": 17, "index": 15, "dominantNormal": [0, -2.220446049250313e-16, 1], "obb": {"axesLengths": [0.8965371280477562, 0.2937569850588517, 0.2992947827089908], "centroid": [0.23841269194531867, 1.1023969240351126, 0.616878437991176], "normalizedAxes": [0.9923840165138245, 0.12318244576454163, 2.735199750348674e-17, 0, -2.220446049250313e-16, 1, 0.12318244576454163, -0.9923840165138245, -2.203535168807279e-16]}, "segments": [9075, 15074, 19622, 17348, 17722], "label": "shelf"}, {"objectId": 18, "id": 18, "partId": 18, "index": 16, "dominantNormal": [0.9957765340805054, 0.09180992841720581, 2.038589928359387e-17], "obb": {"axesLengths": [0.6808005009541808, 2.700239836419227, 0.17676461468371238], "centroid": [0.5137213551832698, -1.6515008425586961, -0.010620040581673651], "normalizedAxes": [-0.09180992841720581, 0.9957765340805054, 2.211068071035228e-16, 0, -2.220446049250313e-16, 1, 0.9957765340805054, 0.09180992841720581, 2.038589928359387e-17]}, "segments": [29531, 4923, 5967, 29183, 30544, 28370, 32395, 6919], "label": "wall"}, {"objectId": 19, "id": 19, "partId": 19, "index": 17, "dominantNormal": [0.042947184294462204, -0.999077320098877, -2.2183972883091417e-16], "obb": {"axesLengths": [0.438517540376812, 2.2080699903949337, 0.06208503835226712], "centroid": [0.7493776654200088, -1.3280570959667353, 0.6140349537722392], "normalizedAxes": [0.999077320098877, 0.042947184294462204, 9.53619056930637e-18, 0, -2.220446049250313e-16, 1, 0.042947184294462204, -0.999077320098877, -2.2183972883091417e-16]}, "segments": [26445, 10362, 33223, 17077], "label": "wall"}, {"objectId": 23, "id": 23, "partId": 23, "index": 21, "dominantNormal": [0, -2.220446049250313e-16, 1], "obb": {"axesLengths": [3.9476541448749187, 0.6912098968503644, 1.40468317388334], "centroid": [-1.2158807743570497, 0.2410219481104554, 1.5640249070370573], "normalizedAxes": [0.9729425311088562, 0.23104722797870636, 5.1302790455555494e-17, 0, -2.220446049250313e-16, 1, 0.23104722797870636, -0.9729425311088562, -2.1603663993482596e-16]}, "segments": [13701, 5531, 40406, 807, 818, 12901, 28941, 13897, 16125, 25770, 31168, 31184, 31195, 31201, 31211, 31295, 35574, 43571, 43577, 43580, 43583, 14861, 13843, 25769, 30173, 30177, 30190, 30219, 35533, 43220, 45549, 665, 23606, 25322], "label": "ceiling"}, {"objectId": 27, "id": 27, "partId": 27, "index": 24, "dominantNormal": [0.9958125948905945, -0.0914183035492897, -2.029894109451862e-17], "obb": {"axesLengths": [0.2289064383539103, 0.2873346964865617, 0.21987577670288688], "centroid": [-2.783816798360104, -0.13769810469423555, 0.049965609610848505], "normalizedAxes": [0.0914183035492897, 0.9958125948905945, 2.211148142118523e-16, 0, -2.220446049250313e-16, 1, 0.9958125948905945, -0.0914183035492897, -2.029894109451862e-17]}, "segments": [37887, 49583, 42387, 26770, 26772, 26779, 26786, 26815, 26818, 26840, 26852, 42367, 42377, 42396, 26904, 26867, 49646, 37918, 37937, 37944, 37954, 37961, 49638, 49663, 37971, 49677], "label": "lamp"}, {"objectId": 28, "id": 28, "partId": 28, "index": 25, "dominantNormal": [0.745383083820343, -0.6666363477706909, -1.4802300446940884e-16], "obb": {"axesLengths": [0.2922621503308603, 0.3210120129359062, 0.17992493023794542], "centroid": [-2.745527255847215, -2.6475286186608455, -0.7064970406182777], "normalizedAxes": [0.6666363477706909, 0.745383083820343, 1.6550829236468956e-16, 0, -2.220446049250313e-16, 1, 0.745383083820343, -0.6666363477706909, -1.4802300446940884e-16]}, "segments": [36342, 920, 23618, 35799], "label": "item"}, {"objectId": 29, "id": 29, "partId": 29, "index": 26, "dominantNormal": [0, -2.220446049250313e-16, 1], "obb": {"axesLengths": [0.3727551556771954, 0.14000001236796344, 0.22214068609909443], "centroid": [0.5641284357749732, 1.1746232015194837, -0.5400000373274086], "normalizedAxes": [0.9843447208404541, 0.17625407874584198, 3.913626728154584e-17, 0, -2.220446049250313e-16, 1, 0.17625407874584198, -0.9843447208404541, -2.1856843464905886e-16]}, "segments": [40534, 15609, 15587], "label": "box"}, {"objectId": 30, "id": 30, "partId": 30, "index": 27, "dominantNormal": [0.7031310200691223, -0.7110602855682373, -1.578871001868792e-16], "obb": {"axesLengths": [0.24053084661186647, 0.18053099109535675, 0.12052042838185603], "centroid": [0.5377777481400292, 1.2122749588825, -0.4002655338436625], "normalizedAxes": [0.7110602855682373, 0.7031310200691223, 1.5612644956178252e-16, 0, -2.220446049250313e-16, 1, 0.7031310200691223, -0.7110602855682373, -1.578871001868792e-16]}, "segments": [15492, 15504], "label": "plant"}, {"objectId": 31, "id": 31, "partId": 31, "index": 28, "dominantNormal": [0, -2.220446049250313e-16, 1], "obb": {"axesLengths": [0.5248102913607959, 0.10975000016950065, 0.2214140642246553], "centroid": [0.11274748517216837, 1.1784688698646832, -0.5248750312281772], "normalizedAxes": [0.9687666296958923, 0.2479742169380188, 5.506133703159639e-17, 0, -2.220446049250313e-16, 1, 0.2479742169380188, -0.9687666296958923, -2.1510940355537852e-16]}, "segments": [41601, 22600, 16561, 41612], "label": "box"}, {"objectId": 32, "id": 32, "partId": 32, "index": 29, "dominantNormal": [0.6322230100631714, -0.7747864723205566, -1.720371561476767e-16], "obb": {"axesLengths": [0.1522452796505804, 0.4310409926390424, 0.1056032039260205], "centroid": [0.6371295571761588, 1.24081763503154, 0.12552045191406114], "normalizedAxes": [0.7747864723205566, 0.6322230100631714, 1.4038170849399098e-16, 0, -2.220446049250313e-16, 1, 0.6322230100631714, -0.7747864723205566, -1.720371561476767e-16]}, "segments": [9582, 9513, 11677, 9526, 40204, 9496], "label": "lamp"}, {"objectId": 33, "id": 33, "partId": 33, "index": 30, "dominantNormal": [0.5581154227256775, -0.8297633528709412, -1.8424447586949747e-16], "obb": {"axesLengths": [0.31841720138404433, 0.4762479556445487, 0.2900024299753742], "centroid": [0.6730092858247776, 0.26727620716899303, -1.1518760196445283], "normalizedAxes": [0.8297633528709412, 0.5581154227256775, 1.239265185416899e-16, 0, -2.220446049250313e-16, 1, 0.5581154227256775, -0.8297633528709412, -1.8424447586949747e-16]}, "segments": [44538, 44388, 32887, 32241, 45179, 35038, 32439], "label": "basket"}, {"objectId": 34, "id": 34, "partId": 34, "index": 31, "dominantNormal": [0.008780153468251228, -0.9999614357948303, -2.2203604195133016e-16], "obb": {"axesLengths": [0.5190114399028021, 0.9636899911532548, 0.503260398775025], "centroid": [0.6650958948304639, -0.14062933304580988, -0.891845025676973], "normalizedAxes": [0.9999614357948303, 0.008780153468251228, 1.9495857080389874e-18, 0, -2.220446049250313e-16, 1, 0.008780153468251228, -0.9999614357948303, -2.2203604195133016e-16]}, "segments": [34604, 34615, 33547, 33559, 33599, 36339, 34528, 36350, 27988, 28020, 30057, 43216, 44195, 44549, 43201, 44376, 30030, 43211, 33877, 32467, 28022, 32933, 32905, 32468, 49115], "label": "shelf"}, {"objectId": 35, "id": 35, "partId": 35, "index": 32, "dominantNormal": [0, -2.220446049250313e-16, 1], "obb": {"axesLengths": [0.5465474634704227, 0.2110409987485183, 0.24105938848138111], "centroid": [0.8358858728921836, -0.8780347565198308, -0.3955205273884421], "normalizedAxes": [-0.09984452277421951, 0.9950030446052551, 2.2093505793857718e-16, 0, -2.220446049250313e-16, 1, 0.9950030446052551, 0.09984452277421951, 2.2169937613329863e-17]}, "segments": [45438, 35431, 45410, 35496, 31389], "label": "player"}, {"objectId": 36, "id": 36, "partId": 36, "index": 33, "dominantNormal": [0, -2.220446049250313e-16, 1], "obb": {"axesLengths": [0.29620571001880874, 0.18000000312924383, 0.2727193263313375], "centroid": [0.839245253632424, -0.5140837413433583, -0.40000003986060606], "normalizedAxes": [0.3731808364391327, 0.9277586340904236, 2.060037993723948e-16, 0, -2.220446049250313e-16, 1, 0.9277586340904236, -0.3731808364391327, -8.286279139271995e-17]}, "segments": [31149, 31514, 31334], "label": "box"}, {"objectId": 40, "id": 40, "partId": 40, "index": 37, "dominantNormal": [0.9703624844551086, 0.24165403842926025, 5.3657975491563426e-17], "obb": {"axesLengths": [0.4302118801122449, 0.43393101318334737, 0.23377341617030198], "centroid": [-2.524041005405282, -0.8717436755080519, -0.5777705462030204], "normalizedAxes": [-0.24165403842926025, 0.9703624844551086, 2.1546375449490643e-16, 0, -2.220446049250313e-16, 1, 0.9703624844551086, 0.24165403842926025, 5.3657975491563426e-17]}, "segments": [39278, 2381, 39237, 2371, 2372, 2379, 2385, 2392, 2409, 2413, 2425, 2434, 2438, 2469, 39189, 39262, 39268, 39313, 1042, 43299, 1083, 39062], "label": "pillow"}, {"objectId": 41, "id": 41, "partId": 41, "index": 38, "dominantNormal": [0.9870327711105347, 0.16051873564720154, 3.5642319239848405e-17], "obb": {"axesLengths": [0.741810497099245, 0.586689965724424, 0.4609100060992622], "centroid": [-2.7633122255513025, -0.9024072984876588, -0.5173580214226693], "normalizedAxes": [-0.16051875054836273, 0.9870327711105347, 2.1916530170929753e-16, 0, -2.220446049250313e-16, 1, 0.9870327711105347, 0.16051875054836273, 3.5642322548570855e-17]}, "segments": [1061, 2677, 43887, 43927, 2297, 43399, 2305, 25995, 31993], "label": "pillow"}, {"objectId": 42, "id": 42, "partId": 42, "index": 39, "dominantNormal": [0, -2.220446049250313e-16, 1], "obb": {"axesLengths": [0.5452156273957964, 0.3154889870698228, 0.5059774593840727], "centroid": [-2.326558703073122, -1.73495055954305, -0.6084725255115516], "normalizedAxes": [-0.4582957625389099, 0.8887997269630432, 1.9735318423098463e-16, 0, -2.220446049250313e-16, 1, 0.8887997269630432, 0.4582957625389099, 1.0176210153176821e-16]}, "segments": [1589, 44737, 1647, 39347, 2986], "label": "pillow"}, {"objectId": 43, "id": 43, "partId": 43, "index": 40, "dominantNormal": [0, -2.220446049250313e-16, 1], "obb": {"axesLengths": [0.7753353568556606, 0.2800000247359269, 0.7640710106252669], "centroid": [-2.517093564058494, -1.7902821673822662, -0.6700000147521498], "normalizedAxes": [-0.07480809837579727, 0.9971979260444641, 2.2142241952060362e-16, 0, -2.220446049250313e-16, 1, 0.9971979260444641, 0.07480809837579727, 1.661073464904678e-17]}, "segments": [1391, 2852, 39412, 3027, 33952, 3610, 44792], "label": "pillow"}, {"objectId": 44, "id": 44, "partId": 44, "index": 41, "dominantNormal": [0, -2.220446049250313e-16, 1], "obb": {"axesLengths": [1.4584984581527778, 0.28420900663266285, 0.7826618092873594], "centroid": [-1.8722789318403925, -1.5194883571373916, -0.7571855446580308], "normalizedAxes": [-0.07917311787605286, 0.9968608617782593, 2.2134757621877982e-16, 0, -2.220446049250313e-16, 1, 0.9968608617782593, 0.07917311787605286, 1.757996367947109e-17]}, "segments": [2640, 4448, 3597, 3435, 3458, 39713, 39547, 3723], "label": "blanket"}, {"objectId": 45, "id": 45, "partId": 45, "index": 42, "dominantNormal": [0, -2.220446049250313e-16, 1], "obb": {"axesLengths": [1.9948472809575315, 0.4161890652137458, 1.3308527133374766], "centroid": [-1.4997144822142892, -1.2986257000727486, -0.861905538769688], "normalizedAxes": [-0.14108450710773468, 0.9899975657463074, 2.1982361836288153e-16, 0, -2.220446049250313e-16, 1, 0.9899975657463074, 0.14108450710773468, 3.132705364177972e-17]}, "segments": [6097, 25137, 6074, 38591, 39864, 36405, 35725, 42983], "label": "blanket"}], "scan_id": "0cac7654-8d6f-2d13-8e68-ddd1767454ad", "annId": "4153", "appId": "stk.v1"}