{"segGroups": [{"objectId": 54, "id": 54, "partId": 54, "index": 0, "dominantNormal": [0, -2.220446049250313e-16, 1], "obb": {"axesLengths": [0.7261202879240046, 0.4583599464961899, 0.5965220665314236], "centroid": [2.7019196050916547, 1.020353228307207, -1.119180011693091], "normalizedAxes": [-0.3830094635486603, 0.9237444400787354, 2.0511246924897705e-16, 0, -2.220446049250313e-16, 1, 0.9237444400787354, 0.3830094635486603, 8.504518501621045e-17]}, "segments": [34190, 33628, 32483, 96085, 33697, 34311, 34678], "label": "table"}, {"objectId": 55, "id": 55, "partId": 55, "index": 1, "dominantNormal": [0, -2.220446049250313e-16, 1], "obb": {"axesLengths": [0.6509818324471931, 0.24586003469243556, 0.392846440944757], "centroid": [2.832614784157278, 1.0709821768435797, -0.891680084727406], "normalizedAxes": [-0.4360659122467041, 0.8999147415161133, 1.9982121324615704e-16, 0, -2.220446049250313e-16, 1, 0.8999147415161133, 0.4360659122467041, 9.682608320609278e-17]}, "segments": [34145, 96049, 33521, 33454, 33833, 83383, 33485, 33431, 34062, 34063, 34074, 96056, 32572, 95861, 34184, 32419, 32420, 32424, 32428, 33437, 33440, 34179, 95482, 95740, 95749, 95807], "label": "basket"}, {"objectId": 56, "id": 56, "partId": 56, "index": 2, "dominantNormal": [0.45297613739967346, -0.8915226459503174, -1.9795779370175679e-16], "obb": {"axesLengths": [0.4573441668399402, 0.6344420172026303, 0.31589022498704217], "centroid": [2.1600285156260126, 0.8398532831170912, -1.01696904524485], "normalizedAxes": [0.8915226459503174, 0.45297613739967346, 1.0058090746937719e-16, 0, -2.220446049250313e-16, 1, 0.45297613739967346, -0.8915226459503174, -1.9795779370175679e-16]}, "segments": [7428, 95500, 10643, 10662, 90795, 90831, 94987], "label": "basket"}, {"objectId": 57, "id": 57, "partId": 57, "index": 3, "dominantNormal": [0, -2.220446049250313e-16, 1], "obb": {"axesLengths": [0.5195701439576688, 0.35758595859439746, 0.36697393171874354], "centroid": [2.2726820382113715, 0.6716759248722047, -0.8512070417134394], "normalizedAxes": [0.9094521999359131, 0.4158084988594055, 9.232803385370703e-17, 0, -2.220446049250313e-16, 1, 0.4158084988594055, -0.9094521999359131, -2.019389544329704e-16]}, "segments": [94946, 9788, 10030, 31405], "label": "suitcase"}, {"objectId": 58, "id": 58, "partId": 58, "index": 4, "dominantNormal": [0, -2.220446049250313e-16, 1], "obb": {"axesLengths": [2.202050038970648, 1.0360000348985179, 1.6972809301352727], "centroid": [2.67271022176578, -0.13405375459331692, -0.7280000788420433], "normalizedAxes": [0.4156404435634613, 0.9095290303230286, 2.019560142059237e-16, 0, -2.220446049250313e-16, 1, 0.9095290303230286, -0.4156404435634613, -9.229071808191354e-17]}, "segments": [95641, 33015, 31969, 95414, 8935, 8936, 8944, 31826, 32036, 32680, 95226, 8113, 89626, 31903, 7617, 7652, 7655, 7659, 7736, 7738, 7785, 7789, 8082, 8138, 8141, 8481, 8517, 8518, 8710, 8789, 9139, 9179, 9180, 9340, 32063, 32069, 89082, 89370, 89574, 89582, 89676, 89714, 89716, 89929, 89987, 89993, 95187, 95217, 95229, 95605, 95618, 9090, 9334, 89442, 32162, 89165, 3941, 3955, 4083, 4656, 4708, 4734, 4754, 4760, 4777, 4821, 5003, 5022, 5541, 5577, 7663, 7746, 7751, 7762, 7770, 7803, 7805, 7809, 7874, 7886, 7899, 8050, 8206, 8713, 31562, 31912, 32161, 32172, 32186, 33027, 88225, 88316, 88323, 88329, 88335, 88340, 88346, 88348, 88350, 88368, 88372, 88375, 88377, 88384, 88493, 88497, 89220, 89283, 89327, 89439, 95040, 95266, 4603, 4062, 4127, 4473, 4478, 4483, 4627, 4674, 4739, 4829, 4958, 5447, 5522, 5538, 5590, 5994, 6032, 7630, 7757, 7798, 7836, 7916, 7925, 7933, 8438, 8652, 8862, 31526, 31590, 31679, 31801, 32274, 32279, 32554, 32713, 32720, 32737, 32904, 32942, 88284, 88298, 88300, 88309, 88317, 88440, 88442, 88443, 89215, 89252, 89405, 89891, 89938, 95014, 95046, 95061, 95385, 95525, 95566, 95591, 32651, 95154, 6482, 10230, 8384, 8354, 8350, 3898, 3921, 3943, 3970, 3972, 4011, 4020, 6029, 6055, 6580, 7036, 8381, 8420, 8656, 8738, 8851, 8893, 8921, 8929, 9016, 9050, 9064, 9123, 9158, 9164, 9210, 9292, 9304, 9368, 9425, 9491, 9516, 9580, 9581, 9588, 9589, 9604, 9614, 9657, 9658, 9680, 10267, 10343, 10415, 31785, 31789, 32842, 57633, 57750, 88224, 88251, 88912, 89522, 89734, 89761, 89762, 89766, 89770, 89782, 89904, 89919, 90028, 90155, 90181, 90188, 90195, 90204, 90225, 90312, 90353, 90382, 90641, 90645, 95106, 95117, 95120, 95711, 4304, 4323, 5168, 5219, 5401, 5413, 5991, 6054, 15531, 17002, 17029, 17048, 17051, 17090, 17104, 17213, 17222, 17597, 17648, 31465, 33123, 57616, 57651, 57714, 57745, 57776, 57812, 57839, 57841, 88412, 88606, 90344, 90347, 90349, 90387, 90393, 90459, 94988, 102186, 102199, 102260, 102322, 102326, 102329, 102332, 102339, 17609, 5180, 5277, 5555, 5775, 5787, 6075, 6538, 6542, 6584, 6589, 6909, 7015, 10422, 10840, 10843, 17007, 17098, 17136, 17280, 17337, 17393, 17411, 17440, 17687, 57728, 57758, 88413, 88506, 88808, 88851, 88853, 88863, 88902, 88906, 88932, 90325, 90383, 90391, 90505, 90887, 90889, 102265, 102281, 17623, 5195, 5474, 5731, 5777, 5804, 6068, 6085, 6809, 6816, 6841, 6843, 6869, 6883, 6930, 6963, 7011, 7053, 10018, 10020, 10034, 10076, 10096, 10332, 10817, 15518, 15641, 16522, 88801, 88803, 88805, 88880, 88892, 89525, 89550, 89570, 89807, 90413, 90509, 90511, 90513, 90518, 90884, 90893, 90915, 17112, 4350, 4392, 5909, 5928, 5937, 6756, 6911, 7018, 7021, 9732, 9770, 9860, 9889, 9906, 10128, 10135, 10149, 10249, 10456, 10461, 10496, 15625, 15737, 15987, 16035, 16235, 88910, 89641, 89737, 89740, 89794, 90089, 90411, 90523, 90529, 90652, 90732, 102214, 5894, 2556, 4190, 2585, 2525, 111859, 14971, 16785, 4554, 5078, 3671, 88460, 5107, 91830, 88357, 4922, 91808, 3149, 15115, 91362, 14617, 15098, 3206, 91567, 91300, 97149, 2668, 90044, 14871, 2175, 3350, 14829, 88198, 16722, 15724, 89535, 3520, 3523, 89344, 13793, 2724, 14981, 89321, 88192, 3394, 13209, 2621, 91615, 11529, 2615, 95096, 88048, 38808, 91658, 94158, 13644, 13663, 2671, 15439, 14989, 12512, 8924, 14685, 95734, 2419, 87989, 91305, 14724, 91310, 2522, 2405, 77933, 81878, 56532, 56564, 5830, 90268, 16021, 16597, 89883, 89853, 15485, 15729, 16392, 16004, 16253, 109074, 101749, 101748, 13425, 15526, 8316, 56580, 89638, 13305, 88839], "label": "clutter"}, {"objectId": 59, "id": 59, "partId": 59, "index": 5, "dominantNormal": [0, -2.220446049250313e-16, 1], "obb": {"axesLengths": [0.6897378777006207, 0.2277249996872618, 0.5190411853865955], "centroid": [2.7527715911964337, -0.49290571324828925, 0.12386242675343473], "normalizedAxes": [0.5726691484451294, 0.8197866082191467, 1.8202919354485186e-16, 0, -2.220446049250313e-16, 1, 0.8197866082191467, -0.5726691484451294, -1.2715809481925286e-16]}, "segments": [16630, 16666, 16546, 16652, 16697, 16723, 19700, 19704, 77303, 92228, 93321, 92210, 21219, 17814, 17859, 91881, 17666, 19901, 92316, 93329], "label": "pillow"}, {"objectId": 60, "id": 60, "partId": 60, "index": 6, "dominantNormal": [0.5059333443641663, -0.8625725507736206, -1.915295812557051e-16], "obb": {"axesLengths": [0.7070364997636748, 0.4999999888241291, 0.3549636585194838], "centroid": [2.8672060408423325, -0.7913182069663016, 0.1199999294430012], "normalizedAxes": [0.8625725507736206, 0.5059333443641663, 1.123397695677411e-16, 0, -2.220446049250313e-16, 1, 0.5059333443641663, -0.8625725507736206, -1.915295812557051e-16]}, "segments": [91766, 17252, 19662, 94142, 17267, 92528, 2196, 2213, 2246, 2305, 2867, 17416, 17462, 17466, 17522, 17527, 17618, 17637, 17782, 19862, 19939, 21589, 21590, 21616, 21758, 21764, 21772, 51048, 51051, 51073, 87972, 91654, 91671, 91675, 91689, 91694, 91695, 91705, 91711, 91724, 92234, 92309, 92320, 92325, 92327, 92488, 92577, 94088, 21822], "label": "pillow"}, {"objectId": 61, "id": 61, "partId": 61, "index": 7, "dominantNormal": [0, -2.220446049250313e-16, 1], "obb": {"axesLengths": [0.856235838644977, 0.3575879870149196, 0.8902245368494377], "centroid": [2.299383663441701, 0.8170238220994412, 0.20879391952319448], "normalizedAxes": [0.5289818048477173, 0.8486331701278687, 1.8843441698731948e-16, 0, -2.220446049250313e-16, 1, 0.8486331701278687, -0.5289818048477173, -1.174575558699414e-16]}, "segments": [28877, 26496, 28189, 99443, 28975, 94365, 99448, 30158, 30376, 94397, 26577], "label": "blanket"}, {"objectId": 62, "id": 62, "partId": 62, "index": 8, "dominantNormal": [0, -2.220446049250313e-16, 1], "obb": {"axesLengths": [0.6777885501532529, 0.26720398998549644, 0.47936640343492215], "centroid": [2.743798371706149, 1.180630807195405, 0.12360192279662208], "normalizedAxes": [-0.5610933899879456, 0.8277525305747986, 1.8379798362717605e-16, 0, -2.220446049250313e-16, 1, 0.8277525305747986, 0.5610933899879456, 1.245877601059199e-16]}, "segments": [31195, 30542, 30983, 94779, 94773, 94809, 30399, 30581, 94518, 31000, 30625, 94580, 30950], "label": "clothes"}, {"objectId": 63, "id": 63, "partId": 63, "index": 9, "dominantNormal": [0, -2.220446049250313e-16, 1], "obb": {"axesLengths": [0.6497248443247463, 0.28249596918010766, 0.49105913471257795], "centroid": [1.3890691427141098, 0.6968851164482368, -0.7487520538549424], "normalizedAxes": [0.6558002233505249, 0.7549344897270203, 1.6762913051571632e-16, 0, -2.220446049250313e-16, 1, 0.7549344897270203, -0.6558002233505249, -1.456169015036146e-16]}, "segments": [1834, 1527, 1579, 87940, 61190, 103672, 23587, 23613, 1577, 22848, 37347, 102435, 103593, 87833, 1643, 23273], "label": "clothes"}, {"objectId": 64, "id": 64, "partId": 64, "index": 10, "dominantNormal": [-0.19807203114032745, -0.9801874756813049, -2.1764534079011909e-16], "obb": {"axesLengths": [0.20454314512130836, 0.2600000144541259, 0.14092766027592143], "centroid": [-2.064313549486435, -0.13909465189044123, -0.4800000660866499], "normalizedAxes": [0.9801874756813049, -0.19807203114032745, -4.398082590125251e-17, 0, -2.220446049250313e-16, 1, -0.19807203114032745, -0.9801874756813049, -2.1764534079011909e-16]}, "segments": [75594, 75654, 75829, 75513, 75195, 75567, 106543], "label": "item"}, {"objectId": 1, "id": 1, "partId": 1, "index": 11, "dominantNormal": [0, -2.220446049250313e-16, 1], "obb": {"axesLengths": [6.578135091952109, 0.27338003501191643, 5.590459172947386], "centroid": [0.07997244175498869, 0.9682413431583703, -1.2666900601232793], "normalizedAxes": [-0.2971695065498352, 0.9548247456550598, 2.1201368342162126e-16, 0, -2.220446049250313e-16, 1, 0.9548247456550598, 0.2971695065498352, 6.598488567762466e-17]}, "segments": [79463, 62767, 801, 15585, 25006, 41961, 41980, 42070, 42105, 42118, 55889, 56820, 58834, 72030, 72099, 72307, 73726, 77598, 79275, 80150, 80162, 80163, 80284, 82230, 92389, 97732, 104896, 104926, 112371, 112606, 112850, 112864, 112899, 50056, 21448, 13385, 28301, 112403, 73958, 12257, 34920, 7299, 34505, 32886, 34343, 35970, 36063, 7317, 67557], "label": "floor"}, {"objectId": 2, "id": 2, "partId": 2, "index": 12, "dominantNormal": [0.8866974115371704, 0.4623502194881439, 1.0266237182324643e-16], "obb": {"axesLengths": [3.0946865177736163, 2.4894999901317054, 0.25558932420019015], "centroid": [-1.4912414878944578, -1.496958933518774, -0.08856005582451854], "normalizedAxes": [-0.46235018968582153, 0.8866974115371704, 1.968863764328189e-16, 0, -2.220446049250313e-16, 1, 0.8866974115371704, 0.46235018968582153, 1.0266236520580153e-16]}, "segments": [63448, 86818, 62805, 70673, 108567, 74231, 74062, 108531], "label": "wall"}, {"objectId": 3, "id": 3, "partId": 3, "index": 13, "dominantNormal": [0.9512770175933838, 0.3083374798297882, 6.846467389238513e-17], "obb": {"axesLengths": [1.0159354301437376, 2.5084798967432986, 0.38280646904187726], "centroid": [-2.134039136410682, 0.3672569590104176, -0.10256005408108271], "normalizedAxes": [-0.3083374798297882, 0.9512770175933838, 2.1122592954578496e-16, 0, -2.220446049250313e-16, 1, 0.9512770175933838, 0.3083374798297882, 6.846467389238513e-17]}, "segments": [65739, 86607, 106595, 83242, 1186, 58458], "label": "wall"}, {"objectId": 4, "id": 4, "partId": 4, "index": 14, "dominantNormal": [0.40978074073791504, -0.9121840596199036, -2.025455491372127e-16], "obb": {"axesLengths": [2.5869544278022087, 2.4883599917212122, 0.32300225478409095], "centroid": [-1.1375237351890646, 1.4168795247800472, -0.08582008997008161], "normalizedAxes": [0.9121840596199036, 0.40978071093559265, 9.098959606559213e-17, 0, -2.220446049250313e-16, 1, 0.40978071093559265, -0.9121840596199036, -2.025455491372127e-16]}, "segments": [65262, 66618, 53447, 65269, 23790, 79227, 111181, 53936, 51350, 86098, 12816, 111129, 60357, 72648, 110987, 52657, 67549, 37784, 53974, 55454, 12589], "label": "wall"}, {"objectId": 5, "id": 5, "partId": 5, "index": 15, "dominantNormal": [0.47727543115615845, -0.8787537813186646, -1.9512253619928023e-16], "obb": {"axesLengths": [0.9882777467290951, 1.2599999623000624, 0.11179394208307862], "centroid": [-0.6739268913037157, 1.6183964559651638, -0.020000053122640082], "normalizedAxes": [0.8787537813186646, 0.47727543115615845, 1.0597643455149318e-16, 0, -2.220446049250313e-16, 1, 0.47727543115615845, -0.8787537813186646, -1.9512253619928023e-16]}, "segments": [67506], "label": "whiteboard"}, {"objectId": 6, "id": 6, "partId": 6, "index": 16, "dominantNormal": [0.12990260124206543, -0.9915267825126648, -2.201631726956121e-16], "obb": {"axesLengths": [1.015454256996019, 2.341420002100914, 0.5778528845284321], "centroid": [0.3286352661765021, 1.6605205430594734, -0.15929008478023032], "normalizedAxes": [0.9915267825126648, 0.12990258634090424, 2.884416846280585e-17, 0, -2.220446049250313e-16, 1, 0.12990258634090424, -0.9915267825126648, -2.201631726956121e-16]}, "segments": [82648, 113253, 58504, 18214, 86275, 56320, 12712, 56334, 56290, 59976, 86084, 110662, 3178, 75394, 11771, 12003, 11752, 111264], "label": "wardrobe"}, {"objectId": 7, "id": 7, "partId": 7, "index": 17, "dominantNormal": [0.49553173780441284, -0.8685898184776306, -1.9286568308577015e-16], "obb": {"axesLengths": [1.8435426474242218, 2.4999999441206455, 0.16289457855882752], "centroid": [1.200045077994457, 2.6417014625847126, -0.08000011377036476], "normalizedAxes": [0.8685898184776306, 0.49553173780441284, 1.1003014894859505e-16, 0, -2.220446049250313e-16, 1, 0.49553173780441284, -0.8685898184776306, -1.9286568308577015e-16]}, "segments": [62970, 500, 525, 75409, 48288, 23159, 39583], "label": "wall"}, {"objectId": 8, "id": 8, "partId": 8, "index": 18, "dominantNormal": [0.8843861222267151, 0.46675604581832886, 1.0364066179010064e-16], "obb": {"axesLengths": [4.029048617098221, 2.4870099465472246, 0.17711051350177892], "centroid": [2.876589124349905, 1.3072398454534455, -0.08649511255707543], "normalizedAxes": [-0.46675607562065125, 0.8843861222267151, 1.963731671110114e-16, 0, -2.220446049250313e-16, 1, 0.8843861222267151, 0.46675607562065125, 1.0364066840754554e-16]}, "segments": [37162, 78779, 36482], "label": "wall"}, {"objectId": 9, "id": 9, "partId": 9, "index": 19, "dominantNormal": [0.8551245927810669, 0.518422544002533, 1.151129289672721e-16], "obb": {"axesLengths": [0.8904506732244659, 1.226039978279769, 0.1976457573223312], "centroid": [2.3994596845997544, 2.121910692040638, -0.7430200541089476], "normalizedAxes": [-0.518422544002533, 0.8551245927810669, 1.8987580236575028e-16, 0, -2.220446049250313e-16, 1, 0.8551245927810669, 0.518422544002533, 1.151129289672721e-16]}, "segments": [28354, 27858, 3117], "label": "picture"}, {"objectId": 10, "id": 10, "partId": 10, "index": 20, "dominantNormal": [0.813793420791626, 0.5811542868614197, 1.2904217402663225e-16], "obb": {"axesLengths": [0.6844515321599886, 2.259999999552964, 0.3650217368758906], "centroid": [1.9572178127231616, 2.7179294559192795, -0.22000006653368498], "normalizedAxes": [-0.5811542868614197, 0.813793420791626, 1.8069843861026635e-16, 0, -2.220446049250313e-16, 1, 0.813793420791626, 0.5811542868614197, 1.2904217402663225e-16]}, "segments": [12562, 49994, 43174, 96986, 42484, 80370, 24876, 93558, 25277, 11557, 71733, 57044, 80376, 37886, 96976, 102035, 24711, 24626, 24726, 93477, 25030, 94022, 23314, 25909, 110085, 5633, 11538, 11577, 11578, 11587, 12134, 13092, 23288, 23303, 23352, 23353, 23377, 24196, 24643, 24668, 24747, 24825, 24827, 24988, 25070, 25071, 25148, 25151, 25208, 25564, 25945, 25951, 25953, 57120, 90929, 93094, 93380, 93391, 93410, 93497, 93514, 93659, 93694, 93940, 93962, 97011, 102017], "label": "shelf"}, {"objectId": 11, "id": 11, "partId": 11, "index": 21, "dominantNormal": [0.8151639699935913, 0.5792302489280701, 1.2861495178386086e-16], "obb": {"axesLengths": [0.9218875410449503, 2.05681992940262, 0.35799052243557644], "centroid": [1.6792467963684854, 2.576558441294282, -0.31841007467187943], "normalizedAxes": [-0.5792303085327148, 0.8151639699935913, 1.8100276166634706e-16, 0, -2.220446049250313e-16, 1, 0.8151639699935913, 0.5792303085327148, 1.2861496501875066e-16]}, "segments": [22591, 6193, 22935, 22607, 54682, 91142, 13730, 15506, 104818, 25967, 24166, 25892, 66956, 54816, 8005, 98157, 722, 112990, 82008], "label": "door"}, {"objectId": 12, "id": 12, "partId": 12, "index": 22, "dominantNormal": [0.8271774053573608, 0.5619408488273621, 1.2477593376910835e-16], "obb": {"axesLengths": [1.339212414464989, 2.5653999470457434, 0.21873010765947523], "centroid": [-2.7966292630351743, 1.753088122885965, -0.07271004864476671], "normalizedAxes": [-0.5619408488273621, 0.8271774053573608, 1.8367028017548766e-16, 0, -2.220446049250313e-16, 1, 0.8271774053573608, 0.5619408488273621, 1.2477593376910835e-16]}, "segments": [68510, 83082, 68552, 68582, 68596, 68659, 68730, 68752, 68769, 68772, 68792, 68798, 80932, 80939, 82905, 82927, 82952, 83030, 83743, 83756, 83779, 83802, 83812, 83832, 83833, 83835, 83838, 83861, 84189, 84259, 105448, 105451, 105454, 113355, 113360, 113366, 113373, 114039, 114047, 114052, 114540, 62315, 69174, 29140, 68654, 106296, 106474, 70477, 40694, 83031, 114665, 65894, 70196, 66158, 40243, 40696, 45690, 62022, 62032, 62123, 62151, 62158, 62161, 62205, 62206, 62243, 62304, 64695, 65471, 65478, 65481, 65487, 65502, 65533, 65538, 65545, 65602, 65607, 65616, 65634, 65656, 65669, 65676, 65706, 65718, 65763, 66065, 66083, 66099, 66109, 66165, 66234, 66236, 66274, 66286, 66306, 66316, 66337, 66344, 66351, 66367, 66381, 66388, 66409, 66426, 66446, 66540, 66627, 66635, 70117, 70118, 70125, 70144, 70146, 70149, 70157, 70158, 70188, 70189, 70201, 70235, 70258, 70267, 70268, 70274, 70284, 70286, 70314, 70342, 70346, 70355, 70356, 70375, 70376, 70398, 70435, 70457, 70471, 70516, 70520, 70532, 80931, 80951, 80953, 80970, 82796, 86440, 86488, 86575, 86828, 86838, 86932, 86968, 96399, 103806, 103807, 103815, 103826, 104347, 104350, 104353, 104356, 104357, 104361, 104366, 104378, 104382, 104385, 104387, 104389, 104397, 104399, 104402, 104558, 104565, 104573, 104585, 104589, 104601, 104603, 104606, 104611, 105832, 105905, 105909, 105911, 105915, 105944, 105947, 105949, 105958, 106119, 106168, 109359, 110431, 110433, 110438, 110441, 111429, 111436, 111491, 111501, 111546, 113346, 65711, 70181, 104775, 103848, 62215, 86902, 87006, 62663, 66435, 70137, 86710, 87153, 111522, 111528, 35737], "label": "wardrobe"}, {"objectId": 13, "id": 13, "partId": 13, "index": 23, "dominantNormal": [0.7819336652755737, 0.6233616471290588, 1.3841409066218865e-16], "obb": {"axesLengths": [0.585076989228759, 2.2364899016211197, 0.12387051103075224], "centroid": [-2.2808987552378217, 0.9878803741304915, -0.18824503708828288], "normalizedAxes": [-0.6233616471290588, 0.7819336652755737, 1.7362415178369644e-16, 0, -2.220446049250313e-16, 1, 0.7819336652755737, 0.6233616471290588, 1.3841409066218865e-16]}, "segments": [83085, 49420, 107135, 47391, 83103], "label": "wall"}, {"objectId": 14, "id": 14, "partId": 14, "index": 24, "dominantNormal": [-0.5181534290313721, -0.8552877306938171, -1.899120262591352e-16], "obb": {"axesLengths": [1.0104543859575414, 2.071275903181524, 0.16893008065775386], "centroid": [-1.8768365889124845, 0.593517237686704, -0.352412050163478], "normalizedAxes": [0.8552876710891724, -0.5181534290313721, -1.1505317343982126e-16, 0, -2.220446049250313e-16, 1, -0.5181534290313721, -0.8552876710891724, -1.899120130242454e-16]}, "segments": [48540, 52021, 52852, 84477, 40260, 114436, 108373, 75278, 963, 47194, 47172, 867, 868, 896, 897, 934, 935, 946, 947, 956, 970, 972, 976, 1010, 1029, 1038, 1046, 1054, 1057, 1067, 1113, 1122, 1124, 40232, 40273, 40323, 47010, 47034, 47046, 47105, 47183, 47239, 47316, 47317, 47321, 47361, 47410, 47439, 47481, 47511, 51141, 51520, 51530, 51569, 51589, 51633, 51691, 51823, 51922, 52010, 52092, 52146, 52163, 52378, 52432, 52544, 52580, 52617, 52620, 52717, 52897, 53828, 53847, 53848, 53881, 53891, 72137, 72183, 75261, 75264, 75268, 83943, 83945, 84415, 84809, 84821, 84836, 84869, 84877, 84902, 84938, 84984, 85879, 85920, 85974, 85993, 86009, 86676, 87186, 87192, 87219, 87243, 87276, 87281, 87285, 87292, 87307, 87798, 87800, 87806, 87808, 98678, 98683, 98905, 99006, 99007, 99008, 99060, 99065, 100864, 107504, 107535, 107554, 107560, 108386, 113349, 114497, 114924, 114927, 114930, 114935, 114937, 114944, 114947, 114951, 114954, 114959, 114978, 114981, 114999, 115003, 115005, 115009, 115013, 115016, 115045, 115233, 115238, 115344, 115569, 115391, 107, 86265, 115621, 84444, 52270, 52679, 46951], "label": "door"}, {"objectId": 15, "id": 15, "partId": 15, "index": 25, "dominantNormal": [0, -2.220446049250313e-16, 1], "obb": {"axesLengths": [5.913880776733163, 0.14262997785292664, 4.877203648526133], "centroid": [0.6523664364233923, 0.09521124458510666, 1.1413149448190243], "normalizedAxes": [0.7639952301979065, 0.6452218890190125, 1.4326803943620902e-16, 0, -2.220446049250313e-16, 1, 0.6452218890190125, -0.7639952301979065, -1.696410190539025e-16]}, "segments": [73594, 70702, 19089, 19380, 35439, 41122, 47163, 50320, 51319, 60743, 65058, 70585, 71624, 72119, 73442, 75483, 80492, 81118, 81676, 83488, 83536, 100661, 113567, 113654, 113718, 73435, 113617], "label": "ceiling"}, {"objectId": 16, "id": 16, "partId": 16, "index": 26, "dominantNormal": [0.4635920822620392, -0.8860487341880798, -1.9674234112711627e-16], "obb": {"axesLengths": [5.19638410515, 2.495660010822265, 0.27404930459220794], "centroid": [1.5582926268100936, -1.636457070689116, -0.08217008041955509], "normalizedAxes": [0.8860487341880798, 0.4635920822620392, 1.029381207522471e-16, 0, -2.220446049250313e-16, 1, 0.4635920822620392, -0.8860487341880798, -1.9674234112711627e-16]}, "segments": [51871, 37220, 55653, 36738, 36747, 36962, 42558, 47071, 48009, 48978, 54474, 68224, 79179, 97739, 103003, 55773, 102849, 290, 48220, 40551, 41567, 26411, 40559, 58216, 58275, 102977, 110141, 28222, 102533, 109365, 23293, 40902, 110147], "label": "wall"}, {"objectId": 17, "id": 17, "partId": 17, "index": 27, "dominantNormal": [0.6170116662979126, -0.7869540452957153, -1.747389000818423e-16], "obb": {"axesLengths": [2.369592281363912, 2.2999999605119226, 1.2478745327861236], "centroid": [1.2223545323316507, -2.3424088303549904, -0.2400000470131638], "normalizedAxes": [0.7869540452957153, 0.6170116066932678, 1.3700409844236546e-16, 0, -2.220446049250313e-16, 1, 0.6170116066932678, -0.7869540452957153, -1.747389000818423e-16]}, "segments": [45184, 88538, 1505, 24948, 72630, 92778, 97560, 98514, 98521, 98525, 10219, 80448, 39434, 46989, 68916, 81578, 81605, 83179, 97502, 97504, 97511, 103908, 105228, 105570, 105583, 113107, 54117, 62552, 83234, 105216, 100830, 82487, 113172, 113131, 31945, 33337, 33327, 69520, 39765, 28676, 38601, 45985, 40943, 98445, 1470, 6164, 6168, 7361, 9415, 12592, 12601, 12689, 12762, 12768, 13976, 14019, 14115, 14151, 20584, 20605, 20640, 20774, 20791, 20838, 20904, 20973, 21010, 21294, 21309, 21324, 21393, 21449, 21458, 21467, 21500, 21521, 21530, 21674, 21711, 24786, 25180, 25390, 25440, 25698, 25810, 25811, 25813, 25880, 25930, 26010, 26146, 27288, 27320, 27746, 27748, 27793, 27805, 27819, 28625, 28636, 28655, 28716, 30285, 30320, 30352, 30801, 30861, 30878, 30889, 31362, 31803, 31811, 31887, 31962, 31973, 31975, 33071, 33088, 33093, 33122, 33293, 33310, 34835, 34842, 34969, 34993, 35004, 35012, 35017, 35108, 35138, 35142, 35246, 35252, 35268, 35277, 35290, 35315, 35328, 35356, 35380, 35383, 35399, 35400, 35406, 35407, 35418, 35443, 35444, 35465, 35475, 35495, 35511, 35518, 35521, 35557, 35581, 35589, 35609, 35649, 35673, 35682, 35703, 35722, 35726, 35771, 35777, 35789, 35802, 35889, 35890, 35912, 35913, 35925, 35941, 35960, 35961, 36326, 36331, 36640, 36789, 36805, 36871, 36890, 36900, 36952, 36965, 36971, 36972, 37000, 37002, 37097, 37177, 37245, 37246, 37263, 37330, 37426, 38020, 38677, 40651, 43341, 43547, 43673, 43774, 43968, 44540, 44647, 45207, 45966, 48406, 48585, 49772, 51055, 51197, 51482, 51537, 52736, 52970, 53007, 53145, 53203, 54549, 55092, 55368, 55465, 55488, 58204, 58488, 59046, 59088, 59093, 59099, 59379, 59562, 59622, 61931, 62268, 67178, 69339, 69340, 69355, 69658, 69672, 69673, 69679, 69696, 69699, 69748, 71424, 72354, 72460, 72490, 72593, 72601, 72690, 72830, 72833, 72836, 72925, 72990, 74636, 74650, 74665, 74671, 74674, 74735, 74754, 75201, 75683, 75812, 76140, 76172, 82429, 83221, 83348, 83474, 83549, 83769, 83845, 83897, 83903, 84258, 84410, 84636, 84643, 84658, 84730, 84781, 84808, 84962, 85082, 85305, 85309, 85326, 85347, 85350, 85365, 85378, 85384, 85402, 85428, 85471, 85479, 85481, 85519, 85754, 86221, 86310, 86415, 86433, 86438, 86497, 86504, 86537, 86548, 86570, 86587, 86592, 86907, 86985, 87121, 87134, 87201, 87211, 87266, 87524, 87536, 87537, 87541, 87545, 87547, 87548, 87556, 87560, 87564, 87622, 87625, 87627, 87639, 87645, 88975, 89012, 89024, 89027, 91093, 91095, 91098, 91100, 91102, 91150, 91156, 91159, 91163, 91170, 91586, 91588, 91591, 91795, 91953, 92392, 92395, 92749, 92788, 92804, 92814, 92875, 92962, 92965, 92967, 92969, 92989, 93012, 93075, 93235, 93589, 93834, 96424, 96466, 96474, 96479, 96496, 96498, 96505, 96511, 96514, 96518, 96521, 96529, 96532, 96533, 96559, 96588, 96602, 96649, 96774, 97180, 97517, 97852, 98504, 98517, 98528, 99685, 99887, 99890, 99901, 99924, 100010, 100663, 100712, 100867, 101903, 103798, 103803, 103818, 104262, 104681, 104768, 104770, 104779, 104797, 104799, 105154, 105233, 105462, 105571, 105573, 105628, 105639, 105643, 105644, 105665, 105792, 105983, 107272, 107996, 108016, 108047, 108077, 113209, 115118, 115128, 115230, 21847, 14395, 83848, 14126, 2120, 9423, 9928, 21248, 21622, 21661, 35145, 35175, 35177, 35180, 35195, 35981, 37049, 37053, 37103, 52169, 52674, 53792, 60063, 60064, 62363, 63377, 64370, 64447, 67344, 69683, 81697, 85575, 90945, 91144, 96418, 97730, 101863, 104408, 104672, 104760, 115218, 56857, 35148, 37325, 37400, 39336, 39343, 58185, 59623, 59647, 69095, 69284, 76342, 96549, 98824, 106782, 108227, 67324, 39371, 76540, 76581, 76592, 106779, 107696, 107700, 107704, 108230, 108236, 2082, 2097, 69084, 85425], "label": "window"}, {"objectId": 18, "id": 18, "partId": 18, "index": 28, "dominantNormal": [-0.5059131979942322, -0.8625844120979309, -1.9153221499877546e-16], "obb": {"axesLengths": [0.33593212638846587, 0.6090030534043219, 0.27242303852127076], "centroid": [1.5332313785902225, -1.2643653227171467, -0.7747185783523656], "normalizedAxes": [0.8625844120979309, -0.5059131979942322, -1.1233529617498843e-16, 0, -2.220446049250313e-16, 1, -0.5059131979942322, -0.8625844120979309, -1.9153221499877546e-16]}, "segments": [11039, 11519, 11565, 11688, 11829, 71227, 74930, 88386, 88391, 108238, 108356, 71126, 74975, 11737, 71199, 71208, 71219, 71223, 71232, 73861, 73875, 76382, 76402, 76427, 76518, 76570, 106745, 106757, 106759, 106763, 106774, 107602, 108245, 108283, 73866, 87400, 73855, 7681, 73852, 107565, 83905, 107650], "label": "plant"}, {"objectId": 19, "id": 19, "partId": 19, "index": 29, "dominantNormal": [0, -2.220446049250313e-16, 1], "obb": {"axesLengths": [2.5181625283808597, 1.735179951745719, 1.8333808512990082], "centroid": [2.6975678221345776, 0.24366815089888194, -0.5175900622995941], "normalizedAxes": [-0.63219153881073, 0.7748121023178101, 1.7204284715029107e-16, 0, -2.220446049250313e-16, 1, 0.7748121023178101, 0.63219153881073, 1.4037472047217614e-16]}, "segments": [18962, 47607, 19028, 22357, 22370, 22375, 29008, 29026, 30194, 31165, 94409, 94835, 94891, 94894, 94896, 94907, 107268, 18918, 1924, 1999, 19033, 28900, 29712, 81466, 37555, 87955, 6383, 6657, 6665, 6678, 6719, 7093, 7109, 7126, 7176, 7179, 7193, 7200, 7228, 7244, 8304, 8310, 8313, 9979, 10100, 10139, 10147, 10498, 10572, 10694, 10737, 10740, 18890, 18948, 19069, 30561, 30663, 30679, 31213, 31303, 31313, 31334, 31432, 33185, 33348, 33722, 33998, 34005, 34230, 34235, 34239, 34636, 34638, 34643, 34671, 34719, 37371, 37500, 37506, 37538, 55933, 57311, 74828, 74856, 74879, 88771, 88774, 88961, 88965, 88967, 88968, 90419, 90772, 90774, 90791, 91416, 93063, 94386, 94478, 94482, 94487, 95730, 95737, 95809, 96088, 96204, 96214, 96254, 96257, 96261, 96263, 96319, 96392, 96737, 96846, 96856, 96858, 101603, 101607, 101610, 101614, 101617, 101632, 101642, 101651, 101653, 101654, 101656, 102055, 102423, 102479, 3640, 5456, 6727, 7233, 7304, 7346, 10173, 10552, 10585, 10605, 10791, 15117, 17283, 17290, 17299, 17346, 17348, 30776, 30786, 30820, 33031, 33384, 37721, 90785, 94548, 94557, 94559, 96331, 96744, 108088, 96146, 3825, 4841, 9983, 17303, 17309, 17371, 30741, 30762, 30785, 30790, 33202, 36066, 44282, 87528, 87530, 87533, 91634, 98081, 102051, 108113, 33923, 24305, 29335, 18257, 6897, 94220, 3629, 3752, 3857, 4889, 5422, 14979, 14986, 15003, 15010, 15897, 16243, 16260, 16312, 16324, 16332, 16354, 16357, 16375, 16403, 16433, 16535, 17018, 17067, 17078, 17109, 17177, 18039, 18137, 18268, 18720, 18805, 31528, 36069, 44279, 88288, 91511, 91515, 91632, 91802, 91842, 91846, 91852, 91856, 91860, 91918, 95286, 23952, 3129, 4738, 5129, 5665, 5721, 15845, 16287, 16905, 17556, 18104, 24394, 44176, 44207, 44211, 44230, 44300, 92044, 94178, 98023, 98025, 98027, 98069, 98076, 108207, 2346, 3433, 5339, 5360, 16076, 16440, 16958, 17390, 17511, 17695, 17912, 18501, 18537, 18560, 18708, 29613, 29655, 29690, 29713, 29739, 29750, 29904, 49484, 80096, 80100, 80121, 88345, 91905, 91989, 92031, 94166, 95311, 11277, 92650, 11303], "label": "bed"}, {"objectId": 20, "id": 20, "partId": 20, "index": 30, "dominantNormal": [0.9764213562011719, 0.2158733606338501, 4.793351507578205e-17], "obb": {"axesLengths": [1.113951493711693, 2.4091098962178092, 0.6823046933199112], "centroid": [1.7914865611252384, -0.1343665495816465, -0.12602509090248448], "normalizedAxes": [-0.2158733606338501, 0.9764213562011719, 2.1680909427805248e-16, 0, -2.220446049250313e-16, 1, 0.9764213562011719, 0.2158733606338501, 4.793351507578205e-17]}, "segments": [14036, 67889, 12229, 12366, 13945, 68121, 105303, 67657, 76931, 13132, 13161, 13197, 44564, 44633, 44665, 44709, 44733, 44752, 44759, 48453, 61501, 61547, 61554, 61557, 61569, 67647, 67969, 68035, 68475, 69017, 91083, 91092, 98181, 99689, 99695, 99707, 99719, 103771, 103775, 105285, 105465, 105469, 105475, 19144, 19172, 54926, 55066, 55147, 55169, 61518, 105535, 69082, 61511, 13014, 12985, 12997, 13026, 13063, 13113, 14069, 19328, 20127, 20544, 20594, 20664, 20781, 20968, 22719, 23029, 23212, 23215, 23588, 44662, 44777, 48378, 48395, 48398, 54293, 54944, 55065, 55083, 58061, 58063, 58079, 61469, 67891, 67911, 67948, 68464, 69949, 76857, 77324, 91055, 91057, 91060, 91082, 92365, 92368, 92405, 92409, 93047, 93872, 96968, 98189, 100895, 101008, 101432, 102455, 103690, 81462, 20785, 98178, 23192, 23165, 13649, 13666, 24528, 93422, 24551, 24548, 93433, 93437, 22623], "label": "cabinet"}, {"objectId": 22, "id": 22, "partId": 22, "index": 31, "dominantNormal": [-0.6478685736656189, 0.7617521286010742, 1.6914295044602717e-16], "obb": {"axesLengths": [0.9771581423916316, 2.3299499229352922, 1.158692143377891], "centroid": [2.521600031572256, -0.6359197281544071, -0.17497504670228903], "normalizedAxes": [-0.6478685736656189, 0.7617521286010742, 1.6914295044602717e-16, 0, -2.220446049250313e-16, 1, 0.7617521286010742, 0.6478685736656189, 1.438557214829259e-16]}, "segments": [15305, 98271, 15486, 19295, 19387, 19422, 19428, 19557, 92078, 92104, 92107, 92121, 92130, 93832, 25717, 19153, 15122, 15149, 15185, 19128, 19181, 19270, 19294, 19341, 19553, 44840, 91319, 91324, 92076, 92133, 92144, 92149, 92162, 93132, 93179, 93187, 93656, 98623, 15070, 15026, 19120, 19136, 25673, 25983, 26090, 45357, 45497, 45542, 45691, 93721, 93739, 93747, 93818, 93828, 93830, 98256, 98687, 26025, 45335, 45642, 45685, 98533, 98552, 98557, 98689, 98701, 19210, 45604, 98707, 25493, 45495, 45698, 19569, 22711, 25331, 25360, 25370, 25426, 25454, 25680, 25991, 26310, 26312, 26313, 26321, 26344, 26367, 26394, 26653, 44830, 45311, 45344, 45351, 45375, 45384, 45460, 45461, 45592, 47979, 47983, 47999, 48015, 48018, 48111, 48112, 48153, 48157, 48166, 48183, 48193, 93583, 93602, 93623, 93751, 93851, 93907, 98541, 98677, 98746, 98769, 98783, 98787, 98810, 99580, 99583, 99590, 99592, 99628, 99633, 93903, 98653, 47975, 99549, 47864, 26242, 22648, 22664, 25301, 25319, 25330, 25474, 26211, 26227, 26256, 26270, 26785, 47888, 47897, 47912, 47961, 93560, 93565, 93579, 93767, 93842, 93844, 99546, 99551, 99564, 99568, 102583, 102930, 98612, 45446, 98776, 14139, 44853, 45536, 45659, 48004, 98780, 98813, 99630, 45669, 99574, 19573, 21541, 21545, 22492, 22632, 23419, 23426, 23429, 26186, 26196, 26217, 26248, 26733, 47810, 92468, 92471, 92756, 92757, 93835, 105318, 38078, 21187, 21208, 21274, 21307, 21358, 21428, 21523, 21539, 21580, 21624, 21696, 21706, 21768, 21844, 23504, 23514, 23595, 23631, 23662, 23881, 23915, 38030, 38073, 38091, 38099, 38102, 38137, 38150, 38179, 38205, 38231, 67022, 67048, 67059, 67115, 92571, 92580, 92591, 93268, 93296, 93302, 97029, 97047, 104929, 104942, 104979, 105063, 105067, 105071, 21753, 25758, 92489, 92494, 93360, 102603, 19450, 21662, 23813, 21413, 21836, 24014, 38289, 38318, 38356, 80719, 97068, 104970, 110310, 67025, 14026, 21726, 23577, 23646, 23653, 38381, 38401, 54998, 55017, 55021, 55075, 55096, 67707, 93241, 93361, 98013, 98016, 98022, 101365, 101383, 105212, 115111, 67638, 2839, 23618, 54940, 55235, 77809, 2446, 2514, 2622, 2642, 2841, 2847, 2932, 7983, 8989, 9027, 11344, 11463, 11501, 11524, 13449, 13536, 14203, 14525, 14529, 14561, 14576, 14584, 14686, 14687, 14723, 23704, 38405, 38413, 38507, 38538, 38552, 38559, 38564, 38580, 38589, 38933, 54920, 55193, 55227, 55232, 55236, 55242, 55250, 55256, 55259, 76914, 77823, 77837, 77838, 77853, 77948, 79409, 79436, 79442, 79448, 81726, 81750, 81755, 88035, 91181, 91221, 91280, 91294, 91296, 91593, 97111, 97115, 98096, 101439, 101448, 109028, 109452, 14116, 54943, 67206, 76928, 76930, 91215, 92760, 101368, 105270, 111752, 13432, 14661, 38670, 38710, 38711, 76942, 81759, 81849, 109058, 109061, 111781, 111785, 56848, 2162, 2170, 2696, 2972, 2983, 3164, 3169, 3289, 3297, 3323, 3338, 3352, 3387, 3402, 3468, 3482, 3494, 5246, 5247, 7056, 7060, 7438, 8555, 8639, 8993, 13918, 14034, 14167, 14635, 14696, 14725, 14754, 14890, 15016, 15038, 15049, 15113, 15134, 15199, 15268, 15304, 15356, 15383, 15430, 15440, 15700, 15739, 15743, 15755, 15757, 15852, 15965, 15984, 16005, 16145, 16147, 16161, 16181, 16236, 16295, 16300, 16725, 16766, 16936, 17847, 17867, 17879, 38726, 38820, 38822, 38841, 56514, 56542, 56612, 56663, 56668, 56694, 56720, 56738, 56768, 56781, 56792, 56811, 74083, 74094, 74147, 78037, 78053, 78066, 87967, 88013, 88032, 88067, 88137, 88186, 88212, 88942, 89107, 89148, 89306, 89317, 89366, 89452, 89462, 89473, 89712, 89888, 89908, 90010, 90190, 90586, 90587, 90590, 90593, 90596, 90600, 90604, 90611, 94912, 94922, 94937, 94995, 95115, 95653, 95676, 95724, 95725, 95728, 101760, 101761, 101764, 101773, 101780, 101784, 101786, 101791, 101803, 101821, 109151, 109197, 110021, 111692, 111980, 8510, 7858, 4216, 5133, 8263, 8330, 8368, 8437, 8806, 11406, 13245, 13252, 13272, 13356, 13397, 15690, 15778, 15866, 17740, 17745, 17780, 17828, 17835, 17848, 17855, 19833, 24404, 76939, 87584, 87968, 88797, 88843, 88848, 89435, 90573, 90578, 91384, 91697, 91750, 108683, 38738, 111794, 8453, 8765, 8695, 38425, 38444], "label": "shelf"}, {"objectId": 23, "id": 23, "partId": 23, "index": 32, "dominantNormal": [0, -2.220446049250313e-16, 1], "obb": {"axesLengths": [0.9918113066682919, 0.8740830524098183, 1.060096746772931], "centroid": [-0.52928639071267, 1.2424201613721149, -0.9009585756594278], "normalizedAxes": [0.8133782148361206, 0.5817352533340454, 1.2917117449752112e-16, 0, -2.220446049250313e-16, 1, 0.5817352533340454, -0.8133782148361206, -1.8060624436791364e-16]}, "segments": [103385, 59213, 59226, 59236, 59278, 56045, 107884, 59434, 103005, 78348, 52450, 52452, 52527, 52583, 52739, 52858, 53023, 53053, 59274, 60762, 60830, 60851, 60883, 60899, 60907, 60930, 60937, 60962, 60983, 61000, 61023, 64661, 76626, 76789, 76895, 76951, 77113, 77736, 77738, 77764, 78188, 79726, 79728, 79743, 79756, 79772, 79811, 79888, 79923, 85729, 100748, 103517, 107730, 109572, 109742, 109856, 109944, 110410, 107898, 78300, 52398, 52421, 52523, 58730, 59266, 61711, 64605, 64632, 76600, 76649, 76691, 76909, 76948, 76985, 78241, 100674, 106787, 109007, 77792, 52372, 52420, 52468, 76835, 53121, 52604, 53159, 53214, 53219, 60004, 60986, 61077, 61080, 64685, 76686, 76861, 77251, 52368, 52374, 109204, 64168, 64192, 60945, 61017, 74364, 60462, 103446, 60591, 60526, 79011, 72298, 104205, 49824, 64412, 64663, 60106, 44978, 97018, 104026], "label": "table"}, {"objectId": 24, "id": 24, "partId": 24, "index": 33, "dominantNormal": [-0.3441143035888672, -0.9389277696609497, -2.0848384566750637e-16], "obb": {"axesLengths": [0.5760200672835389, 0.7307329610571345, 0.5637983064125157], "centroid": [-0.7868727145115006, 0.792708784969261, -0.9539435125005964], "normalizedAxes": [0.9389277696609497, -0.3441143035888672, -7.64087245894423e-17, 0, -2.220446049250313e-16, 1, -0.3441143035888672, -0.9389277696609497, -2.0848384566750637e-16]}, "segments": [53551, 100645, 6623, 6322, 98991, 52069, 6254, 6275, 6303, 6333, 6340, 48641, 51653, 51689, 51734, 52079, 53244, 54575, 56119, 57440, 60270, 87738, 100582, 100592, 100634, 100639, 100647, 100652, 101048, 101085, 103371, 103373, 103378, 103439, 104009, 51655, 57432, 53608, 53664, 53667, 54592, 54605, 57417, 57459, 59675, 60217, 87787, 100789, 100856, 101043, 101046, 102057, 103241, 103435, 148, 149, 153, 53634, 53691, 54625, 54644, 59303, 100724, 101058, 103212, 53074, 100758, 101098, 112058, 98971, 6231, 6236, 6249, 48995, 80287, 87757, 87759, 99906, 53076, 100727, 103792], "label": "chair"}, {"objectId": 25, "id": 25, "partId": 25, "index": 34, "dominantNormal": [0.8075204491615295, 0.5898395776748657, 1.3097069599396288e-16], "obb": {"axesLengths": [0.9300442721513885, 0.7435630393721974, 0.6650322826163839], "centroid": [-0.15370011052439925, 1.1220409631954391, -0.9704185637738143], "normalizedAxes": [-0.5898395776748657, 0.8075204491615295, 1.7930555910295566e-16, 0, -2.220446049250313e-16, 1, 0.8075204491615295, 0.5898395776748657, 1.3097069599396288e-16]}, "segments": [104508, 59136, 74505, 103070, 103119, 103124, 103127, 107921, 107947, 58491, 46343, 46349, 107967, 104445, 49461, 58803, 58822, 58859, 58861, 58865, 58882, 58901, 58904, 58916, 60138, 60148, 65781, 79119, 103012, 103265, 103277, 103280, 103300, 103323, 109381, 60162, 60174, 60530, 60544, 103339, 61085, 61087, 103482, 107937, 78913, 61038, 61091, 103032, 60025, 44960, 103103, 58995, 58998, 59019, 59028, 59145, 65974, 65988, 103050, 103053, 103057, 103061, 104423, 104471, 104280, 64706, 60183, 61046, 64709, 65958, 74361, 104267, 104332, 104455, 109953, 109988, 64724, 64742, 44979, 60468, 60780, 60806, 61053, 64337, 74493, 107716, 65790, 44797, 60458, 104140], "label": "chair"}, {"objectId": 26, "id": 26, "partId": 26, "index": 35, "dominantNormal": [0, -2.220446049250313e-16, 1], "obb": {"axesLengths": [1.8959891922952932, 0.90383101469656, 1.1710055060142528], "centroid": [-0.8023527830512756, -1.5318606925706062, -0.8980845589618864], "normalizedAxes": [-0.4933525