{"segGroups": [{"objectId": 1, "id": 1, "partId": 1, "index": 0, "dominantNormal": [0, -2.220446049250313e-16, 1], "obb": {"axesLengths": [2.107440636291156, 0.6606589408071573, 0.9505434181811151], "centroid": [2.022469075246386, 0.16203618888386304, -1.109000484965734], "normalizedAxes": [0.004316186066716909, 0.999990701675415, 2.2204254028222238e-16, 0, -2.220446049250313e-16, 1, 0.999990701675415, -0.004316186066716909, -9.58385829967081e-19]}, "segments": [8383, 7415, 5813, 35208, 8353, 4087, 4023, 5637, 5732, 26983, 35791, 23335, 23540, 28898, 22512, 24408, 2669, 8589, 4389, 5183, 5455, 5798, 8649, 23293, 23331, 23377, 35273, 36391, 1870, 23402, 29596, 30338, 23441, 35235], "label": "bed"}, {"objectId": 2, "id": 2, "partId": 2, "index": 1, "dominantNormal": [0, -2.220446049250313e-16, 1], "obb": {"axesLengths": [3.7485748657088678, 0.22043001159064476, 3.055211700814399], "centroid": [0.4890898085201471, 0.5446252898147295, -1.3602149835925954], "normalizedAxes": [0.5795643329620361, 0.8149265050888062, 1.8095003386538048e-16, 0, -2.220446049250313e-16, 1, 0.8149265050888062, -0.5795643329620361, -1.2868913334119461e-16]}, "segments": [1208, 23202, 30087, 13755, 23173, 27432, 26023, 429, 33951, 209, 270, 487, 13766, 17165, 17225, 29747, 33875, 33919, 34105, 37065, 37067, 37077], "label": "floor"}, {"objectId": 3, "id": 3, "partId": 3, "index": 2, "dominantNormal": [0.9999439120292664, 0.010590833611786366, 2.351637465155846e-18], "obb": {"axesLengths": [2.560303183115959, 2.8399998506903668, 0.16667085905254456], "centroid": [2.514709812907095, 0.26977750909776654, -0.009999995976690101], "normalizedAxes": [-0.010590833611786366, 0.9999439120292664, 2.220321508937287e-16, 0, -2.220446049250313e-16, 1, 0.9999439120292664, 0.010590833611786366, 2.351637465155846e-18]}, "segments": [3553, 29942, 13647, 9550, 36771, 9099, 11246, 13479, 13484, 13488, 13512, 13531, 13537, 13559, 13592, 13676, 13709, 21548, 32471, 32476, 32485, 32486, 32491, 32500, 36635, 36713, 36602, 36747, 23276, 13906, 13601, 13490], "label": "wall"}, {"objectId": 4, "id": 4, "partId": 4, "index": 3, "dominantNormal": [-0.01713523268699646, -0.9998531937599182, -2.2201200739145182e-16], "obb": {"axesLengths": [3.3793214959398368, 2.8527999478697774, 0.28243549666243667], "centroid": [0.8406621908001353, 1.5656919081292506, -0.011269992114532279], "normalizedAxes": [0.9998531937599182, -0.01713523268699646, -3.8047859722826116e-18, 0, -2.220446049250313e-16, 1, -0.01713523268699646, -0.9998531937599182, -2.2201200739145182e-16]}, "segments": [7149, 20740, 28680, 16974, 11198, 16906, 25727, 32019, 33353, 10568, 27674, 23601, 35704, 25140, 22029, 815, 26944, 1027, 26450, 958, 1082, 2202, 22414, 23553, 24534, 36300, 37313, 29851, 37284, 37305, 29326, 33371, 33310], "label": "wall"}, {"objectId": 5, "id": 5, "partId": 5, "index": 4, "dominantNormal": [-0.10524147748947144, -0.9944466948509216, -2.2081152347717606e-16], "obb": {"axesLengths": [1.1843774505371136, 2.8247398698760584, 0.38025966250435633], "centroid": [1.0593554394532185, 1.5519797511596036, -0.01089001251258237], "normalizedAxes": [0.9944466948509216, -0.10524147748947144, -2.336830229087626e-17, 0, -2.220446049250313e-16, 1, -0.10524147748947144, -0.9944466948509216, -2.2081152347717606e-16]}, "segments": [24622, 26206, 36074, 25231, 20096, 16771, 18166, 18916, 19625, 33160, 18895, 16667, 3173, 3327, 32160, 3168, 3413, 4744, 34391, 11995, 11753, 24627, 679, 1256, 18003, 20042, 20269, 20297, 24683, 25465, 25648, 26560, 32923, 33138, 34276, 35939, 22245, 34297, 11928, 32154, 20643, 22608, 19747, 36327, 19593, 31462, 31202, 21151, 30805, 31047, 24871, 25593, 19124, 19554, 19555, 24572, 25597, 26770, 26844, 29669, 29899, 29903, 30307, 30324, 30333, 30933, 30977, 31169, 31311, 31444, 31535, 35847, 37004, 37055, 37137, 37186, 37193, 37238, 37340, 37447, 37501, 14429, 21157, 30978, 37496, 577, 21163, 31586, 31585, 545, 31578, 575, 21125, 570], "label": "curtain"}, {"objectId": 7, "id": 7, "partId": 7, "index": 5, "dominantNormal": [0.9999895691871643, 0.0045690457336604595, 1.0145319548150366e-18], "obb": {"axesLengths": [2.5070055442347963, 2.1132499103266755, 0.2746647107562877], "centroid": [-0.7654130944728217, 0.28371957039158946, 0.36662496723327465], "normalizedAxes": [-0.0045690457336604595, 0.9999895691871643, 2.2204228881931616e-16, 0, -2.220446049250313e-16, 1, 0.9999895691871643, 0.0045690457336604595, 1.0145319548150366e-18]}, "segments": [34790, 21133, 6049, 34704, 34720, 7467, 8053, 34654, 3491, 12720, 12728, 7166, 34144, 34800, 8398, 27082], "label": "wall"}, {"objectId": 8, "id": 8, "partId": 8, "index": 6, "dominantNormal": [0.9947819709777832, -0.10202379524707794, -2.265383330858971e-17], "obb": {"axesLengths": [2.516694959049928, 0.8399999549984938, 0.7246908909301835], "centroid": [-0.5435126232569923, 0.29972487853260626, -1.0099999438226268], "normalizedAxes": [0.10202379524707794, 0.9947819709777832, 2.2088596973230583e-16, 0, -2.220446049250313e-16, 1, 0.9947819709777832, -0.10202379524707794, -2.265383330858971e-17]}, "segments": [18414, 17223, 24728, 14709, 24705, 15485, 15726, 15774, 14967, 27585, 23662, 18462, 14067, 19043, 19697, 18971, 14553, 14590, 32715, 32687, 368, 18759, 15040, 15780, 15766, 15742, 10047, 17333, 17370, 17405, 21190, 21192, 33269, 14937, 33977, 17421, 15817, 17363, 17169, 17407, 15789, 15807, 15820, 15482, 15528, 17378, 17270, 17197, 28101, 32947, 17297, 16472, 15102], "label": "table"}, {"objectId": 9, "id": 9, "partId": 9, "index": 7, "dominantNormal": [0.9998067021369934, 0.019662275910377502, 4.365902286446733e-18], "obb": {"axesLengths": [1.9419077530377093, 0.5685099236255157, 0.15957578281123816], "centroid": [-0.7633901898882653, 0.48087831645833196, -1.1342549723925852], "normalizedAxes": [-0.019662275910377502, 0.9998067021369934, 2.2200168417740716e-16, 0, -2.220446049250313e-16, 1, 0.9998067021369934, 0.019662275910377502, 4.365902286446733e-18]}, "segments": [20041, 19583, 15333], "label": "wall"}, {"objectId": 10, "id": 10, "partId": 10, "index": 8, "dominantNormal": [0, -2.220446049250313e-16, 1], "obb": {"axesLengths": [0.6837411614496692, 0.35501598518306005, 0.6236409124213949], "centroid": [-0.24692813135672725, 0.9776065557338506, -0.8575919732244646], "normalizedAxes": [0.07937857508659363, 0.9968445301055908, 2.213439498589744e-16, 0, -2.220446049250313e-16, 1, 0.9968445301055908, -0.07937857508659363, -1.7625584344614615e-17]}, "segments": [14789, 1576, 14856, 15265, 29225, 14794, 14975, 15103, 529, 14858, 15104, 15158, 15189, 17095, 17103, 17108, 17647, 29160, 31576, 32724, 33112, 33115, 33119, 29082, 15154], "label": "chair"}, {"objectId": 11, "id": 11, "partId": 11, "index": 9, "dominantNormal": [0.012397455051541328, -0.9999231696128845, -2.2202754515207801e-16], "obb": {"axesLengths": [3.4559422857529056, 2.8244199121500557, 0.6137536268520842], "centroid": [0.8498339537393045, -1.1593821298016664, 0.008779996660794875], "normalizedAxes": [0.9999231696128845, 0.012397455051541328, 2.752788008995328e-18, 0, -2.220446049250313e-16, 1, 0.012397455051541328, -0.9999231696128845, -2.2202754515207801e-16]}, "segments": [6460, 6363, 8791, 13442, 11483, 13139, 12851, 13337, 32445, 32329, 13993, 32368, 19386, 33253, 18048, 36822, 111, 30429, 30144, 29964, 11767, 18517, 29730, 1319, 3008, 3041, 4571, 4987, 4994, 5015, 6412, 6640, 7188, 7664, 8706, 8721, 9602, 9646, 10677, 10689, 10696, 10708, 10710, 10719, 10754, 10780, 10953, 10966, 12782, 13024, 13050, 17866, 25731, 30180, 30209, 31595, 31705, 31948, 31957, 32001, 32012, 32017, 32262, 32395, 32404, 32410, 32514, 32824, 682, 18730, 21766], "label": "wall"}, {"objectId": 12, "id": 12, "partId": 12, "index": 10, "dominantNormal": [0.12352931499481201, -0.9923409223556519, -2.2034394805540188e-16], "obb": {"axesLengths": [0.5554977059978995, 0.6140390497288317, 0.5034367192777573], "centroid": [1.283133224387158, -0.6746400752750196, -1.1100604939447265], "normalizedAxes": [0.9923409223556519, 0.12352931499481201, 2.742901794468278e-17, 0, -2.220446049250313e-16, 1, 0.12352931499481201, -0.9923409223556519, -2.2034394805540188e-16]}, "segments": [5753, 5469, 31766, 11618, 32022, 5407, 1465, 1443, 31750, 5496, 11569, 31740, 5771], "label": "nightstand"}, {"objectId": 13, "id": 13, "partId": 13, "index": 11, "dominantNormal": [0.9879986643791199, -0.15446247160434723, -3.429755848313115e-17], "obb": {"axesLengths": [0.44164319531862517, 0.4834239374825966, 0.3305602928244852], "centroid": [0.6518607751739086, -1.0526405219427926, -1.168287972101096], "normalizedAxes": [0.15446247160434723, 0.9879986643791199, 2.1937977309852027e-16, 0, -2.220446049250313e-16, 1, 0.9879986643791199, -0.15446247160434723, -3.429755848313115e-17]}, "segments": [35927, 21882, 35908, 21726, 21730, 21741, 22036, 26237, 33790, 21885], "label": "backpack"}, {"objectId": 14, "id": 14, "partId": 14, "index": 12, "dominantNormal": [0, -2.220446049250313e-16, 1], "obb": {"axesLengths": [0.9425553440534991, 0.15124499459762103, 0.3295478122430685], "centroid": [-0.645004961970832, -0.5099045872761182, -0.21437749361148484], "normalizedAxes": [0.058055806905031204, 0.9983133673667908, 2.216700972483367e-16, 0, -2.220446049250313e-16, 1, 0.9983133673667908, -0.058055806905031204, -1.2890978707831558e-17]}, "segments": [2313, 2299, 21647, 13090, 31974, 12362, 2320, 12375, 31618, 31965, 33182, 12614], "label": "shelf"}, {"objectId": 15, "id": 15, "partId": 15, "index": 13, "dominantNormal": [0, -2.220446049250313e-16, 1], "obb": {"axesLengths": [0.8652999549938236, 0.16000002264976443, 0.2854025443028578], "centroid": [-0.6692751802601572, 1.1083051060462359, 0.7099999867379632], "normalizedAxes": [-0.04291249439120293, 0.9990788102149963, 2.218400597031592e-16, 0, -2.220446049250313e-16, 1, 0.9990788102149963, 0.04291249439120293, 9.528487863442276e-18]}, "segments": [4204, 4272, 6304, 6238, 6243, 6256, 1029, 2917, 2959, 3939, 4197, 31703, 31844, 31847, 31852, 31855, 31858], "label": "shelf"}, {"objectId": 16, "id": 16, "partId": 16, "index": 14, "dominantNormal": [0, -2.220446049250313e-16, 1], "obb": {"axesLengths": [3.432922502916515, 0.19236003922611378, 2.70303206255163], "centroid": [0.8445957747123329, 0.3098679969958738, 1.3661799664159084], "normalizedAxes": [0.999842643737793, 0.017740339040756226, 3.939146573540825e-18, 0, -2.220446049250313e-16, 1, 0.017740339040756226, -0.999842643737793, -2.2200966481595707e-16]}, "segments": [22000, 30404, 16196, 16322, 14137, 14138, 16312, 21440, 22401, 24072, 24514, 27594, 32508, 32832, 35463, 35645, 35661, 35699, 36379, 36385, 35689, 35533, 27146, 27667], "label": "ceiling"}, {"objectId": 17, "id": 17, "partId": 17, "index": 15, "dominantNormal": [0, -2.220446049250313e-16, 1], "obb": {"axesLengths": [0.5930887220987662, 0.058310030587538364, 0.5847628619941077], "centroid": [0.6562149328583995, 0.26173298970178566, 1.3534649250626911], "normalizedAxes": [0.41629117727279663, 0.9092313647270203, 2.0188991916625826e-16, 0, -2.220446049250313e-16, 1, 0.9092313647270203, -0.41629117727279663, -9.24352099913143e-17]}, "segments": [29841, 2094, 2073, 37099, 37097], "label": "lamp"}, {"objectId": 18, "id": 18, "partId": 18, "index": 16, "dominantNormal": [0.8655294179916382, 0.5008580684661865, 1.1121283193608867e-16], "obb": {"axesLengths": [0.42994841457853605, 0.34242998788289736, 0.2715997469519729], "centroid": [-0.6597740590208819, -0.31858863656500425, -1.2396150011655345], "normalizedAxes": [-0.5008580684661865, 0.8655294179916382, 1.9218613766894559e-16, 0, -2.220446049250313e-16, 1, 0.8655294179916382, 0.5008580684661865, 1.1121283193608867e-16]}, "segments": [32857, 15670, 32904, 16469, 32790, 15303, 17989, 18083, 32766, 32899, 20217], "label": "trash can"}, {"objectId": 19, "id": 19, "partId": 19, "index": 17, "dominantNormal": [0.9030290842056274, 0.42957940697669983, 9.538578970607055e-17], "obb": {"axesLengths": [0.7208853579653541, 0.5651100151588758, 0.49003405810086903], "centroid": [-0.5871029000218371, -0.6307204664104149, -1.1125549780751427], "normalizedAxes": [-0.42957937717437744, 0.9030290842056274, 2.0051273623825137e-16, 0, -2.220446049250313e-16, 1, 0.9030290842056274, 0.42957937717437744, 9.538578308862565e-17]}, "segments": [16442, 15217, 15615, 18533, 32805, 16001], "label": "stand"}, {"objectId": 21, "id": 21, "partId": 21, "index": 18, "dominantNormal": [0.9994022846221924, -0.03456953912973404, -7.675979658502205e-18], "obb": {"axesLengths": [0.6505237329442461, 0.45281900943475173, 0.3319156365470222], "centroid": [-0.7058780105408232, 1.2139064563534812, -0.4435905027332079], "normalizedAxes": [0.03456953912973404, 0.9994022846221924, 2.219118854501084e-16, 0, -2.220446049250313e-16, 1, 0.9994022846221924, -0.03456953912973404, -7.675979658502205e-18]}, "segments": [26150, 34957, 22221, 34922, 35051, 24831, 34489, 34323, 34506, 34187, 25331, 2099, 13165, 14330, 14343, 14491, 14493, 14776, 20935, 20994, 21011, 22178, 24020, 24023, 24039, 24282, 24326, 24344, 24352, 24771, 24827, 24835, 24890, 24914, 25020, 25031, 25087, 25116, 25125, 25149, 25152, 25157, 25234, 25363, 25405, 25413, 25473, 33158, 33413, 33825, 34099, 34102, 34114, 34115, 34178, 34183, 34251, 34253, 34990, 34995, 35002], "label": "monitor"}, {"objectId": 22, "id": 22, "partId": 22, "index": 19, "dominantNormal": [0.9999929666519165, -0.0037582756485790014, -8.345048315880902e-19], "obb": {"axesLengths": [0.5602545647705257, 0.4691899910005179, 0.180635357182925], "centroid": [-0.7003942697101513, 0.6097912660672273, -0.4245949946061929], "normalizedAxes": [0.0037582756485790014, 0.9999929666519165, 2.220430432080348e-16, 0, -2.220446049250313e-16, 1, 0.9999929666519165, -0.0037582756485790014, -8.345048315880902e-19]}, "segments": [4069, 33152, 20579, 20615, 20638, 11354, 24556, 10704, 10931, 14548, 31607], "label": "lamp"}, {"objectId": 23, "id": 23, "partId": 23, "index": 20, "dominantNormal": [0, -2.220446049250313e-16, 1], "obb": {"axesLengths": [2.4528799952126636, 0.12000000208616274, 0.4345844727376065], "centroid": [-0.5695528990972075, 0.2954356669187709, 0.20999999791383406], "normalizedAxes": [0.005061962176114321, 0.9999871850013733, 2.2204175942372413e-16, 0, -2.220446049250313e-16, 1, 0.9999871850013733, -0.005061962176114321, -1.1239813915407561e-18]}, "segments": [3440, 32040, 32044, 27245, 1991, 1968, 3667, 4715, 32080, 32116, 22020], "label": "shelf"}, {"objectId": 25, "id": 25, "partId": 25, "index": 21, "dominantNormal": [0, -2.220446049250313e-16, 1], "obb": {"axesLengths": [0.8978296929842714, 0.13592999869741496, 0.47139945382883813], "centroid": [2.07306847511808, -0.7047235059105054, -0.8900320090346368], "normalizedAxes": [0.9922813177108765, -0.12400707602500916, -2.753510220388148e-17, 0, -2.220446049250313e-16, 1, -0.12400707602500916, -0.9922813177108765, -2.2033071316560104e-16]}, "segments": [7024, 7219, 7429], "label": "pillow"}, {"objectId": 26, "id": 26, "partId": 26, "index": 22, "dominantNormal": [0, -2.220446049250313e-16, 1], "obb": {"axesLengths": [1.119961472321697, 0.24823396843148826, 0.5830249878615386], "centroid": [2.163196386605635, 0.6709778530447141, -0.8092969830491352], "normalizedAxes": [-0.5185701847076416, 0.8550350666046143, 1.898559235612694e-16, 0, -2.220446049250313e-16, 1, 0.8550350666046143, 0.5185701847076416, 1.151457117893088e-16]}, "segments": [28797, 14201, 1714, 23861, 2545, 2548, 2630, 2667, 3772, 35305, 2714, 35449, 28735, 4350, 35341, 35350, 23814, 2754, 2833, 23807, 23915, 35327, 35329], "label": "blanket"}], "scan_id": "1d234010-e280-2b1a-8da8-205855a16b6b", "annId": "6512", "appId": "stk.v1"}